data/zism_data/00682_01_D.txt
ncols         224
nrows         224
[rows 145 to 173 of 224, columns 128 to 191 of 224]
1360.649 1354.585 1348.521 1341.113 1332.673 1324.232 1315.791 1307.484 1308.246 1309.008 1309.77 1310.532 1314.968 1323.652 1332.337 1341.021 1349.706 1352.512 1354.758 1357.004 1359.25 1359.896 1357.725 1355.555 1353.385 1351.214 1347.801 1344.099 1340.397 1336.695 1332.699 1327.868 1323.038 1318.208 1313.378 1310.056 1307.35 1304.645 1301.939 1299.715 1300.033 1300.35 1300.668 1300.985 1301.157 1301.236 1301.314 1301.392 1301.449 1301.156 1300.863 1300.569 1300.276 1299.995 1299.726 1299.457 1299.188 1298.919 1298.019 1297.09 1296.161 1295.232 1293.262 1289.768
1365.735 1359.928 1354.122 1346.408 1337.227 1328.046 1318.865 1309.828 1310.623 1311.417 1312.211 1313.005 1317.827 1327.305 1336.784 1346.262 1355.741 1358.493 1360.605 1362.717 1364.829 1365.109 1362.167 1359.224 1356.281 1353.338 1349.591 1345.659 1341.726 1337.793 1333.579 1328.566 1323.553 1318.541 1313.528 1310.024 1307.136 1304.248 1301.36 1298.991 1299.362 1299.734 1300.105 1300.476 1300.705 1300.842 1300.98 1301.117 1301.225 1300.851 1300.477 1300.104 1299.73 1299.314 1298.857 1298.4 1297.943 1297.486 1296.244 1294.967 1293.689 1292.411 1289.897 1285.572
1370.821 1365.272 1359.724 1351.703 1341.782 1331.86 1321.939 1312.173 1312.999 1313.826 1314.652 1315.478 1320.685 1330.958 1341.231 1351.503 1361.776 1364.475 1366.453 1368.43 1370.408 1370.323 1366.608 1362.892 1359.177 1355.461 1351.382 1347.219 1343.055 1338.892 1334.459 1329.264 1324.069 1318.874 1313.679 1309.992 1306.922 1303.851 1300.781 1298.267 1298.692 1299.117 1299.542 1299.967 1300.253 1300.449 1300.645 1300.842 1301.0 1300.546 1300.092 1299.638 1299.183 1298.633 1297.988 1297.343 1296.699 1296.054 1294.47 1292.844 1291.217 1289.591 1286.532 1281.375
1375.908 1370.616 1365.325 1356.998 1346.336 1335.674 1325.012 1314.517 1315.376 1316.234 1317.093 1317.951 1323.544 1334.611 1345.677 1356.744 1367.811 1370.456 1372.3 1374.144 1375.987 1375.537 1371.049 1366.561 1362.073 1357.584 1353.172 1348.778 1344.384 1339.99 1335.339 1329.962 1324.584 1319.207 1313.829 1309.96 1306.707 1303.454 1300.202 1297.543 1298.022 1298.5 1298.979 1299.457 1299.8 1300.055 1300.311 1300.566 1300.776 1300.241 1299.706 1299.172 1298.637 1297.951 1297.119 1296.286 1295.454 1294.622 1292.696 1290.721 1288.746 1286.77 1283.167 1277.178
1380.192 1375.444 1370.696 1362.508 1351.673 1340.838 1330.004 1319.339 1320.216 1321.093 1321.97 1322.847 1328.504 1339.689 1350.873 1362.057 1373.241 1375.606 1377.131 1378.656 1380.18 1379.267 1374.063 1368.858 1363.654 1358.45 1353.618 1348.872 1344.127 1339.382 1334.467 1329.075 1323.682 1318.289 1312.896 1309.034 1305.797 1302.56 1299.323 1296.672 1297.113 1297.554 1297.995 1298.435 1298.732 1298.935 1299.139 1299.342 1299.491 1298.752 1298.012 1297.273 1296.533 1295.592 1294.455 1293.318 1292.181 1291.044 1288.904 1286.718 1284.532 1282.346 1278.422 1271.954
1383.065 1379.363 1375.661 1368.395 1358.387 1348.378 1338.37 1328.519 1329.391 1330.262 1331.134 1332.006 1337.163 1347.274 1357.385 1367.496 1377.608 1379.291 1380.172 1381.053 1381.934 1380.386 1374.565 1368.744 1362.922 1357.101 1351.696 1346.387 1341.078 1335.769 1330.512 1325.398 1320.284 1315.17 1310.056 1306.534 1303.662 1300.79 1297.918 1295.542 1295.784 1296.026 1296.269 1296.511 1296.579 1296.536 1296.493 1296.45 1296.341 1295.178 1294.015 1292.851 1291.688 1290.279 1288.633 1286.986 1285.34 1283.693 1281.561 1279.407 1277.254 1275.1 1271.252 1264.923
1385.938 1383.283 1380.627 1374.282 1365.1 1355.918 1346.736 1337.7 1338.566 1339.432 1340.299 1341.165 1345.822 1354.86 1363.898 1372.936 1381.974 1382.976 1383.213 1383.45 1383.687 1381.506 1375.067 1368.629 1362.191 1355.752 1349.773 1343.901 1338.029 1332.157 1326.556 1321.721 1316.886 1312.051 1307.217 1304.035 1301.527 1299.02 1296.512 1294.411 1294.455 1294.499 1294.543 1294.586 1294.427 1294.137 1293.847 1293.557 1293.192 1291.604 1290.017 1288.43 1286.842 1284.966 1282.81 1280.654 1278.498 1276.341 1274.218 1272.097 1269.975 1267.854 1264.081 1257.892
1388.811 1387.202 1385.592 1380.17 1371.814 1363.458 1355.102 1346.88 1347.741 1348.602 1349.463 1350.324 1354.48 1362.445 1370.41 1378.375 1386.34 1386.661 1386.254 1385.848 1385.441 1382.625 1375.57 1368.514 1361.459 1354.404 1347.851 1341.416 1334.98 1328.545 1322.6 1318.044 1313.488 1308.932 1304.377 1301.535 1299.392 1297.249 1295.107 1293.281 1293.126 1292.972 1292.817 1292.662 1292.275 1291.738 1291.201 1290.664 1290.042 1288.03 1286.019 1284.008 1281.997 1279.654 1276.988 1274.322 1271.656 1268.99 1266.875 1264.786 1262.697 1260.607 1256.911 1250.861
1391.684 1391.121 1390.558 1386.057 1378.527 1370.998 1363.468 1356.06 1356.916 1357.772 1358.627 1359.483 1363.138 1370.03 1376.922 1383.814 1390.706 1390.346 1389.296 1388.245 1387.194 1383.744 1376.072 1368.4 1360.727 1353.055 1345.929 1338.93 1331.931 1324.933 1318.644 1314.367 1310.09 1305.814 1301.537 1299.035 1297.257 1295.479 1293.701 1292.151 1291.797 1291.444 1291.091 1290.738 1290.122 1289.339 1288.555 1287.771 1286.892 1284.457 1282.022 1279.587 1277.152 1274.341 1271.165 1267.99 1264.814 1261.638 1259.532 1257.475 1255.418 1253.361 1249.74 1243.83
1392.823 1392.684 1392.544 1388.805 1382.298 1375.791 1369.283 1362.883 1363.782 1364.68 1365.578 1366.476 1369.649 1375.45 1381.252 1387.053 1392.855 1391.991 1390.492 1388.994 1387.495 1383.708 1375.893 1368.078 1360.264 1352.449 1345.246 1338.184 1331.123 1324.061 1317.779 1313.703 1309.626 1305.55 1301.474 1299.101 1297.422 1295.743 1294.065 1292.544 1291.858 1291.171 1290.484 1289.797 1288.7 1287.338 1285.977 1284.615 1283.15 1280.0 1276.849 1273.698 1270.548 1267.27 1263.867 1260.465 1257.063 1253.66 1251.933 1250.283 1248.633 1246.982 1243.806 1238.397
1393.56 1393.699 1393.839 1390.825 1385.385 1379.946 1374.506 1369.159 1370.111 1371.063 1372.015 1372.966 1375.66 1380.367 1385.074 1389.781 1394.488 1393.162 1391.261 1389.36 1387.459 1383.403 1375.556 1367.709 1359.862 1352.016 1344.85 1337.842 1330.834 1323.826 1317.631 1313.737 1309.844 1305.95 1302.056 1299.762 1298.121 1296.48 1294.839 1293.292 1292.24 1291.189 1290.137 1289.086 1287.447 1285.431 1283.415 1281.399 1279.271 1275.338 1271.404 1267.47 1263.536 1259.79 1256.227 1252.663 1249.1 1245.537 1244.275 1243.119 1241.962 1240.805 1238.16 1233.335
1394.297 1394.715 1395.133 1392.844 1388.472 1384.1 1379.729 1375.435 1376.44 1377.446 1378.451 1379.457 1381.671 1385.284 1388.896 1392.509 1396.122 1394.333 1392.029 1389.726 1387.422 1383.099 1375.219 1367.34 1359.461 1351.582 1344.454 1337.5 1330.545 1323.591 1317.483 1313.772 1310.061 1306.349 1302.638 1300.424 1298.82 1297.217 1295.613 1294.04 1292.623 1291.207 1289.79 1288.374 1286.194 1283.523 1280.853 1278.182 1275.393 1270.675 1265.958 1261.241 1256.524 1252.31 1248.586 1244.862 1241.138 1237.413 1236.617 1235.954 1235.291 1234.627 1232.513 1228.273
1395.034 1395.731 1396.428 1394.864 1391.56 1388.255 1384.951 1381.71 1382.77 1383.829 1384.888 1385.947 1387.683 1390.201 1392.719 1395.237 1397.755 1395.503 1392.798 1390.092 1387.386 1382.794 1374.883 1366.971 1359.06 1351.149 1344.058 1337.157 1330.257 1323.356 1317.335 1313.807 1310.278 1306.749 1303.22 1301.085 1299.519 1297.953 1296.387 1294.787 1293.006 1291.225 1289.443 1287.662 1284.941 1281.616 1278.291 1274.965 1271.514 1266.013 1260.513 1255.012 1249.512 1244.831 1240.946 1237.06 1233.175 1229.29 1228.959 1228.789 1228.62 1228.45 1226.866 1223.211
1395.753 1396.621 1397.489 1396.503 1394.09 1391.678 1389.265 1386.902 1387.925 1388.948 1389.972 1390.995 1392.269 1393.834 1395.399 1396.964 1398.529 1395.766 1392.59 1389.415 1386.239 1381.376 1373.543 1365.711 1357.878 1350.045 1343.167 1336.51 1329.854 1323.197 1317.403 1314.053 1310.702 1307.351 1304.001 1301.937 1300.399 1298.861 1297.323 1295.713 1293.73 1291.746 1289.762 1287.779 1284.712 1280.949 1277.186 1273.423 1269.518 1263.304 1257.091 1250.877 1244.663 1239.448 1235.203 1230.958 1226.713 1222.468 1222.391 1222.504 1222.617 1222.729 1221.548 1218.472
1396.421 1397.155 1397.89 1397.067 1395.045 1393.024 1391.003 1389.022 1389.755 1390.489 1391.222 1391.956 1392.819 1393.831 1394.843 1395.856 1396.868 1393.454 1389.619 1385.783 1381.948 1376.806 1369.365 1361.924 1354.482 1347.041 1340.872 1334.999 1329.126 1323.253 1318.081 1314.897 1311.713 1308.528 1305.344 1303.329 1301.791 1300.252 1298.714 1297.146 1295.42 1293.694 1291.968 1290.241 1287.383 1283.797 1280.212 1276.626 1272.858 1266.129 1259.4 1252.671 1245.942 1240.005 1234.837 1229.67 1224.502 1219.334 1218.914 1218.711 1218.507 1218.303 1217.162 1214.649
1397.089 1397.69 1398.29 1397.63 1396.0 1394.371 1392.741 1391.142 1391.586 1392.03 1392.473 1392.917 1393.368 1393.828 1394.288 1394.747 1395.207 1391.143 1386.647 1382.152 1377.656 1372.235 1365.186 1358.136 1351.087 1344.037 1338.578 1333.488 1328.399 1323.309 1318.76 1315.742 1312.724 1309.706 1306.688 1304.721 1303.182 1301.644 1300.106 1298.579 1297.11 1295.642 1294.173 1292.704 1290.055 1286.646 1283.237 1279.828 1276.197 1268.953 1261.709 1254.465 1247.221 1240.563 1234.472 1228.381 1222.291 1216.2 1215.438 1214.917 1214.397 1213.876 1212.776 1210.827
1397.758 1398.224 1398.69 1398.193 1396.955 1395.717 1394.48 1393.262 1393.416 1393.57 1393.724 1393.878 1393.918 1393.825 1393.732 1393.639 1393.546 1388.831 1383.676 1378.52 1373.365 1367.665 1361.007 1354.349 1347.692 1341.034 1336.284 1331.978 1327.671 1323.365 1319.438 1316.586 1313.734 1310.883 1308.031 1306.112 1304.574 1303.036 1301.498 1300.012 1298.801 1297.589 1296.378 1295.167 1292.726 1289.494 1286.263 1283.031 1279.537 1271.778 1264.019 1256.26 1248.501 1241.12 1234.106 1227.093 1220.08 1213.066 1211.961 1211.124 1210.287 1209.45 1208.39 1207.004
1398.426 1398.758 1399.09 1398.756 1397.91 1397.064 1396.218 1395.382 1395.246 1395.111 1394.975 1394.839 1394.467 1393.822 1393.176 1392.531 1391.885 1386.519 1380.704 1374.889 1369.073 1363.095 1356.829 1350.562 1344.296 1338.03 1333.99 1330.467 1326.944 1323.42 1320.116 1317.431 1314.745 1312.06 1309.375 1307.504 1305.966 1304.428 1302.89 1301.445 1300.491 1299.537 1298.584 1297.63 1295.398 1292.343 1289.288 1286.234 1282.876 1274.602 1266.328 1258.054 1249.78 1241.677 1233.741 1225.805 1217.869 1209.932 1208.484 1207.33 1206.177 1205.023 1204.004 1203.181
1398.803 1399.035 1399.267 1398.915 1398.114 1397.313 1396.512 1395.714 1395.132 1394.551 1393.969 1393.387 1392.477 1391.188 1389.898 1388.609 1387.319 1381.416 1375.074 1368.733 1362.391 1356.244 1350.442 1344.64 1338.838 1333.036 1329.716 1326.972 1324.229 1321.485 1318.841 1316.478 1314.115 1311.753 1309.39 1307.724 1306.342 1304.96 1303.578 1302.284 1301.454 1300.625 1299.796 1298.966 1297.034 1294.392 1291.751 1289.11 1286.175 1278.472 1270.768 1263.065 1255.362 1247.231 1238.684 1230.137 1221.591 1213.044 1210.651 1208.536 1206.422 1204.308 1202.78 1202.109
1399.061 1399.207 1399.353 1398.909 1398.012 1397.114 1396.216 1395.316 1394.224 1393.133 1392.042 1390.95 1389.451 1387.48 1385.509 1383.538 1381.567 1375.174 1368.36 1361.546 1354.732 1348.464 1343.155 1337.847 1332.538 1327.229 1324.634 1322.668 1320.703 1318.737 1316.768 1314.792 1312.816 1310.839 1308.863 1307.465 1306.303 1305.141 1303.979 1302.881 1302.121 1301.362 1300.602 1299.842 1298.248 1296.116 1293.984 1291.853 1289.457 1282.767 1276.078 1269.389 1262.7 1254.823 1245.794 1236.764 1227.735 1218.706 1215.121 1211.783 1208.446 1205.108 1202.847 1202.16
1399.319 1399.379 1399.439 1398.904 1397.909 1396.915 1395.921 1394.918 1393.317 1391.716 1390.115 1388.513 1386.425 1383.772 1381.12 1378.468 1375.815 1368.932 1361.646 1354.36 1347.073 1340.683 1335.868 1331.053 1326.238 1321.423 1319.552 1318.364 1317.176 1315.989 1314.696 1313.106 1311.516 1309.926 1308.336 1307.206 1306.264 1305.322 1304.38 1303.478 1302.788 1302.098 1301.408 1300.718 1299.461 1297.839 1296.217 1294.595 1292.739 1287.063 1281.388 1275.713 1270.038 1262.416 1252.904 1243.391 1233.879 1224.367 1219.591 1215.03 1210.469 1205.908 1202.913 1202.21
1399.577 1399.551 1399.526 1398.898 1397.807 1396.716 1395.625 1394.52 1392.409 1390.298 1388.187 1386.077 1383.399 1380.065 1376.731 1373.397 1370.064 1362.69 1354.932 1347.173 1339.415 1332.902 1328.58 1324.259 1319.938 1315.617 1314.47 1314.06 1313.65 1313.241 1312.624 1311.42 1310.216 1309.013 1307.809 1306.947 1306.225 1305.503 1304.781 1304.075 1303.455 1302.835 1302.215 1301.594 1300.675 1299.563 1298.45 1297.338 1296.02 1291.359 1286.698 1282.037 1277.376 1270.009 1260.014 1250.018 1240.023 1230.028 1224.061 1218.277 1212.493 1206.708 1202.98 1202.261
1399.79 1399.69 1399.591 1398.888 1397.721 1396.554 1395.387 1394.2 1391.637 1389.074 1386.511 1383.948 1380.737 1376.779 1372.82 1368.861 1364.902 1357.153 1349.042 1340.931 1332.82 1326.225 1322.298 1318.372 1314.445 1310.518 1309.973 1310.214 1310.455 1310.696 1310.654 1309.812 1308.969 1308.127 1307.285 1306.665 1306.135 1305.606 1305.077 1304.543 1303.984 1303.425 1302.866 1302.307 1301.661 1300.96 1300.26 1299.559 1298.674 1294.792 1290.911 1287.029 1283.148 1275.953 1265.54 1255.127 1244.714 1234.301 1227.443 1220.747 1214.051 1207.355 1203.132 1202.531
1399.767 1399.657 1399.547 1398.858 1397.723 1396.588 1395.453 1394.296 1391.582 1388.869 1386.156 1383.442 1380.0 1375.714 1371.428 1367.142 1362.856 1355.332 1347.5 1339.668 1331.837 1325.373 1321.317 1317.262 1313.206 1309.15 1308.564 1308.784 1309.003 1309.222 1309.225 1308.613 1308.002 1307.39 1306.779 1306.26 1305.779 1305.297 1304.816 1304.325 1303.782 1303.24 1302.697 1302.154 1301.449 1300.641 1299.833 1299.025 1298.012 1293.675 1289.337 1285.0 1280.662 1273.205 1262.717 1252.228 1241.74 1231.252 1225.089 1219.123 1213.156 1207.19 1203.736 1203.962
1399.744 1399.624 1399.503 1398.827 1397.724 1396.622 1395.519 1394.391 1391.528 1388.664 1385.8 1382.937 1379.262 1374.648 1370.035 1365.422 1360.809 1353.512 1345.959 1338.406 1330.853 1324.521 1320.336 1316.152 1311.967 1307.783 1307.155 1307.353 1307.551 1307.749 1307.796 1307.415 1307.034 1306.653 1306.272 1305.855 1305.422 1304.989 1304.556 1304.108 1303.581 1303.055 1302.528 1302.001 1301.238 1300.322 1299.407 1298.491 1297.351 1292.557 1287.764 1282.97 1278.177 1270.456 1259.893 1249.33 1238.767 1228.203 1222.735 1217.498 1212.262 1207.025 1204.34 1205.392
1399.722 1399.59 1399.458 1398.796 1397.726 1396.656 1395.585 1394.487 1391.473 1388.459 1385.445 1382.431 1378.524 1373.583 1368.643 1363.703 1358.762 1351.691 1344.417 1337.143 1329.87 1323.668 1319.355 1315.042 1310.729 1306.416 1305.746 1305.922 1306.099 1306.275 1306.366 1306.216 1306.066 1305.916 1305.766 1305.449 1305.065 1304.68 1304.296 1303.891 1303.38 1302.87 1302.359 1301.848 1301.026 1300.003 1298.98 1297.958 1296.69 1291.44 1286.191 1280.941 1275.691 1267.708 1257.07 1246.431 1235.793 1225.155 1220.381 1215.874 1211.367 1206.86 1204.944 1206.822
1399.699 1399.557 1399.414 1398.766 1397.728 1396.689 1395.651 1394.582 1391.418 1388.254 1385.09 1381.926 1377.786 1372.518 1367.251 1361.983 1356.715 1349.87 1342.876 1335.881 1328.886 1322.816 1318.374 1313.932 1309.49 1305.048 1304.337 1304.492 1304.647 1304.802 1304.937 1305.018 1305.098 1305.179 1305.26 1305.044 1304.708 1304.372 1304.035 1303.674 1303.179 1302.685 1302.19 1301.695 1300.814 1299.684 1298.554 1297.424 1296.029 1290.323 1284.617 1278.912 1273.206 1264.96 1254.246 1243.533 1232.819 1222.106 1218.027 1214.25 1210.472 1206.695 1205.548 1208.252
1399.731 1399.605 1399.478 1398.876 1397.909 1396.943 1395.976 1394.977 1391.763 1388.55 1385.337 1382.124 1377.852 1372.355 1366.858 1361.361 1355.864 1349.26 1342.55 1335.841 1329.132 1323.202 1318.644 1314.087 1309.529 1304.971 1304.048 1303.97 1303.891 1303.812 1303.808 1304.014 1304.221 1304.428 1304.635 1304.458 1304.124 1303.791 1303.457 1303.073 1302.425 1301.776 1301.128 1300.48 1299.167 1297.426 1295.686 1293.946 1291.936 1285.556 1279.175 1272.795 1266.414 1258.261 1248.387 1238.513 1228.639 1218.765 1215.92 1213.395 1210.87 1208.345 1208.426 1212.322
1399.8 1399.705 1399.61 1399.077 1398.207 1397.337 1396.467 1395.563 1392.366 1389.169 1385.972 1382.775 1378.434 1372.771 1367.107 1361.444 1355.78 1349.427 1343.007 1336.587 1330.168 1324.384 1319.719 1315.054 1310.389 1305.724 1304.48 1304.031 1303.582 1303.133 1302.871 1303.137 1303.402 1303.668 1303.934 1303.755 1303.395 1303.034 1302.674 1302.225 1301.314 1300.403 1299.492 1298.58 1296.596 1293.922 1291.248 1288.574 1285.638 1278.442 1271.246 1264.05 1256.854 1249.024 1240.577 1232.129 1223.682 1215.235 1213.972 1213.035 1212.098 1211.161 1212.765 1218.088
