data/zism_data/00680_03_D.txt
ncols         224
nrows         224
[rows 56 to 83 of 224, columns 0 to 63 of 224]
1200.447 1200.685 1200.922 1201.159 1201.316 1201.261 1201.207 1201.152 1201.097 1200.906 1200.668 1200.429 1200.19 1200.436 1202.585 1204.734 1206.882 1209.031 1212.561 1216.78 1221.0 1225.22 1229.201 1231.587 1233.973 1236.359 1238.745 1238.278 1235.862 1233.446 1231.03 1228.579 1225.561 1222.544 1219.526 1216.509 1214.032 1212.05 1210.069 1208.087 1206.105 1205.107 1204.122 1203.138 1202.154 1201.469 1201.151 1200.833 1200.515 1200.198 1200.136 1200.098 1200.061 1200.023 1200.0 1200.0 1200.0 1200.0 1200.0 1200.863 1201.889 1202.916 1203.942 1205.483
1200.284 1200.592 1200.899 1201.206 1201.409 1201.339 1201.268 1201.197 1201.126 1200.927 1200.683 1200.439 1200.195 1200.441 1202.617 1204.793 1206.968 1209.144 1212.848 1217.315 1221.782 1226.25 1230.458 1232.941 1235.424 1237.907 1240.39 1239.719 1236.894 1234.069 1231.244 1228.371 1224.724 1221.077 1217.43 1213.783 1210.948 1208.859 1206.77 1204.68 1202.591 1202.073 1201.579 1201.084 1200.59 1200.288 1200.223 1200.159 1200.094 1200.029 1200.019 1200.014 1200.008 1200.003 1200.0 1200.0 1200.0 1200.0 1200.0 1200.953 1202.087 1203.221 1204.355 1206.017
1200.484 1200.93 1201.375 1201.82 1202.145 1202.152 1202.16 1202.168 1202.176 1202.024 1201.815 1201.607 1201.398 1201.725 1204.159 1206.592 1209.025 1211.459 1215.226 1219.661 1224.095 1228.53 1232.668 1234.837 1237.005 1239.173 1241.341 1240.245 1236.921 1233.596 1230.271 1226.92 1223.131 1219.343 1215.555 1211.767 1208.997 1207.162 1205.327 1203.492 1201.657 1201.296 1200.957 1200.617 1200.278 1200.082 1200.062 1200.042 1200.022 1200.002 1200.0 1200.0 1200.0 1200.0 1200.0 1200.0 1200.0 1200.0 1200.0 1201.017 1202.227 1203.437 1204.647 1206.409
1200.753 1201.349 1201.945 1202.541 1203.001 1203.106 1203.211 1203.316 1203.421 1203.326 1203.16 1202.994 1202.829 1203.251 1205.986 1208.721 1211.456 1214.19 1218.001 1222.349 1226.698 1231.046 1235.059 1236.834 1238.609 1240.384 1242.16 1240.597 1236.756 1232.915 1229.073 1225.232 1221.395 1217.559 1213.722 1209.885 1207.261 1205.749 1204.237 1202.725 1201.213 1200.947 1200.699 1200.451 1200.203 1200.06 1200.045 1200.03 1200.016 1200.001 1200.0 1200.0 1200.0 1200.0 1200.0 1200.0 1200.0 1200.0 1200.0 1201.076 1202.356 1203.636 1204.916 1206.774
1201.022 1201.769 1202.515 1203.262 1203.858 1204.06 1204.262 1204.463 1204.665 1204.627 1204.505 1204.382 1204.259 1204.778 1207.814 1210.85 1213.886 1216.922 1220.776 1225.038 1229.3 1233.563 1237.449 1238.832 1240.214 1241.596 1242.978 1240.95 1236.591 1232.233 1227.875 1223.545 1219.659 1215.774 1211.889 1208.004 1205.525 1204.336 1203.147 1201.958 1200.769 1200.597 1200.441 1200.284 1200.128 1200.038 1200.028 1200.019 1200.01 1200.001 1200.0 1200.0 1200.0 1200.0 1200.0 1200.0 1200.0 1200.0 1200.0 1201.135 1202.485 1203.835 1205.185 1207.138
1201.291 1202.188 1203.085 1203.983 1204.715 1205.014 1205.312 1205.611 1205.91 1205.929 1205.849 1205.77 1205.69 1206.304 1209.641 1212.979 1216.317 1219.654 1223.551 1227.727 1231.903 1236.079 1239.84 1240.829 1241.818 1242.808 1243.797 1241.302 1236.427 1231.552 1226.677 1221.857 1217.923 1213.99 1210.056 1206.123 1203.789 1202.923 1202.057 1201.191 1200.325 1200.248 1200.183 1200.118 1200.053 1200.016 1200.012 1200.008 1200.004 1200.0 1200.0 1200.0 1200.0 1200.0 1200.0 1200.0 1200.0 1200.0 1200.0 1201.194 1202.614 1204.034 1205.453 1207.503
1201.834 1202.854 1203.874 1204.894 1205.757 1206.209 1206.661 1207.112 1207.564 1207.727 1207.789 1207.851 1207.913 1208.677 1212.199 1215.721 1219.243 1222.765 1226.586 1230.555 1234.525 1238.495 1242.022 1242.598 1243.174 1243.751 1244.327 1241.388 1236.05 1230.711 1225.373 1220.118 1216.23 1212.341 1208.453 1204.564 1202.394 1201.797 1201.201 1200.605 1200.009 1200.0 1200.0 1200.0 1200.0 1200.0 1200.0 1200.0 1200.0 1200.0 1200.0 1200.0 1200.0 1200.0 1200.011 1200.039 1200.067 1200.095 1200.123 1201.398 1202.91 1204.422 1205.933 1208.073
1203.05 1204.124 1205.197 1206.271 1207.253 1207.996 1208.738 1209.48 1210.223 1210.745 1211.188 1211.632 1212.076 1213.124 1216.544 1219.964 1223.383 1226.803 1230.256 1233.725 1237.195 1240.664 1243.695 1243.809 1243.922 1244.035 1244.148 1240.824 1235.151 1229.479 1223.807 1218.254 1214.64 1211.026 1207.412 1203.798 1201.832 1201.376 1200.919 1200.463 1200.007 1200.0 1200.0 1200.0 1200.0 1200.0 1200.0 1200.0 1200.0 1200.0 1200.0 1200.0 1200.0 1200.0 1200.047 1200.172 1200.297 1200.422 1200.547 1201.96 1203.617 1205.274 1206.931 1209.142
1204.266 1205.393 1206.521 1207.648 1208.75 1209.782 1210.815 1211.848 1212.881 1213.761 1214.588 1215.414 1216.24 1217.571 1220.889 1224.206 1227.524 1230.841 1233.926 1236.895 1239.864 1242.833 1245.369 1245.019 1244.669 1244.32 1243.97 1240.259 1234.253 1228.247 1222.241 1216.39 1213.051 1209.711 1206.372 1203.032 1201.27 1200.954 1200.637 1200.321 1200.005 1200.0 1200.0 1200.0 1200.0 1200.0 1200.0 1200.0 1200.0 1200.0 1200.0 1200.0 1200.0 1200.0 1200.084 1200.305 1200.527 1200.749 1200.971 1202.521 1204.324 1206.126 1207.929 1210.211
1205.481 1206.662 1207.844 1209.025 1210.246 1211.569 1212.893 1214.217 1215.54 1216.779 1217.987 1219.195 1220.403 1222.019 1225.234 1228.449 1231.664 1234.88 1237.597 1240.065 1242.533 1245.001 1247.042 1246.229 1245.417 1244.604 1243.792 1239.695 1233.355 1227.016 1220.676 1214.526 1211.461 1208.396 1205.331 1202.266 1200.708 1200.532 1200.355 1200.179 1200.003 1200.0 1200.0 1200.0 1200.0 1200.0 1200.0 1200.0 1200.0 1200.0 1200.0 1200.0 1200.0 1200.0 1200.12 1200.439 1200.758 1201.076 1201.395 1203.083 1205.031 1206.979 1208.926 1211.28
1206.697 1207.932 1209.167 1210.402 1211.742 1213.356 1214.97 1216.585 1218.199 1219.796 1221.386 1222.976 1224.567 1226.466 1229.579 1232.692 1235.805 1238.918 1241.267 1243.235 1245.203 1247.17 1248.715 1247.439 1246.164 1244.889 1243.613 1239.13 1232.457 1225.784 1219.11 1212.662 1209.871 1207.081 1204.291 1201.5 1200.147 1200.11 1200.073 1200.037 1200.0 1200.0 1200.0 1200.0 1200.0 1200.0 1200.0 1200.0 1200.0 1200.0 1200.0 1200.0 1200.0 1200.0 1200.157 1200.572 1200.988 1201.403 1201.819 1203.645 1205.738 1207.831 1209.924 1212.349
1208.183 1209.472 1210.761 1212.05 1213.464 1215.205 1216.947 1218.689 1220.431 1222.19 1223.956 1225.722 1227.487 1229.478 1232.354 1235.229 1238.104 1240.98 1243.001 1244.596 1246.19 1247.785 1248.967 1247.404 1245.841 1244.277 1242.714 1238.148 1231.531 1224.913 1218.296 1211.908 1209.249 1206.59 1203.931 1201.272 1200.0 1200.0 1200.0 1200.0 1200.0 1200.0 1200.0 1200.0 1200.0 1200.004 1200.011 1200.02 1200.027 1200.035 1200.072 1200.112 1200.152 1200.192 1200.432 1201.004 1201.577 1202.149 1202.721 1204.637 1206.807 1208.978 1211.149 1213.587
1209.765 1211.108 1212.451 1213.793 1215.265 1217.077 1218.889 1220.701 1222.512 1224.366 1226.234 1228.102 1229.97 1231.984 1234.574 1237.164 1239.755 1242.345 1244.052 1245.318 1246.584 1247.85 1248.718 1246.928 1245.139 1243.35 1241.561 1237.018 1230.594 1224.171 1217.747 1211.547 1208.969 1206.39 1203.812 1201.233 1200.0 1200.0 1200.0 1200.0 1200.0 1200.0 1200.0 1200.0 1200.0 1200.008 1200.027 1200.046 1200.065 1200.083 1200.17 1200.264 1200.358 1200.451 1200.792 1201.542 1202.292 1203.042 1203.791 1205.781 1208.005 1210.23 1212.454 1214.884
1211.347 1212.743 1214.14 1215.537 1217.067 1218.949 1220.83 1222.712 1224.594 1226.541 1228.511 1230.482 1232.452 1234.49 1236.795 1239.1 1241.405 1243.709 1245.103 1246.041 1246.978 1247.916 1248.469 1246.453 1244.438 1242.422 1240.407 1235.888 1229.658 1223.428 1217.199 1211.185 1208.688 1206.19 1203.692 1201.195 1200.0 1200.0 1200.0 1200.0 1200.0 1200.0 1200.0 1200.0 1200.0 1200.013 1200.043 1200.072 1200.102 1200.131 1200.268 1200.416 1200.563 1200.711 1201.152 1202.079 1203.007 1203.934 1204.862 1206.925 1209.203 1211.481 1213.76 1216.181
1212.929 1214.379 1215.83 1217.28 1218.869 1220.82 1222.772 1224.724 1226.676 1228.716 1230.789 1232.861 1234.934 1236.996 1239.015 1241.035 1243.054 1245.074 1246.154 1246.763 1247.372 1247.982 1248.219 1245.978 1243.737 1241.495 1239.254 1234.758 1228.722 1222.686 1216.65 1210.824 1208.407 1205.99 1203.573 1201.156 1200.0 1200.0 1200.0 1200.0 1200.0 1200.0 1200.0 1200.0 1200.0 1200.018 1200.058 1200.099 1200.139 1200.179 1200.366 1200.568 1200.769 1200.97 1201.512 1202.617 1203.722 1204.827 1205.932 1208.069 1210.401 1212.733 1215.065 1217.478
1214.212 1215.705 1217.198 1218.691 1220.322 1222.315 1224.309 1226.302 1228.295 1230.38 1232.497 1234.614 1236.731 1238.778 1240.551 1242.324 1244.096 1245.869 1246.674 1246.995 1247.315 1247.636 1247.594 1245.133 1242.673 1240.213 1237.752 1233.312 1227.518 1221.725 1215.931 1210.34 1208.031 1205.722 1203.413 1201.104 1200.0 1200.0 1200.0 1200.0 1200.0 1200.008 1200.016 1200.024 1200.032 1200.075 1200.161 1200.246 1200.332 1200.417 1200.694 1200.988 1201.283 1201.578 1202.223 1203.45 1204.677 1205.904 1207.131 1209.291 1211.629 1213.966 1216.303 1218.678
1214.207 1215.695 1217.183 1218.671 1220.275 1222.188 1224.1 1226.013 1227.926 1229.838 1231.75 1233.663 1235.575 1237.443 1239.135 1240.827 1242.519 1244.211 1244.91 1245.113 1245.315 1245.517 1245.347 1242.698 1240.05 1237.401 1234.752 1230.504 1225.162 1219.821 1214.48 1209.327 1207.245 1205.162 1203.079 1200.996 1200.0 1200.0 1200.0 1200.0 1200.0 1200.05 1200.102 1200.153 1200.204 1200.358 1200.637 1200.916 1201.195 1201.475 1202.009 1202.567 1203.125 1203.684 1204.45 1205.558 1206.667 1207.775 1208.883 1210.853 1212.986 1215.119 1217.251 1219.459
1214.203 1215.685 1217.168 1218.65 1220.229 1222.06 1223.892 1225.724 1227.556 1229.296 1231.004 1232.712 1234.42 1236.108 1237.719 1239.331 1240.942 1242.554 1243.147 1243.23 1243.314 1243.398 1243.101 1240.264 1237.426 1234.589 1231.752 1227.696 1222.807 1217.917 1213.028 1208.315 1206.458 1204.601 1202.745 1200.888 1200.0 1200.0 1200.0 1200.0 1200.0 1200.093 1200.187 1200.281 1200.376 1200.64 1201.113 1201.586 1202.059 1202.532 1203.324 1204.146 1204.968 1205.79 1206.676 1207.666 1208.656 1209.646 1210.636 1212.415 1214.343 1216.271 1218.2 1220.24
1214.199 1215.676 1217.152 1218.63 1220.182 1221.933 1223.684 1225.435 1227.186 1228.754 1230.258 1231.761 1233.264 1234.773 1236.304 1237.834 1239.365 1240.896 1241.383 1241.348 1241.314 1241.279 1240.854 1237.829 1234.803 1231.778 1228.752 1224.888 1220.451 1216.014 1211.577 1207.302 1205.672 1204.041 1202.411 1200.78 1200.0 1200.0 1200.0 1200.0 1200.0 1200.135 1200.273 1200.41 1200.547 1200.922 1201.589 1202.256 1202.923 1203.59 1204.639 1205.725 1206.811 1207.897 1208.902 1209.774 1210.645 1211.517 1212.388 1213.976 1215.7 1217.424 1219.148 1221.021
1214.194 1215.666 1217.137 1218.609 1220.135 1221.806 1223.476 1225.146 1226.817 1228.213 1229.511 1230.81 1232.109 1233.438 1234.888 1236.338 1237.788 1239.238 1239.619 1239.466 1239.313 1239.16 1238.608 1235.394 1232.18 1228.966 1225.752 1222.08 1218.095 1214.11 1210.125 1206.29 1204.885 1203.481 1202.076 1200.672 1200.0 1200.0 1200.0 1200.0 1200.0 1200.178 1200.358 1200.539 1200.719 1201.205 1202.065 1202.926 1203.787 1204.647 1205.954 1207.304 1208.654 1210.003 1211.128 1211.881 1212.635 1213.388 1214.141 1215.538 1217.057 1218.576 1220.096 1221.802
1213.153 1214.551 1215.948 1217.346 1218.81 1220.447 1222.085 1223.723 1225.36 1226.642 1227.798 1228.954 1230.11 1231.277 1232.489 1233.7 1234.911 1236.122 1236.345 1236.074 1235.802 1235.531 1234.901 1231.883 1228.865 1225.847 1222.829 1219.53 1216.039 1212.547 1209.056 1205.697 1204.498 1203.299 1202.099 1200.9 1200.37 1200.452 1200.535 1200.617 1200.699 1201.019 1201.342 1201.665 1201.988 1202.59 1203.535 1204.479 1205.424 1206.368 1207.82 1209.32 1210.82 1212.32 1213.509 1214.181 1214.854 1215.526 1216.199 1217.368 1218.631 1219.894 1221.157 1222.638
1211.523 1212.808 1214.092 1215.377 1216.757 1218.39 1220.022 1221.654 1223.286 1224.487 1225.536 1226.584 1227.632 1228.647 1229.53 1230.413 1231.296 1232.179 1232.213 1231.823 1231.434 1231.044 1230.365 1227.762 1225.158 1222.555 1219.951 1217.127 1214.152 1211.177 1208.203 1205.342 1204.337 1203.331 1202.326 1201.321 1200.95 1201.162 1201.373 1201.585 1201.796 1202.314 1202.836 1203.358 1203.88 1204.602 1205.568 1206.534 1207.5 1208.466 1209.998 1211.584 1213.171 1214.757 1215.977 1216.59 1217.203 1217.817 1218.43 1219.35 1220.328 1221.306 1222.284 1223.503
1209.893 1211.065 1212.236 1213.408 1214.705 1216.332 1217.959 1219.586 1221.212 1222.332 1223.273 1224.214 1225.154 1226.017 1226.572 1227.126 1227.681 1228.235 1228.081 1227.573 1227.065 1226.557 1225.829 1223.64 1221.451 1219.262 1217.073 1214.724 1212.266 1209.808 1207.35 1204.987 1204.175 1203.364 1202.552 1201.741 1201.53 1201.871 1202.212 1202.552 1202.893 1203.609 1204.33 1205.051 1205.773 1206.614 1207.601 1208.589 1209.576 1210.564 1212.177 1213.849 1215.521 1217.194 1218.445 1218.999 1219.553 1220.107 1220.661 1221.332 1222.025 1222.717 1223.41 1224.369
1208.264 1209.322 1210.38 1211.439 1212.652 1214.274 1215.896 1217.517 1219.139 1220.177 1221.01 1221.844 1222.677 1223.387 1223.613 1223.839 1224.066 1224.292 1223.949 1223.323 1222.696 1222.069 1221.293 1219.518 1217.744 1215.969 1214.195 1212.321 1210.379 1208.438 1206.497 1204.632 1204.014 1203.396 1202.778 1202.161 1202.11 1202.58 1203.05 1203.52 1203.99 1204.904 1205.824 1206.745 1207.665 1208.625 1209.634 1210.644 1211.653 1212.662 1214.355 1216.113 1217.872 1219.63 1220.913 1221.408 1221.903 1222.398 1222.892 1223.314 1223.721 1224.129 1224.536 1225.234
1206.505 1207.457 1208.409 1209.361 1210.492 1212.092 1213.692 1215.292 1216.892 1217.849 1218.578 1219.307 1220.037 1220.602 1220.523 1220.445 1220.366 1220.287 1219.776 1219.049 1218.322 1217.594 1216.786 1215.435 1214.084 1212.733 1211.383 1209.995 1208.582 1207.169 1205.756 1204.401 1204.0 1203.598 1203.197 1202.795 1202.915 1203.512 1204.109 1204.706 1205.303 1206.385 1207.475 1208.564 1209.653 1210.711 1211.731 1212.75 1213.77 1214.79 1216.549 1218.379 1220.209 1222.038 1223.345 1223.788 1224.231 1224.673 1225.116 1225.308 1225.452 1225.596 1225.74 1226.191
1203.398 1204.313 1205.227 1206.141 1207.193 1208.604 1210.016 1211.428 1212.84 1213.699 1214.364 1215.029 1215.693 1216.195 1216.057 1215.919 1215.782 1215.644 1215.17 1214.529 1213.888 1213.247 1212.581 1211.752 1210.924 1210.095 1209.266 1208.477 1207.716 1206.954 1206.192 1205.477 1205.528 1205.578 1205.629 1205.68 1206.072 1206.776 1207.481 1208.186 1208.891 1209.826 1210.764 1211.703 1212.641 1213.57 1214.488 1215.406 1216.323 1217.241 1218.912 1220.656 1222.399 1224.143 1225.404 1225.869 1226.333 1226.797 1227.261 1227.429 1227.541 1227.653 1227.765 1228.103
1200.291 1201.168 1202.045 1202.921 1203.893 1205.117 1206.34 1207.564 1208.787 1209.55 1210.15 1210.75 1211.35 1211.788 1211.591 1211.394 1211.197 1211.0 1210.564 1210.009 1209.454 1208.899 1208.376 1208.07 1207.763 1207.457 1207.15 1206.96 1206.849 1206.739 1206.628 1206.553 1207.056 1207.559 1208.062 1208.564 1209.228 1210.041 1210.854 1211.666 1212.479 1213.267 1214.054 1214.842 1215.63 1216.43 1217.245 1218.061 1218.876 1219.691 1221.275 1222.933 1224.59 1226.247 1227.463 1227.949 1228.435 1228.921 1229.406 1229.551 1229.63 1229.71 1229.79 1230.015
1197.184 1198.023 1198.862 1199.701 1200.594 1201.629 1202.664 1203.699 1204.735 1205.4 1205.936 1206.471 1207.007 1207.381 1207.125 1206.869 1206.613 1206.356 1205.958 1205.489 1205.02 1204.551 1204.172 1204.387 1204.603 1204.818 1205.034 1205.443 1205.983 1206.524 1207.065 1207.63 1208.584 1209.539 1210.494 1211.449 1212.385 1213.306 1214.226 1215.146 1216.066 1216.707 1217.344 1217.981 1218.618 1219.289 1220.002 1220.715 1221.429 1222.142 1223.638 1225.209 1226.781 1228.352 1229.522 1230.03 1230.537 1231.044 1231.552 1231.672 1231.72 1231.767 1231.814 1231.927
