data/zism_data/00683_03_D.txt
ncols         224
nrows         224
[rows 124 to 154 of 224, columns 140 to 209 of 224]
1100.482 1100.532 1100.583 1100.633 1100.683 1100.688 1100.688 1100.688 1100.688 1100.633 1100.482 1100.331 1100.18 1100.028 1100.0 1100.0 1100.0 1100.0 1100.0 1100.0 1100.0 1100.0 1100.0 1100.0 1100.0 1100.0 1100.0 1100.0 1100.0 1100.0 1100.0 1100.0 1100.0 1100.0 1100.0 1100.0 1100.006 1100.107 1100.207 1100.308 1100.409 1100.484 1100.535 1100.585 1100.635 1100.686 1100.688 1100.688 1100.688 1100.688 1100.647 1100.546 1100.445 1100.345 1100.244 1100.186 1100.136 1100.085 1100.035 1100.0 1100.0 1100.0 1100.0 1100.0 1100.0 1100.0 1100.0 1100.0 1100.0 1100.0
1100.636 1100.702 1100.769 1100.835 1100.902 1100.908 1100.908 1100.908 1100.908 1100.835 1100.636 1100.437 1100.237 1100.038 1100.0 1100.0 1100.0 1100.0 1100.0 1100.0 1100.0 1100.0 1100.0 1100.0 1100.0 1100.0 1100.0 1100.0 1100.0 1100.0 1100.0 1100.0 1100.0 1100.0 1100.0 1100.0 1100.008 1100.141 1100.274 1100.407 1100.54 1100.639 1100.705 1100.772 1100.838 1100.905 1100.908 1100.908 1100.908 1100.908 1100.854 1100.721 1100.588 1100.455 1100.322 1100.246 1100.179 1100.113 1100.046 1100.0 1100.0 1100.0 1100.0 1100.0 1100.0 1100.0 1100.0 1100.0 1100.0 1100.0
1100.739 1100.803 1100.867 1100.931 1100.994 1101.0 1101.0 1101.0 1101.0 1100.931 1100.739 1100.547 1100.355 1100.164 1100.127 1100.127 1100.127 1100.127 1100.127 1100.127 1100.127 1100.127 1100.127 1100.127 1100.127 1100.127 1100.127 1100.127 1100.127 1100.127 1100.127 1100.127 1100.127 1100.127 1100.127 1100.127 1100.135 1100.263 1100.391 1100.518 1100.646 1100.742 1100.805 1100.869 1100.933 1100.997 1101.0 1101.0 1101.0 1101.0 1100.948 1100.82 1100.693 1100.565 1100.437 1100.356 1100.282 1100.209 1100.136 1100.085 1100.085 1100.085 1100.085 1100.085 1100.09 1100.096 1100.102 1100.108 1100.114 1100.117
1100.805 1100.852 1100.9 1100.948 1100.996 1101.0 1101.0 1101.0 1101.0 1100.948 1100.805 1100.661 1100.518 1100.374 1100.347 1100.347 1100.347 1100.347 1100.347 1100.347 1100.347 1100.347 1100.347 1100.347 1100.347 1100.347 1100.347 1100.347 1100.347 1100.347 1100.347 1100.347 1100.347 1100.347 1100.347 1100.347 1100.353 1100.448 1100.544 1100.64 1100.735 1100.807 1100.854 1100.902 1100.95 1100.998 1101.0 1101.0 1101.0 1101.0 1100.961 1100.866 1100.77 1100.674 1100.579 1100.502 1100.429 1100.356 1100.282 1100.231 1100.231 1100.231 1100.231 1100.231 1100.244 1100.261 1100.278 1100.295 1100.31 1100.319
1100.87 1100.902 1100.934 1100.965 1100.997 1101.0 1101.0 1101.0 1101.0 1100.966 1100.87 1100.775 1100.68 1100.585 1100.567 1100.567 1100.567 1100.567 1100.567 1100.567 1100.567 1100.567 1100.567 1100.567 1100.567 1100.567 1100.567 1100.567 1100.567 1100.567 1100.567 1100.567 1100.567 1100.567 1100.567 1100.567 1100.571 1100.634 1100.698 1100.761 1100.824 1100.872 1100.903 1100.935 1100.967 1100.999 1101.0 1101.0 1101.0 1101.0 1100.974 1100.911 1100.847 1100.784 1100.72 1100.649 1100.575 1100.502 1100.429 1100.378 1100.378 1100.378 1100.378 1100.378 1100.399 1100.427 1100.454 1100.482 1100.507 1100.521
1100.936 1100.952 1100.967 1100.983 1100.999 1101.0 1101.0 1101.0 1101.0 1100.983 1100.936 1100.889 1100.842 1100.795 1100.787 1100.787 1100.787 1100.787 1100.787 1100.787 1100.787 1100.787 1100.787 1100.787 1100.787 1100.787 1100.787 1100.787 1100.787 1100.787 1100.787 1100.787 1100.787 1100.787 1100.787 1100.787 1100.788 1100.82 1100.851 1100.882 1100.913 1100.937 1100.952 1100.968 1100.984 1100.999 1101.0 1101.0 1101.0 1101.0 1100.987 1100.956 1100.925 1100.894 1100.862 1100.795 1100.722 1100.649 1100.575 1100.524 1100.524 1100.524 1100.524 1100.524 1100.553 1100.592 1100.63 1100.669 1100.703 1100.722
1101.0 1101.0 1101.0 1101.0 1101.0 1101.0 1101.0 1101.0 1101.0 1101.0 1101.0 1101.0 1101.0 1101.0 1101.0 1101.0 1101.0 1101.0 1101.0 1101.0 1101.0 1101.0 1101.0 1101.0 1101.0 1101.001 1101.001 1101.001 1101.002 1101.002 1101.002 1101.002 1101.002 1101.002 1101.002 1101.002 1101.002 1101.002 1101.002 1101.002 1101.002 1101.002 1101.002 1101.002 1101.002 1101.002 1101.002 1101.001 1101.001 1101.0 1101.0 1101.0 1101.0 1101.0 1101.0 1100.938 1100.865 1100.792 1100.719 1100.669 1100.669 1100.669 1100.669 1100.669 1100.705 1100.754 1100.802 1100.851 1100.895 1100.92
1101.0 1101.0 1101.0 1101.0 1101.0 1101.0 1101.0 1101.0 1101.0 1101.0 1101.0 1101.0 1101.0 1101.0 1101.0 1101.0 1101.0 1101.0 1101.0 1101.0 1101.0 1101.0 1101.0 1101.008 1101.019 1101.03 1101.041 1101.051 1101.057 1101.062 1101.068 1101.073 1101.075 1101.075 1101.075 1101.075 1101.075 1101.075 1101.075 1101.075 1101.075 1101.075 1101.075 1101.075 1101.075 1101.075 1101.06 1101.043 1101.026 1101.01 1101.0 1101.0 1101.0 1101.0 1101.0 1100.952 1100.895 1100.838 1100.781 1100.742 1100.742 1100.742 1100.742 1100.742 1100.771 1100.808 1100.846 1100.884 1100.923 1100.97
1101.0 1101.0 1101.0 1101.0 1101.0 1101.0 1101.0 1101.0 1101.0 1101.0 1101.0 1101.0 1101.0 1101.0 1101.0 1101.0 1101.0 1101.0 1101.0 1101.0 1101.0 1101.0 1101.0 1101.016 1101.037 1101.059 1101.081 1101.101 1101.112 1101.123 1101.133 1101.144 1101.149 1101.149 1101.149 1101.149 1101.149 1101.149 1101.149 1101.149 1101.149 1101.149 1101.149 1101.149 1101.149 1101.149 1101.117 1101.085 1101.052 1101.019 1101.0 1101.0 1101.0 1101.0 1101.0 1100.965 1100.925 1100.884 1100.844 1100.815 1100.815 1100.815 1100.815 1100.815 1100.836 1100.863 1100.89 1100.917 1100.952 1101.02
1101.0 1101.0 1101.0 1101.0 1101.0 1101.0 1101.0 1101.0 1101.0 1101.0 1101.0 1101.0 1101.0 1101.0 1101.0 1101.0 1101.0 1101.0 1101.0 1101.0 1101.0 1101.0 1101.0 1101.023 1101.056 1101.088 1101.121 1101.151 1101.167 1101.183 1101.199 1101.216 1101.222 1101.222 1101.222 1101.222 1101.222 1101.222 1101.222 1101.222 1101.222 1101.222 1101.222 1101.222 1101.222 1101.222 1101.175 1101.126 1101.078 1101.029 1101.0 1101.0 1101.0 1101.0 1101.0 1100.979 1100.955 1100.93 1100.906 1100.889 1100.889 1100.889 1100.889 1100.889 1100.901 1100.917 1100.933 1100.95 1100.981 1101.07
1101.0 1101.0 1101.0 1101.0 1101.0 1101.0 1101.0 1101.0 1101.0 1101.0 1101.0 1101.0 1101.0 1101.0 1101.0 1101.0 1101.0 1101.0 1101.0 1101.0 1101.0 1101.0 1101.0 1101.031 1101.074 1101.117 1101.16 1101.2 1101.222 1101.243 1101.265 1101.287 1101.295 1101.295 1101.295 1101.295 1101.295 1101.295 1101.295 1101.295 1101.295 1101.295 1101.295 1101.295 1101.295 1101.295 1101.233 1101.168 1101.103 1101.039 1101.0 1101.0 1101.0 1101.0 1101.0 1100.993 1100.984 1100.976 1100.968 1100.962 1100.962 1100.962 1100.962 1100.962 1100.966 1100.972 1100.977 1100.983 1101.01 1101.121
1101.0 1101.0 1101.0 1101.0 1101.0 1101.0 1101.0 1101.0 1101.0 1101.0 1101.0 1101.0 1101.0 1101.0 1101.019 1101.042 1101.065 1101.088 1101.105 1101.105 1101.105 1101.105 1101.105 1101.136 1101.18 1101.224 1101.267 1101.307 1101.329 1101.351 1101.373 1101.395 1101.403 1101.403 1101.403 1101.403 1101.403 1101.403 1101.403 1101.403 1101.403 1101.403 1101.403 1101.403 1101.403 1101.403 1101.341 1101.275 1101.21 1101.144 1101.105 1101.105 1101.105 1101.105 1101.105 1101.105 1101.105 1101.105 1101.105 1101.105 1101.105 1101.105 1101.105 1101.105 1101.105 1101.105 1101.105 1101.105 1101.127 1101.236
1101.0 1101.0 1101.0 1101.0 1101.0 1101.0 1101.0 1101.0 1101.0 1101.0 1101.0 1101.0 1101.0 1101.0 1101.058 1101.129 1101.201 1101.272 1101.325 1101.325 1101.325 1101.325 1101.325 1101.348 1101.381 1101.414 1101.447 1101.477 1101.494 1101.51 1101.527 1101.543 1101.55 1101.55 1101.55 1101.55 1101.55 1101.55 1101.55 1101.55 1101.55 1101.55 1101.55 1101.55 1101.55 1101.55 1101.503 1101.453 1101.404 1101.354 1101.325 1101.325 1101.325 1101.325 1101.325 1101.325 1101.325 1101.325 1101.325 1101.325 1101.325 1101.325 1101.325 1101.325 1101.325 1101.325 1101.325 1101.325 1101.342 1101.424
1101.0 1101.0 1101.0 1101.0 1101.0 1101.0 1101.0 1101.0 1101.0 1101.0 1101.0 1101.0 1101.0 1101.0 1101.097 1101.217 1101.336 1101.456 1101.545 1101.545 1101.545 1101.545 1101.545 1101.56 1101.583 1101.605 1101.627 1101.648 1101.659 1101.67 1101.681 1101.692 1101.696 1101.696 1101.696 1101.696 1101.696 1101.696 1101.696 1101.696 1101.696 1101.696 1101.696 1101.696 1101.696 1101.696 1101.665 1101.631 1101.598 1101.564 1101.545 1101.545 1101.545 1101.545 1101.545 1101.545 1101.545 1101.545 1101.545 1101.545 1101.545 1101.545 1101.545 1101.545 1101.545 1101.545 1101.545 1101.545 1101.556 1101.611
1101.0 1101.0 1101.0 1101.0 1101.0 1101.0 1101.0 1101.0 1101.0 1101.0 1101.0 1101.0 1101.0 1101.0 1101.136 1101.304 1101.472 1101.64 1101.764 1101.764 1101.764 1101.764 1101.764 1101.772 1101.784 1101.796 1101.807 1101.818 1101.823 1101.829 1101.835 1101.841 1101.843 1101.843 1101.843 1101.843 1101.843 1101.843 1101.843 1101.843 1101.843 1101.843 1101.843 1101.843 1101.843 1101.843 1101.826 1101.809 1101.792 1101.775 1101.764 1101.764 1101.764 1101.764 1101.764 1101.764 1101.764 1101.764 1101.764 1101.764 1101.764 1101.764 1101.764 1101.764 1101.764 1101.764 1101.764 1101.764 1101.77 1101.799
1101.0 1101.0 1101.0 1101.0 1101.0 1101.0 1101.0 1101.0 1101.0 1101.0 1101.0 1101.0 1101.0 1101.0 1101.176 1101.392 1101.608 1101.824 1101.984 1101.984 1101.984 1101.984 1101.984 1101.985 1101.985 1101.986 1101.987 1101.988 1101.988 1101.988 1101.989 1101.989 1101.989 1101.989 1101.989 1101.989 1101.989 1101.989 1101.989 1101.989 1101.989 1101.989 1101.989 1101.989 1101.989 1101.989 1101.988 1101.987 1101.986 1101.985 1101.984 1101.984 1101.984 1101.984 1101.984 1101.984 1101.984 1101.984 1101.984 1101.984 1101.984 1101.984 1101.984 1101.984 1101.984 1101.984 1101.984 1101.984 1101.984 1101.986
1101.0 1101.0 1101.0 1101.0 1101.0 1101.027 1101.057 1101.087 1101.117 1101.141 1101.156 1101.171 1101.186 1101.201 1101.346 1101.521 1101.696 1101.871 1102.0 1102.0 1102.0 1102.0 1102.0 1102.0 1102.0 1102.0 1102.0 1102.0 1102.0 1102.0 1102.0 1102.0 1102.0 1102.0 1102.0 1102.0 1102.0 1102.0 1102.0 1102.0 1102.0 1102.0 1102.0 1102.0 1102.0 1102.0 1102.0 1102.0 1102.0 1102.0 1102.0 1102.0 1102.0 1102.0 1102.0 1102.0 1102.0 1102.0 1102.0 1102.0 1102.0 1102.0 1102.0 1102.0 1102.022 1102.052 1102.082 1102.112 1102.136 1102.136
1101.0 1101.0 1101.0 1101.0 1101.0 1101.057 1101.119 1101.181 1101.243 1101.294 1101.325 1101.356 1101.387 1101.418 1101.526 1101.653 1101.78 1101.906 1102.0 1102.0 1102.0 1102.0 1102.0 1102.0 1102.0 1102.0 1102.0 1102.0 1102.0 1102.0 1102.0 1102.0 1102.0 1102.0 1102.0 1102.0 1102.0 1102.0 1102.0 1102.0 1102.0 1102.0 1102.0 1102.0 1102.0 1102.0 1102.0 1102.0 1102.0 1102.0 1102.0 1102.0 1102.0 1102.0 1102.0 1102.0 1102.0 1102.0 1102.0 1102.0 1102.0 1102.0 1102.0 1102.0 1102.047 1102.109 1102.171 1102.233 1102.282 1102.282
1101.0 1101.0 1101.0 1101.0 1101.0 1101.086 1101.18 1101.275 1101.369 1101.446 1101.493 1101.54 1101.587 1101.634 1101.707 1101.785 1101.864 1101.942 1102.0 1102.0 1102.0 1102.0 1102.0 1102.0 1102.0 1102.0 1102.0 1102.0 1102.0 1102.0 1102.0 1102.0 1102.0 1102.0 1102.0 1102.0 1102.0 1102.0 1102.0 1102.0 1102.0 1102.0 1102.0 1102.0 1102.0 1102.0 1102.0 1102.0 1102.0 1102.0 1102.0 1102.0 1102.0 1102.0 1102.0 1102.0 1102.0 1102.0 1102.0 1102.0 1102.0 1102.0 1102.0 1102.0 1102.071 1102.165 1102.26 1102.354 1102.429 1102.429
1101.0 1101.0 1101.0 1101.0 1101.0 1101.115 1101.242 1101.368 1101.495 1101.598 1101.661 1101.725 1101.788 1101.851 1101.887 1101.918 1101.948 1101.978 1102.0 1102.0 1102.0 1102.0 1102.0 1102.0 1102.0 1102.0 1102.0 1102.0 1102.0 1102.0 1102.0 1102.0 1102.0 1102.0 1102.0 1102.0 1102.0 1102.0 1102.0 1102.0 1102.0 1102.0 1102.0 1102.0 1102.0 1102.0 1102.0 1102.0 1102.0 1102.0 1102.0 1102.0 1102.0 1102.0 1102.0 1102.0 1102.0 1102.0 1102.0 1102.0 1102.0 1102.0 1102.0 1102.0 1102.095 1102.222 1102.348 1102.475 1102.575 1102.575
1101.003 1101.009 1101.015 1101.021 1101.027 1101.161 1101.308 1101.454 1101.601 1101.719 1101.786 1101.853 1101.92 1101.987 1102.0 1102.0 1102.0 1102.0 1102.002 1102.008 1102.014 1102.02 1102.026 1102.028 1102.028 1102.028 1102.028 1102.028 1102.032 1102.036 1102.04 1102.044 1102.051 1102.059 1102.067 1102.075 1102.083 1102.083 1102.083 1102.083 1102.083 1102.081 1102.077 1102.073 1102.069 1102.065 1102.057 1102.049 1102.041 1102.032 1102.032 1102.045 1102.057 1102.069 1102.081 1102.083 1102.083 1102.083 1102.083 1102.083 1102.083 1102.083 1102.083 1102.083 1102.184 1102.318 1102.453 1102.587 1102.694 1102.694
1101.01 1101.032 1101.055 1101.077 1101.099 1101.235 1101.381 1101.528 1101.674 1101.786 1101.837 1101.888 1101.939 1101.99 1102.0 1102.0 1102.0 1102.0 1102.006 1102.028 1102.05 1102.072 1102.094 1102.101 1102.101 1102.101 1102.101 1102.103 1102.118 1102.133 1102.148 1102.162 1102.186 1102.216 1102.245 1102.275 1102.302 1102.302 1102.302 1102.302 1102.302 1102.295 1102.28 1102.266 1102.251 1102.236 1102.207 1102.177 1102.148 1102.118 1102.119 1102.163 1102.208 1102.252 1102.296 1102.302 1102.302 1102.302 1102.302 1102.302 1102.302 1102.302 1102.302 1102.302 1102.38 1102.482 1102.584 1102.686 1102.767 1102.767
1101.018 1101.056 1101.094 1101.133 1101.171 1101.308 1101.454 1101.601 1101.747 1101.853 1101.888 1101.923 1101.958 1101.993 1102.0 1102.0 1102.0 1102.0 1102.01 1102.048 1102.087 1102.125 1102.163 1102.174 1102.174 1102.174 1102.174 1102.178 1102.204 1102.229 1102.255 1102.28 1102.321 1102.372 1102.423 1102.474 1102.522 1102.522 1102.522 1102.522 1102.522 1102.509 1102.484 1102.458 1102.433 1102.407 1102.357 1102.306 1102.255 1102.204 1102.205 1102.282 1102.358 1102.435 1102.511 1102.522 1102.522 1102.522 1102.522 1102.522 1102.522 1102.522 1102.522 1102.522 1102.575 1102.645 1102.715 1102.785 1102.841 1102.841
1101.025 1101.08 1101.134 1101.188 1101.243 1101.381 1101.528 1101.674 1101.821 1101.921 1101.94 1101.959 1101.978 1101.996 1102.0 1102.0 1102.0 1102.0 1102.014 1102.068 1102.123 1102.177 1102.232 1102.247 1102.247 1102.247 1102.247 1102.253 1102.289 1102.326 1102.362 1102.398 1102.456 1102.529 1102.601 1102.674 1102.742 1102.742 1102.742 1102.742 1102.742 1102.724 1102.687 1102.651 1102.615 1102.579 1102.508 1102.435 1102.363 1102.29 1102.292 1102.4 1102.509 1102.618 1102.726 1102.742 1102.742 1102.742 1102.742 1102.742 1102.742 1102.742 1102.742 1102.742 1102.771 1102.808 1102.846 1102.884 1102.914 1102.914
1101.033 1101.103 1101.174 1101.244 1101.314 1101.454 1101.601 1101.747 1101.894 1101.988 1101.991 1101.994 1101.997 1102.0 1102.0 1102.0 1102.0 1102.0 1102.018 1102.089 1102.159 1102.23 1102.3 1102.321 1102.321 1102.321 1102.321 1102.328 1102.375 1102.422 1102.469 1102.516 1102.591 1102.685 1102.779 1102.873 1102.962 1102.962 1102.962 1102.962 1102.962 1102.938 1102.891 1102.844 1102.797 1102.75 1102.658 1102.564 1102.47 1102.376 1102.378 1102.519 1102.66 1102.801 1102.941 1102.962 1102.962 1102.962 1102.962 1102.962 1102.962 1102.962 1102.962 1102.962 1102.966 1102.972 1102.977 1102.983 1102.987 1102.987
1101.046 1101.146 1101.246 1101.346 1101.446 1101.564 1101.684 1101.804 1101.924 1102.0 1102.0 1102.0 1102.0 1102.0 1102.011 1102.024 1102.037 1102.051 1102.083 1102.17 1102.256 1102.343 1102.429 1102.454 1102.454 1102.454 1102.454 1102.461 1102.501 1102.541 1102.581 1102.621 1102.685 1102.765 1102.845 1102.925 1103.0 1103.0 1103.0 1103.0 1103.0 1102.98 1102.94 1102.9 1102.86 1102.82 1102.742 1102.662 1102.582 1102.502 1102.503 1102.623 1102.743 1102.863 1102.983 1103.0 1103.0 1103.0 1103.0 1103.0 1103.0 1103.0 1103.0 1103.0 1103.0 1103.0 1103.0 1103.0 1103.0 1103.0
1101.061 1101.193 1101.325 1101.457 1101.589 1101.681 1101.769 1101.856 1101.944 1102.0 1102.0 1102.0 1102.0 1102.0 1102.024 1102.053 1102.083 1102.112 1102.161 1102.263 1102.366 1102.469 1102.571 1102.601 1102.601 1102.601 1102.601 1102.606 1102.635 1102.664 1102.693 1102.722 1102.77 1102.828 1102.886 1102.945 1103.0 1103.0 1103.0 1103.0 1103.0 1102.985 1102.956 1102.927 1102.897 1102.868 1102.811 1102.753 1102.694 1102.636 1102.636 1102.724 1102.812 1102.9 1102.987 1103.0 1103.0 1103.0 1103.0 1103.0 1103.0 1103.0 1103.0 1103.0 1103.0 1103.0 1103.0 1103.0 1103.0 1103.0
1101.076 1101.24 1101.405 1101.569 1101.733 1101.798 1101.854 1101.909 1101.965 1102.0 1102.0 1102.0 1102.0 1102.0 1102.037 1102.082 1102.128 1102.173 1102.238 1102.357 1102.475 1102.594 1102.713 1102.747 1102.747 1102.747 1102.747 1102.75 1102.769 1102.787 1102.806 1102.824 1102.854 1102.891 1102.928 1102.965 1103.0 1103.0 1103.0 1103.0 1103.0 1102.991 1102.972 1102.954 1102.935 1102.917 1102.88 1102.843 1102.806 1102.769 1102.77 1102.825 1102.881 1102.936 1102.992 1103.0 1103.0 1103.0 1103.0 1103.0 1103.0 1103.0 1103.0 1103.0 1103.0 1103.0 1103.0 1103.0 1103.0 1103.0
1101.091 1101.287 1101.484 1101.68 1101.877 1101.915 1101.938 1101.962 1101.985 1102.0 1102.0 1102.0 1102.0 1102.0 1102.05 1102.112 1102.173 1102.235 1102.315 1102.45 1102.585 1102.72 1102.855 1102.894 1102.894 1102.894 1102.894 1102.895 1102.903 1102.911 1102.918 1102.926 1102.939 1102.954 1102.97 1102.985 1103.0 1103.0 1103.0 1103.0 1103.0 1102.996 1102.988 1102.98 1102.973 1102.965 1102.95 1102.934 1102.919 1102.903 1102.903 1102.927 1102.95 1102.973 1102.997 1103.0 1103.0 1103.0 1103.0 1103.0 1103.0 1103.0 1103.0 1103.0 1103.0 1103.0 1103.0 1103.0 1103.0 1103.0
1101.15 1101.358 1101.566 1101.774 1101.982 1102.0 1102.0 1102.0 1102.0 1102.002 1102.008 1102.014 1102.02 1102.026 1102.089 1102.165 1102.241 1102.317 1102.41 1102.547 1102.685 1102.823 1102.96 1103.0 1103.0 1103.0 1103.0 1103.0 1103.0 1103.0 1103.0 1103.0 1103.0 1103.0 1103.0 1103.0 1103.0 1103.009 1103.018 1103.027 1103.036 1103.036 1103.027 1103.018 1103.009 1103.0 1103.0 1103.0 1103.0 1103.0 1103.004 1103.012 1103.021 1103.03 1103.039 1103.04 1103.04 1103.04 1103.04 1103.042 1103.046 1103.051 1103.055 1103.059 1103.061 1103.061 1103.061 1103.061 1103.061 1103.061
1101.326 1101.491 1101.656 1101.821 1101.986 1102.0 1102.0 1102.0 1102.0 1102.01 1102.037 1102.065 1102.092 1102.119 1102.195 1102.282 1102.369 1102.456 1102.548 1102.653 1102.759 1102.864 1102.969 1103.0 1103.0 1103.0 1103.0 1103.0 1103.0 1103.0 1103.0 1103.0 1103.0 1103.0 1103.0 1103.0 1103.002 1103.043 1103.084 1103.125 1103.167 1103.166 1103.125 1103.084 1103.043 1103.002 1103.0 1103.0 1103.0 1103.0 1103.017 1103.058 1103.099 1103.14 1103.181 1103.187 1103.187 1103.187 1103.187 1103.193 1103.214 1103.234 1103.255 1103.275 1103.28 1103.28 1103.28 1103.28 1103.28 1103.28
