data/zism_data/00686_02_D.txt
ncols         224
nrows         224
[rows 0 to 27 of 224, columns 126 to 188 of 224]
889.4869 880.0264 870.5657 861.1052 852.2791 844.231 836.1826 828.1345 820.0864 812.7844 805.5539 798.3231 791.0925 783.9635 777.0031 770.0424 763.082 756.1213 748.5563 740.8762 733.1965 725.5165 718.8647 714.5625 710.2602 705.958 701.6556 700.3201 699.8802 699.4402 699.0004 698.6797 698.7541 698.8285 698.903 698.9774 704.8785 713.3293 721.7799 730.2307 740.1219 757.6107 775.0988 792.5875 810.0757 828.8975 848.5247 868.1526 887.7798 907.5822 929.2167 950.8511 972.4864 994.1208 1012.527 1028.299 1044.071 1059.843 1075.56 1087.509 1099.459 1111.408 1123.358
885.5642 876.2114 866.8583 857.5055 848.7918 840.8621 832.9322 825.0025 817.0728 809.9385 802.8801 795.8215 788.7632 781.6564 774.4699 767.2831 760.0967 752.9099 745.4491 737.9359 730.423 722.9099 716.5118 712.6617 708.8116 704.9615 701.1113 699.9178 699.5264 699.1349 698.7434 698.4712 698.5941 698.7169 698.8397 698.9626 704.8785 713.3293 721.7799 730.2307 740.1219 757.6107 775.0988 792.5875 810.0757 829.139 849.1537 869.1692 889.1839 909.4418 932.2443 955.0468 977.85 1000.653 1019.996 1036.516 1053.036 1069.556 1086.019 1098.62 1111.221 1123.822 1136.423
881.6417 872.3965 863.1511 853.9059 845.3047 837.4934 829.6819 821.8706 814.0594 807.0926 800.2065 793.3201 786.434 779.3494 771.9368 764.524 757.1115 749.6987 742.342 734.9957 727.6497 720.3034 714.159 710.761 707.363 703.9651 700.567 699.5156 699.1725 698.8295 698.4865 698.2626 698.434 698.6053 698.7766 698.9479 704.8785 713.3293 721.7799 730.2307 740.1219 757.6107 775.0988 792.5875 810.0757 829.3806 849.7828 870.1858 890.588 911.3013 935.2718 959.2422 983.2135 1007.184 1027.464 1044.732 1062.0 1079.268 1096.479 1109.731 1122.983 1136.235 1149.487
877.7191 868.5815 859.4437 850.3062 841.8174 834.1246 826.4315 818.7386 811.0458 804.2466 797.5327 790.8187 784.1048 777.0422 769.4036 761.7648 754.1262 746.4873 739.2349 732.0554 724.8763 717.6968 711.8061 708.8603 705.9144 702.9686 700.0227 699.1133 698.8187 698.5241 698.2295 698.0541 698.2739 698.4937 698.7134 698.9331 704.8785 713.3293 721.7799 730.2307 740.1219 757.6107 775.0988 792.5875 810.0757 829.6221 850.4119 871.2024 891.9922 913.1609 938.2994 963.4378 988.5771 1013.716 1034.932 1052.948 1070.965 1088.981 1106.938 1120.842 1134.745 1148.649 1162.552
876.9676 867.8105 858.653 849.4958 840.8802 832.9292 824.9778 817.0268 809.0757 802.2079 795.4435 788.6789 781.9145 774.8352 767.2357 759.636 752.0366 744.4369 737.2552 730.1524 723.0499 715.9471 710.1973 707.5392 704.881 702.2228 699.5646 698.7429 698.4755 698.2081 697.9407 697.7963 698.0591 698.322 698.5849 698.8478 705.2123 714.2466 723.2806 732.3149 742.7194 760.3514 777.9827 795.6147 813.246 832.5259 852.8015 873.0778 893.3534 914.0536 939.2037 964.3538 989.5046 1014.655 1036.397 1055.357 1074.318 1093.279 1112.171 1126.349 1140.527 1154.705 1168.883
876.2628 867.0841 857.9051 848.7264 839.9805 831.7657 823.5506 815.3358 807.121 800.1812 793.3629 786.5444 779.7262 772.6296 765.0732 757.5165 749.9602 742.4036 735.292 728.2646 721.2375 714.2101 708.5995 706.2266 703.8536 701.4808 699.1078 698.3729 698.1324 697.892 697.6514 697.5377 697.8436 698.1496 698.4555 698.7615 705.5509 715.1773 724.8033 734.4297 745.3551 763.1324 780.9091 798.6863 816.463 835.4689 855.217 874.9658 894.714 914.9321 940.0768 965.2214 990.367 1015.512 1037.773 1057.681 1077.589 1097.497 1117.326 1131.773 1146.221 1160.668 1175.115
875.5579 866.3577 857.1572 847.957 839.0807 830.6022 822.1234 813.6448 805.1663 798.1542 791.2822 784.4099 777.5378 770.424 762.9106 755.397 747.8837 740.3701 733.3288 726.3768 719.425 712.4729 707.0016 704.9139 702.8263 700.7387 698.6511 698.0029 697.7894 697.5758 697.3622 697.2791 697.6281 697.9771 698.3261 698.6751 705.8895 716.108 726.3262 736.5447 747.9909 765.9135 783.8355 801.7581 819.6801 838.412 857.6326 876.8539 896.0746 915.8107 940.95 966.0892 991.2294 1016.369 1039.149 1060.004 1080.86 1101.715 1122.482 1137.198 1151.915 1166.631 1181.348
874.8531 865.6313 856.4093 847.1876 838.1809 829.4387 820.6961 811.9538 803.2115 796.1274 789.2016 782.2755 775.3496 768.2183 760.748 753.2775 745.8073 738.3368 731.3657 724.489 717.6125 710.7358 705.4037 703.6014 701.799 699.9966 698.1943 697.633 697.4463 697.2596 697.0729 697.0205 697.4125 697.8046 698.1967 698.5887 706.2281 717.0388 727.8489 738.6595 750.6266 768.6945 786.7618 804.8297 822.897 841.355 860.0482 878.742 897.4352 916.6891 941.8231 966.957 992.0917 1017.226 1040.526 1062.328 1084.131 1105.933 1127.637 1142.623 1157.609 1172.594 1187.58
873.8039 864.6097 855.4153 846.2212 837.1912 828.363 819.5345 810.7064 801.8782 794.5709 787.4086 780.2462 773.0839 765.7704 758.2075 750.6443 743.0814 735.5182 728.7569 722.1475 715.5383 708.9289 703.8624 702.3219 700.7814 699.241 697.7004 697.2241 697.069 696.9139 696.7589 696.7548 697.2507 697.7467 698.2427 698.7386 706.9127 718.4465 729.9798 741.5135 754.106 772.2842 790.4617 808.6399 826.8174 844.8802 862.8727 880.8658 898.8584 917.4669 942.5345 967.6022 992.6707 1017.738 1041.288 1063.598 1085.908 1108.218 1130.424 1145.569 1160.714 1175.858 1191.003
872.3071 863.2044 854.1014 844.9988 836.0845 827.4017 818.7185 810.0357 801.3528 793.6257 785.9897 778.3536 770.7177 763.0076 755.1756 747.3433 739.5112 731.6789 725.3091 719.2164 713.1239 707.0313 702.3946 701.0856 699.7766 698.4675 697.1584 696.7647 696.6473 696.5299 696.4125 696.4798 697.1588 697.8378 698.5167 699.1957 708.047 720.4742 732.9011 745.3283 758.6821 776.9249 795.167 813.4097 831.6519 849.1621 866.2288 883.2961 900.3629 918.1134 943.0358 967.9581 992.8813 1017.804 1041.252 1063.497 1085.743 1107.988 1130.131 1145.292 1160.453 1175.614 1190.775
870.8101 861.799 852.7875 843.7764 834.9778 826.4402 817.9025 809.365 800.8275 792.6804 784.5709 776.461 768.3514 760.2448 752.1436 744.0422 735.941 727.8395 721.8612 716.2853 710.7095 705.1335 700.9268 699.8492 698.7716 697.694 696.6165 696.3054 696.2256 696.1459 696.0662 696.2048 697.0668 697.9288 698.7908 699.6528 709.1813 722.5021 735.8224 749.1432 763.2584 781.5657 799.8724 818.1798 836.4865 853.4441 869.585 885.7265 901.8674 918.76 943.537 968.3141 993.092 1017.869 1041.217 1063.397 1085.579 1107.759 1129.839 1145.016 1160.193 1175.37 1190.547
869.3133 860.3936 851.4737 842.5541 833.8711 825.4789 817.0864 808.6943 800.3021 791.7352 783.152 774.5685 765.9853 757.482 749.1117 740.7411 732.3708 724.0003 718.4134 713.3542 708.2951 703.2359 699.459 698.6129 697.7667 696.9206 696.0745 695.8459 695.8039 695.7618 695.7198 695.9298 696.9749 698.0198 699.0648 700.1098 710.3156 724.5299 738.7437 752.9579 767.8345 786.2064 804.5778 822.9497 841.321 857.726 872.9411 888.1568 903.3719 919.4066 944.0383 968.67 993.3026 1017.934 1041.181 1063.297 1085.414 1107.53 1129.546 1144.739 1159.932 1175.125 1190.319
867.8164 858.9882 850.1598 841.3317 832.7644 824.5175 816.2704 808.0236 799.7767 790.79 781.7331 772.6759 763.619 754.7191 746.0797 737.44 728.8007 720.1609 714.9655 710.423 705.8807 701.3382 697.9912 697.3765 696.7618 696.1472 695.5325 695.3866 695.3822 695.3778 695.3735 695.6548 696.8829 698.1108 699.3389 700.5668 711.4499 726.5577 741.665 756.7729 772.4108 790.8473 809.2832 827.7197 846.1556 862.008 876.2974 890.5872 904.8765 920.0532 944.5396 969.026 993.5132 1018.0 1041.146 1063.197 1085.249 1107.3 1129.253 1144.462 1159.672 1174.881 1190.09
863.8336 854.8305 845.8271 836.824 828.309 820.3931 812.4768 804.5609 796.645 787.6282 778.5068 769.3852 760.2639 751.3534 742.7922 734.2308 725.6696 717.1082 712.2995 708.2024 704.1054 700.0082 696.9879 696.4286 695.8693 695.31 694.7507 694.7051 694.8145 694.924 695.0334 695.5075 697.1898 698.8719 700.5542 702.2365 713.4092 728.7349 744.0599 759.3856 775.1281 793.0724 811.0162 828.9606 846.9044 862.5044 876.6864 890.8689 905.051 920.1282 944.5977 969.0673 993.5376 1018.007 1040.872 1062.425 1083.98 1105.534 1126.996 1142.197 1157.399 1172.601 1187.802
859.5248 850.3118 841.0985 831.8855 823.4145 815.8538 808.2928 800.7321 793.1714 784.1757 775.0436 765.9112 756.7792 747.9086 739.4712 731.0335 722.5962 714.1585 709.7361 706.075 702.4139 698.7527 696.0455 695.5186 694.9915 694.4645 693.9375 693.9944 694.2277 694.4609 694.6942 695.377 697.549 699.721 701.8931 704.065 715.4767 730.9316 746.3858 761.8406 777.6016 794.9808 812.3594 829.7386 847.1173 862.5044 876.6864 890.8689 905.051 920.1282 944.5977 969.0673 993.5376 1018.007 1040.566 1061.566 1082.566 1103.565 1124.481 1139.672 1154.863 1170.053 1185.244
855.2159 845.793 836.3698 826.9468 818.5198 811.3144 804.1086 796.9032 789.6978 780.7231 771.5803 762.4371 753.2943 744.4636 736.15 727.8362 719.5226 711.2087 707.1725 703.9474 700.7224 697.4972 695.1031 694.6084 694.1136 693.619 693.1242 693.2838 693.6408 693.9978 694.3549 695.2463 697.9082 700.57 703.2319 705.8937 717.5444 733.1284 748.7117 764.2957 780.0752 796.8893 813.7028 830.5168 847.3303 862.5044 876.6864 890.8689 905.051 920.1282 944.5977 969.0673 993.5376 1018.007 1040.261 1060.706 1081.152 1101.597 1121.966 1137.146 1152.326 1167.506 1182.686
850.9072 841.2744 831.6412 822.0083 813.6254 806.7751 799.9247 793.0745 786.2242 777.2706 768.117 758.9631 749.8095 741.0188 732.829 724.639 716.4492 708.2591 704.6091 701.8199 699.0309 696.2417 694.1607 693.6983 693.2359 692.7734 692.311 692.5731 693.054 693.5348 694.0156 695.1157 698.2675 701.419 704.5707 707.7223 719.6119 735.325 751.0376 766.7507 782.5488 798.7977 815.046 831.2949 847.5432 862.5044 876.6864 890.8689 905.051 920.1282 944.5977 969.0673 993.5376 1018.007 1039.956 1059.846 1079.738 1099.628 1119.451 1134.62 1149.79 1164.959 1180.128
847.6337 837.7515 827.8689 817.9867 809.5663 802.9386 796.3106 789.6829 783.0551 774.1716 765.0737 755.9754 746.8774 738.1883 730.1761 722.1637 714.1516 706.1391 702.7783 700.2996 697.8209 695.3421 693.4678 692.9749 692.4819 691.989 691.4961 691.8351 692.4254 693.0157 693.606 694.878 698.4083 701.9384 705.4687 708.9988 721.0511 736.8324 752.6132 768.3945 784.1828 800.0118 815.8404 831.6694 847.4979 862.3255 876.547 890.769 904.9905 920.1036 944.5714 969.0391 993.5076 1017.975 1039.676 1059.118 1078.561 1098.003 1117.382 1132.436 1147.491 1162.545 1177.6
846.4312 836.2206 826.0098 815.7992 807.1787 800.5079 793.8369 787.166 780.4952 771.78 762.8704 753.9605 745.0509 736.5867 728.8598 721.1326 713.4057 705.6785 702.413 699.9935 697.574 695.1544 693.2738 692.6248 691.9758 691.3267 690.6777 691.0426 691.7136 692.3846 693.0557 694.4258 698.1122 701.7985 705.4848 709.1711 721.2334 736.9609 752.6878 768.4153 784.1378 799.8377 815.537 831.2369 846.9362 861.7889 876.1288 890.4692 904.8091 920.0299 944.4922 968.9546 993.4178 1017.88 1039.448 1058.653 1077.859 1097.065 1116.206 1130.937 1145.669 1160.4 1175.132
845.2286 834.6898 824.1505 813.6116 804.791 798.0771 791.363 784.6491 777.9352 769.3883 760.6671 751.9456 743.2244 734.985 727.5434 720.1015 712.6599 705.218 702.0477 699.6873 697.3271 694.9667 693.0798 692.2747 691.4695 690.6645 689.8593 690.2501 691.0018 691.7535 692.5053 693.9737 697.8162 701.6585 705.501 709.3433 721.4156 737.0894 752.7625 768.4361 784.0928 799.6635 815.2336 830.8043 846.3745 861.2523 875.7106 890.1694 904.6277 919.9562 944.4131 968.8701 993.3279 1017.785 1039.22 1058.188 1077.158 1096.126 1115.029 1129.437 1143.846 1158.254 1172.663
844.0261 833.1589 822.2913 811.4241 802.4033 795.6464 788.8892 782.1323 775.3754 766.9967 758.4639 749.9307 741.3979 733.3835 726.2271 719.0704 711.9141 704.7574 701.6824 699.3812 697.0802 694.7791 692.8858 691.9246 690.9634 690.0022 689.041 689.4575 690.29 691.1225 691.955 693.5215 697.5201 701.5186 705.5171 709.5156 721.598 737.2178 752.8371 768.4569 784.0478 799.4893 814.9303 830.3718 845.8128 860.7157 875.2924 889.8697 904.4464 919.8825 944.3341 968.7857 993.2381 1017.69 1038.992 1057.724 1076.456 1095.188 1113.852 1127.938 1142.024 1156.109 1170.195
842.8235 831.628 820.4321 809.2366 800.0156 793.2156 786.4153 779.6154 772.8154 764.605 756.2606 747.9158 739.5714 731.7818 724.9107 718.0393 711.1682 704.2968 701.317 699.0751 696.8333 694.5914 692.6918 691.5745 690.4572 689.3399 688.2226 688.665 689.5782 690.4914 691.4046 693.0694 697.2241 701.3786 705.5333 709.6878 721.7803 737.3463 752.9117 768.4777 784.0027 799.3151 814.6269 829.9392 845.251 860.1791 874.8742 889.5699 904.265 919.8088 944.255 968.7012 993.1483 1017.594 1038.764 1057.259 1075.754 1094.249 1112.676 1126.438 1140.201 1153.963 1167.726
842.5289 831.2283 819.9274 808.6268 799.3645 792.6015 785.8383 779.0752 772.3122 764.4078 756.395 748.3818 740.369 732.8317 726.0815 719.3312 712.5811 705.8306 702.5764 699.9851 697.3939 694.8026 692.6099 691.3281 690.0463 688.7645 687.4826 687.8842 688.7938 689.7036 690.6132 692.3096 696.6119 700.9141 705.2164 709.5186 721.3432 736.4594 751.575 766.6912 781.7753 796.6931 811.6103 826.5281 841.4454 856.5847 871.8574 887.1306 902.4033 918.4559 942.6904 966.9248 991.1601 1015.395 1036.134 1054.021 1071.909 1089.797 1107.621 1121.145 1134.669 1148.193 1161.717
842.4865 831.1428 819.7988 808.4551 799.1958 792.4919 785.7879 779.0841 772.3803 764.8201 757.1787 749.537 741.8955 734.618 727.9432 721.2682 714.5934 707.9185 704.2871 701.2329 698.1788 695.1246 692.5591 691.1105 689.6617 688.2131 686.7644 687.1066 687.9894 688.8721 689.7549 691.4643 695.912 700.3595 704.8071 709.2546 720.734 735.2904 749.8463 764.4027 778.9416 793.3911 807.8401 822.2896 836.7386 852.1409 868.1187 884.097 900.0748 916.7479 940.7131 964.6785 988.6446 1012.61 1032.837 1050.014 1067.192 1084.369 1101.49 1114.798 1128.107 1141.416 1154.724
842.444 831.0573 819.6702 808.2836 799.027 792.3824 785.7376 779.093 772.4484 765.2325 757.9625 750.6921 743.4221 736.4045 729.8051 723.2054 716.606 710.0063 705.9979 702.4808 698.9637 695.4466 692.5083 690.8928 689.2772 687.6617 686.0462 686.329 687.1849 688.0407 688.8966 690.619 695.212 699.8049 704.3978 708.9907 720.1249 734.1215 748.1176 762.1141 776.1078 790.089 804.0698 818.051 832.0317 847.697 864.3799 881.0634 897.7463 915.0397 938.7359 962.4321 986.129 1009.825 1029.541 1046.007 1062.474 1078.94 1095.358 1108.451 1121.545 1134.638 1147.732
842.4016 830.9719 819.5417 808.1119 798.8583 792.2729 785.6873 779.1019 772.5165 765.6448 758.7462 751.8472 744.9486 738.1909 731.6667 725.1425 718.6183 712.0941 707.7086 703.7286 699.7487 695.7686 692.4575 690.6752 688.8928 687.1104 685.3279 685.5514 686.3804 687.2094 688.0383 689.7737 694.5121 699.2502 703.9885 708.7267 719.5157 732.9525 746.3889 759.8256 773.2741 786.787 800.2996 813.8125 827.325 843.2532 860.6412 878.0298 895.4178 913.3316 936.7587 960.1857 983.6136 1007.041 1026.244 1042.0 1057.756 1073.512 1089.227 1102.105 1114.983 1127.861 1140.739
842.5787 831.1907 819.8024 808.4145 799.206 792.6699 786.1334 779.5972 773.061 766.4781 759.8909 753.3035 746.7163 740.1444 733.5983 727.052 720.5059 713.9597 709.1973 704.7731 700.3489 695.9247 692.247 690.2753 688.3036 686.3319 684.3602 684.5075 685.2946 686.0817 686.8688 688.5884 693.3971 698.2057 703.0145 707.8231 718.258 731.155 744.0515 756.9484 769.8764 782.971 796.0651 809.1597 822.2539 838.2943 856.1153 873.937 891.758 910.0292 933.0199 956.0106 979.002 1001.993 1020.718 1035.964 1051.209 1066.454 1081.663 1094.38 1107.096 1119.812 1132.529
843.483 832.418 821.3525 810.2875 801.2642 794.7441 788.2239 781.7039 775.1838 768.7054 762.2313 755.7569 749.2828 742.6515 735.7609 728.8702 721.9796 715.0889 709.9504 705.144 700.3377 695.5313 691.5076 689.2721 687.0366 684.8012 682.5657 682.5816 683.2772 683.9728 684.6684 686.2765 690.9077 695.5386 700.1697 704.8007 714.8521 727.2754 739.6982 752.1216 764.6111 777.4527 790.2939 803.1355 815.9767 831.6299 848.9827 866.3361 883.6888 901.4464 923.4467 945.447 967.4481 989.4484 1007.812 1023.208 1038.604 1054.0 1069.358 1082.09 1094.823 1107.555 1120.288
