data/zism_data/00685_01_D.txt
ncols         224
nrows         224
[rows 28 to 55 of 224, columns 0 to 62 of 224]
1314.093 1305.925 1297.758 1289.59 1276.246 1262.826 1249.405 1235.985 1224.484 1215.48 1206.476 1197.472 1188.468 1184.467 1181.121 1177.776 1174.431 1172.839 1174.756 1176.672 1178.589 1180.505 1187.733 1196.437 1205.141 1213.845 1222.681 1231.954 1241.228 1250.502 1259.776 1261.737 1260.276 1258.816 1257.355 1254.378 1241.294 1228.211 1215.127 1202.044 1186.995 1170.521 1154.048 1137.574 1121.253 1110.039 1098.826 1087.612 1076.398 1066.587 1058.305 1050.023 1041.742 1033.46 1025.422 1017.402 1009.382 1001.362 993.4581 985.7448 978.0315 970.3181 962.6048
1315.156 1308.11 1301.064 1294.018 1281.06 1268.015 1254.97 1241.925 1230.096 1219.847 1209.598 1199.349 1189.101 1184.21 1180.023 1175.835 1171.647 1169.31 1170.674 1172.037 1173.401 1174.765 1181.218 1189.085 1196.952 1204.819 1213.037 1222.418 1231.799 1241.18 1250.561 1253.065 1252.35 1251.635 1250.919 1248.618 1235.744 1222.87 1209.995 1197.121 1181.89 1164.949 1148.009 1131.069 1114.259 1101.805 1089.352 1076.899 1064.446 1053.772 1045.04 1036.307 1027.575 1018.843 1011.264 1003.776 996.287 988.7985 981.4194 974.2211 967.0229 959.8246 952.6263
1316.22 1310.295 1304.371 1298.446 1285.874 1273.205 1260.536 1247.866 1235.708 1224.214 1212.721 1201.227 1189.733 1183.954 1178.924 1173.894 1168.864 1165.781 1166.592 1167.403 1168.214 1169.025 1174.703 1181.733 1188.762 1195.792 1203.392 1212.881 1222.369 1231.857 1241.346 1244.392 1244.423 1244.453 1244.484 1242.859 1230.194 1217.529 1204.864 1192.199 1176.785 1159.377 1141.97 1124.563 1107.264 1093.571 1079.878 1066.186 1052.493 1040.957 1031.774 1022.591 1013.408 1004.225 997.1062 990.1489 983.1915 976.2342 969.3802 962.6971 956.0139 949.3307 942.6475
1315.086 1309.903 1304.719 1299.536 1287.335 1275.03 1262.725 1250.42 1238.097 1225.75 1213.402 1201.055 1188.708 1182.081 1176.205 1170.329 1164.453 1160.723 1161.284 1161.846 1162.408 1162.97 1168.416 1175.219 1182.022 1188.826 1196.198 1205.458 1214.717 1223.977 1233.236 1236.516 1236.996 1237.477 1237.957 1236.762 1224.394 1212.026 1199.657 1187.29 1171.905 1154.335 1136.764 1119.193 1101.71 1087.155 1072.599 1058.043 1043.488 1031.304 1021.707 1012.109 1002.512 992.915 985.8794 979.0439 972.2084 965.3729 958.8261 952.7567 946.6873 940.6178 934.5484
1312.924 1308.304 1303.684 1299.064 1287.225 1275.28 1263.334 1251.389 1238.977 1225.959 1212.941 1199.923 1186.905 1179.452 1172.728 1166.004 1159.28 1154.949 1155.404 1155.858 1156.313 1156.767 1162.236 1169.098 1175.961 1182.823 1190.151 1199.025 1207.898 1216.771 1225.644 1229.012 1229.804 1230.596 1231.387 1230.507 1218.477 1206.446 1194.416 1182.386 1167.132 1149.54 1131.948 1114.356 1096.832 1081.589 1066.347 1051.105 1035.862 1023.13 1013.136 1003.141 993.1472 983.1531 976.0239 969.1187 962.2134 955.3082 948.9666 943.5571 938.1476 932.7381 927.3286
1310.762 1306.705 1302.649 1298.592 1287.115 1275.529 1263.943 1252.358 1239.858 1226.169 1212.48 1198.792 1185.103 1176.822 1169.251 1161.679 1154.108 1149.176 1149.523 1149.87 1150.217 1150.564 1156.057 1162.978 1169.899 1176.82 1184.105 1192.592 1201.078 1209.565 1218.052 1221.509 1222.612 1223.715 1224.818 1224.252 1212.56 1200.867 1189.175 1177.483 1162.359 1144.745 1127.131 1109.518 1091.953 1076.024 1060.095 1044.166 1028.237 1014.956 1004.565 994.1739 983.7826 973.3914 966.1688 959.1938 952.2188 945.2438 939.1074 934.3578 929.6082 924.8586 920.109
1308.6 1305.106 1301.613 1298.12 1287.006 1275.779 1264.553 1253.326 1240.738 1226.379 1212.019 1197.66 1183.301 1174.193 1165.774 1157.354 1148.935 1143.402 1143.642 1143.882 1144.122 1144.362 1149.877 1156.857 1163.838 1170.818 1178.058 1186.158 1194.259 1202.36 1210.46 1214.006 1215.42 1216.834 1218.248 1217.997 1206.643 1195.288 1183.934 1172.58 1157.585 1139.95 1122.315 1104.68 1087.075 1070.459 1053.843 1037.227 1020.612 1006.783 995.9946 985.2063 974.418 963.6298 956.3137 949.269 942.2242 935.1794 929.2482 925.1585 921.0688 916.9792 912.8895
1305.743 1302.805 1299.866 1296.928 1286.2 1275.356 1264.513 1253.67 1241.017 1226.01 1211.003 1195.996 1180.99 1171.122 1161.927 1152.733 1143.539 1137.482 1137.699 1137.916 1138.134 1138.351 1144.008 1151.177 1158.346 1165.515 1172.816 1180.555 1188.293 1196.032 1203.771 1207.353 1208.989 1210.626 1212.262 1212.244 1201.199 1190.153 1179.108 1168.062 1153.188 1135.537 1117.886 1100.235 1082.597 1065.377 1048.157 1030.937 1013.717 999.3532 988.1056 976.858 965.6104 954.3628 946.9974 939.9354 932.8734 925.8113 920.1201 916.6959 913.2718 909.8477 906.4235
1298.257 1295.818 1293.379 1290.939 1280.752 1270.451 1260.149 1249.848 1237.286 1221.786 1206.286 1190.785 1175.285 1165.104 1155.62 1146.136 1136.652 1130.582 1131.341 1132.1 1132.859 1133.619 1140.217 1148.437 1156.658 1164.878 1172.941 1180.481 1188.021 1195.562 1203.102 1206.368 1207.634 1208.901 1210.167 1209.842 1198.909 1187.976 1177.043 1166.111 1151.296 1133.666 1116.037 1098.407 1080.788 1063.515 1046.241 1028.968 1011.694 996.8842 984.762 972.6398 960.5177 948.3956 941.2755 934.546 927.8167 921.0872 915.8682 913.1468 910.4255 907.7042 904.9828
1290.771 1288.831 1286.891 1284.95 1275.304 1265.545 1255.785 1246.026 1233.556 1217.562 1201.568 1185.574 1169.58 1159.085 1149.312 1139.538 1129.764 1123.682 1124.983 1126.284 1127.585 1128.886 1136.425 1145.697 1154.969 1164.241 1173.065 1180.407 1187.749 1195.091 1202.432 1205.384 1206.279 1207.175 1208.071 1207.439 1196.619 1185.799 1174.979 1164.159 1149.404 1131.796 1114.188 1096.58 1078.98 1061.653 1044.326 1026.998 1009.671 994.415 981.4183 968.4216 955.4249 942.4283 935.5533 929.1565 922.7598 916.363 911.616 909.5975 907.579 905.5606 903.5421
1283.285 1281.844 1280.403 1278.961 1269.856 1260.639 1251.421 1242.204 1229.826 1213.338 1196.851 1180.363 1163.876 1153.068 1143.004 1132.94 1122.877 1116.782 1118.625 1120.468 1122.311 1124.154 1132.634 1142.957 1153.281 1163.604 1173.19 1180.333 1187.477 1194.62 1201.763 1204.399 1204.925 1205.45 1205.976 1205.037 1194.329 1183.622 1172.915 1162.207 1147.512 1129.925 1112.339 1094.752 1077.172 1059.791 1042.41 1025.029 1007.648 991.9459 978.0746 964.2034 950.3322 936.4612 929.8313 923.7672 917.703 911.6389 907.3641 906.0484 904.7327 903.4171 902.1014
1275.799 1274.857 1273.915 1272.972 1264.409 1255.733 1247.057 1238.382 1226.095 1209.114 1192.133 1175.152 1158.171 1147.049 1136.696 1126.343 1115.99 1109.882 1112.267 1114.652 1117.037 1119.421 1128.842 1140.217 1151.592 1162.967 1173.315 1180.26 1187.204 1194.149 1201.094 1203.414 1203.57 1203.725 1203.881 1202.634 1192.04 1181.445 1170.85 1160.255 1145.62 1128.055 1110.49 1092.925 1075.364 1057.929 1040.494 1023.06 1005.625 989.4767 974.7309 959.9852 945.2394 930.4938 924.1091 918.3776 912.6461 906.9147 903.112 902.4991 901.8864 901.2735 900.6607
1266.502 1266.335 1266.169 1266.002 1258.205 1250.295 1242.385 1234.475 1222.564 1205.45 1188.336 1171.222 1154.109 1142.952 1132.576 1122.201 1111.825 1105.855 1108.694 1111.534 1114.374 1117.213 1127.332 1139.472 1151.613 1163.753 1174.602 1181.174 1187.747 1194.319 1200.891 1202.759 1202.427 1202.094 1201.761 1200.043 1189.095 1178.146 1167.198 1156.249 1141.613 1124.302 1106.992 1089.682 1072.381 1055.397 1038.412 1021.428 1004.443 988.4984 973.6868 958.8752 944.0636 929.2521 922.7788 916.957 911.1351 905.3133 901.5457 901.1754 900.805 900.4347 900.0644
1255.891 1256.701 1257.511 1258.321 1251.453 1244.471 1237.489 1230.508 1219.177 1202.192 1185.207 1168.222 1151.237 1140.247 1130.043 1119.839 1109.635 1103.91 1107.141 1110.372 1113.604 1116.835 1127.475 1140.174 1152.873 1165.571 1176.733 1182.806 1188.879 1194.952 1201.025 1202.344 1201.437 1200.53 1199.623 1197.316 1185.675 1174.035 1162.394 1150.753 1136.072 1119.185 1102.299 1085.412 1068.547 1052.378 1036.209 1020.04 1003.872 988.6009 974.3097 960.0186 945.7274 931.4364 924.6325 918.4136 912.1947 905.9758 901.9263 901.4648 901.0033 900.5417 900.0803
1245.28 1247.067 1248.854 1250.64 1244.7 1238.647 1232.594 1226.54 1215.79 1198.934 1182.078 1165.221 1148.365 1137.542 1127.51 1117.478 1107.446 1101.965 1105.588 1109.211 1112.834 1116.457 1127.619 1140.876 1154.132 1167.389 1178.864 1184.438 1190.012 1195.586 1201.16 1201.928 1200.447 1198.966 1197.485 1194.589 1182.256 1169.923 1157.59 1145.258 1130.531 1114.068 1097.606 1081.143 1064.713 1049.36 1034.006 1018.653 1003.3 988.7034 974.9326 961.1619 947.3912 933.6206 926.4861 919.8702 913.2542 906.6382 902.307 901.7543 901.2015 900.6489 900.0961
1234.67 1237.433 1240.196 1242.959 1237.948 1232.823 1227.698 1222.573 1212.403 1195.676 1178.948 1162.221 1145.493 1134.837 1124.976 1115.116 1105.256 1100.02 1104.035 1108.049 1112.064 1116.079 1127.763 1141.577 1155.392 1169.207 1180.995 1186.069 1191.145 1196.22 1201.295 1201.513 1199.458 1197.403 1195.348 1191.862 1178.837 1165.812 1152.787 1139.762 1124.99 1108.951 1092.913 1076.874 1060.879 1046.341 1031.803 1017.266 1002.728 988.8058 975.5555 962.3052 949.055 935.8048 928.3398 921.3267 914.3137 907.3007 902.6877 902.0438 901.3998 900.7559 900.112
1224.112 1227.848 1231.584 1235.321 1231.218 1226.999 1222.781 1218.562 1208.962 1192.367 1175.771 1159.176 1142.58 1132.103 1122.428 1112.753 1103.078 1098.098 1102.506 1106.914 1111.322 1115.73 1127.926 1142.285 1156.644 1171.004 1183.095 1187.675 1192.256 1196.836 1201.417 1201.102 1198.496 1195.891 1193.285 1189.236 1175.568 1161.9 1148.232 1134.564 1119.772 1104.167 1088.561 1072.955 1057.403 1043.669 1029.935 1016.2 1002.466 989.1985 976.4406 963.6826 950.9245 938.1666 930.3459 922.9109 915.476 908.041 903.1255 902.3766 901.6279 900.879 900.1302
1215.322 1219.917 1224.512 1229.107 1225.201 1221.171 1217.14 1213.109 1203.718 1187.359 1170.999 1154.639 1138.28 1128.404 1119.378 1110.353 1101.327 1096.93 1101.788 1106.647 1111.506 1116.364 1128.734 1143.19 1157.645 1172.101 1184.186 1188.418 1192.649 1196.881 1201.113 1200.848 1198.478 1196.108 1193.739 1190.026 1177.355 1164.685 1152.015 1139.345 1125.396 1110.52 1095.644 1080.767 1065.936 1052.599 1039.261 1025.924 1012.586 999.3107 986.1021 972.8934 959.6847 946.4761 937.4583 928.7678 920.0773 911.3869 905.4767 904.1646 902.8525 901.5403 900.2282
1206.533 1211.986 1217.44 1222.893 1219.185 1215.342 1211.499 1207.656 1198.474 1182.35 1166.227 1150.103 1133.98 1124.705 1116.328 1107.952 1099.576 1095.761 1101.071 1106.38 1111.689 1116.999 1129.542 1144.094 1158.647 1173.199 1185.277 1189.16 1193.043 1196.926 1200.809 1200.593 1198.46 1196.326 1194.193 1190.815 1179.143 1167.471 1155.798 1144.126 1131.02 1116.873 1102.727 1088.58 1074.469 1061.528 1048.588 1035.648 1022.707 1009.423 995.7639 982.1046 968.4452 954.7859 944.5709 934.6249 924.6789 914.7329 907.828 905.9526 904.0771 902.2016 900.3262
1197.744 1204.056 1210.367 1216.679 1213.168 1209.513 1205.858 1202.203 1193.229 1177.342 1161.454 1145.567 1129.679 1121.006 1113.279 1105.552 1097.825 1094.593 1100.353 1106.113 1111.873 1117.633 1130.35 1144.999 1159.648 1174.297 1186.368 1189.902 1193.437 1196.971 1200.505 1200.339 1198.442 1196.544 1194.647 1191.604 1180.93 1170.256 1159.581 1148.907 1136.643 1123.226 1109.809 1096.393 1083.001 1070.458 1057.915 1045.371 1032.828 1019.535 1005.425 991.3154 977.2054 963.0955 951.6832 940.4818 929.2803 918.0788 910.1793 907.7405 905.3017 902.8629 900.4241
1188.954 1196.125 1203.295 1210.465 1207.152 1203.684 1200.217 1196.75 1187.985 1172.333 1156.682 1141.03 1125.379 1117.307 1110.229 1103.151 1096.073 1093.425 1099.636 1105.846 1112.057 1118.268 1131.158 1145.903 1160.649 1175.395 1187.459 1190.645 1193.83 1197.016 1200.201 1200.085 1198.423 1196.762 1195.101 1192.394 1182.718 1173.041 1163.365 1153.688 1142.267 1129.58 1116.893 1104.206 1091.534 1079.388 1067.242 1055.095 1042.949 1029.648 1015.087 1000.527 985.9659 971.4053 958.7958 946.3388 933.8818 921.4248 912.5306 909.5284 906.5264 903.5242 900.5221
1181.66 1189.704 1197.748 1205.792 1202.54 1199.122 1195.704 1192.286 1183.547 1167.893 1152.239 1136.585 1120.931 1113.354 1106.835 1100.317 1093.798 1091.497 1097.633 1103.768 1109.904 1116.039 1128.789 1143.378 1157.966 1172.554 1184.605 1188.252 1191.9 1195.547 1199.195 1199.495 1198.229 1196.963 1195.697 1193.443 1184.611 1175.779 1166.946 1158.114 1147.131 1134.588 1122.046 1109.503 1096.978 1085.021 1073.064 1061.107 1049.149 1036.119 1021.919 1007.718 993.5178 979.3173 966.5715 953.9393 941.3071 928.6749 919.437 915.8124 912.188 908.5635 904.939
1175.996 1184.931 1193.866 1202.801 1199.461 1195.941 1192.421 1188.901 1179.99 1164.073 1148.156 1132.24 1116.323 1109.122 1103.065 1097.008 1090.951 1088.742 1094.228 1099.714 1105.2 1110.687 1122.956 1137.109 1151.263 1165.416 1177.446 1182.44 1187.434 1192.428 1197.423 1198.54 1197.842 1197.145 1196.447 1194.777 1186.62 1178.464 1170.308 1162.151 1151.166 1138.13 1125.094 1112.058 1099.052 1087.058 1075.063 1063.068 1051.074 1038.619 1025.663 1012.708 999.7518 986.796 975.071 963.4421 951.8132 940.1843 931.3129 927.0016 922.6904 918.3791 914.0679
1170.333 1180.158 1189.984 1199.809 1196.382 1192.76 1189.138 1185.516 1176.434 1160.254 1144.074 1127.894 1111.714 1104.891 1099.296 1093.7 1088.104 1085.986 1090.823 1095.66 1100.497 1105.334 1117.122 1130.841 1144.56 1158.279 1170.287 1176.628 1182.969 1189.31 1195.651 1197.584 1197.456 1197.327 1197.198 1196.11 1188.63 1181.15 1173.669 1166.189 1155.202 1141.672 1128.142 1114.613 1101.127 1089.094 1077.062 1065.03 1052.998 1041.119 1029.408 1017.697 1005.986 994.2745 983.5702 972.9446 962.319 951.6934 943.1884 938.1904 933.1924 928.1943 923.1964
1164.669 1175.385 1186.102 1196.818 1193.303 1189.579 1185.855 1182.131 1172.877 1156.434 1139.991 1123.548 1107.106 1100.66 1095.526 1090.392 1085.258 1083.231 1087.418 1091.606 1095.794 1099.982 1111.289 1124.573 1137.857 1151.142 1163.128 1170.816 1178.503 1186.191 1193.878 1196.629 1197.069 1197.509 1197.949 1197.444 1190.639 1183.835 1177.031 1170.226 1159.237 1145.214 1131.191 1117.167 1103.201 1091.131 1079.061 1066.992 1054.922 1043.619 1033.152 1022.686 1012.219 1001.753 992.0694 982.4471 972.8247 963.2024 955.0638 949.3791 943.6943 938.0096 932.3249
1159.006 1170.613 1182.219 1193.826 1190.224 1186.398 1182.572 1178.745 1169.32 1152.614 1135.908 1119.203 1102.497 1096.429 1091.756 1087.083 1082.411 1080.475 1084.014 1087.552 1091.091 1094.63 1105.455 1118.305 1131.154 1144.004 1155.969 1165.003 1174.038 1183.072 1192.106 1195.674 1196.682 1197.691 1198.699 1198.777 1192.649 1186.521 1180.392 1174.264 1163.273 1148.756 1134.239 1119.722 1105.276 1093.168 1081.061 1068.953 1056.846 1046.119 1036.897 1027.675 1018.453 1009.232 1000.569 991.9499 983.3309 974.7119 966.9398 960.5682 954.1967 947.8252 941.4537
1156.103 1168.098 1180.093 1192.087 1189.018 1185.727 1182.436 1179.145 1170.093 1153.553 1137.012 1120.471 1103.931 1097.186 1091.725 1086.265 1080.804 1077.987 1080.459 1082.93 1085.402 1087.873 1098.095 1110.47 1122.846 1135.221 1147.077 1157.214 1167.352 1177.489 1187.626 1191.77 1193.108 1194.447 1195.785 1195.954 1188.327 1180.7 1173.073 1165.446 1153.712 1139.0 1124.288 1109.576 1094.918 1082.036 1069.155 1056.273 1043.392 1032.949 1025.166 1017.383 1009.6 1001.817 995.1031 988.4728 981.8427 975.2124 969.0229 963.5621 958.1013 952.6404 947.1796
1153.415 1165.759 1178.103 1190.446 1187.958 1185.252 1182.546 1179.84 1171.205 1154.863 1138.521 1122.179 1105.837 1098.332 1091.986 1085.64 1079.294 1075.521 1076.892 1078.264 1079.635 1081.006 1090.616 1102.514 1114.411 1126.309 1138.05 1149.271 1160.492 1171.713 1182.934 1187.635 1189.285 1190.935 1192.584 1192.806 1183.51 1174.215 1164.919 1155.624 1143.089 1128.205 1113.321 1098.438 1083.588 1069.875 1056.162 1042.449 1028.736 1018.554 1012.225 1005.896 999.5672 993.2383 988.5461 983.9817 979.4174 974.853 970.3411 965.9158 961.4905 957.0652 952.6398
