data/zism_data/00681_03_D.txt
ncols         224
nrows         224
[rows 0 to 27 of 224, columns 63 to 125 of 224]
4993.507 5010.791 5028.073 5045.357 5062.64 5074.883 5080.187 5085.49 5090.793 5096.097 5092.702 5086.195 5079.688 5073.18 5066.157 5049.777 5033.397 5017.018 5000.638 4984.734 4969.647 4954.561 4939.474 4924.387 4912.03 4900.937 4889.842 4878.749 4867.654 4860.603 4853.553 4846.503 4839.454 4832.403 4825.352 4818.301 4811.25 4804.199 4798.063 4792.462 4786.862 4781.261 4775.66 4769.612 4763.539 4757.465 4751.392 4746.504 4744.945 4743.387 4741.828 4740.269 4741.798 4745.577 4749.355 4753.134 4756.913 4761.329 4765.821 4770.313 4774.804 4779.755 4786.436
4998.771 5015.268 5031.764 5048.26 5064.756 5076.342 5081.166 5085.989 5090.813 5095.637 5091.344 5083.79 5076.235 5068.68 5060.639 5043.791 5026.941 5010.093 4993.244 4977.043 4961.957 4946.87 4931.783 4916.696 4904.853 4894.509 4884.166 4873.822 4863.479 4856.532 4849.586 4842.641 4835.695 4828.873 4822.317 4815.761 4809.205 4802.649 4796.703 4791.112 4785.521 4779.931 4774.341 4767.237 4760.048 4752.859 4745.67 4739.728 4737.283 4734.838 4732.394 4729.949 4730.715 4733.822 4736.928 4740.034 4743.141 4747.458 4751.918 4756.378 4760.839 4765.727 4772.225
5004.036 5019.745 5035.454 5051.164 5066.873 5077.8 5082.145 5086.489 5090.833 5095.177 5089.987 5081.384 5072.782 5064.179 5055.121 5037.803 5020.485 5003.167 4985.849 4969.352 4954.266 4939.179 4924.092 4909.005 4897.675 4888.082 4878.489 4868.896 4859.303 4852.461 4845.62 4838.778 4831.937 4825.342 4819.281 4813.22 4807.16 4801.099 4795.342 4789.762 4784.182 4778.602 4773.022 4764.862 4756.558 4748.254 4739.95 4732.952 4729.621 4726.29 4722.959 4719.628 4719.632 4722.066 4724.5 4726.934 4729.368 4733.586 4738.015 4742.444 4746.873 4751.699 4758.014
5009.429 5024.313 5039.197 5054.082 5068.967 5079.242 5083.169 5087.098 5091.025 5094.954 5089.214 5080.016 5070.818 5061.62 5051.991 5034.567 5017.143 4999.719 4982.295 4965.805 4950.919 4936.034 4921.149 4906.264 4895.341 4886.25 4877.16 4868.069 4858.979 4852.257 4845.536 4838.815 4832.095 4825.68 4819.929 4814.179 4808.428 4802.678 4797.006 4791.38 4785.754 4780.129 4774.503 4765.675 4756.667 4747.66 4738.652 4730.849 4726.423 4721.998 4717.572 4713.146 4712.146 4713.641 4715.135 4716.63 4718.125 4721.941 4726.032 4730.123 4734.214 4738.715 4744.759
5014.978 5028.991 5043.005 5057.02 5071.034 5080.662 5084.251 5087.84 5091.429 5095.018 5089.159 5079.919 5070.679 5061.439 5051.789 5034.704 5017.619 5000.534 4983.448 4967.337 4952.9 4938.463 4924.026 4909.589 4898.943 4890.051 4881.159 4872.266 4863.374 4856.792 4850.212 4843.633 4837.053 4830.761 4825.093 4819.426 4813.759 4808.092 4802.379 4796.638 4790.898 4785.157 4779.417 4770.396 4761.19 4751.984 4742.779 4734.474 4728.698 4722.923 4717.147 4711.372 4709.069 4709.297 4709.525 4709.753 4709.981 4713.025 4716.402 4719.778 4723.155 4727.013 4732.676
5020.526 5033.67 5046.813 5059.957 5073.101 5082.082 5085.333 5088.583 5091.833 5095.083 5089.104 5079.822 5070.541 5061.259 5051.587 5034.841 5018.094 5001.348 4984.602 4968.87 4954.881 4940.892 4926.903 4912.915 4902.546 4893.852 4885.157 4876.463 4867.769 4861.328 4854.889 4848.45 4842.011 4835.841 4830.257 4824.674 4819.09 4813.506 4807.751 4801.896 4796.041 4790.186 4784.331 4775.116 4765.712 4756.308 4746.905 4738.099 4730.974 4723.848 4716.722 4709.596 4705.992 4704.953 4703.915 4702.876 4701.837 4704.109 4706.771 4709.435 4712.097 4715.31 4720.593
5026.075 5038.348 5050.622 5062.895 5075.168 5083.502 5086.414 5089.325 5092.236 5095.148 5089.049 5079.726 5070.402 5061.079 5051.385 5034.977 5018.57 5002.162 4985.754 4970.402 4956.861 4943.321 4929.781 4916.24 4906.149 4897.653 4889.156 4880.66 4872.164 4865.864 4859.566 4853.267 4846.969 4840.922 4835.421 4829.921 4824.421 4818.92 4813.124 4807.154 4801.184 4795.214 4789.245 4779.836 4770.234 4760.632 4751.031 4741.725 4733.249 4724.773 4716.297 4707.821 4702.915 4700.609 4698.304 4695.999 4693.694 4695.193 4697.141 4699.09 4701.039 4703.607 4708.51
5031.624 5043.027 5054.429 5065.832 5077.235 5084.923 5087.495 5090.068 5092.64 5095.213 5088.994 5079.628 5070.263 5060.898 5051.183 5035.114 5019.045 5002.977 4986.908 4971.934 4958.842 4945.75 4932.658 4919.566 4909.751 4901.454 4893.155 4884.857 4876.559 4870.4 4864.242 4858.084 4851.927 4846.002 4840.585 4835.168 4829.751 4824.334 4818.496 4812.412 4806.327 4800.243 4794.159 4784.556 4774.756 4764.957 4755.157 4745.35 4735.524 4725.698 4715.872 4706.046 4699.838 4696.266 4692.694 4689.122 4685.55 4686.277 4687.511 4688.746 4689.98 4691.905 4696.427
5026.37 5038.696 5051.021 5063.348 5075.674 5084.02 5086.886 5089.752 5092.618 5095.484 5089.874 5081.23 5072.587 5063.943 5054.946 5039.52 5024.094 5008.669 4993.243 4978.809 4966.076 4953.343 4940.61 4927.877 4917.963 4909.353 4900.742 4892.131 4883.521 4877.352 4871.186 4865.019 4858.852 4852.782 4846.924 4841.066 4835.208 4829.35 4822.939 4816.206 4809.473 4802.74 4796.007 4786.298 4776.422 4766.546 4756.669 4746.664 4736.293 4725.923 4715.552 4705.182 4698.182 4693.639 4689.096 4684.552 4680.009 4679.998 4680.523 4681.048 4681.574 4682.851 4686.954
5019.896 5033.347 5046.799 5060.251 5073.703 5082.855 5086.086 5089.317 5092.548 5095.779 5090.859 5083.024 5075.188 5067.353 5059.156 5044.408 5029.66 5014.912 5000.165 4986.286 4973.903 4961.519 4949.136 4936.752 4926.695 4917.714 4908.733 4899.753 4890.772 4884.578 4878.385 4872.192 4865.999 4859.754 4853.395 4847.037 4840.678 4834.319 4827.277 4819.835 4812.394 4804.952 4797.51 4787.704 4777.765 4767.826 4757.888 4747.716 4736.893 4726.068 4715.245 4704.42 4696.687 4691.206 4685.724 4680.243 4674.761 4674.017 4673.833 4673.65 4673.466 4674.094 4677.776
5013.421 5027.999 5042.577 5057.154 5071.732 5081.69 5085.286 5088.881 5092.478 5096.073 5091.845 5084.818 5077.79 5070.762 5063.367 5049.296 5035.226 5021.156 5007.085 4993.764 4981.729 4969.695 4957.661 4945.626 4935.427 4926.076 4916.725 4907.374 4898.023 4891.803 4885.584 4879.365 4873.146 4866.726 4859.866 4853.007 4846.148 4839.289 4831.615 4823.464 4815.313 4807.163 4799.012 4789.109 4779.108 4769.107 4759.106 4748.769 4737.492 4726.214 4714.937 4703.659 4695.192 4688.772 4682.353 4675.933 4669.513 4668.036 4667.144 4666.251 4665.359 4665.338 4668.598
5006.947 5022.65 5038.354 5054.058 5069.761 5080.525 5084.485 5088.446 5092.407 5096.368 5092.831 5086.611 5080.392 5074.172 5067.577 5054.185 5040.792 5027.399 5014.006 5001.242 4989.557 4977.871 4966.186 4954.501 4944.159 4934.438 4924.717 4914.996 4905.275 4899.028 4892.784 4886.539 4880.293 4873.697 4866.337 4858.978 4851.619 4844.259 4835.953 4827.094 4818.234 4809.375 4800.515 4790.515 4780.452 4770.388 4760.324 4749.822 4738.091 4726.36 4714.629 4702.898 4693.697 4686.339 4678.981 4671.623 4664.265 4662.055 4660.454 4658.853 4657.251 4656.582 4659.419
5000.026 5016.731 5033.435 5050.14 5066.844 5078.422 5082.942 5087.461 5091.981 5096.501 5093.676 5088.222 5082.769 5077.315 5071.466 5058.435 5045.404 5032.374 5019.343 5006.889 4995.426 4983.963 4972.5 4961.038 4950.651 4940.764 4930.875 4920.988 4911.1 4904.686 4898.273 4891.861 4885.448 4878.567 4870.669 4862.771 4854.874 4846.976 4838.072 4828.58 4819.087 4809.595 4800.103 4790.065 4779.997 4769.928 4759.86 4749.309 4737.402 4725.495 4713.587 4701.68 4691.958 4683.827 4675.695 4667.564 4659.433 4656.465 4654.108 4651.75 4649.393 4648.043 4650.479
4992.269 5009.74 5027.21 5044.681 5062.151 5074.562 5080.004 5085.446 5090.889 5096.331 5094.256 5089.49 5084.725 5079.959 5074.75 5061.49 5048.23 5034.97 5021.71 5009.105 4997.627 4986.148 4974.67 4963.191 4952.946 4943.272 4933.598 4923.923 4914.25 4907.403 4900.558 4893.713 4886.868 4879.499 4870.991 4862.483 4853.975 4845.467 4836.029 4826.047 4816.064 4806.083 4796.1 4786.135 4776.171 4766.207 4756.243 4745.859 4734.296 4722.733 4711.169 4699.606 4689.76 4681.166 4672.57 4663.976 4655.38 4651.608 4648.407 4645.205 4642.003 4639.91 4641.987
4984.512 5002.749 5020.986 5039.223 5057.459 5070.702 5077.066 5083.432 5089.796 5096.161 5094.835 5090.758 5086.681 5082.604 5078.034 5064.545 5051.055 5037.566 5024.077 5011.321 4999.827 4988.333 4976.839 4965.345 4955.241 4945.78 4936.32 4926.859 4917.399 4910.12 4902.843 4895.565 4888.288 4880.43 4871.312 4862.194 4853.077 4843.959 4833.986 4823.514 4813.042 4802.57 4792.098 4782.206 4772.346 4762.486 4752.626 4742.409 4731.19 4719.971 4708.752 4697.533 4687.563 4678.504 4669.446 4660.387 4651.328 4646.751 4642.706 4638.659 4634.613 4631.778 4633.495
4976.755 4995.758 5014.761 5033.764 5052.767 5066.841 5074.129 5081.417 5088.704 5095.991 5095.416 5092.026 5088.637 5085.248 5081.318 5067.6 5053.881 5040.162 5026.444 5013.538 5002.028 4990.518 4979.008 4967.499 4957.536 4948.289 4939.042 4929.795 4920.548 4912.837 4905.127 4897.417 4889.707 4881.36 4871.633 4861.905 4852.178 4842.451 4831.944 4820.982 4810.02 4799.057 4788.095 4778.275 4768.52 4758.764 4749.009 4738.959 4728.084 4717.209 4706.334 4695.459 4685.366 4675.843 4666.321 4656.798 4647.275 4641.895 4637.004 4632.114 4627.223 4623.645 4625.002
4968.998 4988.767 5008.537 5028.306 5048.075 5062.981 5071.191 5079.401 5087.611 5095.822 5095.996 5093.294 5090.593 5087.892 5084.603 5070.654 5056.707 5042.758 5028.811 5015.754 5004.229 4992.703 4981.177 4969.652 4959.831 4950.797 4941.764 4932.731 4923.698 4915.555 4907.412 4899.269 4891.126 4882.292 4871.954 4861.617 4851.279 4840.942 4829.901 4818.449 4806.997 4795.545 4784.093 4774.346 4764.694 4755.043 4745.392 4735.509 4724.978 4714.447 4703.916 4693.385 4683.169 4673.183 4663.196 4653.209 4643.222 4637.038 4631.303 4625.568 4619.833 4615.512 4616.51
4964.71 4984.369 5004.028 5023.687 5043.346 5058.492 5067.425 5076.358 5085.292 5094.225 5094.732 5092.225 5089.717 5087.209 5084.107 5070.225 5056.342 5042.46 5028.578 5015.56 5004.027 4992.494 4980.961 4969.428 4959.356 4949.959 4940.562 4931.165 4921.768 4912.606 4903.445 4894.284 4885.123 4875.437 4864.609 4853.783 4842.957 4832.13 4821.082 4809.904 4798.726 4787.549 4776.371 4766.792 4757.304 4747.814 4738.325 4728.635 4718.377 4708.12 4697.862 4687.604 4677.473 4667.434 4657.395 4647.355 4637.316 4631.289 4625.735 4620.183 4614.629 4610.389 4611.085
4961.306 4980.631 4999.956 5019.281 5038.606 5053.843 5063.448 5073.054 5082.66 5092.266 5093.0 5090.56 5088.12 5085.68 5082.649 5068.908 5055.166 5041.424 5027.683 5014.751 5003.214 4991.676 4980.138 4968.6 4958.176 4948.269 4938.361 4928.453 4918.545 4908.216 4897.887 4887.559 4877.229 4866.599 4855.313 4844.028 4832.743 4821.458 4810.536 4799.828 4789.119 4778.411 4767.703 4758.316 4749.005 4739.693 4730.381 4720.888 4710.886 4700.884 4690.881 4680.879 4670.886 4660.899 4650.912 4640.924 4630.938 4625.312 4620.202 4615.092 4609.981 4606.031 4606.441
4957.901 4976.893 4995.884 5014.876 5033.867 5049.193 5059.471 5069.75 5080.027 5090.306 5091.267 5088.895 5086.523 5084.15 5081.191 5067.59 5053.99 5040.389 5026.788 5013.944 5002.401 4990.857 4979.314 4967.771 4956.997 4946.578 4936.159 4925.741 4915.322 4903.826 4892.33 4880.833 4869.336 4857.762 4846.018 4834.274 4822.53 4810.786 4799.991 4789.752 4779.513 4769.273 4759.034 4749.841 4740.706 4731.572 4722.437 4713.142 4703.395 4693.648 4683.901 4674.155 4664.299 4654.364 4644.429 4634.494 4624.559 4619.335 4614.668 4610.001 4605.334 4601.673 4601.796
4954.497 4973.154 4991.813 5010.47 5029.128 5044.543 5055.494 5066.445 5077.396 5088.346 5089.535 5087.23 5084.926 5082.621 5079.734 5066.273 5052.813 5039.353 5025.893 5013.136 5001.587 4990.039 4978.491 4966.942 4955.817 4944.888 4933.958 4923.029 4912.099 4899.436 4886.771 4874.107 4861.443 4848.925 4836.722 4824.519 4812.316 4800.114 4789.446 4779.676 4769.906 4760.135 4750.365 4741.365 4732.407 4723.45 4714.493 4705.395 4695.904 4686.413 4676.921 4667.43 4657.712 4647.83 4637.947 4628.063 4618.181 4613.358 4609.135 4604.911 4600.687 4597.315 4597.152
4951.226 4969.622 4988.018 5006.415 5024.811 5040.239 5051.581 5062.923 5074.265 5085.606 5086.855 5084.493 5082.13 5079.768 5076.836 5063.588 5050.341 5037.093 5023.846 5011.212 4999.634 4988.056 4976.479 4964.9 4953.271 4941.617 4929.963 4918.31 4906.657 4893.08 4879.502 4865.925 4852.348 4839.165 4826.837 4814.509 4802.182 4789.854 4779.459 4770.194 4760.929 4751.664 4742.399 4733.552 4724.728 4715.904 4707.08 4698.119 4688.773 4679.427 4670.08 4660.734 4651.194 4641.514 4631.833 4622.153 4612.472 4608.052 4604.253 4600.454 4596.655 4593.57 4593.168
4948.365 4966.719 4985.074 5003.429 5021.783 5036.99 5047.863 5058.735 5069.608 5080.48 5081.28 5078.474 5075.668 5072.863 5069.534 5056.719 5043.904 5031.089 5018.274 5005.876 4994.193 4982.511 4970.829 4959.147 4946.543 4933.514 4920.484 4907.455 4894.425 4880.712 4867.0 4853.287 4839.574 4826.581 4815.149 4803.718 4792.287 4780.856 4771.18 4762.53 4753.88 4745.23 4736.58 4727.765 4718.941 4710.118 4701.294 4692.282 4682.743 4673.204 4663.665 4654.125 4644.888 4635.869 4626.851 4617.832 4608.813 4604.793 4601.365 4597.936 4594.507 4591.696 4591.206
4945.504 4963.817 4982.129 5000.442 5018.755 5033.741 5044.144 5054.548 5064.951 5075.355 5075.704 5072.455 5069.207 5065.958 5062.232 5049.85 5037.467 5025.085 5012.703 5000.539 4988.752 4976.966 4965.18 4953.393 4939.815 4925.41 4911.004 4896.599 4882.193 4868.345 4854.496 4840.648 4826.799 4813.996 4803.461 4792.927 4782.392 4771.858 4762.901 4754.866 4746.831 4738.795 4730.761 4721.979 4713.155 4704.331 4695.507 4686.445 4676.713 4666.981 4657.249 4647.517 4638.581 4630.224 4621.868 4613.511 4605.154 4601.535 4598.477 4595.418 4592.359 4589.821 4589.243
4942.643 4960.914 4979.185 4997.457 5015.728 5030.492 5040.426 5050.36 5060.294 5070.229 5070.128 5066.437 5062.745 5059.053 5054.93 5042.98 5031.03 5019.081 5007.131 4995.203 4983.312 4971.421 4959.53 4947.639 4933.088 4917.306 4901.525 4885.743 4869.962 4855.977 4841.993 4828.009 4814.025 4801.412 4791.773 4782.136 4772.498 4762.86 4754.622 4747.202 4739.781 4732.361 4724.941 4716.192 4707.369 4698.545 4689.721 4680.608 4670.683 4660.758 4650.833 4640.909 4632.274 4624.579 4616.884 4609.19 4601.495 4598.277 4595.588 4592.9 4590.211 4587.947 4587.28
4939.782 4958.011 4976.241 4994.47 5012.7 5027.242 5036.708 5046.173 5055.638 5065.104 5064.553 5060.417 5056.283 5052.148 5047.627 5036.11 5024.593 5013.076 5001.559 4989.866 4977.871 4965.876 4953.881 4941.886 4926.36 4909.203 4892.045 4874.888 4857.73 4843.609 4829.49 4815.37 4801.251 4788.828 4780.086 4771.344 4762.603 4753.861 4746.342 4739.537 4732.732 4725.927 4719.123 4710.406 4701.582 4692.758 4683.935 4674.771 4664.653 4654.536 4644.418 4634.3 4625.967 4618.934 4611.901 4604.869 4597.836 4595.019 4592.701 4590.382 4588.063 4586.073 4585.317
4925.798 4944.816 4963.834 4982.853 5001.871 5016.999 5026.771 5036.543 5046.315 5056.087 5055.999 5052.382 5048.765 5045.148 5041.128 5029.797 5018.466 5007.135 4995.804 4984.007 4971.411 4958.815 4946.219 4933.623 4917.579 4899.94 4882.303 4864.665 4847.027 4833.335 4819.646 4805.957 4792.268 4780.255 4771.885 4763.514 4755.143 4746.772 4739.389 4732.583 4725.776 4718.97 4712.164 4703.406 4694.539 4685.672 4676.805 4667.698 4657.921 4648.143 4638.365 4628.588 4620.882 4614.685 4608.488 4602.292 4596.095 4593.548 4591.433 4589.317 4587.202 4585.362 4584.558
4906.948 4927.118 4947.288 4967.458 4987.628 5003.696 5014.114 5024.533 5034.951 5045.37 5046.142 5043.463 5040.785 5038.106 5034.979 5023.726 5012.474 5001.221 4989.968 4977.919 4964.505 4951.09 4937.676 4924.262 4907.898 4890.171 4872.445 4854.718 4836.992 4823.978 4810.966 4797.955 4784.943 4773.439 4765.209 4756.979 4748.749 4740.519 4733.017 4725.939 4718.862 4711.785 4704.708 4695.876 4686.946 4678.016 4669.086 4660.085 4650.88 4641.676 4632.472 4623.268 4616.331 4611.046 4605.762 4600.477 4595.193 4592.859 4590.874 4588.889 4586.904 4585.16 4584.324
