data/zism_data/00684_01_D.txt
ncols         224
nrows         224
[rows 0 to 27 of 224, columns 0 to 62 of 224]
1299.554 1299.69 1299.763 1299.836 1299.909 1299.982 1300.0 1300.0 1300.0 1300.0 1300.0 1300.0 1300.0 1300.0 1300.0 1299.91 1299.769 1299.628 1299.486 1299.226 1297.453 1295.68 1293.907 1292.133 1289.893 1287.205 1284.517 1281.83 1279.142 1275.527 1271.862 1268.197 1264.532 1260.143 1254.607 1249.071 1243.534 1237.998 1237.621 1238.34 1239.059 1239.778 1242.453 1250.62 1258.786 1266.952 1275.118 1280.861 1285.569 1290.277 1294.985 1299.069 1299.28 1299.49 1299.7 1299.911 1300.0 1300.0 1300.0 1300.0 1300.0 1300.0 1300.0
1299.478 1299.69 1299.763 1299.836 1299.909 1299.982 1300.0 1300.0 1300.0 1300.0 1300.0 1300.0 1300.0 1300.0 1300.0 1299.927 1299.813 1299.698 1299.583 1299.369 1297.889 1296.409 1294.929 1293.449 1291.191 1288.189 1285.187 1282.185 1279.182 1274.732 1270.203 1265.675 1261.146 1256.109 1250.263 1244.418 1238.572 1232.727 1232.243 1232.898 1233.553 1234.208 1237.021 1245.891 1254.761 1263.63 1272.5 1278.857 1284.141 1289.424 1294.708 1299.281 1299.444 1299.606 1299.769 1299.931 1300.0 1300.0 1300.0 1300.0 1300.0 1300.0 1300.0
1299.402 1299.69 1299.763 1299.836 1299.909 1299.982 1300.0 1300.0 1300.0 1300.0 1300.0 1300.0 1300.0 1300.0 1300.0 1299.944 1299.856 1299.768 1299.68 1299.512 1298.325 1297.138 1295.952 1294.765 1292.49 1289.173 1285.856 1282.54 1279.223 1273.937 1268.545 1263.153 1257.761 1252.074 1245.919 1239.765 1233.61 1227.456 1226.865 1227.456 1228.047 1228.638 1231.589 1241.162 1250.736 1260.309 1269.882 1276.853 1282.712 1288.572 1294.431 1299.494 1299.608 1299.723 1299.837 1299.952 1300.0 1300.0 1300.0 1300.0 1300.0 1300.0 1300.0
1299.326 1299.69 1299.763 1299.836 1299.909 1299.982 1300.0 1300.0 1300.0 1300.0 1300.0 1300.0 1300.0 1300.0 1300.0 1299.961 1299.9 1299.838 1299.777 1299.655 1298.761 1297.868 1296.974 1296.08 1293.788 1290.157 1286.526 1282.895 1279.263 1273.142 1266.886 1260.631 1254.375 1248.039 1241.576 1235.112 1228.648 1222.184 1221.487 1222.014 1222.541 1223.068 1226.157 1236.434 1246.711 1256.987 1267.264 1274.849 1281.284 1287.719 1294.154 1299.706 1299.772 1299.839 1299.905 1299.972 1300.0 1300.0 1300.0 1300.0 1300.0 1300.0 1300.0
1299.25 1299.69 1299.763 1299.836 1299.909 1299.982 1300.0 1300.0 1300.0 1300.0 1300.0 1300.0 1300.0 1300.0 1300.0 1299.978 1299.943 1299.909 1299.874 1299.798 1299.198 1298.597 1297.996 1297.396 1295.086 1291.141 1287.195 1283.25 1279.304 1272.347 1265.228 1258.109 1250.99 1244.005 1237.232 1230.459 1223.686 1216.913 1216.109 1216.572 1217.035 1217.498 1220.724 1231.705 1242.686 1253.666 1264.646 1272.845 1279.856 1286.866 1293.877 1299.918 1299.937 1299.955 1299.974 1299.992 1300.0 1300.0 1300.0 1300.0 1300.0 1300.0 1300.0
1298.966 1299.565 1299.668 1299.77 1299.873 1299.975 1300.0 1300.0 1300.0 1300.0 1300.0 1300.0 1300.0 1300.0 1300.0 1299.987 1299.966 1299.944 1299.923 1299.873 1299.451 1299.03 1298.608 1298.186 1295.984 1292.076 1288.169 1284.262 1280.355 1273.024 1265.509 1257.994 1250.478 1243.075 1235.849 1228.624 1221.398 1214.172 1213.715 1214.696 1215.677 1216.658 1220.321 1231.512 1242.702 1253.893 1265.084 1273.281 1280.201 1287.12 1294.04 1299.995 1299.959 1299.923 1299.887 1299.851 1299.832 1299.826 1299.819 1299.813 1299.807 1299.849 1299.892
1298.552 1299.362 1299.512 1299.663 1299.813 1299.964 1300.0 1300.0 1300.0 1300.0 1300.0 1300.0 1300.0 1300.0 1300.0 1299.99 1299.974 1299.958 1299.943 1299.905 1299.59 1299.275 1298.96 1298.645 1296.628 1292.982 1289.336 1285.69 1282.044 1274.63 1267.014 1259.397 1251.781 1244.105 1236.335 1228.566 1220.797 1213.027 1213.205 1215.07 1216.936 1218.802 1223.091 1234.18 1245.27 1256.359 1267.448 1275.257 1281.665 1288.073 1294.481 1299.987 1299.892 1299.798 1299.703 1299.609 1299.559 1299.541 1299.524 1299.507 1299.492 1299.604 1299.715
1298.138 1299.158 1299.357 1299.555 1299.754 1299.952 1300.0 1300.0 1300.0 1300.0 1300.0 1300.0 1300.0 1300.0 1300.0 1299.993 1299.983 1299.973 1299.962 1299.937 1299.729 1299.52 1299.312 1299.103 1297.272 1293.887 1290.502 1287.117 1283.733 1276.236 1268.518 1260.801 1253.083 1245.135 1236.822 1228.509 1220.195 1211.882 1212.694 1215.445 1218.195 1220.946 1225.86 1236.849 1247.837 1258.825 1269.813 1277.233 1283.129 1289.025 1294.922 1299.979 1299.826 1299.672 1299.519 1299.366 1299.285 1299.257 1299.229 1299.201 1299.177 1299.358 1299.539
1297.724 1298.955 1299.201 1299.448 1299.694 1299.941 1300.0 1300.0 1300.0 1300.0 1300.0 1300.0 1300.0 1300.0 1300.0 1299.997 1299.992 1299.987 1299.981 1299.969 1299.867 1299.766 1299.663 1299.562 1297.916 1294.792 1291.669 1288.545 1285.421 1277.842 1270.023 1262.204 1254.385 1246.164 1237.308 1228.451 1219.594 1210.737 1212.184 1215.819 1219.454 1223.089 1228.63 1239.517 1250.404 1261.291 1272.177 1279.208 1284.593 1289.978 1295.362 1299.971 1299.759 1299.547 1299.335 1299.123 1299.011 1298.973 1298.934 1298.896 1298.861 1299.112 1299.362
1297.255 1298.707 1299.012 1299.317 1299.622 1299.927 1299.998 1299.996 1299.994 1299.992 1299.99 1299.99 1299.99 1299.99 1299.99 1299.991 1299.992 1299.992 1299.993 1299.994 1299.995 1299.996 1299.998 1299.999 1298.541 1295.685 1292.828 1289.972 1287.116 1279.469 1271.564 1263.659 1255.753 1247.271 1237.875 1228.478 1219.081 1209.684 1211.729 1216.204 1220.678 1225.153 1231.285 1242.066 1252.847 1263.628 1274.409 1281.06 1285.948 1290.836 1295.723 1299.895 1299.625 1299.355 1299.085 1298.814 1298.677 1298.637 1298.597 1298.557 1298.523 1298.848 1299.173
1295.594 1297.486 1298.079 1298.672 1299.265 1299.857 1299.962 1299.912 1299.862 1299.812 1299.772 1299.772 1299.772 1299.772 1299.772 1299.782 1299.799 1299.816 1299.832 1299.85 1299.884 1299.917 1299.95 1299.984 1298.748 1296.297 1293.846 1291.395 1288.944 1281.55 1273.89 1266.23 1258.57 1250.061 1240.205 1230.35 1220.495 1210.64 1212.481 1216.807 1221.132 1225.458 1231.426 1242.005 1252.583 1263.162 1273.74 1280.208 1284.919 1289.631 1294.343 1298.356 1298.033 1297.709 1297.385 1297.062 1297.019 1297.182 1297.344 1297.507 1297.675 1298.186 1298.697
1293.934 1296.266 1297.146 1298.027 1298.907 1299.788 1299.926 1299.828 1299.729 1299.631 1299.553 1299.553 1299.553 1299.553 1299.553 1299.573 1299.606 1299.639 1299.672 1299.707 1299.772 1299.837 1299.903 1299.968 1298.955 1296.909 1294.863 1292.817 1290.771 1283.63 1276.216 1268.801 1261.386 1252.85 1242.536 1232.223 1221.909 1211.596 1213.234 1217.41 1221.586 1225.762 1231.567 1241.943 1252.319 1262.695 1273.071 1279.355 1283.891 1288.427 1292.962 1296.817 1296.44 1296.063 1295.686 1295.309 1295.36 1295.726 1296.091 1296.456 1296.826 1297.524 1298.222
1292.273 1295.045 1296.213 1297.382 1298.55 1299.719 1299.889 1299.743 1299.597 1299.451 1299.334 1299.334 1299.334 1299.334 1299.334 1299.365 1299.413 1299.462 1299.511 1299.563 1299.66 1299.758 1299.855 1299.952 1299.162 1297.521 1295.88 1294.239 1292.598 1285.711 1278.542 1271.372 1264.202 1255.639 1244.867 1234.095 1223.323 1212.552 1213.986 1218.013 1222.04 1226.067 1231.709 1241.882 1252.056 1262.229 1272.402 1278.502 1282.862 1287.222 1291.582 1295.277 1294.847 1294.417 1293.987 1293.557 1293.702 1294.27 1294.838 1295.406 1295.978 1296.863 1297.747
1290.613 1293.824 1295.28 1296.737 1298.193 1299.649 1299.853 1299.659 1299.465 1299.271 1299.115 1299.115 1299.115 1299.115 1299.115 1299.156 1299.221 1299.285 1299.35 1299.419 1299.549 1299.678 1299.807 1299.937 1299.369 1298.133 1296.897 1295.661 1294.426 1287.792 1280.867 1273.943 1267.019 1258.428 1247.198 1235.968 1224.738 1213.507 1214.738 1218.616 1222.494 1226.371 1231.85 1241.821 1251.792 1261.763 1271.734 1277.649 1281.833 1286.017 1290.201 1293.738 1293.255 1292.771 1292.288 1291.804 1292.044 1292.814 1293.585 1294.355 1295.13 1296.201 1297.272
1288.756 1292.496 1294.266 1296.035 1297.804 1299.574 1299.793 1299.521 1299.249 1298.976 1298.742 1298.661 1298.58 1298.499 1298.418 1298.514 1298.711 1298.908 1299.105 1299.299 1299.455 1299.611 1299.767 1299.924 1299.452 1298.378 1297.305 1296.231 1295.158 1288.587 1281.721 1274.855 1267.988 1259.37 1247.974 1236.579 1225.184 1213.789 1214.732 1218.296 1221.86 1225.424 1230.546 1240.039 1249.531 1259.024 1268.517 1274.129 1278.084 1282.039 1285.994 1289.37 1289.149 1288.928 1288.708 1288.487 1289.115 1290.366 1291.618 1292.869 1294.12 1295.413 1296.706
1286.682 1291.049 1293.16 1295.271 1297.381 1299.492 1299.708 1299.324 1298.94 1298.556 1298.198 1297.946 1297.694 1297.443 1297.192 1297.391 1297.849 1298.307 1298.765 1299.203 1299.38 1299.558 1299.736 1299.913 1299.397 1298.217 1297.037 1295.857 1294.677 1287.959 1280.944 1273.928 1266.913 1258.264 1247.029 1235.794 1224.558 1213.323 1213.885 1216.954 1220.022 1223.09 1227.641 1236.35 1245.059 1253.768 1262.477 1267.653 1271.321 1274.988 1278.655 1281.868 1282.26 1282.653 1283.045 1283.437 1284.78 1286.82 1288.86 1290.9 1292.933 1294.487 1296.041
1284.608 1289.603 1292.054 1294.506 1296.958 1299.409 1299.623 1299.127 1298.631 1298.135 1297.653 1297.231 1296.809 1296.387 1295.965 1296.268 1296.987 1297.706 1298.426 1299.107 1299.306 1299.505 1299.704 1299.903 1299.343 1298.056 1296.769 1295.483 1294.196 1287.331 1280.167 1273.002 1265.837 1257.159 1246.084 1235.008 1223.933 1212.857 1213.039 1215.612 1218.184 1220.757 1224.736 1232.662 1240.587 1248.513 1256.438 1261.178 1264.557 1267.937 1271.316 1274.366 1275.371 1276.377 1277.382 1278.387 1280.444 1283.273 1286.102 1288.931 1291.745 1293.56 1295.376
1282.535 1288.156 1290.949 1293.741 1296.534 1299.327 1299.538 1298.93 1298.322 1297.714 1297.109 1296.516 1295.924 1295.331 1294.738 1295.145 1296.125 1297.106 1298.086 1299.011 1299.232 1299.452 1299.672 1299.892 1299.288 1297.895 1296.502 1295.108 1293.715 1286.703 1279.389 1272.075 1264.761 1256.054 1245.138 1234.223 1223.307 1212.391 1212.192 1214.269 1216.346 1218.423 1221.831 1228.973 1236.115 1243.257 1250.399 1254.703 1257.794 1260.886 1263.977 1266.864 1268.483 1270.101 1271.719 1273.337 1276.109 1279.726 1283.344 1286.962 1290.557 1292.634 1294.71
1280.461 1286.709 1289.843 1292.977 1296.111 1299.245 1299.453 1298.733 1298.013 1297.293 1296.565 1295.802 1295.038 1294.275 1293.512 1294.022 1295.264 1296.505 1297.747 1298.916 1299.157 1299.399 1299.64 1299.882 1299.234 1297.734 1296.234 1294.734 1293.234 1286.076 1278.612 1271.149 1263.685 1254.948 1244.193 1233.437 1222.682 1211.926 1211.346 1212.927 1214.508 1216.09 1218.926 1225.285 1231.643 1238.001 1244.36 1248.227 1251.031 1253.835 1256.638 1259.363 1261.594 1263.825 1266.056 1268.287 1271.773 1276.18 1280.587 1284.993 1289.37 1291.708 1294.045
1277.808 1284.778 1288.253 1291.728 1295.203 1298.679 1298.613 1297.424 1296.235 1295.046 1293.921 1293.055 1292.188 1291.322 1290.456 1291.244 1292.984 1294.723 1296.462 1298.083 1298.201 1298.319 1298.438 1298.556 1297.546 1295.457 1293.368 1291.28 1289.191 1281.7 1273.919 1266.137 1258.356 1249.754 1239.853 1229.952 1220.051 1210.15 1209.581 1210.995 1212.409 1213.822 1216.302 1221.77 1227.239 1232.707 1238.176 1241.603 1244.157 1246.712 1249.266 1251.872 1254.798 1257.725 1260.651 1263.577 1267.734 1272.794 1277.855 1282.916 1287.941 1290.593 1293.245
1275.094 1282.796 1286.613 1290.429 1294.245 1298.062 1297.694 1295.999 1294.303 1292.608 1291.057 1290.095 1289.133 1288.17 1287.208 1288.293 1290.555 1292.817 1295.078 1297.173 1297.153 1297.132 1297.112 1297.092 1295.687 1292.959 1290.23 1287.502 1284.773 1276.932 1268.814 1260.697 1252.58 1244.131 1235.157 1226.184 1217.21 1208.237 1207.721 1209.001 1210.281 1211.562 1213.706 1218.274 1222.842 1227.41 1231.977 1234.963 1237.272 1239.581 1241.891 1244.383 1248.013 1251.643 1255.272 1258.902 1263.726 1269.426 1275.126 1280.826 1286.487 1289.458 1292.43
1272.381 1280.814 1284.972 1289.129 1293.287 1297.444 1296.774 1294.573 1292.371 1290.169 1288.193 1287.135 1286.077 1285.019 1283.96 1285.342 1288.126 1290.91 1293.694 1296.264 1296.105 1295.945 1295.786 1295.627 1293.829 1290.461 1287.092 1283.724 1280.356 1272.163 1263.71 1255.257 1246.804 1238.508 1230.462 1222.416 1214.37 1206.323 1205.86 1207.007 1208.154 1209.302 1211.111 1214.778 1218.445 1222.112 1225.779 1228.323 1230.387 1232.451 1234.515 1236.894 1241.227 1245.561 1249.894 1254.227 1259.717 1266.057 1272.397 1278.737 1285.032 1288.324 1291.615
1269.667 1278.833 1283.331 1287.83 1292.329 1296.827 1295.855 1293.147 1290.439 1287.731 1285.329 1284.175 1283.021 1281.867 1280.713 1282.391 1285.698 1289.004 1292.311 1295.354 1295.056 1294.759 1294.461 1294.163 1291.97 1287.962 1283.954 1279.947 1275.939 1267.395 1258.606 1249.817 1241.028 1232.885 1225.766 1218.648 1211.529 1204.41 1203.999 1205.013 1206.027 1207.041 1208.516 1211.282 1214.048 1216.814 1219.58 1221.682 1223.501 1225.32 1227.14 1229.405 1234.442 1239.479 1244.515 1249.552 1255.709 1262.689 1269.668 1276.648 1283.578 1287.189 1290.801
1266.666 1276.266 1280.988 1285.709 1290.431 1295.153 1293.778 1290.469 1287.159 1283.85 1280.957 1279.759 1278.561 1277.362 1276.164 1278.173 1282.025 1285.877 1289.729 1293.279 1292.988 1292.696 1292.405 1292.114 1289.67 1285.166 1280.662 1276.158 1271.653 1262.955 1254.031 1245.106 1236.182 1228.263 1221.938 1215.612 1209.287 1202.961 1202.56 1203.418 1204.275 1205.133 1206.298 1208.328 1210.358 1212.388 1214.418 1216.289 1218.092 1219.895 1221.698 1224.03 1229.65 1235.271 1240.891 1246.512 1253.163 1260.571 1267.979 1275.387 1282.742 1286.537 1290.332
1263.098 1272.542 1277.253 1281.964 1286.675 1291.386 1289.41 1285.312 1281.213 1277.115 1273.6 1272.461 1271.321 1270.182 1269.042 1271.448 1275.892 1280.336 1284.779 1288.899 1288.901 1288.903 1288.905 1288.906 1286.497 1281.78 1277.062 1272.345 1267.628 1259.166 1250.503 1241.84 1233.177 1225.622 1219.825 1214.027 1208.229 1202.431 1201.956 1202.61 1203.265 1203.92 1204.829 1206.448 1208.068 1209.687 1211.307 1213.361 1215.601 1217.841 1220.081 1222.838 1228.805 1234.772 1240.739 1246.706 1253.51 1260.928 1268.347 1275.766 1283.13 1286.84 1290.55
1259.529 1268.818 1273.518 1278.219 1282.919 1287.619 1285.042 1280.155 1275.268 1270.381 1266.244 1265.163 1264.082 1263.001 1261.92 1264.723 1269.759 1274.794 1279.83 1284.519 1284.814 1285.109 1285.404 1285.699 1283.324 1278.394 1273.463 1268.532 1263.602 1255.377 1246.976 1238.574 1230.172 1222.982 1217.711 1212.441 1207.171 1201.901 1201.351 1201.803 1202.255 1202.708 1203.359 1204.568 1205.777 1206.986 1208.195 1210.433 1213.11 1215.787 1218.464 1221.646 1227.959 1234.272 1240.586 1246.899 1253.856 1261.286 1268.715 1276.144 1283.518 1287.142 1290.767
1255.961 1265.094 1269.784 1274.474 1279.163 1283.853 1280.674 1274.998 1269.322 1263.646 1258.887 1257.865 1256.843 1255.821 1254.798 1257.999 1263.626 1269.253 1274.88 1280.139 1280.727 1281.316 1281.904 1282.492 1280.151 1275.008 1269.864 1264.72 1259.576 1251.589 1243.448 1235.307 1227.167 1220.341 1215.598 1210.856 1206.113 1201.371 1200.746 1200.996 1201.246 1201.496 1201.89 1202.688 1203.487 1204.285 1205.084 1207.505 1210.619 1213.733 1216.848 1220.453 1227.113 1233.773 1240.433 1247.093 1254.203 1261.643 1269.083 1276.523 1283.906 1287.445 1290.984
1252.392 1261.37 1266.049 1270.728 1275.407 1280.086 1276.306 1269.841 1263.376 1256.912 1251.531 1250.567 1249.604 1248.64 1247.676 1251.274 1257.493 1263.711 1269.93 1275.759 1276.641 1277.522 1278.403 1279.285 1276.979 1271.622 1266.265 1260.908 1255.551 1247.8 1239.921 1232.041 1224.162 1217.7 1213.485 1209.27 1205.055 1200.841 1200.141 1200.189 1200.236 1200.283 1200.42 1200.808 1201.196 1201.585 1201.973 1204.577 1208.129 1211.68 1215.231 1219.261 1226.268 1233.274 1240.28 1247.287 1254.549 1262.0 1269.451 1276.901 1284.294 1287.747 1291.201
