data/zism_data/00696_03_D.txt
ncols         224
nrows         224
[rows 84 to 111 of 224, columns 0 to 62 of 224]
1326.821 1326.601 1326.38 1326.16 1325.958 1325.803 1325.649 1325.494 1325.34 1325.088 1324.801 1324.515 1324.228 1323.995 1323.973 1323.951 1323.928 1323.906 1323.766 1323.568 1323.37 1323.172 1322.962 1322.668 1322.374 1322.08 1321.786 1321.579 1321.432 1321.285 1321.138 1320.987 1320.767 1320.546 1320.326 1320.105 1319.847 1319.553 1319.259 1318.965 1318.671 1318.522 1318.375 1318.228 1318.081 1317.921 1317.744 1317.568 1317.391 1317.215 1317.039 1316.862 1316.686 1316.509 1316.358 1316.247 1316.137 1316.026 1315.916 1315.756 1315.587 1315.418 1315.249
1326.821 1326.601 1326.38 1326.16 1325.958 1325.805 1325.652 1325.5 1325.347 1325.094 1324.806 1324.518 1324.23 1323.996 1323.979 1323.962 1323.945 1323.927 1323.786 1323.583 1323.38 1323.177 1322.962 1322.671 1322.38 1322.089 1321.798 1321.591 1321.441 1321.291 1321.141 1320.988 1320.776 1320.564 1320.352 1320.141 1319.889 1319.601 1319.313 1319.024 1318.736 1318.582 1318.429 1318.276 1318.123 1317.962 1317.791 1317.619 1317.448 1317.276 1317.11 1316.945 1316.779 1316.613 1316.471 1316.367 1316.263 1316.16 1316.056 1315.905 1315.745 1315.585 1315.425
1326.821 1326.601 1326.38 1326.16 1325.955 1325.792 1325.628 1325.464 1325.301 1325.053 1324.776 1324.499 1324.221 1323.99 1323.94 1323.891 1323.841 1323.792 1323.661 1323.49 1323.319 1323.149 1322.963 1322.677 1322.391 1322.106 1321.82 1321.612 1321.457 1321.301 1321.146 1320.989 1320.793 1320.597 1320.402 1320.206 1319.968 1319.69 1319.413 1319.136 1318.858 1318.693 1318.53 1318.366 1318.203 1318.036 1317.864 1317.693 1317.521 1317.35 1317.193 1317.038 1316.883 1316.729 1316.589 1316.474 1316.36 1316.245 1316.131 1315.996 1315.858 1315.719 1315.581
1326.821 1326.601 1326.38 1326.16 1325.952 1325.778 1325.604 1325.429 1325.255 1325.012 1324.746 1324.479 1324.213 1323.983 1323.901 1323.82 1323.738 1323.656 1323.536 1323.398 1323.259 1323.12 1322.964 1322.683 1322.403 1322.123 1321.842 1321.633 1321.473 1321.312 1321.151 1320.99 1320.81 1320.631 1320.451 1320.272 1320.047 1319.78 1319.513 1319.247 1318.98 1318.805 1318.63 1318.456 1318.282 1318.109 1317.937 1317.766 1317.594 1317.423 1317.276 1317.132 1316.988 1316.844 1316.707 1316.582 1316.456 1316.331 1316.206 1316.088 1315.971 1315.854 1315.737
1326.821 1326.601 1326.38 1326.16 1325.949 1325.764 1325.579 1325.394 1325.209 1324.972 1324.716 1324.46 1324.204 1323.977 1323.863 1323.748 1323.634 1323.52 1323.411 1323.305 1323.199 1323.092 1322.964 1322.689 1322.414 1322.139 1321.865 1321.654 1321.488 1321.322 1321.156 1320.99 1320.827 1320.664 1320.5 1320.337 1320.126 1319.87 1319.614 1319.358 1319.102 1318.916 1318.731 1318.546 1318.361 1318.182 1318.01 1317.839 1317.668 1317.496 1317.359 1317.226 1317.093 1316.959 1316.825 1316.689 1316.553 1316.417 1316.281 1316.179 1316.084 1315.988 1315.893
1326.821 1326.601 1326.38 1326.16 1325.946 1325.75 1325.554 1325.359 1325.163 1324.931 1324.686 1324.44 1324.195 1323.97 1323.824 1323.677 1323.531 1323.384 1323.286 1323.212 1323.138 1323.064 1322.965 1322.695 1322.426 1322.156 1321.887 1321.676 1321.504 1321.333 1321.161 1320.991 1320.844 1320.697 1320.55 1320.403 1320.204 1319.959 1319.714 1319.469 1319.224 1319.027 1318.832 1318.636 1318.44 1318.255 1318.084 1317.912 1317.741 1317.569 1317.443 1317.32 1317.197 1317.075 1316.943 1316.796 1316.649 1316.503 1316.356 1316.27 1316.196 1316.123 1316.049
1326.821 1326.601 1326.38 1326.16 1325.949 1325.764 1325.578 1325.393 1325.208 1324.994 1324.77 1324.546 1324.323 1324.115 1323.968 1323.821 1323.674 1323.527 1323.407 1323.302 1323.197 1323.092 1322.966 1322.707 1322.449 1322.19 1321.931 1321.718 1321.536 1321.354 1321.172 1320.993 1320.878 1320.763 1320.648 1320.533 1320.353 1320.113 1319.873 1319.634 1319.394 1319.192 1318.991 1318.79 1318.589 1318.403 1318.237 1318.071 1317.905 1317.738 1317.607 1317.479 1317.352 1317.224 1317.089 1316.942 1316.795 1316.648 1316.501 1316.403 1316.313 1316.224 1316.134
1326.821 1326.601 1326.38 1326.16 1325.952 1325.777 1325.603 1325.428 1325.254 1325.059 1324.856 1324.654 1324.452 1324.261 1324.114 1323.967 1323.82 1323.673 1323.532 1323.395 1323.257 1323.12 1322.968 1322.72 1322.472 1322.223 1321.975 1321.76 1321.567 1321.375 1321.182 1320.995 1320.912 1320.829 1320.747 1320.664 1320.502 1320.268 1320.033 1319.799 1319.565 1319.358 1319.151 1318.945 1318.738 1318.552 1318.391 1318.23 1318.07 1317.909 1317.773 1317.64 1317.507 1317.374 1317.235 1317.089 1316.942 1316.795 1316.648 1316.536 1316.43 1316.324 1316.219
1326.821 1326.601 1326.38 1326.16 1325.955 1325.791 1325.627 1325.464 1325.3 1325.123 1324.943 1324.762 1324.581 1324.407 1324.261 1324.114 1323.967 1323.82 1323.657 1323.488 1323.318 1323.148 1322.969 1322.732 1322.494 1322.257 1322.02 1321.803 1321.599 1321.395 1321.192 1320.997 1320.947 1320.896 1320.845 1320.795 1320.651 1320.422 1320.193 1319.965 1319.736 1319.524 1319.312 1319.099 1318.887 1318.701 1318.546 1318.39 1318.235 1318.079 1317.939 1317.801 1317.662 1317.524 1317.382 1317.235 1317.088 1316.941 1316.794 1316.668 1316.547 1316.425 1316.303
1326.821 1326.601 1326.38 1326.16 1325.958 1325.805 1325.652 1325.499 1325.346 1325.188 1325.029 1324.87 1324.711 1324.554 1324.407 1324.26 1324.113 1323.966 1323.782 1323.58 1323.378 1323.176 1322.97 1322.744 1322.517 1322.291 1322.064 1321.845 1321.631 1321.416 1321.202 1320.999 1320.981 1320.962 1320.944 1320.926 1320.801 1320.577 1320.354 1320.13 1319.907 1319.689 1319.472 1319.254 1319.037 1318.85 1318.7 1318.55 1318.4 1318.25 1318.105 1317.961 1317.818 1317.674 1317.528 1317.381 1317.234 1317.088 1316.941 1316.801 1316.664 1316.526 1316.388
1326.891 1326.677 1326.464 1326.25 1326.052 1325.893 1325.734 1325.576 1325.417 1325.264 1325.112 1324.96 1324.809 1324.657 1324.505 1324.354 1324.202 1324.051 1323.856 1323.64 1323.425 1323.209 1322.994 1322.788 1322.582 1322.375 1322.169 1321.955 1321.737 1321.519 1321.301 1321.095 1321.078 1321.062 1321.045 1321.029 1320.914 1320.707 1320.501 1320.294 1320.088 1319.87 1319.652 1319.434 1319.216 1319.028 1318.879 1318.73 1318.581 1318.431 1318.282 1318.133 1317.983 1317.834 1317.685 1317.535 1317.386 1317.237 1317.088 1316.94 1316.793 1316.646 1316.499
1327.05 1326.853 1326.656 1326.458 1326.264 1326.079 1325.893 1325.708 1325.522 1325.353 1325.191 1325.029 1324.866 1324.704 1324.541 1324.379 1324.217 1324.054 1323.863 1323.658 1323.453 1323.248 1323.047 1322.873 1322.699 1322.525 1322.351 1322.154 1321.941 1321.728 1321.516 1321.312 1321.258 1321.204 1321.15 1321.096 1320.979 1320.805 1320.631 1320.457 1320.283 1320.071 1319.858 1319.645 1319.432 1319.246 1319.091 1318.936 1318.782 1318.627 1318.472 1318.318 1318.163 1318.008 1317.854 1317.699 1317.544 1317.39 1317.235 1317.087 1316.94 1316.793 1316.646
1327.21 1327.029 1326.847 1326.666 1326.477 1326.264 1326.052 1325.839 1325.627 1325.443 1325.27 1325.097 1324.924 1324.75 1324.577 1324.404 1324.231 1324.058 1323.87 1323.676 1323.482 1323.288 1323.1 1322.959 1322.817 1322.675 1322.533 1322.352 1322.145 1321.938 1321.73 1321.53 1321.438 1321.346 1321.255 1321.163 1321.045 1320.903 1320.761 1320.62 1320.478 1320.271 1320.064 1319.857 1319.649 1319.463 1319.303 1319.143 1318.983 1318.823 1318.663 1318.503 1318.343 1318.182 1318.022 1317.862 1317.702 1317.542 1317.382 1317.233 1317.086 1316.939 1316.792
1327.369 1327.204 1327.039 1326.874 1326.689 1326.449 1326.21 1325.971 1325.731 1325.533 1325.349 1325.165 1324.981 1324.797 1324.613 1324.429 1324.245 1324.061 1323.878 1323.694 1323.511 1323.327 1323.153 1323.044 1322.934 1322.825 1322.715 1322.551 1322.349 1322.147 1321.945 1321.747 1321.618 1321.489 1321.359 1321.23 1321.111 1321.001 1320.892 1320.782 1320.672 1320.472 1320.27 1320.068 1319.866 1319.68 1319.515 1319.35 1319.184 1319.019 1318.853 1318.688 1318.522 1318.357 1318.191 1318.026 1317.86 1317.695 1317.53 1317.38 1317.233 1317.086 1316.939
1327.529 1327.38 1327.231 1327.082 1326.901 1326.635 1326.369 1326.102 1325.836 1325.623 1325.428 1325.233 1325.038 1324.844 1324.649 1324.454 1324.26 1324.065 1323.885 1323.712 1323.539 1323.367 1323.207 1323.129 1323.052 1322.975 1322.898 1322.75 1322.553 1322.356 1322.16 1321.965 1321.798 1321.631 1321.464 1321.297 1321.176 1321.099 1321.022 1320.945 1320.867 1320.672 1320.476 1320.279 1320.083 1319.898 1319.727 1319.556 1319.385 1319.214 1319.044 1318.873 1318.702 1318.531 1318.36 1318.189 1318.019 1317.848 1317.677 1317.526 1317.379 1317.232 1317.085
1327.565 1327.413 1327.262 1327.11 1326.93 1326.675 1326.419 1326.164 1325.909 1325.715 1325.543 1325.371 1325.199 1325.023 1324.832 1324.64 1324.449 1324.258 1324.077 1323.901 1323.724 1323.548 1323.382 1323.285 1323.188 1323.09 1322.993 1322.854 1322.687 1322.519 1322.352 1322.184 1322.008 1321.832 1321.655 1321.479 1321.344 1321.247 1321.15 1321.052 1320.955 1320.789 1320.621 1320.454 1320.286 1320.115 1319.939 1319.763 1319.586 1319.41 1319.234 1319.058 1318.882 1318.705 1318.529 1318.353 1318.177 1318.0 1317.824 1317.669 1317.517 1317.365 1317.214
1327.585 1327.428 1327.271 1327.114 1326.934 1326.695 1326.456 1326.217 1325.978 1325.808 1325.663 1325.518 1325.373 1325.219 1325.033 1324.848 1324.662 1324.476 1324.293 1324.111 1323.93 1323.748 1323.574 1323.45 1323.326 1323.202 1323.077 1322.947 1322.812 1322.676 1322.541 1322.403 1322.222 1322.04 1321.859 1321.677 1321.526 1321.401 1321.277 1321.153 1321.029 1320.894 1320.759 1320.624 1320.488 1320.332 1320.151 1319.969 1319.788 1319.606 1319.424 1319.243 1319.061 1318.88 1318.698 1318.516 1318.335 1318.153 1317.972 1317.811 1317.654 1317.496 1317.339
1327.605 1327.443 1327.28 1327.118 1326.939 1326.716 1326.493 1326.27 1326.047 1325.902 1325.783 1325.665 1325.547 1325.416 1325.235 1325.055 1324.874 1324.694 1324.509 1324.322 1324.135 1323.948 1323.766 1323.615 1323.464 1323.313 1323.161 1323.039 1322.936 1322.833 1322.731 1322.623 1322.436 1322.249 1322.062 1321.875 1321.707 1321.556 1321.405 1321.253 1321.102 1320.999 1320.896 1320.793 1320.69 1320.55 1320.363 1320.176 1319.989 1319.802 1319.615 1319.428 1319.241 1319.054 1318.867 1318.68 1318.493 1318.306 1318.119 1317.953 1317.79 1317.628 1317.465
1327.625 1327.457 1327.29 1327.122 1326.943 1326.736 1326.53 1326.323 1326.116 1325.995 1325.903 1325.812 1325.72 1325.612 1325.437 1325.262 1325.087 1324.912 1324.725 1324.533 1324.341 1324.148 1323.958 1323.78 1323.602 1323.424 1323.246 1323.131 1323.061 1322.99 1322.92 1322.842 1322.65 1322.458 1322.265 1322.073 1321.888 1321.71 1321.532 1321.354 1321.176 1321.104 1321.033 1320.963 1320.892 1320.767 1320.575 1320.382 1320.19 1319.998 1319.805 1319.613 1319.421 1319.228 1319.036 1318.843 1318.651 1318.459 1318.266 1318.095 1317.927 1317.759 1317.591
1327.665 1327.506 1327.347 1327.188 1327.019 1326.821 1326.623 1326.426 1326.228 1326.114 1326.03 1325.945 1325.861 1325.762 1325.603 1325.444 1325.285 1325.126 1324.941 1324.744 1324.546 1324.348 1324.15 1323.953 1323.755 1323.557 1323.359 1323.243 1323.181 1323.12 1323.058 1322.99 1322.808 1322.626 1322.445 1322.263 1322.073 1321.875 1321.677 1321.48 1321.282 1321.219 1321.157 1321.095 1321.034 1320.918 1320.737 1320.555 1320.374 1320.192 1319.996 1319.798 1319.6 1319.402 1319.205 1319.007 1318.809 1318.611 1318.414 1318.24 1318.07 1317.9 1317.731
1327.745 1327.623 1327.502 1327.381 1327.237 1327.034 1326.831 1326.628 1326.425 1326.285 1326.169 1326.052 1325.936 1325.818 1325.697 1325.576 1325.455 1325.333 1325.158 1324.954 1324.751 1324.548 1324.345 1324.142 1323.939 1323.736 1323.532 1323.391 1323.292 1323.193 1323.094 1322.992 1322.853 1322.715 1322.576 1322.438 1322.266 1322.062 1321.859 1321.656 1321.453 1321.352 1321.253 1321.154 1321.055 1320.938 1320.799 1320.661 1320.522 1320.384 1320.186 1319.983 1319.78 1319.577 1319.374 1319.17 1318.967 1318.764 1318.561 1318.391 1318.226 1318.062 1317.898
1327.824 1327.74 1327.657 1327.573 1327.455 1327.247 1327.038 1326.83 1326.621 1326.457 1326.308 1326.159 1326.01 1325.875 1325.791 1325.708 1325.624 1325.541 1325.374 1325.165 1324.957 1324.748 1324.54 1324.331 1324.123 1323.914 1323.706 1323.54 1323.403 1323.266 1323.129 1322.995 1322.899 1322.803 1322.708 1322.613 1322.458 1322.25 1322.041 1321.833 1321.624 1321.486 1321.349 1321.212 1321.075 1320.957 1320.862 1320.766 1320.671 1320.575 1320.376 1320.168 1319.959 1319.751 1319.542 1319.334 1319.125 1318.917 1318.708 1318.542 1318.383 1318.224 1318.065
1327.903 1327.857 1327.812 1327.766 1327.674 1327.46 1327.246 1327.032 1326.818 1326.628 1326.447 1326.266 1326.085 1325.931 1325.885 1325.839 1325.794 1325.748 1325.59 1325.376 1325.162 1324.948 1324.734 1324.52 1324.307 1324.093 1323.879 1323.688 1323.514 1323.339 1323.164 1322.997 1322.945 1322.892 1322.84 1322.787 1322.651 1322.437 1322.223 1322.009 1321.795 1321.62 1321.445 1321.271 1321.096 1320.976 1320.924 1320.872 1320.819 1320.767 1320.567 1320.353 1320.139 1319.925 1319.711 1319.497 1319.284 1319.07 1318.856 1318.693 1318.539 1318.386 1318.232
1327.983 1327.974 1327.966 1327.958 1327.892 1327.673 1327.453 1327.234 1327.015 1326.8 1326.586 1326.373 1326.16 1325.988 1325.979 1325.971 1325.963 1325.955 1325.806 1325.587 1325.367 1325.148 1324.929 1324.71 1324.49 1324.271 1324.052 1323.837 1323.625 1323.412 1323.2 1323.0 1322.99 1322.981 1322.971 1322.962 1322.843 1322.624 1322.405 1322.185 1321.966 1321.754 1321.541 1321.329 1321.117 1320.996 1320.986 1320.977 1320.968 1320.958 1320.757 1320.538 1320.319 1320.099 1319.88 1319.661 1319.442 1319.222 1319.003 1318.844 1318.696 1318.547 1318.399
1328.125 1328.092 1328.058 1328.024 1327.947 1327.756 1327.566 1327.375 1327.184 1326.974 1326.758 1326.542 1326.325 1326.146 1326.112 1326.079 1326.045 1326.011 1325.873 1325.682 1325.491 1325.3 1325.106 1324.889 1324.673 1324.457 1324.241 1324.024 1323.808 1323.592 1323.376 1323.17 1323.141 1323.111 1323.082 1323.052 1322.936 1322.741 1322.546 1322.351 1322.156 1321.94 1321.724 1321.507 1321.291 1321.159 1321.129 1321.1 1321.07 1321.041 1320.852 1320.649 1320.445 1320.242 1320.036 1319.828 1319.621 1319.413 1319.205 1319.038 1318.878 1318.719 1318.559
1328.286 1328.209 1328.132 1328.056 1327.958 1327.805 1327.651 1327.498 1327.345 1327.149 1326.938 1326.727 1326.516 1326.333 1326.256 1326.179 1326.102 1326.026 1325.898 1325.745 1325.591 1325.438 1325.277 1325.066 1324.855 1324.645 1324.434 1324.223 1324.012 1323.801 1323.59 1323.388 1323.321 1323.254 1323.186 1323.119 1323.002 1322.839 1322.676 1322.513 1322.351 1322.14 1321.93 1321.719 1321.508 1321.362 1321.294 1321.227 1321.16 1321.093 1320.921 1320.739 1320.557 1320.375 1320.189 1319.997 1319.806 1319.614 1319.422 1319.244 1319.068 1318.892 1318.717
1328.446 1328.326 1328.207 1328.087 1327.968 1327.853 1327.737 1327.621 1327.506 1327.324 1327.118 1326.913 1326.707 1326.519 1326.399 1326.28 1326.16 1326.04 1325.923 1325.807 1325.692 1325.576 1325.449 1325.243 1325.038 1324.832 1324.627 1324.422 1324.216 1324.01 1323.805 1323.605 1323.501 1323.396 1323.291 1323.186 1323.068 1322.937 1322.807 1322.676 1322.545 1322.341 1322.136 1321.93 1321.725 1321.564 1321.46 1321.355 1321.25 1321.145 1320.989 1320.829 1320.668 1320.508 1320.341 1320.166 1319.99 1319.815 1319.639 1319.45 1319.258 1319.066 1318.875
1328.607 1328.444 1328.281 1328.118 1327.979 1327.901 1327.823 1327.745 1327.667 1327.499 1327.299 1327.099 1326.898 1326.706 1326.543 1326.38 1326.217 1326.054 1325.948 1325.87 1325.792 1325.714 1325.62 1325.42 1325.22 1325.02 1324.82 1324.62 1324.42 1324.22 1324.02 1323.823 1323.68 1323.538 1323.395 1323.253 1323.134 1323.035 1322.937 1322.839 1322.74 1322.542 1322.342 1322.141 1321.941 1321.767 1321.625 1321.482 1321.34 1321.197 1321.058 1320.919 1320.78 1320.641 1320.494 1320.335 1320.175 1320.016 1319.857 1319.656 1319.448 1319.24 1319.032
