data/zism_data/00696_02_D.txt
ncols         224
nrows         224
[rows 150 to 179 of 224, columns 136 to 203 of 224]
1296.859 1296.337 1295.816 1295.281 1294.725 1294.169 1293.613 1293.057 1292.412 1291.751 1291.09 1290.429 1289.744 1289.004 1288.264 1287.524 1286.784 1286.131 1285.504 1284.877 1284.25 1283.608 1282.918 1282.227 1281.536 1280.845 1280.054 1279.219 1278.383 1277.548 1276.689 1275.71 1274.73 1273.75 1272.771 1271.691 1270.552 1269.413 1268.274 1267.135 1265.996 1264.857 1263.718 1262.579 1261.379 1260.13 1258.88 1257.631 1256.385 1255.383 1254.381 1253.379 1252.377 1251.656 1251.242 1250.828 1250.415 1250.001 1249.795 1249.601 1249.408 1249.215 1249.091 1249.069 1249.047 1249.025 1249.003 1248.925
1296.336 1295.809 1295.282 1294.746 1294.195 1293.644 1293.094 1292.543 1291.854 1291.139 1290.424 1289.709 1288.997 1288.289 1287.582 1286.874 1286.167 1285.513 1284.875 1284.237 1283.599 1282.957 1282.298 1281.64 1280.981 1280.323 1279.552 1278.733 1277.914 1277.095 1276.25 1275.27 1274.29 1273.311 1272.331 1271.269 1270.157 1269.044 1267.932 1266.82 1265.708 1264.596 1263.484 1262.371 1261.243 1260.101 1258.959 1257.818 1256.678 1255.714 1254.75 1253.786 1252.821 1252.113 1251.682 1251.252 1250.822 1250.392 1250.119 1249.856 1249.593 1249.329 1249.158 1249.119 1249.081 1249.043 1249.005 1248.949
1295.813 1295.28 1294.748 1294.211 1293.665 1293.12 1292.575 1292.03 1291.296 1290.528 1289.759 1288.99 1288.25 1287.574 1286.899 1286.224 1285.549 1284.894 1284.245 1283.597 1282.948 1282.305 1281.679 1281.052 1280.426 1279.8 1279.051 1278.248 1277.445 1276.642 1275.81 1274.831 1273.851 1272.871 1271.891 1270.846 1269.761 1268.676 1267.59 1266.505 1265.42 1264.335 1263.249 1262.164 1261.107 1260.073 1259.039 1258.004 1256.972 1256.045 1255.119 1254.192 1253.266 1252.569 1252.123 1251.676 1251.23 1250.784 1250.444 1250.111 1249.778 1249.444 1249.224 1249.17 1249.116 1249.061 1249.007 1248.972
1295.29 1294.752 1294.214 1293.676 1293.136 1292.596 1292.056 1291.516 1290.738 1289.916 1289.093 1288.271 1287.503 1286.86 1286.217 1285.574 1284.931 1284.275 1283.616 1282.957 1282.297 1281.653 1281.059 1280.465 1279.871 1279.277 1278.549 1277.762 1276.975 1276.189 1275.371 1274.391 1273.411 1272.432 1271.452 1270.423 1269.365 1268.307 1267.248 1266.19 1265.132 1264.073 1263.015 1261.957 1260.971 1260.044 1259.118 1258.191 1257.265 1256.376 1255.488 1254.599 1253.71 1253.025 1252.563 1252.1 1251.638 1251.175 1250.769 1250.366 1249.962 1249.559 1249.291 1249.221 1249.15 1249.08 1249.009 1248.996
1294.744 1294.209 1293.675 1293.125 1292.552 1291.978 1291.404 1290.83 1290.087 1289.311 1288.535 1287.759 1287.02 1286.365 1285.711 1285.057 1284.402 1283.732 1283.058 1282.384 1281.709 1281.049 1280.435 1279.821 1279.206 1278.592 1277.866 1277.091 1276.316 1275.541 1274.747 1273.85 1272.953 1272.056 1271.16 1270.201 1269.204 1268.208 1267.211 1266.215 1265.218 1264.222 1263.225 1262.229 1261.299 1260.423 1259.548 1258.672 1257.797 1256.941 1256.085 1255.23 1254.374 1253.689 1253.188 1252.688 1252.188 1251.687 1251.237 1250.79 1250.343 1249.896 1249.579 1249.454 1249.328 1249.202 1249.076 1249.048
1294.193 1293.664 1293.134 1292.572 1291.955 1291.338 1290.722 1290.105 1289.413 1288.707 1288.001 1287.295 1286.598 1285.922 1285.246 1284.57 1283.894 1283.207 1282.517 1281.826 1281.135 1280.455 1279.809 1279.162 1278.516 1277.87 1277.141 1276.377 1275.613 1274.848 1274.079 1273.285 1272.49 1271.696 1270.901 1270.025 1269.098 1268.172 1267.245 1266.319 1265.392 1264.466 1263.539 1262.613 1261.735 1260.897 1260.059 1259.221 1258.383 1257.56 1256.736 1255.913 1255.09 1254.401 1253.857 1253.314 1252.77 1252.227 1251.739 1251.254 1250.769 1250.285 1249.92 1249.729 1249.539 1249.348 1249.158 1249.107
1293.641 1293.118 1292.594 1292.019 1291.359 1290.699 1290.039 1289.379 1288.739 1288.103 1287.467 1286.831 1286.176 1285.479 1284.781 1284.084 1283.387 1282.682 1281.975 1281.269 1280.562 1279.862 1279.183 1278.504 1277.826 1277.147 1276.416 1275.663 1274.909 1274.156 1273.412 1272.72 1272.027 1271.335 1270.643 1269.848 1268.992 1268.135 1267.279 1266.422 1265.566 1264.709 1263.853 1262.996 1262.171 1261.37 1260.57 1259.77 1258.969 1258.178 1257.387 1256.597 1255.806 1255.112 1254.526 1253.939 1253.353 1252.766 1252.24 1251.718 1251.196 1250.673 1250.26 1250.005 1249.749 1249.494 1249.239 1249.167
1293.09 1292.572 1292.053 1291.465 1290.762 1290.059 1289.356 1288.653 1288.066 1287.5 1286.933 1286.367 1285.755 1285.036 1284.317 1283.598 1282.879 1282.157 1281.434 1280.711 1279.988 1279.268 1278.557 1277.846 1277.135 1276.425 1275.691 1274.949 1274.206 1273.463 1272.745 1272.155 1271.565 1270.975 1270.385 1269.672 1268.886 1268.099 1267.313 1266.526 1265.74 1264.953 1264.166 1263.38 1262.606 1261.844 1261.081 1260.318 1259.556 1258.797 1258.039 1257.28 1256.521 1255.824 1255.195 1254.565 1253.936 1253.306 1252.742 1252.182 1251.622 1251.062 1250.6 1250.28 1249.96 1249.641 1249.321 1249.226
1292.581 1292.074 1291.567 1290.976 1290.246 1289.517 1288.788 1288.059 1287.508 1286.991 1286.474 1285.956 1285.371 1284.631 1283.89 1283.15 1282.409 1281.68 1280.953 1280.227 1279.501 1278.772 1278.037 1277.303 1276.568 1275.833 1275.104 1274.378 1273.651 1272.925 1272.231 1271.708 1271.185 1270.662 1270.14 1269.485 1268.75 1268.015 1267.28 1266.546 1265.818 1265.09 1264.363 1263.635 1262.906 1262.177 1261.448 1260.719 1259.99 1259.267 1258.545 1257.823 1257.101 1256.41 1255.755 1255.099 1254.443 1253.787 1253.198 1252.613 1252.028 1251.443 1250.946 1250.579 1250.212 1249.844 1249.477 1249.354
1292.193 1291.713 1291.232 1290.666 1289.959 1289.251 1288.543 1287.836 1287.279 1286.751 1286.223 1285.695 1285.096 1284.334 1283.572 1282.81 1282.048 1281.338 1280.644 1279.95 1279.256 1278.552 1277.818 1277.083 1276.348 1275.613 1274.907 1274.213 1273.519 1272.824 1272.152 1271.597 1271.042 1270.487 1269.932 1269.265 1268.53 1267.795 1267.061 1266.329 1265.628 1264.927 1264.226 1263.525 1262.82 1262.113 1261.405 1260.697 1259.99 1259.317 1258.643 1257.969 1257.295 1256.641 1256.006 1255.372 1254.738 1254.104 1253.526 1252.952 1252.377 1251.803 1251.313 1250.945 1250.578 1250.21 1249.843 1249.678
1291.805 1291.352 1290.898 1290.357 1289.671 1288.985 1288.299 1287.613 1287.05 1286.512 1285.973 1285.434 1284.821 1284.037 1283.254 1282.47 1281.687 1280.997 1280.335 1279.673 1279.011 1278.333 1277.598 1276.863 1276.128 1275.394 1274.709 1274.048 1273.386 1272.724 1272.074 1271.487 1270.899 1270.312 1269.724 1269.045 1268.31 1267.576 1266.841 1266.111 1265.437 1264.763 1264.089 1263.415 1262.735 1262.048 1261.362 1260.676 1259.991 1259.366 1258.74 1258.115 1257.49 1256.87 1256.258 1255.645 1255.032 1254.42 1253.853 1253.29 1252.726 1252.163 1251.679 1251.312 1250.944 1250.577 1250.209 1250.002
1291.417 1290.991 1290.564 1290.048 1289.383 1288.719 1288.054 1287.389 1286.822 1286.272 1285.723 1285.173 1284.546 1283.741 1282.936 1282.131 1281.326 1280.656 1280.026 1279.396 1278.767 1278.113 1277.378 1276.643 1275.909 1275.174 1274.512 1273.883 1273.253 1272.624 1271.996 1271.376 1270.756 1270.137 1269.517 1268.826 1268.091 1267.356 1266.621 1265.894 1265.247 1264.6 1263.953 1263.306 1262.649 1261.984 1261.32 1260.655 1259.992 1259.415 1258.838 1258.261 1257.684 1257.101 1256.509 1255.918 1255.327 1254.736 1254.181 1253.628 1253.075 1252.523 1252.045 1251.678 1251.31 1250.943 1250.576 1250.326
1291.029 1290.63 1290.23 1289.739 1289.095 1288.452 1287.809 1287.166 1286.593 1286.032 1285.472 1284.912 1284.271 1283.444 1282.618 1281.791 1280.964 1280.314 1279.717 1279.12 1278.522 1277.893 1277.158 1276.424 1275.689 1274.954 1274.315 1273.718 1273.12 1272.523 1271.917 1271.265 1270.613 1269.961 1269.309 1268.606 1267.871 1267.136 1266.401 1265.677 1265.056 1264.436 1263.816 1263.196 1262.563 1261.92 1261.277 1260.634 1259.992 1259.464 1258.936 1258.407 1257.879 1257.331 1256.761 1256.191 1255.622 1255.052 1254.509 1253.967 1253.425 1252.883 1252.411 1252.044 1251.677 1251.309 1250.942 1250.65
1290.674 1290.282 1289.89 1289.418 1288.811 1288.205 1287.599 1286.993 1286.416 1285.845 1285.274 1284.703 1284.058 1283.244 1282.431 1281.617 1280.803 1280.163 1279.575 1278.987 1278.4 1277.779 1277.052 1276.325 1275.598 1274.871 1274.246 1273.666 1273.085 1272.505 1271.911 1271.246 1270.581 1269.916 1269.251 1268.549 1267.826 1267.103 1266.379 1265.667 1265.07 1264.473 1263.875 1263.278 1262.651 1261.999 1261.347 1260.695 1260.045 1259.542 1259.039 1258.536 1258.033 1257.507 1256.955 1256.403 1255.851 1255.299 1254.813 1254.332 1253.85 1253.369 1252.937 1252.577 1252.217 1251.858 1251.498 1251.198
1290.332 1289.94 1289.548 1289.092 1288.529 1287.966 1287.402 1286.839 1286.26 1285.679 1285.097 1284.515 1283.871 1283.084 1282.297 1281.511 1280.724 1280.09 1279.502 1278.914 1278.326 1277.709 1276.992 1276.276 1275.559 1274.843 1274.229 1273.659 1273.09 1272.52 1271.935 1271.264 1270.594 1269.923 1269.253 1268.559 1267.852 1267.145 1266.438 1265.742 1265.166 1264.591 1264.015 1263.44 1262.81 1262.136 1261.463 1260.789 1260.118 1259.631 1259.145 1258.658 1258.171 1257.661 1257.125 1256.589 1256.054 1255.518 1255.109 1254.708 1254.308 1253.907 1253.527 1253.178 1252.829 1252.48 1252.131 1251.838
1289.991 1289.599 1289.207 1288.766 1288.246 1287.726 1287.206 1286.686 1286.105 1285.512 1284.92 1284.327 1283.684 1282.924 1282.164 1281.404 1280.644 1280.017 1279.429 1278.841 1278.253 1277.638 1276.932 1276.227 1275.521 1274.815 1274.212 1273.653 1273.094 1272.536 1271.958 1271.282 1270.607 1269.931 1269.255 1268.569 1267.878 1267.187 1266.496 1265.817 1265.263 1264.709 1264.155 1263.601 1262.969 1262.274 1261.579 1260.884 1260.192 1259.721 1259.25 1258.78 1258.309 1257.815 1257.296 1256.776 1256.256 1255.737 1255.405 1255.085 1254.765 1254.445 1254.118 1253.779 1253.441 1253.103 1252.765 1252.478
1289.649 1289.257 1288.865 1288.441 1287.964 1287.487 1287.01 1286.532 1285.949 1285.346 1284.743 1284.14 1283.497 1282.764 1282.031 1281.298 1280.565 1279.943 1279.355 1278.768 1278.18 1277.567 1276.872 1276.177 1275.483 1274.788 1274.195 1273.647 1273.099 1272.551 1271.982 1271.301 1270.619 1269.938 1269.257 1268.579 1267.905 1267.23 1266.555 1265.892 1265.36 1264.827 1264.295 1263.762 1263.128 1262.411 1261.695 1260.978 1260.265 1259.811 1259.356 1258.902 1258.447 1257.969 1257.466 1256.963 1256.459 1255.956 1255.701 1255.462 1255.222 1254.983 1254.708 1254.38 1254.053 1253.725 1253.398 1253.117
1289.321 1288.922 1288.523 1288.107 1287.661 1287.215 1286.769 1286.323 1285.744 1285.14 1284.537 1283.933 1283.298 1282.592 1281.886 1281.18 1280.474 1279.858 1279.271 1278.683 1278.095 1277.486 1276.806 1276.126 1275.446 1274.766 1274.185 1273.647 1273.109 1272.571 1272.01 1271.331 1270.651 1269.971 1269.291 1268.625 1267.966 1267.307 1266.648 1266.002 1265.482 1264.963 1264.443 1263.923 1263.29 1262.563 1261.835 1261.108 1260.385 1259.939 1259.493 1259.047 1258.601 1258.14 1257.662 1257.184 1256.706 1256.228 1256.04 1255.869 1255.699 1255.528 1255.297 1254.977 1254.657 1254.336 1254.016 1253.744
1289.068 1288.626 1288.184 1287.728 1287.25 1286.772 1286.293 1285.815 1285.276 1284.727 1284.177 1283.627 1283.038 1282.358 1281.679 1281.0 1280.321 1279.712 1279.124 1278.536 1277.948 1277.348 1276.706 1276.064 1275.422 1274.779 1274.213 1273.681 1273.148 1272.615 1272.065 1271.423 1270.781 1270.139 1269.497 1268.854 1268.212 1267.569 1266.927 1266.292 1265.74 1265.188 1264.636 1264.084 1263.463 1262.784 1262.105 1261.427 1260.751 1260.273 1259.794 1259.316 1258.838 1258.396 1257.993 1257.591 1257.188 1256.786 1256.607 1256.441 1256.276 1256.111 1255.879 1255.548 1255.217 1254.886 1254.555 1254.305
1288.814 1288.329 1287.845 1287.35 1286.839 1286.329 1285.818 1285.307 1284.809 1284.313 1283.817 1283.321 1282.777 1282.125 1281.473 1280.82 1280.168 1279.565 1278.978 1278.39 1277.802 1277.21 1276.606 1276.001 1275.397 1274.792 1274.242 1273.714 1273.187 1272.66 1272.12 1271.516 1270.911 1270.307 1269.702 1269.084 1268.458 1267.831 1267.205 1266.582 1265.998 1265.414 1264.83 1264.245 1263.636 1263.006 1262.375 1261.745 1261.117 1260.606 1260.096 1259.585 1259.074 1258.651 1258.324 1257.997 1257.67 1257.343 1257.173 1257.013 1256.854 1256.694 1256.46 1256.118 1255.777 1255.435 1255.093 1254.865
1288.561 1288.033 1287.505 1286.972 1286.429 1285.886 1285.343 1284.8 1284.342 1283.899 1283.457 1283.015 1282.517 1281.891 1281.266 1280.641 1280.015 1279.419 1278.831 1278.243 1277.655 1277.072 1276.506 1275.939 1275.372 1274.805 1274.27 1273.748 1273.226 1272.704 1272.175 1271.608 1271.041 1270.475 1269.908 1269.314 1268.704 1268.093 1267.483 1266.872 1266.256 1265.639 1265.023 1264.406 1263.809 1263.227 1262.646 1262.064 1261.483 1260.94 1260.397 1259.854 1259.311 1258.907 1258.655 1258.404 1258.152 1257.9 1257.74 1257.585 1257.431 1257.276 1257.042 1256.689 1256.337 1255.984 1255.632 1255.426
1288.308 1287.737 1287.166 1286.593 1286.018 1285.443 1284.868 1284.292 1283.874 1283.486 1283.097 1282.709 1282.256 1281.658 1281.06 1280.461 1279.863 1279.272 1278.685 1278.097 1277.509 1276.935 1276.406 1275.876 1275.347 1274.818 1274.298 1273.781 1273.265 1272.748 1272.23 1271.701 1271.172 1270.642 1270.113 1269.544 1268.95 1268.355 1267.761 1267.162 1266.514 1265.865 1265.216 1264.567 1263.982 1263.449 1262.916 1262.382 1261.848 1261.273 1260.698 1260.123 1259.547 1259.163 1258.986 1258.81 1258.634 1258.457 1258.306 1258.157 1258.008 1257.859 1257.623 1257.26 1256.897 1256.534 1256.171 1255.986
1288.19 1287.592 1286.995 1286.404 1285.826 1285.248 1284.67 1284.092 1283.669 1283.276 1282.882 1282.488 1282.036 1281.452 1280.867 1280.283 1279.698 1279.114 1278.529 1277.944 1277.36 1276.795 1276.293 1275.792 1275.291 1274.79 1274.284 1273.776 1273.268 1272.76 1272.251 1271.737 1271.223 1270.708 1270.194 1269.634 1269.046 1268.458 1267.87 1267.278 1266.639 1266.001 1265.363 1264.724 1264.152 1263.635 1263.117 1262.599 1262.081 1261.543 1261.004 1260.465 1259.927 1259.575 1259.428 1259.281 1259.134 1258.987 1258.822 1258.655 1258.489 1258.322 1258.091 1257.766 1257.442 1257.117 1256.792 1256.61
1288.159 1287.545 1286.931 1286.337 1285.775 1285.213 1284.651 1284.09 1283.633 1283.196 1282.76 1282.323 1281.843 1281.264 1280.684 1280.105 1279.526 1278.947 1278.368 1277.788 1277.209 1276.653 1276.173 1275.694 1275.214 1274.734 1274.242 1273.745 1273.248 1272.751 1272.251 1271.737 1271.223 1270.708 1270.194 1269.634 1269.046 1268.458 1267.87 1267.281 1266.68 1266.08 1265.479 1264.878 1264.32 1263.797 1263.274 1262.751 1262.229 1261.771 1261.313 1260.855 1260.397 1260.088 1259.941 1259.794 1259.647 1259.5 1259.304 1259.105 1258.906 1258.707 1258.486 1258.231 1257.976 1257.721 1257.466 1257.275
1288.128 1287.498 1286.868 1286.27 1285.724 1285.178 1284.633 1284.087 1283.597 1283.117 1282.637 1282.157 1281.649 1281.075 1280.501 1279.928 1279.354 1278.78 1278.206 1277.632 1277.059 1276.512 1276.053 1275.595 1275.137 1274.679 1274.201 1273.715 1273.228 1272.742 1272.251 1271.737 1271.223 1270.708 1270.194 1269.634 1269.046 1268.458 1267.87 1267.284 1266.721 1266.158 1265.595 1265.032 1264.488 1263.96 1263.431 1262.903 1262.377 1261.999 1261.622 1261.245 1260.868 1260.601 1260.454 1260.307 1260.16 1260.013 1259.786 1259.555 1259.324 1259.093 1258.88 1258.696 1258.511 1258.326 1258.141 1257.94
1288.097 1287.451 1286.805 1286.203 1285.673 1285.144 1284.614 1284.084 1283.561 1283.038 1282.515 1281.992 1281.455 1280.887 1280.319 1279.75 1279.182 1278.613 1278.045 1277.476 1276.908 1276.37 1275.933 1275.497 1275.06 1274.623 1274.16 1273.684 1273.208 1272.733 1272.251 1271.737 1271.223 1270.708 1270.194 1269.634 1269.046 1268.458 1267.87 1267.288 1266.762 1266.237 1265.712 1265.186 1264.656 1264.122 1263.589 1263.055 1262.524 1262.228 1261.931 1261.635 1261.338 1261.113 1260.966 1260.819 1260.672 1260.526 1260.269 1260.005 1259.742 1259.478 1259.275 1259.16 1259.045 1258.93 1258.815 1258.605
1288.068 1287.407 1286.745 1286.139 1285.625 1285.111 1284.596 1284.082 1283.526 1282.963 1282.399 1281.835 1281.271 1280.708 1280.144 1279.58 1279.017 1278.455 1277.894 1277.333 1276.773 1276.245 1275.827 1275.41 1274.992 1274.574 1274.123 1273.658 1273.192 1272.726 1272.253 1271.739 1271.225 1270.712 1270.198 1269.639 1269.053 1268.467 1267.881 1267.303 1266.813 1266.323 1265.833 1265.343 1264.827 1264.292 1263.756 1263.22 1262.689 1262.47 1262.252 1262.033 1261.815 1261.63 1261.483 1261.336 1261.189 1261.042 1260.758 1260.465 1260.172 1259.879 1259.685 1259.636 1259.587 1259.538 1259.489 1259.267
1288.068 1287.407 1286.745 1286.139 1285.625 1285.111 1284.596 1284.082 1283.522 1282.953 1282.384 1281.814 1281.245 1280.676 1280.107 1279.538 1278.969 1278.439 1277.922 1277.404 1276.886 1276.386 1275.947 1275.508 1275.069 1274.63 1274.168 1273.697 1273.226 1272.755 1272.279 1271.776 1271.273 1270.77 1270.267 1269.732 1269.179 1268.625 1268.071 1267.523 1267.027 1266.532 1266.036 1265.54 1265.052 1264.57 1264.089 1263.607 1263.129 1262.943 1262.756 1262.57 1262.384 1262.216 1262.069 1261.922 1261.775 1261.629 1261.359 1261.082 1260.805 1260.529 1260.344 1260.295 1260.246 1260.197 1260.148 1259.884
1288.068 1287.407 1286.745 1286.139 1285.625 1285.111 1284.596 1284.082 1283.517 1282.943 1282.368 1281.794 1281.219 1280.645 1280.07 1279.496 1278.922 1278.424 1277.949 1277.474 1277.0 1276.528 1276.067 1275.607 1275.146 1274.685 1274.214 1273.737 1273.26 1272.784 1272.305 1271.813 1271.321 1270.828 1270.336 1269.826 1269.304 1268.783 1268.262 1267.742 1267.241 1266.74 1266.239 1265.738 1265.277 1264.849 1264.421 1263.993 1263.569 1263.415 1263.261 1263.107 1262.953 1262.802 1262.655 1262.508 1262.361 1262.214 1261.96 1261.7 1261.439 1261.178 1261.004 1260.954 1260.906 1260.857 1260.807 1260.501
1288.068 1287.407 1286.745 1286.139 1285.625 1285.111 1284.596 1284.082 1283.513 1282.933 1282.353 1281.773 1281.193 1280.614 1280.034 1279.454 1278.874 1278.408 1277.976 1277.545 1277.113 1276.67 1276.187 1275.705 1275.223 1274.741 1274.259 1273.777 1273.295 1272.813 1272.331 1271.85 1271.368 1270.887 1270.405 1269.919 1269.43 1268.941 1268.452 1267.961 1267.455 1266.949 1266.442 1265.936 1265.502 1265.128 1264.754 1264.38 1264.009 1263.887 1263.766 1263.644 1263.522 1263.388 1263.241 1263.094 1262.948 1262.801 1262.562 1262.317 1262.073 1261.828 1261.663 1261.614 1261.565 1261.516 1261.467 1261.119
