data/zism_data/00693_02_D.txt
ncols         224
nrows         224
[rows 84 to 111 of 224, columns 126 to 188 of 224]
435.2126 457.1927 479.1729 495.0193 504.2672 513.5151 522.7631 532.0109 533.6682 534.6628 535.6573 536.6519 539.3646 545.1631 550.9615 556.7599 562.5583 567.7211 572.7206 577.7201 582.7196 585.1435 579.1163 573.0892 567.0621 561.035 558.5317 557.7518 556.972 556.1922 555.893 559.5023 563.1116 566.7209 570.3303 569.2573 564.3137 559.3702 554.4267 549.4832 532.7893 515.9215 499.0537 482.1865 463.201 441.3309 419.4608 397.5906 375.7205 357.1661 339.1457 321.1252 303.1048 286.9584 275.2004 263.4424 251.6844 239.9265 231.8393 225.0606 218.2819 211.5032 205.6849
429.1432 451.9287 474.7142 490.6056 499.0804 507.5551 516.03 524.5048 524.3618 523.4665 522.5712 521.6759 522.7503 527.3622 531.9741 536.5861 541.1979 548.5915 556.6995 564.8076 572.9156 578.4594 575.5892 572.7191 569.8489 566.9788 566.356 566.8325 567.309 567.7855 568.5562 571.7199 574.8835 578.0472 581.2109 578.0669 569.7087 561.3505 552.9922 544.634 525.425 506.0553 486.6857 467.3167 446.5362 423.8339 401.1316 378.4293 355.727 337.9543 320.9755 303.9966 287.0178 272.0448 261.7686 251.4924 241.2162 230.94 224.1723 218.6553 213.1383 207.6213 202.9528
426.3788 449.8391 473.2995 489.742 498.6348 507.5276 516.4203 525.3131 524.3888 522.6073 520.8259 519.0444 519.0905 522.4188 525.7471 529.0754 532.4037 540.1688 549.0734 557.9781 566.8828 573.3971 572.0679 570.7388 569.4096 568.0804 568.466 569.6903 570.9146 572.1389 573.4084 575.0457 576.683 578.3203 579.9576 574.6783 563.6816 552.6848 541.6881 530.6913 510.5544 490.282 470.0098 449.7382 428.6585 406.4791 384.2997 362.1203 339.9409 323.2042 307.3439 291.4837 275.6234 261.7255 252.4226 243.1197 233.8168 224.5139 218.7841 214.3281 209.8721 205.416 201.6737
425.6128 449.6691 473.7254 491.0251 501.056 511.087 521.118 531.1489 530.0592 527.9985 525.9379 523.8773 523.2639 525.25 527.2361 529.2222 531.2083 538.2205 546.5239 554.8273 563.1307 569.3158 568.5505 567.7851 567.0197 566.2543 567.1208 568.7853 570.4499 572.1144 573.5373 572.9949 572.4524 571.9099 571.3675 563.9142 550.7484 537.5826 524.4168 511.251 491.1458 470.9379 450.73 430.5228 410.0485 389.2113 368.3741 347.5369 326.6997 311.1526 296.4575 281.7623 267.0671 254.1849 245.5477 236.9105 228.2734 219.6362 214.7741 211.2576 207.7411 204.2246 201.2733
424.8467 449.499 474.1513 492.3082 503.4774 514.6465 525.8157 536.9849 535.7298 533.39 531.0501 528.7102 527.4375 528.0813 528.7251 529.3689 530.0127 536.2722 543.9743 551.6764 559.3785 565.2344 565.0328 564.8313 564.6298 564.4282 565.7755 567.8803 569.9852 572.09 573.6663 570.944 568.2217 565.4993 562.777 553.1498 537.8149 522.4799 507.1449 491.8099 471.7365 451.5931 431.4496 411.3068 391.4379 371.943 352.448 332.953 313.4581 299.1007 285.5706 272.0406 258.5106 246.644 238.6726 230.7012 222.7298 214.7583 210.7639 208.187 205.6101 203.0332 200.8729
424.0807 449.329 474.5772 493.5912 505.8986 518.206 530.5134 542.8207 541.4002 538.7812 536.1621 533.5431 531.611 530.9125 530.2141 529.5156 528.8172 534.324 541.4247 548.5256 555.6263 561.1531 561.5154 561.8776 562.2399 562.6021 564.4302 566.9753 569.5204 572.0656 573.7952 568.8931 563.991 559.089 554.187 542.3858 524.8817 507.3777 489.8736 472.3695 452.328 432.2489 412.1699 392.0915 372.8279 354.6752 336.5224 318.3697 300.2169 287.0492 274.6842 262.3192 249.9543 239.1033 231.7977 224.492 217.1863 209.8807 206.7538 205.1165 203.4792 201.8418 200.4725
423.8931 449.7107 475.5282 495.3522 508.7282 522.1042 535.4802 548.8563 547.3159 544.4732 541.6305 538.7878 536.2911 534.4156 532.5402 530.6648 528.7894 533.5078 539.9199 546.332 552.7441 557.8013 558.4127 559.0239 559.6353 560.2466 562.2659 564.9739 567.6819 570.3899 572.0447 565.1337 558.2227 551.3116 544.4006 530.6386 511.2133 491.7881 472.3628 452.9375 432.9894 413.0336 393.0778 373.1227 354.5019 337.6999 320.8978 304.0957 287.2936 275.2918 264.063 252.8342 241.6054 231.7598 225.153 218.5463 211.9396 205.3328 203.0331 202.2686 201.5041 200.7396 200.1048
429.7766 455.8841 481.9916 502.1287 515.843 529.5573 543.2716 556.9858 555.8035 553.3206 550.8376 548.3547 546.2887 544.9717 543.6546 542.3375 541.0205 544.5757 549.3824 554.1891 558.9959 562.109 559.6652 557.2214 554.7776 552.3339 551.5036 551.4626 551.4216 551.3806 550.5638 543.438 536.3122 529.1864 522.0605 508.5746 489.8312 471.0878 452.3444 433.601 414.393 395.1782 375.9633 356.7491 339.1649 323.8018 308.4386 293.0755 277.7124 266.627 256.2305 245.8339 235.4374 226.4883 220.9286 215.3688 209.8091 204.2493 202.3514 201.7587 201.166 200.5733 200.0813
435.66 462.0575 488.4549 508.9053 522.9578 537.0104 551.0629 565.1155 564.2911 562.1679 560.0447 557.9215 556.2864 555.5276 554.769 554.0103 553.2516 555.6436 558.845 562.0463 565.2476 566.4167 560.9178 555.4189 549.92 544.4211 540.7413 537.9513 535.1613 532.3712 529.0829 521.7423 514.4017 507.0611 499.7205 486.5107 468.4491 450.3876 432.3261 414.2646 395.7967 377.3228 358.8489 340.3756 323.8278 309.9037 295.9795 282.0554 268.1312 257.9622 248.398 238.8337 229.2694 221.2169 216.7041 212.1913 207.6786 203.1658 201.6697 201.2488 200.828 200.4071 200.0577
441.5437 468.2311 494.9185 515.6821 530.0729 544.4637 558.8546 573.2454 572.7791 571.0156 569.2521 567.4887 566.2844 566.084 565.8837 565.6834 565.4832 566.7119 568.3078 569.9037 571.4996 570.7246 562.1705 553.6163 545.0622 536.5081 529.9786 524.4395 518.9004 513.3613 507.6013 500.0459 492.4905 484.9351 477.3797 464.4459 447.0663 429.6867 412.3071 394.9275 377.1997 359.4667 341.7338 324.0015 308.4902 296.0051 283.52 271.0348 258.5497 249.2972 240.5652 231.8332 223.1012 215.9452 212.4795 209.0138 205.548 202.0823 200.988 200.739 200.4899 200.2409 200.0341
447.4272 474.4045 501.3819 522.4586 537.1877 551.9168 566.6459 581.3749 581.2667 579.863 578.4593 577.0555 576.282 576.64 576.9981 577.3562 577.7142 577.7798 577.7703 577.7609 577.7513 575.0323 563.4231 551.8138 540.2046 528.5953 519.2164 510.9282 502.64 494.3519 486.1205 478.3503 470.58 462.8098 455.0396 442.3819 425.6842 408.9865 392.2887 375.591 358.6033 341.6113 324.6194 307.628 293.1531 282.107 271.0608 260.0147 248.9685 240.6324 232.7327 224.833 216.9333 210.6738 208.255 205.8363 203.4175 200.9988 200.3063 200.2291 200.1519 200.0747 200.0106
454.0938 481.1304 508.167 529.0671 543.3657 557.6642 571.9628 586.2614 586.4222 585.3486 584.2751 583.2016 582.697 583.2143 583.7316 584.2488 584.7661 583.7046 582.2375 580.7705 579.3034 575.0197 561.4937 547.9677 534.4418 520.9158 509.4365 498.9582 488.4798 478.0015 467.7613 459.4569 451.1525 442.8482 434.5438 421.8915 405.645 389.3985 373.152 356.9055 340.5846 324.2626 307.9407 291.6193 278.1587 268.5959 259.033 249.4702 239.9074 232.7714 226.0262 219.2811 212.5359 207.297 205.5852 203.8734 202.1616 200.4498 200.0 200.0 200.0 200.0 200.0047
461.3987 488.3065 515.2142 535.5381 548.779 562.0199 575.2608 588.5017 588.859 588.0915 587.324 586.5565 586.189 586.5398 586.8906 587.2414 587.5922 585.4331 582.6292 579.8253 577.0214 571.4823 556.9685 542.4547 527.9409 513.427 500.4587 488.2462 476.0338 463.8214 451.9499 442.8509 433.7519 424.6529 415.5539 402.686 386.7025 370.7191 354.7357 338.7523 323.0383 307.3284 291.6185 275.9091 263.4448 255.4013 247.3579 239.3144 231.271 225.5666 220.2388 214.911 209.5833 205.4661 204.1838 202.9016 201.6193 200.337 200.0 200.0 200.0 200.0 200.0131
468.704 495.4828 522.2617 542.0092 554.1924 566.3757 578.5588 590.7421 591.2959 590.8344 590.373 589.9115 589.681 589.8654 590.0497 590.2341 590.4185 587.1617 583.0209 578.8801 574.7393 567.9448 552.4431 536.9414 521.4397 505.938 491.4806 477.534 463.5874 449.6407 436.1379 426.2443 416.3506 406.457 396.5634 383.4798 367.7595 352.0391 336.3188 320.5984 305.4915 290.3936 275.2958 260.1985 248.7303 242.2063 235.6823 229.1583 222.6343 218.3615 214.4512 210.5409 206.6305 203.6352 202.7824 201.9297 201.0769 200.2241 200.0 200.0 200.0 200.0 200.0216
476.0089 502.659 529.309 548.4802 559.6057 570.7313 581.8568 592.9824 593.7327 593.5773 593.4218 593.2664 593.173 593.1909 593.2088 593.2267 593.2446 588.8901 583.4125 577.9349 572.4573 564.4075 547.9179 531.4283 514.9388 498.4492 482.5028 466.8221 451.1413 435.4606 420.3265 409.6383 398.95 388.2617 377.5735 364.2744 348.817 333.3597 317.9024 302.4451 287.9452 273.4594 258.9736 244.4884 234.0163 229.0117 224.0071 219.0025 213.9979 211.1567 208.6637 206.1708 203.6779 201.8044 201.3811 200.9578 200.5345 200.1112 200.0 200.0 200.0 200.0 200.0301
483.2083 509.7313 536.2543 554.8591 564.9454 575.0318 585.1182 595.2045 596.1606 596.3195 596.4785 596.6373 596.6915 596.5574 596.4234 596.2893 596.1553 590.7145 583.9106 577.1067 570.3027 561.0096 543.5488 526.088 508.6272 491.1664 473.7394 456.329 438.9186 421.5082 404.7455 393.2492 381.753 370.2567 358.7605 345.2341 330.0296 314.8251 299.6206 284.4161 270.5303 256.6641 242.7979 228.9322 219.4558 215.9591 212.4624 208.9657 205.4691 204.0431 202.9506 201.8581 200.7656 200.0008 200.0036 200.0064 200.0092 200.0121 200.0395 200.0758 200.1121 200.1484 200.2229
483.2083 509.7313 536.2543 554.9651 565.2716 575.5781 585.8846 596.1911 597.9746 599.014 600.0535 601.0929 602.0103 602.7083 603.4064 604.1045 604.8026 599.0493 591.6386 584.228 576.8173 567.0968 549.7971 532.4974 515.1976 497.8979 479.5685 460.7353 441.9022 423.0691 404.8518 391.6429 378.4339 365.225 352.0161 337.4707 321.8206 306.1704 290.5203 274.8701 262.0889 249.3502 236.6114 223.8731 215.3538 212.5819 209.81 207.0382 204.2663 203.149 202.2981 201.4472 200.5963 200.0587 200.2548 200.4508 200.6469 200.843 202.7657 205.3038 207.8419 210.3801 212.9442
483.2083 509.7313 536.2543 555.0712 565.5978 576.1244 586.651 597.1777 599.7887 601.7087 603.6286 605.5486 607.3292 608.8594 610.3897 611.92 613.4503 607.3842 599.3669 591.3495 583.3322 573.1843 556.0456 538.907 521.7683 504.6297 485.3977 465.1418 444.8859 424.6299 404.9581 390.0365 375.1148 360.1931 345.2715 329.707 313.6112 297.5154 281.4196 265.3239 253.6472 242.036 230.4248 218.8139 211.2516 209.2046 207.1576 205.1105 203.0635 202.2548 201.6455 201.0362 200.427 200.1165 200.5059 200.8952 201.2846 201.674 205.4919 210.532 215.572 220.6121 225.6659
483.2083 509.7313 536.2543 555.1772 565.924 576.6707 587.4174 598.1642 601.6027 604.4032 607.2037 610.0042 612.6479 615.0104 617.3728 619.7352 622.0976 615.7189 607.0949 598.4708 589.8468 579.2715 562.2939 545.3163 528.3388 511.3612 491.2267 469.5481 447.8694 426.1908 405.0645 388.4301 371.7957 355.1614 338.527 321.9436 305.4022 288.8607 272.3193 255.7779 245.2058 234.7221 224.2383 213.7549 207.1496 205.8274 204.5052 203.183 201.8607 201.3607 200.993 200.6253 200.2576 200.1744 200.757 201.3396 201.9222 202.5049 208.218 215.7599 223.3018 230.8438 238.3873
483.2083 509.7313 536.2543 555.2833 566.2501 577.217 588.1839 599.1508 603.4168 607.0978 610.7788 614.4598 617.9669 621.1614 624.3561 627.5507 630.7453 624.054 614.8232 605.5924 596.3616 585.3589 568.5425 551.726 534.9095 518.093 497.0559 473.9545 450.8531 427.7516 405.1708 386.8237 368.4766 350.1295 331.7824 314.1799 297.1928 280.2057 263.2187 246.2316 236.7641 227.4079 218.0516 208.6957 203.0475 202.4501 201.8527 201.2553 200.6579 200.4665 200.3404 200.2144 200.0883 200.2322 201.0081 201.784 202.5599 203.3358 210.9442 220.9881 231.032 241.0758 251.109
481.6703 507.9109 534.1514 553.1796 564.4488 575.718 586.9871 598.2563 603.1156 607.4152 611.7148 616.0144 620.1512 623.9957 627.8401 631.6846 635.5291 629.0722 619.9691 610.866 601.7629 590.8135 573.8063 556.7991 539.7919 522.7847 501.0055 476.8922 452.7788 428.6655 405.0638 385.6228 366.1818 346.7408 327.2999 309.0329 291.7363 274.4397 257.1431 239.8465 231.235 222.752 214.2691 205.7865 200.8117 200.6155 200.4194 200.2233 200.0272 200.0664 200.1434 200.2204 200.2975 200.9205 202.8218 204.7232 206.6245 208.5258 218.2574 230.7801 243.3028 255.8255 268.0712
478.4545 504.1044 529.7543 548.6652 560.3264 571.9875 583.6487 595.3098 600.5068 605.1393 609.7718 614.4044 618.9163 623.2118 627.5073 631.8027 636.0982 630.4725 622.2983 614.1241 605.9499 595.5782 577.9965 560.4148 542.8331 525.2514 502.9049 478.2278 453.5507 428.8736 404.7239 384.8641 365.0043 345.1445 325.2847 306.74 289.2823 271.8246 254.3669 236.9093 228.8828 220.9958 213.1089 205.2223 200.6116 200.4639 200.3161 200.1683 200.0205 200.2051 200.4432 200.6814 200.9195 202.2965 206.3402 210.384 214.4277 218.4715 230.5751 245.5516 260.5281 275.5046 289.6604
475.2388 500.2981 525.3574 544.151 556.2041 568.2573 580.3104 592.3635 597.898 602.8635 607.8289 612.7943 617.6814 622.4279 627.1744 631.9208 636.6673 631.8728 624.6274 617.3821 610.1367 600.3428 582.1866 564.0303 545.8741 527.718 504.8042 479.5633 454.3225 429.0816 404.3841 384.1055 363.8269 343.5482 323.2696 304.4472 286.8284 269.2097 251.5909 233.9722 226.5306 219.2397 211.9488 204.6581 200.4116 200.3122 200.2127 200.1133 200.0138 200.3438 200.7431 201.1423 201.5415 203.6725 209.8586 216.0446 222.2307 228.4168 242.8923 260.3225 277.7527 295.183 311.2489
472.0231 496.4918 520.9604 539.6368 552.0819 564.527 576.972 589.4171 595.2893 600.5876 605.8859 611.1843 616.4465 621.644 626.8415 632.0389 637.2364 633.2731 626.9565 620.64 614.3235 605.1072 586.3766 567.6459 548.9152 530.1846 506.7035 480.8989 455.0943 429.2897 404.0443 383.3469 362.6494 341.952 321.2545 302.1544 284.3745 266.5947 248.8149 231.0351 224.1785 217.4836 210.7887 204.0939 200.2116 200.1605 200.1094 200.0582 200.0071 200.4826 201.0429 201.6032 202.1635 205.0484 213.3769 221.7053 230.0337 238.3621 255.2095 275.0934 294.9774 314.8614 332.8374
468.8073 492.6853 516.5634 535.1224 547.9595 560.7965 573.6335 586.4706 592.6805 598.3117 603.9429 609.5742 615.2116 620.8601 626.5085 632.157 637.8055 634.6734 629.2858 623.8981 618.5104 609.8719 590.5668 571.2615 551.9564 532.6512 508.6028 482.2345 455.8661 429.4977 403.7045 382.5882 361.4719 340.3557 319.2394 299.8615 281.9206 263.9797 246.0388 228.0979 221.8263 215.7274 209.6285 203.5298 200.0116 200.0088 200.006 200.0032 200.0004 200.6213 201.3427 202.0641 202.7855 206.4245 216.8953 227.3661 237.8369 248.3077 267.5271 289.8649 312.2027 334.5404 354.4266
463.1492 486.472 509.795 528.2746 541.5441 554.8135 568.0829 581.3523 587.303 592.6146 597.9263 603.238 608.1115 612.198 616.2845 620.3711 624.4576 620.4092 614.2713 608.1333 601.9953 592.9925 574.5897 556.1869 537.7841 519.3813 496.7723 472.106 447.4397 422.7735 398.439 376.8028 355.1666 333.5304 311.8942 292.6801 275.4683 258.2565 241.0447 223.8329 218.4882 213.319 208.1498 202.9809 200.0 200.0 200.0 200.0 200.0 201.1652 202.518 203.8709 205.2237 209.8963 222.3424 234.7884 247.2345 259.6806 278.5097 299.614 320.7184 341.8227 360.2685
457.3406 480.1104 502.8803 521.283 534.9872 548.6916 562.3959 576.1002 581.7549 586.7068 591.6588 596.6107 600.6501 603.0508 605.4515 607.8521 610.2527 605.1806 598.189 591.1973 584.2056 574.7805 557.371 539.9615 522.5519 505.1425 484.0964 461.2717 438.447 415.6223 392.8701 370.7078 348.5454 326.383 304.2206 285.1977 268.7698 252.3419 235.914 219.4861 215.0892 210.8704 206.6515 202.4328 200.0 200.0 200.0 200.0 200.0 201.734 203.7473 205.7605 207.7738 213.4972 227.9083 242.3194 256.7306 271.1417 289.4105 309.0544 328.6984 348.3423 365.1415
451.5322 473.7491 495.966 514.2915 528.4307 542.5699 556.709 570.8483 576.207 580.7993 585.3915 589.9837 593.1891 593.9039 594.6188 595.3336 596.0484 589.9525 582.1072 574.2618 566.4164 556.5691 540.1528 523.7366 507.3204 490.9041 471.421 450.4378 429.4547 408.4714 387.3015 364.613 341.9245 319.2359 296.5474 277.7155 262.0715 246.4275 230.7834 215.1395 211.6904 208.4218 205.1533 201.8848 200.0 200.0 200.0 200.0 200.0 202.3028 204.9765 207.6501 210.3238 217.098 233.4741 249.8502 266.2263 282.6024 300.311 318.4945 336.6781 354.8617 370.0143
