data/zism_data/00698_02_D.txt
ncols         224
nrows         224
[rows 196 to 223 of 224, columns 126 to 188 of 224]
1709.497 1710.387 1711.278 1712.169 1713.213 1714.445 1715.677 1716.91 1718.142 1719.447 1720.759 1722.071 1723.383 1724.585 1725.604 1726.624 1727.644 1728.664 1729.567 1730.448 1731.329 1732.21 1733.189 1734.391 1735.594 1736.796 1737.998 1738.785 1739.446 1740.107 1740.769 1741.283 1741.312 1741.34 1741.369 1741.397 1741.33 1741.222 1741.113 1741.005 1740.899 1740.808 1740.717 1740.626 1740.535 1740.482 1740.453 1740.425 1740.396 1740.379 1740.486 1740.593 1740.7 1740.807 1741.284 1742.062 1742.84 1743.619 1744.408 1745.981 1747.554 1749.127 1750.7
1709.849 1710.675 1711.501 1712.327 1713.243 1714.27 1715.297 1716.324 1717.352 1718.506 1719.672 1720.838 1722.004 1723.05 1723.897 1724.744 1725.591 1726.438 1727.254 1728.065 1728.876 1729.687 1730.558 1731.566 1732.574 1733.582 1734.589 1735.331 1735.992 1736.654 1737.315 1737.833 1737.878 1737.923 1737.967 1738.012 1738.014 1737.997 1737.981 1737.964 1737.956 1737.995 1738.033 1738.071 1738.11 1738.201 1738.323 1738.445 1738.568 1738.704 1738.984 1739.263 1739.543 1739.823 1740.383 1741.172 1741.962 1742.751 1743.547 1744.872 1746.197 1747.521 1748.846
1710.202 1710.963 1711.724 1712.485 1713.273 1714.095 1714.917 1715.739 1716.561 1717.564 1718.585 1719.605 1720.625 1721.515 1722.189 1722.863 1723.538 1724.212 1724.942 1725.683 1726.423 1727.164 1727.927 1728.74 1729.554 1730.367 1731.181 1731.877 1732.539 1733.2 1733.861 1734.384 1734.444 1734.505 1734.566 1734.627 1734.698 1734.773 1734.848 1734.923 1735.013 1735.181 1735.349 1735.517 1735.685 1735.919 1736.192 1736.466 1736.74 1737.029 1737.481 1737.934 1738.387 1738.839 1739.483 1740.283 1741.083 1741.883 1742.687 1743.763 1744.839 1745.915 1746.991
1710.313 1711.006 1711.7 1712.394 1713.067 1713.714 1714.362 1715.009 1715.656 1716.5 1717.363 1718.226 1719.089 1719.821 1720.338 1720.854 1721.371 1721.887 1722.525 1723.185 1723.845 1724.505 1725.146 1725.744 1726.342 1726.939 1727.537 1728.143 1728.752 1729.361 1729.969 1730.458 1730.549 1730.64 1730.731 1730.822 1731.008 1731.236 1731.464 1731.692 1731.937 1732.267 1732.598 1732.928 1733.259 1733.66 1734.103 1734.547 1734.99 1735.448 1736.053 1736.659 1737.264 1737.87 1738.593 1739.411 1740.23 1741.049 1741.869 1742.751 1743.633 1744.514 1745.396
1709.552 1710.17 1710.789 1711.407 1712.009 1712.592 1713.174 1713.757 1714.339 1714.995 1715.658 1716.321 1716.984 1717.553 1717.967 1718.381 1718.795 1719.209 1719.73 1720.272 1720.813 1721.354 1721.824 1722.13 1722.436 1722.743 1723.049 1723.401 1723.766 1724.132 1724.498 1724.818 1724.99 1725.162 1725.334 1725.507 1725.977 1726.577 1727.178 1727.778 1728.38 1728.992 1729.603 1730.214 1730.826 1731.481 1732.162 1732.843 1733.524 1734.206 1734.892 1735.578 1736.265 1736.951 1737.738 1738.605 1739.473 1740.34 1741.208 1742.089 1742.971 1743.853 1744.735
1708.792 1709.335 1709.877 1710.42 1710.951 1711.469 1711.987 1712.504 1713.022 1713.49 1713.953 1714.417 1714.88 1715.286 1715.597 1715.909 1716.22 1716.531 1716.936 1717.359 1717.781 1718.203 1718.502 1718.517 1718.531 1718.546 1718.561 1718.659 1718.781 1718.904 1719.026 1719.179 1719.432 1719.685 1719.938 1720.191 1720.945 1721.918 1722.891 1723.865 1724.825 1725.717 1726.609 1727.501 1728.393 1729.302 1730.22 1731.139 1732.058 1732.963 1733.731 1734.498 1735.266 1736.033 1736.883 1737.799 1738.715 1739.631 1740.546 1741.428 1742.31 1743.192 1744.073
1708.031 1708.499 1708.966 1709.433 1709.894 1710.346 1710.799 1711.252 1711.705 1711.985 1712.248 1712.512 1712.775 1713.018 1713.227 1713.436 1713.645 1713.854 1714.142 1714.446 1714.749 1715.053 1715.18 1714.903 1714.626 1714.349 1714.073 1713.916 1713.796 1713.675 1713.555 1713.54 1713.874 1714.208 1714.542 1714.876 1715.914 1717.259 1718.605 1719.951 1721.269 1722.442 1723.615 1724.787 1725.96 1727.123 1728.279 1729.435 1730.592 1731.721 1732.57 1733.418 1734.267 1735.115 1736.027 1736.992 1737.957 1738.922 1739.885 1740.767 1741.649 1742.53 1743.412
1707.271 1707.663 1708.054 1708.446 1708.836 1709.224 1709.612 1710.0 1710.388 1710.48 1710.544 1710.607 1710.671 1710.751 1710.857 1710.963 1711.069 1711.176 1711.348 1711.533 1711.718 1711.902 1711.858 1711.29 1710.721 1710.153 1709.584 1709.174 1708.81 1708.447 1708.083 1707.9 1708.315 1708.73 1709.146 1709.561 1710.882 1712.6 1714.319 1716.037 1717.713 1719.167 1720.62 1722.074 1723.528 1724.944 1726.338 1727.732 1729.126 1730.479 1731.409 1732.338 1733.267 1734.197 1735.172 1736.186 1737.199 1738.212 1739.224 1740.105 1740.987 1741.869 1742.751
1706.16 1706.509 1706.858 1707.207 1707.543 1707.862 1708.182 1708.501 1708.821 1708.822 1708.792 1708.763 1708.734 1708.725 1708.751 1708.776 1708.802 1708.828 1708.937 1709.062 1709.187 1709.311 1709.219 1708.632 1708.044 1707.456 1706.868 1706.444 1706.07 1705.695 1705.32 1705.148 1705.648 1706.148 1706.647 1707.147 1708.59 1710.445 1712.301 1714.156 1715.971 1717.573 1719.175 1720.777 1722.379 1723.961 1725.53 1727.099 1728.668 1730.191 1731.238 1732.286 1733.333 1734.38 1735.417 1736.446 1737.475 1738.503 1739.529 1740.352 1741.175 1741.998 1742.821
1704.884 1705.206 1705.528 1705.85 1706.139 1706.389 1706.638 1706.888 1707.137 1707.092 1707.02 1706.947 1706.875 1706.813 1706.768 1706.724 1706.679 1706.634 1706.705 1706.798 1706.89 1706.983 1706.901 1706.421 1705.941 1705.462 1704.982 1704.657 1704.38 1704.102 1703.825 1703.748 1704.334 1704.92 1705.506 1706.092 1707.58 1709.462 1711.345 1713.227 1715.079 1716.767 1718.456 1720.144 1721.833 1723.537 1725.252 1726.967 1728.681 1730.35 1731.532 1732.714 1733.896 1735.079 1736.176 1737.205 1738.234 1739.263 1740.287 1741.024 1741.76 1742.497 1743.233
1703.608 1703.903 1704.198 1704.493 1704.736 1704.915 1705.095 1705.274 1705.453 1705.363 1705.247 1705.131 1705.015 1704.9 1704.785 1704.671 1704.556 1704.441 1704.473 1704.533 1704.594 1704.654 1704.582 1704.21 1703.839 1703.467 1703.095 1702.87 1702.69 1702.51 1702.329 1702.347 1703.02 1703.692 1704.365 1705.037 1706.57 1708.479 1710.389 1712.298 1714.186 1715.961 1717.736 1719.511 1721.286 1723.114 1724.974 1726.835 1728.695 1730.509 1731.826 1733.143 1734.46 1735.777 1736.936 1737.964 1738.993 1740.022 1741.045 1741.695 1742.346 1742.996 1743.646
1702.332 1702.6 1702.868 1703.136 1703.333 1703.442 1703.551 1703.66 1703.769 1703.633 1703.474 1703.315 1703.156 1702.988 1702.803 1702.618 1702.433 1702.248 1702.242 1702.269 1702.297 1702.325 1702.264 1702.0 1701.736 1701.472 1701.208 1701.083 1701.0 1700.917 1700.834 1700.946 1701.705 1702.464 1703.223 1703.982 1705.56 1707.496 1709.433 1711.369 1713.294 1715.155 1717.016 1718.877 1720.739 1722.69 1724.697 1726.703 1728.709 1730.667 1732.119 1733.572 1735.024 1736.476 1737.695 1738.724 1739.753 1740.781 1741.803 1742.367 1742.931 1743.495 1744.058
1701.17 1701.407 1701.644 1701.881 1702.033 1702.081 1702.128 1702.175 1702.223 1702.054 1701.864 1701.674 1701.485 1701.277 1701.04 1700.803 1700.566 1700.329 1700.291 1700.291 1700.291 1700.291 1700.24 1700.074 1699.908 1699.742 1699.576 1699.549 1699.564 1699.579 1699.594 1699.801 1700.647 1701.492 1702.337 1703.182 1704.8 1706.756 1708.711 1710.667 1712.619 1714.554 1716.488 1718.422 1720.357 1722.411 1724.537 1726.663 1728.789 1730.868 1732.444 1734.02 1735.596 1737.172 1738.451 1739.486 1740.521 1741.556 1742.583 1743.07 1743.556 1744.043 1744.53
1700.676 1700.859 1701.042 1701.225 1701.342 1701.379 1701.416 1701.452 1701.489 1701.358 1701.212 1701.065 1700.919 1700.759 1700.575 1700.392 1700.209 1700.026 1699.997 1699.997 1699.997 1699.997 1699.958 1699.83 1699.701 1699.573 1699.445 1699.506 1699.623 1699.741 1699.858 1700.164 1701.096 1702.028 1702.959 1703.891 1705.516 1707.445 1709.373 1711.302 1713.231 1715.16 1717.089 1719.017 1720.946 1722.978 1725.072 1727.166 1729.26 1731.314 1732.949 1734.585 1736.22 1737.856 1739.185 1740.263 1741.341 1742.419 1743.489 1743.954 1744.419 1744.884 1745.349
1700.182 1700.311 1700.44 1700.569 1700.652 1700.677 1700.703 1700.729 1700.755 1700.663 1700.56 1700.456 1700.353 1700.24 1700.111 1699.982 1699.853 1699.724 1699.703 1699.703 1699.703 1699.703 1699.675 1699.585 1699.495 1699.404 1699.314 1699.462 1699.682 1699.902 1700.122 1700.527 1701.545 1702.563 1703.582 1704.6 1706.232 1708.134 1710.035 1711.937 1713.842 1715.766 1717.689 1719.613 1721.536 1723.546 1725.607 1727.669 1729.73 1731.76 1733.455 1735.15 1736.845 1738.54 1739.919 1741.04 1742.162 1743.283 1744.395 1744.838 1745.282 1745.725 1746.169
1699.688 1699.763 1699.838 1699.913 1699.961 1699.976 1699.991 1700.006 1700.021 1699.968 1699.907 1699.847 1699.787 1699.721 1699.646 1699.571 1699.496 1699.421 1699.409 1699.409 1699.409 1699.409 1699.393 1699.34 1699.288 1699.235 1699.183 1699.418 1699.741 1700.064 1700.386 1700.89 1701.995 1703.099 1704.204 1705.308 1706.948 1708.823 1710.698 1712.572 1714.454 1716.372 1718.29 1720.208 1722.126 1724.114 1726.143 1728.172 1730.201 1732.206 1733.96 1735.715 1737.469 1739.223 1740.653 1741.818 1742.982 1744.147 1745.301 1745.723 1746.145 1746.567 1746.989
1699.193 1699.214 1699.236 1699.257 1699.27 1699.275 1699.279 1699.283 1699.287 1699.272 1699.255 1699.238 1699.221 1699.203 1699.182 1699.161 1699.14 1699.118 1699.115 1699.115 1699.115 1699.115 1699.11 1699.096 1699.081 1699.066 1699.051 1699.375 1699.8 1700.225 1700.65 1701.253 1702.444 1703.635 1704.826 1706.017 1707.664 1709.512 1711.359 1713.207 1715.065 1716.978 1718.891 1720.803 1722.716 1724.681 1726.678 1728.675 1730.671 1732.652 1734.466 1736.279 1738.093 1739.907 1741.387 1742.595 1743.803 1745.011 1746.207 1746.607 1747.007 1747.408 1747.808
1698.895 1698.925 1698.954 1698.984 1699.0 1699.0 1699.0 1699.0 1699.0 1699.0 1699.0 1699.0 1699.0 1699.0 1699.0 1699.0 1699.0 1699.0 1699.0 1699.0 1699.0 1699.0 1699.0 1699.0 1699.0 1699.0 1699.0 1699.378 1699.869 1700.361 1700.853 1701.517 1702.755 1703.993 1705.231 1706.469 1708.124 1709.961 1711.797 1713.635 1715.493 1717.463 1719.432 1721.402 1723.372 1725.351 1727.335 1729.319 1731.302 1733.276 1735.143 1737.009 1738.876 1740.743 1742.23 1743.409 1744.588 1745.767 1746.934 1747.293 1747.652 1748.011 1748.37
1698.722 1698.801 1698.879 1698.957 1699.0 1699.0 1699.0 1699.0 1699.0 1699.0 1699.0 1699.0 1699.0 1699.0 1699.0 1699.0 1699.0 1699.0 1699.0 1699.0 1699.0 1699.0 1699.0 1699.0 1699.0 1699.0 1699.0 1699.411 1699.946 1700.481 1701.016 1701.719 1702.978 1704.237 1705.497 1706.756 1708.417 1710.255 1712.091 1713.928 1715.802 1717.869 1719.936 1722.003 1724.07 1726.085 1728.069 1730.053 1732.037 1734.015 1735.931 1737.846 1739.761 1741.676 1743.144 1744.247 1745.35 1746.453 1747.545 1747.85 1748.155 1748.46 1748.765
1698.55 1698.677 1698.803 1698.93 1699.0 1699.0 1699.0 1699.0 1699.0 1699.0 1699.0 1699.0 1699.0 1699.0 1699.0 1699.0 1699.0 1699.0 1699.0 1699.0 1699.0 1699.0 1699.0 1699.0 1699.0 1699.0 1699.0 1699.444 1700.022 1700.6 1701.178 1701.919 1703.201 1704.482 1705.763 1707.044 1708.711 1710.548 1712.385 1714.222 1716.112 1718.276 1720.44 1722.604 1724.768 1726.82 1728.804 1730.788 1732.772 1734.754 1736.718 1738.682 1740.646 1742.609 1744.058 1745.085 1746.113 1747.14 1748.157 1748.408 1748.659 1748.91 1749.161
1698.377 1698.553 1698.728 1698.903 1699.0 1699.0 1699.0 1699.0 1699.0 1699.0 1699.0 1699.0 1699.0 1699.0 1699.0 1699.0 1699.0 1699.0 1699.0 1699.0 1699.0 1699.0 1699.0 1699.0 1699.0 1699.0 1699.0 1699.477 1700.099 1700.72 1701.341 1702.12 1703.423 1704.726 1706.028 1707.331 1709.005 1710.842 1712.679 1714.516 1716.421 1718.682 1720.944 1723.205 1725.467 1727.555 1729.539 1731.523 1733.507 1735.493 1737.506 1739.518 1741.531 1743.543 1744.971 1745.923 1746.875 1747.827 1748.768 1748.965 1749.162 1749.359 1749.556
1698.216 1698.436 1698.656 1698.875 1698.997 1698.998 1698.998 1698.999 1699.0 1699.0 1699.0 1699.0 1699.0 1699.0 1699.0 1699.0 1699.0 1699.0 1699.0 1699.0 1699.0 1699.0 1699.0 1699.0 1699.0 1699.0 1699.0 1699.502 1700.156 1700.809 1701.463 1702.269 1703.582 1704.895 1706.208 1707.521 1709.2 1711.041 1712.882 1714.722 1716.644 1718.997 1721.35 1723.702 1726.055 1728.187 1730.185 1732.183 1734.181 1736.184 1738.244 1740.304 1742.364 1744.424 1745.835 1746.717 1747.598 1748.48 1749.351 1749.498 1749.645 1749.792 1749.939
1698.206 1698.415 1698.624 1698.832 1698.953 1698.964 1698.976 1698.987 1698.999 1699.0 1699.0 1699.0 1699.0 1699.0 1699.0 1699.0 1699.0 1699.0 1699.0 1699.0 1699.0 1699.0 1699.0 1699.0 1699.0 1699.0 1699.0 1699.419 1699.965 1700.51 1701.056 1701.748 1702.926 1704.104 1705.281 1706.459 1708.132 1710.021 1711.91 1713.799 1715.765 1718.134 1720.503 1722.872 1725.241 1727.5 1729.692 1731.885 1734.077 1736.261 1738.353 1740.445 1742.537 1744.63 1746.055 1746.937 1747.819 1748.701 1749.572 1749.719 1749.866 1750.013 1750.16
1698.195 1698.393 1698.591 1698.789 1698.909 1698.931 1698.953 1698.976 1698.998 1699.0 1699.0 1699.0 1699.0 1699.0 1699.0 1699.0 1699.0 1699.0 1699.0 1699.0 1699.0 1699.0 1699.0 1699.0 1699.0 1699.0 1699.0 1699.336 1699.774 1700.211 1700.649 1701.227 1702.27 1703.313 1704.355 1705.398 1707.064 1709.001 1710.939 1712.877 1714.886 1717.271 1719.656 1722.041 1724.426 1726.813 1729.199 1731.586 1733.973 1736.337 1738.462 1740.586 1742.711 1744.835 1746.276 1747.157 1748.039 1748.921 1749.792 1749.939 1750.086 1750.233 1750.38
1698.185 1698.372 1698.559 1698.746 1698.864 1698.898 1698.931 1698.964 1698.997 1699.0 1699.0 1699.0 1699.0 1699.0 1699.0 1699.0 1699.0 1699.0 1699.0 1699.0 1699.0 1699.0 1699.0 1699.0 1699.0 1699.0 1699.0 1699.253 1699.583 1699.912 1700.242 1700.705 1701.613 1702.521 1703.429 1704.337 1705.995 1707.982 1709.968 1711.954 1714.007 1716.408 1718.809 1721.211 1723.612 1726.125 1728.707 1731.288 1733.869 1736.413 1738.57 1740.727 1742.884 1745.041 1746.496 1747.378 1748.26 1749.142 1750.013 1750.16 1750.307 1750.454 1750.601
1698.174 1698.35 1698.527 1698.703 1698.82 1698.864 1698.908 1698.952 1698.996 1699.0 1699.0 1699.0 1699.0 1699.0 1699.0 1699.0 1699.0 1699.0 1699.0 1699.0 1699.0 1699.0 1699.0 1699.0 1699.0 1699.0 1699.0 1699.17 1699.392 1699.613 1699.835 1700.184 1700.957 1701.73 1702.503 1703.276 1704.927 1706.962 1708.997 1711.031 1713.127 1715.545 1717.963 1720.38 1722.797 1725.438 1728.214 1730.99 1733.765 1736.49 1738.679 1740.868 1743.058 1745.247 1746.717 1747.598 1748.48 1749.362 1750.233 1750.38 1750.527 1750.674 1750.821
1698.247 1698.404 1698.561 1698.718 1698.823 1698.867 1698.91 1698.953 1698.996 1699.0 1699.0 1699.0 1699.0 1699.0 1699.0 1699.0 1699.0 1699.0 1699.0 1699.0 1699.0 1699.0 1699.0 1699.0 1699.0 1699.0 1699.0 1699.116 1699.267 1699.419 1699.57 1699.835 1700.479 1701.123 1701.766 1702.41 1703.979 1705.952 1707.926 1709.899 1711.952 1714.424 1716.895 1719.366 1721.838 1724.573 1727.468 1730.362 1733.257 1736.094 1738.331 1740.567 1742.803 1745.039 1746.554 1747.479 1748.404 1749.33 1750.244 1750.429 1750.613 1750.798 1750.983
1698.391 1698.521 1698.651 1698.781 1698.868 1698.9 1698.932 1698.965 1698.997 1699.0 1699.0 1699.0 1699.0 1699.0 1699.0 1699.0 1699.0 1699.0 1699.0 1699.0 1699.0 1699.0 1699.0 1699.0 1699.0 1699.0 1699.0 1699.087 1699.201 1699.314 1699.427 1699.635 1700.154 1700.674 1701.193 1701.713 1703.135 1704.952 1706.769 1708.586 1710.521 1713.078 1715.636 1718.194 1720.752 1723.553 1726.502 1729.451 1732.399 1735.291 1737.587 1739.883 1742.178 1744.474 1746.059 1747.066 1748.072 1749.078 1750.074 1750.328 1750.583 1750.838 1751.093
