data/zism_data/00694_02_D.txt
ncols         224
nrows         224
[rows 84 to 111 of 224, columns 126 to 188 of 224]
1330.02 1330.095 1330.17 1330.245 1330.286 1330.286 1330.286 1330.286 1330.286 1330.288 1330.29 1330.292 1330.293 1330.347 1330.487 1330.627 1330.767 1330.908 1330.993 1331.068 1331.144 1331.219 1331.323 1331.495 1331.666 1331.838 1332.009 1332.089 1332.141 1332.194 1332.246 1332.308 1332.403 1332.498 1332.592 1332.687 1332.767 1332.84 1332.914 1332.987 1333.057 1333.11 1333.162 1333.214 1333.267 1333.375 1333.517 1333.659 1333.8 1333.936 1334.004 1334.073 1334.141 1334.209 1334.24 1334.24 1334.24 1334.24 1334.24 1334.236 1334.233 1334.229 1334.226
1329.853 1329.933 1330.014 1330.095 1330.139 1330.139 1330.139 1330.139 1330.139 1330.146 1330.153 1330.16 1330.167 1330.216 1330.334 1330.453 1330.571 1330.69 1330.776 1330.857 1330.938 1331.018 1331.126 1331.298 1331.469 1331.641 1331.812 1331.901 1331.964 1332.027 1332.09 1332.158 1332.242 1332.326 1332.41 1332.493 1332.57 1332.643 1332.717 1332.79 1332.862 1332.925 1332.989 1333.052 1333.115 1333.217 1333.343 1333.468 1333.594 1333.713 1333.765 1333.817 1333.869 1333.921 1333.945 1333.945 1333.945 1333.945 1333.945 1333.93 1333.916 1333.902 1333.887
1329.686 1329.772 1329.858 1329.944 1329.991 1329.991 1329.991 1329.991 1329.991 1330.003 1330.016 1330.028 1330.041 1330.085 1330.182 1330.278 1330.375 1330.472 1330.56 1330.646 1330.732 1330.818 1330.93 1331.101 1331.273 1331.444 1331.616 1331.712 1331.786 1331.86 1331.935 1332.008 1332.081 1332.154 1332.227 1332.3 1332.373 1332.447 1332.52 1332.594 1332.667 1332.741 1332.815 1332.889 1332.964 1333.06 1333.169 1333.278 1333.387 1333.49 1333.526 1333.562 1333.598 1333.634 1333.65 1333.65 1333.65 1333.65 1333.649 1333.624 1333.599 1333.574 1333.549
1329.519 1329.611 1329.702 1329.794 1329.844 1329.844 1329.844 1329.844 1329.844 1329.86 1329.878 1329.896 1329.914 1329.954 1330.029 1330.104 1330.179 1330.254 1330.343 1330.434 1330.526 1330.617 1330.733 1330.904 1331.076 1331.247 1331.419 1331.524 1331.609 1331.694 1331.779 1331.858 1331.92 1331.982 1332.044 1332.106 1332.176 1332.25 1332.323 1332.397 1332.472 1332.557 1332.642 1332.727 1332.812 1332.902 1332.995 1333.088 1333.181 1333.268 1333.287 1333.307 1333.326 1333.346 1333.354 1333.354 1333.354 1333.354 1333.354 1333.318 1333.282 1333.246 1333.21
1329.352 1329.449 1329.546 1329.643 1329.696 1329.696 1329.696 1329.696 1329.696 1329.718 1329.741 1329.765 1329.788 1329.823 1329.876 1329.929 1329.983 1330.036 1330.126 1330.223 1330.32 1330.417 1330.536 1330.708 1330.879 1331.051 1331.222 1331.335 1331.431 1331.527 1331.623 1331.708 1331.76 1331.811 1331.862 1331.913 1331.98 1332.053 1332.127 1332.2 1332.277 1332.373 1332.469 1332.565 1332.66 1332.744 1332.821 1332.898 1332.974 1333.045 1333.048 1333.051 1333.055 1333.058 1333.059 1333.059 1333.059 1333.059 1333.059 1333.012 1332.965 1332.918 1332.872
1329.086 1329.166 1329.247 1329.328 1329.39 1329.429 1329.468 1329.507 1329.546 1329.567 1329.588 1329.608 1329.628 1329.656 1329.696 1329.736 1329.776 1329.817 1329.924 1330.043 1330.163 1330.283 1330.409 1330.55 1330.691 1330.832 1330.973 1331.068 1331.149 1331.229 1331.31 1331.391 1331.47 1331.549 1331.628 1331.708 1331.783 1331.856 1331.93 1332.003 1332.082 1332.189 1332.295 1332.402 1332.509 1332.587 1332.647 1332.708 1332.768 1332.823 1332.823 1332.823 1332.823 1332.823 1332.823 1332.823 1332.823 1332.823 1332.823 1332.782 1332.742 1332.702 1332.661
1328.794 1328.853 1328.912 1328.971 1329.043 1329.13 1329.218 1329.306 1329.394 1329.415 1329.43 1329.444 1329.459 1329.479 1329.509 1329.538 1329.568 1329.597 1329.725 1329.872 1330.019 1330.165 1330.299 1330.402 1330.505 1330.609 1330.712 1330.781 1330.84 1330.899 1330.958 1331.03 1331.148 1331.265 1331.382 1331.499 1331.586 1331.66 1331.733 1331.807 1331.887 1332.005 1332.122 1332.24 1332.357 1332.429 1332.473 1332.517 1332.562 1332.602 1332.602 1332.602 1332.602 1332.602 1332.602 1332.602 1332.602 1332.602 1332.601 1332.572 1332.542 1332.513 1332.484
1328.502 1328.539 1328.576 1328.614 1328.696 1328.832 1328.969 1329.105 1329.242 1329.262 1329.272 1329.281 1329.29 1329.303 1329.322 1329.34 1329.359 1329.378 1329.527 1329.701 1329.874 1330.048 1330.189 1330.254 1330.319 1330.385 1330.45 1330.494 1330.531 1330.568 1330.606 1330.67 1330.825 1330.981 1331.136 1331.291 1331.389 1331.463 1331.536 1331.61 1331.692 1331.82 1331.949 1332.077 1332.205 1332.271 1332.299 1332.327 1332.355 1332.381 1332.381 1332.381 1332.381 1332.381 1332.381 1332.381 1332.381 1332.381 1332.38 1332.362 1332.343 1332.324 1332.306
1328.21 1328.226 1328.241 1328.257 1328.349 1328.534 1328.719 1328.905 1329.09 1329.11 1329.114 1329.118 1329.121 1329.127 1329.135 1329.142 1329.15 1329.158 1329.328 1329.529 1329.73 1329.931 1330.079 1330.106 1330.134 1330.161 1330.188 1330.207 1330.222 1330.238 1330.253 1330.31 1330.503 1330.697 1330.89 1331.083 1331.193 1331.266 1331.34 1331.413 1331.497 1331.636 1331.775 1331.915 1332.054 1332.113 1332.125 1332.137 1332.149 1332.159 1332.159 1332.159 1332.159 1332.159 1332.159 1332.159 1332.159 1332.159 1332.159 1332.151 1332.144 1332.136 1332.128
1327.959 1327.959 1327.959 1327.959 1328.054 1328.267 1328.48 1328.693 1328.906 1328.928 1328.933 1328.937 1328.942 1328.946 1328.949 1328.952 1328.955 1328.958 1329.143 1329.362 1329.58 1329.799 1329.952 1329.954 1329.955 1329.957 1329.958 1329.966 1329.975 1329.984 1329.993 1330.048 1330.255 1330.461 1330.668 1330.875 1330.989 1331.063 1331.136 1331.209 1331.295 1331.442 1331.589 1331.735 1331.883 1331.941 1331.945 1331.95 1331.954 1331.959 1331.959 1331.959 1331.959 1331.959 1331.959 1331.959 1331.959 1331.959 1331.958 1331.948 1331.937 1331.927 1331.916
1327.811 1327.811 1327.811 1327.811 1327.894 1328.08 1328.266 1328.452 1328.637 1328.673 1328.693 1328.714 1328.735 1328.753 1328.767 1328.781 1328.795 1328.809 1328.99 1329.204 1329.417 1329.631 1329.782 1329.789 1329.796 1329.802 1329.809 1329.843 1329.885 1329.926 1329.968 1330.037 1330.195 1330.353 1330.51 1330.668 1330.768 1330.841 1330.915 1330.988 1331.073 1331.22 1331.367 1331.514 1331.661 1331.729 1331.75 1331.771 1331.792 1331.811 1331.811 1331.811 1331.811 1331.811 1331.811 1331.811 1331.811 1331.811 1331.81 1331.762 1331.713 1331.665 1331.616
1327.663 1327.663 1327.663 1327.663 1327.735 1327.893 1328.052 1328.211 1328.369 1328.417 1328.454 1328.491 1328.528 1328.561 1328.585 1328.61 1328.635 1328.66 1328.838 1329.046 1329.255 1329.463 1329.611 1329.624 1329.636 1329.648 1329.661 1329.72 1329.795 1329.869 1329.943 1330.025 1330.135 1330.244 1330.353 1330.462 1330.546 1330.62 1330.693 1330.767 1330.852 1330.999 1331.146 1331.293 1331.44 1331.518 1331.555 1331.593 1331.63 1331.663 1331.663 1331.663 1331.663 1331.663 1331.663 1331.663 1331.663 1331.663 1331.662 1331.576 1331.489 1331.403 1331.316
1327.516 1327.516 1327.516 1327.516 1327.575 1327.707 1327.838 1327.97 1328.101 1328.161 1328.215 1328.268 1328.321 1328.368 1328.404 1328.439 1328.475 1328.51 1328.686 1328.889 1329.092 1329.294 1329.441 1329.458 1329.476 1329.494 1329.512 1329.598 1329.705 1329.811 1329.918 1330.014 1330.074 1330.135 1330.195 1330.255 1330.325 1330.398 1330.472 1330.545 1330.631 1330.778 1330.925 1331.072 1331.219 1331.307 1331.36 1331.414 1331.467 1331.516 1331.516 1331.516 1331.516 1331.516 1331.516 1331.516 1331.516 1331.516 1331.514 1331.39 1331.265 1331.141 1331.016
1327.368 1327.368 1327.368 1327.368 1327.415 1327.52 1327.624 1327.729 1327.833 1327.906 1327.975 1328.045 1328.114 1328.175 1328.222 1328.268 1328.314 1328.361 1328.534 1328.731 1328.929 1329.126 1329.27 1329.293 1329.317 1329.34 1329.363 1329.475 1329.615 1329.754 1329.893 1330.003 1330.014 1330.026 1330.037 1330.049 1330.104 1330.177 1330.251 1330.324 1330.409 1330.556 1330.703 1330.85 1330.997 1331.096 1331.166 1331.235 1331.305 1331.368 1331.368 1331.368 1331.368 1331.368 1331.368 1331.368 1331.368 1331.368 1331.366 1331.203 1331.041 1330.879 1330.716
1327.221 1327.221 1327.221 1327.221 1327.261 1327.351 1327.441 1327.53 1327.62 1327.695 1327.768 1327.842 1327.915 1327.987 1328.057 1328.127 1328.196 1328.266 1328.414 1328.577 1328.74 1328.903 1329.03 1329.075 1329.12 1329.165 1329.21 1329.324 1329.459 1329.593 1329.728 1329.835 1329.852 1329.868 1329.885 1329.901 1329.957 1330.031 1330.104 1330.178 1330.26 1330.391 1330.521 1330.652 1330.782 1330.869 1330.93 1330.991 1331.052 1331.108 1331.108 1331.108 1331.108 1331.108 1331.108 1331.108 1331.108 1331.108 1331.106 1330.964 1330.821 1330.679 1330.536
1327.073 1327.073 1327.073 1327.073 1327.109 1327.188 1327.266 1327.345 1327.424 1327.498 1327.572 1327.645 1327.719 1327.801 1327.897 1327.994 1328.091 1328.188 1328.304 1328.423 1328.543 1328.662 1328.767 1328.84 1328.912 1328.984 1329.057 1329.164 1329.282 1329.401 1329.519 1329.619 1329.657 1329.695 1329.733 1329.772 1329.834 1329.908 1329.981 1330.055 1330.134 1330.243 1330.351 1330.46 1330.569 1330.638 1330.683 1330.727 1330.772 1330.813 1330.813 1330.813 1330.813 1330.813 1330.813 1330.813 1330.813 1330.813 1330.812 1330.707 1330.602 1330.498 1330.393
1326.926 1326.926 1326.926 1326.926 1326.956 1327.024 1327.092 1327.16 1327.228 1327.301 1327.375 1327.448 1327.522 1327.614 1327.738 1327.862 1327.986 1328.11 1328.193 1328.27 1328.346 1328.422 1328.505 1328.604 1328.704 1328.803 1328.903 1329.004 1329.106 1329.208 1329.31 1329.402 1329.462 1329.522 1329.582 1329.642 1329.711 1329.785 1329.858 1329.932 1330.008 1330.095 1330.182 1330.269 1330.356 1330.406 1330.435 1330.463 1330.492 1330.518 1330.518 1330.518 1330.518 1330.518 1330.518 1330.518 1330.518 1330.518 1330.517 1330.45 1330.384 1330.317 1330.251
1326.778 1326.778 1326.778 1326.778 1326.804 1326.861 1326.918 1326.975 1327.033 1327.105 1327.178 1327.252 1327.325 1327.428 1327.579 1327.73 1327.881 1328.032 1328.083 1328.116 1328.149 1328.182 1328.243 1328.369 1328.496 1328.622 1328.749 1328.844 1328.93 1329.016 1329.101 1329.186 1329.268 1329.349 1329.431 1329.512 1329.589 1329.662 1329.735 1329.809 1329.881 1329.947 1330.012 1330.077 1330.143 1330.175 1330.187 1330.199 1330.212 1330.223 1330.223 1330.223 1330.223 1330.223 1330.223 1330.223 1330.223 1330.223 1330.223 1330.194 1330.165 1330.136 1330.108
1326.588 1326.6 1326.612 1326.624 1326.651 1326.698 1326.744 1326.79 1326.837 1326.908 1326.981 1327.055 1327.128 1327.238 1327.408 1327.578 1327.749 1327.919 1327.946 1327.946 1327.946 1327.946 1327.992 1328.143 1328.294 1328.445 1328.596 1328.684 1328.754 1328.823 1328.892 1328.967 1329.06 1329.153 1329.245 1329.338 1329.423 1329.504 1329.586 1329.667 1329.743 1329.789 1329.836 1329.882 1329.928 1329.946 1329.946 1329.946 1329.946 1329.946 1329.946 1329.946 1329.946 1329.946 1329.946 1329.946 1329.946 1329.946 1329.946 1329.946 1329.946 1329.946 1329.946
1326.267 1326.328 1326.389 1326.45 1326.499 1326.535 1326.57 1326.605 1326.641 1326.711 1326.785 1326.858 1326.932 1327.039 1327.204 1327.369 1327.534 1327.698 1327.724 1327.724 1327.724 1327.724 1327.775 1327.943 1328.11 1328.277 1328.444 1328.524 1328.577 1328.63 1328.684 1328.741 1328.812 1328.883 1328.954 1329.025 1329.126 1329.24 1329.354 1329.468 1329.569 1329.605 1329.64 1329.676 1329.711 1329.724 1329.724 1329.724 1329.724 1329.724 1329.724 1329.724 1329.724 1329.724 1329.724 1329.724 1329.724 1329.724 1329.724 1329.724 1329.724 1329.724 1329.724
1325.947 1326.056 1326.166 1326.275 1326.347 1326.371 1326.396 1326.421 1326.445 1326.514 1326.588 1326.661 1326.735 1326.841 1327.0 1327.159 1327.318 1327.478 1327.503 1327.503 1327.503 1327.503 1327.559 1327.743 1327.926 1328.109 1328.293 1328.364 1328.401 1328.438 1328.475 1328.515 1328.564 1328.613 1328.662 1328.712 1328.829 1328.975 1329.122 1329.268 1329.395 1329.42 1329.445 1329.469 1329.494 1329.503 1329.503 1329.503 1329.503 1329.503 1329.503 1329.503 1329.503 1329.503 1329.503 1329.503 1329.503 1329.503 1329.503 1329.503 1329.503 1329.503 1329.503
1325.626 1325.784 1325.942 1326.101 1326.194 1326.208 1326.222 1326.235 1326.249 1326.318 1326.391 1326.465 1326.538 1326.642 1326.796 1326.95 1327.103 1327.257 1327.282 1327.282 1327.282 1327.282 1327.343 1327.542 1327.742 1327.942 1328.142 1328.204 1328.224 1328.245 1328.266 1328.288 1328.316 1328.344 1328.371 1328.399 1328.532 1328.711 1328.89 1329.069 1329.221 1329.235 1329.249 1329.263 1329.277 1329.282 1329.282 1329.282 1329.282 1329.282 1329.282 1329.282 1329.282 1329.282 1329.282 1329.282 1329.282 1329.282 1329.282 1329.282 1329.282 1329.282 1329.282
1325.305 1325.512 1325.719 1325.926 1326.042 1326.045 1326.048 1326.051 1326.054 1326.121 1326.194 1326.268 1326.341 1326.443 1326.591 1326.74 1326.888 1327.037 1327.061 1327.061 1327.061 1327.061 1327.126 1327.342 1327.558 1327.774 1327.99 1328.044 1328.048 1328.053 1328.057 1328.062 1328.068 1328.074 1328.08 1328.086 1328.235 1328.446 1328.658 1328.869 1329.047 1329.051 1329.053 1329.056 1329.059 1329.061 1329.061 1329.061 1329.061 1329.061 1329.061 1329.061 1329.061 1329.061 1329.061 1329.061 1329.061 1329.061 1329.061 1329.061 1329.061 1329.061 1329.061
1325.075 1325.26 1325.445 1325.63 1325.746 1325.778 1325.809 1325.841 1325.872 1325.956 1326.046 1326.135 1326.224 1326.331 1326.466 1326.601 1326.736 1326.871 1326.893 1326.893 1326.893 1326.893 1326.956 1327.165 1327.374 1327.582 1327.791 1327.848 1327.86 1327.872 1327.884 1327.893 1327.893 1327.893 1327.893 1327.893 1328.038 1328.247 1328.455 1328.664 1328.839 1328.839 1328.839 1328.839 1328.839 1328.847 1328.858 1328.87 1328.882 1328.893 1328.893 1328.893 1328.893 1328.893 1328.886 1328.874 1328.863 1328.851 1328.839 1328.839 1328.839 1328.839 1328.839
1324.879 1325.016 1325.152 1325.288 1325.397 1325.472 1325.547 1325.621 1325.696 1325.804 1325.915 1326.026 1326.137 1326.251 1326.37 1326.489 1326.607 1326.726 1326.745 1326.745 1326.745 1326.745 1326.804 1326.996 1327.188 1327.381 1327.573 1327.639 1327.667 1327.696 1327.724 1327.745 1327.745 1327.745 1327.745 1327.745 1327.879 1328.071 1328.264 1328.456 1328.618 1328.618 1328.618 1328.618 1328.618 1328.635 1328.663 1328.692 1328.72 1328.745 1328.745 1328.745 1328.745 1328.745 1328.73 1328.702 1328.674 1328.646 1328.618 1328.618 1328.618 1328.618 1328.618
1324.684 1324.771 1324.859 1324.946 1325.047 1325.166 1325.284 1325.402 1325.52 1325.652 1325.784 1325.917 1326.049 1326.171 1326.273 1326.376 1326.479 1326.581 1326.598 1326.598 1326.598 1326.598 1326.651 1326.827 1327.003 1327.18 1327.356 1327.431 1327.475 1327.519 1327.564 1327.598 1327.598 1327.598 1327.598 1327.598 1327.72 1327.896 1328.072 1328.248 1328.396 1328.396 1328.396 1328.396 1328.396 1328.424 1328.469 1328.513 1328.557 1328.598 1328.598 1328.598 1328.598 1328.598 1328.573 1328.529 1328.484 1328.44 1328.396 1328.396 1328.396 1328.396 1328.396
1324.488 1324.527 1324.565 1324.604 1324.698 1324.859 1325.021 1325.183 1325.344 1325.499 1325.654 1325.808 1325.962 1326.091 1326.177 1326.264 1326.35 1326.436 1326.45 1326.45 1326.45 1326.45 1326.499 1326.659 1326.818 1326.978 1327.138 1327.222 1327.282 1327.343 1327.403 1327.45 1327.45 1327.45 1327.45 1327.45 1327.561 1327.721 1327.881 1328.041 1328.175 1328.175 1328.175 1328.175 1328.175 1328.213 1328.274 1328.334 1328.395 1328.45 1328.45 1328.45 1328.45 1328.45 1328.417 1328.356 1328.295 1328.235 1328.175 1328.175 1328.175 1328.175 1328.175
1324.306 1324.309 1324.313 1324.316 1324.404 1324.595 1324.787 1324.978 1325.17 1325.339 1325.506 1325.673 1325.839 1325.971 1326.043 1326.115 1326.188 1326.26 1326.277 1326.284 1326.291 1326.298 1326.346 1326.49 1326.633 1326.777 1326.921 1327.013 1327.09 1327.167 1327.243 1327.302 1327.302 1327.302 1327.302 1327.302 1327.402 1327.546 1327.69 1327.833 1327.954 1327.954 1327.954 1327.954 1327.954 1328.0 1328.075 1328.15 1328.224 1328.292 1328.292 1328.292 1328.292 1328.292 1328.251 1328.177 1328.102 1328.027 1327.954 1327.954 1327.954 1327.954 1327.954
