data/zism_data/00697_01_D.txt
ncols         224
nrows         224
[rows 140 to 167 of 224, columns 0 to 62 of 224]
1595.274 1595.2 1595.127 1595.053 1594.98 1594.91 1594.839 1594.768 1594.697 1594.568 1594.419 1594.269 1594.119 1593.99 1593.943 1593.896 1593.849 1593.802 1593.786 1593.786 1593.786 1593.786 1593.786 1593.786 1593.786 1593.786 1593.786 1593.772 1593.748 1593.725 1593.701 1593.679 1593.679 1593.679 1593.679 1593.679 1593.627 1593.527 1593.427 1593.328 1593.228 1593.131 1593.034 1592.937 1592.839 1592.775 1592.752 1592.728 1592.705 1592.681 1592.679 1592.679 1592.679 1592.679 1592.679 1592.679 1592.679 1592.679 1592.679 1592.513 1592.317 1592.12 1591.923
1595.274 1595.2 1595.127 1595.053 1594.994 1594.971 1594.949 1594.926 1594.904 1594.751 1594.554 1594.356 1594.158 1593.997 1593.982 1593.967 1593.952 1593.937 1593.932 1593.932 1593.932 1593.932 1593.932 1593.932 1593.932 1593.932 1593.932 1593.927 1593.92 1593.912 1593.905 1593.898 1593.898 1593.898 1593.898 1593.898 1593.829 1593.697 1593.565 1593.433 1593.301 1593.219 1593.138 1593.057 1592.976 1592.928 1592.921 1592.913 1592.906 1592.898 1592.898 1592.898 1592.898 1592.898 1592.898 1592.898 1592.898 1592.898 1592.898 1592.719 1592.506 1592.293 1592.08
1595.326 1595.252 1595.179 1595.105 1595.049 1595.037 1595.026 1595.014 1595.003 1594.852 1594.651 1594.451 1594.25 1594.09 1594.087 1594.084 1594.082 1594.079 1594.078 1594.078 1594.078 1594.078 1594.078 1594.078 1594.078 1594.078 1594.078 1594.078 1594.078 1594.078 1594.078 1594.078 1594.078 1594.078 1594.078 1594.078 1594.004 1593.863 1593.722 1593.58 1593.439 1593.365 1593.291 1593.218 1593.144 1593.101 1593.095 1593.09 1593.084 1593.078 1593.078 1593.078 1593.078 1593.078 1593.076 1593.07 1593.064 1593.058 1593.053 1592.879 1592.672 1592.466 1592.26
1595.423 1595.349 1595.276 1595.202 1595.14 1595.107 1595.074 1595.042 1595.009 1594.88 1594.717 1594.554 1594.391 1594.259 1594.251 1594.243 1594.235 1594.226 1594.224 1594.224 1594.224 1594.224 1594.224 1594.224 1594.224 1594.224 1594.224 1594.224 1594.224 1594.224 1594.224 1594.224 1594.224 1594.224 1594.224 1594.224 1594.156 1594.025 1593.895 1593.764 1593.633 1593.559 1593.486 1593.412 1593.339 1593.291 1593.274 1593.258 1593.242 1593.225 1593.224 1593.224 1593.224 1593.224 1593.218 1593.201 1593.185 1593.168 1593.152 1592.998 1592.819 1592.64 1592.46
1595.52 1595.447 1595.373 1595.3 1595.231 1595.177 1595.123 1595.068 1595.014 1594.907 1594.782 1594.656 1594.531 1594.428 1594.415 1594.401 1594.388 1594.374 1594.37 1594.37 1594.37 1594.37 1594.37 1594.37 1594.37 1594.37 1594.37 1594.37 1594.37 1594.37 1594.37 1594.37 1594.37 1594.37 1594.37 1594.37 1594.307 1594.187 1594.068 1593.948 1593.828 1593.754 1593.68 1593.607 1593.533 1593.481 1593.453 1593.426 1593.399 1593.372 1593.37 1593.37 1593.37 1593.37 1593.359 1593.332 1593.305 1593.278 1593.251 1593.118 1592.966 1592.813 1592.66
1595.617 1595.544 1595.47 1595.397 1595.323 1595.247 1595.171 1595.095 1595.02 1594.935 1594.847 1594.759 1594.671 1594.598 1594.579 1594.56 1594.541 1594.522 1594.516 1594.516 1594.516 1594.516 1594.516 1594.516 1594.516 1594.516 1594.516 1594.516 1594.516 1594.516 1594.516 1594.516 1594.516 1594.516 1594.516 1594.516 1594.459 1594.349 1594.24 1594.131 1594.022 1593.948 1593.875 1593.801 1593.728 1593.67 1593.632 1593.594 1593.557 1593.519 1593.516 1593.516 1593.516 1593.516 1593.501 1593.463 1593.425 1593.388 1593.35 1593.238 1593.112 1592.986 1592.861
1595.715 1595.641 1595.568 1595.494 1595.414 1595.317 1595.22 1595.123 1595.025 1594.963 1594.912 1594.862 1594.812 1594.767 1594.742 1594.718 1594.694 1594.67 1594.661 1594.661 1594.661 1594.661 1594.661 1594.661 1594.661 1594.661 1594.661 1594.661 1594.661 1594.661 1594.661 1594.661 1594.661 1594.661 1594.661 1594.661 1594.61 1594.512 1594.413 1594.315 1594.217 1594.143 1594.069 1593.996 1593.922 1593.86 1593.811 1593.763 1593.714 1593.666 1593.661 1593.661 1593.661 1593.661 1593.643 1593.594 1593.546 1593.497 1593.449 1593.358 1593.259 1593.16 1593.061
1595.778 1595.72 1595.662 1595.604 1595.532 1595.423 1595.315 1595.207 1595.099 1595.042 1595.003 1594.964 1594.926 1594.891 1594.872 1594.852 1594.833 1594.814 1594.807 1594.807 1594.807 1594.807 1594.807 1594.807 1594.807 1594.807 1594.807 1594.807 1594.807 1594.807 1594.807 1594.807 1594.807 1594.807 1594.807 1594.807 1594.762 1594.674 1594.586 1594.499 1594.411 1594.347 1594.284 1594.221 1594.158 1594.106 1594.067 1594.029 1593.99 1593.951 1593.948 1593.948 1593.948 1593.948 1593.922 1593.852 1593.782 1593.713 1593.643 1593.567 1593.49 1593.412 1593.335
1595.839 1595.797 1595.755 1595.714 1595.65 1595.531 1595.412 1595.293 1595.174 1595.123 1595.095 1595.067 1595.039 1595.014 1595.0 1594.986 1594.972 1594.958 1594.953 1594.953 1594.953 1594.953 1594.953 1594.953 1594.953 1594.953 1594.953 1594.953 1594.953 1594.953 1594.953 1594.953 1594.953 1594.953 1594.953 1594.953 1594.913 1594.836 1594.759 1594.682 1594.605 1594.552 1594.5 1594.448 1594.395 1594.354 1594.326 1594.298 1594.27 1594.242 1594.24 1594.24 1594.24 1594.24 1594.205 1594.114 1594.023 1593.932 1593.841 1593.779 1593.724 1593.668 1593.612
1595.901 1595.875 1595.849 1595.823 1595.769 1595.639 1595.51 1595.38 1595.25 1595.203 1595.186 1595.169 1595.152 1595.136 1595.128 1595.119 1595.11 1595.102 1595.099 1595.099 1595.099 1595.099 1595.099 1595.099 1595.099 1595.099 1595.099 1595.099 1595.099 1595.099 1595.099 1595.099 1595.099 1595.099 1595.099 1595.099 1595.064 1594.998 1594.932 1594.866 1594.8 1594.758 1594.716 1594.674 1594.632 1594.602 1594.585 1594.567 1594.55 1594.533 1594.531 1594.531 1594.531 1594.531 1594.489 1594.376 1594.264 1594.151 1594.039 1593.992 1593.958 1593.923 1593.889
1595.963 1595.953 1595.943 1595.933 1595.888 1595.747 1595.607 1595.466 1595.326 1595.284 1595.278 1595.271 1595.265 1595.259 1595.256 1595.252 1595.249 1595.246 1595.245 1595.245 1595.245 1595.245 1595.245 1595.245 1595.245 1595.245 1595.245 1595.245 1595.245 1595.245 1595.245 1595.245 1595.245 1595.245 1595.245 1595.245 1595.216 1595.161 1595.105 1595.05 1594.994 1594.963 1594.932 1594.901 1594.87 1594.85 1594.843 1594.837 1594.83 1594.824 1594.823 1594.823 1594.823 1594.823 1594.773 1594.639 1594.505 1594.371 1594.237 1594.204 1594.192 1594.178 1594.166
1596.0 1596.0 1596.0 1596.0 1595.963 1595.829 1595.694 1595.56 1595.426 1595.391 1595.391 1595.391 1595.391 1595.391 1595.391 1595.391 1595.391 1595.391 1595.391 1595.391 1595.391 1595.391 1595.391 1595.391 1595.391 1595.391 1595.391 1595.391 1595.391 1595.391 1595.391 1595.391 1595.391 1595.391 1595.391 1595.391 1595.367 1595.323 1595.278 1595.233 1595.188 1595.166 1595.143 1595.121 1595.099 1595.086 1595.086 1595.086 1595.086 1595.086 1595.086 1595.086 1595.086 1595.086 1595.036 1594.901 1594.767 1594.633 1594.498 1594.477 1594.477 1594.477 1594.477
1596.0 1596.0 1596.0 1596.0 1595.972 1595.87 1595.768 1595.666 1595.563 1595.537 1595.537 1595.537 1595.537 1595.537 1595.537 1595.537 1595.537 1595.537 1595.537 1595.537 1595.537 1595.537 1595.537 1595.537 1595.537 1595.537 1595.537 1595.537 1595.537 1595.537 1595.537 1595.537 1595.537 1595.537 1595.537 1595.537 1595.519 1595.485 1595.451 1595.417 1595.383 1595.365 1595.349 1595.332 1595.314 1595.305 1595.305 1595.305 1595.305 1595.305 1595.305 1595.305 1595.305 1595.305 1595.267 1595.165 1595.062 1594.96 1594.858 1594.842 1594.842 1594.842 1594.842
1596.0 1596.0 1596.0 1596.0 1595.981 1595.911 1595.841 1595.771 1595.701 1595.683 1595.683 1595.683 1595.683 1595.683 1595.683 1595.683 1595.683 1595.683 1595.683 1595.683 1595.683 1595.683 1595.683 1595.683 1595.683 1595.683 1595.683 1595.683 1595.683 1595.683 1595.683 1595.683 1595.683 1595.683 1595.683 1595.683 1595.67 1595.647 1595.624 1595.6 1595.577 1595.565 1595.554 1595.542 1595.53 1595.524 1595.524 1595.524 1595.524 1595.524 1595.524 1595.524 1595.524 1595.524 1595.498 1595.428 1595.358 1595.288 1595.218 1595.207 1595.207 1595.207 1595.207
1596.0 1596.0 1596.0 1596.0 1595.99 1595.952 1595.914 1595.876 1595.838 1595.828 1595.828 1595.828 1595.828 1595.828 1595.828 1595.828 1595.828 1595.828 1595.828 1595.828 1595.828 1595.828 1595.828 1595.828 1595.828 1595.828 1595.828 1595.828 1595.828 1595.828 1595.828 1595.828 1595.828 1595.828 1595.828 1595.828 1595.822 1595.809 1595.797 1595.784 1595.772 1595.765 1595.759 1595.753 1595.746 1595.743 1595.743 1595.743 1595.743 1595.743 1595.743 1595.743 1595.743 1595.743 1595.729 1595.691 1595.653 1595.615 1595.577 1595.571 1595.571 1595.571 1595.571
1596.0 1596.0 1596.0 1596.0 1595.998 1595.993 1595.987 1595.982 1595.976 1595.974 1595.974 1595.974 1595.974 1595.974 1595.974 1595.974 1595.974 1595.974 1595.974 1595.974 1595.974 1595.974 1595.974 1595.974 1595.974 1595.974 1595.974 1595.974 1595.974 1595.974 1595.974 1595.974 1595.974 1595.974 1595.974 1595.974 1595.974 1595.972 1595.97 1595.968 1595.966 1595.965 1595.964 1595.963 1595.962 1595.962 1595.962 1595.962 1595.962 1595.962 1595.962 1595.962 1595.962 1595.962 1595.96 1595.954 1595.948 1595.943 1595.937 1595.936 1595.936 1595.936 1595.936
1596.17 1596.156 1596.143 1596.13 1596.12 1596.12 1596.12 1596.12 1596.12 1596.12 1596.12 1596.12 1596.12 1596.119 1596.11 1596.101 1596.092 1596.083 1596.068 1596.051 1596.033 1596.015 1596.002 1596.02 1596.038 1596.055 1596.073 1596.085 1596.094 1596.103 1596.112 1596.12 1596.12 1596.12 1596.12 1596.12 1596.12 1596.12 1596.12 1596.12 1596.12 1596.12 1596.12 1596.12 1596.12 1596.12 1596.12 1596.12 1596.12 1596.12 1596.12 1596.12 1596.12 1596.12 1596.12 1596.12 1596.12 1596.12 1596.12 1596.12 1596.12 1596.12 1596.12
1596.376 1596.346 1596.317 1596.287 1596.266 1596.266 1596.266 1596.266 1596.266 1596.266 1596.266 1596.266 1596.266 1596.262 1596.243 1596.223 1596.204 1596.184 1596.151 1596.112 1596.073 1596.034 1596.005 1596.044 1596.083 1596.122 1596.162 1596.189 1596.209 1596.228 1596.248 1596.266 1596.266 1596.266 1596.266 1596.266 1596.266 1596.266 1596.266 1596.266 1596.266 1596.266 1596.266 1596.266 1596.266 1596.266 1596.266 1596.266 1596.266 1596.266 1596.266 1596.266 1596.266 1596.266 1596.266 1596.266 1596.266 1596.266 1596.266 1596.266 1596.266 1596.266 1596.266
1596.581 1596.536 1596.49 1596.445 1596.412 1596.412 1596.412 1596.412 1596.412 1596.412 1596.412 1596.412 1596.412 1596.406 1596.376 1596.345 1596.315 1596.285 1596.234 1596.174 1596.113 1596.053 1596.008 1596.068 1596.129 1596.19 1596.25 1596.293 1596.323 1596.353 1596.384 1596.412 1596.412 1596.412 1596.412 1596.412 1596.412 1596.412 1596.412 1596.412 1596.412 1596.412 1596.412 1596.412 1596.412 1596.412 1596.412 1596.412 1596.412 1596.412 1596.412 1596.412 1596.412 1596.412 1596.412 1596.412 1596.412 1596.412 1596.412 1596.412 1596.412 1596.412 1596.412
1596.787 1596.726 1596.664 1596.603 1596.558 1596.558 1596.558 1596.558 1596.558 1596.558 1596.558 1596.558 1596.558 1596.55 1596.509 1596.468 1596.427 1596.386 1596.317 1596.235 1596.153 1596.071 1596.011 1596.093 1596.175 1596.257 1596.339 1596.396 1596.437 1596.478 1596.519 1596.558 1596.558 1596.558 1596.558 1596.558 1596.558 1596.558 1596.558 1596.558 1596.558 1596.558 1596.558 1596.558 1596.558 1596.558 1596.558 1596.558 1596.558 1596.558 1596.558 1596.558 1596.558 1596.558 1596.558 1596.558 1596.558 1596.558 1596.558 1596.558 1596.558 1596.558 1596.558
1596.962 1596.893 1596.824 1596.754 1596.704 1596.704 1596.704 1596.704 1596.704 1596.702 1596.699 1596.697 1596.694 1596.682 1596.634 1596.587 1596.539 1596.491 1596.414 1596.321 1596.229 1596.136 1596.068 1596.161 1596.253 1596.345 1596.438 1596.504 1596.552 1596.599 1596.647 1596.692 1596.694 1596.697 1596.7 1596.703 1596.708 1596.717 1596.725 1596.733 1596.741 1596.741 1596.741 1596.741 1596.741 1596.743 1596.747 1596.751 1596.755 1596.76 1596.76 1596.76 1596.76 1596.76 1596.76 1596.76 1596.76 1596.76 1596.76 1596.756 1596.752 1596.748 1596.744
1597.048 1596.995 1596.942 1596.889 1596.85 1596.85 1596.85 1596.85 1596.85 1596.84 1596.827 1596.813 1596.8 1596.78 1596.738 1596.696 1596.653 1596.611 1596.55 1596.479 1596.408 1596.337 1596.284 1596.355 1596.426 1596.497 1596.568 1596.622 1596.664 1596.707 1596.749 1596.79 1596.803 1596.817 1596.83 1596.844 1596.871 1596.911 1596.952 1596.992 1597.032 1597.033 1597.033 1597.033 1597.033 1597.042 1597.062 1597.083 1597.103 1597.123 1597.125 1597.125 1597.125 1597.125 1597.125 1597.125 1597.125 1597.125 1597.125 1597.108 1597.088 1597.067 1597.047
1597.134 1597.097 1597.06 1597.023 1596.996 1596.996 1596.996 1596.996 1596.996 1596.978 1596.954 1596.93 1596.905 1596.879 1596.842 1596.805 1596.768 1596.731 1596.686 1596.636 1596.586 1596.537 1596.5 1596.55 1596.599 1596.649 1596.698 1596.741 1596.777 1596.814 1596.851 1596.887 1596.912 1596.936 1596.96 1596.984 1597.034 1597.106 1597.179 1597.251 1597.324 1597.325 1597.325 1597.325 1597.325 1597.341 1597.377 1597.414 1597.45 1597.486 1597.489 1597.489 1597.489 1597.489 1597.489 1597.489 1597.489 1597.489 1597.489 1597.459 1597.423 1597.386 1597.35
1597.22 1597.199 1597.178 1597.157 1597.142 1597.142 1597.142 1597.142 1597.142 1597.116 1597.081 1597.046 1597.011 1596.977 1596.945 1596.914 1596.882 1596.851 1596.822 1596.793 1596.765 1596.737 1596.716 1596.744 1596.772 1596.801 1596.829 1596.859 1596.891 1596.922 1596.954 1596.985 1597.02 1597.055 1597.09 1597.125 1597.196 1597.301 1597.406 1597.51 1597.615 1597.617 1597.617 1597.617 1597.617 1597.64 1597.693 1597.745 1597.797 1597.85 1597.854 1597.854 1597.854 1597.854 1597.854 1597.854 1597.854 1597.854 1597.854 1597.81 1597.758 1597.705 1597.653
1597.306 1597.301 1597.296 1597.291 1597.288 1597.288 1597.288 1597.288 1597.288 1597.254 1597.208 1597.163 1597.117 1597.075 1597.049 1597.023 1596.997 1596.971 1596.957 1596.951 1596.944 1596.937 1596.932 1596.939 1596.946 1596.952 1596.959 1596.977 1597.004 1597.03 1597.056 1597.083 1597.129 1597.174 1597.22 1597.266 1597.359 1597.496 1597.633 1597.77 1597.906 1597.908 1597.908 1597.908 1597.908 1597.939 1598.008 1598.076 1598.145 1598.213 1598.219 1598.219 1598.219 1598.219 1598.219 1598.219 1598.219 1598.219 1598.219 1598.161 1598.093 1598.025 1597.956
1597.433 1597.433 1597.433 1597.433 1597.433 1597.433 1597.433 1597.433 1597.433 1597.403 1597.361 1597.319 1597.278 1597.238 1597.206 1597.174 1597.143 1597.111 1597.107 1597.119 1597.13 1597.141 1597.15 1597.15 1597.15 1597.15 1597.15 1597.162 1597.183 1597.204 1597.225 1597.247 1597.289 1597.33 1597.372 1597.414 1597.51 1597.657 1597.804 1597.951 1598.098 1598.111 1598.122 1598.133 1598.144 1598.178 1598.241 1598.303 1598.366 1598.428 1598.433 1598.433 1598.433 1598.433 1598.433 1598.433 1598.433 1598.433 1598.433 1598.381 1598.318 1598.256 1598.194
1597.579 1597.579 1597.579 1597.579 1597.579 1597.579 1597.579 1597.579 1597.579 1597.557 1597.526 1597.495 1597.464 1597.43 1597.388 1597.345 1597.303 1597.26 1597.264 1597.291 1597.318 1597.345 1597.369 1597.369 1597.369 1597.369 1597.369 1597.378 1597.394 1597.409 1597.425 1597.441 1597.472 1597.503 1597.534 1597.565 1597.656 1597.803 1597.95 1598.097 1598.244 1598.273 1598.3 1598.327 1598.354 1598.39 1598.436 1598.483 1598.529 1598.575 1598.579 1598.579 1598.579 1598.579 1598.579 1598.579 1598.579 1598.579 1598.579 1598.54 1598.494 1598.448 1598.401
1597.725 1597.725 1597.725 1597.725 1597.725 1597.725 1597.725 1597.725 1597.725 1597.71 1597.69 1597.67 1597.65 1597.623 1597.57 1597.516 1597.463 1597.41 1597.421 1597.464 1597.507 1597.55 1597.588 1597.588 1597.588 1597.588 1597.588 1597.594 1597.604 1597.614 1597.624 1597.635 1597.655 1597.675 1597.695 1597.716 1597.802 1597.949 1598.096 1598.243 1598.39 1598.434 1598.478 1598.521 1598.564 1598.601 1598.632 1598.662 1598.692 1598.723 1598.725 1598.725 1598.725 1598.725 1598.725 1598.725 1598.725 1598.725 1598.725 1598.7 1598.67 1598.639 1598.609
