data/zism_data/00698_03_D.txt
ncols         224
nrows         224
[rows 112 to 139 of 224, columns 126 to 188 of 224]
1660.477 1660.845 1661.212 1661.579 1661.947 1662.366 1662.931 1663.497 1664.062 1664.627 1665.066 1665.455 1665.845 1666.235 1666.621 1666.988 1667.356 1667.723 1668.091 1668.583 1669.142 1669.701 1670.26 1670.774 1670.95 1671.126 1671.302 1671.478 1671.754 1672.102 1672.45 1672.798 1673.132 1673.164 1673.197 1673.229 1673.261 1673.419 1673.7 1673.981 1674.262 1674.544 1674.908 1675.276 1675.643 1676.011 1676.436 1676.938 1677.439 1677.941 1678.443 1678.958 1679.476 1679.994 1680.511 1681.024 1681.529 1682.034 1682.538 1683.043 1683.572 1684.105 1684.639
1660.844 1661.212 1661.579 1661.947 1662.314 1662.723 1663.251 1663.779 1664.306 1664.834 1665.289 1665.717 1666.144 1666.572 1666.988 1667.356 1667.723 1668.091 1668.458 1668.919 1669.429 1669.939 1670.45 1670.927 1671.151 1671.376 1671.6 1671.825 1672.102 1672.418 1672.734 1673.049 1673.355 1673.441 1673.527 1673.613 1673.699 1673.874 1674.133 1674.393 1674.652 1674.912 1675.276 1675.643 1676.011 1676.378 1676.794 1677.274 1677.754 1678.234 1678.714 1679.233 1679.756 1680.279 1680.802 1681.312 1681.801 1682.289 1682.778 1683.266 1683.819 1684.385 1684.951
1661.212 1661.579 1661.947 1662.314 1662.682 1663.081 1663.571 1664.061 1664.55 1665.04 1665.512 1665.978 1666.443 1666.909 1667.356 1667.723 1668.091 1668.458 1668.825 1669.254 1669.716 1670.178 1670.64 1671.079 1671.353 1671.626 1671.899 1672.172 1672.451 1672.734 1673.017 1673.301 1673.578 1673.718 1673.858 1673.998 1674.138 1674.328 1674.566 1674.804 1675.042 1675.28 1675.643 1676.011 1676.378 1676.745 1677.152 1677.611 1678.069 1678.527 1678.986 1679.507 1680.035 1680.564 1681.092 1681.6 1682.073 1682.545 1683.017 1683.49 1684.066 1684.665 1685.263
1661.579 1661.947 1662.314 1662.682 1663.049 1663.438 1663.891 1664.342 1664.794 1665.246 1665.736 1666.239 1666.742 1667.245 1667.723 1668.091 1668.458 1668.825 1669.193 1669.59 1670.003 1670.416 1670.83 1671.232 1671.554 1671.875 1672.197 1672.519 1672.799 1673.05 1673.301 1673.552 1673.801 1673.995 1674.189 1674.383 1674.577 1674.782 1674.999 1675.215 1675.431 1675.648 1676.011 1676.378 1676.745 1677.113 1677.51 1677.947 1678.384 1678.821 1679.257 1679.781 1680.315 1680.849 1681.383 1681.888 1682.345 1682.801 1683.257 1683.713 1684.313 1684.944 1685.575
1661.947 1662.314 1662.682 1663.049 1663.416 1663.796 1664.212 1664.628 1665.044 1665.459 1665.964 1666.502 1667.041 1667.579 1668.085 1668.453 1668.82 1669.188 1669.556 1669.923 1670.291 1670.658 1671.026 1671.393 1671.76 1672.126 1672.493 1672.86 1673.142 1673.363 1673.584 1673.806 1674.028 1674.274 1674.521 1674.767 1675.014 1675.235 1675.431 1675.627 1675.823 1676.018 1676.38 1676.747 1677.114 1677.481 1677.869 1678.284 1678.7 1679.116 1679.532 1680.057 1680.594 1681.131 1681.669 1682.172 1682.614 1683.056 1683.498 1683.94 1684.562 1685.222 1685.882
1662.314 1662.682 1663.049 1663.416 1663.784 1664.161 1664.566 1664.971 1665.376 1665.781 1666.275 1666.802 1667.33 1667.857 1668.355 1668.729 1669.102 1669.475 1669.848 1670.217 1670.585 1670.952 1671.319 1671.686 1672.042 1672.397 1672.754 1673.109 1673.394 1673.625 1673.857 1674.089 1674.323 1674.596 1674.87 1675.143 1675.417 1675.651 1675.847 1676.043 1676.239 1676.435 1676.786 1677.142 1677.498 1677.854 1678.231 1678.636 1679.041 1679.446 1679.851 1680.351 1680.861 1681.372 1681.882 1682.375 1682.839 1683.303 1683.767 1684.23 1684.838 1685.477 1686.115
1662.682 1663.049 1663.416 1663.784 1664.151 1664.526 1664.92 1665.314 1665.708 1666.102 1666.585 1667.102 1667.619 1668.135 1668.626 1669.004 1669.383 1669.761 1670.14 1670.511 1670.879 1671.246 1671.613 1671.978 1672.323 1672.669 1673.014 1673.359 1673.645 1673.887 1674.13 1674.373 1674.618 1674.918 1675.219 1675.519 1675.82 1676.067 1676.263 1676.459 1676.655 1676.851 1677.192 1677.537 1677.882 1678.228 1678.594 1678.988 1679.383 1679.777 1680.171 1680.645 1681.128 1681.612 1682.095 1682.579 1683.064 1683.55 1684.035 1684.521 1685.115 1685.731 1686.348
1663.049 1663.417 1663.784 1664.151 1664.519 1664.89 1665.274 1665.657 1666.04 1666.424 1666.896 1667.402 1667.908 1668.413 1668.896 1669.28 1669.664 1670.048 1670.432 1670.805 1671.172 1671.54 1671.907 1672.271 1672.605 1672.94 1673.274 1673.609 1673.896 1674.149 1674.403 1674.656 1674.913 1675.241 1675.568 1675.896 1676.223 1676.484 1676.68 1676.876 1677.072 1677.268 1677.598 1677.932 1678.267 1678.601 1678.957 1679.34 1679.724 1680.107 1680.49 1680.939 1681.396 1681.852 1682.308 1682.783 1683.29 1683.797 1684.304 1684.811 1685.391 1685.986 1686.581
1663.417 1663.784 1664.151 1664.519 1664.886 1665.255 1665.627 1666.0 1666.373 1666.745 1667.206 1667.702 1668.197 1668.692 1669.167 1669.556 1669.945 1670.335 1670.724 1671.099 1671.466 1671.834 1672.201 1672.564 1672.887 1673.211 1673.534 1673.858 1674.147 1674.411 1674.676 1674.94 1675.208 1675.563 1675.917 1676.272 1676.626 1676.9 1677.096 1677.292 1677.488 1677.684 1678.004 1678.328 1678.651 1678.975 1679.32 1679.692 1680.065 1680.437 1680.81 1681.234 1681.663 1682.092 1682.521 1682.987 1683.515 1684.044 1684.572 1685.101 1685.667 1686.24 1686.814
1663.782 1664.151 1664.519 1664.886 1665.254 1665.625 1666.01 1666.394 1666.778 1667.163 1667.613 1668.089 1668.565 1669.041 1669.497 1669.869 1670.241 1670.613 1670.986 1671.355 1671.722 1672.089 1672.457 1672.819 1673.143 1673.467 1673.791 1674.115 1674.414 1674.695 1674.976 1675.257 1675.541 1675.908 1676.276 1676.643 1677.011 1677.301 1677.517 1677.732 1677.948 1678.164 1678.46 1678.759 1679.057 1679.356 1679.685 1680.052 1680.42 1680.787 1681.154 1681.561 1681.972 1682.382 1682.793 1683.243 1683.762 1684.281 1684.801 1685.32 1685.871 1686.428 1686.986
1664.146 1664.519 1664.886 1665.254 1665.621 1666.001 1666.418 1666.835 1667.251 1667.668 1668.108 1668.557 1669.006 1669.454 1669.882 1670.216 1670.55 1670.885 1671.219 1671.575 1671.943 1672.31 1672.677 1673.041 1673.376 1673.711 1674.046 1674.38 1674.696 1674.999 1675.301 1675.603 1675.908 1676.276 1676.643 1677.011 1677.378 1677.688 1677.941 1678.195 1678.448 1678.702 1678.962 1679.223 1679.484 1679.745 1680.052 1680.42 1680.787 1681.154 1681.522 1681.918 1682.318 1682.719 1683.118 1683.548 1684.029 1684.511 1684.992 1685.473 1686.009 1686.556 1687.103
1664.51 1664.886 1665.254 1665.621 1665.988 1666.377 1666.826 1667.275 1667.724 1668.173 1668.603 1669.025 1669.446 1669.868 1670.266 1670.563 1670.86 1671.156 1671.453 1671.796 1672.163 1672.53 1672.898 1673.263 1673.608 1673.954 1674.3 1674.645 1674.978 1675.302 1675.626 1675.95 1676.276 1676.643 1677.011 1677.378 1677.745 1678.074 1678.365 1678.657 1678.948 1679.239 1679.464 1679.688 1679.911 1680.134 1680.42 1680.787 1681.154 1681.522 1681.889 1682.276 1682.665 1683.055 1683.444 1683.853 1684.296 1684.74 1685.183 1685.627 1686.147 1686.683 1687.219
1664.875 1665.254 1665.621 1665.988 1666.356 1666.753 1667.234 1667.716 1668.197 1668.679 1669.098 1669.492 1669.887 1670.282 1670.651 1670.91 1671.169 1671.428 1671.686 1672.016 1672.383 1672.751 1673.118 1673.484 1673.841 1674.197 1674.554 1674.91 1675.26 1675.606 1675.951 1676.297 1676.643 1677.011 1677.378 1677.745 1678.113 1678.461 1678.79 1679.119 1679.448 1679.777 1679.967 1680.152 1680.337 1680.523 1680.787 1681.154 1681.522 1681.889 1682.257 1682.634 1683.012 1683.391 1683.769 1684.157 1684.563 1684.969 1685.375 1685.78 1686.285 1686.81 1687.335
1665.239 1665.621 1665.988 1666.356 1666.723 1667.129 1667.643 1668.156 1668.67 1669.184 1669.592 1669.96 1670.328 1670.696 1671.036 1671.257 1671.478 1671.699 1671.92 1672.236 1672.604 1672.971 1673.339 1673.706 1674.073 1674.441 1674.808 1675.175 1675.542 1675.909 1676.276 1676.644 1677.011 1677.378 1677.745 1678.113 1678.48 1678.847 1679.214 1679.581 1679.948 1680.315 1680.469 1680.616 1680.764 1680.911 1681.154 1681.522 1681.889 1682.257 1682.624 1682.992 1683.359 1683.727 1684.094 1684.462 1684.83 1685.198 1685.566 1685.934 1686.423 1686.937 1687.452
1665.313 1665.724 1666.123 1666.523 1666.922 1667.351 1667.866 1668.38 1668.895 1669.409 1669.817 1670.184 1670.552 1670.919 1671.265 1671.517 1671.77 1672.022 1672.274 1672.602 1672.969 1673.337 1673.704 1674.071 1674.439 1674.806 1675.174 1675.541 1675.908 1676.276 1676.643 1677.011 1677.378 1677.745 1678.113 1678.48 1678.848 1679.215 1679.583 1679.95 1680.317 1680.685 1680.869 1681.048 1681.227 1681.406 1681.653 1681.988 1682.324 1682.659 1682.995 1683.359 1683.726 1684.094 1684.461 1684.829 1685.196 1685.563 1685.931 1686.298 1686.761 1687.243 1687.725
1665.383 1665.823 1666.255 1666.687 1667.119 1667.572 1668.086 1668.601 1669.115 1669.629 1670.037 1670.405 1670.772 1671.14 1671.491 1671.776 1672.061 1672.346 1672.63 1672.969 1673.337 1673.704 1674.071 1674.439 1674.806 1675.174 1675.541 1675.908 1676.276 1676.643 1677.011 1677.378 1677.745 1678.113 1678.48 1678.848 1679.215 1679.583 1679.95 1680.317 1680.685 1681.052 1681.268 1681.479 1681.691 1681.902 1682.153 1682.456 1682.759 1683.062 1683.365 1683.726 1684.094 1684.461 1684.828 1685.196 1685.563 1685.931 1686.298 1686.666 1687.101 1687.551 1688.001
1665.453 1665.923 1666.387 1666.851 1667.315 1667.792 1668.307 1668.821 1669.335 1669.85 1670.258 1670.625 1670.993 1671.36 1671.718 1672.035 1672.352 1672.669 1672.987 1673.337 1673.704 1674.071 1674.439 1674.806 1675.174 1675.541 1675.908 1676.276 1676.643 1677.011 1677.378 1677.745 1678.113 1678.48 1678.848 1679.215 1679.583 1679.95 1680.317 1680.685 1681.052 1681.42 1681.667 1681.911 1682.154 1682.398 1682.653 1682.924 1683.195 1683.465 1683.736 1684.094 1684.461 1684.828 1685.196 1685.563 1685.931 1686.298 1686.666 1687.033 1687.442 1687.859 1688.277
1665.524 1666.022 1666.519 1667.015 1667.512 1668.013 1668.527 1669.042 1669.556 1670.07 1670.478 1670.846 1671.213 1671.58 1671.944 1672.294 1672.644 1672.993 1673.343 1673.704 1674.071 1674.439 1674.806 1675.173 1675.541 1675.908 1676.276 1676.643 1677.011 1677.378 1677.745 1678.113 1678.48 1678.848 1679.215 1679.583 1679.95 1680.317 1680.685 1681.052 1681.42 1681.787 1682.066 1682.342 1682.618 1682.894 1683.154 1683.392 1683.63 1683.868 1684.107 1684.461 1684.828 1685.196 1685.563 1685.931 1686.298 1686.666 1687.033 1687.4 1687.783 1688.168 1688.553
1665.628 1666.131 1666.631 1667.131 1667.631 1668.136 1668.658 1669.179 1669.701 1670.223 1670.648 1671.038 1671.427 1671.816 1672.198 1672.551 1672.904 1673.257 1673.61 1673.982 1674.364 1674.746 1675.128 1675.509 1675.883 1676.258 1676.633 1677.008 1677.378 1677.745 1678.113 1678.48 1678.848 1679.215 1679.583 1679.95 1680.317 1680.685 1681.052 1681.42 1681.787 1682.154 1682.458 1682.759 1683.06 1683.361 1683.627 1683.848 1684.068 1684.289 1684.509 1684.855 1685.215 1685.575 1685.935 1686.298 1686.666 1687.033 1687.4 1687.768 1688.135 1688.503 1688.87
1665.775 1666.252 1666.72 1667.187 1667.655 1668.14 1668.678 1669.216 1669.754 1670.292 1670.757 1671.195 1671.633 1672.071 1672.486 1672.807 1673.127 1673.448 1673.768 1674.15 1674.564 1674.979 1675.393 1675.805 1676.195 1676.586 1676.977 1677.368 1677.745 1678.113 1678.48 1678.848 1679.215 1679.583 1679.95 1680.317 1680.685 1681.052 1681.42 1681.787 1682.154 1682.522 1682.841 1683.158 1683.475 1683.793 1684.068 1684.289 1684.509 1684.729 1684.95 1685.281 1685.625 1685.969 1686.313 1686.666 1687.033 1687.4 1687.768 1688.135 1688.503 1688.87 1689.237
1665.922 1666.373 1666.808 1667.243 1667.678 1668.145 1668.699 1669.253 1669.807 1670.361 1670.866 1671.352 1671.839 1672.325 1672.774 1673.062 1673.35 1673.638 1673.926 1674.318 1674.765 1675.211 1675.658 1676.1 1676.507 1676.915 1677.322 1677.729 1678.113 1678.48 1678.848 1679.215 1679.583 1679.95 1680.317 1680.685 1681.052 1681.42 1681.787 1682.154 1682.522 1682.889 1683.224 1683.557 1683.891 1684.225 1684.509 1684.729 1684.95 1685.17 1685.391 1685.708 1686.035 1686.363 1686.691 1687.033 1687.401 1687.768 1688.135 1688.503 1688.87 1689.237 1689.605
1666.069 1666.495 1666.897 1667.3 1667.702 1668.149 1668.719 1669.289 1669.859 1670.43 1670.974 1671.51 1672.045 1672.58 1673.062 1673.318 1673.573 1673.829 1674.085 1674.486 1674.965 1675.444 1675.924 1676.396 1676.819 1677.243 1677.666 1678.089 1678.48 1678.848 1679.215 1679.583 1679.95 1680.317 1680.685 1681.052 1681.42 1681.787 1682.154 1682.522 1682.889 1683.257 1683.607 1683.957 1684.307 1684.656 1684.95 1685.17 1685.391 1685.611 1685.832 1686.134 1686.446 1686.757 1687.069 1687.401 1687.768 1688.135 1688.503 1688.87 1689.238 1689.605 1689.972
1666.216 1666.616 1666.986 1667.356 1667.726 1668.153 1668.739 1669.326 1669.912 1670.499 1671.083 1671.667 1672.25 1672.834 1673.35 1673.573 1673.796 1674.02 1674.243 1674.654 1675.166 1675.677 1676.189 1676.692 1677.132 1677.571 1678.011 1678.45 1678.848 1679.215 1679.583 1679.95 1680.317 1680.685 1681.052 1681.42 1681.787 1682.154 1682.522 1682.889 1683.257 1683.624 1683.99 1684.356 1684.722 1685.088 1685.391 1685.611 1685.832 1686.052 1686.273 1686.56 1686.856 1687.151 1687.446 1687.768 1688.135 1688.503 1688.87 1689.238 1689.605 1689.972 1690.34
1666.436 1666.828 1667.195 1667.562 1667.93 1668.343 1668.886 1669.43 1669.974 1670.517 1671.093 1671.681 1672.268 1672.856 1673.38 1673.63 1673.88 1674.131 1674.381 1674.803 1675.317 1675.832 1676.346 1676.854 1677.309 1677.765 1678.221 1678.677 1679.098 1679.495 1679.892 1680.289 1680.685 1681.052 1681.42 1681.787 1682.154 1682.522 1682.889 1683.257 1683.624 1683.992 1684.359 1684.726 1685.094 1685.461 1685.778 1686.028 1686.278 1686.528 1686.778 1687.041 1687.305 1687.569 1687.834 1688.135 1688.503 1688.87 1689.238 1689.605 1689.972 1690.34 1690.707
1666.663 1667.048 1667.415 1667.783 1668.15 1668.551 1669.046 1669.541 1670.036 1670.53 1671.093 1671.681 1672.268 1672.856 1673.387 1673.669 1673.951 1674.234 1674.516 1674.95 1675.464 1675.979 1676.493 1677.002 1677.474 1677.946 1678.418 1678.89 1679.337 1679.767 1680.196 1680.625 1681.052 1681.42 1681.787 1682.154 1682.522 1682.889 1683.257 1683.624 1683.992 1684.359 1684.726 1685.094 1685.461 1685.829 1686.159 1686.441 1686.724 1687.006 1687.289 1687.526 1687.758 1687.99 1688.222 1688.503 1688.87 1689.238 1689.605 1689.972 1690.34 1690.707 1691.075
1666.89 1667.268 1667.636 1668.003 1668.371 1668.759 1669.205 1669.651 1670.097 1670.544 1671.093 1671.681 1672.268 1672.856 1673.393 1673.708 1674.022 1674.337 1674.652 1675.097 1675.611 1676.126 1676.64 1677.151 1677.639 1678.128 1678.616 1679.104 1679.577 1680.038 1680.5 1680.962 1681.42 1681.787 1682.154 1682.522 1682.889 1683.257 1683.624 1683.991 1684.359 1684.726 1685.094 1685.461 1685.829 1686.196 1686.541 1686.855 1687.17 1687.485 1687.8 1688.011 1688.211 1688.41 1688.61 1688.87 1689.238 1689.605 1689.972 1690.34 1690.707 1691.075 1691.442
1667.117 1667.489 1667.856 1668.224 1668.591 1668.966 1669.364 1669.762 1670.159 1670.557 1671.093 1671.681 1672.268 1672.856 1673.399 1673.746 1674.093 1674.44 1674.788 1675.244 1675.758 1676.273 1676.787 1677.3 1677.804 1678.309 1678.813 1679.317 1679.816 1680.31 1680.804 1681.298 1681.787 1682.154 1682.522 1682.889 1683.257 1683.624 1683.991 1684.359 1684.726 1685.094 1685.461 1685.829 1686.196 1686.563 1686.922 1687.269 1687.616 1687.964 1688.311 1688.496 1688.663 1688.831 1688.998 1689.238 1689.605 1689.972 1690.34 1690.707 1691.075 1691.442 1691.809
1667.314 1667.682 1668.049 1668.416 1668.784 1669.153 1669.526 1669.9 1670.273 1670.647 1671.162 1671.732 1672.302 1672.871 1673.403 1673.77 1674.137 1674.505 1674.872 1675.335 1675.85 1676.364 1676.879 1677.393 1677.907 1678.422 1678.936 1679.451 1679.965 1680.479 1680.994 1681.508 1682.017 1682.402 1682.788 1683.174 1683.56 1683.936 1684.303 1684.671 1685.038 1685.406 1685.785 1686.165 1686.544 1686.924 1687.298 1687.666 1688.033 1688.4 1688.768 1688.948 1689.107 1689.266 1689.426 1689.656 1690.011 1690.366 1690.721 1691.077 1691.455 1691.839 1692.223
