data/zism_data/00694_04_D.txt
ncols         224
nrows         224
[rows 56 to 83 of 224, columns 0 to 62 of 224]
1272.779 1272.95 1273.121 1273.212 1273.212 1273.212 1273.212 1273.212 1273.258 1273.308 1273.358 1273.407 1273.485 1273.609 1273.732 1273.855 1273.978 1274.079 1274.176 1274.274 1274.371 1274.505 1274.717 1274.929 1275.141 1275.354 1275.636 1275.938 1276.241 1276.543 1276.843 1277.136 1277.429 1277.722 1278.015 1278.141 1278.199 1278.257 1278.315 1278.406 1278.659 1278.911 1279.164 1279.417 1279.639 1279.844 1280.048 1280.253 1280.452 1280.599 1280.746 1280.893 1281.04 1281.224 1281.438 1281.651 1281.864 1282.079 1282.381 1282.682 1282.983 1283.285 1283.57
1272.345 1272.483 1272.622 1272.696 1272.696 1272.696 1272.696 1272.696 1272.772 1272.854 1272.936 1273.018 1273.129 1273.285 1273.441 1273.596 1273.752 1273.83 1273.895 1273.959 1274.024 1274.134 1274.341 1274.548 1274.755 1274.961 1275.247 1275.555 1275.862 1276.17 1276.462 1276.706 1276.95 1277.194 1277.439 1277.578 1277.673 1277.769 1277.865 1277.984 1278.209 1278.434 1278.66 1278.885 1279.122 1279.365 1279.607 1279.85 1280.083 1280.23 1280.377 1280.524 1280.671 1280.88 1281.137 1281.393 1281.65 1281.906 1282.164 1282.422 1282.68 1282.938 1283.218
1271.911 1272.017 1272.123 1272.179 1272.179 1272.179 1272.179 1272.179 1272.286 1272.4 1272.515 1272.63 1272.773 1272.961 1273.149 1273.338 1273.526 1273.581 1273.613 1273.645 1273.677 1273.764 1273.965 1274.166 1274.368 1274.569 1274.858 1275.171 1275.484 1275.797 1276.081 1276.276 1276.472 1276.667 1276.863 1277.014 1277.148 1277.282 1277.416 1277.561 1277.759 1277.957 1278.156 1278.354 1278.605 1278.886 1279.167 1279.447 1279.714 1279.861 1280.008 1280.155 1280.302 1280.536 1280.836 1281.135 1281.435 1281.733 1281.947 1282.162 1282.376 1282.591 1282.865
1271.477 1271.55 1271.624 1271.663 1271.663 1271.663 1271.663 1271.663 1271.8 1271.947 1272.094 1272.241 1272.417 1272.637 1272.857 1273.077 1273.298 1273.33 1273.33 1273.33 1273.33 1273.393 1273.589 1273.785 1273.981 1274.177 1274.469 1274.787 1275.105 1275.424 1275.7 1275.847 1275.994 1276.141 1276.288 1276.452 1276.624 1276.795 1276.966 1277.138 1277.309 1277.481 1277.652 1277.824 1278.089 1278.407 1278.726 1279.044 1279.345 1279.493 1279.64 1279.787 1279.934 1280.191 1280.534 1280.877 1281.22 1281.558 1281.73 1281.902 1282.073 1282.245 1282.513
1270.974 1271.042 1271.11 1271.154 1271.17 1271.187 1271.203 1271.22 1271.367 1271.525 1271.683 1271.841 1272.013 1272.206 1272.399 1272.592 1272.785 1272.841 1272.874 1272.907 1272.939 1273.026 1273.227 1273.429 1273.63 1273.832 1274.112 1274.414 1274.716 1275.018 1275.284 1275.442 1275.6 1275.758 1275.916 1276.072 1276.227 1276.382 1276.537 1276.696 1276.873 1277.05 1277.227 1277.404 1277.678 1278.007 1278.336 1278.666 1278.977 1279.13 1279.282 1279.435 1279.587 1279.847 1280.19 1280.533 1280.876 1281.215 1281.43 1281.645 1281.86 1282.076 1282.344
1270.471 1270.534 1270.596 1270.645 1270.678 1270.71 1270.743 1270.776 1270.935 1271.103 1271.272 1271.441 1271.608 1271.775 1271.941 1272.107 1272.273 1272.353 1272.418 1272.483 1272.548 1272.659 1272.866 1273.073 1273.279 1273.486 1273.755 1274.041 1274.326 1274.612 1274.869 1275.038 1275.207 1275.375 1275.544 1275.691 1275.83 1275.969 1276.108 1276.254 1276.437 1276.619 1276.801 1276.984 1277.267 1277.607 1277.947 1278.287 1278.609 1278.767 1278.925 1279.082 1279.24 1279.503 1279.846 1280.189 1280.531 1280.872 1281.13 1281.389 1281.647 1281.906 1282.175
1269.969 1270.026 1270.083 1270.136 1270.185 1270.234 1270.283 1270.332 1270.502 1270.682 1270.861 1271.041 1271.204 1271.343 1271.482 1271.621 1271.76 1271.864 1271.962 1272.06 1272.157 1272.292 1272.504 1272.716 1272.928 1273.141 1273.398 1273.667 1273.937 1274.206 1274.454 1274.633 1274.813 1274.992 1275.172 1275.311 1275.434 1275.556 1275.679 1275.813 1276.0 1276.188 1276.376 1276.564 1276.855 1277.207 1277.557 1277.909 1278.241 1278.404 1278.567 1278.73 1278.894 1279.158 1279.501 1279.844 1280.187 1280.529 1280.831 1281.133 1281.435 1281.736 1282.006
1269.466 1269.518 1269.569 1269.627 1269.693 1269.758 1269.823 1269.888 1270.069 1270.26 1270.45 1270.641 1270.8 1270.912 1271.024 1271.136 1271.248 1271.375 1271.506 1271.636 1271.766 1271.925 1272.142 1272.36 1272.578 1272.795 1273.041 1273.294 1273.547 1273.801 1274.038 1274.229 1274.419 1274.609 1274.8 1274.931 1275.037 1275.143 1275.25 1275.371 1275.564 1275.757 1275.95 1276.144 1276.444 1276.806 1277.168 1277.53 1277.872 1278.041 1278.21 1278.378 1278.547 1278.814 1279.157 1279.5 1279.843 1280.186 1280.531 1280.876 1281.222 1281.567 1281.838
1268.97 1269.014 1269.057 1269.122 1269.212 1269.301 1269.39 1269.48 1269.648 1269.823 1269.998 1270.172 1270.322 1270.434 1270.545 1270.656 1270.767 1270.916 1271.071 1271.226 1271.381 1271.557 1271.777 1271.997 1272.218 1272.438 1272.682 1272.932 1273.183 1273.433 1273.668 1273.859 1274.05 1274.24 1274.431 1274.56 1274.663 1274.766 1274.87 1274.988 1275.179 1275.369 1275.56 1275.75 1276.054 1276.421 1276.789 1277.156 1277.506 1277.698 1277.891 1278.084 1278.276 1278.542 1278.864 1279.185 1279.507 1279.83 1280.198 1280.565 1280.932 1281.3 1281.573
1268.481 1268.514 1268.547 1268.621 1268.743 1268.865 1268.987 1269.109 1269.239 1269.37 1269.502 1269.633 1269.767 1269.906 1270.044 1270.182 1270.321 1270.487 1270.658 1270.83 1271.001 1271.188 1271.408 1271.629 1271.849 1272.069 1272.322 1272.583 1272.844 1273.105 1273.346 1273.526 1273.706 1273.885 1274.065 1274.198 1274.313 1274.427 1274.541 1274.666 1274.846 1275.026 1275.206 1275.385 1275.685 1276.052 1276.42 1276.787 1277.141 1277.377 1277.613 1277.849 1278.085 1278.345 1278.624 1278.902 1279.18 1279.461 1279.829 1280.196 1280.564 1280.931 1281.21
1267.992 1268.014 1268.036 1268.119 1268.274 1268.428 1268.583 1268.737 1268.83 1268.918 1269.006 1269.094 1269.212 1269.378 1269.543 1269.709 1269.874 1270.058 1270.246 1270.433 1270.621 1270.819 1271.039 1271.26 1271.48 1271.701 1271.961 1272.233 1272.505 1272.777 1273.024 1273.193 1273.362 1273.531 1273.699 1273.837 1273.962 1274.087 1274.212 1274.345 1274.514 1274.683 1274.852 1275.021 1275.316 1275.683 1276.051 1276.418 1276.777 1277.056 1277.336 1277.615 1277.895 1278.149 1278.384 1278.619 1278.854 1279.092 1279.46 1279.827 1280.195 1280.562 1280.846
1267.503 1267.514 1267.525 1267.618 1267.805 1267.992 1268.179 1268.366 1268.421 1268.466 1268.51 1268.555 1268.657 1268.85 1269.042 1269.235 1269.427 1269.63 1269.833 1270.037 1270.241 1270.45 1270.67 1270.891 1271.111 1271.332 1271.601 1271.884 1272.166 1272.449 1272.701 1272.859 1273.017 1273.176 1273.334 1273.476 1273.612 1273.748 1273.883 1274.023 1274.181 1274.339 1274.497 1274.656 1274.947 1275.315 1275.682 1276.049 1276.412 1276.735 1277.058 1277.381 1277.703 1277.952 1278.144 1278.335 1278.527 1278.723 1279.091 1279.458 1279.826 1280.193 1280.483
1267.014 1267.014 1267.015 1267.117 1267.336 1267.556 1267.775 1267.995 1268.012 1268.013 1268.014 1268.016 1268.102 1268.322 1268.542 1268.761 1268.981 1269.201 1269.421 1269.641 1269.861 1270.081 1270.301 1270.522 1270.742 1270.963 1271.24 1271.534 1271.828 1272.121 1272.379 1272.526 1272.673 1272.821 1272.968 1273.115 1273.261 1273.408 1273.555 1273.702 1273.849 1273.996 1274.143 1274.291 1274.578 1274.946 1275.313 1275.68 1276.048 1276.414 1276.78 1277.146 1277.512 1277.755 1277.904 1278.052 1278.2 1278.354 1278.722 1279.089 1279.457 1279.824 1280.119
1266.642 1266.642 1266.642 1266.729 1266.918 1267.107 1267.296 1267.485 1267.518 1267.539 1267.56 1267.581 1267.672 1267.871 1268.071 1268.27 1268.469 1268.714 1268.966 1269.218 1269.47 1269.709 1269.919 1270.128 1270.338 1270.548 1270.82 1271.109 1271.397 1271.686 1271.943 1272.106 1272.269 1272.432 1272.594 1272.746 1272.893 1273.04 1273.187 1273.334 1273.481 1273.628 1273.775 1273.922 1274.209 1274.577 1274.944 1275.312 1275.679 1276.046 1276.414 1276.781 1277.149 1277.415 1277.604 1277.793 1277.983 1278.176 1278.501 1278.826 1279.151 1279.477 1279.766
1266.273 1266.273 1266.273 1266.345 1266.502 1266.658 1266.814 1266.971 1267.022 1267.064 1267.107 1267.15 1267.245 1267.423 1267.601 1267.778 1267.956 1268.225 1268.51 1268.794 1269.079 1269.336 1269.535 1269.734 1269.933 1270.133 1270.397 1270.681 1270.964 1271.247 1271.505 1271.684 1271.863 1272.042 1272.221 1272.377 1272.524 1272.671 1272.818 1272.965 1273.112 1273.259 1273.406 1273.553 1273.84 1274.208 1274.575 1274.943 1275.31 1275.677 1276.045 1276.412 1276.78 1277.071 1277.303 1277.536 1277.768 1278.002 1278.284 1278.566 1278.848 1279.13 1279.413
1265.904 1265.904 1265.904 1265.961 1266.085 1266.209 1266.333 1266.457 1266.525 1266.59 1266.654 1266.719 1266.819 1266.975 1267.131 1267.287 1267.443 1267.737 1268.054 1268.371 1268.688 1268.964 1269.152 1269.34 1269.529 1269.717 1269.975 1270.253 1270.531 1270.809 1271.066 1271.261 1271.457 1271.652 1271.847 1272.008 1272.155 1272.302 1272.449 1272.596 1272.743 1272.89 1273.037 1273.184 1273.471 1273.839 1274.206 1274.574 1274.941 1275.309 1275.676 1276.043 1276.411 1276.727 1277.002 1277.278 1277.554 1277.829 1278.067 1278.306 1278.544 1278.783 1279.06
1265.535 1265.535 1265.535 1265.577 1265.669 1265.76 1265.851 1265.942 1266.029 1266.115 1266.201 1266.287 1266.392 1266.527 1266.661 1266.795 1266.93 1267.248 1267.598 1267.947 1268.297 1268.592 1268.769 1268.946 1269.124 1269.301 1269.553 1269.825 1270.098 1270.37 1270.627 1270.839 1271.051 1271.262 1271.474 1271.639 1271.786 1271.933 1272.08 1272.227 1272.374 1272.521 1272.668 1272.815 1273.103 1273.47 1273.837 1274.205 1274.572 1274.94 1275.307 1275.675 1276.042 1276.382 1276.701 1277.021 1277.34 1277.655 1277.85 1278.046 1278.241 1278.436 1278.707
1265.133 1265.133 1265.133 1265.163 1265.229 1265.296 1265.362 1265.428 1265.519 1265.612 1265.705 1265.798 1265.909 1266.049 1266.189 1266.328 1266.468 1266.786 1267.133 1267.481 1267.829 1268.127 1268.318 1268.509 1268.7 1268.891 1269.134 1269.391 1269.648 1269.905 1270.152 1270.365 1270.578 1270.791 1271.004 1271.186 1271.355 1271.524 1271.693 1271.859 1272.011 1272.163 1272.315 1272.467 1272.753 1273.115 1273.478 1273.84 1274.203 1274.571 1274.938 1275.306 1275.673 1276.028 1276.373 1276.719 1277.064 1277.405 1277.596 1277.787 1277.978 1278.169 1278.437
1264.69 1264.69 1264.69 1264.713 1264.763 1264.813 1264.863 1264.912 1264.992 1265.075 1265.157 1265.239 1265.359 1265.536 1265.714 1265.891 1266.069 1266.355 1266.659 1266.964 1267.268 1267.55 1267.785 1268.019 1268.254 1268.488 1268.719 1268.949 1269.179 1269.409 1269.631 1269.828 1270.025 1270.222 1270.418 1270.63 1270.848 1271.066 1271.284 1271.492 1271.655 1271.818 1271.98 1272.143 1272.426 1272.778 1273.13 1273.481 1273.834 1274.202 1274.569 1274.937 1275.304 1275.662 1276.013 1276.364 1276.715 1277.062 1277.297 1277.531 1277.766 1278.0 1278.265
1264.247 1264.247 1264.247 1264.263 1264.297 1264.33 1264.364 1264.397 1264.466 1264.537 1264.609 1264.68 1264.808 1265.023 1265.239 1265.454 1265.67 1265.925 1266.186 1266.447 1266.708 1266.974 1267.252 1267.53 1267.807 1268.085 1268.305 1268.508 1268.71 1268.913 1269.111 1269.291 1269.472 1269.652 1269.833 1270.075 1270.341 1270.608 1270.875 1271.125 1271.299 1271.472 1271.646 1271.819 1272.1 1272.44 1272.781 1273.122 1273.466 1273.833 1274.2 1274.568 1274.935 1275.296 1275.653 1276.009 1276.365 1276.719 1276.997 1277.275 1277.552 1277.83 1278.093
1263.805 1263.805 1263.805 1263.813 1263.83 1263.847 1263.865 1263.882 1263.939 1264.0 1264.06 1264.121 1264.257 1264.51 1264.764 1265.018 1265.271 1265.494 1265.712 1265.929 1266.147 1266.398 1266.719 1267.04 1267.361 1267.682 1267.89 1268.066 1268.242 1268.417 1268.59 1268.755 1268.919 1269.083 1269.248 1269.519 1269.835 1270.15 1270.466 1270.758 1270.943 1271.127 1271.311 1271.496 1271.773 1272.103 1272.433 1272.763 1273.097 1273.464 1273.832 1274.199 1274.566 1274.931 1275.292 1275.654 1276.015 1276.376 1276.697 1277.018 1277.34 1277.661 1277.922
1263.362 1263.362 1263.362 1263.363 1263.364 1263.365 1263.366 1263.367 1263.413 1263.463 1263.512 1263.562 1263.706 1263.998 1264.289 1264.581 1264.872 1265.063 1265.238 1265.412 1265.586 1265.821 1266.186 1266.55 1266.915 1267.28 1267.475 1267.624 1267.773 1267.921 1268.07 1268.218 1268.366 1268.514 1268.662 1268.964 1269.328 1269.692 1270.056 1270.391 1270.586 1270.782 1270.977 1271.172 1271.446 1271.766 1272.085 1272.404 1272.728 1273.095 1273.463 1273.83 1274.198 1274.565 1274.932 1275.299 1275.666 1276.033 1276.397 1276.762 1277.127 1277.491 1277.75
1262.85 1262.85 1262.85 1262.85 1262.85 1262.85 1262.85 1262.85 1262.915 1262.984 1263.053 1263.122 1263.268 1263.531 1263.795 1264.058 1264.322 1264.541 1264.753 1264.965 1265.177 1265.439 1265.806 1266.174 1266.541 1266.909 1267.103 1267.25 1267.397 1267.544 1267.691 1267.838 1267.985 1268.132 1268.279 1268.561 1268.898 1269.235 1269.572 1269.896 1270.158 1270.42 1270.681 1270.943 1271.219 1271.502 1271.785 1272.068 1272.359 1272.726 1273.094 1273.461 1273.829 1274.196 1274.563 1274.931 1275.298 1275.666 1276.033 1276.401 1276.768 1277.135 1277.394
1262.334 1262.334 1262.334 1262.334 1262.334 1262.334 1262.334 1262.334 1262.418 1262.509 1262.6 1262.691 1262.837 1263.068 1263.299 1263.53 1263.761 1264.013 1264.268 1264.523 1264.779 1265.07 1265.437 1265.805 1266.172 1266.54 1266.734 1266.881 1267.028 1267.175 1267.322 1267.469 1267.616 1267.763 1267.91 1268.169 1268.474 1268.778 1269.082 1269.392 1269.724 1270.056 1270.389 1270.721 1270.998 1271.243 1271.488 1271.733 1271.99 1272.358 1272.725 1273.092 1273.46 1273.827 1274.195 1274.562 1274.929 1275.297 1275.664 1276.032 1276.399 1276.766 1277.025
1261.817 1261.817 1261.817 1261.817 1261.817 1261.817 1261.817 1261.817 1261.922 1262.035 1262.147 1262.26 1262.406 1262.604 1262.803 1263.001 1263.2 1263.484 1263.783 1264.082 1264.38 1264.701 1265.068 1265.436 1265.803 1266.171 1266.366 1266.513 1266.659 1266.806 1266.953 1267.1 1267.247 1267.394 1267.541 1267.777 1268.049 1268.321 1268.593 1268.887 1269.29 1269.693 1270.096 1270.499 1270.777 1270.984 1271.191 1271.398 1271.621 1271.989 1272.356 1272.723 1273.091 1273.458 1273.826 1274.193 1274.56 1274.928 1275.295 1275.663 1276.03 1276.397 1276.656
1261.301 1261.301 1261.301 1261.301 1261.301 1261.301 1261.301 1261.301 1261.426 1261.56 1261.694 1261.829 1261.975 1262.141 1262.307 1262.473 1262.639 1262.955 1263.298 1263.64 1263.982 1264.332 1264.7 1265.067 1265.434 1265.802 1265.997 1266.144 1266.291 1266.438 1266.584 1266.731 1266.878 1267.025 1267.172 1267.385 1267.624 1267.864 1268.103 1268.383 1268.857 1269.33 1269.803 1270.276 1270.556 1270.725 1270.894 1271.063 1271.252 1271.62 1271.987 1272.354 1272.722 1273.089 1273.457 1273.824 1274.192 1274.559 1274.926 1275.294 1275.661 1276.029 1276.287
1260.846 1260.846 1260.846 1260.846 1260.846 1260.846 1260.846 1260.846 1260.974 1261.112 1261.25 1261.388 1261.533 1261.689 1261.845 1262.001 1262.157 1262.494 1262.861 1263.228 1263.596 1263.957 1264.307 1264.656 1265.005 1265.355 1265.56 1265.725 1265.89 1266.055 1266.216 1266.363 1266.51 1266.656 1266.803 1267.012 1267.246 1267.48 1267.714 1267.993 1268.485 1268.977 1269.468 1269.96 1270.251 1270.427 1270.604 1270.78 1270.974 1271.326 1271.677 1272.029 1272.38 1272.738 1273.101 1273.464 1273.827 1274.19 1274.55 1274.911 1275.272 1275.632 1275.891
1260.477 1260.477 1260.477 1260.477 1260.477 1260.477 1260.477 1260.477 1260.585 1260.701 1260.818 1260.934 1261.074 1261.252 1261.429 1261.607 1261.785 1262.125 1262.492 1262.859 1263.227 1263.575 1263.881 1264.187 1264.493 1264.799 1265.028 1265.237 1265.445 1265.653 1265.847 1265.994 1266.141 1266.288 1266.435 1266.666 1266.933 1267.2 1267.466 1267.762 1268.2 1268.637 1269.075 1269.512 1269.828 1270.075 1270.322 1270.569 1270.823 1271.136 1271.45 1271.764 1272.077 1272.413 1272.765 1273.117 1273.469 1273.82 1274.165 1274.509 1274.854 1275.198 1275.456
