data/zism_data/00702_02_D.txt
ncols         224
nrows         224
[rows 140 to 167 of 224, columns 126 to 188 of 224]
1349.997 1349.994 1349.991 1349.988 1349.888 1349.671 1349.454 1349.236 1349.019 1349.0 1349.0 1349.0 1349.0 1349.0 1349.0 1349.0 1349.0 1349.0 1349.0 1349.0 1349.0 1349.0 1349.065 1349.278 1349.492 1349.705 1349.918 1350.027 1350.105 1350.182 1350.26 1350.352 1350.493 1350.634 1350.775 1350.916 1350.958 1350.958 1350.958 1350.958 1350.925 1350.714 1350.502 1350.291 1350.08 1349.996 1349.99 1349.984 1349.978 1349.96 1349.816 1349.672 1349.528 1349.384 1349.281 1349.21 1349.14 1349.069 1349.0 1349.0 1349.0 1349.0 1349.0
1349.981 1349.962 1349.943 1349.923 1349.822 1349.621 1349.42 1349.219 1349.017 1349.0 1349.0 1349.0 1349.0 1349.0 1349.0 1349.0 1349.0 1349.0 1349.0 1349.0 1349.0 1349.0 1349.053 1349.229 1349.404 1349.58 1349.755 1349.872 1349.972 1350.071 1350.17 1350.271 1350.38 1350.488 1350.597 1350.705 1350.738 1350.738 1350.738 1350.738 1350.712 1350.549 1350.387 1350.224 1350.061 1349.976 1349.938 1349.899 1349.86 1349.814 1349.687 1349.559 1349.431 1349.303 1349.216 1349.162 1349.108 1349.053 1349.0 1349.0 1349.0 1349.0 1349.0
1349.965 1349.93 1349.894 1349.859 1349.756 1349.571 1349.386 1349.201 1349.016 1349.0 1349.0 1349.0 1349.0 1349.0 1349.0 1349.0 1349.0 1349.0 1349.0 1349.0 1349.0 1349.0 1349.042 1349.18 1349.317 1349.455 1349.593 1349.718 1349.838 1349.959 1350.08 1350.19 1350.266 1350.342 1350.418 1350.494 1350.518 1350.518 1350.518 1350.518 1350.499 1350.385 1350.271 1350.157 1350.043 1349.956 1349.885 1349.814 1349.743 1349.669 1349.557 1349.446 1349.334 1349.223 1349.152 1349.114 1349.076 1349.037 1349.0 1349.0 1349.0 1349.0 1349.0
1349.949 1349.897 1349.846 1349.794 1349.69 1349.521 1349.352 1349.183 1349.015 1349.0 1349.0 1349.0 1349.0 1349.0 1349.0 1349.0 1349.0 1349.0 1349.0 1349.0 1349.0 1349.0 1349.03 1349.13 1349.23 1349.33 1349.43 1349.563 1349.705 1349.847 1349.99 1350.109 1350.153 1350.197 1350.24 1350.284 1350.297 1350.297 1350.297 1350.297 1350.287 1350.221 1350.156 1350.09 1350.025 1349.936 1349.832 1349.729 1349.626 1349.523 1349.428 1349.333 1349.237 1349.142 1349.087 1349.065 1349.043 1349.021 1349.0 1349.0 1349.0 1349.0 1349.0
1349.933 1349.865 1349.797 1349.73 1349.624 1349.471 1349.318 1349.166 1349.013 1349.0 1349.0 1349.0 1349.0 1349.0 1349.0 1349.0 1349.0 1349.0 1349.0 1349.0 1349.0 1349.0 1349.019 1349.081 1349.143 1349.205 1349.267 1349.408 1349.572 1349.736 1349.9 1350.028 1350.039 1350.051 1350.062 1350.073 1350.077 1350.077 1350.077 1350.077 1350.074 1350.057 1350.04 1350.023 1350.006 1349.915 1349.78 1349.644 1349.508 1349.378 1349.298 1349.219 1349.14 1349.061 1349.022 1349.017 1349.011 1349.005 1349.0 1349.0 1349.0 1349.0 1349.0
1349.928 1349.854 1349.781 1349.707 1349.601 1349.454 1349.307 1349.16 1349.013 1349.0 1349.0 1349.0 1349.0 1349.0 1349.0 1349.0 1349.0 1349.0 1349.0 1349.0 1349.0 1349.0 1349.013 1349.055 1349.097 1349.139 1349.181 1349.303 1349.45 1349.597 1349.743 1349.856 1349.856 1349.856 1349.856 1349.856 1349.871 1349.892 1349.913 1349.934 1349.951 1349.944 1349.937 1349.93 1349.923 1349.833 1349.693 1349.553 1349.413 1349.28 1349.217 1349.154 1349.091 1349.028 1349.0 1349.0 1349.0 1349.0 1349.0 1349.0 1349.0 1349.0 1349.0
1349.928 1349.854 1349.781 1349.707 1349.601 1349.454 1349.307 1349.16 1349.013 1349.0 1349.0 1349.0 1349.0 1349.0 1349.0 1349.0 1349.0 1349.0 1349.0 1349.0 1349.0 1349.0 1349.01 1349.041 1349.072 1349.103 1349.134 1349.225 1349.334 1349.443 1349.552 1349.636 1349.636 1349.636 1349.636 1349.636 1349.673 1349.727 1349.78 1349.834 1349.876 1349.858 1349.84 1349.822 1349.804 1349.717 1349.588 1349.459 1349.33 1349.208 1349.161 1349.115 1349.068 1349.021 1349.0 1349.0 1349.0 1349.0 1349.0 1349.0 1349.0 1349.0 1349.0
1349.928 1349.854 1349.781 1349.707 1349.601 1349.454 1349.307 1349.16 1349.013 1349.0 1349.0 1349.0 1349.0 1349.0 1349.0 1349.0 1349.0 1349.0 1349.0 1349.0 1349.0 1349.0 1349.006 1349.026 1349.047 1349.067 1349.088 1349.147 1349.218 1349.289 1349.361 1349.415 1349.415 1349.415 1349.415 1349.415 1349.475 1349.561 1349.647 1349.733 1349.801 1349.772 1349.743 1349.715 1349.686 1349.601 1349.483 1349.365 1349.246 1349.136 1349.105 1349.075 1349.044 1349.014 1349.0 1349.0 1349.0 1349.0 1349.0 1349.0 1349.0 1349.0 1349.0
1349.928 1349.854 1349.781 1349.707 1349.601 1349.454 1349.307 1349.16 1349.013 1349.0 1349.0 1349.0 1349.0 1349.0 1349.0 1349.0 1349.0 1349.0 1349.0 1349.0 1349.0 1349.0 1349.003 1349.012 1349.022 1349.031 1349.041 1349.069 1349.102 1349.136 1349.169 1349.195 1349.195 1349.195 1349.195 1349.195 1349.277 1349.396 1349.514 1349.632 1349.725 1349.686 1349.646 1349.607 1349.568 1349.486 1349.378 1349.271 1349.163 1349.064 1349.049 1349.035 1349.021 1349.006 1349.0 1349.0 1349.0 1349.0 1349.0 1349.0 1349.0 1349.0 1349.0
1349.929 1349.858 1349.786 1349.715 1349.608 1349.459 1349.311 1349.162 1349.013 1349.0 1349.0 1349.0 1349.0 1349.0 1349.0 1349.0 1349.0 1349.0 1349.0 1349.0 1349.0 1349.0 1349.0 1349.0 1349.0 1349.0 1349.0 1349.0 1349.0 1349.0 1349.0 1349.0 1349.0 1349.0 1349.0 1349.0 1349.1 1349.243 1349.386 1349.529 1349.642 1349.594 1349.547 1349.499 1349.451 1349.374 1349.278 1349.183 1349.087 1349.0 1349.0 1349.0 1349.0 1349.0 1349.0 1349.0 1349.0 1349.0 1349.0 1349.0 1349.0 1349.0 1349.0
1349.945 1349.89 1349.835 1349.779 1349.674 1349.509 1349.344 1349.179 1349.014 1349.0 1349.0 1349.0 1349.0 1349.0 1349.0 1349.0 1349.0 1349.0 1349.0 1349.0 1349.0 1349.0 1349.0 1349.0 1349.0 1349.0 1349.0 1349.0 1349.0 1349.0 1349.0 1349.0 1349.0 1349.0 1349.0 1349.0 1349.077 1349.188 1349.299 1349.41 1349.497 1349.46 1349.423 1349.386 1349.349 1349.289 1349.215 1349.141 1349.068 1349.0 1349.0 1349.0 1349.0 1349.0 1349.0 1349.0 1349.0 1349.0 1349.0 1349.0 1349.0 1349.0 1349.0
1349.961 1349.922 1349.883 1349.844 1349.741 1349.559 1349.378 1349.197 1349.016 1349.0 1349.0 1349.0 1349.0 1349.0 1349.0 1349.0 1349.0 1349.0 1349.0 1349.0 1349.0 1349.0 1349.0 1349.0 1349.0 1349.0 1349.0 1349.0 1349.0 1349.0 1349.0 1349.0 1349.0 1349.0 1349.0 1349.0 1349.055 1349.133 1349.211 1349.29 1349.352 1349.325 1349.299 1349.273 1349.247 1349.205 1349.152 1349.1 1349.048 1349.0 1349.0 1349.0 1349.0 1349.0 1349.0 1349.0 1349.0 1349.0 1349.0 1349.0 1349.0 1349.0 1349.0
1349.977 1349.954 1349.931 1349.908 1349.807 1349.609 1349.412 1349.215 1349.017 1349.0 1349.0 1349.0 1349.0 1349.0 1349.0 1349.0 1349.0 1349.0 1349.0 1349.0 1349.0 1349.0 1349.0 1349.0 1349.0 1349.0 1349.0 1349.0 1349.0 1349.0 1349.0 1349.0 1349.0 1349.0 1349.0 1349.0 1349.032 1349.078 1349.124 1349.17 1349.206 1349.191 1349.176 1349.16 1349.145 1349.12 1349.089 1349.059 1349.028 1349.0 1349.0 1349.0 1349.0 1349.0 1349.0 1349.0 1349.0 1349.0 1349.0 1349.0 1349.0 1349.0 1349.0
1349.993 1349.986 1349.98 1349.973 1349.873 1349.66 1349.446 1349.232 1349.019 1349.0 1349.0 1349.0 1349.0 1349.0 1349.0 1349.0 1349.0 1349.0 1349.0 1349.0 1349.0 1349.0 1349.0 1349.0 1349.0 1349.0 1349.0 1349.0 1349.0 1349.0 1349.0 1349.0 1349.0 1349.0 1349.0 1349.0 1349.01 1349.023 1349.037 1349.05 1349.061 1349.057 1349.052 1349.047 1349.043 1349.036 1349.026 1349.017 1349.008 1349.0 1349.0 1349.0 1349.0 1349.0 1349.0 1349.0 1349.0 1349.0 1349.0 1349.0 1349.0 1349.0 1349.0
1350.0 1350.0 1350.0 1350.0 1349.914 1349.721 1349.529 1349.337 1349.145 1349.108 1349.086 1349.064 1349.042 1349.026 1349.02 1349.014 1349.007 1349.001 1349.0 1349.0 1349.0 1349.0 1349.0 1349.0 1349.0 1349.0 1349.0 1349.0 1349.0 1349.0 1349.0 1349.0 1349.0 1349.0 1349.0 1349.0 1349.0 1349.0 1349.0 1349.0 1349.0 1349.0 1349.0 1349.0 1349.0 1349.0 1349.0 1349.0 1349.0 1349.0 1349.0 1349.0 1349.0 1349.0 1348.997 1348.99 1348.984 1348.978 1348.971 1348.959 1348.946 1348.934 1348.921
1350.0 1350.0 1350.0 1350.0 1349.935 1349.792 1349.648 1349.504 1349.361 1349.294 1349.234 1349.174 1349.115 1349.071 1349.054 1349.037 1349.02 1349.003 1349.0 1349.0 1349.0 1349.0 1349.0 1349.0 1349.0 1349.0 1349.0 1349.0 1349.0 1349.0 1349.0 1349.0 1349.0 1349.0 1349.0 1349.0 1349.0 1349.0 1349.0 1349.0 1349.0 1349.0 1349.0 1349.0 1349.0 1349.0 1349.0 1349.0 1349.0 1349.0 1349.0 1349.0 1349.0 1349.0 1348.991 1348.974 1348.956 1348.939 1348.922 1348.888 1348.854 1348.82 1348.786
1350.0 1350.0 1350.0 1350.0 1349.957 1349.862 1349.767 1349.672 1349.577 1349.48 1349.382 1349.285 1349.187 1349.116 1349.088 1349.06 1349.032 1349.004 1349.0 1349.0 1349.0 1349.0 1349.0 1349.0 1349.0 1349.0 1349.0 1349.0 1349.0 1349.0 1349.0 1349.0 1349.0 1349.0 1349.0 1349.0 1349.0 1349.0 1349.0 1349.0 1349.0 1349.0 1349.0 1349.0 1349.0 1349.0 1349.0 1349.0 1349.0 1349.0 1349.0 1349.0 1349.0 1349.0 1348.985 1348.957 1348.929 1348.901 1348.873 1348.817 1348.761 1348.706 1348.65
1350.0 1350.0 1350.0 1350.0 1349.979 1349.933 1349.886 1349.84 1349.793 1349.666 1349.53 1349.395 1349.26 1349.161 1349.122 1349.083 1349.045 1349.006 1349.0 1349.0 1349.0 1349.0 1349.0 1349.0 1349.0 1349.0 1349.0 1349.0 1349.0 1349.0 1349.0 1349.0 1349.0 1349.0 1349.0 1349.0 1349.0 1349.0 1349.0 1349.0 1349.0 1349.0 1349.0 1349.0 1349.0 1349.0 1349.0 1349.0 1349.0 1349.0 1349.0 1349.0 1349.0 1349.0 1348.979 1348.94 1348.901 1348.863 1348.823 1348.746 1348.669 1348.592 1348.514
1350.01 1350.01 1350.01 1350.01 1350.009 1350.008 1350.006 1350.005 1350.003 1349.848 1349.677 1349.506 1349.336 1349.211 1349.162 1349.113 1349.063 1349.014 1349.005 1349.004 1349.002 1349.001 1349.0 1349.0 1349.0 1349.0 1349.0 1349.0 1349.0 1349.0 1349.0 1349.0 1349.0 1349.0 1349.0 1349.0 1349.0 1349.0 1349.0 1349.0 1349.0 1349.0 1349.0 1349.0 1349.0 1349.0 1349.0 1349.0 1349.0 1349.0 1349.0 1349.0 1349.0 1349.0 1348.973 1348.924 1348.874 1348.825 1348.775 1348.677 1348.578 1348.48 1348.381
1350.25 1350.244 1350.239 1350.233 1350.215 1350.181 1350.147 1350.113 1350.08 1349.941 1349.792 1349.643 1349.494 1349.381 1349.326 1349.271 1349.217 1349.162 1349.125 1349.091 1349.057 1349.024 1349.0 1349.0 1349.0 1349.0 1349.0 1349.0 1349.0 1349.0 1349.0 1349.0 1349.0 1349.0 1349.0 1349.0 1349.0 1349.0 1349.0 1349.0 1349.0 1349.0 1349.0 1349.0 1349.0 1349.0 1349.0 1349.0 1349.0 1349.0 1349.0 1349.0 1349.0 1349.0 1348.97 1348.915 1348.861 1348.806 1348.751 1348.641 1348.532 1348.423 1348.314
1350.49 1350.479 1350.468 1350.457 1350.421 1350.354 1350.288 1350.222 1350.156 1350.034 1349.907 1349.779 1349.652 1349.55 1349.49 1349.43 1349.37 1349.31 1349.245 1349.178 1349.112 1349.046 1349.0 1349.0 1349.0 1349.0 1349.0 1349.0 1349.0 1349.0 1349.0 1349.0 1349.0 1349.0 1349.0 1349.0 1349.0 1349.0 1349.0 1349.0 1349.0 1349.0 1349.0 1349.0 1349.0 1349.0 1349.0 1349.0 1349.0 1349.0 1349.0 1349.0 1349.0 1349.0 1348.967 1348.907 1348.847 1348.787 1348.726 1348.606 1348.486 1348.366 1348.246
1350.729 1350.713 1350.696 1350.68 1350.627 1350.528 1350.429 1350.331 1350.232 1350.127 1350.021 1349.916 1349.81 1349.719 1349.654 1349.589 1349.523 1349.458 1349.364 1349.266 1349.167 1349.069 1349.0 1349.0 1349.0 1349.0 1349.0 1349.0 1349.0 1349.0 1349.0 1349.0 1349.0 1349.0 1349.0 1349.0 1349.0 1349.0 1349.0 1349.0 1349.0 1349.0 1349.0 1349.0 1349.0 1349.0 1349.0 1349.0 1349.0 1349.0 1349.0 1349.0 1349.0 1349.0 1348.964 1348.899 1348.833 1348.768 1348.701 1348.57 1348.44 1348.309 1348.178
1350.969 1350.947 1350.925 1350.903 1350.833 1350.702 1350.571 1350.44 1350.309 1350.22 1350.136 1350.052 1349.968 1349.889 1349.818 1349.747 1349.676 1349.605 1349.484 1349.353 1349.222 1349.091 1349.0 1349.0 1349.0 1349.0 1349.0 1349.0 1349.0 1349.0 1349.0 1349.0 1349.0 1349.0 1349.0 1349.0 1349.0 1349.0 1349.0 1349.0 1349.0 1349.0 1349.0 1349.0 1349.0 1349.0 1349.0 1349.0 1349.0 1349.0 1349.0 1349.0 1349.0 1349.0 1348.961 1348.89 1348.819 1348.749 1348.677 1348.535 1348.393 1348.252 1348.11
1351.277 1351.23 1351.184 1351.137 1351.042 1350.887 1350.732 1350.577 1350.421 1350.333 1350.252 1350.17 1350.088 1350.006 1349.925 1349.843 1349.761 1349.68 1349.543 1349.396 1349.249 1349.102 1349.0 1349.0 1349.0 1349.0 1349.0 1349.0 1349.0 1349.0 1349.0 1349.0 1349.0 1349.0 1349.0 1349.0 1349.0 1349.0 1349.0 1349.0 1349.0 1349.0 1349.0 1349.0 1349.0 1349.0 1349.0 1349.0 1349.0 1349.0 1349.0 1349.0 1349.0 1349.0 1348.959 1348.886 1348.813 1348.739 1348.665 1348.518 1348.371 1348.224 1348.077
1351.65 1351.561 1351.471 1351.382 1351.255 1351.084 1350.912 1350.741 1350.57 1350.465 1350.368 1350.27 1350.172 1350.074 1349.976 1349.878 1349.78 1349.682 1349.543 1349.396 1349.249 1349.102 1349.0 1349.0 1349.0 1349.0 1349.0 1349.0 1349.0 1349.0 1349.0 1349.0 1349.0 1349.0 1349.0 1349.0 1349.0 1349.0 1349.0 1349.0 1349.0 1349.0 1349.0 1349.0 1349.0 1349.0 1349.0 1349.0 1349.0 1349.0 1349.0 1349.0 1349.0 1349.0 1348.959 1348.886 1348.813 1348.739 1348.665 1348.518 1348.371 1348.224 1348.077
1352.024 1351.891 1351.759 1351.626 1351.468 1351.281 1351.093 1350.906 1350.718 1350.598 1350.484 1350.37 1350.255 1350.141 1350.027 1349.913 1349.799 1349.685 1349.543 1349.396 1349.249 1349.102 1349.0 1349.0 1349.0 1349.0 1349.0 1349.0 1349.0 1349.0 1349.0 1349.0 1349.0 1349.0 1349.0 1349.0 1349.0 1349.0 1349.0 1349.0 1349.0 1349.0 1349.0 1349.0 1349.0 1349.0 1349.0 1349.0 1349.0 1349.0 1349.0 1349.0 1349.0 1349.0 1348.959 1348.886 1348.813 1348.739 1348.665 1348.518 1348.371 1348.224 1348.077
1352.398 1352.222 1352.046 1351.87 1351.682 1351.478 1351.274 1351.07 1350.866 1350.73 1350.599 1350.469 1350.339 1350.209 1350.078 1349.948 1349.818 1349.687 1349.543 1349.396 1349.249 1349.102 1349.0 1349.0 1349.0 1349.0 1349.0 1349.0 1349.0 1349.0 1349.0 1349.0 1349.0 1349.0 1349.0 1349.0 1349.0 1349.0 1349.0 1349.0 1349.0 1349.0 1349.0 1349.0 1349.0 1349.0 1349.0 1349.0 1349.0 1349.0 1349.0 1349.0 1349.0 1349.0 1348.959 1348.886 1348.813 1348.739 1348.665 1348.518 1348.371 1348.224 1348.077
1352.772 1352.553 1352.333 1352.114 1351.895 1351.675 1351.455 1351.235 1351.015 1350.862 1350.715 1350.569 1350.422 1350.276 1350.13 1349.983 1349.837 1349.69 1349.543 1349.396 1349.249 1349.102 1349.0 1349.0 1349.0 1349.0 1349.0 1349.0 1349.0 1349.0 1349.0 1349.0 1349.0 1349.0 1349.0 1349.0 1349.0 1349.0 1349.0 1349.0 1349.0 1349.0 1349.0 1349.0 1349.0 1349.0 1349.0 1349.0 1349.0 1349.0 1349.0 1349.0 1349.0 1349.0 1348.959 1348.886 1348.813 1348.739 1348.665 1348.518 1348.371 1348.224 1348.077
