data/zism_data/00709_01_D.txt
ncols         224
nrows         224
[rows 140 to 167 of 224, columns 126 to 188 of 224]
1282.405 1289.609 1296.813 1304.017 1311.221 1313.308 1311.458 1309.609 1307.759 1305.808 1296.916 1288.025 1279.133 1270.242 1261.44 1252.742 1244.045 1235.347 1226.649 1232.322 1239.363 1246.405 1253.447 1261.165 1270.076 1278.986 1287.897 1296.807 1299.421 1300.573 1301.725 1302.877 1303.348 1301.891 1300.433 1298.976 1297.518 1292.439 1285.881 1279.324 1272.767 1265.464 1254.229 1242.994 1231.759 1220.525 1210.294 1200.709 1191.124 1181.539 1171.975 1162.762 1153.549 1144.335 1135.122 1128.043 1123.038 1118.032 1113.026 1108.021 1114.952 1122.426 1129.9
1290.291 1297.077 1303.862 1310.648 1317.433 1319.108 1316.851 1314.593 1312.336 1309.984 1301.189 1292.394 1283.6 1274.805 1266.269 1258.032 1249.796 1241.559 1233.323 1238.526 1245.01 1251.494 1257.977 1265.187 1273.673 1282.16 1290.647 1299.134 1301.846 1303.218 1304.59 1305.962 1306.38 1304.096 1301.812 1299.529 1297.245 1291.194 1283.607 1276.019 1268.432 1260.296 1249.265 1238.234 1227.203 1216.172 1206.74 1198.335 1189.93 1181.526 1173.131 1164.899 1156.668 1148.437 1140.205 1133.449 1128.127 1122.805 1117.483 1112.161 1118.58 1125.534 1132.488
1298.178 1304.545 1310.912 1317.279 1323.646 1324.908 1322.243 1319.578 1316.913 1314.161 1305.463 1296.764 1288.066 1279.368 1271.098 1263.322 1255.547 1247.772 1239.997 1244.731 1250.657 1256.583 1262.508 1269.208 1277.271 1285.334 1293.397 1301.46 1304.271 1305.863 1307.455 1309.047 1309.412 1306.302 1303.192 1300.082 1296.971 1289.95 1281.333 1272.715 1264.097 1255.128 1244.301 1233.474 1222.647 1211.82 1203.186 1195.961 1188.737 1181.512 1174.287 1167.037 1159.787 1152.538 1145.288 1138.856 1133.217 1127.578 1121.939 1116.301 1122.209 1128.642 1135.075
1306.064 1312.013 1317.962 1323.91 1329.859 1330.708 1327.635 1324.563 1321.49 1318.337 1309.735 1301.134 1292.532 1283.93 1275.926 1268.612 1261.299 1253.985 1246.671 1250.936 1256.304 1261.672 1267.039 1273.23 1280.869 1288.508 1296.147 1303.786 1306.695 1308.507 1310.319 1312.131 1312.443 1308.507 1304.571 1300.635 1296.698 1288.706 1279.058 1269.41 1259.763 1249.96 1239.337 1228.714 1218.09 1207.468 1199.632 1193.588 1187.543 1181.499 1175.442 1169.175 1162.907 1156.639 1150.371 1144.262 1138.307 1132.351 1126.396 1120.441 1125.837 1131.75 1137.663
1313.951 1319.481 1325.011 1330.541 1336.071 1336.508 1333.028 1329.547 1326.067 1322.514 1314.008 1305.503 1296.998 1288.493 1280.754 1273.902 1267.05 1260.198 1253.345 1257.141 1261.951 1266.76 1271.57 1277.251 1284.466 1291.681 1298.897 1306.112 1309.12 1311.152 1313.184 1315.216 1315.475 1310.713 1305.95 1301.188 1296.425 1287.462 1276.784 1266.106 1255.428 1244.792 1234.373 1223.953 1213.534 1203.115 1196.078 1191.214 1186.35 1181.486 1176.598 1171.312 1166.026 1160.74 1155.454 1149.668 1143.396 1137.124 1130.852 1124.581 1129.466 1134.858 1140.251
1323.71 1328.822 1333.933 1339.045 1344.156 1344.081 1340.017 1335.952 1331.888 1327.759 1319.257 1310.755 1302.254 1293.752 1286.066 1279.322 1272.579 1265.835 1259.092 1262.459 1266.789 1271.119 1275.449 1280.924 1288.416 1295.908 1303.4 1310.892 1313.813 1315.673 1317.533 1319.393 1319.263 1313.498 1307.733 1301.968 1296.203 1286.311 1274.736 1263.16 1251.584 1240.404 1231.305 1222.207 1213.109 1204.01 1198.476 1195.234 1191.991 1188.749 1185.392 1180.177 1174.961 1169.746 1164.531 1158.631 1152.067 1145.503 1138.939 1132.376 1136.403 1140.913 1145.422
1333.647 1338.34 1343.033 1347.727 1352.42 1351.823 1347.158 1342.492 1337.827 1333.106 1324.599 1316.092 1307.585 1299.078 1291.423 1284.755 1278.086 1271.418 1264.749 1267.692 1271.55 1275.408 1279.266 1284.565 1292.4 1300.235 1308.07 1315.905 1318.721 1320.372 1322.023 1323.673 1323.124 1316.339 1309.555 1302.77 1295.986 1285.17 1272.709 1260.248 1247.787 1236.09 1228.419 1220.747 1213.076 1205.405 1201.442 1199.862 1198.283 1196.704 1194.913 1189.681 1184.45 1179.219 1173.987 1167.933 1161.079 1154.226 1147.372 1140.518 1143.656 1147.248 1150.84
1343.585 1347.859 1352.134 1356.409 1360.683 1359.565 1354.299 1349.032 1343.766 1338.453 1329.94 1321.428 1312.916 1304.403 1296.781 1290.188 1283.594 1277.001 1270.407 1272.925 1276.311 1279.697 1283.083 1288.205 1296.383 1304.562 1312.741 1320.919 1323.63 1325.071 1326.513 1327.954 1326.984 1319.18 1311.376 1303.572 1295.768 1284.029 1270.682 1257.336 1243.99 1231.776 1225.532 1219.288 1213.044 1206.8 1204.407 1204.491 1204.575 1204.659 1204.434 1199.187 1193.939 1188.692 1183.444 1177.235 1170.092 1162.948 1155.805 1148.661 1150.909 1153.584 1156.258
1353.522 1357.378 1361.234 1365.091 1368.947 1367.307 1361.44 1355.572 1349.705 1343.799 1335.282 1326.764 1318.246 1309.729 1302.138 1295.62 1289.102 1282.583 1276.065 1278.159 1281.072 1283.986 1286.899 1291.845 1300.367 1308.889 1317.411 1325.933 1328.538 1329.771 1331.003 1332.235 1330.844 1322.021 1313.198 1304.374 1295.551 1282.887 1268.656 1254.424 1240.193 1227.462 1222.645 1217.828 1213.011 1208.194 1207.373 1209.12 1210.867 1212.614 1213.955 1208.691 1203.428 1198.164 1192.901 1186.537 1179.104 1171.671 1164.237 1156.804 1158.162 1159.919 1161.676
1363.053 1366.335 1369.617 1372.899 1376.181 1374.075 1367.825 1361.574 1355.324 1349.038 1340.328 1331.618 1322.909 1314.199 1306.582 1300.228 1293.875 1287.521 1281.167 1283.289 1286.219 1289.148 1292.078 1297.143 1305.967 1314.792 1323.616 1332.441 1334.672 1335.372 1336.072 1336.772 1334.686 1324.706 1314.725 1304.744 1294.763 1281.614 1267.172 1252.73 1238.288 1225.617 1222.29 1218.963 1215.635 1212.308 1212.807 1215.766 1218.726 1221.685 1224.156 1218.7 1213.243 1207.787 1202.33 1195.682 1187.875 1180.069 1172.262 1164.456 1165.085 1166.098 1167.11
1371.867 1374.301 1376.735 1379.17 1381.604 1379.13 1372.879 1366.629 1360.378 1354.084 1344.854 1335.624 1326.394 1317.164 1309.417 1303.385 1297.354 1291.322 1285.29 1288.239 1292.043 1295.847 1299.651 1305.357 1314.412 1323.468 1332.523 1341.578 1342.96 1342.56 1342.16 1341.761 1338.496 1327.115 1315.734 1304.353 1292.972 1280.11 1266.645 1253.179 1239.713 1228.119 1226.39 1224.662 1222.933 1221.204 1222.584 1225.962 1229.34 1232.718 1235.554 1229.593 1223.632 1217.672 1211.711 1204.55 1196.223 1187.896 1179.569 1171.242 1171.428 1172.0 1172.573
1380.681 1382.267 1383.854 1385.441 1387.027 1384.184 1377.934 1371.683 1365.433 1359.131 1349.381 1339.63 1329.88 1320.129 1312.252 1306.543 1300.833 1295.123 1289.413 1293.188 1297.867 1302.546 1307.224 1313.572 1322.858 1332.144 1341.43 1350.716 1351.248 1349.748 1348.249 1346.749 1342.306 1329.525 1316.743 1303.962 1291.18 1278.606 1266.117 1253.628 1241.139 1230.62 1230.49 1230.361 1230.231 1230.102 1232.362 1236.158 1239.955 1243.751 1246.953 1240.487 1234.022 1227.557 1221.092 1213.418 1204.571 1195.723 1186.876 1178.028 1177.771 1177.903 1178.036
1389.495 1390.234 1390.972 1391.711 1392.45 1389.238 1382.988 1376.737 1370.487 1364.178 1353.907 1343.636 1333.365 1323.094 1315.088 1309.7 1304.312 1298.924 1293.536 1298.138 1303.691 1309.244 1314.797 1321.786 1331.303 1340.82 1350.336 1359.853 1359.536 1356.936 1354.337 1351.737 1346.116 1331.934 1317.752 1303.57 1289.389 1277.102 1265.59 1254.077 1242.564 1233.121 1234.591 1236.06 1237.529 1238.999 1242.139 1246.354 1250.569 1254.784 1258.35 1251.381 1244.411 1237.442 1230.472 1222.286 1212.918 1203.55 1194.182 1184.815 1184.113 1183.806 1183.499
1398.309 1398.2 1398.091 1397.982 1397.873 1394.293 1388.042 1381.792 1375.541 1369.225 1358.433 1347.642 1336.85 1326.059 1317.923 1312.857 1307.791 1302.725 1297.659 1303.087 1309.515 1315.943 1322.37 1330.001 1339.748 1349.495 1359.243 1368.99 1367.824 1364.125 1360.425 1356.725 1349.926 1334.344 1318.761 1303.179 1287.597 1275.598 1265.062 1254.526 1243.99 1235.622 1238.691 1241.759 1244.827 1247.896 1251.917 1256.55 1261.183 1265.817 1269.748 1262.274 1254.8 1247.326 1239.853 1231.154 1221.266 1211.377 1201.489 1191.601 1190.456 1189.709 1188.961
1403.127 1402.41 1401.693 1400.976 1400.259 1396.372 1390.048 1383.723 1377.399 1371.013 1360.485 1349.957 1339.429 1328.901 1321.318 1317.14 1312.962 1308.784 1304.606 1311.192 1318.804 1326.415 1334.026 1342.112 1351.032 1359.952 1368.872 1377.792 1375.192 1369.918 1364.643 1359.369 1351.26 1335.118 1318.976 1302.834 1286.691 1275.842 1267.153 1258.464 1249.776 1243.097 1247.015 1250.933 1254.851 1258.77 1263.192 1267.939 1272.687 1277.434 1281.457 1273.723 1265.988 1258.254 1250.52 1241.486 1231.19 1220.895 1210.599 1200.304 1198.604 1197.295 1195.986
1407.019 1405.749 1404.479 1403.209 1401.94 1397.761 1391.345 1384.93 1378.514 1372.045 1361.962 1351.879 1341.797 1331.714 1324.842 1321.684 1318.525 1315.367 1312.208 1320.029 1328.896 1337.763 1346.63 1355.127 1362.974 1370.821 1378.668 1386.515 1382.345 1375.386 1368.428 1361.469 1352.019 1335.512 1319.005 1302.498 1285.991 1276.492 1269.853 1263.213 1256.574 1251.725 1256.32 1260.914 1265.508 1270.102 1274.816 1279.606 1284.396 1289.186 1293.238 1285.3 1277.361 1269.423 1261.485 1252.157 1241.481 1230.805 1220.128 1209.452 1207.171 1205.271 1203.372
1410.91 1409.088 1407.265 1405.443 1403.62 1399.15 1392.643 1386.136 1379.629 1373.077 1363.439 1353.802 1344.164 1334.527 1328.367 1326.228 1324.089 1321.95 1319.811 1328.867 1338.989 1349.111 1359.234 1368.143 1374.917 1381.69 1388.464 1395.238 1389.499 1380.856 1372.212 1363.569 1352.779 1335.907 1319.035 1302.163 1285.292 1277.142 1272.552 1267.962 1263.372 1260.354 1265.625 1270.895 1276.165 1281.435 1286.439 1291.272 1296.105 1300.938 1305.019 1296.877 1288.735 1280.593 1272.45 1262.829 1251.772 1240.715 1229.657 1218.6 1215.738 1213.248 1210.759
1414.801 1412.426 1410.051 1407.676 1405.301 1400.539 1393.941 1387.343 1380.745 1374.109 1364.917 1355.724 1346.532 1337.34 1331.892 1330.772 1329.652 1328.533 1327.413 1337.704 1349.082 1360.459 1371.837 1381.158 1386.859 1392.56 1398.26 1403.961 1396.653 1386.325 1375.996 1365.668 1353.538 1336.301 1319.065 1301.828 1284.592 1277.792 1275.251 1272.711 1270.17 1268.983 1274.929 1280.875 1286.822 1292.768 1298.063 1302.939 1307.814 1312.69 1316.8 1308.454 1300.108 1291.762 1283.416 1273.501 1262.063 1250.624 1239.186 1227.748 1224.305 1221.225 1218.145
1418.668 1415.747 1412.827 1409.906 1406.985 1401.955 1395.302 1388.649 1381.996 1375.316 1366.807 1358.298 1349.789 1341.281 1336.731 1336.76 1336.788 1336.817 1336.845 1347.894 1359.993 1372.091 1384.189 1393.582 1398.213 1402.843 1407.474 1412.104 1403.659 1392.178 1380.697 1369.216 1356.216 1338.911 1321.606 1304.302 1286.997 1281.303 1280.349 1279.395 1278.441 1278.696 1285.323 1291.951 1298.579 1305.207 1310.695 1315.45 1320.205 1324.96 1328.948 1320.458 1311.968 1303.478 1294.989 1284.874 1273.18 1261.487 1249.794 1238.101 1234.293 1230.845 1227.396
1422.464 1419.018 1415.572 1412.125 1408.679 1403.447 1396.843 1390.238 1383.633 1377.021 1369.869 1362.717 1355.566 1348.414 1345.294 1346.836 1348.377 1349.919 1351.46 1361.916 1373.22 1384.525 1395.829 1404.331 1407.899 1411.467 1415.035 1418.604 1410.245 1399.118 1387.991 1376.865 1364.328 1347.795 1331.263 1314.731 1298.199 1292.924 1292.243 1291.563 1290.882 1291.478 1298.803 1306.129 1313.454 1320.78 1326.184 1330.355 1334.525 1338.695 1342.133 1333.67 1325.207 1316.744 1308.281 1298.232 1286.64 1275.049 1263.458 1251.866 1248.31 1245.119 1241.928
1426.261 1422.289 1418.317 1414.344 1410.372 1404.939 1398.383 1391.827 1385.27 1378.725 1372.931 1367.137 1361.342 1355.548 1353.858 1356.912 1359.967 1363.021 1366.076 1375.938 1386.448 1396.959 1407.469 1415.079 1417.585 1420.091 1422.597 1425.103 1416.832 1406.059 1395.286 1384.514 1372.44 1356.68 1340.921 1325.161 1309.402 1304.545 1304.138 1303.731 1303.324 1304.261 1312.284 1320.307 1328.33 1336.353 1341.674 1345.26 1348.845 1352.431 1355.319 1346.883 1338.447 1330.011 1321.575 1311.59 1300.101 1288.611 1277.122 1265.633 1262.327 1259.393 1256.46
1430.058 1425.56 1421.062 1416.564 1412.066 1406.432 1399.923 1393.415 1386.907 1380.429 1375.992 1371.556 1367.119 1362.682 1362.421 1366.989 1371.556 1376.124 1380.691 1389.96 1399.676 1409.393 1419.109 1425.828 1427.271 1428.715 1430.159 1431.602 1423.418 1413.0 1402.581 1392.162 1380.552 1365.565 1350.578 1335.591 1320.604 1316.165 1316.032 1315.899 1315.766 1317.044 1325.764 1334.484 1343.205 1351.925 1357.164 1360.165 1363.165 1366.166 1368.505 1360.096 1351.687 1343.277 1334.868 1324.948 1313.56 1302.173 1290.786 1279.398 1276.343 1273.667 1270.991
1433.854 1428.831 1423.807 1418.783 1413.759 1407.924 1401.464 1395.004 1388.544 1382.133 1379.054 1375.975 1372.895 1369.816 1370.984 1377.065 1383.145 1389.226 1395.306 1403.982 1412.904 1421.826 1430.749 1436.576 1436.958 1437.339 1437.72 1438.101 1430.005 1419.94 1409.875 1399.811 1388.664 1374.449 1360.235 1346.021 1331.806 1327.786 1327.926 1328.067 1328.207 1329.826 1339.244 1348.662 1358.08 1367.498 1372.653 1375.069 1377.485 1379.901 1381.691 1373.308 1364.926 1356.543 1348.161 1338.306 1327.02 1315.735 1304.449 1293.164 1290.36 1287.941 1285.523
1438.983 1433.403 1427.823 1422.243 1416.663 1410.651 1404.308 1397.965 1391.622 1385.348 1383.706 1382.064 1380.422 1378.78 1381.161 1388.195 1395.228 1402.262 1409.295 1417.172 1425.129 1433.085 1441.042 1446.089 1446.013 1445.938 1445.863 1445.788 1438.028 1428.486 1418.943 1409.4 1398.892 1385.648 1372.405 1359.161 1345.917 1342.584 1343.295 1344.006 1344.717 1346.764 1355.85 1364.937 1374.023 1383.11 1387.662 1389.298 1390.935 1392.572 1393.64 1385.475 1377.31 1369.145 1360.98 1351.535 1340.847 1330.158 1319.47 1308.782 1306.272 1304.134 1301.996
1444.655 1438.506 1432.357 1426.208 1420.06 1413.883 1407.685 1401.487 1395.289 1389.178 1389.006 1388.835 1388.663 1388.491 1391.997 1399.754 1407.512 1415.27 1423.028 1430.022 1436.943 1443.864 1450.785 1455.096 1454.811 1454.527 1454.242 1453.958 1446.638 1437.686 1428.733 1419.781 1409.983 1397.791 1385.599 1373.407 1361.215 1358.677 1360.081 1361.484 1362.888 1365.396 1373.731 1382.067 1390.402 1398.738 1402.473 1403.251 1404.029 1404.808 1405.085 1397.214 1389.344 1381.474 1373.604 1364.71 1354.822 1344.933 1335.044 1325.155 1322.957 1321.109 1319.26
1450.327 1443.61 1436.892 1430.174 1423.457 1417.115 1411.062 1405.008 1398.955 1393.009 1394.307 1395.605 1396.904 1398.202 1402.832 1411.314 1419.797 1428.279 1436.761 1442.872 1448.758 1454.644 1460.529 1464.104 1463.61 1463.116 1462.622 1462.128 1455.248 1446.886 1438.524 1430.161 1421.074 1409.934 1398.794 1387.653 1376.513 1374.772 1376.868 1378.963 1381.059 1384.029 1391.613 1399.197 1406.782 1414.366 1417.285 1417.204 1417.124 1417.044 1416.529 1408.954 1401.379 1393.804 1386.229 1377.886 1368.797 1359.708 1350.619 1341.529 1339.643 1338.084 1336.526
1455.999 1448.713 1441.427 1434.14 1426.854 1420.347 1414.438 1408.53 1402.622 1396.839 1399.608 1402.376 1405.145 1407.913 1413.667 1422.874 1432.08 1441.287 1450.493 1455.722 1460.572 1465.422 1470.273 1473.111 1472.408 1471.705 1471.002 1470.299 1463.858 1456.086 1448.314 1440.542 1432.165 1422.077 1411.988 1401.899 1391.811 1390.866 1393.654 1396.441 1399.229 1402.661 1409.495 1416.328 1423.161 1429.994 1432.096 1431.157 1430.219 1429.28 1427.974 1420.694 1413.414 1406.134 1398.854 1391.062 1382.772 1374.482 1366.193 1357.903 1356.329 1355.06 1353.791
1461.803 1454.111 1446.418 1438.725 1431.033 1424.484 1418.816 1413.147 1407.479 1401.952 1406.029 1410.106 1414.183 1418.26 1424.895 1434.487 1444.079 1453.671 1463.263 1467.622 1471.483 1475.344 1479.204 1481.355 1480.497 1479.638 1478.78 1477.922 1471.984 1464.868 1457.752 1450.636 1443.043 1434.097 1425.15 1416.204 1407.257 1407.024 1410.348 1413.671 1416.994 1420.746 1426.759 1432.771 1438.784 1444.796 1446.118 1444.423 1442.728 1441.034 1439.036 1432.104 1425.172 1418.241 1411.309 1404.125 1396.698 1389.27 1381.842 1374.414 1373.13 1372.125 1371.12
