data/zism_data/00707_01_D.txt
ncols         224
nrows         224
[rows 0 to 29 of 224, columns 68 to 135 of 224]
1085.0 1085.0 1085.0 1085.0 1085.0 1085.0 1085.0 1085.0 1085.0 1085.003 1085.007 1085.012 1085.016 1085.026 1085.061 1085.096 1085.131 1085.166 1085.298 1085.49 1085.681 1085.873 1086.062 1086.225 1086.387 1086.55 1086.713 1086.834 1086.92 1087.007 1087.094 1087.18 1087.26 1087.341 1087.421 1087.502 1087.598 1087.712 1087.826 1087.939 1088.053 1088.084 1088.111 1088.137 1088.163 1088.244 1088.404 1088.564 1088.724 1088.884 1089.004 1089.118 1089.232 1089.345 1089.443 1089.511 1089.578 1089.645 1089.713 1089.726 1089.726 1089.726 1089.726 1089.733 1089.757 1089.782 1089.806 1089.831
1085.0 1085.0 1085.0 1085.0 1085.0 1085.0 1085.0 1085.0 1085.0 1085.007 1085.017 1085.026 1085.036 1085.057 1085.135 1085.213 1085.292 1085.37 1085.515 1085.702 1085.888 1086.074 1086.257 1086.409 1086.561 1086.713 1086.865 1086.99 1087.092 1087.195 1087.298 1087.4 1087.459 1087.518 1087.577 1087.636 1087.716 1087.818 1087.921 1088.024 1088.127 1088.188 1088.247 1088.306 1088.365 1088.471 1088.647 1088.824 1089.0 1089.176 1089.289 1089.392 1089.495 1089.597 1089.676 1089.705 1089.735 1089.764 1089.794 1089.8 1089.8 1089.8 1089.8 1089.806 1089.831 1089.855 1089.88 1089.904
1085.0 1085.0 1085.0 1085.0 1085.0 1085.0 1085.0 1085.0 1085.0 1085.01 1085.026 1085.041 1085.056 1085.088 1085.21 1085.331 1085.453 1085.574 1085.732 1085.913 1086.094 1086.275 1086.452 1086.593 1086.734 1086.875 1087.016 1087.145 1087.264 1087.383 1087.503 1087.62 1087.658 1087.695 1087.732 1087.769 1087.833 1087.925 1088.017 1088.109 1088.201 1088.292 1088.383 1088.475 1088.566 1088.698 1088.891 1089.083 1089.276 1089.468 1089.573 1089.665 1089.757 1089.849 1089.908 1089.9 1089.892 1089.883 1089.875 1089.873 1089.873 1089.873 1089.873 1089.88 1089.904 1089.929 1089.953 1089.978
1085.0 1085.0 1085.0 1085.0 1085.0 1085.0 1085.0 1085.0 1085.0 1085.014 1085.035 1085.055 1085.076 1085.12 1085.284 1085.449 1085.614 1085.778 1085.95 1086.125 1086.3 1086.476 1086.647 1086.777 1086.908 1087.038 1087.168 1087.301 1087.437 1087.572 1087.707 1087.84 1087.856 1087.872 1087.887 1087.903 1087.95 1088.031 1088.113 1088.194 1088.275 1088.396 1088.52 1088.643 1088.767 1088.925 1089.134 1089.342 1089.551 1089.76 1089.858 1089.939 1090.02 1090.102 1090.14 1090.094 1090.048 1090.002 1089.956 1089.947 1089.947 1089.947 1089.947 1089.953 1089.978 1090.002 1090.027 1090.051
1085.0 1085.0 1085.0 1085.0 1085.0 1085.0 1085.0 1085.0 1085.0 1085.028 1085.069 1085.11 1085.151 1085.216 1085.409 1085.602 1085.795 1085.988 1086.167 1086.337 1086.506 1086.677 1086.842 1086.962 1087.081 1087.201 1087.32 1087.457 1087.609 1087.76 1087.911 1088.061 1088.061 1088.061 1088.061 1088.061 1088.096 1088.169 1088.243 1088.316 1088.39 1088.532 1088.679 1088.826 1088.973 1089.15 1089.371 1089.591 1089.812 1090.032 1090.121 1090.19 1090.259 1090.328 1090.351 1090.282 1090.213 1090.144 1090.075 1090.061 1090.061 1090.061 1090.061 1090.067 1090.09 1090.113 1090.136 1090.159
1085.0 1085.0 1085.0 1085.0 1085.0 1085.0 1085.0 1085.0 1085.0 1085.07 1085.17 1085.27 1085.37 1085.484 1085.666 1085.848 1086.03 1086.213 1086.384 1086.548 1086.713 1086.877 1087.037 1087.146 1087.255 1087.363 1087.472 1087.613 1087.781 1087.948 1088.116 1088.281 1088.281 1088.281 1088.281 1088.281 1088.316 1088.39 1088.463 1088.537 1088.61 1088.753 1088.9 1089.047 1089.194 1089.371 1089.591 1089.812 1090.032 1090.252 1090.327 1090.38 1090.433 1090.485 1090.503 1090.45 1090.397 1090.345 1090.292 1090.281 1090.281 1090.281 1090.281 1090.286 1090.303 1090.321 1090.339 1090.356
1085.0 1085.0 1085.0 1085.0 1085.0 1085.0 1085.0 1085.0 1085.0 1085.111 1085.271 1085.43 1085.59 1085.751 1085.923 1086.094 1086.266 1086.437 1086.601 1086.76 1086.919 1087.078 1087.232 1087.33 1087.428 1087.526 1087.624 1087.769 1087.953 1088.137 1088.32 1088.502 1088.502 1088.502 1088.502 1088.502 1088.537 1088.61 1088.684 1088.757 1088.831 1088.973 1089.12 1089.267 1089.414 1089.591 1089.812 1090.032 1090.252 1090.473 1090.533 1090.57 1090.607 1090.643 1090.656 1090.619 1090.582 1090.546 1090.509 1090.502 1090.502 1090.502 1090.502 1090.505 1090.517 1090.529 1090.541 1090.554
1085.0 1085.0 1085.0 1085.0 1085.0 1085.0 1085.0 1085.0 1085.0 1085.152 1085.371 1085.59 1085.81 1086.019 1086.18 1086.34 1086.501 1086.661 1086.818 1086.972 1087.125 1087.279 1087.427 1087.514 1087.601 1087.688 1087.776 1087.925 1088.125 1088.325 1088.525 1088.722 1088.722 1088.722 1088.722 1088.722 1088.757 1088.831 1088.904 1088.978 1089.051 1089.194 1089.341 1089.488 1089.635 1089.812 1090.032 1090.252 1090.473 1090.693 1090.74 1090.76 1090.781 1090.801 1090.808 1090.787 1090.767 1090.747 1090.726 1090.722 1090.722 1090.722 1090.722 1090.724 1090.731 1090.737 1090.744 1090.751
1085.0 1085.0 1085.0 1085.0 1085.0 1085.0 1085.0 1085.0 1085.0 1085.194 1085.472 1085.751 1086.029 1086.287 1086.437 1086.587 1086.736 1086.886 1087.035 1087.183 1087.332 1087.48 1087.622 1087.698 1087.775 1087.851 1087.927 1088.081 1088.297 1088.513 1088.729 1088.943 1088.943 1088.943 1088.943 1088.943 1088.978 1089.051 1089.125 1089.198 1089.272 1089.414 1089.561 1089.708 1089.855 1090.032 1090.252 1090.473 1090.693 1090.914 1090.946 1090.95 1090.955 1090.959 1090.96 1090.956 1090.952 1090.948 1090.943 1090.943 1090.943 1090.943 1090.943 1090.943 1090.944 1090.946 1090.947 1090.948
1085.018 1085.042 1085.066 1085.09 1085.117 1085.153 1085.189 1085.225 1085.261 1085.468 1085.75 1086.032 1086.314 1086.576 1086.735 1086.894 1087.053 1087.212 1087.348 1087.471 1087.594 1087.717 1087.837 1087.918 1088.0 1088.081 1088.163 1088.31 1088.51 1088.711 1088.911 1089.109 1089.117 1089.125 1089.133 1089.141 1089.18 1089.254 1089.327 1089.401 1089.474 1089.62 1089.771 1089.922 1090.073 1090.248 1090.456 1090.664 1090.873 1091.081 1091.116 1091.124 1091.132 1091.14 1091.142 1091.134 1091.126 1091.118 1091.11 1091.115 1091.123 1091.131 1091.139 1091.143 1091.135 1091.127 1091.119 1091.111
1085.043 1085.1 1085.156 1085.212 1085.275 1085.36 1085.444 1085.529 1085.613 1085.824 1086.09 1086.355 1086.621 1086.872 1087.048 1087.223 1087.398 1087.573 1087.695 1087.786 1087.877 1087.967 1088.058 1088.15 1088.243 1088.335 1088.427 1088.564 1088.738 1088.911 1089.085 1089.256 1089.275 1089.293 1089.312 1089.331 1089.376 1089.449 1089.523 1089.596 1089.67 1089.821 1089.978 1090.134 1090.291 1090.461 1090.654 1090.846 1091.038 1091.23 1091.272 1091.291 1091.309 1091.328 1091.335 1091.316 1091.297 1091.278 1091.259 1091.271 1091.289 1091.308 1091.327 1091.336 1091.317 1091.298 1091.28 1091.261
1085.068 1085.157 1085.246 1085.334 1085.433 1085.567 1085.7 1085.833 1085.966 1086.18 1086.43 1086.679 1086.929 1087.169 1087.36 1087.552 1087.743 1087.934 1088.043 1088.101 1088.159 1088.217 1088.28 1088.383 1088.486 1088.589 1088.692 1088.819 1088.965 1089.112 1089.258 1089.403 1089.433 1089.462 1089.492 1089.521 1089.572 1089.645 1089.719 1089.792 1089.866 1090.022 1090.184 1090.346 1090.508 1090.675 1090.851 1091.027 1091.203 1091.38 1091.428 1091.458 1091.487 1091.517 1091.527 1091.497 1091.468 1091.438 1091.409 1091.426 1091.456 1091.485 1091.515 1091.529 1091.5 1091.47 1091.44 1091.411
1085.093 1085.214 1085.335 1085.457 1085.592 1085.773 1085.955 1086.137 1086.319 1086.536 1086.77 1087.003 1087.236 1087.466 1087.673 1087.881 1088.088 1088.296 1088.39 1088.416 1088.442 1088.467 1088.501 1088.615 1088.729 1088.843 1088.956 1089.073 1089.193 1089.312 1089.432 1089.55 1089.591 1089.631 1089.671 1089.712 1089.768 1089.841 1089.915 1089.988 1090.062 1090.224 1090.391 1090.558 1090.725 1090.889 1091.049 1091.209 1091.369 1091.529 1091.585 1091.625 1091.665 1091.706 1091.719 1091.679 1091.639 1091.598 1091.558 1091.582 1091.622 1091.662 1091.703 1091.722 1091.682 1091.641 1091.601 1091.561
1085.154 1085.31 1085.466 1085.622 1085.793 1086.016 1086.238 1086.461 1086.683 1086.903 1087.121 1087.34 1087.558 1087.775 1087.985 1088.196 1088.407 1088.617 1088.699 1088.704 1088.708 1088.712 1088.727 1088.85 1088.972 1089.094 1089.217 1089.323 1089.417 1089.511 1089.604 1089.697 1089.744 1089.791 1089.838 1089.884 1089.946 1090.022 1090.099 1090.176 1090.253 1090.421 1090.594 1090.768 1090.942 1091.102 1091.242 1091.382 1091.523 1091.663 1091.722 1091.769 1091.816 1091.863 1091.878 1091.832 1091.785 1091.738 1091.691 1091.719 1091.766 1091.813 1091.859 1091.882 1091.835 1091.788 1091.741 1091.695
1085.359 1085.558 1085.757 1085.956 1086.163 1086.396 1086.63 1086.863 1087.097 1087.312 1087.519 1087.727 1087.934 1088.135 1088.297 1088.458 1088.62 1088.782 1088.86 1088.886 1088.912 1088.938 1088.972 1089.094 1089.217 1089.339 1089.462 1089.557 1089.629 1089.701 1089.773 1089.844 1089.88 1089.916 1089.952 1089.988 1090.051 1090.144 1090.237 1090.33 1090.423 1090.602 1090.787 1090.971 1091.156 1091.309 1091.417 1091.525 1091.633 1091.741 1091.786 1091.822 1091.858 1091.894 1091.906 1091.87 1091.834 1091.798 1091.762 1091.784 1091.82 1091.856 1091.892 1091.909 1091.873 1091.837 1091.801 1091.765
1085.564 1085.806 1086.048 1086.29 1086.533 1086.777 1087.021 1087.265 1087.51 1087.721 1087.917 1088.114 1088.311 1088.494 1088.608 1088.721 1088.834 1088.948 1089.02 1089.068 1089.115 1089.163 1089.217 1089.339 1089.462 1089.584 1089.707 1089.79 1089.84 1089.89 1089.941 1089.991 1090.016 1090.041 1090.066 1090.092 1090.157 1090.266 1090.375 1090.484 1090.594 1090.784 1090.979 1091.174 1091.37 1091.516 1091.592 1091.667 1091.743 1091.819 1091.85 1091.876 1091.901 1091.926 1091.934 1091.909 1091.884 1091.859 1091.834 1091.849 1091.874 1091.899 1091.924 1091.936 1091.911 1091.886 1091.861 1091.836
1085.768 1086.054 1086.339 1086.624 1086.903 1087.158 1087.413 1087.668 1087.923 1088.13 1088.316 1088.501 1088.687 1088.854 1088.919 1088.983 1089.048 1089.113 1089.18 1089.25 1089.319 1089.388 1089.462 1089.584 1089.707 1089.829 1089.952 1090.023 1090.051 1090.08 1090.109 1090.138 1090.152 1090.166 1090.181 1090.195 1090.263 1090.388 1090.513 1090.639 1090.764 1090.965 1091.172 1091.378 1091.584 1091.724 1091.767 1091.81 1091.853 1091.896 1091.915 1091.929 1091.943 1091.958 1091.963 1091.948 1091.934 1091.919 1091.905 1091.914 1091.928 1091.942 1091.957 1091.964 1091.949 1091.935 1091.92 1091.906
1085.973 1086.302 1086.63 1086.958 1087.272 1087.538 1087.804 1088.07 1088.336 1088.539 1088.714 1088.889 1089.064 1089.213 1089.23 1089.246 1089.262 1089.278 1089.341 1089.432 1089.522 1089.613 1089.707 1089.829 1089.952 1090.074 1090.197 1090.256 1090.263 1090.27 1090.277 1090.284 1090.288 1090.292 1090.295 1090.299 1090.368 1090.51 1090.651 1090.793 1090.935 1091.147 1091.364 1091.581 1091.798 1091.931 1091.942 1091.953 1091.963 1091.974 1091.979 1091.982 1091.986 1091.989 1091.991 1091.987 1091.983 1091.98 1091.976 1091.978 1091.982 1091.986 1091.989 1091.991 1091.987 1091.984 1091.98 1091.977
1086.542 1086.856 1087.17 1087.484 1087.783 1088.035 1088.286 1088.538 1088.789 1088.975 1089.132 1089.289 1089.446 1089.578 1089.578 1089.578 1089.578 1089.578 1089.63 1089.714 1089.797 1089.881 1089.967 1090.083 1090.198 1090.313 1090.428 1090.492 1090.514 1090.535 1090.557 1090.578 1090.578 1090.578 1090.578 1090.578 1090.638 1090.764 1090.889 1091.014 1091.14 1091.324 1091.512 1091.7 1091.888 1092.0 1092.0 1092.0 1092.0 1092.0 1092.0 1092.0 1092.0 1092.0 1092.0 1092.0 1092.0 1092.0 1092.0 1092.017 1092.039 1092.06 1092.082 1092.101 1092.112 1092.122 1092.133 1092.144
1087.292 1087.563 1087.834 1088.105 1088.365 1088.589 1088.814 1089.038 1089.263 1089.425 1089.561 1089.696 1089.832 1089.946 1089.946 1089.946 1089.946 1089.946 1089.984 1090.046 1090.108 1090.17 1090.236 1090.34 1090.445 1090.549 1090.654 1090.73 1090.784 1090.838 1090.892 1090.946 1090.946 1090.946 1090.946 1090.946 1090.99 1091.083 1091.176 1091.269 1091.362 1091.499 1091.638 1091.778 1091.917 1092.0 1092.0 1092.0 1092.0 1092.0 1092.0 1092.0 1092.0 1092.0 1092.0 1092.0 1092.0 1092.0 1092.0 1092.043 1092.097 1092.151 1092.205 1092.252 1092.279 1092.306 1092.333 1092.36
1088.043 1088.271 1088.498 1088.726 1088.947 1089.144 1089.342 1089.539 1089.736 1089.876 1089.99 1090.104 1090.217 1090.313 1090.313 1090.313 1090.313 1090.313 1090.338 1090.379 1090.419 1090.459 1090.504 1090.598 1090.692 1090.785 1090.879 1090.969 1091.055 1091.141 1091.228 1091.313 1091.313 1091.313 1091.313 1091.313 1091.342 1091.403 1091.463 1091.524 1091.584 1091.673 1091.764 1091.855 1091.946 1092.0 1092.0 1092.0 1092.0 1092.0 1092.0 1092.0 1092.0 1092.0 1092.0 1092.0 1092.0 1092.0 1092.0 1092.069 1092.155 1092.242 1092.328 1092.403 1092.446 1092.49 1092.533 1092.576
1088.794 1088.978 1089.163 1089.347 1089.528 1089.699 1089.869 1090.04 1090.21 1090.326 1090.418 1090.511 1090.603 1090.681 1090.681 1090.681 1090.681 1090.681 1090.692 1090.711 1090.73 1090.749 1090.773 1090.856 1090.939 1091.021 1091.104 1091.207 1091.326 1091.445 1091.563 1091.681 1091.681 1091.681 1091.681 1091.681 1091.694 1091.722 1091.75 1091.778 1091.807 1091.848 1091.89 1091.933 1091.975 1092.0 1092.0 1092.0 1092.0 1092.0 1092.0 1092.0 1092.0 1092.0 1092.0 1092.0 1092.0 1092.0 1092.0 1092.095 1092.214 1092.332 1092.451 1092.554 1092.614 1092.673 1092.733 1092.792
1089.585 1089.72 1089.856 1089.992 1090.129 1090.272 1090.414 1090.557 1090.7 1090.792 1090.862 1090.932 1091.002 1091.06 1091.057 1091.055 1091.052 1091.049 1091.048 1091.048 1091.048 1091.048 1091.054 1091.125 1091.197 1091.268 1091.34 1091.45 1091.593 1091.736 1091.879 1092.019 1092.019 1092.019 1092.019 1092.019 1092.019 1092.019 1092.019 1092.019 1092.019 1092.019 1092.019 1092.019 1092.019 1092.019 1092.019 1092.019 1092.019 1092.019 1092.025 1092.031 1092.037 1092.044 1092.051 1092.062 1092.073 1092.083 1092.094 1092.21 1092.352 1092.495 1092.638 1092.761 1092.828 1092.895 1092.962 1093.029
1090.645 1090.694 1090.744 1090.793 1090.856 1090.967 1091.077 1091.187 1091.298 1091.361 1091.404 1091.447 1091.49 1091.522 1091.498 1091.473 1091.449 1091.425 1091.415 1091.415 1091.415 1091.415 1091.42 1091.475 1091.531 1091.586 1091.641 1091.726 1091.837 1091.947 1092.057 1092.166 1092.166 1092.166 1092.166 1092.166 1092.166 1092.166 1092.166 1092.166 1092.166 1092.166 1092.166 1092.166 1092.166 1092.166 1092.166 1092.166 1092.166 1092.166 1092.214 1092.269 1092.324 1092.379 1092.446 1092.537 1092.629 1092.721 1092.812 1092.919 1093.029 1093.139 1093.25 1093.336 1093.355 1093.373 1093.392 1093.41
1091.705 1091.668 1091.631 1091.594 1091.584 1091.661 1091.74 1091.817 1091.895 1091.93 1091.946 1091.962 1091.978 1091.984 1091.938 1091.892 1091.846 1091.8 1091.783 1091.783 1091.783 1091.783 1091.786 1091.825 1091.864 1091.903 1091.942 1092.003 1092.08 1092.158 1092.236 1092.313 1092.313 1092.313 1092.313 1092.313 1092.313 1092.313 1092.313 1092.313 1092.313 1092.313 1092.313 1092.313 1092.313 1092.313 1092.313 1092.313 1092.313 1092.313 1092.403 1092.507 1092.61 1092.714 1092.84 1093.013 1093.185 1093.358 1093.531 1093.628 1093.706 1093.784 1093.861 1093.911 1093.881 1093.851 1093.821 1093.791
1092.766 1092.642 1092.519 1092.395 1092.311 1092.356 1092.402 1092.448 1092.493 1092.499 1092.488 1092.477 1092.466 1092.446 1092.378 1092.311 1092.243 1092.176 1092.15 1092.15 1092.15 1092.15 1092.152 1092.175 1092.198 1092.22 1092.243 1092.279 1092.324 1092.37 1092.415 1092.46 1092.46 1092.46 1092.46 1092.46 1092.46 1092.46 1092.46 1092.46 1092.46 1092.46 1092.46 1092.46 1092.46 1092.46 1092.46 1092.46 1092.46 1092.46 1092.592 1092.745 1092.897 1093.049 1093.235 1093.488 1093.742 1093.995 1094.249 1094.337 1094.382 1094.428 1094.473 1094.486 1094.408 1094.329 1094.25 1094.172
1093.826 1093.616 1093.406 1093.196 1093.038 1093.051 1093.065 1093.078 1093.091 1093.068 1093.03 1092.992 1092.954 1092.908 1092.819 1092.73 1092.641 1092.551 1092.518 1092.518 1092.518 1092.518 1092.518 1092.525 1092.531 1092.538 1092.545 1092.555 1092.568 1092.581 1092.594 1092.607 1092.607 1092.607 1092.607 1092.607 1092.607 1092.607 1092.607 1092.607 1092.607 1092.607 1092.607 1092.607 1092.607 1092.607 1092.607 1092.607 1092.607 1092.607 1092.782 1092.982 1093.183 1093.384 1093.629 1093.964 1094.298 1094.633 1094.967 1095.046 1095.059 1095.072 1095.085 1095.062 1094.934 1094.807 1094.68 1094.553
1094.613 1094.378 1094.142 1093.907 1093.72 1093.695 1093.669 1093.643 1093.618 1093.571 1093.516 1093.461 1093.405 1093.342 1093.238 1093.133 1093.029 1092.924 1092.885 1092.885 1092.885 1092.885 1092.885 1092.882 1092.878 1092.875 1092.872 1092.867 1092.861 1092.854 1092.848 1092.841 1092.822 1092.803 1092.783 1092.764 1092.754 1092.754 1092.754 1092.754 1092.754 1092.772 1092.792 1092.811 1092.83 1092.845 1092.855 1092.865 1092.874 1092.884 1093.079 1093.303 1093.527 1093.75 1094.024 1094.398 1094.772 1095.146 1095.52 1095.6 1095.607 1095.613 1095.62 1095.582 1095.419 1095.256 1095.093 1094.93
1095.213 1094.994 1094.775 1094.556 1094.372 1094.303 1094.234 1094.165 1094.096 1094.029 1093.963 1093.897 1093.831 1093.757 1093.641 1093.526 1093.411 1093.296 1093.252 1093.252 1093.252 1093.252 1093.252 1093.243 1093.234 1093.226 1093.217 1093.204 1093.187 1093.169 1093.152 1093.135 1093.083 1093.031 1092.98 1092.928 1092.901 1092.901 1092.901 1092.901 1092.901 1092.95 1093.001 1093.053 1093.105 1093.146 1093.172 1093.197 1093.223 1093.249 1093.452 1093.681 1093.91 1094.139 1094.42 1094.804 1095.189 1095.574 1095.958 1096.05 1096.067 1096.084 1096.102 1096.065 1095.875 1095.685 1095.495 1095.305
1095.814 1095.611 1095.408 1095.205 1095.023 1094.911 1094.799 1094.687 1094.575 1094.487 1094.41 1094.333 1094.256 1094.171 1094.045 1093.919 1093.793 1093.667 1093.62 1093.62 1093.62 1093.62 1093.619 1093.605 1093.591 1093.577 1093.563 1093.541 1093.513 1093.485 1093.457 1093.428 1093.344 1093.26 1093.176 1093.092 1093.048 1093.048 1093.048 1093.048 1093.048 1093.127 1093.211 1093.295 1093.379 1093.446 1093.488 1093.53 1093.572 1093.614 1093.824 1094.058 1094.293 1094.527 1094.815 1095.211 1095.606 1096.001 1096.397 1096.499 1096.527 1096.555 1096.583 1096.548 1096.331 1096.114 1095.897 1095.68
