data/zism_data/00704_04_D.txt
ncols         224
nrows         224
[rows 28 to 55 of 224, columns 126 to 188 of 224]
1395.411 1399.235 1403.058 1405.485 1407.504 1409.522 1411.541 1413.76 1416.762 1419.764 1422.766 1425.769 1429.23 1432.956 1436.681 1440.407 1444.016 1445.971 1447.927 1449.882 1451.837 1452.214 1450.988 1449.762 1448.536 1447.311 1447.125 1447.022 1446.918 1446.814 1446.86 1447.173 1447.486 1447.799 1448.112 1446.142 1443.558 1440.974 1438.39 1435.819 1433.295 1430.771 1428.247 1425.723 1423.747 1422.066 1420.386 1418.705 1417.079 1416.078 1415.078 1414.078 1413.077 1411.879 1410.491 1409.103 1407.715 1406.327 1404.875 1403.419 1401.963 1400.506 1399.317
1398.608 1401.982 1405.357 1407.571 1409.445 1411.319 1413.193 1415.233 1417.914 1420.596 1423.277 1425.959 1428.944 1432.103 1435.262 1438.421 1441.446 1442.557 1443.668 1444.779 1445.89 1445.427 1443.368 1441.309 1439.25 1437.19 1436.984 1436.923 1436.862 1436.801 1437.254 1438.631 1440.007 1441.384 1442.76 1441.709 1440.007 1438.305 1436.602 1434.812 1432.704 1430.597 1428.49 1426.383 1424.605 1423.004 1421.404 1419.803 1418.236 1417.054 1415.872 1414.69 1413.508 1412.248 1410.914 1409.579 1408.245 1406.91 1405.386 1403.849 1402.313 1400.777 1399.495
1401.482 1404.457 1407.433 1409.461 1411.211 1412.962 1414.713 1416.59 1418.959 1421.328 1423.696 1426.065 1428.593 1431.213 1433.833 1436.453 1438.922 1439.259 1439.595 1439.932 1440.268 1439.046 1436.241 1433.437 1430.632 1427.828 1427.588 1427.551 1427.513 1427.476 1428.28 1430.595 1432.91 1435.225 1437.54 1437.332 1436.446 1435.561 1434.675 1433.61 1431.906 1430.201 1428.497 1426.793 1425.209 1423.691 1422.173 1420.655 1419.152 1417.819 1416.486 1415.154 1413.821 1412.507 1411.212 1409.917 1408.623 1407.328 1405.723 1404.098 1402.474 1400.85 1399.486
1402.452 1405.321 1408.189 1410.193 1411.944 1413.695 1415.446 1417.268 1419.37 1421.471 1423.573 1425.674 1427.864 1430.104 1432.345 1434.585 1436.677 1436.65 1436.623 1436.596 1436.569 1435.052 1432.023 1428.994 1425.965 1422.936 1422.596 1422.468 1422.339 1422.211 1423.029 1425.548 1428.066 1430.584 1433.102 1433.278 1432.825 1432.372 1431.92 1431.263 1429.879 1428.495 1427.112 1425.728 1424.32 1422.898 1421.476 1420.054 1418.642 1417.341 1416.04 1414.74 1413.439 1412.119 1410.782 1409.444 1408.106 1406.769 1405.035 1403.277 1401.519 1399.762 1398.376
1403.423 1406.184 1408.946 1410.926 1412.676 1414.427 1416.178 1417.946 1419.78 1421.615 1423.449 1425.283 1427.134 1428.995 1430.857 1432.718 1434.431 1434.041 1433.65 1433.26 1432.87 1431.058 1427.805 1424.552 1421.298 1418.045 1417.604 1417.385 1417.166 1416.947 1417.779 1420.5 1423.222 1425.943 1428.664 1429.224 1429.204 1429.184 1429.164 1428.916 1427.853 1426.79 1425.727 1424.663 1423.43 1422.104 1420.778 1419.453 1418.132 1416.863 1415.594 1414.326 1413.057 1411.731 1410.351 1408.97 1407.59 1406.209 1404.348 1402.456 1400.565 1398.673 1397.265
1404.393 1407.048 1409.703 1411.658 1413.409 1415.16 1416.911 1418.624 1420.191 1421.758 1423.325 1424.892 1426.405 1427.887 1429.368 1430.85 1432.185 1431.431 1430.678 1429.924 1429.17 1427.065 1423.587 1420.109 1416.631 1413.153 1412.612 1412.302 1411.992 1411.682 1412.529 1415.453 1418.377 1421.302 1424.226 1425.17 1425.583 1425.996 1426.409 1426.569 1425.826 1425.084 1424.341 1423.599 1422.54 1421.31 1420.081 1418.851 1417.621 1416.385 1415.148 1413.912 1412.675 1411.343 1409.92 1408.497 1407.073 1405.65 1403.66 1401.635 1399.61 1397.585 1396.155
1405.364 1407.911 1410.459 1412.391 1414.141 1415.892 1417.643 1419.302 1420.602 1421.902 1423.202 1424.501 1425.676 1426.778 1427.88 1428.983 1429.939 1428.822 1427.705 1426.588 1425.471 1423.071 1419.369 1415.666 1411.964 1408.262 1407.62 1407.219 1406.818 1406.417 1407.278 1410.406 1413.533 1416.66 1419.788 1421.116 1421.962 1422.808 1423.654 1424.222 1423.8 1423.378 1422.956 1422.534 1421.65 1420.517 1419.384 1418.25 1417.111 1415.907 1414.702 1413.498 1412.293 1410.955 1409.489 1408.023 1406.557 1405.091 1402.973 1400.814 1398.656 1396.497 1395.045
1405.031 1407.647 1410.263 1412.194 1413.926 1415.658 1417.39 1418.995 1420.107 1421.219 1422.331 1423.443 1424.373 1425.197 1426.022 1426.846 1427.534 1426.272 1425.011 1423.75 1422.489 1420.074 1416.491 1412.907 1409.323 1405.739 1405.045 1404.579 1404.113 1403.646 1404.427 1407.446 1410.465 1413.485 1416.504 1418.023 1419.14 1420.256 1421.373 1422.198 1421.982 1421.767 1421.551 1421.336 1420.562 1419.486 1418.411 1417.336 1416.251 1415.053 1413.855 1412.657 1411.459 1410.054 1408.45 1406.846 1405.242 1403.638 1401.374 1399.069 1396.764 1394.459 1393.074
1403.809 1406.612 1409.415 1411.364 1413.063 1414.763 1416.463 1418.015 1418.994 1419.972 1420.951 1421.929 1422.678 1423.294 1423.91 1424.526 1425.019 1423.763 1422.507 1421.251 1419.995 1417.759 1414.528 1411.297 1408.066 1404.834 1404.122 1403.607 1403.093 1402.579 1403.213 1405.912 1408.611 1411.309 1414.008 1415.586 1416.863 1418.14 1419.417 1420.395 1420.307 1420.22 1420.133 1420.045 1419.337 1418.294 1417.251 1416.208 1415.151 1413.943 1412.734 1411.526 1410.317 1408.803 1406.996 1405.189 1403.382 1401.575 1399.153 1396.693 1394.233 1391.773 1390.515
1402.587 1405.577 1408.566 1410.533 1412.201 1413.869 1415.536 1417.036 1417.881 1418.726 1419.571 1420.416 1420.983 1421.391 1421.798 1422.206 1422.505 1421.254 1420.004 1418.753 1417.502 1415.444 1412.565 1409.687 1406.808 1403.93 1403.198 1402.636 1402.073 1401.511 1402.0 1404.378 1406.756 1409.134 1411.512 1413.149 1414.586 1416.023 1417.46 1418.592 1418.633 1418.673 1418.714 1418.755 1418.113 1417.102 1416.091 1415.08 1414.052 1412.833 1411.613 1410.394 1409.175 1407.551 1405.541 1403.531 1401.521 1399.511 1396.932 1394.317 1391.702 1389.087 1387.956
1401.365 1404.542 1407.718 1409.703 1411.338 1412.974 1414.609 1416.056 1416.768 1417.479 1418.19 1418.902 1419.288 1419.487 1419.687 1419.886 1419.99 1418.745 1417.5 1416.255 1415.009 1413.128 1410.603 1408.077 1405.551 1403.025 1402.275 1401.664 1401.054 1400.443 1400.787 1402.844 1404.902 1406.959 1409.017 1410.711 1412.309 1413.906 1415.504 1416.789 1416.958 1417.127 1417.296 1417.465 1416.888 1415.909 1414.93 1413.951 1412.952 1411.722 1410.492 1409.262 1408.032 1406.3 1404.087 1401.874 1399.661 1397.448 1394.71 1391.941 1389.171 1386.401 1385.398
1400.202 1403.539 1406.876 1408.87 1410.469 1412.07 1413.67 1415.061 1415.637 1416.214 1416.791 1417.368 1417.574 1417.568 1417.561 1417.554 1417.467 1416.232 1414.997 1413.761 1412.526 1410.824 1408.646 1406.468 1404.291 1402.113 1401.343 1400.684 1400.024 1399.365 1399.568 1401.32 1403.072 1404.823 1406.575 1408.324 1410.073 1411.822 1413.571 1415.0 1415.293 1415.585 1415.877 1416.169 1415.658 1414.712 1413.767 1412.822 1411.851 1410.593 1409.335 1408.076 1406.818 1404.958 1402.522 1400.086 1397.65 1395.215 1392.367 1389.493 1386.62 1383.746 1382.905
1400.336 1403.251 1406.166 1407.977 1409.465 1410.953 1412.441 1413.71 1414.132 1414.554 1414.976 1415.398 1415.449 1415.288 1415.126 1414.964 1414.74 1413.622 1412.505 1411.387 1410.27 1408.751 1406.824 1404.898 1402.971 1401.045 1400.234 1399.51 1398.787 1398.063 1398.233 1400.006 1401.779 1403.552 1405.325 1407.041 1408.742 1410.443 1412.143 1413.538 1413.841 1414.144 1414.447 1414.75 1414.287 1413.411 1412.535 1411.659 1410.719 1409.044 1407.369 1405.694 1404.019 1401.619 1398.526 1395.433 1392.34 1389.247 1387.327 1385.479 1383.632 1381.784 1381.861
1400.47 1402.963 1405.456 1407.084 1408.46 1409.836 1411.211 1412.36 1412.627 1412.894 1413.161 1413.428 1413.324 1413.008 1412.691 1412.375 1412.013 1411.013 1410.013 1409.013 1408.013 1406.678 1405.003 1403.328 1401.652 1399.977 1399.125 1398.337 1397.549 1396.762 1396.898 1398.692 1400.487 1402.281 1404.076 1405.758 1407.411 1409.063 1410.716 1412.075 1412.389 1412.702 1413.016 1413.33 1412.916 1412.109 1411.303 1410.496 1409.587 1407.495 1405.403 1403.311 1401.219 1398.28 1394.53 1390.78 1387.029 1383.279 1382.286 1381.465 1380.643 1379.822 1380.817
1400.604 1402.675 1404.746 1406.192 1407.455 1408.719 1409.982 1411.01 1411.122 1411.234 1411.346 1411.458 1411.2 1410.728 1410.256 1409.785 1409.286 1408.404 1407.521 1406.639 1405.757 1404.605 1403.181 1401.757 1400.333 1398.909 1398.015 1397.163 1396.312 1395.46 1395.563 1397.378 1399.194 1401.01 1402.826 1404.475 1406.08 1407.684 1409.288 1410.613 1410.937 1411.261 1411.586 1411.91 1411.545 1410.808 1410.071 1409.334 1408.455 1405.946 1403.438 1400.929 1398.42 1394.941 1390.534 1386.126 1381.719 1377.311 1377.246 1377.451 1377.655 1377.859 1379.773
1400.738 1402.387 1404.036 1405.299 1406.451 1407.602 1408.753 1409.66 1409.617 1409.574 1409.531 1409.488 1409.075 1408.448 1407.822 1407.195 1406.559 1405.795 1405.03 1404.265 1403.5 1402.533 1401.36 1400.187 1399.014 1397.84 1396.906 1395.99 1395.074 1394.158 1394.227 1396.065 1397.902 1399.739 1401.576 1403.192 1404.748 1406.305 1407.861 1409.15 1409.485 1409.82 1410.155 1410.49 1410.174 1409.506 1408.839 1408.171 1407.323 1404.397 1401.472 1398.546 1395.621 1391.602 1386.538 1381.473 1376.408 1371.344 1372.206 1373.436 1374.667 1375.897 1378.729
1400.902 1402.223 1403.545 1404.65 1405.691 1406.733 1407.774 1408.569 1408.403 1408.236 1408.07 1407.904 1407.39 1406.677 1405.964 1405.251 1404.538 1403.831 1403.123 1402.415 1401.707 1400.771 1399.605 1398.438 1397.271 1396.104 1395.16 1394.232 1393.305 1392.378 1392.496 1394.491 1396.487 1398.482 1400.478 1402.102 1403.626 1405.15 1406.674 1407.936 1408.263 1408.59 1408.918 1409.245 1408.87 1408.117 1407.364 1406.61 1405.606 1401.735 1397.864 1393.992 1390.121 1385.543 1380.29 1375.036 1369.783 1364.53 1366.791 1369.519 1372.246 1374.974 1378.986
1401.096 1402.188 1403.279 1404.249 1405.184 1406.119 1407.054 1407.745 1407.488 1407.23 1406.973 1406.716 1406.159 1405.43 1404.701 1403.972 1403.244 1402.531 1401.818 1401.104 1400.391 1399.331 1397.918 1396.506 1395.093 1393.681 1392.757 1391.873 1390.988 1390.104 1390.356 1392.651 1394.946 1397.241 1399.536 1401.21 1402.718 1404.226 1405.734 1406.978 1407.278 1407.579 1407.88 1408.18 1407.636 1406.637 1405.638 1404.639 1403.289 1397.927 1392.564 1387.202 1381.84 1376.683 1371.724 1366.764 1361.805 1356.846 1360.991 1365.701 1370.411 1375.121 1380.583
1401.29 1402.152 1403.014 1403.849 1404.677 1405.505 1406.333 1406.92 1406.572 1406.224 1405.876 1405.528 1404.928 1404.183 1403.438 1402.693 1401.949 1401.231 1400.512 1399.794 1399.075 1397.89 1396.232 1394.573 1392.915 1391.257 1390.355 1389.514 1388.672 1387.83 1388.217 1390.811 1393.405 1395.999 1398.593 1400.318 1401.81 1403.302 1404.794 1406.02 1406.294 1406.567 1406.841 1407.115 1406.402 1405.157 1403.912 1402.667 1400.972 1394.119 1387.265 1380.412 1373.559 1367.823 1363.158 1358.492 1353.827 1349.161 1355.191 1361.883 1368.576 1375.268 1382.18
1401.484 1402.116 1402.748 1403.449 1404.17 1404.891 1405.612 1406.096 1405.657 1405.218 1404.779 1404.341 1403.697 1402.936 1402.175 1401.414 1400.655 1399.931 1399.207 1398.483 1397.76 1396.45 1394.546 1392.641 1390.737 1388.833 1387.953 1387.154 1386.355 1385.556 1386.078 1388.971 1391.864 1394.758 1397.651 1399.427 1400.903 1402.379 1403.855 1405.062 1405.309 1405.556 1405.803 1406.05 1405.168 1403.677 1402.187 1400.696 1398.655 1390.311 1381.966 1373.622 1365.278 1358.964 1354.592 1350.22 1345.849 1341.477 1349.39 1358.065 1366.74 1375.416 1383.776
1401.678 1402.081 1402.483 1403.049 1403.663 1404.277 1404.891 1405.272 1404.742 1404.212 1403.683 1403.153 1402.466 1401.689 1400.912 1400.135 1399.36 1398.631 1397.902 1397.173 1396.444 1395.009 1392.859 1390.709 1388.559 1386.409 1385.551 1384.795 1384.039 1383.282 1383.938 1387.131 1390.323 1393.516 1396.708 1398.535 1399.995 1401.455 1402.915 1404.104 1404.324 1404.544 1404.765 1404.985 1403.934 1402.198 1400.461 1398.724 1396.337 1386.502 1376.667 1366.832 1356.997 1350.104 1346.026 1341.948 1337.87 1333.793 1343.59 1354.248 1364.905 1375.563 1385.373
1401.755 1402.094 1402.433 1402.906 1403.418 1403.93 1404.443 1404.757 1404.303 1403.849 1403.394 1402.94 1402.334 1401.641 1400.949 1400.256 1399.563 1398.864 1398.165 1397.466 1396.766 1395.255 1392.919 1390.584 1388.249 1385.913 1384.559 1383.281 1382.004 1380.727 1380.941 1383.834 1386.726 1389.619 1392.512 1394.691 1396.679 1398.666 1400.654 1402.287 1402.657 1403.027 1403.397 1403.766 1402.18 1399.538 1396.896 1394.254 1391.005 1380.797 1370.588 1360.38 1350.171 1343.85 1341.249 1338.648 1336.047 1333.446 1344.153 1355.686 1367.219 1378.751 1389.132
1401.826 1402.111 1402.396 1402.778 1403.189 1403.6 1404.011 1404.262 1403.893 1403.524 1403.155 1402.786 1402.27 1401.668 1401.066 1400.465 1399.859 1399.191 1398.524 1397.857 1397.19 1395.604 1393.087 1390.57 1388.053 1385.536 1383.653 1381.82 1379.987 1378.154 1377.891 1380.447 1383.003 1385.559 1388.115 1390.665 1393.214 1395.762 1398.311 1400.418 1400.948 1401.478 1402.008 1402.538 1400.393 1396.806 1393.218 1389.631 1385.487 1374.974 1364.461 1353.948 1343.435 1337.757 1336.705 1335.654 1334.602 1333.551 1345.109 1357.448 1369.787 1382.127 1393.024
1401.896 1402.128 1402.359 1402.651 1402.96 1403.27 1403.579 1403.767 1403.483 1403.2 1402.917 1402.633 1402.205 1401.694 1401.184 1400.673 1400.154 1399.518 1398.883 1398.248 1397.613 1395.953 1393.255 1390.556 1387.857 1385.158 1382.747 1380.358 1377.97 1375.581 1374.84 1377.06 1379.279 1381.499 1383.718 1386.639 1389.749 1392.859 1395.968 1398.548 1399.239 1399.929 1400.62 1401.31 1398.607 1394.074 1389.54 1385.007 1379.969 1369.152 1358.334 1347.517 1336.699 1331.663 1332.161 1332.66 1333.158 1333.656 1346.064 1359.21 1372.356 1385.502 1396.916
1401.966 1402.144 1402.323 1402.524 1402.731 1402.939 1403.147 1403.272 1403.074 1402.876 1402.678 1402.48 1402.141 1401.721 1401.301 1400.881 1400.449 1399.846 1399.243 1398.639 1398.036 1396.303 1393.422 1390.542 1387.661 1384.781 1381.841 1378.897 1375.953 1373.008 1371.79 1373.673 1375.556 1377.438 1379.321 1382.614 1386.284 1389.955 1393.626 1396.679 1397.53 1398.38 1399.231 1400.082 1396.821 1391.341 1385.862 1380.383 1374.451 1363.329 1352.207 1341.085 1329.963 1325.57 1327.618 1329.665 1331.713 1333.761 1347.019 1360.972 1374.925 1388.878 1400.808
1401.937 1402.076 1402.216 1402.35 1402.484 1402.617 1402.751 1402.829 1402.691 1402.553 1402.416 1402.278 1402.006 1401.656 1401.306 1400.956 1400.593 1400.056 1399.518 1398.98 1398.443 1396.784 1393.987 1391.191 1388.394 1385.598 1382.215 1378.786 1375.357 1371.928 1369.976 1370.677 1371.379 1372.08 1372.781 1376.098 1380.116 1384.135 1388.153 1391.502 1392.463 1393.424 1394.385 1395.346 1391.623 1385.374 1379.124 1372.875 1366.289 1355.841 1345.393 1334.945 1324.496 1321.277 1324.977 1328.677 1332.376 1336.076 1349.728 1363.996 1378.265 1392.533 1404.57
1401.752 1401.876 1402.0 1402.106 1402.207 1402.308 1402.41 1402.467 1402.35 1402.234 1402.118 1402.002 1401.761 1401.448 1401.136 1400.823 1400.503 1400.083 1399.663 1399.243 1398.823 1397.47 1395.17 1392.871 1390.571 1388.272 1384.578 1380.775 1376.972 1373.169 1370.085 1368.291 1366.496 1364.702 1362.908 1365.709 1369.744 1373.778 1377.813 1381.181 1382.174 1383.167 1384.16 1385.153 1381.118 1374.372 1367.626 1360.88 1354.012 1345.761 1337.509 1329.257 1321.005 1319.786 1325.297 1330.808 1336.319 1341.83 1355.165 1368.985 1382.804 1396.624 1408.131
1401.568 1401.676 1401.783 1401.861 1401.931 1402.0 1402.069 1402.105 1402.01 1401.915 1401.82 1401.726 1401.516 1401.241 1400.966 1400.69 1400.413 1400.111 1399.808 1399.506 1399.203 1398.156 1396.354 1394.551 1392.748 1390.946 1386.942 1382.765 1378.588 1374.411 1370.193 1365.904 1361.614 1357.325 1353.035 1355.32 1359.371 1363.422 1367.472 1370.86 1371.885 1372.91 1373.935 1374.96 1370.614 1363.371 1356.127 1348.884 1341.736 1335.681 1329.625 1323.57 1317.514 1318.294 1325.617 1332.939 1340.262 1347.584 1360.602 1373.973 1387.344 1400.715 1411.691
