data/zism_data/00706_02_D.txt
ncols         224
nrows         224
[rows 145 to 173 of 224, columns 132 to 197 of 224]
1198.141 1198.123 1198.105 1198.284 1198.482 1198.679 1198.877 1199.055 1199.202 1199.349 1199.496 1199.643 1199.588 1199.495 1199.401 1199.308 1199.227 1199.173 1199.12 1199.066 1199.012 1199.113 1199.26 1199.407 1199.554 1199.684 1199.757 1199.831 1199.904 1199.978 1200.0 1200.0 1200.0 1200.0 1199.994 1199.959 1199.923 1199.887 1199.851 1199.649 1199.346 1199.043 1198.74 1198.417 1197.88 1197.343 1196.806 1196.269 1195.568 1194.735 1193.902 1193.069 1192.223 1190.494 1188.765 1187.036 1185.307 1183.186 1180.635 1178.085 1175.535 1172.985 1171.117 1169.292 1167.467 1165.641
1197.656 1197.649 1197.641 1197.914 1198.214 1198.514 1198.813 1199.055 1199.202 1199.349 1199.496 1199.643 1199.561 1199.436 1199.31 1199.184 1199.091 1199.069 1199.048 1199.026 1199.005 1199.113 1199.26 1199.407 1199.554 1199.684 1199.757 1199.831 1199.904 1199.978 1200.0 1200.0 1200.0 1200.0 1199.998 1199.984 1199.969 1199.955 1199.941 1199.75 1199.452 1199.155 1198.857 1198.548 1198.113 1197.678 1197.242 1196.807 1196.185 1195.411 1194.637 1193.863 1193.072 1191.101 1189.131 1187.16 1185.19 1182.598 1179.328 1176.059 1172.789 1169.519 1167.104 1164.742 1162.38 1160.018
1197.016 1197.027 1197.038 1197.409 1197.814 1198.219 1198.625 1198.938 1199.097 1199.257 1199.416 1199.576 1199.487 1199.351 1199.214 1199.078 1198.981 1198.974 1198.967 1198.96 1198.953 1199.067 1199.217 1199.368 1199.518 1199.653 1199.733 1199.814 1199.895 1199.975 1200.0 1200.0 1200.0 1200.0 1200.0 1200.0 1200.0 1200.0 1200.0 1199.827 1199.549 1199.271 1198.994 1198.71 1198.359 1198.007 1197.656 1197.305 1196.773 1196.094 1195.415 1194.737 1194.037 1191.951 1189.865 1187.779 1185.693 1182.775 1178.948 1175.121 1171.294 1167.467 1164.372 1161.321 1158.271 1155.22
1196.072 1196.115 1196.158 1196.635 1197.153 1197.671 1198.189 1198.586 1198.783 1198.981 1199.178 1199.375 1199.319 1199.215 1199.111 1199.007 1198.926 1198.897 1198.869 1198.84 1198.811 1198.929 1199.09 1199.251 1199.413 1199.56 1199.662 1199.765 1199.867 1199.969 1200.0 1200.0 1200.0 1200.0 1200.0 1200.0 1200.0 1200.0 1200.0 1199.857 1199.628 1199.398 1199.169 1198.933 1198.63 1198.327 1198.025 1197.722 1197.303 1196.791 1196.278 1195.766 1195.233 1193.281 1191.329 1189.377 1187.426 1184.464 1180.401 1176.338 1172.275 1168.212 1164.172 1160.133 1156.095 1152.056
1195.128 1195.203 1195.279 1195.861 1196.492 1197.123 1197.754 1198.235 1198.47 1198.705 1198.939 1199.174 1199.151 1199.079 1199.008 1198.936 1198.871 1198.821 1198.771 1198.72 1198.67 1198.791 1198.963 1199.135 1199.307 1199.468 1199.591 1199.715 1199.839 1199.962 1200.0 1200.0 1200.0 1200.0 1200.0 1200.0 1200.0 1200.0 1200.0 1199.887 1199.706 1199.525 1199.344 1199.156 1198.902 1198.647 1198.393 1198.138 1197.833 1197.487 1197.141 1196.795 1196.428 1194.61 1192.793 1190.975 1189.158 1186.153 1181.854 1177.555 1173.255 1168.956 1163.972 1158.945 1153.919 1148.892
1194.184 1194.292 1194.399 1195.087 1195.831 1196.574 1197.318 1197.884 1198.156 1198.429 1198.701 1198.973 1198.983 1198.944 1198.904 1198.865 1198.816 1198.744 1198.672 1198.601 1198.529 1198.653 1198.836 1199.018 1199.201 1199.375 1199.52 1199.666 1199.811 1199.956 1200.0 1200.0 1200.0 1200.0 1200.0 1200.0 1200.0 1200.0 1200.0 1199.917 1199.785 1199.652 1199.519 1199.38 1199.174 1198.968 1198.761 1198.555 1198.364 1198.184 1198.004 1197.825 1197.623 1195.94 1194.257 1192.573 1190.89 1187.843 1183.307 1178.772 1174.236 1169.7 1163.772 1157.757 1151.743 1145.729
1193.24 1193.38 1193.52 1194.313 1195.17 1196.026 1196.882 1197.533 1197.843 1198.153 1198.463 1198.772 1198.816 1198.808 1198.801 1198.794 1198.76 1198.667 1198.574 1198.481 1198.388 1198.515 1198.708 1198.902 1199.096 1199.283 1199.449 1199.616 1199.783 1199.949 1200.0 1200.0 1200.0 1200.0 1200.0 1200.0 1200.0 1200.0 1200.0 1199.947 1199.863 1199.779 1199.694 1199.603 1199.445 1199.287 1199.13 1198.972 1198.894 1198.88 1198.867 1198.854 1198.819 1197.27 1195.721 1194.172 1192.623 1189.532 1184.76 1179.988 1175.217 1170.445 1163.572 1156.569 1149.567 1142.565
1192.364 1192.648 1192.932 1193.837 1194.802 1195.767 1196.732 1197.459 1197.795 1198.13 1198.465 1198.8 1198.836 1198.815 1198.794 1198.773 1198.715 1198.571 1198.428 1198.284 1198.141 1198.277 1198.498 1198.719 1198.939 1199.153 1199.341 1199.529 1199.717 1199.905 1199.968 1199.976 1199.985 1199.993 1200.0 1200.0 1200.0 1200.0 1200.0 1199.962 1199.901 1199.84 1199.779 1199.713 1199.591 1199.469 1199.346 1199.224 1199.181 1199.201 1199.221 1199.242 1199.24 1197.717 1196.194 1194.671 1193.149 1190.056 1185.252 1180.447 1175.643 1170.838 1163.89 1156.809 1149.729 1142.648
1191.507 1191.968 1192.429 1193.448 1194.521 1195.593 1196.665 1197.468 1197.824 1198.181 1198.537 1198.894 1198.911 1198.863 1198.815 1198.768 1198.673 1198.47 1198.267 1198.065 1197.862 1198.009 1198.262 1198.516 1198.769 1199.012 1199.221 1199.431 1199.64 1199.85 1199.927 1199.946 1199.965 1199.984 1200.0 1200.0 1200.0 1200.0 1200.0 1199.972 1199.927 1199.882 1199.837 1199.788 1199.699 1199.609 1199.519 1199.429 1199.397 1199.412 1199.427 1199.442 1199.435 1197.906 1196.378 1194.85 1193.322 1190.24 1185.462 1180.684 1175.906 1171.129 1164.359 1157.466 1150.574 1143.681
1190.65 1191.288 1191.927 1193.059 1194.239 1195.418 1196.598 1197.476 1197.854 1198.232 1198.61 1198.988 1198.985 1198.911 1198.836 1198.762 1198.63 1198.369 1198.107 1197.845 1197.583 1197.742 1198.027 1198.312 1198.598 1198.87 1199.101 1199.333 1199.564 1199.795 1199.886 1199.915 1199.945 1199.975 1200.0 1200.0 1200.0 1200.0 1200.0 1199.982 1199.953 1199.924 1199.896 1199.864 1199.807 1199.749 1199.692 1199.634 1199.613 1199.623 1199.632 1199.642 1199.629 1198.096 1196.562 1195.029 1193.495 1190.423 1185.672 1180.921 1176.17 1171.419 1164.828 1158.124 1151.419 1144.714
1189.793 1190.609 1191.424 1192.67 1193.957 1195.244 1196.531 1197.484 1197.883 1198.283 1198.682 1199.082 1199.06 1198.959 1198.858 1198.756 1198.588 1198.267 1197.947 1197.626 1197.305 1197.474 1197.792 1198.109 1198.427 1198.729 1198.982 1199.234 1199.487 1199.739 1199.844 1199.885 1199.925 1199.966 1200.0 1200.0 1200.0 1200.0 1200.0 1199.992 1199.979 1199.967 1199.954 1199.94 1199.915 1199.889 1199.864 1199.839 1199.83 1199.834 1199.838 1199.842 1199.824 1198.285 1196.746 1195.207 1193.668 1190.606 1185.882 1181.158 1176.434 1171.71 1165.297 1158.781 1152.264 1145.747
1189.101 1190.121 1191.141 1192.474 1193.836 1195.199 1196.561 1197.558 1197.948 1198.338 1198.728 1199.119 1199.068 1198.935 1198.801 1198.667 1198.462 1198.095 1197.727 1197.36 1196.992 1197.179 1197.534 1197.888 1198.242 1198.578 1198.852 1199.126 1199.4 1199.674 1199.794 1199.848 1199.901 1199.955 1200.0 1200.0 1200.0 1200.0 1200.0 1200.0 1200.0 1200.0 1200.0 1200.0 1200.0 1200.0 1200.0 1200.0 1200.0 1200.0 1200.0 1200.0 1199.978 1198.448 1196.919 1195.389 1193.86 1190.847 1186.215 1181.584 1176.953 1172.322 1166.284 1160.16 1154.036 1147.912
1189.022 1190.349 1191.675 1192.995 1194.314 1195.634 1196.954 1197.876 1198.143 1198.41 1198.677 1198.944 1198.828 1198.641 1198.453 1198.266 1198.024 1197.656 1197.289 1196.921 1196.554 1196.782 1197.19 1197.598 1198.006 1198.388 1198.683 1198.979 1199.274 1199.57 1199.712 1199.787 1199.862 1199.937 1200.0 1200.0 1200.0 1200.0 1200.0 1200.0 1200.0 1200.0 1200.0 1200.0 1200.0 1200.0 1200.0 1200.0 1200.0 1200.0 1200.0 1200.0 1199.979 1198.514 1197.049 1195.583 1194.118 1191.301 1187.008 1182.715 1178.422 1174.129 1169.198 1164.229 1159.259 1154.289
1188.944 1190.576 1192.208 1193.516 1194.792 1196.069 1197.346 1198.195 1198.339 1198.482 1198.625 1198.768 1198.589 1198.347 1198.106 1197.865 1197.585 1197.218 1196.85 1196.483 1196.116 1196.385 1196.847 1197.308 1197.77 1198.198 1198.515 1198.832 1199.149 1199.466 1199.63 1199.726 1199.822 1199.919 1200.0 1200.0 1200.0 1200.0 1200.0 1200.0 1200.0 1200.0 1200.0 1200.0 1200.0 1200.0 1200.0 1200.0 1200.0 1200.0 1200.0 1200.0 1199.98 1198.579 1197.178 1195.778 1194.377 1191.755 1187.8 1183.845 1179.891 1175.936 1172.113 1168.297 1164.482 1160.666
1188.865 1190.804 1192.742 1194.037 1195.27 1196.504 1197.738 1198.514 1198.534 1198.554 1198.573 1198.593 1198.349 1198.054 1197.759 1197.464 1197.147 1196.779 1196.412 1196.045 1195.677 1195.988 1196.503 1197.019 1197.534 1198.008 1198.347 1198.685 1199.024 1199.362 1199.547 1199.665 1199.783 1199.901 1200.0 1200.0 1200.0 1200.0 1200.0 1200.0 1200.0 1200.0 1200.0 1200.0 1200.0 1200.0 1200.0 1200.0 1200.0 1200.0 1200.0 1200.0 1199.981 1198.644 1197.308 1195.972 1194.636 1192.209 1188.592 1184.976 1181.359 1177.743 1175.027 1172.365 1169.704 1167.043
1188.787 1191.031 1193.275 1194.558 1195.748 1196.939 1198.13 1198.833 1198.729 1198.625 1198.522 1198.418 1198.109 1197.76 1197.411 1197.063 1196.708 1196.341 1195.974 1195.606 1195.239 1195.591 1196.16 1196.729 1197.298 1197.818 1198.178 1198.538 1198.898 1199.258 1199.464 1199.604 1199.743 1199.883 1200.0 1200.0 1200.0 1200.0 1200.0 1200.0 1200.0 1200.0 1200.0 1200.0 1200.0 1200.0 1200.0 1200.0 1200.0 1200.0 1200.0 1200.0 1199.982 1198.71 1197.438 1196.166 1194.894 1192.663 1189.385 1186.107 1182.828 1179.55 1177.941 1176.434 1174.927 1173.421
1188.896 1191.258 1193.62 1194.828 1195.927 1197.026 1198.125 1198.702 1198.416 1198.129 1197.843 1197.556 1197.175 1196.776 1196.378 1195.979 1195.638 1195.432 1195.225 1195.018 1194.811 1195.276 1195.944 1196.612 1197.28 1197.875 1198.229 1198.582 1198.936 1199.289 1199.489 1199.622 1199.755 1199.888 1199.997 1199.976 1199.955 1199.934 1199.913 1199.909 1199.916 1199.923 1199.93 1199.938 1199.952 1199.966 1199.98 1199.994 1200.0 1200.0 1200.0 1200.0 1199.984 1198.846 1197.708 1196.571 1195.433 1193.505 1190.715 1187.925 1185.135 1182.345 1181.352 1180.47 1179.587 1178.705
1189.106 1191.484 1193.862 1194.964 1195.945 1196.926 1197.907 1198.329 1197.828 1197.327 1196.825 1196.324 1195.868 1195.421 1194.974 1194.527 1194.228 1194.268 1194.308 1194.348 1194.388 1195.005 1195.797 1196.589 1197.38 1198.065 1198.397 1198.729 1199.061 1199.393 1199.572 1199.683 1199.795 1199.906 1199.992 1199.938 1199.885 1199.832 1199.779 1199.77 1199.788 1199.805 1199.823 1199.842 1199.878 1199.913 1199.949 1199.984 1200.0 1200.0 1200.0 1200.0 1199.986 1199.02 1198.054 1197.089 1196.123 1194.557 1192.336 1190.115 1187.894 1185.673 1185.032 1184.488 1183.943 1183.399
1189.316 1191.71 1194.104 1195.1 1195.963 1196.825 1197.688 1197.956 1197.24 1196.524 1195.808 1195.092 1194.561 1194.066 1193.57 1193.075 1192.817 1193.104 1193.391 1193.678 1193.965 1194.735 1195.65 1196.565 1197.48 1198.255 1198.565 1198.876 1199.187 1199.497 1199.654 1199.744 1199.834 1199.924 1199.986 1199.901 1199.816 1199.73 1199.645 1199.63 1199.659 1199.687 1199.716 1199.747 1199.804 1199.861 1199.917 1199.974 1200.0 1200.0 1200.0 1200.0 1199.989 1199.195 1198.401 1197.607 1196.813 1195.608 1193.957 1192.305 1190.653 1189.001 1188.712 1188.506 1188.3 1188.094
1189.526 1191.936 1194.346 1195.235 1195.98 1196.725 1197.469 1197.583 1196.652 1195.721 1194.79 1193.859 1193.254 1192.71 1192.166 1191.623 1191.407 1191.941 1192.475 1193.009 1193.543 1194.464 1195.503 1196.542 1197.58 1198.445 1198.734 1199.023 1199.312 1199.601 1199.737 1199.805 1199.874 1199.942 1199.981 1199.864 1199.746 1199.629 1199.511 1199.491 1199.53 1199.569 1199.609 1199.651 1199.73 1199.808 1199.886 1199.965 1200.0 1200.0 1200.0 1200.0 1199.991 1199.369 1198.747 1198.125 1197.502 1196.66 1195.577 1194.495 1193.412 1192.33 1192.391 1192.524 1192.656 1192.788
1189.845 1192.247 1194.648 1195.425 1196.047 1196.669 1197.292 1197.249 1196.107 1194.964 1193.822 1192.68 1191.986 1191.376 1190.767 1190.157 1189.97 1190.748 1191.526 1192.304 1193.082 1194.159 1195.327 1196.494 1197.661 1198.62 1198.89 1199.159 1199.428 1199.698 1199.808 1199.848 1199.888 1199.928 1199.938 1199.788 1199.638 1199.488 1199.339 1199.318 1199.377 1199.435 1199.494 1199.556 1199.656 1199.755 1199.855 1199.955 1200.0 1200.0 1200.0 1200.0 1199.993 1199.537 1199.08 1198.624 1198.168 1197.665 1197.113 1196.56 1196.008 1195.455 1195.83 1196.263 1196.695 1197.128
1191.307 1193.439 1195.572 1196.174 1196.63 1197.086 1197.542 1197.328 1196.009 1194.69 1193.37 1192.051 1191.12 1190.264 1189.407 1188.551 1188.257 1189.25 1190.243 1191.236 1192.229 1193.496 1194.846 1196.195 1197.545 1198.645 1198.914 1199.183 1199.453 1199.722 1199.761 1199.699 1199.637 1199.575 1199.494 1199.312 1199.13 1198.948 1198.766 1198.801 1198.967 1199.132 1199.298 1199.46 1199.581 1199.703 1199.824 1199.945 1200.0 1200.0 1200.0 1200.0 1199.995 1199.64 1199.286 1198.932 1198.577 1198.187 1197.758 1197.329 1196.9 1196.471 1196.762 1197.098 1197.434 1197.77
1192.768 1194.632 1196.497 1196.923 1197.213 1197.502 1197.791 1197.408 1195.911 1194.415 1192.918 1191.421 1190.255 1189.152 1188.048 1186.945 1186.545 1187.752 1188.96 1190.168 1191.375 1192.832 1194.365 1195.897 1197.429 1198.669 1198.938 1199.208 1199.477 1199.747 1199.715 1199.551 1199.387 1199.223 1199.051 1198.836 1198.622 1198.408 1198.194 1198.283 1198.556 1198.83 1199.103 1199.365 1199.507 1199.65 1199.793 1199.936 1200.0 1200.0 1200.0 1200.0 1199.996 1199.744 1199.491 1199.239 1198.987 1198.709 1198.403 1198.098 1197.792 1197.487 1197.694 1197.933 1198.172 1198.412
1194.229 1195.825 1197.421 1197.672 1197.795 1197.918 1198.041 1197.487 1195.813 1194.14 1192.466 1190.792 1189.39 1188.04 1186.689 1185.339 1184.832 1186.255 1187.677 1189.099 1190.522 1192.169 1193.884 1195.599 1197.313 1198.693 1198.963 1199.232 1199.502 1199.771 1199.668 1199.402 1199.136 1198.87 1198.607 1198.361 1198.114 1197.868 1197.621 1197.766 1198.146 1198.527 1198.907 1199.269 1199.433 1199.598 1199.762 1199.926 1200.0 1200.0 1200.0 1200.0 1199.998 1199.847 1199.697 1199.547 1199.396 1199.231 1199.049 1198.866 1198.684 1198.502 1198.626 1198.769 1198.911 1199.053
1195.691 1197.018 1198.346 1198.422 1198.378 1198.335 1198.291 1197.566 1195.716 1193.865 1192.014 1190.163 1188.525 1186.927 1185.33 1183.733 1183.12 1184.757 1186.394 1188.031 1189.668 1191.505 1193.403 1195.3 1197.198 1198.718 1198.987 1199.256 1199.526 1199.795 1199.621 1199.253 1198.885 1198.517 1198.164 1197.885 1197.606 1197.328 1197.049 1197.248 1197.736 1198.224 1198.712 1199.173 1199.359 1199.545 1199.731 1199.917 1200.0 1200.0 1200.0 1200.0 1199.999 1199.951 1199.902 1199.854 1199.806 1199.752 1199.694 1199.635 1199.577 1199.518 1199.558 1199.604 1199.65 1199.695
1196.783 1197.853 1198.924 1198.918 1198.81 1198.701 1198.593 1197.784 1195.818 1193.852 1191.886 1189.92 1187.955 1185.989 1184.023 1182.057 1181.163 1182.719 1184.275 1185.83 1187.386 1189.479 1191.734 1193.989 1196.243 1198.06 1198.426 1198.791 1199.156 1199.522 1199.224 1198.635 1198.047 1197.458 1196.915 1196.613 1196.31 1196.008 1195.706 1196.021 1196.709 1197.397 1198.086 1198.739 1199.022 1199.306 1199.589 1199.873 1200.0 1200.0 1200.0 1200.0 1200.0 1200.0 1200.0 1200.0 1200.0 1200.0 1200.0 1200.0 1200.0 1200.0 1199.984 1199.967 1199.95 1199.933
1197.542 1198.365 1199.189 1199.186 1199.104 1199.023 1198.941 1198.128 1196.102 1194.077 1192.052 1190.027 1187.65 1185.207 1182.763 1180.319 1178.987 1180.194 1181.4 1182.607 1183.814 1186.221 1188.992 1191.762 1194.532 1196.787 1197.335 1197.883 1198.431 1198.979 1198.509 1197.593 1196.677 1195.76 1194.94 1194.621 1194.303 1193.984 1193.666 1194.152 1195.125 1196.098 1197.071 1197.998 1198.448 1198.898 1199.348 1199.798 1200.0 1200.0 1200.0 1200.0 1200.0 1200.0 1200.0 1200.0 1200.0 1200.0 1200.0 1200.0 1200.0 1200.0 1199.954 1199.905 1199.855 1199.806
1198.301 1198.877 1199.454 1199.454 1199.399 1199.345 1199.29 1198.471 1196.386 1194.302 1192.218 1190.134 1187.346 1184.425 1181.503 1178.582 1176.81 1177.668 1178.526 1179.384 1180.241 1182.964 1186.25 1189.535 1192.821 1195.514 1196.245 1196.975 1197.706 1198.436 1197.794 1196.55 1195.307 1194.063 1192.964 1192.63 1192.295 1191.96 1191.626 1192.283 1193.541 1194.799 1196.056 1197.258 1197.874 1198.49 1199.107 1199.723 1200.0 1200.0 1200.0 1200.0 1200.0 1200.0 1200.0 1200.0 1200.0 1200.0 1200.0 1200.0 1200.0 1200.0 1199.923 1199.842 1199.761 1199.679
1199.06 1199.389 1199.719 1199.722 1199.694 1199.667 1199.639 1198.814 1196.671 1194.527 1192.384 1190.241 1187.042 1183.642 1180.243 1176.844 1174.634 1175.143 1175.651 1176.16 1176.669 1179.706 1183.508 1187.309 1191.11 1194.241 1195.155 1196.068 1196.981 1197.894 1197.079 1195.508 1193.937 1192.365 1190.989 1190.638 1190.287 1189.937 1189.586 1190.415 1191.957 1193.499 1195.041 1196.517 1197.3 1198.083 1198.866 1199.648 1200.0 1200.0 1200.0 1200.0 1200.0 1200.0 1200.0 1200.0 1200.0 1200.0 1200.0 1200.0 1200.0 1200.0 1199.893 1199.779 1199.666 1199.552
