data/zism_data/00703_04_D.txt
ncols         224
nrows         224
[rows 112 to 139 of 224, columns 126 to 188 of 224]
1263.23 1267.593 1271.957 1276.32 1280.617 1284.834 1289.05 1293.267 1297.483 1300.168 1302.707 1305.246 1307.785 1310.082 1311.977 1313.872 1315.768 1317.663 1319.857 1322.107 1324.357 1326.607 1328.792 1330.829 1332.867 1334.904 1336.941 1339.025 1341.123 1343.221 1345.319 1347.224 1348.491 1349.758 1351.025 1352.292 1353.309 1354.216 1355.123 1356.03 1356.959 1358.0 1359.042 1360.083 1361.125 1362.182 1363.248 1364.315 1365.382 1366.442 1367.435 1368.429 1369.422 1370.415 1371.368 1372.288 1373.208 1374.127 1375.059 1376.797 1378.535 1380.274 1382.012
1266.095 1270.475 1274.854 1279.234 1283.407 1287.328 1291.25 1295.171 1299.092 1301.643 1304.064 1306.485 1308.906 1311.072 1312.817 1314.562 1316.307 1318.052 1320.208 1322.443 1324.677 1326.911 1329.103 1331.199 1333.295 1335.391 1337.488 1339.614 1341.75 1343.885 1346.021 1347.948 1349.182 1350.417 1351.652 1352.887 1353.923 1354.873 1355.823 1356.774 1357.742 1358.804 1359.867 1360.93 1361.993 1363.099 1364.23 1365.361 1366.492 1367.617 1368.674 1369.732 1370.79 1371.848 1372.865 1373.849 1374.833 1375.817 1376.812 1378.507 1380.203 1381.898 1383.593
1268.961 1273.356 1277.752 1282.147 1286.197 1289.823 1293.449 1297.075 1300.701 1303.119 1305.421 1307.724 1310.027 1312.063 1313.658 1315.252 1316.847 1318.442 1320.56 1322.778 1324.996 1327.214 1329.413 1331.568 1333.724 1335.879 1338.034 1340.203 1342.376 1344.55 1346.723 1348.671 1349.873 1351.076 1352.278 1353.481 1354.538 1355.531 1356.524 1357.517 1358.524 1359.609 1360.693 1361.777 1362.862 1364.016 1365.211 1366.407 1367.602 1368.792 1369.914 1371.036 1372.158 1373.28 1374.362 1375.41 1376.459 1377.507 1378.565 1380.217 1381.87 1383.522 1385.174
1271.986 1276.374 1280.761 1285.148 1289.069 1292.419 1295.768 1299.118 1302.467 1304.755 1306.941 1309.128 1311.314 1313.219 1314.659 1316.099 1317.539 1318.979 1321.042 1323.223 1325.404 1327.585 1329.77 1331.962 1334.155 1336.348 1338.541 1340.734 1342.928 1345.121 1347.315 1349.271 1350.442 1351.612 1352.782 1353.953 1355.013 1356.026 1357.038 1358.051 1359.076 1360.167 1361.259 1362.35 1363.442 1364.643 1365.911 1367.179 1368.447 1369.71 1370.917 1372.123 1373.329 1374.536 1375.705 1376.844 1377.984 1379.123 1380.269 1381.931 1383.593 1385.254 1386.916
1275.805 1280.063 1284.322 1288.58 1292.348 1295.515 1298.682 1301.849 1305.016 1307.19 1309.269 1311.348 1313.427 1315.198 1316.461 1317.724 1318.987 1320.249 1322.167 1324.208 1326.25 1328.291 1330.357 1332.48 1334.603 1336.726 1338.849 1340.977 1343.106 1345.235 1347.365 1349.264 1350.402 1351.54 1352.678 1353.816 1354.8 1355.716 1356.632 1357.547 1358.481 1359.508 1360.535 1361.562 1362.589 1363.837 1365.217 1366.598 1367.979 1369.361 1370.75 1372.139 1373.528 1374.916 1376.289 1377.648 1379.008 1380.367 1381.735 1383.665 1385.595 1387.525 1389.455
1279.623 1283.753 1287.882 1292.012 1295.627 1298.612 1301.596 1304.58 1307.565 1309.625 1311.596 1313.568 1315.54 1317.177 1318.263 1319.349 1320.434 1321.52 1323.291 1325.193 1327.095 1328.997 1330.945 1332.998 1335.051 1337.104 1339.157 1341.22 1343.284 1345.349 1347.414 1349.256 1350.362 1351.468 1352.574 1353.68 1354.586 1355.406 1356.225 1357.044 1357.886 1358.849 1359.811 1360.774 1361.737 1363.03 1364.524 1366.017 1367.511 1369.011 1370.583 1372.154 1373.726 1375.297 1376.873 1378.453 1380.032 1381.611 1383.2 1385.398 1387.597 1389.795 1391.994
1283.442 1287.443 1291.443 1295.444 1298.906 1301.708 1304.51 1307.312 1310.114 1312.059 1313.924 1315.788 1317.652 1319.157 1320.065 1320.973 1321.882 1322.79 1324.416 1326.178 1327.941 1329.703 1331.532 1333.516 1335.499 1337.483 1339.466 1341.462 1343.463 1345.463 1347.464 1349.249 1350.323 1351.396 1352.47 1353.544 1354.373 1355.096 1355.818 1356.541 1357.292 1358.19 1359.088 1359.986 1360.884 1362.224 1363.83 1365.436 1367.043 1368.662 1370.416 1372.17 1373.924 1375.678 1377.457 1379.257 1381.056 1382.856 1384.665 1387.132 1389.599 1392.066 1394.533
1287.26 1291.132 1295.004 1298.876 1302.185 1304.804 1307.424 1310.043 1312.662 1314.494 1316.251 1318.008 1319.765 1321.136 1321.867 1322.598 1323.329 1324.06 1325.541 1327.164 1328.786 1330.409 1332.12 1334.034 1335.947 1337.861 1339.774 1341.705 1343.641 1345.577 1347.513 1349.241 1350.283 1351.324 1352.366 1353.407 1354.16 1354.786 1355.412 1356.038 1356.697 1357.531 1358.364 1359.198 1360.032 1361.417 1363.136 1364.855 1366.574 1368.312 1370.249 1372.186 1374.122 1376.059 1378.041 1380.061 1382.08 1384.1 1386.13 1388.866 1391.601 1394.336 1397.072
1290.319 1294.114 1297.909 1301.704 1304.915 1307.41 1309.906 1312.401 1314.896 1316.649 1318.331 1320.013 1321.695 1323.003 1323.69 1324.377 1325.065 1325.752 1327.119 1328.615 1330.111 1331.608 1333.21 1335.057 1336.904 1338.751 1340.599 1342.429 1344.255 1346.081 1347.907 1349.524 1350.449 1351.374 1352.298 1353.223 1353.866 1354.385 1354.905 1355.425 1355.982 1356.738 1357.494 1358.251 1359.007 1360.399 1362.176 1363.952 1365.729 1367.533 1369.626 1371.719 1373.812 1375.905 1378.086 1380.339 1382.592 1384.845 1387.111 1390.297 1393.483 1396.669 1399.855
1292.883 1296.635 1300.387 1304.139 1307.288 1309.697 1312.107 1314.516 1316.925 1318.622 1320.25 1321.879 1323.507 1324.797 1325.527 1326.258 1326.988 1327.718 1328.993 1330.371 1331.749 1333.127 1334.628 1336.41 1338.193 1339.976 1341.758 1343.467 1345.153 1346.84 1348.526 1349.996 1350.749 1351.502 1352.255 1353.007 1353.52 1353.926 1354.333 1354.74 1355.189 1355.859 1356.529 1357.2 1357.87 1359.243 1361.041 1362.839 1364.637 1366.473 1368.706 1370.939 1373.171 1375.404 1377.781 1380.275 1382.77 1385.264 1387.777 1391.532 1395.287 1399.043 1402.798
1295.447 1299.156 1302.865 1306.574 1309.661 1311.984 1314.308 1316.631 1318.955 1320.594 1322.169 1323.744 1325.318 1326.591 1327.365 1328.138 1328.911 1329.684 1330.866 1332.126 1333.386 1334.646 1336.045 1337.763 1339.482 1341.2 1342.918 1344.504 1346.051 1347.598 1349.145 1350.468 1351.049 1351.63 1352.211 1352.792 1353.173 1353.467 1353.761 1354.055 1354.396 1354.98 1355.564 1356.149 1356.733 1358.088 1359.907 1361.727 1363.546 1365.414 1367.786 1370.158 1372.531 1374.903 1377.475 1380.212 1382.948 1385.684 1388.443 1392.767 1397.092 1401.416 1405.74
1298.01 1301.677 1305.343 1309.009 1312.033 1314.271 1316.508 1318.746 1320.984 1322.567 1324.088 1325.609 1327.13 1328.385 1329.202 1330.018 1330.834 1331.65 1332.74 1333.882 1335.023 1336.165 1337.463 1339.116 1340.77 1342.424 1344.078 1345.542 1346.949 1348.356 1349.763 1350.939 1351.348 1351.758 1352.167 1352.576 1352.827 1353.008 1353.189 1353.371 1353.602 1354.101 1354.599 1355.098 1355.597 1356.932 1358.773 1360.614 1362.455 1364.354 1366.866 1369.378 1371.89 1374.402 1377.17 1380.148 1383.126 1386.103 1389.109 1394.002 1398.896 1403.789 1408.683
1300.568 1304.189 1307.811 1311.432 1314.395 1316.552 1318.709 1320.865 1323.022 1324.55 1326.018 1327.487 1328.955 1330.193 1331.049 1331.906 1332.763 1333.62 1334.62 1335.647 1336.675 1337.702 1338.9 1340.487 1342.075 1343.662 1345.25 1346.59 1347.855 1349.121 1350.387 1351.414 1351.651 1351.888 1352.125 1352.362 1352.483 1352.555 1352.626 1352.698 1352.823 1353.231 1353.64 1354.049 1354.458 1355.767 1357.62 1359.472 1361.325 1363.247 1365.898 1368.548 1371.198 1373.849 1376.812 1380.031 1383.25 1386.469 1389.72 1395.159 1400.598 1406.037 1411.476
1302.992 1306.527 1310.063 1313.598 1316.526 1318.71 1320.893 1323.077 1325.26 1326.761 1328.197 1329.633 1331.069 1332.283 1333.129 1333.975 1334.821 1335.667 1336.639 1337.634 1338.629 1339.624 1340.767 1342.247 1343.727 1345.207 1346.687 1347.862 1348.945 1350.028 1351.112 1351.956 1352.01 1352.065 1352.119 1352.174 1352.206 1352.229 1352.252 1352.275 1352.333 1352.57 1352.807 1353.044 1353.281 1354.401 1356.055 1357.709 1359.363 1361.114 1363.877 1366.64 1369.403 1372.166 1375.308 1378.757 1382.207 1385.657 1389.136 1394.607 1400.078 1405.55 1411.021
1305.416 1308.865 1312.315 1315.764 1318.657 1320.868 1323.078 1325.288 1327.499 1328.973 1330.376 1331.78 1333.184 1334.374 1335.209 1336.044 1336.88 1337.715 1338.657 1339.62 1340.583 1341.546 1342.634 1344.006 1345.379 1346.752 1348.125 1349.135 1350.035 1350.936 1351.836 1352.498 1352.37 1352.242 1352.114 1351.986 1351.929 1351.904 1351.879 1351.853 1351.842 1351.908 1351.973 1352.038 1352.103 1353.035 1354.49 1355.946 1357.401 1358.981 1361.856 1364.732 1367.608 1370.484 1373.803 1377.484 1381.164 1384.845 1388.552 1394.055 1399.559 1405.062 1410.566
1307.84 1311.203 1314.567 1317.931 1320.788 1323.025 1325.263 1327.5 1329.737 1331.184 1332.555 1333.927 1335.299 1336.464 1337.289 1338.113 1338.938 1339.762 1340.676 1341.607 1342.538 1343.468 1344.501 1345.766 1347.031 1348.297 1349.562 1350.407 1351.125 1351.843 1352.561 1353.041 1352.73 1352.419 1352.108 1351.798 1351.652 1351.578 1351.505 1351.431 1351.352 1351.246 1351.139 1351.033 1350.926 1351.669 1352.926 1354.183 1355.44 1356.847 1359.836 1362.824 1365.813 1368.801 1372.298 1376.21 1380.121 1384.033 1387.968 1393.503 1399.039 1404.575 1410.111
1310.264 1313.541 1316.819 1320.097 1322.919 1325.183 1327.447 1329.711 1331.975 1333.395 1334.734 1336.074 1337.413 1338.555 1339.368 1340.182 1340.996 1341.81 1342.695 1343.594 1344.492 1345.391 1346.368 1347.526 1348.684 1349.842 1350.999 1351.679 1352.215 1352.75 1353.286 1353.583 1353.089 1352.596 1352.103 1351.61 1351.375 1351.253 1351.131 1351.009 1350.862 1350.584 1350.305 1350.027 1349.749 1350.303 1351.361 1352.42 1353.478 1354.714 1357.815 1360.916 1364.018 1367.119 1370.794 1374.936 1379.078 1383.221 1387.384 1392.952 1398.52 1404.087 1409.655
1311.318 1314.667 1318.017 1321.366 1324.289 1326.689 1329.088 1331.488 1333.887 1335.349 1336.72 1338.092 1339.464 1340.629 1341.453 1342.277 1343.101 1343.925 1344.797 1345.679 1346.561 1347.443 1348.376 1349.43 1350.483 1351.536 1352.589 1353.043 1353.315 1353.588 1353.861 1353.925 1353.298 1352.672 1352.045 1351.418 1351.125 1350.979 1350.832 1350.685 1350.5 1350.117 1349.734 1349.351 1348.968 1349.358 1350.215 1351.072 1351.929 1352.981 1356.087 1359.192 1362.298 1365.403 1369.144 1373.404 1377.663 1381.922 1386.197 1391.531 1396.865 1402.198 1407.532
1310.898 1314.489 1318.081 1321.672 1324.841 1327.493 1330.145 1332.797 1335.448 1337.025 1338.499 1339.972 1341.446 1342.687 1343.543 1344.399 1345.255 1346.111 1346.989 1347.871 1348.753 1349.635 1350.537 1351.488 1352.44 1353.391 1354.342 1354.504 1354.427 1354.351 1354.275 1354.052 1353.345 1352.638 1351.931 1351.224 1350.906 1350.759 1350.612 1350.465 1350.276 1349.86 1349.445 1349.03 1348.615 1348.866 1349.519 1350.172 1350.824 1351.681 1354.674 1357.666 1360.659 1363.652 1367.339 1371.593 1375.847 1380.101 1384.363 1389.176 1393.989 1398.802 1403.615
1310.479 1314.312 1318.144 1321.977 1325.393 1328.297 1331.201 1334.105 1337.01 1338.701 1340.277 1341.853 1343.428 1344.745 1345.634 1346.522 1347.41 1348.298 1349.181 1350.063 1350.945 1351.826 1352.698 1353.547 1354.396 1355.245 1356.095 1355.965 1355.54 1355.115 1354.689 1354.18 1353.392 1352.604 1351.817 1351.029 1350.687 1350.54 1350.393 1350.246 1350.051 1349.604 1349.157 1348.709 1348.262 1348.373 1348.822 1349.271 1349.72 1350.38 1353.26 1356.14 1359.02 1361.9 1365.534 1369.782 1374.031 1378.28 1382.529 1386.821 1391.113 1395.406 1399.698
1310.059 1314.134 1318.208 1322.282 1325.945 1329.101 1332.258 1335.414 1338.571 1340.377 1342.055 1343.733 1345.411 1346.803 1347.724 1348.644 1349.565 1350.485 1351.373 1352.255 1353.137 1354.018 1354.859 1355.606 1356.353 1357.1 1357.847 1357.426 1356.652 1355.878 1355.103 1354.307 1353.439 1352.571 1351.703 1350.834 1350.468 1350.321 1350.174 1350.027 1349.827 1349.347 1348.868 1348.388 1347.909 1347.881 1348.126 1348.37 1348.615 1349.08 1351.847 1354.614 1357.381 1360.149 1363.729 1367.972 1372.215 1376.458 1380.695 1384.466 1388.238 1392.009 1395.78
1309.64 1313.956 1318.272 1322.588 1326.496 1329.905 1333.314 1336.723 1340.132 1342.053 1343.833 1345.613 1347.393 1348.861 1349.814 1350.767 1351.719 1352.672 1353.565 1354.447 1355.328 1356.21 1357.02 1357.665 1358.31 1358.955 1359.6 1358.887 1357.764 1356.641 1355.518 1354.435 1353.486 1352.537 1351.589 1350.64 1350.249 1350.102 1349.955 1349.808 1349.603 1349.091 1348.579 1348.067 1347.556 1347.388 1347.429 1347.47 1347.511 1347.779 1350.433 1353.088 1355.742 1358.397 1361.923 1366.161 1370.399 1374.637 1378.861 1382.111 1385.362 1388.612 1391.863
1310.185 1314.357 1318.53 1322.702 1326.543 1329.977 1333.411 1336.845 1340.279 1342.305 1344.197 1346.089 1347.98 1349.59 1350.733 1351.876 1353.019 1354.162 1355.23 1356.285 1357.34 1358.394 1359.316 1359.933 1360.55 1361.167 1361.784 1360.982 1359.752 1358.522 1357.292 1356.099 1355.03 1353.961 1352.892 1351.823 1351.29 1350.989 1350.689 1350.389 1350.024 1349.317 1348.61 1347.903 1347.197 1346.856 1346.737 1346.619 1346.5 1346.605 1349.058 1351.511 1353.964 1356.416 1359.727 1363.737 1367.748 1371.758 1375.752 1378.67 1381.587 1384.505 1387.422
1310.814 1314.809 1318.804 1322.8 1326.545 1329.985 1333.424 1336.864 1340.303 1342.432 1344.437 1346.441 1348.446 1350.203 1351.55 1352.897 1354.244 1355.59 1356.85 1358.092 1359.335 1360.577 1361.623 1362.219 1362.814 1363.41 1364.005 1363.133 1361.817 1360.5 1359.184 1357.897 1356.705 1355.512 1354.32 1353.128 1352.44 1351.974 1351.507 1351.041 1350.502 1349.586 1348.67 1347.753 1346.837 1346.321 1346.046 1345.772 1345.497 1345.442 1347.685 1349.929 1352.172 1354.416 1357.496 1361.259 1365.023 1368.786 1372.533 1375.133 1377.734 1380.334 1382.935
1311.443 1315.261 1319.079 1322.897 1326.548 1329.992 1333.437 1336.882 1340.327 1342.56 1344.677 1346.794 1348.911 1350.815 1352.366 1353.917 1355.468 1357.019 1358.469 1359.9 1361.33 1362.76 1363.93 1364.505 1365.079 1365.653 1366.227 1365.283 1363.881 1362.479 1361.077 1359.695 1358.379 1357.063 1355.748 1354.432 1353.591 1352.958 1352.325 1351.692 1350.981 1349.855 1348.729 1347.603 1346.478 1345.785 1345.355 1344.925 1344.495 1344.279 1346.313 1348.347 1350.381 1352.415 1355.266 1358.782 1362.298 1365.814 1369.313 1371.597 1373.881 1376.164 1378.448
1312.072 1315.713 1319.354 1322.995 1326.55 1330.0 1333.451 1336.901 1340.351 1342.687 1344.917 1347.147 1349.377 1351.428 1353.183 1354.938 1356.693 1358.448 1360.088 1361.707 1363.325 1364.944 1366.238 1366.79 1367.343 1367.896 1368.448 1367.434 1365.946 1364.458 1362.97 1361.493 1360.054 1358.615 1357.175 1355.736 1354.742 1353.942 1353.143 1352.344 1351.459 1350.124 1348.788 1347.453 1346.118 1345.25 1344.664 1344.078 1343.492 1343.116 1344.941 1346.765 1348.59 1350.414 1353.035 1356.304 1359.573 1362.843 1366.093 1368.06 1370.027 1371.994 1373.961
1313.104 1316.498 1319.893 1323.287 1326.67 1330.037 1333.404 1336.771 1340.138 1342.532 1344.832 1347.133 1349.433 1351.613 1353.594 1355.574 1357.554 1359.534 1361.42 1363.287 1365.155 1367.023 1368.507 1369.113 1369.719 1370.325 1370.931 1369.904 1368.384 1366.864 1365.344 1363.818 1362.275 1360.731 1359.188 1357.644 1356.441 1355.387 1354.332 1353.278 1352.138 1350.541 1348.945 1347.348 1345.752 1344.67 1343.9 1343.13 1342.359 1341.794 1343.38 1344.967 1346.553 1348.139 1350.52 1353.548 1356.576 1359.604 1362.613 1364.29 1365.967 1367.644 1369.321
1314.857 1317.881 1320.906 1323.93 1327.0 1330.125 1333.251 1336.376 1339.502 1341.869 1344.165 1346.46 1348.755 1351.031 1353.274 1355.517 1357.76 1360.004 1362.234 1364.461 1366.688 1368.916 1370.707 1371.501 1372.295 1373.089 1373.883 1372.949 1371.494 1370.038 1368.582 1367.09 1365.477 1363.863 1362.25 1360.637 1359.125 1357.657 1356.189 1354.722 1353.177 1351.226 1349.276 1347.325 1345.374 1344.012 1343.005 1341.998 1340.992 1340.186 1341.482 1342.778 1344.075 1345.371 1347.494 1350.292 1353.089 1355.886 1358.664 1360.099 1361.535 1362.97 1364.406
