data/zism_data/00708_04_D.txt
ncols         224
nrows         224
[rows 168 to 195 of 224, columns 126 to 188 of 224]
290.5447 289.9817 289.4186 288.8556 288.1945 284.2485 280.3023 276.3563 272.4102 267.3454 261.0598 254.7745 248.4892 242.2037 237.413 232.739 228.0652 223.3911 219.4142 216.5897 213.7653 210.9409 208.1165 210.3933 213.7442 217.0949 220.4458 223.4095 225.3548 227.3001 229.2453 231.1907 229.6201 226.7135 223.807 220.9004 219.2733 223.724 228.1745 232.625 237.0756 240.3901 243.0177 245.6453 248.273 250.3472 245.3383 240.3295 235.3207 230.3118 226.5643 223.973 221.3817 218.7904 216.1991 214.4038 212.6324 210.8609 209.0894 210.1135 214.9937 219.8738 224.754
282.3224 281.9576 281.5927 281.2279 280.7645 277.0006 273.2366 269.4727 265.7087 261.0336 255.3641 249.6948 244.0256 238.3561 234.1815 230.1235 226.0657 222.0078 218.558 216.1139 213.6698 211.2258 208.7817 210.5405 213.1842 215.8279 218.4716 220.7003 221.8367 222.9731 224.1094 225.2458 224.1552 222.2181 220.2812 218.3441 217.7975 223.8553 229.9129 235.9704 242.0282 245.7813 248.1411 250.5008 252.8606 254.5972 248.3561 242.1153 235.8745 229.6335 225.1905 222.3956 219.6008 216.8058 214.011 212.6936 211.4203 210.1471 208.8738 210.2813 215.3865 220.4915 225.5968
274.1001 273.9335 273.7669 273.6003 273.3346 269.7529 266.171 262.5892 259.0074 254.7218 249.6684 244.6152 239.562 234.5085 230.95 227.5081 224.0663 220.6244 217.7019 215.6381 213.5744 211.5106 209.4468 210.6877 212.6243 214.5609 216.4975 217.991 218.3185 218.646 218.9736 219.3011 218.6902 217.7228 216.7554 215.788 216.3218 223.9866 231.6513 239.3159 246.9808 251.1725 253.2645 255.3563 257.4483 258.8471 251.374 243.9011 236.4282 228.9551 223.8167 220.8182 217.8198 214.8214 211.823 210.9834 210.2083 209.4333 208.6582 210.449 215.7793 221.1093 226.4395
265.8778 265.9094 265.9409 265.9725 265.9046 262.505 259.1053 255.7056 252.3059 248.41 243.9727 239.5355 235.0983 230.661 227.7185 224.8926 222.0669 219.241 216.8457 215.1623 213.4789 211.7955 210.112 210.8349 212.0644 213.2939 214.5234 215.2818 214.8004 214.319 213.8376 213.3562 213.2253 213.2274 213.2296 213.2318 214.846 224.118 233.3897 242.6613 251.9333 256.5638 258.3878 260.2119 262.0359 263.097 254.3918 245.6869 236.982 228.2768 222.443 219.2409 216.0389 212.8368 209.6349 209.2732 208.9963 208.7195 208.4426 210.6168 216.172 221.7271 227.2823
256.7024 256.8622 257.0219 257.1817 257.2475 254.1669 251.0861 248.0055 244.9248 241.5333 237.8028 234.0723 230.3419 226.6113 224.2457 221.9865 219.7275 217.4683 215.5503 214.1963 212.8423 211.4883 210.1342 210.4723 211.1666 211.8608 212.5551 212.7765 211.7536 210.7307 209.7079 208.685 209.2216 210.3509 211.4802 212.6095 215.382 225.9603 236.5383 247.1162 257.6945 262.6155 264.116 265.6165 267.117 267.8095 258.1587 248.5082 238.8577 229.2069 222.6469 218.9198 215.1927 211.4656 207.7386 208.0973 208.5781 209.0588 209.5396 212.3546 218.3894 224.4241 230.459
245.2724 245.3946 245.5169 245.6391 245.6872 243.2493 240.8114 238.3736 235.9356 233.3202 230.511 227.7019 224.8928 222.0836 220.2021 218.3929 216.5838 214.7747 213.2158 212.0706 210.9255 209.7804 208.6353 208.9035 209.4692 210.0349 210.6006 210.754 209.8221 208.8903 207.9585 207.0267 208.6752 211.3044 213.9335 216.5627 220.6776 231.8505 243.023 254.1956 265.3685 270.2298 271.275 272.3202 273.3654 273.6161 263.6975 253.7792 243.8609 233.9423 226.5835 221.5707 216.558 211.5452 206.5326 208.1857 210.0378 211.8899 213.742 217.8067 224.9236 232.0403 239.1572
233.8422 233.927 234.0117 234.0965 234.1268 232.3317 230.5366 228.7415 226.9464 225.107 223.2192 221.3315 219.4437 217.5559 216.1585 214.7993 213.4402 212.081 210.8812 209.945 209.0088 208.0726 207.1364 207.3347 207.7718 208.209 208.6461 208.7314 207.8906 207.0499 206.2092 205.3684 208.1289 212.2579 216.3868 220.5159 225.9732 237.7407 249.5079 261.275 273.0426 277.8442 278.4341 279.024 279.6138 279.4229 269.2364 259.0503 248.8642 238.6777 230.5201 224.2216 217.9234 211.6249 205.3267 208.2741 211.4975 214.7209 217.9444 223.2589 231.4579 239.6566 247.8556
222.4122 222.4594 222.5067 222.554 222.5665 221.4142 220.2619 219.1096 217.9572 216.8939 215.9274 214.961 213.9946 213.0282 212.1149 211.2057 210.2965 209.3873 208.5466 207.8193 207.092 206.3647 205.6374 205.7659 206.0744 206.383 206.6917 206.7088 205.9591 205.2095 204.4598 203.7101 207.5825 213.2114 218.8401 224.469 231.2687 243.6309 255.9927 268.3544 280.7166 285.4585 285.5931 285.7277 285.8622 285.2295 274.7752 264.3213 253.8674 243.4131 234.4566 226.8725 219.2887 211.7046 204.1207 208.3625 212.9572 217.552 222.1468 228.711 237.992 247.2728 256.5538
210.982 210.9918 211.0016 211.0114 211.0061 210.4966 209.987 209.4775 208.968 208.6806 208.6356 208.5906 208.5455 208.5005 208.0713 207.612 207.1528 206.6936 206.2121 205.6937 205.1753 204.6569 204.1385 204.197 204.3771 204.5571 204.7372 204.6862 204.0276 203.369 202.7104 202.0518 207.0361 214.1649 221.2934 228.4222 236.5643 249.5211 262.4775 275.4339 288.3907 293.0729 292.7522 292.4314 292.1107 291.0363 280.3141 269.5924 258.8707 248.1485 238.3932 229.5234 220.654 211.7842 202.9148 208.4509 214.417 220.383 226.3493 234.1632 244.5263 254.889 265.2522
206.7029 206.7029 206.7029 206.7029 206.6946 206.4082 206.1218 205.8354 205.549 205.4778 205.6415 205.8051 205.9688 206.1324 205.8786 205.5922 205.3058 205.0194 204.6945 204.3058 203.9171 203.5284 203.1397 203.1735 203.2963 203.419 203.5418 203.4843 202.9523 202.4205 201.8886 201.3567 206.8516 214.6369 222.422 230.2074 238.8981 251.8913 264.884 277.8767 290.8698 295.4695 294.9944 294.5192 294.0441 292.881 282.9126 272.9446 262.9765 253.0081 243.1015 233.251 223.4007 213.5502 203.7 209.3436 215.4496 221.5557 227.6619 235.8137 246.7878 257.7614 268.7354
204.9477 204.9477 204.9477 204.9477 204.9416 204.7302 204.5188 204.3074 204.0959 204.0434 204.1642 204.285 204.4058 204.5266 204.3393 204.1278 203.9164 203.705 203.4652 203.1783 202.8914 202.6045 202.3176 202.3425 202.4331 202.5237 202.6143 202.5719 202.1792 201.7866 201.394 201.0014 206.7947 214.939 223.083 231.2273 240.1866 253.019 265.851 278.683 291.5154 296.0246 295.5012 294.9779 294.4545 293.3275 284.4733 275.6195 266.7656 257.9114 248.0822 237.3584 226.635 215.9113 205.1879 210.5202 216.3316 222.143 227.9546 236.1225 247.5412 258.9594 270.3781
203.1925 203.1925 203.1925 203.1925 203.1885 203.0521 202.9157 202.7793 202.6429 202.609 202.6869 202.7649 202.8428 202.9208 202.7999 202.6635 202.5271 202.3906 202.2359 202.0508 201.8656 201.6805 201.4954 201.5115 201.57 201.6284 201.6869 201.6595 201.4061 201.1528 200.8995 200.6461 206.7379 215.2411 223.744 232.2472 241.475 254.1468 266.8181 279.4893 292.1611 296.5797 296.0081 295.4365 294.8649 293.774 286.034 278.2944 270.5547 262.8148 253.0629 241.4659 229.8694 218.2724 206.6759 211.6967 217.2136 222.7304 228.2474 236.4313 248.2946 260.1575 272.0208
201.4372 201.4372 201.4372 201.4372 201.4355 201.3741 201.3126 201.2512 201.1898 201.1746 201.2097 201.2447 201.2798 201.3149 201.2605 201.1991 201.1377 201.0763 201.0066 200.9232 200.8399 200.7566 200.6732 200.6805 200.7068 200.7331 200.7594 200.7471 200.633 200.519 200.405 200.2909 206.6811 215.5432 224.405 233.2671 242.7635 255.2745 267.7851 280.2957 292.8067 297.1347 296.5149 295.8951 295.2754 294.2204 287.5948 280.9693 274.3438 267.7181 258.0435 245.5734 233.1037 220.6335 208.1638 212.8733 218.0955 223.3177 228.5401 236.7401 249.048 261.3556 273.6635
200.0 200.0 200.0 200.0 200.0 200.0 200.0 200.0 200.0 200.0 200.0 200.0 200.0 200.0 200.0 200.0 200.0 200.0 200.0 200.0 200.0 200.0 200.0 200.0 200.0 200.0 200.0 200.0 200.0 200.0 200.0 200.0 206.5516 215.5931 224.6342 233.6757 243.2773 255.5413 267.8048 280.0683 292.3323 296.519 295.8219 295.1248 294.4277 293.3804 287.8506 282.3208 276.7911 271.2612 261.8015 248.7386 235.6762 222.6133 209.5509 213.8064 218.5787 223.351 228.1235 236.1925 248.8092 261.4254 274.0421
200.0 200.0 200.0 200.0 200.0 200.0 200.0 200.0 200.0 200.0 200.0 200.0 200.0 200.0 200.0 200.0 200.0 200.0 200.0 200.0 200.0 200.0 200.0 200.0 200.0 200.0 200.0 200.0 200.0 200.0 200.0 200.0 206.0935 214.5029 222.912 231.3214 240.2899 251.9164 263.5424 275.1685 286.795 290.6112 289.7052 288.7992 287.8932 286.7256 282.2081 277.6908 273.1735 268.6561 260.0327 247.6448 235.2574 222.8695 210.4821 213.6387 217.2593 220.8799 224.5006 231.7736 244.0849 256.3958 268.7072
200.0 200.0 200.0 200.0 200.0 200.0 200.0 200.0 200.0 200.0 200.0 200.0 200.0 200.0 200.0 200.0 200.0 200.0 200.0 200.0 200.0 200.0 200.0 200.0 200.0 200.0 200.0 200.0 200.0 200.0 200.0 200.0 205.6355 213.4128 221.1898 228.967 237.3026 248.2915 259.2801 270.2687 281.2577 284.7035 283.5886 282.4737 281.3588 280.0707 276.5657 273.0608 269.5559 266.0509 258.2639 246.551 234.8385 223.1257 211.4132 213.4711 215.9399 218.4088 220.8778 227.3548 239.3607 251.3663 263.3723
200.0 200.0 200.0 200.0 200.0 200.0 200.0 200.0 200.0 200.0 200.0 200.0 200.0 200.0 200.0 200.0 200.0 200.0 200.0 200.0 200.0 200.0 200.0 200.0 200.0 200.0 200.0 200.0 200.0 200.0 200.0 200.0 205.1775 212.3226 219.4675 226.6127 234.3152 244.6666 255.0177 265.3689 275.7203 278.7958 277.472 276.1481 274.8243 273.4158 270.9232 268.4308 265.9383 263.4457 256.4951 245.4572 234.4197 223.3819 212.3444 213.3034 214.6206 215.9377 217.2549 222.9359 234.6365 246.3367 258.0374
200.0 200.0 200.0 200.0 200.0 200.0 200.0 200.0 200.0 200.0 200.0 200.0 200.0 200.0 200.0 200.0 200.0 200.0 200.0 200.0 200.0 200.0 200.0 200.0 200.0 200.0 200.0 200.0 200.0 200.0 200.0 200.0 204.7194 211.2325 217.7453 224.2583 231.3278 241.0417 250.7554 260.469 270.183 272.8881 271.3553 269.8226 268.2898 266.7609 265.2808 263.8008 262.3207 260.8406 254.7263 244.3634 234.0009 223.638 213.2756 213.1358 213.3012 213.4666 213.632 218.517 229.9123 241.3072 252.7025
203.5632 202.949 202.3348 201.7205 201.1189 200.9386 200.7584 200.5781 200.3979 200.2958 200.2791 200.2625 200.2458 200.2291 200.1907 200.1507 200.1106 200.0705 200.0418 200.0318 200.0218 200.0117 200.0017 200.0 200.0 200.0 200.0 200.0 200.0 200.0 200.0 200.0 204.1308 209.8315 215.5319 221.2326 227.4871 236.3733 245.2592 254.1451 263.0313 265.3983 263.8235 262.2488 260.674 259.1483 258.25 257.3517 256.4534 255.5551 250.3655 241.2418 232.1184 222.9947 213.8713 213.0024 212.38 211.7576 211.1352 215.0773 225.316 235.5544 245.7931
209.281 207.6811 206.0813 204.4814 202.9143 202.4448 201.9753 201.5058 201.0363 200.7705 200.7271 200.6836 200.6401 200.5966 200.4967 200.3924 200.2881 200.1837 200.1089 200.0828 200.0567 200.0306 200.0045 200.0 200.0 200.0 200.0 200.0 200.0 200.0 200.0 200.0 203.4632 208.2425 213.0217 217.801 223.1304 231.0738 239.0169 246.96 254.9034 256.9519 255.436 253.9202 252.4044 250.9566 250.3797 249.8028 249.2258 248.6489 244.4375 236.8941 229.3509 221.8075 214.2643 212.8899 211.6996 210.5094 209.3191 212.2297 220.7971 229.3642 237.9316
214.9988 212.4132 209.8278 207.2423 204.7097 203.9509 203.1922 202.4335 201.6747 201.2453 201.175 201.1047 201.0345 200.9642 200.8027 200.6341 200.4655 200.2969 200.1759 200.1338 200.0916 200.0495 200.0073 200.0 200.0 200.0 200.0 200.0 200.0 200.0 200.0 200.0 202.7955 206.6535 210.5114 214.3694 218.7738 225.7743 232.7747 239.775 246.7756 248.5055 247.0486 245.5917 244.1348 242.7649 242.5094 242.2539 241.9983 241.7428 238.5095 232.5464 226.5834 220.6203 214.6573 212.7773 211.0192 209.2612 207.5031 209.3821 216.2782 223.1741 230.0702
220.7166 217.1454 213.5743 210.0032 206.5051 205.4571 204.4091 203.3611 202.3131 201.72 201.6229 201.5259 201.4288 201.3318 201.1088 200.8759 200.643 200.4101 200.243 200.1848 200.1266 200.0683 200.0101 200.0 200.0 200.0 200.0 200.0 200.0 200.0 200.0 200.0 202.1279 205.0646 208.0011 210.9377 214.4171 220.4748 226.5324 232.59 238.6477 240.0591 238.6611 237.2631 235.8651 234.5732 234.6391 234.7049 234.7708 234.8366 232.5815 228.1986 223.8159 219.433 215.0503 212.6647 210.3389 208.013 205.687 206.5345 211.7593 216.9839 222.2087
226.8751 222.3462 217.8174 213.2886 208.8506 207.46 206.0693 204.6786 203.2879 202.4943 202.3519 202.2096 202.0672 201.9249 201.6078 201.2771 200.9464 200.6157 200.3757 200.2857 200.1957 200.1057 200.0157 200.0 200.0 200.0 200.0 200.0 200.0 200.0 200.0 200.0 201.4831 203.5298 205.5765 207.6232 210.2033 215.3172 220.4309 225.5446 230.6585 231.7566 230.4266 229.0967 227.7666 226.5592 226.9203 227.2813 227.6423 228.0034 226.6851 223.8273 220.9696 218.1118 215.2541 212.4258 209.5985 206.7712 203.9438 203.8228 207.435 211.0471 214.6592
239.3503 234.2643 229.1783 224.0924 219.0813 216.5818 214.0822 211.5827 209.0832 207.5624 207.1094 206.6564 206.2033 205.7503 204.8741 203.9648 203.0556 202.1463 201.4489 201.1017 200.7546 200.4075 200.0604 200.0 200.0 200.0 200.0 200.0 200.0 200.0 200.0 200.0 201.1648 202.7723 204.3797 205.9872 208.0376 212.1926 216.3475 220.5023 224.6573 225.5176 224.3858 223.254 222.1222 221.0928 221.3735 221.6542 221.9348 222.2155 221.2417 219.1178 216.994 214.8701 212.7463 210.3763 207.9989 205.6216 203.2441 203.0598 205.9006 208.7413 211.5821
251.8257 246.1824 240.5394 234.8963 229.3121 225.7037 222.0953 218.487 214.8785 212.6307 211.8669 211.1032 210.3394 209.5757 208.1404 206.6525 205.1648 203.6769 202.5221 201.9178 201.3136 200.7094 200.1051 200.0 200.0 200.0 200.0 200.0 200.0 200.0 200.0 200.0 200.8465 202.0147 203.1829 204.3511 205.8719 209.068 212.264 215.46 218.656 219.2785 218.3449 217.4114 216.4778 215.6264 215.8267 216.027 216.2273 216.4276 215.7983 214.4083 213.0184 211.6285 210.2385 208.3267 206.3993 204.4719 202.5445 202.2968 204.3662 206.4355 208.5049
264.301 258.1006 251.9004 245.7002 239.5428 234.8257 230.1083 225.3912 220.6738 217.6989 216.6244 215.55 214.4756 213.4011 211.4066 209.3403 207.274 205.2076 203.5953 202.7339 201.8725 201.0112 200.1498 200.0 200.0 200.0 200.0 200.0 200.0 200.0 200.0 200.0 200.5282 201.2572 201.9861 202.715 203.7063 205.9434 208.1805 210.4176 212.6548 213.0395 212.3041 211.5687 210.8333 210.1599 210.2799 210.3999 210.5198 210.6398 210.3549 209.6988 209.0428 208.3868 207.7308 206.2771 204.7997 203.3223 201.8448 201.5338 202.8318 204.1298 205.4278
276.7762 270.0187 263.2614 256.504 249.7735 243.9475 238.1213 232.2953 226.4691 222.7671 221.3819 219.9968 218.6116 217.2265 214.6729 212.028 209.3831 206.7382 204.6685 203.55 202.4315 201.313 200.1945 200.0 200.0 200.0 200.0 200.0 200.0 200.0 200.0 200.0 200.2099 200.4996 200.7893 201.079 201.5406 202.8188 204.0971 205.3753 206.6535 206.8004 206.2633 205.7261 205.1889 204.6935 204.7332 204.7728 204.8123 204.8519 204.9115 204.9894 205.0672 205.1451 205.223 204.2275 203.2001 202.1727 201.1452 200.7708 201.2975 201.824 202.3506
281.5164 275.0005 268.485 261.9694 255.4645 249.3286 243.1924 237.0564 230.9202 227.0599 225.6819 224.304 222.9261 221.5482 218.4308 215.1774 211.9241 208.6708 206.0974 204.6484 203.1994 201.7505 200.3015 200.0405 200.0296 200.0188 200.0079 200.0 200.0 200.0 200.0 200.0 200.0472 200.1123 200.1774 200.2424 200.4207 201.1368 201.8529 202.5689 203.285 203.3114 202.9208 202.5303 202.1396 201.7774 201.7774 201.7774 201.7774 201.7774 201.9812 202.3717 202.7623 203.1529 203.5435 202.8595 202.1435 201.4274 200.7113 200.3578 200.5043 200.6508 200.7973
