data/zism_data/00708_02_D.txt
ncols         224
nrows         224
[rows 28 to 55 of 224, columns 0 to 63 of 224]
454.5602 451.5382 448.5161 439.9985 424.7439 409.4898 394.2352 378.9811 367.6669 356.7971 345.9277 335.0579 326.7372 323.1956 319.654 316.1123 312.5707 310.9355 309.7855 308.6355 307.4855 305.5957 301.4426 297.2896 293.1365 288.9835 280.8074 270.8708 260.9345 250.9979 241.3886 233.7079 226.0275 218.3468 210.6664 206.5639 204.9049 203.2459 201.5869 200.0845 202.0295 203.9743 205.9193 207.8641 215.5844 229.2493 242.9143 256.5797 270.2445 287.4212 304.8134 322.2061 339.5983 353.8281 363.1375 372.4469 381.7566 391.0659 383.0118 371.6648 360.3173 348.9702 335.7144 317.784
446.4783 444.8759 443.2733 435.694 420.7875 405.8816 390.9752 376.0692 364.232 352.7408 341.25 329.7588 321.0161 317.4262 313.8365 310.2466 306.6568 304.9349 303.6884 302.442 301.1956 299.2094 294.9598 290.7104 286.4609 282.2115 274.2632 264.6961 255.1295 245.5625 236.4252 229.8213 223.2176 216.6137 210.01 206.3731 204.7623 203.1516 201.5407 200.0699 201.6773 203.2847 204.8922 206.4996 213.5656 226.2503 238.9349 251.62 264.3047 281.4396 298.8479 316.2567 333.6649 348.395 358.9579 369.5207 380.0839 390.6468 384.4765 375.1329 365.7889 356.4452 344.5624 326.4605
438.3967 438.2137 438.0307 431.3895 416.8312 402.2735 387.7152 373.1574 360.7971 348.6846 336.5724 324.4598 315.2952 311.6571 308.0191 304.381 300.743 298.9345 297.5916 296.2488 294.9059 292.8233 288.4773 284.1315 279.7856 275.4397 267.7191 258.5217 249.3246 240.1272 231.462 225.9348 220.4078 214.8806 209.3537 206.1823 204.6197 203.0572 201.4946 200.0552 201.3252 202.5951 203.8651 205.1351 211.5469 223.2513 234.9558 246.6606 258.365 275.4583 292.8826 310.3075 327.7318 342.9621 354.7784 366.5947 378.4113 390.2276 385.9412 378.6009 371.2603 363.9199 353.4101 335.1368
432.3147 434.0528 435.791 430.6002 416.9155 403.2312 389.5464 375.8622 363.331 350.9296 338.5287 326.1273 316.6547 312.6727 308.6909 304.7089 300.727 298.9002 297.622 296.3438 295.0655 293.1131 289.0983 285.0837 281.0689 277.0543 270.0313 261.6919 253.3528 245.0133 237.0595 231.379 225.6986 220.0181 214.3378 210.6718 208.3813 206.091 203.8005 201.639 202.3128 202.9866 203.6604 204.3342 209.8825 220.4482 231.0139 241.58 252.1457 268.9096 286.0544 303.1997 320.3444 335.7257 348.3625 360.9994 373.6367 386.2736 383.7289 378.3049 372.8808 367.4568 358.3837 340.3719
428.2914 432.4669 436.6427 433.4297 421.1592 408.8892 396.6188 384.3488 372.0093 359.6615 347.3141 334.9663 325.3032 320.673 316.0429 311.4127 306.7827 305.008 303.9601 302.9122 301.8643 300.2755 297.0322 293.7889 290.5455 287.3023 281.4606 274.4819 267.5034 260.5247 253.5287 246.4285 239.3285 232.2283 225.1284 219.9791 216.162 212.3449 208.5277 204.8684 204.6797 204.4909 204.3022 204.1135 208.5828 217.8467 227.1107 236.375 245.6389 261.7772 278.338 294.8994 311.4603 326.6329 339.6447 352.6566 365.6689 378.6807 377.7314 374.1342 370.5369 366.9397 359.3688 342.0641
424.2682 430.8811 437.4943 436.259 425.4028 414.5471 403.6909 392.8351 380.6872 368.393 356.0992 343.805 333.9513 328.6729 323.3947 318.1163 312.8381 311.1155 310.2979 309.4804 308.6628 307.4377 304.9657 302.4938 300.0218 297.5499 292.8895 287.2715 281.6536 276.0356 269.9973 261.4775 252.958 244.4382 235.9187 229.2862 223.9423 218.5986 213.2548 208.0976 207.0464 205.9952 204.944 203.8928 207.2832 215.2454 223.2076 231.1701 239.1323 254.6451 270.622 286.5995 302.5764 317.5404 330.9272 344.314 357.7013 371.0881 371.7341 369.9636 368.193 366.4225 360.3539 343.7563
420.2448 429.2953 438.346 439.0884 429.6466 420.2051 410.7633 401.3218 389.3655 377.1248 364.8846 352.644 342.5998 336.6732 330.7468 324.8201 318.8937 317.2232 316.636 316.0488 315.4616 314.6002 312.8995 311.199 309.4984 307.7978 304.3188 300.0615 295.8043 291.547 286.4664 276.527 266.5879 256.6484 246.7093 238.5936 231.723 224.8526 217.9819 211.327 209.4133 207.4996 205.5858 203.6721 205.9835 212.6439 219.3043 225.965 232.6254 247.5127 262.9057 278.2993 293.6923 308.4475 322.2094 335.9711 349.7334 363.4952 365.7366 365.7928 365.8491 365.9054 361.3391 345.4485
416.2215 427.7094 439.1976 441.9179 433.8904 425.8631 417.8356 409.8084 398.0437 385.8567 373.67 361.4829 351.2483 344.6734 338.0988 331.524 324.9493 323.3309 322.9741 322.6172 322.2604 321.7626 320.8333 319.9042 318.975 318.0458 315.748 312.8515 309.955 307.0584 302.9356 291.5765 280.2178 268.8587 257.4999 247.901 239.5036 231.1065 222.7091 214.5564 211.7801 209.0039 206.2276 203.4514 204.6838 210.0424 215.4011 220.7599 226.1186 240.3803 255.1894 269.9991 284.8082 299.3547 313.4915 327.6283 341.7656 355.9023 359.7391 361.6221 363.5052 365.3882 362.3242 347.1408
415.7907 428.1735 440.5567 445.0621 439.9109 434.7599 429.6088 424.4579 413.9374 402.8104 391.6838 380.5567 370.8176 363.6797 356.5421 349.4042 342.2665 340.5299 340.168 339.8062 339.4443 338.9662 338.1323 337.2985 336.4646 335.6308 333.793 331.516 329.239 326.9619 323.2364 310.9635 298.691 286.4181 274.1456 263.3938 253.6801 243.9667 234.253 224.7876 220.7784 216.7692 212.76 208.7508 208.7016 212.7285 216.7555 220.7826 224.8096 237.6752 251.0843 264.4939 277.903 291.1347 304.0892 317.0437 329.9986 342.953 347.2276 349.8556 352.4837 355.1118 353.1548 339.9653
415.6105 428.7806 441.9513 448.2283 446.0556 443.883 441.7103 439.5377 430.335 420.3383 410.3419 400.3452 391.1494 383.4543 375.7596 368.0646 360.3699 358.5031 358.1198 357.7365 357.3533 356.8708 356.0852 355.2996 354.5139 353.7282 352.3001 350.5909 348.8817 347.1725 343.8051 330.6537 317.5027 304.3513 291.2003 279.3186 268.3032 257.2882 246.2729 235.5077 230.2395 224.9716 219.7034 214.4355 213.0904 215.7836 218.4767 221.1699 223.8631 235.2788 247.2309 259.1835 271.1357 282.9753 294.6388 306.3023 317.9662 329.6296 334.2612 337.5588 340.8566 344.1542 343.2768 332.171
415.4302 429.3878 443.3458 451.3946 452.2003 453.0061 453.8118 454.6176 446.7326 437.8662 429.0 420.1336 411.4811 403.229 394.9772 386.7251 378.4733 376.4763 376.0716 375.6669 375.2622 374.7755 374.0381 373.3006 372.5631 371.8257 370.8073 369.6658 368.5244 367.3831 364.3739 350.344 336.3145 322.2845 308.2551 295.2434 282.9263 270.6097 258.2927 246.2277 239.7007 233.174 226.6469 220.1201 217.4792 218.8386 220.1979 221.5573 222.9166 232.8824 243.3776 253.8731 264.3683 274.8159 285.1884 295.5609 305.9337 316.3063 321.2948 325.2621 329.2294 333.1967 333.3987 324.3766
415.25 429.9949 444.7403 454.5608 458.3448 462.1288 465.9129 469.6969 463.1296 455.3934 447.6575 439.9213 431.8122 423.003 414.1941 405.3849 396.576 394.449 394.0228 393.5967 393.1705 392.6796 391.9903 391.301 390.6117 389.9225 389.3137 388.7401 388.1665 387.5929 384.942 370.0335 355.1256 340.2171 325.3092 311.1676 297.549 283.9308 270.3121 256.9474 249.1616 241.376 233.5902 225.8046 221.8679 221.8935 221.919 221.9446 221.9701 230.4861 239.5244 248.5629 257.6012 266.6567 275.7383 284.8199 293.9018 302.9833 308.3289 312.9657 317.6027 322.2395 323.5211 316.5826
415.4772 429.5966 443.7164 454.1061 459.924 465.7416 471.5595 477.3772 472.2822 465.9548 459.6277 453.3003 446.171 437.5374 428.9041 420.2706 411.6373 409.7959 409.6834 409.5709 409.4584 409.2116 408.5544 407.8972 407.24 406.5827 406.1737 405.8732 405.5728 405.2723 402.7165 386.8528 370.9897 355.1259 339.2628 324.1653 309.5901 295.0154 280.4402 266.1245 257.5077 248.8913 240.2745 231.658 226.8116 225.8465 224.8813 223.9162 222.951 230.2652 238.0887 245.9125 253.736 261.659 269.7362 277.8134 285.891 293.9682 299.3992 304.3282 309.2573 314.1862 316.1523 310.8595
416.3783 427.5355 438.6931 447.6632 453.9525 460.2416 466.5309 472.82 469.4526 464.9947 460.5369 456.079 450.6514 443.4052 436.1593 428.9131 421.6672 420.799 421.5542 422.3094 423.0647 423.4732 422.8213 422.1694 421.5175 420.8656 420.3092 419.7945 419.2798 418.765 415.8692 398.9235 381.9783 365.0326 348.0874 332.3216 317.3607 302.4004 287.4395 272.7495 264.0096 255.2699 246.5299 237.7902 232.6728 231.2845 229.8962 228.5078 227.1195 233.6422 240.6515 247.661 254.6703 261.8903 269.4372 276.9841 284.5313 292.0782 297.1455 301.7424 306.3394 310.9362 312.9335 308.562
417.2794 425.4743 433.6696 441.2201 447.9809 454.7414 461.5022 468.2627 466.6229 464.0345 461.4462 458.8578 455.132 449.2733 443.4147 437.556 431.6974 431.8024 433.4254 435.0484 436.6714 437.7353 437.0887 436.4421 435.7956 435.149 434.4452 433.7162 432.9872 432.2582 429.0224 410.9946 392.9673 374.9395 356.9123 340.4782 325.1317 309.7856 294.4391 279.3748 270.5116 261.6487 252.7855 243.9226 238.5342 236.7227 234.9112 233.0996 231.2881 237.0192 243.2143 249.4096 255.6048 262.1216 269.1382 276.1547 283.1716 290.1882 294.8918 299.1565 303.4214 307.6861 309.7146 306.2645
418.1805 423.4132 428.6461 434.777 442.0092 449.2412 456.4734 463.7054 463.7932 463.0743 462.3555 461.6366 459.6126 455.1413 450.6701 446.1988 441.7276 442.8058 445.2966 447.7874 450.2782 451.9973 451.3561 450.7149 450.0736 449.4324 448.5811 447.6379 446.6947 445.7514 442.1756 423.0657 403.9564 384.8464 365.7372 348.6348 332.9026 317.1709 301.4386 286.0001 277.0137 268.0276 259.0411 250.055 244.3955 242.1608 239.9262 237.6914 235.4567 240.3962 245.7771 251.1582 256.5392 262.3528 268.8391 275.3254 281.8119 288.2981 292.638 296.5706 300.5034 304.436 306.4957 303.9669
419.0816 421.3521 423.6227 428.3341 436.0378 443.7412 451.4449 459.1483 460.9636 462.1142 463.2647 464.4153 464.093 461.0091 457.9253 454.8413 451.7575 453.8088 457.1674 460.5259 463.8845 466.2589 465.623 464.9871 464.3512 463.7153 462.7166 461.5591 460.4017 459.2442 455.3283 435.1364 414.945 394.7531 374.5617 356.7912 340.6732 324.5558 308.4379 292.6252 283.5155 274.4062 265.2965 256.1872 250.2567 247.5988 244.941 242.283 239.6252 243.7732 248.3399 252.9068 257.4735 262.5841 268.54 274.496 280.4522 286.4082 290.3843 293.9848 297.5854 301.186 303.2769 301.6694
423.5667 422.6906 421.8145 424.2381 430.7068 437.1753 443.644 450.1125 451.9611 453.2881 454.6151 455.9421 456.0359 453.8175 451.5991 449.3807 447.1623 449.7104 453.4718 457.2332 460.9946 464.0176 464.7819 465.5462 466.3106 467.0749 466.631 465.6584 464.6859 463.7133 459.898 439.3081 418.719 398.1292 377.5401 359.5014 343.2039 326.907 310.6095 294.6295 285.6248 276.6203 267.6155 258.6111 252.6744 249.896 247.1176 244.3391 241.5607 245.3974 249.6412 253.8851 258.1289 262.9727 268.7492 274.5257 280.3025 286.079 290.1493 293.8958 297.6425 301.3889 303.6956 302.4743
428.8448 424.7813 420.7177 420.6615 425.5177 430.3737 435.2299 440.0859 441.5928 442.7216 443.8504 444.9792 445.2047 443.7363 442.2679 440.7995 439.3311 442.2704 446.3319 450.3932 454.4547 458.1247 460.598 463.0711 465.5443 468.0175 468.2837 467.5844 466.8851 466.1858 462.5684 441.7321 420.8966 400.0603 379.2248 361.0065 344.5751 328.1442 311.7128 295.6115 286.7621 277.9129 269.0635 260.2144 254.3301 251.4981 248.6662 245.8341 243.0021 246.6339 250.6634 254.693 258.7225 263.396 269.0708 274.7455 280.4205 286.0952 290.361 294.3593 298.3577 302.356 304.919 303.9657
434.1228 426.872 419.6208 417.0849 420.3286 423.5723 426.816 430.0597 431.2249 432.1555 433.0862 434.0168 434.3738 433.6554 432.937 432.2186 431.5002 434.8308 439.1922 443.5535 447.915 452.2321 456.4141 460.596 464.7781 468.96 469.9364 469.5103 469.0843 468.6582 465.2387 444.156 423.0741 401.9914 380.9095 362.5116 345.9462 329.3814 312.816 296.5934 287.8993 279.2055 270.5114 261.8177 255.9858 253.1002 250.2147 247.329 244.4435 247.8703 251.6855 255.5009 259.3161 263.8194 269.3923 274.9653 280.5385 286.1115 290.5726 294.8227 299.0729 303.323 306.1425 305.4569
439.401 428.9627 418.524 413.5082 415.1395 416.7707 418.4019 420.0331 420.8567 421.5891 422.3215 423.0539 423.5426 423.5742 423.6058 423.6374 423.669 427.3909 432.0523 436.7136 441.375 446.3392 452.2302 458.1209 464.0118 469.9026 471.5892 471.4363 471.2835 471.1307 467.9091 446.58 425.2517 403.9226 382.5942 364.0167 347.3174 330.6187 313.9193 297.5753 289.0366 280.4982 271.9594 263.421 257.6415 254.7024 251.7632 248.824 245.8849 249.1068 252.7077 256.3088 259.9098 264.2427 269.7139 275.1851 280.6565 286.1277 290.7843 295.2861 299.7881 304.29 307.3659 306.9483
445.2009 432.5898 419.9782 413.204 413.5847 413.9654 414.3461 414.7267 415.2693 415.83 416.3908 416.9516 417.4657 417.8924 418.319 418.7456 419.1723 422.6275 426.8539 431.0801 435.3064 440.2263 447.2686 454.3106 461.3528 468.3948 471.0107 471.6901 472.3695 473.0489 470.5579 449.3596 428.1622 406.964 385.7665 366.9151 349.6654 332.4163 315.1666 298.2906 289.6235 280.9567 272.2896 263.6229 257.7932 254.8843 251.9755 249.0665 246.1577 249.3506 252.9189 256.4874 260.0558 264.3826 269.889 275.3954 280.9019 286.4083 291.4242 296.347 301.2699 306.1926 309.6734 309.6214
452.4789 440.5695 428.6598 422.171 422.3267 422.4824 422.6382 422.7939 423.227 423.6913 424.1557 424.6201 424.8589 424.6749 424.4909 424.3069 424.1229 425.4474 427.1561 428.8648 430.5735 433.4905 440.1042 446.7176 453.3312 459.9447 464.1107 467.206 470.3011 473.3964 473.145 453.1467 433.149 413.1507 393.1531 373.7606 354.7807 335.8015 316.8216 298.2501 288.6509 279.0521 269.453 259.8541 253.6836 251.0426 248.4016 245.7605 243.1195 246.7821 250.8325 254.8831 258.9335 263.7194 269.649 275.5785 281.5082 287.4378 293.2776 299.1003 304.9231 310.7457 315.052 315.6428
459.7572 448.5496 437.3416 431.1382 431.069 430.9998 430.9305 430.8613 431.1849 431.5529 431.9208 432.2888 432.2524 431.4577 430.663 429.8683 429.0736 428.2675 427.4584 426.6494 425.8403 426.7544 432.9395 439.1243 445.3094 451.4943 457.2104 462.7217 468.2328 473.744 475.7322 456.9338 438.1361 419.3377 400.54 380.6064 359.8962 339.1868 318.4766 298.2097 287.6784 277.1475 266.6162 256.0853 249.574 247.2008 244.8276 242.4544 240.0812 244.2135 248.746 253.2787 257.8112 263.0562 269.4089 275.7616 282.1146 288.4673 295.1311 301.8537 308.5765 315.299 320.4307 321.6643
467.0355 456.5297 446.0235 440.1055 439.8113 439.5171 439.2229 438.9287 439.1429 439.4145 439.686 439.9576 439.6458 438.2404 436.8351 435.4297 434.0244 431.0875 427.7607 424.434 421.1071 420.0182 425.7747 431.5311 437.2876 443.0439 450.3102 458.2374 466.1644 474.0916 478.3194 460.721 443.1232 425.5247 407.9269 387.4521 365.0117 342.5721 320.1317 298.1692 286.7058 275.2428 263.7794 252.3164 245.4643 243.359 241.2536 239.1483 237.0429 241.6449 246.6595 251.6743 256.6889 262.3929 269.1689 275.9448 282.7209 289.4968 296.9846 304.6071 312.2299 319.8524 325.8094 327.6858
474.3135 464.5095 454.705 449.0725 448.5533 448.0342 447.515 446.9959 447.1006 447.2757 447.4509 447.626 447.039 445.0229 443.007 440.9909 438.9749 433.9074 428.063 422.2187 416.3742 413.2824 418.6103 423.9381 429.2661 434.5938 443.4102 453.7533 464.096 474.4391 480.9066 464.508 448.11 431.7115 415.3135 394.2976 370.127 345.9573 321.7867 298.1288 285.7333 273.3383 260.9427 248.5477 241.3548 239.5173 237.6798 235.8422 234.0048 239.0764 244.5731 250.0699 255.5666 261.7297 268.9288 276.1279 283.3272 290.5263 298.838 307.3604 315.8831 324.4055 331.188 333.7071
479.2956 470.63 461.9642 457.091 456.8665 456.642 456.4175 456.193 456.3289 456.5055 456.6821 456.8587 456.2659 454.2303 452.1948 450.1592 448.1237 442.1318 435.1327 428.1337 421.1345 416.7181 420.2017 423.6852 427.1689 430.6524 439.6111 450.9656 462.3198 473.6744 481.3116 467.0167 452.7224 438.4275 424.1331 403.4596 378.4285 353.3983 328.3673 303.7918 289.2216 274.6519 260.0816 245.5119 237.244 235.4635 233.683 231.9024 230.1219 235.9348 242.2148 248.495 254.775 261.9032 270.3501 278.7969 287.2441 295.691 305.4772 315.5171 325.5573 335.5972 343.5301 346.3005
483.307 475.9646 468.622 464.7085 464.9983 465.288 465.5778 465.8675 466.0941 466.3136 466.5331 466.7525 466.2678 464.4625 462.6574 460.8521 459.047 452.6407 445.0629 437.4854 429.9077 424.4535 425.4943 426.5352 427.576 428.6168 437.1227 448.8951 460.6671 472.4395 480.7942 468.985 457.1762 445.3671 433.5583 413.6006 388.0768 362.5537 337.0298 311.8656 294.5954 277.3258 260.0556 242.786 233.1327 231.32 229.5074 227.6947 225.882 232.5509 239.7416 246.9325 254.1231 262.4303 272.4735 282.5168 292.5604 302.6036 314.1394 325.9578 337.7765 349.5949 358.8157 361.6717
