data/zism_data/00705_03_D.txt
ncols         224
nrows         224
[rows 28 to 55 of 224, columns 0 to 62 of 224]
1143.57 1147.796 1152.184 1156.571 1160.959 1165.346 1169.83 1174.345 1178.86 1183.375 1187.504 1190.061 1192.619 1195.176 1197.733 1198.852 1199.144 1199.437 1199.729 1199.913 1198.716 1197.52 1196.324 1195.128 1191.39 1185.22 1179.05 1172.88 1166.71 1159.158 1151.532 1143.905 1136.279 1128.475 1120.39 1112.305 1104.219 1096.134 1086.386 1076.286 1066.185 1056.085 1045.831 1035.148 1024.465 1013.782 1003.099 991.8159 980.2767 968.7377 957.1985 945.943 936.4492 926.9553 917.4614 907.9676 903.4523 902.592 901.7318 900.8716 900.0728 903.4147 906.7567
1144.407 1148.45 1152.736 1157.021 1161.306 1165.591 1170.014 1174.481 1178.947 1183.414 1187.504 1190.061 1192.619 1195.176 1197.733 1198.852 1199.144 1199.437 1199.729 1199.904 1198.595 1197.286 1195.977 1194.668 1190.636 1183.998 1177.36 1170.722 1164.084 1156.279 1148.41 1140.542 1132.674 1124.622 1116.278 1107.935 1099.591 1091.248 1081.144 1070.667 1060.19 1049.713 1039.113 1028.166 1017.22 1006.273 995.3267 984.3341 973.322 962.31 951.2979 940.6052 931.8965 923.1879 914.4792 905.7705 901.1193 899.447 897.7747 896.1023 894.4847 896.5629 898.6411
1145.66 1149.514 1153.667 1157.819 1161.972 1166.124 1170.454 1174.839 1179.225 1183.611 1187.632 1190.165 1192.698 1195.231 1197.764 1198.865 1199.143 1199.421 1199.698 1199.85 1198.404 1196.958 1195.511 1194.065 1189.723 1182.609 1175.495 1168.381 1161.267 1153.12 1144.918 1136.716 1128.514 1120.175 1111.62 1103.065 1094.51 1085.955 1075.578 1064.813 1054.048 1043.284 1032.482 1021.575 1010.668 999.7614 988.8546 978.3519 968.0217 957.6916 947.3614 937.3354 929.199 921.0626 912.9262 904.7898 899.9265 897.4662 895.006 892.5457 890.1346 891.0458 891.9569
1147.884 1151.534 1155.482 1159.43 1163.378 1167.326 1171.488 1175.718 1179.948 1184.178 1188.057 1190.51 1192.962 1195.415 1197.867 1198.908 1199.137 1199.367 1199.596 1199.689 1198.049 1196.409 1194.769 1193.129 1188.439 1180.831 1173.222 1165.613 1158.005 1149.312 1140.561 1131.81 1123.059 1114.345 1105.688 1097.031 1088.374 1079.717 1069.255 1058.409 1047.564 1036.719 1026.053 1015.894 1005.735 995.5759 985.4167 975.8688 966.582 957.2953 948.0084 938.8916 930.8305 922.7694 914.7083 906.6472 901.394 898.2023 895.0105 891.8188 888.6732 888.6431 888.6131
1150.108 1153.554 1157.298 1161.041 1164.785 1168.529 1172.523 1176.597 1180.671 1184.745 1188.483 1190.855 1193.227 1195.599 1197.97 1198.951 1199.132 1199.313 1199.494 1199.527 1197.694 1195.86 1194.027 1192.193 1187.156 1179.053 1170.949 1162.846 1154.742 1145.504 1136.204 1126.905 1117.605 1108.515 1099.756 1090.996 1082.237 1073.478 1062.932 1052.005 1041.079 1030.153 1019.625 1010.214 1000.802 991.3904 981.9788 973.3858 965.1423 956.8989 948.6555 940.4478 932.462 924.4762 916.4904 908.5046 902.8615 898.9383 895.0151 891.0919 887.2118 886.2405 885.2693
1152.333 1155.574 1159.113 1162.653 1166.192 1169.731 1173.558 1177.476 1181.394 1185.312 1188.909 1191.2 1193.491 1195.782 1198.073 1198.994 1199.126 1199.259 1199.391 1199.366 1197.339 1195.312 1193.285 1191.257 1185.873 1177.275 1168.676 1160.078 1151.48 1141.696 1131.847 1121.999 1112.151 1102.685 1093.823 1084.962 1076.101 1067.239 1056.608 1045.601 1034.595 1023.588 1013.197 1004.533 995.8689 987.2049 978.541 970.9028 963.7026 956.5026 949.3026 942.0039 934.0934 926.183 918.2725 910.3621 904.329 899.6743 895.0197 890.365 885.7503 883.8379 881.9255
1154.557 1157.594 1160.929 1164.264 1167.599 1170.933 1174.593 1178.354 1182.117 1185.879 1189.335 1191.545 1193.755 1195.966 1198.176 1199.036 1199.121 1199.205 1199.289 1199.205 1196.984 1194.763 1192.542 1190.322 1184.589 1175.496 1166.403 1157.31 1148.217 1137.887 1127.49 1117.094 1106.697 1096.855 1087.891 1078.928 1069.964 1061.0 1050.285 1039.198 1028.11 1017.023 1006.768 998.8521 990.9357 983.0194 975.103 968.4197 962.263 956.1063 949.9496 943.5601 935.7249 927.8898 920.0546 912.2195 905.7965 900.4103 895.0242 889.6381 884.2889 881.4352 878.5817
1157.38 1160.263 1163.41 1166.557 1169.704 1172.851 1176.293 1179.828 1183.364 1186.899 1190.137 1192.163 1194.189 1196.215 1198.242 1199.025 1199.094 1199.163 1199.231 1199.128 1196.834 1194.54 1192.246 1189.952 1184.153 1175.001 1165.849 1156.697 1147.545 1137.356 1127.112 1116.868 1106.624 1097.181 1089.007 1080.833 1072.659 1064.486 1054.564 1044.271 1033.979 1023.686 1013.987 1005.956 997.9238 989.8921 981.8603 975.1846 969.0879 962.9913 956.8947 950.4955 942.217 933.9386 925.6601 917.3817 910.1315 903.6364 897.1411 890.6459 884.1915 880.4838 876.7762
1160.38 1163.124 1166.088 1169.052 1172.016 1174.981 1178.191 1181.479 1184.767 1188.055 1191.052 1192.863 1194.674 1196.485 1198.296 1198.997 1199.06 1199.124 1199.187 1199.076 1196.744 1194.413 1192.081 1189.749 1183.968 1174.886 1165.804 1156.722 1147.639 1137.797 1127.913 1118.029 1108.145 1099.331 1092.211 1085.092 1077.972 1070.852 1061.985 1052.746 1043.508 1034.269 1025.25 1016.847 1008.444 1000.041 991.6385 984.6896 978.3618 972.0339 965.706 959.0248 950.1494 941.274 932.3986 923.5231 915.3162 907.6002 899.884 892.1679 884.4982 879.9623 875.4265
1163.38 1165.985 1168.766 1171.548 1174.329 1177.11 1180.089 1183.129 1186.17 1189.211 1191.966 1193.562 1195.158 1196.754 1198.349 1198.969 1199.027 1199.085 1199.143 1199.024 1196.655 1194.286 1191.916 1189.547 1183.783 1174.771 1165.759 1156.746 1147.734 1138.237 1128.713 1119.19 1109.667 1101.481 1095.415 1089.35 1083.284 1077.219 1069.405 1061.221 1053.036 1044.852 1036.513 1027.739 1018.965 1010.191 1001.417 994.1948 987.6356 981.0765 974.5173 967.5542 958.0818 948.6094 939.137 929.6647 920.501 911.5639 902.6269 893.6898 884.805 879.4409 874.0768
1166.38 1168.846 1171.444 1174.043 1176.641 1179.24 1181.986 1184.78 1187.573 1190.366 1192.881 1194.262 1195.642 1197.023 1198.403 1198.941 1198.994 1199.046 1199.099 1198.972 1196.565 1194.158 1191.751 1189.344 1183.598 1174.656 1165.713 1156.771 1147.828 1138.677 1129.514 1120.351 1111.188 1103.631 1098.619 1093.608 1088.597 1083.585 1076.826 1069.696 1062.565 1055.435 1047.775 1038.63 1029.485 1020.34 1011.195 1003.7 996.9094 990.1191 983.3287 976.0836 966.0142 955.9448 945.8755 935.8062 925.6857 915.5277 905.3698 895.2118 885.1117 878.9194 872.7271
1169.252 1171.584 1174.024 1176.465 1178.905 1181.346 1183.86 1186.398 1188.936 1191.474 1193.743 1194.914 1196.084 1197.255 1198.426 1198.881 1198.924 1198.968 1199.011 1198.882 1196.557 1194.233 1191.908 1189.584 1184.016 1175.345 1166.674 1158.002 1149.331 1140.487 1131.633 1122.78 1113.926 1106.842 1102.562 1098.282 1094.002 1089.722 1083.736 1077.388 1071.041 1064.693 1057.536 1048.11 1038.684 1029.258 1019.832 1012.053 1004.978 997.9026 990.8274 983.2437 972.5016 961.7595 951.0175 940.2755 929.2747 918.0839 906.8931 895.7023 884.5744 877.6923 870.8102
1171.727 1173.938 1176.298 1178.657 1181.017 1183.377 1185.66 1187.918 1190.177 1192.435 1194.441 1195.418 1196.395 1197.372 1198.349 1198.72 1198.742 1198.764 1198.786 1198.67 1196.802 1194.935 1193.068 1191.2 1186.316 1178.542 1170.769 1162.996 1155.223 1146.567 1137.864 1129.161 1120.458 1113.36 1108.806 1104.252 1099.697 1095.143 1089.056 1082.644 1076.231 1069.819 1062.615 1053.189 1043.763 1034.337 1024.911 1016.815 1009.288 1001.761 994.2343 986.1354 974.4845 962.8336 951.1826 939.5317 927.8887 916.2515 904.6143 892.9771 881.4056 874.2653 867.1251
1174.202 1176.292 1178.571 1180.85 1183.129 1185.408 1187.459 1189.438 1191.417 1193.396 1195.139 1195.922 1196.706 1197.489 1198.273 1198.559 1198.559 1198.56 1198.56 1198.458 1197.048 1195.637 1194.227 1192.817 1188.615 1181.74 1174.864 1167.989 1161.114 1152.647 1144.095 1135.543 1126.99 1119.878 1115.05 1110.221 1105.393 1100.564 1094.376 1087.899 1081.422 1074.945 1067.693 1058.267 1048.841 1039.415 1029.989 1021.577 1013.599 1005.62 997.6413 989.0273 976.4674 963.9076 951.3478 938.788 926.5027 914.4191 902.3355 890.2519 878.2367 870.8383 863.4399
1176.677 1178.646 1180.844 1183.043 1185.241 1187.439 1189.259 1190.958 1192.657 1194.356 1195.837 1196.427 1197.016 1197.606 1198.196 1198.398 1198.377 1198.356 1198.335 1198.246 1197.293 1196.34 1195.387 1194.434 1190.914 1184.937 1178.96 1172.983 1167.006 1158.728 1150.326 1141.924 1133.522 1126.397 1121.294 1116.191 1111.088 1105.986 1099.696 1093.155 1086.613 1080.072 1072.772 1063.346 1053.92 1044.494 1035.068 1026.339 1017.909 1009.479 1001.048 991.919 978.4503 964.9816 951.5129 938.0442 925.1168 912.5868 900.0568 887.5267 875.0679 867.4114 859.7549
1179.152 1181.0 1183.118 1185.235 1187.353 1189.471 1191.058 1192.478 1193.897 1195.317 1196.534 1196.931 1197.327 1197.723 1198.12 1198.237 1198.195 1198.152 1198.11 1198.034 1197.538 1197.042 1196.546 1196.05 1193.213 1188.134 1183.055 1177.976 1172.897 1164.808 1156.557 1148.306 1140.054 1132.915 1127.538 1122.161 1116.784 1111.407 1105.016 1098.41 1091.804 1085.198 1077.851 1068.425 1058.999 1049.573 1040.147 1031.102 1022.22 1013.337 1004.455 994.8109 980.4332 966.0557 951.678 937.3005 923.7308 910.7544 897.778 884.8016 871.899 863.9844 856.0698
1181.428 1183.218 1185.212 1187.207 1189.202 1191.197 1192.569 1193.743 1194.917 1196.092 1197.066 1197.227 1197.387 1197.548 1197.708 1197.477 1197.021 1196.565 1196.109 1195.643 1195.047 1194.452 1193.856 1193.26 1190.558 1185.839 1181.121 1176.402 1171.684 1163.887 1155.925 1147.962 1140.0 1132.984 1127.467 1121.95 1116.433 1110.916 1104.188 1097.202 1090.216 1083.231 1075.574 1066.032 1056.491 1046.95 1037.409 1027.733 1017.999 1008.266 998.5321 988.1862 974.0367 959.8873 945.7379 931.5885 918.5493 906.3251 894.1008 881.8766 869.7135 861.6713 853.6291
1183.626 1185.381 1187.236 1189.091 1190.946 1192.801 1193.964 1194.906 1195.85 1196.793 1197.532 1197.439 1197.347 1197.255 1197.162 1196.477 1195.451 1194.425 1193.399 1192.381 1191.462 1190.544 1189.625 1188.707 1185.921 1181.348 1176.774 1172.201 1167.628 1160.165 1152.547 1144.929 1137.311 1130.472 1124.869 1119.266 1113.663 1108.06 1100.9 1093.409 1085.918 1078.427 1070.354 1060.652 1050.949 1041.246 1031.544 1021.111 1010.366 999.6218 988.8773 977.7552 964.2888 950.8223 937.3559 923.8895 911.8495 900.857 889.8644 878.8719 867.9213 859.8038 851.6863
1185.823 1187.544 1189.259 1190.974 1192.69 1194.405 1195.358 1196.07 1196.782 1197.494 1197.997 1197.652 1197.307 1196.962 1196.617 1195.477 1193.881 1192.285 1190.689 1189.119 1187.877 1186.636 1185.395 1184.154 1181.284 1176.856 1172.428 1168.0 1163.572 1156.443 1149.17 1141.896 1134.622 1127.961 1122.272 1116.583 1110.894 1105.205 1097.612 1089.616 1081.619 1073.622 1065.135 1055.271 1045.407 1035.543 1025.679 1014.489 1002.734 990.978 979.2222 967.324 954.5406 941.7571 928.9737 916.1902 905.1497 895.3889 885.628 875.8671 866.1291 857.9363 849.7435
1188.02 1189.708 1191.283 1192.858 1194.433 1196.009 1196.753 1197.234 1197.714 1198.195 1198.463 1197.865 1197.267 1196.669 1196.071 1194.477 1192.311 1190.145 1187.978 1185.856 1184.292 1182.729 1181.165 1179.601 1176.648 1172.365 1168.082 1163.799 1159.516 1152.722 1145.792 1138.862 1131.933 1125.45 1119.675 1113.9 1108.124 1102.349 1094.325 1085.823 1077.32 1068.818 1059.916 1049.89 1039.865 1029.839 1019.814 1007.867 995.1007 982.334 969.5673 956.8929 944.7924 932.692 920.5915 908.491 898.4499 889.9207 881.3915 872.8623 864.3369 856.0688 847.8007
1190.091 1191.721 1193.143 1194.566 1195.988 1197.411 1197.968 1198.25 1198.532 1198.814 1198.884 1198.086 1197.288 1196.491 1195.693 1193.684 1190.978 1188.273 1185.568 1182.911 1180.878 1178.844 1176.811 1174.778 1171.595 1167.313 1163.03 1158.748 1154.465 1147.891 1141.194 1134.497 1127.8 1121.421 1115.547 1109.672 1103.798 1097.924 1089.578 1080.707 1071.836 1062.965 1053.769 1043.66 1033.551 1023.442 1013.333 1000.812 987.2596 973.7076 960.1554 946.9151 935.6115 924.3079 913.0042 901.7006 892.6426 885.2332 877.8237 870.4143 862.9915 854.661 846.3306
1191.609 1193.077 1194.289 1195.502 1196.715 1197.927 1198.393 1198.621 1198.85 1199.078 1199.111 1198.346 1197.58 1196.815 1196.049 1193.796 1190.687 1187.578 1184.469 1181.358 1178.211 1175.064 1171.918 1168.771 1164.72 1159.803 1154.886 1149.969 1145.051 1138.2 1131.245 1124.289 1117.334 1110.736 1104.706 1098.676 1092.646 1086.616 1078.433 1069.793 1061.154 1052.514 1043.556 1033.705 1023.855 1014.004 1004.153 991.8521 978.5043 965.1567 951.809 938.9244 928.9169 918.9094 908.902 898.8945 890.748 883.9679 877.1877 870.4077 863.6048 855.269 846.9332
1193.127 1194.432 1195.435 1196.438 1197.441 1198.444 1198.818 1198.993 1199.168 1199.342 1199.338 1198.605 1197.872 1197.139 1196.406 1193.908 1190.395 1186.883 1183.371 1179.804 1175.544 1171.284 1167.024 1162.765 1157.845 1152.293 1146.741 1141.189 1135.637 1128.509 1121.295 1114.081 1106.868 1100.052 1093.866 1087.68 1081.493 1075.307 1067.288 1058.88 1050.471 1042.063 1033.343 1023.751 1014.158 1004.566 994.9732 982.8925 969.7491 956.6058 943.4625 930.9337 922.2224 913.511 904.7997 896.0883 888.8535 882.7026 876.5518 870.401 864.2181 855.877 847.5358
1194.645 1195.788 1196.581 1197.374 1198.168 1198.961 1199.244 1199.365 1199.485 1199.606 1199.565 1198.865 1198.164 1197.463 1196.762 1194.019 1190.104 1186.188 1182.273 1178.251 1172.877 1167.504 1162.131 1156.758 1150.969 1144.783 1138.597 1132.41 1126.224 1118.818 1111.346 1103.874 1096.402 1089.367 1083.025 1076.683 1070.341 1063.999 1056.143 1047.966 1039.789 1031.612 1023.131 1013.796 1004.462 995.1276 985.7933 973.933 960.994 948.0551 935.1161 922.9432 915.528 908.1127 900.6975 893.2822 886.959 881.4374 875.9159 870.3943 864.8315 856.4849 848.1384
1196.163 1197.144 1197.727 1198.311 1198.894 1199.477 1199.669 1199.736 1199.803 1199.87 1199.792 1199.124 1198.455 1197.787 1197.118 1194.131 1189.812 1185.493 1181.174 1176.697 1170.211 1163.724 1157.238 1150.751 1144.094 1137.273 1130.452 1123.631 1116.81 1109.126 1101.396 1093.666 1085.936 1078.683 1072.185 1065.687 1059.189 1052.691 1044.999 1037.053 1029.107 1021.161 1012.918 1003.842 994.7655 985.6893 976.6132 964.9734 952.2388 939.5043 926.7697 914.9525 908.8334 902.7143 896.5952 890.4761 885.0645 880.1722 875.2799 870.3877 865.4449 857.093 848.741
1197.109 1197.926 1198.37 1198.814 1199.259 1199.703 1199.826 1199.846 1199.866 1199.887 1199.719 1198.782 1197.845 1196.908 1195.972 1192.472 1187.498 1182.525 1177.552 1172.396 1164.923 1157.451 1149.979 1142.506 1135.067 1127.661 1120.255 1112.849 1105.443 1097.699 1089.937 1082.175 1074.413 1067.24 1060.999 1054.759 1048.518 1042.278 1035.189 1027.919 1020.65 1013.38 1005.823 997.4574 989.0919 980.7263 972.3607 961.5919 949.7967 938.0016 926.2064 915.3233 910.1045 904.8857 899.6669 894.4481 889.6072 885.0438 880.4804 875.917 871.295 862.7221 854.1492
1197.755 1198.408 1198.75 1199.092 1199.435 1199.777 1199.842 1199.819 1199.797 1199.774 1199.488 1198.126 1196.765 1195.403 1194.041 1189.888 1184.129 1178.37 1172.612 1166.661 1158.269 1149.877 1141.485 1133.093 1124.918 1116.953 1108.987 1101.022 1093.057 1085.366 1077.69 1070.014 1062.338 1055.401 1049.633 1043.866 1038.099 1032.332 1026.075 1019.715 1013.354 1006.994 1000.355 992.936 985.517 978.098 970.679 961.1205 950.6484 940.1763 929.7041 920.0567 915.5316 911.0065 906.4815 901.9564 897.5085 893.1172 888.726 884.3347 879.8774 870.9711 862.0648
1198.402 1198.891 1199.13 1199.37 1199.61 1199.85 1199.858 1199.793 1199.727 1199.661 1199.257 1197.47 1195.684 1193.897 1192.111 1187.303 1180.76 1174.216 1167.672 1160.926 1151.615 1142.303 1132.991 1123.679 1114.77 1106.245 1097.72 1089.195 1080.671 1073.033 1065.443 1057.853 1050.263 1043.562 1038.268 1032.974 1027.68 1022.386 1016.962 1011.51 1006.059 1000.607 994.8871 988.4146 981.9422 975.4698 968.9974 960.6492 951.5 942.3509 933.2017 924.7899 920.9586 917.1273 913.296 909.4647 905.4097 901.1906 896.9714 892.7522 888.4597 879.2199 869.9801
