data/zism_data/00708_01_D.txt
ncols         224
nrows         224
[rows 196 to 223 of 224, columns 63 to 125 of 224]
496.8705 493.4542 490.038 486.6218 480.7012 468.1903 455.6794 443.1685 430.6577 426.1482 424.6792 423.2102 421.7412 423.1378 438.146 453.1543 468.1625 483.1707 497.4107 511.1861 524.9612 538.7366 551.5534 552.0994 552.6455 553.1915 553.7375 549.6169 541.2185 532.8201 524.4219 516.0235 498.0591 479.8091 461.5591 443.3091 426.6153 412.0682 397.5211 382.9742 368.4271 357.3405 346.7729 336.2053 325.6377 318.3823 318.2025 318.0227 317.843 317.6632 322.7195 329.3567 335.9938 342.631 349.6887 358.2601 366.8316 375.4029 383.9744 387.7267 389.0692 390.4118 391.7543
496.5388 492.6029 488.6671 484.7312 478.2601 465.1171 451.9741 438.8311 425.6882 421.3424 420.3394 419.3365 418.3335 420.2892 436.2992 452.3091 468.3191 484.329 499.771 514.8695 529.9677 545.0662 559.0579 558.8808 558.7037 558.5266 558.3494 553.7292 545.0362 536.3431 527.6503 518.9573 502.7477 486.3136 469.8795 453.4455 438.149 424.4214 410.6939 396.9666 383.239 371.0994 359.198 347.2966 335.3952 326.3874 323.5614 320.7353 317.9093 315.0833 318.6167 324.0701 329.5234 334.9767 341.3082 350.8011 360.2939 369.7866 379.2794 384.3923 387.3151 390.2379 393.1607
496.207 491.7516 487.2962 482.8407 475.8191 462.044 448.269 434.4939 420.7189 416.5367 415.9998 415.4628 414.9259 417.4408 434.4524 451.464 468.4756 485.4873 502.1312 518.5528 534.9741 551.3957 566.5621 565.6619 564.7617 563.8614 562.9611 557.8413 548.8537 539.8661 530.8786 521.8909 507.436 492.8179 478.1997 463.5816 449.6822 436.7742 423.8662 410.9584 398.0504 384.8579 371.6227 358.3875 345.1523 334.3922 328.92 323.4478 317.9757 312.5035 314.5141 318.7836 323.0532 327.3227 332.9281 343.3423 353.7564 364.1704 374.5846 381.058 385.561 390.064 394.567
495.8753 490.9002 485.9253 480.9502 473.3779 458.9708 444.5637 430.1565 415.7494 411.7309 411.6599 411.589 411.5181 414.5922 432.6055 450.6189 468.6322 486.6455 504.4915 522.2362 539.9806 557.7253 574.0667 572.4432 570.8198 569.1964 567.573 561.9536 552.6713 543.3891 534.107 524.8247 512.1246 499.3224 486.5202 473.718 461.2159 449.1274 437.039 424.9508 412.8623 398.6169 384.0478 369.4788 354.9097 342.3974 334.2789 326.1605 318.0421 309.9237 310.4113 313.497 316.5827 319.6685 324.5476 335.8832 347.2187 358.554 369.8896 377.7236 383.8069 389.8901 395.9734
495.3179 489.9504 484.583 479.2155 471.3886 457.0897 442.7907 428.4918 414.1928 410.3937 410.5845 410.7752 410.966 414.1879 431.8087 449.4295 467.0502 484.671 501.6369 518.2068 534.7764 551.3463 566.5215 563.8433 561.1652 558.4871 555.809 549.6712 540.3623 531.0533 521.7446 512.4356 501.9215 491.3713 480.8212 470.2711 459.8045 449.453 439.1016 428.7503 418.3989 405.5858 392.4034 379.221 366.0386 354.0267 344.5154 335.0041 325.493 315.9817 314.7765 316.0789 317.3813 318.6836 322.0535 332.8661 343.6787 354.4912 365.3038 373.575 380.5755 387.576 394.5764
494.7201 488.983 483.2459 477.5088 469.4805 455.4226 441.3647 427.3068 413.2489 409.6792 410.0949 410.5106 410.9264 414.2224 431.2003 448.1783 465.1563 482.1342 497.8464 512.7932 527.7397 542.6865 556.2755 552.4832 548.6909 544.8985 541.1062 534.4468 525.1593 515.8718 506.5844 497.2969 489.046 480.8261 472.6062 464.3863 456.0698 447.6199 439.1701 430.7204 422.2705 411.3358 400.0283 388.7208 377.4132 366.3061 355.627 344.9479 334.269 323.5898 320.6614 320.0729 319.4844 318.8958 320.6159 330.6464 340.6769 350.7073 360.7378 369.2804 377.0791 384.8777 392.6764
494.1222 488.0155 481.9088 475.802 467.5722 453.7554 439.9386 426.1218 412.3049 408.9646 409.6053 410.246 410.8867 414.2568 430.592 446.9271 463.2622 479.5974 494.0558 507.3794 520.7028 534.0264 546.0291 541.1226 536.216 531.3095 526.403 519.2218 509.9557 500.6896 491.4237 482.1576 476.1701 470.2805 464.3909 458.5013 452.3349 445.7867 439.2386 432.6905 426.1423 417.086 407.6534 398.2209 388.7883 378.5859 366.7389 354.892 343.0452 331.1982 326.5465 324.067 321.5876 319.1081 319.1782 328.4266 337.675 346.9232 356.1717 364.9857 373.5826 382.1794 390.7763
493.5244 487.048 480.5717 474.0953 465.664 452.0883 438.5125 424.9367 411.361 408.2501 409.1158 409.9814 410.8471 414.2913 429.9836 445.6759 461.3682 477.0605 490.2651 501.9656 513.6659 525.3663 535.7828 529.762 523.7412 517.7205 511.6997 503.9969 494.7522 485.5075 476.263 467.0183 463.2942 459.7349 456.1756 452.6164 448.6001 443.9536 439.3071 434.6606 430.0141 422.8362 415.2786 407.7209 400.1633 390.8657 377.8509 364.8361 351.8214 338.8066 332.4316 328.0612 323.6908 319.3203 317.7405 326.2068 334.6731 343.1392 351.6055 360.691 370.086 379.4811 388.8762
492.0902 485.2581 478.4262 471.5942 463.0396 449.9517 436.8639 423.7761 410.6882 407.9557 409.1582 410.3606 411.5631 415.1364 429.9716 444.8069 459.6421 474.4773 486.3194 496.3517 506.3839 516.4163 525.226 518.3844 511.5429 504.7014 497.8599 489.8187 480.6777 471.5368 462.396 453.255 451.2538 449.4658 447.6778 445.8897 443.5742 440.5312 437.4882 434.4452 431.4022 425.8855 419.9978 414.1101 408.2224 399.9756 386.6888 373.4021 360.1156 346.8289 339.4357 333.8218 328.2079 322.5941 319.8313 327.3323 334.8333 342.3341 349.8351 358.7334 368.3304 377.9274 387.5244
488.6068 481.4533 474.3 467.1465 458.6599 446.6649 434.6699 422.6749 410.6799 408.6909 410.504 412.3171 414.1302 417.9677 431.4208 444.8739 458.3271 471.7802 481.9932 490.247 498.5007 506.7545 513.9072 506.9639 500.0206 493.0773 486.134 478.2035 469.3679 460.5323 451.6968 442.8612 441.259 439.8727 438.4865 437.1003 435.3846 433.2148 431.0449 428.8751 426.7052 422.3179 417.598 412.8781 408.1583 401.3201 389.9565 378.5929 367.2296 355.866 349.1821 343.9111 338.64 333.369 330.5671 336.6538 342.7406 348.8272 354.9139 362.5016 370.8397 379.1778 387.5159
485.1234 477.6485 470.1738 462.6989 454.2803 443.3781 432.4759 421.5738 410.6716 409.426 411.8498 414.2736 416.6974 420.7989 432.87 444.941 457.0121 469.0831 477.6669 484.1422 490.6175 497.0928 502.5884 495.5434 488.4983 481.4532 474.4082 466.5882 458.058 449.5277 440.9977 432.4674 431.2642 430.2797 429.2952 428.3108 427.195 425.8983 424.6016 423.3049 422.0082 418.7503 415.1982 411.6462 408.0941 402.6646 393.2242 383.7838 374.3435 364.9031 358.9286 354.0003 349.0721 344.1439 341.3029 345.9754 350.6479 355.3203 359.9928 366.2698 373.349 380.4282 387.5074
481.6401 473.8438 466.0477 458.2514 449.9008 440.0914 430.282 420.4727 410.6633 410.1611 413.1956 416.23 419.2644 423.6301 434.3191 445.0081 455.6971 466.3861 473.3409 478.0377 482.7345 487.4314 491.2701 484.1232 476.9764 469.8296 462.6827 454.9734 446.7485 438.5236 430.2989 422.074 421.2697 420.687 420.1043 419.5216 419.0057 418.5821 418.1585 417.735 417.3113 415.1828 412.7985 410.4142 408.0299 404.009 396.4917 388.9744 381.4572 373.9399 368.6746 364.0893 359.5039 354.9185 352.0383 355.2966 358.5549 361.8132 365.0715 370.0378 375.8582 381.6786 387.499
478.1567 470.039 461.9215 453.8038 445.5212 436.8046 428.088 419.3715 410.6549 410.8962 414.5414 418.1864 421.8316 426.4614 435.7683 445.0752 454.3821 463.689 469.0146 471.933 474.8513 477.7696 479.9513 472.7027 465.4541 458.2054 450.9568 443.3582 435.4387 427.5191 419.5997 411.6802 411.2749 411.094 410.913 410.7321 410.8161 411.2657 411.7152 412.1648 412.6143 411.6152 410.3987 409.1823 407.9658 405.3535 399.7594 394.1652 388.5712 382.977 378.4211 374.1785 369.9359 365.6934 362.774 364.6181 366.4622 368.3063 370.1504 373.806 378.3675 382.929 387.4905
473.9474 466.2493 458.5513 450.8532 443.2716 435.9968 428.722 421.4472 414.1724 415.256 419.5157 423.7754 428.0351 432.9486 440.9676 448.9865 457.0054 465.0244 468.7808 469.9598 471.1389 472.318 472.8665 465.3436 457.8207 450.2979 442.775 435.5195 428.5091 421.4987 414.4884 407.478 407.295 407.3158 407.3367 407.3576 407.6389 408.2794 408.9199 409.5604 410.201 409.6081 408.8301 408.0522 407.2743 405.3302 400.8947 396.4591 392.0237 387.5881 383.9164 380.4754 377.0344 373.5934 371.3033 373.1563 375.0094 376.8624 378.7155 381.7152 385.2884 388.8615 392.4347
469.4724 462.4653 455.4583 448.4512 441.8025 436.0972 430.3918 424.6866 418.9812 420.9434 425.8191 430.6948 435.5705 440.7749 447.5403 454.3058 461.0713 467.8368 470.046 469.5002 468.9545 468.4087 467.3329 459.4726 451.6123 443.7519 435.8916 429.0644 423.1842 417.3041 411.424 405.5439 405.5185 405.6679 405.8173 405.9667 406.2978 406.8794 407.461 408.0425 408.6241 408.1726 407.5661 406.9596 406.3531 404.8059 401.2488 397.6917 394.1347 390.5777 387.8545 385.3829 382.9114 380.4399 379.0238 381.4072 383.7906 386.1739 388.5573 391.141 393.825 396.5089 399.1928
464.9972 458.6811 452.3651 446.049 440.3333 436.1975 432.0618 427.926 423.7902 426.631 432.1227 437.6143 443.1061 448.6014 454.1134 459.6254 465.1373 470.6493 471.3112 469.0406 466.77 464.4993 461.7992 453.6014 445.4036 437.2057 429.008 422.6091 417.8592 413.1094 408.3596 403.6097 403.7419 404.0199 404.2979 404.5758 404.9567 405.4793 406.002 406.5246 407.0473 406.7371 406.3021 405.867 405.4319 404.2815 401.603 398.9244 396.2459 393.5674 391.7926 390.2906 388.7887 387.2867 386.7447 389.6584 392.5721 395.4857 398.3994 400.5672 402.3619 404.1566 405.9513
460.522 454.8969 449.2719 443.6469 438.8641 436.2979 433.7317 431.1654 428.5992 432.3185 438.4263 444.534 450.6417 456.4279 460.6864 464.9449 469.2034 473.4619 472.5765 468.5809 464.5854 460.5899 456.2654 447.7301 439.1949 430.6596 422.1243 416.1538 412.5342 408.9146 405.2951 401.6756 401.9654 402.3719 402.7784 403.185 403.6155 404.0793 404.543 405.0067 405.4704 405.3016 405.038 404.7743 404.5107 403.7571 401.9571 400.1571 398.3571 396.5571 395.7307 395.1983 394.6659 394.1335 394.4655 397.9096 401.3536 404.7976 408.2416 409.9933 410.8988 411.8042 412.7097
456.1244 451.1457 446.167 441.1882 437.2387 435.9979 434.7571 433.5163 432.2755 436.817 443.5557 450.2942 457.0329 463.1806 466.521 469.8614 473.2018 476.5422 474.3533 468.821 463.2889 457.7567 451.9795 443.0658 434.152 425.2383 416.3246 410.6787 408.0282 405.3777 402.7273 400.0768 400.7122 401.4457 402.1793 402.9128 403.5786 404.1511 404.7236 405.296 405.8685 405.7512 405.5304 405.3095 405.0887 404.5305 403.2512 401.9719 400.6927 399.4135 399.3688 399.6969 400.0251 400.3532 401.5146 405.6763 409.8379 413.9994 418.161 419.6876 419.8967 420.1058 420.3149
452.0948 447.55 443.0052 438.4604 434.871 433.7963 432.7216 431.6469 430.5722 435.6679 443.1083 450.5486 457.989 464.8338 468.8492 472.8645 476.8799 480.8953 478.5601 472.385 466.2101 460.035 453.62 444.1331 434.6461 425.1592 415.6723 409.8585 407.4116 404.9647 402.5179 400.0709 401.945 403.9482 405.9513 407.9544 409.7367 411.2145 412.6923 414.17 415.6478 415.1548 414.3661 413.5775 412.7888 411.468 409.0102 406.5524 404.0947 401.6369 401.5823 402.2533 402.9243 403.5952 405.3744 411.1431 416.9118 422.6804 428.4491 430.6579 431.0866 431.5153 431.944
448.0654 443.9544 439.8436 435.7326 432.5034 431.5948 430.6862 429.7775 428.8689 434.5188 442.6609 450.8029 458.9451 466.4869 471.1772 475.8676 480.5579 485.2483 482.7668 475.9489 469.1311 462.3132 455.2604 445.2003 435.1402 425.0802 415.0201 409.0384 406.795 404.5517 402.3084 400.065 403.1778 406.4505 409.7232 412.9958 415.8946 418.2776 420.6607 423.0437 425.4268 424.5581 423.2016 421.8452 420.4887 418.4053 414.769 411.1328 407.4966 403.8603 403.7958 404.8096 405.8234 406.8372 409.234 416.6098 423.9855 431.3611 438.7369 441.6277 442.2761 442.9244 443.5727
444.0358 440.3588 436.6818 433.0048 430.1358 429.3932 428.6506 427.9081 427.1655 433.3697 442.2136 451.0573 459.9012 468.1401 473.5054 478.8708 484.2361 489.6014 486.9736 479.5128 472.0522 464.5915 456.9008 446.2676 435.6343 425.0011 414.3678 408.2182 406.1784 404.1386 402.0989 400.0591 404.4106 408.9529 413.4952 418.0375 422.0527 425.3411 428.6294 431.9177 435.206 433.9617 432.0374 430.1131 428.1888 425.3429 420.5281 415.7133 410.8986 406.0837 406.0093 407.3659 408.7226 410.0792 413.0938 422.0766 431.0594 440.0421 449.025 452.598 453.4659 454.3339 455.2018
440.0062 436.7631 433.5201 430.2769 427.7681 427.1916 426.6151 426.0386 425.4622 432.2206 441.7662 451.3117 460.8573 469.7933 475.8336 481.8739 487.9142 493.9545 491.1804 483.0768 474.9733 466.8697 458.5413 447.3349 436.1284 424.922 413.7156 407.398 405.5618 403.7256 401.8894 400.0532 405.6434 411.4553 417.2672 423.0791 428.2108 432.4045 436.5981 440.7917 444.9853 443.3653 440.8731 438.381 435.8889 432.2804 426.2871 420.2938 414.3005 408.3072 408.2228 409.9223 411.6218 413.3213 416.9535 427.5435 438.1334 448.7232 459.3131 463.5682 464.6558 465.7433 466.8309
436.718 433.8429 430.9677 428.0925 425.7816 424.9554 424.1292 423.3031 422.4769 429.1156 438.5909 448.066 457.5413 466.5848 473.5772 480.5696 487.562 494.5544 492.3553 484.5988 476.8423 469.0857 461.0431 449.3394 437.6357 425.932 414.2283 407.7808 406.1515 404.5221 402.8928 401.2635 408.2077 415.408 422.6082 429.8084 435.9688 440.6949 445.4209 450.1469 454.873 453.2131 450.5952 447.9774 445.3596 441.4507 434.7838 428.1168 421.4499 414.7829 413.6652 414.2227 414.7803 415.338 418.0708 428.6346 439.1983 449.7618 460.3256 465.0923 466.9604 468.8285 470.6966
433.892 431.3436 428.7952 426.2468 424.0325 422.6974 421.3623 420.0273 418.6922 424.7909 433.7144 442.6378 451.5613 460.3446 468.462 476.5794 484.6967 492.8141 491.6398 484.8475 478.0553 471.263 464.0822 451.9285 439.7748 427.6211 415.4674 408.9137 407.4933 406.0728 404.6524 403.232 411.6024 420.2651 428.9278 437.5905 444.7247 449.7507 454.7767 459.8027 464.8287 463.3384 460.8706 458.4027 455.9349 452.0138 444.9879 437.962 430.9362 423.9103 421.1211 419.6109 418.1008 416.5906 417.4782 426.9973 436.5164 446.0353 455.5544 460.7264 463.7249 466.7233 469.7217
431.0659 428.8443 426.6227 424.4011 422.2835 420.4395 418.5955 416.7515 414.9075 420.4662 428.838 437.2096 445.5813 454.1045 463.3468 472.5891 481.8315 491.0738 490.9243 485.0963 479.2683 473.4402 467.1212 454.5175 441.9138 429.3102 416.7065 410.0466 408.8351 407.6236 406.4121 405.2006 414.9971 425.1222 435.2473 445.3725 453.4806 458.8066 464.1326 469.4585 474.7845 473.4637 471.1459 468.8281 466.5103 462.5768 455.192 447.8072 440.4225 433.0377 428.577 424.9991 421.4212 417.8433 416.8856 425.36 433.8345 442.3088 450.7832 456.3606 460.4893 464.6181 468.7468
428.24 426.3451 424.4503 422.5555 420.5345 418.1816 415.8287 413.4758 411.1229 416.1417 423.9617 431.7816 439.6015 447.8645 458.2318 468.599 478.9663 489.3335 490.2089 485.345 480.4813 475.6174 470.1602 457.1065 444.0529 430.9992 417.9456 411.1795 410.1769 409.1743 408.1717 407.1691 418.3916 429.9792 441.5667 453.1542 462.2362 467.8621 473.4881 479.1139 484.7399 483.5887 481.4208 479.253 477.0852 473.1395 465.3958 457.6521 449.9085 442.1648 436.0327 430.3871 424.7415 419.096 416.2929 423.7228 431.1526 438.5824 446.0122 451.9949 457.2539 462.5129 467.772
425.6405 424.1004 422.5603 421.0202 419.1206 416.2749 413.4292 410.5835 407.7379 412.2117 419.4669 426.722 433.9771 441.9568 453.3779 464.799 476.2201 487.6412 489.4855 485.5394 481.5933 477.6471 473.0112 459.5454 446.0797 432.614 419.1482 412.3175 411.5688 410.8202 410.0715 409.3229 421.873 434.8202 447.7674 460.7146 470.6879 476.5591 482.4304 488.3016 494.1728 493.2011 491.2028 489.2046 487.2063 483.2899 475.2758 467.2616 459.2476 451.2335 443.5067 435.8667 428.2267 420.5867 415.9773 422.278 428.5788 434.8795 441.1802 447.5061 453.8445 460.1829 466.5213
426.7231 425.9918 425.2606 424.5294 423.1525 420.0765 417.0005 413.9244 410.8484 414.696 421.1744 427.6528 434.1313 441.4516 452.7709 464.0902 475.4095 486.7289 488.635 484.8495 481.0641 477.2787 472.8065 459.5443 446.2821 433.02 419.7578 413.5387 413.7756 414.0126 414.2496 414.4866 426.7636 439.4001 452.0366 464.6731 474.1961 479.4245 484.653 489.8813 495.1098 494.4781 492.9673 491.4565 489.9457 486.7337 479.8874 473.041 466.1948 459.3484 451.2753 442.8318 434.3883 425.9448 420.1628 423.9619 427.761 431.56 435.3591 441.019 447.6092 454.1994 460.7896
