data/zism_data/00701_03_D.txt
ncols         224
nrows         224
[rows 112 to 139 of 224, columns 0 to 62 of 224]
1134.772 1140.664 1147.245 1154.982 1162.72 1170.457 1178.195 1182.515 1185.432 1188.35 1191.267 1194.111 1195.371 1196.631 1197.891 1199.151 1199.68 1199.016 1198.353 1197.689 1197.026 1197.079 1197.418 1197.757 1198.096 1198.436 1198.775 1199.114 1199.453 1199.792 1199.477 1198.124 1196.771 1195.417 1194.064 1192.387 1190.586 1188.785 1186.984 1185.378 1187.0 1188.621 1190.243 1191.864 1191.919 1189.549 1187.178 1184.808 1182.438 1177.012 1170.444 1163.877 1157.309 1150.747 1144.264 1137.781 1131.298 1124.816 1119.541 1116.088 1112.634 1109.181 1105.727
1133.265 1138.372 1144.11 1150.905 1157.7 1164.495 1171.29 1175.444 1178.513 1181.583 1184.652 1187.7 1190.284 1192.868 1195.453 1198.037 1199.47 1199.027 1198.583 1198.139 1197.695 1197.755 1198.016 1198.277 1198.537 1198.798 1199.058 1199.319 1199.579 1199.84 1199.127 1196.869 1194.61 1192.351 1190.092 1187.302 1184.307 1181.313 1178.318 1175.611 1177.651 1179.692 1181.732 1183.772 1184.182 1182.068 1179.955 1177.841 1175.727 1170.542 1164.21 1157.878 1151.546 1145.236 1139.25 1133.265 1127.279 1121.294 1116.565 1113.729 1110.893 1108.057 1105.221
1131.759 1136.08 1140.974 1146.827 1152.68 1158.533 1164.386 1168.373 1171.595 1174.816 1178.037 1181.289 1185.197 1189.106 1193.014 1196.923 1199.261 1199.037 1198.813 1198.589 1198.365 1198.432 1198.614 1198.796 1198.978 1199.16 1199.342 1199.524 1199.706 1199.888 1198.778 1195.613 1192.449 1189.285 1186.12 1182.217 1178.029 1173.841 1169.652 1165.844 1168.303 1170.762 1173.221 1175.681 1176.445 1174.588 1172.731 1170.874 1169.016 1164.073 1157.976 1151.88 1145.783 1139.725 1134.237 1128.749 1123.26 1117.772 1113.588 1111.37 1109.152 1106.933 1104.715
1130.252 1133.789 1137.839 1142.75 1147.661 1152.571 1157.482 1161.303 1164.676 1168.049 1171.422 1174.878 1180.11 1185.343 1190.576 1195.808 1199.052 1199.047 1199.043 1199.039 1199.035 1199.108 1199.212 1199.315 1199.419 1199.522 1199.626 1199.729 1199.833 1199.936 1198.428 1194.358 1190.288 1186.218 1182.149 1177.132 1171.75 1166.368 1160.987 1156.077 1158.955 1161.833 1164.711 1167.589 1168.708 1167.107 1165.507 1163.906 1162.306 1157.603 1151.742 1145.881 1140.02 1134.214 1129.223 1124.232 1119.241 1114.25 1110.612 1109.011 1107.411 1105.81 1104.209
1128.746 1131.497 1134.703 1138.672 1142.641 1146.609 1150.578 1154.232 1157.757 1161.282 1164.807 1168.467 1175.023 1181.58 1188.137 1194.694 1198.842 1199.058 1199.274 1199.489 1199.705 1199.784 1199.809 1199.834 1199.859 1199.885 1199.91 1199.935 1199.96 1199.985 1198.078 1193.103 1188.127 1183.152 1178.177 1172.047 1165.471 1158.896 1152.321 1146.31 1149.607 1152.903 1156.2 1159.497 1160.971 1159.627 1158.283 1156.939 1155.595 1151.133 1145.508 1139.882 1134.257 1128.703 1124.209 1119.716 1115.222 1110.728 1107.635 1106.652 1105.669 1104.686 1103.703
1125.636 1127.698 1130.128 1133.172 1136.216 1139.261 1142.305 1145.853 1149.608 1153.364 1157.119 1161.052 1168.816 1176.579 1184.343 1192.106 1197.163 1197.802 1198.441 1199.08 1199.718 1199.885 1199.864 1199.842 1199.821 1199.79 1199.576 1199.362 1199.148 1198.934 1196.664 1191.129 1185.594 1180.059 1174.524 1167.58 1160.093 1152.606 1145.119 1138.247 1141.517 1144.787 1148.056 1151.326 1152.975 1152.115 1151.256 1150.396 1149.537 1145.462 1140.186 1134.91 1129.634 1124.434 1120.352 1116.27 1112.188 1108.106 1105.391 1104.733 1104.075 1103.417 1102.76
1121.775 1123.194 1124.878 1127.006 1129.135 1131.263 1133.391 1136.862 1140.884 1144.906 1148.928 1153.168 1162.083 1170.998 1179.914 1188.829 1194.796 1195.953 1197.11 1198.267 1199.424 1199.716 1199.663 1199.61 1199.557 1199.481 1198.953 1198.425 1197.897 1197.369 1194.753 1188.82 1182.887 1176.954 1171.021 1163.404 1155.137 1146.87 1138.603 1130.982 1134.016 1137.051 1140.085 1143.119 1144.856 1144.589 1144.32 1144.052 1143.785 1140.164 1135.291 1130.418 1125.546 1120.747 1117.036 1113.326 1109.616 1105.905 1103.488 1103.019 1102.549 1102.08 1101.611
1117.915 1118.69 1119.628 1120.84 1122.053 1123.265 1124.477 1127.871 1132.16 1136.449 1140.738 1145.284 1155.351 1165.418 1175.484 1185.551 1192.429 1194.105 1195.78 1197.455 1199.13 1199.547 1199.463 1199.379 1199.294 1199.172 1198.329 1197.487 1196.645 1195.803 1192.841 1186.511 1180.18 1173.849 1167.519 1159.228 1150.181 1141.134 1132.087 1123.717 1126.516 1129.314 1132.113 1134.912 1136.738 1137.062 1137.385 1137.709 1138.032 1134.866 1130.396 1125.927 1121.457 1117.059 1113.72 1110.382 1107.043 1103.704 1101.585 1101.305 1101.024 1100.743 1100.462
1114.054 1114.185 1114.378 1114.674 1114.971 1115.267 1115.563 1118.88 1123.436 1127.992 1132.548 1137.401 1148.619 1159.837 1171.055 1182.273 1190.063 1192.256 1194.449 1196.643 1198.836 1199.378 1199.262 1199.147 1199.031 1198.863 1197.706 1196.55 1195.394 1194.238 1190.93 1184.201 1177.473 1170.744 1164.016 1155.051 1145.224 1135.397 1125.57 1116.452 1119.015 1121.578 1124.141 1126.704 1128.62 1129.535 1130.45 1131.365 1132.28 1129.568 1125.501 1121.435 1117.368 1113.371 1110.404 1107.437 1104.47 1101.503 1099.683 1099.59 1099.498 1099.406 1099.313
1110.442 1110.011 1109.562 1109.079 1108.597 1108.114 1107.632 1110.88 1115.658 1120.437 1125.216 1130.32 1142.421 1154.521 1166.622 1178.723 1187.221 1189.841 1192.46 1195.08 1197.699 1198.273 1198.033 1197.793 1197.553 1197.25 1195.769 1194.287 1192.805 1191.323 1187.757 1180.88 1174.003 1167.126 1160.249 1150.839 1140.451 1130.063 1119.676 1110.012 1112.287 1114.562 1116.837 1119.112 1121.057 1122.491 1123.925 1125.359 1126.793 1124.538 1120.905 1117.272 1113.639 1110.071 1107.452 1104.832 1102.213 1099.593 1098.038 1098.086 1098.133 1098.181 1098.228
1108.481 1108.04 1107.635 1107.289 1106.942 1106.596 1106.249 1109.485 1114.19 1118.896 1123.601 1128.594 1139.784 1150.974 1162.164 1173.354 1181.217 1183.648 1186.079 1188.51 1190.941 1190.929 1189.946 1188.963 1187.98 1186.951 1185.066 1183.181 1181.296 1179.411 1176.183 1170.818 1165.454 1160.09 1154.725 1146.385 1136.898 1127.411 1117.923 1109.072 1110.708 1112.345 1113.981 1115.618 1117.189 1118.66 1120.13 1121.601 1123.072 1121.291 1118.297 1115.303 1112.309 1109.35 1106.919 1104.489 1102.058 1099.627 1098.111 1097.976 1097.84 1097.704 1097.569
1106.52 1106.069 1105.708 1105.498 1105.287 1105.077 1104.867 1108.09 1112.722 1117.354 1121.986 1126.869 1137.148 1147.428 1157.707 1167.986 1175.212 1177.455 1179.697 1181.94 1184.182 1183.586 1181.859 1180.133 1178.406 1176.651 1174.363 1172.075 1169.788 1167.5 1164.608 1160.756 1156.905 1153.053 1149.201 1141.932 1133.345 1124.758 1116.171 1108.132 1109.13 1110.128 1111.125 1112.123 1113.321 1114.828 1116.336 1117.843 1119.35 1118.045 1115.69 1113.334 1110.978 1108.63 1106.387 1104.145 1101.902 1099.66 1098.185 1097.866 1097.547 1097.228 1096.909
1104.56 1104.098 1103.781 1103.707 1103.633 1103.559 1103.484 1106.695 1111.254 1115.813 1120.371 1125.144 1134.512 1143.881 1153.249 1162.618 1169.207 1171.261 1173.316 1175.37 1177.424 1176.242 1173.772 1171.302 1168.832 1166.351 1163.66 1160.97 1158.279 1155.588 1153.033 1150.694 1148.355 1146.016 1143.677 1137.479 1129.792 1122.105 1114.419 1107.192 1107.551 1107.911 1108.27 1108.629 1109.453 1110.997 1112.541 1114.085 1115.629 1114.799 1113.082 1111.365 1109.648 1107.91 1105.855 1103.801 1101.747 1099.693 1098.258 1097.756 1097.254 1096.752 1096.25
1102.599 1102.127 1101.854 1101.916 1101.978 1102.04 1102.102 1105.3 1109.786 1114.271 1118.756 1123.418 1131.876 1140.334 1148.792 1157.249 1163.203 1165.068 1166.934 1168.8 1170.666 1168.898 1165.685 1162.472 1159.259 1156.052 1152.958 1149.864 1146.77 1143.676 1141.458 1140.632 1139.806 1138.979 1138.153 1133.025 1126.239 1119.453 1112.667 1106.252 1105.973 1105.693 1105.414 1105.135 1105.586 1107.166 1108.747 1110.327 1111.908 1111.552 1110.474 1109.396 1108.317 1107.189 1105.323 1103.458 1101.592 1099.726 1098.332 1097.646 1096.961 1096.276 1095.591
1101.738 1101.31 1101.073 1101.156 1101.239 1101.321 1101.404 1104.401 1108.595 1112.789 1116.982 1121.325 1128.878 1136.431 1143.984 1151.537 1156.692 1157.932 1159.173 1160.413 1161.654 1159.526 1156.058 1152.59 1149.122 1145.687 1142.857 1140.028 1137.199 1134.369 1132.682 1132.81 1132.939 1133.067 1133.195 1128.991 1123.117 1117.244 1111.37 1105.795 1105.141 1104.487 1103.833 1103.179 1103.344 1104.776 1106.208 1107.64 1109.072 1108.987 1108.334 1107.682 1107.03 1106.313 1104.642 1102.971 1101.3 1099.629 1098.278 1097.409 1096.541 1095.672 1094.804
1101.675 1101.331 1101.123 1101.143 1101.163 1101.183 1101.203 1103.863 1107.606 1111.349 1115.093 1118.966 1125.618 1132.271 1138.924 1145.577 1149.815 1150.113 1150.411 1150.71 1151.008 1148.683 1145.315 1141.946 1138.578 1135.275 1133.194 1131.113 1129.032 1126.951 1125.936 1126.614 1127.291 1127.969 1128.647 1125.261 1120.309 1115.356 1110.404 1105.686 1104.849 1104.012 1103.175 1102.338 1102.28 1103.43 1104.579 1105.729 1106.878 1106.914 1106.534 1106.154 1105.774 1105.325 1103.853 1102.38 1100.908 1099.436 1098.131 1097.08 1096.028 1094.976 1093.925
1101.612 1101.352 1101.173 1101.13 1101.087 1101.044 1101.001 1103.324 1106.617 1109.91 1113.203 1116.606 1122.359 1128.111 1133.863 1139.616 1142.938 1142.294 1141.65 1141.006 1140.362 1137.84 1134.571 1131.302 1128.033 1124.863 1123.53 1122.198 1120.866 1119.533 1119.19 1120.417 1121.644 1122.872 1124.099 1121.531 1117.5 1113.469 1109.437 1105.578 1104.558 1103.537 1102.517 1101.497 1101.217 1102.084 1102.951 1103.818 1104.684 1104.842 1104.734 1104.626 1104.518 1104.337 1103.063 1101.79 1100.516 1099.243 1097.985 1096.75 1095.515 1094.281 1093.046
1101.549 1101.373 1101.223 1101.117 1101.011 1100.905 1100.8 1102.785 1105.628 1108.471 1111.314 1114.246 1119.099 1123.951 1128.803 1133.655 1136.061 1134.475 1132.888 1131.302 1129.716 1126.997 1123.828 1120.658 1117.489 1114.451 1113.867 1113.283 1112.699 1112.115 1112.443 1114.22 1115.997 1117.774 1119.551 1117.801 1114.691 1111.581 1108.471 1105.47 1104.267 1103.063 1101.859 1100.656 1100.154 1100.738 1101.322 1101.906 1102.49 1102.769 1102.933 1103.098 1103.262 1103.348 1102.274 1101.199 1100.125 1099.05 1097.839 1096.421 1095.003 1093.585 1092.167
1101.609 1101.512 1101.385 1101.204 1101.023 1100.843 1100.662 1102.308 1104.704 1107.1 1109.497 1111.962 1115.923 1119.884 1123.844 1127.805 1129.309 1126.805 1124.3 1121.796 1119.291 1116.388 1113.327 1110.266 1107.205 1104.307 1104.451 1104.596 1104.741 1104.886 1105.864 1108.167 1110.47 1112.774 1115.077 1114.126 1111.921 1109.717 1107.512 1105.354 1103.975 1102.596 1101.217 1099.838 1099.12 1099.425 1099.731 1100.036 1100.341 1100.734 1101.16 1101.586 1102.011 1102.354 1101.473 1100.591 1099.71 1098.829 1097.661 1096.062 1094.462 1092.863 1091.264
1105.753 1105.631 1105.307 1104.645 1103.982 1103.32 1102.658 1103.923 1105.979 1108.034 1110.09 1112.204 1115.574 1118.943 1122.312 1125.681 1126.771 1124.141 1121.511 1118.88 1116.25 1113.604 1110.951 1108.298 1105.645 1103.138 1103.345 1103.553 1103.76 1103.968 1104.886 1106.933 1108.979 1111.026 1113.073 1112.312 1110.468 1108.624 1106.781 1104.968 1103.673 1102.377 1101.082 1099.787 1099.062 1099.221 1099.38 1099.539 1099.698 1099.971 1100.286 1100.602 1100.918 1101.158 1100.282 1099.406 1098.53 1097.654 1096.441 1094.721 1093.002 1091.282 1089.562
1109.897 1109.749 1109.229 1108.085 1106.941 1105.797 1104.653 1105.537 1107.253 1108.968 1110.684 1112.447 1115.224 1118.002 1120.78 1123.558 1124.233 1121.477 1118.721 1115.965 1113.209 1110.819 1108.575 1106.33 1104.086 1101.969 1102.24 1102.51 1102.78 1103.051 1103.908 1105.698 1107.488 1109.279 1111.069 1110.497 1109.014 1107.532 1106.049 1104.582 1103.371 1102.159 1100.948 1099.736 1099.005 1099.017 1099.029 1099.042 1099.054 1099.207 1099.413 1099.619 1099.824 1099.962 1099.091 1098.22 1097.349 1096.479 1095.221 1093.381 1091.541 1089.701 1087.86
1114.042 1113.867 1113.151 1111.525 1109.9 1108.275 1106.649 1107.151 1108.527 1109.902 1111.278 1112.689 1114.875 1117.062 1119.248 1121.434 1121.695 1118.813 1115.932 1113.05 1110.169 1108.035 1106.199 1104.363 1102.526 1100.8 1101.134 1101.467 1101.8 1102.133 1102.93 1104.464 1105.997 1107.531 1109.065 1108.682 1107.561 1106.439 1105.318 1104.196 1103.069 1101.941 1100.813 1099.685 1098.947 1098.813 1098.679 1098.544 1098.41 1098.443 1098.539 1098.635 1098.731 1098.766 1097.9 1097.035 1096.169 1095.304 1094.001 1092.041 1090.08 1088.12 1086.159
1118.186 1117.986 1117.073 1114.966 1112.859 1110.752 1108.645 1108.766 1109.801 1110.836 1111.871 1112.931 1114.526 1116.121 1117.716 1119.31 1119.157 1116.15 1113.142 1110.135 1107.128 1105.251 1103.823 1102.395 1100.967 1099.632 1100.028 1100.424 1100.82 1101.216 1101.952 1103.229 1104.506 1105.783 1107.061 1106.867 1106.107 1105.347 1104.587 1103.811 1102.766 1101.722 1100.678 1099.634 1098.89 1098.609 1098.328 1098.047 1097.766 1097.68 1097.666 1097.651 1097.637 1097.57 1096.709 1095.849 1094.989 1094.129 1092.781 1090.7 1088.619 1086.538 1084.457
1123.626 1123.572 1122.714 1120.509 1118.303 1116.098 1113.892 1113.678 1114.28 1114.882 1115.484 1116.101 1117.04 1117.978 1118.916 1119.854 1119.188 1115.902 1112.617 1109.331 1106.046 1104.157 1102.825 1101.492 1100.16 1098.915 1099.306 1099.697 1100.088 1100.48 1101.147 1102.253 1103.359 1104.464 1105.57 1105.519 1105.023 1104.526 1104.03 1103.506 1102.543 1101.581 1100.618 1099.655 1098.93 1098.573 1098.215 1097.858 1097.501 1097.308 1097.176 1097.045 1096.913 1096.732 1095.822 1094.912 1094.002 1093.092 1091.656 1089.43 1087.203 1084.977 1082.751
1130.48 1130.76 1130.232 1128.346 1126.459 1124.573 1122.687 1122.187 1122.255 1122.323 1122.391 1122.466 1122.677 1122.887 1123.098 1123.309 1122.022 1118.292 1114.561 1110.831 1107.1 1104.909 1103.331 1101.752 1100.174 1098.691 1099.004 1099.316 1099.629 1099.942 1100.531 1101.558 1102.585 1103.612 1104.64 1104.681 1104.341 1104.001 1103.662 1103.291 1102.407 1101.522 1100.638 1099.754 1099.076 1098.719 1098.362 1098.004 1097.647 1097.363 1097.105 1096.848 1096.591 1096.286 1095.266 1094.245 1093.225 1092.205 1090.635 1088.236 1085.837 1083.438 1081.039
1137.333 1137.949 1137.749 1136.182 1134.615 1133.049 1131.482 1130.696 1130.23 1129.764 1129.299 1128.831 1128.314 1127.797 1127.28 1126.763 1124.856 1120.681 1116.506 1112.33 1108.155 1105.661 1103.837 1102.012 1100.187 1098.467 1098.702 1098.936 1099.17 1099.404 1099.914 1100.863 1101.812 1102.761 1103.709 1103.842 1103.659 1103.477 1103.294 1103.076 1102.27 1101.464 1100.658 1099.853 1099.223 1098.865 1098.508 1098.151 1097.794 1097.418 1097.035 1096.652 1096.269 1095.839 1094.709 1093.579 1092.449 1091.319 1089.614 1087.042 1084.47 1081.898 1079.327
1144.186 1145.137 1145.266 1144.019 1142.771 1141.524 1140.276 1139.205 1138.205 1137.205 1136.206 1135.195 1133.951 1132.706 1131.462 1130.218 1127.69 1123.07 1118.45 1113.83 1109.209 1106.413 1104.342 1102.272 1100.201 1098.244 1098.399 1098.555 1098.711 1098.866 1099.298 1100.168 1101.038 1101.909 1102.779 1103.003 1102.977 1102.952 1102.926 1102.861 1102.133 1101.406 1100.679 1099.951 1099.369 1099.012 1098.655 1098.297 1097.94 1097.473 1096.964 1096.456 1095.947 1095.392 1094.153 1092.913 1091.673 1090.433 1088.593 1085.848 1083.104 1080.359 1077.615
1151.039 1152.325 1152.784 1151.856 1150.927 1149.999 1149.071 1147.714 1146.18 1144.646 1143.113 1141.56 1139.588 1137.616 1135.644 1133.672 1130.525 1125.459 1120.394 1115.329 1110.264 1107.165 1104.848 1102.531 1100.215 1098.02 1098.097 1098.174 1098.251 1098.328 1098.682 1099.473 1100.265 1101.057 1101.849 1102.164 1102.295 1102.427 1102.558 1102.645 1101.997 1101.348 1100.699 1100.05 1099.516 1099.158 1098.801 1098.444 1098.087 1097.528 1096.894 1096.26 1095.625 1094.946 1093.596 1092.246 1090.897 1089.547 1087.572 1084.654 1081.737 1078.82 1075.902
