data/zism_data/00717_03_D.txt
ncols         224
nrows         224
[rows 116 to 144 of 224, columns 0 to 63 of 224]
1549.0 1549.0 1549.0 1549.0 1549.0 1549.0 1549.0 1549.0 1549.0 1549.0 1549.0 1549.0 1549.0 1549.0 1549.0 1549.0 1549.0 1549.0 1549.0 1549.0 1549.0 1549.0 1549.0 1549.0 1549.0 1549.0 1549.0 1549.0 1549.0 1549.0 1549.0 1549.0 1549.0 1549.0 1549.0 1549.0 1549.0 1549.273 1549.708 1550.143 1550.578 1551.068 1552.452 1553.836 1555.22 1556.605 1557.953 1559.263 1560.573 1561.884 1563.194 1564.304 1565.396 1566.489 1567.581 1568.579 1569.403 1570.226 1571.05 1571.874 1572.169 1572.317 1572.465 1572.613
1549.0 1549.0 1549.0 1549.0 1549.0 1549.0 1549.0 1549.0 1549.0 1549.0 1549.0 1549.0 1549.0 1549.0 1549.0 1549.0 1549.0 1549.0 1549.0 1549.0 1549.0 1549.0 1549.0 1549.0 1549.0 1549.0 1549.0 1549.0 1549.0 1549.0 1549.0 1549.0 1549.0 1549.0 1549.0 1549.0 1549.0 1549.243 1549.629 1550.016 1550.403 1550.846 1552.198 1553.55 1554.902 1556.254 1557.562 1558.824 1560.086 1561.348 1562.61 1563.687 1564.747 1565.807 1566.867 1567.826 1568.596 1569.366 1570.136 1570.906 1571.215 1571.395 1571.575 1571.755
1549.0 1549.0 1549.0 1549.0 1549.0 1549.0 1549.0 1549.0 1549.0 1549.0 1549.0 1549.0 1549.0 1549.0 1549.0 1549.0 1549.0 1549.0 1549.0 1549.0 1549.0 1549.0 1549.0 1549.0 1549.0 1549.0 1549.0 1549.0 1549.0 1549.0 1549.0 1549.0 1549.0 1549.0 1549.0 1549.0 1549.0 1549.212 1549.551 1549.889 1550.228 1550.623 1551.943 1553.263 1554.583 1555.903 1557.171 1558.385 1559.598 1560.812 1562.026 1563.069 1564.097 1565.125 1566.153 1567.072 1567.788 1568.505 1569.221 1569.938 1570.26 1570.472 1570.684 1570.897
1549.0 1549.0 1549.0 1549.0 1549.0 1549.0 1549.0 1549.0 1549.0 1549.0 1549.0 1549.0 1549.0 1549.0 1549.0 1549.0 1549.0 1549.0 1549.0 1549.0 1549.0 1549.0 1549.0 1549.0 1549.0 1549.0 1549.0 1549.0 1549.0 1549.0 1549.0 1549.0 1549.0 1549.0 1549.0 1549.0 1549.0 1549.182 1549.472 1549.762 1550.053 1550.401 1551.689 1552.976 1554.264 1555.552 1556.78 1557.945 1559.111 1560.276 1561.442 1562.452 1563.448 1564.443 1565.439 1566.318 1566.981 1567.644 1568.307 1568.97 1569.306 1569.55 1569.794 1570.038
1549.0 1549.0 1549.0 1549.0 1549.0 1549.0 1549.0 1549.0 1549.0 1549.0 1549.0 1549.0 1549.0 1549.0 1549.0 1549.0 1549.0 1549.0 1549.0 1549.0 1549.0 1549.0 1549.0 1549.0 1549.0 1549.0 1549.0 1549.0 1549.0 1549.0 1549.0 1549.0 1549.0 1549.0 1549.0 1549.0 1549.0 1549.152 1549.394 1549.636 1549.878 1550.179 1551.434 1552.69 1553.945 1555.201 1556.389 1557.506 1558.623 1559.741 1560.858 1561.834 1562.798 1563.762 1564.725 1565.565 1566.174 1566.783 1567.393 1568.002 1568.351 1568.628 1568.904 1569.18
1549.0 1549.0 1549.0 1549.0 1549.0 1549.0 1549.0 1549.0 1549.0 1549.0 1549.0 1549.0 1549.0 1549.0 1549.0 1549.0 1549.0 1549.0 1549.0 1549.0 1549.0 1549.0 1549.0 1549.0 1549.0 1549.0 1549.0 1549.0 1549.0 1549.0 1549.0 1549.0 1549.0 1549.0 1549.0 1549.0 1549.0 1549.137 1549.356 1549.575 1549.794 1550.071 1551.283 1552.495 1553.707 1554.919 1556.055 1557.11 1558.165 1559.22 1560.275 1561.194 1562.1 1563.006 1563.913 1564.706 1565.29 1565.873 1566.457 1567.04 1567.407 1567.713 1568.019 1568.324
1549.0 1549.0 1549.0 1549.0 1549.0 1549.0 1549.0 1549.0 1549.0 1549.0 1549.0 1549.0 1549.0 1549.0 1549.0 1549.0 1549.0 1549.0 1549.0 1549.0 1549.0 1549.0 1549.0 1549.0 1549.0 1549.0 1549.0 1549.0 1549.0 1549.0 1549.0 1549.0 1549.0 1549.0 1549.0 1549.0 1549.0 1549.137 1549.356 1549.575 1549.794 1550.068 1551.226 1552.385 1553.543 1554.702 1555.773 1556.753 1557.733 1558.713 1559.693 1560.532 1561.358 1562.184 1563.01 1563.751 1564.334 1564.918 1565.502 1566.085 1566.473 1566.805 1567.138 1567.471
1549.0 1549.0 1549.0 1549.0 1549.0 1549.0 1549.0 1549.0 1549.0 1549.0 1549.0 1549.0 1549.0 1549.0 1549.0 1549.0 1549.0 1549.0 1549.0 1549.0 1549.0 1549.0 1549.0 1549.0 1549.0 1549.0 1549.0 1549.0 1549.0 1549.0 1549.0 1549.0 1549.0 1549.0 1549.0 1549.0 1549.0 1549.137 1549.356 1549.575 1549.794 1550.065 1551.169 1552.274 1553.379 1554.484 1555.492 1556.397 1557.302 1558.207 1559.112 1559.87 1560.616 1561.361 1562.107 1562.796 1563.379 1563.963 1564.546 1565.13 1565.538 1565.898 1566.257 1566.617
1549.0 1549.0 1549.0 1549.0 1549.0 1549.0 1549.0 1549.0 1549.0 1549.0 1549.0 1549.0 1549.0 1549.0 1549.0 1549.0 1549.0 1549.0 1549.0 1549.0 1549.0 1549.0 1549.0 1549.0 1549.0 1549.0 1549.0 1549.0 1549.0 1549.0 1549.0 1549.0 1549.0 1549.0 1549.0 1549.0 1549.0 1549.137 1549.356 1549.575 1549.794 1550.061 1551.113 1552.164 1553.215 1554.267 1555.21 1556.04 1556.87 1557.7 1558.53 1559.208 1559.873 1560.539 1561.204 1561.84 1562.424 1563.007 1563.591 1564.175 1564.604 1564.99 1565.377 1565.763
1549.0 1549.0 1549.0 1549.0 1549.0 1549.0 1549.0 1549.0 1549.0 1549.0 1549.0 1549.0 1549.0 1549.0 1549.0 1549.0 1549.0 1549.0 1549.0 1549.0 1549.0 1549.0 1549.0 1549.0 1549.0 1549.0 1549.0 1549.0 1549.0 1549.0 1549.0 1549.0 1549.0 1549.0 1549.0 1549.0 1549.0 1549.137 1549.356 1549.575 1549.794 1550.058 1551.056 1552.054 1553.052 1554.049 1554.928 1555.683 1556.438 1557.193 1557.948 1558.547 1559.131 1559.716 1560.301 1560.885 1561.469 1562.052 1562.636 1563.219 1563.67 1564.083 1564.496 1564.909
1549.0 1549.0 1549.0 1549.0 1549.0 1549.0 1549.0 1549.0 1549.0 1549.0 1549.0 1549.0 1549.0 1549.0 1549.0 1549.0 1549.0 1549.0 1549.0 1549.0 1549.0 1549.0 1549.0 1549.0 1549.0 1549.0 1549.0 1549.0 1549.0 1549.0 1549.0 1549.0 1549.0 1549.0 1549.0 1549.0 1549.0 1549.127 1549.33 1549.533 1549.736 1549.982 1550.91 1551.838 1552.767 1553.695 1554.507 1555.197 1555.888 1556.578 1557.269 1557.837 1558.394 1558.951 1559.508 1560.063 1560.615 1561.167 1561.719 1562.271 1562.723 1563.147 1563.571 1563.995
1549.0 1549.0 1549.0 1549.0 1549.0 1549.0 1549.0 1549.0 1549.0 1549.0 1549.0 1549.0 1549.0 1549.0 1549.0 1549.0 1549.0 1549.0 1549.0 1549.0 1549.0 1549.0 1549.0 1549.0 1549.0 1549.0 1549.0 1549.0 1549.0 1549.0 1549.0 1549.0 1549.0 1549.0 1549.0 1549.0 1549.0 1549.117 1549.304 1549.491 1549.678 1549.904 1550.763 1551.621 1552.48 1553.339 1554.083 1554.71 1555.336 1555.962 1556.588 1557.126 1557.656 1558.187 1558.717 1559.244 1559.764 1560.283 1560.803 1561.323 1561.776 1562.211 1562.646 1563.08
1549.0 1549.0 1549.0 1549.0 1549.0 1549.0 1549.0 1549.0 1549.0 1549.0 1549.0 1549.0 1549.0 1549.0 1549.0 1549.0 1549.0 1549.0 1549.0 1549.0 1549.0 1549.0 1549.0 1549.0 1549.0 1549.0 1549.0 1549.0 1549.0 1549.0 1549.0 1549.0 1549.0 1549.0 1549.0 1549.0 1549.0 1549.107 1549.278 1549.449 1549.62 1549.827 1550.616 1551.404 1552.193 1552.982 1553.66 1554.222 1554.784 1555.346 1555.907 1556.416 1556.919 1557.423 1557.926 1558.424 1558.912 1559.399 1559.887 1560.375 1560.829 1561.275 1561.72 1562.165
1549.0 1549.0 1549.0 1549.0 1549.0 1549.0 1549.0 1549.0 1549.0 1549.0 1549.0 1549.0 1549.0 1549.0 1549.0 1549.0 1549.0 1549.0 1549.0 1549.0 1549.0 1549.0 1549.0 1549.0 1549.0 1549.0 1549.0 1549.0 1549.0 1549.0 1549.0 1549.0 1549.0 1549.0 1549.0 1549.0 1549.0 1549.097 1549.252 1549.407 1549.561 1549.749 1550.468 1551.188 1551.907 1552.626 1553.237 1553.734 1554.232 1554.729 1555.227 1555.705 1556.182 1556.659 1557.135 1557.605 1558.06 1558.516 1558.971 1559.426 1559.882 1560.338 1560.794 1561.251
1549.0 1549.0 1549.0 1549.0 1549.0 1549.0 1549.0 1549.0 1549.0 1549.0 1549.0 1549.0 1549.0 1549.0 1549.0 1549.0 1549.0 1549.0 1549.0 1549.0 1549.0 1549.0 1549.0 1549.0 1549.0 1549.0 1549.0 1549.0 1549.0 1549.0 1549.0 1549.0 1549.0 1549.0 1549.0 1549.0 1549.0 1549.083 1549.214 1549.345 1549.477 1549.637 1550.265 1550.893 1551.521 1552.149 1552.691 1553.143 1553.596 1554.048 1554.5 1554.953 1555.405 1555.858 1556.31 1556.755 1557.185 1557.615 1558.046 1558.476 1558.941 1559.415 1559.889 1560.363
1549.0 1549.0 1549.0 1549.0 1549.0 1549.0 1549.0 1549.0 1549.0 1549.0 1549.0 1549.0 1549.0 1549.0 1549.0 1549.0 1549.0 1549.0 1549.0 1549.0 1549.0 1549.0 1549.0 1549.0 1549.0 1549.0 1549.0 1549.0 1549.0 1549.0 1549.0 1549.0 1549.0 1549.0 1549.0 1549.0 1549.0 1549.062 1549.162 1549.261 1549.36 1549.483 1549.993 1550.503 1551.013 1551.523 1551.994 1552.425 1552.856 1553.287 1553.718 1554.149 1554.58 1555.011 1555.442 1555.867 1556.281 1556.696 1557.11 1557.525 1558.007 1558.507 1559.008 1559.509
1549.0 1549.0 1549.0 1549.0 1549.0 1549.0 1549.0 1549.0 1549.0 1549.0 1549.0 1549.0 1549.0 1549.0 1549.0 1549.0 1549.0 1549.0 1549.0 1549.0 1549.0 1549.0 1549.0 1549.0 1549.0 1549.0 1549.0 1549.0 1549.0 1549.0 1549.0 1549.0 1549.0 1549.0 1549.0 1549.0 1549.0 1549.042 1549.109 1549.176 1549.244 1549.33 1549.722 1550.114 1550.506 1550.898 1551.298 1551.708 1552.117 1552.527 1552.936 1553.346 1553.755 1554.165 1554.574 1554.98 1555.378 1555.776 1556.175 1556.573 1557.072 1557.6 1558.128 1558.655
1549.0 1549.0 1549.0 1549.0 1549.0 1549.0 1549.0 1549.0 1549.0 1549.0 1549.0 1549.0 1549.0 1549.0 1549.0 1549.0 1549.0 1549.0 1549.0 1549.0 1549.0 1549.0 1549.0 1549.0 1549.0 1549.0 1549.0 1549.0 1549.0 1549.0 1549.0 1549.0 1549.0 1549.0 1549.0 1549.0 1549.0 1549.022 1549.057 1549.092 1549.127 1549.176 1549.45 1549.724 1549.998 1550.272 1550.602 1550.99 1551.378 1551.766 1552.154 1552.542 1552.93 1553.318 1553.706 1554.092 1554.475 1554.857 1555.239 1555.621 1556.138 1556.693 1557.247 1557.801
1549.0 1549.0 1549.0 1549.0 1549.0 1549.0 1549.0 1549.0 1549.0 1549.0 1549.0 1549.0 1549.0 1549.0 1549.0 1549.0 1549.0 1549.0 1549.0 1549.0 1549.0 1549.0 1549.0 1549.0 1549.0 1549.0 1549.0 1549.0 1549.0 1549.0 1549.0 1549.0 1549.0 1549.0 1549.0 1549.0 1549.0 1549.002 1549.005 1549.007 1549.01 1549.022 1549.178 1549.334 1549.49 1549.646 1549.906 1550.272 1550.639 1551.005 1551.372 1551.739 1552.105 1552.472 1552.839 1553.205 1553.571 1553.937 1554.303 1554.67 1555.204 1555.785 1556.366 1556.948
1548.996 1548.977 1548.957 1548.938 1548.918 1548.896 1548.871 1548.847 1548.822 1548.799 1548.799 1548.799 1548.799 1548.799 1548.799 1548.799 1548.799 1548.799 1548.799 1548.803 1548.808 1548.813 1548.818 1548.824 1548.834 1548.844 1548.854 1548.864 1548.888 1548.918 1548.947 1548.976 1549.0 1549.0 1549.0 1549.0 1549.0 1549.0 1549.0 1549.0 1549.0 1549.007 1549.123 1549.24 1549.356 1549.473 1549.682 1549.988 1550.294 1550.6 1550.906 1551.239 1551.575 1551.91 1552.245 1552.581 1552.916 1553.251 1553.587 1553.922 1554.417 1554.957 1555.496 1556.036
1548.993 1548.952 1548.911 1548.87 1548.828 1548.781 1548.73 1548.679 1548.627 1548.578 1548.578 1548.578 1548.578 1548.578 1548.578 1548.578 1548.578 1548.578 1548.578 1548.588 1548.598 1548.608 1548.618 1548.632 1548.652 1548.673 1548.694 1548.714 1548.766 1548.828 1548.889 1548.951 1549.0 1549.0 1549.0 1549.0 1549.0 1549.0 1549.0 1549.0 1549.0 1549.005 1549.089 1549.174 1549.258 1549.342 1549.504 1549.745 1549.987 1550.229 1550.47 1550.769 1551.072 1551.375 1551.678 1551.982 1552.285 1552.588 1552.891 1553.194 1553.645 1554.136 1554.627 1555.119
1548.989 1548.926 1548.864 1548.801 1548.739 1548.667 1548.589 1548.511 1548.432 1548.358 1548.358 1548.358 1548.358 1548.358 1548.358 1548.358 1548.358 1548.358 1548.358 1548.372 1548.388 1548.403 1548.419 1548.44 1548.471 1548.502 1548.533 1548.565 1548.644 1548.737 1548.831 1548.925 1549.0 1549.0 1549.0 1549.0 1549.0 1549.0 1549.0 1549.0 1549.0 1549.003 1549.055 1549.107 1549.16 1549.212 1549.325 1549.503 1549.68 1549.857 1550.035 1550.298 1550.569 1550.84 1551.111 1551.383 1551.654 1551.925 1552.196 1552.467 1552.872 1553.315 1553.758 1554.201
1548.985 1548.901 1548.817 1548.733 1548.649 1548.552 1548.448 1548.343 1548.238 1548.137 1548.137 1548.137 1548.137 1548.137 1548.137 1548.137 1548.137 1548.137 1548.137 1548.156 1548.177 1548.198 1548.219 1548.247 1548.289 1548.331 1548.373 1548.415 1548.521 1548.647 1548.773 1548.899 1549.0 1549.0 1549.0 1549.0 1549.0 1549.0 1549.0 1549.0 1549.0 1549.001 1549.021 1549.041 1549.061 1549.081 1549.147 1549.26 1549.373 1549.486 1549.599 1549.828 1550.067 1550.306 1550.545 1550.783 1551.022 1551.261 1551.5 1551.739 1552.1 1552.495 1552.889 1553.284
1548.982 1548.88 1548.779 1548.678 1548.576 1548.465 1548.348 1548.23 1548.112 1548.0 1548.0 1548.0 1548.0 1548.0 1548.0 1548.0 1548.0 1548.0 1548.0 1548.02 1548.042 1548.065 1548.087 1548.117 1548.161 1548.206 1548.251 1548.295 1548.408 1548.542 1548.676 1548.81 1548.918 1548.922 1548.926 1548.93 1548.934 1548.94 1548.948 1548.957 1548.965 1548.973 1548.979 1548.985 1548.991 1548.997 1549.033 1549.1 1549.167 1549.233 1549.3 1549.49 1549.691 1549.892 1550.092 1550.296 1550.505 1550.713 1550.922 1551.131 1551.446 1551.79 1552.135 1552.479
1548.98 1548.868 1548.755 1548.644 1548.531 1548.423 1548.316 1548.209 1548.102 1548.0 1548.0 1548.0 1548.0 1548.0 1548.0 1548.0 1548.0 1548.0 1548.0 1548.015 1548.032 1548.049 1548.066 1548.089 1548.123 1548.156 1548.19 1548.224 1548.31 1548.412 1548.513 1548.615 1548.699 1548.714 1548.729 1548.744 1548.758 1548.782 1548.812 1548.842 1548.871 1548.9 1548.922 1548.944 1548.967 1548.989 1549.025 1549.076 1549.126 1549.177 1549.228 1549.372 1549.525 1549.677 1549.83 1549.992 1550.174 1550.356 1550.538 1550.72 1550.987 1551.278 1551.569 1551.86
1548.978 1548.855 1548.732 1548.609 1548.487 1548.38 1548.284 1548.188 1548.092 1548.0 1548.0 1548.0 1548.0 1548.0 1548.0 1548.0 1548.0 1548.0 1548.0 1548.01 1548.022 1548.034 1548.045 1548.061 1548.084 1548.107 1548.13 1548.153 1548.212 1548.281 1548.351 1548.42 1548.481 1548.507 1548.532 1548.557 1548.583 1548.625 1548.675 1548.726 1548.777 1548.828 1548.866 1548.904 1548.942 1548.98 1549.017 1549.052 1549.086 1549.121 1549.156 1549.255 1549.359 1549.463 1549.567 1549.689 1549.844 1549.999 1550.155 1550.31 1550.529 1550.766 1551.004 1551.241
1548.976 1548.842 1548.709 1548.575 1548.442 1548.338 1548.252 1548.167 1548.082 1548.0 1548.0 1548.0 1548.0 1548.0 1548.0 1548.0 1548.0 1548.0 1548.0 1548.006 1548.012 1548.018 1548.024 1548.033 1548.045 1548.057 1548.07 1548.082 1548.114 1548.151 1548.188 1548.226 1548.263 1548.299 1548.335 1548.371 1548.408 1548.467 1548.539 1548.611 1548.684 1548.755 1548.809 1548.864 1548.918 1548.972 1549.009 1549.028 1549.046 1549.065 1549.084 1549.137 1549.193 1549.249 1549.304 1549.386 1549.514 1549.642 1549.771 1549.899 1550.071 1550.254 1550.438 1550.622
1548.974 1548.829 1548.685 1548.541 1548.397 1548.295 1548.221 1548.146 1548.071 1548.0 1548.0 1548.0 1548.0 1548.0 1548.0 1548.0 1548.0 1548.0 1548.0 1548.001 1548.002 1548.002 1548.003 1548.005 1548.006 1548.008 1548.01 1548.011 1548.016 1548.021 1548.026 1548.031 1548.044 1548.091 1548.138 1548.185 1548.232 1548.308 1548.402 1548.496 1548.59 1548.682 1548.753 1548.823 1548.894 1548.964 1549.001 1549.004 1549.006 1549.009 1549.011 1549.019 1549.026 1549.034 1549.042 1549.082 1549.184 1549.286 1549.387 1549.489 1549.612 1549.743 1549.873 1550.003
1548.973 1548.828 1548.682 1548.536 1548.39 1548.289 1548.216 1548.143 1548.07 1548.0 1548.0 1548.0 1548.0 1548.0 1548.0 1548.0 1548.0 1548.0 1548.0 1548.0 1548.0 1548.0 1548.0 1548.0 1548.0 1548.0 1548.0 1548.0 1548.0 1548.0 1548.0 1548.0 1548.008 1548.047 1548.087 1548.127 1548.166 1548.231 1548.31 1548.389 1548.469 1548.547 1548.606 1548.665 1548.725 1548.784 1548.834 1548.875 1548.916 1548.956 1548.997 1549.0 1549.0 1549.0 1549.0 1549.028 1549.107 1549.186 1549.265 1549.345 1549.439 1549.538 1549.638 1549.737
