data/zism_data/00713_04_D.txt
ncols         224
nrows         224
[rows 140 to 167 of 224, columns 0 to 62 of 224]
999.2418 999.2268 999.2119 999.231 999.2895 999.348 999.4065 999.465 1000.247 1001.085 1001.923 1002.762 1007.019 1016.594 1026.17 1035.746 1045.321 1043.799 1040.397 1036.994 1033.591 1026.764 1012.623 998.4825 984.3421 970.2012 967.8859 968.855 969.8242 970.7934 972.822 978.0906 983.3595 988.6282 993.897 996.0236 996.8675 997.7115 998.5555 998.6981 995.5093 992.3206 989.1317 985.943 977.9938 967.3394 956.6853 946.0309 935.8681 930.0565 924.2452 918.4337 912.6223 909.1542 907.4886 905.823 904.1575 902.5545 903.0477 903.5408 904.034 904.5272 908.2123
999.5025 999.4714 999.4402 999.4432 999.4856 999.528 999.5703 999.6127 1000.423 1001.294 1002.164 1003.035 1006.733 1014.828 1022.924 1031.019 1039.115 1036.748 1032.607 1028.467 1024.327 1017.391 1004.483 991.5743 978.6664 965.7581 964.3425 966.1191 967.8956 969.6721 972.3423 977.7455 983.149 988.5522 993.9557 995.9797 996.6246 997.2694 997.9142 997.8455 994.3876 990.9297 987.4718 984.0139 976.7258 967.2609 957.7964 948.3316 939.2852 933.9418 928.5988 923.2555 917.9124 914.1702 911.6596 909.149 906.6384 904.1959 904.0323 903.8688 903.7053 903.5417 906.6153
999.7632 999.7159 999.6686 999.6555 999.6817 999.7079 999.7341 999.7603 1000.6 1001.503 1002.405 1003.308 1006.446 1013.062 1019.677 1026.293 1032.908 1029.696 1024.818 1019.94 1015.063 1008.017 996.342 984.6663 972.9908 961.3151 960.7993 963.3832 965.967 968.5509 971.8626 977.4005 982.9385 988.4763 994.0143 995.936 996.3817 996.8273 997.273 996.993 993.2659 989.539 985.8119 982.0849 975.4578 967.1825 958.9075 950.6323 942.7021 937.8271 932.9523 928.0772 923.2023 919.1861 915.8305 912.4749 909.1193 905.8372 905.017 904.1968 903.3765 902.5563 905.0183
1000.024 999.9604 999.897 999.8677 999.8778 999.8879 999.8979 999.908 1000.776 1001.711 1002.646 1003.581 1006.16 1011.296 1016.431 1021.566 1026.701 1022.644 1017.029 1011.414 1005.799 998.644 988.2012 977.7581 967.3152 956.872 957.2559 960.6472 964.0384 967.4296 971.3829 977.0554 982.728 988.4004 994.073 995.8922 996.1387 996.3853 996.6318 996.1405 992.1443 988.1482 984.152 980.1559 974.1898 967.1041 960.0186 952.9329 946.1193 941.7125 937.3058 932.899 928.4924 924.2021 920.0015 915.8008 911.6002 907.4785 906.0016 904.5247 903.0478 901.5709 903.4213
1000.287 1000.181 1000.075 1000.044 1000.099 1000.153 1000.208 1000.263 1001.471 1002.769 1004.067 1005.365 1007.734 1011.768 1015.803 1019.837 1023.871 1018.861 1012.318 1005.775 999.2314 991.5776 981.5519 971.526 961.5004 951.4745 952.2794 956.0927 959.9059 963.7191 968.1071 974.2527 980.3987 986.5444 992.6902 994.6507 994.903 995.1552 995.4073 994.9099 990.8514 986.7931 982.7346 978.6763 973.3724 967.3607 961.3492 955.3375 949.5394 945.6313 941.7233 937.8152 933.9072 929.3538 924.3041 919.2543 914.2047 909.2419 907.1915 905.1411 903.0905 901.0401 902.3061
1000.554 1000.362 1000.17 1000.16 1000.36 1000.56 1000.76 1000.96 1003.023 1005.23 1007.438 1009.646 1012.383 1015.944 1019.504 1023.065 1026.626 1020.484 1012.697 1004.91 997.1239 988.3262 977.3695 966.4124 955.4557 944.4986 944.9326 948.5306 952.1284 955.7263 960.2067 967.3858 974.5652 981.7443 988.9237 991.4283 992.025 992.6216 993.2183 993.0541 989.2755 985.4971 981.7184 977.94 973.3005 968.1716 963.0428 957.9138 952.9646 949.6055 946.2465 942.8874 939.5284 934.73 928.8245 922.9189 917.0135 911.207 908.7206 906.2342 903.7477 901.2613 901.9878
1000.822 1000.543 1000.265 1000.276 1000.622 1000.967 1001.313 1001.658 1004.574 1007.692 1010.809 1013.926 1017.032 1020.119 1023.206 1026.293 1029.381 1022.107 1013.077 1004.046 995.0164 985.0749 973.187 961.2988 949.4109 937.5226 937.5857 940.9684 944.351 947.7335 952.3062 960.5188 968.7317 976.9443 985.1571 988.2059 989.147 990.0882 991.0294 991.1984 987.6996 984.201 980.7023 977.2037 973.2285 968.9824 964.7363 960.4902 956.3898 953.5797 950.7697 947.9596 945.1496 940.1061 933.3449 926.5835 919.8223 913.1722 910.2498 907.3274 904.4048 901.4824 901.6696
1001.089 1000.725 1000.36 1000.393 1000.883 1001.374 1001.865 1002.356 1006.126 1010.153 1014.18 1018.207 1021.681 1024.294 1026.908 1029.522 1032.135 1023.729 1013.456 1003.182 992.9089 981.8235 969.0045 956.1851 943.3661 930.5467 930.2388 933.4062 936.5735 939.7407 944.4058 953.6518 962.8982 972.1442 981.3906 984.9835 986.2691 987.5547 988.8403 989.3426 986.1237 982.905 979.6862 976.4675 973.1566 969.7932 966.4299 963.0665 959.8151 957.554 955.2929 953.0318 950.7708 945.4822 937.8653 930.248 922.6311 915.1373 911.7789 908.4205 905.062 901.7036 901.3513
1001.356 1000.906 1000.455 1000.509 1001.145 1001.781 1002.417 1003.053 1007.678 1012.615 1017.551 1022.488 1026.33 1028.47 1030.61 1032.75 1034.89 1025.352 1013.835 1002.318 990.8015 978.5722 964.8221 951.0715 937.3214 923.5707 922.892 925.8441 928.796 931.7479 936.5054 946.7849 957.0646 967.3441 977.624 981.761 983.3912 985.0212 986.6513 987.4868 984.5479 981.609 978.67 975.7312 973.0846 970.604 968.1235 965.6428 963.2403 961.5281 959.8161 958.104 956.392 950.8584 942.3857 933.9126 925.4399 917.1025 913.3081 909.5137 905.7192 901.9248 901.033
1000.737 1000.423 1000.108 1000.63 1002.119 1003.607 1005.096 1006.584 1012.44 1018.638 1024.835 1031.032 1035.229 1036.313 1037.397 1038.48 1039.564 1029.046 1016.562 1004.077 991.5923 978.6153 964.5876 950.5595 936.5319 922.5037 920.8515 922.6367 924.4219 926.2071 930.0166 940.0178 950.0194 960.0206 970.0222 975.2958 978.6398 981.9838 985.3278 987.6905 985.3915 983.0928 980.7938 978.4951 976.3455 974.2808 972.2161 970.1514 968.1714 966.9417 965.7119 964.4821 963.2523 957.8469 949.2298 940.6124 931.9952 923.4976 919.0093 914.521 910.0325 905.5443 903.7719
999.9308 999.7996 999.6683 1000.753 1003.242 1005.732 1008.222 1010.711 1017.878 1025.41 1032.943 1040.475 1045.022 1044.927 1044.833 1044.738 1044.643 1033.176 1019.782 1006.387 992.9932 979.352 965.1844 951.0163 936.8488 922.6807 919.9281 920.3462 920.7643 921.1824 923.825 933.2719 942.719 952.1658 961.613 968.1477 973.4941 978.8402 984.1866 988.3277 986.7447 985.1617 983.5787 981.9957 980.3081 978.5609 976.8138 975.0667 973.4196 972.6581 971.8966 971.1351 970.3736 965.1748 956.5631 947.9511 939.3394 930.8253 925.5887 920.3523 915.1156 909.8791 907.1544
999.1248 999.1766 999.2284 1000.875 1004.366 1007.857 1011.348 1014.838 1023.316 1032.183 1041.05 1049.917 1054.816 1053.542 1052.269 1050.995 1049.722 1037.306 1023.002 1008.698 994.3942 980.0887 965.7811 951.4731 937.1656 922.8575 919.0047 918.0557 917.1068 916.1578 917.6335 926.526 935.4188 944.3112 953.2039 960.9998 968.3484 975.6968 983.0453 988.9649 988.0978 987.2306 986.3635 985.4963 984.2706 982.841 981.4115 979.9819 978.6677 978.3745 978.0812 977.788 977.4948 972.5026 963.8963 955.2897 946.6833 938.1528 932.1681 926.1835 920.1985 914.2139 910.5367
998.3188 998.5536 998.7885 1000.998 1005.49 1009.982 1014.474 1018.966 1028.754 1038.956 1049.157 1059.359 1064.609 1062.157 1059.705 1057.252 1054.8 1041.436 1026.223 1011.009 995.7951 980.8254 966.3779 951.9299 937.4824 923.0344 918.0813 915.7651 913.4491 911.1331 911.442 919.78 928.1183 936.4564 944.7947 953.8518 963.2027 972.5532 981.9041 989.6021 989.4509 989.2996 989.1483 988.997 988.2332 987.1212 986.0092 984.8973 983.9159 984.0909 984.2659 984.441 984.616 979.8305 971.2296 962.6284 954.0275 945.4804 938.7476 932.0147 925.2816 918.5488 913.9192
997.9702 998.4753 998.9806 1001.868 1007.511 1013.154 1018.797 1024.44 1035.0 1045.943 1056.887 1067.831 1073.111 1069.581 1066.051 1062.52 1058.99 1044.793 1028.789 1012.784 996.7791 981.2708 966.8242 952.377 937.9304 923.4833 917.7005 914.324 910.9477 907.5714 906.9727 914.8705 922.7686 930.6663 938.5644 948.6389 959.6022 970.5652 981.5286 990.6547 991.0563 991.4578 991.8594 992.2609 991.8252 990.9138 990.0023 989.0908 988.3163 988.7551 989.1939 989.6327 990.0714 985.6399 977.4623 969.2844 961.1069 952.9599 945.8494 938.7389 931.6282 924.5176 919.0922
998.8247 999.8304 1000.836 1004.709 1011.897 1019.084 1026.272 1033.46 1043.373 1053.498 1063.624 1073.75 1078.213 1073.87 1069.528 1065.185 1060.842 1046.117 1029.634 1013.15 996.666 980.9497 966.8745 952.7988 938.7235 924.6478 918.7477 915.1183 911.489 907.8597 907.0359 914.7938 922.5519 930.3098 938.0679 948.5184 960.0685 971.6181 983.1681 992.8005 993.3259 993.8512 994.3765 994.9019 994.4423 993.4232 992.4041 991.3849 990.4859 990.6502 990.8145 990.9788 991.143 987.4531 980.7986 974.144 967.4896 960.839 954.326 947.8129 941.2997 934.7867 928.9774
999.6793 1001.186 1002.692 1007.549 1016.282 1025.015 1033.747 1042.48 1051.746 1061.053 1070.361 1079.668 1083.316 1078.16 1073.005 1067.849 1062.693 1047.441 1030.479 1013.515 996.5527 980.6286 966.9247 953.2205 939.5166 925.8123 919.795 915.9126 912.0304 908.1481 907.0992 914.7171 922.3353 929.9532 937.5714 948.3979 960.5347 972.671 984.8077 994.9462 995.5954 996.2445 996.8936 997.5428 997.0594 995.9327 994.8059 993.6791 992.6555 992.5452 992.4351 992.3248 992.2146 989.2663 984.135 979.0035 973.8723 968.7181 962.8026 956.887 950.9712 945.0557 938.8625
1000.534 1002.541 1004.548 1010.39 1020.667 1030.945 1041.222 1051.499 1060.118 1068.608 1077.097 1085.586 1088.418 1082.45 1076.481 1070.513 1064.544 1048.765 1031.323 1013.881 996.4396 980.3076 966.9751 953.6422 940.3097 926.9767 920.8422 916.7069 912.5717 908.4365 907.1624 914.6404 922.1187 929.5966 937.0748 948.2775 961.0009 973.7239 986.4473 997.092 997.8649 998.6378 999.4108 1000.184 999.6766 998.4421 997.2077 995.9733 994.8251 994.4403 994.0556 993.6709 993.2861 991.0795 987.4714 983.8631 980.255 976.5972 971.2791 965.961 960.6428 955.3246 948.7477
1001.388 1003.896 1006.403 1013.23 1025.053 1036.875 1048.697 1060.519 1068.491 1076.162 1083.834 1091.505 1093.521 1086.739 1079.958 1073.177 1066.396 1050.089 1032.168 1014.247 996.3264 979.9865 967.0254 954.0638 941.1028 928.1412 921.8895 917.5012 913.113 908.7249 907.2257 914.5637 921.902 929.2401 936.5783 948.157 961.4672 974.7767 988.0869 999.2377 1000.134 1001.031 1001.928 1002.825 1002.294 1000.952 999.6095 998.2674 996.9946 996.3354 995.6761 995.017 994.3577 992.8926 990.8077 988.7227 986.6378 984.4763 979.7557 975.035 970.3143 965.5936 958.6328
1003.618 1006.677 1009.736 1017.083 1029.389 1041.695 1054.001 1066.307 1073.19 1079.649 1086.108 1092.567 1093.37 1085.375 1077.379 1069.383 1061.388 1044.655 1026.443 1008.23 990.017 973.7397 961.5986 949.457 937.3158 925.1743 920.3343 917.5223 914.7104 911.8985 911.448 918.2209 924.9941 931.7671 938.5403 949.8152 962.928 976.0403 989.1532 1000.294 1002.071 1003.849 1005.626 1007.403 1006.63 1004.408 1002.186 999.9638 997.7732 995.8605 993.9478 992.0351 990.1224 988.0408 985.8292 983.6176 981.406 979.1553 975.5978 972.0402 968.4825 964.9249 959.5258
1006.371 1010.0 1013.629 1021.32 1033.707 1046.093 1058.48 1070.867 1076.493 1081.59 1086.687 1091.785 1091.224 1081.861 1072.498 1063.135 1053.773 1036.654 1018.22 999.7864 981.3532 965.2413 954.0905 942.9393 931.7885 920.6373 917.7902 917.2496 916.709 916.1685 917.2507 923.2971 929.3436 935.39 941.4365 952.1491 964.7668 977.384 990.0017 1000.937 1003.882 1006.827 1009.772 1012.718 1011.619 1008.224 1004.829 1001.433 998.0232 994.485 990.9469 987.4086 983.8705 980.6563 977.6912 974.726 971.7609 968.8184 966.6388 964.4592 962.2795 960.1 957.0017
1009.123 1013.323 1017.523 1025.557 1038.024 1050.492 1062.959 1075.427 1079.795 1083.531 1087.266 1091.002 1089.077 1078.348 1067.618 1056.888 1046.158 1028.652 1009.998 991.3434 972.6895 956.7431 946.5826 936.4218 926.2613 916.1005 915.2462 916.9769 918.7076 920.4384 923.0533 928.373 933.693 939.0127 944.3326 954.483 966.6055 978.7277 990.8502 1001.579 1005.693 1009.806 1013.919 1018.032 1016.609 1012.04 1007.471 1002.902 998.2732 993.1095 987.946 982.7823 977.6188 973.2719 969.5532 965.8345 962.1158 958.4817 957.6801 956.8784 956.0767 955.2751 954.4777
1011.876 1016.646 1021.416 1029.793 1042.342 1054.89 1067.438 1079.986 1083.098 1085.472 1087.846 1090.22 1086.931 1074.834 1062.737 1050.64 1038.543 1020.65 1001.776 982.9003 964.0256 948.2447 939.0746 929.9041 920.7339 911.5635 912.7021 916.7043 920.7063 924.7083 928.8561 933.4492 938.0424 942.6355 947.2288 956.817 968.4443 980.0713 991.6987 1002.222 1007.503 1012.784 1018.065 1023.347 1021.598 1015.856 1010.114 1004.372 998.5232 991.734 984.9451 978.1559 971.3669 965.8873 961.4152 956.9429 952.4707 948.1448 948.7211 949.2974 949.8738 950.4501 951.9537
1014.275 1019.611 1024.947 1033.578 1046.02 1058.462 1070.904 1083.345 1085.137 1086.097 1087.057 1088.017 1083.398 1070.101 1056.805 1043.508 1030.212 1012.189 993.3663 974.5427 955.7198 940.3367 932.3038 924.2708 916.2379 908.2048 911.2789 917.4382 923.5974 929.7565 935.3577 939.2513 943.145 947.0386 950.9324 959.9662 971.0984 982.2302 993.3624 1003.662 1010.006 1016.35 1022.695 1029.039 1026.938 1020.039 1013.141 1006.242 999.1826 990.7014 982.2206 973.7394 965.2586 958.6492 953.4796 948.3099 943.1404 938.1705 939.8898 941.6092 943.3286 945.0479 948.5847
1014.996 1020.876 1026.755 1035.216 1046.662 1058.108 1069.554 1081.0 1081.177 1080.474 1079.771 1079.067 1073.278 1059.578 1045.878 1032.177 1018.477 1001.547 984.0695 966.5916 949.1143 935.2331 929.0356 922.8379 916.6404 910.4427 915.1795 922.9536 930.7275 938.5013 945.1788 948.5019 951.8251 955.1481 958.4713 966.9881 977.6252 988.2618 998.8989 1008.887 1015.797 1022.706 1029.616 1036.525 1033.943 1025.967 1017.992 1010.017 1001.787 991.2978 980.8093 970.3206 959.8321 952.1064 946.5063 940.9059 935.3058 929.9186 931.6649 933.4111 935.1575 936.9037 941.2021
1015.717 1022.14 1028.564 1036.854 1047.305 1057.755 1068.205 1078.655 1077.217 1074.851 1072.484 1070.118 1063.158 1049.054 1034.951 1020.846 1006.743 990.9044 974.7727 958.6405 942.5089 930.1295 925.7674 921.4051 917.043 912.6807 919.0801 928.4691 937.8576 947.2462 955.0 957.7525 960.5051 963.2576 966.0103 974.0101 984.1519 994.2935 1004.435 1014.113 1021.588 1029.062 1036.537 1044.011 1040.948 1031.896 1022.844 1013.792 1004.391 991.8941 979.3981 966.9017 954.4056 945.5636 939.5329 933.502 927.4713 921.6667 923.4399 925.2131 926.9863 928.7595 933.8195
1016.438 1023.405 1030.372 1038.492 1047.947 1057.401 1066.855 1076.31 1073.257 1069.228 1065.198 1061.168 1053.038 1038.531 1024.023 1009.516 995.0081 980.2619 965.476 950.6895 935.9034 925.0259 922.4991 919.9723 917.4456 914.9187 922.9808 933.9844 944.9877 955.991 964.8212 967.0032 969.1852 971.3672 973.5492 981.032 990.6787 1000.325 1009.972 1019.339 1027.379 1035.418 1043.458 1051.498 1047.952 1037.824 1027.695 1017.567 1006.995 992.4905 977.9869 963.4827 948.9791 939.0209 932.5596 926.098 919.6367 913.4148 915.2149 917.015 918.8152 920.6153 926.4369
1017.159 1024.669 1032.18 1040.13 1048.589 1057.047 1065.506 1073.964 1069.297 1063.604 1057.911 1052.219 1042.919 1028.007 1013.096 998.1846 983.2734 969.6194 956.1791 942.7383 929.298 919.9223 919.2309 918.5395 917.8481 917.1567 926.8815 939.4999 952.1179 964.7358 974.6424 976.2538 977.8652 979.4767 981.0881 988.0539 997.2054 1006.357 1015.508 1024.564 1033.17 1041.774 1050.379 1058.984 1054.957 1043.752 1032.547 1021.342 1009.599 993.0868 976.5756 960.0638 943.5527 932.4781 925.5862 918.6941 911.8022 905.1629 906.9899 908.817 910.644 912.4711 919.0543
1015.886 1024.084 1032.283 1040.443 1048.56 1056.677 1064.794 1072.911 1066.71 1059.391 1052.072 1044.753 1034.622 1020.115 1005.609 991.1016 976.5951 964.1017 951.95 939.7978 927.6461 919.4136 919.5546 919.6957 919.8367 919.9778 930.3099 943.473 956.6357 969.7983 980.0583 981.438 982.8177 984.1973 985.577 991.8929 1000.224 1008.555 1016.886 1025.104 1032.788 1040.472 1048.156 1055.841 1051.739 1040.939 1030.141 1019.342 1007.993 991.7712 975.55 959.3282 943.1071 931.8962 924.5402 917.184 909.8279 902.726 904.1406 905.5551 906.9696 908.3841 914.5737
