data/zism_data/00719_04_D.txt
ncols         224
nrows         224
[rows 28 to 55 of 224, columns 128 to 191 of 224]
1533.958 1534.415 1534.832 1535.199 1535.567 1535.934 1536.301 1536.87 1537.458 1538.046 1538.634 1539.172 1539.628 1540.085 1540.541 1540.997 1541.416 1541.828 1542.24 1542.652 1543.104 1543.648 1544.193 1544.737 1545.281 1545.645 1545.955 1546.264 1546.573 1546.89 1547.228 1547.566 1547.905 1548.243 1548.602 1548.969 1549.337 1549.704 1550.067 1550.406 1550.745 1551.085 1551.424 1551.615 1551.717 1551.818 1551.92 1552.02 1552.107 1552.194 1552.281 1552.369 1552.326 1552.178 1552.03 1551.883 1551.734 1551.572 1551.41 1551.247 1551.085 1550.936 1550.803 1550.669
1534.033 1534.442 1534.832 1535.199 1535.567 1535.934 1536.301 1536.87 1537.458 1538.046 1538.634 1539.164 1539.599 1540.033 1540.468 1540.903 1541.31 1541.711 1542.112 1542.513 1542.953 1543.481 1544.009 1544.537 1545.065 1545.409 1545.697 1545.985 1546.273 1546.57 1546.897 1547.225 1547.553 1547.88 1548.235 1548.603 1548.97 1549.338 1549.695 1549.996 1550.298 1550.6 1550.901 1551.102 1551.241 1551.38 1551.519 1551.657 1551.776 1551.896 1552.015 1552.134 1552.121 1552.0 1551.879 1551.758 1551.637 1551.496 1551.355 1551.214 1551.073 1550.952 1550.851 1550.749
1534.142 1534.51 1534.877 1535.244 1535.611 1535.977 1536.344 1536.904 1537.483 1538.061 1538.64 1539.156 1539.571 1539.986 1540.401 1540.816 1541.211 1541.602 1541.993 1542.384 1542.811 1543.321 1543.831 1544.34 1544.85 1545.176 1545.447 1545.718 1545.989 1546.271 1546.589 1546.906 1547.224 1547.542 1547.892 1548.256 1548.62 1548.985 1549.333 1549.601 1549.868 1550.135 1550.402 1550.61 1550.782 1550.954 1551.127 1551.297 1551.445 1551.594 1551.742 1551.891 1551.907 1551.814 1551.722 1551.629 1551.536 1551.418 1551.299 1551.18 1551.062 1550.965 1550.891 1550.818
1534.451 1534.824 1535.192 1535.554 1535.915 1536.276 1536.637 1537.138 1537.652 1538.166 1538.68 1539.152 1539.556 1539.96 1540.365 1540.769 1541.157 1541.543 1541.929 1542.315 1542.728 1543.206 1543.683 1544.16 1544.638 1544.965 1545.247 1545.528 1545.81 1546.099 1546.411 1546.724 1547.036 1547.348 1547.682 1548.024 1548.367 1548.71 1549.038 1549.289 1549.54 1549.791 1550.042 1550.247 1550.425 1550.602 1550.78 1550.956 1551.115 1551.274 1551.434 1551.593 1551.634 1551.579 1551.525 1551.47 1551.415 1551.323 1551.231 1551.14 1551.048 1550.965 1550.891 1550.818
1534.76 1535.139 1535.507 1535.863 1536.219 1536.575 1536.931 1537.372 1537.821 1538.271 1538.72 1539.148 1539.542 1539.935 1540.328 1540.721 1541.104 1541.484 1541.865 1542.245 1542.645 1543.09 1543.535 1543.98 1544.425 1544.753 1545.046 1545.338 1545.631 1545.927 1546.234 1546.541 1546.847 1547.154 1547.471 1547.792 1548.114 1548.435 1548.742 1548.977 1549.212 1549.447 1549.682 1549.884 1550.067 1550.25 1550.433 1550.615 1550.785 1550.955 1551.125 1551.295 1551.362 1551.345 1551.328 1551.311 1551.293 1551.228 1551.163 1551.099 1551.034 1550.965 1550.891 1550.818
1535.069 1535.453 1535.822 1536.173 1536.523 1536.874 1537.224 1537.606 1537.991 1538.375 1538.76 1539.144 1539.527 1539.909 1540.292 1540.674 1541.051 1541.426 1541.801 1542.176 1542.562 1542.975 1543.388 1543.8 1544.213 1544.542 1544.845 1545.148 1545.452 1545.755 1546.056 1546.358 1546.659 1546.961 1547.261 1547.561 1547.86 1548.16 1548.447 1548.665 1548.884 1549.103 1549.321 1549.521 1549.71 1549.898 1550.086 1550.274 1550.455 1550.636 1550.817 1550.997 1551.09 1551.11 1551.131 1551.151 1551.171 1551.133 1551.095 1551.058 1551.02 1550.965 1550.891 1550.818
1535.378 1535.768 1536.137 1536.482 1536.828 1537.173 1537.518 1537.84 1538.16 1538.48 1538.801 1539.14 1539.512 1539.884 1540.255 1540.627 1540.997 1541.367 1541.736 1542.106 1542.479 1542.859 1543.24 1543.62 1544.001 1544.33 1544.644 1544.958 1545.272 1545.582 1545.879 1546.175 1546.471 1546.767 1547.051 1547.329 1547.607 1547.885 1548.151 1548.354 1548.556 1548.759 1548.961 1549.158 1549.352 1549.546 1549.74 1549.933 1550.125 1550.316 1550.508 1550.699 1550.818 1550.876 1550.934 1550.992 1551.049 1551.038 1551.028 1551.017 1551.006 1550.965 1550.891 1550.818
1535.842 1536.231 1536.587 1536.905 1537.222 1537.539 1537.857 1538.161 1538.465 1538.769 1539.072 1539.389 1539.727 1540.066 1540.405 1540.743 1541.082 1541.421 1541.759 1542.098 1542.436 1542.775 1543.114 1543.452 1543.791 1544.119 1544.444 1544.769 1545.093 1545.413 1545.717 1546.02 1546.324 1546.627 1546.896 1547.149 1547.403 1547.656 1547.901 1548.1 1548.299 1548.499 1548.698 1548.897 1549.096 1549.295 1549.494 1549.693 1549.893 1550.092 1550.291 1550.49 1550.615 1550.679 1550.743 1550.806 1550.869 1550.869 1550.869 1550.869 1550.869 1550.839 1550.775 1550.711
1536.412 1536.795 1537.13 1537.404 1537.678 1537.952 1538.227 1538.542 1538.862 1539.182 1539.501 1539.81 1540.1 1540.39 1540.681 1540.971 1541.261 1541.551 1541.841 1542.131 1542.422 1542.712 1543.002 1543.292 1543.582 1543.907 1544.243 1544.579 1544.914 1545.246 1545.566 1545.885 1546.205 1546.525 1546.78 1547.006 1547.233 1547.459 1547.682 1547.887 1548.091 1548.296 1548.5 1548.705 1548.91 1549.114 1549.318 1549.523 1549.728 1549.932 1550.137 1550.341 1550.459 1550.507 1550.555 1550.603 1550.65 1550.65 1550.65 1550.65 1550.65 1550.627 1550.579 1550.531
1536.982 1537.36 1537.672 1537.903 1538.134 1538.365 1538.597 1538.923 1539.259 1539.595 1539.931 1540.231 1540.473 1540.715 1540.956 1541.198 1541.44 1541.682 1541.923 1542.165 1542.407 1542.649 1542.89 1543.132 1543.374 1543.696 1544.042 1544.389 1544.735 1545.079 1545.415 1545.75 1546.086 1546.422 1546.663 1546.863 1547.063 1547.262 1547.463 1547.673 1547.883 1548.093 1548.303 1548.513 1548.723 1548.933 1549.143 1549.353 1549.563 1549.772 1549.982 1550.192 1550.304 1550.336 1550.367 1550.399 1550.43 1550.43 1550.43 1550.43 1550.43 1550.415 1550.383 1550.352
1537.552 1537.924 1538.214 1538.402 1538.59 1538.779 1538.967 1539.304 1539.656 1540.008 1540.36 1540.652 1540.846 1541.039 1541.232 1541.426 1541.619 1541.812 1542.006 1542.199 1542.392 1542.585 1542.779 1542.972 1543.165 1543.484 1543.842 1544.199 1544.556 1544.912 1545.264 1545.616 1545.968 1546.32 1546.547 1546.72 1546.892 1547.065 1547.245 1547.46 1547.675 1547.89 1548.106 1548.321 1548.536 1548.752 1548.967 1549.182 1549.397 1549.613 1549.828 1550.043 1550.149 1550.164 1550.18 1550.195 1550.21 1550.21 1550.21 1550.21 1550.21 1550.203 1550.187 1550.172
1538.121 1538.488 1538.756 1538.903 1539.049 1539.196 1539.343 1539.69 1540.056 1540.422 1540.788 1541.071 1541.218 1541.365 1541.512 1541.659 1541.806 1541.953 1542.1 1542.247 1542.394 1542.541 1542.688 1542.835 1542.982 1543.296 1543.66 1544.025 1544.389 1544.754 1545.12 1545.486 1545.852 1546.219 1546.433 1546.581 1546.728 1546.876 1547.035 1547.255 1547.474 1547.694 1547.914 1548.133 1548.353 1548.572 1548.791 1549.011 1549.231 1549.451 1549.671 1549.891 1549.991 1549.992 1549.992 1549.993 1549.994 1549.995 1549.996 1549.998 1549.999 1550.0 1550.0 1550.0
1538.675 1539.031 1539.291 1539.432 1539.573 1539.715 1539.856 1540.173 1540.507 1540.84 1541.174 1541.438 1541.584 1541.731 1541.878 1542.025 1542.172 1542.319 1542.466 1542.613 1542.76 1542.907 1543.054 1543.201 1543.348 1543.608 1543.903 1544.197 1544.491 1544.796 1545.136 1545.475 1545.814 1546.154 1546.371 1546.535 1546.698 1546.862 1547.032 1547.236 1547.44 1547.643 1547.847 1548.043 1548.236 1548.428 1548.62 1548.815 1549.03 1549.245 1549.459 1549.674 1549.78 1549.797 1549.814 1549.831 1549.848 1549.881 1549.915 1549.949 1549.982 1550.0 1550.0 1550.0
1539.229 1539.574 1539.825 1539.961 1540.097 1540.233 1540.369 1540.656 1540.958 1541.259 1541.561 1541.804 1541.951 1542.098 1542.245 1542.392 1542.539 1542.686 1542.833 1542.979 1543.126 1543.273 1543.42 1543.567 1543.714 1543.921 1544.145 1544.37 1544.594 1544.839 1545.151 1545.464 1545.776 1546.089 1546.309 1546.489 1546.669 1546.849 1547.03 1547.217 1547.405 1547.592 1547.78 1547.953 1548.119 1548.284 1548.45 1548.619 1548.828 1549.038 1549.247 1549.457 1549.569 1549.602 1549.635 1549.668 1549.702 1549.768 1549.834 1549.9 1549.966 1550.0 1550.0 1550.0
1539.782 1540.117 1540.36 1540.491 1540.621 1540.752 1540.882 1541.14 1541.409 1541.678 1541.947 1542.17 1542.317 1542.464 1542.611 1542.758 1542.905 1543.052 1543.199 1543.346 1543.493 1543.64 1543.787 1543.934 1544.081 1544.233 1544.388 1544.542 1544.697 1544.881 1545.167 1545.453 1545.738 1546.024 1546.247 1546.443 1546.639 1546.835 1547.027 1547.199 1547.37 1547.541 1547.713 1547.863 1548.002 1548.141 1548.279 1548.423 1548.627 1548.831 1549.035 1549.24 1549.358 1549.407 1549.457 1549.506 1549.556 1549.654 1549.752 1549.85 1549.949 1550.0 1550.0 1550.0
1540.336 1540.66 1540.895 1541.02 1541.145 1541.27 1541.396 1541.623 1541.86 1542.096 1542.333 1542.536 1542.683 1542.83 1542.977 1543.124 1543.271 1543.418 1543.565 1543.712 1543.859 1544.006 1544.153 1544.3 1544.447 1544.546 1544.63 1544.715 1544.799 1544.924 1545.183 1545.441 1545.7 1545.958 1546.185 1546.397 1546.609 1546.822 1547.025 1547.18 1547.335 1547.49 1547.645 1547.773 1547.885 1547.997 1548.108 1548.227 1548.426 1548.625 1548.823 1549.022 1549.147 1549.213 1549.278 1549.343 1549.41 1549.54 1549.671 1549.801 1549.932 1550.0 1550.0 1550.0
1540.89 1541.203 1541.428 1541.546 1541.663 1541.78 1541.897 1542.104 1542.319 1542.534 1542.749 1542.939 1543.086 1543.233 1543.379 1543.526 1543.671 1543.815 1543.96 1544.104 1544.248 1544.389 1544.531 1544.673 1544.814 1544.881 1544.924 1544.968 1545.012 1545.097 1545.321 1545.545 1545.768 1545.992 1546.204 1546.411 1546.619 1546.826 1547.024 1547.173 1547.323 1547.473 1547.622 1547.736 1547.829 1547.922 1548.014 1548.116 1548.306 1548.497 1548.688 1548.878 1549.004 1549.078 1549.151 1549.225 1549.299 1549.436 1549.572 1549.708 1549.845 1549.925 1549.943 1549.962
1541.444 1541.746 1541.961 1542.067 1542.174 1542.28 1542.386 1542.582 1542.787 1542.991 1543.195 1543.378 1543.525 1543.672 1543.819 1543.966 1544.106 1544.245 1544.384 1544.523 1544.66 1544.79 1544.921 1545.052 1545.183 1545.239 1545.272 1545.305 1545.337 1545.405 1545.585 1545.766 1545.947 1546.127 1546.308 1546.488 1546.668 1546.849 1547.025 1547.18 1547.335 1547.49 1547.645 1547.754 1547.836 1547.918 1548.0 1548.09 1548.27 1548.45 1548.63 1548.81 1548.931 1549.005 1549.078 1549.152 1549.226 1549.34 1549.455 1549.57 1549.685 1549.772 1549.828 1549.884
1541.998 1542.29 1542.493 1542.589 1542.684 1542.78 1542.876 1543.061 1543.254 1543.448 1543.642 1543.818 1543.965 1544.112 1544.258 1544.405 1544.541 1544.675 1544.808 1544.942 1545.071 1545.191 1545.312 1545.432 1545.552 1545.597 1545.619 1545.641 1545.663 1545.712 1545.85 1545.987 1546.125 1546.262 1546.411 1546.564 1546.718 1546.871 1547.026 1547.186 1547.346 1547.507 1547.667 1547.772 1547.843 1547.914 1547.985 1548.065 1548.234 1548.403 1548.572 1548.741 1548.858 1548.931 1549.005 1549.078 1549.152 1549.245 1549.339 1549.432 1549.525 1549.619 1549.713 1549.807
1542.552 1542.833 1543.025 1543.11 1543.195 1543.28 1543.365 1543.539 1543.722 1543.905 1544.088 1544.257 1544.404 1544.551 1544.698 1544.845 1544.976 1545.104 1545.233 1545.361 1545.483 1545.593 1545.702 1545.811 1545.921 1545.955 1545.966 1545.977 1545.989 1546.02 1546.114 1546.209 1546.303 1546.398 1546.514 1546.641 1546.767 1546.894 1547.026 1547.192 1547.358 1547.524 1547.689 1547.79 1547.85 1547.91 1547.971 1548.04 1548.198 1548.356 1548.515 1548.673 1548.785 1548.858 1548.932 1549.005 1549.078 1549.15 1549.222 1549.294 1549.366 1549.466 1549.598 1549.729
1543.106 1543.376 1543.558 1543.632 1543.706 1543.78 1543.854 1544.018 1544.19 1544.362 1544.534 1544.697 1544.844 1544.991 1545.138 1545.284 1545.411 1545.534 1545.657 1545.78 1545.895 1545.994 1546.092 1546.191 1546.289 1546.313 1546.313 1546.314 1546.314 1546.327 1546.378 1546.43 1546.481 1546.533 1546.618 1546.717 1546.817 1546.916 1547.027 1547.198 1547.37 1547.541 1547.712 1547.807 1547.857 1547.906 1547.956 1548.014 1548.162 1548.309 1548.457 1548.605 1548.711 1548.785 1548.858 1548.932 1549.005 1549.055 1549.105 1549.156 1549.206 1549.313 1549.482 1549.652
1543.66 1543.919 1544.088 1544.146 1544.204 1544.263 1544.321 1544.492 1544.673 1544.855 1545.037 1545.205 1545.352 1545.499 1545.646 1545.793 1545.911 1546.023 1546.135 1546.248 1546.35 1546.427 1546.505 1546.583 1546.66 1546.678 1546.678 1546.678 1546.678 1546.687 1546.726 1546.765 1546.804 1546.843 1546.909 1546.986 1547.064 1547.142 1547.229 1547.365 1547.501 1547.637 1547.772 1547.848 1547.887 1547.926 1547.964 1548.014 1548.176 1548.338 1548.501 1548.663 1548.768 1548.826 1548.884 1548.943 1549.001 1549.039 1549.078 1549.117 1549.156 1549.241 1549.377 1549.513
1544.213 1544.462 1544.618 1544.66 1544.702 1544.744 1544.786 1544.966 1545.158 1545.35 1545.543 1545.718 1545.865 1546.012 1546.159 1546.306 1546.414 1546.516 1546.618 1546.719 1546.807 1546.863 1546.919 1546.975 1547.032 1547.045 1547.045 1547.045 1547.045 1547.051 1547.079 1547.107 1547.135 1547.163 1547.211 1547.267 1547.323 1547.38 1547.442 1547.541 1547.639 1547.737 1547.836 1547.89 1547.918 1547.946 1547.974 1548.016 1548.194 1548.372 1548.55 1548.729 1548.832 1548.874 1548.916 1548.958 1549.0 1549.028 1549.057 1549.085 1549.113 1549.174 1549.273 1549.371
1544.767 1545.005 1545.148 1545.174 1545.2 1545.226 1545.251 1545.439 1545.642 1545.845 1546.049 1546.231 1546.378 1546.524 1546.671 1546.818 1546.918 1547.009 1547.1 1547.191 1547.264 1547.299 1547.334 1547.368 1547.403 1547.411 1547.411 1547.411 1547.411 1547.415 1547.432 1547.449 1547.467 1547.484 1547.514 1547.548 1547.583 1547.617 1547.656 1547.717 1547.777 1547.838 1547.899 1547.932 1547.95 1547.967 1547.984 1548.017 1548.211 1548.406 1548.6 1548.795 1548.896 1548.922 1548.948 1548.974 1549.0 1549.018 1549.035 1549.052 1549.07 1549.108 1549.168 1549.229
1545.321 1545.548 1545.677 1545.687 1545.697 1545.707 1545.717 1545.913 1546.127 1546.341 1546.555 1546.743 1546.89 1547.037 1547.184 1547.331 1547.422 1547.502 1547.582 1547.662 1547.722 1547.735 1547.748 1547.761 1547.774 1547.777 1547.777 1547.777 1547.777 1547.779 1547.785 1547.792 1547.798 1547.805 1547.816 1547.829 1547.842 1547.855 1547.87 1547.893 1547.916 1547.939 1547.962 1547.974 1547.981 1547.987 1547.994 1548.018 1548.229 1548.44 1548.65 1548.861 1548.961 1548.971 1548.98 1548.99 1549.0 1549.007 1549.013 1549.02 1549.026 1549.041 1549.064 1549.087
1545.887 1546.108 1546.229 1546.229 1546.229 1546.229 1546.229 1546.413 1546.615 1546.816 1547.018 1547.196 1547.337 1547.478 1547.618 1547.759 1547.838 1547.905 1547.972 1548.039 1548.086 1548.086 1548.086 1548.086 1548.086 1548.086 1548.086 1548.086 1548.086 1548.086 1548.086 1548.086 1548.086 1548.086 1548.086 1548.086 1548.086 1548.086 1548.086 1548.086 1548.086 1548.086 1548.086 1548.086 1548.086 1548.086 1548.086 1548.104 1548.305 1548.506 1548.708 1548.909 1549.0 1549.0 1549.0 1549.0 1549.0 1549.0 1549.0 1549.0 1549.0 1548.994 1548.981 1548.969
1546.473 1546.694 1546.815 1546.815 1546.815 1546.815 1546.815 1546.955 1547.108 1547.261 1547.414 1547.556 1547.681 1547.805 1547.93 1548.054 1548.117 1548.168 1548.219 1548.27 1548.306 1548.306 1548.306 1548.306 1548.306 1548.306 1548.306 1548.306 1548.306 1548.306 1548.306 1548.306 1548.306 1548.306 1548.306 1548.306 1548.306 1548.306 1548.306 1548.306 1548.306 1548.306 1548.306 1548.306 1548.306 1548.306 1548.306 1548.319 1548.472 1548.625 1548.778 1548.931 1549.0 1549.0 1549.0 1549.0 1549.0 1549.0 1549.0 1549.0 1549.0 1548.979 1548.934 1548.889
1547.059 1547.28 1547.401 1547.401 1547.401 1547.401 1547.401 1547.497 1547.601 1547.706 1547.811 1547.917 1548.025 1548.133 1548.242 1548.35 1548.397 1548.432 1548.466 1548.501 1548.526 1548.526 1548.526 1548.526 1548.526 1548.526 1548.526 1548.526 1548.526 1548.526 1548.526 1548.526 1548.526 1548.526 1548.526 1548.526 1548.526 1548.526 1548.526 1548.526 1548.526 1548.526 1548.526 1548.526 1548.526 1548.526 1548.526 1548.535 1548.639 1548.744 1548.848 1548.953 1549.0 1549.0 1549.0 1549.0 1549.0 1549.0 1549.0 1549.0 1549.0 1548.963 1548.886 1548.809
