data/zism_data/00718_04_D.txt
ncols         224
nrows         224
[rows 140 to 167 of 224, columns 63 to 125 of 224]
1421.279 1424.568 1426.829 1427.185 1427.542 1427.898 1428.254 1428.485 1428.683 1428.881 1429.079 1429.502 1430.695 1431.889 1433.082 1434.275 1435.868 1437.663 1439.458 1441.253 1442.953 1443.823 1444.694 1445.564 1446.435 1446.891 1446.993 1447.096 1447.199 1447.302 1447.453 1447.606 1447.758 1447.911 1449.332 1452.533 1455.735 1458.936 1462.137 1467.472 1473.172 1478.871 1484.57 1490.471 1496.859 1503.247 1509.634 1516.022 1521.404 1526.414 1531.423 1536.433 1540.701 1541.297 1541.893 1542.489 1543.085 1541.5 1538.497 1535.495 1532.491 1529.44 1525.33
1425.47 1429.075 1431.455 1431.565 1431.675 1431.785 1431.895 1431.994 1432.09 1432.187 1432.283 1432.562 1433.466 1434.371 1435.275 1436.179 1437.391 1438.757 1440.124 1441.491 1442.798 1443.583 1444.367 1445.152 1445.937 1446.371 1446.506 1446.641 1446.776 1446.911 1447.147 1447.385 1447.623 1447.861 1449.359 1452.624 1455.89 1459.155 1462.421 1467.765 1473.464 1479.164 1484.863 1490.797 1497.297 1503.797 1510.297 1516.798 1522.3 1527.432 1532.565 1537.698 1542.084 1542.771 1543.458 1544.145 1544.831 1543.708 1541.406 1539.104 1536.802 1534.448 1530.948
1429.662 1433.582 1436.081 1435.945 1435.809 1435.673 1435.536 1435.503 1435.498 1435.492 1435.487 1435.622 1436.237 1436.853 1437.468 1438.083 1438.913 1439.852 1440.79 1441.729 1442.643 1443.342 1444.041 1444.74 1445.439 1445.851 1446.018 1446.185 1446.352 1446.519 1446.84 1447.163 1447.487 1447.811 1449.385 1452.715 1456.045 1459.375 1462.704 1468.058 1473.757 1479.457 1485.156 1491.122 1497.735 1504.348 1510.96 1517.573 1523.195 1528.451 1533.707 1538.962 1543.466 1544.244 1545.022 1545.8 1546.578 1545.915 1544.314 1542.713 1541.112 1539.455 1536.565
1433.853 1438.089 1440.707 1440.325 1439.943 1439.56 1439.178 1439.012 1438.905 1438.798 1438.691 1438.682 1439.008 1439.334 1439.661 1439.987 1440.435 1440.946 1441.456 1441.966 1442.487 1443.101 1443.714 1444.328 1444.941 1445.331 1445.53 1445.73 1445.929 1446.128 1446.533 1446.942 1447.352 1447.761 1449.412 1452.806 1456.2 1459.594 1462.988 1468.351 1474.05 1479.75 1485.449 1491.448 1498.173 1504.898 1511.623 1518.348 1524.091 1529.47 1534.848 1540.227 1544.849 1545.718 1546.587 1547.456 1548.324 1548.122 1547.222 1546.323 1545.423 1544.463 1542.183
1436.935 1441.384 1444.095 1443.584 1443.072 1442.561 1442.049 1441.817 1441.661 1441.505 1441.348 1441.257 1441.389 1441.521 1441.653 1441.785 1441.955 1442.144 1442.333 1442.522 1442.741 1443.214 1443.687 1444.161 1444.634 1444.962 1445.165 1445.368 1445.571 1445.774 1446.249 1446.73 1447.211 1447.692 1449.327 1452.584 1455.84 1459.097 1462.354 1467.59 1473.164 1478.738 1484.313 1490.228 1496.968 1503.709 1510.45 1517.19 1523.119 1528.748 1534.377 1540.006 1544.876 1545.983 1547.09 1548.197 1549.305 1549.484 1549.059 1548.635 1548.211 1547.729 1545.997
1438.183 1442.675 1445.436 1444.989 1444.542 1444.094 1443.647 1443.458 1443.339 1443.221 1443.102 1443.031 1443.126 1443.22 1443.315 1443.409 1443.471 1443.515 1443.56 1443.604 1443.669 1443.913 1444.156 1444.399 1444.642 1444.841 1445.001 1445.161 1445.322 1445.482 1446.003 1446.532 1447.061 1447.59 1449.058 1451.844 1454.629 1457.415 1460.2 1465.084 1470.327 1475.57 1480.812 1486.45 1493.046 1499.642 1506.238 1512.834 1519.061 1525.15 1531.239 1537.328 1542.662 1544.251 1545.839 1547.428 1549.017 1549.448 1549.125 1548.802 1548.48 1548.115 1546.827
1439.431 1443.966 1446.777 1446.394 1446.011 1445.628 1445.245 1445.099 1445.018 1444.936 1444.855 1444.805 1444.862 1444.919 1444.976 1445.033 1444.986 1444.886 1444.786 1444.686 1444.598 1444.611 1444.624 1444.637 1444.651 1444.72 1444.838 1444.955 1445.073 1445.19 1445.757 1446.334 1446.912 1447.489 1448.789 1451.104 1453.418 1455.733 1458.047 1462.579 1467.49 1472.401 1477.312 1482.672 1489.124 1495.575 1502.027 1508.479 1515.002 1521.551 1528.1 1534.65 1540.448 1542.518 1544.589 1546.659 1548.729 1549.412 1549.191 1548.97 1548.749 1548.5 1547.656
1440.679 1445.256 1448.118 1447.799 1447.48 1447.161 1446.843 1446.74 1446.696 1446.652 1446.608 1446.579 1446.598 1446.618 1446.638 1446.657 1446.502 1446.257 1446.013 1445.768 1445.527 1445.31 1445.093 1444.876 1444.659 1444.599 1444.674 1444.749 1444.823 1444.898 1445.511 1446.137 1446.762 1447.388 1448.52 1450.363 1452.207 1454.051 1455.894 1460.074 1464.653 1469.232 1473.811 1478.894 1485.201 1491.509 1497.816 1504.123 1510.943 1517.953 1524.962 1531.972 1538.233 1540.785 1543.338 1545.89 1548.442 1549.376 1549.256 1549.137 1549.018 1548.886 1548.486
1441.927 1446.547 1449.459 1449.204 1448.95 1448.695 1448.44 1448.381 1448.375 1448.368 1448.362 1448.353 1448.335 1448.317 1448.299 1448.281 1448.017 1447.628 1447.239 1446.85 1446.455 1446.008 1445.561 1445.114 1444.667 1444.479 1444.51 1444.542 1444.574 1444.606 1445.266 1445.939 1446.613 1447.286 1448.251 1449.623 1450.996 1452.369 1453.741 1457.569 1461.816 1466.063 1470.31 1475.117 1481.279 1487.442 1493.604 1499.767 1506.884 1514.354 1521.824 1529.294 1536.019 1539.053 1542.087 1545.121 1548.154 1549.34 1549.322 1549.304 1549.287 1549.272 1549.316
1442.323 1446.866 1449.748 1449.549 1449.349 1449.15 1448.951 1448.909 1448.909 1448.909 1448.909 1448.904 1448.884 1448.864 1448.844 1448.824 1448.566 1448.188 1447.809 1447.43 1447.029 1446.432 1445.834 1445.236 1444.639 1444.389 1444.435 1444.482 1444.528 1444.575 1445.251 1445.942 1446.633 1447.324 1448.216 1449.392 1450.568 1451.744 1452.92 1456.518 1460.531 1464.543 1468.556 1473.216 1479.446 1485.677 1491.907 1498.137 1505.26 1512.713 1520.165 1527.618 1534.339 1537.435 1540.53 1543.626 1546.721 1547.974 1548.027 1548.08 1548.133 1548.199 1548.551
1442.539 1446.981 1449.816 1449.67 1449.524 1449.378 1449.233 1449.202 1449.202 1449.202 1449.202 1449.198 1449.184 1449.169 1449.155 1449.14 1448.912 1448.576 1448.24 1447.905 1447.528 1446.797 1446.065 1445.334 1444.603 1444.306 1444.379 1444.452 1444.525 1444.599 1445.286 1445.988 1446.689 1447.391 1448.232 1449.269 1450.305 1451.342 1452.379 1455.774 1459.572 1463.371 1467.169 1471.71 1478.053 1484.396 1490.739 1497.081 1504.148 1511.483 1518.818 1526.153 1532.772 1535.841 1538.91 1541.979 1545.047 1546.328 1546.445 1546.563 1546.68 1546.82 1547.449
1442.756 1447.096 1449.883 1449.791 1449.699 1449.607 1449.514 1449.495 1449.495 1449.495 1449.495 1449.493 1449.483 1449.474 1449.465 1449.456 1449.258 1448.965 1448.672 1448.379 1448.027 1447.162 1446.297 1445.432 1444.566 1444.223 1444.323 1444.422 1444.522 1444.622 1445.321 1446.033 1446.746 1447.458 1448.247 1449.145 1450.042 1450.94 1451.837 1455.03 1458.614 1462.198 1465.782 1470.205 1476.66 1483.115 1489.57 1496.025 1503.037 1510.254 1517.471 1524.689 1531.205 1534.247 1537.289 1540.331 1543.373 1544.682 1544.864 1545.045 1545.227 1545.44 1546.348
1442.972 1447.211 1449.951 1449.912 1449.873 1449.835 1449.796 1449.788 1449.788 1449.788 1449.788 1449.787 1449.783 1449.779 1449.775 1449.771 1449.604 1449.354 1449.103 1448.853 1448.526 1447.527 1446.528 1445.529 1444.53 1444.139 1444.266 1444.393 1444.52 1444.646 1445.356 1446.079 1446.802 1447.525 1448.262 1449.021 1449.779 1450.538 1451.296 1454.285 1457.655 1461.026 1464.396 1468.7 1475.267 1481.835 1488.402 1494.97 1501.925 1509.025 1516.124 1523.224 1529.638 1532.653 1535.668 1538.684 1541.699 1543.036 1543.282 1543.528 1543.774 1544.06 1545.247
1443.047 1447.188 1449.888 1449.915 1449.941 1449.968 1449.994 1449.995 1449.99 1449.984 1449.978 1449.966 1449.935 1449.904 1449.873 1449.842 1449.643 1449.359 1449.075 1448.791 1448.427 1447.362 1446.297 1445.232 1444.167 1443.798 1444.021 1444.243 1444.466 1444.689 1445.476 1446.276 1447.076 1447.876 1448.666 1449.441 1450.216 1450.992 1451.767 1454.673 1457.943 1461.212 1464.482 1468.69 1475.176 1481.661 1488.146 1494.632 1501.317 1508.076 1514.835 1521.595 1527.703 1530.58 1533.458 1536.336 1539.214 1540.583 1540.97 1541.356 1541.743 1542.18 1543.72
1442.749 1446.805 1449.483 1449.605 1449.728 1449.851 1449.974 1449.979 1449.951 1449.924 1449.897 1449.843 1449.7 1449.556 1449.413 1449.27 1448.876 1448.357 1447.837 1447.318 1446.754 1445.801 1444.849 1443.896 1442.943 1442.776 1443.277 1443.778 1444.279 1444.78 1445.82 1446.871 1447.923 1448.974 1450.089 1451.293 1452.496 1453.7 1454.903 1458.041 1461.508 1464.976 1468.444 1472.619 1478.51 1484.401 1490.293 1496.184 1502.033 1507.866 1513.7 1519.533 1524.798 1527.248 1529.698 1532.148 1534.598 1536.005 1536.734 1537.463 1538.192 1538.981 1541.072
1442.451 1446.421 1449.077 1449.296 1449.515 1449.734 1449.954 1449.962 1449.913 1449.864 1449.815 1449.72 1449.464 1449.208 1448.953 1448.697 1448.109 1447.354 1446.599 1445.844 1445.081 1444.24 1443.4 1442.56 1441.72 1441.754 1442.534 1443.313 1444.093 1444.872 1446.163 1447.467 1448.77 1450.073 1451.512 1453.144 1454.776 1456.408 1458.039 1461.408 1465.074 1468.74 1472.405 1476.547 1481.845 1487.142 1492.439 1497.736 1502.749 1507.656 1512.564 1517.471 1521.894 1523.916 1525.938 1527.959 1529.981 1531.427 1532.499 1533.57 1534.642 1535.782 1538.425
1442.152 1446.037 1448.671 1448.987 1449.302 1449.618 1449.933 1449.945 1449.875 1449.804 1449.734 1449.597 1449.229 1448.86 1448.492 1448.124 1447.343 1446.352 1445.362 1444.371 1443.407 1442.68 1441.952 1441.224 1440.496 1440.733 1441.79 1442.848 1443.906 1444.964 1446.507 1448.062 1449.616 1451.171 1452.936 1454.996 1457.056 1459.115 1461.175 1464.776 1468.64 1472.503 1476.367 1480.476 1485.179 1489.882 1494.585 1499.288 1503.465 1507.446 1511.428 1515.409 1518.99 1520.584 1522.177 1523.77 1525.364 1526.849 1528.263 1529.677 1531.091 1532.583 1535.777
1441.854 1445.653 1448.265 1448.677 1449.089 1449.501 1449.913 1449.928 1449.836 1449.745 1449.653 1449.474 1448.993 1448.513 1448.032 1447.552 1446.576 1445.35 1444.124 1442.898 1441.734 1441.119 1440.503 1439.888 1439.272 1439.711 1441.047 1442.383 1443.719 1445.055 1446.851 1448.657 1450.463 1452.269 1454.359 1456.847 1459.335 1461.823 1464.312 1468.144 1472.205 1476.267 1480.329 1484.404 1488.513 1492.622 1496.731 1500.84 1504.181 1507.236 1510.292 1513.348 1516.086 1517.251 1518.417 1519.582 1520.747 1522.271 1524.027 1525.784 1527.541 1529.385 1533.13
1440.468 1444.476 1447.272 1447.819 1448.366 1448.913 1449.46 1449.361 1449.089 1448.817 1448.545 1448.172 1447.451 1446.73 1446.009 1445.288 1444.111 1442.704 1441.297 1439.89 1438.595 1438.29 1437.984 1437.679 1437.374 1438.145 1439.833 1441.521 1443.209 1444.897 1447.034 1449.181 1451.328 1453.475 1455.846 1458.534 1461.221 1463.909 1466.596 1470.391 1474.376 1478.36 1482.344 1486.254 1489.982 1493.711 1497.439 1501.167 1503.819 1506.073 1508.327 1510.581 1512.611 1513.531 1514.45 1515.369 1516.288 1517.97 1520.146 1522.323 1524.5 1526.758 1530.787
1438.669 1442.998 1446.055 1446.751 1447.448 1448.145 1448.842 1448.585 1448.072 1447.56 1447.047 1446.422 1445.412 1444.402 1443.392 1442.382 1441.001 1439.434 1437.866 1436.298 1434.899 1434.979 1435.059 1435.139 1435.219 1436.373 1438.441 1440.509 1442.577 1444.645 1447.156 1449.678 1452.199 1454.721 1457.358 1460.158 1462.958 1465.758 1468.557 1472.214 1476.016 1479.818 1483.621 1487.314 1490.743 1494.171 1497.6 1501.029 1503.049 1504.548 1506.047 1507.547 1508.919 1509.662 1510.405 1511.147 1511.89 1513.774 1516.4 1519.027 1521.653 1524.349 1528.559
1436.87 1441.52 1444.838 1445.684 1446.531 1447.378 1448.224 1447.809 1447.056 1446.302 1445.549 1444.672 1443.373 1442.074 1440.775 1439.476 1437.892 1436.163 1434.435 1432.707 1431.203 1431.668 1432.133 1432.599 1433.064 1434.6 1437.048 1439.496 1441.944 1444.393 1447.279 1450.175 1453.071 1455.967 1458.87 1461.782 1464.694 1467.606 1470.519 1474.036 1477.656 1481.277 1484.897 1488.374 1491.503 1494.632 1497.761 1500.89 1502.278 1503.023 1503.768 1504.513 1505.227 1505.794 1506.36 1506.926 1507.492 1509.578 1512.654 1515.73 1518.806 1521.94 1526.332
1435.07 1440.042 1443.621 1444.617 1445.614 1446.61 1447.607 1447.034 1446.039 1445.045 1444.05 1442.922 1441.334 1439.746 1438.158 1436.57 1434.782 1432.893 1431.004 1429.115 1427.506 1428.357 1429.208 1430.058 1430.909 1432.828 1435.656 1438.484 1441.312 1444.14 1447.401 1450.672 1453.943 1457.213 1460.381 1463.406 1466.431 1469.455 1472.48 1475.858 1479.297 1482.735 1486.174 1489.434 1492.263 1495.093 1497.922 1500.751 1501.508 1501.498 1501.488 1501.478 1501.536 1501.925 1502.314 1502.704 1503.094 1505.383 1508.908 1512.434 1515.959 1519.531 1524.105
1432.947 1438.171 1441.968 1443.121 1444.274 1445.427 1446.58 1445.858 1444.632 1443.406 1442.18 1440.817 1438.984 1437.152 1435.319 1433.487 1431.538 1429.529 1427.521 1425.512 1423.834 1425.056 1426.278 1427.5 1428.722 1431.0 1434.175 1437.351 1440.526 1443.702 1447.303 1450.914 1454.525 1458.136 1461.537 1464.644 1467.751 1470.859 1473.966 1477.189 1480.433 1483.676 1486.92 1489.957 1492.493 1495.029 1497.565 1500.101 1500.264 1499.549 1498.834 1498.118 1497.573 1497.872 1498.171 1498.469 1498.767 1501.288 1505.253 1509.219 1513.185 1517.184 1521.91
1429.286 1434.435 1438.25 1439.59 1440.93 1442.27 1443.61 1442.78 1441.367 1439.953 1438.54 1437.025 1435.16 1433.296 1431.431 1429.567 1427.656 1425.723 1423.79 1421.856 1420.276 1421.803 1423.33 1424.857 1426.385 1428.906 1432.274 1435.643 1439.011 1442.379 1446.157 1449.945 1453.732 1457.52 1461.0 1464.048 1467.096 1470.145 1473.193 1476.189 1479.175 1482.162 1485.148 1487.927 1490.201 1492.474 1494.748 1497.022 1496.77 1495.584 1494.398 1493.212 1492.328 1492.943 1493.557 1494.171 1494.785 1497.67 1502.032 1506.393 1510.755 1515.133 1519.864
1425.626 1430.699 1434.531 1436.058 1437.586 1439.113 1440.641 1439.702 1438.102 1436.501 1434.9 1433.233 1431.336 1429.44 1427.543 1425.647 1423.775 1421.917 1420.058 1418.199 1416.718 1418.55 1420.382 1422.215 1424.047 1426.813 1430.374 1433.934 1437.495 1441.056 1445.011 1448.976 1452.94 1456.904 1460.462 1463.452 1466.441 1469.431 1472.42 1475.188 1477.918 1480.647 1483.377 1485.897 1487.909 1489.92 1491.932 1493.943 1493.277 1491.62 1489.963 1488.306 1487.083 1488.013 1488.943 1489.873 1490.803 1494.052 1498.81 1503.568 1508.325 1513.082 1517.819
1421.965 1426.964 1430.812 1432.527 1434.241 1435.956 1437.671 1436.625 1434.837 1433.049 1431.261 1429.441 1427.512 1425.584 1423.655 1421.726 1419.894 1418.11 1416.327 1414.543 1413.16 1415.297 1417.435 1419.572 1421.709 1424.719 1428.473 1432.226 1435.98 1439.734 1443.866 1448.007 1452.147 1456.288 1459.925 1462.856 1465.786 1468.717 1471.648 1474.187 1476.66 1479.133 1481.606 1483.867 1485.616 1487.366 1489.115 1490.864 1489.783 1487.655 1485.527 1483.399 1481.838 1483.083 1484.329 1485.575 1486.821 1490.434 1495.588 1500.742 1505.896 1511.031 1515.773
1418.304 1423.228 1427.093 1428.995 1430.897 1432.799 1434.701 1433.547 1431.572 1429.596 1427.621 1425.649 1423.688 1421.728 1419.767 1417.806 1416.013 1414.304 1412.595 1410.887 1409.602 1412.044 1414.487 1416.929 1419.371 1422.626 1426.572 1430.518 1434.465 1438.411 1442.72 1447.037 1451.355 1455.672 1459.388 1462.26 1465.131 1468.003 1470.875 1473.187 1475.402 1477.618 1479.834 1481.837 1483.324 1484.811 1486.298 1487.785 1486.29 1483.691 1481.092 1478.493 1476.592 1478.154 1479.715 1481.277 1482.839 1486.817 1492.366 1497.916 1503.466 1508.981 1513.728
1413.889 1418.448 1422.099 1424.069 1426.038 1428.008 1429.977 1428.889 1426.98 1425.071 1423.162 1421.237 1419.261 1417.285 1415.309 1413.332 1411.657 1410.133 1408.609 1407.086 1405.998 1408.738 1411.479 1414.22 1416.96 1420.401 1424.436 1428.472 1432.507 1436.543 1440.87 1445.204 1449.538 1453.872 1457.577 1460.4 1463.223 1466.045 1468.868 1470.908 1472.813 1474.719 1476.625 1478.277 1479.315 1480.353 1481.391 1482.429 1480.678 1477.894 1475.111 1472.328 1470.348 1472.349 1474.35 1476.351 1478.351 1482.766 1488.752 1494.738 1500.724 1506.65 1511.259
