data/zism_data/00714_01_D.txt
ncols         224
nrows         224
[rows 84 to 111 of 224, columns 0 to 62 of 224]
1907.904 1911.382 1914.861 1918.34 1923.603 1928.893 1934.182 1939.471 1942.186 1941.553 1940.92 1940.287 1939.654 1933.248 1926.084 1918.921 1911.758 1906.386 1904.598 1902.81 1901.022 1899.234 1902.194 1906.473 1910.752 1915.03 1920.786 1931.433 1942.08 1952.727 1963.374 1970.938 1977.058 1983.177 1989.297 1994.773 1995.956 1997.138 1998.321 1999.503 2000.0 2000.0 2000.0 2000.0 1999.988 1999.58 1999.172 1998.764 1998.356 1997.207 1995.252 1993.296 1991.34 1989.385 1980.203 1970.457 1960.712 1950.966 1941.459 1932.348 1923.236 1914.125 1905.014
1904.203 1906.326 1908.448 1910.571 1915.453 1920.377 1925.3 1930.224 1933.078 1933.241 1933.405 1933.569 1933.733 1928.365 1922.273 1916.181 1910.088 1905.497 1903.908 1902.319 1900.73 1899.142 1902.461 1907.143 1911.826 1916.509 1922.689 1933.831 1944.974 1956.116 1967.258 1974.609 1980.185 1985.761 1991.338 1996.296 1997.134 1997.972 1998.81 1999.648 2000.0 2000.0 2000.0 2000.0 1999.984 1999.447 1998.91 1998.373 1997.835 1996.468 1994.194 1991.921 1989.648 1987.374 1978.255 1968.601 1958.946 1949.292 1939.944 1931.102 1922.259 1913.417 1904.575
1903.122 1904.341 1905.56 1906.779 1911.033 1915.332 1919.631 1923.93 1926.607 1927.175 1927.743 1928.311 1928.879 1924.28 1919.004 1913.728 1908.451 1904.465 1903.059 1901.652 1900.246 1898.839 1902.375 1907.283 1912.192 1917.1 1923.495 1934.814 1946.133 1957.452 1968.77 1976.031 1981.393 1986.754 1992.115 1996.87 1997.578 1998.286 1998.994 1999.702 1999.953 1999.873 1999.792 1999.712 1999.603 1998.554 1997.505 1996.457 1995.408 1993.532 1990.753 1987.974 1985.195 1982.417 1973.557 1964.222 1954.888 1945.553 1936.651 1928.463 1920.276 1912.089 1903.901
1903.624 1904.213 1904.802 1905.392 1908.868 1912.386 1915.905 1919.424 1921.732 1922.467 1923.202 1923.936 1924.671 1920.677 1916.063 1911.449 1906.834 1903.347 1902.113 1900.878 1899.644 1898.41 1902.076 1907.103 1912.13 1917.156 1923.638 1934.941 1946.244 1957.546 1968.849 1976.094 1981.439 1986.784 1992.129 1996.87 1997.578 1998.286 1998.994 1999.702 1999.878 1999.669 1999.459 1999.249 1998.994 1997.202 1995.411 1993.619 1991.828 1989.268 1985.87 1982.472 1979.075 1975.677 1967.197 1958.32 1949.442 1940.565 1932.283 1924.983 1917.684 1910.385 1903.085
1904.126 1904.086 1904.045 1904.005 1906.703 1909.441 1912.179 1914.917 1916.857 1917.759 1918.66 1919.562 1920.463 1917.074 1913.122 1909.17 1905.217 1902.229 1901.167 1900.105 1899.043 1897.981 1901.776 1906.922 1912.067 1917.212 1923.782 1935.068 1946.355 1957.641 1968.928 1976.156 1981.485 1986.814 1992.143 1996.87 1997.578 1998.286 1998.994 1999.702 1999.804 1999.465 1999.126 1998.787 1998.385 1995.85 1993.316 1990.781 1988.247 1985.004 1980.987 1976.97 1972.953 1968.937 1960.836 1952.417 1943.997 1935.577 1927.914 1921.503 1915.092 1908.681 1902.269
1904.628 1903.958 1903.288 1902.618 1904.537 1906.495 1908.453 1910.411 1911.982 1913.05 1914.119 1915.187 1916.256 1913.471 1910.181 1906.891 1903.6 1901.11 1900.221 1899.331 1898.441 1897.551 1901.477 1906.741 1912.005 1917.268 1923.925 1935.195 1946.466 1957.736 1969.006 1976.219 1981.532 1986.845 1992.157 1996.87 1997.578 1998.286 1998.994 1999.702 1999.729 1999.261 1998.793 1998.325 1997.775 1994.498 1991.221 1987.944 1984.667 1980.74 1976.104 1971.468 1966.833 1962.197 1954.476 1946.514 1938.552 1930.589 1923.546 1918.023 1912.5 1906.977 1901.454
1905.329 1904.059 1902.788 1901.518 1902.67 1903.857 1905.045 1906.233 1907.417 1908.596 1909.775 1910.954 1912.133 1909.92 1907.262 1904.604 1901.946 1899.936 1899.221 1898.507 1897.793 1897.079 1901.115 1906.471 1911.827 1917.183 1923.898 1935.116 1946.334 1957.552 1968.77 1975.979 1981.31 1986.642 1991.973 1996.705 1997.443 1998.182 1998.92 1999.658 1999.634 1999.058 1998.482 1997.906 1997.231 1993.271 1989.31 1985.349 1981.388 1976.794 1971.51 1966.227 1960.943 1955.659 1948.283 1940.742 1933.202 1925.662 1919.209 1914.555 1909.901 1905.246 1900.592
1908.116 1906.555 1904.994 1903.433 1903.928 1904.453 1904.979 1905.505 1906.106 1906.806 1907.506 1908.207 1908.907 1906.919 1904.578 1902.238 1899.897 1898.169 1897.664 1897.16 1896.656 1896.151 1900.09 1905.263 1910.436 1915.609 1922.083 1932.871 1943.659 1954.446 1965.234 1972.565 1978.279 1983.992 1989.706 1994.815 1995.898 1996.98 1998.063 1999.146 1999.332 1998.869 1998.406 1997.943 1997.376 1993.351 1989.326 1985.3 1981.275 1976.192 1969.955 1963.719 1957.482 1951.246 1943.845 1936.353 1928.861 1921.37 1915.199 1911.212 1907.225 1903.238 1899.251
1910.902 1909.051 1907.199 1905.347 1905.186 1905.05 1904.913 1904.777 1904.796 1905.017 1905.238 1905.459 1905.68 1903.917 1901.894 1899.871 1897.848 1896.401 1896.107 1895.813 1895.518 1895.224 1899.065 1904.055 1909.045 1914.035 1920.269 1930.626 1940.983 1951.34 1961.697 1969.151 1975.247 1981.343 1987.438 1992.925 1994.352 1995.779 1997.206 1998.633 1999.03 1998.68 1998.33 1997.98 1997.521 1993.432 1989.341 1985.251 1981.161 1975.589 1968.4 1961.211 1954.021 1946.832 1939.407 1931.964 1924.521 1917.078 1911.188 1907.869 1904.549 1901.23 1897.911
1913.689 1911.547 1909.405 1907.262 1906.444 1905.646 1904.847 1904.049 1903.485 1903.227 1902.969 1902.711 1902.453 1900.916 1899.21 1897.505 1895.799 1894.634 1894.55 1894.465 1894.381 1894.296 1898.04 1902.847 1907.654 1912.46 1918.454 1928.381 1938.307 1948.234 1958.16 1965.737 1972.215 1978.693 1985.171 1991.035 1992.807 1994.578 1996.35 1998.121 1998.728 1998.491 1998.254 1998.017 1997.667 1993.512 1989.357 1985.203 1981.048 1974.986 1966.844 1958.703 1950.561 1942.419 1934.97 1927.575 1920.18 1912.785 1907.178 1904.526 1901.874 1899.222 1896.57
1916.476 1914.043 1911.61 1909.177 1907.702 1906.242 1904.781 1903.321 1902.175 1901.438 1900.701 1899.964 1899.227 1897.914 1896.526 1895.139 1893.751 1892.867 1892.993 1893.118 1893.243 1893.369 1897.015 1901.639 1906.262 1910.886 1916.64 1926.136 1935.631 1945.127 1954.623 1962.323 1969.184 1976.044 1982.904 1989.145 1991.261 1993.377 1995.493 1997.609 1998.427 1998.302 1998.178 1998.054 1997.812 1993.592 1989.373 1985.154 1980.935 1974.384 1965.289 1956.194 1947.1 1938.005 1930.532 1923.186 1915.839 1908.493 1903.167 1901.182 1899.198 1897.213 1895.229
1917.86 1915.401 1912.941 1910.481 1908.637 1906.802 1904.967 1903.132 1901.604 1900.477 1899.35 1898.223 1897.096 1895.749 1894.373 1892.998 1891.622 1890.803 1891.097 1891.391 1891.684 1891.978 1895.62 1900.191 1904.762 1909.333 1914.941 1923.979 1933.018 1942.056 1951.095 1958.724 1965.693 1972.663 1979.632 1986.028 1988.601 1991.175 1993.748 1996.321 1997.51 1997.694 1997.879 1998.063 1998.129 1994.207 1990.285 1986.363 1982.44 1975.889 1966.47 1957.051 1947.632 1938.214 1930.578 1923.081 1915.585 1908.088 1902.66 1900.652 1898.644 1896.636 1894.629
1918.101 1915.829 1913.558 1911.286 1909.307 1907.332 1905.357 1903.382 1901.638 1900.193 1898.748 1897.304 1895.859 1894.266 1892.653 1891.041 1889.429 1888.496 1888.925 1889.353 1889.781 1890.21 1893.923 1898.548 1903.173 1907.798 1913.335 1921.895 1930.454 1939.014 1947.573 1954.973 1961.829 1968.686 1975.542 1981.911 1985.034 1988.156 1991.278 1994.4 1996.091 1996.744 1997.397 1998.05 1998.587 1995.257 1991.927 1988.597 1985.267 1979.115 1969.884 1960.653 1951.423 1942.193 1934.281 1926.472 1918.663 1910.855 1905.011 1902.416 1899.822 1897.227 1894.633
1918.341 1916.258 1914.175 1912.092 1909.978 1907.863 1905.748 1903.633 1901.671 1899.909 1898.147 1896.384 1894.622 1892.783 1890.933 1889.084 1887.235 1886.19 1886.753 1887.316 1887.879 1888.441 1892.226 1896.905 1901.583 1906.262 1911.73 1919.81 1927.891 1935.971 1944.052 1951.221 1957.965 1964.708 1971.452 1977.794 1981.466 1985.137 1988.808 1992.479 1994.672 1995.794 1996.915 1998.036 1999.045 1996.307 1993.569 1990.831 1988.093 1982.34 1973.298 1964.256 1955.214 1946.172 1937.984 1929.863 1921.742 1913.621 1907.362 1904.181 1900.999 1897.818 1894.637
1918.582 1916.687 1914.792 1912.897 1910.648 1908.393 1906.138 1903.884 1901.705 1899.625 1897.545 1895.465 1893.385 1891.3 1889.214 1887.127 1885.041 1883.883 1884.581 1885.278 1885.976 1886.673 1890.529 1895.261 1899.994 1904.727 1910.125 1917.726 1925.328 1932.929 1940.53 1947.47 1954.101 1960.731 1967.361 1973.677 1977.898 1982.118 1986.338 1990.559 1993.254 1994.843 1996.433 1998.022 1999.503 1997.357 1995.211 1993.065 1990.919 1985.565 1976.712 1967.858 1959.004 1950.15 1941.687 1933.254 1924.821 1916.388 1909.713 1905.945 1902.177 1898.409 1894.641
1918.786 1917.082 1915.378 1913.673 1911.294 1908.906 1906.517 1904.129 1901.739 1899.347 1896.955 1894.563 1892.172 1889.838 1887.513 1885.187 1882.861 1881.585 1882.406 1883.228 1884.05 1884.871 1888.796 1893.582 1898.368 1903.154 1908.482 1915.608 1922.734 1929.86 1936.985 1943.698 1950.217 1956.736 1963.255 1969.545 1974.317 1979.088 1983.859 1988.63 1991.828 1993.886 1995.944 1998.002 1999.955 1998.393 1996.832 1995.27 1993.708 1988.751 1980.089 1971.428 1962.766 1954.104 1945.368 1936.627 1927.885 1919.143 1912.055 1907.702 1903.348 1898.995 1894.641
1916.547 1915.171 1913.795 1912.419 1910.321 1908.212 1906.104 1903.995 1901.798 1899.487 1897.176 1894.865 1892.554 1889.854 1887.103 1884.353 1881.602 1879.848 1880.088 1880.329 1880.569 1880.809 1884.62 1889.422 1894.224 1899.026 1904.311 1911.195 1918.078 1924.962 1931.846 1938.477 1944.991 1951.504 1958.018 1964.392 1969.842 1975.291 1980.741 1986.19 1989.948 1992.479 1995.011 1997.542 1999.957 1998.46 1996.963 1995.466 1993.969 1989.254 1981.028 1972.802 1964.576 1956.351 1947.586 1938.78 1929.974 1921.168 1913.845 1908.974 1904.104 1899.234 1894.364
1914.308 1913.261 1912.213 1911.165 1909.348 1907.519 1905.69 1903.861 1901.858 1899.627 1897.397 1895.167 1892.937 1889.87 1886.694 1883.518 1880.342 1878.111 1877.77 1877.429 1877.088 1876.747 1880.444 1885.262 1890.081 1894.899 1900.14 1906.781 1913.423 1920.064 1926.706 1933.256 1939.764 1946.272 1952.781 1959.239 1965.367 1971.494 1977.622 1983.75 1988.067 1991.072 1994.077 1997.082 1999.958 1998.526 1997.094 1995.661 1994.229 1989.756 1981.966 1974.177 1966.387 1958.597 1949.804 1940.934 1932.063 1923.192 1915.634 1910.247 1904.86 1899.473 1894.086
1912.07 1911.35 1910.631 1909.911 1908.374 1906.825 1905.276 1903.727 1901.917 1899.768 1897.618 1895.469 1893.319 1889.886 1886.285 1882.684 1879.082 1876.374 1875.452 1874.53 1873.608 1872.685 1876.268 1881.103 1885.937 1890.772 1895.969 1902.368 1908.767 1915.167 1921.566 1928.036 1934.538 1941.041 1947.544 1954.086 1960.892 1967.698 1974.503 1981.309 1986.186 1989.665 1993.144 1996.622 1999.96 1998.593 1997.225 1995.857 1994.489 1990.258 1982.905 1975.551 1968.197 1960.843 1952.022 1943.087 1934.152 1925.216 1917.423 1911.52 1905.616 1899.712 1893.809
1909.831 1909.44 1909.048 1908.657 1907.401 1906.132 1904.863 1903.594 1901.977 1899.908 1897.839 1895.771 1893.702 1889.902 1885.876 1881.849 1877.823 1874.637 1873.134 1871.63 1870.127 1868.623 1872.093 1876.943 1881.794 1886.644 1891.798 1897.955 1904.112 1910.269 1916.426 1922.815 1929.312 1935.809 1942.307 1948.933 1956.417 1963.901 1971.385 1978.869 1984.305 1988.258 1992.21 1996.162 1999.962 1998.659 1997.356 1996.052 1994.749 1990.761 1983.843 1976.925 1970.007 1963.09 1954.241 1945.24 1936.24 1927.24 1919.212 1912.792 1906.372 1899.951 1893.531
1907.693 1907.62 1907.547 1907.474 1906.468 1905.447 1904.427 1903.407 1901.992 1900.063 1898.134 1896.205 1894.276 1890.215 1885.874 1881.533 1877.192 1873.507 1871.134 1868.761 1866.388 1864.015 1867.185 1871.895 1876.604 1881.314 1886.349 1892.462 1898.575 1904.688 1910.801 1917.123 1923.543 1929.963 1936.383 1943.037 1951.253 1959.469 1967.686 1975.902 1981.918 1986.339 1990.76 1995.18 1999.429 1997.907 1996.385 1994.863 1993.341 1989.227 1982.285 1975.342 1968.399 1961.457 1952.727 1943.858 1934.989 1926.12 1918.114 1911.535 1904.956 1898.377 1891.797
1905.666 1905.9 1906.133 1906.367 1905.577 1904.773 1903.968 1903.163 1901.958 1900.234 1898.51 1896.785 1895.061 1890.852 1886.317 1881.783 1877.248 1873.039 1869.482 1865.925 1862.367 1858.81 1861.478 1865.876 1870.273 1874.671 1879.506 1885.791 1892.076 1898.362 1904.647 1910.917 1917.181 1923.445 1929.709 1936.33 1945.338 1954.346 1963.353 1972.361 1978.978 1983.861 1988.745 1993.629 1998.311 1996.262 1994.213 1992.163 1990.114 1985.472 1978.002 1970.532 1963.062 1955.592 1947.144 1938.619 1930.095 1921.57 1913.866 1907.518 1901.17 1894.823 1888.475
1903.639 1904.179 1904.72 1905.26 1904.687 1904.098 1903.508 1902.919 1901.925 1900.405 1898.885 1897.365 1895.846 1891.489 1886.761 1882.032 1877.304 1872.571 1867.829 1863.088 1858.347 1853.605 1855.772 1859.857 1863.942 1868.028 1872.663 1879.12 1885.578 1892.035 1898.493 1904.712 1910.82 1916.927 1923.035 1929.624 1939.423 1949.222 1959.021 1968.82 1976.037 1981.384 1986.73 1992.077 1997.194 1994.617 1992.04 1989.463 1986.887 1981.717 1973.72 1965.722 1957.724 1949.727 1941.56 1933.38 1925.2 1917.02 1909.618 1903.501 1897.385 1891.269 1885.152
1901.612 1902.459 1903.307 1904.154 1903.797 1903.423 1903.049 1902.675 1901.891 1900.576 1899.261 1897.946 1896.63 1892.126 1887.204 1882.282 1877.359 1872.103 1866.177 1860.252 1854.326 1848.401 1850.066 1853.839 1857.612 1861.385 1865.82 1872.45 1879.08 1885.709 1892.339 1898.507 1904.458 1910.41 1916.362 1922.918 1933.508 1944.098 1954.688 1965.278 1973.097 1978.906 1984.716 1990.525 1996.076 1992.972 1989.868 1986.764 1983.659 1977.963 1969.437 1960.912 1952.387 1943.862 1935.977 1928.141 1920.305 1912.47 1905.369 1899.485 1893.6 1887.715 1881.83
1899.585 1900.739 1901.893 1903.047 1902.907 1902.748 1902.589 1902.43 1901.858 1900.747 1899.636 1898.526 1897.415 1892.763 1887.647 1882.531 1877.415 1871.634 1864.525 1857.415 1850.306 1843.196 1844.359 1847.82 1851.281 1854.742 1858.977 1865.779 1872.581 1879.383 1886.185 1892.301 1898.097 1903.892 1909.688 1916.212 1927.593 1938.974 1950.356 1961.737 1970.157 1976.429 1982.701 1988.974 1994.959 1991.327 1987.695 1984.063 1980.432 1974.208 1965.155 1956.102 1947.05 1937.997 1930.393 1922.902 1915.411 1907.92 1901.121 1895.468 1889.814 1884.161 1878.508
1896.964 1898.76 1900.555 1902.351 1902.293 1902.207 1902.121 1902.036 1901.529 1900.476 1899.423 1898.37 1897.317 1892.124 1886.388 1880.652 1874.917 1868.529 1860.839 1853.149 1845.458 1837.768 1838.751 1842.143 1845.535 1848.927 1853.154 1860.149 1867.143 1874.138 1881.132 1887.594 1893.806 1900.018 1906.231 1913.117 1924.493 1935.87 1947.246 1958.623 1966.68 1972.33 1977.98 1983.63 1989.014 1985.499 1981.984 1978.469 1974.953 1969.073 1960.614 1952.154 1943.695 1935.235 1927.923 1920.7 1913.478 1906.255 1899.407 1893.179 1886.951 1880.723 1874.495
1894.307 1896.765 1899.222 1901.68 1901.695 1901.674 1901.653 1901.632 1901.183 1900.178 1899.174 1898.169 1897.164 1891.406 1885.024 1878.642 1872.261 1865.262 1857.028 1848.794 1840.56 1832.326 1833.148 1836.486 1839.825 1843.163 1847.394 1854.582 1861.77 1868.959 1876.147 1882.978 1889.643 1896.307 1902.972 1910.244 1921.566 1932.889 1944.212 1955.534 1963.169 1968.13 1973.091 1978.053 1982.773 1979.413 1976.054 1972.695 1969.336 1963.854 1956.057 1948.259 1940.462 1932.665 1925.645 1918.686 1911.727 1904.768 1897.849 1890.997 1884.144 1877.292 1870.439
1891.65 1894.77 1897.89 1901.009 1901.097 1901.141 1901.184 1901.228 1900.837 1899.88 1898.924 1897.968 1897.011 1890.688 1883.66 1876.633 1869.605 1861.994 1853.217 1844.439 1835.661 1826.884 1827.546 1830.83 1834.115 1837.399 1841.634 1849.016 1856.398 1863.78 1871.162 1878.363 1885.479 1892.596 1899.713 1907.371 1918.64 1929.909 1941.177 1952.446 1959.659 1963.931 1968.203 1972.476 1976.531 1973.328 1970.125 1966.922 1963.719 1958.635 1951.5 1944.365 1937.229 1930.094 1923.367 1916.672 1909.976 1903.281 1896.291 1888.815 1881.338 1873.861 1866.384
