data/zism_data/00710_01_D.txt
ncols         224
nrows         224
[rows 0 to 27 of 224, columns 0 to 63 of 224]
4588.788 4588.179 4587.571 4586.963 4586.372 4585.824 4585.275 4584.727 4584.178 4583.757 4583.381 4583.005 4582.628 4582.21 4581.627 4581.043 4580.46 4579.876 4579.293 4578.709 4578.126 4577.542 4576.943 4576.234 4575.526 4574.817 4574.108 4573.5 4572.959 4572.418 4571.878 4571.327 4570.605 4569.883 4569.162 4568.44 4567.721 4567.003 4566.286 4565.569 4564.852 4564.125 4563.399 4562.673 4561.947 4561.271 4560.657 4560.043 4559.429 4558.815 4558.127 4557.433 4556.738 4556.043 4555.485 4555.152 4554.818 4554.485 4554.151 4553.919 4553.706 4553.492 4553.278 4553.111
4588.179 4587.577 4586.974 4586.372 4585.797 4585.298 4584.798 4584.298 4583.798 4583.382 4582.995 4582.608 4582.221 4581.795 4581.217 4580.639 4580.061 4579.483 4578.905 4578.327 4577.749 4577.17 4576.58 4575.903 4575.227 4574.551 4573.875 4573.26 4572.687 4572.114 4571.541 4570.96 4570.254 4569.549 4568.844 4568.138 4567.438 4566.742 4566.046 4565.351 4564.655 4563.94 4563.225 4562.51 4561.794 4561.11 4560.463 4559.817 4559.17 4558.523 4557.823 4557.118 4556.413 4555.708 4555.124 4554.742 4554.36 4553.978 4553.596 4553.337 4553.102 4552.867 4552.632 4552.455
4587.571 4586.974 4586.377 4585.78 4585.223 4584.772 4584.32 4583.869 4583.418 4583.006 4582.608 4582.211 4581.813 4581.38 4580.807 4580.234 4579.662 4579.089 4578.516 4577.944 4577.371 4576.798 4576.216 4575.573 4574.929 4574.285 4573.642 4573.021 4572.415 4571.81 4571.204 4570.594 4569.904 4569.215 4568.526 4567.836 4567.155 4566.481 4565.807 4565.133 4564.459 4563.755 4563.05 4562.346 4561.642 4560.948 4560.27 4559.59 4558.912 4558.232 4557.52 4556.804 4556.087 4555.371 4554.763 4554.332 4553.901 4553.471 4553.04 4552.756 4552.499 4552.242 4551.986 4551.798
4586.963 4586.372 4585.78 4585.188 4584.648 4584.246 4583.843 4583.44 4583.038 4582.631 4582.222 4581.814 4581.405 4580.964 4580.397 4579.83 4579.263 4578.695 4578.128 4577.561 4576.993 4576.426 4575.853 4575.242 4574.63 4574.019 4573.408 4572.781 4572.143 4571.505 4570.867 4570.227 4569.554 4568.881 4568.208 4567.535 4566.873 4566.22 4565.568 4564.915 4564.263 4563.57 4562.876 4562.182 4561.488 4560.787 4560.076 4559.364 4558.653 4557.941 4557.216 4556.489 4555.762 4555.035 4554.401 4553.922 4553.443 4552.964 4552.485 4552.174 4551.896 4551.618 4551.339 4551.142
4586.372 4585.797 4585.223 4584.648 4584.131 4583.764 4583.396 4583.029 4582.661 4582.25 4581.823 4581.396 4580.97 4580.515 4579.95 4579.385 4578.82 4578.255 4577.69 4577.125 4576.561 4575.996 4575.43 4574.855 4574.281 4573.707 4573.132 4572.508 4571.852 4571.195 4570.538 4569.881 4569.224 4568.567 4567.91 4567.253 4566.604 4565.961 4565.318 4564.676 4564.033 4563.349 4562.665 4561.98 4561.296 4560.587 4559.848 4559.108 4558.369 4557.629 4556.895 4556.16 4555.425 4554.69 4554.037 4553.518 4552.999 4552.48 4551.961 4551.635 4551.346 4551.056 4550.767 4550.565
4585.824 4585.298 4584.772 4584.246 4583.764 4583.396 4583.029 4582.661 4582.294 4581.854 4581.39 4580.925 4580.461 4579.975 4579.405 4578.834 4578.264 4577.694 4577.124 4576.553 4575.983 4575.413 4574.848 4574.322 4573.796 4573.271 4572.745 4572.151 4571.51 4570.869 4570.229 4569.588 4568.947 4568.307 4567.666 4567.025 4566.372 4565.708 4565.043 4564.379 4563.715 4563.036 4562.357 4561.678 4560.999 4560.286 4559.53 4558.775 4558.019 4557.264 4556.527 4555.792 4555.058 4554.323 4553.664 4553.128 4552.593 4552.058 4551.523 4551.208 4550.935 4550.662 4550.388 4550.198
4585.275 4584.798 4584.32 4583.843 4583.396 4583.029 4582.661 4582.294 4581.926 4581.459 4580.957 4580.455 4579.952 4579.435 4578.859 4578.284 4577.708 4577.132 4576.557 4575.981 4575.405 4574.83 4574.267 4573.79 4573.312 4572.835 4572.358 4571.793 4571.168 4570.544 4569.919 4569.295 4568.67 4568.046 4567.421 4566.797 4566.141 4565.455 4564.769 4564.083 4563.397 4562.723 4562.049 4561.376 4560.702 4559.984 4559.213 4558.441 4557.669 4556.897 4556.16 4555.425 4554.69 4553.956 4553.29 4552.739 4552.188 4551.636 4551.084 4550.781 4550.523 4550.267 4550.009 4549.831
4584.727 4584.298 4583.869 4583.44 4583.029 4582.661 4582.294 4581.926 4581.559 4581.064 4580.524 4579.983 4579.443 4578.895 4578.314 4577.733 4577.152 4576.571 4575.99 4575.409 4574.828 4574.247 4573.685 4573.257 4572.828 4572.399 4571.971 4571.435 4570.827 4570.219 4569.61 4569.002 4568.394 4567.785 4567.177 4566.569 4565.909 4565.201 4564.494 4563.786 4563.079 4562.41 4561.742 4561.073 4560.405 4559.683 4558.896 4558.107 4557.32 4556.532 4555.792 4555.058 4554.323 4553.588 4552.917 4552.349 4551.781 4551.214 4550.646 4550.354 4550.112 4549.872 4549.631 4549.463
4584.178 4583.798 4583.418 4583.038 4582.661 4582.294 4581.926 4581.559 4581.192 4580.668 4580.091 4579.513 4578.935 4578.355 4577.769 4577.182 4576.596 4576.009 4575.422 4574.836 4574.25 4573.663 4573.104 4572.724 4572.344 4571.963 4571.583 4571.078 4570.485 4569.893 4569.301 4568.709 4568.117 4567.525 4566.933 4566.341 4565.677 4564.948 4564.219 4563.49 4562.761 4562.097 4561.434 4560.771 4560.108 4559.382 4558.578 4557.774 4556.97 4556.166 4555.425 4554.69 4553.956 4553.221 4552.543 4551.959 4551.375 4550.792 4550.208 4549.926 4549.702 4549.477 4549.252 4549.096
4583.757 4583.382 4583.006 4582.631 4582.25 4581.854 4581.459 4581.064 4580.668 4580.134 4579.55 4578.966 4578.382 4577.799 4577.215 4576.631 4576.047 4575.463 4574.895 4574.335 4573.775 4573.215 4572.678 4572.295 4571.912 4571.528 4571.145 4570.645 4570.065 4569.485 4568.905 4568.325 4567.745 4567.166 4566.585 4566.006 4565.372 4564.689 4564.006 4563.324 4562.641 4561.987 4561.333 4560.68 4560.026 4559.314 4558.53 4557.746 4556.961 4556.177 4555.463 4554.756 4554.05 4553.343 4552.676 4552.076 4551.477 4550.876 4550.277 4549.962 4549.702 4549.441 4549.181 4549.0
4583.381 4582.995 4582.608 4582.222 4581.823 4581.39 4580.957 4580.524 4580.091 4579.55 4578.972 4578.393 4577.815 4577.236 4576.658 4576.079 4575.501 4574.922 4574.381 4573.859 4573.337 4572.815 4572.308 4571.903 4571.499 4571.093 4570.688 4570.186 4569.617 4569.048 4568.479 4567.91 4567.34 4566.771 4566.202 4565.633 4565.042 4564.429 4563.816 4563.203 4562.59 4561.948 4561.306 4560.663 4560.021 4559.329 4558.577 4557.825 4557.073 4556.321 4555.645 4554.976 4554.307 4553.638 4552.989 4552.373 4551.756 4551.14 4550.524 4550.162 4549.847 4549.533 4549.219 4549.0
4583.005 4582.608 4582.211 4581.814 4581.396 4580.925 4580.455 4579.983 4579.513 4578.966 4578.393 4577.82 4577.247 4576.674 4576.101 4575.528 4574.955 4574.381 4573.868 4573.383 4572.899 4572.415 4571.938 4571.512 4571.085 4570.658 4570.232 4569.727 4569.168 4568.61 4568.052 4567.494 4566.936 4566.377 4565.819 4565.261 4564.71 4564.168 4563.625 4563.083 4562.541 4561.91 4561.278 4560.646 4560.015 4559.343 4558.624 4557.904 4557.185 4556.465 4555.826 4555.195 4554.563 4553.933 4553.301 4552.668 4552.036 4551.404 4550.771 4550.361 4549.993 4549.625 4549.256 4549.0
4582.628 4582.221 4581.813 4581.405 4580.97 4580.461 4579.952 4579.443 4578.935 4578.382 4577.815 4577.247 4576.679 4576.112 4575.544 4574.977 4574.409 4573.841 4573.354 4572.908 4572.461 4572.015 4571.568 4571.12 4570.671 4570.223 4569.775 4569.268 4568.72 4568.173 4567.625 4567.078 4566.531 4565.983 4565.436 4564.888 4564.38 4563.908 4563.435 4562.963 4562.49 4561.872 4561.25 4560.629 4560.008 4559.358 4558.67 4557.983 4557.296 4556.609 4556.008 4555.414 4554.821 4554.228 4553.613 4552.965 4552.316 4551.667 4551.019 4550.561 4550.138 4549.716 4549.294 4549.0
4582.247 4581.822 4581.396 4580.972 4580.515 4579.975 4579.435 4578.895 4578.355 4577.799 4577.236 4576.674 4576.112 4575.55 4574.994 4574.437 4573.88 4573.323 4572.859 4572.442 4572.024 4571.607 4571.183 4570.713 4570.243 4569.773 4569.304 4568.792 4568.252 4567.712 4567.172 4566.633 4566.103 4565.573 4565.042 4564.512 4564.039 4563.617 4563.195 4562.773 4562.351 4561.75 4561.146 4560.543 4559.939 4559.315 4558.667 4558.019 4557.371 4556.723 4556.156 4555.597 4555.039 4554.479 4553.885 4553.232 4552.58 4551.927 4551.274 4550.779 4550.314 4549.849 4549.383 4549.056
4581.845 4581.376 4580.908 4580.439 4579.95 4579.405 4578.859 4578.314 4577.769 4577.215 4576.658 4576.101 4575.544 4574.994 4574.469 4573.945 4573.42 4572.896 4572.439 4572.017 4571.594 4571.171 4570.739 4570.248 4569.756 4569.265 4568.773 4568.25 4567.705 4567.159 4566.614 4566.072 4565.585 4565.098 4564.611 4564.125 4563.657 4563.208 4562.759 4562.311 4561.862 4561.303 4560.742 4560.182 4559.622 4559.051 4558.467 4557.884 4557.301 4556.717 4556.176 4555.639 4555.101 4554.564 4554.0 4553.39 4552.781 4552.171 4551.562 4551.073 4550.608 4550.143 4549.677 4549.332
4581.442 4580.931 4580.419 4579.907 4579.385 4578.834 4578.284 4577.733 4577.182 4576.631 4576.079 4575.528 4574.976 4574.437 4573.945 4573.453 4572.961 4572.469 4572.02 4571.591 4571.163 4570.735 4570.295 4569.782 4569.27 4568.756 4568.243 4567.708 4567.157 4566.606 4566.056 4565.511 4565.067 4564.624 4564.18 4563.736 4563.276 4562.8 4562.324 4561.848 4561.372 4560.855 4560.338 4559.821 4559.304 4558.786 4558.268 4557.749 4557.23 4556.711 4556.196 4555.68 4555.164 4554.648 4554.114 4553.547 4552.981 4552.415 4551.849 4551.367 4550.902 4550.437 4549.971 4549.608
4581.04 4580.485 4579.93 4579.375 4578.82 4578.264 4577.708 4577.152 4576.596 4576.047 4575.501 4574.955 4574.409 4573.88 4573.42 4572.961 4572.501 4572.042 4571.6 4571.166 4570.732 4570.298 4569.852 4569.317 4568.782 4568.248 4567.713 4567.166 4566.61 4566.053 4565.497 4564.95 4564.55 4564.149 4563.749 4563.348 4562.894 4562.391 4561.888 4561.385 4560.883 4560.408 4559.934 4559.46 4558.986 4558.521 4558.067 4557.614 4557.16 4556.706 4556.215 4555.721 4555.227 4554.733 4554.228 4553.705 4553.182 4552.659 4552.136 4551.661 4551.196 4550.73 4550.265 4549.884
4580.637 4580.039 4579.441 4578.843 4578.255 4577.694 4577.132 4576.571 4576.009 4575.463 4574.922 4574.381 4573.841 4573.323 4572.896 4572.469 4572.042 4571.615 4571.18 4570.74 4570.301 4569.862 4569.408 4568.852 4568.295 4567.739 4567.183 4566.624 4566.062 4565.5 4564.939 4564.389 4564.032 4563.675 4563.317 4562.96 4562.513 4561.983 4561.453 4560.923 4560.393 4559.961 4559.53 4559.1 4558.668 4558.257 4557.868 4557.479 4557.089 4556.7 4556.235 4555.763 4555.29 4554.817 4554.342 4553.862 4553.382 4552.903 4552.423 4551.955 4551.49 4551.024 4550.559 4550.16
4580.252 4579.633 4579.013 4578.394 4577.782 4577.194 4576.605 4576.017 4575.428 4574.895 4574.381 4573.868 4573.354 4572.859 4572.439 4572.02 4571.6 4571.18 4570.738 4570.287 4569.835 4569.383 4568.917 4568.35 4567.783 4567.216 4566.648 4566.082 4565.515 4564.948 4564.381 4563.827 4563.48 4563.133 4562.787 4562.44 4562.007 4561.493 4560.979 4560.466 4559.952 4559.552 4559.154 4558.755 4558.357 4557.982 4557.636 4557.291 4556.944 4556.599 4556.177 4555.747 4555.318 4554.889 4554.451 4554.0 4553.549 4553.098 4552.647 4552.178 4551.705 4551.233 4550.76 4550.345
4579.876 4579.246 4578.615 4577.985 4577.355 4576.729 4576.103 4575.477 4574.85 4574.335 4573.859 4573.383 4572.908 4572.442 4572.017 4571.591 4571.166 4570.74 4570.287 4569.819 4569.351 4568.883 4568.401 4567.829 4567.257 4566.685 4566.112 4565.54 4564.967 4564.395 4563.822 4563.263 4562.911 4562.559 4562.207 4561.855 4561.438 4560.963 4560.487 4560.011 4559.535 4559.162 4558.791 4558.419 4558.048 4557.703 4557.389 4557.076 4556.762 4556.449 4556.079 4555.704 4555.328 4554.953 4554.557 4554.127 4553.698 4553.269 4552.839 4552.365 4551.881 4551.398 4550.915 4550.485
4579.5 4578.859 4578.217 4577.576 4576.929 4576.265 4575.601 4574.937 4574.272 4573.775 4573.337 4572.899 4572.461 4572.024 4571.594 4571.163 4570.732 4570.301 4569.835 4569.351 4568.867 4568.383 4567.886 4567.309 4566.731 4566.153 4565.575 4564.998 4564.42 4563.842 4563.264 4562.699 4562.342 4561.984 4561.627 4561.27 4560.871 4560.433 4559.994 4559.556 4559.118 4558.772 4558.428 4558.083 4557.739 4557.423 4557.142 4556.861 4556.58 4556.299 4555.981 4555.66 4555.338 4555.017 4554.663 4554.255 4553.848 4553.439 4553.032 4552.551 4552.057 4551.563 4551.069 4550.626
4579.124 4578.472 4577.82 4577.167 4576.502 4575.8 4575.098 4574.396 4573.694 4573.215 4572.815 4572.415 4572.015 4571.607 4571.171 4570.734 4570.298 4569.862 4569.383 4568.883 4568.382 4567.882 4567.371 4566.788 4566.205 4565.622 4565.039 4564.456 4563.872 4563.289 4562.706 4562.135 4561.772 4561.41 4561.047 4560.685 4560.302 4559.902 4559.502 4559.102 4558.701 4558.383 4558.065 4557.748 4557.431 4557.144 4556.896 4556.646 4556.398 4556.149 4555.884 4555.616 4555.349 4555.082 4554.769 4554.383 4553.997 4553.61 4553.224 4552.738 4552.233 4551.729 4551.224 4550.766
4578.757 4578.093 4577.43 4576.766 4576.084 4575.356 4574.627 4573.899 4573.171 4572.705 4572.331 4571.957 4571.583 4571.195 4570.749 4570.302 4569.855 4569.408 4568.916 4568.401 4567.886 4567.371 4566.846 4566.256 4565.667 4565.077 4564.487 4563.899 4563.313 4562.728 4562.142 4561.569 4561.204 4560.838 4560.473 4560.107 4559.741 4559.374 4559.006 4558.639 4558.271 4557.979 4557.688 4557.397 4557.106 4556.847 4556.628 4556.409 4556.19 4555.971 4555.753 4555.534 4555.316 4555.098 4554.825 4554.461 4554.098 4553.735 4553.372 4552.885 4552.375 4551.865 4551.355 4550.888
4578.45 4577.77 4577.09 4576.41 4575.73 4575.051 4574.371 4573.691 4573.011 4572.522 4572.1 4571.677 4571.255 4570.819 4570.329 4569.839 4569.349 4568.859 4568.349 4567.829 4567.309 4566.788 4566.256 4565.65 4565.044 4564.438 4563.832 4563.248 4562.678 4562.108 4561.539 4560.982 4560.633 4560.284 4559.935 4559.585 4559.227 4558.859 4558.492 4558.125 4557.757 4557.486 4557.217 4556.947 4556.678 4556.436 4556.228 4556.02 4555.811 4555.603 4555.4 4555.198 4554.996 4554.793 4554.543 4554.212 4553.881 4553.55 4553.22 4552.765 4552.288 4551.81 4551.333 4550.888
4578.143 4577.446 4576.75 4576.055 4575.376 4574.745 4574.114 4573.483 4572.852 4572.339 4571.868 4571.397 4570.926 4570.442 4569.91 4569.376 4568.844 4568.311 4567.782 4567.256 4566.731 4566.205 4565.667 4565.044 4564.422 4563.799 4563.177 4562.596 4562.042 4561.489 4560.936 4560.395 4560.062 4559.729 4559.396 4559.063 4558.712 4558.345 4557.978 4557.61 4557.243 4556.993 4556.745 4556.498 4556.25 4556.024 4555.827 4555.629 4555.432 4555.234 4555.047 4554.861 4554.676 4554.49 4554.261 4553.963 4553.665 4553.366 4553.067 4552.646 4552.2 4551.755 4551.31 4550.888
4577.835 4577.123 4576.411 4575.699 4575.022 4574.44 4573.857 4573.275 4572.692 4572.156 4571.636 4571.117 4570.597 4570.066 4569.49 4568.914 4568.338 4567.762 4567.215 4566.684 4566.153 4565.622 4565.077 4564.438 4563.799 4563.161 4562.522 4561.944 4561.407 4560.87 4560.333 4559.808 4559.491 4559.175 4558.858 4558.541 4558.198 4557.831 4557.463 4557.096 4556.729 4556.5 4556.274 4556.047 4555.821 4555.613 4555.426 4555.239 4555.053 4554.866 4554.695 4554.525 4554.355 4554.186 4553.979 4553.713 4553.447 4553.182 4552.916 4552.526 4552.113 4551.7 4551.287 4550.888
4577.528 4576.8 4576.072 4575.343 4574.668 4574.134 4573.601 4573.066 4572.532 4571.973 4571.405 4570.837 4570.269 4569.69 4569.071 4568.451 4567.832 4567.213 4566.648 4566.112 4565.575 4565.039 4564.487 4563.832 4563.177 4562.522 4561.868 4561.292 4560.771 4560.25 4559.729 4559.221 4558.92 4558.62 4558.319 4558.019 4557.684 4557.316 4556.949 4556.582 4556.214 4556.007 4555.802 4555.598 4555.393 4555.201 4555.025 4554.85 4554.674 4554.498 4554.342 4554.189 4554.035 4553.881 4553.698 4553.464 4553.23 4552.997 4552.763 4552.406 4552.026 4551.645 4551.265 4550.888
4577.319 4576.587 4575.855 4575.124 4574.446 4573.909 4573.373 4572.835 4572.299 4571.731 4571.153 4570.575 4569.997 4569.41 4568.789 4568.168 4567.547 4566.926 4566.337 4565.763 4565.188 4564.614 4564.028 4563.364 4562.699 4562.035 4561.37 4560.797 4560.286 4559.774 4559.263 4558.764 4558.45 4558.137 4557.824 4557.511 4557.169 4556.802 4556.435 4556.067 4555.7 4555.489 4555.28 4555.071 4554.862 4554.681 4554.532 4554.382 4554.233 4554.084 4553.943 4553.803 4553.662 4553.521 4553.355 4553.148 4552.94 4552.732 4552.525 4552.191 4551.833 4551.476 4551.118 4550.761
