data/zism_data/00710_04_D.txt
ncols         224
nrows         224
[rows 87 to 115 of 224, columns 65 to 129 of 224]
4546.095 4546.004 4545.982 4545.963 4545.945 4545.926 4545.843 4545.672 4545.5 4545.329 4545.158 4545.111 4545.081 4545.05 4545.02 4544.971 4544.887 4544.803 4544.719 4544.636 4544.546 4544.455 4544.364 4544.272 4544.232 4544.323 4544.414 4544.505 4544.596 4544.675 4544.75 4544.824 4544.898 4544.959 4544.969 4544.978 4544.988 4544.997 4545.091 4545.228 4545.364 4545.501 4545.631 4545.714 4545.798 4545.882 4545.966 4546.009 4546.024 4546.04 4546.055 4546.081 4546.286 4546.491 4546.697 4546.902 4547.0 4547.0 4547.0 4547.0 4547.0 4547.199 4547.401 4547.603 4547.804
4546.129 4546.005 4545.993 4545.985 4545.977 4545.969 4545.893 4545.721 4545.549 4545.378 4545.207 4545.15 4545.109 4545.068 4545.027 4544.988 4544.953 4544.917 4544.882 4544.847 4544.74 4544.617 4544.493 4544.37 4544.314 4544.438 4544.561 4544.685 4544.808 4544.863 4544.895 4544.926 4544.957 4544.983 4544.987 4544.991 4544.995 4544.999 4545.124 4545.309 4545.494 4545.679 4545.845 4545.88 4545.915 4545.951 4545.986 4546.012 4546.033 4546.054 4546.074 4546.105 4546.305 4546.505 4546.705 4546.904 4547.0 4547.0 4547.0 4547.0 4547.0 4547.209 4547.422 4547.635 4547.848
4546.158 4546.006 4546.0 4546.0 4546.0 4546.0 4545.931 4545.765 4545.6 4545.434 4545.269 4545.201 4545.146 4545.091 4545.036 4545.0 4545.0 4545.0 4545.0 4545.0 4544.888 4544.75 4544.612 4544.474 4544.412 4544.55 4544.688 4544.826 4544.964 4545.0 4545.0 4545.0 4545.0 4545.001 4545.005 4545.01 4545.014 4545.019 4545.164 4545.38 4545.596 4545.812 4546.0 4546.0 4546.0 4546.0 4546.0 4546.016 4546.044 4546.071 4546.099 4546.136 4546.329 4546.522 4546.715 4546.908 4547.0 4547.0 4547.0 4547.0 4547.0 4547.217 4547.438 4547.658 4547.878
4546.175 4546.007 4546.0 4546.0 4546.0 4546.0 4545.939 4545.795 4545.652 4545.508 4545.364 4545.279 4545.203 4545.126 4545.05 4545.0 4545.0 4545.0 4545.0 4545.0 4544.914 4544.809 4544.703 4544.598 4544.55 4544.656 4544.761 4544.867 4544.973 4545.0 4545.0 4545.0 4545.0 4545.004 4545.025 4545.045 4545.066 4545.087 4545.227 4545.427 4545.626 4545.826 4546.0 4546.0 4546.0 4546.0 4546.0 4546.023 4546.061 4546.1 4546.138 4546.185 4546.367 4546.549 4546.731 4546.913 4547.0 4547.0 4547.0 4547.0 4547.0 4547.217 4547.438 4547.658 4547.878
4546.192 4546.008 4546.0 4546.0 4546.0 4546.0 4545.949 4545.826 4545.704 4545.582 4545.459 4545.358 4545.26 4545.162 4545.064 4545.0 4545.0 4545.0 4545.0 4545.0 4544.94 4544.867 4544.794 4544.721 4544.688 4544.761 4544.834 4544.908 4544.981 4545.0 4545.0 4545.0 4545.0 4545.007 4545.044 4545.081 4545.118 4545.155 4545.29 4545.473 4545.657 4545.84 4546.0 4546.0 4546.0 4546.0 4546.0 4546.029 4546.078 4546.127 4546.176 4546.233 4546.404 4546.575 4546.747 4546.918 4547.0 4547.0 4547.0 4547.0 4547.0 4547.217 4547.438 4547.658 4547.878
4546.208 4546.009 4546.0 4546.0 4546.0 4546.0 4545.958 4545.857 4545.756 4545.655 4545.555 4545.437 4545.317 4545.198 4545.078 4545.0 4545.0 4545.0 4545.0 4545.0 4544.967 4544.926 4544.885 4544.844 4544.826 4544.867 4544.908 4544.949 4544.989 4545.0 4545.0 4545.0 4545.0 4545.011 4545.064 4545.117 4545.17 4545.223 4545.353 4545.52 4545.687 4545.854 4546.0 4546.0 4546.0 4546.0 4546.0 4546.036 4546.096 4546.155 4546.215 4546.281 4546.441 4546.602 4546.763 4546.923 4547.0 4547.0 4547.0 4547.0 4547.0 4547.217 4547.438 4547.658 4547.878
4546.226 4546.009 4546.0 4546.0 4546.0 4546.0 4545.967 4545.888 4545.809 4545.729 4545.65 4545.516 4545.375 4545.233 4545.092 4545.0 4545.0 4545.0 4545.0 4545.0 4544.993 4544.985 4544.976 4544.968 4544.964 4544.973 4544.981 4544.989 4544.998 4545.0 4545.0 4545.0 4545.0 4545.014 4545.083 4545.153 4545.222 4545.291 4545.415 4545.566 4545.717 4545.869 4546.0 4546.0 4546.0 4546.0 4546.0 4546.042 4546.113 4546.184 4546.254 4546.33 4546.479 4546.629 4546.779 4546.928 4547.0 4547.0 4547.0 4547.0 4547.0 4547.217 4547.438 4547.658 4547.878
4546.313 4546.117 4546.086 4546.062 4546.038 4546.014 4545.974 4545.913 4545.851 4545.79 4545.728 4545.602 4545.467 4545.332 4545.197 4545.1 4545.076 4545.052 4545.028 4545.004 4545.0 4545.0 4545.0 4545.0 4545.0 4545.0 4545.0 4545.0 4545.0 4545.0 4545.0 4545.0 4545.0 4545.02 4545.117 4545.215 4545.312 4545.41 4545.524 4545.647 4545.77 4545.893 4546.0 4546.0 4546.0 4546.0 4546.0 4546.053 4546.143 4546.232 4546.322 4546.414 4546.544 4546.675 4546.806 4546.938 4547.008 4547.024 4547.04 4547.056 4547.072 4547.274 4547.479 4547.683 4547.887
4546.427 4546.263 4546.202 4546.146 4546.089 4546.033 4545.981 4545.936 4545.89 4545.845 4545.8 4545.689 4545.571 4545.452 4545.333 4545.236 4545.18 4545.123 4545.067 4545.011 4545.0 4545.0 4545.0 4545.0 4545.0 4545.0 4545.0 4545.0 4545.0 4545.0 4545.0 4545.0 4545.0 4545.026 4545.156 4545.286 4545.416 4545.546 4545.649 4545.74 4545.831 4545.921 4546.0 4546.0 4546.0 4546.0 4546.0 4546.066 4546.177 4546.288 4546.399 4546.51 4546.62 4546.729 4546.838 4546.948 4547.02 4547.057 4547.095 4547.132 4547.17 4547.351 4547.534 4547.716 4547.899
4546.54 4546.408 4546.317 4546.229 4546.14 4546.051 4545.988 4545.958 4545.93 4545.9 4545.871 4545.777 4545.675 4545.572 4545.469 4545.372 4545.283 4545.194 4545.105 4545.017 4545.0 4545.0 4545.0 4545.0 4545.0 4545.0 4545.0 4545.0 4545.0 4545.0 4545.0 4545.0 4545.0 4545.033 4545.195 4545.357 4545.52 4545.682 4545.775 4545.833 4545.891 4545.949 4546.0 4546.0 4546.0 4546.0 4546.0 4546.079 4546.211 4546.344 4546.477 4546.607 4546.695 4546.782 4546.87 4546.958 4547.031 4547.09 4547.149 4547.208 4547.268 4547.427 4547.588 4547.75 4547.911
4546.653 4546.554 4546.434 4546.313 4546.191 4546.07 4545.995 4545.981 4545.969 4545.956 4545.943 4545.865 4545.779 4545.692 4545.606 4545.507 4545.386 4545.265 4545.144 4545.023 4545.0 4545.0 4545.0 4545.0 4545.0 4545.0 4545.0 4545.0 4545.0 4545.0 4545.0 4545.0 4545.0 4545.04 4545.234 4545.429 4545.624 4545.818 4545.9 4545.926 4545.952 4545.978 4546.0 4546.0 4546.0 4546.0 4546.0 4546.092 4546.246 4546.4 4546.554 4546.704 4546.77 4546.836 4546.902 4546.968 4547.042 4547.123 4547.204 4547.284 4547.365 4547.504 4547.644 4547.783 4547.923
4546.755 4546.685 4546.539 4546.39 4546.241 4546.091 4546.004 4546.003 4546.002 4546.001 4546.0 4545.938 4545.868 4545.797 4545.727 4545.631 4545.486 4545.342 4545.197 4545.052 4545.023 4545.021 4545.019 4545.017 4545.015 4545.015 4545.015 4545.015 4545.015 4545.018 4545.022 4545.027 4545.031 4545.078 4545.291 4545.503 4545.716 4545.929 4546.0 4546.0 4546.0 4546.0 4546.0 4546.002 4546.005 4546.007 4546.009 4546.112 4546.283 4546.455 4546.626 4546.791 4546.837 4546.884 4546.931 4546.978 4547.052 4547.152 4547.252 4547.353 4547.453 4547.573 4547.693 4547.813 4547.934
4546.812 4546.757 4546.602 4546.442 4546.282 4546.122 4546.027 4546.021 4546.014 4546.007 4546.001 4545.952 4545.898 4545.844 4545.79 4545.708 4545.574 4545.44 4545.307 4545.172 4545.137 4545.124 4545.111 4545.098 4545.088 4545.088 4545.088 4545.088 4545.088 4545.107 4545.134 4545.16 4545.186 4545.242 4545.417 4545.592 4545.767 4545.942 4546.0 4546.0 4546.0 4546.0 4546.001 4546.015 4546.028 4546.041 4546.054 4546.161 4546.332 4546.504 4546.675 4546.839 4546.875 4546.911 4546.947 4546.983 4547.058 4547.169 4547.28 4547.391 4547.501 4547.611 4547.721 4547.83 4547.939
4546.868 4546.83 4546.665 4546.495 4546.324 4546.153 4546.049 4546.037 4546.025 4546.013 4546.001 4545.967 4545.929 4545.891 4545.853 4545.786 4545.663 4545.54 4545.416 4545.293 4545.25 4545.227 4545.203 4545.179 4545.162 4545.162 4545.162 4545.162 4545.162 4545.197 4545.245 4545.292 4545.34 4545.406 4545.543 4545.68 4545.817 4545.954 4546.0 4546.0 4546.0 4546.0 4546.003 4546.027 4546.051 4546.074 4546.098 4546.21 4546.381 4546.553 4546.724 4546.887 4546.913 4546.938 4546.963 4546.988 4547.063 4547.185 4547.307 4547.429 4547.55 4547.649 4547.748 4547.847 4547.946
4546.924 4546.903 4546.729 4546.547 4546.365 4546.184 4546.071 4546.054 4546.037 4546.02 4546.002 4545.981 4545.959 4545.938 4545.916 4545.863 4545.75 4545.638 4545.526 4545.414 4545.364 4545.33 4545.295 4545.261 4545.235 4545.235 4545.235 4545.235 4545.235 4545.287 4545.356 4545.425 4545.494 4545.569 4545.669 4545.768 4545.868 4545.967 4546.0 4546.0 4546.0 4546.0 4546.004 4546.039 4546.074 4546.108 4546.143 4546.259 4546.43 4546.602 4546.773 4546.936 4546.95 4546.964 4546.979 4546.993 4547.069 4547.202 4547.334 4547.467 4547.599 4547.688 4547.776 4547.864 4547.952
4546.981 4546.976 4546.792 4546.599 4546.407 4546.215 4546.094 4546.071 4546.048 4546.025 4546.002 4545.995 4545.99 4545.984 4545.979 4545.94 4545.838 4545.737 4545.636 4545.534 4545.478 4545.433 4545.387 4545.342 4545.309 4545.309 4545.309 4545.309 4545.309 4545.376 4545.467 4545.558 4545.648 4545.733 4545.795 4545.856 4545.918 4545.979 4546.0 4546.0 4546.0 4546.0 4546.006 4546.051 4546.097 4546.142 4546.188 4546.308 4546.479 4546.651 4546.822 4546.984 4546.987 4546.991 4546.995 4546.998 4547.075 4547.218 4547.361 4547.505 4547.648 4547.726 4547.803 4547.88 4547.958
4547.0 4547.0 4546.819 4546.631 4546.442 4546.253 4546.131 4546.099 4546.067 4546.036 4546.004 4546.0 4546.0 4546.0 4546.0 4545.971 4545.887 4545.804 4545.72 4545.637 4545.587 4545.545 4545.503 4545.462 4545.432 4545.432 4545.432 4545.432 4545.432 4545.493 4545.577 4545.66 4545.744 4545.819 4545.861 4545.902 4545.944 4545.986 4546.0 4546.0 4546.0 4546.0 4546.008 4546.072 4546.135 4546.198 4546.262 4546.381 4546.538 4546.695 4546.852 4547.0 4547.0 4547.0 4547.0 4547.0 4547.077 4547.224 4547.371 4547.518 4547.665 4547.739 4547.813 4547.886 4547.959
4547.0 4547.0 4546.83 4546.652 4546.474 4546.296 4546.175 4546.132 4546.09 4546.047 4546.005 4546.0 4546.0 4546.0 4546.0 4545.979 4545.917 4545.854 4545.792 4545.73 4545.694 4545.663 4545.632 4545.601 4545.579 4545.579 4545.579 4545.579 4545.579 4545.624 4545.686 4545.748 4545.81 4545.866 4545.896 4545.928 4545.958 4545.99 4546.0 4546.0 4546.0 4546.0 4546.011 4546.096 4546.181 4546.266 4546.351 4546.466 4546.602 4546.737 4546.873 4547.0 4547.0 4547.0 4547.0 4547.0 4547.077 4547.224 4547.371 4547.518 4547.665 4547.739 4547.813 4547.886 4547.959
4547.0 4547.0 4546.84 4546.673 4546.506 4546.339 4546.22 4546.166 4546.113 4546.06 4546.006 4546.0 4546.0 4546.0 4546.0 4545.986 4545.946 4545.905 4545.865 4545.825 4545.8 4545.78 4545.76 4545.74 4545.725 4545.725 4545.725 4545.725 4545.725 4545.755 4545.795 4545.836 4545.876 4545.913 4545.933 4545.953 4545.973 4545.993 4546.0 4546.0 4546.0 4546.0 4546.014 4546.121 4546.227 4546.333 4546.44 4546.551 4546.665 4546.779 4546.893 4547.0 4547.0 4547.0 4547.0 4547.0 4547.077 4547.224 4547.371 4547.518 4547.665 4547.739 4547.813 4547.886 4547.959
4547.0 4547.0 4546.851 4546.694 4546.538 4546.381 4546.264 4546.2 4546.136 4546.072 4546.007 4546.0 4546.0 4546.0 4546.0 4545.994 4545.975 4545.956 4545.937 4545.918 4545.907 4545.898 4545.888 4545.879 4545.872 4545.872 4545.872 4545.872 4545.872 4545.886 4545.905 4545.924 4545.942 4545.959 4545.969 4545.978 4545.987 4545.997 4546.0 4546.0 4546.0 4546.0 4546.017 4546.145 4546.273 4546.401 4546.529 4546.636 4546.729 4546.821 4546.913 4547.0 4547.0 4547.0 4547.0 4547.0 4547.077 4547.224 4547.371 4547.518 4547.665 4547.739 4547.813 4547.886 4547.959
4547.0 4547.0 4546.863 4546.721 4546.578 4546.436 4546.321 4546.246 4546.171 4546.096 4546.021 4546.01 4546.007 4546.005 4546.002 4546.0 4546.0 4546.0 4546.0 4546.0 4546.0 4546.0 4546.0 4546.0 4546.0 4546.0 4546.0 4546.0 4546.0 4546.0 4546.0 4546.0 4546.0 4546.0 4546.0 4546.0 4546.0 4546.0 4546.0 4546.0 4546.0 4546.0 4546.02 4546.167 4546.316 4546.464 4546.613 4546.716 4546.788 4546.86 4546.932 4547.0 4547.0 4547.0 4547.0 4547.0 4547.078 4547.227 4547.376 4547.525 4547.674 4547.747 4547.818 4547.889 4547.96
4547.0 4547.0 4546.895 4546.784 4546.674 4546.563 4546.463 4546.378 4546.292 4546.207 4546.121 4546.089 4546.065 4546.041 4546.016 4546.0 4546.0 4546.0 4546.0 4546.0 4546.0 4546.0 4546.0 4546.0 4546.0 4546.0 4546.0 4546.0 4546.0 4546.0 4546.0 4546.0 4546.0 4546.0 4546.0 4546.0 4546.0 4546.0 4546.0 4546.0 4546.0 4546.0 4546.021 4546.18 4546.339 4546.498 4546.657 4546.758 4546.82 4546.881 4546.942 4547.0 4547.0 4547.0 4547.0 4547.0 4547.086 4547.251 4547.417 4547.582 4547.747 4547.804 4547.859 4547.915 4547.97
4547.0 4547.0 4546.925 4546.848 4546.77 4546.692 4546.606 4546.509 4546.413 4546.316 4546.22 4546.168 4546.122 4546.076 4546.03 4546.0 4546.0 4546.0 4546.0 4546.0 4546.0 4546.0 4546.0 4546.0 4546.0 4546.0 4546.0 4546.0 4546.0 4546.0 4546.0 4546.0 4546.0 4546.0 4546.0 4546.0 4546.0 4546.0 4546.0 4546.0 4546.0 4546.0 4546.022 4546.192 4546.362 4546.532 4546.702 4546.801 4546.852 4546.902 4546.953 4547.0 4547.0 4547.0 4547.0 4547.0 4547.095 4547.276 4547.458 4547.639 4547.82 4547.861 4547.9 4547.939 4547.979
4547.0 4547.0 4546.957 4546.911 4546.865 4546.82 4546.749 4546.641 4546.534 4546.426 4546.319 4546.247 4546.179 4546.112 4546.044 4546.0 4546.0 4546.0 4546.0 4546.0 4546.0 4546.0 4546.0 4546.0 4546.0 4546.0 4546.0 4546.0 4546.0 4546.0 4546.0 4546.0 4546.0 4546.0 4546.0 4546.0 4546.0 4546.0 4546.0 4546.0 4546.0 4546.0 4546.023 4546.204 4546.385 4546.566 4546.747 4546.843 4546.883 4546.923 4546.962 4547.0 4547.0 4547.0 4547.0 4547.0 4547.103 4547.301 4547.499 4547.696 4547.894 4547.919 4547.942 4547.965 4547.987
4547.0 4547.0 4546.987 4546.974 4546.961 4546.948 4546.891 4546.772 4546.654 4546.537 4546.418 4546.326 4546.236 4546.147 4546.058 4546.0 4546.0 4546.0 4546.0 4546.0 4546.0 4546.0 4546.0 4546.0 4546.0 4546.0 4546.0 4546.0 4546.0 4546.0 4546.0 4546.0 4546.0 4546.0 4546.0 4546.0 4546.0 4546.0 4546.0 4546.0 4546.0 4546.0 4546.025 4546.216 4546.408 4546.6 4546.791 4546.886 4546.915 4546.944 4546.973 4547.0 4547.0 4547.0 4547.0 4547.0 4547.112 4547.326 4547.54 4547.753 4547.967 4547.977 4547.983 4547.99 4547.997
4547.0 4547.0 4547.0 4547.0 4547.0 4547.0 4546.955 4546.849 4546.742 4546.636 4546.529 4546.417 4546.302 4546.188 4546.074 4546.0 4546.0 4546.0 4546.0 4546.0 4546.0 4546.0 4546.0 4546.0 4546.0 4546.0 4546.0 4546.0 4546.0 4546.0 4546.0 4546.0 4546.0 4546.0 4546.0 4546.0 4546.0 4546.0 4546.006 4546.016 4546.026 4546.035 4546.068 4546.258 4546.447 4546.637 4546.826 4546.916 4546.937 4546.958 4546.98 4547.0 4547.0 4547.0 4547.0 4547.0 4547.115 4547.335 4547.556 4547.776 4547.997 4548.0 4548.0 4548.0 4548.0
4547.0 4547.0 4547.0 4547.0 4547.0 4547.0 4546.967 4546.887 4546.808 4546.729 4546.649 4546.515 4546.374 4546.233 4546.092 4546.0 4546.0 4546.0 4546.0 4546.0 4546.0 4546.0 4546.0 4546.0 4546.0 4546.0 4546.0 4546.0 4546.0 4546.0 4546.0 4546.0 4546.0 4546.0 4546.0 4546.0 4546.0 4546.0 4546.017 4546.043 4546.069 4546.095 4546.141 4546.319 4546.498 4546.677 4546.855 4546.937 4546.953 4546.969 4546.985 4547.0 4547.0 4547.0 4547.0 4547.0 4547.115 4547.335 4547.556 4547.776 4547.997 4548.0 4548.0 4548.0 4548.0
4547.0 4547.0 4547.0 4547.0 4547.0 4547.0 4546.978 4546.925 4546.873 4546.821 4546.768 4546.614 4546.446 4546.277 4546.109 4546.0 4546.0 4546.0 4546.0 4546.0 4546.0 4546.0 4546.0 4546.0 4546.0 4546.0 4546.0 4546.0 4546.0 4546.0 4546.0 4546.0 4546.0 4546.0 4546.0 4546.0 4546.0 4546.0 4546.028 4546.07 4546.112 4546.154 4546.212 4546.38 4546.548 4546.716 4546.884 4546.958 4546.969 4546.979 4546.99 4547.0 4547.0 4547.0 4547.0 4547.0 4547.115 4547.335 4547.556 4547.776 4547.997 4548.0 4548.0 4548.0 4548.0
4547.0 4547.0 4547.0 4547.0 4547.0 4547.0 4546.989 4546.964 4546.938 4546.913 4546.888 4546.712 4546.517 4546.322 4546.127 4546.0 4546.0 4546.0 4546.0 4546.0 4546.0 4546.0 4546.0 4546.0 4546.0 4546.0 4546.0 4546.0 4546.0 4546.0 4546.0 4546.0 4546.0 4546.0 4546.0 4546.0 4546.0 4546.0 4546.039 4546.097 4546.155 4546.213 4546.285 4546.442 4546.599 4546.756 4546.913 4546.98 4546.985 4546.99 4546.995 4547.0 4547.0 4547.0 4547.0 4547.0 4547.115 4547.335 4547.556 4547.776 4547.997 4548.0 4548.0 4548.0 4548.0
