data/zism_data/00717_02_D.txt
ncols         224
nrows         224
[rows 87 to 115 of 224, columns 0 to 64 of 224]
1555.085 1554.083 1553.098 1552.113 1551.128 1550.215 1549.72 1549.225 1548.729 1548.234 1547.775 1547.343 1546.91 1546.477 1546.045 1545.691 1545.336 1544.982 1544.627 1544.357 1544.195 1544.034 1543.872 1543.71 1543.358 1542.978 1542.597 1542.217 1541.873 1541.618 1541.363 1541.107 1540.852 1540.623 1540.404 1540.185 1539.966 1539.701 1539.19 1538.679 1538.169 1537.658 1537.206 1536.794 1536.383 1535.971 1535.561 1535.228 1534.894 1534.561 1534.227 1533.887 1533.538 1533.188 1532.839 1532.49 1532.003 1531.498 1530.993 1530.487 1529.97 1529.429 1528.887 1528.345 1527.803
1555.485 1554.526 1553.579 1552.631 1551.684 1550.791 1550.216 1549.64 1549.064 1548.489 1547.98 1547.521 1547.061 1546.602 1546.143 1545.735 1545.327 1544.919 1544.51 1544.18 1543.948 1543.717 1543.485 1543.254 1542.833 1542.382 1541.932 1541.482 1541.078 1540.785 1540.492 1540.199 1539.906 1539.668 1539.449 1539.23 1539.011 1538.745 1538.235 1537.724 1537.214 1536.703 1536.26 1535.865 1535.469 1535.074 1534.679 1534.335 1533.991 1533.647 1533.302 1532.953 1532.599 1532.245 1531.89 1531.535 1531.09 1530.633 1530.176 1529.719 1529.239 1528.708 1528.177 1527.646 1527.114
1555.884 1554.969 1554.059 1553.15 1552.24 1551.367 1550.711 1550.055 1549.399 1548.743 1548.185 1547.699 1547.213 1546.726 1546.24 1545.779 1545.317 1544.855 1544.394 1544.002 1543.701 1543.4 1543.099 1542.798 1542.307 1541.787 1541.267 1540.747 1540.283 1539.953 1539.622 1539.292 1538.961 1538.712 1538.494 1538.275 1538.056 1537.79 1537.28 1536.769 1536.258 1535.748 1535.314 1534.935 1534.556 1534.176 1533.797 1533.442 1533.087 1532.732 1532.378 1532.02 1531.661 1531.301 1530.941 1530.581 1530.178 1529.769 1529.36 1528.951 1528.508 1527.987 1527.467 1526.946 1526.426
1556.3 1555.425 1554.549 1553.674 1552.799 1551.944 1551.212 1550.48 1549.747 1549.015 1548.409 1547.895 1547.381 1546.867 1546.353 1545.84 1545.327 1544.814 1544.301 1543.85 1543.477 1543.104 1542.732 1542.359 1541.8 1541.213 1540.626 1540.04 1539.517 1539.147 1538.777 1538.406 1538.036 1537.774 1537.553 1537.331 1537.109 1536.841 1536.331 1535.82 1535.309 1534.799 1534.373 1534.007 1533.641 1533.275 1532.909 1532.542 1532.176 1531.809 1531.443 1531.078 1530.717 1530.355 1529.994 1529.632 1529.267 1528.9 1528.534 1528.168 1527.758 1527.253 1526.748 1526.243 1525.738
1556.883 1556.013 1555.137 1554.262 1553.386 1552.527 1551.763 1550.999 1550.234 1549.47 1548.828 1548.276 1547.725 1547.174 1546.622 1546.082 1545.543 1545.003 1544.463 1543.957 1543.493 1543.029 1542.565 1542.101 1541.498 1540.874 1540.249 1539.625 1539.057 1538.623 1538.188 1537.753 1537.319 1537.016 1536.762 1536.508 1536.255 1535.96 1535.449 1534.938 1534.428 1533.917 1533.482 1533.1 1532.718 1532.336 1531.953 1531.565 1531.177 1530.789 1530.401 1530.042 1529.718 1529.394 1529.07 1528.746 1528.371 1527.988 1527.606 1527.224 1526.823 1526.383 1525.942 1525.501 1525.061
1557.466 1556.6 1555.725 1554.85 1553.974 1553.11 1552.314 1551.517 1550.721 1549.924 1549.247 1548.658 1548.069 1547.48 1546.891 1546.325 1545.758 1545.192 1544.625 1544.064 1543.509 1542.954 1542.399 1541.844 1541.196 1540.534 1539.872 1539.21 1538.597 1538.098 1537.599 1537.1 1536.601 1536.258 1535.972 1535.686 1535.4 1535.078 1534.567 1534.057 1533.546 1533.035 1532.591 1532.193 1531.794 1531.396 1530.997 1530.588 1530.178 1529.769 1529.36 1529.006 1528.719 1528.433 1528.146 1527.86 1527.475 1527.076 1526.678 1526.28 1525.888 1525.512 1525.135 1524.759 1524.383
1558.05 1557.188 1556.313 1555.438 1554.562 1553.694 1552.865 1552.036 1551.207 1550.379 1549.667 1549.04 1548.413 1547.787 1547.161 1546.567 1545.974 1545.38 1544.787 1544.171 1543.525 1542.879 1542.233 1541.587 1540.894 1540.195 1539.495 1538.796 1538.137 1537.574 1537.01 1536.447 1535.884 1535.5 1535.181 1534.863 1534.545 1534.196 1533.685 1533.175 1532.664 1532.153 1531.7 1531.285 1530.871 1530.457 1530.042 1529.611 1529.18 1528.749 1528.318 1527.969 1527.721 1527.472 1527.223 1526.974 1526.579 1526.164 1525.75 1525.335 1524.953 1524.641 1524.329 1524.017 1523.705
1558.633 1557.776 1556.901 1556.026 1555.15 1554.277 1553.416 1552.555 1551.694 1550.833 1550.086 1549.422 1548.758 1548.094 1547.43 1546.81 1546.19 1545.569 1544.949 1544.278 1543.541 1542.803 1542.066 1541.329 1540.592 1539.855 1539.118 1538.381 1537.677 1537.049 1536.422 1535.794 1535.166 1534.741 1534.391 1534.041 1533.69 1533.314 1532.804 1532.293 1531.782 1531.272 1530.808 1530.378 1529.948 1529.517 1529.086 1528.634 1528.181 1527.729 1527.277 1526.933 1526.722 1526.51 1526.299 1526.088 1525.683 1525.252 1524.822 1524.391 1524.018 1523.77 1523.523 1523.275 1523.027
1559.042 1558.197 1557.334 1556.47 1555.606 1554.744 1553.886 1553.028 1552.171 1551.313 1550.542 1549.835 1549.127 1548.42 1547.713 1547.081 1546.448 1545.816 1545.184 1544.471 1543.654 1542.838 1542.021 1541.205 1540.412 1539.623 1538.834 1538.044 1537.29 1536.619 1535.948 1535.276 1534.605 1534.119 1533.701 1533.283 1532.865 1532.433 1531.929 1531.424 1530.919 1530.414 1529.941 1529.488 1529.036 1528.583 1528.13 1527.653 1527.177 1526.7 1526.223 1525.865 1525.65 1525.434 1525.219 1525.004 1524.639 1524.255 1523.87 1523.485 1523.157 1522.953 1522.749 1522.545 1522.341
1559.308 1558.482 1557.64 1556.798 1555.956 1555.116 1554.29 1553.465 1552.639 1551.814 1551.029 1550.273 1549.517 1548.762 1548.007 1547.375 1546.742 1546.11 1545.478 1544.734 1543.848 1542.962 1542.076 1541.19 1540.332 1539.478 1538.625 1537.771 1536.964 1536.266 1535.568 1534.87 1534.172 1533.608 1533.093 1532.579 1532.064 1531.553 1531.059 1530.565 1530.071 1529.577 1529.092 1528.613 1528.133 1527.654 1527.174 1526.671 1526.167 1525.664 1525.16 1524.77 1524.517 1524.265 1524.012 1523.759 1523.475 1523.187 1522.899 1522.611 1522.358 1522.18 1522.003 1521.826 1521.648
1559.575 1558.767 1557.946 1557.125 1556.305 1555.488 1554.695 1553.901 1553.108 1552.315 1551.515 1550.711 1549.907 1549.103 1548.301 1547.668 1547.036 1546.404 1545.772 1544.998 1544.042 1543.086 1542.13 1541.174 1540.251 1539.333 1538.416 1537.498 1536.637 1535.913 1535.188 1534.463 1533.738 1533.096 1532.485 1531.875 1531.264 1530.673 1530.19 1529.707 1529.223 1528.74 1528.243 1527.737 1527.231 1526.725 1526.218 1525.688 1525.158 1524.627 1524.097 1523.675 1523.385 1523.095 1522.804 1522.514 1522.311 1522.12 1521.928 1521.736 1521.558 1521.407 1521.257 1521.106 1520.956
1559.841 1559.052 1558.252 1557.453 1556.654 1555.86 1555.099 1554.338 1553.577 1552.815 1552.002 1551.15 1550.297 1549.445 1548.595 1547.962 1547.33 1546.698 1546.066 1545.261 1544.236 1543.21 1542.185 1541.159 1540.171 1539.189 1538.207 1537.224 1536.311 1535.559 1534.808 1534.056 1533.304 1532.585 1531.878 1531.17 1530.463 1529.793 1529.321 1528.848 1528.375 1527.903 1527.395 1526.862 1526.329 1525.796 1525.263 1524.705 1524.148 1523.591 1523.034 1522.58 1522.253 1521.925 1521.597 1521.269 1521.147 1521.052 1520.957 1520.862 1520.758 1520.634 1520.51 1520.387 1520.263
1560.106 1559.335 1558.558 1557.78 1557.003 1556.232 1555.502 1554.772 1554.042 1553.312 1552.484 1551.584 1550.684 1549.784 1548.886 1548.253 1547.621 1546.988 1546.355 1545.521 1544.427 1543.332 1542.238 1541.144 1540.092 1539.046 1538.0 1536.954 1535.988 1535.209 1534.43 1533.651 1532.872 1532.075 1531.272 1530.469 1529.667 1528.918 1528.456 1527.993 1527.53 1527.068 1526.548 1525.988 1525.429 1524.87 1524.31 1523.726 1523.142 1522.558 1521.974 1521.489 1521.124 1520.759 1520.394 1520.029 1519.986 1519.985 1519.985 1519.984 1519.953 1519.857 1519.76 1519.663 1519.566
1560.285 1559.537 1558.803 1558.068 1557.333 1556.595 1555.833 1555.071 1554.308 1553.546 1552.689 1551.762 1550.835 1549.908 1548.984 1548.33 1547.676 1547.022 1546.368 1545.521 1544.427 1543.332 1542.238 1541.144 1540.082 1539.026 1537.969 1536.913 1535.918 1535.07 1534.221 1533.372 1532.523 1531.684 1530.849 1530.014 1529.179 1528.397 1527.891 1527.386 1526.88 1526.375 1525.834 1525.27 1524.705 1524.14 1523.574 1522.958 1522.342 1521.726 1521.109 1520.6 1520.219 1519.837 1519.456 1519.075 1519.002 1518.969 1518.937 1518.904 1518.858 1518.782 1518.707 1518.631 1518.556
1560.464 1559.74 1559.048 1558.356 1557.664 1556.958 1556.163 1555.369 1554.575 1553.781 1552.894 1551.941 1550.987 1550.033 1549.081 1548.406 1547.73 1547.055 1546.38 1545.521 1544.427 1543.332 1542.238 1541.144 1540.073 1539.006 1537.939 1536.871 1535.849 1534.93 1534.012 1533.093 1532.175 1531.293 1530.426 1529.559 1528.692 1527.876 1527.327 1526.779 1526.23 1525.682 1525.121 1524.551 1523.981 1523.411 1522.839 1522.19 1521.542 1520.894 1520.245 1519.711 1519.313 1518.916 1518.519 1518.122 1518.018 1517.953 1517.889 1517.824 1517.762 1517.708 1517.654 1517.6 1517.546
1560.643 1559.942 1559.293 1558.644 1557.995 1557.32 1556.494 1555.667 1554.841 1554.015 1553.099 1552.119 1551.138 1550.158 1549.179 1548.482 1547.785 1547.089 1546.392 1545.521 1544.427 1543.332 1542.238 1541.144 1540.064 1538.986 1537.908 1536.83 1535.779 1534.791 1533.802 1532.814 1531.826 1530.903 1530.003 1529.104 1528.204 1527.354 1526.763 1526.172 1525.581 1524.989 1524.407 1523.832 1523.256 1522.681 1522.103 1521.423 1520.742 1520.062 1519.381 1518.822 1518.408 1517.995 1517.582 1517.169 1517.035 1516.938 1516.841 1516.744 1516.667 1516.634 1516.602 1516.569 1516.536
1560.822 1560.144 1559.538 1558.932 1558.326 1557.683 1556.824 1555.966 1555.107 1554.249 1553.304 1552.297 1551.29 1550.282 1549.277 1548.559 1547.84 1547.122 1546.404 1545.521 1544.427 1543.332 1542.238 1541.144 1540.054 1538.966 1537.877 1536.788 1535.709 1534.651 1533.593 1532.535 1531.477 1530.512 1529.58 1528.649 1527.717 1526.833 1526.199 1525.565 1524.931 1524.296 1523.694 1523.113 1522.532 1521.951 1521.368 1520.655 1519.942 1519.23 1518.517 1517.932 1517.503 1517.074 1516.645 1516.215 1516.051 1515.922 1515.793 1515.664 1515.572 1515.56 1515.549 1515.538 1515.527
1560.806 1560.133 1559.534 1558.935 1558.336 1557.699 1556.839 1555.979 1555.119 1554.259 1553.319 1552.321 1551.323 1550.324 1549.328 1548.599 1547.869 1547.14 1546.41 1545.521 1544.427 1543.332 1542.238 1541.144 1540.05 1538.955 1537.861 1536.767 1535.672 1534.578 1533.484 1532.39 1531.296 1530.297 1529.333 1528.369 1527.405 1526.489 1525.817 1525.145 1524.473 1523.801 1523.163 1522.548 1521.934 1521.32 1520.703 1519.963 1519.223 1518.484 1517.744 1517.126 1516.655 1516.183 1515.712 1515.241 1515.048 1514.892 1514.736 1514.58 1514.473 1514.473 1514.473 1514.473 1514.473
1560.576 1559.889 1559.258 1558.627 1557.996 1557.336 1556.508 1555.68 1554.853 1554.025 1553.126 1552.176 1551.226 1550.276 1549.328 1548.599 1547.869 1547.14 1546.41 1545.521 1544.427 1543.332 1542.238 1541.144 1540.05 1538.955 1537.861 1536.767 1535.672 1534.578 1533.484 1532.39 1531.296 1530.273 1529.277 1528.281 1527.286 1526.336 1525.632 1524.928 1524.224 1523.52 1522.831 1522.152 1521.474 1520.795 1520.114 1519.353 1518.592 1517.831 1517.07 1516.408 1515.867 1515.327 1514.786 1514.245 1514.025 1513.848 1513.67 1513.492 1513.371 1513.371 1513.371 1513.371 1513.371
1560.347 1559.646 1558.983 1558.319 1557.656 1556.973 1556.178 1555.382 1554.586 1553.791 1552.934 1552.032 1551.13 1550.229 1549.328 1548.599 1547.869 1547.14 1546.41 1545.521 1544.427 1543.332 1542.238 1541.144 1540.05 1538.955 1537.861 1536.767 1535.672 1534.578 1533.484 1532.39 1531.296 1530.25 1529.222 1528.194 1527.166 1526.184 1525.448 1524.712 1523.975 1523.239 1522.499 1521.756 1521.013 1520.27 1519.526 1518.743 1517.961 1517.178 1516.396 1515.691 1515.08 1514.47 1513.859 1513.249 1513.002 1512.803 1512.604 1512.405 1512.268 1512.268 1512.268 1512.268 1512.268
1560.117 1559.402 1558.707 1558.011 1557.316 1556.611 1555.847 1555.084 1554.32 1553.557 1552.741 1551.888 1551.034 1550.181 1549.328 1548.599 1547.869 1547.14 1546.41 1545.521 1544.427 1543.332 1542.238 1541.144 1540.05 1538.955 1537.861 1536.767 1535.672 1534.578 1533.484 1532.39 1531.296 1530.226 1529.166 1528.106 1527.046 1526.032 1525.264 1524.495 1523.727 1522.958 1522.167 1521.36 1520.552 1519.745 1518.938 1518.134 1517.33 1516.526 1515.722 1514.974 1514.293 1513.613 1512.933 1512.253 1511.979 1511.758 1511.538 1511.318 1511.166 1511.166 1511.166 1511.166 1511.166
1559.888 1559.159 1558.431 1557.704 1556.976 1556.248 1555.517 1554.785 1554.054 1553.323 1552.549 1551.743 1550.938 1550.133 1549.328 1548.599 1547.869 1547.14 1546.41 1545.521 1544.427 1543.332 1542.238 1541.144 1540.05 1538.955 1537.861 1536.767 1535.672 1534.578 1533.484 1532.39 1531.296 1530.203 1529.11 1528.018 1526.926 1525.88 1525.079 1524.279 1523.478 1522.677 1521.835 1520.963 1520.092 1519.22 1518.349 1517.524 1516.698 1515.873 1515.047 1514.256 1513.506 1512.756 1512.007 1511.257 1510.956 1510.714 1510.472 1510.23 1510.064 1510.064 1510.064 1510.064 1510.064
1559.571 1558.838 1558.098 1557.359 1556.619 1555.881 1555.151 1554.422 1553.692 1552.963 1552.206 1551.429 1550.651 1549.874 1549.097 1548.403 1547.709 1547.015 1546.321 1545.458 1544.379 1543.3 1542.221 1541.142 1540.05 1538.955 1537.861 1536.767 1535.677 1534.598 1533.519 1532.44 1531.361 1530.278 1529.194 1528.11 1527.026 1525.987 1525.184 1524.382 1523.579 1522.777 1521.916 1521.016 1520.115 1519.214 1518.314 1517.422 1516.529 1515.637 1514.744 1513.885 1513.065 1512.246 1511.426 1510.607 1510.212 1509.873 1509.533 1509.194 1508.962 1508.962 1508.962 1508.962 1508.962
1559.25 1558.511 1557.761 1557.011 1556.261 1555.513 1554.784 1554.054 1553.325 1552.595 1551.854 1551.103 1550.353 1549.603 1548.853 1548.196 1547.54 1546.883 1546.226 1545.392 1544.329 1543.266 1542.203 1541.14 1540.05 1538.955 1537.861 1536.767 1535.682 1534.619 1533.556 1532.493 1531.43 1530.359 1529.286 1528.212 1527.139 1526.109 1525.307 1524.504 1523.702 1522.899 1522.023 1521.095 1520.168 1519.24 1518.312 1517.35 1516.388 1515.426 1514.464 1513.535 1512.646 1511.756 1510.867 1509.978 1509.485 1509.044 1508.603 1508.162 1507.859 1507.859 1507.859 1507.859 1507.859
1558.928 1558.185 1557.424 1556.663 1555.902 1555.146 1554.416 1553.687 1552.957 1552.228 1551.502 1550.778 1550.055 1549.331 1548.608 1547.989 1547.37 1546.751 1546.132 1545.325 1544.278 1543.231 1542.185 1541.138 1540.05 1538.955 1537.861 1536.767 1535.687 1534.64 1533.593 1532.546 1531.499 1530.441 1529.378 1528.315 1527.253 1526.232 1525.429 1524.627 1523.824 1523.022 1522.129 1521.175 1520.221 1519.267 1518.311 1517.279 1516.247 1515.215 1514.184 1513.185 1512.226 1511.267 1510.308 1509.349 1508.758 1508.215 1507.672 1507.13 1506.757 1506.757 1506.757 1506.757 1506.757
1558.607 1557.859 1557.088 1556.316 1555.544 1554.778 1554.049 1553.319 1552.59 1551.86 1551.15 1550.453 1549.756 1549.059 1548.364 1547.782 1547.2 1546.619 1546.037 1545.259 1544.228 1543.197 1542.166 1541.136 1540.05 1538.955 1537.861 1536.767 1535.691 1534.661 1533.63 1532.599 1531.568 1530.522 1529.47 1528.418 1527.366 1526.354 1525.552 1524.749 1523.947 1523.144 1522.236 1521.255 1520.274 1519.293 1518.309 1517.208 1516.106 1515.005 1513.903 1512.835 1511.806 1510.778 1509.749 1508.721 1508.031 1507.386 1506.742 1506.097 1505.655 1505.655 1505.655 1505.655 1505.655
1558.338 1557.575 1556.782 1555.988 1555.195 1554.411 1553.682 1552.952 1552.223 1551.493 1550.793 1550.114 1549.436 1548.757 1548.079 1547.517 1546.956 1546.395 1545.833 1545.082 1544.087 1543.091 1542.096 1541.101 1540.048 1538.986 1537.925 1536.863 1535.815 1534.801 1533.786 1532.771 1531.756 1530.74 1529.723 1528.705 1527.688 1526.705 1525.903 1525.1 1524.298 1523.495 1522.573 1521.567 1520.561 1519.556 1518.546 1517.375 1516.204 1515.033 1513.862 1512.721 1511.616 1510.511 1509.406 1508.302 1507.507 1506.754 1506.001 1505.248 1504.723 1504.697 1504.671 1504.645 1504.619
1558.145 1557.352 1556.521 1555.691 1554.86 1554.044 1553.314 1552.585 1551.855 1551.126 1550.429 1549.755 1549.082 1548.409 1547.736 1547.169 1546.602 1546.036 1545.469 1544.742 1543.812 1542.881 1541.95 1541.019 1540.044 1539.063 1538.082 1537.101 1536.114 1535.116 1534.117 1533.118 1532.12 1531.158 1530.211 1529.263 1528.315 1527.391 1526.589 1525.786 1524.984 1524.181 1523.246 1522.219 1521.192 1520.164 1519.133 1517.892 1516.651 1515.41 1514.169 1512.951 1511.761 1510.57 1509.38 1508.189 1507.281 1506.41 1505.539 1504.668 1504.042 1503.951 1503.861 1503.771 1503.68
1557.952 1557.13 1556.261 1555.393 1554.524 1553.676 1552.947 1552.217 1551.488 1550.758 1550.064 1549.396 1548.728 1548.06 1547.393 1546.821 1546.249 1545.677 1545.104 1544.403 1543.537 1542.67 1541.804 1540.937 1540.041 1539.14 1538.239 1537.338 1536.413 1535.43 1534.448 1533.465 1532.483 1531.576 1530.698 1529.821 1528.943 1528.077 1527.274 1526.472 1525.669 1524.867 1523.919 1522.87 1521.822 1520.773 1519.719 1518.408 1517.098 1515.787 1514.477 1513.182 1511.906 1510.629 1509.353 1508.077 1507.054 1506.065 1505.076 1504.087 1503.36 1503.206 1503.051 1502.896 1502.741
