data/zism_data/00714_02_D.txt
ncols         224
nrows         224
[rows 84 to 111 of 224, columns 63 to 125 of 224]
1603.002 1601.867 1600.732 1599.596 1598.443 1597.284 1596.125 1594.966 1593.164 1588.591 1584.019 1579.446 1574.873 1565.581 1553.608 1541.634 1529.661 1517.922 1508.645 1499.368 1490.091 1480.815 1477.077 1478.131 1479.184 1480.237 1481.291 1494.694 1508.278 1521.864 1535.448 1546.721 1554.986 1563.253 1571.518 1579.784 1581.227 1581.775 1582.323 1582.871 1585.61 1592.731 1599.853 1606.974 1614.096 1625.841 1638.871 1651.901 1664.93 1677.529 1688.699 1699.869 1711.039 1722.209 1731.355 1739.553 1747.752 1755.95 1762.973 1762.156 1761.34 1760.524 1759.707
1611.185 1609.899 1608.613 1607.327 1605.983 1604.62 1603.256 1601.893 1599.949 1595.505 1591.062 1586.618 1582.175 1572.346 1559.458 1546.569 1533.681 1521.097 1511.712 1502.328 1492.943 1483.559 1480.398 1482.619 1484.841 1487.062 1489.283 1503.308 1517.506 1531.705 1545.903 1557.904 1567.047 1576.191 1585.334 1594.477 1595.56 1595.586 1595.611 1595.637 1597.729 1603.951 1610.174 1616.397 1622.62 1634.258 1647.4 1660.543 1673.686 1686.336 1697.355 1708.375 1719.394 1730.414 1739.526 1747.746 1755.966 1764.186 1771.193 1770.119 1769.044 1767.969 1766.895
1618.459 1616.744 1615.029 1613.313 1611.543 1609.754 1607.964 1606.175 1603.907 1599.579 1595.252 1590.924 1586.596 1576.722 1563.697 1550.671 1537.646 1524.94 1515.582 1506.224 1496.866 1487.508 1484.761 1487.731 1490.701 1493.671 1496.641 1510.782 1525.088 1539.393 1553.699 1566.026 1575.782 1585.537 1595.293 1605.049 1606.681 1607.248 1607.815 1608.382 1610.611 1616.162 1621.715 1627.266 1632.818 1643.796 1656.28 1668.764 1681.248 1693.351 1704.189 1715.028 1725.866 1736.704 1745.641 1753.688 1761.735 1769.782 1776.637 1775.542 1774.447 1773.352 1772.257
1625.183 1622.871 1620.558 1618.246 1615.906 1613.557 1611.207 1608.858 1606.156 1601.936 1597.716 1593.496 1589.276 1579.654 1566.962 1554.27 1541.579 1529.187 1519.936 1510.686 1501.436 1492.186 1489.754 1493.219 1496.684 1500.149 1503.614 1517.567 1531.673 1545.779 1559.885 1572.297 1582.505 1592.713 1602.92 1613.128 1615.86 1617.611 1619.362 1621.113 1623.953 1628.972 1633.992 1639.011 1644.03 1654.011 1665.37 1676.729 1688.088 1699.281 1709.92 1720.559 1731.199 1741.838 1750.513 1758.27 1766.026 1773.782 1780.4 1779.429 1778.458 1777.487 1776.516
1631.908 1628.998 1626.088 1623.178 1620.268 1617.359 1614.45 1611.541 1608.405 1604.293 1600.181 1596.068 1591.956 1582.585 1570.228 1557.87 1545.512 1533.433 1524.291 1515.148 1506.005 1496.863 1494.746 1498.707 1502.667 1506.628 1510.588 1524.351 1538.258 1552.166 1566.073 1578.568 1589.228 1599.888 1610.548 1621.208 1625.039 1627.974 1630.909 1633.844 1637.296 1641.783 1646.269 1650.755 1655.242 1664.226 1674.46 1684.695 1694.929 1705.211 1715.651 1726.091 1736.531 1746.972 1755.386 1762.852 1770.317 1777.783 1784.164 1783.317 1782.469 1781.622 1780.775
1638.632 1635.125 1631.617 1628.11 1624.631 1621.162 1617.693 1614.224 1610.654 1606.65 1602.645 1598.64 1594.635 1585.517 1573.493 1561.468 1549.444 1537.68 1528.645 1519.61 1510.575 1501.54 1499.739 1504.195 1508.65 1513.106 1517.561 1531.135 1544.843 1558.552 1572.259 1584.839 1595.951 1607.063 1618.175 1629.287 1634.217 1638.336 1642.456 1646.575 1650.639 1654.592 1658.546 1662.5 1666.453 1674.441 1683.551 1692.66 1701.769 1711.141 1721.382 1731.623 1741.864 1752.105 1760.258 1767.433 1774.608 1781.783 1787.928 1787.204 1786.481 1785.757 1785.034
1645.067 1640.946 1636.825 1632.703 1628.643 1624.605 1620.566 1616.528 1612.511 1608.59 1604.669 1600.747 1596.826 1587.989 1576.359 1564.729 1553.1 1541.715 1532.893 1524.072 1515.25 1506.429 1504.967 1509.87 1514.774 1519.677 1524.58 1537.889 1551.322 1564.755 1578.187 1590.81 1602.379 1613.949 1625.518 1637.088 1643.101 1648.385 1653.67 1658.954 1663.623 1667.06 1670.497 1673.934 1677.372 1684.392 1692.407 1700.423 1708.439 1716.924 1726.965 1737.005 1747.046 1757.086 1764.969 1771.842 1778.714 1785.587 1791.483 1790.872 1790.26 1789.649 1789.038
1648.463 1643.556 1638.648 1633.741 1628.979 1624.268 1619.556 1614.845 1610.25 1606.156 1602.063 1597.969 1593.875 1585.635 1575.039 1564.443 1553.847 1543.52 1536.022 1528.525 1521.027 1513.53 1512.656 1517.511 1522.366 1527.221 1532.076 1544.324 1556.68 1569.036 1581.392 1593.629 1605.709 1617.79 1629.871 1641.952 1648.881 1655.134 1661.388 1667.641 1672.841 1675.933 1679.026 1682.119 1685.211 1691.558 1698.81 1706.061 1713.312 1721.161 1730.986 1740.811 1750.636 1760.462 1767.986 1774.433 1780.881 1787.328 1792.854 1792.231 1791.609 1790.987 1790.365
1651.858 1646.165 1640.472 1634.779 1629.314 1623.93 1618.546 1613.162 1607.989 1603.723 1599.457 1595.191 1590.925 1583.281 1573.719 1564.156 1554.593 1545.325 1539.152 1532.978 1526.805 1520.632 1520.346 1525.153 1529.959 1534.766 1539.572 1550.758 1562.037 1573.317 1584.597 1596.448 1609.039 1621.632 1634.224 1646.816 1654.661 1661.883 1669.105 1676.327 1682.058 1684.806 1687.554 1690.303 1693.051 1698.725 1705.212 1711.699 1718.186 1725.397 1735.007 1744.617 1754.227 1763.837 1771.003 1777.025 1783.047 1789.07 1794.224 1793.591 1792.958 1792.325 1791.692
1655.254 1648.775 1642.296 1635.817 1629.65 1623.593 1617.536 1611.479 1605.727 1601.289 1596.851 1592.413 1587.974 1580.927 1572.398 1563.869 1555.339 1547.13 1542.281 1537.432 1532.583 1527.734 1528.036 1532.794 1537.552 1542.31 1547.068 1557.193 1567.396 1577.599 1587.802 1599.266 1612.37 1625.473 1638.577 1651.68 1660.441 1668.632 1676.823 1685.014 1691.276 1693.68 1696.083 1698.487 1700.891 1705.892 1711.614 1717.337 1723.06 1729.634 1739.028 1748.423 1757.818 1767.212 1774.02 1779.617 1785.214 1790.811 1795.594 1794.951 1794.307 1793.663 1793.019
1658.649 1651.384 1644.12 1636.855 1629.986 1623.256 1616.526 1609.796 1603.466 1598.855 1594.245 1589.634 1585.024 1578.573 1571.078 1563.582 1556.086 1548.935 1545.41 1541.885 1538.36 1534.835 1535.726 1540.435 1545.145 1549.855 1554.564 1563.627 1572.753 1581.88 1591.007 1602.085 1615.7 1629.315 1642.929 1656.544 1666.221 1675.38 1684.541 1693.7 1700.493 1702.553 1704.612 1706.671 1708.73 1713.058 1718.016 1722.975 1727.933 1733.87 1743.05 1752.229 1761.408 1770.588 1777.037 1782.209 1787.381 1792.553 1796.965 1796.31 1795.656 1795.001 1794.347
1661.528 1653.454 1645.38 1637.306 1630.137 1623.289 1616.441 1609.592 1603.243 1599.041 1594.839 1590.638 1586.436 1580.481 1573.529 1566.578 1559.626 1553.058 1550.523 1547.987 1545.451 1542.915 1544.218 1548.841 1553.463 1558.086 1562.708 1570.653 1578.647 1586.641 1594.635 1605.07 1618.677 1632.285 1645.892 1659.499 1669.62 1679.283 1688.947 1698.61 1705.764 1707.9 1710.035 1712.171 1714.307 1718.415 1723.071 1727.728 1732.384 1737.993 1746.759 1755.524 1764.29 1773.055 1779.13 1783.944 1788.759 1793.574 1797.67 1796.975 1796.28 1795.586 1794.891
1663.986 1655.083 1646.18 1637.277 1630.139 1623.625 1617.11 1610.595 1604.683 1601.364 1598.045 1594.726 1591.407 1585.864 1579.058 1572.252 1565.445 1559.073 1557.253 1555.433 1553.613 1551.793 1553.364 1557.868 1562.373 1566.877 1571.381 1578.163 1584.978 1591.793 1598.608 1608.189 1621.366 1634.543 1647.719 1660.896 1671.076 1680.863 1690.651 1700.438 1707.815 1710.37 1712.925 1715.481 1718.036 1722.295 1727.027 1731.759 1736.49 1742.024 1750.213 1758.403 1766.592 1774.782 1780.467 1784.981 1789.494 1794.008 1797.833 1797.074 1796.314 1795.555 1794.795
1666.444 1656.712 1646.98 1637.249 1630.141 1623.96 1617.779 1611.599 1606.123 1603.687 1601.251 1598.814 1596.378 1591.248 1584.587 1577.926 1571.265 1565.087 1563.983 1562.879 1561.775 1560.671 1562.511 1566.897 1571.282 1575.668 1580.054 1585.672 1591.309 1596.945 1602.581 1611.309 1624.055 1636.801 1649.547 1662.294 1672.533 1682.444 1692.355 1702.266 1709.865 1712.84 1715.816 1718.791 1721.766 1726.175 1730.982 1735.789 1740.596 1746.054 1753.668 1761.282 1768.895 1776.509 1781.805 1786.017 1790.229 1794.441 1797.996 1797.172 1796.348 1795.524 1794.7
1668.902 1658.342 1647.781 1637.22 1630.143 1624.296 1618.449 1612.601 1607.563 1606.01 1604.456 1602.903 1601.349 1596.631 1590.116 1583.6 1577.084 1571.102 1570.713 1570.325 1569.937 1569.549 1571.657 1575.925 1580.192 1584.459 1588.727 1593.182 1597.639 1602.097 1606.554 1614.429 1626.744 1639.06 1651.375 1663.691 1673.99 1684.024 1694.059 1704.094 1711.916 1715.311 1718.706 1722.101 1725.496 1730.055 1734.938 1739.82 1744.702 1750.085 1757.122 1764.16 1771.198 1778.235 1783.143 1787.054 1790.964 1794.875 1798.159 1797.271 1796.382 1795.493 1794.605
1671.389 1660.027 1648.665 1637.302 1630.269 1624.764 1619.259 1613.754 1609.156 1608.465 1607.774 1607.083 1606.392 1602.075 1595.697 1589.318 1582.94 1577.144 1577.472 1577.799 1578.127 1578.455 1580.834 1584.989 1589.144 1593.299 1597.454 1600.751 1604.035 1607.32 1610.604 1617.623 1629.495 1641.368 1653.241 1665.114 1675.465 1685.617 1695.77 1705.922 1713.962 1717.776 1721.59 1725.404 1729.218 1733.927 1738.886 1743.844 1748.802 1754.11 1760.574 1767.038 1773.502 1779.967 1784.485 1788.093 1791.701 1795.309 1798.321 1797.36 1796.399 1795.438 1794.476
1675.843 1665.541 1655.239 1644.937 1638.849 1634.248 1629.647 1625.046 1621.089 1619.902 1618.717 1617.531 1616.345 1611.587 1604.799 1598.012 1591.224 1585.117 1586.144 1587.171 1588.198 1589.225 1592.086 1596.531 1600.977 1605.422 1609.868 1612.384 1614.872 1617.36 1619.848 1625.866 1636.474 1647.082 1657.689 1668.297 1678.226 1688.066 1697.907 1707.747 1715.698 1719.873 1724.048 1728.222 1732.397 1737.269 1742.335 1747.401 1752.467 1757.764 1763.824 1769.885 1775.945 1782.006 1786.132 1789.352 1792.573 1795.793 1798.389 1796.819 1795.25 1793.681 1792.111
1680.297 1671.055 1661.813 1652.572 1647.429 1643.732 1640.035 1636.339 1633.022 1631.341 1629.66 1627.978 1626.297 1621.099 1613.903 1606.706 1599.51 1593.089 1594.816 1596.543 1598.27 1599.997 1603.338 1608.074 1612.81 1617.546 1622.282 1624.017 1625.709 1627.4 1629.091 1634.109 1643.452 1652.795 1662.138 1671.481 1680.988 1690.515 1700.043 1709.571 1717.435 1721.97 1726.506 1731.041 1735.576 1740.611 1745.785 1750.958 1756.132 1761.418 1767.074 1772.731 1778.388 1784.045 1787.778 1790.611 1793.444 1796.277 1798.456 1796.279 1794.101 1791.923 1789.746
1684.751 1676.569 1668.388 1660.206 1656.008 1653.216 1650.423 1647.631 1644.955 1642.778 1640.602 1638.426 1636.249 1630.611 1623.005 1615.4 1607.794 1601.061 1603.488 1605.914 1608.341 1610.768 1614.589 1619.615 1624.642 1629.669 1634.696 1635.65 1636.545 1637.44 1638.335 1642.353 1650.431 1658.509 1666.587 1674.665 1683.749 1692.964 1702.18 1711.396 1719.172 1724.068 1728.964 1733.86 1738.756 1743.953 1749.234 1754.516 1759.797 1765.071 1770.325 1775.578 1780.831 1786.084 1789.425 1791.87 1794.316 1796.761 1798.524 1795.738 1792.952 1790.167 1787.381
1689.205 1682.084 1674.962 1667.841 1664.588 1662.7 1660.812 1658.924 1656.888 1654.216 1651.545 1648.873 1646.202 1640.123 1632.109 1624.094 1616.079 1609.033 1612.16 1615.286 1618.413 1621.539 1625.841 1631.158 1636.475 1641.793 1647.11 1647.284 1647.382 1647.48 1647.578 1650.596 1657.409 1664.223 1671.036 1677.849 1686.51 1695.413 1704.317 1713.221 1720.909 1726.165 1731.422 1736.678 1741.935 1747.295 1752.684 1758.073 1763.462 1768.725 1773.575 1778.425 1783.274 1788.124 1791.071 1793.129 1795.187 1797.245 1798.592 1795.198 1791.803 1788.409 1785.015
1692.843 1686.968 1681.092 1675.217 1672.964 1671.991 1671.017 1670.044 1668.683 1665.652 1662.622 1659.592 1656.562 1650.248 1642.069 1633.89 1625.711 1618.547 1622.041 1625.535 1629.029 1632.523 1637.02 1642.383 1647.746 1653.11 1658.473 1657.974 1657.389 1656.804 1656.219 1658.335 1663.963 1669.591 1675.219 1680.848 1689.061 1697.614 1706.167 1714.72 1722.295 1727.915 1733.534 1739.154 1744.774 1750.261 1755.711 1761.161 1766.611 1771.855 1776.414 1780.973 1785.532 1790.092 1792.639 1794.245 1795.851 1797.457 1798.306 1794.105 1789.904 1785.704 1781.503
1695.593 1691.165 1686.737 1682.31 1681.12 1681.072 1681.024 1680.976 1680.327 1677.087 1673.847 1670.607 1667.367 1661.042 1652.965 1644.888 1636.811 1629.741 1633.241 1636.74 1640.24 1643.739 1648.12 1653.262 1658.405 1663.548 1668.691 1667.637 1666.492 1665.347 1664.203 1665.525 1670.055 1674.585 1679.115 1683.645 1691.384 1699.544 1707.704 1715.863 1723.299 1729.284 1735.27 1741.256 1747.242 1752.817 1758.277 1763.739 1769.199 1774.413 1778.805 1783.197 1787.589 1791.982 1794.12 1795.204 1796.288 1797.372 1797.633 1792.41 1787.187 1781.964 1776.74
1698.342 1695.362 1692.382 1689.403 1689.274 1690.152 1691.031 1691.909 1691.971 1688.521 1685.071 1681.621 1678.171 1671.836 1663.861 1655.886 1647.912 1640.935 1644.44 1647.945 1651.45 1654.955 1659.22 1664.142 1669.064 1673.986 1678.908 1677.3 1675.595 1673.89 1672.186 1672.714 1676.146 1679.578 1683.01 1686.442 1693.706 1701.473 1709.24 1717.007 1724.303 1730.654 1737.006 1743.358 1749.709 1755.372 1760.844 1766.316 1771.788 1776.97 1781.196 1785.421 1789.647 1793.872 1795.602 1796.164 1796.726 1797.287 1796.961 1790.715 1784.469 1778.223 1771.977
1701.091 1699.559 1698.027 1696.495 1697.429 1699.233 1701.037 1702.841 1703.616 1699.956 1696.296 1692.635 1688.975 1682.629 1674.757 1666.884 1659.012 1652.13 1655.64 1659.15 1662.66 1666.171 1670.32 1675.021 1679.723 1684.424 1689.125 1686.962 1684.698 1682.433 1680.169 1679.904 1682.237 1684.571 1686.905 1689.239 1696.029 1703.403 1710.777 1718.151 1725.306 1732.024 1738.742 1745.459 1752.177 1757.928 1763.411 1768.893 1774.376 1779.528 1783.587 1787.645 1791.704 1795.762 1797.083 1797.123 1797.163 1797.203 1796.289 1789.02 1781.751 1774.483 1767.214
1703.841 1703.756 1703.672 1703.589 1705.584 1708.314 1711.044 1713.774 1715.26 1711.39 1707.52 1703.65 1699.78 1693.423 1685.653 1677.883 1670.113 1663.324 1666.84 1670.355 1673.871 1677.387 1681.42 1685.901 1690.381 1694.862 1699.343 1696.625 1693.801 1690.976 1688.152 1687.093 1688.329 1689.565 1690.8 1692.036 1698.351 1705.332 1712.313 1719.295 1726.31 1733.394 1740.478 1747.561 1754.645 1760.484 1765.977 1771.471 1776.964 1782.086 1785.977 1789.869 1793.761 1797.653 1798.565 1798.083 1797.6 1797.118 1795.617 1787.325 1779.034 1770.742 1762.451
1708.187 1708.48 1708.774 1709.068 1711.304 1714.224 1717.145 1720.065 1721.82 1718.557 1715.293 1712.03 1708.766 1702.911 1695.583 1688.254 1680.926 1674.5 1677.539 1680.578 1683.618 1686.657 1690.362 1694.642 1698.922 1703.203 1707.483 1704.755 1701.924 1699.093 1696.261 1694.97 1695.681 1696.391 1697.102 1697.812 1703.423 1709.677 1715.931 1722.184 1728.71 1735.779 1742.849 1749.918 1756.988 1762.828 1768.327 1773.826 1779.325 1784.421 1788.181 1791.942 1795.702 1799.462 1800.212 1799.552 1798.893 1798.233 1796.5 1787.617 1778.734 1769.851 1760.968
1712.631 1713.237 1713.843 1714.449 1716.874 1719.939 1723.005 1726.071 1728.068 1725.461 1722.854 1720.247 1717.64 1712.318 1705.453 1698.587 1691.722 1685.674 1688.208 1690.741 1693.274 1695.808 1699.171 1703.252 1707.333 1711.415 1715.496 1712.791 1709.987 1707.183 1704.378 1702.889 1703.11 1703.331 1703.552 1703.772 1708.665 1714.171 1719.676 1725.182 1731.196 1738.228 1745.26 1752.291 1759.323 1765.159 1770.664 1776.168 1781.672 1786.743 1790.374 1794.005 1797.636 1801.267 1801.869 1801.053 1800.238 1799.422 1797.48 1788.032 1778.583 1769.135 1759.687
1717.075 1717.993 1718.912 1719.83 1722.443 1725.654 1728.865 1732.076 1734.315 1732.365 1730.415 1728.464 1726.514 1721.725 1715.323 1708.92 1702.518 1696.849 1698.876 1700.903 1702.931 1704.958 1707.98 1711.862 1715.744 1719.626 1723.508 1720.827 1718.05 1715.273 1712.495 1710.808 1710.539 1710.27 1710.001 1709.732 1713.907 1718.664 1723.422 1728.179 1733.682 1740.676 1747.67 1754.664 1761.658 1767.491 1773.0 1778.51 1784.02 1789.064 1792.566 1796.068 1799.57 1803.072 1803.526 1802.555 1801.583 1800.611 1798.46 1788.446 1778.432 1768.419 1758.405
