data/zism_data/00716_02_D.txt
ncols         224
nrows         224
[rows 196 to 223 of 224, columns 126 to 188 of 224]
1535.189 1535.602 1536.015 1536.428 1536.893 1537.421 1537.948 1538.476 1539.004 1539.636 1540.278 1540.92 1541.562 1542.151 1542.65 1543.15 1543.65 1544.15 1544.23 1544.23 1544.23 1544.23 1544.23 1544.23 1544.23 1544.23 1544.23 1544.149 1544.045 1543.94 1543.835 1543.955 1544.818 1545.682 1546.546 1547.41 1548.196 1548.949 1549.702 1550.455 1551.116 1551.296 1551.475 1551.655 1551.834 1551.589 1551.086 1550.584 1550.082 1549.643 1549.873 1550.103 1550.333 1550.563 1551.008 1551.627 1552.246 1552.865 1553.487 1554.289 1555.092 1555.894 1556.696
1535.914 1536.323 1536.732 1537.141 1537.606 1538.141 1538.677 1539.212 1539.747 1540.414 1541.094 1541.775 1542.455 1543.078 1543.607 1544.137 1544.666 1545.196 1545.308 1545.342 1545.376 1545.41 1545.426 1545.404 1545.381 1545.359 1545.336 1545.223 1545.081 1544.94 1544.799 1544.878 1545.686 1546.495 1547.303 1548.112 1548.936 1549.766 1550.597 1551.428 1552.157 1552.355 1552.553 1552.751 1552.948 1552.646 1552.042 1551.437 1550.832 1550.295 1550.471 1550.646 1550.821 1550.997 1551.447 1552.121 1552.796 1553.47 1554.147 1554.964 1555.782 1556.6 1557.418
1536.633 1537.031 1537.429 1537.828 1538.285 1538.815 1539.344 1539.874 1540.404 1541.095 1541.802 1542.509 1543.216 1543.864 1544.415 1544.966 1545.517 1546.068 1546.224 1546.306 1546.389 1546.471 1546.511 1546.456 1546.402 1546.347 1546.292 1546.15 1545.982 1545.814 1545.646 1545.688 1546.427 1547.166 1547.905 1548.644 1549.517 1550.45 1551.382 1552.315 1553.136 1553.371 1553.607 1553.842 1554.077 1553.752 1553.089 1552.425 1551.761 1551.165 1551.276 1551.387 1551.498 1551.609 1552.06 1552.788 1553.516 1554.244 1554.973 1555.77 1556.566 1557.362 1558.159
1537.352 1537.74 1538.127 1538.514 1538.963 1539.488 1540.012 1540.536 1541.061 1541.776 1542.51 1543.244 1543.978 1544.651 1545.223 1545.795 1546.367 1546.94 1547.14 1547.271 1547.401 1547.531 1547.595 1547.509 1547.422 1547.335 1547.248 1547.078 1546.883 1546.688 1546.494 1546.499 1547.168 1547.837 1548.506 1549.175 1550.099 1551.133 1552.167 1553.202 1554.115 1554.388 1554.66 1554.933 1555.206 1554.859 1554.136 1553.413 1552.691 1552.035 1552.082 1552.129 1552.175 1552.222 1552.673 1553.455 1554.237 1555.018 1555.8 1556.575 1557.349 1558.124 1558.899
1538.071 1538.448 1538.824 1539.201 1539.642 1540.161 1540.68 1541.199 1541.718 1542.458 1543.218 1543.979 1544.739 1545.437 1546.031 1546.624 1547.218 1547.812 1548.056 1548.235 1548.413 1548.592 1548.68 1548.561 1548.442 1548.323 1548.204 1548.006 1547.784 1547.563 1547.341 1547.31 1547.909 1548.509 1549.108 1549.707 1550.68 1551.816 1552.953 1554.089 1555.094 1555.404 1555.714 1556.025 1556.335 1555.965 1555.183 1554.402 1553.62 1552.905 1552.887 1552.87 1552.852 1552.834 1553.286 1554.122 1554.957 1555.792 1556.626 1557.38 1558.133 1558.887 1559.64
1538.814 1539.175 1539.536 1539.897 1540.325 1540.835 1541.345 1541.856 1542.366 1543.119 1543.895 1544.671 1545.447 1546.162 1546.776 1547.389 1548.003 1548.617 1548.909 1549.14 1549.371 1549.602 1549.718 1549.571 1549.424 1549.277 1549.13 1548.905 1548.657 1548.408 1548.16 1548.091 1548.616 1549.142 1549.667 1550.193 1551.214 1552.452 1553.69 1554.928 1556.026 1556.387 1556.747 1557.108 1557.469 1557.096 1556.281 1555.466 1554.651 1553.9 1553.829 1553.758 1553.686 1553.615 1554.064 1554.937 1555.81 1556.684 1557.555 1558.277 1558.999 1559.721 1560.443
1539.715 1540.027 1540.34 1540.653 1541.04 1541.518 1541.996 1542.474 1542.952 1543.648 1544.365 1545.083 1545.8 1546.482 1547.106 1547.731 1548.355 1548.98 1549.341 1549.653 1549.964 1550.275 1550.447 1550.3 1550.153 1550.006 1549.859 1549.614 1549.339 1549.063 1548.788 1548.675 1549.099 1549.522 1549.946 1550.37 1551.431 1552.771 1554.11 1555.45 1556.656 1557.15 1557.645 1558.139 1558.634 1558.396 1557.714 1557.033 1556.352 1555.725 1555.67 1555.615 1555.559 1555.504 1555.925 1556.734 1557.543 1558.352 1559.158 1559.784 1560.41 1561.035 1561.661
1540.615 1540.88 1541.145 1541.409 1541.755 1542.201 1542.647 1543.093 1543.538 1544.178 1544.836 1545.494 1546.152 1546.802 1547.437 1548.072 1548.708 1549.343 1549.774 1550.165 1550.557 1550.949 1551.177 1551.03 1550.883 1550.736 1550.589 1550.323 1550.021 1549.719 1549.417 1549.259 1549.581 1549.903 1550.225 1550.546 1551.647 1553.089 1554.531 1555.973 1557.285 1557.913 1558.542 1559.171 1559.799 1559.695 1559.148 1558.601 1558.053 1557.551 1557.511 1557.472 1557.433 1557.394 1557.786 1558.531 1559.276 1560.02 1560.762 1561.291 1561.82 1562.349 1562.878
1541.516 1541.733 1541.949 1542.165 1542.47 1542.884 1543.298 1543.711 1544.125 1544.708 1545.307 1545.906 1546.505 1547.122 1547.768 1548.414 1549.06 1549.706 1550.206 1550.678 1551.15 1551.623 1551.906 1551.759 1551.612 1551.465 1551.318 1551.032 1550.703 1550.374 1550.045 1549.844 1550.063 1550.283 1550.503 1550.723 1551.864 1553.408 1554.951 1556.495 1557.914 1558.677 1559.439 1560.202 1560.964 1560.994 1560.581 1560.168 1559.755 1559.376 1559.352 1559.329 1559.306 1559.283 1559.647 1560.328 1561.008 1561.688 1562.365 1562.798 1563.231 1563.663 1564.096
1542.417 1542.585 1542.753 1542.921 1543.185 1543.567 1543.948 1544.33 1544.711 1545.238 1545.778 1546.318 1546.858 1547.442 1548.099 1548.756 1549.412 1550.069 1550.638 1551.191 1551.743 1552.296 1552.636 1552.489 1552.342 1552.195 1552.048 1551.741 1551.385 1551.029 1550.674 1550.428 1550.546 1550.664 1550.782 1550.9 1552.081 1553.726 1555.372 1557.017 1558.543 1559.44 1560.337 1561.233 1562.13 1562.294 1562.014 1561.735 1561.456 1561.201 1561.194 1561.187 1561.18 1561.172 1561.509 1562.125 1562.741 1563.357 1563.969 1564.305 1564.641 1564.977 1565.313
1543.239 1543.404 1543.569 1543.734 1543.97 1544.292 1544.615 1544.937 1545.259 1545.724 1546.202 1546.68 1547.158 1547.701 1548.35 1549.0 1549.649 1550.298 1550.921 1551.539 1552.157 1552.775 1553.172 1553.064 1552.957 1552.849 1552.741 1552.42 1552.034 1551.649 1551.263 1550.977 1551.021 1551.064 1551.107 1551.151 1552.348 1554.05 1555.752 1557.454 1559.055 1560.122 1561.189 1562.256 1563.322 1563.668 1563.577 1563.486 1563.395 1563.312 1563.312 1563.312 1563.312 1563.312 1563.599 1564.121 1564.642 1565.164 1565.681 1565.869 1566.058 1566.246 1566.435
1544.0 1544.198 1544.395 1544.592 1544.809 1545.051 1545.293 1545.535 1545.777 1546.176 1546.589 1547.003 1547.417 1547.912 1548.54 1549.167 1549.795 1550.423 1551.088 1551.759 1552.431 1553.103 1553.558 1553.52 1553.482 1553.444 1553.406 1553.076 1552.658 1552.241 1551.823 1551.5 1551.49 1551.479 1551.469 1551.459 1552.655 1554.378 1556.102 1557.826 1559.476 1560.741 1562.006 1563.271 1564.536 1565.1 1565.24 1565.379 1565.519 1565.646 1565.646 1565.646 1565.646 1565.646 1565.869 1566.272 1566.676 1567.08 1567.477 1567.478 1567.479 1567.48 1567.481
1544.762 1544.991 1545.22 1545.45 1545.649 1545.81 1545.971 1546.133 1546.294 1546.627 1546.977 1547.327 1547.676 1548.122 1548.729 1549.335 1549.942 1550.548 1551.254 1551.98 1552.705 1553.43 1553.944 1553.976 1554.007 1554.039 1554.07 1553.732 1553.282 1552.833 1552.383 1552.022 1551.958 1551.895 1551.831 1551.767 1552.961 1554.707 1556.452 1558.197 1559.897 1561.36 1562.823 1564.287 1565.75 1566.532 1566.903 1567.273 1567.643 1567.981 1567.981 1567.981 1567.981 1567.981 1568.138 1568.424 1568.709 1568.995 1569.274 1569.087 1568.901 1568.714 1568.527
1545.523 1545.784 1546.046 1546.307 1546.488 1546.569 1546.65 1546.731 1546.812 1547.079 1547.365 1547.65 1547.935 1548.333 1548.918 1549.503 1550.088 1550.673 1551.421 1552.2 1552.979 1553.757 1554.33 1554.431 1554.533 1554.634 1554.735 1554.388 1553.906 1553.424 1552.942 1552.545 1552.427 1552.31 1552.193 1552.075 1553.268 1555.035 1556.801 1558.568 1560.317 1561.979 1563.641 1565.303 1566.964 1567.965 1568.566 1569.166 1569.767 1570.315 1570.315 1570.315 1570.315 1570.315 1570.407 1570.575 1570.743 1570.911 1571.071 1570.696 1570.322 1569.948 1569.573
1546.284 1546.578 1546.871 1547.165 1547.327 1547.328 1547.328 1547.329 1547.329 1547.531 1547.752 1547.973 1548.194 1548.544 1549.108 1549.671 1550.235 1550.798 1551.588 1552.42 1553.253 1554.085 1554.716 1554.887 1555.058 1555.229 1555.4 1555.044 1554.53 1554.016 1553.502 1553.067 1552.896 1552.725 1552.554 1552.383 1553.575 1555.363 1557.151 1558.939 1560.738 1562.598 1564.458 1566.318 1568.178 1569.397 1570.228 1571.059 1571.891 1572.649 1572.649 1572.649 1572.649 1572.649 1572.677 1572.727 1572.777 1572.826 1572.867 1572.305 1571.744 1571.182 1570.62
1547.032 1547.368 1547.705 1548.041 1548.217 1548.196 1548.174 1548.153 1548.132 1548.205 1548.287 1548.369 1548.451 1548.703 1549.234 1549.765 1550.297 1550.828 1551.635 1552.495 1553.354 1554.214 1554.906 1555.216 1555.525 1555.835 1556.145 1555.912 1555.514 1555.117 1554.72 1554.386 1554.262 1554.139 1554.015 1553.892 1555.116 1556.931 1558.746 1560.561 1562.391 1564.306 1566.221 1568.135 1570.05 1571.331 1572.227 1573.124 1574.02 1574.839 1574.845 1574.85 1574.855 1574.861 1574.817 1574.733 1574.649 1574.565 1574.471 1573.732 1572.993 1572.254 1571.515
1547.779 1548.158 1548.538 1548.917 1549.107 1549.064 1549.022 1548.979 1548.936 1548.88 1548.823 1548.766 1548.708 1548.861 1549.36 1549.859 1550.359 1550.858 1551.682 1552.568 1553.455 1554.341 1555.094 1555.543 1555.992 1556.442 1556.891 1556.78 1556.501 1556.222 1555.942 1555.71 1555.635 1555.56 1555.484 1555.409 1556.667 1558.509 1560.35 1562.192 1564.053 1566.022 1567.99 1569.958 1571.927 1573.267 1574.228 1575.189 1576.15 1577.029 1577.039 1577.05 1577.061 1577.071 1576.956 1576.738 1576.52 1576.302 1576.074 1575.158 1574.242 1573.326 1572.41
1548.527 1548.949 1549.371 1549.793 1549.997 1549.933 1549.869 1549.805 1549.74 1549.555 1549.359 1549.162 1548.965 1549.019 1549.486 1549.953 1550.42 1550.887 1551.729 1552.642 1553.555 1554.468 1555.282 1555.871 1556.46 1557.048 1557.637 1557.649 1557.488 1557.326 1557.165 1557.035 1557.008 1556.98 1556.953 1556.926 1558.218 1560.086 1561.954 1563.823 1565.715 1567.737 1569.759 1571.781 1573.803 1575.204 1576.229 1577.255 1578.28 1579.218 1579.234 1579.25 1579.266 1579.282 1579.095 1578.743 1578.391 1578.039 1577.676 1576.583 1575.49 1574.398 1573.305
1549.274 1549.739 1550.204 1550.67 1550.887 1550.802 1550.716 1550.63 1550.545 1550.231 1549.895 1549.558 1549.222 1549.177 1549.612 1550.047 1550.482 1550.917 1551.776 1552.716 1553.656 1554.595 1555.471 1556.199 1556.927 1557.655 1558.382 1558.518 1558.474 1558.431 1558.387 1558.359 1558.38 1558.401 1558.423 1558.444 1559.768 1561.664 1563.559 1565.454 1567.378 1569.453 1571.529 1573.604 1575.68 1577.141 1578.231 1579.32 1580.41 1581.407 1581.428 1581.449 1581.471 1581.492 1581.234 1580.748 1580.262 1579.776 1579.278 1578.009 1576.739 1575.469 1574.2
1550.186 1550.746 1551.307 1551.867 1552.114 1551.978 1551.841 1551.704 1551.568 1551.093 1550.586 1550.078 1549.571 1549.41 1549.822 1550.234 1550.646 1551.058 1551.967 1552.969 1553.972 1554.975 1555.923 1556.745 1557.567 1558.389 1559.211 1559.466 1559.549 1559.633 1559.716 1559.808 1559.927 1560.047 1560.166 1560.286 1561.641 1563.538 1565.435 1567.332 1569.255 1571.316 1573.378 1575.439 1577.5 1578.998 1580.157 1581.315 1582.474 1583.533 1583.548 1583.564 1583.579 1583.595 1583.264 1582.65 1582.037 1581.424 1580.799 1579.398 1577.997 1576.596 1575.194
1551.323 1552.049 1552.776 1553.502 1553.8 1553.572 1553.344 1553.117 1552.889 1552.21 1551.489 1550.767 1550.045 1549.747 1550.148 1550.549 1550.95 1551.351 1552.353 1553.469 1554.584 1555.7 1556.735 1557.589 1558.444 1559.298 1560.152 1560.521 1560.744 1560.967 1561.19 1561.427 1561.713 1561.998 1562.284 1562.569 1563.953 1565.818 1567.683 1569.548 1571.427 1573.381 1575.334 1577.288 1579.242 1580.747 1581.981 1583.214 1584.448 1585.574 1585.568 1585.562 1585.556 1585.55 1585.144 1584.413 1583.682 1582.95 1582.208 1580.738 1579.267 1577.796 1576.325
1552.459 1553.352 1554.244 1555.137 1555.485 1555.166 1554.848 1554.529 1554.21 1553.328 1552.391 1551.455 1550.519 1550.083 1550.474 1550.864 1551.255 1551.645 1552.74 1553.968 1555.196 1556.424 1557.548 1558.434 1559.32 1560.206 1561.093 1561.576 1561.939 1562.301 1562.663 1563.046 1563.498 1563.95 1564.401 1564.853 1566.265 1568.098 1569.931 1571.763 1573.598 1575.445 1577.291 1579.138 1580.985 1582.496 1583.805 1585.113 1586.422 1587.614 1587.587 1587.559 1587.532 1587.505 1587.024 1586.175 1585.326 1584.477 1583.618 1582.077 1580.537 1578.996 1577.456
1553.595 1554.654 1555.713 1556.772 1557.171 1556.761 1556.351 1555.941 1555.531 1554.445 1553.294 1552.144 1550.994 1550.42 1550.799 1551.179 1551.559 1551.938 1553.126 1554.467 1555.807 1557.148 1558.36 1559.278 1560.197 1561.115 1562.034 1562.632 1563.133 1563.635 1564.137 1564.665 1565.283 1565.901 1566.519 1567.137 1568.577 1570.378 1572.178 1573.979 1575.769 1577.509 1579.248 1580.988 1582.727 1584.245 1585.629 1587.012 1588.396 1589.655 1589.606 1589.557 1589.508 1589.459 1588.905 1587.938 1586.971 1586.004 1585.027 1583.417 1581.807 1580.196 1578.586
1554.732 1555.957 1557.182 1558.407 1558.856 1558.355 1557.854 1557.353 1556.852 1555.562 1554.197 1552.832 1551.468 1550.756 1551.125 1551.494 1551.863 1552.232 1553.512 1554.966 1556.419 1557.872 1559.172 1560.123 1561.073 1562.024 1562.974 1563.687 1564.328 1564.969 1565.61 1566.284 1567.068 1567.853 1568.637 1569.421 1570.889 1572.658 1574.426 1576.194 1577.941 1579.573 1581.205 1582.838 1584.47 1585.994 1587.453 1588.911 1590.37 1591.696 1591.625 1591.555 1591.485 1591.414 1590.785 1589.7 1588.615 1587.53 1586.436 1584.756 1583.077 1581.397 1579.717
1556.482 1557.759 1559.036 1560.312 1560.784 1560.27 1559.755 1559.241 1558.727 1557.391 1555.976 1554.562 1553.147 1552.383 1552.696 1553.008 1553.321 1553.633 1554.888 1556.321 1557.754 1559.187 1560.466 1561.394 1562.322 1563.249 1564.177 1564.897 1565.554 1566.21 1566.867 1567.586 1568.508 1569.431 1570.354 1571.277 1572.756 1574.478 1576.2 1577.923 1579.629 1581.25 1582.871 1584.493 1586.114 1587.612 1589.036 1590.46 1591.884 1593.178 1593.114 1593.049 1592.985 1592.921 1592.302 1591.232 1590.162 1589.092 1588.011 1586.197 1584.384 1582.57 1580.756
1558.338 1559.646 1560.955 1562.264 1562.754 1562.24 1561.725 1561.211 1560.696 1559.341 1557.905 1556.469 1555.033 1554.232 1554.48 1554.728 1554.976 1555.224 1556.432 1557.822 1559.213 1560.603 1561.842 1562.738 1563.634 1564.529 1565.425 1566.133 1566.784 1567.436 1568.087 1568.833 1569.889 1570.946 1572.003 1573.06 1574.546 1576.22 1577.894 1579.568 1581.235 1582.861 1584.488 1586.115 1587.741 1589.208 1590.578 1591.948 1593.319 1594.565 1594.511 1594.458 1594.404 1594.351 1593.758 1592.725 1591.693 1590.66 1589.614 1587.655 1585.697 1583.738 1581.78
1560.193 1561.534 1562.875 1564.216 1564.724 1564.209 1563.695 1563.18 1562.666 1561.291 1559.833 1558.376 1556.919 1556.08 1556.263 1556.447 1556.631 1556.815 1557.977 1559.324 1560.671 1562.018 1563.219 1564.082 1564.945 1565.809 1566.672 1567.369 1568.015 1568.661 1569.307 1570.079 1571.27 1572.461 1573.652 1574.843 1576.336 1577.962 1579.588 1581.214 1582.84 1584.472 1586.104 1587.736 1589.368 1590.804 1592.12 1593.437 1594.754 1595.952 1595.909 1595.866 1595.823 1595.781 1595.213 1594.218 1593.223 1592.228 1591.216 1589.113 1587.01 1584.907 1582.804
1562.048 1563.422 1564.795 1566.168 1566.693 1566.179 1565.664 1565.15 1564.636 1563.241 1561.762 1560.283 1558.804 1557.928 1558.047 1558.167 1558.286 1558.406 1559.521 1560.826 1562.13 1563.434 1564.595 1565.426 1566.257 1567.089 1567.92 1568.605 1569.245 1569.886 1570.527 1571.326 1572.651 1573.976 1575.301 1576.625 1578.126 1579.704 1581.281 1582.859 1584.446 1586.083 1587.721 1589.358 1590.995 1592.399 1593.662 1594.926 1596.189 1597.339 1597.307 1597.275 1597.243 1597.21 1596.669 1595.711 1594.753 1593.796 1592.819 1590.571 1588.323 1586.076 1583.828
