data/zism_data/00714_03_D.txt
ncols         224
nrows         224
[rows 168 to 195 of 224, columns 0 to 62 of 224]
1454.033 1454.234 1454.436 1454.638 1452.238 1449.799 1447.361 1444.923 1441.581 1437.064 1432.547 1428.031 1423.514 1416.507 1409.173 1401.84 1394.506 1384.554 1369.367 1354.18 1338.992 1323.805 1309.64 1295.758 1281.876 1267.994 1255.334 1246.721 1238.109 1229.496 1220.884 1212.656 1204.608 1196.561 1188.513 1180.274 1170.759 1161.245 1151.73 1142.215 1134.452 1127.958 1121.464 1114.97 1108.602 1106.429 1104.256 1102.084 1099.911 1099.465 1100.903 1102.341 1103.779 1105.217 1110.87 1116.853 1122.836 1128.819 1135.565 1143.571 1151.577 1159.584 1167.59
1442.537 1443.578 1444.619 1445.661 1443.798 1441.892 1439.987 1438.081 1435.429 1431.806 1428.183 1424.56 1420.937 1415.199 1409.184 1403.169 1397.154 1388.496 1374.552 1360.608 1346.664 1332.72 1318.918 1305.154 1291.391 1277.627 1264.967 1255.962 1246.956 1237.951 1228.945 1220.456 1212.21 1203.963 1195.716 1187.309 1177.832 1168.355 1158.878 1149.401 1141.129 1133.731 1126.333 1118.935 1111.672 1108.934 1106.196 1103.458 1100.72 1100.314 1102.452 1104.59 1106.727 1108.865 1116.227 1123.997 1131.766 1139.536 1147.783 1156.817 1165.852 1174.886 1183.921
1431.041 1432.922 1434.803 1436.684 1435.358 1433.985 1432.613 1431.24 1429.277 1426.548 1423.818 1421.089 1418.359 1413.891 1409.195 1404.498 1399.802 1392.438 1379.737 1367.036 1354.336 1341.635 1328.196 1314.551 1300.906 1287.26 1274.6 1265.202 1255.803 1246.405 1237.007 1228.257 1219.811 1211.365 1202.919 1194.344 1184.904 1175.465 1166.026 1156.587 1147.806 1139.504 1131.201 1122.899 1114.741 1111.438 1108.135 1104.833 1101.53 1101.163 1104.001 1106.838 1109.676 1112.513 1121.583 1131.14 1140.697 1150.254 1160.001 1170.063 1180.126 1190.188 1200.251
1416.71 1419.642 1422.574 1425.506 1425.008 1424.46 1423.912 1423.364 1422.252 1420.406 1418.559 1416.713 1414.867 1411.222 1407.342 1403.461 1399.58 1393.146 1381.605 1370.064 1358.522 1346.981 1333.997 1320.611 1307.225 1293.839 1281.353 1271.847 1262.341 1252.835 1243.328 1234.576 1226.175 1217.775 1209.375 1200.81 1191.147 1181.483 1171.82 1162.157 1152.681 1143.34 1133.999 1124.658 1115.488 1112.046 1108.604 1105.162 1101.72 1101.426 1104.568 1107.709 1110.85 1113.992 1123.77 1134.068 1144.365 1154.662 1165.107 1175.795 1186.483 1197.171 1207.859
1400.665 1404.775 1408.886 1412.997 1413.503 1413.956 1414.409 1414.862 1414.697 1413.728 1412.76 1411.791 1410.822 1407.731 1404.361 1400.992 1397.623 1391.899 1381.466 1371.034 1360.602 1350.169 1337.695 1324.654 1311.613 1298.571 1286.365 1276.923 1267.482 1258.04 1248.599 1239.998 1231.792 1223.585 1215.379 1206.932 1196.887 1186.841 1176.796 1166.751 1156.465 1146.004 1135.544 1125.084 1114.83 1111.507 1108.183 1104.859 1101.536 1101.335 1104.541 1107.747 1110.953 1114.158 1124.042 1134.447 1144.852 1155.256 1165.912 1176.982 1188.052 1199.122 1210.193
1384.62 1389.909 1395.199 1400.488 1401.998 1403.452 1404.906 1406.36 1407.142 1407.051 1406.96 1406.868 1406.777 1404.24 1401.381 1398.523 1395.665 1390.652 1381.328 1372.005 1362.681 1353.357 1341.394 1328.697 1316.0 1303.304 1291.377 1282.0 1272.623 1263.245 1253.869 1245.421 1237.408 1229.395 1221.382 1213.055 1202.627 1192.2 1181.772 1171.344 1160.249 1148.669 1137.089 1125.509 1114.172 1110.967 1107.762 1104.557 1101.351 1101.243 1104.514 1107.784 1111.055 1114.325 1124.313 1134.825 1145.338 1155.851 1166.717 1178.17 1189.622 1201.074 1212.526
1368.575 1375.043 1381.511 1387.979 1390.493 1392.948 1395.403 1397.858 1399.588 1400.374 1401.16 1401.946 1402.732 1400.748 1398.401 1396.054 1393.708 1389.405 1381.19 1372.975 1364.76 1356.545 1345.092 1332.74 1320.388 1308.036 1296.388 1287.076 1277.763 1268.451 1259.138 1250.843 1243.024 1235.205 1227.386 1219.177 1208.368 1197.558 1186.748 1175.938 1164.033 1151.334 1138.635 1125.935 1113.515 1110.428 1107.341 1104.254 1101.167 1101.151 1104.487 1107.822 1111.157 1114.492 1124.584 1135.204 1145.825 1156.445 1167.522 1179.357 1191.191 1203.026 1214.86
1352.057 1359.683 1367.308 1374.934 1378.499 1382.005 1385.51 1389.016 1391.689 1393.281 1394.873 1396.464 1398.056 1396.599 1394.743 1392.886 1391.029 1387.416 1380.29 1373.164 1366.037 1358.911 1348.035 1336.117 1324.199 1312.281 1300.988 1291.765 1282.541 1273.318 1264.094 1255.939 1248.285 1240.631 1232.977 1224.858 1213.639 1202.42 1191.202 1179.983 1167.312 1153.586 1139.861 1126.136 1112.723 1109.785 1106.846 1103.908 1100.969 1101.048 1104.417 1107.787 1111.157 1114.527 1124.687 1135.379 1146.07 1156.761 1168.011 1180.184 1192.357 1204.53 1216.703
1330.569 1339.131 1347.693 1356.256 1361.378 1366.45 1371.522 1376.593 1380.176 1381.821 1383.467 1385.112 1386.758 1385.545 1383.958 1382.37 1380.783 1377.641 1371.393 1365.144 1358.895 1352.646 1343.039 1332.499 1321.959 1311.419 1301.264 1292.385 1283.506 1274.627 1265.748 1257.608 1249.813 1242.019 1234.225 1225.895 1213.987 1202.079 1190.172 1178.264 1165.278 1151.51 1137.741 1123.973 1110.532 1108.057 1105.581 1103.105 1100.63 1100.816 1103.906 1106.995 1110.085 1113.175 1123.026 1133.405 1143.784 1154.164 1165.174 1177.229 1189.283 1201.338 1213.393
1309.081 1318.58 1328.079 1337.577 1344.257 1350.895 1357.533 1364.171 1368.662 1370.361 1372.061 1373.76 1375.46 1374.491 1373.173 1371.855 1370.536 1367.867 1362.495 1357.124 1351.752 1346.38 1338.042 1328.88 1319.718 1310.556 1301.54 1293.005 1284.471 1275.936 1267.402 1259.276 1251.342 1243.408 1235.474 1226.931 1214.335 1201.738 1189.142 1176.545 1163.244 1149.433 1135.622 1121.81 1108.341 1106.328 1104.316 1102.303 1100.29 1100.584 1103.394 1106.204 1109.014 1111.824 1121.365 1131.432 1141.499 1151.566 1162.337 1174.273 1186.209 1198.146 1210.082
1287.593 1298.028 1308.464 1318.899 1327.136 1335.34 1343.545 1351.749 1357.149 1358.902 1360.655 1362.408 1364.162 1363.437 1362.388 1361.339 1360.29 1358.092 1353.598 1349.103 1344.609 1340.115 1333.046 1325.262 1317.478 1309.694 1301.816 1293.626 1285.436 1277.245 1269.055 1260.944 1252.87 1244.796 1236.722 1227.968 1214.683 1201.397 1188.112 1174.826 1161.211 1147.356 1133.502 1119.648 1106.15 1104.6 1103.05 1101.5 1099.951 1100.352 1102.882 1105.412 1107.942 1110.472 1119.703 1129.458 1139.213 1148.968 1159.5 1171.318 1183.136 1194.953 1206.771
1266.105 1277.477 1288.849 1300.221 1310.015 1319.785 1329.556 1339.327 1345.635 1347.442 1349.249 1351.056 1352.864 1352.383 1351.603 1350.823 1350.043 1348.317 1344.7 1341.083 1337.466 1333.849 1328.05 1321.644 1315.238 1308.832 1302.092 1294.246 1286.401 1278.555 1270.709 1262.613 1254.399 1246.185 1237.971 1229.005 1215.031 1201.056 1187.082 1173.107 1159.177 1145.28 1131.382 1117.485 1103.959 1102.872 1101.785 1100.698 1099.611 1100.12 1102.37 1104.62 1106.87 1109.121 1118.042 1127.485 1136.927 1146.37 1156.663 1168.362 1180.062 1191.761 1203.461
1252.256 1263.4 1274.544 1285.687 1295.634 1305.563 1315.492 1325.421 1331.651 1333.073 1334.496 1335.918 1337.34 1337.428 1337.341 1337.254 1337.167 1336.1 1333.076 1330.052 1327.028 1324.004 1319.066 1313.596 1308.126 1302.656 1296.783 1289.572 1282.362 1275.151 1267.94 1260.298 1252.454 1244.61 1236.766 1228.102 1213.975 1199.848 1185.721 1171.594 1157.613 1143.738 1129.863 1115.987 1102.492 1101.72 1100.948 1100.175 1099.403 1100.131 1102.495 1104.86 1107.224 1109.589 1118.562 1128.051 1137.54 1147.029 1157.351 1169.051 1180.75 1192.45 1204.149
1244.64 1254.605 1264.57 1274.535 1283.488 1292.427 1301.366 1310.304 1315.652 1316.331 1317.011 1317.69 1318.37 1319.29 1320.242 1321.193 1322.145 1321.891 1319.228 1316.564 1313.901 1311.237 1306.828 1301.934 1297.041 1292.147 1286.918 1280.579 1274.24 1267.902 1261.563 1254.734 1247.676 1240.618 1233.559 1225.616 1211.775 1197.933 1184.091 1170.25 1156.432 1142.632 1128.832 1115.032 1101.616 1101.037 1100.459 1099.88 1099.302 1100.339 1103.14 1105.94 1108.741 1111.541 1120.86 1130.688 1140.517 1150.345 1160.915 1172.711 1184.508 1196.304 1208.1
1237.024 1245.81 1254.597 1263.383 1271.343 1279.291 1287.24 1295.188 1299.653 1299.589 1299.526 1299.463 1299.399 1301.152 1303.142 1305.133 1307.123 1307.682 1305.38 1303.077 1300.774 1298.471 1294.591 1290.273 1285.955 1281.637 1277.053 1271.586 1266.12 1260.653 1255.186 1249.17 1242.898 1236.625 1230.353 1223.13 1209.574 1196.018 1182.461 1168.905 1155.251 1141.526 1127.802 1114.077 1100.74 1100.355 1099.97 1099.585 1099.201 1100.548 1103.784 1107.021 1110.257 1113.494 1123.159 1133.326 1143.493 1153.661 1164.478 1176.372 1188.265 1200.158 1212.052
1229.408 1237.016 1244.623 1252.23 1259.198 1266.156 1273.113 1280.071 1283.653 1282.847 1282.041 1281.235 1280.429 1283.013 1286.043 1289.072 1292.101 1293.473 1291.531 1289.589 1287.646 1285.704 1282.353 1278.611 1274.87 1271.128 1267.188 1262.593 1257.998 1253.404 1248.809 1243.606 1238.12 1232.633 1227.147 1220.645 1207.374 1194.102 1180.831 1167.56 1154.07 1140.421 1126.772 1113.122 1099.864 1099.672 1099.482 1099.291 1099.1 1100.756 1104.429 1108.101 1111.774 1115.446 1125.457 1135.964 1146.47 1156.977 1168.042 1180.032 1192.022 1204.013 1216.003
1221.968 1228.379 1234.789 1241.2 1247.165 1253.123 1259.082 1265.04 1267.735 1266.188 1264.642 1263.095 1261.548 1264.95 1269.002 1273.053 1277.104 1279.274 1277.678 1276.083 1274.488 1272.893 1270.061 1266.887 1263.712 1260.537 1257.238 1253.525 1249.811 1246.098 1242.385 1237.999 1233.299 1228.598 1223.898 1218.117 1205.135 1192.152 1179.17 1166.188 1152.867 1139.303 1125.738 1112.173 1099.001 1099.002 1099.002 1099.002 1099.003 1100.965 1105.066 1109.167 1113.269 1117.37 1127.719 1138.556 1149.393 1160.23 1171.533 1183.607 1195.681 1207.755 1219.828
1226.493 1230.476 1234.459 1238.443 1242.781 1247.125 1251.469 1255.813 1257.338 1255.199 1253.06 1250.921 1248.782 1252.011 1255.944 1259.877 1263.81 1265.71 1263.544 1261.379 1259.213 1257.047 1254.067 1250.859 1247.652 1244.445 1241.478 1239.304 1237.13 1234.956 1232.782 1229.434 1225.535 1221.637 1217.738 1212.724 1200.269 1187.814 1175.359 1162.904 1150.205 1137.329 1124.453 1111.577 1099.075 1099.108 1099.141 1099.174 1099.207 1101.157 1105.199 1109.241 1113.283 1117.325 1127.455 1138.061 1148.667 1159.272 1170.121 1181.371 1192.621 1203.872 1215.122
1231.018 1232.574 1234.13 1235.686 1238.398 1241.127 1243.856 1246.585 1246.94 1244.209 1241.478 1238.747 1236.016 1239.072 1242.886 1246.701 1250.516 1252.146 1249.41 1246.674 1243.938 1241.201 1238.072 1234.832 1231.593 1228.354 1225.718 1225.084 1224.449 1223.815 1223.18 1220.869 1217.772 1214.675 1211.579 1207.33 1195.403 1183.476 1171.548 1159.621 1147.543 1135.356 1123.169 1110.982 1099.15 1099.215 1099.28 1099.345 1099.41 1101.349 1105.332 1109.315 1113.297 1117.28 1127.191 1137.566 1147.94 1158.314 1168.708 1179.135 1189.562 1199.989 1210.416
1235.543 1234.672 1233.8 1232.928 1234.014 1235.129 1236.243 1237.357 1236.542 1233.219 1229.896 1226.573 1223.25 1226.132 1229.829 1233.525 1237.221 1238.583 1235.276 1231.969 1228.662 1225.356 1222.077 1218.805 1215.533 1212.262 1209.959 1210.863 1211.768 1212.673 1213.578 1212.303 1210.009 1207.714 1205.419 1201.937 1190.537 1179.137 1167.738 1156.338 1144.881 1133.383 1121.885 1110.386 1099.224 1099.322 1099.419 1099.516 1099.614 1101.541 1105.465 1109.388 1113.312 1117.235 1126.928 1137.071 1147.213 1157.356 1167.296 1176.899 1186.502 1196.106 1205.709
1240.068 1236.769 1233.47 1230.171 1229.63 1229.13 1228.63 1228.13 1226.145 1222.23 1218.314 1214.399 1210.484 1213.193 1216.771 1220.349 1223.926 1225.019 1221.142 1217.265 1213.387 1209.51 1206.082 1202.778 1199.474 1196.17 1194.199 1196.643 1199.087 1201.531 1203.975 1203.738 1202.245 1200.753 1199.26 1196.544 1185.672 1174.799 1163.927 1153.054 1142.219 1131.409 1120.6 1109.791 1099.299 1099.428 1099.558 1099.688 1099.817 1101.733 1105.598 1109.462 1113.326 1117.191 1126.664 1136.575 1146.487 1156.398 1165.883 1174.663 1183.443 1192.223 1201.003
1247.04 1241.411 1235.783 1230.154 1227.854 1225.602 1223.351 1221.1 1217.909 1213.497 1209.085 1204.673 1200.261 1202.093 1204.744 1207.395 1210.046 1210.35 1205.958 1201.567 1197.176 1192.785 1189.385 1186.26 1183.134 1180.009 1178.326 1181.416 1184.506 1187.596 1190.686 1191.038 1190.108 1189.178 1188.248 1186.162 1176.374 1166.585 1156.796 1147.007 1137.353 1127.796 1118.24 1108.683 1099.416 1099.832 1100.249 1100.666 1101.083 1103.391 1107.762 1112.134 1116.506 1120.877 1130.242 1139.996 1149.751 1159.505 1168.513 1176.284 1184.055 1191.826 1199.597
1256.68 1248.829 1240.977 1233.126 1228.921 1224.769 1220.618 1216.466 1212.031 1207.226 1202.421 1197.616 1192.811 1192.999 1193.841 1194.684 1195.526 1194.474 1189.63 1184.787 1179.943 1175.1 1171.922 1169.206 1166.49 1163.774 1162.328 1165.09 1167.852 1170.614 1173.376 1173.828 1173.199 1172.571 1171.942 1170.339 1162.24 1154.142 1146.043 1137.944 1130.083 1122.394 1114.706 1107.017 1099.579 1100.561 1101.543 1102.525 1103.507 1106.648 1112.144 1117.641 1123.137 1128.634 1138.01 1147.689 1157.369 1167.048 1175.552 1182.112 1188.672 1195.232 1201.792
1266.321 1256.246 1246.172 1236.097 1229.987 1223.936 1217.884 1211.833 1206.153 1200.955 1195.757 1190.559 1185.361 1183.904 1182.938 1181.972 1181.006 1178.597 1173.302 1168.006 1162.711 1157.415 1154.459 1152.152 1149.845 1147.538 1146.33 1148.764 1151.198 1153.631 1156.065 1156.618 1156.29 1155.963 1155.636 1154.516 1148.107 1141.699 1135.29 1128.882 1122.814 1116.993 1111.171 1105.35 1099.742 1101.289 1102.836 1104.383 1105.931 1109.904 1116.526 1123.147 1129.769 1136.391 1145.778 1155.382 1164.986 1174.59 1182.59 1187.939 1193.288 1198.637 1203.986
1275.961 1263.664 1251.366 1239.069 1231.054 1223.103 1215.151 1207.2 1200.275 1194.684 1189.093 1183.502 1177.911 1174.81 1172.036 1169.261 1166.487 1162.721 1156.974 1151.226 1145.478 1139.731 1136.996 1135.098 1133.2 1131.302 1130.333 1132.438 1134.543 1136.649 1138.754 1139.407 1139.382 1139.356 1139.33 1138.692 1133.974 1129.256 1124.537 1119.819 1115.544 1111.591 1107.637 1103.683 1099.906 1102.018 1104.13 1106.242 1108.354 1113.161 1120.908 1128.654 1136.401 1144.147 1153.547 1163.075 1172.604 1182.132 1189.629 1193.767 1197.905 1202.043 1206.181
1285.602 1271.081 1256.56 1242.04 1232.121 1222.269 1212.418 1202.567 1194.397 1188.413 1182.429 1176.445 1170.461 1165.716 1161.133 1156.55 1151.967 1146.845 1140.645 1134.445 1128.246 1122.046 1119.533 1118.044 1116.555 1115.067 1114.335 1116.112 1117.889 1119.666 1121.443 1122.197 1122.473 1122.748 1123.024 1122.869 1119.841 1116.813 1113.785 1110.756 1108.275 1106.189 1104.103 1102.017 1100.069 1102.746 1105.424 1108.101 1110.778 1116.418 1125.29 1134.161 1143.032 1151.904 1161.315 1170.768 1180.221 1189.674 1196.668 1199.595 1202.522 1205.449 1208.376
1289.713 1275.033 1260.354 1245.674 1235.279 1224.947 1214.616 1204.284 1195.59 1189.026 1182.461 1175.897 1169.332 1163.768 1158.335 1152.902 1147.469 1141.829 1135.775 1129.722 1123.668 1117.614 1115.267 1113.949 1112.631 1111.313 1110.623 1112.016 1113.409 1114.802 1116.195 1116.797 1117.029 1117.261 1117.494 1117.393 1115.071 1112.75 1110.428 1108.106 1106.222 1104.655 1103.089 1101.521 1100.103 1103.644 1107.186 1110.727 1114.269 1120.624 1130.047 1139.471 1148.894 1158.318 1168.136 1177.986 1187.835 1197.684 1205.164 1208.726 1212.287 1215.849 1219.41
1293.485 1278.773 1264.06 1249.349 1238.566 1227.841 1217.117 1206.392 1197.219 1190.062 1182.906 1175.749 1168.593 1162.26 1156.036 1149.812 1143.587 1137.481 1131.61 1125.74 1119.869 1113.998 1111.813 1110.651 1109.489 1108.327 1107.668 1108.673 1109.678 1110.684 1111.689 1112.124 1112.291 1112.459 1112.626 1112.554 1110.878 1109.202 1107.527 1105.851 1104.491 1103.36 1102.229 1101.098 1100.128 1104.552 1108.977 1113.401 1117.825 1124.888 1134.828 1144.768 1154.708 1164.649 1174.899 1185.174 1195.448 1205.723 1213.75 1218.059 1222.369 1226.679 1230.988
