data/zism_data/00712_01_D.txt
ncols         224
nrows         224
[rows 56 to 83 of 224, columns 128 to 191 of 224]
1396.842 1397.865 1398.887 1399.664 1399.742 1399.821 1399.9 1399.978 1400.0 1400.0 1400.0 1400.0 1399.964 1399.775 1399.586 1399.397 1399.208 1397.834 1395.828 1393.822 1391.816 1389.517 1384.976 1380.436 1375.896 1371.356 1365.693 1359.217 1352.741 1346.265 1339.77 1332.874 1325.978 1319.082 1312.185 1306.782 1302.829 1298.877 1294.924 1290.971 1288.334 1285.735 1283.137 1280.539 1278.023 1275.613 1273.204 1270.795 1268.386 1266.495 1264.663 1262.831 1260.999 1259.901 1260.095 1260.289 1260.483 1260.678 1262.546 1264.766 1266.986 1269.207 1271.479 1273.878
1398.168 1398.787 1399.406 1399.871 1399.901 1399.931 1399.962 1399.992 1400.0 1400.0 1400.0 1400.0 1399.952 1399.698 1399.445 1399.191 1398.938 1397.225 1394.735 1392.245 1389.754 1387.036 1382.576 1378.117 1373.657 1369.198 1363.756 1357.603 1351.45 1345.297 1339.12 1332.428 1325.737 1319.045 1312.353 1307.015 1302.993 1298.97 1294.947 1290.925 1288.154 1285.421 1282.688 1279.956 1277.333 1274.854 1272.375 1269.895 1267.416 1265.407 1263.451 1261.495 1259.539 1258.368 1258.579 1258.789 1258.999 1259.21 1261.147 1263.448 1265.749 1268.05 1270.406 1272.897
1399.077 1399.414 1399.751 1400.0 1400.0 1400.0 1400.0 1400.0 1399.974 1399.937 1399.901 1399.864 1399.737 1399.218 1398.698 1398.179 1397.66 1395.471 1392.391 1389.311 1386.231 1382.998 1378.605 1374.212 1369.819 1365.426 1360.203 1354.376 1348.55 1342.724 1336.876 1330.564 1324.251 1317.938 1311.625 1306.493 1302.508 1298.523 1294.538 1290.552 1287.668 1284.817 1281.966 1279.115 1276.39 1273.828 1271.267 1268.706 1266.144 1264.05 1262.009 1259.968 1257.927 1256.724 1256.997 1257.27 1257.544 1257.817 1259.798 1262.14 1264.481 1266.822 1269.219 1271.755
1399.298 1399.554 1399.811 1400.0 1400.0 1400.0 1400.0 1400.0 1399.903 1399.77 1399.636 1399.503 1399.184 1398.068 1396.951 1395.835 1394.718 1391.823 1387.978 1384.134 1380.289 1376.386 1372.036 1367.686 1363.336 1358.987 1353.974 1348.482 1342.989 1337.497 1331.997 1326.352 1320.707 1315.061 1309.416 1304.722 1300.952 1297.182 1293.413 1289.643 1286.676 1283.733 1280.791 1277.848 1275.027 1272.363 1269.699 1267.036 1264.372 1262.248 1260.186 1258.123 1256.06 1254.894 1255.308 1255.721 1256.134 1256.547 1258.531 1260.845 1263.159 1265.474 1267.843 1270.346
1399.519 1399.695 1399.87 1400.0 1400.0 1400.0 1400.0 1400.0 1399.833 1399.603 1399.372 1399.142 1398.632 1396.918 1395.204 1393.49 1391.776 1388.174 1383.566 1378.957 1374.348 1369.774 1365.467 1361.161 1356.854 1352.547 1347.746 1342.587 1337.428 1332.27 1327.119 1322.141 1317.163 1312.185 1307.207 1302.951 1299.397 1295.842 1292.288 1288.733 1285.684 1282.65 1279.615 1276.581 1273.664 1270.898 1268.132 1265.366 1262.6 1260.447 1258.362 1256.278 1254.194 1253.065 1253.618 1254.171 1254.724 1255.277 1257.263 1259.551 1261.838 1264.125 1266.466 1268.937
1399.74 1399.835 1399.93 1400.0 1400.0 1400.0 1400.0 1400.0 1399.763 1399.436 1399.108 1398.781 1398.08 1395.769 1393.457 1391.146 1388.834 1384.526 1379.153 1373.78 1368.407 1363.162 1358.899 1354.635 1350.371 1346.107 1341.518 1336.693 1331.868 1327.043 1322.24 1317.929 1313.619 1309.308 1304.998 1301.18 1297.841 1294.502 1291.163 1287.823 1284.692 1281.566 1278.44 1275.314 1272.301 1269.432 1266.564 1263.696 1260.828 1258.645 1256.539 1254.433 1252.327 1251.236 1251.929 1252.622 1253.315 1254.008 1255.996 1258.256 1260.517 1262.777 1265.089 1267.528
1399.962 1399.976 1399.99 1400.0 1400.0 1400.0 1400.0 1400.0 1399.693 1399.269 1398.844 1398.42 1397.528 1394.619 1391.71 1388.801 1385.892 1380.878 1374.74 1368.603 1362.465 1356.55 1352.329 1348.109 1343.888 1339.667 1335.29 1330.798 1326.307 1321.815 1317.361 1313.718 1310.075 1306.432 1302.789 1299.409 1296.285 1293.161 1290.037 1286.914 1283.699 1280.482 1277.265 1274.047 1270.938 1267.967 1264.997 1262.026 1259.056 1256.843 1254.716 1252.588 1250.461 1249.406 1250.239 1251.072 1251.905 1252.738 1254.728 1256.962 1259.195 1261.429 1263.712 1266.119
1400.0 1400.0 1400.0 1399.986 1399.933 1399.879 1399.826 1399.773 1399.081 1398.146 1397.212 1396.277 1394.795 1390.955 1387.116 1383.276 1379.436 1374.005 1367.726 1361.447 1355.167 1349.111 1344.756 1340.4 1336.045 1331.689 1327.299 1322.883 1318.468 1314.052 1309.695 1306.621 1303.548 1300.474 1297.401 1294.476 1291.697 1288.917 1286.138 1283.358 1280.319 1277.273 1274.227 1271.18 1268.18 1265.241 1262.302 1259.363 1256.423 1254.318 1252.307 1250.296 1248.285 1247.315 1248.177 1249.038 1249.9 1250.762 1252.694 1254.852 1257.01 1259.167 1261.401 1263.819
1400.0 1400.0 1400.0 1399.969 1399.851 1399.733 1399.615 1399.497 1398.355 1396.823 1395.291 1393.759 1391.603 1386.762 1381.921 1377.08 1372.24 1366.454 1360.164 1353.874 1347.583 1341.498 1336.97 1332.442 1327.914 1323.387 1318.937 1314.542 1310.148 1305.754 1301.442 1298.917 1296.393 1293.868 1291.344 1288.878 1286.47 1284.062 1281.654 1279.245 1276.437 1273.617 1270.796 1267.976 1265.13 1262.25 1259.37 1256.49 1253.609 1251.641 1249.775 1247.909 1246.044 1245.168 1246.035 1246.902 1247.77 1248.637 1250.499 1252.571 1254.642 1256.714 1258.892 1261.332
1400.0 1400.0 1400.0 1399.952 1399.77 1399.587 1399.405 1399.222 1397.629 1395.499 1393.37 1391.24 1388.411 1382.569 1376.727 1370.885 1365.043 1358.902 1352.601 1346.301 1340.0 1333.885 1329.185 1324.485 1319.785 1315.085 1310.574 1306.202 1301.83 1297.457 1293.189 1291.213 1289.238 1287.262 1285.287 1283.28 1281.243 1279.207 1277.17 1275.133 1272.555 1269.961 1267.366 1264.772 1262.079 1259.258 1256.437 1253.617 1250.796 1248.964 1247.243 1245.523 1243.802 1243.022 1243.894 1244.767 1245.639 1246.512 1248.304 1250.289 1252.275 1254.26 1256.384 1258.845
1400.0 1400.0 1400.0 1399.936 1399.688 1399.441 1399.194 1398.947 1396.903 1394.176 1391.449 1388.722 1385.22 1378.376 1371.533 1364.69 1357.847 1351.351 1345.039 1338.728 1332.416 1326.271 1321.399 1316.527 1311.655 1306.782 1302.212 1297.861 1293.51 1289.159 1284.936 1283.509 1282.083 1280.656 1279.229 1277.682 1276.016 1274.351 1272.686 1271.02 1268.672 1266.304 1263.936 1261.568 1259.028 1256.267 1253.505 1250.743 1247.982 1246.286 1244.711 1243.136 1241.561 1240.875 1241.753 1242.631 1243.509 1244.387 1246.108 1248.008 1249.907 1251.807 1253.875 1256.358
1399.96 1399.938 1399.916 1399.77 1399.276 1398.782 1398.288 1397.794 1395.129 1391.639 1388.148 1384.658 1380.39 1372.774 1365.158 1357.542 1349.926 1343.19 1336.922 1330.655 1324.387 1318.25 1313.101 1307.953 1302.805 1297.657 1292.97 1288.619 1284.267 1279.915 1275.715 1274.84 1273.966 1273.091 1272.216 1271.15 1269.898 1268.645 1267.393 1266.14 1264.11 1262.057 1260.004 1257.95 1255.63 1252.963 1250.297 1247.63 1244.963 1243.427 1242.02 1240.613 1239.205 1238.631 1239.523 1240.415 1241.307 1242.199 1243.857 1245.677 1247.496 1249.315 1251.324 1253.799
1399.815 1399.712 1399.609 1399.214 1397.994 1396.773 1395.553 1394.332 1390.597 1385.906 1381.215 1376.525 1371.25 1363.462 1355.674 1347.886 1340.098 1333.424 1327.345 1321.266 1315.187 1309.152 1303.455 1297.757 1292.06 1286.363 1281.411 1277.001 1272.59 1268.179 1263.946 1263.631 1263.316 1263.002 1262.687 1262.161 1261.431 1260.701 1259.97 1259.24 1257.758 1256.254 1254.75 1253.245 1251.317 1248.839 1246.36 1243.882 1241.403 1240.09 1238.909 1237.727 1236.546 1236.13 1237.059 1237.989 1238.919 1239.849 1241.46 1243.215 1244.969 1246.724 1248.662 1251.051
1399.67 1399.486 1399.302 1398.659 1396.712 1394.764 1392.817 1390.87 1386.065 1380.174 1374.283 1368.392 1362.111 1354.151 1346.19 1338.23 1330.269 1323.659 1317.768 1311.877 1305.987 1300.055 1293.808 1287.562 1281.316 1275.07 1269.853 1265.383 1260.913 1256.443 1252.178 1252.423 1252.668 1252.913 1253.158 1253.173 1252.964 1252.756 1252.548 1252.34 1251.406 1250.451 1249.495 1248.54 1247.005 1244.714 1242.424 1240.134 1237.844 1236.753 1235.798 1234.843 1233.887 1233.629 1234.596 1235.563 1236.531 1237.499 1239.063 1240.753 1242.443 1244.133 1246.001 1248.303
1399.525 1399.26 1398.996 1398.103 1395.429 1392.755 1390.082 1387.408 1381.533 1374.442 1367.351 1360.259 1352.972 1344.839 1336.706 1328.574 1320.441 1313.894 1308.191 1302.489 1296.786 1290.957 1284.162 1277.367 1270.572 1263.776 1258.295 1253.766 1249.236 1244.707 1240.41 1241.214 1242.019 1242.824 1243.628 1244.184 1244.498 1244.812 1245.126 1245.44 1245.054 1244.648 1244.241 1243.835 1242.692 1240.59 1238.488 1236.386 1234.285 1233.416 1232.687 1231.958 1231.228 1231.127 1232.133 1233.138 1234.143 1235.148 1236.666 1238.291 1239.917 1241.542 1243.339 1245.555
1399.38 1399.035 1398.689 1397.547 1394.147 1390.747 1387.346 1383.946 1377.001 1368.709 1360.418 1352.126 1343.832 1335.527 1327.222 1318.917 1310.613 1304.128 1298.614 1293.1 1287.586 1281.86 1274.516 1267.171 1259.827 1252.483 1246.736 1242.148 1237.559 1232.971 1228.641 1230.006 1231.37 1232.734 1234.099 1235.195 1236.031 1236.867 1237.703 1238.539 1238.702 1238.845 1238.987 1239.13 1238.379 1236.465 1234.552 1232.639 1230.725 1230.079 1229.576 1229.073 1228.569 1228.626 1229.669 1230.712 1231.755 1232.798 1234.268 1235.829 1237.39 1238.951 1240.677 1242.807
1399.087 1398.599 1398.11 1396.622 1392.3 1387.978 1383.656 1379.334 1371.467 1362.251 1353.036 1343.821 1334.747 1326.282 1317.817 1309.351 1300.886 1294.27 1288.64 1283.01 1277.38 1271.582 1264.5 1257.418 1250.336 1243.254 1237.866 1233.706 1229.546 1225.386 1221.467 1222.845 1224.223 1225.601 1226.979 1228.171 1229.182 1230.193 1231.204 1232.215 1232.67 1233.108 1233.546 1233.984 1233.538 1231.941 1230.345 1228.749 1227.152 1226.728 1226.435 1226.142 1225.849 1226.034 1227.06 1228.086 1229.112 1230.138 1231.604 1233.163 1234.722 1236.28 1237.997 1240.099
1398.738 1398.083 1397.428 1395.556 1390.239 1384.921 1379.603 1374.286 1365.551 1355.517 1345.484 1335.451 1325.683 1317.062 1308.44 1299.819 1291.197 1284.376 1278.515 1272.654 1266.792 1260.856 1254.344 1247.833 1241.322 1234.81 1230.018 1226.471 1222.925 1219.378 1216.037 1217.222 1218.406 1219.591 1220.775 1221.893 1222.947 1224.001 1225.055 1226.109 1226.759 1227.396 1228.033 1228.671 1228.496 1227.266 1226.035 1224.805 1223.575 1223.371 1223.283 1223.194 1223.106 1223.408 1224.396 1225.385 1226.373 1227.361 1228.838 1230.419 1231.999 1233.579 1235.309 1237.406
1398.39 1397.568 1396.745 1394.491 1388.177 1381.864 1375.55 1369.237 1359.635 1348.784 1337.932 1327.081 1316.62 1307.842 1299.065 1290.287 1281.509 1274.483 1268.39 1262.297 1256.205 1250.13 1244.189 1238.248 1232.307 1226.366 1222.169 1219.236 1216.303 1213.371 1210.608 1211.599 1212.59 1213.58 1214.571 1215.615 1216.713 1217.81 1218.907 1220.004 1220.848 1221.684 1222.521 1223.357 1223.454 1222.59 1221.726 1220.861 1219.997 1220.014 1220.13 1220.247 1220.363 1220.782 1221.732 1222.683 1223.633 1224.584 1226.073 1227.674 1229.276 1230.878 1232.622 1234.714
1398.041 1397.052 1396.063 1393.425 1386.116 1378.807 1371.497 1364.188 1353.719 1342.049 1330.38 1318.71 1307.556 1298.622 1289.688 1280.755 1271.821 1264.589 1258.265 1251.941 1245.617 1239.403 1234.033 1228.663 1223.293 1217.922 1214.321 1212.001 1209.682 1207.363 1205.179 1205.976 1206.773 1207.57 1208.367 1209.338 1210.478 1211.618 1212.758 1213.898 1214.937 1215.973 1217.008 1218.044 1218.412 1217.914 1217.416 1216.918 1216.419 1216.657 1216.978 1217.299 1217.62 1218.155 1219.068 1219.981 1220.894 1221.807 1223.307 1224.93 1226.553 1228.177 1229.934 1232.021
1397.482 1396.236 1394.989 1391.913 1383.654 1375.395 1367.136 1358.877 1347.66 1335.32 1322.98 1310.64 1298.901 1289.749 1280.598 1271.446 1262.295 1254.92 1248.494 1242.068 1235.641 1229.413 1224.693 1219.972 1215.252 1210.532 1207.538 1205.795 1204.052 1202.308 1200.668 1201.28 1201.893 1202.505 1203.118 1203.993 1205.124 1206.255 1207.385 1208.516 1209.67 1210.824 1211.978 1213.133 1213.708 1213.531 1213.354 1213.176 1212.999 1213.417 1213.902 1214.388 1214.873 1215.496 1216.361 1217.226 1218.09 1218.955 1220.477 1222.137 1223.797 1225.456 1227.236 1229.309
1395.927 1393.991 1392.056 1388.28 1379.288 1370.297 1361.306 1352.315 1340.92 1328.613 1316.305 1303.997 1292.188 1282.525 1272.862 1263.199 1253.536 1246.318 1240.403 1234.488 1228.572 1222.915 1219.223 1215.531 1211.839 1208.147 1205.816 1204.471 1203.126 1201.781 1200.515 1200.988 1201.46 1201.933 1202.405 1203.081 1203.953 1204.826 1205.698 1206.57 1207.46 1208.351 1209.242 1210.132 1210.605 1210.536 1210.466 1210.396 1210.327 1210.732 1211.19 1211.648 1212.107 1212.677 1213.445 1214.213 1214.981 1215.749 1217.343 1219.11 1220.878 1222.645 1224.486 1226.505
1394.371 1391.747 1389.122 1384.646 1374.923 1365.2 1355.477 1345.753 1334.181 1321.905 1309.63 1297.354 1285.475 1275.301 1265.127 1254.952 1244.778 1237.715 1232.311 1226.908 1221.504 1216.418 1213.754 1211.09 1208.426 1205.762 1204.093 1203.147 1202.2 1201.254 1200.363 1200.695 1201.028 1201.36 1201.693 1202.168 1202.782 1203.396 1204.011 1204.625 1205.251 1205.878 1206.505 1207.132 1207.502 1207.541 1207.579 1207.617 1207.655 1208.046 1208.478 1208.909 1209.34 1209.859 1210.53 1211.201 1211.872 1212.543 1214.209 1216.084 1217.959 1219.834 1221.735 1223.701
1392.816 1389.502 1386.189 1381.013 1370.557 1360.102 1349.647 1339.192 1327.441 1315.198 1302.955 1290.712 1278.762 1268.077 1257.391 1246.706 1236.02 1229.113 1224.22 1219.328 1214.435 1209.92 1208.284 1206.649 1205.013 1203.377 1202.371 1201.823 1201.275 1200.726 1200.21 1200.403 1200.595 1200.788 1200.981 1201.256 1201.612 1201.968 1202.323 1202.679 1203.042 1203.405 1203.768 1204.131 1204.4 1204.545 1204.691 1204.837 1204.983 1205.361 1205.765 1206.17 1206.574 1207.04 1207.615 1208.189 1208.763 1209.337 1211.075 1213.058 1215.041 1217.023 1218.985 1220.897
1391.26 1387.258 1383.255 1377.379 1366.192 1355.005 1343.818 1332.63 1320.701 1308.491 1296.28 1284.069 1272.049 1260.852 1249.655 1238.458 1227.262 1220.51 1216.129 1211.748 1207.367 1203.423 1202.815 1202.207 1201.599 1200.991 1200.649 1200.499 1200.349 1200.199 1200.057 1200.11 1200.163 1200.216 1200.268 1200.344 1200.441 1200.538 1200.636 1200.733 1200.833 1200.932 1201.031 1201.131 1201.297 1201.55 1201.804 1202.057 1202.31 1202.675 1203.053 1203.43 1203.808 1204.222 1204.699 1205.177 1205.654 1206.131 1207.941 1210.032 1212.122 1214.212 1216.235 1218.093
1390.002 1385.552 1381.102 1374.809 1363.292 1351.776 1340.259 1328.742 1316.8 1304.695 1292.59 1280.485 1268.511 1257.102 1245.692 1234.283 1222.873 1216.311 1212.333 1208.356 1204.379 1200.841 1200.651 1200.461 1200.27 1200.08 1200.0 1200.0 1200.0 1200.0 1200.0 1200.0 1200.0 1200.0 1200.0 1200.0 1200.0 1200.0 1200.0 1200.0 1200.0 1200.0 1200.0 1200.0 1200.11 1200.364 1200.618 1200.871 1201.125 1201.436 1201.753 1202.07 1202.387 1202.727 1203.108 1203.488 1203.869 1204.249 1205.918 1207.857 1209.797 1211.737 1213.603 1215.289
1388.923 1384.172 1379.421 1372.882 1361.279 1349.677 1338.074 1326.471 1314.614 1302.66 1290.706 1278.751 1266.894 1255.452 1244.01 1232.568 1221.126 1214.774 1211.136 1207.498 1203.86 1200.627 1200.485 1200.343 1200.201 1200.06 1200.0 1200.0 1200.0 1200.0 1200.0 1200.0 1200.0 1200.0 1200.0 1200.0 1200.0 1200.0 1200.0 1200.0 1200.0 1200.0 1200.0 1200.0 1200.082 1200.271 1200.46 1200.649 1200.839 1201.07 1201.307 1201.543 1201.779 1202.033 1202.316 1202.6 1202.884 1203.167 1204.566 1206.198 1207.831 1209.464 1211.043 1212.487
1387.844 1382.792 1377.739 1370.955 1359.266 1347.578 1335.889 1324.2 1312.428 1300.625 1288.821 1277.018 1265.276 1253.802 1242.328 1230.854 1219.38 1213.237 1209.938 1206.639 1203.34 1200.413 1200.319 1200.226 1200.133 1200.039 1200.0 1200.0 1200.0 1200.0 1200.0 1200.0 1200.0 1200.0 1200.0 1200.0 1200.0 1200.0 1200.0 1200.0 1200.0 1200.0 1200.0 1200.0 1200.054 1200.179 1200.303 1200.428 1200.552 1200.705 1200.86 1201.016 1201.172 1201.338 1201.525 1201.712 1201.899 1202.085 1203.213 1204.54 1205.866 1207.192 1208.482 1209.684
