data/zism_data/00719_01_D.txt
ncols         224
nrows         224
[rows 0 to 29 of 224, columns 134 to 200 of 224]
1506.383 1507.027 1507.417 1507.711 1508.005 1508.299 1508.605 1508.964 1509.324 1509.683 1510.043 1510.461 1510.909 1511.358 1511.807 1512.252 1512.668 1513.084 1513.5 1513.916 1514.276 1514.595 1514.914 1515.232 1515.566 1516.228 1516.891 1517.553 1518.215 1519.021 1519.967 1520.913 1521.858 1522.804 1523.941 1525.084 1526.227 1527.37 1528.503 1529.622 1530.74 1531.859 1532.978 1534.082 1535.184 1536.286 1537.388 1538.526 1539.725 1540.925 1542.125 1543.324 1545.007 1546.792 1548.577 1550.361 1552.366 1554.911 1557.456 1560.001 1562.545 1565.03 1567.495 1569.96 1572.426 1574.804 1576.868
1505.506 1506.091 1506.465 1506.759 1507.052 1507.346 1507.655 1508.025 1508.395 1508.765 1509.136 1509.55 1509.988 1510.426 1510.864 1511.298 1511.698 1512.098 1512.498 1512.898 1513.26 1513.595 1513.93 1514.265 1514.616 1515.327 1516.037 1516.748 1517.459 1518.253 1519.129 1520.005 1520.88 1521.756 1522.886 1524.024 1525.161 1526.299 1527.433 1528.563 1529.692 1530.822 1531.951 1533.056 1534.158 1535.261 1536.363 1537.489 1538.656 1539.823 1540.991 1542.158 1543.689 1545.296 1546.903 1548.51 1550.351 1552.766 1555.182 1557.598 1560.013 1562.438 1564.865 1567.293 1569.72 1572.056 1574.061
1504.629 1505.155 1505.512 1505.806 1506.1 1506.394 1506.704 1507.085 1507.466 1507.847 1508.228 1508.64 1509.067 1509.494 1509.922 1510.344 1510.728 1511.111 1511.495 1511.879 1512.244 1512.595 1512.946 1513.297 1513.666 1514.425 1515.184 1515.943 1516.702 1517.485 1518.291 1519.097 1519.902 1520.708 1521.831 1522.963 1524.095 1525.228 1526.363 1527.504 1528.644 1529.784 1530.925 1532.031 1533.133 1534.235 1535.337 1536.451 1537.586 1538.722 1539.857 1540.992 1542.37 1543.799 1545.229 1546.658 1548.336 1550.622 1552.909 1555.195 1557.481 1559.846 1562.236 1564.625 1567.015 1569.308 1571.255
1503.752 1504.219 1504.56 1504.854 1505.148 1505.442 1505.754 1506.146 1506.538 1506.929 1507.321 1507.729 1508.146 1508.562 1508.979 1509.39 1509.757 1510.125 1510.493 1510.86 1511.228 1511.595 1511.962 1512.329 1512.716 1513.523 1514.331 1515.138 1515.946 1516.717 1517.453 1518.189 1518.925 1519.66 1520.776 1521.903 1523.03 1524.156 1525.294 1526.445 1527.596 1528.747 1529.898 1531.005 1532.107 1533.209 1534.312 1535.414 1536.517 1537.62 1538.722 1539.825 1541.051 1542.303 1543.554 1544.806 1546.32 1548.478 1550.635 1552.792 1554.949 1557.254 1559.606 1561.958 1564.31 1566.561 1568.448
1502.93 1503.294 1503.619 1503.929 1504.239 1504.549 1504.873 1505.26 1505.646 1506.033 1506.42 1506.819 1507.224 1507.63 1508.036 1508.437 1508.805 1509.172 1509.54 1509.907 1510.284 1510.667 1511.05 1511.434 1511.835 1512.627 1513.42 1514.212 1515.004 1515.792 1516.574 1517.357 1518.139 1518.922 1519.956 1520.998 1522.04 1523.082 1524.174 1525.33 1526.487 1527.643 1528.8 1529.907 1531.01 1532.112 1533.214 1534.334 1535.484 1536.634 1537.784 1538.934 1540.139 1541.357 1542.574 1543.791 1545.215 1547.142 1549.069 1550.996 1552.924 1554.979 1557.076 1559.173 1561.27 1563.312 1565.155
1502.108 1502.37 1502.679 1503.005 1503.331 1503.657 1503.993 1504.374 1504.756 1505.137 1505.518 1505.908 1506.303 1506.698 1507.093 1507.485 1507.853 1508.22 1508.587 1508.955 1509.341 1509.74 1510.14 1510.539 1510.955 1511.731 1512.508 1513.284 1514.06 1514.864 1515.695 1516.526 1517.357 1518.188 1519.14 1520.096 1521.052 1522.008 1523.053 1524.215 1525.377 1526.539 1527.701 1528.809 1529.911 1531.013 1532.115 1533.253 1534.451 1535.649 1536.848 1538.046 1539.234 1540.419 1541.604 1542.789 1544.122 1545.818 1547.514 1549.21 1550.906 1552.709 1554.548 1556.386 1558.225 1560.055 1561.855
1501.286 1501.446 1501.738 1502.08 1502.423 1502.765 1503.113 1503.489 1503.865 1504.241 1504.617 1504.998 1505.382 1505.766 1506.151 1506.533 1506.9 1507.268 1507.635 1508.003 1508.398 1508.814 1509.229 1509.645 1510.076 1510.836 1511.596 1512.356 1513.116 1513.937 1514.816 1515.695 1516.575 1517.454 1518.324 1519.194 1520.063 1520.933 1521.932 1523.099 1524.267 1525.434 1526.601 1527.71 1528.812 1529.915 1531.017 1532.171 1533.418 1534.665 1535.912 1537.159 1538.328 1539.481 1540.634 1541.786 1543.03 1544.494 1545.958 1547.423 1548.887 1550.439 1552.019 1553.599 1555.18 1556.798 1558.556
1500.464 1500.522 1500.798 1501.156 1501.514 1501.873 1502.233 1502.604 1502.974 1503.345 1503.715 1504.088 1504.461 1504.835 1505.208 1505.581 1505.948 1506.316 1506.683 1507.05 1507.455 1507.887 1508.319 1508.75 1509.196 1509.94 1510.684 1511.428 1512.172 1513.009 1513.937 1514.865 1515.792 1516.72 1517.508 1518.292 1519.075 1519.859 1520.811 1521.984 1523.157 1524.329 1525.502 1526.611 1527.714 1528.816 1529.918 1531.09 1532.386 1533.681 1534.976 1536.272 1537.422 1538.543 1539.663 1540.784 1541.937 1543.17 1544.403 1545.636 1546.869 1548.169 1549.491 1550.813 1552.135 1553.542 1555.256
1500.0 1500.0 1500.241 1500.573 1500.905 1501.238 1501.572 1501.913 1502.255 1502.597 1502.938 1503.282 1503.626 1503.97 1504.314 1504.66 1505.02 1505.38 1505.741 1506.101 1506.505 1506.942 1507.378 1507.814 1508.263 1508.989 1509.714 1510.439 1511.165 1512.014 1512.983 1513.953 1514.922 1515.891 1516.658 1517.418 1518.179 1518.94 1519.876 1521.04 1522.204 1523.368 1524.532 1525.651 1526.765 1527.878 1528.992 1530.18 1531.498 1532.816 1534.134 1535.452 1536.592 1537.694 1538.797 1539.899 1540.997 1542.085 1543.173 1544.261 1545.35 1546.458 1547.573 1548.688 1549.803 1551.021 1552.61
1500.0 1500.0 1500.182 1500.434 1500.685 1500.937 1501.194 1501.477 1501.759 1502.042 1502.324 1502.612 1502.902 1503.192 1503.482 1503.779 1504.123 1504.467 1504.812 1505.156 1505.547 1505.973 1506.398 1506.823 1507.261 1507.965 1508.669 1509.373 1510.077 1510.932 1511.933 1512.935 1513.936 1514.938 1515.763 1516.583 1517.403 1518.223 1519.18 1520.317 1521.454 1522.592 1523.729 1524.869 1526.01 1527.151 1528.292 1529.493 1530.8 1532.107 1533.415 1534.722 1535.86 1536.962 1538.064 1539.166 1540.255 1541.311 1542.367 1543.423 1544.479 1545.474 1546.448 1547.423 1548.398 1549.457 1550.815
1500.0 1500.0 1500.124 1500.295 1500.465 1500.636 1500.817 1501.04 1501.264 1501.487 1501.71 1501.942 1502.178 1502.415 1502.651 1502.898 1503.226 1503.554 1503.882 1504.21 1504.589 1505.003 1505.418 1505.833 1506.259 1506.941 1507.624 1508.306 1508.989 1509.849 1510.883 1511.917 1512.951 1513.985 1514.868 1515.747 1516.626 1517.505 1518.485 1519.595 1520.705 1521.815 1522.926 1524.088 1525.255 1526.423 1527.591 1528.805 1530.102 1531.398 1532.695 1533.991 1535.127 1536.229 1537.332 1538.434 1539.513 1540.537 1541.56 1542.584 1543.608 1544.489 1545.324 1546.159 1546.994 1547.893 1549.019
1500.0 1500.0 1500.065 1500.155 1500.245 1500.336 1500.44 1500.604 1500.768 1500.932 1501.096 1501.272 1501.454 1501.637 1501.82 1502.017 1502.329 1502.641 1502.953 1503.265 1503.63 1504.034 1504.438 1504.842 1505.257 1505.918 1506.579 1507.24 1507.901 1508.767 1509.833 1510.899 1511.966 1513.032 1513.974 1514.912 1515.85 1516.788 1517.79 1518.873 1519.956 1521.039 1522.123 1523.306 1524.501 1525.695 1526.89 1528.118 1529.403 1530.689 1531.975 1533.261 1534.395 1535.497 1536.599 1537.701 1538.771 1539.763 1540.754 1541.745 1542.737 1543.505 1544.2 1544.895 1545.59 1546.328 1547.224
1500.0 1500.0 1500.007 1500.016 1500.026 1500.035 1500.062 1500.167 1500.272 1500.377 1500.482 1500.602 1500.731 1500.859 1500.988 1501.136 1501.432 1501.728 1502.024 1502.319 1502.672 1503.065 1503.458 1503.851 1504.255 1504.894 1505.534 1506.173 1506.813 1507.685 1508.783 1509.882 1510.98 1512.078 1513.079 1514.076 1515.074 1516.071 1517.094 1518.151 1519.207 1520.263 1521.32 1522.524 1523.746 1524.968 1526.189 1527.43 1528.705 1529.98 1531.255 1532.53 1533.662 1534.765 1535.867 1536.969 1538.03 1538.989 1539.948 1540.907 1541.866 1542.52 1543.075 1543.63 1544.186 1544.764 1545.428
1500.0 1500.0 1500.0 1500.0 1500.0 1500.0 1500.015 1500.094 1500.173 1500.252 1500.331 1500.422 1500.521 1500.62 1500.719 1500.833 1501.07 1501.307 1501.544 1501.781 1502.085 1502.439 1502.793 1503.147 1503.511 1504.115 1504.719 1505.322 1505.926 1506.785 1507.891 1508.998 1510.105 1511.212 1512.247 1513.28 1514.313 1515.346 1516.392 1517.455 1518.517 1519.58 1520.643 1521.842 1523.058 1524.273 1525.488 1526.711 1527.946 1529.182 1530.418 1531.653 1532.759 1533.838 1534.916 1535.994 1537.037 1537.992 1538.948 1539.903 1540.858 1541.503 1542.047 1542.59 1543.134 1543.691 1544.294
1500.0 1500.0 1500.0 1500.0 1500.0 1500.0 1500.011 1500.068 1500.126 1500.183 1500.24 1500.307 1500.379 1500.451 1500.523 1500.606 1500.778 1500.95 1501.123 1501.295 1501.547 1501.858 1502.169 1502.48 1502.802 1503.368 1503.933 1504.499 1505.065 1505.908 1507.021 1508.133 1509.245 1510.358 1511.424 1512.489 1513.554 1514.62 1515.688 1516.762 1517.835 1518.909 1519.982 1521.173 1522.378 1523.582 1524.787 1525.987 1527.18 1528.372 1529.565 1530.757 1531.833 1532.885 1533.936 1534.988 1536.011 1536.967 1537.922 1538.877 1539.833 1540.482 1541.031 1541.58 1542.129 1542.682 1543.247
1500.0 1500.0 1500.0 1500.0 1500.0 1500.0 1500.007 1500.043 1500.078 1500.114 1500.15 1500.192 1500.237 1500.282 1500.327 1500.379 1500.486 1500.594 1500.702 1500.809 1501.01 1501.277 1501.545 1501.813 1502.092 1502.62 1503.148 1503.677 1504.205 1505.032 1506.15 1507.267 1508.385 1509.503 1510.601 1511.698 1512.796 1513.893 1514.985 1516.069 1517.153 1518.238 1519.322 1520.505 1521.698 1522.892 1524.086 1525.263 1526.413 1527.562 1528.712 1529.861 1530.908 1531.932 1532.957 1533.981 1534.986 1535.941 1536.896 1537.852 1538.807 1539.46 1540.015 1540.569 1541.124 1541.672 1542.2
1500.0 1500.0 1500.0 1500.0 1500.0 1500.0 1500.003 1500.017 1500.031 1500.046 1500.06 1500.077 1500.095 1500.113 1500.131 1500.151 1500.195 1500.238 1500.281 1500.324 1500.472 1500.697 1500.921 1501.146 1501.382 1501.873 1502.363 1502.854 1503.344 1504.156 1505.279 1506.402 1507.525 1508.648 1509.778 1510.907 1512.037 1513.167 1514.282 1515.377 1516.472 1517.567 1518.662 1519.836 1521.019 1522.201 1523.384 1524.54 1525.646 1526.753 1527.859 1528.966 1529.982 1530.98 1531.977 1532.975 1533.96 1534.916 1535.871 1536.826 1537.781 1538.439 1538.999 1539.558 1540.118 1540.663 1541.153
1500.0 1500.0 1500.0 1500.0 1500.0 1500.0 1500.0 1500.0 1500.0 1500.0 1500.0 1500.0 1500.0 1500.0 1500.0 1500.0 1500.0 1500.0 1500.0 1500.0 1500.105 1500.287 1500.469 1500.65 1500.843 1501.274 1501.705 1502.136 1502.568 1503.351 1504.476 1505.601 1506.725 1507.85 1509.013 1510.177 1511.341 1512.505 1513.642 1514.744 1515.846 1516.948 1518.051 1519.204 1520.364 1521.523 1522.683 1523.812 1524.886 1525.96 1527.034 1528.108 1529.099 1530.071 1531.044 1532.016 1532.982 1533.932 1534.882 1535.832 1536.782 1537.442 1538.007 1538.572 1539.137 1539.678 1540.131
1500.0 1500.0 1500.0 1500.0 1500.0 1500.0 1500.0 1500.0 1500.0 1500.0 1500.0 1500.0 1500.0 1500.0 1500.0 1500.0 1500.0 1500.0 1500.0 1500.0 1500.08 1500.219 1500.357 1500.496 1500.643 1500.972 1501.301 1501.63 1501.959 1502.689 1503.808 1504.928 1506.047 1507.167 1508.366 1509.568 1510.769 1511.971 1513.129 1514.231 1515.333 1516.436 1517.538 1518.648 1519.759 1520.87 1521.981 1523.075 1524.139 1525.202 1526.266 1527.329 1528.3 1529.251 1530.202 1531.153 1532.099 1533.032 1533.966 1534.9 1535.833 1536.494 1537.064 1537.635 1538.205 1538.742 1539.157
1500.0 1500.0 1500.0 1500.0 1500.0 1500.0 1500.0 1500.0 1500.0 1500.0 1500.0 1500.0 1500.0 1500.0 1500.0 1500.0 1500.0 1500.0 1500.0 1500.0 1500.055 1500.151 1500.246 1500.342 1500.443 1500.67 1500.896 1501.123 1501.35 1502.027 1503.141 1504.255 1505.369 1506.483 1507.719 1508.958 1510.197 1511.437 1512.616 1513.719 1514.821 1515.923 1517.025 1518.092 1519.154 1520.217 1521.28 1522.339 1523.391 1524.444 1525.497 1526.55 1527.5 1528.43 1529.359 1530.289 1531.215 1532.132 1533.05 1533.968 1534.885 1535.545 1536.121 1536.697 1537.273 1537.806 1538.184
1500.0 1500.0 1500.0 1500.0 1500.0 1500.0 1500.0 1500.0 1500.0 1500.0 1500.0 1500.0 1500.0 1500.0 1500.0 1500.0 1500.0 1500.0 1500.0 1500.0 1500.03 1500.083 1500.135 1500.188 1500.243 1500.368 1500.492 1500.617 1500.741 1501.365 1502.474 1503.582 1504.691 1505.8 1507.072 1508.349 1509.626 1510.903 1512.104 1513.206 1514.308 1515.41 1516.512 1517.536 1518.55 1519.564 1520.578 1521.602 1522.644 1523.686 1524.728 1525.77 1526.701 1527.609 1528.517 1529.425 1530.331 1531.233 1532.134 1533.036 1533.937 1534.597 1535.179 1535.76 1536.341 1536.87 1537.21
1500.0 1500.0 1500.0 1500.0 1500.0 1500.0 1500.0 1500.0 1500.0 1500.0 1500.0 1500.0 1500.0 1500.0 1500.0 1500.0 1500.0 1500.0 1500.0 1500.0 1500.005 1500.015 1500.024 1500.033 1500.043 1500.066 1500.088 1500.11 1500.132 1500.703 1501.806 1502.91 1504.013 1505.116 1506.425 1507.74 1509.054 1510.369 1511.591 1512.693 1513.795 1514.897 1516.0 1516.979 1517.945 1518.911 1519.877 1520.866 1521.897 1522.928 1523.959 1524.991 1525.902 1526.789 1527.675 1528.562 1529.448 1530.333 1531.218 1532.104 1532.989 1533.649 1534.236 1534.823 1535.409 1535.934 1536.236
1500.0 1500.0 1500.0 1500.0 1500.0 1500.0 1500.0 1500.0 1500.0 1500.0 1500.0 1500.0 1500.0 1500.0 1500.0 1500.0 1500.0 1500.0 1500.0 1500.0 1500.0 1500.0 1500.0 1500.0 1500.0 1500.0 1500.0 1500.0 1500.0 1500.512 1501.522 1502.531 1503.541 1504.55 1505.831 1507.12 1508.409 1509.698 1510.906 1512.008 1513.11 1514.213 1515.315 1516.285 1517.24 1518.196 1519.151 1520.116 1521.098 1522.081 1523.063 1524.046 1524.963 1525.865 1526.768 1527.671 1528.568 1529.449 1530.331 1531.213 1532.095 1532.745 1533.321 1533.896 1534.471 1534.98 1535.249
1500.0 1500.0 1500.0 1500.0 1500.0 1500.0 1500.0 1500.0 1500.0 1500.0 1500.0 1500.0 1500.0 1500.0 1500.0 1500.0 1500.0 1500.0 1500.0 1500.0 1500.0 1500.0 1500.0 1500.0 1500.0 1500.0 1500.0 1500.0 1500.0 1500.452 1501.343 1502.234 1503.125 1504.017 1505.252 1506.498 1507.744 1508.99 1510.174 1511.276 1512.378 1513.48 1514.583 1515.553 1516.508 1517.463 1518.418 1519.362 1520.285 1521.209 1522.132 1523.055 1523.984 1524.913 1525.843 1526.773 1527.689 1528.571 1529.452 1530.334 1531.216 1531.854 1532.414 1532.973 1533.532 1534.021 1534.257
1500.0 1500.0 1500.0 1500.0 1500.0 1500.0 1500.0 1500.0 1500.0 1500.0 1500.0 1500.0 1500.0 1500.0 1500.0 1500.0 1500.0 1500.0 1500.0 1500.0 1500.0 1500.0 1500.0 1500.0 1500.0 1500.0 1500.0 1500.0 1500.0 1500.392 1501.165 1501.937 1502.71 1503.483 1504.673 1505.876 1507.079 1508.282 1509.441 1510.543 1511.646 1512.748 1513.85 1514.82 1515.775 1516.731 1517.686 1518.608 1519.472 1520.336 1521.2 1522.064 1523.005 1523.962 1524.918 1525.875 1526.81 1527.692 1528.573 1529.455 1530.337 1530.963 1531.506 1532.049 1532.592 1533.062 1533.266
1500.0 1500.0 1500.0 1500.0 1500.0 1500.0 1500.0 1500.0 1500.0 1500.0 1500.0 1500.0 1500.0 1500.0 1500.0 1500.0 1500.0 1500.0 1500.0 1500.0 1500.0 1500.0 1500.0 1500.0 1500.0 1500.0 1500.0 1500.0 1500.0 1500.332 1500.986 1501.641 1502.295 1502.949 1504.094 1505.254 1506.414 1507.574 1508.709 1509.811 1510.913 1512.015 1513.118 1514.088 1515.043 1515.998 1516.953 1517.854 1518.659 1519.464 1520.269 1521.074 1522.026 1523.01 1523.993 1524.977 1525.931 1526.813 1527.694 1528.576 1529.458 1530.072 1530.599 1531.126 1531.653 1532.102 1532.274
1500.0 1500.0 1500.0 1500.0 1500.0 1500.0 1500.0 1500.0 1500.0 1500.0 1500.0 1500.0 1500.0 1500.0 1500.0 1500.0 1500.0 1500.0 1500.0 1500.0 1500.0 1500.0 1500.0 1500.0 1500.0 1500.0 1500.0 1500.0 1500.0 1500.274 1500.813 1501.353 1501.893 1502.432 1503.52 1504.625 1505.729 1506.833 1507.934 1509.03 1510.126 1511.222 1512.318 1513.294 1514.257 1515.219 1516.182 1517.074 1517.839 1518.605 1519.37 1520.136 1521.087 1522.078 1523.068 1524.059 1525.02 1525.909 1526.799 1527.688 1528.577 1529.181 1529.692 1530.202 1530.713 1531.143 1531.282
1500.0 1500.0 1500.0 1500.0 1500.0 1500.0 1500.0 1500.0 1500.0 1500.0 1500.0 1500.0 1500.0 1500.0 1500.0 1500.0 1500.0 1500.0 1500.0 1500.0 1500.0 1500.0 1500.0 1500.0 1500.0 1500.0 1500.0 1500.0 1500.0 1500.222 1500.659 1501.097 1501.534 1501.971 1502.962 1503.97 1504.977 1505.985 1507.019 1508.088 1509.157 1510.226 1511.295 1512.297 1513.293 1514.288 1515.283 1516.204 1516.997 1517.789 1518.582 1519.374 1520.281 1521.213 1522.144 1523.075 1524.004 1524.925 1525.847 1526.769 1527.69 1528.29 1528.784 1529.279 1529.773 1530.184 1530.291
1500.0 1500.0 1500.0 1500.0 1500.0 1500.0 1500.0 1500.0 1500.0 1500.0 1500.0 1500.0 1500.0 1500.0 1500.0 1500.0 1500.0 1500.0 1500.0 1500.0 1500.0 1500.0 1500.0 1500.0 1500.0 1500.0 1500.0 1500.0 1500.0 1500.17 1500.505 1500.84 1501.175 1501.51 1502.404 1503.315 1504.225 1505.136 1506.104 1507.146 1508.188 1509.23 1510.272 1511.301 1512.328 1513.356 1514.383 1515.335 1516.154 1516.974 1517.793 1518.613 1519.476 1520.348 1521.22 1522.092 1522.988 1523.942 1524.895 1525.849 1526.803 1527.399 1527.877 1528.355 1528.834 1529.224 1529.299
1500.0 1500.0 1500.0 1500.0 1500.0 1500.0 1500.0 1500.0 1500.0 1500.0 1500.0 1500.0 1500.0 1500.0 1500.0 1500.0 1500.0 1500.0 1500.0 1500.0 1500.0 1500.0 1500.0 1500.0 1500.0 1500.0 1500.0 1500.0 1500.0 1500.118 1500.351 1500.584 1500.817 1501.049 1501.846 1502.66 1503.474 1504.287 1505.189 1506.204 1507.219 1508.234 1509.249 1510.304 1511.364 1512.424 1513.483 1514.466 1515.312 1516.158 1517.005 1517.851 1518.67 1519.483 1520.296 1521.109 1521.972 1522.958 1523.944 1524.93 1525.916 1526.507 1526.97 1527.432 1527.894 1528.265 1528.308
