data/zism_data/00712_02_D.txt
ncols         224
nrows         224
[rows 84 to 111 of 224, columns 0 to 62 of 224]
1293.366 1295.437 1297.508 1299.061 1300.015 1300.969 1301.923 1302.877 1303.938 1305.007 1306.076 1307.145 1308.527 1310.394 1312.261 1314.128 1315.995 1317.798 1319.59 1321.382 1323.174 1324.901 1326.488 1328.074 1329.661 1331.247 1332.848 1334.453 1336.058 1337.662 1339.162 1340.339 1341.517 1342.694 1343.872 1345.113 1346.38 1347.647 1348.915 1350.044 1350.518 1350.992 1351.466 1351.94 1352.348 1352.718 1353.089 1353.459 1353.788 1353.75 1353.71 1353.672 1353.632 1352.999 1351.909 1350.818 1349.728 1348.648 1347.898 1347.148 1346.398 1345.648 1344.778
1292.745 1295.125 1297.505 1299.255 1300.276 1301.297 1302.319 1303.34 1304.343 1305.345 1306.346 1307.348 1308.679 1310.524 1312.369 1314.214 1316.059 1317.903 1319.746 1321.59 1323.434 1325.207 1326.828 1328.448 1330.069 1331.69 1333.389 1335.109 1336.828 1338.548 1340.179 1341.536 1342.894 1344.251 1345.609 1346.962 1348.313 1349.665 1351.016 1352.227 1352.774 1353.32 1353.866 1354.412 1354.913 1355.387 1355.861 1356.335 1356.755 1356.706 1356.656 1356.606 1356.556 1355.857 1354.659 1353.46 1352.261 1351.076 1350.34 1349.603 1348.867 1348.13 1347.257
1292.643 1295.082 1297.522 1299.256 1300.175 1301.094 1302.014 1302.933 1303.893 1304.857 1305.821 1306.785 1308.136 1310.088 1312.04 1313.993 1315.945 1317.883 1319.818 1321.754 1323.689 1325.543 1327.223 1328.903 1330.583 1332.263 1334.034 1335.829 1337.624 1339.42 1341.141 1342.639 1344.136 1345.634 1347.131 1348.567 1349.977 1351.388 1352.798 1354.077 1354.725 1355.374 1356.022 1356.671 1357.283 1357.876 1358.468 1359.061 1359.587 1359.526 1359.466 1359.405 1359.345 1358.653 1357.476 1356.299 1355.122 1353.957 1353.199 1352.441 1351.683 1350.925 1349.977
1292.542 1295.04 1297.539 1299.258 1300.074 1300.891 1301.708 1302.525 1303.443 1304.369 1305.296 1306.222 1307.592 1309.652 1311.712 1313.772 1315.832 1317.864 1319.891 1321.917 1323.944 1325.879 1327.619 1329.358 1331.097 1332.836 1334.678 1336.549 1338.42 1340.291 1342.104 1343.741 1345.378 1347.016 1348.653 1350.171 1351.641 1353.111 1354.581 1355.926 1356.676 1357.427 1358.178 1358.929 1359.654 1360.365 1361.076 1361.787 1362.418 1362.347 1362.276 1362.204 1362.133 1361.449 1360.293 1359.138 1357.982 1356.837 1356.058 1355.278 1354.499 1353.719 1352.697
1292.44 1294.998 1297.556 1299.259 1299.974 1300.688 1301.403 1302.117 1302.993 1303.882 1304.77 1305.659 1307.048 1309.216 1311.383 1313.551 1315.719 1317.844 1319.963 1322.081 1324.199 1326.216 1328.014 1329.813 1331.611 1333.41 1335.323 1337.27 1339.216 1341.162 1343.066 1344.843 1346.621 1348.398 1350.175 1351.776 1353.305 1354.834 1356.363 1357.775 1358.628 1359.481 1360.334 1361.187 1362.025 1362.854 1363.683 1364.513 1365.249 1365.167 1365.085 1365.003 1364.921 1364.244 1363.11 1361.976 1360.842 1359.718 1358.917 1358.116 1357.315 1356.514 1355.417
1292.339 1294.956 1297.573 1299.26 1299.873 1300.485 1301.097 1301.71 1302.543 1303.394 1304.245 1305.096 1306.504 1308.779 1311.055 1313.33 1315.606 1317.825 1320.035 1322.245 1324.454 1326.552 1328.41 1330.267 1332.125 1333.983 1335.969 1337.99 1340.011 1342.033 1344.028 1345.946 1347.863 1349.78 1351.697 1353.381 1354.969 1356.557 1358.146 1359.624 1360.579 1361.535 1362.49 1363.445 1364.396 1365.343 1366.291 1367.239 1368.081 1367.988 1367.895 1367.802 1367.709 1367.04 1365.928 1364.815 1363.703 1362.599 1361.776 1360.953 1360.131 1359.308 1358.137
1291.943 1294.53 1297.116 1298.777 1299.369 1299.96 1300.552 1301.143 1301.956 1302.786 1303.616 1304.446 1305.889 1308.286 1310.683 1313.08 1315.478 1317.79 1320.089 1322.387 1324.686 1326.878 1328.843 1330.807 1332.772 1334.736 1336.787 1338.861 1340.936 1343.01 1345.06 1347.036 1349.011 1350.987 1352.963 1354.701 1356.343 1357.985 1359.627 1361.172 1362.254 1363.337 1364.42 1365.503 1366.559 1367.6 1368.641 1369.681 1370.609 1370.53 1370.452 1370.374 1370.295 1369.648 1368.563 1367.477 1366.392 1365.313 1364.466 1363.62 1362.773 1361.926 1360.698
1291.278 1293.751 1296.224 1297.85 1298.495 1299.141 1299.786 1300.431 1301.243 1302.068 1302.892 1303.717 1305.209 1307.741 1310.273 1312.804 1315.336 1317.742 1320.126 1322.511 1324.896 1327.195 1329.31 1331.425 1333.541 1335.656 1337.764 1339.871 1341.978 1344.084 1346.155 1348.114 1350.074 1352.033 1353.993 1355.761 1357.452 1359.142 1360.832 1362.443 1363.677 1364.91 1366.144 1367.377 1368.532 1369.643 1370.754 1371.865 1372.859 1372.818 1372.777 1372.737 1372.696 1372.083 1371.03 1369.977 1368.924 1367.876 1367.002 1366.129 1365.255 1364.381 1363.113
1290.612 1292.973 1295.333 1296.923 1297.622 1298.321 1299.02 1299.719 1300.53 1301.349 1302.168 1302.988 1304.53 1307.196 1309.862 1312.528 1315.194 1317.693 1320.164 1322.635 1325.106 1327.511 1329.777 1332.043 1334.309 1336.575 1338.742 1340.881 1343.02 1345.159 1347.249 1349.193 1351.136 1353.079 1355.023 1356.821 1358.56 1360.298 1362.037 1363.714 1365.099 1366.483 1367.867 1369.251 1370.506 1371.687 1372.867 1374.048 1375.109 1375.106 1375.103 1375.1 1375.097 1374.519 1373.498 1372.477 1371.456 1370.439 1369.538 1368.638 1367.737 1366.836 1365.528
1289.947 1292.194 1294.441 1295.995 1296.749 1297.501 1298.254 1299.007 1299.817 1300.631 1301.444 1302.258 1303.85 1306.65 1309.451 1312.252 1315.053 1317.645 1320.202 1322.759 1325.316 1327.828 1330.245 1332.661 1335.078 1337.495 1339.719 1341.891 1344.062 1346.233 1348.344 1350.271 1352.199 1354.126 1356.053 1357.881 1359.668 1361.455 1363.242 1364.986 1366.521 1368.056 1369.591 1371.126 1372.479 1373.73 1374.981 1376.232 1377.359 1377.394 1377.428 1377.463 1377.498 1376.954 1375.966 1374.977 1373.989 1373.002 1372.074 1371.147 1370.219 1369.291 1367.943
1289.281 1291.415 1293.55 1295.068 1295.875 1296.682 1297.489 1298.295 1299.104 1299.912 1300.721 1301.529 1303.17 1306.105 1309.04 1311.976 1314.911 1317.597 1320.24 1322.883 1325.526 1328.144 1330.712 1333.279 1335.847 1338.414 1340.697 1342.9 1345.104 1347.307 1349.439 1351.35 1353.261 1355.172 1357.083 1358.941 1360.776 1362.612 1364.448 1366.257 1367.943 1369.628 1371.314 1373.0 1374.453 1375.773 1377.094 1378.415 1379.609 1379.681 1379.754 1379.826 1379.898 1379.389 1378.433 1377.477 1376.521 1375.565 1374.61 1373.656 1372.701 1371.747 1370.358
1288.716 1290.894 1293.072 1294.673 1295.607 1296.54 1297.474 1298.408 1299.254 1300.094 1300.934 1301.773 1303.414 1306.301 1309.188 1312.075 1314.962 1317.696 1320.404 1323.113 1325.821 1328.517 1331.188 1333.859 1336.531 1339.202 1341.548 1343.805 1346.062 1348.318 1350.5 1352.453 1354.405 1356.358 1358.31 1360.214 1362.098 1363.982 1365.866 1367.724 1369.456 1371.187 1372.919 1374.651 1376.139 1377.488 1378.837 1380.185 1381.419 1381.628 1381.837 1382.047 1382.256 1381.822 1380.893 1379.964 1379.035 1378.101 1377.02 1375.94 1374.859 1373.778 1372.312
1288.153 1290.38 1292.606 1294.293 1295.356 1296.419 1297.482 1298.545 1299.431 1300.303 1301.175 1302.047 1303.686 1306.519 1309.352 1312.186 1315.019 1317.8 1320.573 1323.346 1326.119 1328.892 1331.665 1334.438 1337.212 1339.985 1342.396 1344.707 1347.017 1349.328 1351.561 1353.556 1355.552 1357.547 1359.543 1361.494 1363.426 1365.359 1367.291 1369.196 1370.971 1372.746 1374.521 1376.296 1377.816 1379.192 1380.568 1381.944 1383.215 1383.564 1383.914 1384.263 1384.612 1384.254 1383.352 1382.45 1381.548 1380.637 1379.427 1378.217 1377.007 1375.797 1374.252
1287.591 1289.866 1292.141 1293.914 1295.106 1296.298 1297.49 1298.682 1299.607 1300.512 1301.416 1302.32 1303.958 1306.737 1309.517 1312.296 1315.075 1317.904 1320.742 1323.579 1326.417 1329.266 1332.142 1335.017 1337.893 1340.769 1343.244 1345.609 1347.973 1350.337 1352.621 1354.66 1356.698 1358.737 1360.775 1362.773 1364.754 1366.735 1368.716 1370.668 1372.486 1374.304 1376.122 1377.94 1379.494 1380.896 1382.299 1383.702 1385.012 1385.501 1385.99 1386.479 1386.969 1386.687 1385.811 1384.936 1384.061 1383.172 1381.833 1380.494 1379.155 1377.816 1376.192
1287.029 1289.352 1291.675 1293.534 1294.855 1296.177 1297.498 1298.819 1299.784 1300.72 1301.657 1302.593 1304.23 1306.955 1309.681 1312.406 1315.132 1318.008 1320.91 1323.812 1326.714 1329.641 1332.618 1335.596 1338.574 1341.552 1344.092 1346.51 1348.928 1351.346 1353.682 1355.763 1357.845 1359.927 1362.008 1364.053 1366.082 1368.111 1370.141 1372.141 1374.002 1375.863 1377.724 1379.585 1381.171 1382.601 1384.03 1385.46 1386.808 1387.438 1388.067 1388.696 1389.325 1389.119 1388.271 1387.422 1386.574 1385.708 1384.239 1382.771 1381.303 1379.834 1378.132
1287.322 1289.66 1291.998 1293.912 1295.338 1296.764 1298.189 1299.615 1300.627 1301.608 1302.588 1303.568 1305.179 1307.771 1310.364 1312.957 1315.549 1318.401 1321.298 1324.194 1327.091 1330.022 1333.027 1336.033 1339.039 1342.044 1344.653 1347.152 1349.651 1352.151 1354.57 1356.744 1358.919 1361.093 1363.267 1365.372 1367.447 1369.523 1371.598 1373.639 1375.516 1377.393 1379.27 1381.147 1382.763 1384.231 1385.699 1387.167 1388.558 1389.268 1389.978 1390.689 1391.399 1391.227 1390.376 1389.525 1388.674 1387.802 1386.225 1384.648 1383.071 1381.494 1379.737
1288.796 1291.101 1293.407 1295.337 1296.832 1298.328 1299.824 1301.319 1302.392 1303.431 1304.47 1305.51 1307.062 1309.412 1311.763 1314.113 1316.463 1319.193 1321.987 1324.781 1327.576 1330.413 1333.343 1336.273 1339.203 1342.134 1344.819 1347.437 1350.054 1352.672 1355.22 1357.556 1359.892 1362.228 1364.564 1366.745 1368.864 1370.983 1373.101 1375.174 1377.029 1378.885 1380.74 1382.596 1384.238 1385.76 1387.282 1388.803 1390.243 1390.953 1391.663 1392.374 1393.084 1392.887 1391.994 1391.099 1390.206 1389.29 1387.632 1385.974 1384.316 1382.658 1380.882
1290.27 1292.543 1294.816 1296.761 1298.327 1299.892 1301.458 1303.023 1304.156 1305.254 1306.353 1307.451 1308.945 1311.053 1313.161 1315.269 1317.377 1319.985 1322.676 1325.368 1328.06 1330.804 1333.659 1336.514 1339.369 1342.223 1344.985 1347.721 1350.457 1353.193 1355.87 1358.367 1360.865 1363.362 1365.86 1368.119 1370.281 1372.442 1374.604 1376.708 1378.542 1380.376 1382.21 1384.044 1385.713 1387.289 1388.864 1390.44 1391.927 1392.638 1393.348 1394.058 1394.769 1394.548 1393.611 1392.674 1391.737 1390.777 1389.038 1387.299 1385.561 1383.822 1382.026
1291.743 1293.984 1296.225 1298.185 1299.821 1301.456 1303.092 1304.727 1305.92 1307.078 1308.235 1309.393 1310.828 1312.694 1314.56 1316.426 1318.291 1320.776 1323.366 1325.955 1328.545 1331.195 1333.975 1336.754 1339.533 1342.313 1345.151 1348.005 1350.86 1353.714 1356.52 1359.179 1361.838 1364.497 1367.156 1369.492 1371.697 1373.902 1376.107 1378.243 1380.055 1381.868 1383.68 1385.493 1387.188 1388.818 1390.447 1392.076 1393.612 1394.323 1395.033 1395.743 1396.453 1396.208 1395.228 1394.248 1393.268 1392.264 1390.444 1388.625 1386.806 1384.986 1383.171
1293.217 1295.425 1297.634 1299.609 1301.315 1303.021 1304.726 1306.432 1307.684 1308.901 1310.118 1311.335 1312.711 1314.335 1315.958 1317.582 1319.206 1321.568 1324.055 1326.542 1329.03 1331.586 1334.29 1336.994 1339.698 1342.403 1345.317 1348.29 1351.263 1354.235 1357.171 1359.991 1362.811 1365.632 1368.452 1370.866 1373.114 1375.361 1377.609 1379.778 1381.568 1383.359 1385.15 1386.941 1388.663 1390.346 1392.029 1393.713 1395.297 1396.007 1396.718 1397.428 1398.138 1397.869 1396.846 1395.823 1394.799 1393.751 1391.851 1389.951 1388.051 1386.151 1384.315
1294.966 1297.184 1299.403 1301.379 1303.075 1304.771 1306.467 1308.163 1309.53 1310.872 1312.213 1313.555 1314.969 1316.496 1318.022 1319.549 1321.075 1323.26 1325.556 1327.852 1330.148 1332.533 1335.105 1337.678 1340.25 1342.823 1345.703 1348.667 1351.632 1354.597 1357.526 1360.344 1363.162 1365.98 1368.798 1371.258 1373.572 1375.887 1378.201 1380.44 1382.322 1384.203 1386.085 1387.966 1389.69 1391.324 1392.958 1394.592 1396.12 1396.709 1397.297 1397.886 1398.474 1398.189 1397.23 1396.272 1395.313 1394.329 1392.474 1390.62 1388.765 1386.911 1385.129
1296.756 1298.991 1301.225 1303.2 1304.874 1306.549 1308.223 1309.898 1311.388 1312.865 1314.341 1315.817 1317.284 1318.735 1320.186 1321.637 1323.088 1325.087 1327.179 1329.27 1331.362 1333.562 1335.995 1338.427 1340.86 1343.293 1346.121 1349.059 1351.997 1354.935 1357.836 1360.627 1363.419 1366.21 1369.001 1371.503 1373.887 1376.271 1378.656 1380.971 1382.961 1384.95 1386.939 1388.928 1390.65 1392.219 1393.789 1395.358 1396.814 1397.263 1397.711 1398.16 1398.609 1398.307 1397.43 1396.552 1395.674 1394.77 1392.98 1391.19 1389.4 1387.611 1385.893
1298.546 1300.797 1303.048 1305.021 1306.674 1308.327 1309.98 1311.633 1313.247 1314.857 1316.468 1318.079 1319.598 1320.974 1322.349 1323.725 1325.101 1326.914 1328.801 1330.688 1332.575 1334.592 1336.885 1339.177 1341.47 1343.763 1346.539 1349.45 1352.361 1355.272 1358.147 1360.911 1363.676 1366.44 1369.204 1371.748 1374.202 1376.656 1379.111 1381.503 1383.6 1385.697 1387.794 1389.891 1391.61 1393.115 1394.619 1396.124 1397.508 1397.817 1398.125 1398.434 1398.743 1398.426 1397.629 1396.832 1396.035 1395.211 1393.486 1391.761 1390.036 1388.31 1386.657
1300.336 1302.603 1304.87 1306.842 1308.474 1310.105 1311.736 1313.368 1315.105 1316.85 1318.596 1320.341 1321.912 1323.213 1324.513 1325.814 1327.114 1328.741 1330.424 1332.107 1333.789 1335.622 1337.774 1339.927 1342.08 1344.233 1346.958 1349.842 1352.726 1355.61 1358.458 1361.195 1363.932 1366.67 1369.407 1371.993 1374.517 1377.041 1379.566 1382.034 1384.239 1386.443 1388.648 1390.853 1392.57 1394.01 1395.45 1396.89 1398.202 1398.37 1398.539 1398.708 1398.877 1398.545 1397.829 1397.113 1396.396 1395.653 1393.992 1392.331 1390.671 1389.01 1387.422
1301.875 1304.196 1306.517 1308.529 1310.186 1311.842 1313.498 1315.154 1316.978 1318.815 1320.652 1322.489 1324.104 1325.374 1326.644 1327.913 1329.183 1330.672 1332.198 1333.724 1335.25 1336.946 1339.005 1341.065 1343.124 1345.183 1347.84 1350.663 1353.485 1356.308 1359.097 1361.782 1364.466 1367.151 1369.836 1372.444 1375.021 1377.598 1380.175 1382.697 1384.958 1387.218 1389.479 1391.74 1393.421 1394.772 1396.124 1397.476 1398.693 1398.726 1398.758 1398.79 1398.823 1398.437 1397.729 1397.021 1396.314 1395.58 1393.974 1392.367 1390.761 1389.154 1387.62
1302.877 1305.332 1307.787 1309.93 1311.71 1313.49 1315.27 1317.05 1318.882 1320.719 1322.557 1324.393 1326.034 1327.368 1328.702 1330.037 1331.371 1332.823 1334.296 1335.768 1337.24 1338.901 1340.966 1343.03 1345.095 1347.159 1349.712 1352.4 1355.089 1357.777 1360.438 1363.015 1365.592 1368.169 1370.746 1373.334 1375.927 1378.521 1381.114 1383.64 1385.847 1388.053 1390.26 1392.467 1394.04 1395.251 1396.463 1397.675 1398.754 1398.657 1398.56 1398.463 1398.366 1397.842 1396.989 1396.136 1395.283 1394.409 1392.835 1391.261 1389.687 1388.113 1386.611
1303.878 1306.468 1309.058 1311.33 1313.234 1315.137 1317.041 1318.945 1320.787 1322.624 1324.461 1326.298 1327.964 1329.362 1330.761 1332.16 1333.559 1334.975 1336.393 1337.812 1339.23 1340.856 1342.926 1344.996 1347.066 1349.136 1351.584 1354.138 1356.692 1359.246 1361.779 1364.248 1366.717 1369.187 1371.656 1374.225 1376.834 1379.443 1382.053 1384.583 1386.736 1388.889 1391.042 1393.195 1394.658 1395.73 1396.802 1397.874 1398.814 1398.588 1398.361 1398.135 1397.909 1397.247 1396.249 1395.25 1394.252 1393.238 1391.696 1390.154 1388.613 1387.071 1385.601
1304.88 1307.604 1310.329 1312.73 1314.758 1316.785 1318.813 1320.84 1322.691 1324.528 1326.365 1328.202 1329.893 1331.357 1332.82 1334.284 1335.747 1337.126 1338.491 1339.855 1341.22 1342.811 1344.886 1346.962 1349.037 1351.112 1353.457 1355.876 1358.295 1360.714 1363.119 1365.481 1367.843 1370.204 1372.566 1375.115 1377.741 1380.366 1382.991 1385.525 1387.625 1389.724 1391.823 1393.922 1395.277 1396.209 1397.141 1398.073 1398.874 1398.519 1398.163 1397.808 1397.453 1396.652 1395.508 1394.365 1393.221 1392.067 1390.557 1389.048 1387.538 1386.029 1384.592
