data/zism_data/00722_03_D.txt
ncols         224
nrows         224
[rows 196 to 223 of 224, columns 63 to 125 of 224]
4691.653 4692.274 4692.896 4693.517 4694.138 4694.787 4695.46 4696.134 4696.807 4697.48 4698.353 4699.229 4700.105 4700.982 4701.933 4702.982 4704.031 4705.08 4706.129 4707.224 4708.324 4709.425 4710.525 4711.447 4712.034 4712.621 4713.208 4713.794 4714.148 4714.445 4714.742 4715.038 4715.255 4715.244 4715.232 4715.221 4715.209 4714.52 4713.562 4712.604 4711.646 4710.772 4710.295 4709.817 4709.34 4708.863 4708.67 4708.644 4708.617 4708.591 4708.608 4709.082 4709.557 4710.031 4710.506 4711.238 4712.187 4713.135 4714.083 4715.032 4715.633 4716.235 4716.836
4692.313 4692.913 4693.512 4694.112 4694.712 4695.37 4696.081 4696.792 4697.503 4698.214 4699.135 4700.06 4700.985 4701.91 4702.902 4703.984 4705.065 4706.146 4707.228 4708.326 4709.426 4710.527 4711.627 4712.549 4713.136 4713.723 4714.31 4714.897 4715.298 4715.654 4716.01 4716.366 4716.636 4716.663 4716.689 4716.716 4716.742 4716.097 4715.188 4714.279 4713.37 4712.545 4712.122 4711.698 4711.275 4710.852 4710.757 4710.854 4710.952 4711.049 4711.178 4711.631 4712.083 4712.537 4712.99 4713.747 4714.76 4715.773 4716.787 4717.8 4718.423 4719.046 4719.669
4692.855 4693.455 4694.055 4694.655 4695.255 4695.935 4696.688 4697.442 4698.195 4698.948 4699.93 4700.917 4701.903 4702.89 4703.926 4705.026 4706.126 4707.227 4708.328 4709.411 4710.491 4711.572 4712.653 4713.566 4714.167 4714.767 4715.367 4715.967 4716.408 4716.81 4717.212 4717.614 4717.935 4718.025 4718.116 4718.207 4718.297 4717.705 4716.844 4715.984 4715.123 4714.349 4713.986 4713.623 4713.26 4712.897 4712.903 4713.125 4713.346 4713.567 4713.807 4714.234 4714.661 4715.088 4715.515 4716.277 4717.32 4718.363 4719.405 4720.448 4721.113 4721.777 4722.441
4693.224 4693.857 4694.489 4695.122 4695.754 4696.475 4697.277 4698.079 4698.88 4699.682 4700.744 4701.811 4702.879 4703.946 4705.028 4706.128 4707.229 4708.33 4709.43 4710.47 4711.502 4712.534 4713.566 4714.459 4715.092 4715.724 4716.357 4716.989 4717.458 4717.887 4718.316 4718.746 4719.113 4719.306 4719.499 4719.692 4719.885 4719.356 4718.544 4717.732 4716.92 4716.198 4715.905 4715.613 4715.32 4715.027 4715.137 4715.482 4715.828 4716.173 4716.523 4716.918 4717.313 4717.707 4718.102 4718.837 4719.858 4720.88 4721.901 4722.922 4723.657 4724.391 4725.125
4693.594 4694.259 4694.923 4695.588 4696.253 4697.015 4697.865 4698.715 4699.565 4700.416 4701.558 4702.706 4703.854 4705.003 4706.13 4707.23 4708.331 4709.432 4710.532 4711.529 4712.512 4713.496 4714.48 4715.353 4716.018 4716.682 4717.347 4718.012 4718.508 4718.965 4719.421 4719.877 4720.291 4720.586 4720.882 4721.177 4721.472 4721.008 4720.244 4719.48 4718.717 4718.047 4717.825 4717.602 4717.379 4717.157 4717.37 4717.84 4718.31 4718.779 4719.239 4719.602 4719.964 4720.326 4720.688 4721.397 4722.397 4723.396 4724.396 4725.396 4726.201 4727.005 4727.81
4693.963 4694.661 4695.357 4696.055 4696.752 4697.554 4698.453 4699.352 4700.251 4701.15 4702.372 4703.601 4704.83 4706.059 4707.232 4708.333 4709.434 4710.534 4711.634 4712.587 4713.523 4714.458 4715.393 4716.246 4716.943 4717.64 4718.337 4719.034 4719.559 4720.042 4720.525 4721.008 4721.469 4721.867 4722.265 4722.662 4723.06 4722.66 4721.944 4721.229 4720.514 4719.897 4719.744 4719.591 4719.439 4719.286 4719.604 4720.198 4720.791 4721.385 4721.955 4722.285 4722.615 4722.945 4723.275 4723.958 4724.936 4725.914 4726.892 4727.87 4728.745 4729.619 4730.494
4694.333 4695.063 4695.792 4696.521 4697.25 4698.094 4699.041 4699.989 4700.936 4701.884 4703.186 4704.496 4705.806 4707.116 4708.334 4709.435 4710.536 4711.636 4712.737 4713.646 4714.533 4715.42 4716.307 4717.139 4717.868 4718.598 4719.327 4720.057 4720.609 4721.12 4721.629 4722.14 4722.647 4723.147 4723.647 4724.147 4724.648 4724.311 4723.645 4722.978 4722.311 4721.746 4721.664 4721.581 4721.499 4721.416 4721.838 4722.555 4723.273 4723.99 4724.671 4724.969 4725.267 4725.564 4725.862 4726.518 4727.474 4728.431 4729.387 4730.344 4731.289 4732.233 4733.178
4694.702 4695.459 4696.216 4696.974 4697.73 4698.622 4699.637 4700.651 4701.666 4702.681 4703.981 4705.288 4706.594 4707.9 4709.118 4710.218 4711.318 4712.419 4713.52 4714.424 4715.304 4716.185 4717.065 4717.914 4718.704 4719.494 4720.284 4721.073 4721.66 4722.197 4722.734 4723.271 4723.817 4724.392 4724.966 4725.541 4726.116 4725.861 4725.281 4724.7 4724.12 4723.631 4723.582 4723.531 4723.481 4723.432 4723.881 4724.625 4725.368 4726.111 4726.826 4727.246 4727.666 4728.086 4728.506 4729.186 4730.083 4730.98 4731.877 4732.775 4733.729 4734.683 4735.636
4695.071 4695.855 4696.64 4697.423 4698.208 4699.148 4700.233 4701.318 4702.403 4703.487 4704.773 4706.064 4707.354 4708.645 4709.853 4710.953 4712.053 4713.154 4714.254 4715.159 4716.039 4716.919 4717.8 4718.671 4719.526 4720.38 4721.235 4722.089 4722.71 4723.274 4723.838 4724.402 4724.987 4725.631 4726.276 4726.921 4727.565 4727.397 4726.908 4726.419 4725.93 4725.522 4725.499 4725.476 4725.453 4725.43 4725.897 4726.651 4727.405 4728.158 4728.896 4729.461 4730.027 4730.593 4731.158 4731.869 4732.702 4733.535 4734.367 4735.2 4736.154 4737.107 4738.062
4695.44 4696.251 4697.063 4697.874 4698.685 4699.675 4700.83 4701.984 4703.139 4704.294 4705.566 4706.84 4708.114 4709.389 4710.587 4711.688 4712.788 4713.889 4714.989 4715.894 4716.774 4717.654 4718.535 4719.429 4720.348 4721.267 4722.187 4723.105 4723.761 4724.352 4724.942 4725.533 4726.156 4726.871 4727.586 4728.3 4729.015 4728.932 4728.535 4728.138 4727.74 4727.413 4727.417 4727.421 4727.425 4727.429 4727.912 4728.677 4729.441 4730.206 4730.966 4731.677 4732.388 4733.1 4733.811 4734.553 4735.321 4736.089 4736.857 4737.625 4738.579 4739.533 4740.486
4695.81 4696.647 4697.485 4698.323 4699.161 4700.201 4701.426 4702.651 4703.876 4705.101 4706.358 4707.616 4708.875 4710.132 4711.322 4712.422 4713.523 4714.624 4715.724 4716.628 4717.509 4718.389 4719.27 4720.186 4721.17 4722.154 4723.138 4724.122 4724.811 4725.429 4726.047 4726.665 4727.326 4728.111 4728.896 4729.68 4730.465 4730.467 4730.162 4729.856 4729.551 4729.304 4729.334 4729.366 4729.396 4729.427 4729.928 4730.703 4731.479 4732.254 4733.036 4733.893 4734.75 4735.606 4736.463 4737.236 4737.939 4738.643 4739.347 4740.05 4741.004 4741.958 4742.911
4696.089 4696.961 4697.833 4698.706 4699.578 4700.666 4701.952 4703.238 4704.524 4705.81 4707.056 4708.302 4709.547 4710.793 4711.978 4713.083 4714.189 4715.295 4716.401 4717.327 4718.23 4719.134 4720.038 4720.984 4722.009 4723.035 4724.06 4725.085 4725.813 4726.469 4727.124 4727.78 4728.483 4729.324 4730.165 4731.005 4731.845 4731.938 4731.737 4731.536 4731.334 4731.178 4731.236 4731.294 4731.352 4731.41 4731.932 4732.728 4733.522 4734.318 4735.127 4736.092 4737.057 4738.021 4738.985 4739.794 4740.473 4741.151 4741.829 4742.507 4743.476 4744.444 4745.412
4696.19 4697.111 4698.032 4698.953 4699.873 4701.007 4702.336 4703.665 4704.994 4706.324 4707.565 4708.806 4710.046 4711.286 4712.475 4713.597 4714.719 4715.84 4716.962 4717.953 4718.926 4719.9 4720.874 4721.864 4722.884 4723.904 4724.924 4725.943 4726.718 4727.433 4728.148 4728.863 4729.617 4730.485 4731.352 4732.22 4733.087 4733.281 4733.208 4733.137 4733.064 4733.02 4733.104 4733.189 4733.274 4733.359 4733.916 4734.749 4735.582 4736.414 4737.261 4738.258 4739.255 4740.252 4741.249 4742.102 4742.834 4743.566 4744.298 4745.03 4746.042 4747.053 4748.064
4696.292 4697.261 4698.23 4699.199 4700.168 4701.348 4702.72 4704.092 4705.465 4706.837 4708.075 4709.309 4710.544 4711.779 4712.971 4714.109 4715.248 4716.386 4717.524 4718.578 4719.622 4720.666 4721.71 4722.744 4723.758 4724.773 4725.787 4726.802 4727.623 4728.397 4729.171 4729.946 4730.751 4731.646 4732.54 4733.435 4734.329 4734.623 4734.68 4734.737 4734.794 4734.861 4734.973 4735.085 4735.197 4735.309 4735.899 4736.77 4737.64 4738.511 4739.395 4740.424 4741.454 4742.483 4743.512 4744.409 4745.195 4745.981 4746.768 4747.553 4748.608 4749.662 4750.717
4696.393 4697.411 4698.428 4699.446 4700.464 4701.689 4703.104 4704.52 4705.935 4707.351 4708.584 4709.813 4711.042 4712.271 4713.468 4714.623 4715.777 4716.931 4718.085 4719.204 4720.318 4721.432 4722.546 4723.624 4724.633 4725.642 4726.651 4727.66 4728.528 4729.361 4730.195 4731.028 4731.885 4732.806 4733.728 4734.649 4735.57 4735.965 4736.151 4736.338 4736.525 4736.703 4736.842 4736.98 4737.12 4737.258 4737.882 4738.791 4739.699 4740.607 4741.529 4742.59 4743.652 4744.714 4745.775 4746.716 4747.556 4748.396 4749.236 4750.077 4751.174 4752.271 4753.369
4696.494 4697.56 4698.626 4699.693 4700.759 4702.03 4703.488 4704.947 4706.405 4707.864 4709.093 4710.317 4711.541 4712.765 4713.965 4715.136 4716.306 4717.477 4718.647 4719.83 4721.014 4722.198 4723.382 4724.504 4725.507 4726.511 4727.515 4728.519 4729.433 4730.326 4731.219 4732.111 4733.019 4733.967 4734.916 4735.864 4736.812 4737.307 4737.623 4737.939 4738.255 4738.545 4738.71 4738.876 4739.042 4739.208 4739.865 4740.812 4741.758 4742.704 4743.663 4744.757 4745.851 4746.944 4748.039 4749.023 4749.917 4750.812 4751.706 4752.6 4753.74 4754.881 4756.021
4696.55 4697.565 4698.582 4699.597 4700.613 4701.872 4703.352 4704.832 4706.312 4707.792 4709.125 4710.456 4711.786 4713.116 4714.401 4715.626 4716.852 4718.077 4719.302 4720.488 4721.669 4722.851 4724.032 4725.17 4726.229 4727.287 4728.346 4729.404 4730.367 4731.306 4732.245 4733.185 4734.134 4735.114 4736.093 4737.073 4738.052 4738.67 4739.146 4739.622 4740.097 4740.53 4740.761 4740.993 4741.224 4741.456 4742.126 4743.054 4743.982 4744.91 4745.85 4746.911 4747.973 4749.035 4750.097 4751.12 4752.111 4753.102 4754.092 4755.083 4756.25 4757.417 4758.583
4696.594 4697.534 4698.475 4699.415 4700.355 4701.586 4703.082 4704.579 4706.075 4707.571 4709.037 4710.502 4711.967 4713.432 4714.821 4716.111 4717.401 4718.691 4719.981 4721.155 4722.314 4723.474 4724.634 4725.782 4726.911 4728.04 4729.168 4730.297 4731.308 4732.29 4733.272 4734.255 4735.245 4736.257 4737.269 4738.28 4739.292 4740.04 4740.682 4741.325 4741.967 4742.552 4742.858 4743.166 4743.472 4743.779 4744.457 4745.353 4746.249 4747.144 4748.05 4749.063 4750.076 4751.09 4752.103 4753.163 4754.261 4755.36 4756.458 4757.557 4758.745 4759.934 4761.122
4696.638 4697.503 4698.368 4699.232 4700.098 4701.3 4702.813 4704.326 4705.838 4707.351 4708.948 4710.548 4712.148 4713.748 4715.241 4716.596 4717.95 4719.305 4720.66 4721.821 4722.959 4724.098 4725.235 4726.395 4727.593 4728.792 4729.991 4731.189 4732.249 4733.274 4734.3 4735.325 4736.355 4737.4 4738.444 4739.488 4740.532 4741.409 4742.218 4743.028 4743.838 4744.573 4744.956 4745.338 4745.72 4746.103 4746.788 4747.651 4748.515 4749.378 4750.25 4751.215 4752.18 4753.145 4754.109 4755.205 4756.412 4757.618 4758.825 4760.031 4761.241 4762.45 4763.66
4696.682 4697.471 4698.261 4699.05 4699.84 4701.015 4702.543 4704.072 4705.601 4707.13 4708.86 4710.594 4712.329 4714.063 4715.661 4717.081 4718.5 4719.919 4721.339 4722.488 4723.604 4724.721 4725.837 4727.007 4728.275 4729.544 4730.813 4732.082 4733.189 4734.258 4735.327 4736.396 4737.466 4738.543 4739.619 4740.696 4741.772 4742.777 4743.754 4744.731 4745.708 4746.595 4747.053 4747.511 4747.968 4748.426 4749.119 4749.95 4750.781 4751.612 4752.45 4753.367 4754.283 4755.199 4756.115 4757.248 4758.562 4759.876 4761.191 4762.505 4763.736 4764.967 4766.199
4696.751 4697.47 4698.188 4698.906 4699.625 4700.769 4702.304 4703.839 4705.374 4706.909 4708.741 4710.579 4712.417 4714.256 4715.938 4717.418 4718.898 4720.378 4721.858 4723.03 4724.165 4725.298 4726.433 4727.637 4728.971 4730.306 4731.641 4732.975 4734.126 4735.232 4736.338 4737.444 4738.554 4739.672 4740.792 4741.91 4743.029 4744.153 4745.278 4746.404 4747.53 4748.552 4749.083 4749.613 4750.144 4750.674 4751.371 4752.166 4752.959 4753.754 4754.556 4755.442 4756.328 4757.214 4758.1 4759.266 4760.667 4762.068 4763.469 4764.87 4766.126 4767.381 4768.637
4696.895 4697.554 4698.212 4698.872 4699.53 4700.635 4702.148 4703.662 4705.176 4706.689 4708.536 4710.391 4712.245 4714.1 4715.813 4717.341 4718.87 4720.398 4721.927 4723.219 4724.482 4725.746 4727.01 4728.317 4729.706 4731.094 4732.482 4733.871 4735.05 4736.177 4737.305 4738.433 4739.576 4740.765 4741.954 4743.143 4744.332 4745.545 4746.768 4747.991 4749.213 4750.327 4750.922 4751.518 4752.113 4752.708 4753.398 4754.144 4754.89 4755.635 4756.395 4757.303 4758.21 4759.118 4760.025 4761.216 4762.644 4764.072 4765.5 4766.928 4768.216 4769.503 4770.792
4697.038 4697.638 4698.237 4698.837 4699.437 4700.501 4701.993 4703.485 4704.977 4706.469 4708.332 4710.202 4712.073 4713.944 4715.687 4717.264 4718.841 4720.418 4721.995 4723.408 4724.801 4726.194 4727.587 4728.997 4730.439 4731.882 4733.324 4734.767 4735.974 4737.123 4738.272 4739.421 4740.599 4741.858 4743.117 4744.375 4745.635 4746.938 4748.257 4749.577 4750.897 4752.102 4752.762 4753.421 4754.082 4754.741 4755.425 4756.122 4756.819 4757.517 4758.234 4759.164 4760.092 4761.021 4761.951 4763.166 4764.621 4766.075 4767.53 4768.985 4770.306 4771.626 4772.946
4697.181 4697.722 4698.262 4698.802 4699.342 4700.368 4701.838 4703.309 4704.779 4706.249 4708.127 4710.014 4711.901 4713.788 4715.561 4717.187 4718.812 4720.438 4722.063 4723.597 4725.119 4726.641 4728.164 4729.677 4731.173 4732.67 4734.166 4735.663 4736.897 4738.068 4739.239 4740.41 4741.622 4742.951 4744.279 4745.608 4746.938 4748.33 4749.747 4751.164 4752.58 4753.877 4754.601 4755.326 4756.05 4756.775 4757.452 4758.101 4758.749 4759.398 4760.073 4761.024 4761.975 4762.925 4763.876 4765.115 4766.597 4768.079 4769.561 4771.042 4772.395 4773.748 4775.101
4697.324 4697.805 4698.286 4698.767 4699.248 4700.234 4701.683 4703.131 4704.581 4706.029 4707.922 4709.825 4711.729 4713.631 4715.435 4717.109 4718.783 4720.457 4722.131 4723.786 4725.437 4727.089 4728.741 4730.357 4731.907 4733.458 4735.008 4736.559 4737.821 4739.013 4740.206 4741.398 4742.644 4744.043 4745.442 4746.841 4748.24 4749.722 4751.236 4752.75 4754.264 4755.652 4756.441 4757.23 4758.019 4758.808 4759.479 4760.079 4760.679 4761.279 4761.912 4762.884 4763.856 4764.829 4765.801 4767.065 4768.574 4770.083 4771.591 4773.1 4774.485 4775.87 4777.255
4697.468 4697.906 4698.343 4698.78 4699.217 4700.132 4701.485 4702.838 4704.191 4705.544 4707.417 4709.301 4711.185 4713.069 4714.878 4716.589 4718.3 4720.011 4721.722 4723.432 4725.143 4726.854 4728.565 4730.238 4731.843 4733.447 4735.051 4736.655 4738.031 4739.35 4740.669 4741.989 4743.362 4744.89 4746.418 4747.946 4749.474 4751.033 4752.605 4754.177 4755.749 4757.201 4758.082 4758.963 4759.844 4760.725 4761.421 4762.008 4762.595 4763.182 4763.803 4764.777 4765.751 4766.726 4767.7 4768.977 4770.509 4772.041 4773.572 4775.104 4776.521 4777.939 4779.356
4697.613 4698.013 4698.412 4698.812 4699.211 4700.043 4701.272 4702.501 4703.73 4704.959 4706.798 4708.649 4710.501 4712.353 4714.157 4715.9 4717.644 4719.387 4721.13 4722.873 4724.616 4726.359 4728.103 4729.816 4731.475 4733.133 4734.791 4736.449 4737.969 4739.456 4740.942 4742.428 4743.965 4745.644 4747.322 4749.001 4750.68 4752.313 4753.928 4755.543 4757.158 4758.664 4759.647 4760.631 4761.614 4762.598 4763.332 4763.918 4764.505 4765.092 4765.713 4766.682 4767.65 4768.62 4769.588 4770.875 4772.428 4773.981 4775.535 4777.088 4778.538 4779.988 4781.438
4697.757 4698.119 4698.481 4698.843 4699.205 4699.954 4701.059 4702.165 4703.27 4704.375 4706.178 4707.998 4709.817 4711.636 4713.437 4715.212 4716.988 4718.763 4720.539 4722.314 4724.09 4725.865 4727.641 4729.394 4731.106 4732.818 4734.53 4736.242 4737.907 4739.561 4741.214 4742.868 4744.568 4746.397 4748.227 4750.057 4751.886 4753.593 4755.251 4756.91 4758.568 4760.126 4761.212 4762.299 4763.385 4764.471 4765.242 4765.829 4766.416 4767.003 4767.623 4768.586 4769.55 4770.513 4771.477 4772.772 4774.348 4775.922 4777.498 4779.072 4780.554 4782.037 4783.519
