data/zism_data/00726_01_D.txt
ncols         224
nrows         224
[rows 140 to 167 of 224, columns 63 to 125 of 224]
593.5652 591.5136 589.4621 587.4105 585.991 586.2344 586.478 586.7215 586.965 582.5079 576.2645 570.0212 563.7779 555.449 537.2133 518.9776 500.7419 482.5063 467.8484 455.354 442.8597 430.3653 418.7251 418.0209 417.3167 416.6125 415.9083 418.5776 424.3393 430.101 435.8626 441.6243 450.4946 459.4577 468.4208 477.3839 484.335 488.5111 492.6872 496.8632 501.0393 502.4217 503.385 504.3484 505.3117 502.9113 493.325 483.7387 474.1525 464.5662 461.3722 460.1081 458.844 457.5799 459.4188 472.428 485.4373 498.4463 511.4556 521.9117 531.0914 540.271 549.4506
590.9667 588.282 585.5974 582.9127 580.86 580.4704 580.0807 579.6912 579.3015 574.0324 566.9091 559.7859 552.6627 543.8187 526.801 509.7833 492.7656 475.7478 462.5421 451.6411 440.7404 429.8395 419.8536 421.5799 423.3062 425.0326 426.7589 431.0022 437.5526 444.103 450.6533 457.2037 464.7215 472.2681 479.8147 487.3613 493.1824 496.6234 500.0645 503.5054 506.9465 508.6202 510.0289 511.4375 512.8462 511.3599 503.6891 496.0182 488.3474 480.6766 478.4214 477.8011 477.1809 476.5606 478.6036 490.2339 501.8643 513.4944 525.1247 534.3128 542.2798 550.2469 558.2139
588.3682 585.0504 581.7326 578.4147 575.7289 574.7061 573.6833 572.6606 571.6378 565.5567 557.5535 549.5504 541.5471 532.188 516.3883 500.5886 484.7889 468.9892 457.2355 447.9282 438.6211 429.3138 420.9821 425.139 429.296 433.4529 437.6099 443.4272 450.7663 458.1055 465.4445 472.7837 478.9489 485.0789 491.209 497.3391 502.0301 504.7361 507.442 510.1479 512.8538 514.819 516.673 518.527 520.381 519.8088 514.0535 508.2981 502.5429 496.7876 495.4711 495.4948 495.5184 495.5421 497.7891 508.0405 518.2918 528.543 538.7943 546.7144 553.4688 560.2231 566.9775
585.7698 581.8188 577.8679 573.9169 570.598 568.942 567.2861 565.6302 563.9744 557.0812 548.1981 539.3151 530.4319 520.5577 505.976 491.3942 476.8125 462.2308 451.9291 444.2154 436.5017 428.788 422.1105 428.698 435.2855 441.873 448.4605 455.8517 463.9796 472.1075 480.2352 488.3631 493.1757 497.8894 502.603 507.3166 510.8775 512.8484 514.8193 516.7901 518.761 521.0175 523.3168 525.6161 527.9155 528.2574 524.4175 520.5776 516.7379 512.898 512.5203 513.1877 513.8553 514.5228 516.974 525.8464 534.7188 543.591 552.4634 559.1154 564.6572 570.199 575.7408
583.1713 578.5872 574.0032 569.4191 565.467 563.178 560.8889 558.5999 556.3109 548.6058 538.8427 529.0798 519.3167 508.9274 495.5636 482.1999 468.8361 455.4724 446.6227 440.5025 434.3824 428.2622 423.239 432.257 441.2751 450.2931 459.3112 468.2763 477.1929 486.1095 495.0259 503.9425 507.4026 510.6998 513.9969 517.2941 519.7249 520.9607 522.1965 523.4323 524.6682 527.216 529.9607 532.7053 535.45 536.7059 534.7816 532.8572 530.9328 529.0084 529.5694 530.8808 532.1921 533.5035 536.1588 543.6523 551.1458 558.639 566.1325 571.5165 575.8457 580.1749 584.5042
583.578 578.6792 573.7805 568.8817 564.2453 560.2993 556.3534 552.4074 548.4614 540.8126 531.7568 522.7011 513.6453 504.3213 493.7235 483.1257 472.5279 461.9301 455.6164 451.8931 448.1698 444.4465 441.6926 451.3481 461.0038 470.6594 480.315 489.0866 497.048 505.0093 512.9705 520.9319 523.7833 526.4821 529.1808 531.8797 533.8008 534.6494 535.498 536.3466 537.1952 539.1895 541.3557 543.5218 545.688 546.8326 545.7949 544.7571 543.7195 542.6818 543.5064 544.8934 546.2803 547.6672 550.0341 555.9282 561.8223 567.7163 573.6104 577.6888 580.8594 584.03 587.2005
584.2709 579.0878 573.9047 568.7216 563.396 557.6957 551.9953 546.2949 540.5946 533.0848 524.8873 516.6901 508.4927 500.3845 492.7 485.0154 477.3309 469.6464 465.9718 464.7218 463.4718 462.2218 461.7958 471.9181 482.0404 492.1628 502.2851 510.6949 517.535 524.375 531.2148 538.0549 540.3685 542.5469 544.7253 546.9037 548.3743 548.8688 549.3633 549.8578 550.3523 551.7126 553.2028 554.6929 556.183 557.1187 556.8696 556.6205 556.3715 556.1224 557.1465 558.5549 559.9633 561.3716 563.403 567.6768 571.9507 576.2244 580.4983 583.2676 585.2847 587.3018 589.3189
584.9639 579.4964 574.029 568.5615 562.5467 555.0919 547.6371 540.1823 532.7274 525.3566 518.0176 510.6788 503.3399 496.4475 491.6764 486.9053 482.1342 477.363 476.3276 477.551 478.7743 479.9977 481.8997 492.4888 503.0779 513.6669 524.256 532.304 538.0226 543.7413 549.4598 555.1785 556.9542 558.6122 560.2702 561.9282 562.9483 563.0887 563.2291 563.3695 563.5099 564.2361 565.0503 565.8644 566.6785 567.4051 567.9447 568.4844 569.0239 569.5636 570.787 572.2168 573.6467 575.0765 576.7723 579.4258 582.0794 584.7328 587.3864 588.8466 589.7102 590.5737 591.4373
585.6568 579.905 574.1532 568.4013 561.6974 552.4882 543.279 534.0698 524.8606 517.6287 511.1482 504.6678 498.1872 492.5107 490.6528 488.795 486.9372 485.0794 486.6831 490.3797 494.0763 497.773 502.0029 513.0587 524.1145 535.1703 546.2262 553.9123 558.5096 563.1069 567.7042 572.3015 573.5394 574.677 575.8146 576.9521 577.5218 577.3081 577.0944 576.8807 576.6671 576.7593 576.8974 577.0355 577.1736 577.6912 579.0195 580.3477 581.676 583.0043 584.427 585.8783 587.3296 588.7809 590.1413 591.1745 592.2078 593.241 594.2742 594.4254 594.1355 593.8456 593.5557
585.4685 579.3079 573.1473 566.9867 559.7181 549.534 539.3499 529.1657 518.9816 512.4456 507.2959 502.1463 496.9966 492.8473 493.4499 494.0526 494.6552 495.2578 498.5729 503.528 508.4829 513.438 518.8159 529.6056 540.3953 551.185 561.9747 569.0692 572.7765 576.4838 580.191 583.8983 584.8145 585.6475 586.4804 587.3134 587.6425 587.2769 586.9113 586.5457 586.1801 585.8928 585.6174 585.3419 585.0663 585.4223 587.1271 588.832 590.5368 592.2416 593.6636 595.0003 596.337 597.6736 598.7206 598.7244 598.7283 598.7322 598.7361 598.16 597.2939 596.4279 595.5618
583.7294 576.941 570.1527 563.3644 555.7502 545.9631 536.1759 526.3887 516.6016 511.7417 508.7541 505.7666 502.7791 500.7051 502.9709 505.2368 507.5027 509.7686 513.162 517.2372 521.3124 525.3876 529.8366 539.0704 548.3043 557.538 566.7719 572.8703 576.0947 579.3192 582.5435 585.7679 586.7432 587.6512 588.5592 589.4673 589.9257 589.7639 589.6022 589.4404 589.2787 589.06 588.8328 588.6056 588.3784 588.656 590.0121 591.3682 592.7243 594.0804 595.1496 596.1321 597.1147 598.0973 598.8694 598.884 598.8986 598.9133 598.9279 598.6486 598.2225 597.7963 597.3702
581.9901 574.574 567.158 559.7419 551.7822 542.392 533.0019 523.6117 514.2216 511.0378 510.2124 509.3871 508.5617 508.5632 512.4923 516.4215 520.3506 524.2798 527.7516 530.947 534.1423 537.3376 540.8577 548.5356 556.2134 563.8914 571.5692 576.6716 579.4131 582.1547 584.8961 587.6377 588.6718 589.655 590.6381 591.6212 592.2089 592.251 592.2932 592.3353 592.3774 592.2273 592.0484 591.8694 591.6906 591.8898 592.8972 593.9046 594.9119 595.9193 596.6356 597.264 597.8925 598.5209 599.0182 599.0436 599.0689 599.0943 599.1196 599.1373 599.1511 599.1649 599.1786
580.2509 572.2071 564.1634 556.1196 547.8143 538.8211 529.8279 520.8348 511.8416 510.3339 511.6707 513.0074 514.3441 516.421 522.0134 527.6058 533.1981 538.7905 542.3408 544.6563 546.9717 549.2872 551.8784 558.0004 564.1224 570.2444 576.3664 580.4727 582.7314 584.9901 587.2487 589.5073 590.6004 591.6586 592.7169 593.7751 594.492 594.738 594.984 595.23 595.476 595.3945 595.2639 595.1332 595.0026 595.1236 595.7822 596.4409 597.0995 597.7581 598.1215 598.3959 598.6702 598.9446 599.1671 599.2032 599.2393 599.2753 599.3114 599.6259 600.0796 600.5333 600.9871
578.5117 569.8402 561.1688 552.4972 543.8464 535.2502 526.654 518.0578 509.4616 509.63 513.1289 516.6277 520.1266 524.2787 531.5344 538.79 546.0457 553.3013 556.9299 558.3655 559.8011 561.2368 562.8992 567.4653 572.0314 576.5975 581.1636 584.2739 586.0496 587.8254 589.6012 591.377 592.529 593.6624 594.7957 595.9291 596.7751 597.225 597.6749 598.1248 598.5746 598.5617 598.4793 598.397 598.3146 598.3573 598.6672 598.9771 599.287 599.5969 599.6075 599.5277 599.4479 599.3682 599.3159 599.3627 599.4095 599.4564 599.5031 600.1145 601.0082 601.9018 602.7955
568.9197 560.8135 552.7076 544.6014 536.9924 530.692 524.3914 518.0909 511.7904 513.5867 518.4597 523.3326 528.2056 533.4619 540.5388 547.6158 554.6927 561.7697 564.7935 565.3665 565.9395 566.5126 567.2556 570.1743 573.0929 576.0115 578.9301 580.896 581.9886 583.0812 584.1738 585.2664 587.4525 589.6712 591.89 594.1087 595.7521 596.6018 597.4515 598.3013 599.151 599.2208 599.1737 599.1265 599.0794 599.0849 599.2028 599.3207 599.4386 599.5565 599.6319 599.6944 599.757 599.8195 600.1044 601.1896 602.2748 603.3601 604.4453 605.9952 607.7773 609.5594 611.3416
557.5049 550.2412 542.9775 535.7138 529.4688 525.9046 522.3405 518.7764 515.2122 518.6251 524.6893 530.7533 536.8174 542.9523 549.4229 555.8936 562.3642 568.8349 571.0952 570.8098 570.5243 570.2389 570.0647 571.3146 572.5646 573.8146 575.0646 575.8517 576.2146 576.5775 576.9404 577.3032 580.7498 584.2885 587.8271 591.3658 593.9615 595.2566 596.5516 597.8467 599.1417 599.2977 599.2827 599.2678 599.2528 599.2307 599.1929 599.1552 599.1175 599.0798 599.3169 599.637 599.9571 600.2772 601.0412 603.4034 605.7657 608.1279 610.4902 613.1274 615.9022 618.6769 621.4516
546.0898 539.6685 533.2473 526.8259 521.9448 521.1171 520.2895 519.4618 518.6342 523.6638 530.9191 538.1743 545.4296 552.443 558.3073 564.1716 570.036 575.9003 577.3972 576.2532 575.1093 573.9653 572.8738 572.4551 572.0364 571.6176 571.1989 570.8072 570.4403 570.0735 569.7067 569.3398 574.0469 578.9056 583.7642 588.6228 592.1708 593.9113 595.6517 597.3921 599.1325 599.3745 599.3918 599.409 599.4263 599.3764 599.183 598.9897 598.7964 598.6031 599.002 599.5796 600.1572 600.7349 601.9781 605.6174 609.2567 612.896 616.5353 620.2599 624.0273 627.7946 631.562
534.675 529.0961 523.5172 517.9383 514.4211 516.3298 518.2385 520.1473 522.056 528.7022 537.1486 545.595 554.0414 561.9333 567.1914 572.4495 577.7075 582.9656 583.6989 581.6965 579.694 577.6915 575.6829 573.5955 571.5081 569.4207 567.3333 565.7628 564.6663 563.5698 562.4733 561.3767 567.3444 573.5228 579.7014 585.8799 590.3802 592.566 594.7518 596.9375 599.1232 599.4514 599.5008 599.5502 599.5997 599.5221 599.1732 598.8243 598.4753 598.1264 598.687 599.5222 600.3574 601.1926 602.9149 607.8312 612.7476 617.6638 622.5801 627.3922 632.1522 636.912 641.672
524.7057 520.1385 515.5715 511.0043 508.9256 513.3958 517.866 522.3361 526.8063 534.6609 543.8016 552.9422 562.0829 570.4233 574.9617 579.5 584.0384 588.5768 588.4472 585.4952 582.5433 579.5914 576.5867 572.9061 569.2256 565.5451 561.8646 559.2997 557.7576 556.2155 554.6735 553.1313 560.4139 567.96 575.506 583.052 588.5253 591.1396 593.7538 596.3681 598.9824 599.2813 599.2327 599.1841 599.1356 598.931 598.3929 597.8547 597.3167 596.7785 597.6608 598.9719 600.2829 601.594 604.0099 610.4034 616.7969 623.1904 629.5839 635.1899 640.4021 645.6144 650.8267
518.8331 515.7574 512.6818 509.6062 509.1771 515.7128 522.2485 528.7842 535.3199 543.2263 551.6534 560.0805 568.5076 576.0775 579.575 583.0726 586.5701 590.0676 588.7936 584.6345 580.4754 576.3163 572.0919 567.0326 561.9733 556.9139 551.8546 548.8179 547.6353 546.4526 545.27 544.0874 552.8391 561.8873 570.9355 579.9838 586.488 589.4832 592.4785 595.4736 598.4689 598.4114 597.8961 597.3808 596.8655 596.2523 595.4298 594.6073 593.7849 592.9624 594.6194 597.025 599.4305 601.8361 605.553 613.9906 622.4282 630.8657 639.3033 644.8718 649.0056 653.1394 657.2733
512.9603 511.3762 509.7921 508.208 509.4286 518.0299 526.6312 535.2326 543.8339 551.7919 559.5056 567.219 574.9326 581.7319 584.1885 586.6452 589.1018 591.5585 589.1399 583.7736 578.4073 573.0411 567.597 561.1589 554.7206 548.2825 541.8442 538.3357 537.5125 536.6894 535.8663 535.0432 545.2639 555.8145 566.365 576.9155 584.4507 587.8268 591.203 594.5791 597.9553 597.5416 596.5595 595.5774 594.5953 593.5734 592.4666 591.3597 590.2529 589.1461 591.5779 595.078 598.5781 602.0781 607.096 617.5778 628.0596 638.5413 649.0231 654.554 657.6093 660.6647 663.7201
507.0877 506.9951 506.9025 506.8099 509.6801 520.3469 531.0138 541.6807 552.3476 560.3573 567.3573 574.3572 581.3572 587.3861 588.8019 590.2177 591.6335 593.0493 589.4863 582.9128 576.3394 569.7659 563.1024 555.2853 547.4683 539.6513 531.8343 527.8538 527.3901 526.9265 526.4628 525.9992 537.6891 549.7418 561.7946 573.8473 582.4134 586.1705 589.9276 593.6846 597.4417 596.6718 595.223 593.774 592.3252 590.8947 589.5035 588.1123 586.7212 585.33 588.5365 593.1311 597.7256 602.3202 608.639 621.1649 633.6909 646.2166 658.7425 664.2358 666.2128 668.1898 670.1667
501.2151 502.614 504.0129 505.4118 509.9315 522.6639 535.3964 548.1288 560.8613 568.9227 575.2091 581.4955 587.7819 593.0403 593.4153 593.7902 594.1652 594.5401 589.8326 582.0519 574.2714 566.4908 558.6076 549.4118 540.2159 531.0201 521.8243 517.3719 517.2678 517.1636 517.0594 516.9553 530.1142 543.6692 557.2241 570.7791 580.3762 584.5142 588.6522 592.7901 596.9281 595.8021 593.8864 591.9707 590.0551 588.2159 586.5404 584.8649 583.1894 581.5139 585.4951 591.1842 596.8732 602.5623 610.182 624.752 639.3221 653.8918 668.4619 673.9177 674.8162 675.7148 676.6133
499.4561 501.2188 502.9815 504.7441 509.5822 522.5133 535.4445 548.3756 561.3068 569.585 576.0951 582.6052 589.1153 594.5305 594.7447 594.9589 595.1731 595.3873 590.6718 582.9756 575.2795 567.5833 559.7425 550.0517 540.3609 530.6701 520.9794 516.1459 515.7649 515.384 515.003 514.622 527.2154 540.1962 553.1769 566.1577 575.1368 578.5966 582.0563 585.516 588.9758 587.3885 585.0441 582.6997 580.3553 578.4956 577.6711 576.8466 576.0222 575.1976 580.4803 587.6069 594.7333 601.8598 610.7192 625.817 640.9149 656.0124 671.1102 675.7994 675.2842 674.769 674.2538
499.3764 501.0425 502.7086 504.3747 508.9876 521.3554 533.7233 546.0911 558.4589 567.0213 574.1377 581.254 588.3704 594.3209 594.7336 595.1464 595.559 595.9717 591.7122 584.6275 577.543 570.4584 563.1752 553.3503 543.5253 533.7004 523.8755 518.698 517.7805 516.863 515.9456 515.0281 526.2254 537.7845 549.3435 560.9026 568.5908 570.9399 573.2891 575.6382 577.9874 575.8961 573.1385 570.381 567.6235 565.9014 566.3914 566.8813 567.3713 567.8613 574.6603 583.3642 592.068 600.7718 610.8458 625.8524 640.8591 655.8654 670.8721 674.4973 672.4315 670.3658 668.3
499.2966 500.8661 502.4356 504.0052 508.393 520.1974 532.002 543.8065 555.611 564.4576 572.1802 579.9028 587.6254 594.1113 594.7225 595.3337 595.945 596.5562 592.7526 586.2795 579.8066 573.3336 566.608 556.6489 546.6899 536.7308 526.7717 521.2501 519.7961 518.3422 516.8882 515.4342 525.2354 535.3727 545.51 555.6473 562.0445 563.2831 564.5216 565.7602 566.9988 564.4033 561.2326 558.0619 554.8912 553.3069 555.1113 556.9158 558.7202 560.5247 568.8401 579.1213 589.4025 599.6837 610.9724 625.8878 640.8033 655.7184 670.6339 673.1949 669.5787 665.9623 662.3461
499.2168 500.6898 502.1627 503.6357 507.7984 519.0396 530.2808 541.522 552.7631 561.894 570.2228 578.5516 586.8805 593.9017 594.7115 595.5212 596.3309 597.1406 593.7929 587.9315 582.0702 576.2088 570.0407 559.9475 549.8543 539.7611 529.6679 523.8022 521.8117 519.8212 517.8307 515.8403 524.2455 532.961 541.6766 550.3922 555.4984 555.6264 555.7545 555.8824 556.0104 552.9108 549.327 545.7432 542.1594 540.7128 543.8316 546.9505 550.0693 553.1882 563.0201 574.8787 586.7372 598.5958 611.099 625.9233 640.7475 655.5715 670.3958 671.8928 666.7259 661.5591 656.3923
499.1487 500.4969 501.845 503.1932 507.0587 517.5493 528.0398 538.5303 549.0208 558.3644 567.2722 576.1798 585.0876 592.6546 593.8528 595.0509 596.249 597.4472 594.6937 589.5508 584.408 579.2652 573.7728 563.8063 553.8399 543.8735 533.907 527.7738 525.1544 522.535 519.9156 517.2962 524.0269 531.0366 538.0464 545.0562 548.7507 547.8724 546.9941 546.1159 545.2377 541.803 537.9848 534.1667 530.3485 529.1111 533.3871 537.6631 541.939 546.215 557.452 570.7904 584.1288 597.4672 611.066 625.6024 640.1387 654.6747 669.211 669.7061 663.1802 656.6544 650.1287
