data/zism_data/00722_01_D.txt
ncols         224
nrows         224
[rows 174 to 202 of 224, columns 65 to 129 of 224]
4696.818 4696.892 4696.965 4697.115 4697.335 4697.555 4697.775 4697.995 4698.0 4698.0 4698.0 4698.0 4698.055 4698.181 4698.307 4698.433 4698.558 4698.656 4698.75 4698.844 4698.938 4699.343 4700.328 4701.313 4702.299 4703.285 4707.079 4711.556 4716.034 4720.512 4725.063 4729.827 4734.59 4739.354 4744.117 4748.411 4752.519 4756.627 4760.736 4764.752 4768.334 4771.916 4775.498 4779.08 4782.126 4784.859 4787.593 4790.326 4792.946 4794.388 4795.83 4797.271 4798.713 4799.912 4800.907 4801.902 4802.896 4803.891 4805.259 4806.627 4807.995 4809.362 4813.014 4819.385 4825.756
4696.818 4696.892 4696.965 4697.115 4697.335 4697.555 4697.775 4697.995 4698.0 4698.0 4698.0 4698.0 4698.064 4698.211 4698.359 4698.506 4698.654 4698.735 4698.807 4698.88 4698.953 4699.358 4700.386 4701.415 4702.443 4703.472 4707.227 4711.646 4716.063 4720.482 4724.981 4729.713 4734.444 4739.175 4743.906 4748.19 4752.298 4756.407 4760.515 4764.531 4768.108 4771.684 4775.26 4778.837 4781.905 4784.676 4787.447 4790.218 4792.885 4794.467 4796.049 4797.631 4799.213 4800.37 4801.171 4801.972 4802.772 4803.573 4804.93 4806.287 4807.644 4809.0 4812.782 4819.45 4826.117
4696.818 4696.892 4696.965 4697.115 4697.335 4697.555 4697.775 4697.995 4698.0 4698.0 4698.0 4698.0 4698.073 4698.243 4698.412 4698.581 4698.75 4698.813 4698.865 4698.916 4698.967 4699.373 4700.444 4701.516 4702.588 4703.66 4707.375 4711.734 4716.093 4720.452 4724.9 4729.599 4734.297 4738.996 4743.694 4747.97 4752.078 4756.187 4760.295 4764.31 4767.881 4771.452 4775.023 4778.594 4781.684 4784.493 4787.301 4790.11 4792.824 4794.546 4796.268 4797.99 4799.712 4800.828 4801.435 4802.042 4802.648 4803.254 4804.601 4805.947 4807.293 4808.639 4812.55 4819.514 4826.478
4696.818 4696.892 4696.965 4697.115 4697.335 4697.555 4697.775 4697.995 4698.0 4698.0 4698.0 4698.0 4698.079 4698.26 4698.44 4698.621 4698.802 4698.921 4699.033 4699.146 4699.257 4699.815 4701.211 4702.607 4704.003 4705.399 4709.204 4713.596 4717.988 4722.379 4726.852 4731.552 4736.252 4740.952 4745.652 4749.963 4754.12 4758.277 4762.434 4766.503 4770.161 4773.819 4777.477 4781.134 4784.283 4787.134 4789.985 4792.836 4795.617 4797.653 4799.69 4801.727 4803.764 4805.076 4805.779 4806.482 4807.185 4807.888 4809.252 4810.617 4811.981 4813.346 4817.099 4823.696 4830.293
4696.818 4696.892 4696.965 4697.115 4697.335 4697.555 4697.775 4697.995 4698.0 4698.0 4698.0 4698.0 4698.083 4698.275 4698.467 4698.658 4698.85 4699.033 4699.215 4699.397 4699.579 4700.307 4702.058 4703.81 4705.562 4707.313 4711.223 4715.658 4720.093 4724.527 4729.033 4733.739 4738.444 4743.15 4747.855 4752.206 4756.417 4760.628 4764.838 4768.97 4772.725 4776.479 4780.234 4783.989 4787.201 4790.095 4792.989 4795.883 4798.732 4801.103 4803.474 4805.845 4808.216 4809.751 4810.583 4811.416 4812.249 4813.081 4814.467 4815.853 4817.239 4818.625 4822.188 4828.343 4834.498
4696.818 4696.892 4696.965 4697.115 4697.335 4697.555 4697.775 4697.995 4698.0 4698.0 4698.0 4698.0 4698.088 4698.291 4698.493 4698.695 4698.898 4699.145 4699.396 4699.648 4699.9 4700.798 4702.905 4705.013 4707.12 4709.228 4713.242 4717.72 4722.198 4726.676 4731.214 4735.925 4740.636 4745.348 4750.059 4754.449 4758.714 4762.979 4767.243 4771.436 4775.288 4779.14 4782.991 4786.843 4790.118 4793.056 4795.993 4798.93 4801.847 4804.553 4807.258 4809.963 4812.668 4814.426 4815.388 4816.35 4817.312 4818.274 4819.681 4821.089 4822.496 4823.904 4827.277 4832.99 4838.702
4696.818 4696.892 4696.965 4697.115 4697.335 4697.555 4697.775 4697.995 4698.0 4698.0 4698.0 4698.0 4698.093 4698.306 4698.519 4698.732 4698.946 4699.256 4699.578 4699.9 4700.222 4701.289 4703.752 4706.215 4708.679 4711.142 4715.26 4719.781 4724.303 4728.824 4733.396 4738.112 4742.829 4747.545 4752.261 4756.692 4761.011 4765.33 4769.648 4773.903 4777.852 4781.8 4785.749 4789.698 4793.036 4796.016 4798.997 4801.977 4804.963 4808.002 4811.042 4814.081 4817.121 4819.101 4820.192 4821.284 4822.375 4823.467 4824.896 4826.325 4827.754 4829.183 4832.366 4837.636 4842.907
4696.818 4696.892 4696.965 4697.115 4697.335 4697.555 4697.775 4697.995 4698.011 4698.023 4698.035 4698.046 4698.144 4698.352 4698.561 4698.769 4698.978 4699.363 4699.771 4700.179 4700.587 4701.822 4704.607 4707.394 4710.179 4712.965 4717.168 4721.717 4726.266 4730.815 4735.405 4740.111 4744.817 4749.523 4754.229 4758.697 4763.072 4767.446 4771.821 4776.142 4780.207 4784.272 4788.337 4792.403 4795.879 4799.01 4802.141 4805.272 4808.419 4811.741 4815.062 4818.382 4821.703 4823.896 4825.14 4826.384 4827.628 4828.872 4830.358 4831.844 4833.33 4834.815 4837.876 4842.813 4847.749
4696.818 4696.892 4696.965 4697.115 4697.335 4697.555 4697.775 4697.995 4698.043 4698.087 4698.131 4698.175 4698.277 4698.453 4698.629 4698.805 4698.981 4699.464 4699.985 4700.506 4701.027 4702.428 4705.478 4708.528 4711.578 4714.628 4718.883 4723.432 4727.98 4732.529 4737.109 4741.778 4746.446 4751.115 4755.783 4760.283 4764.717 4769.15 4773.584 4777.98 4782.197 4786.413 4790.629 4794.845 4798.592 4802.063 4805.533 4809.003 4812.478 4815.987 4819.497 4823.006 4826.516 4828.9 4830.338 4831.776 4833.214 4834.653 4836.257 4837.861 4839.466 4841.07 4844.129 4848.92 4853.71
4696.818 4696.892 4696.965 4697.115 4697.335 4697.555 4697.775 4697.995 4698.075 4698.151 4698.228 4698.304 4698.41 4698.553 4698.697 4698.841 4698.984 4699.565 4700.2 4700.834 4701.468 4703.034 4706.349 4709.663 4712.977 4716.291 4720.598 4725.146 4729.695 4734.244 4738.814 4743.445 4748.075 4752.706 4757.337 4761.869 4766.362 4770.855 4775.348 4779.819 4784.187 4788.554 4792.921 4797.288 4801.304 4805.115 4808.925 4812.735 4816.536 4820.234 4823.932 4827.63 4831.329 4833.904 4835.537 4837.169 4838.801 4840.434 4842.156 4843.879 4845.603 4847.325 4850.382 4855.027 4859.672
4696.818 4696.892 4696.965 4697.115 4697.335 4697.555 4697.775 4697.995 4698.106 4698.215 4698.324 4698.433 4698.542 4698.654 4698.765 4698.876 4698.988 4699.666 4700.414 4701.161 4701.909 4703.641 4707.219 4710.797 4714.375 4717.954 4722.313 4726.861 4731.41 4735.958 4740.519 4745.112 4749.705 4754.297 4758.891 4763.454 4768.007 4772.559 4777.111 4781.658 4786.176 4790.694 4795.212 4799.731 4804.017 4808.167 4812.316 4816.466 4820.593 4824.48 4828.367 4832.254 4836.141 4838.908 4840.735 4842.561 4844.388 4846.214 4848.056 4849.897 4851.739 4853.581 4856.635 4861.135 4865.634
4696.818 4696.892 4696.965 4697.115 4697.335 4697.555 4697.775 4697.995 4698.138 4698.279 4698.42 4698.561 4698.675 4698.754 4698.833 4698.913 4698.991 4699.767 4700.628 4701.489 4702.349 4704.247 4708.089 4711.932 4715.774 4719.617 4724.027 4728.576 4733.125 4737.673 4742.224 4746.779 4751.334 4755.889 4760.444 4765.04 4769.652 4774.264 4778.875 4783.497 4788.166 4792.835 4797.504 4802.173 4806.729 4811.219 4815.708 4820.198 4824.651 4828.727 4832.803 4836.878 4840.954 4843.913 4845.933 4847.954 4849.974 4851.995 4853.955 4855.915 4857.875 4859.835 4862.889 4867.243 4871.596
4696.752 4696.852 4696.952 4697.115 4697.335 4697.555 4697.775 4697.995 4698.117 4698.237 4698.357 4698.478 4698.602 4698.733 4698.865 4698.996 4699.127 4700.065 4701.102 4702.138 4703.174 4705.177 4708.995 4712.812 4716.629 4720.446 4724.787 4729.255 4733.724 4738.192 4742.672 4747.186 4751.699 4756.211 4760.725 4765.316 4769.938 4774.56 4779.182 4783.852 4788.747 4793.643 4798.539 4803.435 4808.415 4813.444 4818.474 4823.503 4828.472 4832.794 4837.116 4841.438 4845.76 4848.952 4851.193 4853.434 4855.676 4857.917 4859.764 4861.611 4863.458 4865.306 4868.184 4872.29 4876.396
4696.672 4696.804 4696.937 4697.115 4697.335 4697.555 4697.775 4697.995 4698.086 4698.173 4698.261 4698.349 4698.486 4698.687 4698.889 4699.09 4699.291 4700.405 4701.63 4702.855 4704.08 4706.176 4709.907 4713.638 4717.369 4721.1 4725.346 4729.717 4734.089 4738.46 4742.857 4747.327 4751.797 4756.267 4760.737 4765.316 4769.938 4774.56 4779.182 4783.894 4789.032 4794.17 4799.309 4804.447 4809.884 4815.496 4821.108 4826.72 4832.242 4836.823 4841.404 4845.985 4850.566 4853.998 4856.466 4858.934 4861.401 4863.869 4865.555 4867.24 4868.926 4870.611 4873.278 4877.115 4880.951
4696.592 4696.756 4696.921 4697.115 4697.335 4697.555 4697.775 4697.995 4698.054 4698.109 4698.165 4698.22 4698.369 4698.641 4698.912 4699.184 4699.455 4700.745 4702.158 4703.572 4704.985 4707.175 4710.819 4714.464 4718.109 4721.753 4725.905 4730.179 4734.454 4738.728 4743.042 4747.469 4751.896 4756.322 4760.749 4765.316 4769.938 4774.56 4779.182 4783.936 4789.317 4794.698 4800.079 4805.459 4811.353 4817.547 4823.741 4829.936 4836.012 4840.852 4845.691 4850.531 4855.371 4859.044 4861.739 4864.433 4867.127 4869.821 4871.345 4872.869 4874.393 4875.916 4878.373 4881.939 4885.506
4696.511 4696.708 4696.906 4697.115 4697.335 4697.555 4697.775 4697.995 4698.022 4698.045 4698.068 4698.091 4698.253 4698.594 4698.936 4699.277 4699.619 4701.084 4702.687 4704.289 4705.891 4708.174 4711.732 4715.291 4718.849 4722.407 4726.463 4730.641 4734.818 4738.996 4743.227 4747.61 4751.994 4756.377 4760.761 4765.316 4769.938 4774.56 4779.182 4783.978 4789.602 4795.225 4800.849 4806.472 4812.822 4819.599 4826.375 4833.151 4839.782 4844.88 4849.979 4855.078 4860.176 4864.091 4867.012 4869.932 4872.853 4875.773 4877.135 4878.497 4879.859 4881.221 4883.467 4886.764 4890.062
4696.431 4696.644 4696.856 4697.07 4697.285 4697.5 4697.716 4697.932 4697.95 4697.964 4697.978 4697.992 4698.171 4698.566 4698.96 4699.355 4699.749 4701.391 4703.185 4704.979 4706.773 4709.174 4712.712 4716.25 4719.787 4723.325 4727.305 4731.394 4735.481 4739.57 4743.718 4748.037 4752.355 4756.674 4760.993 4765.503 4770.089 4774.675 4779.261 4784.068 4789.923 4795.778 4801.633 4807.489 4814.294 4821.658 4829.021 4836.384 4843.571 4848.907 4854.242 4859.578 4864.913 4869.005 4872.052 4875.099 4878.146 4881.193 4882.412 4883.631 4884.85 4886.069 4888.124 4891.173 4894.223
4696.351 4696.537 4696.722 4696.915 4697.114 4697.313 4697.512 4697.711 4697.777 4697.839 4697.902 4697.965 4698.176 4698.582 4698.986 4699.392 4699.797 4701.618 4703.611 4705.605 4707.599 4710.178 4713.856 4717.534 4721.212 4724.89 4728.841 4732.859 4736.877 4740.896 4744.961 4749.161 4753.361 4757.561 4761.761 4766.149 4770.611 4775.073 4779.535 4784.275 4790.335 4796.395 4802.455 4808.515 4815.774 4823.736 4831.698 4839.659 4847.409 4852.927 4858.446 4863.965 4869.483 4873.594 4876.523 4879.451 4882.379 4885.308 4886.43 4887.552 4888.674 4889.796 4891.709 4894.565 4897.42
4696.271 4696.429 4696.588 4696.759 4696.942 4697.125 4697.308 4697.491 4697.604 4697.715 4697.826 4697.937 4698.181 4698.597 4699.013 4699.429 4699.845 4701.845 4704.038 4706.231 4708.424 4711.182 4715.0 4718.818 4722.636 4726.455 4730.377 4734.325 4738.273 4742.221 4746.204 4750.285 4754.366 4758.448 4762.529 4766.795 4771.133 4775.471 4779.809 4784.482 4790.747 4797.012 4803.277 4809.542 4817.253 4825.814 4834.374 4842.934 4851.246 4856.948 4862.65 4868.352 4874.054 4878.184 4880.994 4883.803 4886.613 4889.423 4890.448 4891.473 4892.498 4893.523 4895.295 4897.956 4900.618
4696.191 4696.322 4696.454 4696.604 4696.771 4696.938 4697.104 4697.271 4697.431 4697.59 4697.75 4697.91 4698.186 4698.612 4699.039 4699.466 4699.893 4702.071 4704.464 4706.856 4709.249 4712.186 4716.145 4720.103 4724.061 4728.019 4731.913 4735.791 4739.668 4743.546 4747.446 4751.409 4755.372 4759.335 4763.298 4767.441 4771.655 4775.869 4780.083 4784.689 4791.159 4797.629 4804.099 4810.568 4818.733 4827.892 4837.05 4846.209 4855.083 4860.968 4866.854 4872.739 4878.624 4882.773 4885.464 4888.156 4890.847 4893.538 4894.466 4895.394 4896.322 4897.25 4898.88 4901.348 4903.815
4696.111 4696.215 4696.32 4696.448 4696.599 4696.75 4696.9 4697.051 4697.258 4697.466 4697.674 4697.882 4698.19 4698.628 4699.065 4699.503 4699.94 4702.298 4704.89 4707.482 4710.074 4713.19 4717.289 4721.387 4725.485 4729.584 4733.448 4737.256 4741.064 4744.872 4748.689 4752.533 4756.377 4760.222 4764.066 4768.086 4772.177 4776.267 4780.357 4784.896 4791.571 4798.246 4804.92 4811.595 4820.212 4829.97 4839.727 4849.483 4858.92 4864.988 4871.057 4877.125 4883.194 4887.363 4889.935 4892.508 4895.08 4897.653 4898.484 4899.314 4900.146 4900.977 4902.466 4904.739 4907.012
4696.071 4696.177 4696.283 4696.41 4696.557 4696.704 4696.85 4696.997 4697.215 4697.436 4697.655 4697.875 4698.191 4698.631 4699.072 4699.512 4699.952 4702.354 4704.995 4707.636 4710.277 4713.466 4717.68 4721.894 4726.108 4730.323 4734.307 4738.236 4742.165 4746.093 4750.008 4753.884 4757.76 4761.636 4765.512 4769.49 4773.509 4777.528 4781.547 4786.059 4792.91 4799.761 4806.611 4813.462 4822.369 4832.481 4842.592 4852.704 4862.461 4868.498 4874.534 4880.571 4886.607 4890.682 4893.107 4895.532 4897.958 4900.383 4901.203 4902.022 4902.841 4903.66 4905.114 4907.323 4909.532
4696.044 4696.161 4696.278 4696.41 4696.557 4696.704 4696.85 4696.997 4697.215 4697.436 4697.655 4697.875 4698.191 4698.631 4699.072 4699.512 4699.952 4702.354 4704.995 4707.636 4710.277 4713.503 4717.825 4722.147 4726.469 4730.792 4734.944 4739.056 4743.168 4747.28 4751.352 4755.309 4759.265 4763.222 4767.179 4771.142 4775.107 4779.072 4783.037 4787.533 4794.551 4801.569 4808.587 4815.605 4824.747 4835.133 4845.52 4855.906 4865.906 4871.84 4877.774 4883.708 4889.643 4893.585 4895.854 4898.123 4900.392 4902.661 4903.497 4904.332 4905.167 4906.003 4907.456 4909.643 4911.831
4696.017 4696.145 4696.272 4696.41 4696.557 4696.704 4696.85 4696.997 4697.215 4697.436 4697.655 4697.875 4698.191 4698.631 4699.072 4699.512 4699.952 4702.354 4704.995 4707.636 4710.277 4713.541 4717.971 4722.4 4726.83 4731.26 4735.582 4739.877 4744.172 4748.467 4752.695 4756.733 4760.771 4764.809 4768.846 4772.793 4776.704 4780.615 4784.526 4789.007 4796.192 4803.377 4810.563 4817.748 4827.125 4837.786 4848.448 4859.109 4869.351 4875.182 4881.014 4886.846 4892.677 4896.488 4898.601 4900.713 4902.826 4904.939 4905.791 4906.643 4907.494 4908.346 4909.797 4911.963 4914.129
4695.991 4696.129 4696.267 4696.41 4696.557 4696.704 4696.85 4696.997 4697.215 4697.436 4697.655 4697.875 4698.191 4698.631 4699.072 4699.512 4699.952 4702.354 4704.995 4707.636 4710.277 4713.578 4718.116 4722.654 4727.191 4731.729 4736.219 4740.697 4745.176 4749.655 4754.039 4758.158 4762.276 4766.395 4770.513 4774.444 4778.302 4782.159 4786.016 4790.481 4797.833 4805.186 4812.538 4819.891 4829.502 4840.439 4851.375 4862.312 4872.795 4878.524 4884.254 4889.983 4895.712 4899.391 4901.348 4903.304 4905.261 4907.217 4908.085 4908.953 4909.82 4910.688 4912.139 4914.283 4916.428
4695.958 4696.109 4696.261 4696.41 4696.557 4696.704 4696.85 4696.997 4697.215 4697.436 4697.655 4697.875 4698.191 4698.631 4699.072 4699.512 4699.952 4702.354 4704.995 4707.636 4710.277 4713.607 4718.229 4722.852 4727.474 4732.096 4736.718 4741.34 4745.962 4750.584 4755.096 4759.299 4763.502 4767.705 4771.908 4775.885 4779.772 4783.66 4787.548 4792.081 4799.68 4807.279 4814.878 4822.478 4832.262 4843.327 4854.392 4865.456 4876.043 4881.615 4887.187 4892.759 4898.331 4901.87 4903.703 4905.536 4907.369 4909.202 4910.112 4911.021 4911.931 4912.841 4914.298 4916.407 4918.516
4695.905 4696.078 4696.251 4696.41 4696.557 4696.704 4696.85 4696.997 4697.215 4697.436 4697.655 4697.875 4698.191 4698.631 4699.072 4699.512 4699.952 4702.354 4704.995 4707.636 4710.277 4713.607 4718.229 4722.852 4727.474 4732.096 4736.718 4741.34 4745.962 4750.584 4755.122 4759.422 4763.722 4768.021 4772.321 4776.565 4780.788 4785.009 4789.231 4794.133 4802.266 4810.399 4818.532 4826.665 4836.395 4847.061 4857.727 4868.393 4878.584 4883.8 4889.017 4894.232 4899.448 4902.823 4904.65 4906.478 4908.306 4910.133 4911.178 4912.222 4913.267 4914.311 4915.802 4917.825 4919.847
4695.851 4696.046 4696.24 4696.41 4696.557 4696.704 4696.85 4696.997 4697.215 4697.436 4697.655 4697.875 4698.191 4698.631 4699.072 4699.512 4699.952 4702.354 4704.995 4707.636 4710.277 4713.607 4718.229 4722.852 4727.474 4732.096 4736.718 4741.34 4745.962 4750.584 4755.147 4759.544 4763.941 4768.338 4772.735 4777.246 4781.802 4786.358 4790.915 4796.186 4804.853 4813.519 4822.186 4830.852 4840.528 4850.795 4861.062 4871.329 4881.125 4885.985 4890.846 4895.706 4900.566 4903.775 4905.597 4907.419 4909.242 4911.064 4912.243 4913.422 4914.602 4915.781 4917.306 4919.242 4921.178
4695.798 4696.014 4696.23 4696.41 4696.557 4696.704 4696.85 4696.997 4697.215 4697.436 4697.655 4697.875 4698.191 4698.631 4699.072 4699.512 4699.952 4702.354 4704.995 4707.636 4710.277 4713.607 4718.229 4722.852 4727.474 4732.096 4736.718 4741.34 4745.962 4750.584 4755.172 4759.667 4764.161 4768.654 4773.148 4777.927 4782.817 4787.708 4792.598 4798.238 4807.438 4816.639 4825.839 4835.04 4844.661 4854.529 4864.397 4874.265 4883.667 4888.171 4892.675 4897.179 4901.684 4904.728 4906.544 4908.361 4910.178 4911.995 4913.309 4914.623 4915.937 4917.25 4918.81 4920.66 4922.509
