data/zism_data/00727_02_D.txt
ncols         224
nrows         224
[rows 28 to 55 of 224, columns 126 to 188 of 224]
3491.772 3491.847 3491.922 3491.997 3492.089 3492.201 3492.313 3492.426 3492.538 3492.548 3492.548 3492.548 3492.548 3492.548 3492.548 3492.548 3492.548 3492.548 3492.548 3492.548 3492.548 3492.548 3492.548 3492.548 3492.548 3492.548 3492.548 3492.548 3492.548 3492.548 3492.548 3492.548 3492.548 3492.548 3492.548 3492.548 3492.496 3492.421 3492.346 3492.271 3492.231 3492.374 3492.516 3492.659 3492.802 3493.124 3493.553 3493.983 3494.413 3494.823 3495.019 3495.216 3495.413 3495.61 3495.758 3495.866 3495.974 3496.083 3496.192 3496.375 3496.558 3496.741 3496.924
3491.008 3491.051 3491.093 3491.136 3491.188 3491.252 3491.316 3491.38 3491.444 3491.449 3491.449 3491.449 3491.449 3491.449 3491.449 3491.449 3491.449 3491.449 3491.449 3491.449 3491.449 3491.449 3491.449 3491.449 3491.449 3491.449 3491.449 3491.449 3491.449 3491.449 3491.449 3491.449 3491.449 3491.449 3491.449 3491.449 3491.419 3491.377 3491.334 3491.292 3491.294 3491.534 3491.773 3492.013 3492.253 3492.594 3492.997 3493.4 3493.803 3494.186 3494.361 3494.537 3494.712 3494.887 3495.052 3495.209 3495.365 3495.522 3495.679 3495.878 3496.077 3496.277 3496.476
3490.244 3490.254 3490.264 3490.275 3490.287 3490.303 3490.318 3490.333 3490.349 3490.35 3490.35 3490.35 3490.35 3490.35 3490.35 3490.35 3490.35 3490.35 3490.35 3490.35 3490.35 3490.35 3490.35 3490.35 3490.35 3490.35 3490.35 3490.35 3490.35 3490.35 3490.35 3490.35 3490.35 3490.35 3490.35 3490.35 3490.343 3490.333 3490.323 3490.312 3490.357 3490.694 3491.03 3491.367 3491.703 3492.064 3492.44 3492.816 3493.192 3493.549 3493.703 3493.857 3494.01 3494.164 3494.346 3494.552 3494.756 3494.961 3495.167 3495.382 3495.597 3495.813 3496.028
3489.351 3489.351 3489.351 3489.351 3489.351 3489.351 3489.351 3489.351 3489.351 3489.351 3489.351 3489.351 3489.351 3489.351 3489.351 3489.351 3489.351 3489.351 3489.351 3489.351 3489.351 3489.351 3489.351 3489.351 3489.351 3489.351 3489.351 3489.351 3489.351 3489.351 3489.351 3489.351 3489.351 3489.351 3489.351 3489.351 3489.374 3489.407 3489.44 3489.473 3489.56 3489.927 3490.294 3490.662 3491.029 3491.397 3491.764 3492.132 3492.499 3492.847 3492.994 3493.141 3493.288 3493.435 3493.635 3493.877 3494.119 3494.362 3494.604 3494.836 3495.067 3495.299 3495.53
3488.399 3488.399 3488.399 3488.399 3488.399 3488.399 3488.399 3488.399 3488.399 3488.399 3488.399 3488.399 3488.399 3488.399 3488.399 3488.399 3488.399 3488.399 3488.399 3488.399 3488.399 3488.399 3488.399 3488.399 3488.399 3488.399 3488.399 3488.399 3488.399 3488.399 3488.399 3488.399 3488.399 3488.399 3488.399 3488.399 3488.456 3488.537 3488.619 3488.7 3488.827 3489.195 3489.562 3489.929 3490.297 3490.664 3491.031 3491.399 3491.766 3492.115 3492.261 3492.408 3492.555 3492.702 3492.92 3493.195 3493.469 3493.744 3494.018 3494.266 3494.514 3494.761 3495.009
3487.447 3487.447 3487.447 3487.447 3487.447 3487.447 3487.447 3487.447 3487.447 3487.447 3487.447 3487.447 3487.447 3487.447 3487.447 3487.447 3487.447 3487.447 3487.447 3487.447 3487.447 3487.447 3487.447 3487.447 3487.447 3487.447 3487.447 3487.447 3487.447 3487.447 3487.447 3487.447 3487.447 3487.447 3487.447 3487.447 3487.537 3487.667 3487.797 3487.927 3488.094 3488.462 3488.829 3489.197 3489.564 3489.932 3490.299 3490.667 3491.034 3491.382 3491.529 3491.676 3491.823 3491.97 3492.205 3492.512 3492.819 3493.126 3493.433 3493.696 3493.96 3494.224 3494.488
3486.495 3486.495 3486.495 3486.495 3486.495 3486.495 3486.495 3486.495 3486.495 3486.495 3486.495 3486.495 3486.495 3486.495 3486.495 3486.495 3486.495 3486.495 3486.495 3486.495 3486.495 3486.495 3486.495 3486.495 3486.495 3486.495 3486.495 3486.495 3486.495 3486.495 3486.495 3486.495 3486.495 3486.495 3486.495 3486.495 3486.619 3486.797 3486.975 3487.154 3487.362 3487.729 3488.097 3488.464 3488.832 3489.199 3489.567 3489.934 3490.302 3490.65 3490.797 3490.944 3491.091 3491.238 3491.49 3491.83 3492.169 3492.508 3492.847 3493.127 3493.407 3493.687 3493.966
3485.571 3485.571 3485.571 3485.571 3485.571 3485.571 3485.571 3485.571 3485.571 3485.571 3485.571 3485.571 3485.571 3485.571 3485.571 3485.571 3485.571 3485.571 3485.571 3485.571 3485.571 3485.571 3485.571 3485.571 3485.571 3485.571 3485.571 3485.571 3485.571 3485.571 3485.571 3485.571 3485.573 3485.574 3485.575 3485.577 3485.73 3485.949 3486.168 3486.387 3486.63 3487.003 3487.375 3487.747 3488.12 3488.486 3488.848 3489.211 3489.573 3489.918 3490.071 3490.224 3490.377 3490.531 3490.802 3491.169 3491.537 3491.904 3492.271 3492.569 3492.867 3493.165 3493.463
3484.839 3484.839 3484.839 3484.839 3484.839 3484.839 3484.839 3484.839 3484.839 3484.839 3484.839 3484.839 3484.839 3484.839 3484.839 3484.839 3484.839 3484.839 3484.839 3484.839 3484.839 3484.839 3484.839 3484.839 3484.839 3484.839 3484.839 3484.839 3484.839 3484.839 3484.839 3484.841 3484.854 3484.866 3484.878 3484.89 3485.039 3485.247 3485.455 3485.664 3485.904 3486.314 3486.724 3487.134 3487.544 3487.901 3488.226 3488.551 3488.875 3489.189 3489.391 3489.593 3489.795 3489.996 3490.289 3490.657 3491.024 3491.392 3491.759 3492.089 3492.419 3492.75 3493.08
3484.106 3484.106 3484.106 3484.106 3484.106 3484.106 3484.106 3484.106 3484.106 3484.106 3484.106 3484.106 3484.106 3484.106 3484.106 3484.106 3484.106 3484.106 3484.106 3484.106 3484.106 3484.106 3484.106 3484.106 3484.106 3484.106 3484.106 3484.106 3484.106 3484.106 3484.106 3484.112 3484.134 3484.157 3484.18 3484.203 3484.348 3484.545 3484.743 3484.94 3485.177 3485.625 3486.073 3486.521 3486.968 3487.316 3487.603 3487.89 3488.177 3488.461 3488.711 3488.962 3489.212 3489.462 3489.777 3490.144 3490.511 3490.879 3491.246 3491.609 3491.972 3492.334 3492.697
3483.374 3483.374 3483.374 3483.374 3483.374 3483.374 3483.374 3483.374 3483.374 3483.374 3483.374 3483.374 3483.374 3483.374 3483.374 3483.374 3483.374 3483.374 3483.374 3483.374 3483.374 3483.374 3483.374 3483.374 3483.374 3483.374 3483.374 3483.374 3483.374 3483.374 3483.374 3483.382 3483.415 3483.449 3483.483 3483.516 3483.656 3483.843 3484.03 3484.217 3484.451 3484.937 3485.422 3485.907 3486.393 3486.731 3486.98 3487.23 3487.479 3487.733 3488.032 3488.33 3488.629 3488.927 3489.264 3489.631 3489.999 3490.366 3490.734 3491.129 3491.524 3491.919 3492.314
3482.641 3482.641 3482.641 3482.641 3482.641 3482.641 3482.641 3482.641 3482.641 3482.641 3482.641 3482.641 3482.641 3482.641 3482.641 3482.641 3482.641 3482.641 3482.641 3482.641 3482.641 3482.641 3482.641 3482.641 3482.641 3482.641 3482.641 3482.641 3482.641 3482.641 3482.641 3482.652 3482.696 3482.74 3482.785 3482.829 3482.965 3483.141 3483.317 3483.493 3483.725 3484.248 3484.771 3485.294 3485.817 3486.146 3486.358 3486.569 3486.781 3487.005 3487.352 3487.699 3488.046 3488.393 3488.751 3489.119 3489.486 3489.854 3490.222 3490.649 3491.076 3491.504 3491.931
3481.781 3481.781 3481.781 3481.781 3481.781 3481.781 3481.781 3481.781 3481.781 3481.781 3481.781 3481.781 3481.781 3481.781 3481.781 3481.781 3481.781 3481.781 3481.781 3481.781 3481.781 3481.781 3481.781 3481.781 3481.781 3481.781 3481.781 3481.781 3481.781 3481.781 3481.781 3481.793 3481.846 3481.898 3481.95 3482.002 3482.174 3482.398 3482.623 3482.847 3483.119 3483.636 3484.153 3484.67 3485.187 3485.517 3485.735 3485.953 3486.171 3486.401 3486.769 3487.136 3487.504 3487.871 3488.249 3488.635 3489.021 3489.407 3489.794 3490.244 3490.695 3491.145 3491.595
3480.829 3480.829 3480.829 3480.829 3480.829 3480.829 3480.829 3480.829 3480.829 3480.829 3480.829 3480.829 3480.829 3480.829 3480.829 3480.829 3480.829 3480.829 3480.829 3480.829 3480.829 3480.829 3480.829 3480.829 3480.829 3480.829 3480.829 3480.829 3480.829 3480.829 3480.829 3480.843 3480.9 3480.958 3481.015 3481.073 3481.31 3481.626 3481.942 3482.258 3482.6 3483.079 3483.559 3484.038 3484.517 3484.857 3485.113 3485.368 3485.624 3485.889 3486.256 3486.624 3486.991 3487.358 3487.754 3488.172 3488.591 3489.009 3489.428 3489.895 3490.361 3490.827 3491.294
3479.877 3479.877 3479.877 3479.877 3479.877 3479.877 3479.877 3479.877 3479.877 3479.877 3479.877 3479.877 3479.877 3479.877 3479.877 3479.877 3479.877 3479.877 3479.877 3479.877 3479.877 3479.877 3479.877 3479.877 3479.877 3479.877 3479.877 3479.877 3479.877 3479.877 3479.877 3479.892 3479.954 3480.017 3480.08 3480.143 3480.446 3480.853 3481.26 3481.668 3482.081 3482.523 3482.964 3483.406 3483.848 3484.197 3484.49 3484.783 3485.076 3485.376 3485.743 3486.111 3486.478 3486.846 3487.259 3487.71 3488.16 3488.611 3489.062 3489.545 3490.027 3490.51 3490.992
3478.925 3478.925 3478.925 3478.925 3478.925 3478.925 3478.925 3478.925 3478.925 3478.925 3478.925 3478.925 3478.925 3478.925 3478.925 3478.925 3478.925 3478.925 3478.925 3478.925 3478.925 3478.925 3478.925 3478.925 3478.925 3478.925 3478.925 3478.925 3478.925 3478.925 3478.925 3478.94 3479.009 3479.077 3479.145 3479.213 3479.581 3480.08 3480.579 3481.078 3481.562 3481.966 3482.37 3482.774 3483.178 3483.537 3483.867 3484.198 3484.529 3484.863 3485.23 3485.598 3485.965 3486.333 3486.764 3487.247 3487.73 3488.213 3488.696 3489.195 3489.694 3490.192 3490.691
3477.972 3477.972 3477.972 3477.972 3477.972 3477.972 3477.972 3477.972 3477.972 3477.972 3477.972 3477.972 3477.972 3477.972 3477.972 3477.972 3477.972 3477.972 3477.972 3477.972 3477.972 3477.972 3477.972 3477.972 3477.972 3477.972 3477.972 3477.972 3477.972 3477.972 3477.972 3477.99 3478.063 3478.137 3478.211 3478.285 3478.717 3479.306 3479.895 3480.484 3481.038 3481.407 3481.777 3482.146 3482.515 3482.885 3483.254 3483.623 3483.991 3484.36 3484.73 3485.099 3485.469 3485.838 3486.288 3486.802 3487.316 3487.831 3488.345 3488.86 3489.376 3489.891 3490.406
3477.02 3477.02 3477.02 3477.02 3477.02 3477.02 3477.02 3477.02 3477.02 3477.02 3477.02 3477.02 3477.02 3477.02 3477.02 3477.02 3477.02 3477.02 3477.02 3477.02 3477.02 3477.02 3477.02 3477.02 3477.02 3477.02 3477.02 3477.02 3477.02 3477.02 3477.02 3477.041 3477.131 3477.221 3477.311 3477.401 3477.861 3478.482 3479.103 3479.724 3480.316 3480.756 3481.195 3481.635 3482.074 3482.503 3482.926 3483.349 3483.771 3484.196 3484.635 3485.074 3485.514 3485.953 3486.434 3486.948 3487.463 3487.977 3488.492 3489.04 3489.587 3490.135 3490.682
3476.068 3476.068 3476.068 3476.068 3476.068 3476.068 3476.068 3476.068 3476.068 3476.068 3476.068 3476.068 3476.068 3476.068 3476.068 3476.068 3476.068 3476.068 3476.068 3476.068 3476.068 3476.068 3476.068 3476.068 3476.068 3476.068 3476.068 3476.068 3476.068 3476.068 3476.068 3476.093 3476.199 3476.305 3476.411 3476.518 3477.004 3477.658 3478.311 3478.965 3479.595 3480.104 3480.614 3481.123 3481.633 3482.122 3482.598 3483.075 3483.551 3484.031 3484.54 3485.05 3485.559 3486.068 3486.581 3487.095 3487.609 3488.124 3488.639 3489.219 3489.799 3490.379 3490.958
3475.116 3475.116 3475.116 3475.116 3475.116 3475.116 3475.116 3475.116 3475.116 3475.116 3475.116 3475.116 3475.116 3475.116 3475.116 3475.116 3475.116 3475.116 3475.116 3475.116 3475.116 3475.116 3475.116 3475.116 3475.116 3475.116 3475.116 3475.116 3475.116 3475.116 3475.116 3475.144 3475.266 3475.389 3475.511 3475.634 3476.148 3476.833 3477.519 3478.205 3478.874 3479.453 3480.032 3480.612 3481.191 3481.74 3482.271 3482.801 3483.331 3483.866 3484.445 3485.025 3485.604 3486.184 3486.727 3487.241 3487.756 3488.27 3488.786 3489.398 3490.01 3490.623 3491.235
3474.163 3474.163 3474.163 3474.163 3474.163 3474.163 3474.163 3474.163 3474.163 3474.163 3474.163 3474.163 3474.163 3474.163 3474.163 3474.163 3474.163 3474.163 3474.163 3474.163 3474.163 3474.163 3474.163 3474.163 3474.163 3474.163 3474.163 3474.163 3474.163 3474.163 3474.163 3474.196 3474.334 3474.473 3474.611 3474.75 3475.291 3476.009 3476.727 3477.445 3478.152 3478.802 3479.451 3480.1 3480.75 3481.358 3481.943 3482.527 3483.111 3483.701 3484.35 3485.0 3485.649 3486.299 3486.874 3487.388 3487.902 3488.417 3488.933 3489.577 3490.222 3490.866 3491.511
3473.309 3473.301 3473.293 3473.285 3473.281 3473.281 3473.281 3473.281 3473.281 3473.281 3473.281 3473.281 3473.281 3473.281 3473.281 3473.281 3473.281 3473.281 3473.281 3473.281 3473.281 3473.281 3473.281 3473.281 3473.281 3473.281 3473.281 3473.287 3473.295 3473.302 3473.31 3473.356 3473.529 3473.702 3473.875 3474.047 3474.598 3475.315 3476.032 3476.749 3477.465 3478.179 3478.894 3479.608 3480.322 3480.99 3481.631 3482.271 3482.912 3483.558 3484.257 3484.955 3485.654 3486.353 3486.966 3487.508 3488.051 3488.594 3489.138 3489.813 3490.487 3491.161 3491.835
3472.56 3472.536 3472.512 3472.489 3472.475 3472.475 3472.475 3472.475 3472.475 3472.475 3472.475 3472.475 3472.475 3472.475 3472.475 3472.475 3472.475 3472.475 3472.475 3472.475 3472.475 3472.475 3472.475 3472.475 3472.475 3472.475 3472.475 3472.494 3472.518 3472.542 3472.565 3472.636 3472.863 3473.089 3473.316 3473.542 3474.084 3474.763 3475.442 3476.121 3476.815 3477.589 3478.362 3479.135 3479.909 3480.636 3481.336 3482.036 3482.736 3483.438 3484.164 3484.889 3485.615 3486.341 3486.998 3487.6 3488.202 3488.804 3489.407 3490.108 3490.81 3491.51 3492.212
3471.812 3471.772 3471.732 3471.692 3471.67 3471.67 3471.67 3471.67 3471.67 3471.67 3471.67 3471.67 3471.67 3471.67 3471.67 3471.67 3471.67 3471.67 3471.67 3471.67 3471.67 3471.67 3471.67 3471.67 3471.67 3471.67 3471.67 3471.7 3471.74 3471.781 3471.821 3471.917 3472.197 3472.477 3472.757 3473.038 3473.569 3474.211 3474.852 3475.494 3476.166 3476.998 3477.831 3478.663 3479.496 3480.283 3481.042 3481.801 3482.56 3483.318 3484.071 3484.823 3485.576 3486.329 3487.031 3487.692 3488.353 3489.014 3489.676 3490.404 3491.132 3491.86 3492.588
3471.064 3471.007 3470.951 3470.895 3470.864 3470.864 3470.864 3470.864 3470.864 3470.864 3470.864 3470.864 3470.864 3470.864 3470.864 3470.864 3470.864 3470.864 3470.864 3470.864 3470.864 3470.864 3470.864 3470.864 3470.864 3470.864 3470.864 3470.907 3470.963 3471.02 3471.076 3471.197 3471.531 3471.865 3472.199 3472.533 3473.055 3473.659 3474.262 3474.866 3475.516 3476.408 3477.299 3478.191 3479.083 3479.929 3480.747 3481.565 3482.384 3483.199 3483.978 3484.758 3485.537 3486.317 3487.063 3487.784 3488.504 3489.224 3489.945 3490.7 3491.455 3492.21 3492.965
3470.315 3470.243 3470.171 3470.098 3470.058 3470.058 3470.058 3470.058 3470.058 3470.058 3470.058 3470.058 3470.058 3470.058 3470.058 3470.058 3470.058 3470.058 3470.058 3470.058 3470.058 3470.058 3470.058 3470.058 3470.058 3470.058 3470.058 3470.114 3470.186 3470.259 3470.331 3470.477 3470.865 3471.252 3471.64 3472.028 3472.54 3473.106 3473.673 3474.239 3474.866 3475.817 3476.768 3477.719 3478.67 3479.575 3480.453 3481.33 3482.208 3483.079 3483.885 3484.692 3485.498 3486.304 3487.096 3487.875 3488.655 3489.435 3490.214 3490.996 3491.778 3492.56 3493.342
3469.363 3469.275 3469.186 3469.098 3469.042 3469.027 3469.012 3468.997 3468.982 3468.981 3468.981 3468.981 3468.981 3468.981 3468.981 3468.981 3468.981 3468.981 3468.981 3468.981 3468.981 3468.981 3468.995 3469.04 3469.084 3469.129 3469.174 3469.287 3469.421 3469.554 3469.688 3469.89 3470.322 3470.754 3471.186 3471.617 3472.144 3472.712 3473.281 3473.849 3474.472 3475.383 3476.293 3477.203 3478.114 3478.997 3479.864 3480.73 3481.597 3482.46 3483.283 3484.107 3484.93 3485.753 3486.591 3487.439 3488.288 3489.137 3489.985 3490.834 3491.683 3492.531 3493.38
3468.395 3468.29 3468.186 3468.081 3468.009 3467.978 3467.947 3467.916 3467.885 3467.882 3467.882 3467.882 3467.882 3467.882 3467.882 3467.882 3467.882 3467.882 3467.882 3467.882 3467.882 3467.882 3467.911 3468.004 3468.097 3468.191 3468.284 3468.458 3468.656 3468.854 3469.052 3469.314 3469.789 3470.264 3470.739 3471.214 3471.757 3472.331 3472.905 3473.479 3474.098 3474.96 3475.822 3476.684 3477.546 3478.401 3479.251 3480.102 3480.953 3481.802 3482.642 3483.481 3484.321 3485.16 3486.043 3486.962 3487.88 3488.799 3489.718 3490.636 3491.555 3492.474 3493.393
