data/zism_data/00721_02_D.txt
ncols         224
nrows         224
[rows 120 to 149 of 224, columns 134 to 200 of 224]
1380.49 1379.771 1378.892 1378.013 1377.134 1376.255 1375.576 1374.913 1374.25 1373.587 1372.761 1371.666 1370.571 1369.476 1368.381 1367.401 1366.445 1365.49 1364.534 1363.636 1362.891 1362.146 1361.402 1360.657 1359.759 1358.803 1357.848 1356.892 1355.909 1354.798 1353.687 1352.576 1351.465 1350.903 1350.673 1350.443 1350.213 1350.0 1350.0 1350.0 1350.0 1350.0 1350.0 1350.0 1350.0 1350.0 1350.0 1350.0 1350.0 1350.0 1350.0 1350.0 1350.0 1350.0 1350.0 1350.0 1350.0 1350.0 1350.0 1350.0 1350.0 1350.0 1350.0 1350.0 1350.0 1350.0 1350.0
1381.561 1380.877 1379.998 1379.12 1378.241 1377.362 1376.663 1375.978 1375.294 1374.609 1373.778 1372.704 1371.631 1370.558 1369.484 1368.49 1367.513 1366.535 1365.557 1364.625 1363.81 1362.995 1362.18 1361.365 1360.432 1359.455 1358.477 1357.5 1356.487 1355.306 1354.125 1352.943 1351.762 1351.137 1350.848 1350.558 1350.269 1350.0 1350.0 1350.0 1350.0 1350.0 1350.0 1350.0 1350.0 1350.0 1350.0 1350.0 1350.0 1350.0 1350.0 1350.0 1350.0 1350.0 1350.0 1350.0 1350.0 1350.0 1350.0 1350.0 1350.0 1350.0 1350.0 1350.0 1350.0 1350.0 1350.0
1382.63 1381.984 1381.105 1380.226 1379.347 1378.468 1377.75 1377.043 1376.337 1375.631 1374.794 1373.743 1372.691 1371.639 1370.587 1369.579 1368.58 1367.581 1366.582 1365.614 1364.729 1363.843 1362.958 1362.073 1361.105 1360.106 1359.107 1358.108 1357.065 1355.813 1354.562 1353.311 1352.059 1351.37 1351.021 1350.673 1350.324 1350.0 1350.0 1350.0 1350.0 1350.0 1350.0 1350.0 1350.0 1350.0 1350.0 1350.0 1350.0 1350.0 1350.0 1350.0 1350.0 1350.0 1350.0 1350.0 1350.0 1350.0 1350.0 1350.0 1350.0 1350.0 1350.0 1350.0 1350.0 1350.0 1350.0
1383.701 1383.091 1382.212 1381.333 1380.454 1379.575 1378.836 1378.108 1377.38 1376.653 1375.811 1374.781 1373.751 1372.72 1371.69 1370.668 1369.647 1368.626 1367.606 1366.603 1365.647 1364.692 1363.736 1362.781 1361.778 1360.757 1359.737 1358.716 1357.643 1356.321 1355.0 1353.678 1352.356 1351.604 1351.196 1350.787 1350.379 1350.0 1350.0 1350.0 1350.0 1350.0 1350.0 1350.0 1350.0 1350.0 1350.0 1350.0 1350.0 1350.0 1350.0 1350.0 1350.0 1350.0 1350.0 1350.0 1350.0 1350.0 1350.0 1350.0 1350.0 1350.0 1350.0 1350.0 1350.0 1350.0 1350.0
1384.771 1384.198 1383.318 1382.44 1381.561 1380.682 1379.923 1379.173 1378.424 1377.674 1376.827 1375.819 1374.81 1373.802 1372.793 1371.757 1370.714 1369.672 1368.63 1367.592 1366.566 1365.54 1364.515 1363.489 1362.451 1361.409 1360.366 1359.324 1358.221 1356.829 1355.437 1354.045 1352.653 1351.837 1351.37 1350.902 1350.434 1350.0 1350.0 1350.0 1350.0 1350.0 1350.0 1350.0 1350.0 1350.0 1350.0 1350.0 1350.0 1350.0 1350.0 1350.0 1350.0 1350.0 1350.0 1350.0 1350.0 1350.0 1350.0 1350.0 1350.0 1350.0 1350.0 1350.0 1350.0 1350.0 1350.0
1385.861 1385.301 1384.415 1383.529 1382.643 1381.757 1380.895 1380.036 1379.176 1378.317 1377.389 1376.349 1375.309 1374.269 1373.229 1372.175 1371.118 1370.061 1369.004 1367.948 1366.895 1365.841 1364.788 1363.734 1362.684 1361.634 1360.584 1359.534 1358.422 1357.017 1355.611 1354.206 1352.8 1351.96 1351.461 1350.962 1350.463 1350.0 1350.0 1350.0 1350.0 1350.0 1350.0 1350.0 1350.0 1350.0 1350.0 1350.0 1350.0 1350.0 1350.0 1350.0 1350.0 1350.0 1350.0 1350.0 1350.0 1350.0 1350.0 1350.0 1350.0 1350.0 1350.0 1350.0 1350.0 1350.0 1350.0
1386.962 1386.402 1385.505 1384.609 1383.712 1382.815 1381.807 1380.791 1379.775 1378.759 1377.711 1376.611 1375.512 1374.413 1373.313 1372.24 1371.172 1370.105 1369.037 1367.972 1366.913 1365.854 1364.795 1363.736 1362.684 1361.634 1360.584 1359.534 1358.425 1357.036 1355.647 1354.257 1352.868 1352.023 1351.508 1350.993 1350.478 1350.0 1350.0 1350.0 1350.0 1350.0 1350.0 1350.0 1350.0 1350.0 1350.0 1350.0 1350.0 1350.0 1350.0 1350.0 1350.0 1350.0 1350.0 1350.0 1350.0 1350.0 1350.0 1350.0 1350.0 1350.0 1350.0 1350.0 1350.0 1350.0 1350.0
1388.063 1387.504 1386.596 1385.688 1384.781 1383.873 1382.719 1381.547 1380.373 1379.2 1378.033 1376.874 1375.715 1374.556 1373.397 1372.305 1371.226 1370.148 1369.069 1367.995 1366.93 1365.866 1364.802 1363.737 1362.684 1361.634 1360.584 1359.534 1358.428 1357.055 1355.682 1354.309 1352.936 1352.087 1351.556 1351.024 1350.493 1350.0 1350.0 1350.0 1350.0 1350.0 1350.0 1350.0 1350.0 1350.0 1350.0 1350.0 1350.0 1350.0 1350.0 1350.0 1350.0 1350.0 1350.0 1350.0 1350.0 1350.0 1350.0 1350.0 1350.0 1350.0 1350.0 1350.0 1350.0 1350.0 1350.0
1389.164 1388.605 1387.687 1386.768 1385.85 1384.931 1383.632 1382.302 1380.972 1379.642 1378.355 1377.136 1375.918 1374.7 1373.482 1372.37 1371.28 1370.191 1369.102 1368.018 1366.948 1365.878 1364.809 1363.739 1362.684 1361.634 1360.584 1359.534 1358.431 1357.074 1355.717 1354.36 1353.003 1352.151 1351.603 1351.056 1350.508 1350.0 1350.0 1350.0 1350.0 1350.0 1350.0 1350.0 1350.0 1350.0 1350.0 1350.0 1350.0 1350.0 1350.0 1350.0 1350.0 1350.0 1350.0 1350.0 1350.0 1350.0 1350.0 1350.0 1350.0 1350.0 1350.0 1350.0 1350.0 1350.0 1350.0
1390.29 1389.731 1388.789 1387.847 1386.906 1385.964 1384.516 1383.029 1381.542 1380.055 1378.642 1377.353 1376.065 1374.776 1373.487 1372.344 1371.232 1370.12 1369.008 1367.909 1366.843 1365.776 1364.71 1363.644 1362.592 1361.545 1360.498 1359.451 1358.356 1357.031 1355.707 1354.383 1353.058 1352.209 1351.646 1351.084 1350.522 1350.0 1350.0 1350.0 1350.0 1350.0 1350.0 1350.0 1350.0 1350.0 1350.0 1350.0 1350.0 1350.0 1350.0 1350.0 1350.0 1350.0 1350.0 1350.0 1350.0 1350.0 1350.0 1350.0 1350.0 1350.0 1350.0 1350.0 1350.0 1350.0 1350.0
1391.576 1391.01 1389.965 1388.921 1387.876 1386.832 1385.227 1383.577 1381.928 1380.279 1378.712 1377.283 1375.854 1374.424 1372.995 1371.747 1370.538 1369.329 1368.12 1366.966 1365.959 1364.952 1363.946 1362.939 1361.919 1360.893 1359.868 1358.843 1357.789 1356.6 1355.41 1354.221 1353.032 1352.23 1351.662 1351.094 1350.527 1350.0 1350.0 1350.0 1350.0 1350.0 1350.0 1350.0 1350.0 1350.0 1350.0 1350.0 1350.0 1350.0 1350.0 1350.0 1350.0 1350.0 1350.0 1350.0 1350.0 1350.0 1350.0 1350.0 1350.0 1350.0 1350.0 1350.0 1350.0 1350.0 1350.0
1392.862 1392.289 1391.142 1389.995 1388.847 1387.7 1385.937 1384.125 1382.314 1380.502 1378.782 1377.212 1375.642 1374.073 1372.503 1371.151 1369.844 1368.537 1367.231 1366.023 1365.076 1364.129 1363.181 1362.234 1361.246 1360.242 1359.238 1358.235 1357.222 1356.168 1355.114 1354.06 1353.005 1352.251 1351.678 1351.105 1350.532 1350.0 1350.0 1350.0 1350.0 1350.0 1350.0 1350.0 1350.0 1350.0 1350.0 1350.0 1350.0 1350.0 1350.0 1350.0 1350.0 1350.0 1350.0 1350.0 1350.0 1350.0 1350.0 1350.0 1350.0 1350.0 1350.0 1350.0 1350.0 1350.0 1350.0
1394.148 1393.568 1392.318 1391.068 1389.818 1388.568 1386.647 1384.674 1382.7 1380.726 1378.852 1377.142 1375.432 1373.721 1372.011 1370.554 1369.15 1367.746 1366.342 1365.08 1364.193 1363.305 1362.417 1361.529 1360.573 1359.591 1358.609 1357.627 1356.656 1355.736 1354.817 1353.898 1352.979 1352.272 1351.694 1351.115 1350.537 1350.0 1350.0 1350.0 1350.0 1350.0 1350.0 1350.0 1350.0 1350.0 1350.0 1350.0 1350.0 1350.0 1350.0 1350.0 1350.0 1350.0 1350.0 1350.0 1350.0 1350.0 1350.0 1350.0 1350.0 1350.0 1350.0 1350.0 1350.0 1350.0 1350.0
1395.433 1394.847 1393.494 1392.142 1390.789 1389.437 1387.358 1385.222 1383.086 1380.95 1378.922 1377.071 1375.22 1373.37 1371.519 1369.957 1368.456 1366.955 1365.454 1364.138 1363.309 1362.481 1361.652 1360.824 1359.9 1358.939 1357.979 1357.018 1356.089 1355.305 1354.521 1353.737 1352.953 1352.293 1351.709 1351.126 1350.542 1350.0 1350.0 1350.0 1350.0 1350.0 1350.0 1350.0 1350.0 1350.0 1350.0 1350.0 1350.0 1350.0 1350.0 1350.0 1350.0 1350.0 1350.0 1350.0 1350.0 1350.0 1350.0 1350.0 1350.0 1350.0 1350.0 1350.0 1350.0 1350.0 1350.0
1396.266 1395.751 1394.466 1393.181 1391.897 1390.612 1388.381 1386.077 1383.772 1381.468 1379.212 1377.037 1374.861 1372.686 1370.511 1368.868 1367.336 1365.805 1364.273 1362.952 1362.187 1361.421 1360.656 1359.89 1359.021 1358.112 1357.203 1356.294 1355.423 1354.731 1354.038 1353.346 1352.654 1352.065 1351.539 1351.014 1350.488 1350.0 1350.0 1350.0 1350.0 1350.0 1350.0 1350.0 1350.0 1350.0 1350.0 1350.0 1350.0 1350.0 1350.0 1350.0 1350.0 1350.0 1350.0 1350.0 1350.0 1350.0 1350.0 1350.0 1350.0 1350.0 1350.0 1350.0 1350.0 1350.0 1350.0
1396.82 1396.424 1395.312 1394.2 1393.089 1391.977 1389.598 1387.121 1384.643 1382.166 1379.637 1377.024 1374.411 1371.798 1369.185 1367.475 1365.954 1364.433 1362.912 1361.618 1360.917 1360.216 1359.515 1358.814 1358.014 1357.175 1356.337 1355.498 1354.697 1354.069 1353.442 1352.814 1352.187 1351.683 1351.255 1350.826 1350.397 1350.0 1350.0 1350.0 1350.0 1350.0 1350.0 1350.0 1350.0 1350.0 1350.0 1350.0 1350.0 1350.0 1350.0 1350.0 1350.0 1350.0 1350.0 1350.0 1350.0 1350.0 1350.0 1350.0 1350.0 1350.0 1350.0 1350.0 1350.0 1350.0 1350.0
1397.373 1397.097 1396.158 1395.219 1394.28 1393.341 1390.815 1388.165 1385.514 1382.864 1380.062 1377.012 1373.961 1370.91 1367.859 1366.082 1364.572 1363.062 1361.552 1360.283 1359.647 1359.011 1358.375 1357.739 1357.007 1356.239 1355.471 1354.703 1353.97 1353.407 1352.845 1352.282 1351.719 1351.301 1350.97 1350.639 1350.307 1350.0 1350.0 1350.0 1350.0 1350.0 1350.0 1350.0 1350.0 1350.0 1350.0 1350.0 1350.0 1350.0 1350.0 1350.0 1350.0 1350.0 1350.0 1350.0 1350.0 1350.0 1350.0 1350.0 1350.0 1350.0 1350.0 1350.0 1350.0 1350.0 1350.0
1397.927 1397.77 1397.004 1396.238 1395.472 1394.706 1392.032 1389.208 1386.385 1383.562 1380.488 1376.999 1373.511 1370.022 1366.534 1364.689 1363.19 1361.691 1360.192 1358.948 1358.377 1357.806 1357.235 1356.664 1356.001 1355.303 1354.605 1353.907 1353.244 1352.746 1352.248 1351.75 1351.252 1350.919 1350.685 1350.451 1350.217 1350.0 1350.0 1350.0 1350.0 1350.0 1350.0 1350.0 1350.0 1350.0 1350.0 1350.0 1350.0 1350.0 1350.0 1350.0 1350.0 1350.0 1350.0 1350.0 1350.0 1350.0 1350.0 1350.0 1350.0 1350.0 1350.0 1350.0 1350.0 1350.0 1350.0
1398.432 1398.385 1397.781 1397.178 1396.574 1395.97 1393.156 1390.17 1387.183 1384.197 1380.859 1376.94 1373.022 1369.103 1365.184 1363.276 1361.79 1360.305 1358.819 1357.605 1357.106 1356.607 1356.108 1355.609 1355.018 1354.391 1353.765 1353.139 1352.547 1352.114 1351.681 1351.248 1350.815 1350.563 1350.419 1350.276 1350.133 1350.0 1350.0 1350.0 1350.0 1350.0 1350.0 1350.0 1350.0 1350.0 1350.0 1350.0 1350.0 1350.0 1350.0 1350.0 1350.0 1350.0 1350.0 1350.0 1350.0 1350.0 1350.0 1350.0 1350.0 1350.0 1350.0 1350.0 1350.0 1350.0 1350.0
1398.5 1398.49 1397.951 1397.412 1396.873 1396.334 1393.455 1390.393 1387.33 1384.268 1380.747 1376.466 1372.186 1367.905 1363.624 1361.684 1360.236 1358.789 1357.341 1356.192 1355.828 1355.464 1355.099 1354.735 1354.244 1353.704 1353.165 1352.625 1352.115 1351.747 1351.379 1351.011 1350.643 1350.435 1350.324 1350.214 1350.103 1350.0 1350.0 1350.0 1350.0 1350.0 1350.0 1350.0 1350.0 1350.0 1350.0 1350.0 1350.0 1350.0 1350.0 1350.0 1350.0 1350.0 1350.0 1350.0 1350.0 1350.0 1350.0 1350.0 1350.0 1350.0 1350.0 1350.0 1350.0 1350.0 1350.0
1398.568 1398.595 1398.121 1397.647 1397.172 1396.698 1393.754 1390.616 1387.478 1384.34 1380.635 1375.992 1371.35 1366.707 1362.064 1360.092 1358.682 1357.272 1355.862 1354.778 1354.549 1354.32 1354.091 1353.862 1353.471 1353.017 1352.564 1352.111 1351.684 1351.381 1351.078 1350.774 1350.471 1350.308 1350.229 1350.151 1350.073 1350.0 1350.0 1350.0 1350.0 1350.0 1350.0 1350.0 1350.0 1350.0 1350.0 1350.0 1350.0 1350.0 1350.0 1350.0 1350.0 1350.0 1350.0 1350.0 1350.0 1350.0 1350.0 1350.0 1350.0 1350.0 1350.0 1350.0 1350.0 1350.0 1350.0
1398.636 1398.7 1398.29 1397.881 1397.472 1397.063 1394.052 1390.839 1387.625 1384.411 1380.523 1375.518 1370.514 1365.509 1360.504 1358.5 1357.128 1355.756 1354.384 1353.364 1353.27 1353.176 1353.083 1352.989 1352.697 1352.33 1351.964 1351.597 1351.253 1351.014 1350.776 1350.537 1350.299 1350.181 1350.135 1350.089 1350.043 1350.0 1350.0 1350.0 1350.0 1350.0 1350.0 1350.0 1350.0 1350.0 1350.0 1350.0 1350.0 1350.0 1350.0 1350.0 1350.0 1350.0 1350.0 1350.0 1350.0 1350.0 1350.0 1350.0 1350.0 1350.0 1350.0 1350.0 1350.0 1350.0 1350.0
1398.704 1398.804 1398.46 1398.116 1397.771 1397.427 1394.351 1391.062 1387.772 1384.483 1380.411 1375.044 1369.678 1364.311 1358.944 1356.908 1355.574 1354.24 1352.906 1351.95 1351.991 1352.033 1352.074 1352.115 1351.924 1351.643 1351.363 1351.083 1350.821 1350.648 1350.474 1350.301 1350.127 1350.053 1350.04 1350.026 1350.013 1350.0 1350.0 1350.0 1350.0 1350.0 1350.0 1350.0 1350.0 1350.0 1350.0 1350.0 1350.0 1350.0 1350.0 1350.0 1350.0 1350.0 1350.0 1350.0 1350.0 1350.0 1350.0 1350.0 1350.0 1350.0 1350.0 1350.0 1350.0 1350.0 1350.0
1398.708 1398.872 1398.605 1398.338 1398.071 1397.804 1394.752 1391.481 1388.211 1384.94 1380.771 1375.114 1369.458 1363.802 1358.145 1356.072 1354.754 1353.435 1352.117 1351.185 1351.27 1351.355 1351.44 1351.525 1351.394 1351.182 1350.969 1350.756 1350.559 1350.431 1350.303 1350.176 1350.048 1350.0 1350.0 1350.0 1350.0 1350.0 1350.0 1350.0 1350.0 1350.0 1350.0 1350.0 1350.0 1350.0 1350.0 1350.0 1350.0 1350.0 1350.0 1350.0 1350.0 1350.0 1350.0 1350.0 1350.0 1350.0 1350.0 1350.0 1350.0 1350.0 1350.0 1350.0 1350.0 1350.0 1350.0
1398.666 1398.914 1398.733 1398.553 1398.372 1398.192 1395.225 1392.041 1388.857 1385.673 1381.468 1375.574 1369.68 1363.786 1357.891 1355.777 1354.459 1353.14 1351.822 1350.884 1350.947 1351.011 1351.074 1351.138 1351.04 1350.881 1350.723 1350.564 1350.417 1350.321 1350.226 1350.131 1350.036 1350.0 1350.0 1350.0 1350.0 1350.0 1350.0 1350.0 1350.0 1350.0 1350.0 1350.0 1350.0 1350.0 1350.0 1350.0 1350.0 1350.0 1350.0 1350.0 1350.0 1350.0 1350.0 1350.0 1350.0 1350.0 1350.0 1350.0 1350.0 1350.0 1350.0 1350.0 1350.0 1350.0 1350.0
1398.623 1398.955 1398.861 1398.767 1398.673 1398.579 1395.699 1392.601 1389.504 1386.406 1382.166 1376.034 1369.902 1363.77 1357.638 1355.482 1354.163 1352.845 1351.526 1350.583 1350.625 1350.666 1350.708 1350.75 1350.686 1350.581 1350.477 1350.372 1350.275 1350.212 1350.149 1350.086 1350.024 1350.0 1350.0 1350.0 1350.0 1350.0 1350.0 1350.0 1350.0 1350.0 1350.0 1350.0 1350.0 1350.0 1350.0 1350.0 1350.0 1350.0 1350.0 1350.0 1350.0 1350.0 1350.0 1350.0 1350.0 1350.0 1350.0 1350.0 1350.0 1350.0 1350.0 1350.0 1350.0 1350.0 1350.0
1398.581 1398.996 1398.989 1398.981 1398.974 1398.966 1396.173 1393.162 1390.151 1387.14 1382.863 1376.493 1370.123 1363.754 1357.384 1355.187 1353.868 1352.55 1351.231 1350.282 1350.302 1350.322 1350.342 1350.362 1350.331 1350.281 1350.23 1350.18 1350.133 1350.102 1350.072 1350.042 1350.011 1350.0 1350.0 1350.0 1350.0 1350.0 1350.0 1350.0 1350.0 1350.0 1350.0 1350.0 1350.0 1350.0 1350.0 1350.0 1350.0 1350.0 1350.0 1350.0 1350.0 1350.0 1350.0 1350.0 1350.0 1350.0 1350.0 1350.0 1350.0 1350.0 1350.0 1350.0 1350.0 1350.0 1350.0
1398.531 1399.027 1399.104 1399.181 1399.257 1399.334 1396.624 1393.695 1390.767 1387.839 1383.528 1376.933 1370.338 1363.742 1357.147 1354.911 1353.592 1352.274 1350.955 1350.0 1350.0 1350.0 1350.0 1350.0 1350.0 1350.0 1350.0 1350.0 1350.0 1350.0 1350.0 1350.0 1350.0 1350.0 1350.0 1350.0 1350.0 1350.0 1350.0 1350.0 1350.0 1350.0 1350.0 1350.0 1350.0 1350.0 1350.0 1350.0 1350.0 1350.0 1350.0 1350.0 1350.0 1350.0 1350.0 1350.0 1350.0 1350.0 1350.0 1350.0 1350.0 1350.0 1350.0 1350.0 1350.0 1350.0 1350.0
1398.366 1398.905 1399.036 1399.167 1399.298 1399.429 1396.747 1393.846 1390.944 1388.043 1383.731 1377.087 1370.443 1363.8 1357.155 1354.911 1353.592 1352.274 1350.955 1350.0 1350.0 1350.0 1350.0 1350.0 1350.0 1350.0 1350.0 1350.0 1350.0 1350.0 1350.0 1350.0 1350.0 1350.0 1350.0 1350.0 1350.0 1350.0 1350.0 1350.0 1350.0 1350.0 1350.0 1350.0 1350.0 1350.0 1350.0 1350.0 1350.0 1350.0 1350.0 1350.0 1350.0 1350.0 1350.0 1350.0 1350.0 1350.0 1350.0 1350.0 1350.0 1350.0 1350.0 1350.0 1350.0 1350.0 1350.0
1398.202 1398.784 1398.969 1399.153 1399.338 1399.523 1396.87 1393.996 1391.122 1388.247 1383.934 1377.242 1370.549 1363.857 1357.164 1354.911 1353.592 1352.274 1350.955 1350.0 1350.0 1350.0 1350.0 1350.0 1350.0 1350.0 1350.0 1350.0 1350.0 1350.0 1350.0 1350.0 1350.0 1350.0 1350.0 1350.0 1350.0 1350.0 1350.0 1350.0 1350.0 1350.0 1350.0 1350.0 1350.0 1350.0 1350.0 1350.0 1350.0 1350.0 1350.0 1350.0 1350.0 1350.0 1350.0 1350.0 1350.0 1350.0 1350.0 1350.0 1350.0 1350.0 1350.0 1350.0 1350.0 1350.0 1350.0
