data/zism_data/00728_01_D.txt
ncols         224
nrows         224
[rows 0 to 27 of 224, columns 0 to 62 of 224]
708.2914 715.1487 722.0059 728.8632 735.7738 742.8248 749.8757 756.9266 763.9777 769.473 774.4193 779.3656 784.3119 790.3988 800.9667 811.5346 822.1025 832.6705 843.2112 853.7383 864.2654 874.7926 884.5697 889.347 894.1243 898.9017 903.679 906.3493 907.5807 908.8121 910.0434 911.4048 914.8785 918.3523 921.8261 925.2999 932.4585 942.9951 953.5317 964.0684 974.6049 978.6226 982.5443 986.4661 990.3878 992.2797 991.6834 991.0872 990.4908 989.8946 995.9294 1002.596 1009.262 1015.928 1023.546 1032.737 1041.929 1051.12 1060.311 1054.306 1045.418 1036.531 1027.643
706.3283 711.4941 716.6598 721.8256 727.285 733.5173 739.7497 745.9819 752.2143 757.9569 763.5267 769.0964 774.6662 781.2281 791.6876 802.147 812.6066 823.066 833.8489 844.7935 855.7381 866.6827 876.774 881.1772 885.5805 889.9837 894.387 896.0711 895.8983 895.7255 895.5527 895.5939 899.111 902.6281 906.1453 909.6624 917.7724 930.0927 942.413 954.7332 967.0535 972.1495 977.1393 982.1292 987.1189 989.582 988.9478 988.3135 987.6793 987.045 992.8191 999.2034 1005.588 1011.972 1018.979 1027.016 1035.052 1043.089 1051.125 1045.825 1037.994 1030.164 1022.334
704.3653 707.8395 711.3137 714.788 718.7962 724.2099 729.6236 735.0372 740.4509 746.4408 752.6341 758.8273 765.0206 772.0574 782.4084 792.7595 803.1106 813.4616 824.4867 835.8487 847.2108 858.5728 868.9783 873.0074 877.0366 881.0658 885.095 885.793 884.216 882.639 881.0621 879.7829 883.3434 886.9039 890.4644 894.0249 903.0862 917.1902 931.2942 945.3981 959.5021 965.6765 971.7344 977.7922 983.85 986.8842 986.212 985.5399 984.8677 984.1955 989.7088 995.8112 1001.914 1008.016 1014.412 1021.294 1028.176 1035.058 1041.939 1037.343 1030.57 1023.797 1017.024
706.3339 709.3524 712.3708 715.3893 718.9318 723.8531 728.7744 733.6957 738.6171 744.4929 750.7056 756.9184 763.1311 770.0376 779.6692 789.3009 798.9327 808.5644 818.892 829.5677 840.2434 850.9191 860.6703 864.2595 867.8486 871.4377 875.0269 875.108 872.7933 870.4787 868.1641 866.1714 869.4108 872.6501 875.8895 879.129 888.2719 902.8265 917.3812 931.9359 946.4906 953.5941 960.5881 967.582 974.5759 978.3442 978.1581 977.9722 977.7861 977.6002 982.778 988.4665 994.1552 999.8438 1005.721 1011.91 1018.098 1024.287 1030.476 1027.072 1021.849 1016.626 1011.403
710.5115 713.7686 717.0256 720.2826 723.9128 728.5251 733.1375 737.7497 742.362 747.9208 753.8137 759.7065 765.5994 772.0353 780.6043 789.1734 797.7426 806.3116 815.4141 824.7832 834.1523 843.5214 852.0743 855.1863 858.2983 861.4104 864.5225 864.1941 861.5162 858.8383 856.1604 853.795 856.5086 859.2221 861.9356 864.6491 873.3849 887.6415 901.8979 916.1545 930.4109 938.3597 946.2157 954.0717 961.9276 966.5212 967.116 967.7106 968.3054 968.9 973.7002 978.9008 984.1015 989.3022 994.7117 1000.467 1006.222 1011.977 1017.732 1015.795 1012.399 1009.003 1005.607
714.689 718.1846 721.6802 725.1757 728.8937 733.197 737.5003 741.8035 746.1068 751.3486 756.9216 762.4946 768.0676 774.033 781.5394 789.046 796.5525 804.059 811.9362 819.9988 828.0613 836.1239 843.4785 846.1135 848.7484 851.3834 854.0184 853.2806 850.2394 847.1984 844.1572 841.4192 843.6069 845.7945 847.9821 850.1698 858.4985 872.4569 886.4152 900.3735 914.3318 923.1258 931.8438 940.5618 949.2797 954.6988 956.0742 957.4495 958.8248 960.2002 964.6227 969.3354 974.0482 978.761 983.7031 989.0244 994.3457 999.667 1004.988 1004.518 1002.949 1001.38 999.8106
718.8666 722.6007 726.3348 730.0689 733.8746 737.8689 741.8632 745.8574 749.8516 754.7764 760.0295 765.2827 770.5358 776.0306 782.4745 788.9185 795.3624 801.8063 808.4584 815.2144 821.9705 828.7264 834.8827 837.0406 839.1985 841.3564 843.5143 842.3671 838.9627 835.5584 832.1541 829.0433 830.7051 832.3669 834.0287 835.6904 843.6122 857.2723 870.9324 884.5926 898.2527 907.8918 917.4719 927.0518 936.6317 942.8763 945.0323 947.1884 949.3444 951.5004 955.5453 959.7701 963.995 968.2198 972.6944 977.582 982.4696 987.3572 992.2449 993.2408 993.4988 993.7567 994.0147
724.5984 728.7295 732.8606 736.9917 741.0512 744.9221 748.793 752.6638 756.5347 761.1379 765.9996 770.8613 775.7229 780.6555 785.8664 791.0774 796.2884 801.4993 806.7248 811.9575 817.1902 822.4229 827.1773 828.7441 830.3109 831.8777 833.4445 831.9207 828.2864 824.6521 821.0178 817.6622 818.8359 820.0095 821.1832 822.3569 829.7817 842.9368 856.092 869.2471 882.4022 892.7822 903.1214 913.4606 923.7997 930.8367 933.8257 936.8148 939.8039 942.793 946.529 950.3362 954.1434 957.9506 962.0018 966.4563 970.9109 975.3655 979.8201 982.1595 984.098 986.0364 987.9748
741.4849 747.1503 752.8157 758.4811 763.9852 769.0651 774.145 779.2249 784.3047 788.5541 792.5104 796.4667 800.423 804.1355 806.8905 809.6455 812.4005 815.1556 817.5094 819.6627 821.816 823.9692 825.8622 826.0193 826.1765 826.3337 826.4909 824.8268 821.919 819.0112 816.1033 813.4196 814.3763 815.3332 816.29 817.2469 823.5298 834.6953 845.8607 857.0261 868.1915 878.564 888.9249 899.2858 909.6466 917.2387 921.4368 925.6348 929.8329 934.0309 937.9514 941.8453 945.7393 949.6332 953.577 957.6033 961.6296 965.6559 969.6821 972.482 975.0493 977.6166 980.1839
758.3713 765.571 772.7708 779.9705 786.9193 793.2082 799.4971 805.7859 812.0748 815.9703 819.0212 822.0721 825.123 827.6155 827.9146 828.2136 828.5127 828.8118 828.2941 827.3679 826.4418 825.5157 824.547 823.2946 822.0422 820.7897 819.5374 817.7329 815.5516 813.3702 811.1889 809.1769 809.9169 810.6569 811.3969 812.1368 817.278 826.4537 835.6294 844.8051 853.9808 864.3459 874.7285 885.1111 895.4936 903.6408 909.0479 914.4549 919.8619 925.269 929.3737 933.3544 937.3351 941.3158 945.1523 948.7503 952.3483 955.9463 959.5443 962.8044 966.0007 969.1968 972.393
775.2584 783.9924 792.7265 801.4605 809.8542 817.3521 824.85 832.3478 839.8458 843.3875 845.533 847.6784 849.8239 851.0963 848.9394 846.7824 844.6254 842.4684 839.079 835.0734 831.0678 827.0622 823.2318 820.5698 817.9077 815.2456 812.5836 810.6388 809.184 807.7291 806.2743 804.9341 805.4572 805.9803 806.5035 807.0266 811.0259 818.2119 825.3978 832.5837 839.7697 850.1273 860.5316 870.9359 881.34 890.0424 896.6584 903.2745 909.8906 916.5067 920.7958 924.8632 928.9307 932.9982 936.7273 939.897 943.0667 946.2363 949.406 953.1266 956.9517 960.7768 964.6019
792.1448 802.4131 812.6815 822.9499 832.7883 841.4952 850.2021 858.9089 867.6158 870.8037 872.0438 873.2838 874.5239 874.5764 869.9634 865.3505 860.7376 856.1247 849.8637 842.7786 835.6936 828.6086 821.9167 817.845 813.7733 809.7017 805.6299 803.5449 802.8166 802.0882 801.3599 800.6915 800.9977 801.304 801.6102 801.9165 804.774 809.9703 815.1665 820.3627 825.559 835.9091 846.3351 856.761 867.187 876.4444 884.2695 892.0946 899.9197 907.7448 912.2182 916.3723 920.5266 924.6807 928.3026 931.0439 933.7853 936.5267 939.2681 943.449 947.903 952.357 956.811
807.4756 819.0096 830.5436 842.0776 852.9883 862.2588 871.5292 880.7996 890.07 892.9029 893.4636 894.0243 894.585 893.7047 887.1634 880.622 874.0806 867.5392 859.028 849.532 840.0359 830.5399 821.7141 817.3566 812.9991 808.6417 804.2842 802.4058 802.2205 802.0352 801.8498 801.6557 801.3192 800.9827 800.6461 800.3096 802.1088 805.8657 809.6227 813.3796 817.1366 826.877 836.7054 846.5339 856.3622 865.3878 873.4291 881.4705 889.5118 897.5532 901.8284 905.745 909.6616 913.5782 916.8733 919.1404 921.4077 923.6749 925.9421 930.2621 934.9715 939.6809 944.3903
821.7879 834.4116 847.0353 859.6591 871.3983 880.8096 890.2211 899.6324 909.0438 911.5207 911.5501 911.5795 911.6089 909.9839 901.8594 893.735 885.6105 877.486 867.1315 855.662 844.1926 832.7231 822.2401 818.3326 814.4251 810.5176 806.6102 805.1656 805.4032 805.6407 805.8782 806.0291 804.7709 803.5127 802.2545 800.9963 801.7918 804.4699 807.1479 809.826 812.5042 821.2405 830.0659 838.8914 847.7167 855.9951 863.6027 871.2103 878.8179 886.4255 890.2523 893.7188 897.1854 900.652 903.4767 905.2397 907.0027 908.7657 910.5287 914.7775 919.4977 924.2179 928.9381
836.1002 849.8137 863.5271 877.2405 889.8082 899.3605 908.9129 918.4651 928.0175 930.1385 929.6366 929.1346 928.6328 926.263 916.5555 906.848 897.1404 887.4329 875.235 861.7922 848.3492 834.9064 822.766 819.3085 815.8511 812.3936 808.9361 807.9255 808.5859 809.2463 809.9067 810.4025 808.2226 806.0428 803.8629 801.683 801.4749 803.0741 804.6733 806.2725 807.8716 815.6039 823.4264 831.2488 839.0712 846.6023 853.7762 860.9501 868.124 875.2979 878.676 881.6926 884.7092 887.7258 890.0801 891.3389 892.5977 893.8565 895.1153 899.2928 904.0239 908.7549 913.486
850.4124 865.2156 880.0188 894.822 908.2181 917.9114 927.6047 937.298 946.9913 948.7563 947.7231 946.6899 945.6566 942.5422 931.2516 919.9609 908.6703 897.3796 883.3386 867.9222 852.5059 837.0897 823.2919 820.2845 817.277 814.2695 811.262 810.6853 811.7686 812.8519 813.9352 814.7759 811.6743 808.5728 805.4713 802.3698 801.158 801.6783 802.1985 802.7189 803.2392 809.9673 816.7869 823.6063 830.4257 837.2096 843.9498 850.6899 857.4301 864.1703 867.0999 869.6664 872.233 874.7997 876.6835 877.4381 878.1927 878.9473 879.7019 883.8081 888.55 893.2919 898.0338
864.2429 880.1069 895.9708 911.8347 926.0098 935.7407 945.4714 955.2021 964.933 966.3092 964.7367 963.1642 961.5917 957.7371 944.9172 932.0972 919.2773 906.4573 890.7496 873.5981 856.4466 839.2951 824.0613 821.612 819.1627 816.7133 814.264 814.1019 815.5018 816.9017 818.3016 819.3847 815.3184 811.2521 807.1859 803.1196 800.9035 800.3833 799.863 799.3428 798.8226 804.5334 810.3358 816.1382 821.9406 827.9364 834.1694 840.4023 846.6353 852.8682 855.3073 857.3851 859.4628 861.5406 862.9426 863.2272 863.5117 863.7963 864.0808 868.102 872.8318 877.5616 882.2914
872.97 889.5875 906.205 922.8225 937.2526 945.9262 954.5999 963.2734 971.9471 972.5867 970.3907 968.1948 965.9988 961.4525 947.6731 933.8936 920.114 906.3345 890.831 874.4656 858.1002 841.7347 827.4066 826.6595 825.9125 825.1655 824.4184 824.4671 825.0593 825.6514 826.2436 826.4833 820.9966 815.51 810.0234 804.5367 801.3104 800.1558 799.0013 797.8468 796.6923 801.2452 805.882 810.5188 815.1556 819.9323 824.8804 829.8285 834.7766 839.7247 841.2303 842.4081 843.586 844.7638 845.5641 845.7403 845.9164 846.0925 846.2687 850.0583 854.5333 859.0084 863.4833
881.697 899.0681 916.4391 933.8102 948.4952 956.1118 963.7282 971.3447 978.9611 978.8641 976.0447 973.2253 970.4059 965.168 950.429 935.6899 920.9507 906.2117 890.9124 875.333 859.7537 844.1743 830.7517 831.707 832.6623 833.6176 834.5728 834.8323 834.6168 834.4011 834.1855 833.582 826.6749 819.7679 812.8608 805.9538 801.7172 799.9284 798.1396 796.3508 794.562 797.9569 801.4282 804.8994 808.3706 811.9281 815.5914 819.2546 822.9178 826.5811 827.1534 827.4313 827.7091 827.987 828.1857 828.2534 828.3211 828.3888 828.4565 832.0147 836.2349 840.4551 844.6753
890.4241 908.5487 926.6733 944.798 959.7379 966.2972 972.8566 979.4159 985.9752 985.1417 981.6988 978.2559 974.8131 968.8835 953.1849 937.4862 921.7875 906.0888 890.9937 876.2004 861.4072 846.614 834.0969 836.7545 839.4121 842.0697 844.7273 845.1976 844.1742 843.1508 842.1274 840.6805 832.3531 824.0258 815.6983 807.3709 802.124 799.7009 797.2778 794.8547 792.4316 794.6687 796.9744 799.28 801.5856 803.924 806.3024 808.6807 811.0591 813.4376 813.0764 812.4543 811.8323 811.2102 810.8072 810.7665 810.7258 810.6851 810.6443 813.9711 817.9365 821.9019 825.8672
899.1511 918.0294 936.9075 955.7857 970.9807 976.4828 981.985 987.4871 992.9893 991.4191 987.3528 983.2865 979.2202 972.599 955.9409 939.2825 922.6243 905.9659 891.0751 877.0679 863.0607 849.0535 837.4421 841.802 846.1619 850.5218 854.8817 855.5628 853.7316 851.9005 850.0693 847.7792 838.0314 828.2836 818.5358 808.788 802.5309 799.4734 796.4161 793.3586 790.3013 791.3805 792.5205 793.6606 794.8006 795.9198 797.0134 798.1069 799.2004 800.294 798.9995 797.4775 795.9554 794.4334 793.4287 793.2796 793.1304 792.9813 792.8322 795.9274 799.638 803.3486 807.0592
905.069 924.029 942.9891 961.9492 976.9869 981.7031 986.4192 991.1353 995.8514 993.4742 988.5934 983.7126 978.8318 971.5623 954.909 938.2556 921.6021 904.9486 891.4688 879.5757 867.6826 855.7896 846.1674 851.6842 857.2011 862.718 868.2348 868.3305 864.724 861.1176 857.5111 853.4846 842.6338 831.783 820.9321 810.0813 803.1409 799.785 796.4292 793.0733 789.7175 789.926 790.187 790.448 790.709 790.7114 790.3969 790.0823 789.7678 789.4532 787.0654 784.4801 781.8948 779.3096 777.6478 777.5135 777.3792 777.2449 777.1105 780.4109 784.3628 788.3147 792.2665
908.8531 927.3849 945.9167 964.4484 979.0161 983.1521 987.2881 991.4241 995.5601 992.3222 986.4818 980.6414 974.8009 966.9161 951.0001 935.084 919.1679 903.2518 892.0996 883.3295 874.5593 865.7891 858.9794 865.239 871.4987 877.7582 884.0179 882.9235 876.8067 870.69 864.5732 858.1321 846.4193 834.7064 822.9935 811.2806 803.9053 800.506 797.1068 793.7076 790.3083 789.8644 789.4639 789.0635 788.663 787.6264 785.8101 783.9937 782.1774 780.361 776.7585 772.9858 769.2133 765.4406 763.0798 763.0539 763.028 763.0021 762.9762 766.8135 771.3834 775.9533 780.5233
912.6373 930.7407 948.8442 966.9476 981.0452 984.6011 988.157 991.7129 995.2687 991.1703 984.3702 977.5702 970.7701 962.27 947.0914 931.9126 916.7338 901.555 892.7305 887.0831 881.4357 875.7883 871.7909 878.7933 885.7957 892.7981 899.8005 897.5159 888.889 880.2621 871.6352 862.7794 850.2045 837.6296 825.0547 812.4798 804.6697 801.2271 797.7844 794.3418 790.8992 789.8028 788.7408 787.679 786.6171 784.5415 781.2234 777.9053 774.5872 771.2691 766.4519 761.492 756.532 751.5721 748.5122 748.5948 748.6773 748.7598 748.8424 753.2164 758.4044 763.5924 768.7804
916.4214 934.0965 951.7717 969.4468 983.0743 986.0501 989.0259 992.0016 994.9774 990.0184 982.2587 974.499 966.7394 957.624 943.1826 928.7411 914.2997 899.8582 893.3613 890.8367 888.3121 885.7875 884.6024 892.3475 900.0927 907.8379 915.5831 912.1083 900.9712 889.8342 878.6971 867.4268 853.9898 840.5529 827.116 813.6791 805.434 801.948 798.462 794.976 791.4901 789.7411 788.0178 786.2945 784.5712 781.4567 776.6368 771.817 766.9971 762.1772 756.1454 749.9982 743.8509 737.7036 733.9447 734.1356 734.3266 734.5176 734.7086 739.6194 745.4254 751.2314 757.0375
919.9792 937.222 954.4647 971.7075 984.8724 987.306 989.7396 992.1732 994.6069 988.8174 980.1257 971.434 962.7424 953.0333 939.3273 925.6213 911.9152 898.2092 893.9752 894.4772 894.9793 895.4814 897.0168 905.4423 913.8677 922.2931 930.7185 926.1244 912.639 899.1538 885.6685 872.1445 857.9919 843.8393 829.6867 815.5341 806.9167 803.3732 799.8296 796.286 792.7424 790.2758 787.825 785.3741 782.9233 778.7231 772.3785 766.0341 759.6895 753.345 746.1501 738.8743 731.5984 724.3224 719.9143 720.2489 720.5836 720.9182 721.2528 726.6925 733.1005 739.5084 745.9164
919.2705 936.0037 952.7368 969.4699 982.3133 984.9204 987.5275 990.1346 992.7417 986.693 977.5893 968.4855 959.3818 949.4861 936.4796 923.4729 910.4662 897.4596 894.2683 895.9848 897.7012 899.4177 901.9442 909.8708 917.7974 925.724 933.6506 929.273 916.4925 903.712 890.9315 878.1899 866.0813 853.9726 841.864 829.7552 821.9457 818.0768 814.208 810.3391 806.4703 802.054 797.6297 793.2054 788.7812 782.6149 774.3132 766.0115 757.7098 749.4081 742.0233 734.7257 727.4282 720.1306 716.0133 717.1557 718.2982 719.4406 720.583 726.4022 733.1083 739.8145 746.5206
918.5618 934.7853 951.0089 967.2324 979.7542 982.5348 985.3154 988.0959 990.8766 984.5685 975.0528 965.537 956.0212 945.939 933.6319 921.3246 909.0173 896.71 894.5615 897.4923 900.4232 903.3541 906.8714 914.2993 921.7271 929.155 936.5828 932.4216 920.3459 908.2703 896.1946 884.2354 874.1707 864.106 854.0412 843.9764 836.9747 832.7805 828.5864 824.3922 820.1981 813.8322 807.4345 801.0367 794.6391 786.5067 776.2478 765.989 755.7301 745.4713 737.8964 730.5772 723.2579 715.9387 712.1123 714.0625 716.0128 717.963 719.9132 726.1118 733.1161 740.1204 747.1248
