data/zism_data/00729_02_D.txt
ncols         224
nrows         224
[rows 87 to 115 of 224, columns 128 to 191 of 224]
409.3708 407.0147 402.3955 395.0026 387.6095 380.2166 372.8237 366.959 361.2401 355.5211 349.8022 348.764 355.4671 362.1704 368.8735 375.5768 386.1307 397.4152 408.6993 419.9838 430.979 441.314 451.6493 461.9842 472.3195 476.7091 479.3041 481.899 484.4939 485.6347 481.9586 478.2827 474.6066 470.9307 462.0831 450.9724 439.8621 428.7514 416.2473 396.3932 376.5397 356.6855 336.8321 316.709 296.424 276.1382 255.8532 236.616 228.3865 220.1569 211.9271 203.6975 200.0 200.0 200.0 200.0 200.0 200.0 200.0 200.0 200.0 200.0 200.0 200.0
397.5089 393.641 387.8447 379.6851 371.5251 363.3655 355.2058 349.8464 344.7539 339.6612 334.5687 334.0043 340.9287 347.8534 354.7778 361.7025 373.4036 386.0111 398.6182 411.2257 423.6966 435.8565 448.0169 460.1768 472.3371 477.6476 480.8905 484.1333 487.3763 488.892 484.6868 480.4816 476.2764 472.0713 462.101 449.608 437.1154 424.6225 411.0417 391.7221 372.4032 353.0836 333.7646 314.2367 294.5835 274.9296 255.2764 236.616 228.3865 220.1569 211.9271 203.6975 200.0 200.0 200.0 200.0 200.0 200.0 200.0 200.0 200.0 200.0 200.0 200.0
385.6475 380.2678 373.2944 364.368 355.4414 346.515 337.5886 332.7344 328.2682 323.8018 319.3357 319.245 326.3907 333.5368 340.6825 347.8286 360.677 374.6075 388.5374 402.4678 416.4145 430.3993 444.3846 458.3694 472.3547 478.5861 482.4769 486.3676 490.2585 492.1493 487.4148 482.6805 477.946 473.2118 462.1189 448.2437 434.3689 420.4937 405.8363 387.0512 368.2668 349.4818 330.6974 311.7646 292.7431 273.721 254.6995 236.616 228.3865 220.1569 211.9271 203.6975 200.0 200.0 200.0 200.0 200.0 200.0 200.0 200.0 200.0 200.0 200.0 200.0
375.3197 368.4774 360.3678 350.7052 341.0422 331.3796 321.717 317.2746 313.3296 309.3844 305.4394 305.7099 312.9521 320.1945 327.4367 334.6792 348.5011 363.5714 378.6411 393.7114 408.9423 424.5417 440.1417 455.7411 471.3411 478.4464 482.9875 487.5285 492.0697 494.3491 489.1366 483.9243 478.7119 473.4996 461.4036 446.2954 431.1877 416.0795 400.473 382.2356 363.9989 345.7616 327.5249 309.17 290.7446 272.3186 253.8933 236.3591 228.1873 220.0155 211.8434 203.6716 200.0 200.0 200.0 200.0 200.0 200.0 200.0 200.0 200.0 200.0 200.0 200.0
381.0956 373.3085 364.4916 354.4133 344.3345 334.2562 324.1778 319.1668 314.6387 310.1104 305.5823 305.0316 311.059 317.0866 323.1139 329.1415 342.1117 356.3989 370.6857 384.973 399.4785 414.484 429.4901 444.4956 459.5017 466.9876 472.2038 477.4197 482.6358 485.4474 480.2943 475.1414 469.9883 464.8354 452.9904 438.2169 423.444 408.6705 393.4547 375.9031 358.3522 340.8006 323.2496 305.2911 287.0871 268.8825 250.6786 233.4043 225.8966 218.3889 210.8809 203.3732 200.0 200.0 200.0 200.0 200.0 200.0 200.0 200.0 200.0 200.0 200.0 200.0
386.8716 378.1396 368.6155 358.1214 347.6269 337.1327 326.6386 321.059 315.9478 310.8364 305.7252 304.3534 309.1659 313.9786 318.7911 323.6038 335.7222 349.2265 362.7303 376.2346 390.0147 404.4264 418.8385 433.2501 447.6623 455.5289 461.42 467.3109 473.2019 476.5457 471.452 466.3585 461.2648 456.1713 444.5772 430.1385 415.7003 401.2616 386.4365 369.5706 352.7054 335.8396 318.9743 301.4122 283.4296 265.4464 247.4639 230.4495 223.6059 216.7623 209.9184 203.0748 200.0 200.0 200.0 200.0 200.0 200.0 200.0 200.0 200.0 200.0 200.0 200.0
392.6478 382.9708 372.7395 361.8296 350.9193 340.0093 329.0994 322.9513 317.257 311.5625 305.8682 303.6751 307.2727 310.8705 314.4682 318.0659 329.3325 342.0538 354.7746 367.4959 380.5506 394.3683 408.1865 422.0042 435.8224 444.0698 450.6359 457.2017 463.7677 467.6437 462.6094 457.5753 452.541 447.5069 436.1638 422.0598 407.9564 393.8524 379.418 363.2379 347.0584 330.8784 314.6989 297.5331 279.772 262.0103 244.2491 227.4946 221.3151 215.1356 208.9559 202.7764 200.0 200.0 200.0 200.0 200.0 200.0 200.0 200.0 200.0 200.0 200.0 200.0
398.4237 387.8019 376.8634 365.5377 354.2116 342.8859 331.5602 324.8435 318.5661 312.2885 306.0111 302.9968 305.3797 307.7625 310.1454 312.5283 322.943 334.8813 346.8192 358.7575 371.0868 384.3106 397.5349 410.7587 423.983 432.6111 439.8521 447.0928 454.3338 458.742 453.7671 448.7924 443.8175 438.8428 427.7506 413.9814 400.2127 386.4435 372.3997 356.9055 341.4117 325.9174 310.4236 293.6542 276.1145 258.5742 241.0344 224.5398 219.0244 213.509 207.9935 202.4781 200.0 200.0 200.0 200.0 200.0 200.0 200.0 200.0 200.0 200.0 200.0 200.0
406.7751 395.9488 384.7764 373.1806 361.5844 349.9886 338.3928 331.1175 324.254 317.3902 310.5267 306.9729 308.8932 310.8135 312.7338 314.6541 324.1344 335.0488 345.9628 356.8772 368.0899 379.9852 391.881 403.7763 415.6721 423.6403 430.4232 437.2059 443.9889 448.0756 443.2314 438.3875 433.5434 428.6995 418.0847 404.9447 391.8051 378.6651 365.2094 350.0856 334.9624 319.8387 304.7155 288.4758 271.5619 254.6474 237.7335 221.8651 216.9781 212.0912 207.2041 202.3171 200.1067 200.0799 200.0531 200.0264 200.0 200.0 200.0 200.0 200.0 200.0 200.0 200.0
417.2271 406.8004 395.78 384.0331 372.2856 360.5387 348.7917 340.9658 333.5138 326.0615 318.6094 314.7458 316.8173 318.8888 320.9603 323.0318 331.5104 341.2043 350.8979 360.5919 370.3689 380.3366 390.3046 400.2723 410.2403 416.6998 422.1004 427.5008 432.9014 435.9701 431.315 426.66 422.0049 417.3499 407.3975 395.1268 382.8566 370.5859 357.879 342.8687 327.8589 312.8485 297.8387 282.2374 266.2793 250.3206 234.3626 219.4189 215.1313 210.8437 206.5559 202.2683 200.3004 200.225 200.1496 200.0743 200.0 200.0 200.0 200.0 200.0 200.0 200.0 200.0
427.6795 417.6523 406.7841 394.8859 382.9873 371.0891 359.1909 350.8145 342.7739 334.733 326.6924 322.519 324.7417 326.9644 329.1871 331.4098 338.8866 347.36 355.8332 364.3067 372.648 380.6879 388.7281 396.7681 404.8083 409.759 413.7772 417.7953 421.8135 423.8642 419.3981 414.9322 410.466 406.0001 396.7098 385.3086 373.9077 362.5065 350.5484 335.6514 320.755 305.8581 290.9617 275.9988 260.9965 245.9937 230.9915 216.9727 213.2844 209.5962 205.9078 202.2195 200.4941 200.3701 200.2462 200.1222 200.0 200.0 200.0 200.0 200.0 200.0 200.0 200.0
438.1315 428.5038 417.7877 405.7383 393.6885 381.6391 369.5897 360.6628 352.0337 343.4043 334.7751 330.2919 332.6658 335.0397 337.4136 339.7875 346.2625 353.5156 360.7683 368.0213 374.927 381.0393 387.1518 393.264 399.3765 402.8185 405.4543 408.0901 410.726 411.7588 407.4817 403.2047 398.9276 394.6505 386.0226 375.4907 364.9592 354.4272 343.218 328.4345 313.6515 298.868 284.085 269.7604 255.714 241.667 227.6205 214.5265 211.4376 208.3487 205.2596 202.1707 200.6878 200.5152 200.3427 200.1701 200.0 200.0 200.0 200.0 200.0 200.0 200.0 200.0
448.4749 439.2339 428.6685 416.4807 404.2924 392.1046 379.9168 370.4818 361.3094 352.1366 342.9642 338.2039 340.741 343.2782 345.8154 348.3526 353.8255 359.8555 365.8852 371.9152 377.3816 381.5607 385.7399 389.919 394.0982 396.0246 397.2711 398.5175 399.7639 399.7694 395.6641 391.5589 387.4536 383.3485 375.3706 365.698 356.0257 346.3531 335.8873 321.2366 306.5864 291.9357 277.2855 263.6133 250.533 237.4523 224.372 212.211 209.705 207.1989 204.6928 202.1868 200.9349 200.7062 200.4775 200.2488 200.0234 200.0187 200.014 200.0093 200.0046 200.0019 200.0014 200.001
451.4167 441.6844 431.176 419.7171 408.2579 396.799 385.3401 378.2806 371.6404 365.0 358.3599 355.548 359.0678 362.5877 366.1075 369.6274 374.0815 378.7129 383.3442 387.9756 391.7675 393.6411 395.5148 397.3884 399.2621 399.219 398.5972 397.9754 397.3537 395.6938 390.5949 385.4963 380.3974 375.2987 367.1386 357.6388 348.1393 338.6395 328.5504 315.3522 302.1544 288.9561 275.7584 263.6765 252.2701 240.8634 229.457 218.7778 215.7372 212.6966 209.656 206.6154 204.8111 204.0155 203.2198 202.4242 201.6353 201.3066 200.9779 200.6493 200.3206 200.1334 200.1005 200.0676
454.3587 444.135 433.6836 422.9537 412.2234 401.4935 390.7636 386.0797 381.9719 377.8639 373.756 372.8927 377.3952 381.8979 386.4004 390.903 394.3382 397.571 400.8038 404.0366 406.154 405.722 405.2901 404.8581 404.4261 402.4134 399.9234 397.4334 394.9434 391.6181 385.5256 379.4334 373.3409 367.2487 358.9064 349.5793 340.2527 330.9256 321.2133 309.4676 297.7223 285.9765 274.2312 263.7398 254.0074 244.2746 234.5421 225.3448 221.7697 218.1945 214.6192 211.0441 208.6874 207.3248 205.9622 204.5996 203.2473 202.5946 201.9419 201.2893 200.6366 200.2648 200.1996 200.1343
457.3006 446.5856 436.191 426.1901 416.1888 406.1879 396.1869 393.8785 392.3029 390.7273 389.1517 390.2368 395.722 401.2073 406.6925 412.1779 414.5942 416.4285 418.2627 420.097 420.5399 417.8025 415.065 412.3275 409.5901 405.6078 401.2495 396.8914 392.5331 387.5425 380.4565 373.3707 366.2847 359.1989 350.6744 341.5202 332.3662 323.212 313.8765 303.5832 293.2903 282.9969 272.704 263.8032 255.7445 247.6856 239.627 231.9116 227.8019 223.6922 219.5824 215.4727 212.5636 210.634 208.7045 206.775 204.8592 203.8826 202.9059 201.9292 200.9525 200.3963 200.2986 200.201
460.2426 449.0362 438.6986 429.4266 420.1544 410.8824 401.6104 401.6776 402.6344 403.5912 404.5479 407.5815 414.0494 420.5175 426.9854 433.4535 434.8508 435.2866 435.7223 436.1581 434.9263 429.8834 424.8402 419.7972 414.7541 408.8022 402.5757 396.3493 390.1228 383.4668 375.3872 367.3078 359.2282 351.1489 342.4422 333.4607 324.4796 315.4981 306.5394 297.6986 288.8581 280.0173 271.1768 263.8665 257.4818 251.0968 244.7121 238.4786 233.8343 229.1901 224.5457 219.9014 216.4399 213.9434 211.4469 208.9504 206.4712 205.1705 203.8699 202.5692 201.2685 200.5278 200.3977 200.2677
463.0419 451.8969 442.1224 434.0287 425.9348 417.8411 409.7474 411.569 414.335 417.1011 419.8671 424.0549 430.594 437.1332 443.6723 450.2115 450.7095 450.0617 449.414 448.7663 446.2773 439.5796 432.8816 426.1839 419.486 412.0089 404.2964 396.5841 388.8716 380.8953 372.0442 363.1934 354.3423 345.4915 336.8372 328.2687 319.7005 311.132 302.7639 295.4504 288.1372 280.8237 273.5105 267.6949 262.7852 257.8754 252.9657 248.0648 243.2578 238.4509 233.6438 228.8368 224.8321 221.4821 218.132 214.782 211.449 209.2821 207.1151 204.9481 202.7811 201.4765 201.1127 200.7488
465.686 455.205 446.546 440.1208 433.6955 427.2703 420.8452 423.7437 427.5302 431.3167 435.1032 439.5791 445.1949 450.8109 456.4266 462.0425 461.7715 460.3839 458.9965 457.6089 454.3177 446.675 439.0322 431.3896 423.7467 415.2294 406.4477 397.6663 388.8846 379.9644 370.5841 361.2041 351.8238 342.4438 334.0981 326.2045 318.3112 310.4176 302.8733 297.1689 291.4647 285.7603 280.0561 275.631 271.9795 268.3278 264.6763 260.9453 256.3813 251.8173 247.2532 242.6892 238.1513 233.6351 229.1186 224.6024 220.0989 216.474 212.849 209.2241 205.5992 203.317 202.4996 201.6822
468.33 458.5131 450.9694 446.2127 441.4559 436.6992 431.9426 435.9179 440.7248 445.5319 450.3389 455.1028 459.7953 464.488 469.1805 473.8732 472.8331 470.7057 468.5785 466.4512 462.3578 453.7703 445.1825 436.5951 428.0073 418.4497 408.5989 398.7484 388.8976 379.0336 369.1241 359.2149 349.3054 339.3963 331.3589 324.1403 316.9219 309.7032 302.9827 298.8874 294.7921 290.6968 286.6016 283.5668 281.1734 278.7799 276.3864 273.8253 269.5043 265.1833 260.8621 256.5411 251.4701 245.7876 240.1049 234.4224 228.7485 223.6657 218.5828 213.5 208.4171 205.1574 203.8864 202.6155
470.974 461.8211 455.3928 452.3046 449.2163 446.1281 443.0399 448.0921 453.9195 459.7471 465.5745 470.6265 474.3958 478.1652 481.9344 485.7038 483.8947 481.0276 478.1606 475.2935 470.3979 460.8656 451.3329 441.8005 432.2679 421.67 410.7501 399.8306 388.9107 378.1027 367.664 357.2257 346.787 336.3487 328.6198 322.0761 315.5326 308.9889 303.0921 300.6058 298.1196 295.6332 293.147 291.5026 290.3673 289.2319 288.0966 286.7054 282.6273 278.5492 274.471 270.3929 264.7888 257.9402 251.0912 244.2425 237.3981 230.8574 224.3165 217.7759 211.235 206.9978 205.2733 203.5489
473.618 465.1293 459.8164 458.3967 456.977 455.5573 454.1377 460.2668 467.1146 473.9628 480.8107 486.1508 488.9967 491.8428 494.6888 497.5348 494.9567 491.3498 487.743 484.1361 478.4383 467.9611 457.4834 447.0062 436.5286 424.8904 412.9014 400.9128 388.9237 377.1719 366.204 355.2365 344.2686 333.3011 325.8806 320.0118 314.1432 308.2745 303.2016 302.3243 301.4471 300.5699 299.6926 299.4387 299.5615 299.6844 299.8072 299.5858 295.7507 291.9156 288.0804 284.2453 278.1081 270.0931 262.0779 254.0629 246.0479 238.0493 230.0505 222.0519 214.053 208.8382 206.6602 204.4823
478.7471 472.1026 468.6739 469.1873 469.7007 470.2141 470.7275 475.913 481.5433 487.1738 492.8041 496.7116 497.7695 498.8274 499.8853 500.9433 497.1546 492.4467 487.739 483.0311 476.3835 465.3022 454.2204 443.1391 432.0573 420.505 408.81 397.1155 385.4205 374.114 364.0921 354.0706 344.0488 334.0273 328.2135 324.2405 320.2676 316.2946 313.0036 313.3083 313.6128 313.9174 314.222 314.8773 315.7445 316.6118 317.479 317.8784 313.3656 308.8528 304.3398 299.8271 292.5357 282.978 273.42 263.8623 254.3149 245.484 236.6528 227.8218 218.9906 212.8887 209.7637 206.6388
484.0292 479.3016 477.8045 480.2673 482.7302 485.1931 487.6559 491.7734 496.0483 500.3234 504.5984 506.9673 506.1839 505.4005 504.617 503.8336 498.8072 492.976 487.1451 481.3138 473.7074 462.0429 450.378 438.7135 427.0486 415.6513 404.3344 393.0178 381.7009 370.925 361.9401 352.9554 343.9705 334.9858 330.8587 328.8566 326.8546 324.8526 323.4025 324.8627 326.3229 327.7831 329.2433 330.7782 332.3582 333.9383 335.5183 336.5046 331.2575 326.0103 320.763 315.5158 307.0321 295.9084 284.7845 273.6608 262.5585 252.9338 243.3087 233.6839 224.0589 217.0753 212.9729 208.8707
489.3112 486.5004 486.9348 491.347 495.7593 500.1715 504.5837 507.6332 510.5529 513.4727 516.3923 517.2228 514.5981 511.9733 509.3485 506.7238 500.4597 493.5053 486.5511 479.5967 471.0314 458.7838 446.5357 434.2881 422.04 410.7979 399.8589 388.9203 377.9813 367.7362 359.7881 351.8403 343.8922 335.9443 333.5037 333.4726 333.4414 333.4103 333.8011 336.4168 339.0325 341.6483 344.2639 346.6785 348.9713 351.2642 353.557 355.1302 349.1487 343.1672 337.1855 331.204 321.528 308.8384 296.1485 283.459 270.8019 260.3833 249.9644 239.5458 229.1269 221.2618 216.182 211.1024
494.5933 493.6994 496.0654 502.427 508.7888 515.1505 521.5121 523.4937 525.058 526.6223 528.1866 527.4786 523.0125 518.5463 514.0803 509.614 502.1123 494.0346 485.9572 477.8794 468.3553 455.5245 442.6933 429.8625 417.0312 405.9442 395.3832 384.8226 374.2616 364.5473 357.6361 350.7251 343.8138 336.9029 336.1489 338.0887 340.0284 341.9683 344.2 347.9713 351.7426 355.5139 359.2852 362.5794 365.585 368.5907 371.5963 373.7565 367.0406 360.3248 353.6086 346.8928 336.0244 321.7689 307.5129 293.2574 279.0456 267.8332 256.6203 245.4079 234.1951 225.4484 219.3912 213.3343
501.3453 502.561 506.6171 514.1546 521.6923 529.2298 536.7672 537.5436 537.676 537.8083 537.9407 535.6596 529.3874 523.115 516.8428 510.5703 501.8053 492.5671 483.3292 474.0911 463.7789 451.0114 438.2433 425.4758 412.7078 402.3313 392.6764 383.0217 373.3668 364.6767 359.1813 353.6861 348.1908 342.6956 343.3274 346.6399 349.9523 353.2648 356.779 361.3575 365.9359 370.5144 375.0928 378.6492 381.5875 384.5259 387.4643 389.5001 382.0609 374.6217 367.1822 359.7429 347.9345 332.5623 317.1896 301.8174 286.4975 274.7608 263.0237 251.2869 239.5498 230.1303 223.2382 216.3464
510.2502 513.8578 519.2507 526.8314 534.4123 541.9929 549.5735 548.9437 547.5319 546.1199 544.7081 540.8034 532.7764 524.7491 516.7221 508.6948 498.6287 488.1755 477.7227 467.2696 456.4196 444.6618 432.9035 421.1457 409.3874 400.5349 392.5593 384.5839 376.6082 369.6649 366.1406 362.6163 359.0919 355.5677 357.1449 360.9541 364.7632 368.5724 372.5515 377.427 382.3024 387.1779 392.0532 394.9677 396.6965 398.4253 400.1541 401.024 392.8775 384.731 376.5841 368.4376 356.0586 340.2275 324.3958 308.5648 292.7906 280.9243 269.0576 257.1913 245.3245 235.5378 228.0194 220.5013
519.1548 525.1544 531.8839 539.5077 547.1318 554.7556 562.3795 560.3434 557.3874 554.4313 551.4752 545.947 536.1652 526.3831 516.6014 506.8193 495.4522 483.7841 472.1165 460.4484 449.0605 438.3124 427.5639 416.8157 406.0672 398.7386 392.4422 386.146 379.8495 374.6531 373.0996 371.5462 369.9927 368.4393 370.9618 375.2678 379.5736 383.8796 388.3235 393.496 398.6683 403.8407 409.013 411.2857 411.805 412.3242 412.8435 412.5476 403.6937 394.8399 385.9857 377.1319 364.1824 347.8924 331.6018 315.3119 299.0836 287.0876 275.0913 263.0954 251.0991 240.9452 232.8004 224.6559
