data/zism_data/00731_03_D.txt
ncols         224
nrows         224
[rows 0 to 27 of 224, columns 63 to 125 of 224]
1147.697 1147.501 1147.306 1147.11 1146.914 1146.722 1146.53 1146.339 1146.147 1145.992 1145.959 1145.926 1145.893 1145.86 1145.85 1145.85 1145.85 1145.85 1145.855 1145.889 1145.922 1145.955 1145.988 1146.081 1146.212 1146.342 1146.473 1146.617 1146.902 1147.188 1147.474 1147.759 1148.002 1148.21 1148.418 1148.626 1148.832 1148.869 1148.906 1148.943 1148.981 1148.715 1148.12 1147.525 1146.929 1146.334 1145.442 1144.531 1143.62 1142.71 1141.781 1140.826 1139.87 1138.915 1137.96 1136.93 1135.889 1134.848 1133.806 1132.737 1131.61 1130.483 1129.356
1147.974 1147.755 1147.536 1147.317 1147.097 1146.878 1146.659 1146.44 1146.221 1146.052 1146.049 1146.047 1146.044 1146.042 1146.035 1146.026 1146.017 1146.008 1146.0 1146.0 1146.0 1146.0 1146.0 1146.094 1146.245 1146.396 1146.546 1146.709 1146.999 1147.29 1147.58 1147.87 1148.121 1148.342 1148.562 1148.783 1149.0 1149.0 1149.0 1149.0 1149.0 1148.678 1148.005 1147.332 1146.659 1145.986 1145.109 1144.22 1143.331 1142.441 1141.522 1140.559 1139.596 1138.633 1137.67 1136.656 1135.635 1134.614 1133.593 1132.549 1131.458 1130.368 1129.277
1148.148 1147.934 1147.72 1147.506 1147.293 1147.079 1146.865 1146.651 1146.438 1146.27 1146.257 1146.244 1146.23 1146.217 1146.18 1146.133 1146.086 1146.039 1146.0 1146.0 1146.0 1146.0 1146.0 1146.104 1146.271 1146.438 1146.605 1146.782 1147.055 1147.329 1147.603 1147.877 1148.121 1148.342 1148.562 1148.783 1149.0 1149.0 1149.0 1149.0 1149.0 1148.655 1147.933 1147.212 1146.49 1145.768 1144.858 1143.936 1143.014 1142.092 1141.14 1140.145 1139.149 1138.154 1137.159 1136.169 1135.18 1134.192 1133.203 1132.197 1131.155 1130.113 1129.071
1148.321 1148.113 1147.905 1147.696 1147.488 1147.28 1147.071 1146.863 1146.654 1146.489 1146.465 1146.44 1146.416 1146.392 1146.326 1146.241 1146.156 1146.071 1146.0 1146.0 1146.0 1146.0 1146.0 1146.114 1146.297 1146.481 1146.664 1146.854 1147.111 1147.369 1147.627 1147.884 1148.121 1148.342 1148.562 1148.783 1149.0 1149.0 1149.0 1149.0 1149.0 1148.632 1147.861 1147.091 1146.32 1145.55 1144.606 1143.652 1142.698 1141.743 1140.759 1139.731 1138.703 1137.675 1136.647 1135.682 1134.726 1133.769 1132.813 1131.845 1130.852 1129.858 1128.865
1148.495 1148.292 1148.089 1147.886 1147.683 1147.48 1147.277 1147.074 1146.871 1146.707 1146.672 1146.637 1146.602 1146.567 1146.471 1146.349 1146.226 1146.103 1146.0 1146.0 1146.0 1146.0 1146.0 1146.124 1146.324 1146.523 1146.723 1146.926 1147.167 1147.409 1147.65 1147.892 1148.121 1148.342 1148.562 1148.783 1149.0 1149.0 1149.0 1149.0 1149.0 1148.608 1147.789 1146.97 1146.151 1145.332 1144.355 1143.368 1142.381 1141.394 1140.377 1139.317 1138.257 1137.196 1136.136 1135.194 1134.271 1133.347 1132.423 1131.493 1130.548 1129.604 1128.659
1148.668 1148.471 1148.273 1148.076 1147.878 1147.681 1147.483 1147.286 1147.088 1146.926 1146.88 1146.834 1146.788 1146.742 1146.617 1146.456 1146.296 1146.135 1146.0 1146.0 1146.0 1146.0 1146.0 1146.135 1146.35 1146.566 1146.782 1146.998 1147.224 1147.449 1147.674 1147.899 1148.121 1148.342 1148.562 1148.783 1149.0 1149.0 1149.0 1149.0 1149.0 1148.585 1147.717 1146.849 1145.982 1145.114 1144.103 1143.084 1142.064 1141.045 1139.996 1138.903 1137.81 1136.717 1135.624 1134.707 1133.816 1132.925 1132.033 1131.141 1130.245 1129.349 1128.453
1148.689 1148.512 1148.336 1148.159 1147.982 1147.809 1147.636 1147.463 1147.29 1147.141 1147.069 1146.996 1146.924 1146.852 1146.727 1146.579 1146.43 1146.282 1146.157 1146.157 1146.157 1146.157 1146.157 1146.278 1146.471 1146.665 1146.858 1147.053 1147.266 1147.479 1147.692 1147.904 1148.121 1148.342 1148.562 1148.783 1149.0 1149.0 1149.0 1149.0 1149.0 1148.578 1147.696 1146.815 1145.933 1145.051 1144.02 1142.98 1141.939 1140.899 1139.834 1138.731 1137.629 1136.527 1135.425 1134.484 1133.568 1132.651 1131.734 1130.818 1129.901 1128.985 1128.068
1148.648 1148.499 1148.349 1148.199 1148.05 1147.907 1147.767 1147.626 1147.486 1147.354 1147.25 1147.145 1147.04 1146.936 1146.823 1146.708 1146.592 1146.476 1146.378 1146.378 1146.378 1146.378 1146.378 1146.475 1146.631 1146.786 1146.942 1147.102 1147.304 1147.505 1147.707 1147.909 1148.121 1148.342 1148.562 1148.783 1149.0 1149.0 1149.0 1149.0 1149.0 1148.578 1147.696 1146.815 1145.933 1145.051 1144.005 1142.948 1141.892 1140.835 1139.76 1138.658 1137.556 1136.453 1135.351 1134.368 1133.403 1132.438 1131.472 1130.507 1129.542 1128.577 1127.611
1148.607 1148.485 1148.362 1148.24 1148.117 1148.006 1147.898 1147.79 1147.682 1147.568 1147.431 1147.293 1147.156 1147.019 1146.92 1146.836 1146.753 1146.669 1146.599 1146.599 1146.599 1146.599 1146.599 1146.673 1146.79 1146.908 1147.026 1147.15 1147.341 1147.532 1147.723 1147.914 1148.121 1148.342 1148.562 1148.783 1149.0 1149.0 1149.0 1149.0 1149.0 1148.578 1147.696 1146.815 1145.933 1145.051 1143.989 1142.917 1141.844 1140.771 1139.686 1138.584 1137.482 1136.38 1135.277 1134.252 1133.238 1132.224 1131.21 1130.196 1129.182 1128.168 1127.154
1148.566 1148.471 1148.375 1148.28 1148.184 1148.104 1148.029 1147.954 1147.878 1147.781 1147.611 1147.442 1147.272 1147.103 1147.016 1146.965 1146.914 1146.863 1146.82 1146.82 1146.82 1146.82 1146.82 1146.87 1146.95 1147.03 1147.109 1147.198 1147.378 1147.558 1147.739 1147.919 1148.121 1148.342 1148.562 1148.783 1149.0 1149.0 1149.0 1149.0 1149.0 1148.578 1147.696 1146.815 1145.933 1145.051 1143.974 1142.885 1141.796 1140.707 1139.613 1138.51 1137.408 1136.306 1135.204 1134.136 1133.073 1132.011 1130.948 1129.885 1128.823 1127.76 1126.697
1148.513 1148.449 1148.384 1148.32 1148.255 1148.2 1148.147 1148.094 1148.041 1147.955 1147.761 1147.567 1147.373 1147.179 1147.102 1147.075 1147.049 1147.022 1147.0 1147.0 1147.0 1147.0 1147.0 1147.033 1147.086 1147.139 1147.192 1147.255 1147.422 1147.59 1147.757 1147.925 1148.121 1148.342 1148.562 1148.783 1149.0 1149.0 1149.0 1149.0 1149.0 1148.578 1147.696 1146.815 1145.933 1145.051 1143.962 1142.859 1141.757 1140.655 1139.553 1138.451 1137.348 1136.246 1135.144 1134.042 1132.939 1131.837 1130.735 1129.632 1128.53 1127.428 1126.326
1148.405 1148.389 1148.374 1148.358 1148.342 1148.281 1148.207 1148.132 1148.057 1147.958 1147.774 1147.591 1147.408 1147.225 1147.143 1147.106 1147.069 1147.031 1147.0 1147.0 1147.0 1147.0 1147.0 1147.047 1147.121 1147.196 1147.271 1147.351 1147.497 1147.643 1147.789 1147.935 1148.121 1148.342 1148.562 1148.783 1149.0 1149.0 1149.0 1149.0 1149.0 1148.578 1147.696 1146.815 1145.933 1145.051 1143.962 1142.859 1141.757 1140.655 1139.553 1138.451 1137.348 1136.246 1135.144 1134.042 1132.939 1131.837 1130.735 1129.632 1128.53 1127.428 1126.326
1148.297 1148.33 1148.363 1148.396 1148.429 1148.363 1148.267 1148.17 1148.074 1147.96 1147.788 1147.615 1147.443 1147.271 1147.185 1147.137 1147.089 1147.041 1147.0 1147.0 1147.0 1147.0 1147.0 1147.06 1147.156 1147.253 1147.349 1147.448 1147.572 1147.696 1147.82 1147.944 1148.121 1148.342 1148.562 1148.783 1149.0 1149.0 1149.0 1149.0 1149.0 1148.578 1147.696 1146.815 1145.933 1145.051 1143.962 1142.859 1141.757 1140.655 1139.553 1138.451 1137.348 1136.246 1135.144 1134.042 1132.939 1131.837 1130.735 1129.632 1128.53 1127.428 1126.326
1148.189 1148.271 1148.353 1148.434 1148.516 1148.445 1148.327 1148.209 1148.091 1147.963 1147.801 1147.64 1147.478 1147.317 1147.227 1147.168 1147.109 1147.05 1147.0 1147.0 1147.0 1147.0 1147.0 1147.073 1147.192 1147.309 1147.427 1147.544 1147.647 1147.749 1147.851 1147.954 1148.121 1148.342 1148.562 1148.783 1149.0 1149.0 1149.0 1149.0 1149.0 1148.578 1147.696 1146.815 1145.933 1145.051 1143.962 1142.859 1141.757 1140.655 1139.553 1138.451 1137.348 1136.246 1135.144 1134.042 1132.939 1131.837 1130.735 1129.632 1128.53 1127.428 1126.326
1148.081 1148.212 1148.342 1148.473 1148.603 1148.526 1148.386 1148.247 1148.107 1147.965 1147.814 1147.664 1147.513 1147.363 1147.268 1147.198 1147.129 1147.059 1147.0 1147.0 1147.0 1147.0 1147.0 1147.087 1147.227 1147.366 1147.506 1147.641 1147.721 1147.802 1147.883 1147.964 1148.121 1148.342 1148.562 1148.783 1149.0 1149.0 1149.0 1149.0 1149.0 1148.578 1147.696 1146.815 1145.933 1145.051 1143.962 1142.859 1141.757 1140.655 1139.553 1138.451 1137.348 1136.246 1135.144 1134.042 1132.939 1131.837 1130.735 1129.632 1128.53 1127.428 1126.326
1147.987 1148.159 1148.331 1148.503 1148.676 1148.594 1148.437 1148.279 1148.121 1147.971 1147.845 1147.72 1147.594 1147.469 1147.385 1147.318 1147.252 1147.186 1147.131 1147.134 1147.138 1147.141 1147.145 1147.224 1147.35 1147.475 1147.601 1147.723 1147.811 1147.899 1147.986 1148.074 1148.221 1148.417 1148.612 1148.807 1149.0 1149.0 1149.0 1149.0 1149.0 1148.578 1147.696 1146.815 1145.933 1145.051 1143.962 1142.859 1141.757 1140.655 1139.553 1138.451 1137.348 1136.246 1135.144 1134.042 1132.939 1131.837 1130.735 1129.632 1128.53 1127.428 1126.326
1147.901 1148.11 1148.32 1148.53 1148.74 1148.655 1148.481 1148.308 1148.134 1147.978 1147.885 1147.792 1147.699 1147.606 1147.54 1147.484 1147.429 1147.373 1147.328 1147.337 1147.346 1147.355 1147.364 1147.425 1147.518 1147.611 1147.704 1147.799 1147.908 1148.018 1148.127 1148.236 1148.372 1148.53 1148.687 1148.845 1149.0 1149.0 1149.0 1149.0 1149.0 1148.578 1147.696 1146.815 1145.933 1145.051 1143.962 1142.859 1141.757 1140.655 1139.553 1138.451 1137.348 1136.246 1135.144 1134.042 1132.939 1131.837 1130.735 1129.632 1128.53 1127.428 1126.326
1147.814 1148.062 1148.31 1148.557 1148.805 1148.717 1148.526 1148.336 1148.146 1147.986 1147.925 1147.865 1147.804 1147.744 1147.694 1147.65 1147.605 1147.56 1147.525 1147.54 1147.554 1147.568 1147.583 1147.626 1147.686 1147.747 1147.807 1147.874 1148.005 1148.136 1148.267 1148.399 1148.523 1148.643 1148.763 1148.882 1149.0 1149.0 1149.0 1149.0 1149.0 1148.578 1147.696 1146.815 1145.933 1145.051 1143.962 1142.859 1141.757 1140.655 1139.553 1138.451 1137.348 1136.246 1135.144 1134.042 1132.939 1131.837 1130.735 1129.632 1128.53 1127.428 1126.326
1147.727 1148.013 1148.299 1148.584 1148.87 1148.778 1148.571 1148.365 1148.159 1147.994 1147.965 1147.937 1147.909 1147.881 1147.849 1147.815 1147.782 1147.748 1147.723 1147.742 1147.762 1147.782 1147.802 1147.827 1147.855 1147.883 1147.911 1147.95 1148.102 1148.255 1148.408 1148.561 1148.674 1148.756 1148.838 1148.92 1149.0 1149.0 1149.0 1149.0 1149.0 1148.578 1147.696 1146.815 1145.933 1145.051 1143.962 1142.859 1141.757 1140.655 1139.553 1138.451 1137.348 1136.246 1135.144 1134.042 1132.939 1131.837 1130.735 1129.632 1128.53 1127.428 1126.326
1147.665 1147.98 1148.296 1148.611 1148.927 1148.832 1148.614 1148.396 1148.178 1148.01 1148.007 1148.005 1148.003 1148.001 1147.984 1147.96 1147.936 1147.912 1147.896 1147.92 1147.944 1147.967 1147.991 1148.003 1148.007 1148.012 1148.016 1148.035 1148.203 1148.372 1148.54 1148.709 1148.811 1148.858 1148.906 1148.953 1149.0 1148.995 1148.991 1148.987 1148.982 1148.56 1147.681 1146.802 1145.923 1145.044 1143.956 1142.855 1141.755 1140.654 1139.553 1138.451 1137.348 1136.246 1135.144 1134.042 1132.939 1131.837 1130.735 1129.632 1128.53 1127.428 1126.326
1147.756 1148.05 1148.344 1148.638 1148.932 1148.845 1148.643 1148.441 1148.239 1148.079 1148.061 1148.042 1148.024 1148.006 1147.987 1147.969 1147.951 1147.932 1147.92 1147.938 1147.956 1147.975 1147.993 1148.023 1148.06 1148.097 1148.134 1148.18 1148.327 1148.474 1148.621 1148.768 1148.854 1148.891 1148.927 1148.964 1149.0 1148.963 1148.926 1148.889 1148.852 1148.423 1147.565 1146.708 1145.851 1144.994 1143.917 1142.827 1141.738 1140.648 1139.553 1138.451 1137.348 1136.246 1135.144 1134.042 1132.939 1131.837 1130.735 1129.632 1128.53 1127.428 1126.326
1147.848 1148.12 1148.392 1148.665 1148.937 1148.857 1148.672 1148.486 1148.3 1148.149 1148.115 1148.08 1148.045 1148.011 1147.991 1147.978 1147.965 1147.952 1147.943 1147.956 1147.969 1147.982 1147.995 1148.043 1148.113 1148.182 1148.251 1148.326 1148.451 1148.576 1148.701 1148.827 1148.897 1148.923 1148.949 1148.974 1148.999 1148.93 1148.86 1148.791 1148.721 1148.286 1147.45 1146.615 1145.779 1144.943 1143.878 1142.799 1141.72 1140.641 1139.553 1138.451 1137.348 1136.246 1135.144 1134.042 1132.939 1131.837 1130.735 1129.632 1128.53 1127.428 1126.326
1147.94 1148.19 1148.441 1148.691 1148.942 1148.87 1148.7 1148.531 1148.361 1148.219 1148.168 1148.117 1148.066 1148.016 1147.995 1147.987 1147.98 1147.972 1147.967 1147.975 1147.982 1147.99 1147.997 1148.063 1148.165 1148.267 1148.369 1148.471 1148.575 1148.678 1148.782 1148.885 1148.94 1148.955 1148.97 1148.985 1148.999 1148.897 1148.795 1148.693 1148.591 1148.149 1147.335 1146.521 1145.707 1144.893 1143.84 1142.771 1141.703 1140.635 1139.553 1138.451 1137.348 1136.246 1135.144 1134.042 1132.939 1131.837 1130.735 1129.632 1128.53 1127.428 1126.326
1148.031 1148.26 1148.489 1148.718 1148.947 1148.882 1148.729 1148.576 1148.422 1148.289 1148.222 1148.155 1148.088 1148.02 1147.999 1147.996 1147.994 1147.992 1147.991 1147.993 1147.995 1147.997 1147.999 1148.084 1148.218 1148.352 1148.487 1148.616 1148.698 1148.78 1148.862 1148.944 1148.983 1148.987 1148.992 1148.996 1148.998 1148.864 1148.729 1148.595 1148.461 1148.012 1147.219 1146.427 1145.635 1144.843 1143.801 1142.743 1141.686 1140.628 1139.553 1138.451 1137.348 1136.246 1135.144 1134.042 1132.939 1131.837 1130.735 1129.632 1128.53 1127.428 1126.326
1148.193 1148.384 1148.574 1148.765 1148.956 1148.902 1148.775 1148.648 1148.521 1148.409 1148.345 1148.282 1148.218 1148.155 1148.135 1148.135 1148.135 1148.135 1148.135 1148.135 1148.135 1148.135 1148.135 1148.214 1148.341 1148.469 1148.596 1148.717 1148.781 1148.844 1148.908 1148.971 1149.0 1149.0 1149.0 1149.0 1148.997 1148.801 1148.604 1148.407 1148.211 1147.736 1146.959 1146.182 1145.405 1144.628 1143.603 1142.563 1141.523 1140.483 1139.43 1138.357 1137.285 1136.212 1135.14 1134.042 1132.939 1131.837 1130.735 1129.632 1128.53 1127.428 1126.326
1148.399 1148.541 1148.683 1148.825 1148.967 1148.927 1148.833 1148.738 1148.643 1148.56 1148.512 1148.465 1148.418 1148.37 1148.356 1148.356 1148.356 1148.356 1148.356 1148.356 1148.356 1148.356 1148.356 1148.415 1148.51 1148.604 1148.699 1148.789 1148.837 1148.884 1148.931 1148.979 1149.0 1149.0 1149.0 1149.0 1148.996 1148.718 1148.44 1148.163 1147.885 1147.373 1146.607 1145.841 1145.074 1144.308 1143.304 1142.286 1141.267 1140.249 1139.229 1138.205 1137.181 1136.157 1135.134 1134.042 1132.939 1131.837 1130.735 1129.632 1128.53 1127.428 1126.326
1148.605 1148.699 1148.792 1148.885 1148.978 1148.952 1148.89 1148.828 1148.766 1148.711 1148.68 1148.649 1148.618 1148.587 1148.577 1148.577 1148.577 1148.577 1148.577 1148.577 1148.577 1148.577 1148.577 1148.616 1148.678 1148.74 1148.802 1148.862 1148.893 1148.924 1148.955 1148.986 1149.0 1149.0 1149.0 1149.0 1148.995 1148.636 1148.277 1147.918 1147.559 1147.01 1146.255 1145.499 1144.744 1143.988 1143.005 1142.009 1141.012 1140.015 1139.027 1138.052 1137.077 1136.102 1135.127 1134.042 1132.939 1131.837 1130.735 1129.632 1128.53 1127.428 1126.326
1148.812 1148.856 1148.901 1148.945 1148.99 1148.977 1148.948 1148.918 1148.888 1148.862 1148.847 1148.832 1148.818 1148.803 1148.798 1148.798 1148.798 1148.798 1148.798 1148.798 1148.798 1148.798 1148.798 1148.817 1148.846 1148.876 1148.906 1148.934 1148.949 1148.964 1148.979 1148.993 1149.0 1149.0 1149.0 1149.0 1148.994 1148.553 1148.113 1147.673 1147.233 1146.647 1145.902 1145.158 1144.413 1143.668 1142.706 1141.731 1140.756 1139.781 1138.826 1137.9 1136.974 1136.047 1135.121 1134.042 1132.939 1131.837 1130.735 1129.632 1128.53 1127.428 1126.326
