data/zism_data/00737_01_D.txt
ncols         224
nrows         224
[rows 84 to 111 of 224, columns 0 to 62 of 224]
1285.736 1279.217 1272.698 1265.406 1257.681 1249.955 1242.229 1234.532 1227.038 1219.544 1212.049 1204.555 1200.87 1199.679 1198.488 1197.297 1196.465 1199.441 1202.417 1205.392 1208.368 1215.009 1224.433 1233.858 1243.282 1252.69 1261.773 1270.857 1279.94 1289.024 1298.518 1308.372 1318.226 1328.081 1337.966 1350.006 1362.046 1374.086 1386.125 1398.307 1410.632 1422.957 1435.283 1447.608 1457.035 1466.398 1475.761 1485.124 1490.677 1491.764 1492.852 1493.939 1495.027 1488.095 1480.674 1473.252 1465.831 1456.307 1443.932 1431.557 1419.182 1406.807 1395.981
1295.381 1288.667 1281.953 1274.341 1266.225 1258.109 1249.994 1241.826 1233.291 1224.756 1216.221 1207.686 1203.248 1201.493 1199.738 1197.983 1196.61 1199.282 1201.954 1204.627 1207.299 1213.969 1223.675 1233.381 1243.088 1252.751 1261.596 1270.441 1279.286 1288.131 1296.936 1305.706 1314.476 1323.246 1332.058 1343.713 1355.368 1367.022 1378.677 1390.77 1403.307 1415.843 1428.38 1440.917 1451.367 1461.771 1472.174 1482.578 1488.962 1490.635 1492.308 1493.981 1495.655 1489.14 1482.125 1475.11 1468.095 1458.867 1446.639 1434.41 1422.182 1409.953 1399.023
1306.562 1299.876 1293.189 1285.377 1276.931 1268.486 1260.04 1251.487 1242.165 1232.842 1223.519 1214.197 1208.802 1205.98 1203.158 1200.336 1197.948 1200.165 1202.381 1204.598 1206.814 1213.699 1224.13 1234.561 1244.992 1255.354 1264.406 1273.459 1282.511 1291.564 1300.198 1308.465 1316.732 1324.999 1333.309 1344.606 1355.903 1367.2 1378.496 1390.262 1402.504 1414.745 1426.986 1439.228 1449.784 1460.303 1470.822 1481.341 1487.988 1490.098 1492.208 1494.318 1496.428 1490.436 1483.95 1477.463 1470.976 1462.166 1450.206 1438.245 1426.285 1414.325 1403.283
1318.67 1312.146 1305.623 1297.681 1288.943 1280.205 1271.466 1262.579 1252.622 1242.665 1232.708 1222.751 1216.277 1212.083 1207.889 1203.695 1200.008 1201.676 1203.345 1205.014 1206.683 1213.896 1225.319 1236.742 1248.165 1259.493 1269.022 1278.552 1288.081 1297.611 1306.388 1314.503 1322.618 1330.733 1338.889 1349.844 1360.799 1371.755 1382.71 1394.005 1405.644 1417.284 1428.924 1440.563 1450.672 1460.746 1470.821 1480.895 1487.462 1489.919 1492.376 1494.833 1497.29 1491.885 1486.0 1480.116 1474.231 1465.912 1454.293 1442.674 1431.055 1419.437 1408.279
1330.779 1324.418 1318.057 1309.986 1300.955 1291.924 1282.893 1273.671 1263.08 1252.488 1241.897 1231.306 1223.752 1218.186 1212.621 1207.055 1202.067 1203.188 1204.309 1205.431 1206.552 1214.092 1226.507 1238.923 1251.338 1263.632 1273.639 1283.645 1293.652 1303.659 1312.577 1320.541 1328.504 1336.467 1344.469 1355.082 1365.696 1376.31 1386.923 1397.748 1408.786 1419.823 1430.861 1441.899 1451.559 1461.189 1470.819 1480.449 1486.936 1489.74 1492.544 1495.348 1498.152 1493.334 1488.051 1482.768 1477.485 1469.658 1458.381 1447.103 1435.826 1424.548 1413.276
1342.887 1336.688 1330.49 1322.29 1312.967 1303.643 1294.319 1284.763 1273.537 1262.312 1251.086 1239.86 1231.226 1224.289 1217.352 1210.415 1204.126 1204.7 1205.273 1205.847 1206.421 1214.288 1227.696 1241.103 1254.51 1267.771 1278.255 1288.738 1299.222 1309.706 1318.767 1326.578 1334.39 1342.201 1350.048 1360.32 1370.593 1380.865 1391.137 1401.49 1411.926 1422.362 1432.798 1443.234 1452.447 1461.632 1470.818 1480.003 1486.41 1489.561 1492.712 1495.863 1499.014 1494.783 1490.102 1485.421 1480.74 1473.404 1462.468 1451.532 1440.596 1429.66 1418.272
1354.787 1348.777 1342.766 1334.481 1324.918 1315.355 1305.792 1295.954 1284.14 1272.326 1260.512 1248.697 1239.039 1230.792 1222.546 1214.299 1206.766 1206.781 1206.796 1206.812 1206.827 1214.957 1229.25 1243.543 1257.836 1271.961 1282.928 1293.895 1304.862 1315.829 1325.06 1332.764 1340.468 1348.173 1355.909 1365.834 1375.759 1385.684 1395.609 1405.496 1415.344 1425.193 1435.041 1444.889 1453.646 1462.379 1471.112 1479.845 1486.137 1489.569 1493.002 1496.434 1499.866 1496.192 1492.084 1487.976 1483.868 1477.015 1466.441 1455.866 1445.292 1434.717 1423.242
1364.503 1358.942 1353.381 1345.466 1336.229 1326.991 1317.754 1308.188 1296.265 1284.343 1272.42 1260.497 1250.4 1241.497 1232.594 1223.692 1215.501 1214.844 1214.187 1213.53 1212.873 1220.58 1234.64 1248.7 1262.76 1276.692 1288.206 1299.721 1311.236 1322.75 1332.43 1340.497 1348.565 1356.633 1364.721 1374.24 1383.758 1393.276 1402.795 1412.259 1421.668 1431.077 1440.486 1449.896 1458.118 1466.314 1474.51 1482.706 1488.522 1491.547 1494.573 1497.599 1500.625 1497.182 1493.345 1489.508 1485.671 1479.216 1469.211 1459.206 1449.2 1439.195 1427.941
1374.219 1369.108 1363.997 1356.452 1347.54 1338.628 1329.715 1320.422 1308.391 1296.359 1284.328 1272.297 1261.76 1252.202 1242.643 1233.085 1224.236 1222.907 1221.578 1220.249 1218.92 1226.204 1240.031 1253.858 1267.684 1281.422 1293.484 1305.547 1317.609 1329.671 1339.8 1348.231 1356.662 1365.093 1373.533 1382.645 1391.757 1400.868 1409.98 1419.021 1427.992 1436.962 1445.932 1454.902 1462.589 1470.249 1477.908 1485.568 1490.906 1493.526 1496.145 1498.764 1501.383 1498.173 1494.607 1491.041 1487.475 1481.417 1471.981 1462.545 1453.109 1443.673 1432.639
1383.934 1379.274 1374.613 1367.438 1358.851 1350.264 1341.677 1332.656 1320.516 1308.377 1296.237 1284.098 1273.121 1262.907 1252.692 1242.478 1232.972 1230.97 1228.969 1226.968 1224.966 1231.828 1245.422 1259.015 1272.609 1286.153 1298.763 1311.372 1323.982 1336.592 1347.17 1355.964 1364.758 1373.553 1382.345 1391.051 1399.756 1408.461 1417.166 1425.785 1434.315 1442.846 1451.377 1459.908 1467.061 1474.184 1481.307 1488.429 1493.291 1495.504 1497.716 1499.929 1502.141 1499.163 1495.868 1492.573 1489.279 1483.619 1474.752 1465.885 1457.018 1448.152 1437.338
1393.65 1389.439 1385.228 1378.424 1370.162 1361.901 1353.639 1344.89 1332.642 1320.394 1308.146 1295.898 1284.482 1273.612 1262.741 1251.87 1241.707 1239.034 1236.36 1233.686 1231.012 1237.452 1250.812 1264.172 1277.533 1290.883 1304.041 1317.198 1330.355 1343.513 1354.54 1363.698 1372.855 1382.012 1391.157 1399.456 1407.754 1416.053 1424.351 1432.547 1440.639 1448.731 1456.823 1464.914 1471.533 1478.119 1484.705 1491.291 1495.676 1497.482 1499.288 1501.093 1502.899 1500.153 1497.13 1494.106 1491.082 1485.82 1477.522 1469.225 1460.927 1452.63 1442.036
1402.282 1398.563 1394.844 1388.429 1380.498 1372.568 1364.638 1356.198 1344.108 1332.017 1319.926 1307.836 1296.196 1284.851 1273.507 1262.162 1251.515 1248.24 1244.966 1241.692 1238.417 1244.147 1256.716 1269.285 1281.854 1294.461 1307.784 1321.107 1334.43 1347.752 1358.997 1368.416 1377.835 1387.254 1396.656 1404.852 1413.048 1421.245 1429.441 1437.474 1445.342 1453.21 1461.077 1468.945 1475.127 1481.272 1487.416 1493.561 1497.597 1499.16 1500.724 1502.287 1503.85 1501.29 1498.477 1495.665 1492.853 1487.866 1479.932 1471.998 1464.063 1456.129 1445.759
1410.031 1406.837 1403.644 1397.633 1390.039 1382.444 1374.85 1366.752 1355.035 1343.318 1331.602 1319.885 1308.197 1296.527 1284.857 1273.188 1262.196 1258.379 1254.563 1250.746 1246.93 1251.718 1263.04 1274.362 1285.684 1297.099 1310.276 1323.452 1336.628 1349.805 1361.076 1370.674 1380.272 1389.87 1399.45 1407.793 1416.135 1424.478 1432.821 1440.904 1448.723 1456.541 1464.36 1472.179 1478.004 1483.786 1489.568 1495.349 1499.139 1500.594 1502.049 1503.504 1504.959 1502.545 1499.896 1497.246 1494.596 1489.786 1482.047 1474.308 1466.569 1458.83 1448.684
1417.779 1415.111 1412.444 1406.837 1399.579 1392.321 1385.063 1377.305 1365.963 1354.62 1343.278 1331.935 1320.198 1308.203 1296.208 1284.213 1272.877 1268.519 1264.16 1259.802 1255.443 1259.288 1269.363 1279.438 1289.513 1299.737 1312.767 1325.797 1338.827 1351.857 1363.155 1372.932 1382.709 1392.486 1402.244 1410.733 1419.223 1427.712 1436.201 1444.333 1452.103 1459.873 1467.643 1475.413 1480.882 1486.301 1491.719 1497.137 1500.681 1502.027 1503.374 1504.721 1506.067 1503.801 1501.314 1498.827 1496.339 1491.706 1484.162 1476.618 1469.074 1461.53 1451.609
1425.527 1423.385 1421.244 1416.042 1409.12 1402.198 1395.276 1387.859 1376.89 1365.922 1354.953 1343.985 1332.199 1319.879 1307.559 1295.238 1283.559 1278.658 1273.757 1268.857 1263.956 1266.858 1275.686 1284.515 1293.343 1302.375 1315.259 1328.142 1341.026 1353.91 1365.234 1375.19 1385.146 1395.102 1405.039 1413.674 1422.31 1430.945 1439.581 1447.763 1455.484 1463.205 1470.926 1478.647 1483.76 1488.815 1493.87 1498.925 1502.223 1503.461 1504.699 1505.938 1507.176 1505.056 1502.732 1500.407 1498.083 1493.626 1486.277 1478.928 1471.579 1464.231 1454.534
1433.28 1431.662 1430.045 1425.244 1418.653 1412.063 1405.472 1398.391 1387.791 1377.19 1366.59 1355.989 1344.153 1331.509 1318.864 1306.219 1294.196 1288.75 1283.304 1277.859 1272.413 1274.369 1281.948 1289.526 1297.104 1304.942 1317.675 1330.409 1343.142 1355.876 1367.23 1377.374 1387.517 1397.66 1407.784 1416.568 1425.351 1434.135 1442.918 1451.152 1458.828 1466.505 1474.181 1481.857 1486.62 1491.318 1496.016 1500.715 1503.771 1504.902 1506.033 1507.165 1508.296 1506.319 1504.152 1501.985 1499.819 1495.534 1488.378 1481.222 1474.066 1466.911 1457.437
1441.32 1440.126 1438.932 1434.296 1427.727 1421.159 1414.59 1407.521 1396.866 1386.212 1375.557 1364.902 1352.881 1339.965 1327.049 1314.133 1301.798 1295.615 1289.433 1283.25 1277.067 1277.873 1283.987 1290.102 1296.216 1302.643 1314.976 1327.308 1339.641 1351.973 1363.553 1374.471 1385.39 1396.308 1407.2 1416.244 1425.287 1434.331 1443.375 1451.845 1459.733 1467.62 1475.508 1483.396 1488.248 1493.033 1497.818 1502.603 1505.703 1506.829 1507.955 1509.081 1510.207 1508.066 1505.726 1503.385 1501.045 1496.675 1489.551 1482.428 1475.305 1468.181 1458.839
1449.361 1448.589 1447.818 1443.349 1436.802 1430.254 1423.707 1416.651 1405.942 1395.233 1384.524 1373.815 1361.609 1348.422 1335.235 1322.048 1309.402 1302.481 1295.561 1288.641 1281.721 1281.377 1286.027 1290.678 1295.328 1300.345 1312.276 1324.208 1336.139 1348.07 1359.875 1371.569 1383.262 1394.956 1406.616 1415.92 1425.224 1434.528 1443.832 1452.538 1460.637 1468.736 1476.835 1484.934 1489.876 1494.748 1499.62 1504.491 1507.636 1508.756 1509.877 1510.997 1512.118 1509.813 1507.299 1504.786 1502.272 1497.815 1490.724 1483.634 1476.543 1469.452 1460.24
1457.401 1457.053 1456.704 1452.401 1445.875 1439.35 1432.825 1425.781 1415.018 1404.255 1393.491 1382.728 1370.336 1356.878 1343.42 1329.962 1317.005 1309.347 1301.69 1294.032 1286.375 1284.88 1288.067 1291.254 1294.44 1298.047 1309.577 1321.107 1332.637 1344.167 1356.197 1368.666 1381.135 1393.604 1406.032 1415.596 1425.16 1434.725 1444.289 1453.231 1461.541 1469.852 1478.162 1486.473 1491.504 1496.462 1501.421 1506.38 1509.569 1510.683 1511.798 1512.913 1514.028 1511.56 1508.873 1506.186 1503.498 1498.956 1491.898 1484.839 1477.781 1470.722 1461.642
1465.442 1465.516 1465.591 1461.453 1454.95 1448.446 1441.942 1434.911 1424.093 1413.276 1402.459 1391.641 1379.064 1365.335 1351.606 1337.876 1324.608 1316.213 1307.818 1299.423 1291.028 1288.384 1290.107 1291.83 1293.552 1295.749 1306.878 1318.006 1329.135 1340.264 1352.519 1365.764 1379.008 1392.252 1405.448 1415.272 1425.097 1434.921 1444.746 1453.924 1462.446 1470.968 1479.49 1488.011 1493.132 1498.177 1503.223 1508.268 1511.501 1512.611 1513.72 1514.83 1515.939 1513.307 1510.447 1507.586 1504.725 1500.096 1493.071 1486.045 1479.019 1471.993 1463.043
1471.783 1472.29 1472.798 1468.985 1462.744 1456.503 1450.262 1443.456 1432.598 1421.739 1410.88 1400.022 1387.254 1373.235 1359.217 1345.198 1331.601 1322.458 1313.316 1304.173 1295.031 1291.46 1292.121 1292.782 1293.443 1294.612 1305.365 1316.119 1326.872 1337.626 1350.006 1363.816 1377.626 1391.435 1405.191 1415.234 1425.277 1435.321 1445.364 1454.72 1463.378 1472.036 1480.694 1489.352 1494.665 1499.903 1505.142 1510.38 1513.74 1514.899 1516.057 1517.216 1518.374 1515.62 1512.628 1509.635 1506.642 1501.992 1495.095 1488.198 1481.3 1474.403 1465.637
1476.269 1477.222 1478.174 1474.857 1469.142 1463.427 1457.712 1451.365 1440.479 1429.593 1418.708 1407.822 1394.856 1380.529 1366.201 1351.874 1337.928 1328.027 1318.125 1308.224 1298.322 1294.069 1294.107 1294.144 1294.182 1294.741 1305.148 1315.554 1325.961 1336.368 1348.765 1362.911 1377.056 1391.202 1405.291 1415.508 1425.725 1435.942 1446.158 1455.628 1464.341 1473.053 1481.766 1490.478 1496.094 1501.641 1507.189 1512.736 1516.313 1517.58 1518.847 1520.114 1521.381 1518.552 1515.472 1512.393 1509.313 1504.712 1498.048 1491.384 1484.719 1478.055 1469.533
1480.756 1482.153 1483.55 1480.73 1475.541 1470.351 1465.162 1459.273 1448.36 1437.447 1426.535 1415.622 1402.459 1387.822 1373.186 1358.549 1344.256 1333.595 1322.935 1312.274 1301.614 1296.679 1296.093 1295.507 1294.921 1294.871 1304.93 1314.99 1325.05 1335.109 1347.523 1362.005 1376.487 1390.969 1405.392 1415.782 1426.172 1436.563 1446.953 1456.537 1465.304 1474.07 1482.837 1491.604 1497.523 1503.379 1509.236 1515.092 1518.886 1520.261 1521.636 1523.012 1524.387 1521.483 1518.316 1515.15 1511.984 1507.432 1501.001 1494.57 1488.139 1481.708 1473.428
1485.243 1487.084 1488.925 1486.602 1481.939 1477.276 1472.612 1467.181 1456.241 1445.301 1434.362 1423.422 1410.061 1395.115 1380.17 1365.224 1350.583 1339.164 1327.744 1316.325 1304.905 1299.288 1298.079 1296.869 1295.66 1295.0 1304.713 1314.426 1324.138 1333.851 1346.281 1361.099 1375.917 1390.735 1405.492 1416.056 1426.62 1437.184 1447.747 1457.446 1466.267 1475.088 1483.908 1492.729 1498.952 1505.118 1511.283 1517.448 1521.458 1522.942 1524.426 1525.91 1527.394 1524.414 1521.161 1517.908 1514.655 1510.152 1503.954 1497.756 1491.558 1485.36 1477.323
1489.729 1492.015 1494.301 1492.475 1488.337 1484.2 1480.063 1475.09 1464.123 1453.156 1442.189 1431.222 1417.664 1402.409 1387.154 1371.9 1356.911 1344.732 1332.554 1320.375 1308.197 1301.898 1300.065 1298.232 1296.399 1295.13 1304.495 1313.861 1323.227 1332.592 1345.04 1360.194 1375.348 1390.502 1405.593 1416.33 1427.067 1437.805 1448.542 1458.355 1467.23 1476.105 1484.98 1493.855 1500.381 1506.856 1513.33 1519.805 1524.031 1525.624 1527.216 1528.808 1530.401 1527.345 1524.005 1520.665 1517.326 1512.872 1506.907 1500.942 1494.977 1489.012 1481.218
1489.045 1491.914 1494.782 1493.639 1490.242 1486.845 1483.448 1479.148 1468.368 1457.588 1446.809 1436.029 1422.173 1406.303 1390.433 1374.563 1358.989 1346.547 1334.105 1321.663 1309.221 1302.791 1300.926 1299.062 1297.198 1295.891 1305.089 1314.286 1323.484 1332.681 1345.223 1360.703 1376.183 1391.663 1407.081 1418.252 1429.424 1440.595 1451.766 1461.819 1470.739 1479.657 1488.577 1497.496 1504.13 1510.715 1517.299 1523.883 1528.245 1530.002 1531.759 1533.516 1535.273 1532.12 1528.669 1525.217 1521.765 1517.191 1511.097 1505.002 1498.908 1492.814 1485.261
1488.042 1491.502 1494.961 1494.513 1491.87 1489.226 1486.583 1482.969 1472.39 1461.811 1451.232 1440.653 1426.493 1409.989 1393.484 1376.98 1360.806 1348.131 1335.455 1322.78 1310.105 1303.577 1301.719 1299.86 1298.001 1296.692 1305.732 1314.772 1323.812 1332.853 1345.494 1361.3 1377.105 1392.91 1408.655 1420.276 1431.898 1443.519 1455.14 1465.442 1474.404 1483.366 1492.329 1501.291 1508.022 1514.704 1521.386 1528.068 1532.56 1534.485 1536.41 1538.335 1540.26 1537.01 1533.444 1529.878 1526.313 1521.609 1515.363 1509.117 1502.87 1496.624 1489.313
1487.04 1491.09 1495.141 1495.388 1493.498 1491.608 1489.718 1486.79 1476.411 1466.033 1455.654 1445.276 1430.812 1413.674 1396.535 1379.396 1362.623 1349.714 1336.806 1323.898 1310.989 1304.364 1302.511 1300.658 1298.805 1297.492 1306.375 1315.258 1324.141 1333.024 1345.765 1361.896 1378.026 1394.157 1410.229 1422.301 1434.372 1446.443 1458.514 1469.064 1478.069 1487.075 1496.081 1505.087 1511.914 1518.694 1525.473 1532.253 1536.875 1538.968 1541.061 1543.154 1545.247 1541.899 1538.22 1534.54 1530.86 1526.027 1519.629 1513.231 1506.833 1500.435 1493.365
