data/zism_data/00730_03_D.txt
ncols         224
nrows         224
[rows 84 to 111 of 224, columns 130 to 194 of 224]
470.037 468.2766 466.5163 464.756 462.1032 458.9004 455.6976 452.4948 449.1373 444.3992 439.6609 434.9228 430.1846 425.3036 420.3206 415.3375 410.3544 405.4294 401.3429 397.2564 393.1698 389.0833 387.173 387.0667 386.9604 386.8541 386.73 386.0069 385.2837 384.5605 383.8373 380.342 374.1916 368.0412 361.8908 355.7404 346.1819 336.5987 327.0154 317.4322 311.3293 309.0759 306.8224 304.569 302.3156 304.5336 306.9533 309.373 311.7928 314.116 316.3157 318.5154 320.7151 322.9148 319.7985 316.2253 312.6521 309.0789 306.3334 304.8145 303.2956 301.7768 300.2579 300.0668 300.0484
461.7966 460.7307 459.6648 458.5989 456.4224 453.5613 450.7003 447.8393 444.807 440.2461 435.6852 431.1242 426.5633 421.8437 417.0104 412.1772 407.3439 402.5523 398.3618 394.1712 389.9806 385.7901 384.1516 384.6286 385.1056 385.5826 386.0445 385.9947 385.9448 385.895 385.8452 382.681 376.5338 370.3868 364.2397 358.0926 347.7698 337.4169 327.0638 316.7108 310.1751 307.8616 305.548 303.2345 300.9209 302.5985 304.4562 306.3138 308.1715 309.9672 311.6836 313.4 315.1164 316.8328 314.4955 311.8099 309.1242 306.4386 304.4038 303.3336 302.2635 301.1933 300.1232 300.0 300.0
452.8684 452.6103 452.3522 452.0941 450.4066 447.8383 445.2701 442.7018 439.9497 435.5569 431.164 426.7711 422.3783 417.8077 413.11 408.4124 403.7146 399.0431 394.7495 390.456 386.1624 381.8688 380.5215 381.6166 382.7116 383.8067 384.8897 385.5664 386.243 386.9197 387.5963 384.8346 378.7796 372.7247 366.6698 360.6148 349.7222 338.7946 327.8668 316.9391 310.0862 307.7401 305.394 303.048 300.7019 301.9008 303.2598 304.6187 305.9776 307.2912 308.5467 309.8023 311.0579 312.3134 310.6037 308.6391 306.6746 304.7099 303.2215 302.4386 301.6558 300.873 300.0901 300.0 300.0
443.9402 444.4899 445.0396 445.5892 444.3909 442.1154 439.8398 437.5643 435.0924 430.8676 426.6428 422.418 418.1932 413.7718 409.2096 404.6475 400.0852 395.5338 391.1373 386.7407 382.3441 377.9475 376.8914 378.6046 380.3177 382.0308 383.735 385.1381 386.5412 387.9443 389.3474 386.9882 381.0254 375.0626 369.0999 363.1371 351.6746 340.1723 328.6698 317.1675 309.9973 307.6187 305.2401 302.8615 300.4828 301.2032 302.0634 302.9235 303.7837 304.6151 305.4099 306.2047 306.9994 307.7942 306.7119 305.4684 304.2249 302.9813 302.0391 301.5436 301.0481 300.5526 300.057 300.0 300.0
435.0119 436.3694 437.7269 439.0844 438.3752 436.3924 434.4096 432.4268 430.2351 426.1784 422.1216 418.0649 414.0082 409.7358 405.3092 400.8826 396.4559 392.0246 387.525 383.0255 378.5258 374.0262 373.2614 375.5926 377.9237 380.2549 382.5802 384.7098 386.8394 388.969 391.0986 389.1418 383.2711 377.4006 371.53 365.6594 353.627 341.55 329.4728 317.3959 309.9084 307.4973 305.0861 302.675 300.2638 300.5056 300.8669 301.2284 301.5898 301.9391 302.2731 302.607 302.9409 303.2748 302.8201 302.2976 301.7751 301.2527 300.8568 300.6486 300.4404 300.2322 300.024 300.0 300.0
426.8656 428.7398 430.614 432.4881 432.1266 430.3873 428.6479 426.9086 424.9478 421.0099 417.072 413.1341 409.1962 404.9723 400.5439 396.1155 391.687 387.2462 382.6272 378.0082 373.3891 368.7701 368.1846 370.9427 373.7008 376.4589 379.2154 381.9162 384.617 387.3178 390.0186 388.3586 382.5219 376.6853 370.8487 365.0119 353.0036 340.9506 328.8974 316.8444 309.4094 307.0822 304.7549 302.4277 300.1005 300.0 300.0 300.0 300.0 300.0 300.0 300.0 300.0 300.0 300.0 300.0 300.0 300.0 300.0 300.0 300.0 300.0 300.0 300.0 300.0
420.7769 422.4017 424.0265 425.6513 425.2651 423.6396 422.0142 420.3887 418.5292 414.5804 410.6317 406.6829 402.7342 398.2941 393.5024 388.7108 383.919 379.128 374.3463 369.5647 364.783 360.0014 359.3006 361.9829 364.6651 367.3473 370.0347 372.8981 375.7616 378.6251 381.4885 379.8471 373.8911 367.9352 361.9793 356.0233 345.602 335.1484 324.6945 314.2409 307.8312 305.8943 303.9574 302.0205 300.0836 300.0 300.0 300.0 300.0 300.0 300.0 300.0 300.0 300.0 300.0 300.0 300.0 300.0 300.0 300.0 300.0 300.0 300.0 300.0 300.0
414.6882 416.0636 417.439 418.8144 418.4036 416.892 415.3804 413.8687 412.1106 408.151 404.1913 400.2318 396.2722 391.6159 386.461 381.3061 376.1511 371.0098 366.0655 361.1212 356.1769 351.2326 350.4167 353.023 355.6293 358.2356 360.854 363.8801 366.9062 369.9323 372.9584 371.3357 365.2604 359.1852 353.11 347.0347 338.2004 329.3461 320.4916 311.6374 306.2529 304.7064 303.1598 301.6133 300.0668 300.0 300.0 300.0 300.0 300.0 300.0 300.0 300.0 300.0 300.0 300.0 300.0 300.0 300.0 300.0 300.0 300.0 300.0 300.0 300.0
408.5995 409.7256 410.8516 411.9776 411.5421 410.1443 408.7466 407.3488 405.6919 401.7215 397.751 393.7806 389.8102 384.9377 379.4196 373.9014 368.3831 362.8916 357.7846 352.6777 347.5707 342.4638 341.5327 344.0631 346.5935 349.1239 351.6733 354.862 358.0508 361.2396 364.4283 362.8242 356.6297 350.4352 344.2407 338.0461 330.7988 323.5438 316.2888 309.0338 304.6747 303.5185 302.3623 301.2061 300.0499 300.0 300.0 300.0 300.0 300.0 300.0 300.0 300.0 300.0 300.0 300.0 300.0 300.0 300.0 300.0 300.0 300.0 300.0 300.0 300.0
402.5108 403.3875 404.2641 405.1407 404.6806 403.3967 402.1128 400.8289 399.2733 395.292 391.3107 387.3294 383.3481 378.2595 372.3781 366.4967 360.6151 354.7733 349.5038 344.2343 338.9646 333.6951 332.6487 335.1032 337.5577 340.0122 342.4926 345.844 349.1954 352.5468 355.8983 354.3128 347.9989 341.6852 335.3714 329.0575 323.3972 317.7416 312.0859 306.4303 303.0964 302.3306 301.5647 300.7989 300.0331 300.0 300.0 300.0 300.0 300.0 300.0 300.0 300.0 300.0 300.0 300.0 300.0 300.0 300.0 300.0 300.0 300.0 300.0 300.0 300.0
403.0696 403.4764 403.8833 404.2901 403.5056 401.9869 400.4683 398.9496 397.1579 392.9294 388.7008 384.4722 380.2437 374.7982 368.4814 362.1646 355.8477 349.5848 344.1005 338.6162 333.1318 327.6476 326.2345 328.1964 330.1582 332.1201 334.1089 337.0099 339.9109 342.8118 345.7128 344.413 339.0898 333.7668 328.4438 323.1206 318.92 314.7275 310.5349 306.3424 303.9757 303.6282 303.2808 302.9334 302.5859 302.3485 302.1161 301.8837 301.6513 301.3731 301.0365 300.6999 300.3633 300.0266 300.0 300.0 300.0 300.0 300.0 300.0 300.0 300.0 300.0 300.0 300.0
405.9744 405.8336 405.6929 405.5522 404.3375 402.461 400.5845 398.708 396.5613 392.0021 387.4427 382.8835 378.3242 372.4722 365.6945 358.9169 352.1392 345.4302 339.7128 333.9954 328.2779 322.5605 320.692 322.0142 323.3363 324.6584 326.0068 328.2409 330.475 332.7091 334.9433 334.0234 330.0827 326.1421 322.2015 318.2608 315.475 312.6975 309.92 307.1425 305.7222 305.8031 305.8839 305.9648 306.0457 305.5259 304.979 304.4322 303.8853 303.2308 302.4388 301.6468 300.8547 300.0627 300.0 300.0 300.0 300.0 300.0 300.0 300.0 300.0 300.0 300.0 300.0
408.8792 408.1909 407.5026 406.8143 405.1694 402.9352 400.7008 398.4665 395.9647 391.0748 386.1847 381.2947 376.4048 370.1461 362.9077 355.6693 348.4307 341.2756 335.3251 329.3746 323.424 317.4734 315.1495 315.8319 316.5143 317.1966 317.9045 319.4717 321.039 322.6063 324.1736 323.6336 321.0754 318.5172 315.9591 313.4009 312.0299 310.6674 309.305 307.9425 307.4688 307.9779 308.4871 308.9963 309.5055 308.7033 307.842 306.9807 306.1194 305.0886 303.8411 302.5937 301.3462 300.0987 300.0 300.0 300.0 300.0 300.0 300.0 300.0 300.0 300.0 300.0 300.0
411.784 410.5481 409.3123 408.0764 406.0014 403.4092 400.8171 398.225 395.3681 390.1474 384.9267 379.706 374.4853 367.8201 360.1208 352.4215 344.7221 337.121 330.9373 324.7537 318.57 312.3863 309.607 309.6496 309.6922 309.7348 309.8022 310.7026 311.603 312.5034 313.4038 313.2438 312.0681 310.8924 309.7167 308.541 308.5848 308.6374 308.69 308.7426 309.2153 310.1528 311.0903 312.0278 312.9653 311.8807 310.705 309.5292 308.3534 306.9463 305.2434 303.5405 301.8376 300.1348 300.0 300.0 300.0 300.0 300.0 300.0 300.0 300.0 300.0 300.0 300.0
416.6117 414.9459 413.2802 411.6144 409.0996 406.0617 403.0238 399.9858 396.6924 391.1179 385.5433 379.9688 374.3943 367.2938 359.1006 350.9075 342.7143 334.6282 328.0883 321.5483 315.0082 308.4683 305.2396 304.7557 304.2719 303.7881 303.3296 303.7249 304.1201 304.5154 304.9107 305.2249 305.4613 305.6978 305.9342 306.1707 307.6688 309.176 310.6833 312.1905 313.7214 315.2786 316.8358 318.393 319.9502 318.421 316.7526 315.0842 313.4158 311.3557 308.7948 306.2339 303.673 301.1121 300.7393 300.5545 300.3697 300.1849 300.0679 300.0514 300.0349 300.0184 300.0019 300.0 300.0
428.9935 427.3602 425.727 424.0938 421.1017 417.2723 413.4429 409.6134 405.5634 399.5444 393.5252 387.5061 381.4871 373.8377 365.0211 356.2045 347.3878 338.6642 331.284 323.9037 316.5233 309.1431 305.4891 304.9239 304.3588 303.7936 303.2599 303.7852 304.3106 304.836 305.3614 306.5201 308.2854 310.0507 311.8159 313.5812 316.6888 319.8062 322.9237 326.0411 329.0689 331.9977 334.9265 337.8553 340.7841 338.173 335.3119 332.4508 329.5897 325.7897 320.7892 315.7886 310.7881 305.7875 304.3829 303.2873 302.1917 301.0961 300.4025 300.3047 300.2069 300.1091 300.0113 300.0 300.0
441.3753 439.7746 438.1739 436.5732 433.1038 428.4829 423.862 419.241 414.4344 407.9708 401.5071 395.0435 388.5798 380.3816 370.9416 361.5015 352.0613 342.7003 334.4797 326.2592 318.0385 309.8179 305.7386 305.0921 304.4456 303.7991 303.1901 303.8456 304.5012 305.1566 305.8122 307.8154 311.1095 314.4035 317.6975 320.9916 325.7089 330.4364 335.1641 339.8916 344.4164 348.7168 353.0173 357.3177 361.6181 357.925 353.8712 349.8175 345.7637 340.2238 332.7836 325.3433 317.9031 310.4629 308.0265 306.0201 304.0137 302.0074 300.7372 300.558 300.3789 300.1997 300.0206 300.0 300.0
453.7571 452.1889 450.6208 449.0526 445.1059 439.6935 434.281 428.8685 423.3054 416.3972 409.489 402.5807 395.6726 386.9255 376.862 366.7985 356.7349 346.7363 337.6754 328.6146 319.5536 310.4928 305.9881 305.2603 304.5324 303.8047 303.1204 303.906 304.6917 305.4773 306.2629 309.1107 313.9336 318.7564 323.5792 328.4021 334.7289 341.0667 347.4045 353.7422 359.7639 365.4359 371.108 376.78 382.4521 377.6769 372.4305 367.1841 361.9376 354.6578 344.778 334.898 325.0181 315.1383 311.6701 308.7529 305.8358 302.9186 301.0717 300.8113 300.5509 300.2904 300.03 300.0 300.0
466.1389 464.6033 463.0676 461.532 457.108 450.9041 444.7001 438.4961 432.1764 424.8237 417.4708 410.1181 402.7653 393.4695 382.7825 372.0956 361.4084 350.7723 340.8712 330.97 321.0687 311.1676 306.2376 305.4284 304.6193 303.8102 303.0507 303.9664 304.8821 305.7979 306.7137 310.4059 316.7577 323.1093 329.4608 335.8125 343.749 351.6969 359.6449 367.5928 375.1113 382.155 389.1987 396.2424 403.286 397.4289 390.9898 384.5508 378.1115 369.0918 356.7724 344.4527 332.1332 319.8137 315.3137 311.4857 307.6578 303.8298 301.4064 301.0646 300.7229 300.3811 300.0393 300.0 300.0
471.7148 469.525 467.3351 465.1453 460.407 454.0983 447.7895 441.4807 435.0766 427.8214 420.5661 413.311 406.0558 396.3868 384.9896 373.5924 362.1951 350.9054 341.1687 331.432 321.6952 311.9585 307.6 307.6999 307.7998 307.8997 308.0392 309.5188 310.9984 312.478 313.9576 318.5461 326.1122 333.6781 341.2441 348.8102 357.5681 366.3347 375.1014 383.8679 391.9117 399.1559 406.4002 413.6445 420.8887 414.0754 406.628 399.1805 391.7329 381.4479 367.5345 353.6208 339.7074 325.794 320.0695 315.0488 310.0281 305.0074 301.8303 301.3855 300.9407 300.496 300.0512 300.0 300.0
473.8877 470.7003 467.5129 464.3255 459.3545 453.2842 447.214 441.1437 434.9913 428.1048 421.2182 414.3317 407.4452 397.4908 385.3401 373.1893 361.0383 349.087 340.0172 330.9473 321.8773 312.8074 309.5189 311.023 312.527 314.0311 315.557 317.8173 320.0775 322.3379 324.5982 330.1085 338.7318 347.355 355.9782 364.6015 373.7869 382.9763 392.1659 401.3553 409.4384 416.2977 423.1571 430.0164 436.8758 429.1692 420.8055 412.4418 404.078 392.7649 377.6804 362.5957 347.5112 332.4267 325.3813 319.0269 312.6726 306.3181 302.2987 301.7401 301.1815 300.6229 300.0643 300.0 300.0
476.0607 471.8757 467.6907 463.5058 458.3019 452.4702 446.6385 440.8068 434.906 428.3882 421.8702 415.3524 408.8346 398.5949 385.6905 372.7861 359.8815 347.2686 338.8656 330.4625 322.0593 313.6563 311.4378 314.3461 317.2543 320.1626 323.0747 326.1157 329.1567 332.1977 335.2387 341.671 351.3515 361.0319 370.7122 380.3928 390.0056 399.6179 409.2304 418.8428 426.9651 433.4395 439.9141 446.3885 452.8628 444.2629 434.983 425.7032 416.4231 404.0819 387.8264 371.5706 355.315 339.0595 330.6932 323.0051 315.317 307.6288 302.7672 302.0948 301.4223 300.7498 300.0774 300.0 300.0
478.2336 473.051 467.8685 462.686 457.2494 451.6562 446.0631 440.4698 434.8207 428.6716 422.5223 416.3731 410.224 399.699 386.041 372.383 358.7248 345.4502 337.714 329.9778 322.2414 314.5052 313.3567 317.6692 321.9816 326.294 330.5924 334.4141 338.2358 342.0576 345.8793 353.2335 363.9713 374.7088 385.4463 396.184 406.2243 416.2596 426.295 436.3302 444.4919 450.5814 456.671 462.7604 468.8499 459.3567 449.1606 438.9645 428.7682 415.399 397.9724 380.5454 363.1188 345.6922 336.0051 326.9833 317.9615 308.9396 303.2357 302.4494 301.6631 300.8768 300.0905 300.0 300.0
477.9479 471.7635 465.5792 459.3949 453.7431 448.4196 443.0961 437.7725 432.4223 426.8335 421.2445 415.6557 410.0668 399.5421 385.4834 371.4247 357.3658 343.7712 336.8807 329.9903 323.0997 316.2092 316.1889 321.8639 327.5388 333.2137 338.8581 343.4711 348.0841 352.6972 357.3102 365.4543 376.9805 388.5065 400.0325 411.5587 421.8342 432.1007 442.3674 452.6339 460.6741 466.2521 471.8302 477.4081 482.9861 472.6665 461.6299 450.5932 439.5563 425.3048 406.9427 388.5802 370.218 351.8558 341.0071 330.8044 320.6017 310.3987 303.9225 302.9693 302.0161 301.0629 300.1097 300.0 300.0
461.272 454.0575 446.8431 439.6287 433.8793 429.0329 424.1865 419.34 414.6039 410.853 407.102 403.351 399.6001 390.9797 378.8728 366.7659 354.6588 343.0216 338.1696 333.3175 328.4654 323.6133 325.1099 331.8692 338.6284 345.3876 352.1099 357.585 363.06 368.5351 374.0102 382.0637 392.5869 403.1099 413.6329 424.1561 433.3856 442.6057 451.826 461.0461 467.8932 472.1158 476.3385 480.561 484.7836 474.084 462.7112 451.3383 439.9654 425.8036 408.0758 390.3476 372.6198 354.8919 343.9437 333.5782 323.2129 312.8473 306.0642 304.5906 303.1169 301.6433 300.1696 300.0 300.0
444.596 436.3514 428.107 419.8625 414.0155 409.6462 405.2769 400.9074 396.7855 394.8725 392.9594 391.0464 389.1334 382.4173 372.2622 362.107 351.9517 342.2719 339.4583 336.6447 333.8311 331.0175 334.0308 341.8744 349.718 357.5615 365.3618 371.6988 378.0359 384.373 390.7101 398.673 408.1932 417.7133 427.2333 436.7535 444.9369 453.1107 461.2845 469.4583 475.1124 477.9796 480.8468 483.714 486.5812 475.5013 463.7924 452.0835 440.3744 426.3025 409.209 392.1151 375.0216 357.928 346.8802 336.3521 325.8241 315.2958 308.206 306.2119 304.2177 302.2236 300.2296 300.0 300.0
427.9204 418.6457 409.3712 400.0966 394.1521 390.2598 386.3675 382.4752 378.9674 378.8923 378.8171 378.742 378.6669 373.855 365.6517 357.4483 349.2448 341.5223 340.7471 339.972 339.1967 338.4215 342.9515 351.8795 360.8073 369.7351 378.6133 385.8124 393.0115 400.2107 407.4097 415.282 423.7993 432.3164 440.8335 449.3507 456.4881 463.6154 470.743 477.8703 482.3313 483.8432 485.355 486.8669 488.3787 476.9187 464.8737 452.8287 440.7835 426.8013 410.3421 393.8825 377.4233 360.9641 349.8167 339.126 328.4352 317.7444 310.3477 307.8331 305.3185 302.804 300.2895 300.0 300.0
411.2445 400.9397 390.6351 380.3305 374.2883 370.8731 367.4579 364.0427 361.149 362.9118 364.6746 366.4374 368.2002 365.2926 359.041 352.7894 346.5377 340.7727 342.0359 343.2992 344.5625 345.8257 351.8725 361.8848 371.8969 381.909 391.8652 399.9263 407.9874 416.0486 424.1097 431.8914 439.4056 446.9197 454.4339 461.9481 468.0394 474.1204 480.2015 486.2825 489.5504 489.7069 489.8633 490.0198 490.1762 478.3362 465.955 453.5739 441.1925 427.3001 411.4752 395.65 379.8251 364.0002 352.7532 341.8998 331.0465 320.1929 312.4894 309.4544 306.4194 303.3844 300.3494 300.0 300.0
