data/zism_data/00738_01_D.txt
ncols         224
nrows         224
[rows 196 to 223 of 224, columns 63 to 125 of 224]
1725.748 1728.127 1730.585 1733.044 1735.502 1737.961 1740.222 1742.373 1744.524 1746.674 1748.804 1750.663 1752.522 1754.381 1756.241 1758.114 1760.001 1761.889 1763.776 1765.663 1767.33 1768.981 1770.632 1772.283 1773.873 1775.354 1776.835 1778.316 1779.797 1781.103 1782.365 1783.626 1784.887 1786.117 1787.241 1788.365 1789.489 1790.613 1791.659 1792.664 1793.669 1794.673 1795.643 1796.248 1796.854 1797.459 1798.064 1798.456 1798.649 1798.842 1799.034 1799.227 1799.369 1799.508 1799.646 1799.785 1799.865 1799.848 1799.832 1799.815 1799.799 1799.412 1798.939
1725.76 1728.003 1730.338 1732.673 1735.008 1737.344 1739.547 1741.676 1743.806 1745.935 1748.043 1749.881 1751.719 1753.556 1755.394 1757.254 1759.136 1761.018 1762.9 1764.782 1766.408 1768.016 1769.625 1771.233 1772.779 1774.218 1775.656 1777.094 1778.532 1779.872 1781.187 1782.502 1783.817 1785.086 1786.199 1787.313 1788.426 1789.539 1790.602 1791.639 1792.676 1793.713 1794.723 1795.452 1796.18 1796.909 1797.637 1798.102 1798.322 1798.542 1798.761 1798.981 1799.16 1799.336 1799.512 1799.688 1799.804 1799.819 1799.835 1799.85 1799.866 1799.503 1799.052
1725.771 1727.878 1730.09 1732.302 1734.514 1736.726 1738.872 1740.98 1743.088 1745.196 1747.282 1749.099 1750.915 1752.731 1754.547 1756.394 1758.271 1760.147 1762.024 1763.9 1765.486 1767.052 1768.617 1770.182 1771.686 1773.081 1774.477 1775.872 1777.267 1778.641 1780.01 1781.378 1782.746 1784.055 1785.157 1786.26 1787.363 1788.465 1789.546 1790.615 1791.684 1792.753 1793.803 1794.655 1795.507 1796.359 1797.211 1797.749 1797.995 1798.242 1798.488 1798.735 1798.95 1799.164 1799.378 1799.592 1799.742 1799.79 1799.838 1799.886 1799.933 1799.594 1799.164
1725.935 1727.921 1730.015 1732.11 1734.204 1736.299 1738.372 1740.433 1742.494 1744.554 1746.596 1748.386 1750.176 1751.966 1753.756 1755.59 1757.467 1759.344 1761.221 1763.098 1764.643 1766.165 1767.686 1769.207 1770.667 1772.02 1773.372 1774.725 1776.077 1777.469 1778.871 1780.273 1781.676 1783.01 1784.111 1785.212 1786.313 1787.415 1788.514 1789.611 1790.709 1791.807 1792.891 1793.836 1794.781 1795.726 1796.671 1797.27 1797.549 1797.829 1798.108 1798.387 1798.641 1798.893 1799.146 1799.398 1799.588 1799.675 1799.762 1799.849 1799.936 1799.594 1799.151
1726.648 1728.562 1730.56 1732.558 1734.556 1736.554 1738.503 1740.424 1742.346 1744.267 1746.176 1747.923 1749.671 1751.418 1753.165 1754.989 1756.887 1758.786 1760.684 1762.582 1764.084 1765.557 1767.03 1768.503 1769.917 1771.226 1772.536 1773.845 1775.155 1776.508 1777.873 1779.238 1780.602 1781.915 1783.048 1784.181 1785.315 1786.448 1787.569 1788.683 1789.797 1790.91 1792.008 1792.937 1793.865 1794.794 1795.723 1796.343 1796.676 1797.008 1797.341 1797.674 1797.971 1798.266 1798.562 1798.857 1799.098 1799.249 1799.4 1799.552 1799.703 1799.265 1798.688
1727.36 1729.203 1731.104 1733.006 1734.907 1736.809 1738.634 1740.416 1742.198 1743.98 1745.756 1747.461 1749.165 1750.87 1752.574 1754.387 1756.307 1758.227 1760.147 1762.067 1763.524 1764.949 1766.374 1767.799 1769.166 1770.433 1771.7 1772.966 1774.233 1775.548 1776.875 1778.202 1779.529 1780.82 1781.985 1783.151 1784.316 1785.482 1786.624 1787.754 1788.884 1790.014 1791.125 1792.037 1792.95 1793.863 1794.776 1795.415 1795.802 1796.188 1796.574 1796.961 1797.301 1797.64 1797.978 1798.316 1798.608 1798.824 1799.039 1799.255 1799.47 1798.936 1798.225
1728.072 1729.843 1731.648 1733.453 1735.259 1737.064 1738.765 1740.407 1742.05 1743.693 1745.337 1746.999 1748.66 1750.322 1751.983 1753.786 1755.727 1757.668 1759.609 1761.551 1762.965 1764.341 1765.718 1767.095 1768.416 1769.64 1770.863 1772.087 1773.311 1774.587 1775.877 1777.166 1778.456 1779.725 1780.922 1782.12 1783.318 1784.516 1785.679 1786.825 1787.971 1789.117 1790.242 1791.138 1792.035 1792.931 1793.828 1794.488 1794.928 1795.368 1795.808 1796.248 1796.632 1797.013 1797.394 1797.775 1798.118 1798.398 1798.678 1798.958 1799.238 1798.606 1797.762
1728.784 1730.484 1732.193 1733.901 1735.61 1737.319 1738.895 1740.399 1741.902 1743.406 1744.917 1746.536 1748.155 1749.773 1751.392 1753.184 1755.147 1757.11 1759.072 1761.035 1762.405 1763.734 1765.062 1766.391 1767.665 1768.846 1770.027 1771.208 1772.389 1773.626 1774.879 1776.131 1777.383 1778.63 1779.86 1781.089 1782.319 1783.549 1784.734 1785.897 1787.059 1788.221 1789.358 1790.239 1791.119 1792.0 1792.88 1793.56 1794.054 1794.547 1795.041 1795.535 1795.962 1796.386 1796.81 1797.234 1797.628 1797.972 1798.317 1798.661 1799.005 1798.277 1797.299
1729.31 1730.927 1732.55 1734.173 1735.797 1737.42 1738.923 1740.36 1741.797 1743.234 1744.68 1746.234 1747.788 1749.341 1750.895 1752.624 1754.524 1756.424 1758.324 1760.224 1761.576 1762.889 1764.202 1765.515 1766.791 1768.002 1769.213 1770.424 1771.635 1772.878 1774.129 1775.38 1776.632 1777.878 1779.107 1780.336 1781.565 1782.794 1783.968 1785.114 1786.259 1787.405 1788.524 1789.378 1790.231 1791.085 1791.938 1792.608 1793.108 1793.608 1794.107 1794.607 1795.041 1795.471 1795.902 1796.332 1796.728 1797.067 1797.406 1797.745 1798.085 1797.313 1796.281
1729.749 1731.278 1732.82 1734.363 1735.906 1737.448 1738.902 1740.307 1741.712 1743.117 1744.527 1746.006 1747.485 1748.964 1750.443 1752.082 1753.881 1755.679 1757.478 1759.276 1760.621 1761.934 1763.247 1764.56 1765.859 1767.135 1768.41 1769.686 1770.961 1772.23 1773.497 1774.764 1776.031 1777.286 1778.499 1779.712 1780.925 1782.139 1783.286 1784.399 1785.512 1786.625 1787.713 1788.534 1789.356 1790.177 1790.998 1791.645 1792.128 1792.612 1793.095 1793.579 1794.002 1794.422 1794.841 1795.261 1795.636 1795.938 1796.239 1796.541 1796.843 1796.051 1795.002
1730.188 1731.628 1733.09 1734.553 1736.015 1737.477 1738.882 1740.255 1741.627 1743.0 1744.375 1745.779 1747.182 1748.586 1749.99 1751.541 1753.238 1754.934 1756.631 1758.327 1759.666 1760.979 1762.292 1763.605 1764.928 1766.267 1767.607 1768.947 1770.286 1771.581 1772.865 1774.148 1775.431 1776.695 1777.892 1779.089 1780.286 1781.483 1782.604 1783.685 1784.766 1785.847 1786.902 1787.691 1788.48 1789.269 1790.059 1790.681 1791.149 1791.616 1792.083 1792.551 1792.963 1793.372 1793.781 1794.19 1794.544 1794.808 1795.072 1795.336 1795.6 1794.788 1793.724
1730.628 1731.979 1733.36 1734.742 1736.124 1737.506 1738.861 1740.202 1741.542 1742.883 1744.222 1745.551 1746.88 1748.209 1749.537 1751.0 1752.595 1754.189 1755.784 1757.379 1758.71 1760.023 1761.336 1762.65 1763.996 1765.4 1766.804 1768.208 1769.612 1770.933 1772.232 1773.531 1774.831 1776.103 1777.284 1778.465 1779.646 1780.827 1781.921 1782.97 1784.019 1785.068 1786.091 1786.848 1787.605 1788.362 1789.119 1789.717 1790.169 1790.62 1791.072 1791.523 1791.924 1792.322 1792.721 1793.119 1793.452 1793.679 1793.905 1794.132 1794.358 1793.526 1792.446
1731.135 1732.405 1733.711 1735.017 1736.323 1737.629 1738.936 1740.243 1741.551 1742.859 1744.163 1745.428 1746.692 1747.957 1749.221 1750.602 1752.096 1753.59 1755.085 1756.579 1757.902 1759.213 1760.523 1761.834 1763.196 1764.647 1766.099 1767.55 1769.001 1770.34 1771.649 1772.958 1774.267 1775.542 1776.702 1777.861 1779.021 1780.18 1781.246 1782.264 1783.281 1784.299 1785.291 1786.02 1786.75 1787.479 1788.209 1788.785 1789.219 1789.652 1790.086 1790.52 1790.904 1791.285 1791.667 1792.048 1792.354 1792.537 1792.72 1792.903 1793.086 1792.244 1791.162
1732.047 1733.276 1734.534 1735.792 1737.049 1738.307 1739.573 1740.843 1742.113 1743.383 1744.653 1745.917 1747.182 1748.447 1749.711 1751.046 1752.449 1753.852 1755.255 1756.659 1757.96 1759.255 1760.55 1761.844 1763.177 1764.574 1765.972 1767.37 1768.767 1770.073 1771.356 1772.638 1773.92 1775.163 1776.269 1777.375 1778.48 1779.586 1780.616 1781.607 1782.598 1783.588 1784.556 1785.285 1786.015 1786.744 1787.474 1788.036 1788.443 1788.85 1789.257 1789.664 1789.996 1790.324 1790.651 1790.979 1791.221 1791.324 1791.426 1791.529 1791.631 1790.844 1789.848
1732.958 1734.148 1735.357 1736.567 1737.776 1738.986 1740.21 1741.443 1742.675 1743.908 1745.143 1746.407 1747.672 1748.936 1750.201 1751.49 1752.802 1754.114 1755.426 1756.738 1758.019 1759.297 1760.576 1761.855 1763.157 1764.501 1765.845 1767.189 1768.533 1769.807 1771.063 1772.318 1773.574 1774.783 1775.836 1776.888 1777.94 1778.992 1779.986 1780.95 1781.914 1782.878 1783.821 1784.551 1785.28 1786.01 1786.739 1787.288 1787.668 1788.048 1788.428 1788.808 1789.088 1789.362 1789.636 1789.91 1790.089 1790.111 1790.133 1790.155 1790.177 1789.443 1788.533
1733.869 1735.019 1736.18 1737.342 1738.503 1739.665 1740.848 1742.042 1743.238 1744.433 1745.633 1746.897 1748.162 1749.426 1750.691 1751.933 1753.154 1754.375 1755.597 1756.818 1758.077 1759.34 1760.602 1761.865 1763.137 1764.428 1765.719 1767.009 1768.299 1769.541 1770.77 1771.998 1773.227 1774.404 1775.402 1776.401 1777.4 1778.398 1779.356 1780.293 1781.23 1782.167 1783.086 1783.816 1784.545 1785.275 1786.004 1786.539 1786.892 1787.246 1787.599 1787.953 1788.18 1788.4 1788.621 1788.841 1788.956 1788.897 1788.839 1788.781 1788.723 1788.043 1787.219
1734.781 1735.891 1737.004 1738.117 1739.23 1740.343 1741.485 1742.642 1743.8 1744.957 1746.123 1747.387 1748.652 1749.916 1751.181 1752.377 1753.507 1754.637 1755.767 1756.897 1758.136 1759.382 1760.629 1761.875 1763.118 1764.355 1765.592 1766.829 1768.065 1769.275 1770.477 1771.679 1772.88 1774.024 1774.969 1775.914 1776.859 1777.804 1778.726 1779.637 1780.547 1781.457 1782.352 1783.081 1783.811 1784.54 1785.27 1785.79 1786.117 1786.443 1786.77 1787.097 1787.272 1787.438 1787.605 1787.772 1787.823 1787.684 1787.546 1787.407 1787.268 1786.643 1785.905
1735.808 1736.903 1737.997 1739.091 1740.185 1741.28 1742.42 1743.585 1744.751 1745.917 1747.088 1748.33 1749.571 1750.813 1752.055 1753.222 1754.316 1755.411 1756.505 1757.599 1758.793 1759.994 1761.195 1762.396 1763.578 1764.729 1765.88 1767.03 1768.181 1769.315 1770.444 1771.574 1772.703 1773.781 1774.678 1775.576 1776.474 1777.372 1778.256 1779.133 1780.01 1780.887 1781.748 1782.448 1783.149 1783.849 1784.549 1785.033 1785.317 1785.6 1785.883 1786.167 1786.283 1786.389 1786.496 1786.603 1786.595 1786.398 1786.202 1786.006 1785.809 1785.206 1784.507
1736.911 1738.005 1739.099 1740.193 1741.288 1742.382 1743.546 1744.749 1745.952 1747.156 1748.359 1749.563 1750.767 1751.971 1753.176 1754.324 1755.419 1756.513 1757.607 1758.701 1759.835 1760.972 1762.108 1763.245 1764.348 1765.391 1766.434 1767.478 1768.521 1769.552 1770.58 1771.608 1772.635 1773.624 1774.479 1775.334 1776.189 1777.044 1777.889 1778.728 1779.567 1780.407 1781.23 1781.882 1782.533 1783.185 1783.837 1784.27 1784.5 1784.73 1784.96 1785.19 1785.242 1785.284 1785.327 1785.369 1785.305 1785.065 1784.826 1784.587 1784.348 1783.745 1783.057
1738.013 1739.107 1740.201 1741.296 1742.39 1743.484 1744.672 1745.913 1747.154 1748.395 1749.63 1750.797 1751.963 1753.13 1754.296 1755.427 1756.521 1757.615 1758.709 1759.803 1760.877 1761.95 1763.022 1764.094 1765.117 1766.053 1766.989 1767.926 1768.862 1769.79 1770.715 1771.641 1772.567 1773.467 1774.279 1775.091 1775.903 1776.716 1777.521 1778.323 1779.125 1779.927 1780.711 1781.315 1781.918 1782.522 1783.126 1783.508 1783.684 1783.86 1784.037 1784.213 1784.201 1784.179 1784.157 1784.135 1784.015 1783.733 1783.451 1783.168 1782.886 1782.284 1781.607
1739.115 1740.209 1741.304 1742.398 1743.492 1744.586 1745.799 1747.077 1748.355 1749.633 1750.901 1752.03 1753.159 1754.288 1755.417 1756.529 1757.623 1758.717 1759.812 1760.906 1761.919 1762.927 1763.935 1764.943 1765.886 1766.715 1767.544 1768.373 1769.202 1770.027 1770.851 1771.675 1772.499 1773.31 1774.08 1774.849 1775.618 1776.387 1777.153 1777.918 1778.682 1779.447 1780.193 1780.748 1781.303 1781.859 1782.414 1782.745 1782.868 1782.99 1783.113 1783.236 1783.16 1783.074 1782.988 1782.902 1782.725 1782.4 1782.075 1781.75 1781.425 1780.823 1780.157
1740.178 1741.277 1742.374 1743.471 1744.569 1745.666 1746.903 1748.217 1749.531 1750.845 1752.144 1753.239 1754.335 1755.43 1756.526 1757.62 1758.715 1759.809 1760.903 1761.997 1762.952 1763.897 1764.842 1765.786 1766.654 1767.385 1768.117 1768.849 1769.581 1770.309 1771.036 1771.763 1772.491 1773.216 1773.937 1774.658 1775.379 1776.1 1776.821 1777.542 1778.263 1778.984 1779.686 1780.191 1780.695 1781.199 1781.704 1781.983 1782.053 1782.124 1782.194 1782.264 1782.125 1781.976 1781.826 1781.676 1781.443 1781.073 1780.703 1780.333 1779.964 1779.363 1778.707
1740.731 1741.898 1743.038 1744.179 1745.319 1746.459 1747.721 1749.052 1750.382 1751.712 1753.027 1754.138 1755.25 1756.361 1757.473 1758.576 1759.67 1760.764 1761.858 1762.953 1763.862 1764.759 1765.655 1766.552 1767.4 1768.164 1768.928 1769.692 1770.456 1771.165 1771.86 1772.555 1773.25 1773.925 1774.528 1775.13 1775.734 1776.337 1776.94 1777.543 1778.146 1778.749 1779.336 1779.754 1780.173 1780.592 1781.01 1781.229 1781.262 1781.294 1781.327 1781.36 1781.168 1780.965 1780.762 1780.558 1780.265 1779.826 1779.386 1778.947 1778.507 1777.906 1777.267
1741.284 1742.52 1743.703 1744.886 1746.069 1747.252 1748.54 1749.886 1751.233 1752.579 1753.91 1755.037 1756.165 1757.293 1758.42 1759.531 1760.625 1761.719 1762.814 1763.908 1764.772 1765.621 1766.469 1767.318 1768.147 1768.943 1769.739 1770.535 1771.332 1772.022 1772.684 1773.347 1774.01 1774.633 1775.118 1775.603 1776.088 1776.573 1777.058 1777.543 1778.028 1778.513 1778.985 1779.318 1779.651 1779.984 1780.317 1780.475 1780.47 1780.465 1780.46 1780.455 1780.211 1779.954 1779.697 1779.44 1779.087 1778.578 1778.069 1777.56 1777.051 1776.449 1775.826
1741.837 1743.141 1744.367 1745.593 1746.819 1748.045 1749.359 1750.721 1752.084 1753.446 1754.793 1755.936 1757.08 1758.224 1759.367 1760.486 1761.581 1762.675 1763.769 1764.863 1765.683 1766.483 1767.283 1768.083 1768.893 1769.722 1770.55 1771.378 1772.207 1772.878 1773.508 1774.139 1774.77 1775.341 1775.708 1776.075 1776.442 1776.809 1777.177 1777.544 1777.911 1778.278 1778.635 1778.882 1779.129 1779.376 1779.623 1779.72 1779.678 1779.636 1779.593 1779.551 1779.254 1778.943 1778.633 1778.322 1777.91 1777.331 1776.752 1776.173 1775.594 1774.993 1774.385
1742.39 1743.763 1745.031 1746.3 1747.569 1748.838 1750.177 1751.556 1752.934 1754.313 1755.676 1756.835 1757.995 1759.155 1760.315 1761.442 1762.536 1763.63 1764.724 1765.818 1766.593 1767.345 1768.097 1768.848 1769.64 1770.5 1771.361 1772.221 1773.082 1773.734 1774.333 1774.931 1775.53 1776.049 1776.298 1776.547 1776.797 1777.046 1777.295 1777.544 1777.794 1778.043 1778.284 1778.446 1778.607 1778.768 1778.93 1778.966 1778.886 1778.806 1778.726 1778.647 1778.297 1777.933 1777.568 1777.204 1776.732 1776.083 1775.435 1774.786 1774.138 1773.536 1772.945
1742.516 1743.918 1745.201 1746.484 1747.767 1749.05 1750.423 1751.847 1753.27 1754.693 1756.102 1757.321 1758.54 1759.759 1760.978 1762.15 1763.276 1764.402 1765.528 1766.653 1767.452 1768.227 1769.003 1769.778 1770.591 1771.47 1772.348 1773.226 1774.105 1774.73 1775.291 1775.851 1776.412 1776.885 1777.059 1777.234 1777.408 1777.583 1777.719 1777.836 1777.953 1778.07 1778.18 1778.218 1778.257 1778.295 1778.333 1778.28 1778.143 1778.005 1777.868 1777.73 1777.34 1776.937 1776.533 1776.13 1775.619 1774.932 1774.246 1773.559 1772.873 1772.255 1771.655
1742.271 1743.671 1744.943 1746.216 1747.488 1748.76 1750.174 1751.667 1753.16 1754.653 1756.134 1757.449 1758.765 1760.08 1761.396 1762.645 1763.83 1765.015 1766.2 1767.384 1768.267 1769.128 1769.989 1770.851 1771.72 1772.604 1773.487 1774.371 1775.255 1775.847 1776.365 1776.883 1777.4 1777.832 1777.969 1778.106 1778.243 1778.379 1778.408 1778.38 1778.352 1778.325 1778.289 1778.172 1778.054 1777.937 1777.82 1777.653 1777.441 1777.228 1777.016 1776.803 1776.384 1775.954 1775.524 1775.093 1774.562 1773.864 1773.167 1772.47 1771.772 1771.127 1770.494
