data/zism_data/00732_03_D.txt
ncols         224
nrows         224
[rows 112 to 139 of 224, columns 126 to 188 of 224]
1341.408 1341.048 1340.69 1340.333 1339.975 1339.669 1339.513 1339.356 1339.2 1339.043 1338.99 1338.976 1338.963 1338.949 1338.977 1339.186 1339.395 1339.604 1339.812 1339.981 1340.128 1340.275 1340.422 1340.592 1340.94 1341.288 1341.636 1341.985 1342.301 1342.595 1342.889 1343.183 1343.483 1343.914 1344.346 1344.777 1345.208 1345.585 1345.91 1346.235 1346.56 1346.885 1347.302 1347.721 1348.141 1348.561 1349.021 1349.536 1350.05 1350.564 1351.079 1351.517 1351.946 1352.375 1352.804 1353.238 1353.679 1354.12 1354.561 1355.002 1355.505 1356.021 1356.538
1341.408 1341.061 1340.719 1340.378 1340.036 1339.739 1339.566 1339.393 1339.22 1339.048 1339.033 1339.079 1339.125 1339.17 1339.251 1339.481 1339.712 1339.942 1340.172 1340.348 1340.495 1340.642 1340.789 1340.956 1341.271 1341.587 1341.903 1342.219 1342.522 1342.816 1343.11 1343.404 1343.703 1344.118 1344.533 1344.948 1345.363 1345.738 1346.073 1346.409 1346.745 1347.08 1347.503 1347.928 1348.353 1348.778 1349.242 1349.756 1350.271 1350.785 1351.299 1351.756 1352.207 1352.658 1353.109 1353.556 1353.997 1354.438 1354.879 1355.32 1355.792 1356.271 1356.749
1341.408 1341.074 1340.749 1340.423 1340.098 1339.808 1339.619 1339.43 1339.241 1339.052 1339.076 1339.181 1339.286 1339.391 1339.524 1339.776 1340.028 1340.28 1340.532 1340.716 1340.863 1341.01 1341.157 1341.319 1341.603 1341.886 1342.169 1342.453 1342.742 1343.036 1343.33 1343.624 1343.923 1344.321 1344.72 1345.119 1345.518 1345.89 1346.237 1346.583 1346.93 1347.276 1347.704 1348.135 1348.565 1348.995 1349.462 1349.977 1350.491 1351.005 1351.52 1351.996 1352.469 1352.941 1353.414 1353.875 1354.316 1354.756 1355.197 1355.638 1356.079 1356.52 1356.961
1341.408 1341.087 1340.778 1340.469 1340.159 1339.877 1339.672 1339.467 1339.262 1339.057 1339.119 1339.284 1339.448 1339.613 1339.798 1340.071 1340.345 1340.619 1340.892 1341.083 1341.23 1341.377 1341.524 1341.683 1341.934 1342.185 1342.436 1342.687 1342.963 1343.257 1343.551 1343.845 1344.142 1344.525 1344.908 1345.29 1345.673 1346.043 1346.4 1346.757 1347.115 1347.472 1347.905 1348.341 1348.777 1349.213 1349.683 1350.197 1350.711 1351.226 1351.74 1352.236 1352.73 1353.224 1353.718 1354.193 1354.634 1355.075 1355.516 1355.957 1356.366 1356.769 1357.172
1341.421 1341.113 1340.82 1340.527 1340.234 1339.959 1339.738 1339.516 1339.295 1339.074 1339.172 1339.392 1339.613 1339.833 1340.067 1340.361 1340.655 1340.949 1341.243 1341.441 1341.588 1341.735 1341.883 1342.038 1342.26 1342.481 1342.703 1342.924 1343.188 1343.482 1343.776 1344.07 1344.368 1344.734 1345.1 1345.466 1345.832 1346.199 1346.566 1346.933 1347.3 1347.667 1348.107 1348.55 1348.992 1349.434 1349.907 1350.419 1350.932 1351.444 1351.957 1352.472 1352.987 1353.502 1354.017 1354.506 1354.948 1355.389 1355.831 1356.272 1356.654 1357.022 1357.391
1341.638 1341.346 1341.069 1340.792 1340.516 1340.249 1340.011 1339.774 1339.536 1339.299 1339.389 1339.604 1339.818 1340.033 1340.263 1340.557 1340.851 1341.145 1341.438 1341.64 1341.793 1341.946 1342.098 1342.261 1342.498 1342.736 1342.974 1343.211 1343.485 1343.784 1344.084 1344.384 1344.685 1345.03 1345.374 1345.719 1346.063 1346.417 1346.778 1347.14 1347.502 1347.863 1348.324 1348.788 1349.252 1349.716 1350.186 1350.667 1351.147 1351.627 1352.107 1352.633 1353.165 1353.696 1354.228 1354.73 1355.183 1355.635 1356.087 1356.54 1356.941 1357.331 1357.721
1341.855 1341.579 1341.319 1341.058 1340.797 1340.539 1340.285 1340.031 1339.777 1339.524 1339.605 1339.815 1340.024 1340.233 1340.459 1340.753 1341.047 1341.34 1341.634 1341.84 1341.998 1342.156 1342.314 1342.483 1342.737 1342.991 1343.244 1343.498 1343.782 1344.087 1344.392 1344.697 1345.003 1345.326 1345.649 1345.972 1346.295 1346.634 1346.991 1347.347 1347.703 1348.06 1348.541 1349.027 1349.512 1349.997 1350.466 1350.914 1351.362 1351.809 1352.257 1352.795 1353.342 1353.89 1354.438 1354.955 1355.418 1355.881 1356.344 1356.807 1357.228 1357.64 1358.052
1342.072 1341.813 1341.568 1341.324 1341.079 1340.828 1340.558 1340.288 1340.018 1339.748 1339.822 1340.026 1340.23 1340.434 1340.655 1340.949 1341.243 1341.536 1341.83 1342.039 1342.203 1342.366 1342.53 1342.705 1342.975 1343.245 1343.515 1343.785 1344.079 1344.389 1344.7 1345.01 1345.32 1345.621 1345.923 1346.224 1346.526 1346.852 1347.203 1347.554 1347.905 1348.256 1348.758 1349.265 1349.772 1350.279 1350.746 1351.161 1351.577 1351.992 1352.407 1352.956 1353.52 1354.084 1354.648 1355.179 1355.653 1356.127 1356.601 1357.075 1357.515 1357.949 1358.382
1342.289 1342.046 1341.818 1341.59 1341.361 1341.118 1340.832 1340.546 1340.26 1339.973 1340.038 1340.237 1340.436 1340.634 1340.851 1341.145 1341.438 1341.732 1342.026 1342.239 1342.408 1342.576 1342.745 1342.928 1343.214 1343.5 1343.786 1344.072 1344.376 1344.692 1345.007 1345.323 1345.638 1345.917 1346.197 1346.477 1346.757 1347.07 1347.415 1347.761 1348.106 1348.452 1348.975 1349.504 1350.032 1350.561 1351.026 1351.409 1351.792 1352.175 1352.557 1353.118 1353.698 1354.278 1354.858 1355.403 1355.888 1356.373 1356.858 1357.343 1357.803 1358.258 1358.713
1342.48 1342.24 1342.011 1341.782 1341.554 1341.314 1341.042 1340.771 1340.5 1340.228 1340.287 1340.472 1340.657 1340.841 1341.044 1341.324 1341.604 1341.883 1342.163 1342.383 1342.572 1342.76 1342.948 1343.148 1343.434 1343.719 1344.005 1344.29 1344.593 1344.909 1345.224 1345.54 1345.854 1346.135 1346.415 1346.696 1346.977 1347.29 1347.636 1347.982 1348.328 1348.673 1349.188 1349.707 1350.226 1350.745 1351.209 1351.602 1351.995 1352.387 1352.78 1353.341 1353.92 1354.499 1355.079 1355.625 1356.112 1356.599 1357.086 1357.573 1358.052 1358.528 1359.005
1342.647 1342.399 1342.154 1341.909 1341.664 1341.423 1341.195 1340.966 1340.738 1340.51 1340.565 1340.729 1340.892 1341.055 1341.235 1341.488 1341.74 1341.993 1342.246 1342.478 1342.699 1342.92 1343.14 1343.367 1343.636 1343.905 1344.174 1344.444 1344.737 1345.047 1345.357 1345.667 1345.977 1346.28 1346.582 1346.884 1347.187 1347.514 1347.865 1348.216 1348.567 1348.918 1349.396 1349.877 1350.358 1350.84 1351.304 1351.745 1352.186 1352.628 1353.069 1353.62 1354.183 1354.746 1355.31 1355.843 1356.325 1356.807 1357.288 1357.77 1358.265 1358.764 1359.262
1342.814 1342.557 1342.296 1342.035 1341.773 1341.532 1341.347 1341.162 1340.977 1340.792 1340.844 1340.985 1341.127 1341.268 1341.426 1341.651 1341.877 1342.103 1342.329 1342.573 1342.826 1343.079 1343.332 1343.585 1343.838 1344.091 1344.344 1344.598 1344.881 1345.185 1345.49 1345.795 1346.101 1346.425 1346.749 1347.072 1347.396 1347.737 1348.093 1348.45 1348.806 1349.163 1349.604 1350.047 1350.491 1350.935 1351.398 1351.888 1352.378 1352.868 1353.358 1353.899 1354.446 1354.993 1355.54 1356.062 1356.538 1357.014 1357.491 1357.967 1358.479 1358.999 1359.519
1342.981 1342.716 1342.438 1342.161 1341.883 1341.641 1341.5 1341.358 1341.216 1341.074 1341.122 1341.242 1341.362 1341.482 1341.616 1341.815 1342.014 1342.213 1342.412 1342.667 1342.953 1343.238 1343.524 1343.804 1344.041 1344.278 1344.514 1344.751 1345.024 1345.324 1345.623 1345.923 1346.224 1346.57 1346.915 1347.261 1347.606 1347.96 1348.322 1348.684 1349.046 1349.408 1349.812 1350.218 1350.624 1351.029 1351.493 1352.031 1352.57 1353.109 1353.647 1354.179 1354.71 1355.24 1355.771 1356.28 1356.751 1357.222 1357.693 1358.164 1358.693 1359.234 1359.776
1343.148 1342.875 1342.581 1342.287 1341.993 1341.751 1341.652 1341.553 1341.455 1341.356 1341.4 1341.499 1341.597 1341.695 1341.807 1341.979 1342.151 1342.323 1342.495 1342.762 1343.08 1343.398 1343.716 1344.022 1344.243 1344.464 1344.684 1344.905 1345.168 1345.462 1345.756 1346.05 1346.348 1346.715 1347.082 1347.449 1347.816 1348.183 1348.55 1348.918 1349.285 1349.652 1350.02 1350.388 1350.756 1351.124 1351.588 1352.175 1352.762 1353.349 1353.936 1354.458 1354.973 1355.487 1356.002 1356.499 1356.964 1357.43 1357.895 1358.361 1358.907 1359.47 1360.033
1343.197 1342.963 1342.717 1342.471 1342.225 1342.011 1341.886 1341.762 1341.637 1341.512 1341.568 1341.693 1341.818 1341.942 1342.072 1342.222 1342.372 1342.522 1342.672 1342.908 1343.189 1343.47 1343.751 1344.029 1344.282 1344.534 1344.786 1345.039 1345.315 1345.609 1345.903 1346.197 1346.493 1346.828 1347.164 1347.499 1347.835 1348.162 1348.482 1348.801 1349.121 1349.44 1349.806 1350.174 1350.541 1350.908 1351.372 1351.96 1352.547 1353.135 1353.723 1354.259 1354.79 1355.32 1355.85 1356.372 1356.88 1357.388 1357.896 1358.404 1358.949 1359.502 1360.055
1343.244 1343.051 1342.854 1342.656 1342.459 1342.273 1342.122 1341.97 1341.818 1341.667 1341.735 1341.887 1342.038 1342.19 1342.337 1342.466 1342.594 1342.723 1342.851 1343.055 1343.298 1343.542 1343.785 1344.033 1344.318 1344.603 1344.887 1345.172 1345.462 1345.756 1346.05 1346.344 1346.638 1346.941 1347.245 1347.548 1347.851 1348.137 1348.408 1348.679 1348.95 1349.221 1349.586 1349.953 1350.321 1350.688 1351.151 1351.739 1352.327 1352.915 1353.503 1354.053 1354.6 1355.146 1355.693 1356.241 1356.792 1357.344 1357.895 1358.446 1358.989 1359.531 1360.073
1343.291 1343.139 1342.99 1342.841 1342.692 1342.536 1342.357 1342.178 1342.0 1341.821 1341.901 1342.08 1342.259 1342.437 1342.602 1342.709 1342.816 1342.923 1343.03 1343.202 1343.407 1343.613 1343.818 1344.037 1344.354 1344.671 1344.988 1345.305 1345.609 1345.903 1346.197 1346.491 1346.784 1347.055 1347.325 1347.596 1347.867 1348.113 1348.335 1348.557 1348.78 1349.002 1349.365 1349.733 1350.1 1350.468 1350.931 1351.519 1352.107 1352.694 1353.282 1353.848 1354.41 1354.973 1355.536 1356.11 1356.704 1357.299 1357.893 1358.487 1359.03 1359.561 1360.092
1343.337 1343.226 1343.126 1343.026 1342.926 1342.798 1342.592 1342.387 1342.181 1341.976 1342.068 1342.274 1342.479 1342.685 1342.868 1342.953 1343.038 1343.124 1343.209 1343.348 1343.516 1343.684 1343.852 1344.041 1344.39 1344.74 1345.089 1345.439 1345.756 1346.05 1346.344 1346.638 1346.929 1347.168 1347.406 1347.644 1347.883 1348.088 1348.262 1348.436 1348.609 1348.783 1349.145 1349.512 1349.88 1350.247 1350.71 1351.298 1351.886 1352.474 1353.062 1353.642 1354.221 1354.799 1355.378 1355.979 1356.616 1357.254 1357.891 1358.529 1359.07 1359.59 1360.11
1343.431 1343.341 1343.267 1343.194 1343.12 1343.014 1342.816 1342.617 1342.418 1342.22 1342.309 1342.508 1342.706 1342.905 1343.081 1343.159 1343.237 1343.316 1343.394 1343.519 1343.668 1343.818 1343.967 1344.139 1344.485 1344.83 1345.176 1345.521 1345.831 1346.116 1346.4 1346.684 1346.965 1347.181 1347.397 1347.612 1347.828 1348.009 1348.156 1348.302 1348.449 1348.596 1348.95 1349.31 1349.671 1350.031 1350.49 1351.078 1351.666 1352.253 1352.841 1353.442 1354.045 1354.647 1355.25 1355.876 1356.545 1357.213 1357.882 1358.55 1359.11 1359.646 1360.182
1343.581 1343.488 1343.414 1343.341 1343.267 1343.174 1343.024 1342.874 1342.724 1342.574 1342.641 1342.791 1342.941 1343.091 1343.23 1343.319 1343.408 1343.497 1343.586 1343.718 1343.873 1344.028 1344.183 1344.354 1344.651 1344.948 1345.245 1345.542 1345.819 1346.082 1346.344 1346.607 1346.867 1347.072 1347.276 1347.481 1347.686 1347.862 1348.009 1348.156 1348.302 1348.449 1348.788 1349.132 1349.476 1349.819 1350.27 1350.857 1351.445 1352.033 1352.621 1353.251 1353.886 1354.521 1355.155 1355.808 1356.493 1357.178 1357.863 1358.548 1359.15 1359.735 1360.319
1343.731 1343.635 1343.561 1343.488 1343.414 1343.333 1343.232 1343.131 1343.029 1342.928 1342.973 1343.075 1343.176 1343.278 1343.379 1343.479 1343.579 1343.679 1343.779 1343.918 1344.078 1344.238 1344.398 1344.569 1344.817 1345.065 1345.314 1345.562 1345.806 1346.047 1346.288 1346.53 1346.769 1346.963 1347.156 1347.35 1347.544 1347.715 1347.862 1348.009 1348.156 1348.302 1348.625 1348.953 1349.28 1349.608 1350.049 1350.637 1351.225 1351.813 1352.4 1353.06 1353.727 1354.394 1355.061 1355.741 1356.442 1357.143 1357.844 1358.545 1359.19 1359.823 1360.457
1343.881 1343.782 1343.708 1343.635 1343.561 1343.493 1343.44 1343.387 1343.335 1343.282 1343.306 1343.358 1343.411 1343.464 1343.528 1343.639 1343.749 1343.86 1343.971 1344.117 1344.283 1344.448 1344.614 1344.784 1344.983 1345.183 1345.383 1345.583 1345.794 1346.013 1346.233 1346.452 1346.67 1346.853 1347.036 1347.22 1347.403 1347.568 1347.715 1347.862 1348.009 1348.156 1348.462 1348.774 1349.085 1349.397 1349.829 1350.416 1351.004 1351.592 1352.18 1352.868 1353.568 1354.267 1354.967 1355.673 1356.39 1357.108 1357.825 1358.542 1359.23 1359.912 1360.594
1344.032 1343.929 1343.855 1343.782 1343.708 1343.653 1343.649 1343.644 1343.64 1343.636 1343.638 1343.642 1343.646 1343.65 1343.677 1343.798 1343.92 1344.041 1344.163 1344.317 1344.488 1344.659 1344.83 1344.998 1345.15 1345.301 1345.452 1345.603 1345.781 1345.979 1346.177 1346.375 1346.572 1346.744 1346.916 1347.089 1347.261 1347.421 1347.568 1347.715 1347.862 1348.009 1348.3 1348.595 1348.89 1349.186 1349.608 1350.196 1350.784 1351.372 1351.959 1352.677 1353.409 1354.141 1354.873 1355.605 1356.339 1357.072 1357.806 1358.539 1359.27 1360.001 1360.731
1344.066 1343.976 1343.917 1343.858 1343.799 1343.759 1343.769 1343.778 1343.788 1343.798 1343.815 1343.835 1343.854 1343.874 1343.911 1344.024 1344.137 1344.249 1344.362 1344.516 1344.693 1344.869 1345.045 1345.217 1345.349 1345.481 1345.613 1345.745 1345.909 1346.095 1346.281 1346.467 1346.653 1346.834 1347.016 1347.197 1347.378 1347.527 1347.644 1347.762 1347.879 1347.997 1348.271 1348.55 1348.829 1349.109 1349.483 1349.982 1350.481 1350.981 1351.48 1352.191 1352.925 1353.66 1354.395 1355.148 1355.932 1356.716 1357.5 1358.284 1359.073 1359.862 1360.651
1344.089 1344.013 1343.97 1343.928 1343.885 1343.859 1343.88 1343.901 1343.922 1343.942 1343.978 1344.019 1344.06 1344.102 1344.154 1344.256 1344.358 1344.46 1344.562 1344.716 1344.897 1345.079 1345.261 1345.435 1345.551 1345.667 1345.783 1345.899 1346.049 1346.225 1346.4 1346.575 1346.751 1346.943 1347.136 1347.328 1347.52 1347.658 1347.743 1347.828 1347.913 1347.998 1348.255 1348.518 1348.781 1349.044 1349.368 1349.769 1350.171 1350.573 1350.975 1351.676 1352.411 1353.146 1353.881 1354.653 1355.491 1356.329 1357.167 1358.005 1358.852 1359.701 1360.549
1344.113 1344.05 1344.024 1343.998 1343.971 1343.96 1343.992 1344.023 1344.055 1344.086 1344.14 1344.203 1344.266 1344.329 1344.397 1344.488 1344.579 1344.67 1344.761 1344.915 1345.102 1345.29 1345.477 1345.654 1345.754 1345.853 1345.953 1346.053 1346.19 1346.355 1346.519 1346.684 1346.85 1347.053 1347.256 1347.459 1347.661 1347.788 1347.841 1347.893 1347.946 1347.999 1348.24 1348.486 1348.733 1348.98 1349.252 1349.557 1349.861 1350.166 1350.471 1351.162 1351.897 1352.631 1353.366 1354.158 1355.05 1355.942 1356.834 1357.727 1358.632 1359.54 1360.448
1344.136 1344.088 1344.078 1344.068 1344.057 1344.061 1344.103 1344.146 1344.188 1344.23 1344.303 1344.387 1344.472 1344.557 1344.64 1344.72 1344.801 1344.881 1344.961 1345.115 1345.307 1345.5 1345.692 1345.872 1345.956 1346.039 1346.123 1346.207 1346.331 1346.485 1346.638 1346.792 1346.948 1347.162 1347.376 1347.589 1347.803 1347.919 1347.939 1347.959 1347.979 1347.999 1348.224 1348.454 1348.685 1348.916 1349.136 1349.344 1349.551 1349.759 1349.966 1350.647 1351.382 1352.117 1352.852 1353.663 1354.609 1355.556 1356.502 1357.448 1358.411 1359.379 1360.346
1344.221 1344.185 1344.185 1344.185 1344.185 1344.197 1344.242 1344.286 1344.331 1344.376 1344.463 1344.565 1344.667 1344.769 1344.867 1344.946 1345.026 1345.105 1345.185 1345.338 1345.53 1345.722 1345.913 1346.091 1346.158 1346.226 1346.293 1346.36 1346.47 1346.611 1346.752 1346.893 1347.037 1347.251 1347.466 1347.68 1347.894 1348.0 1348.0 1348.0 1348.0 1348.0 1348.214 1348.434 1348.655 1348.875 1349.059 1349.193 1349.328 1349.463 1349.598 1350.255 1350.972 1351.688 1352.405 1353.224 1354.227 1355.229 1356.231 1357.233 1358.244 1359.256 1360.269
