data/zism_data/00732_02_D.txt
ncols         224
nrows         224
[rows 116 to 144 of 224, columns 66 to 131 of 224]
1353.992 1354.052 1354.107 1354.162 1354.217 1354.249 1354.249 1354.249 1354.249 1354.249 1354.217 1354.18 1354.143 1354.106 1354.038 1353.909 1353.781 1353.652 1353.524 1353.47 1353.433 1353.396 1353.359 1353.297 1353.168 1353.04 1352.911 1352.782 1352.749 1352.749 1352.749 1352.749 1352.674 1352.307 1351.939 1351.572 1351.205 1350.996 1350.868 1350.739 1350.61 1350.498 1350.498 1350.498 1350.498 1350.498 1350.498 1350.498 1350.498 1350.498 1350.507 1350.654 1350.801 1350.947 1351.094 1351.375 1351.779 1352.184 1352.588 1352.992 1353.36 1353.727 1354.095 1354.462 1354.838 1355.224
1353.991 1354.006 1354.012 1354.019 1354.025 1354.029 1354.029 1354.029 1354.029 1354.029 1353.987 1353.939 1353.891 1353.844 1353.778 1353.676 1353.575 1353.473 1353.372 1353.314 1353.266 1353.219 1353.171 1353.091 1352.924 1352.758 1352.591 1352.425 1352.381 1352.381 1352.381 1352.381 1352.307 1351.939 1351.572 1351.205 1350.837 1350.618 1350.473 1350.328 1350.183 1350.057 1350.057 1350.057 1350.057 1350.057 1350.057 1350.057 1350.057 1350.057 1350.063 1350.167 1350.271 1350.374 1350.478 1350.744 1351.159 1351.574 1351.989 1352.404 1352.772 1353.14 1353.507 1353.874 1354.282 1354.738
1353.843 1353.869 1353.888 1353.906 1353.925 1353.924 1353.896 1353.868 1353.84 1353.812 1353.769 1353.725 1353.681 1353.636 1353.577 1353.488 1353.399 1353.311 1353.222 1353.143 1353.066 1352.989 1352.911 1352.812 1352.655 1352.497 1352.34 1352.183 1352.121 1352.093 1352.064 1352.036 1351.948 1351.623 1351.298 1350.972 1350.647 1350.46 1350.341 1350.222 1350.103 1350.0 1350.0 1350.0 1350.0 1350.0 1350.0 1350.0 1350.0 1350.0 1350.005 1350.084 1350.163 1350.242 1350.321 1350.557 1350.936 1351.315 1351.693 1352.072 1352.468 1352.863 1353.259 1353.654 1354.073 1354.519
1353.673 1353.718 1353.758 1353.799 1353.839 1353.837 1353.777 1353.716 1353.655 1353.595 1353.553 1353.515 1353.476 1353.437 1353.384 1353.307 1353.229 1353.151 1353.073 1352.97 1352.86 1352.75 1352.641 1352.523 1352.381 1352.24 1352.099 1351.958 1351.876 1351.816 1351.755 1351.695 1351.59 1351.314 1351.037 1350.761 1350.484 1350.334 1350.248 1350.161 1350.075 1350.0 1350.0 1350.0 1350.0 1350.0 1350.0 1350.0 1350.0 1350.0 1350.003 1350.061 1350.119 1350.176 1350.234 1350.436 1350.772 1351.108 1351.443 1351.779 1352.206 1352.634 1353.062 1353.49 1353.916 1354.341
1353.503 1353.567 1353.629 1353.691 1353.753 1353.75 1353.657 1353.564 1353.471 1353.378 1353.338 1353.304 1353.271 1353.237 1353.192 1353.125 1353.058 1352.991 1352.924 1352.796 1352.654 1352.512 1352.37 1352.233 1352.108 1351.983 1351.858 1351.733 1351.632 1351.539 1351.446 1351.353 1351.233 1351.005 1350.777 1350.549 1350.321 1350.209 1350.155 1350.101 1350.047 1350.0 1350.0 1350.0 1350.0 1350.0 1350.0 1350.0 1350.0 1350.0 1350.002 1350.038 1350.074 1350.11 1350.146 1350.316 1350.608 1350.901 1351.193 1351.486 1351.944 1352.404 1352.864 1353.325 1353.76 1354.163
1353.333 1353.417 1353.5 1353.584 1353.667 1353.663 1353.538 1353.412 1353.287 1353.161 1353.122 1353.094 1353.066 1353.038 1353.0 1352.944 1352.888 1352.831 1352.775 1352.623 1352.449 1352.274 1352.1 1351.944 1351.835 1351.726 1351.617 1351.509 1351.388 1351.262 1351.137 1351.011 1350.875 1350.696 1350.516 1350.337 1350.158 1350.084 1350.062 1350.04 1350.019 1350.0 1350.0 1350.0 1350.0 1350.0 1350.0 1350.0 1350.0 1350.0 1350.001 1350.015 1350.03 1350.044 1350.058 1350.195 1350.445 1350.694 1350.943 1351.192 1351.682 1352.174 1352.667 1353.16 1353.603 1353.985
1353.204 1353.293 1353.384 1353.474 1353.565 1353.556 1353.409 1353.262 1353.115 1352.968 1352.926 1352.898 1352.87 1352.842 1352.808 1352.762 1352.717 1352.672 1352.626 1352.457 1352.259 1352.062 1351.864 1351.691 1351.584 1351.477 1351.37 1351.263 1351.135 1350.999 1350.862 1350.726 1350.59 1350.454 1350.318 1350.182 1350.045 1350.0 1350.0 1350.0 1350.0 1350.0 1350.0 1350.0 1350.0 1350.0 1350.0 1350.0 1350.0 1350.0 1350.0 1350.0 1350.0 1350.0 1350.0 1350.115 1350.335 1350.556 1350.776 1350.997 1351.496 1352.0 1352.503 1353.007 1353.442 1353.793
1353.155 1353.223 1353.292 1353.361 1353.431 1353.409 1353.262 1353.115 1352.968 1352.821 1352.77 1352.731 1352.692 1352.653 1352.616 1352.581 1352.546 1352.512 1352.477 1352.306 1352.103 1351.9 1351.696 1351.512 1351.378 1351.244 1351.11 1350.976 1350.865 1350.761 1350.657 1350.553 1350.45 1350.346 1350.242 1350.138 1350.035 1350.0 1350.0 1350.0 1350.0 1350.0 1350.0 1350.0 1350.0 1350.0 1350.0 1350.0 1350.0 1350.0 1350.0 1350.0 1350.0 1350.0 1350.0 1350.115 1350.335 1350.556 1350.776 1350.997 1351.464 1351.936 1352.407 1352.878 1353.273 1353.576
1353.105 1353.153 1353.201 1353.249 1353.296 1353.262 1353.115 1352.968 1352.821 1352.674 1352.613 1352.563 1352.514 1352.464 1352.423 1352.4 1352.376 1352.352 1352.328 1352.154 1351.946 1351.737 1351.529 1351.333 1351.172 1351.011 1350.85 1350.689 1350.595 1350.523 1350.452 1350.381 1350.309 1350.238 1350.167 1350.095 1350.024 1350.0 1350.0 1350.0 1350.0 1350.0 1350.0 1350.0 1350.0 1350.0 1350.0 1350.0 1350.0 1350.0 1350.0 1350.0 1350.0 1350.0 1350.0 1350.115 1350.335 1350.556 1350.776 1350.997 1351.432 1351.871 1352.31 1352.749 1353.104 1353.359
1353.056 1353.084 1353.11 1353.136 1353.162 1353.115 1352.968 1352.821 1352.674 1352.527 1352.457 1352.396 1352.336 1352.275 1352.231 1352.218 1352.205 1352.192 1352.179 1352.003 1351.789 1351.575 1351.361 1351.154 1350.967 1350.779 1350.591 1350.403 1350.325 1350.286 1350.247 1350.208 1350.169 1350.13 1350.091 1350.052 1350.013 1350.0 1350.0 1350.0 1350.0 1350.0 1350.0 1350.0 1350.0 1350.0 1350.0 1350.0 1350.0 1350.0 1350.0 1350.0 1350.0 1350.0 1350.0 1350.115 1350.335 1350.556 1350.776 1350.997 1351.401 1351.807 1352.213 1352.62 1352.936 1353.141
1353.007 1353.014 1353.019 1353.023 1353.027 1352.968 1352.821 1352.674 1352.527 1352.38 1352.3 1352.229 1352.158 1352.086 1352.039 1352.037 1352.035 1352.032 1352.03 1351.852 1351.632 1351.413 1351.194 1350.976 1350.761 1350.546 1350.331 1350.116 1350.055 1350.048 1350.042 1350.035 1350.028 1350.022 1350.015 1350.009 1350.002 1350.0 1350.0 1350.0 1350.0 1350.0 1350.0 1350.0 1350.0 1350.0 1350.0 1350.0 1350.0 1350.0 1350.0 1350.0 1350.0 1350.0 1350.0 1350.115 1350.335 1350.556 1350.776 1350.997 1351.369 1351.743 1352.116 1352.49 1352.767 1352.924
1352.88 1352.883 1352.883 1352.883 1352.883 1352.827 1352.693 1352.558 1352.424 1352.29 1352.198 1352.112 1352.026 1351.939 1351.878 1351.865 1351.853 1351.84 1351.827 1351.663 1351.464 1351.265 1351.066 1350.866 1350.663 1350.459 1350.256 1350.053 1350.0 1350.0 1350.0 1350.0 1350.0 1350.0 1350.0 1350.0 1350.0 1350.0 1350.0 1350.0 1350.0 1350.0 1350.0 1350.0 1350.0 1350.0 1350.0 1350.0 1350.0 1350.0 1350.0 1350.0 1350.0 1350.0 1350.0 1350.102 1350.296 1350.491 1350.685 1350.88 1351.215 1351.552 1351.89 1352.227 1352.49 1352.663
1352.733 1352.736 1352.736 1352.736 1352.736 1352.686 1352.568 1352.451 1352.333 1352.215 1352.111 1352.008 1351.905 1351.803 1351.726 1351.697 1351.668 1351.638 1351.609 1351.464 1351.292 1351.12 1350.949 1350.774 1350.592 1350.411 1350.229 1350.047 1350.0 1350.0 1350.0 1350.0 1350.0 1350.0 1350.0 1350.0 1350.0 1350.0 1350.0 1350.0 1350.0 1350.0 1350.0 1350.0 1350.0 1350.0 1350.0 1350.0 1350.0 1350.0 1350.0 1350.0 1350.0 1350.0 1350.0 1350.085 1350.247 1350.409 1350.571 1350.734 1351.031 1351.331 1351.63 1351.929 1352.187 1352.392
1352.586 1352.589 1352.589 1352.589 1352.589 1352.546 1352.445 1352.343 1352.241 1352.14 1352.023 1351.904 1351.785 1351.666 1351.573 1351.528 1351.483 1351.437 1351.392 1351.266 1351.121 1350.976 1350.831 1350.682 1350.522 1350.362 1350.202 1350.042 1350.0 1350.0 1350.0 1350.0 1350.0 1350.0 1350.0 1350.0 1350.0 1350.0 1350.0 1350.0 1350.0 1350.0 1350.0 1350.0 1350.0 1350.0 1350.0 1350.0 1350.0 1350.0 1350.0 1350.0 1350.0 1350.0 1350.0 1350.068 1350.198 1350.327 1350.457 1350.587 1350.847 1351.109 1351.37 1351.632 1351.883 1352.12
1352.439 1352.442 1352.442 1352.442 1352.442 1352.406 1352.321 1352.235 1352.15 1352.064 1351.935 1351.8 1351.665 1351.53 1351.421 1351.359 1351.298 1351.236 1351.175 1351.067 1350.949 1350.831 1350.714 1350.59 1350.452 1350.313 1350.175 1350.036 1350.0 1350.0 1350.0 1350.0 1350.0 1350.0 1350.0 1350.0 1350.0 1350.0 1350.0 1350.0 1350.0 1350.0 1350.0 1350.0 1350.0 1350.0 1350.0 1350.0 1350.0 1350.0 1350.0 1350.0 1350.0 1350.0 1350.0 1350.051 1350.148 1350.246 1350.343 1350.441 1350.663 1350.887 1351.11 1351.334 1351.579 1351.849
1352.311 1352.314 1352.314 1352.314 1352.314 1352.281 1352.202 1352.123 1352.044 1351.964 1351.83 1351.689 1351.548 1351.406 1351.289 1351.215 1351.142 1351.068 1350.995 1350.899 1350.798 1350.698 1350.597 1350.492 1350.376 1350.261 1350.146 1350.03 1350.0 1350.0 1350.0 1350.0 1350.0 1350.0 1350.0 1350.0 1350.0 1350.0 1350.0 1350.0 1350.0 1350.0 1350.0 1350.0 1350.0 1350.0 1350.0 1350.0 1350.0 1350.0 1350.0 1350.0 1350.0 1350.0 1350.0 1350.036 1350.105 1350.175 1350.244 1350.313 1350.496 1350.681 1350.866 1351.05 1351.282 1351.572
1352.237 1352.241 1352.241 1352.241 1352.241 1352.198 1352.098 1351.997 1351.896 1351.796 1351.678 1351.558 1351.438 1351.319 1351.215 1351.142 1351.068 1350.995 1350.921 1350.817 1350.705 1350.594 1350.482 1350.377 1350.288 1350.2 1350.112 1350.023 1350.0 1350.0 1350.0 1350.0 1350.0 1350.0 1350.0 1350.0 1350.0 1350.0 1350.0 1350.0 1350.0 1350.0 1350.0 1350.0 1350.0 1350.0 1350.0 1350.0 1350.0 1350.0 1350.0 1350.0 1350.0 1350.0 1350.0 1350.028 1350.081 1350.134 1350.187 1350.24 1350.38 1350.522 1350.663 1350.805 1351.005 1351.279
1352.163 1352.167 1352.167 1352.167 1352.167 1352.116 1351.994 1351.871 1351.749 1351.627 1351.526 1351.427 1351.329 1351.231 1351.142 1351.068 1350.995 1350.921 1350.848 1350.734 1350.612 1350.49 1350.367 1350.262 1350.2 1350.139 1350.078 1350.016 1350.0 1350.0 1350.0 1350.0 1350.0 1350.0 1350.0 1350.0 1350.0 1350.0 1350.0 1350.0 1350.0 1350.0 1350.0 1350.0 1350.0 1350.0 1350.0 1350.0 1350.0 1350.0 1350.0 1350.0 1350.0 1350.0 1350.0 1350.019 1350.056 1350.093 1350.13 1350.167 1350.264 1350.362 1350.461 1350.559 1350.729 1350.986
1352.089 1352.094 1352.094 1352.094 1352.094 1352.033 1351.889 1351.745 1351.602 1351.458 1351.373 1351.297 1351.22 1351.144 1351.068 1350.995 1350.921 1350.848 1350.774 1350.652 1350.519 1350.386 1350.253 1350.147 1350.112 1350.078 1350.043 1350.009 1350.0 1350.0 1350.0 1350.0 1350.0 1350.0 1350.0 1350.0 1350.0 1350.0 1350.0 1350.0 1350.0 1350.0 1350.0 1350.0 1350.0 1350.0 1350.0 1350.0 1350.0 1350.0 1350.0 1350.0 1350.0 1350.0 1350.0 1350.011 1350.031 1350.052 1350.073 1350.093 1350.148 1350.203 1350.258 1350.313 1350.452 1350.693
1352.015 1352.02 1352.02 1352.02 1352.02 1351.951 1351.785 1351.62 1351.454 1351.289 1351.221 1351.166 1351.111 1351.056 1350.995 1350.921 1350.848 1350.774 1350.701 1350.57 1350.426 1350.282 1350.138 1350.032 1350.024 1350.017 1350.009 1350.002 1350.0 1350.0 1350.0 1350.0 1350.0 1350.0 1350.0 1350.0 1350.0 1350.0 1350.0 1350.0 1350.0 1350.0 1350.0 1350.0 1350.0 1350.0 1350.0 1350.0 1350.0 1350.0 1350.0 1350.0 1350.0 1350.0 1350.0 1350.002 1350.007 1350.011 1350.016 1350.02 1350.032 1350.044 1350.056 1350.068 1350.175 1350.4
1351.889 1351.882 1351.87 1351.859 1351.847 1351.78 1351.636 1351.492 1351.348 1351.203 1351.14 1351.087 1351.034 1350.981 1350.917 1350.832 1350.747 1350.661 1350.576 1350.46 1350.336 1350.213 1350.089 1350.0 1350.0 1350.0 1350.0 1350.0 1350.0 1350.0 1350.0 1350.0 1350.0 1350.0 1350.0 1350.0 1350.0 1350.0 1350.0 1350.0 1350.0 1350.0 1350.0 1350.0 1350.0 1350.0 1350.0 1350.0 1350.0 1350.0 1350.0 1350.0 1350.0 1350.0 1350.0 1350.0 1350.0 1350.0 1350.0 1350.0 1350.0 1350.0 1350.0 1350.0 1350.083 1350.268
1351.742 1351.72 1351.692 1351.664 1351.636 1351.575 1351.469 1351.363 1351.256 1351.15 1351.086 1351.028 1350.97 1350.911 1350.838 1350.737 1350.635 1350.534 1350.432 1350.339 1350.248 1350.157 1350.066 1350.0 1350.0 1350.0 1350.0 1350.0 1350.0 1350.0 1350.0 1350.0 1350.0 1350.0 1350.0 1350.0 1350.0 1350.0 1350.0 1350.0 1350.0 1350.0 1350.0 1350.0 1350.0 1350.0 1350.0 1350.0 1350.0 1350.0 1350.0 1350.0 1350.0 1350.0 1350.0 1350.0 1350.0 1350.0 1350.0 1350.0 1350.0 1350.0 1350.0 1350.0 1350.061 1350.198
1351.596 1351.557 1351.513 1351.469 1351.425 1351.371 1351.302 1351.234 1351.165 1351.097 1351.032 1350.969 1350.905 1350.841 1350.759 1350.641 1350.524 1350.406 1350.288 1350.219 1350.16 1350.101 1350.042 1350.0 1350.0 1350.0 1350.0 1350.0 1350.0 1350.0 1350.0 1350.0 1350.0 1350.0 1350.0 1350.0 1350.0 1350.0 1350.0 1350.0 1350.0 1350.0 1350.0 1350.0 1350.0 1350.0 1350.0 1350.0 1350.0 1350.0 1350.0 1350.0 1350.0 1350.0 1350.0 1350.0 1350.0 1350.0 1350.0 1350.0 1350.0 1350.0 1350.0 1350.0 1350.04 1350.128
1351.449 1351.395 1351.335 1351.274 1351.214 1351.166 1351.135 1351.105 1351.074 1351.043 1350.979 1350.91 1350.84 1350.771 1350.68 1350.546 1350.412 1350.278 1350.145 1350.098 1350.072 1350.045 1350.019 1350.0 1350.0 1350.0 1350.0 1350.0 1350.0 1350.0 1350.0 1350.0 1350.0 1350.0 1350.0 1350.0 1350.0 1350.0 1350.0 1350.0 1350.0 1350.0 1350.0 1350.0 1350.0 1350.0 1350.0 1350.0 1350.0 1350.0 1350.0 1350.0 1350.0 1350.0 1350.0 1350.0 1350.0 1350.0 1350.0 1350.0 1350.0 1350.0 1350.0 1350.0 1350.018 1350.057
1351.316 1351.252 1351.182 1351.111 1351.041 1351.0 1351.0 1351.0 1351.0 1351.0 1350.931 1350.854 1350.776 1350.699 1350.599 1350.456 1350.313 1350.17 1350.027 1350.0 1350.0 1350.0 1350.0 1350.0 1350.0 1350.0 1350.0 1350.0 1350.0 1350.0 1350.0 1350.0 1350.0 1350.0 1350.0 1350.0 1350.0 1350.0 1350.0 1350.0 1350.0 1350.0 1350.0 1350.0 1350.0 1350.0 1350.0 1350.0 1350.0 1350.0 1350.0 1350.0 1350.0 1350.0 1350.0 1350.0 1350.0 1350.0 1350.0 1350.0 1350.0 1350.0 1350.0 1350.0 1350.0 1350.0
1351.243 1351.194 1351.14 1351.086 1351.031 1351.0 1351.0 1351.0 1351.0 1351.0 1350.912 1350.813 1350.714 1350.615 1350.508 1350.387 1350.266 1350.144 1350.023 1350.0 1350.0 1350.0 1350.0 1350.0 1350.0 1350.0 1350.0 1350.0 1350.0 1350.0 1350.0 1350.0 1350.0 1350.0 1350.0 1350.0 1350.0 1350.0 1350.0 1350.0 1350.0 1350.0 1350.0 1350.0 1350.0 1350.0 1350.0 1350.0 1350.0 1350.0 1350.0 1350.0 1350.0 1350.0 1350.0 1350.0 1350.0 1350.0 1350.0 1350.0 1350.0 1350.0 1350.0 1350.0 1350.0 1350.0
1351.17 1351.136 1351.098 1351.06 1351.022 1351.0 1351.0 1351.0 1351.0 1351.0 1350.893 1350.772 1350.652 1350.531 1350.418 1350.318 1350.218 1350.119 1350.019 1350.0 1350.0 1350.0 1350.0 1350.0 1350.0 1350.0 1350.0 1350.0 1350.0 1350.0 1350.0 1350.0 1350.0 1350.0 1350.0 1350.0 1350.0 1350.0 1350.0 1350.0 1350.0 1350.0 1350.0 1350.0 1350.0 1350.0 1350.0 1350.0 1350.0 1350.0 1350.0 1350.0 1350.0 1350.0 1350.0 1350.0 1350.0 1350.0 1350.0 1350.0 1350.0 1350.0 1350.0 1350.0 1350.0 1350.0
1351.097 1351.078 1351.056 1351.035 1351.013 1351.0 1351.0 1351.0 1351.0 1351.0 1350.874 1350.732 1350.589 1350.447 1350.327 1350.249 1350.171 1350.093 1350.015 1350.0 1350.0 1350.0 1350.0 1350.0 1350.0 1350.0 1350.0 1350.0 1350.0 1350.0 1350.0 1350.0 1350.0 1350.0 1350.0 1350.0 1350.0 1350.0 1350.0 1350.0 1350.0 1350.0 1350.0 1350.0 1350.0 1350.0 1350.0 1350.0 1350.0 1350.0 1350.0 1350.0 1350.0 1350.0 1350.0 1350.0 1350.0 1350.0 1350.0 1350.0 1350.0 1350.0 1350.0 1350.0 1350.0 1350.0
1351.023 1351.02 1351.015 1351.009 1351.003 1351.0 1351.0 1351.0 1351.0 1351.0 1350.855 1350.691 1350.527 1350.363 1350.237 1350.18 1350.124 1350.067 1350.011 1350.0 1350.0 1350.0 1350.0 1350.0 1350.0 1350.0 1350.0 1350.0 1350.0 1350.0 1350.0 1350.0 1350.0 1350.0 1350.0 1350.0 1350.0 1350.0 1350.0 1350.0 1350.0 1350.0 1350.0 1350.0 1350.0 1350.0 1350.0 1350.0 1350.0 1350.0 1350.0 1350.0 1350.0 1350.0 1350.0 1350.0 1350.0 1350.0 1350.0 1350.0 1350.0 1350.0 1350.0 1350.0 1350.0 1350.0
