data/zism_data/00734_02_D.txt
ncols         224
nrows         224
[rows 28 to 55 of 224, columns 128 to 191 of 224]
3623.163 3621.142 3618.668 3615.641 3612.614 3609.586 3606.559 3605.231 3604.065 3602.899 3601.733 3601.18 3601.642 3602.104 3602.565 3603.026 3603.891 3604.832 3605.772 3606.713 3607.352 3607.3 3607.249 3607.197 3607.145 3606.012 3604.553 3603.094 3601.635 3600.108 3598.354 3596.6 3594.847 3593.093 3591.519 3590.023 3588.528 3587.032 3585.597 3584.477 3583.356 3582.236 3581.116 3580.462 3580.089 3579.717 3579.344 3578.94 3578.205 3577.469 3576.733 3575.998 3575.313 3574.67 3574.026 3573.383 3572.715 3570.38 3568.045 3565.71 3563.375 3560.658 3557.522 3554.387
3627.965 3625.69 3622.907 3619.502 3616.097 3612.691 3609.286 3607.762 3606.418 3605.074 3603.73 3603.124 3603.736 3604.349 3604.961 3605.574 3606.649 3607.811 3608.973 3610.135 3610.918 3610.834 3610.75 3610.666 3610.582 3609.234 3607.505 3605.776 3604.047 3602.271 3600.339 3598.407 3596.475 3594.543 3592.904 3591.392 3589.88 3588.369 3586.932 3585.893 3584.854 3583.815 3582.776 3582.236 3581.999 3581.761 3581.523 3581.25 3580.607 3579.963 3579.319 3578.676 3577.987 3577.263 3576.538 3575.814 3575.068 3572.835 3570.603 3568.371 3566.139 3563.57 3560.635 3557.699
3632.768 3630.239 3627.146 3623.363 3619.58 3615.796 3612.013 3610.294 3608.772 3607.25 3605.727 3605.066 3605.83 3606.594 3607.358 3608.122 3609.406 3610.79 3612.174 3613.557 3614.484 3614.368 3614.251 3614.135 3614.018 3612.456 3610.457 3608.458 3606.459 3604.434 3602.324 3600.214 3598.104 3595.994 3594.289 3592.761 3591.233 3589.705 3588.268 3587.31 3586.352 3585.394 3584.436 3584.01 3583.908 3583.805 3583.702 3583.561 3583.009 3582.457 3581.905 3581.353 3580.662 3579.856 3579.051 3578.245 3577.421 3575.291 3573.161 3571.032 3568.902 3566.483 3563.747 3561.011
3637.58 3634.799 3631.407 3627.266 3623.125 3618.985 3614.844 3612.943 3611.255 3609.567 3607.88 3607.166 3608.064 3608.962 3609.86 3610.757 3612.233 3613.818 3615.402 3616.987 3618.042 3617.882 3617.723 3617.564 3617.405 3615.623 3613.352 3611.08 3608.808 3606.533 3604.247 3601.961 3599.675 3597.388 3595.62 3594.079 3592.538 3590.997 3589.563 3588.69 3587.817 3586.945 3586.072 3585.764 3585.797 3585.83 3585.864 3585.854 3585.396 3584.938 3584.48 3584.022 3583.331 3582.449 3581.567 3580.685 3579.786 3577.758 3575.729 3573.701 3571.673 3569.4 3566.86 3564.32
3642.562 3639.554 3636.025 3631.857 3627.689 3623.521 3619.353 3617.489 3615.845 3614.2 3612.556 3611.814 3612.566 3613.318 3614.071 3614.823 3616.17 3617.631 3619.092 3620.552 3621.456 3621.086 3620.716 3620.346 3619.977 3617.906 3615.321 3612.736 3610.151 3607.602 3605.17 3602.738 3600.306 3597.874 3596.088 3594.584 3593.081 3591.578 3590.2 3589.484 3588.768 3588.052 3587.336 3587.181 3587.365 3587.55 3587.734 3587.874 3587.546 3587.218 3586.889 3586.561 3585.925 3585.037 3584.15 3583.262 3582.359 3580.412 3578.465 3576.518 3574.57 3572.401 3569.991 3567.581
3647.543 3644.308 3640.642 3636.448 3632.252 3628.057 3623.863 3622.036 3620.434 3618.833 3617.232 3616.462 3617.069 3617.675 3618.281 3618.887 3620.107 3621.444 3622.781 3624.117 3624.87 3624.29 3623.709 3623.129 3622.549 3620.188 3617.29 3614.392 3611.494 3608.67 3606.093 3603.515 3600.937 3598.359 3596.555 3595.089 3593.624 3592.158 3590.838 3590.278 3589.719 3589.159 3588.6 3588.598 3588.933 3589.269 3589.605 3589.894 3589.695 3589.497 3589.298 3589.099 3588.518 3587.625 3586.732 3585.839 3584.932 3583.066 3581.2 3579.334 3577.467 3575.403 3573.122 3570.841
3652.524 3649.063 3645.26 3641.038 3636.816 3632.594 3628.372 3626.582 3625.024 3623.466 3621.908 3621.11 3621.571 3622.031 3622.492 3622.952 3624.045 3625.257 3626.469 3627.682 3628.284 3627.493 3626.702 3625.911 3625.12 3622.47 3619.259 3616.048 3612.837 3609.739 3607.015 3604.292 3601.568 3598.844 3597.022 3595.594 3594.167 3592.739 3591.475 3591.072 3590.669 3590.266 3589.863 3590.015 3590.501 3590.988 3591.475 3591.914 3591.844 3591.775 3591.706 3591.637 3591.112 3590.213 3589.315 3588.417 3587.506 3585.72 3583.935 3582.15 3580.365 3578.404 3576.253 3574.102
3657.505 3653.817 3649.877 3645.628 3641.379 3637.13 3632.881 3631.129 3629.614 3628.099 3626.584 3625.759 3626.073 3626.388 3626.703 3627.017 3627.982 3629.07 3630.158 3631.247 3631.698 3630.697 3629.695 3628.694 3627.692 3624.753 3621.229 3617.704 3614.18 3610.807 3607.938 3605.068 3602.199 3599.329 3597.489 3596.099 3594.71 3593.32 3592.112 3591.866 3591.62 3591.373 3591.127 3591.432 3592.07 3592.708 3593.346 3593.934 3593.994 3594.055 3594.115 3594.176 3593.705 3592.802 3591.898 3590.994 3590.079 3588.375 3586.67 3584.966 3583.262 3581.406 3579.384 3577.362
3662.307 3658.508 3654.505 3650.251 3645.998 3641.744 3637.491 3635.775 3634.3 3632.826 3631.351 3630.514 3630.731 3630.948 3631.164 3631.381 3632.153 3633.029 3633.906 3634.782 3634.998 3633.701 3632.404 3631.107 3629.811 3626.584 3622.775 3618.965 3615.156 3611.539 3608.557 3605.576 3602.594 3599.613 3597.784 3596.46 3595.137 3593.813 3592.677 3592.534 3592.391 3592.247 3592.104 3592.521 3593.276 3594.032 3594.787 3595.5 3595.769 3596.038 3596.307 3596.576 3596.209 3595.322 3594.436 3593.549 3592.651 3591.009 3589.365 3587.723 3586.08 3584.316 3582.421 3580.526
3666.945 3663.14 3659.141 3654.904 3650.667 3646.43 3642.192 3640.512 3639.075 3637.639 3636.202 3635.368 3635.531 3635.694 3635.856 3636.019 3636.537 3637.122 3637.707 3638.292 3638.191 3636.521 3634.852 3633.183 3631.513 3628.001 3623.933 3619.865 3615.796 3611.961 3608.898 3605.836 3602.773 3599.711 3597.922 3596.69 3595.458 3594.225 3593.176 3593.086 3592.997 3592.908 3592.819 3593.31 3594.151 3594.993 3595.835 3596.651 3597.201 3597.751 3598.301 3598.85 3598.63 3597.781 3596.932 3596.084 3595.224 3593.624 3592.024 3590.425 3588.825 3587.143 3585.373 3583.602
3671.583 3667.773 3663.778 3659.557 3655.336 3651.115 3646.894 3645.25 3643.851 3642.452 3641.053 3640.222 3640.331 3640.439 3640.548 3640.657 3640.921 3641.214 3641.508 3641.801 3641.384 3639.342 3637.3 3635.258 3633.217 3629.419 3625.091 3620.764 3616.436 3612.383 3609.239 3606.096 3602.952 3599.809 3598.059 3596.919 3595.779 3594.638 3593.674 3593.639 3593.604 3593.568 3593.533 3594.098 3595.026 3595.955 3596.883 3597.802 3598.633 3599.464 3600.294 3601.125 3601.051 3600.24 3599.429 3598.618 3597.796 3596.24 3594.683 3593.127 3591.57 3589.97 3588.324 3586.677
3676.22 3672.405 3668.415 3664.21 3660.005 3655.8 3651.595 3649.987 3648.626 3647.265 3645.903 3645.076 3645.131 3645.185 3645.24 3645.295 3645.305 3645.307 3645.309 3645.311 3644.577 3642.163 3639.748 3637.334 3634.919 3630.836 3626.25 3621.663 3617.076 3612.805 3609.581 3606.356 3603.132 3599.907 3598.196 3597.148 3596.099 3595.051 3594.173 3594.191 3594.21 3594.229 3594.248 3594.887 3595.901 3596.916 3597.931 3598.954 3600.065 3601.176 3602.288 3603.399 3603.472 3602.699 3601.926 3601.153 3600.369 3598.855 3597.342 3595.829 3594.315 3592.798 3591.275 3589.753
3680.858 3677.037 3673.051 3668.862 3664.674 3660.485 3656.297 3654.724 3653.401 3652.077 3650.754 3649.93 3649.93 3649.931 3649.932 3649.933 3649.689 3649.4 3649.11 3648.82 3647.771 3644.984 3642.197 3639.409 3636.622 3632.254 3627.408 3622.562 3617.716 3613.227 3609.922 3606.616 3603.311 3600.005 3598.334 3597.377 3596.42 3595.464 3594.671 3594.744 3594.816 3594.889 3594.962 3595.676 3596.776 3597.877 3598.979 3600.105 3601.497 3602.889 3604.281 3605.673 3605.894 3605.158 3604.423 3603.688 3602.941 3601.471 3600.001 3598.531 3597.06 3595.625 3594.227 3592.829
3684.407 3680.863 3677.069 3672.971 3668.874 3664.776 3660.678 3659.147 3657.862 3656.576 3655.291 3654.49 3654.49 3654.49 3654.49 3654.49 3654.198 3653.851 3653.504 3653.157 3652.017 3649.065 3646.113 3643.16 3640.208 3635.521 3630.309 3625.098 3619.886 3615.035 3611.377 3607.719 3604.061 3600.403 3598.647 3597.724 3596.801 3595.877 3595.123 3595.26 3595.398 3595.535 3595.672 3596.524 3597.807 3599.09 3600.373 3601.686 3603.305 3604.925 3606.545 3608.165 3608.616 3608.116 3607.615 3607.114 3606.599 3605.071 3603.542 3602.014 3600.486 3599.006 3597.578 3596.149
3687.939 3684.676 3681.078 3677.072 3673.066 3669.06 3665.054 3663.566 3662.319 3661.071 3659.823 3659.045 3659.045 3659.045 3659.045 3659.045 3658.708 3658.307 3657.906 3657.505 3656.278 3653.164 3650.05 3646.936 3643.822 3638.815 3633.236 3627.657 3622.078 3616.863 3612.848 3608.834 3604.82 3600.805 3598.964 3598.073 3597.182 3596.291 3595.574 3595.776 3595.979 3596.181 3596.383 3597.373 3598.84 3600.306 3601.773 3603.273 3605.119 3606.966 3608.813 3610.659 3611.344 3611.081 3610.817 3610.554 3610.272 3608.684 3607.097 3605.509 3603.922 3602.395 3600.934 3599.474
3691.472 3688.489 3685.088 3681.173 3677.259 3673.345 3669.43 3667.985 3666.775 3665.565 3664.355 3663.601 3663.601 3663.601 3663.601 3663.601 3663.219 3662.764 3662.309 3661.854 3660.54 3657.264 3653.988 3650.712 3647.436 3642.109 3636.163 3630.217 3624.271 3618.69 3614.32 3609.949 3605.578 3601.208 3599.281 3598.422 3597.563 3596.705 3596.025 3596.292 3596.559 3596.826 3597.093 3598.222 3599.873 3601.523 3603.173 3604.86 3606.933 3609.007 3611.08 3613.153 3614.071 3614.045 3614.02 3613.994 3613.945 3612.298 3610.651 3609.004 3607.357 3605.784 3604.291 3602.798
3695.004 3692.302 3689.097 3685.274 3681.452 3677.629 3673.807 3672.404 3671.232 3670.06 3668.887 3668.157 3668.157 3668.157 3668.157 3668.157 3667.729 3667.22 3666.711 3666.202 3664.802 3661.363 3657.925 3654.487 3651.049 3645.403 3639.09 3632.777 3626.463 3620.518 3615.791 3611.064 3606.337 3601.61 3599.597 3598.771 3597.944 3597.118 3596.477 3596.808 3597.14 3597.472 3597.803 3599.072 3600.905 3602.739 3604.573 3606.447 3608.748 3611.048 3613.348 3615.648 3616.798 3617.01 3617.222 3617.434 3617.618 3615.912 3614.206 3612.499 3610.793 3609.173 3607.648 3606.122
3697.776 3695.292 3692.288 3688.647 3685.006 3681.365 3677.724 3676.398 3675.293 3674.188 3673.083 3672.415 3672.471 3672.527 3672.582 3672.638 3672.215 3671.7 3671.186 3670.671 3669.235 3665.693 3662.151 3658.609 3655.067 3649.061 3642.31 3635.56 3628.809 3622.442 3617.344 3612.246 3607.148 3602.05 3599.936 3599.128 3598.32 3597.511 3596.896 3597.3 3597.704 3598.107 3598.511 3599.963 3602.048 3604.134 3606.219 3608.34 3610.828 3613.316 3615.804 3618.292 3619.637 3620.051 3620.464 3620.877 3621.26 3619.559 3617.859 3616.159 3614.458 3612.838 3611.304 3609.771
3699.616 3697.272 3694.477 3691.127 3687.778 3684.428 3681.079 3679.872 3678.87 3677.867 3676.865 3676.307 3676.488 3676.667 3676.847 3677.027 3676.669 3676.208 3675.748 3675.287 3673.879 3670.305 3666.731 3663.156 3659.582 3653.166 3645.891 3638.617 3631.343 3624.483 3618.996 3613.509 3608.022 3602.536 3600.304 3599.495 3598.687 3597.879 3597.276 3597.761 3598.246 3598.731 3599.216 3600.906 3603.327 3605.747 3608.167 3610.605 3613.234 3615.862 3618.491 3621.119 3622.614 3623.184 3623.753 3624.323 3624.862 3623.248 3621.634 3620.02 3618.406 3616.841 3615.329 3613.817
3701.456 3699.253 3696.666 3693.608 3690.55 3687.492 3684.434 3683.346 3682.446 3681.546 3680.646 3680.2 3680.504 3680.809 3681.113 3681.417 3681.124 3680.717 3680.311 3679.904 3678.523 3674.917 3671.31 3667.703 3664.097 3657.271 3649.472 3641.674 3633.876 3626.524 3620.648 3614.773 3608.897 3603.022 3600.671 3599.863 3599.054 3598.246 3597.657 3598.223 3598.788 3599.354 3599.92 3601.85 3604.605 3607.36 3610.115 3612.871 3615.64 3618.409 3621.178 3623.947 3625.591 3626.317 3627.043 3627.77 3628.464 3626.936 3625.409 3623.881 3622.354 3620.844 3619.354 3617.864
3703.296 3701.233 3698.854 3696.088 3693.322 3690.555 3687.789 3686.82 3686.023 3685.226 3684.428 3684.093 3684.521 3684.949 3685.378 3685.806 3685.578 3685.226 3684.873 3684.521 3683.168 3679.529 3675.889 3672.25 3668.611 3661.375 3653.053 3644.731 3636.409 3628.565 3622.3 3616.036 3609.772 3603.508 3601.039 3600.23 3599.422 3598.614 3598.037 3598.684 3599.331 3599.978 3600.624 3602.793 3605.883 3608.973 3612.063 3615.137 3618.046 3620.955 3623.865 3626.774 3628.567 3629.45 3630.333 3631.216 3632.066 3630.625 3629.184 3627.742 3626.301 3624.847 3623.378 3621.91
3705.136 3703.213 3701.043 3698.568 3696.093 3693.619 3691.144 3690.294 3689.6 3688.905 3688.21 3687.985 3688.538 3689.09 3689.643 3690.196 3690.032 3689.734 3689.436 3689.137 3687.812 3684.14 3680.469 3676.797 3673.126 3665.48 3656.634 3647.789 3638.943 3630.606 3623.952 3617.3 3610.646 3603.993 3601.406 3600.598 3599.79 3598.981 3598.417 3599.145 3599.873 3600.601 3601.329 3603.737 3607.161 3610.586 3614.01 3617.403 3620.452 3623.502 3626.552 3629.601 3631.544 3632.583 3633.623 3634.663 3635.668 3634.313 3632.958 3631.604 3630.249 3628.85 3627.403 3625.956
3706.995 3705.114 3703.026 3700.685 3698.344 3696.003 3693.663 3692.932 3692.354 3691.777 3691.2 3691.099 3691.785 3692.472 3693.158 3693.845 3693.645 3693.277 3692.91 3692.542 3691.172 3687.513 3683.853 3680.194 3676.534 3668.708 3659.625 3650.542 3641.458 3632.834 3625.733 3618.632 3611.531 3604.43 3601.707 3600.898 3600.09 3599.281 3598.761 3599.762 3600.763 3601.765 3602.766 3605.47 3609.205 3612.939 3616.674 3620.353 3623.45 3626.546 3629.643 3632.739 3634.724 3635.802 3636.879 3637.957 3639.003 3637.883 3636.762 3635.642 3634.522 3633.258 3631.837 3630.417
3708.855 3707.006 3704.99 3702.768 3700.546 3698.324 3696.102 3695.49 3695.031 3694.573 3694.114 3694.138 3694.959 3695.781 3696.603 3697.424 3697.178 3696.729 3696.28 3695.831 3694.41 3690.767 3687.124 3683.48 3679.837 3671.853 3662.559 3653.265 3643.971 3635.08 3627.526 3619.971 3612.417 3604.862 3602.0 3601.192 3600.384 3599.575 3599.102 3600.395 3601.687 3602.98 3604.272 3607.279 3611.321 3615.363 3619.406 3623.369 3626.503 3629.638 3632.772 3635.906 3637.923 3639.028 3640.133 3641.237 3642.313 3641.441 3640.569 3639.698 3638.825 3637.704 3636.31 3634.917
3710.715 3708.899 3706.954 3704.851 3702.747 3700.644 3698.541 3698.048 3697.708 3697.368 3697.028 3697.177 3698.133 3699.09 3700.047 3701.003 3700.71 3700.18 3699.651 3699.121 3697.648 3694.021 3690.394 3686.767 3683.14 3674.998 3665.493 3655.989 3646.484 3637.326 3629.318 3621.31 3613.302 3605.294 3602.294 3601.486 3600.678 3599.869 3599.442 3601.026 3602.611 3604.195 3605.779 3609.087 3613.437 3617.787 3622.137 3626.385 3629.557 3632.729 3635.901 3639.073 3641.122 3642.254 3643.385 3644.517 3645.624 3645.0 3644.376 3643.753 3643.129 3642.15 3640.784 3639.417
3712.575 3710.792 3708.918 3706.933 3704.949 3702.964 3700.98 3700.605 3700.384 3700.163 3699.942 3700.216 3701.307 3702.399 3703.49 3704.582 3704.243 3703.632 3703.021 3702.41 3700.886 3697.275 3693.664 3690.053 3686.443 3678.143 3668.427 3658.712 3648.997 3639.573 3631.111 3622.649 3614.188 3605.726 3602.588 3601.78 3600.972 3600.163 3599.783 3601.658 3603.534 3605.41 3607.286 3610.895 3615.553 3620.211 3624.869 3629.401 3632.611 3635.821 3639.031 3642.24 3644.321 3645.48 3646.638 3647.797 3648.934 3648.559 3648.183 3647.808 3647.433 3646.596 3645.257 3643.917
3714.857 3713.12 3711.342 3709.515 3707.688 3705.861 3704.034 3703.752 3703.617 3703.482 3703.347 3703.666 3704.734 3705.802 3706.869 3707.937 3707.456 3706.681 3705.905 3705.13 3703.461 3699.751 3696.04 3692.329 3688.619 3680.179 3670.313 3660.446 3650.579 3640.976 3632.248 3623.52 3614.792 3606.064 3602.957 3602.31 3601.662 3601.014 3600.836 3603.131 3605.427 3607.722 3610.018 3613.904 3618.751 3623.599 3628.447 3633.152 3636.352 3639.553 3642.754 3645.955 3648.029 3649.185 3650.34 3651.495 3652.63 3652.412 3652.194 3651.975 3651.757 3651.002 3649.663 3648.324
3717.834 3716.167 3714.528 3712.922 3711.316 3709.71 3708.105 3707.872 3707.769 3707.667 3707.564 3707.795 3708.577 3709.359 3710.14 3710.922 3710.141 3709.063 3707.986 3706.908 3704.94 3700.938 3696.936 3692.934 3688.931 3680.383 3670.462 3660.541 3650.62 3640.986 3632.301 3623.616 3614.932 3606.247 3603.45 3603.229 3603.008 3602.787 3603.067 3605.995 3608.922 3611.849 3614.776 3618.897 3623.739 3628.582 3633.424 3638.116 3641.23 3644.345 3647.459 3650.574 3652.58 3653.681 3654.782 3655.884 3656.966 3656.753 3656.54 3656.327 3656.114 3655.342 3653.959 3652.577
