data/zism_data/00735_03_D.txt
ncols         224
nrows         224
[rows 168 to 195 of 224, columns 63 to 125 of 224]
1442.371 1440.48 1438.59 1436.699 1435.036 1433.97 1432.905 1431.839 1430.774 1430.501 1430.529 1430.557 1430.585 1430.788 1431.821 1432.854 1433.886 1434.919 1436.047 1437.233 1438.418 1439.604 1440.779 1441.817 1442.855 1443.893 1444.931 1445.642 1446.056 1446.469 1446.883 1447.296 1447.282 1447.256 1447.23 1447.204 1447.189 1447.189 1447.189 1447.189 1447.189 1447.266 1447.356 1447.445 1447.534 1447.583 1447.549 1447.514 1447.479 1447.444 1447.531 1447.655 1447.779 1447.903 1448.042 1448.236 1448.429 1448.623 1448.817 1448.922 1448.983 1449.044 1449.105
1444.222 1442.385 1440.548 1438.711 1437.067 1435.932 1434.797 1433.662 1432.527 1432.149 1432.059 1431.969 1431.879 1431.97 1432.917 1433.863 1434.81 1435.757 1436.886 1438.125 1439.365 1440.604 1441.826 1442.827 1443.827 1444.827 1445.827 1446.513 1446.91 1447.307 1447.705 1448.102 1448.073 1448.03 1447.988 1447.946 1447.921 1447.921 1447.921 1447.921 1447.921 1447.929 1447.938 1447.946 1447.955 1447.943 1447.886 1447.83 1447.774 1447.718 1447.754 1447.819 1447.884 1447.949 1448.039 1448.216 1448.394 1448.571 1448.749 1448.874 1448.972 1449.071 1449.169
1446.073 1444.29 1442.506 1440.723 1439.099 1437.894 1436.689 1435.484 1434.28 1433.797 1433.589 1433.381 1433.173 1433.151 1434.012 1434.873 1435.734 1436.595 1437.725 1439.018 1440.311 1441.604 1442.874 1443.836 1444.799 1445.762 1446.724 1447.384 1447.765 1448.146 1448.527 1448.908 1448.863 1448.804 1448.746 1448.688 1448.654 1448.654 1448.654 1448.654 1448.654 1448.591 1448.52 1448.448 1448.376 1448.302 1448.224 1448.147 1448.069 1447.991 1447.978 1447.984 1447.99 1447.995 1448.035 1448.197 1448.358 1448.519 1448.681 1448.825 1448.961 1449.097 1449.234
1447.885 1446.154 1444.424 1442.693 1441.09 1439.82 1438.55 1437.28 1436.01 1435.426 1435.103 1434.779 1434.456 1434.324 1435.098 1435.873 1436.648 1437.422 1438.548 1439.886 1441.224 1442.562 1443.87 1444.797 1445.724 1446.652 1447.579 1448.214 1448.582 1448.948 1449.316 1449.682 1449.627 1449.558 1449.489 1449.421 1449.382 1449.384 1449.386 1449.388 1449.39 1449.261 1449.112 1448.964 1448.816 1448.682 1448.579 1448.476 1448.374 1448.271 1448.208 1448.157 1448.106 1448.056 1448.047 1448.191 1448.336 1448.48 1448.624 1448.785 1448.955 1449.125 1449.294
1449.19 1447.502 1445.815 1444.127 1442.553 1441.278 1440.003 1438.727 1437.452 1436.808 1436.404 1436.0 1435.597 1435.382 1436.066 1436.749 1437.433 1438.116 1439.164 1440.432 1441.7 1442.968 1444.211 1445.133 1446.055 1446.977 1447.899 1448.537 1448.915 1449.293 1449.671 1450.048 1450.055 1450.051 1450.047 1450.043 1450.052 1450.081 1450.11 1450.139 1450.167 1450.019 1449.844 1449.668 1449.493 1449.319 1449.146 1448.974 1448.801 1448.629 1448.529 1448.452 1448.374 1448.296 1448.26 1448.372 1448.484 1448.596 1448.708 1448.848 1449.001 1449.155 1449.309
1450.495 1448.85 1447.206 1445.561 1444.017 1442.736 1441.455 1440.175 1438.894 1438.19 1437.706 1437.222 1436.738 1436.441 1437.033 1437.625 1438.217 1438.81 1439.78 1440.978 1442.176 1443.375 1444.552 1445.469 1446.386 1447.303 1448.219 1448.86 1449.249 1449.637 1450.026 1450.414 1450.484 1450.544 1450.604 1450.665 1450.723 1450.778 1450.834 1450.89 1450.945 1450.777 1450.575 1450.373 1450.171 1449.956 1449.714 1449.471 1449.229 1448.987 1448.85 1448.746 1448.642 1448.537 1448.473 1448.552 1448.632 1448.712 1448.792 1448.91 1449.048 1449.185 1449.323
1451.8 1450.198 1448.597 1446.995 1445.48 1444.194 1442.908 1441.622 1440.336 1439.573 1439.008 1438.443 1437.878 1437.499 1438.0 1438.501 1439.002 1439.503 1440.396 1441.524 1442.653 1443.781 1444.894 1445.805 1446.717 1447.628 1448.539 1449.183 1449.583 1449.982 1450.381 1450.78 1450.913 1451.037 1451.162 1451.286 1451.393 1451.476 1451.558 1451.641 1451.723 1451.535 1451.306 1451.077 1450.848 1450.593 1450.281 1449.969 1449.657 1449.345 1449.172 1449.04 1448.909 1448.778 1448.686 1448.733 1448.781 1448.828 1448.876 1448.973 1449.094 1449.216 1449.337
1453.105 1451.546 1449.988 1448.429 1446.944 1445.652 1444.361 1443.069 1441.778 1440.955 1440.31 1439.664 1439.019 1438.557 1438.967 1439.377 1439.787 1440.197 1441.011 1442.07 1443.129 1444.188 1445.235 1446.141 1447.047 1447.953 1448.859 1449.507 1449.917 1450.326 1450.736 1451.146 1451.342 1451.531 1451.719 1451.908 1452.064 1452.173 1452.282 1452.392 1452.501 1452.293 1452.037 1451.781 1451.526 1451.23 1450.848 1450.466 1450.085 1449.703 1449.493 1449.335 1449.177 1449.019 1448.898 1448.914 1448.929 1448.944 1448.96 1449.035 1449.141 1449.246 1449.351
1454.5 1452.971 1451.441 1449.911 1448.438 1447.116 1445.795 1444.473 1443.151 1442.269 1441.554 1440.84 1440.125 1439.589 1439.896 1440.203 1440.511 1440.818 1441.552 1442.544 1443.536 1444.528 1445.512 1446.396 1447.28 1448.163 1449.047 1449.692 1450.119 1450.545 1450.971 1451.397 1451.68 1451.959 1452.237 1452.516 1452.737 1452.878 1453.02 1453.162 1453.304 1453.101 1452.846 1452.592 1452.337 1452.028 1451.601 1451.175 1450.749 1450.323 1450.049 1449.823 1449.596 1449.369 1449.182 1449.14 1449.098 1449.056 1449.014 1449.058 1449.144 1449.231 1449.317
1455.979 1454.465 1452.951 1451.438 1449.962 1448.586 1447.211 1445.835 1444.459 1443.52 1442.746 1441.973 1441.199 1440.594 1440.789 1440.984 1441.179 1441.374 1442.025 1442.952 1443.88 1444.807 1445.729 1446.575 1447.422 1448.268 1449.114 1449.752 1450.2 1450.648 1451.096 1451.543 1451.936 1452.327 1452.719 1453.11 1453.412 1453.591 1453.77 1453.95 1454.129 1453.954 1453.726 1453.499 1453.271 1452.973 1452.525 1452.078 1451.63 1451.182 1450.822 1450.487 1450.153 1449.819 1449.531 1449.408 1449.286 1449.163 1449.041 1449.043 1449.108 1449.173 1449.238
1457.457 1455.959 1454.462 1452.964 1451.485 1450.056 1448.627 1447.197 1445.768 1444.771 1443.939 1443.106 1442.274 1441.6 1441.682 1441.765 1441.847 1441.929 1442.498 1443.361 1444.224 1445.087 1445.946 1446.755 1447.563 1448.372 1449.181 1449.812 1450.282 1450.751 1451.22 1451.689 1452.192 1452.696 1453.2 1453.704 1454.087 1454.304 1454.52 1454.737 1454.954 1454.808 1454.607 1454.406 1454.205 1453.918 1453.449 1452.98 1452.511 1452.042 1451.594 1451.152 1450.711 1450.269 1449.879 1449.677 1449.474 1449.271 1449.068 1449.029 1449.073 1449.116 1449.16
1458.935 1457.454 1455.972 1454.491 1453.009 1451.526 1450.043 1448.56 1447.077 1446.023 1445.131 1444.24 1443.348 1442.606 1442.576 1442.545 1442.515 1442.484 1442.97 1443.769 1444.568 1445.366 1446.163 1446.934 1447.705 1448.477 1449.248 1449.872 1450.363 1450.854 1451.344 1451.835 1452.448 1453.064 1453.681 1454.297 1454.762 1455.016 1455.271 1455.525 1455.779 1455.661 1455.487 1455.313 1455.139 1454.864 1454.373 1453.882 1453.392 1452.901 1452.366 1451.817 1451.268 1450.719 1450.228 1449.945 1449.661 1449.378 1449.094 1449.015 1449.037 1449.059 1449.081
1460.413 1458.948 1457.483 1456.017 1454.532 1452.996 1451.459 1449.922 1448.386 1447.274 1446.323 1445.373 1444.422 1443.612 1443.469 1443.326 1443.182 1443.039 1443.443 1444.177 1444.911 1445.646 1446.38 1447.114 1447.847 1448.581 1449.314 1449.932 1450.445 1450.957 1451.469 1451.981 1452.704 1453.433 1454.162 1454.891 1455.437 1455.729 1456.021 1456.313 1456.604 1456.515 1456.367 1456.22 1456.073 1455.809 1455.297 1454.785 1454.273 1453.761 1453.138 1452.482 1451.826 1451.17 1450.577 1450.213 1449.849 1449.485 1449.121 1449.0 1449.001 1449.002 1449.002
1461.788 1460.271 1458.754 1457.237 1455.697 1454.097 1452.496 1450.895 1449.294 1448.133 1447.139 1446.146 1445.151 1444.293 1444.079 1443.865 1443.651 1443.436 1443.77 1444.435 1445.099 1445.764 1446.43 1447.105 1447.78 1448.455 1449.13 1449.77 1450.376 1450.983 1451.589 1452.196 1452.955 1453.719 1454.482 1455.246 1455.838 1456.194 1456.549 1456.905 1457.26 1457.261 1457.208 1457.156 1457.103 1456.91 1456.418 1455.926 1455.434 1454.943 1454.31 1453.635 1452.96 1452.285 1451.649 1451.153 1450.656 1450.16 1449.663 1449.432 1449.333 1449.234 1449.135
1463.16 1461.589 1460.019 1458.448 1456.851 1455.186 1453.521 1451.856 1450.191 1448.981 1447.944 1446.908 1445.871 1444.965 1444.681 1444.397 1444.113 1443.829 1444.093 1444.688 1445.283 1445.878 1446.474 1447.09 1447.707 1448.323 1448.939 1449.6 1450.303 1451.007 1451.71 1452.413 1453.206 1454.002 1454.798 1455.594 1456.232 1456.651 1457.071 1457.491 1457.911 1458.004 1458.048 1458.092 1458.136 1458.016 1457.545 1457.075 1456.604 1456.134 1455.494 1454.803 1454.112 1453.421 1452.743 1452.113 1451.482 1450.851 1450.221 1449.877 1449.676 1449.475 1449.274
1464.532 1462.908 1461.283 1459.659 1458.006 1456.276 1454.547 1452.817 1451.088 1449.829 1448.749 1447.67 1446.59 1445.636 1445.282 1444.929 1444.575 1444.221 1444.415 1444.941 1445.466 1445.991 1446.519 1447.076 1447.633 1448.19 1448.747 1449.431 1450.231 1451.03 1451.83 1452.63 1453.457 1454.285 1455.113 1455.941 1456.625 1457.109 1457.594 1458.078 1458.562 1458.747 1458.888 1459.028 1459.169 1459.121 1458.672 1458.223 1457.774 1457.325 1456.678 1455.971 1455.264 1454.557 1453.837 1453.072 1452.308 1451.543 1450.778 1450.321 1450.019 1449.716 1449.413
1465.904 1464.226 1462.548 1460.87 1459.16 1457.366 1455.572 1453.778 1451.985 1450.677 1449.554 1448.432 1447.309 1446.308 1445.884 1445.461 1445.037 1444.614 1444.738 1445.194 1445.649 1446.105 1446.563 1447.062 1447.56 1448.058 1448.556 1449.262 1450.158 1451.054 1451.95 1452.847 1453.708 1454.568 1455.429 1456.289 1457.018 1457.567 1458.116 1458.664 1459.213 1459.491 1459.728 1459.965 1460.202 1460.227 1459.799 1459.372 1458.944 1458.517 1457.862 1457.139 1456.416 1455.693 1454.931 1454.032 1453.133 1452.234 1451.336 1450.766 1450.361 1449.957 1449.552
1466.999 1465.242 1463.486 1461.729 1459.94 1458.066 1456.192 1454.318 1452.444 1451.121 1450.007 1448.894 1447.78 1446.782 1446.334 1445.886 1445.438 1444.989 1445.064 1445.454 1445.844 1446.235 1446.63 1447.099 1447.567 1448.036 1448.504 1449.218 1450.157 1451.095 1452.034 1452.973 1453.88 1454.786 1455.692 1456.598 1457.381 1457.994 1458.607 1459.22 1459.833 1460.203 1460.537 1460.87 1461.204 1461.304 1460.907 1460.51 1460.113 1459.716 1459.06 1458.325 1457.59 1456.855 1456.059 1455.039 1454.02 1453.0 1451.981 1451.297 1450.782 1450.266 1449.75
1467.711 1465.842 1463.973 1462.104 1460.205 1458.229 1456.253 1454.277 1452.302 1451.009 1449.975 1448.942 1447.909 1446.984 1446.573 1446.163 1445.752 1445.342 1445.393 1445.724 1446.056 1446.387 1446.729 1447.208 1447.687 1448.167 1448.646 1449.348 1450.254 1451.161 1452.067 1452.974 1453.942 1454.913 1455.883 1456.854 1457.701 1458.378 1459.056 1459.733 1460.411 1460.873 1461.303 1461.733 1462.163 1462.344 1461.99 1461.635 1461.281 1460.927 1460.276 1459.536 1458.796 1458.056 1457.233 1456.112 1454.99 1453.869 1452.747 1451.948 1451.308 1450.669 1450.03
1468.424 1466.442 1464.46 1462.479 1460.47 1458.392 1456.314 1454.237 1452.159 1450.896 1449.943 1448.99 1448.038 1447.186 1446.813 1446.44 1446.067 1445.694 1445.723 1445.995 1446.267 1446.539 1446.827 1447.317 1447.807 1448.297 1448.787 1449.477 1450.352 1451.226 1452.1 1452.975 1454.005 1455.04 1456.074 1457.109 1458.021 1458.763 1459.505 1460.246 1460.988 1461.543 1462.07 1462.597 1463.123 1463.383 1463.072 1462.76 1462.449 1462.138 1461.493 1460.748 1460.002 1459.257 1458.407 1457.184 1455.961 1454.737 1453.514 1452.598 1451.835 1451.073 1450.31
1469.136 1467.042 1464.948 1462.853 1460.735 1458.555 1456.375 1454.196 1452.016 1450.783 1449.911 1449.039 1448.167 1447.387 1447.052 1446.717 1446.381 1446.046 1446.052 1446.265 1446.479 1446.692 1446.926 1447.427 1447.927 1448.428 1448.928 1449.607 1450.449 1451.291 1452.133 1452.976 1454.067 1455.167 1456.266 1457.365 1458.341 1459.147 1459.953 1460.76 1461.566 1462.213 1462.836 1463.46 1464.083 1464.422 1464.154 1463.885 1463.617 1463.349 1462.71 1461.959 1461.208 1460.457 1459.582 1458.256 1456.931 1455.606 1454.28 1453.248 1452.362 1451.476 1450.59
1469.849 1467.642 1465.435 1463.228 1461.0 1458.718 1456.437 1454.155 1451.873 1450.671 1449.879 1449.087 1448.295 1447.589 1447.292 1446.994 1446.696 1446.398 1446.382 1446.536 1446.69 1446.844 1447.024 1447.536 1448.047 1448.558 1449.07 1449.737 1450.547 1451.357 1452.167 1452.977 1454.13 1455.293 1456.457 1457.62 1458.661 1459.532 1460.402 1461.273 1462.144 1462.883 1463.603 1464.323 1465.043 1465.461 1465.236 1465.01 1464.785 1464.56 1463.927 1463.17 1462.414 1461.658 1460.756 1459.329 1457.901 1456.474 1455.047 1453.898 1452.889 1451.88 1450.87
1470.093 1467.694 1465.295 1462.896 1460.542 1458.307 1456.073 1453.839 1451.604 1450.49 1449.802 1449.114 1448.426 1447.804 1447.497 1447.19 1446.883 1446.576 1446.552 1446.698 1446.845 1446.991 1447.164 1447.662 1448.161 1448.66 1449.159 1449.832 1450.666 1451.5 1452.333 1453.167 1454.356 1455.556 1456.756 1457.956 1459.039 1459.96 1460.881 1461.802 1462.723 1463.504 1464.265 1465.025 1465.786 1466.274 1466.18 1466.086 1465.992 1465.899 1465.267 1464.473 1463.678 1462.884 1461.939 1460.452 1458.965 1457.478 1455.99 1454.774 1453.692 1452.611 1451.529
1470.266 1467.663 1465.06 1462.457 1459.975 1457.81 1455.646 1453.481 1451.316 1450.299 1449.719 1449.138 1448.557 1448.021 1447.698 1447.375 1447.052 1446.729 1446.698 1446.845 1446.991 1447.138 1447.309 1447.792 1448.274 1448.757 1449.24 1449.922 1450.788 1451.654 1452.52 1453.386 1454.607 1455.839 1457.072 1458.304 1459.425 1460.395 1461.364 1462.333 1463.303 1464.118 1464.911 1465.704 1466.496 1467.052 1467.104 1467.155 1467.206 1467.257 1466.626 1465.788 1464.951 1464.114 1463.124 1461.583 1460.042 1458.501 1456.961 1455.683 1454.537 1453.391 1452.246
1470.44 1467.633 1464.826 1462.019 1459.408 1457.313 1455.218 1453.123 1451.029 1450.109 1449.635 1449.162 1448.688 1448.238 1447.899 1447.56 1447.221 1446.882 1446.845 1446.991 1447.138 1447.284 1447.454 1447.921 1448.387 1448.854 1449.32 1450.012 1450.91 1451.808 1452.706 1453.604 1454.858 1456.123 1457.387 1458.651 1459.812 1460.829 1461.847 1462.865 1463.882 1464.732 1465.557 1466.382 1467.207 1467.831 1468.027 1468.223 1468.419 1468.615 1467.984 1467.104 1466.224 1465.344 1464.309 1462.714 1461.12 1459.525 1457.931 1456.592 1455.382 1454.172 1452.962
1470.613 1467.602 1464.592 1461.581 1458.841 1456.816 1454.791 1452.766 1450.741 1449.918 1449.552 1449.186 1448.819 1448.455 1448.1 1447.745 1447.389 1447.034 1446.991 1447.138 1447.284 1447.431 1447.599 1448.05 1448.5 1448.951 1449.401 1450.102 1451.032 1451.963 1452.893 1453.823 1455.109 1456.406 1457.702 1458.999 1460.198 1461.264 1462.33 1463.396 1464.462 1465.346 1466.203 1467.06 1467.917 1468.61 1468.951 1469.291 1469.632 1469.973 1469.343 1468.42 1467.497 1466.574 1465.493 1463.845 1462.197 1460.549 1458.901 1457.502 1456.227 1454.953 1453.678
1471.517 1468.413 1465.31 1462.206 1459.423 1457.483 1455.543 1453.603 1451.663 1450.815 1450.382 1449.948 1449.515 1449.079 1448.631 1448.182 1447.734 1447.286 1447.202 1447.338 1447.474 1447.61 1447.767 1448.188 1448.609 1449.029 1449.45 1450.139 1451.074 1452.009 1452.944 1453.88 1455.213 1456.559 1457.905 1459.251 1460.509 1461.645 1462.781 1463.918 1465.054 1465.995 1466.907 1467.818 1468.729 1469.497 1469.957 1470.417 1470.877 1471.337 1470.704 1469.742 1468.779 1467.817 1466.701 1465.031 1463.362 1461.693 1460.024 1458.613 1457.332 1456.052 1454.771
1473.98 1471.022 1468.063 1465.105 1462.459 1460.637 1458.815 1456.993 1455.171 1454.036 1453.163 1452.29 1451.417 1450.572 1449.867 1449.161 1448.455 1447.749 1447.548 1447.652 1447.756 1447.86 1447.983 1448.344 1448.706 1449.068 1449.429 1450.062 1450.944 1451.825 1452.707 1453.588 1455.004 1456.435 1457.867 1459.299 1460.656 1461.91 1463.165 1464.419 1465.674 1466.719 1467.732 1468.745 1469.759 1470.616 1471.141 1471.665 1472.189 1472.714 1472.071 1471.077 1470.082 1469.087 1467.956 1466.335 1464.714 1463.093 1461.472 1460.157 1458.994 1457.831 1456.668
