data/zism_data/00734_03_D.txt
ncols         224
nrows         224
[rows 28 to 55 of 224, columns 64 to 127 of 224]
3623.778 3625.684 3627.589 3629.494 3628.552 3626.75 3624.948 3623.146 3620.961 3617.504 3614.047 3610.591 3607.134 3605.911 3605.665 3605.419 3605.174 3605.113 3606.029 3606.946 3607.862 3608.778 3608.071 3606.382 3604.693 3603.004 3601.061 3596.446 3591.832 3587.217 3582.602 3576.101 3568.062 3560.023 3551.984 3543.957 3536.73 3529.504 3522.277 3515.051 3511.14 3510.848 3510.556 3510.264 3509.972 3515.428 3521.237 3527.047 3532.856 3539.862 3548.618 3557.375 3566.131 3574.887 3583.701 3592.524 3601.347 3610.17 3618.36 3625.286 3632.212 3639.137 3646.063 3650.132
3620.246 3621.903 3623.559 3625.216 3624.104 3622.157 3620.209 3618.262 3615.896 3612.148 3608.4 3604.652 3600.904 3599.806 3599.868 3599.93 3599.992 3600.28 3601.763 3603.247 3604.73 3606.213 3606.032 3604.846 3603.659 3602.472 3601.009 3596.637 3592.265 3587.893 3583.521 3576.862 3568.337 3559.812 3551.287 3542.771 3534.804 3526.838 3518.872 3510.905 3506.508 3506.006 3505.503 3505.0 3504.498 3509.86 3515.583 3521.306 3527.03 3534.032 3542.907 3551.782 3560.657 3569.532 3578.287 3587.023 3595.76 3604.496 3612.57 3619.317 3626.064 3632.812 3639.56 3643.343
3616.844 3618.186 3619.528 3620.869 3619.541 3617.406 3615.272 3613.137 3610.602 3606.742 3602.882 3599.022 3595.161 3594.281 3594.704 3595.127 3595.55 3596.216 3598.169 3600.123 3602.076 3604.029 3604.292 3603.535 3602.777 3602.019 3600.961 3596.746 3592.53 3588.315 3584.1 3577.204 3568.121 3559.038 3549.955 3540.882 3532.448 3524.013 3515.578 3507.143 3502.427 3501.767 3501.107 3500.447 3499.787 3504.971 3510.514 3516.058 3521.602 3528.511 3537.42 3546.328 3555.237 3564.146 3572.814 3581.447 3590.08 3598.713 3606.654 3613.209 3619.766 3626.322 3632.877 3636.362
3613.841 3614.664 3615.488 3616.311 3614.622 3612.174 3609.727 3607.279 3604.605 3601.182 3597.759 3594.336 3590.913 3590.53 3591.477 3592.424 3593.37 3594.505 3596.631 3598.757 3600.883 3603.008 3603.465 3602.913 3602.36 3601.807 3600.927 3596.604 3592.28 3587.957 3583.634 3576.261 3566.401 3556.541 3546.68 3536.846 3528.773 3520.7 3512.627 3504.554 3500.029 3499.374 3498.72 3498.065 3497.41 3502.157 3507.237 3512.316 3517.395 3523.937 3532.618 3541.3 3549.982 3558.664 3567.167 3575.644 3584.12 3592.596 3600.355 3606.678 3613.002 3619.326 3625.65 3628.8
3610.838 3611.143 3611.448 3611.753 3609.703 3606.942 3604.181 3601.42 3598.607 3595.622 3592.636 3589.651 3586.665 3586.78 3588.25 3589.72 3591.191 3592.793 3595.092 3597.391 3599.689 3601.988 3602.638 3602.29 3601.943 3601.595 3600.893 3596.462 3592.031 3587.599 3583.168 3575.318 3564.681 3554.043 3543.405 3532.81 3525.099 3517.387 3509.676 3501.965 3497.631 3496.982 3496.333 3495.683 3495.034 3499.344 3503.959 3508.574 3513.189 3519.362 3527.817 3536.272 3544.728 3553.183 3561.52 3569.84 3578.159 3586.479 3594.056 3600.147 3606.239 3612.331 3618.423 3621.237
3607.834 3607.621 3607.408 3607.195 3604.784 3601.71 3598.636 3595.562 3592.61 3590.062 3587.513 3584.965 3582.417 3583.029 3585.023 3587.017 3589.012 3591.082 3593.553 3596.025 3598.496 3600.968 3601.81 3601.668 3601.526 3601.384 3600.859 3596.32 3591.781 3587.241 3582.702 3574.376 3562.96 3551.545 3540.13 3528.774 3521.424 3514.075 3506.725 3499.376 3495.233 3494.589 3493.946 3493.302 3492.658 3496.531 3500.681 3504.832 3508.982 3514.788 3523.016 3531.244 3539.473 3547.701 3555.873 3564.036 3572.199 3580.362 3587.757 3593.616 3599.476 3605.336 3611.195 3613.674
3604.832 3604.1 3603.368 3602.637 3599.865 3596.478 3593.091 3589.704 3586.612 3584.501 3582.391 3580.28 3578.169 3579.278 3581.796 3584.314 3586.833 3589.371 3592.015 3594.659 3597.303 3599.947 3600.983 3601.046 3601.109 3601.172 3600.825 3596.178 3591.531 3586.883 3582.236 3573.433 3561.24 3549.048 3536.855 3524.738 3517.75 3510.762 3503.774 3496.787 3492.835 3492.197 3491.559 3490.92 3490.281 3493.717 3497.403 3501.09 3504.776 3510.213 3518.215 3526.216 3534.218 3542.22 3550.225 3558.232 3566.238 3574.245 3581.458 3587.085 3592.713 3598.34 3603.968 3606.111
3600.188 3598.88 3597.573 3596.265 3593.164 3589.521 3585.878 3582.235 3579.053 3577.399 3575.745 3574.091 3572.436 3574.067 3577.136 3580.205 3583.274 3586.346 3589.439 3592.532 3595.625 3598.719 3600.01 3600.213 3600.417 3600.619 3600.377 3595.461 3590.544 3585.628 3580.712 3571.592 3559.044 3546.495 3533.947 3521.482 3514.698 3507.915 3501.132 3494.349 3490.463 3489.738 3489.013 3488.288 3487.563 3490.953 3494.597 3498.24 3501.884 3507.189 3514.925 3522.662 3530.398 3538.135 3545.786 3553.425 3561.064 3568.703 3575.524 3580.708 3585.892 3591.076 3596.261 3598.053
3594.875 3592.968 3591.061 3589.154 3585.735 3581.86 3577.985 3574.11 3570.857 3569.667 3568.478 3567.288 3566.098 3568.261 3571.891 3575.522 3579.152 3582.786 3586.441 3590.095 3593.75 3597.405 3598.979 3599.295 3599.612 3599.928 3599.76 3594.509 3589.258 3584.007 3578.756 3569.385 3556.652 3543.92 3531.188 3518.544 3511.902 3505.259 3498.616 3491.973 3488.101 3487.252 3486.403 3485.553 3484.704 3488.209 3491.983 3495.756 3499.529 3504.797 3512.252 3519.708 3527.164 3534.619 3541.84 3549.025 3556.211 3563.396 3569.738 3574.393 3579.048 3583.703 3588.358 3589.793
3589.561 3587.055 3584.549 3582.042 3578.306 3574.199 3570.092 3565.984 3562.661 3561.936 3561.21 3560.484 3559.759 3562.454 3566.646 3570.838 3575.03 3579.226 3583.442 3587.658 3591.875 3596.091 3597.947 3598.377 3598.807 3599.237 3599.143 3593.557 3587.971 3582.385 3576.799 3567.177 3554.261 3541.345 3528.43 3515.607 3509.105 3502.602 3496.1 3489.597 3485.739 3484.766 3483.792 3482.819 3481.845 3485.466 3489.368 3493.271 3497.174 3502.405 3509.58 3516.754 3523.929 3531.104 3537.894 3544.625 3551.357 3558.089 3563.952 3568.078 3572.204 3576.33 3580.456 3581.534
3584.248 3581.142 3578.036 3574.931 3570.877 3566.538 3562.198 3557.859 3554.465 3554.204 3553.943 3553.681 3553.42 3556.648 3561.401 3566.155 3570.908 3575.666 3580.444 3585.221 3589.999 3594.777 3596.916 3597.459 3598.002 3598.545 3598.526 3592.605 3586.685 3580.764 3574.843 3564.969 3551.87 3538.771 3525.671 3512.669 3506.308 3499.946 3493.584 3487.222 3483.377 3482.28 3481.182 3480.084 3478.987 3482.722 3486.754 3490.786 3494.819 3500.013 3506.907 3513.801 3520.695 3527.589 3533.948 3540.226 3546.504 3552.782 3558.166 3561.763 3565.36 3568.956 3572.553 3573.274
3578.482 3574.882 3571.281 3567.68 3563.353 3558.806 3554.26 3549.714 3546.273 3546.495 3546.717 3546.939 3547.161 3550.925 3556.238 3561.552 3566.865 3572.177 3577.486 3582.794 3588.102 3593.411 3595.815 3596.464 3597.114 3597.763 3597.816 3591.62 3585.424 3579.227 3573.031 3563.023 3549.905 3536.787 3523.67 3510.651 3504.314 3497.978 3491.642 3485.306 3481.346 3479.978 3478.609 3477.241 3475.872 3479.657 3483.759 3487.861 3491.963 3497.113 3503.799 3510.484 3517.17 3523.856 3529.829 3535.694 3541.56 3547.426 3552.371 3555.474 3558.577 3561.681 3564.784 3565.101
3570.571 3566.97 3563.369 3559.768 3555.375 3550.742 3546.11 3541.477 3538.103 3538.897 3539.691 3540.486 3541.28 3545.601 3551.465 3557.329 3563.193 3569.03 3574.722 3580.413 3586.105 3591.797 3594.39 3595.109 3595.828 3596.547 3596.666 3590.475 3584.284 3578.093 3571.902 3562.318 3549.968 3537.616 3525.266 3512.994 3506.14 3499.286 3492.431 3485.577 3480.884 3478.549 3476.214 3473.879 3471.544 3475.069 3478.955 3482.841 3486.727 3491.804 3498.625 3505.445 3512.266 3519.086 3524.889 3530.539 3536.188 3541.838 3546.531 3549.311 3552.09 3554.869 3557.648 3557.341
3562.659 3559.059 3555.458 3551.857 3547.397 3542.678 3537.959 3533.24 3529.932 3531.299 3532.665 3534.032 3535.398 3540.277 3546.692 3553.107 3559.522 3565.883 3571.958 3578.032 3584.108 3590.183 3592.964 3593.753 3594.543 3595.332 3595.515 3589.329 3583.144 3576.958 3570.773 3561.614 3550.03 3538.446 3526.861 3515.338 3507.966 3500.593 3493.22 3485.847 3480.422 3477.12 3473.819 3470.517 3467.215 3470.481 3474.151 3477.821 3481.491 3486.494 3493.45 3500.406 3507.361 3514.317 3519.949 3525.383 3530.817 3536.251 3540.692 3543.147 3545.603 3548.058 3550.513 3549.58
3554.748 3551.147 3547.546 3543.946 3539.419 3534.614 3529.808 3525.003 3521.761 3523.7 3525.639 3527.578 3529.517 3534.953 3541.919 3548.885 3555.85 3562.735 3569.193 3575.652 3582.11 3588.568 3591.538 3592.397 3593.257 3594.117 3594.364 3588.184 3582.004 3575.824 3569.644 3560.91 3550.092 3539.275 3528.457 3517.682 3509.791 3501.9 3494.009 3486.118 3479.959 3475.691 3471.423 3467.155 3462.887 3465.893 3469.347 3472.801 3476.255 3481.185 3488.276 3495.366 3502.457 3509.548 3515.01 3520.228 3525.446 3530.663 3534.852 3536.984 3539.115 3541.246 3543.378 3541.82
3546.837 3543.236 3539.635 3536.034 3531.442 3526.55 3521.658 3516.766 3513.591 3516.102 3518.613 3521.125 3523.636 3529.629 3537.146 3544.662 3552.179 3559.587 3566.429 3573.271 3580.113 3586.954 3590.112 3591.042 3591.972 3592.902 3593.214 3587.039 3580.864 3574.689 3568.515 3560.205 3550.155 3540.104 3530.053 3520.026 3511.617 3503.207 3494.798 3486.388 3479.497 3474.263 3469.028 3463.793 3458.559 3461.305 3464.543 3467.781 3471.02 3475.876 3483.101 3490.327 3497.553 3504.778 3510.07 3515.072 3520.074 3525.076 3529.013 3530.82 3532.628 3534.435 3536.242 3534.059
3539.364 3535.681 3531.997 3528.314 3524.011 3519.522 3515.032 3510.543 3507.836 3511.033 3514.231 3517.428 3520.625 3526.966 3534.682 3542.398 3550.114 3557.685 3564.486 3571.288 3578.089 3584.891 3588.01 3588.904 3589.797 3590.69 3590.985 3584.991 3578.997 3573.004 3567.01 3559.115 3549.669 3540.223 3530.778 3521.336 3512.209 3503.082 3493.954 3484.826 3477.11 3470.933 3464.756 3458.579 3452.401 3454.9 3457.932 3460.965 3463.997 3468.789 3476.156 3483.524 3490.891 3498.259 3503.516 3508.457 3513.398 3518.339 3522.235 3524.042 3525.849 3527.656 3529.463 3527.247
3532.141 3528.328 3524.515 3520.702 3516.892 3513.083 3509.274 3505.465 3503.454 3507.402 3511.35 3515.298 3519.246 3525.815 3533.531 3541.247 3548.963 3556.489 3563.009 3569.53 3576.051 3582.572 3585.525 3586.321 3587.117 3587.914 3588.144 3582.431 3576.718 3571.005 3565.292 3557.805 3548.873 3539.94 3531.007 3522.059 3512.1 3502.141 3492.182 3482.223 3473.629 3466.523 3459.417 3452.311 3445.205 3447.462 3450.294 3453.127 3455.959 3460.691 3468.205 3475.718 3483.231 3490.745 3496.045 3501.012 3505.98 3510.948 3514.924 3516.914 3518.905 3520.895 3522.886 3520.974
3524.918 3520.975 3517.032 3513.09 3509.772 3506.644 3503.515 3500.386 3499.073 3503.771 3508.469 3513.168 3517.866 3524.664 3532.38 3540.096 3547.812 3555.292 3561.533 3567.773 3574.013 3580.253 3583.04 3583.739 3584.438 3585.136 3585.302 3579.87 3574.438 3569.006 3563.573 3556.496 3548.076 3539.656 3531.236 3522.782 3511.991 3501.201 3490.411 3479.62 3470.148 3462.113 3454.078 3446.044 3438.009 3440.023 3442.656 3445.289 3447.922 3452.594 3460.253 3467.912 3475.572 3483.231 3488.573 3493.568 3498.563 3503.558 3507.612 3509.786 3511.96 3514.135 3516.309 3514.701
3517.695 3513.622 3509.55 3505.478 3502.653 3500.205 3497.756 3495.308 3494.691 3500.14 3505.589 3511.038 3516.486 3523.512 3531.229 3538.945 3546.661 3554.096 3560.056 3566.015 3571.975 3577.934 3580.554 3581.156 3581.758 3582.36 3582.461 3577.31 3572.158 3567.007 3561.855 3555.187 3547.28 3539.373 3531.466 3523.505 3511.883 3500.261 3488.639 3477.017 3466.667 3457.703 3448.74 3439.776 3430.813 3432.585 3435.018 3437.451 3439.884 3444.497 3452.302 3460.107 3467.912 3475.717 3481.102 3486.124 3491.145 3496.167 3500.301 3502.659 3505.016 3507.374 3509.732 3508.428
3510.533 3506.319 3502.105 3497.891 3495.575 3493.832 3492.088 3490.345 3490.438 3496.617 3502.796 3508.974 3515.153 3522.377 3530.058 3537.739 3545.419 3552.781 3558.456 3564.131 3569.807 3575.482 3577.932 3578.431 3578.931 3579.43 3579.462 3574.578 3569.695 3564.811 3559.927 3553.656 3546.254 3538.852 3531.449 3523.974 3511.529 3499.084 3486.638 3474.193 3463.015 3453.219 3443.422 3433.626 3423.83 3425.362 3427.591 3429.821 3432.05 3436.577 3444.469 3452.362 3460.254 3468.146 3473.581 3478.648 3483.715 3488.782 3493.011 3495.565 3498.119 3500.673 3503.227 3502.266
3503.914 3499.451 3494.989 3490.527 3488.862 3488.042 3487.222 3486.402 3487.332 3494.055 3500.78 3507.503 3514.228 3521.377 3528.712 3536.048 3543.383 3550.404 3555.766 3561.128 3566.49 3571.852 3574.093 3574.447 3574.801 3575.155 3575.066 3570.333 3565.601 3560.868 3556.136 3550.171 3543.201 3536.23 3529.26 3522.199 3509.004 3495.808 3482.612 3469.417 3457.854 3448.074 3438.294 3428.514 3418.734 3420.043 3422.035 3424.027 3426.018 3430.229 3437.689 3445.149 3452.609 3460.07 3465.627 3470.899 3476.171 3481.443 3485.912 3488.774 3491.635 3494.497 3497.359 3497.089
3497.294 3492.583 3487.873 3483.162 3482.149 3482.253 3482.356 3482.459 3484.224 3491.494 3498.763 3506.033 3513.302 3520.377 3527.367 3534.356 3541.346 3548.027 3553.076 3558.125 3563.173 3568.222 3570.254 3570.462 3570.67 3570.878 3570.67 3566.089 3561.507 3556.926 3552.345 3546.686 3540.147 3533.609 3527.071 3520.425 3506.479 3492.532 3478.586 3464.64 3452.694 3442.93 3433.166 3423.402 3413.638 3414.724 3416.478 3418.232 3419.987 3423.881 3430.909 3437.937 3444.965 3451.993 3457.673 3463.15 3468.628 3474.105 3478.813 3481.982 3485.152 3488.322 3491.491 3491.912
3490.675 3485.716 3480.757 3475.798 3475.437 3476.463 3477.49 3478.517 3481.118 3488.932 3496.747 3504.562 3512.377 3519.377 3526.021 3532.666 3539.31 3545.65 3550.385 3555.121 3559.857 3564.592 3566.416 3566.478 3566.54 3566.602 3566.274 3561.844 3557.414 3552.984 3548.553 3543.2 3537.094 3530.988 3524.881 3518.65 3503.954 3489.257 3474.56 3459.863 3447.533 3437.785 3428.037 3418.29 3408.542 3409.406 3410.922 3412.438 3413.955 3417.533 3424.129 3430.725 3437.321 3443.917 3449.719 3455.402 3461.084 3466.767 3471.714 3475.191 3478.669 3482.146 3485.624 3486.736
3484.056 3478.848 3473.641 3468.434 3468.724 3470.674 3472.624 3474.574 3478.011 3486.371 3494.731 3503.091 3511.451 3518.377 3524.676 3530.975 3537.273 3543.273 3547.695 3552.118 3556.54 3560.963 3562.577 3562.493 3562.41 3562.326 3561.878 3557.599 3553.32 3549.041 3544.762 3539.715 3534.041 3528.366 3522.692 3516.876 3501.429 3485.981 3470.534 3455.086 3442.373 3432.641 3422.909 3413.177 3403.446 3404.087 3405.365 3406.645 3407.923 3411.185 3417.349 3423.513 3429.677 3435.842 3441.765 3447.653 3453.541 3459.428 3464.615 3468.4 3472.185 3475.97 3479.756 3481.559
3477.014 3471.573 3466.133 3460.692 3461.616 3464.462 3467.308 3470.154 3474.408 3483.326 3492.244 3501.162 3510.079 3516.977 3522.991 3529.005 3535.019 3540.744 3544.945 3549.146 3553.347 3557.548 3558.948 3558.654 3558.361 3558.067 3557.437 3553.263 3549.09 3544.916 3540.743 3535.824 3530.298 3524.772 3519.246 3513.573 3497.924 3482.276 3466.627 3450.978 3438.331 3428.957 3419.583 3410.21 3400.836 3401.271 3402.309 3403.347 3404.386 3407.315 3413.014 3418.712 3424.411 3430.11 3435.968 3441.85 3447.733 3453.615 3458.857 3462.819 3466.78 3470.742 3474.704 3477.222
3469.646 3463.984 3458.323 3452.66 3454.206 3457.926 3461.647 3465.368 3470.425 3479.909 3489.394 3498.879 3508.364 3515.269 3521.045 3526.822 3532.598 3538.099 3542.149 3546.199 3550.248 3554.298 3555.48 3554.927 3554.375 3553.822 3552.96 3548.857 3544.754 3540.651 3536.547 3531.622 3526.025 3520.429 3514.833 3509.094 3493.667 3478.239 3462.812 3447.385 3435.149 3426.397 3417.644 3408.891 3400.139 3400.381 3401.176 3401.971 3402.767 3405.353 3410.56 3415.767 3420.974 3426.182 3431.83 3437.545 3443.26 3448.975 3454.13 3458.168 3462.205 3466.242 3470.28 3473.532
3462.279 3456.396 3450.512 3444.629 3446.795 3451.39 3455.985 3460.581 3466.441 3476.493 3486.545 3496.596 3506.648 3513.56 3519.099 3524.638 3530.177 3535.454 3539.353 3543.251 3547.15 3551.048 3552.011 3551.2 3550.388 3549.576 3548.484 3544.451 3540.418 3536.385 3532.352 3527.419 3521.753 3516.086 3510.419 3504.614 3489.409 3474.203 3458.997 3443.791 3431.968 3423.836 3415.705 3407.573 3399.441 3399.49 3400.043 3400.595 3401.148 3403.39 3408.105 3412.821 3417.537 3422.253 3427.692 3433.24 3438.787 3444.334 3449.404 3453.517 3457.63 3461.742 3465.855 3469.842
