data/zism_data/00749_01_D.txt
ncols         224
nrows         224
[rows 150 to 179 of 224, columns 134 to 200 of 224]
429.1571 430.0659 432.2045 434.3432 436.4818 438.6204 440.3871 441.7237 443.0603 444.3969 445.7335 445.2096 444.5085 443.8074 443.1063 441.7766 439.3402 436.9038 434.4675 432.0312 428.2628 424.1851 420.1075 416.0299 412.2654 409.3884 406.5114 403.6344 400.7574 399.5593 399.0465 398.5338 398.021 397.625 397.8448 398.0645 398.2842 398.504 398.734 398.9706 399.2072 399.4438 399.6906 400.1049 400.5193 400.9336 401.3479 401.6385 401.8091 401.9796 402.1501 402.3206 401.9203 401.494 401.0677 400.6414 400.2643 399.9593 399.6542 399.3492 399.0442 399.0 399.0 399.0 399.0 400.0604 403.5447
423.2538 423.5244 425.5446 427.5648 429.5851 431.6053 433.4682 435.1493 436.8303 438.5114 440.1924 439.9639 439.5534 439.143 438.7325 437.7246 435.665 433.6055 431.5459 429.4863 426.0728 422.3451 418.6172 414.8895 411.4132 408.6492 405.8852 403.1212 400.3572 399.1919 398.6791 398.1664 397.6536 397.2576 397.4774 397.6971 397.9168 398.1366 398.4157 398.7331 399.0504 399.3677 399.6931 400.1505 400.6079 401.0653 401.5226 401.8454 402.0375 402.2295 402.4215 402.6136 402.1627 401.6826 401.2025 400.7224 400.3089 399.9931 399.6773 399.3615 399.0458 399.0 399.0 399.0 399.0 399.872 402.7374
417.3506 416.9828 418.8846 420.7865 422.6883 424.5901 426.5493 428.5748 430.6003 432.6259 434.6514 434.7181 434.5983 434.4785 434.3587 433.6726 431.9898 430.3071 428.6243 426.9415 423.8829 420.505 417.127 413.7492 410.5609 407.9099 405.259 402.608 399.957 398.8245 398.3117 397.799 397.2862 396.8902 397.1099 397.3297 397.5494 397.7692 398.0974 398.4955 398.8936 399.2917 399.6956 400.1961 400.6965 401.1969 401.6974 402.0523 402.2659 402.4794 402.693 402.9066 402.4052 401.8712 401.3372 400.8033 400.3535 400.027 399.7004 399.3739 399.0473 399.0 399.0 399.0 399.0 399.6837 401.93
411.4471 410.4411 412.2245 414.0079 415.7913 417.5746 419.6301 422.0001 424.3701 426.7401 429.1101 429.4722 429.6431 429.8139 429.9847 429.6205 428.3145 427.0085 425.7026 424.3966 421.693 418.6649 415.6368 412.6088 409.7086 407.1706 404.6327 402.0948 399.5569 398.4571 397.9443 397.4315 396.9188 396.5228 396.7425 396.9622 397.182 397.4017 397.7792 398.258 398.7368 399.2156 399.6981 400.2416 400.7851 401.3286 401.8721 402.2592 402.4943 402.7294 402.9645 403.1996 402.6476 402.0598 401.4721 400.8843 400.3982 400.0609 399.7235 399.3862 399.0489 399.0 399.0 399.0 399.0 399.4953 401.1227
404.3104 402.6796 404.4226 406.1656 407.9086 409.6515 411.8465 414.5641 417.2817 419.9993 422.7169 423.4914 424.0808 424.6702 425.2596 425.3112 424.4163 423.5215 422.6266 421.7317 419.3034 416.5191 413.7347 410.9505 408.2786 405.9255 403.5724 401.2192 398.8661 397.8753 397.4405 397.0057 396.571 396.2435 396.482 396.7205 396.959 397.1974 397.6028 398.1155 398.6283 399.141 399.6607 400.2941 400.9275 401.5608 402.1942 402.6364 402.8931 403.1497 403.4063 403.663 403.0425 402.3822 401.7219 401.0616 400.5242 400.1667 399.8093 399.4518 399.0944 399.0426 399.0426 399.0426 399.0426 399.4882 400.9521
396.2792 394.0334 395.7925 397.5516 399.3107 401.0699 403.4357 406.5032 409.5706 412.6381 415.7055 416.9773 418.078 419.1788 420.2795 420.8152 420.3563 419.8974 419.4386 418.9797 416.7689 414.1515 411.534 408.9166 406.4298 404.3135 402.1972 400.0809 397.9646 397.138 396.8378 396.5376 396.2374 396.0283 396.299 396.5698 396.8405 397.1113 397.5293 398.0421 398.5548 399.0675 399.5944 400.3516 401.1087 401.8659 402.6231 403.1373 403.4154 403.6936 403.9717 404.2499 403.548 402.8016 402.0552 401.3087 400.7092 400.3249 399.9405 399.5562 399.1718 399.1161 399.1161 399.1161 399.1161 399.6124 401.2432
388.2483 385.3874 387.1627 388.9379 390.7132 392.4884 395.0252 398.4425 401.8598 405.2771 408.6945 410.4635 412.0755 413.6876 415.2996 416.3193 416.2964 416.2736 416.2507 416.2278 414.2346 411.784 409.3333 406.8828 404.5811 402.7016 400.8221 398.9427 397.0632 396.4008 396.2351 396.0695 395.9039 395.813 396.116 396.4191 396.7221 397.0252 397.4559 397.9686 398.4813 398.994 399.5281 400.4091 401.29 402.171 403.0519 403.6381 403.9377 404.2374 404.5371 404.8368 404.0535 403.2209 402.3884 401.5559 400.8943 400.483 400.0717 399.6604 399.2491 399.1895 399.1895 399.1895 399.1895 399.7367 401.5343
380.2171 376.7411 378.5325 380.3239 382.1154 383.9068 386.6144 390.3816 394.1488 397.9159 401.6831 403.9494 406.0728 408.1962 410.3195 411.8233 412.2364 412.6495 413.0627 413.4758 411.7001 409.4164 407.1326 404.8488 402.7323 401.0897 399.447 397.8044 396.1617 395.6635 395.6324 395.6014 395.5703 395.5977 395.933 396.2684 396.6037 396.9391 397.3824 397.8951 398.4078 398.9206 399.4618 400.4666 401.4713 402.4761 403.4808 404.1389 404.4601 404.7813 405.1025 405.4237 404.559 403.6403 402.7217 401.803 401.0793 400.6411 400.2029 399.7647 399.3265 399.263 399.263 399.263 399.263 399.8609 401.8254
372.1334 368.0674 369.8703 371.6732 373.476 375.2789 378.1505 382.2579 386.3654 390.4728 394.5802 397.3421 399.9759 402.6096 405.2433 407.2327 408.0879 408.9431 409.7983 410.6535 409.1026 406.9932 404.8838 402.7744 400.8513 399.4565 398.0616 396.6668 395.272 394.9418 395.0463 395.1507 395.2552 395.401 395.7651 396.1293 396.4934 396.8575 397.313 397.8271 398.3412 398.8553 399.4052 400.5351 401.6651 402.795 403.925 404.6563 405.0005 405.3447 405.6888 406.033 405.0835 404.0752 403.0669 402.0586 401.2704 400.8047 400.3388 399.873 399.4072 399.3397 399.3397 399.3397 399.3397 399.9969 402.156
362.8871 358.7826 360.494 362.2053 363.9167 365.6281 368.5105 372.7471 376.9837 381.2203 385.4569 388.6773 391.8009 394.9244 398.0479 400.5583 401.9895 403.4207 404.8518 406.283 405.1158 403.3455 401.5751 399.8048 398.2602 397.3552 396.4501 395.5451 394.64 394.5628 394.8233 395.0839 395.3444 395.6137 395.9294 396.2451 396.5608 396.8765 397.3326 397.879 398.4254 398.9719 399.5612 400.8472 402.1333 403.4193 404.7054 405.541 405.939 406.3369 406.7349 407.1329 406.0261 404.851 403.6758 402.5007 401.5959 401.0871 400.5782 400.0693 399.5604 399.4867 399.4867 399.4867 399.4867 400.3895 403.3561
353.641 349.4981 351.118 352.7378 354.3577 355.9776 358.8709 363.2367 367.6024 371.9682 376.334 380.0128 383.6262 387.2395 390.8528 393.8842 395.8913 397.8984 399.9055 401.9126 401.1292 399.6979 398.2666 396.8354 395.6691 395.2539 394.8387 394.4234 394.0081 394.1837 394.6003 395.017 395.4336 395.8264 396.0937 396.3609 396.6282 396.8954 397.3523 397.931 398.5097 399.0884 399.7171 401.1593 402.6015 404.0436 405.4858 406.4256 406.8774 407.3292 407.7809 408.2327 406.9688 405.6268 404.2848 402.9428 401.9214 401.3694 400.8175 400.2656 399.7136 399.6336 399.6336 399.6336 399.6336 400.7822 404.5561
344.3947 340.2133 341.7416 343.27 344.7984 346.3267 349.2309 353.7259 358.2208 362.7158 367.2108 371.348 375.4512 379.5543 383.6574 387.2098 389.7929 392.3759 394.959 397.5421 397.1423 396.0501 394.958 393.8658 393.078 393.1526 393.2271 393.3017 393.3763 393.8046 394.3773 394.9501 395.5229 396.0392 396.258 396.4768 396.6956 396.9144 397.3719 397.9829 398.5939 399.2049 399.8731 401.4714 403.0697 404.6679 406.2662 407.3102 407.8158 408.3214 408.8271 409.3327 407.9114 406.4026 404.8937 403.3849 402.2469 401.6519 401.0569 400.4619 399.8669 399.7806 399.7806 399.7806 399.7806 401.1749 405.7561
335.1486 330.9288 332.3656 333.8025 335.2394 336.6762 339.5912 344.2154 348.8395 353.4637 358.0879 362.6835 367.2765 371.8694 376.4623 380.5357 383.6947 386.8537 390.0127 393.1717 393.1556 392.4026 391.6495 390.8964 390.487 391.0513 391.6157 392.18 392.7444 393.4255 394.1544 394.8832 395.6121 396.2519 396.4223 396.5926 396.763 396.9333 397.3916 398.0349 398.6782 399.3215 400.0291 401.7835 403.5379 405.2922 407.0466 408.1948 408.7542 409.3137 409.8731 410.4325 408.854 407.1783 405.5027 403.827 402.5723 401.9343 401.2962 400.6581 400.0201 399.9276 399.9276 399.9276 399.9276 401.5676 406.9561
327.5502 323.6432 324.9094 326.1756 327.4418 328.7079 331.4242 335.8171 340.2101 344.603 348.9959 353.742 358.5217 363.3014 368.081 372.4832 376.2208 379.9585 383.6962 387.4339 388.1123 388.0806 388.0488 388.0171 388.2978 389.4639 390.63 391.7961 392.9622 393.9247 394.8042 395.6837 396.5632 397.3128 397.3774 397.442 397.5066 397.5711 397.9561 398.5471 399.138 399.729 400.3981 402.3386 404.2791 406.2196 408.1601 409.4467 410.0982 410.7497 411.4012 412.0526 410.2428 408.3211 406.3994 404.4776 403.0383 402.3053 401.5723 400.8392 400.1062 400.0 400.0 400.0 400.0 401.8284 407.8359
321.5528 318.2999 319.3185 320.3371 321.3557 322.3743 324.6882 328.4998 332.3115 336.1231 339.9348 344.532 349.204 353.8761 358.548 363.0922 367.4112 371.7302 376.0492 380.3683 382.0429 383.1038 384.1646 385.2255 386.4991 388.3757 390.2523 392.1288 394.0054 395.2771 396.3019 397.3268 398.3516 399.1976 399.1007 399.0038 398.9069 398.81 399.0499 399.5063 399.9627 400.4191 400.974 403.1298 405.2856 407.4414 409.5972 411.0554 411.8361 412.6167 413.3973 414.178 412.0649 409.8202 407.5756 405.3309 403.6407 402.7623 401.884 401.0056 400.1273 400.0 400.0 400.0 400.0 401.9611 408.4046
315.5551 312.9565 313.7274 314.4984 315.2694 316.0404 317.9519 321.1823 324.4126 327.643 330.8733 335.3217 339.8861 344.4504 349.0147 353.7009 358.6012 363.5016 368.402 373.3023 375.9734 378.1268 380.2803 382.4338 384.7004 387.2874 389.8745 392.4616 395.0486 396.6295 397.7997 398.9698 400.14 401.0824 400.824 400.5657 400.3073 400.049 400.1438 400.4656 400.7874 401.1093 401.5498 403.921 406.2921 408.6631 411.0343 412.6641 413.5739 414.4838 415.3936 416.3034 413.887 411.3194 408.7518 406.1842 404.2431 403.2194 402.1957 401.172 400.1484 400.0 400.0 400.0 400.0 402.0938 408.9732
309.5577 307.6132 308.1366 308.66 309.1833 309.7067 311.2159 313.865 316.514 319.1631 321.8122 326.1117 330.5684 335.0251 339.4818 344.3099 349.7916 355.2733 360.755 366.2367 369.904 373.1501 376.3962 379.6422 382.9017 386.1993 389.4968 392.7943 396.0919 397.9818 399.2974 400.6129 401.9283 402.9672 402.5474 402.1275 401.7077 401.2878 401.2375 401.4248 401.6121 401.7994 402.1257 404.7121 407.2985 409.8849 412.4713 414.2728 415.3118 416.3508 417.3898 418.4287 415.7091 412.8185 409.928 407.0374 404.8455 403.6765 402.5074 401.3384 400.1694 400.0 400.0 400.0 400.0 402.2264 409.5419
303.5603 302.27 302.5457 302.8215 303.0973 303.3731 304.4799 306.5477 308.6155 310.6833 312.751 316.9017 321.2508 325.5999 329.9489 334.9189 340.9819 347.045 353.108 359.171 363.8346 368.1733 372.512 376.8506 381.1031 385.1111 389.1191 393.1271 397.1351 399.3342 400.795 402.2559 403.7167 404.852 404.2707 403.6894 403.108 402.5267 402.3314 402.3841 402.4368 402.4895 402.7015 405.5032 408.305 411.1067 413.9084 415.8815 417.0496 418.2178 419.386 420.5541 417.5312 414.3177 411.1042 407.8907 405.4479 404.1335 402.8192 401.5048 400.1905 400.0 400.0 400.0 400.0 402.3591 410.1105
302.6615 301.6623 301.8734 302.0844 302.2956 302.5067 303.3674 304.9793 306.5912 308.2031 309.815 313.4651 317.3093 321.1535 324.9977 329.8924 336.6361 343.3797 350.1234 356.8671 362.4184 367.693 372.9675 378.242 383.1751 387.141 391.1069 395.0728 399.0387 401.2954 402.8546 404.4137 405.9727 407.2249 406.8584 406.4919 406.1255 405.759 405.5912 405.5511 405.5111 405.4711 405.6034 408.5368 411.4702 414.4036 417.337 419.4776 420.8481 422.2186 423.5891 424.9596 421.4666 417.7524 414.0383 410.3242 407.3935 405.6097 403.826 402.0422 400.2585 400.0 400.0 400.0 400.0 402.3328 409.9975
301.915 301.196 301.3479 301.4998 301.6517 301.8036 302.4229 303.5827 304.7425 305.9023 307.0621 310.2011 313.5286 316.8561 320.1835 324.9964 332.4237 339.851 347.2782 354.7055 361.1413 367.347 373.5526 379.7582 385.3627 389.264 393.1653 397.0666 400.9679 403.2747 404.9308 406.5868 408.2427 409.6124 409.4719 409.3315 409.1911 409.0507 408.9156 408.7841 408.6525 408.521 408.5746 411.6372 414.6997 417.7623 420.8249 423.1329 424.7079 426.283 427.858 429.433 425.465 421.2449 417.0249 412.8049 409.3791 407.1163 404.8535 402.5907 400.328 400.0 400.0 400.0 400.0 402.3016 409.8641
301.1685 300.7298 300.8224 300.9151 301.0078 301.1005 301.4784 302.186 302.8937 303.6013 304.309 306.9369 309.7477 312.5585 315.3692 320.1003 328.2112 336.3221 344.4329 352.5438 359.8641 367.0009 374.1378 381.2744 387.5504 391.3871 395.2238 399.0605 402.8972 405.2542 407.007 408.7599 410.5128 411.9999 412.0855 412.1711 412.2568 412.3424 412.2402 412.0171 411.7941 411.571 411.5459 414.7377 417.9294 421.1212 424.313 426.7884 428.568 430.3475 432.1271 433.9066 429.4635 424.7375 420.0116 415.2856 411.3648 408.6229 405.881 403.1392 400.3974 400.0 400.0 400.0 400.0 402.2705 409.7307
300.422 300.2635 300.297 300.3305 300.364 300.3974 300.5339 300.7894 301.045 301.3005 301.5561 303.6729 305.967 308.261 310.5551 315.2043 323.9988 332.7932 341.5877 350.3822 358.587 366.6549 374.7229 382.7906 389.738 393.5101 397.2822 401.0544 404.8265 407.2335 409.0832 410.933 412.7827 414.3873 414.699 415.0107 415.3224 415.6341 415.5646 415.25 414.9355 414.6209 414.5171 417.8381 421.159 424.48 427.8009 430.4438 432.4278 434.4119 436.396 438.38 433.4619 428.23 422.9981 417.7662 413.3504 410.1295 406.9086 403.6877 400.4668 400.0 400.0 400.0 400.0 402.2394 409.5973
300.0 300.0 300.0 300.0 300.0 300.0 300.0 300.0 300.0 300.0 300.0 301.7296 303.624 305.5184 307.4128 311.8674 320.8282 329.7891 338.75 347.7108 356.4691 365.1804 373.8916 382.6027 390.0746 394.0349 397.9952 401.9554 405.9157 408.5408 410.6208 412.7009 414.7809 416.6274 417.2424 417.8574 418.4724 419.0873 419.1862 418.9534 418.7205 418.4876 418.4681 421.9159 425.3637 428.8115 432.2593 435.1277 437.4333 439.739 442.0446 444.3502 438.8256 432.945 427.0644 421.1838 416.1121 412.2249 408.3377 404.4505 400.5634 400.0 400.0 400.0 400.0 402.0879 408.9481
300.0 300.0 300.0 300.0 300.0 300.0 300.0 300.0 300.0 300.0 300.0 301.5036 303.1504 304.7972 306.444 310.5574 319.0123 327.4672 335.9221 344.377 353.2584 362.2388 371.2191 380.1993 388.0049 392.4819 396.9589 401.4359 405.9129 408.9744 411.4581 413.9419 416.4256 418.6758 419.6945 420.7131 421.7318 422.7504 423.194 423.2679 423.3419 423.4158 423.6924 427.264 430.8356 434.4073 437.9789 441.1485 443.9278 446.7071 449.4864 452.2656 445.9636 439.2488 432.534 425.8192 419.8826 415.0858 410.2889 405.492 400.6952 400.0 400.0 400.0 400.0 401.7799 407.6283
300.0 300.0 300.0 300.0 300.0 300.0 300.0 300.0 300.0 300.0 300.0 301.2775 302.6768 304.076 305.4751 309.2474 317.1963 325.1452 333.0942 341.0431 350.0475 359.2971 368.5466 377.7959 385.9352 390.9289 395.9226 400.9163 405.91 409.408 412.2955 415.183 418.0704 420.7243 422.1466 423.569 424.9913 426.4136 427.2019 427.5827 427.9634 428.3441 428.917 432.6124 436.3078 440.0032 443.6986 447.1696 450.4225 453.6754 456.9284 460.1812 453.1019 445.5528 438.0038 430.4547 423.6533 417.9467 412.2401 406.5336 400.8271 400.0 400.0 400.0 400.0 401.472 406.3084
300.0 300.0 300.0 300.0 300.0 300.0 300.0 300.0 300.0 300.0 300.0 301.0515 302.2031 303.3547 304.5063 307.9374 315.3804 322.8234 330.2663 337.7093 346.8369 356.3555 365.8741 375.3925 383.8656 389.376 394.8864 400.3967 405.9071 409.8416 413.1328 416.424 419.7151 422.7727 424.5987 426.4247 428.2507 430.0767 431.2097 431.8972 432.5847 433.2723 434.1413 437.9605 441.7797 445.5989 449.4182 453.1904 456.917 460.6436 464.3701 468.0966 460.24 451.8566 443.4733 435.09 427.4238 420.8075 414.1913 407.575 400.9589 400.0 400.0 400.0 400.0 401.164 404.9886
300.0 300.0 300.0 300.0 300.0 300.0 300.0 300.0 300.0 300.0 300.0 300.8254 301.7295 302.6335 303.5375 306.6274 313.5644 320.5014 327.4384 334.3754 343.626 353.4138 363.2015 372.9891 381.7959 387.823 393.8501 399.8772 405.9043 410.2752 413.9701 417.665 421.3598 424.8212 427.0508 429.2805 431.5102 433.7399 435.2177 436.2119 437.2063 438.2006 439.3658 443.3088 447.2519 451.1949 455.1379 459.2114 463.4117 467.6119 471.8122 476.0123 467.3782 458.1606 448.9431 439.7255 431.1944 423.6685 416.1425 408.6166 401.0908 400.0 400.0 400.0 400.0 400.856 403.6688
300.0 300.0 300.0 300.0 300.0 300.0 300.0 300.0 300.0 300.0 300.0 300.6524 301.3669 302.0814 302.7959 305.6148 312.1378 318.6607 325.1836 331.7065 341.1526 351.2772 361.4017 371.5261 380.6409 386.8945 393.1482 399.4018 405.6554 410.2722 414.2209 418.1695 422.1181 425.844 428.3952 430.9463 433.4974 436.0486 437.8801 439.2489 440.6177 441.9865 443.5106 447.5581 451.6055 455.653 459.7005 463.8057 467.9669 472.1281 476.2894 480.4506 471.7385 462.4411 453.1437 443.8464 434.987 426.7691 418.5511 410.3332 402.1154 400.7506 400.5475 400.3444 400.1413 400.6703 402.8725
300.0 300.0 300.0 300.0 300.0 300.0 300.0 300.0 300.0 300.0 300.0 300.4853 301.0168 301.5483 302.0798 304.6358 310.755 316.8743 322.9935 329.1127 338.7623 349.2313 359.7004 370.1693 379.5892 386.0366 392.484 398.9314 405.3788 410.2199 414.4054 418.5909 422.7764 426.7511 429.6145 432.4778 435.3411 438.2044 440.3907 442.1417 443.8926 445.6436 447.5336 451.6833 455.8331 459.9828 464.1326 468.239 472.3034 476.3678 480.4321 484.4964 475.7852 466.4933 457.2013 447.9093 438.7823 429.8969 421.0115 412.1261 403.2408 401.5861 401.1569 400.7277 400.2986 400.4983 402.1354
300.0 300.0 300.0 300.0 300.0 300.0 300.0 300.0 300.0 300.0 300.0 300.3182 300.6667 301.0152 301.3637 303.6568 309.3723 315.0879 320.8034 326.519 336.372 347.1855 357.9991 368.8124 378.5375 385.1787 391.8198 398.461 405.1021 410.1676 414.59 419.0123 423.4346 427.6582 430.8337 434.0092 437.1847 440.3602 442.9012 445.0343 447.1674 449.3006 451.5565 455.8085 460.0605 464.3126 468.5646 472.6723 476.6397 480.6072 484.5747 488.5421 479.8318 470.5453 461.2587 451.9721 442.5775 433.0246 423.4718 413.9189 404.3663 402.4215 401.7663 401.111 400.4558 400.3263 401.3983
