data/zism_data/00741_01_D.txt
ncols         224
nrows         224
[rows 168 to 195 of 224, columns 64 to 127 of 224]
1930.099 1930.344 1930.121 1929.597 1929.072 1928.547 1928.023 1926.194 1924.127 1922.061 1919.995 1917.96 1916.264 1914.567 1912.871 1911.175 1909.799 1909.1 1908.401 1907.703 1907.004 1906.028 1904.835 1903.641 1902.448 1901.255 1900.843 1900.63 1900.418 1900.205 1900.062 1901.833 1903.604 1905.375 1907.146 1911.259 1921.613 1931.968 1942.322 1952.676 1963.909 1975.982 1988.056 2000.13 2012.204 2022.111 2020.142 2018.172 2016.202 2014.535 2014.389 2014.242 2014.096 2013.949 2014.921 2016.692 2018.463 2020.233 2022.006 2026.645 2031.284 2035.923 2040.561 2045.679
1926.768 1926.792 1926.347 1925.6 1924.853 1924.106 1923.36 1921.387 1919.192 1916.997 1914.801 1912.651 1910.996 1909.341 1907.687 1906.032 1904.797 1904.449 1904.102 1903.754 1903.406 1902.911 1902.302 1901.692 1901.082 1900.472 1900.29 1900.217 1900.144 1900.071 1900.08 1902.373 1904.666 1906.958 1909.251 1914.361 1926.983 1939.604 1952.225 1964.847 1977.505 1990.198 2002.892 2015.585 2028.279 2026.224 2024.131 2022.038 2019.945 2018.183 2018.084 2017.986 2017.888 2017.79 2019.014 2021.182 2023.349 2025.517 2027.688 2033.196 2038.704 2044.213 2049.721 2055.44
1923.434 1923.339 1922.743 1921.826 1920.909 1919.991 1919.074 1917.153 1915.049 1912.945 1910.842 1908.791 1907.314 1905.838 1904.362 1902.885 1901.839 1901.7 1901.562 1901.423 1901.284 1901.104 1900.891 1900.679 1900.466 1900.253 1900.414 1900.669 1900.924 1901.179 1901.548 1905.084 1908.619 1912.154 1915.689 1922.132 1936.324 1950.516 1964.708 1978.9 1992.143 2004.478 2016.813 2029.148 2041.483 2032.502 2030.275 2028.048 2025.821 2023.951 2023.873 2023.795 2023.718 2023.64 2024.948 2027.245 2029.542 2031.839 2034.14 2040.09 2046.039 2051.989 2057.938 2063.962
1920.097 1919.996 1919.329 1918.298 1917.267 1916.237 1915.206 1913.551 1911.783 1910.015 1908.247 1906.531 1905.385 1904.239 1903.094 1901.948 1901.143 1901.055 1900.968 1900.881 1900.794 1900.743 1900.722 1900.7 1900.679 1900.657 1901.284 1902.077 1902.869 1903.661 1904.62 1910.196 1915.771 1921.346 1926.921 1935.065 1950.058 1965.05 1980.043 1995.035 2007.935 2018.829 2029.723 2040.617 2051.511 2041.173 2038.802 2036.43 2034.058 2032.065 2031.977 2031.888 2031.8 2031.711 2032.917 2035.048 2037.179 2039.31 2041.445 2047.362 2053.279 2059.197 2065.114 2071.112
1916.759 1916.653 1915.915 1914.771 1913.626 1912.482 1911.337 1909.949 1908.517 1907.084 1905.652 1904.271 1903.456 1902.641 1901.826 1901.01 1900.446 1900.41 1900.375 1900.339 1900.304 1900.383 1900.553 1900.722 1900.892 1901.061 1902.155 1903.485 1904.814 1906.143 1907.692 1915.308 1922.923 1930.538 1938.153 1947.999 1963.792 1979.585 1995.378 2011.17 2023.727 2033.18 2042.633 2052.086 2061.539 2049.845 2047.328 2044.812 2042.295 2040.18 2040.08 2039.981 2039.882 2039.782 2040.887 2042.852 2044.816 2046.781 2048.749 2054.634 2060.519 2066.404 2072.29 2078.262
1913.422 1913.31 1912.501 1911.243 1909.985 1908.727 1907.469 1906.347 1905.251 1904.154 1903.057 1902.012 1901.527 1901.042 1900.558 1900.073 1899.749 1899.765 1899.781 1899.798 1899.814 1900.023 1900.383 1900.744 1901.105 1901.465 1903.026 1904.893 1906.759 1908.625 1910.764 1920.42 1930.075 1939.73 1949.385 1960.933 1977.527 1994.12 2010.713 2027.306 2039.519 2047.531 2055.543 2063.555 2071.568 2058.517 2055.855 2053.194 2050.532 2048.294 2048.184 2048.074 2047.964 2047.854 2048.857 2050.655 2052.453 2054.251 2056.054 2061.907 2067.76 2073.613 2079.465 2085.413
1910.084 1909.968 1909.087 1907.716 1906.344 1904.972 1903.601 1902.746 1901.985 1901.224 1900.463 1899.752 1899.598 1899.444 1899.29 1899.135 1899.053 1899.12 1899.188 1899.256 1899.324 1899.662 1900.214 1900.766 1901.318 1901.869 1903.897 1906.301 1908.704 1911.108 1913.836 1925.532 1937.227 1948.922 1960.617 1973.867 1991.261 2008.654 2026.048 2043.442 2055.31 2061.882 2068.453 2075.025 2081.596 2067.188 2064.382 2061.576 2058.769 2056.408 2056.288 2056.167 2056.046 2055.925 2056.827 2058.459 2060.091 2061.722 2063.358 2069.179 2075.0 2080.82 2086.641 2092.563
1907.885 1907.808 1907.081 1905.937 1904.792 1903.648 1902.504 1901.83 1901.241 1900.653 1900.064 1899.516 1899.406 1899.296 1899.185 1899.075 1899.118 1899.484 1899.851 1900.217 1900.584 1901.714 1903.445 1905.176 1906.907 1908.638 1912.44 1916.769 1921.098 1925.427 1930.029 1942.148 1954.267 1966.387 1978.506 1991.564 2007.124 2022.685 2038.245 2053.806 2063.981 2068.993 2074.005 2079.017 2084.029 2073.502 2070.607 2067.712 2064.817 2062.407 2062.435 2062.462 2062.49 2062.518 2063.573 2065.362 2067.151 2068.94 2070.732 2076.244 2081.755 2087.266 2092.777 2098.485
1905.737 1905.701 1905.139 1904.237 1903.335 1902.434 1901.532 1901.035 1900.612 1900.189 1899.766 1899.371 1899.292 1899.213 1899.133 1899.054 1899.218 1899.894 1900.57 1901.247 1901.923 1903.874 1906.829 1909.784 1912.739 1915.694 1921.329 1927.646 1933.964 1940.281 1946.813 1959.284 1971.754 1984.224 1996.695 2009.475 2023.084 2036.692 2050.301 2063.909 2072.33 2075.778 2079.225 2082.672 2086.12 2079.708 2076.728 2073.747 2070.766 2068.31 2068.494 2068.677 2068.86 2069.044 2070.264 2072.225 2074.185 2076.146 2078.11 2083.299 2088.488 2093.677 2098.867 2104.351
1903.589 1903.595 1903.196 1902.537 1901.878 1901.219 1900.56 1900.241 1899.983 1899.725 1899.467 1899.226 1899.178 1899.13 1899.081 1899.033 1899.317 1900.304 1901.29 1902.276 1903.262 1906.035 1910.214 1914.392 1918.571 1922.75 1930.219 1938.524 1946.829 1955.134 1963.597 1976.419 1989.24 2002.062 2014.883 2027.387 2039.044 2050.7 2062.356 2074.013 2080.679 2082.562 2084.445 2086.328 2088.21 2085.915 2082.848 2079.782 2076.715 2074.214 2074.553 2074.892 2075.231 2075.57 2076.955 2079.087 2081.22 2083.352 2085.487 2090.354 2095.222 2100.089 2104.956 2110.217
1901.441 1901.488 1901.253 1900.837 1900.421 1900.005 1899.588 1899.446 1899.353 1899.26 1899.168 1899.081 1899.064 1899.047 1899.029 1899.012 1899.417 1900.713 1902.009 1903.305 1904.601 1908.195 1913.598 1919.001 1924.403 1929.806 1939.108 1949.401 1959.694 1969.988 1980.382 1993.554 2006.727 2019.9 2033.072 2045.299 2055.003 2064.708 2074.412 2084.116 2089.029 2089.347 2089.665 2089.983 2090.301 2092.122 2088.969 2085.817 2082.665 2080.117 2080.612 2081.106 2081.601 2082.095 2083.646 2085.95 2088.254 2090.558 2092.865 2097.41 2101.955 2106.5 2111.045 2116.083
1900.116 1900.179 1900.05 1899.797 1899.544 1899.292 1899.039 1899.0 1899.0 1899.0 1899.0 1899.0 1899.0 1899.0 1899.0 1899.0 1899.511 1901.099 1902.687 1904.274 1905.862 1910.207 1916.723 1923.238 1929.754 1936.269 1946.831 1958.421 1970.011 1981.602 1993.244 2006.328 2019.412 2032.496 2045.58 2057.333 2065.537 2073.74 2081.943 2090.147 2093.862 2093.275 2092.688 2092.101 2091.514 2097.777 2094.624 2091.47 2088.316 2085.821 2086.636 2087.451 2088.267 2089.082 2090.906 2093.45 2095.994 2098.538 2101.084 2105.383 2109.681 2113.98 2118.278 2123.096
1899.842 1899.89 1899.793 1899.602 1899.411 1899.22 1899.029 1899.0 1899.0 1899.0 1899.0 1899.0 1899.0 1899.0 1899.0 1899.0 1899.597 1901.454 1903.31 1905.167 1907.023 1912.029 1919.516 1927.002 1934.489 1941.975 1953.063 1965.066 1977.069 1989.073 2001.091 2013.525 2025.958 2038.391 2050.824 2061.852 2069.131 2076.41 2083.689 2090.968 2094.199 2093.55 2092.901 2092.252 2091.603 2102.727 2099.68 2096.634 2093.588 2091.271 2092.617 2093.963 2095.31 2096.656 2098.893 2101.764 2104.635 2107.507 2110.38 2114.528 2118.677 2122.825 2126.973 2131.576
1899.569 1899.601 1899.535 1899.406 1899.277 1899.149 1899.02 1899.0 1899.0 1899.0 1899.0 1899.0 1899.0 1899.0 1899.0 1899.0 1899.684 1901.809 1903.934 1906.059 1908.183 1913.851 1922.309 1930.766 1939.223 1947.68 1959.294 1971.711 1984.127 1996.544 2008.938 2020.721 2032.503 2044.286 2056.069 2066.371 2072.725 2079.08 2085.435 2091.79 2094.537 2093.826 2093.115 2092.403 2091.692 2107.676 2104.737 2101.799 2098.86 2096.72 2098.597 2100.475 2102.353 2104.231 2106.879 2110.078 2113.277 2116.476 2119.676 2123.674 2127.672 2131.67 2135.668 2140.055
1899.295 1899.312 1899.278 1899.211 1899.144 1899.077 1899.01 1899.0 1899.0 1899.0 1899.0 1899.0 1899.0 1899.0 1899.0 1899.0 1899.77 1902.164 1904.557 1906.951 1909.344 1915.674 1925.102 1934.53 1943.958 1953.386 1965.526 1978.356 1991.185 2004.015 2016.785 2027.917 2039.049 2050.181 2061.313 2070.889 2076.32 2081.75 2087.18 2092.611 2094.874 2094.101 2093.328 2092.555 2091.782 2112.626 2109.794 2106.963 2104.131 2102.169 2104.578 2106.987 2109.396 2111.805 2114.866 2118.392 2121.918 2125.445 2128.971 2132.819 2136.667 2140.515 2144.362 2148.534
1899.022 1899.023 1899.02 1899.016 1899.011 1899.006 1899.001 1899.0 1899.0 1899.0 1899.0 1899.0 1899.0 1899.0 1899.0 1899.0 1899.857 1902.519 1905.181 1907.843 1910.505 1917.496 1927.895 1938.294 1948.693 1959.091 1971.758 1985.0 1998.243 2011.486 2024.632 2035.113 2045.594 2056.076 2066.557 2075.408 2079.914 2084.42 2088.926 2093.432 2095.211 2094.376 2093.541 2092.706 2091.871 2117.575 2114.851 2112.127 2109.403 2107.618 2110.559 2113.499 2116.439 2119.379 2122.853 2126.706 2130.56 2134.414 2138.267 2141.965 2145.662 2149.36 2153.057 2157.013
1898.924 1898.962 1898.986 1899.0 1899.015 1899.029 1899.043 1899.194 1899.37 1899.546 1899.722 1899.915 1900.296 1900.676 1901.057 1901.437 1902.594 1905.386 1908.179 1910.972 1913.764 1920.446 1930.19 1939.933 1949.677 1959.42 1971.293 1983.708 1996.123 2008.537 2020.879 2031.209 2041.538 2051.868 2062.198 2071.076 2076.084 2081.093 2086.101 2091.109 2093.418 2093.139 2092.861 2092.582 2092.303 2124.277 2122.367 2120.457 2118.547 2117.442 2120.39 2123.338 2126.286 2129.234 2132.638 2136.37 2140.101 2143.832 2147.563 2150.873 2154.183 2157.493 2160.803 2164.305
1898.842 1898.922 1898.971 1899.001 1899.03 1899.06 1899.09 1899.405 1899.772 1900.139 1900.506 1900.909 1901.703 1902.496 1903.29 1904.083 1905.558 1908.47 1911.381 1914.293 1917.204 1923.494 1932.442 1941.39 1950.338 1959.286 1970.253 1981.733 1993.213 2004.693 2016.128 2026.35 2036.571 2046.793 2057.014 2065.984 2071.617 2077.25 2082.883 2088.516 2091.442 2091.773 2092.103 2092.434 2092.765 2131.13 2130.094 2129.059 2128.023 2127.643 2130.553 2133.463 2136.373 2139.283 2142.579 2146.149 2149.719 2153.29 2156.859 2159.761 2162.663 2165.565 2168.468 2171.494
1898.76 1898.881 1898.956 1899.001 1899.046 1899.092 1899.137 1899.616 1900.174 1900.732 1901.29 1901.903 1903.11 1904.317 1905.523 1906.73 1908.524 1911.554 1914.584 1917.614 1920.645 1926.541 1934.694 1942.847 1951.0 1959.152 1969.213 1979.758 1990.303 2000.848 2011.378 2021.491 2031.604 2041.717 2051.83 2060.891 2067.149 2073.407 2079.665 2085.923 2089.466 2090.406 2091.346 2092.286 2093.226 2137.982 2137.822 2137.661 2137.501 2137.843 2140.716 2143.589 2146.461 2149.334 2152.52 2155.929 2159.338 2162.747 2166.156 2168.65 2171.144 2173.638 2176.132 2178.683
1898.678 1898.84 1898.941 1899.001 1899.062 1899.123 1899.184 1899.827 1900.576 1901.325 1902.075 1902.897 1904.517 1906.137 1907.757 1909.376 1911.488 1914.637 1917.786 1920.936 1924.085 1929.589 1936.946 1944.304 1951.661 1959.019 1968.172 1977.783 1987.393 1997.004 2006.628 2016.632 2026.637 2036.641 2046.646 2055.799 2062.681 2069.564 2076.447 2083.33 2087.49 2089.039 2090.589 2092.138 2093.688 2144.834 2145.549 2146.263 2146.978 2148.043 2150.879 2153.714 2156.549 2159.384 2162.46 2165.708 2168.957 2172.205 2175.452 2177.538 2179.624 2181.711 2183.797 2185.873
1898.615 1898.798 1898.961 1899.112 1899.263 1899.415 1899.566 1900.534 1901.651 1902.769 1903.886 1905.093 1907.286 1909.48 1911.673 1913.866 1916.448 1919.849 1923.25 1926.651 1930.052 1935.285 1941.959 1948.634 1955.308 1961.983 1970.253 1978.929 1987.604 1996.28 2004.992 2014.701 2024.41 2034.118 2043.827 2052.874 2060.157 2067.44 2074.723 2082.006 2086.521 2088.382 2090.244 2092.105 2093.966 2151.792 2153.165 2154.538 2155.911 2157.495 2160.141 2162.787 2165.434 2168.08 2170.903 2173.851 2176.8 2179.749 2182.697 2184.375 2186.053 2187.732 2189.41 2191.042
1898.58 1898.752 1899.034 1899.387 1899.74 1900.092 1900.445 1901.977 1903.724 1905.472 1907.219 1909.071 1912.075 1915.079 1918.083 1921.087 1924.364 1928.214 1932.064 1935.914 1939.765 1944.906 1951.064 1957.223 1963.381 1969.539 1976.959 1984.7 1992.442 2000.183 2007.973 2017.108 2026.244 2035.379 2044.515 2053.163 2060.513 2067.863 2075.214 2082.564 2087.045 2088.778 2090.51 2092.242 2093.974 2158.907 2160.618 2162.329 2164.04 2165.837 2168.07 2170.303 2172.536 2174.769 2177.125 2179.57 2182.014 2184.458 2186.902 2188.172 2189.443 2190.713 2191.984 2193.219
1898.546 1898.707 1899.108 1899.662 1900.216 1900.77 1901.324 1903.42 1905.798 1908.175 1910.552 1913.05 1916.864 1920.679 1924.494 1928.308 1932.279 1936.579 1940.878 1945.178 1949.478 1954.528 1960.17 1965.812 1971.453 1977.095 1983.666 1990.472 1997.279 2004.085 2010.953 2019.515 2028.078 2036.64 2045.202 2053.452 2060.869 2068.287 2075.704 2083.121 2087.57 2089.173 2090.776 2092.379 2093.982 2166.021 2168.07 2170.119 2172.168 2174.179 2175.999 2177.819 2179.638 2181.458 2183.348 2185.288 2187.228 2189.167 2191.106 2191.969 2192.832 2193.694 2194.557 2195.396
1898.511 1898.662 1899.181 1899.937 1900.692 1901.447 1902.203 1904.864 1907.871 1910.878 1913.885 1917.028 1921.653 1926.279 1930.904 1935.53 1940.195 1944.944 1949.693 1954.441 1959.19 1964.15 1969.275 1974.401 1979.526 1984.651 1990.372 1996.244 2002.116 2007.987 2013.933 2021.922 2029.911 2037.901 2045.89 2053.741 2061.225 2068.71 2076.194 2083.678 2088.094 2089.568 2091.042 2092.516 2093.99 2173.135 2175.522 2177.91 2180.297 2182.521 2183.928 2185.334 2186.74 2188.147 2189.57 2191.006 2192.441 2193.877 2195.311 2195.766 2196.221 2196.676 2197.13 2197.573
1898.476 1898.617 1899.255 1900.211 1901.168 1902.125 1903.082 1906.307 1909.944 1913.581 1917.218 1921.006 1926.443 1931.879 1937.315 1942.751 1948.111 1953.309 1958.507 1963.705 1968.903 1973.772 1978.381 1982.99 1987.599 1992.208 1997.079 2002.016 2006.953 2011.89 2016.914 2024.33 2031.745 2039.161 2046.577 2054.03 2061.582 2069.133 2076.685 2084.236 2088.619 2089.963 2091.308 2092.653 2093.998 2180.25 2182.975 2185.7 2188.426 2190.864 2191.857 2192.85 2193.843 2194.836 2195.793 2196.724 2197.655 2198.586 2199.516 2199.563 2199.61 2199.657 2199.704 2199.75
1898.472 1898.612 1899.485 1900.831 1902.177 1903.522 1904.868 1908.821 1913.248 1917.675 1922.102 1926.649 1932.503 1938.357 1944.211 1950.065 1955.746 1961.065 1966.383 1971.702 1977.02 1981.888 1986.401 1990.914 1995.427 1999.94 2004.549 2009.182 2013.815 2018.448 2023.165 2030.19 2037.215 2044.241 2051.266 2058.269 2065.211 2072.154 2079.096 2086.038 2089.954 2090.969 2091.984 2092.998 2094.013 2184.059 2186.458 2188.856 2191.255 2193.377 2194.109 2194.841 2195.573 2196.304 2196.808 2197.149 2197.49 2197.831 2198.172 2197.892 2197.611 2197.331 2197.051 2197.057
1898.472 1898.612 1899.737 1901.495 1903.254 1905.013 1906.772 1911.474 1916.712 1921.95 1927.188 1932.508 1938.729 1944.949 1951.17 1957.391 1963.346 1968.742 1974.138 1979.534 1984.929 1989.808 1994.28 1998.752 2003.223 2007.695 2012.118 2016.529 2020.94 2025.351 2029.841 2036.5 2043.158 2049.817 2056.476 2063.022 2069.267 2075.512 2081.758 2088.003 2091.396 2092.054 2092.712 2093.37 2094.029 2187.439 2189.424 2191.409 2193.395 2195.132 2195.623 2196.113 2196.603 2197.094 2197.146 2196.886 2196.626 2196.366 2196.106 2195.509 2194.912 2194.315 2193.719 2193.731
1898.472 1898.612 1899.988 1902.16 1904.332 1906.504 1908.676 1914.128 1920.177 1926.225 1932.274 1938.368 1944.955 1951.542 1958.129 1964.716 1970.945 1976.419 1981.892 1987.365 1992.839 1997.729 2002.159 2006.589 2011.02 2015.45 2019.688 2023.877 2028.066 2032.255 2036.517 2042.809 2049.101 2055.394 2061.686 2067.774 2073.323 2078.871 2084.419 2089.967 2092.837 2093.139 2093.441 2093.743 2094.044 2190.819 2192.391 2193.963 2195.535 2196.887 2197.136 2197.385 2197.634 2197.883 2197.484 2196.623 2195.762 2194.901 2194.04 2193.126 2192.213 2191.299 2190.386 2190.406
