data/zism_data/00740_03_D.txt
ncols         224
nrows         224
[rows 112 to 139 of 224, columns 0 to 63 of 224]
396.9339 394.132 391.33 388.5281 384.0574 375.1952 366.333 357.4708 348.6086 332.0054 312.6701 293.3348 273.9995 257.259 250.7125 244.1659 237.6193 231.0727 239.9788 256.6113 273.2438 289.8763 307.4701 331.4742 355.4784 379.4825 403.4867 413.3842 413.6481 413.912 414.1759 413.2535 393.0541 372.8548 352.6554 332.456 322.0682 320.6742 319.2802 317.8861 316.4921 324.4276 332.5003 340.573 348.6457 356.1152 362.8453 369.5754 376.3055 383.0357 390.8816 398.8337 406.7859 414.738 424.1749 436.0671 447.9593 459.8515 471.7437 475.063 476.7565 478.45 480.1436 475.5701
397.8424 394.0327 390.2231 386.4134 380.8315 370.5863 360.3411 350.0959 339.8507 323.7307 305.5371 287.3436 269.1501 253.5808 248.3208 243.0607 237.8006 232.5406 241.9077 258.5884 275.2691 291.9499 309.743 334.9532 360.1635 385.3737 410.584 421.0474 421.4399 421.8325 422.225 421.3306 399.5231 377.7156 355.9081 334.1005 322.7199 320.897 319.0741 317.2512 315.4283 323.2467 331.2068 339.167 347.127 354.2865 360.4645 366.6425 372.8205 378.9985 386.5419 394.2153 401.8887 409.5621 418.904 431.0053 443.1066 455.2078 467.3091 470.6933 472.4243 474.1554 475.8864 471.0209
398.751 393.9335 389.1161 384.2986 377.6057 365.9774 354.3492 342.7211 331.0928 315.4559 298.4042 281.3524 264.3007 249.9025 245.929 241.9555 237.982 234.0084 243.8366 260.5655 277.2945 294.0234 312.0158 338.4322 364.8485 391.2649 417.6812 428.7106 429.2318 429.7529 430.2741 429.4077 405.992 382.5764 359.1607 335.745 323.3715 321.1198 318.8681 316.6163 314.3646 322.0658 329.9134 337.7609 345.6084 352.4578 358.0837 363.7096 369.3355 374.9613 382.2022 389.5969 396.9915 404.3863 413.6332 425.9435 438.2539 450.5642 462.8745 466.3236 468.0922 469.8607 471.6293 466.4718
402.1044 396.1448 390.1853 384.2257 376.4837 364.0509 351.6181 339.1855 326.7527 311.8777 296.1408 280.4038 264.6669 251.5055 248.4622 245.4188 242.3754 239.332 248.7621 264.4288 280.0956 295.7623 312.7266 338.3426 363.9585 389.5744 415.1903 426.0327 426.7858 427.5389 428.292 427.663 404.5735 381.4839 358.3943 335.3047 323.4199 321.8058 320.1918 318.5778 316.9638 324.6803 332.5341 340.3879 348.2416 354.7385 359.5721 364.4057 369.2393 374.0728 380.6767 387.4492 394.2216 400.9941 409.5934 421.2141 432.8348 444.4555 456.0762 459.1235 460.5448 461.9661 463.3874 457.9444
408.0878 400.8417 393.5956 386.3495 377.625 365.01 352.3949 339.78 327.165 313.3519 299.1159 284.8799 270.6439 258.7899 256.2933 253.7967 251.3001 248.8035 256.9113 270.3213 283.7312 297.1411 311.7571 334.414 357.0709 379.7278 402.3847 412.2301 413.3263 414.4225 415.5187 415.3524 394.6697 373.987 353.3044 332.6216 322.8192 322.9903 323.1613 323.3323 323.5034 331.3779 339.3657 347.3535 355.3412 361.4398 365.2228 369.0057 372.7886 376.5716 382.1786 387.9594 393.7401 399.5209 406.8781 416.8423 426.8066 436.7708 446.7351 448.8784 449.5385 450.1986 450.8587 445.1375
414.0714 405.5387 397.006 388.4733 378.7663 365.969 353.1718 340.3746 327.5773 314.826 302.0911 289.356 276.6211 266.0744 264.1246 262.1748 260.225 258.2752 265.0607 276.2138 287.3669 298.52 310.7875 330.4854 350.1832 369.881 389.5788 398.4273 399.8666 401.3059 402.7452 403.0416 384.7658 366.4901 348.2143 329.9385 322.2186 324.1747 326.1308 328.0869 330.0431 338.0755 346.1973 354.3192 362.4409 368.1413 370.8736 373.6058 376.3381 379.0703 383.6805 388.4695 393.2586 398.0477 404.1626 412.4704 420.7782 429.086 437.3938 438.6332 438.5321 438.431 438.3299 432.3304
420.0548 410.2356 400.4163 390.5971 379.9076 366.9281 353.9485 340.9691 327.9896 316.3002 305.0662 293.8321 282.5981 273.3588 271.9557 270.5527 269.1497 267.7467 273.2099 282.1062 291.0025 299.8988 309.818 326.5568 343.2956 360.0344 376.7732 384.6248 386.4072 388.1895 389.9719 390.731 374.8621 358.9933 343.1244 327.2555 321.618 325.3591 329.1003 332.8415 336.5826 344.773 353.0289 361.2847 369.5405 374.8427 376.5243 378.2058 379.8874 381.569 385.1824 388.9797 392.7771 396.5745 401.4472 408.0986 414.7499 421.4013 428.0526 428.3882 427.5258 426.6635 425.8012 419.5235
426.0382 414.9324 403.8266 392.7209 381.0489 367.8871 354.7254 341.5637 328.4019 317.7744 308.0413 298.3082 288.5751 280.6431 279.7869 278.9307 278.0744 277.2182 281.3591 287.9986 294.6382 301.2776 308.8484 322.6282 336.408 350.1878 363.9676 370.8223 372.9477 375.0732 377.1986 378.4204 364.9584 351.4964 338.0344 324.5724 321.0173 326.5435 332.0698 337.596 343.1222 351.4706 359.8604 368.2503 376.6401 381.5441 382.175 382.8059 383.4368 384.0677 386.6843 389.4899 392.2956 395.1013 398.7318 403.7267 408.7217 413.7166 418.7115 418.1431 416.5196 414.8961 413.2726 406.7166
432.6812 421.047 409.4128 397.7786 386.3025 375.2426 364.1826 353.1227 342.0628 333.3677 325.5073 317.6468 309.7864 303.1693 301.4365 299.7037 297.971 296.2383 297.5326 300.3404 303.1483 305.9561 309.7785 320.3646 330.9506 341.5366 352.1227 357.5045 359.3323 361.1601 362.9879 364.0745 353.1172 342.1598 331.2025 320.2451 317.7986 323.1534 328.5083 333.8632 339.2181 347.9178 356.6666 365.4155 374.1642 379.6839 381.2449 382.806 384.3671 385.9282 388.1311 390.395 392.6589 394.9229 397.5309 400.708 403.8851 407.0622 410.2393 407.8327 404.3672 400.9016 397.436 390.4764
439.3875 427.2976 415.2078 403.118 391.9509 383.212 374.4731 365.7344 356.9955 350.3164 344.3643 338.4122 332.4601 327.1585 324.4126 321.6667 318.9208 316.1749 314.4763 313.3013 312.1264 310.9514 310.891 318.2607 325.6305 333.0002 340.37 344.2332 345.7019 347.1705 348.6392 349.5332 341.0899 332.6466 324.2033 315.7601 314.3285 319.3242 324.3199 329.3156 334.3114 343.3809 352.5104 361.6398 370.7692 377.0018 379.6832 382.3646 385.0461 387.7275 389.5726 391.338 393.1034 394.8689 396.4754 397.8192 399.163 400.5068 401.8506 397.5161 392.1046 386.6932 381.2818 373.9067
446.0938 433.5483 421.0028 408.4573 397.5992 391.1815 384.7637 378.346 371.9282 367.2651 363.2213 359.1776 355.1338 351.1478 347.3888 343.6297 339.8707 336.1116 331.42 326.2623 321.1045 315.9467 312.0034 316.1569 320.3103 324.4638 328.6173 330.962 332.0715 333.181 334.2904 334.9919 329.0627 323.1335 317.2042 311.275 310.8583 315.4949 320.1315 324.7681 329.4047 338.8441 348.3542 357.8642 367.3742 374.3197 378.1214 381.9232 385.725 389.5267 391.0141 392.281 393.5479 394.8148 395.4199 394.9304 394.4409 393.9513 393.4618 387.1994 379.8422 372.4849 365.1276 357.3369
452.8002 439.7991 426.7979 413.7968 403.2477 399.1511 395.0544 390.9578 386.8612 384.2141 382.0787 379.9433 377.8079 375.1375 370.3653 365.5931 360.8209 356.0486 348.3641 339.2234 330.0827 320.942 313.1158 314.053 314.9901 315.9273 316.8644 317.6905 318.4409 319.1912 319.9415 320.4503 317.0352 313.6201 310.205 306.7898 307.3882 311.6656 315.943 320.2205 324.4979 334.3072 344.1978 354.0885 363.9791 371.6375 376.5597 381.4818 386.4039 391.326 392.4556 393.224 393.9924 394.7608 394.3643 392.0415 389.7186 387.3958 385.0729 376.8826 367.5794 358.2763 348.9731 340.7669
455.6328 442.851 430.0692 417.2874 407.593 406.0234 404.4539 402.8843 401.3147 400.4982 399.9474 399.3967 398.8459 397.2693 391.6623 386.0554 380.4484 374.8414 364.883 352.7488 340.6147 328.4806 317.6797 315.7665 313.8533 311.9401 310.0269 309.518 309.968 310.418 310.868 311.1965 309.5507 307.9048 306.2589 304.613 305.9249 309.948 313.9711 317.9941 322.0172 332.1291 342.3305 352.5318 362.7331 370.8099 376.2823 381.7546 387.227 392.6993 393.3611 393.5648 393.7685 393.9722 392.666 388.863 385.0599 381.2568 377.4538 368.0736 357.6356 347.1976 336.7596 328.6108
451.0481 439.778 428.5078 417.2376 409.4431 410.795 412.1469 413.4988 414.8507 415.5095 415.9236 416.3377 416.7519 415.8443 409.7442 403.644 397.5439 391.4437 380.5883 367.3552 354.1222 340.8891 328.8523 324.7896 320.7268 316.6641 312.6014 311.1086 311.371 311.6334 311.8958 312.0675 310.7646 309.4619 308.1591 306.8562 308.3042 312.2737 316.2432 320.2127 324.1822 334.4676 344.8458 355.2241 365.6023 373.5332 378.4642 383.3951 388.3261 393.257 393.2404 392.7526 392.2648 391.7769 389.7369 385.1298 380.5226 375.9155 371.3083 362.1514 352.1315 342.1116 332.0918 324.9059
446.4634 436.7049 426.9464 417.1879 411.2933 415.5666 419.84 424.1133 428.3866 430.5207 431.8997 433.2788 434.6578 434.4193 427.826 421.2327 414.6393 408.046 396.2936 381.9616 367.6297 353.2977 340.0249 333.8127 327.6004 321.3881 315.1758 312.6993 312.7741 312.8488 312.9236 312.9384 311.9787 311.0189 310.0592 309.0995 310.6835 314.5994 318.5153 322.4312 326.3471 336.806 347.3612 357.9164 368.4715 376.2566 380.6461 385.0357 389.4252 393.8148 393.1197 391.9404 390.7611 389.5818 386.8078 381.3966 375.9854 370.5741 365.1629 356.2292 346.6275 337.0257 327.4239 321.2011
441.8787 433.6318 425.385 417.1382 413.1434 420.3382 427.5331 434.7278 441.9226 445.532 447.8759 450.2198 452.5638 452.9943 445.9078 438.8213 431.7348 424.6483 411.9989 396.568 381.1371 365.7063 351.1976 342.8358 334.4739 326.1121 317.7502 314.29 314.1771 314.0643 313.9514 313.8093 313.1927 312.576 311.9594 311.3427 313.0628 316.9251 320.7874 324.6497 328.512 339.1445 349.8766 360.6086 371.3406 378.9799 382.8281 386.6762 390.5244 394.3725 392.999 391.1282 389.2574 387.3865 383.8787 377.6634 371.4481 365.2328 359.0175 350.3071 341.1234 331.9398 322.7561 317.4963
437.2939 430.5588 423.8236 417.0885 414.9936 425.1098 435.2261 445.3423 455.4586 460.5432 463.8521 467.1609 470.4697 471.5693 463.9897 456.41 448.8303 441.2506 427.7042 411.1744 394.6447 378.1149 362.3702 351.8588 341.3474 330.8361 320.3247 315.8806 315.5802 315.2797 314.9792 314.6803 314.4067 314.1331 313.8595 313.5859 315.4422 319.2509 323.0595 326.8682 330.6769 341.483 352.3919 363.3009 374.2098 381.7033 385.01 388.3168 391.6235 394.9302 392.8783 390.3159 387.7537 385.1913 380.9496 373.9302 366.9108 359.8914 352.872 344.3849 335.6194 326.8538 318.0883 313.7915
432.8371 427.8874 422.9377 417.988 417.4524 428.5325 439.6126 450.6927 461.7728 466.8963 469.9174 472.9386 475.9597 476.8393 469.3057 461.7721 454.2384 446.7047 433.9121 418.4899 403.0677 387.6456 372.9126 362.7733 352.6341 342.4948 332.3556 328.518 328.9838 329.4497 329.9155 330.2968 329.3045 328.3122 327.3199 326.3276 327.0288 329.2825 331.5361 333.7897 336.0434 345.775 355.6166 365.4581 375.2996 382.1055 385.1902 388.2748 391.3595 394.4442 391.6355 388.2656 384.8956 381.5256 376.5025 368.7454 360.9883 353.2312 345.4741 338.0262 330.6368 323.2475 315.8582 312.9954
428.4178 425.3336 422.2494 419.1652 420.0891 431.5606 443.032 454.5033 465.9748 470.717 473.0842 475.4513 477.8185 478.2181 470.8882 463.5583 456.2283 448.8983 437.3422 423.6729 410.0036 396.3344 383.2704 374.2408 365.2112 356.1815 347.1519 344.3857 345.8969 347.4081 348.9192 350.2256 348.204 346.1825 344.161 342.1394 341.308 341.5675 341.8271 342.0866 342.3461 350.6382 359.0485 367.4588 375.869 381.8289 384.7849 387.7409 390.6969 393.6529 390.0646 385.8531 381.6415 377.4299 371.6117 363.1363 354.6608 346.1854 337.7099 331.5399 325.807 320.0741 314.3412 313.0499
423.9984 422.7798 421.5611 420.3424 422.7259 434.5887 446.4514 458.314 470.1768 474.5377 476.2509 477.9641 479.6772 479.5969 472.4707 465.3445 458.2182 451.0919 440.7723 428.8559 416.9395 405.0232 393.6282 385.7082 377.7882 369.8683 361.9483 360.2534 362.8099 365.3664 367.9229 370.1543 367.1036 364.0528 361.002 357.9513 355.5872 353.8526 352.118 350.3834 348.6488 355.5015 362.4805 369.4595 376.4384 381.5522 384.3796 387.2069 390.0343 392.8616 388.4937 383.4406 378.3874 373.3343 366.7209 357.5271 348.3333 339.1396 329.9458 325.0536 320.9771 316.9006 312.8241 313.1044
419.5791 420.2259 420.8728 421.5196 425.3626 437.6167 449.8708 462.1247 474.3788 478.3584 479.4176 480.4768 481.5359 480.9756 474.0532 467.1306 460.2081 453.2856 444.2024 434.0389 423.8755 413.712 403.986 397.1756 390.3653 383.5549 376.7446 376.1212 379.723 383.3248 386.9266 390.0831 386.0031 381.9231 377.8431 373.7631 369.8664 366.1377 362.4089 358.6802 354.9515 360.3648 365.9125 371.4602 377.0078 381.2756 383.9743 386.673 389.3717 392.0704 386.9228 381.0281 375.1333 369.2386 361.83 351.918 342.0059 332.0938 322.1817 318.5673 316.1472 313.7272 311.3071 313.159
416.1071 418.5866 421.0661 423.5456 428.6992 440.8899 453.0806 465.2712 477.4619 480.8234 481.0687 481.3139 481.5592 480.3836 473.6265 466.8693 460.1122 453.3549 445.516 437.1361 428.7562 420.3763 412.3886 407.0155 401.6424 396.2692 390.8961 391.451 396.0543 400.6575 405.2608 409.305 404.2637 399.2224 394.1811 389.1398 383.7761 378.1169 372.4576 366.7982 361.139 365.1591 369.3215 373.4839 377.6463 381.0397 383.4903 385.9409 388.3916 390.8422 385.2098 378.8076 372.4054 366.0031 358.1022 347.7227 337.3432 326.9637 316.5842 313.8649 312.5984 311.3318 310.0653 312.9732
416.3234 420.5075 424.6916 428.8757 434.7598 445.1172 455.4746 465.832 476.1894 478.0108 476.8194 475.6281 474.4367 472.1193 465.3783 458.6372 451.8961 445.155 438.59 432.1131 425.6362 419.1592 413.1801 410.5194 407.8586 405.1979 402.5371 404.6864 410.1206 415.5547 420.9889 425.7755 420.0373 414.2991 408.5609 402.8228 396.2477 388.9052 381.5627 374.2202 366.8778 369.6848 372.6411 375.5974 378.5537 380.9626 382.7002 384.4379 386.1756 387.9133 382.9432 377.3344 371.7255 366.1166 358.902 349.0317 339.1615 329.2912 319.421 316.107 314.0364 311.9658 309.8952 311.8522
416.5396 422.4284 428.3172 434.206 440.8205 449.3446 457.8687 466.3927 474.9168 475.1981 472.5701 469.9421 467.3141 463.8549 457.1299 450.4049 443.6799 436.9549 431.6639 427.09 422.5161 417.9422 413.9716 414.0233 414.075 414.1267 414.1784 417.9221 424.1872 430.4522 436.7173 442.2462 435.8111 429.3761 422.941 416.506 408.7194 399.6937 390.668 381.6424 372.6167 374.2107 375.9608 377.711 379.4612 380.8854 381.9101 382.9348 383.9596 384.9843 380.6766 375.8611 371.0456 366.2301 359.7018 350.3408 340.9798 331.6188 322.2578 318.3491 315.4744 312.5997 309.725 310.7311
416.7558 424.3493 431.9427 439.5362 446.8811 453.5719 460.2627 466.9535 473.6443 472.3855 468.3209 464.2563 460.1917 455.5905 448.8817 442.1728 435.4638 428.7549 424.738 422.067 419.3961 416.7251 414.7631 417.5272 420.2913 423.0553 425.8194 431.1575 438.2535 445.3494 452.4454 458.7166 451.5847 444.4528 437.3209 430.189 421.1909 410.4821 399.7732 389.0643 378.3555 378.7364 379.2805 379.8245 380.3686 380.8082 381.12 381.4318 381.7436 382.0554 378.4101 374.3879 370.3658 366.3436 360.5016 351.6498 342.7981 333.9463 325.0946 320.5912 316.9124 313.2336 309.5549 309.61
416.972 426.2701 435.5682 444.8664 452.9417 457.7992 462.6568 467.5143 472.3718 469.5729 464.0717 458.5705 453.0692 447.3262 440.6335 433.9406 427.2478 420.5549 417.812 417.044 416.276 415.5081 415.5546 421.031 426.5075 431.984 437.4605 444.393 452.3198 460.2466 468.1735 475.187 467.3582 459.5295 451.7007 443.872 433.6625 421.2704 408.8784 396.4863 384.0943 383.2622 382.6001 381.938 381.2759 380.7311 380.3299 379.9288 379.5276 379.1265 376.1435 372.9147 369.6859 366.4571 361.3014 352.9589 344.6164 336.2739 327.9314 322.8333 318.3504 313.8676 309.3847 308.489
423.2168 432.8953 442.5739 452.2524 460.153 463.3747 466.5964 469.8181 473.0397 468.7623 461.8381 454.9139 447.9897 441.1786 434.8116 428.4446 422.0776 415.7107 414.0273 414.6857 415.3441 416.0025 417.4651 424.2889 431.1128 437.9366 444.7604 452.1954 460.0476 467.8998 475.752 482.722 475.3537 467.9855 460.6173 453.2491 442.8381 429.6377 416.4373 403.237 390.0366 388.343 386.8186 385.2942 383.7698 382.6439 382.0063 381.3688 380.7313 380.0938 377.5287 374.78 372.0314 369.2827 364.3616 355.8475 347.3335 338.8194 330.3053 324.5498 319.3173 314.0849 308.8524 307.0271
432.9262 442.2242 451.5222 460.8201 468.0257 469.725 471.4243 473.1236 474.8229 469.1024 460.763 452.4236 444.0842 436.2473 430.3842 424.5211 418.6581 412.795 412.0479 413.8588 415.6697 417.4806 420.0188 427.4055 434.7922 442.1789 449.5656 456.8753 464.1326 471.3897 478.6469 485.1216 478.8791 472.6366 466.3941 460.1516 450.1195 436.6136 423.1077 409.6017 396.0958 393.7427 391.5536 389.3645 387.1754 385.7003 385.1003 384.5002 383.9003 383.3003 381.0125 378.5641 376.1156 373.6672 368.721 359.6441 350.5672 341.4902 332.4133 325.9642 320.0135 314.0627 308.112 305.3693
