data/zism_data/00743_01_D.txt
ncols         224
nrows         224
[rows 145 to 173 of 224, columns 65 to 129 of 224]
1346.118 1347.06 1347.88 1348.375 1348.871 1349.367 1349.863 1349.987 1349.97 1349.952 1349.935 1349.906 1349.826 1349.745 1349.665 1349.584 1349.321 1348.948 1348.574 1348.201 1347.84 1347.652 1347.463 1347.275 1347.086 1347.14 1347.416 1347.692 1347.967 1348.243 1348.421 1348.595 1348.77 1348.945 1348.958 1348.748 1348.539 1348.329 1348.12 1347.856 1347.584 1347.312 1347.04 1346.922 1347.131 1347.341 1347.55 1347.76 1348.095 1348.468 1348.842 1349.215 1349.526 1349.613 1349.7 1349.787 1349.874 1350.182 1350.6 1351.018 1351.436 1352.047 1354.121 1356.196 1358.27
1345.086 1346.2 1347.189 1347.847 1348.504 1349.161 1349.819 1349.968 1349.923 1349.879 1349.834 1349.775 1349.646 1349.518 1349.389 1349.26 1348.925 1348.465 1348.005 1347.546 1347.101 1346.848 1346.594 1346.341 1346.088 1346.156 1346.518 1346.88 1347.242 1347.604 1347.826 1348.043 1348.261 1348.479 1348.492 1348.223 1347.954 1347.686 1347.417 1347.174 1346.934 1346.694 1346.455 1346.377 1346.646 1346.915 1347.183 1347.452 1347.809 1348.193 1348.577 1348.961 1349.269 1349.302 1349.335 1349.369 1349.402 1349.645 1349.993 1350.342 1350.69 1351.212 1353.06 1354.909 1356.757
1344.054 1345.341 1346.499 1347.318 1348.137 1348.956 1349.775 1349.948 1349.877 1349.806 1349.734 1349.644 1349.467 1349.29 1349.112 1348.935 1348.528 1347.982 1347.437 1346.891 1346.361 1346.044 1345.726 1345.408 1345.09 1345.172 1345.62 1346.068 1346.516 1346.965 1347.231 1347.491 1347.752 1348.013 1348.026 1347.698 1347.37 1347.042 1346.714 1346.491 1346.284 1346.077 1345.869 1345.833 1346.161 1346.489 1346.816 1347.144 1347.524 1347.918 1348.313 1348.708 1349.013 1348.992 1348.971 1348.951 1348.93 1349.109 1349.387 1349.665 1349.943 1350.378 1352.0 1353.622 1355.245
1343.022 1344.481 1345.808 1346.789 1347.769 1348.75 1349.73 1349.929 1349.83 1349.732 1349.634 1349.513 1349.288 1349.062 1348.836 1348.61 1348.132 1347.5 1346.868 1346.236 1345.622 1345.24 1344.857 1344.475 1344.092 1344.188 1344.723 1345.257 1345.791 1346.325 1346.636 1346.94 1347.243 1347.547 1347.56 1347.173 1346.786 1346.399 1346.012 1345.809 1345.634 1345.459 1345.284 1345.288 1345.675 1346.062 1346.45 1346.837 1347.238 1347.644 1348.049 1348.455 1348.756 1348.681 1348.607 1348.532 1348.458 1348.572 1348.78 1348.989 1349.197 1349.543 1350.939 1352.336 1353.732
1341.935 1343.566 1345.059 1346.19 1347.322 1348.454 1349.586 1349.806 1349.68 1349.553 1349.427 1349.275 1349.002 1348.729 1348.456 1348.183 1347.641 1346.936 1346.231 1345.526 1344.84 1344.401 1343.961 1343.522 1343.082 1343.19 1343.8 1344.41 1345.02 1345.63 1345.978 1346.318 1346.659 1347.0 1347.013 1346.576 1346.138 1345.7 1345.263 1345.086 1344.949 1344.812 1344.675 1344.723 1345.166 1345.609 1346.052 1346.496 1346.916 1347.33 1347.744 1348.158 1348.457 1348.341 1348.226 1348.111 1347.996 1348.059 1348.211 1348.363 1348.515 1348.789 1349.992 1351.196 1352.399
1340.432 1342.224 1343.855 1345.062 1346.269 1347.476 1348.684 1348.897 1348.733 1348.569 1348.405 1348.215 1347.904 1347.594 1347.283 1346.973 1346.433 1345.755 1345.077 1344.399 1343.738 1343.299 1342.859 1342.42 1341.98 1342.085 1342.69 1343.294 1343.898 1344.503 1344.841 1345.171 1345.5 1345.83 1345.844 1345.423 1345.001 1344.58 1344.158 1344.054 1343.998 1343.941 1343.885 1343.998 1344.474 1344.949 1345.425 1345.9 1346.32 1346.723 1347.126 1347.529 1347.833 1347.777 1347.721 1347.665 1347.609 1347.724 1347.924 1348.125 1348.325 1348.649 1349.911 1351.174 1352.436
1338.929 1340.882 1342.651 1343.933 1345.216 1346.498 1347.781 1347.988 1347.786 1347.584 1347.383 1347.155 1346.807 1346.459 1346.11 1345.762 1345.225 1344.574 1343.923 1343.272 1342.636 1342.196 1341.757 1341.317 1340.878 1340.98 1341.579 1342.178 1342.777 1343.376 1343.703 1344.023 1344.342 1344.661 1344.675 1344.27 1343.865 1343.459 1343.054 1343.022 1343.047 1343.071 1343.095 1343.274 1343.782 1344.289 1344.797 1345.305 1345.724 1346.116 1346.509 1346.901 1347.209 1347.212 1347.215 1347.218 1347.222 1347.389 1347.638 1347.887 1348.135 1348.509 1349.831 1351.152 1352.474
1337.426 1339.541 1341.447 1342.805 1344.163 1345.521 1346.879 1347.079 1346.839 1346.6 1346.36 1346.095 1345.709 1345.323 1344.938 1344.552 1344.017 1343.393 1342.769 1342.145 1341.534 1341.094 1340.655 1340.215 1339.776 1339.875 1340.469 1341.063 1341.656 1342.25 1342.566 1342.875 1343.183 1343.491 1343.506 1343.117 1342.728 1342.339 1341.95 1341.99 1342.095 1342.2 1342.305 1342.549 1343.089 1343.63 1344.17 1344.71 1345.128 1345.51 1345.891 1346.273 1346.585 1346.647 1346.71 1346.772 1346.834 1347.053 1347.351 1347.648 1347.946 1348.369 1349.75 1351.131 1352.511
1335.923 1338.199 1340.243 1341.676 1343.109 1344.543 1345.976 1346.17 1345.893 1345.615 1345.338 1345.036 1344.612 1344.188 1343.765 1343.341 1342.809 1342.212 1341.615 1341.017 1340.431 1339.992 1339.552 1339.113 1338.673 1338.77 1339.358 1339.947 1340.535 1341.123 1341.429 1341.727 1342.024 1342.322 1342.337 1341.964 1341.591 1341.218 1340.845 1340.958 1341.144 1341.33 1341.516 1341.825 1342.397 1342.969 1343.542 1344.114 1344.532 1344.903 1345.273 1345.644 1345.961 1346.082 1346.204 1346.326 1346.447 1346.718 1347.064 1347.41 1347.756 1348.229 1349.669 1351.109 1352.549
1333.119 1335.323 1337.332 1338.832 1340.331 1341.83 1343.329 1343.625 1343.463 1343.301 1343.139 1342.945 1342.599 1342.253 1341.907 1341.562 1341.107 1340.587 1340.066 1339.546 1339.034 1338.632 1338.23 1337.828 1337.426 1337.536 1338.115 1338.695 1339.275 1339.855 1340.144 1340.424 1340.705 1340.985 1341.01 1340.681 1340.352 1340.023 1339.695 1339.87 1340.121 1340.372 1340.623 1340.989 1341.599 1342.21 1342.821 1343.432 1343.865 1344.244 1344.622 1345.001 1345.338 1345.525 1345.712 1345.899 1346.086 1346.42 1346.827 1347.234 1347.64 1348.181 1349.743 1351.304 1352.866
1329.373 1331.334 1333.185 1334.743 1336.302 1337.86 1339.419 1339.894 1339.958 1340.022 1340.087 1340.107 1339.923 1339.739 1339.554 1339.37 1339.046 1338.639 1338.232 1337.824 1337.422 1337.084 1336.747 1336.409 1336.072 1336.207 1336.776 1337.345 1337.914 1338.483 1338.751 1339.01 1339.269 1339.528 1339.567 1339.303 1339.039 1338.775 1338.51 1338.741 1339.046 1339.351 1339.655 1340.072 1340.725 1341.38 1342.034 1342.688 1343.147 1343.547 1343.947 1344.347 1344.716 1344.974 1345.231 1345.488 1345.745 1346.148 1346.625 1347.102 1347.578 1348.2 1349.929 1351.657 1353.386
1325.627 1327.346 1329.037 1330.655 1332.272 1333.89 1335.508 1336.163 1336.454 1336.744 1337.034 1337.27 1337.247 1337.224 1337.201 1337.178 1336.986 1336.692 1336.397 1336.103 1335.81 1335.537 1335.264 1334.991 1334.718 1334.879 1335.437 1335.996 1336.554 1337.112 1337.359 1337.596 1337.834 1338.071 1338.125 1337.925 1337.726 1337.526 1337.326 1337.612 1337.971 1338.329 1338.688 1339.154 1339.852 1340.549 1341.246 1341.943 1342.428 1342.85 1343.272 1343.694 1344.095 1344.422 1344.749 1345.076 1345.403 1345.876 1346.423 1346.97 1347.517 1348.22 1350.115 1352.011 1353.906
1321.88 1323.357 1324.889 1326.566 1328.243 1329.92 1331.597 1332.433 1332.949 1333.465 1333.981 1334.432 1334.57 1334.709 1334.848 1334.986 1334.925 1334.744 1334.563 1334.381 1334.198 1333.99 1333.781 1333.573 1333.365 1333.551 1334.098 1334.646 1335.193 1335.741 1335.966 1336.182 1336.398 1336.614 1336.682 1336.547 1336.412 1336.277 1336.142 1336.483 1336.896 1337.308 1337.72 1338.237 1338.978 1339.718 1340.458 1341.198 1341.71 1342.153 1342.597 1343.04 1343.473 1343.87 1344.267 1344.664 1345.061 1345.605 1346.221 1346.838 1347.455 1348.239 1350.301 1352.364 1354.426
1318.146 1319.381 1320.753 1322.483 1324.214 1325.944 1327.675 1328.692 1329.437 1330.183 1330.928 1331.596 1331.896 1332.195 1332.494 1332.794 1332.862 1332.79 1332.718 1332.647 1332.57 1332.426 1332.283 1332.139 1331.995 1332.208 1332.747 1333.286 1333.825 1334.364 1334.569 1334.765 1334.96 1335.156 1335.241 1335.172 1335.104 1335.035 1334.966 1335.362 1335.828 1336.294 1336.76 1337.327 1338.109 1338.891 1339.674 1340.456 1340.998 1341.466 1341.935 1342.404 1342.872 1343.34 1343.808 1344.276 1344.745 1345.358 1346.044 1346.73 1347.416 1348.281 1350.507 1352.733 1354.959
1314.675 1315.679 1316.863 1318.524 1320.184 1321.845 1323.505 1324.721 1325.768 1326.815 1327.862 1328.805 1329.249 1329.694 1330.139 1330.583 1330.73 1330.696 1330.662 1330.628 1330.591 1330.511 1330.432 1330.353 1330.274 1330.54 1331.122 1331.704 1332.286 1332.869 1333.08 1333.281 1333.482 1333.683 1333.816 1333.855 1333.894 1333.933 1333.973 1334.42 1334.929 1335.438 1335.947 1336.551 1337.361 1338.17 1338.979 1339.789 1340.419 1340.995 1341.572 1342.148 1342.722 1343.287 1343.852 1344.417 1344.982 1345.663 1346.403 1347.143 1347.883 1348.806 1351.129 1353.452 1355.775
1311.204 1311.976 1312.974 1314.565 1316.155 1317.746 1319.336 1320.751 1322.1 1323.448 1324.797 1326.013 1326.603 1327.193 1327.783 1328.373 1328.598 1328.601 1328.605 1328.609 1328.611 1328.597 1328.582 1328.568 1328.553 1328.873 1329.498 1330.123 1330.748 1331.373 1331.592 1331.798 1332.004 1332.211 1332.392 1332.539 1332.685 1332.832 1332.979 1333.478 1334.03 1334.582 1335.133 1335.776 1336.612 1337.449 1338.285 1339.121 1339.84 1340.524 1341.208 1341.892 1342.571 1343.233 1343.895 1344.557 1345.219 1345.969 1346.762 1347.556 1348.349 1349.332 1351.751 1354.171 1356.591
1307.733 1308.274 1309.085 1310.605 1312.126 1313.646 1315.167 1316.781 1318.431 1320.081 1321.731 1323.222 1323.957 1324.692 1325.427 1326.163 1326.466 1326.507 1326.548 1326.59 1326.632 1326.682 1326.732 1326.782 1326.832 1327.205 1327.873 1328.541 1329.209 1329.878 1330.103 1330.314 1330.526 1330.738 1330.967 1331.222 1331.476 1331.731 1331.985 1332.535 1333.13 1333.725 1334.32 1335.001 1335.864 1336.727 1337.59 1338.454 1339.262 1340.053 1340.845 1341.636 1342.421 1343.18 1343.938 1344.697 1345.456 1346.274 1347.121 1347.969 1348.816 1349.857 1352.374 1354.891 1357.407
1304.262 1304.572 1305.195 1306.646 1308.097 1309.547 1310.998 1312.811 1314.762 1316.714 1318.665 1320.43 1321.311 1322.191 1323.072 1323.953 1324.334 1324.413 1324.492 1324.571 1324.653 1324.767 1324.882 1324.997 1325.111 1325.537 1326.249 1326.96 1327.671 1328.382 1328.614 1328.831 1329.048 1329.265 1329.543 1329.905 1330.267 1330.629 1330.991 1331.593 1332.231 1332.869 1333.507 1334.226 1335.116 1336.006 1336.896 1337.786 1338.683 1339.582 1340.482 1341.381 1342.271 1343.126 1343.982 1344.837 1345.693 1346.579 1347.48 1348.382 1349.283 1350.383 1352.996 1355.61 1358.224
1302.267 1302.44 1302.912 1304.17 1305.428 1306.686 1307.943 1309.784 1311.845 1313.907 1315.968 1317.847 1318.856 1319.866 1320.876 1321.885 1322.355 1322.499 1322.644 1322.788 1322.934 1323.105 1323.276 1323.447 1323.618 1324.069 1324.777 1325.485 1326.193 1326.901 1327.135 1327.354 1327.574 1327.794 1328.118 1328.584 1329.051 1329.518 1329.985 1330.683 1331.416 1332.149 1332.882 1333.677 1334.602 1335.527 1336.452 1337.378 1338.336 1339.305 1340.273 1341.242 1342.205 1343.146 1344.088 1345.03 1345.971 1347.02 1348.123 1349.225 1350.328 1351.615 1354.306 1356.997 1359.689
1301.704 1301.834 1302.189 1303.135 1304.081 1305.026 1305.972 1307.672 1309.658 1311.644 1313.63 1315.466 1316.589 1317.711 1318.834 1319.957 1320.526 1320.762 1320.998 1321.233 1321.468 1321.687 1321.906 1322.126 1322.345 1322.795 1323.454 1324.114 1324.773 1325.432 1325.665 1325.885 1326.104 1326.324 1326.691 1327.26 1327.829 1328.398 1328.968 1329.806 1330.684 1331.562 1332.44 1333.347 1334.316 1335.284 1336.252 1337.221 1338.214 1339.215 1340.216 1341.217 1342.221 1343.238 1344.255 1345.272 1346.289 1347.593 1349.04 1350.487 1351.934 1353.532 1356.282 1359.033 1361.784
1301.141 1301.229 1301.467 1302.1 1302.733 1303.367 1304.0 1305.559 1307.47 1309.381 1311.292 1313.085 1314.321 1315.557 1316.792 1318.028 1318.697 1319.024 1319.351 1319.678 1320.001 1320.269 1320.537 1320.805 1321.073 1321.52 1322.131 1322.742 1323.353 1323.964 1324.195 1324.415 1324.635 1324.854 1325.264 1325.936 1326.607 1327.279 1327.95 1328.928 1329.951 1330.975 1331.999 1333.018 1334.03 1335.041 1336.052 1337.064 1338.092 1339.125 1340.158 1341.191 1342.237 1343.33 1344.422 1345.514 1346.607 1348.165 1349.957 1351.748 1353.54 1355.449 1358.259 1361.069 1363.879
1300.579 1300.623 1300.744 1301.065 1301.386 1301.708 1302.029 1303.447 1305.283 1307.118 1308.954 1310.705 1312.053 1313.402 1314.75 1316.099 1316.868 1317.287 1317.705 1318.124 1318.535 1318.852 1319.168 1319.484 1319.801 1320.246 1320.808 1321.371 1321.933 1322.496 1322.726 1322.945 1323.165 1323.385 1323.838 1324.611 1325.385 1326.159 1326.932 1328.05 1329.219 1330.388 1331.557 1332.689 1333.743 1334.798 1335.852 1336.907 1337.97 1339.035 1340.101 1341.166 1342.254 1343.422 1344.589 1345.757 1346.925 1348.738 1350.874 1353.01 1355.146 1357.367 1360.236 1363.105 1365.974
1300.016 1300.018 1300.021 1300.03 1300.039 1300.048 1300.057 1301.335 1303.095 1304.855 1306.616 1308.324 1309.786 1311.247 1312.709 1314.171 1315.039 1315.549 1316.059 1316.569 1317.069 1317.434 1317.799 1318.164 1318.528 1318.971 1319.485 1319.999 1320.514 1321.028 1321.256 1321.476 1321.695 1321.915 1322.411 1323.287 1324.163 1325.039 1325.915 1327.172 1328.486 1329.8 1331.115 1332.36 1333.457 1334.555 1335.652 1336.75 1337.848 1338.945 1340.043 1341.141 1342.27 1343.513 1344.756 1345.999 1347.242 1349.31 1351.791 1354.271 1356.752 1359.284 1362.212 1365.141 1368.069
1300.0 1300.0 1300.0 1300.0 1300.0 1300.0 1300.0 1301.073 1302.554 1304.035 1305.516 1306.974 1308.324 1309.674 1311.024 1312.374 1313.202 1313.715 1314.228 1314.741 1315.249 1315.699 1316.148 1316.598 1317.048 1317.542 1318.075 1318.609 1319.143 1319.676 1320.032 1320.383 1320.733 1321.083 1321.682 1322.624 1323.566 1324.507 1325.449 1326.773 1328.154 1329.535 1330.917 1332.218 1333.348 1334.478 1335.608 1336.738 1337.868 1338.998 1340.128 1341.258 1342.415 1343.665 1344.915 1346.166 1347.416 1349.511 1352.027 1354.544 1357.061 1359.611 1362.421 1365.231 1368.04
1300.0 1300.0 1300.0 1300.0 1300.0 1300.0 1300.0 1300.866 1302.062 1303.258 1304.453 1305.655 1306.887 1308.119 1309.35 1310.582 1311.365 1311.878 1312.391 1312.904 1313.418 1313.954 1314.49 1315.026 1315.562 1316.108 1316.663 1317.218 1317.773 1318.329 1318.816 1319.301 1319.786 1320.271 1320.975 1321.981 1322.987 1323.993 1325.0 1326.388 1327.834 1329.28 1330.726 1332.081 1333.243 1334.406 1335.568 1336.73 1337.893 1339.055 1340.218 1341.38 1342.563 1343.818 1345.074 1346.33 1347.586 1349.7 1352.244 1354.787 1357.331 1359.891 1362.577 1365.263 1367.948
1300.0 1300.0 1300.0 1300.0 1300.0 1300.0 1300.0 1300.66 1301.57 1302.481 1303.391 1304.337 1305.45 1306.563 1307.676 1308.789 1309.528 1310.041 1310.554 1311.066 1311.587 1312.209 1312.831 1313.453 1314.076 1314.674 1315.251 1315.827 1316.404 1316.981 1317.599 1318.219 1318.838 1319.458 1320.267 1321.338 1322.409 1323.479 1324.55 1326.003 1327.514 1329.024 1330.535 1331.944 1333.139 1334.334 1335.528 1336.723 1337.918 1339.112 1340.307 1341.502 1342.711 1343.972 1345.233 1346.494 1347.756 1349.89 1352.46 1355.031 1357.601 1360.17 1362.733 1365.295 1367.857
1300.0 1300.0 1300.0 1300.0 1300.0 1300.0 1300.0 1300.453 1301.078 1301.703 1302.328 1303.018 1304.013 1305.007 1306.002 1306.997 1307.691 1308.204 1308.717 1309.229 1309.756 1310.464 1311.173 1311.881 1312.589 1313.24 1313.838 1314.437 1315.035 1315.633 1316.383 1317.137 1317.891 1318.645 1319.559 1320.695 1321.83 1322.966 1324.101 1325.619 1327.194 1328.769 1330.344 1331.808 1333.035 1334.262 1335.489 1336.715 1337.942 1339.169 1340.396 1341.623 1342.859 1344.125 1345.392 1346.659 1347.925 1350.079 1352.676 1355.274 1357.871 1360.45 1362.888 1365.327 1367.765
1300.0 1300.0 1300.0 1300.0 1300.0 1300.0 1300.0 1300.304 1300.723 1301.143 1301.562 1302.057 1302.91 1303.763 1304.616 1305.469 1306.088 1306.565 1307.043 1307.521 1308.021 1308.803 1309.586 1310.368 1311.151 1311.867 1312.522 1313.177 1313.832 1314.487 1315.346 1316.211 1317.076 1317.941 1318.941 1320.127 1321.313 1322.5 1323.686 1325.237 1326.844 1328.451 1330.058 1331.56 1332.838 1334.116 1335.394 1336.672 1337.937 1339.199 1340.46 1341.722 1342.983 1344.241 1345.499 1346.757 1348.015 1350.079 1352.546 1355.014 1357.481 1359.923 1362.167 1364.411 1366.656
1300.0 1300.0 1300.0 1300.0 1300.0 1300.0 1300.0 1300.23 1300.547 1300.864 1301.181 1301.562 1302.242 1302.923 1303.604 1304.284 1304.788 1305.185 1305.582 1305.979 1306.408 1307.25 1308.092 1308.934 1309.776 1310.573 1311.33 1312.088 1312.845 1313.602 1314.542 1315.488 1316.434 1317.38 1318.441 1319.659 1320.877 1322.096 1323.314 1324.861 1326.457 1328.053 1329.649 1331.167 1332.521 1333.874 1335.227 1336.581 1337.893 1339.192 1340.491 1341.79 1343.075 1344.306 1345.537 1346.768 1347.999 1349.832 1351.966 1354.099 1356.233 1358.346 1360.306 1362.265 1364.224
