data/zism_data/00740_02_D.txt
ncols         224
nrows         224
[rows 84 to 111 of 224, columns 0 to 63 of 224]
298.4839 298.1297 297.7755 298.4606 300.3474 302.2342 304.121 306.0078 309.4433 312.9997 316.5562 320.1126 317.9111 306.7532 295.5953 284.4371 273.2792 262.1095 250.9382 239.7666 228.5953 222.9302 229.0286 235.1273 241.2257 247.3244 265.1279 286.1833 307.238 328.2928 346.1604 354.2767 362.3933 370.5096 378.6262 371.0914 357.168 343.2451 329.3217 316.3754 308.0677 299.7603 291.4526 283.1452 282.3311 285.7748 289.2183 292.662 297.2105 311.5476 325.8843 340.2214 354.558 361.7951 363.5707 365.3463 367.1219 368.5011 356.6063 344.7116 332.8164 320.9217 313.037 309.281
298.4753 298.1532 297.8312 299.1973 302.5154 305.8334 309.1515 312.4695 318.3953 324.5247 330.6542 336.7835 336.1356 324.9456 313.7555 302.5651 291.3751 278.0235 264.3061 250.5881 236.8707 228.7806 232.7135 236.6466 240.5794 244.5125 261.5935 282.3273 303.0605 323.7935 341.4729 349.809 358.1454 366.4814 374.8178 367.8644 354.67 341.4762 328.2818 316.0431 308.3411 300.6394 292.9374 285.2357 284.2583 287.1016 289.9448 292.7881 296.7346 310.4553 324.1755 337.8961 351.6164 358.4673 360.0338 361.6004 363.1669 364.2936 350.6943 337.0949 323.4951 309.8958 300.3144 294.8698
298.4666 298.1768 297.8869 299.934 304.6834 309.4326 314.182 318.9312 327.3473 336.0496 344.7522 353.4545 354.3601 343.1379 331.9157 320.6931 309.471 293.9375 277.6739 261.4096 245.146 234.6311 236.3984 238.1658 239.9332 241.7006 258.0592 278.4714 298.8828 319.2943 336.7855 345.3413 353.8975 362.4533 371.0094 364.6375 352.1721 339.7072 327.2419 315.7107 308.6145 301.5185 294.4223 287.3263 286.1855 288.4284 290.6712 292.9142 296.2587 309.3629 322.4667 335.5709 348.6747 355.1395 356.4969 357.8544 359.2119 360.0862 344.7822 329.4783 314.1738 298.8698 287.5917 280.4587
298.4549 298.1425 297.83 300.1776 305.6011 311.0244 316.448 321.8713 331.9571 342.4068 352.8568 363.3065 365.5112 354.8907 344.2702 333.6494 323.0289 306.4376 288.8348 271.2315 253.6287 241.5735 241.3709 241.1683 240.9657 240.7631 256.1845 275.9464 295.7076 315.4688 332.4112 340.729 349.0471 357.3649 365.683 359.8848 348.3246 336.7647 325.2045 314.5393 308.1231 301.7072 295.2911 288.8752 287.6541 289.3846 291.1152 292.8457 295.6224 307.666 319.7093 331.7529 343.7961 349.7192 350.9341 352.1491 353.364 354.0738 337.8693 321.6648 305.4597 289.2552 276.9939 268.7925
298.4379 298.0075 297.5771 299.5631 304.3434 309.1235 313.9037 318.6839 329.0114 339.772 350.533 361.2936 364.3546 355.4388 346.5229 337.6068 328.6909 312.9975 296.1559 279.3138 262.4722 250.4159 248.5836 246.7514 244.9192 243.0869 257.1976 275.7373 294.2763 312.8153 328.5817 335.865 343.1484 350.4317 357.7152 352.4774 342.1287 331.7803 321.4316 311.9079 306.3013 300.6948 295.0881 289.4817 288.3248 289.6962 291.0675 292.4389 294.7068 304.9171 315.1271 325.3374 335.5474 340.6582 341.8463 343.0345 344.2226 344.9208 329.2148 313.5089 297.8023 282.0963 270.0931 261.9025
298.4209 297.8726 297.3242 298.9487 303.0857 307.2226 311.3595 315.4964 326.0657 337.1372 348.2091 359.2807 363.1981 355.9868 348.7756 341.5641 334.3529 319.5575 303.4771 287.3961 271.3157 259.2582 255.7964 252.3345 248.8727 245.4108 258.2107 275.5281 292.845 310.1618 324.7523 331.0009 337.2498 343.4984 349.7473 345.07 335.9328 326.7959 317.6587 309.2766 304.4794 299.6823 294.8851 290.0881 288.9955 290.0077 291.0199 292.0321 293.7913 302.1683 310.545 318.9219 327.2986 331.5971 332.7585 333.9198 335.0812 335.7678 320.5603 305.3529 290.1449 274.9374 263.1924 255.0125
298.4039 297.7376 297.0714 298.3343 301.828 305.3216 308.8153 312.3089 323.12 334.5025 345.8853 357.2678 362.0415 356.5349 351.0283 345.5215 340.0149 326.1174 310.7982 295.4784 280.1592 268.1006 263.0092 257.9176 252.8262 247.7346 259.2238 275.319 291.4137 307.5084 320.9228 326.1369 331.3511 336.5652 341.7795 337.6626 329.7369 321.8115 313.8858 306.6452 302.6575 298.6699 294.6822 290.6945 289.6662 290.3192 290.9722 291.6253 292.8758 299.4194 305.9628 312.5064 319.0498 322.5361 323.6706 324.8052 325.9397 326.6148 311.9059 297.1969 282.4875 267.7785 256.2917 248.1224
298.3869 297.6027 296.8185 297.7199 300.5703 303.4207 306.2711 309.1214 320.1743 331.8677 343.5615 355.2549 360.8849 357.0829 353.281 349.4789 345.6769 332.6774 318.1193 303.5608 289.0027 276.943 270.222 263.5007 256.7797 250.0585 260.2369 275.1099 289.9824 304.8549 317.0933 321.2728 325.4525 329.632 333.8116 330.2552 323.541 316.8271 310.1129 304.0139 300.8356 297.6574 294.4792 291.301 290.3369 290.6307 290.9246 291.2184 291.9603 296.6705 301.3806 306.0909 310.801 313.475 314.5828 315.6906 316.7983 317.4618 303.2514 289.041 274.83 260.6196 249.3909 241.2324
298.9403 297.859 296.7778 296.6361 297.5808 298.5254 299.4701 300.4148 309.5372 319.2982 329.0595 338.8205 343.8946 341.6779 339.4611 337.2443 335.0275 324.8378 313.2971 301.756 290.2152 280.6459 275.2892 269.9323 264.5756 259.2187 267.9095 280.5025 293.0952 305.6878 315.9426 319.0449 322.1472 325.2495 328.3519 325.0982 319.2501 313.4021 307.554 302.2674 299.647 297.0266 294.4062 291.7858 291.015 291.2952 291.5753 291.8555 292.483 296.1873 299.8915 303.5958 307.3 309.3673 310.1753 310.9833 311.7913 312.2135 299.7214 287.2292 274.7367 262.2445 251.9179 243.8213
299.6402 298.2159 296.7915 295.4316 294.1462 292.8608 291.5753 290.2899 296.9236 304.1758 311.4283 318.6805 322.8359 322.1737 321.5115 320.8493 320.1871 313.2986 305.3549 297.411 289.4673 283.0285 279.8053 276.582 273.3588 270.1355 277.2932 287.3344 297.3754 307.4164 315.48 317.494 319.5081 321.5222 323.5363 320.5192 315.4484 310.3777 305.3069 300.7482 298.621 296.4938 294.3665 292.2394 291.6952 292.0504 292.4055 292.7608 293.3752 296.2861 299.1969 302.1078 305.0187 306.5319 306.97 307.4081 307.8462 307.9682 297.5078 287.0474 276.5866 266.1262 256.8672 248.8456
300.3401 298.5728 296.8053 294.2273 290.7117 287.1964 283.6808 280.1654 284.3105 289.054 293.7977 298.5413 301.7779 302.6702 303.5626 304.455 305.3473 301.7598 297.413 293.0661 288.7194 285.411 284.3213 283.2315 282.1418 281.052 286.6765 294.1661 301.6555 309.1449 315.0175 315.9433 316.8692 317.795 318.7209 315.9403 311.6468 307.3535 303.06 299.2291 297.595 295.961 294.3269 292.6929 292.3752 292.8055 293.2357 293.666 294.2674 296.3849 298.5024 300.6199 302.7374 303.6966 303.7649 303.8331 303.9013 303.7231 295.2943 286.8655 278.4364 270.0077 261.8162 253.8697
301.0401 298.9296 296.8191 293.0229 287.2773 281.5319 275.7863 270.0409 271.6974 273.9323 276.1672 278.402 280.7199 283.1667 285.6136 288.0606 290.5075 290.221 289.4712 288.7213 287.9715 287.7935 288.8373 289.881 290.9248 291.9685 296.0598 300.9978 305.9357 310.8735 314.5549 314.3925 314.2302 314.0678 313.9055 311.3615 307.8452 304.3292 300.813 297.71 296.5691 295.4282 294.2873 293.1465 293.0553 293.5606 294.0659 294.5713 295.1596 296.4838 297.8079 299.132 300.4561 300.8614 300.5597 300.258 299.9564 299.4779 293.0808 286.6837 280.2863 273.8891 266.7653 258.8937
302.1547 299.6526 297.1505 292.1985 284.4132 276.6283 268.8431 261.0582 260.429 260.3589 260.2888 260.2187 261.6897 265.5577 269.4257 273.2938 277.1617 279.908 282.4639 285.02 287.576 290.2404 293.1361 296.032 298.9278 301.8236 304.5646 307.2627 309.9607 312.6587 314.4102 313.2664 312.1226 310.9788 309.835 307.4965 304.6702 301.8441 299.0178 296.5779 295.9726 295.3674 294.7621 294.1569 294.4693 295.3032 296.1371 296.9709 297.7902 298.4799 299.1695 299.8592 300.5489 300.4129 299.6419 298.8709 298.0999 297.215 292.5147 287.8144 283.1139 278.4136 272.2383 264.5449
304.6871 301.6276 298.568 292.6732 283.4996 274.3263 265.1527 255.9794 253.758 252.0799 250.4016 248.7235 249.5932 254.426 259.2588 264.0918 268.9246 273.7862 278.6525 283.5189 288.3852 292.9071 296.6926 300.4783 304.2639 308.0496 310.0653 311.5894 313.1136 314.6377 315.3526 313.5924 311.8321 310.0718 308.3116 306.0722 303.6373 301.2025 298.7675 296.7692 296.8447 296.9202 296.9957 297.0713 298.3926 300.4219 302.4511 304.4804 306.3645 306.963 307.5616 308.1601 308.7587 308.1256 306.5452 304.9648 303.3844 301.7295 297.5813 293.4331 289.2848 285.1366 279.5028 272.3401
307.2195 303.6026 299.9855 293.1479 282.5859 272.0243 261.4623 250.9007 247.0871 243.8008 240.5145 237.2282 237.4967 243.2943 249.0919 254.8898 260.6874 267.6644 274.841 282.0179 289.1945 295.5738 300.2491 304.9246 309.6 314.2755 315.5659 315.9162 316.2664 316.6166 316.295 313.9183 311.5416 309.1649 306.7881 304.648 302.6044 300.5609 298.5172 296.9606 297.7169 298.4731 299.2294 299.9856 302.3159 305.5405 308.7651 311.9898 314.9388 315.4462 315.9536 316.4611 316.9685 315.8383 313.4485 311.0586 308.6688 306.2439 302.6479 299.0518 295.4556 291.8595 286.7673 280.1353
309.752 305.5775 301.403 293.6226 281.6722 269.7222 257.7719 245.8219 240.4161 235.5218 230.6273 225.733 225.4001 232.1626 238.9251 245.6878 252.4503 261.5426 271.0295 280.5168 290.0037 298.2405 303.8056 309.371 314.9361 320.5015 321.0666 320.2429 319.4193 318.5956 317.2374 314.2443 311.251 308.2579 305.2647 303.2238 301.5715 299.9193 298.2669 297.1519 298.589 300.0259 301.463 302.9 306.2391 310.6592 315.0792 319.4992 323.5131 323.9294 324.3457 324.762 325.1783 323.551 320.3517 317.1524 313.9532 310.7584 307.7145 304.6705 301.6264 298.5825 294.0318 287.9305
312.2844 307.5525 302.8205 294.0973 280.7585 267.4202 254.0815 240.7432 233.7452 227.2428 220.7401 214.2377 213.3036 221.0309 228.7582 236.4858 244.2131 255.4209 267.2181 279.0157 290.813 300.9072 307.3621 313.8173 320.2722 326.7274 326.5673 324.5696 322.5721 320.5745 318.1797 314.5702 310.9605 307.351 303.7413 301.7996 300.5386 299.2776 298.0166 297.3433 299.4611 301.5788 303.6966 305.8144 310.1624 315.7779 321.3932 327.0087 332.0874 332.4125 332.7377 333.0629 333.3881 331.2636 327.255 323.2463 319.2377 315.2729 312.7811 310.2892 307.7973 305.3055 301.2964 295.7257
317.4208 311.6842 305.9474 296.2294 281.9073 267.5856 253.2634 238.9417 231.3803 224.3473 217.3141 210.2812 209.5394 218.5838 227.6281 236.6727 245.7171 258.2873 271.4546 284.6224 297.7898 308.7563 315.0201 321.2839 327.5476 333.8116 332.432 328.9294 325.4269 321.9244 318.3017 314.3116 310.3214 306.3314 302.3411 300.5295 299.607 298.6845 297.7621 297.6275 301.2361 304.8445 308.4531 312.0615 317.6221 324.2922 330.962 337.6321 343.6348 343.728 343.8212 343.9144 344.0076 341.3765 336.65 331.9234 327.1969 322.5352 320.0461 317.557 315.0679 312.5788 308.6469 303.2302
323.9171 316.9423 309.9672 299.2272 284.1331 269.0395 253.9453 238.8517 231.2642 224.2634 217.2624 210.2616 210.1268 220.672 231.2172 241.7628 252.3081 265.8476 279.8941 293.9411 307.9876 319.312 324.8199 330.3279 335.8358 341.3439 338.487 333.3065 328.1261 322.9458 317.9952 313.7478 309.5003 305.2529 301.0054 299.3399 298.7284 298.1168 297.5052 297.9604 303.4827 309.0048 314.5271 320.0492 326.9287 334.5798 342.2307 349.8818 356.735 356.5226 356.3103 356.0979 355.8855 352.7429 347.3463 341.9496 336.553 331.2324 328.4592 325.686 322.9128 320.1396 316.0425 310.5828
330.4135 322.2004 313.987 302.2249 286.3589 270.4934 254.6273 238.7618 231.1481 224.1795 217.2106 210.2419 210.7141 222.7602 234.8064 246.853 258.8991 273.408 288.3336 303.2598 318.1854 329.8677 334.6197 339.3719 344.124 348.8762 344.5419 337.6835 330.8253 323.9672 317.6887 313.184 308.6791 304.1744 299.6696 298.1504 297.8497 297.549 297.2484 298.2932 305.7292 313.165 320.601 328.0368 336.2353 344.8675 353.4993 362.1314 369.8351 369.3172 368.7993 368.2814 367.7635 364.1092 358.0426 351.9758 345.9092 339.9296 336.8723 333.815 330.7576 327.7003 323.438 317.9355
336.9098 327.4584 318.0067 305.2227 288.5847 271.9473 255.3093 238.6718 231.032 224.0956 217.1588 210.2223 211.3014 224.8485 238.3956 251.9431 265.4902 280.9683 296.7731 312.5784 328.3832 340.4233 344.4196 348.4159 352.4121 356.4085 350.5968 342.0605 333.5246 324.9886 317.3822 312.6201 307.858 303.096 298.3338 296.9608 296.971 296.9813 296.9915 298.626 307.9758 317.3253 326.675 336.0245 345.5419 355.1551 364.7679 374.3811 382.9353 382.1118 381.2884 380.4649 379.6414 375.4756 368.7389 362.002 355.2653 348.6269 345.2854 341.944 338.6025 335.2611 330.8335 325.2881
343.2621 332.6537 322.0449 308.2935 290.9074 273.522 256.136 238.7505 231.1404 224.2943 217.448 210.6019 212.3181 227.3531 242.388 257.4234 272.4583 288.7613 305.2785 321.7964 338.3136 350.5673 353.7114 356.8557 359.9998 363.144 355.914 345.8022 335.6907 325.5792 316.7424 311.8057 306.8688 301.9322 296.9953 295.8181 296.1755 296.5328 296.8902 299.1247 310.2766 321.428 332.5798 343.7313 354.4182 364.8415 375.2644 385.6877 394.9395 393.817 392.6946 391.5721 390.4497 385.8531 378.5844 371.3154 364.0467 356.8864 353.3632 349.8401 346.3168 342.7936 338.2807 332.7492
348.1115 337.1922 326.2725 312.1232 294.2386 276.3547 258.4701 240.5862 233.5863 227.437 221.2876 215.1383 217.8074 234.1932 250.5789 266.9652 283.351 298.9742 314.4676 329.9615 345.4549 356.4198 357.7092 358.9986 360.288 361.5774 353.5457 342.9247 332.3039 321.6832 312.6317 308.3811 304.1304 299.8799 295.6292 295.1649 296.2459 297.3269 298.4079 301.3512 313.141 324.9303 336.7201 348.5094 358.8087 368.2617 377.7144 387.1674 395.524 394.171 392.8181 391.4651 390.1122 385.9275 379.5647 373.2016 366.8388 360.5838 357.9452 355.3065 352.6678 350.0291 346.2634 341.3376
352.961 341.7307 330.5001 315.9529 297.5698 279.1873 260.8043 242.4218 236.0321 230.5797 225.1272 219.6748 223.2967 241.0333 258.7699 276.507 294.2436 309.1872 323.6567 338.1267 352.5962 362.2723 361.707 361.1416 360.5763 360.0109 351.1775 340.0471 328.9172 317.7872 308.5209 304.9565 301.392 297.8277 294.2632 294.5116 296.3163 298.121 299.9257 303.5778 316.0054 328.4327 340.8604 353.2876 363.1993 371.682 380.1644 388.6472 396.1085 394.525 392.9416 391.3581 389.7747 386.0018 380.5449 375.0879 369.631 364.2813 362.5271 360.773 359.0188 357.2646 354.246 349.926
357.8104 346.2693 334.7278 319.7827 300.901 282.02 263.1384 244.2574 238.478 233.7225 228.9668 224.2113 228.786 247.8734 266.9608 286.0489 305.1363 319.4001 332.8458 346.2919 359.7375 368.1248 365.7047 363.2846 360.8645 358.4443 348.8092 337.1696 325.5304 313.8912 304.4102 301.532 298.6536 295.7754 292.8971 293.8583 296.3867 298.9151 301.4435 305.8043 318.8699 331.935 345.0006 358.0657 367.5899 375.1023 382.6144 390.1269 396.693 394.879 393.0651 391.2512 389.4372 386.0762 381.5252 376.9741 372.4231 367.9788 367.1091 366.2394 365.3698 364.5001 362.2287 358.5144
362.6598 350.8078 338.9554 323.6124 304.2322 284.8527 265.4725 246.093 240.9239 236.8652 232.8064 228.7477 234.2752 254.7135 275.1517 295.5907 316.0289 329.6131 342.0349 354.4571 366.8789 373.9773 369.7025 365.4276 361.1527 356.8778 346.4409 334.2921 322.1437 309.9952 300.2995 298.1074 295.9153 293.7232 291.531 293.205 296.4572 299.7091 302.9612 308.0308 321.7343 335.4373 349.1408 362.8439 371.9804 378.5226 385.0645 391.6066 397.2775 395.233 393.1886 391.1442 389.0998 386.1505 382.5055 378.8603 375.2153 371.6762 371.6911 371.7059 371.7207 371.7356 370.2113 367.1028
363.396 352.2387 341.0811 326.3613 307.5216 288.6825 269.8428 251.0037 246.1697 242.4301 238.6903 234.9507 240.7292 261.3126 281.8961 302.4802 323.0636 335.9596 347.552 359.1448 370.7372 376.7041 370.6524 364.6005 358.5487 352.4968 341.7817 329.7709 317.7605 305.7501 296.3151 294.7592 293.2032 291.6472 290.0912 292.4892 296.5011 300.5129 304.5248 310.2865 324.3613 338.4355 352.5102 366.5845 375.3431 381.0816 386.82 392.5585 397.5195 395.5945 393.6697 391.7447 389.8199 387.3781 384.539 381.6997 378.8606 376.1283 376.9776 377.8269 378.6762 379.5255 378.7066 376.1705
360.3086 350.7809 341.2528 328.1054 310.772 293.4392 276.1058 258.773 254.0183 250.2465 246.4746 242.7028 248.0799 267.6878 287.2956 306.9042 326.512 338.712 349.6558 360.5999 371.5437 376.5253 368.769 361.0125 353.2562 345.4996 334.9929 323.7218 312.4511 301.1805 292.4482 291.4819 290.5156 289.5493 288.583 291.7152 296.5205 301.3256 306.1308 312.5694 326.7674 340.965 355.163 369.3605 377.7502 382.8401 387.9299 393.0197 397.4431 395.963 394.4831 393.0031 391.5231 389.6777 387.5515 385.4252 383.299 381.2818 382.9191 384.5564 386.1937 387.831 387.6786 385.6837
