data/zism_data/00741_03_D.txt
ncols         224
nrows         224
[rows 140 to 167 of 224, columns 0 to 62 of 224]
1985.589 1989.224 1992.859 1996.495 1998.441 1998.813 1999.184 1999.556 1999.928 1999.726 1999.339 1998.951 1998.564 1998.176 1997.254 1996.327 1995.401 1994.475 1994.015 1995.109 1996.203 1997.297 1998.391 2001.259 2006.141 2011.022 2015.903 2020.784 2027.129 2034.082 2041.036 2047.989 2054.943 2056.357 2057.444 2058.53 2059.616 2059.774 2055.752 2051.73 2047.708 2043.686 2039.479 2035.017 2030.555 2026.093 2021.631 2017.879 2014.497 2011.116 2007.734 2004.353 2002.89 2001.651 2000.413 1999.175 1998.009 1997.318 1996.627 1995.935 1995.244 1994.517 1993.73
1990.193 1993.24 1996.288 1999.336 2000.853 2000.943 2001.033 2001.123 2001.213 2000.947 2000.565 2000.183 1999.802 1999.42 1998.685 1997.948 1997.212 1996.474 1996.204 1997.487 1998.769 2000.052 2001.335 2004.041 2008.36 2012.679 2016.998 2021.318 2026.737 2032.613 2038.49 2044.366 2050.243 2051.034 2051.524 2052.014 2052.504 2052.184 2048.22 2044.256 2040.292 2036.328 2032.393 2028.498 2024.603 2020.708 2016.813 2013.652 2010.874 2008.095 2005.317 2002.538 2001.496 2000.657 1999.818 1998.979 1998.206 1997.86 1997.514 1997.169 1996.823 1996.429 1995.954
1993.675 1996.062 1998.449 2000.836 2001.943 2001.857 2001.772 2001.686 2001.601 2001.256 2000.828 2000.4 1999.972 1999.543 1999.06 1998.576 1998.092 1997.608 1997.61 1999.234 2000.858 2002.481 2004.105 2006.738 2010.515 2014.292 2018.069 2021.846 2026.307 2031.052 2035.798 2040.543 2045.289 2045.437 2045.312 2045.188 2045.063 2044.284 2040.563 2036.842 2033.121 2029.399 2025.878 2022.634 2019.39 2016.146 2012.901 2010.388 2008.255 2006.122 2003.989 2001.855 2001.066 2000.434 1999.801 1999.169 1998.589 1998.352 1998.115 1997.877 1997.64 1997.36 1997.009
1997.157 1998.883 2000.609 2002.335 2003.032 2002.771 2002.51 2002.249 2001.988 2001.565 2001.091 2000.616 2000.141 1999.667 1999.434 1999.203 1998.972 1998.741 1999.017 2000.981 2002.946 2004.91 2006.875 2009.434 2012.669 2015.904 2019.139 2022.374 2025.877 2029.491 2033.106 2036.721 2040.335 2039.84 2039.101 2038.362 2037.623 2036.385 2032.907 2029.428 2025.95 2022.471 2019.364 2016.77 2014.177 2011.583 2008.99 2007.123 2005.635 2004.148 2002.66 2001.173 2000.636 2000.21 1999.785 1999.359 1998.973 1998.844 1998.715 1998.586 1998.457 1998.292 1998.064
2000.64 2001.704 2002.769 2003.834 2004.122 2003.685 2003.249 2002.812 2002.375 2001.875 2001.354 2000.832 2000.311 1999.79 1999.808 1999.83 1999.852 1999.875 2000.424 2002.729 2005.034 2007.339 2009.645 2012.131 2014.824 2017.516 2020.209 2022.902 2025.447 2027.93 2030.414 2032.898 2035.382 2034.243 2032.889 2031.536 2030.182 2028.486 2025.25 2022.014 2018.779 2015.543 2012.849 2010.906 2008.964 2007.021 2005.078 2003.859 2003.016 2002.174 2001.332 2000.49 2000.206 1999.987 1999.768 1999.549 1999.356 1999.336 1999.315 1999.295 1999.274 1999.223 1999.119
2003.885 2004.34 2004.794 2005.248 2005.147 2004.528 2003.909 2003.29 2002.671 2002.121 2001.595 2001.068 2000.541 2000.015 2000.37 2000.731 2001.093 2001.454 2002.339 2004.965 2007.591 2010.218 2012.844 2015.26 2017.436 2019.611 2021.787 2023.963 2025.599 2027.01 2028.421 2029.832 2031.243 2029.517 2027.607 2025.696 2023.785 2021.675 2018.666 2015.657 2012.649 2009.641 2007.314 2005.931 2004.548 2003.166 2001.783 2001.114 2000.818 2000.521 2000.225 1999.928 1999.856 1999.81 1999.764 1999.719 1999.688 1999.755 1999.823 1999.89 1999.958 1999.985 1999.944
2005.938 2006.036 2006.134 2006.232 2005.846 2005.01 2004.174 2003.338 2002.502 2002.052 2001.727 2001.402 2001.076 2000.751 2001.877 2003.013 2004.149 2005.286 2006.817 2009.665 2012.514 2015.362 2018.211 2020.563 2022.351 2024.14 2025.928 2027.717 2028.688 2029.319 2029.95 2030.581 2031.212 2029.19 2027.011 2024.831 2022.652 2020.349 2017.49 2014.632 2011.773 2008.914 2006.718 2005.438 2004.159 2002.879 2001.6 2000.994 2000.739 2000.483 2000.228 1999.973 1999.91 1999.869 1999.828 1999.788 1999.76 1999.812 1999.863 1999.915 1999.967 1999.893 1999.604
2007.99 2007.732 2007.474 2007.215 2006.546 2005.493 2004.44 2003.387 2002.334 2001.983 2001.859 2001.735 2001.611 2001.488 2003.384 2005.295 2007.206 2009.117 2011.295 2014.366 2017.436 2020.507 2023.577 2025.866 2027.267 2028.668 2030.069 2031.47 2031.777 2031.628 2031.48 2031.331 2031.182 2028.863 2026.415 2023.967 2021.519 2019.024 2016.315 2013.606 2010.897 2008.188 2006.122 2004.946 2003.769 2002.593 2001.417 2000.873 2000.659 2000.446 2000.232 2000.018 1999.964 1999.928 1999.893 1999.857 1999.831 1999.868 1999.904 1999.941 1999.977 1999.801 1999.264
2010.043 2009.428 2008.814 2008.199 2007.245 2005.975 2004.705 2003.436 2002.166 2001.914 2001.991 2002.069 2002.147 2002.224 2004.891 2007.577 2010.262 2012.948 2015.773 2019.066 2022.359 2025.651 2028.944 2031.169 2032.183 2033.196 2034.21 2035.224 2034.866 2033.938 2033.009 2032.081 2031.152 2028.536 2025.819 2023.103 2020.386 2017.698 2015.139 2012.58 2010.021 2007.461 2005.526 2004.453 2003.38 2002.307 2001.234 2000.753 2000.58 2000.408 2000.235 2000.063 2000.017 1999.987 1999.957 1999.927 1999.903 1999.924 1999.945 1999.966 1999.987 1999.709 1998.924
2012.095 2011.124 2010.153 2009.182 2007.944 2006.458 2004.971 2003.484 2001.998 2001.844 2002.124 2002.403 2002.682 2002.961 2006.399 2009.859 2013.319 2016.779 2020.252 2023.766 2027.281 2030.796 2034.31 2036.472 2037.098 2037.725 2038.351 2038.978 2037.955 2036.247 2034.538 2032.83 2031.122 2028.208 2025.223 2022.238 2019.253 2016.373 2013.963 2011.554 2009.144 2006.735 2004.93 2003.96 2002.99 2002.021 2001.051 2000.632 2000.501 2000.37 2000.239 2000.108 2000.071 2000.046 2000.021 1999.996 1999.975 1999.98 1999.986 1999.991 1999.997 1999.617 1998.585
2014.466 2013.226 2011.985 2010.745 2009.412 2007.992 2006.573 2005.154 2003.734 2004.091 2005.023 2005.954 2006.886 2007.818 2011.977 2016.158 2020.339 2024.52 2028.47 2031.648 2034.827 2038.005 2041.184 2042.895 2042.944 2042.993 2043.041 2043.09 2041.542 2039.332 2037.121 2034.911 2032.7 2029.584 2026.414 2023.244 2020.074 2017.051 2014.691 2012.331 2009.971 2007.611 2005.78 2004.679 2003.579 2002.479 2001.378 2000.685 2000.204 1999.723 1999.241 1998.76 1998.468 1998.197 1997.926 1997.655 1997.44 1997.591 1997.741 1997.892 1998.042 1997.647 1996.327
2017.01 2015.548 2014.085 2012.623 2011.297 2010.1 2008.903 2007.705 2006.508 2007.598 2009.428 2011.259 2013.089 2014.92 2019.771 2024.645 2029.518 2034.391 2038.725 2041.263 2043.801 2046.339 2048.877 2049.929 2049.296 2048.663 2048.03 2047.397 2045.401 2042.84 2040.278 2037.716 2035.155 2031.887 2028.578 2025.268 2021.959 2018.821 2016.456 2014.091 2011.726 2009.36 2007.418 2006.059 2004.7 2003.342 2001.983 2000.831 1999.787 1998.743 1997.699 1996.655 1995.961 1995.308 1994.655 1994.002 1993.487 1993.87 1994.253 1994.636 1995.019 1994.655 1993.025
2019.554 2017.87 2016.185 2014.501 2013.183 2012.208 2011.233 2010.257 2009.282 2011.104 2013.833 2016.563 2019.292 2022.021 2027.566 2033.131 2038.696 2044.261 2048.98 2050.877 2052.775 2054.673 2056.571 2056.963 2055.648 2054.333 2053.019 2051.704 2049.26 2046.347 2043.435 2040.522 2037.609 2034.19 2030.741 2027.292 2023.843 2020.591 2018.22 2015.85 2013.48 2011.109 2009.055 2007.438 2005.822 2004.205 2002.588 2000.978 1999.371 1997.764 1996.157 1994.55 1993.455 1992.42 1991.385 1990.35 1989.534 1990.149 1990.765 1991.38 1991.995 1991.663 1989.723
2022.098 2020.192 2018.285 2016.378 2015.069 2014.315 2013.562 2012.809 2012.056 2014.611 2018.239 2021.867 2025.494 2029.122 2035.361 2041.618 2047.875 2054.132 2059.235 2060.492 2061.75 2063.007 2064.264 2063.997 2062.0 2060.004 2058.007 2056.011 2053.119 2049.855 2046.591 2043.327 2040.063 2036.493 2032.905 2029.316 2025.728 2022.36 2019.985 2017.609 2015.234 2012.859 2010.693 2008.818 2006.943 2005.068 2003.193 2001.124 1998.954 1996.785 1994.615 1992.445 1990.949 1989.532 1988.114 1986.697 1985.581 1986.429 1987.276 1988.124 1988.971 1988.671 1986.421
2025.146 2023.174 2021.203 2019.231 2018.044 2017.588 2017.131 2016.675 2016.219 2019.406 2023.773 2028.14 2032.507 2036.874 2043.56 2050.262 2056.964 2063.667 2068.965 2069.585 2070.206 2070.826 2071.447 2070.531 2067.875 2065.219 2062.563 2059.907 2056.57 2052.949 2049.329 2045.708 2042.088 2038.35 2034.606 2030.861 2027.117 2023.622 2021.251 2018.88 2016.508 2014.137 2011.9 2009.848 2007.797 2005.745 2003.693 2001.111 1998.252 1995.393 1992.534 1989.675 1987.648 1985.719 1983.79 1981.861 1980.328 1981.379 1982.43 1983.481 1984.533 1984.286 1981.836
2031.579 2030.599 2029.619 2028.639 2028.344 2028.689 2029.033 2029.377 2029.721 2032.854 2036.89 2040.927 2044.964 2049.0 2054.479 2059.968 2065.456 2070.945 2075.168 2075.174 2075.18 2075.186 2075.191 2073.71 2070.543 2067.376 2064.208 2061.041 2057.276 2053.263 2049.25 2045.237 2041.224 2037.211 2033.198 2029.186 2025.173 2021.47 2019.166 2016.862 2014.558 2012.254 2010.212 2008.532 2006.852 2005.172 2003.492 2000.026 1995.628 1991.23 1986.832 1982.434 1979.007 1975.694 1972.381 1969.068 1966.336 1967.398 1968.459 1969.521 1970.582 1970.541 1968.628
2038.012 2038.024 2038.035 2038.047 2038.645 2039.789 2040.934 2042.078 2043.223 2046.302 2050.008 2053.714 2057.42 2061.126 2065.398 2069.673 2073.948 2078.223 2081.371 2080.762 2080.154 2079.545 2078.937 2076.889 2073.211 2069.532 2065.853 2062.175 2057.983 2053.577 2049.172 2044.766 2040.361 2036.073 2031.791 2027.51 2023.228 2019.318 2017.082 2014.844 2012.608 2010.37 2008.523 2007.215 2005.907 2004.599 2003.291 1998.94 1993.004 1987.067 1981.13 1975.193 1970.366 1965.669 1960.972 1956.275 1952.344 1953.416 1954.488 1955.56 1956.632 1956.797 1955.42
2044.446 2045.449 2046.452 2047.455 2048.945 2050.89 2052.835 2054.78 2056.725 2059.75 2063.126 2066.502 2069.877 2073.253 2076.317 2079.378 2082.44 2085.502 2087.574 2086.351 2085.128 2083.905 2082.682 2080.068 2075.878 2071.688 2067.498 2063.308 2058.689 2053.891 2049.093 2044.295 2039.498 2034.934 2030.384 2025.834 2021.284 2017.167 2014.997 2012.827 2010.657 2008.487 2006.835 2005.899 2004.962 2004.026 2003.09 1997.855 1990.379 1982.904 1975.428 1967.953 1961.725 1955.644 1949.563 1943.481 1938.352 1939.435 1940.517 1941.599 1942.681 1943.051 1942.212
2050.879 2052.874 2054.868 2056.863 2059.246 2061.991 2064.736 2067.482 2070.227 2073.199 2076.244 2079.289 2082.334 2085.379 2087.236 2089.084 2090.932 2092.78 2093.777 2091.94 2090.102 2088.264 2086.427 2083.247 2078.546 2073.845 2069.144 2064.442 2059.396 2054.205 2049.015 2043.825 2038.634 2033.795 2028.976 2024.158 2019.339 2015.015 2012.912 2010.809 2008.707 2006.604 2005.147 2004.582 2004.018 2003.453 2002.889 1996.769 1987.755 1978.741 1969.726 1960.712 1953.084 1945.619 1938.154 1930.688 1924.36 1925.453 1926.546 1927.638 1928.731 1929.307 1929.005
2056.99 2059.395 2061.8 2064.205 2066.88 2069.807 2072.734 2075.661 2078.587 2081.187 2083.68 2086.174 2088.667 2091.161 2092.078 2092.984 2093.89 2094.796 2094.984 2092.778 2090.573 2088.367 2086.161 2082.727 2077.899 2073.072 2068.245 2063.418 2058.307 2053.077 2047.848 2042.619 2037.39 2032.393 2027.411 2022.428 2017.445 2012.926 2010.496 2008.066 2005.635 2003.205 2001.649 2001.301 2000.954 2000.606 2000.259 1994.101 1984.915 1975.729 1966.544 1957.358 1948.976 1940.689 1932.402 1924.115 1917.011 1917.624 1918.238 1918.851 1919.465 1919.824 1919.753
2062.896 2065.343 2067.789 2070.235 2072.821 2075.536 2078.251 2080.966 2083.681 2085.706 2087.508 2089.309 2091.111 2092.912 2093.06 2093.197 2093.333 2093.47 2093.017 2090.599 2088.182 2085.764 2083.346 2079.855 2075.147 2070.439 2065.73 2061.022 2056.077 2051.034 2045.99 2040.947 2035.904 2030.825 2025.744 2020.663 2015.582 2010.878 2007.869 2004.86 2001.852 1998.843 1997.001 1996.772 1996.544 1996.315 1996.086 1990.428 1981.939 1973.45 1964.962 1956.473 1947.748 1938.996 1930.244 1921.492 1913.88 1913.704 1913.527 1913.35 1913.174 1913.049 1913.014
2068.803 2071.29 2073.778 2076.266 2078.761 2081.265 2083.768 2086.271 2088.775 2090.226 2091.335 2092.444 2093.554 2094.663 2094.042 2093.409 2092.776 2092.144 2091.05 2088.42 2085.791 2083.162 2080.532 2076.984 2072.395 2067.805 2063.216 2058.626 2053.847 2048.99 2044.133 2039.275 2034.418 2029.257 2024.078 2018.899 2013.72 2008.83 2005.243 2001.656 1998.068 1994.481 1992.353 1992.243 1992.134 1992.024 1991.914 1986.754 1978.963 1971.171 1963.38 1955.588 1946.521 1937.304 1928.087 1918.87 1910.75 1909.783 1908.816 1907.85 1906.883 1906.275 1906.276
2074.709 2077.238 2079.767 2082.296 2084.702 2086.994 2089.285 2091.577 2093.869 2094.745 2095.162 2095.579 2095.997 2096.414 2095.024 2093.622 2092.219 2090.817 2089.083 2086.241 2083.4 2080.559 2077.718 2074.114 2069.643 2065.172 2060.701 2056.23 2051.617 2046.946 2042.275 2037.603 2032.932 2027.688 2022.411 2017.134 2011.857 2006.782 2002.616 1998.451 1994.285 1990.119 1987.705 1987.714 1987.723 1987.732 1987.741 1983.081 1975.986 1968.892 1961.797 1954.703 1945.293 1935.611 1925.929 1916.248 1907.62 1905.863 1904.106 1902.349 1900.592 1899.5 1899.537
2080.395 2082.925 2085.456 2087.987 2090.271 2092.326 2094.381 2096.435 2098.49 2098.792 2098.525 2098.259 2097.992 2097.726 2095.562 2093.385 2091.209 2089.032 2086.662 2083.647 2080.631 2077.616 2074.601 2070.968 2066.634 2062.301 2057.967 2053.633 2049.198 2044.72 2040.242 2035.764 2031.287 2025.982 2020.628 2015.275 2009.921 2004.668 1999.866 1995.065 1990.263 1985.462 1982.706 1982.78 1982.853 1982.927 1983.001 1978.87 1972.547 1966.224 1959.901 1953.578 1943.951 1933.937 1923.923 1913.909 1904.89 1902.365 1899.841 1897.316 1894.791 1893.212 1893.238
2083.938 2086.087 2088.236 2090.384 2092.236 2093.81 2095.385 2096.959 2098.534 2098.262 2097.391 2096.52 2095.649 2094.779 2091.796 2088.798 2085.8 2082.802 2079.845 2077.021 2074.196 2071.372 2068.548 2065.164 2061.146 2057.127 2053.108 2049.089 2044.936 2040.727 2036.518 2032.308 2028.099 2022.936 2017.717 2012.498 2007.278 2001.918 1995.924 1989.929 1983.935 1977.94 1974.299 1973.913 1973.527 1973.141 1972.756 1969.448 1964.617 1959.787 1954.956 1950.126 1941.506 1932.442 1923.378 1914.314 1906.046 1902.969 1899.892 1896.814 1893.737 1891.638 1891.199
2087.482 2089.249 2091.015 2092.782 2094.2 2095.295 2096.389 2097.483 2098.578 2097.731 2096.257 2094.781 2093.306 2091.832 2088.029 2084.21 2080.391 2076.573 2073.027 2070.394 2067.761 2065.128 2062.495 2059.361 2055.657 2051.953 2048.25 2044.546 2040.675 2036.734 2032.793 2028.852 2024.912 2019.891 2014.806 2009.721 2004.635 1999.168 1991.981 1984.793 1977.606 1970.418 1965.892 1965.047 1964.201 1963.356 1962.51 1960.026 1956.688 1953.35 1950.012 1946.674 1939.061 1930.947 1922.834 1914.72 1907.202 1903.573 1899.943 1896.313 1892.683 1890.064 1889.161
2091.027 2092.411 2093.795 2095.179 2096.165 2096.779 2097.393 2098.007 2098.622 2097.201 2095.122 2093.043 2090.964 2088.885 2084.262 2079.622 2074.982 2070.343 2066.21 2063.768 2061.326 2058.884 2056.442 2053.557 2050.168 2046.779 2043.391 2040.002 2036.413 2032.741 2029.069 2025.396 2021.724 2016.845 2011.894 2006.943 2001.993 1996.418 1988.038 1979.657 1971.277 1962.897 1957.485 1956.18 1954.875 1953.57 1952.265 1950.605 1948.759 1946.913 1945.068 1943.222 1936.616 1929.453 1922.289 1915.126 1908.359 1904.176 1899.994 1895.811 1891.629 1888.49 1887.122
2094.571 2095.573 2096.575 2097.577 2098.13 2098.264 2098.397 2098.531 2098.665 2096.671 2093.988 2091.304 2088.621 2085.937 2080.496 2075.035 2069.574 2064.113 2059.393 2057.142 2054.891 2052.64 2050.389 2047.753 2044.679 2041.605 2038.532 2035.458 2032.151 2028.748 2025.344 2021.941 2018.537 2013.799 2008.983 2004.166 1999.35 1993.668 1984.095 1974.522 1964.948 1955.375 1949.078 1947.314 1945.549 1943.785 1942.02 1941.183 1940.83 1940.476 1940.123 1939.77 1934.171 1927.958 1921.745 1915.531 1909.515 1904.78 1900.045 1895.31 1890.575 1886.916 1885.083
