data/zism_data/00744_04_D.txt
ncols         224
nrows         224
[rows 84 to 111 of 224, columns 0 to 62 of 224]
1487.37 1495.334 1503.297 1511.135 1518.826 1526.517 1534.209 1541.9 1550.098 1558.335 1566.572 1574.809 1581.336 1585.203 1589.069 1592.936 1596.803 1597.615 1597.909 1598.203 1598.497 1598.433 1597.604 1596.775 1595.946 1595.117 1593.718 1592.161 1590.604 1589.047 1588.013 1588.577 1589.142 1589.706 1590.271 1592.473 1595.343 1598.214 1601.084 1605.044 1614.179 1623.313 1632.448 1641.583 1651.487 1661.828 1672.17 1682.512 1692.567 1700.085 1707.602 1715.12 1722.638 1728.19 1732.228 1736.266 1740.304 1744.177 1742.514 1740.851 1739.188 1737.525 1735.04
1485.496 1493.246 1500.996 1508.662 1516.23 1523.799 1531.367 1538.935 1547.105 1555.323 1563.54 1571.757 1578.411 1582.635 1586.859 1591.083 1595.307 1596.607 1597.411 1598.216 1599.02 1599.503 1599.3 1599.098 1598.895 1598.692 1597.951 1597.061 1596.171 1595.281 1594.806 1595.602 1596.397 1597.193 1597.989 1600.147 1602.862 1605.577 1608.292 1612.008 1620.48 1628.952 1637.424 1645.896 1655.41 1665.516 1675.621 1685.727 1695.602 1703.439 1711.276 1719.114 1726.951 1732.647 1736.698 1740.748 1744.798 1748.663 1746.328 1743.993 1741.658 1739.323 1736.187
1480.278 1487.91 1495.542 1503.059 1510.445 1517.83 1525.215 1532.601 1540.693 1548.84 1556.987 1565.134 1572.058 1577.078 1582.099 1587.119 1592.139 1593.978 1595.278 1596.577 1597.877 1598.795 1598.899 1599.003 1599.107 1599.211 1598.811 1598.271 1597.73 1597.19 1597.052 1598.144 1599.235 1600.327 1601.419 1603.95 1607.068 1610.187 1613.305 1617.322 1625.606 1633.89 1642.173 1650.457 1659.803 1669.752 1679.702 1689.651 1699.428 1707.674 1715.92 1724.167 1732.413 1738.245 1742.22 1746.194 1750.169 1753.933 1750.624 1747.314 1744.005 1740.696 1736.668
1475.061 1482.574 1490.087 1497.456 1504.659 1511.861 1519.063 1526.266 1534.28 1542.357 1550.434 1558.511 1565.704 1571.521 1577.338 1583.155 1588.972 1591.35 1593.144 1594.939 1596.734 1598.087 1598.498 1598.909 1599.32 1599.73 1599.671 1599.48 1599.29 1599.099 1599.298 1600.686 1602.073 1603.461 1604.849 1607.752 1611.274 1614.797 1618.319 1622.636 1630.732 1638.827 1646.922 1655.018 1664.196 1673.989 1683.782 1693.576 1703.254 1711.909 1720.564 1729.22 1737.875 1743.842 1747.742 1751.641 1755.54 1759.203 1754.919 1750.636 1746.353 1742.069 1737.149
1469.843 1477.238 1484.633 1491.854 1498.873 1505.892 1512.912 1519.931 1527.867 1535.874 1543.881 1551.888 1559.35 1565.964 1572.577 1579.191 1585.805 1588.721 1591.011 1593.301 1595.591 1597.38 1598.097 1598.815 1599.532 1600.25 1600.53 1600.69 1600.849 1601.009 1601.544 1603.227 1604.911 1606.595 1608.278 1611.554 1615.48 1619.406 1623.332 1627.951 1635.858 1643.764 1651.671 1659.578 1668.588 1678.226 1687.863 1697.501 1707.08 1716.144 1725.208 1734.273 1743.337 1749.44 1753.264 1757.088 1760.912 1764.473 1759.215 1753.958 1748.7 1743.442 1737.63
1464.625 1471.902 1479.178 1486.251 1493.087 1499.923 1506.76 1513.596 1521.454 1529.391 1537.328 1545.265 1552.996 1560.406 1567.817 1575.227 1582.637 1586.093 1588.878 1591.663 1594.448 1596.672 1597.696 1598.72 1599.745 1600.769 1601.39 1601.899 1602.409 1602.918 1603.79 1605.769 1607.749 1609.729 1611.708 1615.357 1619.687 1624.016 1628.346 1633.265 1640.983 1648.702 1656.42 1664.139 1672.981 1682.463 1691.944 1701.425 1710.906 1720.379 1729.852 1739.326 1748.799 1755.037 1758.786 1762.535 1766.283 1769.742 1763.511 1757.279 1751.047 1744.816 1738.112
1456.968 1464.206 1471.444 1478.605 1485.677 1492.749 1499.822 1506.894 1514.168 1521.457 1528.746 1536.035 1543.349 1550.702 1558.054 1565.407 1572.76 1576.853 1580.393 1583.933 1587.473 1590.367 1591.878 1593.39 1594.901 1596.413 1596.762 1596.788 1596.815 1596.841 1597.41 1599.638 1601.866 1604.094 1606.322 1610.412 1615.262 1620.112 1624.962 1630.413 1638.723 1647.033 1655.343 1663.653 1672.982 1682.891 1692.799 1702.708 1712.632 1722.695 1732.758 1742.821 1752.884 1759.383 1763.141 1766.9 1770.658 1774.12 1767.656 1761.193 1754.73 1748.266 1741.008
1449.275 1456.475 1463.675 1470.928 1478.243 1485.558 1492.872 1500.187 1506.869 1513.501 1520.134 1526.766 1533.653 1540.936 1548.219 1555.502 1562.784 1567.516 1571.815 1576.114 1580.413 1583.979 1585.981 1587.982 1589.983 1591.985 1592.053 1591.584 1591.115 1590.646 1590.903 1593.379 1595.854 1598.33 1600.805 1605.338 1610.71 1616.082 1621.454 1627.442 1636.355 1645.267 1654.18 1663.093 1672.918 1683.263 1693.608 1703.952 1714.328 1724.983 1735.638 1746.293 1756.948 1763.711 1767.48 1771.249 1775.018 1778.484 1771.8 1765.116 1758.432 1751.748 1743.94
1441.582 1448.745 1455.907 1463.252 1470.809 1478.366 1485.923 1493.479 1499.57 1505.546 1511.521 1517.497 1523.957 1531.17 1538.383 1545.596 1552.809 1558.179 1563.237 1568.295 1573.353 1577.592 1580.083 1582.574 1585.066 1587.557 1587.344 1586.38 1585.416 1584.452 1584.396 1587.119 1589.843 1592.566 1595.289 1600.264 1606.158 1612.052 1617.947 1624.47 1633.986 1643.501 1653.017 1662.532 1672.854 1683.635 1694.416 1705.196 1716.024 1727.271 1738.518 1749.765 1761.012 1768.039 1771.818 1775.598 1779.378 1782.848 1775.943 1769.038 1762.134 1755.229 1746.871
1433.889 1441.014 1448.139 1455.576 1463.375 1471.174 1478.973 1486.772 1492.271 1497.59 1502.909 1508.228 1514.261 1521.404 1528.547 1535.69 1542.833 1548.842 1554.659 1560.476 1566.292 1571.205 1574.186 1577.167 1580.148 1583.129 1582.635 1581.176 1579.716 1578.257 1577.89 1580.86 1583.831 1586.802 1589.772 1595.19 1601.606 1608.023 1614.439 1621.499 1631.617 1641.736 1651.854 1661.972 1672.791 1684.007 1695.224 1706.44 1717.72 1729.559 1741.398 1753.237 1765.076 1772.366 1776.157 1779.947 1783.738 1787.212 1780.086 1772.961 1765.836 1758.71 1749.803
1424.45 1431.317 1438.184 1445.519 1453.394 1461.269 1469.144 1477.019 1482.123 1487.01 1491.897 1496.784 1502.575 1509.772 1516.969 1524.166 1531.363 1537.855 1544.227 1550.599 1556.971 1562.343 1565.577 1568.812 1572.046 1575.28 1574.626 1572.892 1571.157 1569.423 1568.951 1572.337 1575.724 1579.111 1582.498 1588.634 1595.893 1603.152 1610.411 1618.245 1628.81 1639.374 1649.938 1660.503 1671.604 1683.011 1694.418 1705.825 1717.313 1729.522 1741.73 1753.939 1766.148 1773.554 1777.267 1780.979 1784.691 1788.093 1781.096 1774.099 1767.101 1760.104 1751.083
1412.741 1419.065 1425.388 1432.366 1440.102 1447.837 1455.572 1463.307 1468.271 1473.018 1477.765 1482.512 1488.302 1495.714 1503.127 1510.539 1517.951 1524.723 1531.386 1538.048 1544.711 1550.264 1553.444 1556.625 1559.805 1562.986 1562.328 1560.605 1558.881 1557.158 1556.85 1560.872 1564.894 1568.916 1572.938 1580.153 1588.671 1597.19 1605.708 1614.625 1625.432 1636.238 1647.045 1657.851 1668.958 1680.236 1691.513 1702.791 1714.171 1726.461 1738.75 1751.04 1763.329 1770.661 1774.18 1777.699 1781.217 1784.448 1778.032 1771.616 1765.199 1758.783 1750.217
1401.032 1406.812 1412.592 1419.214 1426.809 1434.404 1441.999 1449.594 1454.418 1459.025 1463.633 1468.24 1474.029 1481.657 1489.284 1496.912 1504.539 1511.591 1518.544 1525.498 1532.451 1538.184 1541.311 1544.438 1547.564 1550.691 1550.03 1548.318 1546.605 1544.892 1544.749 1549.406 1554.063 1558.72 1563.377 1571.671 1581.449 1591.227 1601.005 1611.004 1622.053 1633.102 1644.151 1655.2 1666.312 1677.46 1688.609 1699.757 1711.029 1723.4 1735.77 1748.14 1760.51 1767.768 1771.093 1774.418 1777.743 1780.802 1774.967 1769.132 1763.298 1757.463 1749.351
1389.324 1394.56 1399.796 1406.061 1413.516 1420.971 1428.427 1435.882 1440.566 1445.033 1449.5 1453.968 1459.756 1467.599 1475.442 1483.285 1491.127 1498.458 1505.703 1512.947 1520.191 1526.105 1529.178 1532.251 1535.323 1538.396 1537.732 1536.03 1534.328 1532.627 1532.648 1537.94 1543.232 1548.524 1553.817 1563.189 1574.227 1585.264 1596.302 1607.384 1618.675 1629.966 1641.257 1652.548 1663.666 1674.685 1685.704 1696.723 1707.888 1720.339 1732.79 1745.241 1757.692 1764.875 1768.006 1771.137 1774.268 1777.156 1771.903 1766.649 1761.396 1756.142 1748.484
1377.615 1382.307 1387.0 1392.908 1400.224 1407.539 1414.854 1422.17 1426.714 1431.041 1435.368 1439.695 1445.483 1453.541 1461.599 1469.657 1477.715 1485.326 1492.861 1500.396 1507.93 1514.026 1517.045 1520.064 1523.083 1526.102 1525.434 1523.743 1522.052 1520.361 1520.547 1526.474 1532.402 1538.329 1544.256 1554.707 1567.005 1579.302 1591.599 1603.763 1615.297 1626.83 1638.363 1649.896 1661.019 1671.91 1682.799 1693.69 1704.746 1717.278 1729.81 1742.342 1754.873 1761.982 1764.919 1767.857 1770.794 1773.51 1768.838 1764.166 1759.494 1754.822 1747.618
1361.208 1365.209 1369.211 1374.541 1381.407 1388.273 1395.139 1402.005 1407.062 1411.977 1416.893 1421.808 1427.801 1435.47 1443.139 1450.809 1458.478 1465.463 1472.332 1479.201 1486.07 1491.891 1495.475 1499.059 1502.643 1506.227 1507.303 1507.683 1508.063 1508.443 1510.445 1517.407 1524.369 1531.331 1538.293 1549.58 1562.633 1575.685 1588.738 1601.423 1612.366 1623.308 1634.251 1645.194 1655.665 1665.87 1676.074 1686.278 1696.717 1709.234 1721.751 1734.269 1746.786 1754.0 1757.134 1760.267 1763.401 1766.325 1762.215 1758.105 1753.995 1749.885 1743.456
1344.186 1347.476 1350.767 1355.489 1361.865 1368.242 1374.618 1380.994 1386.65 1392.248 1397.848 1403.446 1409.672 1416.873 1424.074 1431.275 1438.476 1444.716 1450.794 1456.872 1462.95 1468.438 1472.668 1476.898 1481.128 1485.357 1488.407 1491.128 1493.849 1496.57 1500.605 1508.654 1516.703 1524.753 1532.802 1544.894 1558.635 1572.376 1586.118 1599.25 1609.494 1619.736 1629.979 1640.222 1649.957 1659.402 1668.847 1678.292 1688.046 1700.537 1713.027 1725.518 1738.008 1745.35 1748.731 1752.113 1755.494 1758.674 1755.124 1751.574 1748.024 1744.474 1738.862
1327.163 1329.743 1332.324 1336.437 1342.324 1348.21 1354.097 1359.983 1366.237 1372.52 1378.802 1385.085 1391.544 1398.276 1405.009 1411.741 1418.474 1423.97 1429.257 1434.543 1439.83 1444.986 1449.861 1454.737 1459.612 1464.488 1469.51 1474.573 1479.635 1484.698 1490.765 1499.901 1509.038 1518.174 1527.311 1540.207 1554.637 1569.067 1583.498 1597.078 1606.621 1616.164 1625.708 1635.251 1644.248 1652.934 1661.62 1670.307 1679.376 1691.84 1704.303 1716.767 1729.23 1736.7 1740.329 1743.958 1747.587 1751.024 1748.034 1745.043 1742.053 1739.063 1734.267
1310.141 1312.01 1313.88 1317.386 1322.782 1328.179 1333.576 1338.973 1345.825 1352.791 1359.757 1366.723 1373.415 1379.679 1385.943 1392.208 1398.472 1403.224 1407.719 1412.215 1416.71 1421.533 1427.054 1432.576 1438.097 1443.619 1450.614 1458.018 1465.422 1472.826 1480.925 1491.148 1501.372 1511.596 1521.82 1535.52 1550.639 1565.758 1580.878 1594.905 1603.749 1612.592 1621.436 1630.279 1638.539 1646.466 1654.394 1662.321 1670.706 1683.143 1695.579 1708.016 1720.452 1728.051 1731.927 1735.804 1739.68 1743.374 1740.943 1738.513 1736.082 1733.651 1729.673
1294.058 1295.052 1296.046 1298.911 1303.938 1308.965 1313.992 1319.019 1326.336 1333.831 1341.327 1348.822 1355.628 1361.361 1367.094 1372.828 1378.561 1382.981 1387.178 1391.376 1395.573 1400.49 1406.943 1413.396 1419.848 1426.301 1434.978 1444.273 1453.568 1462.863 1472.65 1483.942 1495.233 1506.524 1517.816 1532.163 1547.758 1563.352 1578.947 1593.239 1601.343 1609.447 1617.552 1625.656 1633.044 1640.026 1647.008 1653.99 1661.5 1673.684 1685.867 1698.051 1710.235 1717.986 1722.327 1726.668 1731.009 1735.173 1733.401 1731.629 1729.856 1728.084 1724.873
1279.854 1279.642 1279.431 1281.589 1286.487 1291.385 1296.283 1301.181 1308.693 1316.409 1324.125 1331.841 1338.524 1343.6 1348.677 1353.754 1358.83 1363.744 1368.631 1373.517 1378.404 1384.269 1392.223 1400.177 1408.132 1416.086 1425.865 1436.151 1446.436 1456.721 1467.508 1479.827 1492.146 1504.466 1516.785 1531.465 1547.108 1562.751 1578.394 1592.583 1599.87 1607.156 1614.442 1621.728 1627.98 1633.643 1639.306 1644.97 1651.223 1662.702 1674.18 1685.659 1697.137 1705.09 1710.329 1715.57 1720.81 1725.871 1724.955 1724.038 1723.122 1722.205 1719.662
1265.65 1264.233 1262.816 1264.267 1269.036 1273.805 1278.574 1283.342 1291.05 1298.986 1306.923 1314.86 1321.421 1325.84 1330.26 1334.68 1339.1 1344.508 1350.083 1355.659 1361.234 1368.047 1377.503 1386.959 1396.415 1405.872 1416.752 1428.028 1439.303 1450.579 1462.365 1475.713 1489.06 1502.407 1515.755 1530.766 1546.458 1562.15 1577.841 1591.928 1598.397 1604.865 1611.333 1617.801 1622.915 1627.26 1631.604 1635.949 1640.946 1651.719 1662.493 1673.266 1684.04 1692.194 1698.333 1704.471 1710.61 1716.569 1716.509 1716.448 1716.387 1716.327 1714.451
1251.446 1248.823 1246.2 1246.945 1251.585 1256.225 1260.864 1265.504 1273.406 1281.564 1289.721 1297.879 1304.317 1308.08 1311.843 1315.606 1319.37 1325.271 1331.536 1337.8 1344.064 1351.825 1362.783 1373.741 1384.699 1395.657 1407.638 1419.905 1432.171 1444.437 1457.223 1471.598 1485.974 1500.349 1514.724 1530.068 1545.809 1561.548 1577.289 1591.274 1596.924 1602.573 1608.224 1613.873 1617.85 1620.876 1623.902 1626.928 1630.669 1640.737 1650.805 1660.874 1670.942 1679.298 1686.335 1693.373 1700.411 1707.268 1708.063 1708.858 1709.653 1710.448 1709.24
1237.242 1233.413 1229.585 1229.624 1234.134 1238.645 1243.155 1247.665 1255.763 1264.141 1272.52 1280.897 1287.213 1290.319 1293.426 1296.533 1299.639 1306.035 1312.988 1319.941 1326.895 1335.604 1348.063 1360.523 1372.982 1385.442 1398.525 1411.782 1425.038 1438.295 1452.08 1467.484 1482.887 1498.29 1513.694 1529.37 1545.159 1560.947 1576.736 1590.619 1595.45 1600.282 1605.114 1609.946 1612.785 1614.493 1616.2 1617.907 1620.391 1629.755 1639.118 1648.481 1657.844 1666.402 1674.338 1682.275 1690.211 1697.966 1699.617 1701.267 1702.918 1704.569 1704.028
1225.519 1221.382 1217.246 1217.237 1222.002 1226.766 1231.531 1236.295 1244.788 1253.572 1262.357 1271.141 1277.993 1281.842 1285.69 1289.539 1293.387 1300.757 1308.723 1316.69 1324.656 1334.102 1346.707 1359.312 1371.917 1384.522 1397.647 1410.917 1424.186 1437.456 1451.29 1466.849 1482.409 1497.968 1513.527 1529.17 1544.847 1560.524 1576.201 1589.904 1594.238 1598.572 1602.906 1607.24 1609.318 1610.116 1610.913 1611.71 1613.269 1621.578 1629.886 1638.195 1646.503 1654.869 1663.279 1671.69 1680.099 1688.326 1690.42 1692.514 1694.608 1696.702 1696.559
1214.486 1210.29 1206.094 1206.221 1211.346 1216.471 1221.597 1226.722 1235.665 1244.907 1254.149 1263.39 1270.964 1275.943 1280.922 1285.901 1290.879 1299.356 1308.426 1317.496 1326.566 1336.69 1349.063 1361.437 1373.81 1386.184 1399.056 1412.068 1425.079 1438.09 1451.708 1467.181 1482.655 1498.128 1513.601 1529.108 1544.629 1560.149 1575.67 1589.174 1593.099 1597.023 1600.948 1604.873 1606.295 1606.296 1606.297 1606.297 1607.024 1614.18 1621.337 1628.494 1635.65 1643.716 1652.481 1661.247 1670.012 1678.594 1681.016 1683.438 1685.86 1688.282 1688.462
1203.453 1199.198 1194.943 1195.205 1200.691 1206.177 1211.663 1217.148 1226.543 1236.242 1245.941 1255.64 1263.935 1270.044 1276.153 1282.262 1288.371 1297.956 1308.129 1318.303 1328.476 1339.277 1351.419 1363.562 1375.703 1387.846 1400.466 1413.219 1425.972 1438.724 1452.127 1467.513 1482.901 1498.288 1513.675 1529.046 1544.411 1559.775 1575.14 1588.444 1591.959 1595.475 1598.99 1602.506 1603.272 1602.476 1601.68 1600.884 1600.778 1606.783 1612.787 1618.792 1624.797 1632.563 1641.683 1650.804 1659.925 1668.86 1671.611 1674.362 1677.112 1679.863 1680.366
1192.42 1188.106 1183.791 1184.189 1190.036 1195.882 1201.729 1207.575 1217.42 1227.576 1237.733 1247.89 1256.905 1264.145 1271.384 1278.624 1285.864 1296.556 1307.832 1319.109 1330.386 1341.865 1353.776 1365.686 1377.597 1389.508 1401.875 1414.37 1426.864 1439.359 1452.545 1467.846 1483.147 1498.448 1513.749 1528.984 1544.193 1559.401 1574.61 1587.713 1590.82 1593.926 1597.033 1600.139 1600.249 1598.656 1597.064 1595.471 1594.532 1599.385 1604.238 1609.091 1613.944 1621.41 1630.885 1640.361 1649.837 1659.128 1662.206 1665.285 1668.364 1671.443 1672.269
