data/zism_data/00743_03_D.txt
ncols         224
nrows         224
[rows 140 to 167 of 224, columns 64 to 127 of 224]
1356.101 1359.162 1362.223 1366.16 1372.404 1378.649 1384.893 1391.138 1393.801 1395.104 1396.407 1397.71 1398.346 1395.815 1393.284 1390.753 1388.222 1383.103 1376.421 1369.738 1363.056 1356.705 1354.602 1352.498 1350.395 1348.292 1347.027 1346.531 1346.036 1345.54 1345.044 1344.566 1344.089 1343.611 1343.134 1342.722 1342.4 1342.078 1341.757 1341.435 1341.383 1341.371 1341.359 1341.347 1341.434 1341.733 1342.031 1342.329 1342.627 1343.064 1343.543 1344.022 1344.5 1344.975 1345.437 1345.899 1346.361 1346.822 1347.273 1347.717 1348.162 1348.607 1349.02 1349.196
1356.032 1359.028 1362.024 1365.894 1372.063 1378.233 1384.402 1390.571 1393.167 1394.405 1395.643 1396.881 1397.474 1395.002 1392.531 1390.059 1387.587 1382.494 1375.817 1369.14 1362.463 1356.123 1354.106 1352.089 1350.072 1348.055 1346.828 1346.327 1345.826 1345.325 1344.824 1344.267 1343.709 1343.151 1342.593 1342.148 1341.858 1341.569 1341.279 1340.99 1340.965 1340.98 1340.995 1341.011 1341.123 1341.443 1341.762 1342.082 1342.402 1342.852 1343.342 1343.831 1344.321 1344.807 1345.285 1345.763 1346.241 1346.719 1347.189 1347.655 1348.122 1348.588 1349.017 1349.16
1355.963 1358.895 1361.826 1365.629 1371.722 1377.816 1383.91 1390.004 1392.532 1393.706 1394.879 1396.053 1396.603 1394.19 1391.778 1389.365 1386.952 1381.885 1375.214 1368.542 1361.87 1355.542 1353.611 1351.68 1349.748 1347.817 1346.63 1346.123 1345.617 1345.11 1344.604 1343.969 1343.33 1342.691 1342.052 1341.573 1341.316 1341.059 1340.802 1340.545 1340.548 1340.59 1340.632 1340.674 1340.811 1341.153 1341.494 1341.835 1342.177 1342.64 1343.14 1343.64 1344.141 1344.64 1345.134 1345.628 1346.122 1346.616 1347.105 1347.593 1348.081 1348.569 1349.013 1349.124
1355.894 1358.761 1361.628 1365.363 1371.381 1377.4 1383.418 1389.437 1391.897 1393.006 1394.115 1395.224 1395.731 1393.378 1391.025 1388.671 1386.318 1381.276 1374.61 1367.944 1361.277 1354.96 1353.115 1351.27 1349.425 1347.58 1346.431 1345.919 1345.407 1344.895 1344.383 1343.67 1342.95 1342.23 1341.511 1340.999 1340.774 1340.549 1340.324 1340.1 1340.13 1340.199 1340.268 1340.337 1340.5 1340.863 1341.225 1341.588 1341.951 1342.428 1342.939 1343.45 1343.961 1344.472 1344.982 1345.492 1346.002 1346.512 1347.022 1347.531 1348.04 1348.55 1349.009 1349.088
1356.463 1359.152 1361.841 1365.28 1370.689 1376.098 1381.507 1386.916 1389.113 1390.09 1391.067 1392.043 1392.465 1390.252 1388.04 1385.827 1383.614 1378.925 1372.739 1366.553 1360.367 1354.501 1352.733 1350.966 1349.198 1347.43 1346.291 1345.728 1345.166 1344.603 1344.041 1343.313 1342.581 1341.848 1341.116 1340.591 1340.353 1340.115 1339.878 1339.64 1339.661 1339.72 1339.78 1339.84 1339.994 1340.351 1340.709 1341.066 1341.423 1341.903 1342.42 1342.938 1343.455 1343.98 1344.534 1345.087 1345.641 1346.194 1346.708 1347.203 1347.697 1348.192 1348.604 1348.388
1357.152 1359.643 1362.133 1365.231 1369.93 1374.628 1379.327 1384.026 1385.922 1386.753 1387.584 1388.416 1388.745 1386.688 1384.631 1382.575 1380.518 1376.243 1370.628 1365.013 1359.397 1354.066 1352.373 1350.681 1348.988 1347.296 1346.162 1345.54 1344.918 1344.297 1343.675 1342.946 1342.213 1341.481 1340.748 1340.215 1339.955 1339.696 1339.437 1339.177 1339.181 1339.225 1339.268 1339.312 1339.452 1339.798 1340.145 1340.491 1340.838 1341.319 1341.842 1342.365 1342.887 1343.427 1344.029 1344.631 1345.233 1345.835 1346.351 1346.824 1347.297 1347.77 1348.124 1347.563
1357.842 1360.133 1362.424 1365.182 1369.171 1373.159 1377.147 1381.135 1382.73 1383.416 1384.102 1384.788 1385.024 1383.124 1381.223 1379.322 1377.422 1373.562 1368.517 1363.472 1358.427 1353.63 1352.013 1350.396 1348.779 1347.162 1346.033 1345.352 1344.671 1343.99 1343.309 1342.578 1341.846 1341.113 1340.381 1339.838 1339.557 1339.276 1338.996 1338.715 1338.702 1338.729 1338.757 1338.784 1338.91 1339.245 1339.581 1339.917 1340.252 1340.736 1341.264 1341.792 1342.32 1342.875 1343.525 1344.175 1344.825 1345.476 1345.994 1346.445 1346.897 1347.348 1347.643 1346.737
1358.532 1360.623 1362.715 1365.134 1368.411 1371.689 1374.967 1378.244 1379.539 1380.079 1380.62 1381.16 1381.304 1379.559 1377.815 1376.07 1374.326 1370.88 1366.406 1361.931 1357.457 1353.195 1351.653 1350.111 1348.57 1347.028 1345.904 1345.164 1344.424 1343.684 1342.944 1342.211 1341.479 1340.746 1340.014 1339.462 1339.159 1338.857 1338.555 1338.252 1338.222 1338.234 1338.245 1338.256 1338.367 1338.692 1339.017 1339.342 1339.667 1340.152 1340.685 1341.219 1341.752 1342.322 1343.02 1343.719 1344.418 1345.117 1345.636 1346.066 1346.496 1346.927 1347.162 1345.912
1358.762 1360.665 1362.567 1364.676 1367.328 1369.981 1372.633 1375.286 1376.277 1376.638 1376.999 1377.36 1377.38 1375.778 1374.177 1372.575 1370.974 1367.93 1364.015 1360.1 1356.184 1352.449 1351.019 1349.588 1348.158 1346.727 1345.638 1344.862 1344.085 1343.309 1342.533 1341.789 1341.047 1340.305 1339.562 1338.999 1338.681 1338.364 1338.047 1337.729 1337.698 1337.709 1337.721 1337.732 1337.844 1338.169 1338.495 1338.82 1339.146 1339.619 1340.137 1340.654 1341.172 1341.729 1342.428 1343.128 1343.828 1344.527 1345.013 1345.392 1345.771 1346.151 1346.306 1344.752
1357.943 1359.679 1361.414 1363.284 1365.506 1367.727 1369.949 1372.171 1372.857 1372.959 1373.062 1373.165 1372.99 1371.502 1370.013 1368.525 1367.036 1364.368 1360.985 1357.603 1354.22 1350.993 1349.757 1348.52 1347.283 1346.047 1345.059 1344.298 1343.538 1342.778 1342.018 1341.244 1340.469 1339.694 1338.92 1338.337 1338.02 1337.703 1337.385 1337.068 1337.069 1337.118 1337.167 1337.216 1337.362 1337.715 1338.067 1338.42 1338.772 1339.202 1339.655 1340.108 1340.561 1341.044 1341.636 1342.228 1342.82 1343.412 1343.783 1344.044 1344.304 1344.565 1344.591 1342.828
1357.124 1358.693 1360.261 1361.891 1363.683 1365.474 1367.265 1369.056 1369.437 1369.281 1369.125 1368.969 1368.601 1367.226 1365.85 1364.475 1363.099 1360.805 1357.956 1355.106 1352.257 1349.538 1348.495 1347.452 1346.409 1345.366 1344.479 1343.735 1342.991 1342.247 1341.503 1340.698 1339.891 1339.084 1338.277 1337.676 1337.359 1337.041 1336.724 1336.406 1336.44 1336.527 1336.614 1336.701 1336.881 1337.26 1337.64 1338.019 1338.399 1338.785 1339.173 1339.562 1339.95 1340.359 1340.844 1341.328 1341.812 1342.297 1342.553 1342.695 1342.838 1342.98 1342.877 1340.904
1356.305 1357.707 1359.109 1360.499 1361.86 1363.22 1364.581 1365.942 1366.016 1365.602 1365.188 1364.773 1364.212 1362.949 1361.687 1360.425 1359.162 1357.243 1354.926 1352.609 1350.293 1348.082 1347.233 1346.384 1345.535 1344.686 1343.9 1343.172 1342.444 1341.716 1340.988 1340.152 1339.313 1338.474 1337.635 1337.015 1336.697 1336.38 1336.062 1335.745 1335.812 1335.936 1336.061 1336.185 1336.4 1336.806 1337.212 1337.619 1338.025 1338.368 1338.692 1339.015 1339.339 1339.674 1340.051 1340.428 1340.805 1341.182 1341.323 1341.347 1341.37 1341.394 1341.162 1338.979
1355.486 1356.721 1357.956 1359.107 1360.037 1360.967 1361.897 1362.827 1362.596 1361.923 1361.25 1360.578 1359.823 1358.673 1357.524 1356.374 1355.225 1353.68 1351.896 1350.113 1348.329 1346.627 1345.971 1345.316 1344.661 1344.005 1343.32 1342.609 1341.897 1341.185 1340.473 1339.606 1338.735 1337.863 1336.992 1336.353 1336.036 1335.719 1335.401 1335.084 1335.183 1335.345 1335.508 1335.67 1335.918 1336.352 1336.785 1337.218 1337.651 1337.951 1338.21 1338.469 1338.728 1338.99 1339.259 1339.528 1339.797 1340.066 1340.093 1339.998 1339.904 1339.809 1339.448 1337.055
1354.399 1355.393 1356.387 1357.286 1357.939 1358.591 1359.244 1359.896 1359.491 1358.684 1357.877 1357.07 1356.224 1355.192 1354.16 1353.128 1352.095 1350.754 1349.226 1347.698 1346.17 1344.716 1344.209 1343.702 1343.195 1342.688 1342.113 1341.475 1340.837 1340.199 1339.562 1338.738 1337.908 1337.079 1336.25 1335.658 1335.394 1335.131 1334.867 1334.604 1334.703 1334.858 1335.012 1335.166 1335.408 1335.835 1336.262 1336.689 1337.116 1337.371 1337.574 1337.777 1337.979 1338.171 1338.325 1338.478 1338.631 1338.784 1338.677 1338.439 1338.201 1337.963 1337.479 1335.116
1353.232 1353.962 1354.692 1355.337 1355.758 1356.179 1356.599 1357.02 1356.481 1355.578 1354.674 1353.77 1352.865 1351.951 1351.037 1350.123 1349.209 1348.02 1346.664 1345.309 1343.953 1342.668 1342.296 1341.923 1341.551 1341.178 1340.715 1340.169 1339.623 1339.077 1338.53 1337.772 1337.007 1336.242 1335.477 1334.953 1334.759 1334.565 1334.372 1334.178 1334.268 1334.401 1334.534 1334.667 1334.888 1335.299 1335.71 1336.121 1336.532 1336.742 1336.891 1337.04 1337.189 1337.313 1337.348 1337.382 1337.417 1337.452 1337.205 1336.816 1336.427 1336.039 1335.433 1333.172
1352.064 1352.531 1352.997 1353.387 1353.576 1353.766 1353.955 1354.145 1353.472 1352.471 1351.471 1350.47 1349.505 1348.71 1347.914 1347.119 1346.323 1345.286 1344.103 1342.919 1341.736 1340.621 1340.383 1340.145 1339.907 1339.669 1339.318 1338.863 1338.408 1337.954 1337.499 1336.806 1336.106 1335.405 1334.705 1334.247 1334.124 1334.0 1333.876 1333.752 1333.833 1333.944 1334.056 1334.167 1334.369 1334.763 1335.158 1335.553 1335.948 1336.113 1336.208 1336.303 1336.398 1336.454 1336.371 1336.287 1336.203 1336.12 1335.732 1335.193 1334.654 1334.115 1333.388 1331.229
1350.897 1351.099 1351.302 1351.437 1351.395 1351.353 1351.311 1351.269 1350.462 1349.365 1348.267 1347.17 1346.145 1345.468 1344.791 1344.115 1343.438 1342.552 1341.541 1340.53 1339.518 1338.573 1338.47 1338.366 1338.263 1338.16 1337.921 1337.557 1337.194 1336.831 1336.467 1335.84 1335.204 1334.568 1333.933 1333.542 1333.488 1333.434 1333.381 1333.327 1333.398 1333.488 1333.578 1333.667 1333.849 1334.228 1334.606 1334.985 1335.364 1335.483 1335.525 1335.566 1335.607 1335.596 1335.394 1335.192 1334.99 1334.788 1334.26 1333.57 1332.88 1332.19 1331.342 1329.286
1349.644 1349.577 1349.509 1349.394 1349.155 1348.915 1348.675 1348.436 1347.518 1346.344 1345.17 1343.995 1342.925 1342.353 1341.781 1341.208 1340.636 1339.899 1339.061 1338.223 1337.385 1336.609 1336.628 1336.647 1336.666 1336.684 1336.548 1336.268 1335.989 1335.71 1335.431 1334.88 1334.322 1333.763 1333.204 1332.878 1332.872 1332.866 1332.859 1332.853 1332.928 1333.015 1333.102 1333.189 1333.363 1333.721 1334.08 1334.439 1334.797 1334.873 1334.863 1334.853 1334.843 1334.769 1334.463 1334.158 1333.852 1333.547 1332.901 1332.083 1331.267 1330.45 1329.503 1327.569
1348.109 1347.751 1347.393 1347.044 1346.718 1346.392 1346.066 1345.74 1344.792 1343.607 1342.421 1341.236 1340.168 1339.655 1339.142 1338.629 1338.116 1337.511 1336.851 1336.191 1335.53 1334.925 1335.025 1335.124 1335.224 1335.323 1335.256 1335.036 1334.816 1334.596 1334.376 1333.942 1333.502 1333.062 1332.621 1332.352 1332.319 1332.286 1332.253 1332.22 1332.343 1332.489 1332.635 1332.781 1332.985 1333.311 1333.638 1333.964 1334.291 1334.326 1334.273 1334.219 1334.167 1334.047 1333.688 1333.328 1332.969 1332.61 1331.913 1331.047 1330.182 1329.317 1328.349 1326.604
1346.574 1345.925 1345.277 1344.693 1344.281 1343.869 1343.457 1343.045 1342.065 1340.869 1339.673 1338.477 1337.41 1336.956 1336.503 1336.049 1335.595 1335.123 1334.641 1334.158 1333.676 1333.241 1333.421 1333.601 1333.782 1333.962 1333.964 1333.803 1333.642 1333.481 1333.321 1333.004 1332.682 1332.36 1332.038 1331.827 1331.767 1331.707 1331.646 1331.586 1331.757 1331.963 1332.168 1332.373 1332.607 1332.901 1333.195 1333.49 1333.784 1333.778 1333.682 1333.586 1333.49 1333.325 1332.912 1332.499 1332.085 1331.672 1330.925 1330.011 1329.098 1328.184 1327.195 1325.638
1345.039 1344.1 1343.16 1342.342 1341.844 1341.346 1340.848 1340.35 1339.339 1338.132 1336.925 1335.718 1334.653 1334.258 1333.863 1333.469 1333.074 1332.735 1332.431 1332.126 1331.821 1331.557 1331.818 1332.079 1332.339 1332.6 1332.672 1332.571 1332.469 1332.367 1332.266 1332.065 1331.862 1331.659 1331.455 1331.301 1331.214 1331.127 1331.04 1330.953 1331.172 1331.436 1331.701 1331.966 1332.229 1332.491 1332.753 1333.015 1333.277 1333.231 1333.092 1332.952 1332.813 1332.603 1332.136 1331.669 1331.202 1330.735 1329.938 1328.975 1328.013 1327.051 1326.042 1324.673
1343.504 1342.274 1341.044 1339.992 1339.408 1338.823 1338.239 1337.655 1336.612 1335.394 1334.177 1332.959 1331.895 1331.56 1331.224 1330.889 1330.553 1330.348 1330.22 1330.093 1329.966 1329.873 1330.214 1330.556 1330.897 1331.239 1331.38 1331.338 1331.296 1331.253 1331.211 1331.127 1331.042 1330.957 1330.872 1330.775 1330.661 1330.547 1330.434 1330.32 1330.586 1330.91 1331.234 1331.558 1331.852 1332.081 1332.311 1332.54 1332.77 1332.683 1332.501 1332.319 1332.137 1331.881 1331.36 1330.839 1330.318 1329.798 1328.95 1327.94 1326.929 1325.918 1324.888 1323.707
1341.802 1340.312 1338.821 1337.533 1336.781 1336.028 1335.275 1334.522 1333.463 1332.287 1331.111 1329.936 1328.926 1328.706 1328.486 1328.266 1328.046 1327.989 1328.032 1328.075 1328.118 1328.185 1328.563 1328.94 1329.317 1329.695 1329.894 1329.929 1329.965 1330.0 1330.036 1330.051 1330.066 1330.081 1330.096 1330.069 1329.984 1329.9 1329.815 1329.73 1330.023 1330.372 1330.722 1331.071 1331.375 1331.584 1331.792 1332.001 1332.209 1332.105 1331.906 1331.707 1331.508 1331.232 1330.68 1330.128 1329.575 1329.023 1328.22 1327.292 1326.364 1325.436 1324.497 1323.475
1340.027 1338.289 1336.551 1335.028 1334.07 1333.113 1332.156 1331.199 1330.13 1329.018 1327.907 1326.796 1325.864 1325.784 1325.704 1325.624 1325.543 1325.644 1325.854 1326.063 1326.273 1326.496 1326.89 1327.283 1327.677 1328.071 1328.322 1328.444 1328.565 1328.687 1328.809 1328.916 1329.022 1329.128 1329.234 1329.283 1329.252 1329.221 1329.191 1329.16 1329.469 1329.829 1330.189 1330.549 1330.856 1331.048 1331.24 1331.433 1331.625 1331.513 1331.308 1331.104 1330.899 1330.615 1330.041 1329.467 1328.894 1328.32 1327.603 1326.815 1326.027 1325.239 1324.44 1323.564
1338.253 1336.267 1334.281 1332.522 1331.36 1330.198 1329.036 1327.875 1326.796 1325.75 1324.703 1323.656 1322.802 1322.862 1322.922 1322.981 1323.041 1323.299 1323.675 1324.052 1324.428 1324.807 1325.217 1325.627 1326.036 1326.446 1326.75 1326.958 1327.166 1327.374 1327.582 1327.78 1327.977 1328.175 1328.373 1328.497 1328.52 1328.543 1328.566 1328.589 1328.915 1329.286 1329.657 1330.027 1330.336 1330.512 1330.689 1330.865 1331.041 1330.921 1330.711 1330.501 1330.291 1329.998 1329.402 1328.807 1328.212 1327.617 1326.986 1326.338 1325.69 1325.042 1324.384 1323.652
1336.478 1334.244 1332.011 1330.016 1328.65 1327.283 1325.917 1324.551 1323.463 1322.481 1321.499 1320.517 1319.74 1319.94 1320.14 1320.339 1320.539 1320.953 1321.496 1322.04 1322.583 1323.118 1323.544 1323.97 1324.396 1324.822 1325.179 1325.473 1325.767 1326.06 1326.354 1326.644 1326.933 1327.222 1327.512 1327.712 1327.789 1327.865 1327.942 1328.019 1328.361 1328.743 1329.124 1329.506 1329.817 1329.977 1330.137 1330.297 1330.457 1330.329 1330.114 1329.898 1329.683 1329.381 1328.764 1328.147 1327.531 1326.914 1326.369 1325.861 1325.353 1324.844 1324.327 1323.741
1334.85 1332.368 1329.886 1327.644 1326.034 1324.423 1322.813 1321.203 1320.103 1319.198 1318.292 1317.387 1316.699 1317.049 1317.4 1317.75 1318.1 1318.67 1319.373 1320.077 1320.78 1321.465 1321.917 1322.37 1322.822 1323.275 1323.687 1324.064 1324.44 1324.817 1325.194 1325.565 1325.937 1326.308 1326.679 1326.955 1327.098 1327.242 1327.385 1327.529 1327.889 1328.281 1328.674 1329.066 1329.383 1329.537 1329.691 1329.845 1329.999 1329.856 1329.624 1329.391 1329.159 1328.841 1328.218 1327.596 1326.973 1326.35 1325.891 1325.514 1325.137 1324.76 1324.375 1323.93
1333.996 1331.261 1328.526 1325.976 1323.914 1321.851 1319.789 1317.727 1316.604 1315.838 1315.073 1314.307 1313.771 1314.326 1314.88 1315.435 1315.99 1316.714 1317.541 1318.368 1319.195 1320.001 1320.534 1321.068 1321.601 1322.134 1322.619 1323.06 1323.501 1323.942 1324.383 1324.788 1325.192 1325.596 1325.999 1326.35 1326.628 1326.906 1327.184 1327.463 1327.849 1328.252 1328.656 1329.059 1329.398 1329.601 1329.803 1330.006 1330.209 1330.015 1329.702 1329.388 1329.075 1328.711 1328.163 1327.616 1327.068 1326.521 1326.144 1325.854 1325.563 1325.272 1324.977 1324.65
