data/zism_data/00759_04_D.txt
ncols         224
nrows         224
[rows 0 to 27 of 224, columns 126 to 188 of 224]
538.9734 546.2078 553.4418 560.6758 567.9777 577.5406 587.1039 596.6669 606.2302 615.9087 625.7134 635.5178 645.3223 655.127 662.1124 668.8777 675.6428 682.4081 686.8177 687.3319 687.846 688.3601 688.8742 693.046 697.988 702.9299 707.8719 713.2245 719.6587 726.0927 732.5266 738.9608 744.5363 749.7859 755.0354 760.285 765.2426 768.8134 772.384 775.9547 779.5255 783.8699 788.6824 793.4946 798.3071 803.1949 809.05 814.905 820.76 826.6152 832.4285 838.2039 843.979 849.7544 855.5295 860.8786 866.2148 871.551 876.8874 882.1044 887.1571 892.2097 897.2624
554.3493 562.7103 571.071 579.4317 587.8271 597.374 606.9212 616.4681 626.0153 635.5776 645.157 654.736 664.3151 673.8945 680.7739 687.4427 694.1113 700.78 705.0607 705.3925 705.7241 706.0558 706.3876 709.8761 714.0294 718.1825 722.3358 726.9944 732.9832 738.9719 744.9605 750.9493 756.0486 760.8099 765.5712 770.3326 774.8215 778.0167 781.2118 784.4069 787.6021 791.6612 796.2429 800.8245 805.4063 810.0428 815.3829 820.7228 826.0627 831.4028 836.7375 842.0676 847.3974 852.7274 858.0573 863.3882 868.7191 874.0499 879.3809 884.6714 889.9066 895.1415 900.3766
569.7257 579.2134 588.7008 598.1882 607.6772 617.208 626.7391 636.2699 645.801 655.2471 664.6012 673.9549 683.3086 692.6627 699.4362 706.0084 712.5803 719.1525 723.3043 723.4537 723.6029 723.7522 723.9015 726.7068 730.0713 733.4357 736.8002 740.7646 746.3082 751.8515 757.3948 762.9384 767.5612 771.8343 776.1073 780.3805 784.4007 787.2203 790.0398 792.8593 795.6789 799.4528 803.8038 808.1547 812.5057 816.8909 821.7159 826.5408 831.3657 836.1907 841.0467 845.9314 850.8159 855.7006 860.5851 865.8979 871.2234 876.5489 881.8745 887.2386 892.6561 898.0735 903.491
586.4811 596.599 606.7166 616.834 626.9305 636.3078 645.6854 655.0627 664.4403 673.6871 682.7916 691.8959 701.0001 710.1047 716.679 723.0557 729.4323 735.8091 739.8276 739.9464 740.0651 740.1838 740.3026 742.5645 745.2776 747.9908 750.704 754.028 758.9599 763.8916 768.8234 773.7552 777.9816 781.9401 785.8984 789.8569 793.5715 796.1288 798.6861 801.2433 803.8006 807.3559 811.5148 815.6735 819.8324 824.0106 828.4387 832.8667 837.2946 841.7227 846.1288 850.5151 854.9013 859.2876 863.6738 868.7142 873.7739 878.8337 883.8937 889.1561 894.6982 900.2401 905.7822
604.9283 615.0677 625.2067 635.3456 645.4536 654.509 663.5646 672.6201 681.6757 690.621 699.4466 708.2719 717.097 725.9226 732.183 738.2432 744.3033 750.3635 754.2434 754.5177 754.7921 755.0664 755.3407 757.2308 759.4611 761.6912 763.9215 766.671 770.7874 774.9036 779.0198 783.1362 787.0641 790.9206 794.777 798.6335 802.2425 804.6764 807.1102 809.544 811.9779 815.3964 819.4105 823.4243 827.4384 831.4639 835.6399 839.8156 843.9914 848.1673 852.1589 855.9818 859.8046 863.6274 867.4502 871.9064 876.3814 880.8563 885.3315 890.2774 895.8732 901.4688 907.0645
623.3749 633.5357 643.6962 653.8566 663.976 672.7095 681.4433 690.1768 698.9105 707.5544 716.101 724.6472 733.1934 741.7399 747.6865 753.4302 759.1737 764.9174 768.6586 769.0886 769.5185 769.9484 770.3784 771.8965 773.6439 775.3912 777.1385 779.3136 782.6144 785.9152 789.2159 792.5167 796.1462 799.9008 803.6553 807.4099 810.9131 813.2236 815.5341 817.8445 820.155 823.4366 827.3058 831.1749 835.044 838.917 842.8408 846.7643 850.688 854.6117 858.1888 861.4482 864.7076 867.9671 871.2265 875.0985 878.9887 882.8789 886.7692 891.3987 897.0481 902.6973 908.3467
641.8221 652.0043 662.1863 672.3682 682.4991 690.9106 699.3225 707.7341 716.1459 724.4885 732.7559 741.0231 749.2903 757.5579 763.1906 768.6177 774.0446 779.4717 783.0744 783.6599 784.2454 784.8309 785.4165 786.5628 787.8273 789.0916 790.3561 791.9566 794.4419 796.9271 799.4124 801.8976 805.2287 808.8813 812.5338 816.1865 819.5841 821.7712 823.9582 826.1451 828.3322 831.4772 835.2015 838.9257 842.65 846.3703 850.0419 853.7133 857.3848 861.0563 864.2188 866.9149 869.6109 872.3069 875.0029 878.2908 881.5961 884.9015 888.207 892.52 898.2231 903.926 909.629
660.2687 670.4724 680.6758 690.8792 701.0215 709.1112 717.2012 725.2908 733.3807 741.4219 749.4103 757.3985 765.3867 773.3752 778.6941 783.8047 788.9151 794.0256 797.4896 798.2308 798.9719 799.713 800.4541 801.2286 802.0101 802.7916 803.5731 804.5992 806.269 807.9387 809.6084 811.2782 814.3109 817.8616 821.4121 824.9628 828.2548 830.3184 832.382 834.4456 836.5093 839.5174 843.0969 846.6762 850.2556 853.8234 857.2427 860.662 864.0813 867.5007 870.2487 872.3813 874.514 876.6467 878.7792 881.4829 884.2035 886.9241 889.6447 893.6413 899.398 905.1545 910.9113
674.5926 685.0106 695.4283 705.8459 716.18 723.7018 731.224 738.7459 746.2681 753.6144 760.7694 767.9242 775.079 782.2339 787.0961 791.7792 796.4622 801.1454 804.478 805.5771 806.6763 807.7755 808.8747 809.8741 810.8525 811.8309 812.8093 813.9128 815.3455 816.7783 818.2109 819.6437 822.5687 826.0608 829.5528 833.0449 836.309 838.4903 840.6716 842.8528 845.0341 848.1976 851.9552 855.7126 859.4703 863.1832 866.3264 869.4694 872.6124 875.7556 878.158 879.8815 881.605 883.3286 885.0521 887.5552 890.0815 892.6078 895.1342 899.0345 904.8304 910.6262 916.4221
688.4515 699.1057 709.7593 720.413 730.959 737.8854 744.8121 751.7384 758.665 765.2721 771.531 777.7897 784.0485 790.3074 794.6965 798.9397 803.1828 807.426 810.6279 812.1081 813.5881 815.0682 816.5484 817.8401 819.0922 820.3442 821.5963 822.8508 824.1118 825.3729 826.6339 827.895 830.7338 834.1722 837.6105 841.049 844.2939 846.6201 848.9462 851.2723 853.5985 856.9504 860.9225 864.8947 868.8669 872.7587 875.6228 878.4869 881.3509 884.215 886.2797 887.6115 888.9434 890.2752 891.6071 893.9529 896.329 898.705 901.0812 904.9103 910.7438 916.5771 922.4106
702.31 713.2002 724.0899 734.9797 745.7377 752.0685 758.3996 764.7305 771.0615 776.9294 782.2922 787.655 793.0176 798.3806 802.2967 806.1 809.9031 813.7064 816.7777 818.6387 820.4998 822.3608 824.2219 825.8058 827.3315 828.8572 830.3829 831.7884 832.8778 833.9672 835.0565 836.1459 838.8985 842.2833 845.668 849.0528 852.2786 854.7496 857.2206 859.6915 862.1626 865.7028 869.8896 874.0763 878.2631 882.3338 884.9189 887.504 890.0891 892.6743 894.4011 895.3413 896.2814 897.2216 898.1617 900.3504 902.5762 904.8021 907.0281 910.7858 916.6569 922.5278 928.3988
716.169 727.2952 738.421 749.5468 760.5168 766.2521 771.9876 777.723 783.4585 788.587 793.0538 797.5205 801.9871 806.4539 809.8971 813.2604 816.6237 819.987 822.9277 825.1697 827.4116 829.6536 831.8956 833.7719 835.5712 837.3705 839.1699 840.7264 841.6441 842.5618 843.4794 844.3971 847.0635 850.3947 853.7257 857.0568 860.2635 862.8794 865.4952 868.1111 870.727 874.4555 878.857 883.2583 887.6597 891.9092 894.2154 896.5215 898.8276 901.1338 902.5229 903.0714 903.6198 904.1682 904.7167 906.7481 908.8237 910.8994 912.9751 916.6616 922.5703 928.4786 934.3873
727.7751 738.8705 749.9656 761.0606 771.9868 777.2461 782.5055 787.7647 793.0242 797.5909 801.4025 805.2138 809.0252 812.8367 816.0043 819.1218 822.2391 825.3566 828.2567 830.7975 833.3383 835.879 838.4199 840.5911 842.6846 844.7781 846.8716 848.6434 849.5685 850.4937 851.4188 852.3439 855.0912 858.531 861.9707 865.4105 868.7598 871.6792 874.5985 877.5178 880.4373 884.4371 889.0906 893.7438 898.3972 902.8739 905.0914 907.3089 909.5264 911.744 912.9612 913.2617 913.5622 913.8627 914.1631 915.9998 917.8823 919.7648 921.6474 925.1091 930.7492 936.3892 942.0293
735.1583 745.7226 756.2864 766.8503 777.2535 782.2606 787.2678 792.2749 797.2822 801.6199 805.2275 808.835 812.4424 816.05 819.3124 822.5479 825.7833 829.0188 832.047 834.7327 837.4183 840.1039 842.7896 845.2609 847.6871 850.1132 852.5394 854.6468 855.9153 857.1838 858.4523 859.7208 862.862 866.715 870.5677 874.4207 878.2157 881.7361 885.2563 888.7767 892.2971 896.7239 901.6993 906.6744 911.6497 916.4445 918.9303 921.416 923.9017 926.3876 927.7444 928.0663 928.3882 928.7102 929.0321 930.6037 932.2126 933.8215 935.4304 938.3795 943.1772 947.9749 952.7726
742.5413 752.5744 762.6071 772.6399 782.52 787.2749 792.03 796.7849 801.54 805.6486 809.0523 812.4559 815.8595 819.2632 822.6203 825.9738 829.3273 832.6808 835.8372 838.6677 841.4982 844.3287 847.1592 849.9305 852.6893 855.4481 858.207 860.65 862.2618 863.8737 865.4855 867.0974 870.6325 874.8986 879.1645 883.4306 887.6713 891.7927 895.9139 900.035 904.1564 909.0103 914.3076 919.6046 924.9018 930.0146 932.7687 935.5226 938.2766 941.0307 942.527 942.8704 943.2138 943.5572 943.9006 945.2072 946.5424 947.8776 949.213 951.6494 955.6048 959.5601 963.5155
749.9245 759.4265 768.928 778.4296 787.7866 792.2894 796.7923 801.295 805.798 809.6775 812.8773 816.077 819.2767 822.4766 825.9283 829.3999 832.8714 836.343 839.6275 842.6029 845.5782 848.5535 851.5289 854.6002 857.6918 860.7832 863.8748 866.6533 868.6086 870.5638 872.519 874.4743 878.4033 883.0825 887.7616 892.4408 897.1273 901.8496 906.5717 911.2938 916.0161 921.2971 926.9163 932.5352 938.1544 943.5851 946.6075 949.6298 952.652 955.6743 957.3101 957.675 958.0399 958.4047 958.7696 959.811 960.8727 961.9343 962.996 964.9197 968.0328 971.1458 974.2588
757.3075 766.2783 775.2487 784.2192 793.0531 797.3037 801.5544 805.8051 810.0558 813.7063 816.7022 819.6981 822.6938 825.6898 829.2363 832.8259 836.4154 840.005 843.4177 846.5379 849.6581 852.7783 855.8986 859.2698 862.694 866.1181 869.5423 872.6565 874.9551 877.2537 879.5523 881.851 886.1738 891.2662 896.3583 901.4506 906.5829 911.9062 917.2292 922.5522 927.8755 933.5835 939.5245 945.4654 951.4064 957.1552 960.4459 963.7363 967.0269 970.3174 972.0928 972.4791 972.8654 973.2518 973.6381 974.4145 975.2025 975.9905 976.7785 978.1896 980.4603 982.731 985.0017
760.6481 769.1647 777.681 786.1973 794.5898 798.8234 803.0572 807.2908 811.5247 815.2038 818.2781 821.3523 824.4265 827.5008 831.0871 834.7135 838.3397 841.9661 845.4724 848.7803 852.0881 855.3959 858.7038 862.2765 865.905 869.5335 873.1621 876.546 879.2864 882.0267 884.767 887.5074 892.2172 897.6756 903.1339 908.5922 914.1255 920.0154 925.9052 931.7949 937.6849 943.5299 949.3481 955.1661 960.9843 966.6072 969.7341 972.861 975.9878 979.1147 980.8988 981.452 982.0052 982.5584 983.1116 983.8057 984.504 985.2022 985.9005 987.1483 989.154 991.1596 993.1653
762.9599 771.0419 779.1236 787.2053 795.177 799.4536 803.7303 808.0069 812.2836 816.0569 819.2815 822.5059 825.7304 828.955 832.567 836.2095 839.8519 843.4944 847.0855 850.5919 854.0982 857.6045 861.1109 864.86 868.6603 872.4604 876.2607 879.8976 883.1048 886.3119 889.5189 892.7261 897.8211 903.6336 909.4459 915.2585 921.1813 927.6293 934.0771 940.5248 946.9728 952.881 958.4631 964.045 969.6271 975.0112 977.8645 980.7177 983.5709 986.4242 988.1838 988.9409 989.6979 990.4551 991.2122 991.8705 992.5258 993.1812 993.8365 995.0098 996.8974 998.785 1000.673
765.2716 772.919 780.5662 788.2133 795.7642 800.0837 804.4034 808.7228 813.0425 816.9101 820.2849 823.6595 827.0342 830.409 834.0469 837.7055 841.364 845.0226 848.6985 852.4034 856.1082 859.813 863.5179 867.4434 871.4154 875.3873 879.3593 883.249 886.923 890.5969 894.2708 897.9447 903.4248 909.5914 915.7579 921.9245 928.2369 935.2429 942.2487 949.2544 956.2604 962.2318 967.5778 972.9236 978.2696 983.415 985.9946 988.5742 991.1537 993.7333 995.4684 996.4294 997.3904 998.3514 999.3124 999.9349 1000.547 1001.16 1001.772 1002.871 1004.641 1006.41 1008.18
767.5834 774.7962 782.0087 789.2213 796.3515 800.7139 805.0765 809.4388 813.8015 817.7633 821.2883 824.8132 828.3381 831.8632 835.5269 839.2015 842.8761 846.5508 850.3116 854.215 858.1183 862.0217 865.9251 870.0269 874.1706 878.3141 882.4579 886.6006 890.7414 894.882 899.0227 903.1635 909.0287 915.5494 922.07 928.5908 935.2927 942.8568 950.4205 957.9843 965.5483 971.5828 976.6927 981.8025 986.9124 991.819 994.125 996.4309 998.7368 1001.043 1002.753 1003.918 1005.083 1006.248 1007.413 1008.0 1008.569 1009.139 1009.708 1010.732 1012.384 1014.036 1015.687
768.9597 775.8053 782.6507 789.4961 796.2714 800.6899 805.1086 809.5272 813.9459 817.9975 821.6489 825.3003 828.9516 832.6031 836.3154 840.0327 843.7498 847.467 851.3116 855.3673 859.4229 863.4785 867.5341 871.7518 876.0038 880.2556 884.5076 888.8394 893.3822 897.9249 902.4675 907.0103 913.2208 920.0652 926.9095 933.754 940.7993 948.7997 956.7999 964.8 972.8004 978.8975 983.8441 988.7905 993.737 998.4789 1000.604 1002.729 1004.853 1006.978 1008.714 1010.092 1011.47 1012.848 1014.226 1014.855 1015.462 1016.07 1016.677 1017.708 1019.325 1020.942 1022.559
767.4746 774.1593 780.8438 787.5282 794.15 798.6651 803.1804 807.6955 812.2108 816.3384 820.0436 823.7485 827.4536 831.1587 834.9894 838.83 842.6705 846.5111 850.4367 854.5031 858.5694 862.6357 866.7021 870.8508 875.0169 879.1829 883.349 887.6748 892.4214 897.168 901.9145 906.6612 913.095 920.1701 927.2451 934.3203 941.5673 949.6321 957.6967 965.7612 973.826 979.9842 984.9897 989.9951 995.0007 999.8047 1002.032 1004.258 1006.485 1008.712 1010.622 1012.241 1013.861 1015.48 1017.1 1018.012 1018.904 1019.795 1020.687 1021.976 1023.813 1025.649 1027.486
765.9896 772.5133 779.0368 785.5603 792.0286 796.6403 801.2521 805.8638 810.4756 814.6794 818.4382 822.1968 825.9554 829.7142 833.6633 837.6273 841.5912 845.5552 849.5618 853.6389 857.7159 861.793 865.8701 869.9497 874.03 878.1101 882.1904 886.5101 891.4607 896.4111 901.3615 906.312 912.9691 920.275 927.5807 934.8865 942.3354 950.4646 958.5935 966.7225 974.8517 981.0709 986.1354 991.1998 996.2644 1001.131 1003.459 1005.788 1008.117 1010.445 1012.53 1014.391 1016.252 1018.113 1019.974 1021.17 1022.346 1023.521 1024.697 1026.243 1028.3 1030.357 1032.414
764.5045 770.8673 777.2299 783.5924 789.9072 794.6154 799.3239 804.0321 808.7405 813.0203 816.8328 820.6451 824.4574 828.2698 832.3372 836.4246 840.5119 844.5994 848.6868 852.7747 856.8625 860.9503 865.0381 869.0486 873.0431 877.0374 881.0318 885.3455 890.4999 895.6542 900.8085 905.9629 912.8433 920.3799 927.9163 935.4529 943.1035 951.2971 959.4904 967.6837 975.8773 982.1575 987.2811 992.4045 997.5281 1002.456 1004.887 1007.318 1009.748 1012.179 1014.438 1016.541 1018.643 1020.746 1022.848 1024.327 1025.787 1027.247 1028.708 1030.511 1032.788 1035.064 1037.341
763.0195 769.2213 775.4229 781.6245 787.7858 792.5906 797.3956 802.2004 807.0054 811.3612 815.2274 819.0933 822.9593 826.8254 831.0111 835.2219 839.4326 843.6435 847.8119 851.9105 856.009 860.1075 864.2061 868.1476 872.0562 875.9647 879.8732 884.1808 889.5392 894.8973 900.2554 905.6138 912.7175 920.4848 928.2518 936.0192 943.8715 952.1295 960.3873 968.645 976.903 983.2442 988.4268 993.6092 998.7918 1003.782 1006.315 1008.847 1011.38 1013.913 1016.347 1018.691 1021.034 1023.378 1025.722 1027.484 1029.229 1030.973 1032.718 1034.779 1037.275 1039.772 1042.269
758.405 764.6436 770.8821 777.1205 783.3276 788.4753 793.6232 798.7709 803.9188 808.5488 812.6142 816.6794 820.7446 824.8099 829.0518 833.3077 837.5634 841.8193 846.045 850.2216 854.398 858.5744 862.751 866.7954 870.8123 874.8289 878.8457 883.2468 888.6597 894.0724 899.4852 904.8981 912.092 919.9632 927.834 935.7051 943.6279 951.7972 959.9663 968.1354 976.3047 982.6214 987.8182 993.0149 998.2117 1003.233 1006.013 1008.794 1011.574 1014.354 1017.007 1019.544 1022.08 1024.617 1027.154 1029.256 1031.344 1033.433 1035.522 1037.868 1040.57 1043.271 1045.973
752.4213 758.7834 765.1453 771.5071 777.847 783.4454 789.044 794.6425 800.241 805.2319 809.5601 813.8882 818.2164 822.5446 826.8156 831.0821 835.3485 839.6151 843.8881 848.1719 852.4556 856.7393 861.0231 865.2458 869.4558 873.6656 877.8756 882.4137 887.8159 893.2179 898.6199 904.022 911.248 919.1675 927.0866 935.006 942.9416 950.9553 958.9688 966.9822 974.996 981.2507 986.4423 991.6335 996.825 1001.864 1004.956 1008.047 1011.138 1014.229 1017.121 1019.829 1022.538 1025.246 1027.955 1030.421 1032.88 1035.339 1037.797 1040.442 1043.342 1046.242 1049.143
