data/zism_data/00752_01_D.txt
ncols         224
nrows         224
[rows 168 to 195 of 224, columns 128 to 191 of 224]
1548.45 1548.286 1548.121 1547.997 1547.984 1547.972 1547.959 1547.947 1547.912 1547.868 1547.824 1547.781 1547.714 1547.55 1547.386 1547.221 1547.057 1546.972 1546.928 1546.884 1546.84 1546.781 1546.605 1546.428 1546.251 1546.074 1545.985 1545.961 1545.936 1545.911 1545.883 1545.797 1545.711 1545.625 1545.539 1545.422 1545.275 1545.128 1544.981 1544.834 1544.706 1544.577 1544.449 1544.321 1544.216 1544.143 1544.069 1543.996 1543.922 1543.734 1543.532 1543.33 1543.129 1542.942 1542.783 1542.623 1542.464 1542.304 1542.145 1541.986 1541.826 1541.667 1541.518 1541.396
1548.317 1548.201 1548.086 1547.994 1547.971 1547.947 1547.924 1547.901 1547.836 1547.754 1547.673 1547.592 1547.504 1547.388 1547.272 1547.156 1547.04 1546.947 1546.866 1546.784 1546.703 1546.615 1546.476 1546.337 1546.198 1546.058 1545.973 1545.927 1545.88 1545.834 1545.785 1545.688 1545.591 1545.495 1545.398 1545.276 1545.129 1544.982 1544.835 1544.688 1544.575 1544.463 1544.351 1544.239 1544.143 1544.07 1543.996 1543.923 1543.849 1543.675 1543.49 1543.304 1543.118 1542.938 1542.768 1542.598 1542.428 1542.257 1542.087 1541.917 1541.747 1541.577 1541.427 1541.326
1548.185 1548.117 1548.05 1547.991 1547.957 1547.923 1547.889 1547.855 1547.759 1547.64 1547.521 1547.402 1547.293 1547.226 1547.158 1547.091 1547.023 1546.922 1546.803 1546.684 1546.565 1546.448 1546.347 1546.245 1546.144 1546.043 1545.961 1545.893 1545.825 1545.757 1545.687 1545.579 1545.472 1545.364 1545.257 1545.129 1544.982 1544.835 1544.688 1544.542 1544.444 1544.348 1544.252 1544.156 1544.07 1543.996 1543.923 1543.849 1543.776 1543.616 1543.447 1543.277 1543.108 1542.934 1542.753 1542.573 1542.391 1542.211 1542.03 1541.849 1541.668 1541.487 1541.335 1541.256
1548.052 1548.033 1548.014 1547.988 1547.943 1547.899 1547.854 1547.809 1547.683 1547.527 1547.37 1547.213 1547.082 1547.063 1547.045 1547.026 1547.007 1546.898 1546.741 1546.584 1546.428 1546.282 1546.218 1546.154 1546.091 1546.027 1545.948 1545.859 1545.769 1545.68 1545.589 1545.47 1545.352 1545.234 1545.116 1544.983 1544.836 1544.689 1544.542 1544.395 1544.313 1544.233 1544.154 1544.074 1543.997 1543.923 1543.85 1543.776 1543.703 1543.558 1543.404 1543.251 1543.098 1542.931 1542.739 1542.547 1542.355 1542.164 1541.972 1541.78 1541.588 1541.397 1541.244 1541.186
1547.988 1547.982 1547.975 1547.953 1547.888 1547.823 1547.757 1547.692 1547.566 1547.418 1547.269 1547.12 1546.996 1546.977 1546.957 1546.937 1546.918 1546.808 1546.649 1546.491 1546.333 1546.188 1546.145 1546.103 1546.06 1546.018 1545.934 1545.819 1545.705 1545.591 1545.477 1545.367 1545.258 1545.148 1545.039 1544.907 1544.754 1544.6 1544.447 1544.293 1544.221 1544.15 1544.08 1544.01 1543.933 1543.846 1543.759 1543.673 1543.586 1543.454 1543.317 1543.18 1543.043 1542.887 1542.697 1542.508 1542.319 1542.129 1541.932 1541.732 1541.533 1541.334 1541.172 1541.1
1547.969 1547.952 1547.934 1547.897 1547.805 1547.713 1547.62 1547.528 1547.422 1547.312 1547.201 1547.09 1546.99 1546.938 1546.886 1546.834 1546.782 1546.675 1546.538 1546.401 1546.265 1546.14 1546.108 1546.077 1546.045 1546.013 1545.918 1545.777 1545.636 1545.494 1545.355 1545.268 1545.18 1545.092 1545.004 1544.877 1544.713 1544.549 1544.385 1544.22 1544.153 1544.088 1544.023 1543.958 1543.874 1543.766 1543.658 1543.55 1543.442 1543.322 1543.201 1543.08 1542.959 1542.817 1542.639 1542.46 1542.281 1542.103 1541.903 1541.698 1541.494 1541.289 1541.112 1541.002
1547.949 1547.921 1547.893 1547.841 1547.722 1547.603 1547.484 1547.365 1547.279 1547.206 1547.133 1547.059 1546.984 1546.9 1546.816 1546.731 1546.647 1546.543 1546.427 1546.312 1546.197 1546.092 1546.072 1546.051 1546.03 1546.009 1545.902 1545.734 1545.566 1545.398 1545.234 1545.168 1545.102 1545.035 1544.969 1544.848 1544.672 1544.497 1544.322 1544.147 1544.085 1544.025 1543.966 1543.906 1543.816 1543.687 1543.557 1543.427 1543.298 1543.19 1543.085 1542.981 1542.876 1542.748 1542.58 1542.412 1542.245 1542.077 1541.874 1541.664 1541.454 1541.244 1541.052 1540.905
1547.93 1547.891 1547.852 1547.786 1547.64 1547.493 1547.347 1547.201 1547.135 1547.1 1547.064 1547.029 1546.978 1546.861 1546.745 1546.628 1546.512 1546.41 1546.316 1546.223 1546.129 1546.045 1546.035 1546.025 1546.014 1546.004 1545.887 1545.692 1545.497 1545.302 1545.113 1545.068 1545.024 1544.979 1544.934 1544.818 1544.632 1544.446 1544.26 1544.074 1544.016 1543.962 1543.908 1543.854 1543.758 1543.607 1543.456 1543.304 1543.153 1543.058 1542.97 1542.881 1542.792 1542.679 1542.522 1542.365 1542.207 1542.05 1541.845 1541.63 1541.414 1541.199 1540.992 1540.807
1547.908 1547.857 1547.806 1547.724 1547.554 1547.385 1547.216 1547.047 1547.0 1547.0 1547.0 1547.0 1546.972 1546.824 1546.676 1546.528 1546.381 1546.282 1546.209 1546.137 1546.064 1546.0 1546.0 1546.0 1546.0 1546.0 1545.872 1545.652 1545.431 1545.211 1544.999 1544.972 1544.945 1544.918 1544.891 1544.779 1544.586 1544.393 1544.199 1544.006 1543.951 1543.901 1543.851 1543.8 1543.698 1543.526 1543.355 1543.184 1543.013 1542.929 1542.854 1542.78 1542.706 1542.606 1542.46 1542.315 1542.17 1542.025 1541.818 1541.597 1541.377 1541.156 1540.937 1540.719
1547.84 1547.751 1547.663 1547.563 1547.431 1547.299 1547.168 1547.036 1547.0 1547.0 1547.0 1547.0 1546.969 1546.805 1546.641 1546.477 1546.313 1546.219 1546.163 1546.106 1546.05 1546.0 1546.0 1546.0 1546.0 1546.0 1545.872 1545.652 1545.431 1545.211 1544.997 1544.927 1544.857 1544.787 1544.717 1544.606 1544.456 1544.305 1544.155 1544.004 1543.93 1543.859 1543.787 1543.715 1543.602 1543.437 1543.271 1543.105 1542.939 1542.841 1542.75 1542.66 1542.569 1542.471 1542.358 1542.245 1542.132 1542.02 1541.818 1541.597 1541.377 1541.156 1540.951 1540.782
1547.773 1547.646 1547.52 1547.401 1547.308 1547.214 1547.12 1547.026 1547.0 1547.0 1547.0 1547.0 1546.966 1546.786 1546.606 1546.426 1546.245 1546.156 1546.116 1546.076 1546.036 1546.0 1546.0 1546.0 1546.0 1546.0 1545.872 1545.652 1545.431 1545.211 1544.995 1544.882 1544.769 1544.656 1544.543 1544.432 1544.325 1544.218 1544.11 1544.003 1543.909 1543.816 1543.723 1543.63 1543.507 1543.347 1543.186 1543.026 1542.865 1542.753 1542.647 1542.54 1542.433 1542.336 1542.255 1542.175 1542.094 1542.014 1541.818 1541.597 1541.377 1541.156 1540.965 1540.844
1547.705 1547.541 1547.376 1547.24 1547.184 1547.128 1547.072 1547.016 1547.0 1547.0 1547.0 1547.0 1546.963 1546.767 1546.57 1546.374 1546.178 1546.094 1546.07 1546.045 1546.021 1546.0 1546.0 1546.0 1546.0 1546.0 1545.872 1545.652 1545.431 1545.211 1544.993 1544.837 1544.681 1544.525 1544.369 1544.259 1544.195 1544.13 1544.066 1544.002 1543.889 1543.774 1543.659 1543.544 1543.412 1543.257 1543.102 1542.947 1542.792 1542.666 1542.543 1542.42 1542.297 1542.201 1542.153 1542.105 1542.057 1542.008 1541.818 1541.597 1541.377 1541.156 1540.979 1540.907
1547.637 1547.435 1547.233 1547.079 1547.061 1547.042 1547.024 1547.005 1547.0 1547.0 1547.0 1547.0 1546.96 1546.747 1546.535 1546.323 1546.11 1546.031 1546.023 1546.015 1546.007 1546.0 1546.0 1546.0 1546.0 1546.0 1545.872 1545.652 1545.431 1545.211 1544.991 1544.792 1544.593 1544.394 1544.194 1544.085 1544.064 1544.043 1544.022 1544.001 1543.868 1543.731 1543.595 1543.458 1543.316 1543.167 1543.017 1542.868 1542.718 1542.578 1542.439 1542.3 1542.161 1542.066 1542.051 1542.035 1542.019 1542.003 1541.818 1541.597 1541.377 1541.156 1540.993 1540.969
1547.536 1547.341 1547.145 1547.0 1547.0 1547.0 1547.0 1547.0 1546.988 1546.972 1546.955 1546.939 1546.887 1546.683 1546.479 1546.275 1546.071 1546.0 1546.0 1546.0 1546.0 1545.997 1545.973 1545.948 1545.923 1545.899 1545.775 1545.579 1545.383 1545.187 1544.99 1544.77 1544.55 1544.329 1544.109 1544.0 1544.0 1544.0 1544.0 1544.0 1543.855 1543.705 1543.555 1543.406 1543.262 1543.126 1542.99 1542.854 1542.718 1542.579 1542.44 1542.302 1542.163 1542.068 1542.052 1542.036 1542.019 1542.003 1541.836 1541.637 1541.439 1541.24 1541.093 1541.071
1547.404 1547.256 1547.109 1547.0 1547.0 1547.0 1547.0 1547.0 1546.965 1546.916 1546.867 1546.819 1546.747 1546.575 1546.403 1546.232 1546.06 1546.0 1546.0 1546.0 1546.0 1545.992 1545.919 1545.845 1545.772 1545.699 1545.583 1545.436 1545.288 1545.141 1544.99 1544.77 1544.55 1544.329 1544.109 1544.0 1544.0 1544.0 1544.0 1544.0 1543.849 1543.694 1543.539 1543.384 1543.247 1543.132 1543.018 1542.903 1542.789 1542.667 1542.544 1542.422 1542.299 1542.203 1542.155 1542.106 1542.057 1542.008 1541.871 1541.716 1541.56 1541.405 1541.276 1541.211
1547.271 1547.172 1547.073 1547.0 1547.0 1547.0 1547.0 1547.0 1546.941 1546.86 1546.779 1546.698 1546.606 1546.467 1546.328 1546.188 1546.048 1546.0 1546.0 1546.0 1546.0 1545.986 1545.865 1545.743 1545.622 1545.5 1545.392 1545.293 1545.194 1545.095 1544.99 1544.77 1544.55 1544.329 1544.109 1544.0 1544.0 1544.0 1544.0 1544.0 1543.844 1543.684 1543.523 1543.363 1543.232 1543.139 1543.046 1542.953 1542.86 1542.755 1542.648 1542.542 1542.435 1542.338 1542.257 1542.176 1542.095 1542.014 1541.907 1541.795 1541.682 1541.57 1541.458 1541.35
1547.138 1547.088 1547.037 1547.0 1547.0 1547.0 1547.0 1547.0 1546.918 1546.805 1546.691 1546.578 1546.466 1546.359 1546.252 1546.145 1546.037 1546.0 1546.0 1546.0 1546.0 1545.98 1545.81 1545.641 1545.471 1545.301 1545.2 1545.149 1545.099 1545.048 1544.99 1544.77 1544.55 1544.329 1544.109 1544.0 1544.0 1544.0 1544.0 1544.0 1543.839 1543.673 1543.507 1543.341 1543.217 1543.145 1543.074 1543.002 1542.931 1542.842 1542.752 1542.662 1542.571 1542.473 1542.359 1542.246 1542.133 1542.02 1541.943 1541.873 1541.804 1541.734 1541.641 1541.49
1547.006 1547.004 1547.002 1547.0 1547.0 1547.0 1547.0 1547.0 1546.895 1546.749 1546.603 1546.458 1546.326 1546.251 1546.176 1546.101 1546.026 1546.0 1546.0 1546.0 1546.0 1545.975 1545.756 1545.538 1545.32 1545.101 1545.008 1545.006 1545.004 1545.002 1544.99 1544.77 1544.55 1544.329 1544.109 1544.0 1544.0 1544.0 1544.0 1544.0 1543.834 1543.663 1543.491 1543.32 1543.202 1543.152 1543.102 1543.052 1543.002 1542.93 1542.856 1542.782 1542.708 1542.608 1542.462 1542.316 1542.171 1542.025 1541.978 1541.952 1541.926 1541.899 1541.824 1541.63
1547.0 1547.0 1547.0 1546.996 1546.98 1546.965 1546.95 1546.934 1546.823 1546.677 1546.53 1546.383 1546.252 1546.194 1546.136 1546.078 1546.02 1545.99 1545.974 1545.959 1545.944 1545.906 1545.701 1545.496 1545.291 1545.086 1545.0 1545.0 1545.0 1545.0 1544.991 1544.786 1544.581 1544.376 1544.171 1544.062 1544.047 1544.031 1544.016 1544.0 1543.869 1543.733 1543.598 1543.462 1543.353 1543.279 1543.204 1543.129 1543.054 1542.985 1542.917 1542.849 1542.78 1542.695 1542.579 1542.463 1542.346 1542.23 1542.169 1542.118 1542.068 1542.018 1541.933 1541.763
1547.0 1547.0 1547.0 1546.992 1546.96 1546.929 1546.897 1546.865 1546.75 1546.603 1546.456 1546.309 1546.182 1546.14 1546.098 1546.057 1546.015 1545.979 1545.948 1545.916 1545.885 1545.835 1545.646 1545.457 1545.268 1545.079 1545.0 1545.0 1545.0 1545.0 1544.992 1544.803 1544.614 1544.425 1544.236 1544.127 1544.096 1544.064 1544.032 1544.001 1543.905 1543.807 1543.71 1543.612 1543.512 1543.411 1543.309 1543.208 1543.106 1543.039 1542.976 1542.913 1542.85 1542.78 1542.696 1542.612 1542.528 1542.444 1542.366 1542.289 1542.212 1542.135 1542.038 1541.895
1547.0 1547.0 1547.0 1546.988 1546.94 1546.892 1546.844 1546.797 1546.677 1546.53 1546.383 1546.236 1546.112 1546.086 1546.06 1546.035 1546.009 1545.969 1545.921 1545.873 1545.826 1545.763 1545.591 1545.418 1545.245 1545.073 1545.0 1545.0 1545.0 1545.0 1544.992 1544.82 1544.647 1544.474 1544.302 1544.192 1544.145 1544.097 1544.049 1544.001 1543.942 1543.882 1543.822 1543.761 1543.672 1543.543 1543.415 1543.286 1543.157 1543.093 1543.035 1542.978 1542.92 1542.865 1542.813 1542.762 1542.71 1542.659 1542.564 1542.46 1542.356 1542.252 1542.144 1542.028
1547.0 1547.0 1547.0 1546.983 1546.919 1546.856 1546.792 1546.728 1546.604 1546.457 1546.31 1546.163 1546.042 1546.032 1546.023 1546.013 1546.003 1545.958 1545.894 1545.831 1545.767 1545.692 1545.535 1545.379 1545.222 1545.066 1545.0 1545.0 1545.0 1545.0 1544.993 1544.837 1544.68 1544.524 1544.367 1544.257 1544.193 1544.13 1544.066 1544.002 1543.978 1543.956 1543.933 1543.911 1543.831 1543.675 1543.52 1543.365 1543.209 1543.146 1543.094 1543.042 1542.99 1542.949 1542.93 1542.911 1542.892 1542.873 1542.761 1542.63 1542.499 1542.368 1542.249 1542.16
1547.0 1547.0 1547.0 1546.977 1546.891 1546.804 1546.718 1546.631 1546.51 1546.376 1546.242 1546.109 1546.0 1546.0 1546.0 1546.0 1546.0 1545.952 1545.879 1545.805 1545.732 1545.65 1545.503 1545.356 1545.209 1545.062 1545.0 1545.0 1545.0 1545.0 1544.994 1544.86 1544.726 1544.593 1544.459 1544.359 1544.292 1544.225 1544.158 1544.091 1544.07 1544.05 1544.031 1544.011 1543.932 1543.776 1543.62 1543.464 1543.307 1543.252 1543.207 1543.162 1543.118 1543.084 1543.071 1543.058 1543.045 1543.032 1542.914 1542.773 1542.633 1542.493 1542.373 1542.307
1547.0 1547.0 1547.0 1546.969 1546.85 1546.731 1546.612 1546.493 1546.387 1546.286 1546.184 1546.082 1546.0 1546.0 1546.0 1546.0 1546.0 1545.952 1545.879 1545.805 1545.732 1545.65 1545.503 1545.356 1545.209 1545.062 1545.0 1545.0 1545.0 1545.0 1544.996 1544.894 1544.792 1544.691 1544.589 1544.514 1544.463 1544.412 1544.361 1544.31 1544.243 1544.175 1544.107 1544.038 1543.948 1543.83 1543.712 1543.593 1543.475 1543.432 1543.398 1543.364 1543.331 1543.292 1543.247 1543.202 1543.156 1543.111 1543.0 1542.876 1542.752 1542.628 1542.525 1542.474
1547.0 1547.0 1547.0 1546.961 1546.809 1546.658 1546.507 1546.356 1546.264 1546.195 1546.125 1546.056 1546.0 1546.0 1546.0 1546.0 1546.0 1545.952 1545.879 1545.805 1545.732 1545.65 1545.503 1545.356 1545.209 1545.062 1545.0 1545.0 1545.0 1545.0 1544.997 1544.928 1544.858 1544.789 1544.72 1544.668 1544.634 1544.599 1544.564 1544.53 1544.416 1544.299 1544.182 1544.066 1543.965 1543.884 1543.803 1543.722 1543.642 1543.613 1543.59 1543.567 1543.543 1543.5 1543.423 1543.345 1543.267 1543.19 1543.087 1542.979 1542.871 1542.763 1542.676 1542.641
1547.0 1547.0 1547.0 1546.952 1546.769 1546.585 1546.402 1546.218 1546.141 1546.104 1546.067 1546.03 1546.0 1546.0 1546.0 1546.0 1546.0 1545.952 1545.879 1545.805 1545.732 1545.65 1545.503 1545.356 1545.209 1545.062 1545.0 1545.0 1545.0 1545.0 1544.998 1544.961 1544.924 1544.887 1544.85 1544.823 1544.804 1544.786 1544.767 1544.749 1544.588 1544.423 1544.258 1544.093 1543.981 1543.938 1543.895 1543.852 1543.809 1543.793 1543.781 1543.769 1543.756 1543.708 1543.599 1543.489 1543.379 1543.269 1543.173 1543.082 1542.99 1542.898 1542.827 1542.808
1547.0 1547.0 1547.0 1546.944 1546.728 1546.512 1546.296 1546.081 1546.018 1546.013 1546.008 1546.004 1546.0 1546.0 1546.0 1546.0 1546.0 1545.952 1545.879 1545.805 1545.732 1545.65 1545.503 1545.356 1545.209 1545.062 1545.0 1545.0 1545.0 1545.0 1545.0 1544.995 1544.99 1544.986 1544.981 1544.978 1544.975 1544.973 1544.971 1544.968 1544.761 1544.547 1544.334 1544.121 1543.998 1543.992 1543.987 1543.981 1543.976 1543.974 1543.972 1543.971 1543.969 1543.917 1543.774 1543.632 1543.49 1543.348 1543.26 1543.184 1543.108 1543.033 1542.978 1542.976
1547.0 1547.0 1547.0 1546.943 1546.722 1546.502 1546.281 1546.061 1546.0 1546.0 1546.0 1546.0 1546.0 1546.0 1546.0 1546.0 1546.0 1545.961 1545.901 1545.842 1545.782 1545.714 1545.581 1545.448 1545.314 1545.181 1545.125 1545.125 1545.125 1545.125 1545.125 1545.116 1545.106 1545.097 1545.088 1545.074 1545.056 1545.037 1545.019 1545.0 1544.826 1544.647 1544.468 1544.289 1544.186 1544.181 1544.177 1544.172 1544.167 1544.159 1544.15 1544.14 1544.131 1544.082 1543.963 1543.843 1543.724 1543.605 1543.508 1543.416 1543.324 1543.232 1543.164 1543.155
