data/zism_data/00755_03_D.txt
ncols         224
nrows         224
[rows 28 to 55 of 224, columns 126 to 188 of 224]
1474.925 1475.486 1476.046 1476.607 1477.168 1477.661 1478.103 1478.545 1478.987 1479.428 1479.794 1480.161 1480.527 1480.893 1481.257 1481.619 1481.98 1482.341 1482.702 1483.073 1483.444 1483.815 1484.186 1484.582 1485.022 1485.461 1485.901 1486.34 1486.605 1486.83 1487.055 1487.279 1487.501 1487.717 1487.933 1488.148 1488.364 1488.72 1489.132 1489.545 1489.958 1490.378 1490.838 1491.299 1491.76 1492.22 1492.595 1492.914 1493.233 1493.552 1493.88 1494.365 1494.849 1495.333 1495.817 1496.132 1496.281 1496.429 1496.578 1496.727 1496.944 1497.164 1497.384
1474.269 1474.862 1475.456 1476.049 1476.642 1477.141 1477.567 1477.993 1478.419 1478.844 1479.21 1479.576 1479.942 1480.309 1480.694 1481.101 1481.508 1481.915 1482.322 1482.692 1483.058 1483.424 1483.79 1484.173 1484.586 1484.998 1485.41 1485.823 1486.045 1486.224 1486.403 1486.582 1486.786 1487.06 1487.334 1487.609 1487.883 1488.26 1488.68 1489.099 1489.519 1489.943 1490.388 1490.834 1491.28 1491.726 1492.099 1492.425 1492.752 1493.078 1493.414 1493.893 1494.372 1494.851 1495.331 1495.676 1495.89 1496.105 1496.319 1496.534 1496.74 1496.946 1497.152
1473.591 1474.222 1474.853 1475.484 1476.115 1476.62 1477.03 1477.44 1477.85 1478.259 1478.625 1478.992 1479.358 1479.724 1480.132 1480.587 1481.042 1481.497 1481.952 1482.326 1482.693 1483.059 1483.425 1483.796 1484.177 1484.557 1484.937 1485.317 1485.495 1485.626 1485.756 1485.887 1486.072 1486.411 1486.749 1487.087 1487.426 1487.825 1488.25 1488.675 1489.1 1489.525 1489.95 1490.374 1490.798 1491.223 1491.594 1491.931 1492.268 1492.606 1492.95 1493.419 1493.887 1494.356 1494.825 1495.205 1495.5 1495.794 1496.089 1496.384 1496.579 1496.769 1496.959
1472.914 1473.582 1474.25 1474.919 1475.587 1476.1 1476.494 1476.887 1477.281 1477.675 1478.041 1478.407 1478.773 1479.14 1479.569 1480.073 1480.576 1481.079 1481.583 1481.961 1482.327 1482.694 1483.06 1483.419 1483.768 1484.116 1484.464 1484.812 1484.944 1485.027 1485.11 1485.192 1485.358 1485.761 1486.163 1486.566 1486.969 1487.391 1487.821 1488.251 1488.682 1489.108 1489.511 1489.914 1490.317 1490.72 1491.089 1491.437 1491.785 1492.133 1492.487 1492.945 1493.403 1493.86 1494.318 1494.734 1495.109 1495.484 1495.859 1496.234 1496.417 1496.591 1496.765
1472.236 1472.942 1473.648 1474.353 1475.059 1475.579 1475.957 1476.335 1476.713 1477.09 1477.456 1477.823 1478.189 1478.555 1479.007 1479.559 1480.11 1480.662 1481.213 1481.596 1481.962 1482.328 1482.694 1483.042 1483.359 1483.674 1483.99 1484.306 1484.394 1484.428 1484.463 1484.497 1484.644 1485.111 1485.578 1486.045 1486.512 1486.956 1487.392 1487.828 1488.263 1488.69 1489.072 1489.453 1489.835 1490.217 1490.584 1490.943 1491.301 1491.66 1492.024 1492.471 1492.918 1493.365 1493.812 1494.263 1494.719 1495.174 1495.629 1496.085 1496.256 1496.414 1496.572
1471.598 1472.318 1473.038 1473.759 1474.479 1475.001 1475.37 1475.739 1476.109 1476.478 1476.852 1477.226 1477.599 1477.973 1478.445 1479.029 1479.614 1480.198 1480.783 1481.172 1481.543 1481.914 1482.285 1482.626 1482.916 1483.206 1483.496 1483.786 1483.85 1483.863 1483.875 1483.887 1484.027 1484.531 1485.035 1485.538 1486.042 1486.502 1486.945 1487.387 1487.83 1488.261 1488.633 1489.006 1489.378 1489.75 1490.131 1490.517 1490.903 1491.289 1491.678 1492.116 1492.554 1492.992 1493.43 1493.906 1494.419 1494.931 1495.444 1495.957 1496.135 1496.299 1496.462
1471.057 1471.734 1472.412 1473.089 1473.767 1474.276 1474.656 1475.036 1475.416 1475.797 1476.197 1476.598 1476.998 1477.399 1477.882 1478.461 1479.041 1479.62 1480.199 1480.602 1480.989 1481.376 1481.763 1482.111 1482.39 1482.669 1482.948 1483.228 1483.325 1483.38 1483.435 1483.49 1483.654 1484.125 1484.597 1485.068 1485.54 1485.998 1486.451 1486.905 1487.358 1487.802 1488.195 1488.589 1488.983 1489.377 1489.808 1490.264 1490.719 1491.175 1491.629 1492.062 1492.494 1492.927 1493.36 1493.833 1494.346 1494.858 1495.371 1495.884 1496.119 1496.341 1496.563
1470.516 1471.151 1471.785 1472.42 1473.055 1473.552 1473.942 1474.333 1474.724 1475.115 1475.542 1475.97 1476.397 1476.824 1477.32 1477.893 1478.467 1479.041 1479.615 1480.032 1480.435 1480.838 1481.241 1481.596 1481.864 1482.133 1482.401 1482.67 1482.8 1482.897 1482.995 1483.093 1483.28 1483.719 1484.159 1484.598 1485.037 1485.494 1485.958 1486.422 1486.886 1487.342 1487.757 1488.173 1488.588 1489.003 1489.485 1490.01 1490.535 1491.061 1491.58 1492.007 1492.435 1492.862 1493.289 1493.76 1494.272 1494.785 1495.298 1495.811 1496.102 1496.383 1496.664
1469.975 1470.567 1471.159 1471.751 1472.343 1472.827 1473.228 1473.63 1474.031 1474.433 1474.887 1475.342 1475.796 1476.25 1476.757 1477.325 1477.894 1478.462 1479.031 1479.463 1479.882 1480.301 1480.72 1481.08 1481.338 1481.596 1481.854 1482.111 1482.274 1482.415 1482.555 1482.696 1482.906 1483.313 1483.721 1484.128 1484.535 1484.99 1485.465 1485.94 1486.414 1486.883 1487.319 1487.756 1488.193 1488.629 1489.162 1489.757 1490.352 1490.946 1491.531 1491.953 1492.375 1492.797 1493.219 1493.687 1494.199 1494.712 1495.225 1495.738 1496.085 1496.425 1496.765
1469.435 1469.984 1470.533 1471.082 1471.631 1472.102 1472.514 1472.927 1473.339 1473.752 1474.233 1474.714 1475.194 1475.675 1476.194 1476.757 1477.32 1477.884 1478.447 1478.893 1479.328 1479.763 1480.198 1480.565 1480.812 1481.059 1481.306 1481.553 1481.749 1481.932 1482.116 1482.299 1482.533 1482.908 1483.283 1483.658 1484.033 1484.487 1484.972 1485.457 1485.943 1486.424 1486.882 1487.34 1487.797 1488.255 1488.839 1489.503 1490.168 1490.832 1491.482 1491.899 1492.315 1492.732 1493.148 1493.614 1494.126 1494.639 1495.152 1495.665 1496.068 1496.467 1496.866
1468.898 1469.439 1469.98 1470.521 1471.062 1471.534 1471.953 1472.372 1472.791 1473.211 1473.687 1474.164 1474.641 1475.117 1475.632 1476.189 1476.747 1477.305 1477.862 1478.323 1478.774 1479.225 1479.676 1480.05 1480.286 1480.522 1480.759 1480.995 1481.223 1481.45 1481.676 1481.902 1482.167 1482.541 1482.915 1483.289 1483.663 1484.113 1484.593 1485.074 1485.554 1486.038 1486.536 1487.035 1487.534 1488.033 1488.656 1489.359 1490.062 1490.765 1491.452 1491.882 1492.313 1492.743 1493.174 1493.646 1494.159 1494.672 1495.184 1495.697 1496.15 1496.6 1497.05
1468.363 1468.909 1469.455 1470.002 1470.548 1471.025 1471.45 1471.874 1472.298 1472.723 1473.184 1473.645 1474.105 1474.566 1475.069 1475.621 1476.174 1476.726 1477.278 1477.753 1478.22 1478.687 1479.154 1479.534 1479.76 1479.985 1480.211 1480.437 1480.698 1480.967 1481.236 1481.505 1481.804 1482.189 1482.574 1482.958 1483.343 1483.788 1484.258 1484.728 1485.198 1485.68 1486.227 1486.774 1487.321 1487.868 1488.526 1489.256 1489.985 1490.715 1491.429 1491.881 1492.333 1492.785 1493.236 1493.719 1494.232 1494.745 1495.257 1495.77 1496.269 1496.767 1497.265
1467.827 1468.379 1468.931 1469.483 1470.034 1470.517 1470.947 1471.376 1471.806 1472.236 1472.68 1473.125 1473.57 1474.014 1474.506 1475.053 1475.6 1476.147 1476.694 1477.183 1477.666 1478.15 1478.633 1479.019 1479.234 1479.449 1479.664 1479.879 1480.172 1480.484 1480.796 1481.108 1481.442 1481.837 1482.233 1482.628 1483.023 1483.464 1483.923 1484.382 1484.842 1485.322 1485.917 1486.513 1487.108 1487.703 1488.396 1489.152 1489.909 1490.666 1491.406 1491.879 1492.352 1492.826 1493.299 1493.792 1494.305 1494.818 1495.331 1495.843 1496.388 1496.934 1497.48
1467.292 1467.849 1468.406 1468.963 1469.52 1470.008 1470.443 1470.878 1471.313 1471.748 1472.177 1472.605 1473.034 1473.463 1473.944 1474.485 1475.027 1475.569 1476.11 1476.613 1477.112 1477.612 1478.111 1478.503 1478.708 1478.912 1479.116 1479.321 1479.647 1480.002 1480.356 1480.711 1481.079 1481.485 1481.891 1482.297 1482.704 1483.14 1483.588 1484.037 1484.485 1484.965 1485.608 1486.251 1486.894 1487.538 1488.266 1489.049 1489.833 1490.616 1491.382 1491.877 1492.372 1492.867 1493.361 1493.865 1494.378 1494.891 1495.404 1495.916 1496.507 1497.102 1497.696
1466.757 1467.319 1467.882 1468.444 1469.007 1469.501 1469.943 1470.385 1470.827 1471.269 1471.685 1472.101 1472.517 1472.933 1473.402 1473.933 1474.464 1474.995 1475.527 1476.036 1476.544 1477.051 1477.559 1477.957 1478.16 1478.364 1478.568 1478.772 1479.131 1479.526 1479.921 1480.316 1480.718 1481.139 1481.56 1481.981 1482.402 1482.84 1483.285 1483.729 1484.174 1484.656 1485.336 1486.017 1486.697 1487.377 1488.137 1488.948 1489.759 1490.569 1491.363 1491.876 1492.389 1492.901 1493.414 1493.927 1494.439 1494.952 1495.465 1495.978 1496.606 1497.239 1497.872
1466.222 1466.789 1467.357 1467.925 1468.493 1468.999 1469.457 1469.915 1470.373 1470.831 1471.252 1471.673 1472.094 1472.516 1472.971 1473.464 1473.958 1474.452 1474.945 1475.422 1475.898 1476.373 1476.849 1477.245 1477.503 1477.76 1478.018 1478.275 1478.666 1479.088 1479.509 1479.931 1480.362 1480.821 1481.279 1481.738 1482.197 1482.668 1483.145 1483.621 1484.098 1484.604 1485.263 1485.922 1486.58 1487.239 1488.01 1488.853 1489.696 1490.539 1491.363 1491.876 1492.389 1492.901 1493.414 1493.927 1494.439 1494.952 1495.465 1495.978 1496.595 1497.218 1497.84
1465.687 1466.26 1466.833 1467.406 1467.979 1468.496 1468.97 1469.445 1469.919 1470.392 1470.819 1471.246 1471.672 1472.099 1472.539 1472.995 1473.452 1473.908 1474.364 1474.809 1475.252 1475.695 1476.139 1476.534 1476.845 1477.156 1477.467 1477.778 1478.2 1478.649 1479.097 1479.546 1480.007 1480.503 1480.999 1481.495 1481.991 1482.496 1483.005 1483.514 1484.023 1484.552 1485.189 1485.827 1486.464 1487.101 1487.884 1488.759 1489.634 1490.509 1491.363 1491.876 1492.389 1492.901 1493.414 1493.927 1494.439 1494.952 1495.465 1495.978 1496.585 1497.197 1497.808
1465.151 1465.73 1466.308 1466.887 1467.465 1467.994 1468.484 1468.974 1469.465 1469.954 1470.386 1470.818 1471.25 1471.682 1472.108 1472.526 1472.945 1473.364 1473.783 1474.195 1474.606 1475.017 1475.428 1475.823 1476.187 1476.552 1476.916 1477.281 1477.735 1478.21 1478.685 1479.161 1479.651 1480.185 1480.718 1481.252 1481.785 1482.324 1482.865 1483.406 1483.947 1484.5 1485.116 1485.732 1486.348 1486.964 1487.757 1488.664 1489.572 1490.479 1491.363 1491.876 1492.389 1492.901 1493.414 1493.927 1494.439 1494.952 1495.465 1495.978 1496.575 1497.176 1497.777
1464.616 1465.2 1465.784 1466.368 1466.951 1467.491 1467.998 1468.504 1469.01 1469.516 1469.953 1470.39 1470.828 1471.265 1471.676 1472.058 1472.439 1472.82 1473.202 1473.581 1473.96 1474.339 1474.718 1475.112 1475.53 1475.948 1476.365 1476.783 1477.27 1477.772 1478.274 1478.776 1479.296 1479.867 1480.438 1481.009 1481.579 1482.152 1482.725 1483.298 1483.871 1484.448 1485.042 1485.637 1486.231 1486.826 1487.63 1488.57 1489.509 1490.448 1491.363 1491.876 1492.389 1492.901 1493.414 1493.927 1494.439 1494.952 1495.465 1495.978 1496.565 1497.155 1497.745
1464.151 1464.714 1465.278 1465.842 1466.405 1466.942 1467.458 1467.974 1468.49 1469.005 1469.457 1469.909 1470.361 1470.814 1471.232 1471.611 1471.99 1472.369 1472.748 1473.116 1473.482 1473.848 1474.214 1474.614 1475.073 1475.532 1475.99 1476.449 1476.975 1477.517 1478.058 1478.6 1479.151 1479.731 1480.31 1480.89 1481.47 1482.058 1482.651 1483.243 1483.835 1484.427 1485.013 1485.599 1486.185 1486.771 1487.562 1488.485 1489.409 1490.332 1491.232 1491.751 1492.271 1492.79 1493.309 1493.826 1494.342 1494.858 1495.374 1495.89 1496.458 1497.028 1497.598
1463.732 1464.259 1464.785 1465.311 1465.837 1466.36 1466.882 1467.403 1467.924 1468.445 1468.918 1469.392 1469.866 1470.34 1470.779 1471.18 1471.58 1471.981 1472.381 1472.75 1473.117 1473.483 1473.849 1474.26 1474.751 1475.242 1475.733 1476.224 1476.795 1477.385 1477.974 1478.564 1479.148 1479.717 1480.286 1480.855 1481.424 1482.017 1482.62 1483.223 1483.826 1484.427 1485.013 1485.599 1486.185 1486.771 1487.533 1488.408 1489.283 1490.158 1491.014 1491.544 1492.073 1492.603 1493.133 1493.659 1494.18 1494.701 1495.222 1495.744 1496.286 1496.829 1497.372
1463.314 1463.803 1464.291 1464.78 1465.269 1465.779 1466.305 1466.832 1467.359 1467.885 1468.38 1468.875 1469.37 1469.865 1470.327 1470.748 1471.17 1471.592 1472.014 1472.385 1472.751 1473.118 1473.484 1473.907 1474.43 1474.953 1475.476 1475.999 1476.615 1477.253 1477.891 1478.528 1479.146 1479.704 1480.262 1480.82 1481.378 1481.976 1482.59 1483.204 1483.817 1484.427 1485.013 1485.599 1486.185 1486.771 1487.503 1488.331 1489.158 1489.985 1490.795 1491.336 1491.876 1492.417 1492.957 1493.491 1494.017 1494.544 1495.071 1495.597 1496.114 1496.631 1497.147
1462.896 1463.347 1463.798 1464.249 1464.7 1465.197 1465.729 1466.261 1466.793 1467.325 1467.842 1468.358 1468.875 1469.391 1469.874 1470.317 1470.76 1471.203 1471.647 1472.02 1472.386 1472.752 1473.119 1473.553 1474.108 1474.663 1475.218 1475.773 1476.435 1477.121 1477.807 1478.493 1479.143 1479.69 1480.238 1480.785 1481.333 1481.935 1482.559 1483.184 1483.808 1484.427 1485.013 1485.599 1486.185 1486.771 1487.474 1488.253 1489.032 1489.811 1490.577 1491.128 1491.679 1492.23 1492.781 1493.323 1493.855 1494.387 1494.919 1495.451 1495.943 1496.432 1496.922
1462.475 1462.891 1463.307 1463.723 1464.139 1464.624 1465.161 1465.698 1466.234 1466.771 1467.308 1467.845 1468.382 1468.919 1469.422 1469.887 1470.351 1470.815 1471.28 1471.656 1472.023 1472.391 1472.758 1473.205 1473.79 1474.375 1474.96 1475.546 1476.25 1476.983 1477.715 1478.448 1479.13 1479.668 1480.206 1480.744 1481.281 1481.888 1482.523 1483.158 1483.793 1484.421 1485.007 1485.594 1486.181 1486.768 1487.442 1488.173 1488.904 1489.634 1490.355 1490.916 1491.478 1492.039 1492.6 1493.149 1493.686 1494.223 1494.76 1495.297 1495.765 1496.23 1496.694
1461.991 1462.434 1462.877 1463.319 1463.762 1464.255 1464.787 1465.318 1465.85 1466.382 1466.913 1467.445 1467.976 1468.508 1469.013 1469.488 1469.963 1470.438 1470.913 1471.325 1471.73 1472.135 1472.54 1473.002 1473.566 1474.13 1474.694 1475.257 1475.958 1476.691 1477.423 1478.156 1478.843 1479.402 1479.962 1480.521 1481.08 1481.697 1482.338 1482.978 1483.618 1484.254 1484.862 1485.47 1486.078 1486.686 1487.34 1488.022 1488.705 1489.387 1490.062 1490.613 1491.163 1491.714 1492.264 1492.805 1493.337 1493.868 1494.4 1494.932 1495.425 1495.917 1496.408
1461.507 1461.976 1462.446 1462.916 1463.385 1463.887 1464.413 1464.939 1465.466 1465.992 1466.518 1467.044 1467.571 1468.097 1468.604 1469.09 1469.576 1470.061 1470.547 1470.993 1471.436 1471.878 1472.321 1472.8 1473.342 1473.885 1474.427 1474.969 1475.666 1476.398 1477.131 1477.863 1478.556 1479.137 1479.718 1480.299 1480.879 1481.506 1482.152 1482.798 1483.443 1484.086 1484.716 1485.346 1485.975 1486.605 1487.237 1487.872 1488.506 1489.141 1489.769 1490.309 1490.849 1491.389 1491.928 1492.461 1492.988 1493.514 1494.04 1494.566 1495.085 1495.604 1496.122
1461.023 1461.519 1462.016 1462.512 1463.008 1463.518 1464.039 1464.56 1465.081 1465.602 1466.123 1466.644 1467.165 1467.686 1468.195 1468.692 1469.188 1469.684 1470.181 1470.662 1471.142 1471.622 1472.102 1472.597 1473.118 1473.639 1474.16 1474.681 1475.374 1476.106 1476.839 1477.571 1478.27 1478.872 1479.474 1480.076 1480.678 1481.315 1481.966 1482.617 1483.268 1483.919 1484.57 1485.221 1485.872 1486.523 1487.135 1487.721 1488.307 1488.894 1489.477 1490.006 1490.535 1491.064 1491.593 1492.118 1492.639 1493.16 1493.68 1494.201 1494.745 1495.291 1495.836
1460.539 1461.062 1461.585 1462.108 1462.631 1463.15 1463.666 1464.181 1464.697 1465.212 1465.728 1466.243 1466.759 1467.274 1467.786 1468.293 1468.8 1469.307 1469.815 1470.331 1470.849 1471.366 1471.884 1472.395 1472.894 1473.394 1473.893 1474.393 1475.081 1475.814 1476.546 1477.279 1477.983 1478.606 1479.23 1479.854 1480.477 1481.124 1481.781 1482.437 1483.093 1483.752 1484.425 1485.097 1485.77 1486.442 1487.033 1487.571 1488.109 1488.647 1489.184 1489.702 1490.22 1490.739 1491.257 1491.774 1492.29 1492.805 1493.321 1493.836 1494.406 1494.978 1495.55
