data/zism_data/00750_03_D.txt
ncols         224
nrows         224
[rows 0 to 28 of 224, columns 0 to 65 of 224]
1675.878 1673.731 1671.585 1669.438 1667.041 1664.64 1662.239 1659.838 1657.335 1654.697 1652.059 1649.422 1646.784 1644.221 1641.669 1639.116 1636.563 1633.894 1630.992 1628.091 1625.19 1622.288 1619.104 1615.841 1612.578 1609.315 1606.391 1604.592 1602.793 1600.993 1599.194 1598.65 1598.694 1598.739 1598.783 1598.828 1598.885 1598.941 1598.997 1599.053 1599.156 1599.291 1599.427 1599.563 1599.69 1599.537 1599.385 1599.232 1599.08 1598.989 1598.967 1598.945 1598.922 1598.9 1598.419 1597.902 1597.385 1596.868 1595.899 1594.18 1592.461 1590.743 1589.024 1587.417 1585.832 1584.248
1678.142 1676.011 1673.88 1671.75 1669.29 1666.826 1664.361 1661.897 1659.327 1656.621 1653.914 1651.208 1648.502 1645.894 1643.298 1640.703 1638.108 1635.421 1632.552 1629.682 1626.812 1623.943 1620.72 1617.398 1614.077 1610.756 1607.742 1605.747 1603.752 1601.757 1599.762 1599.088 1599.031 1598.975 1598.918 1598.876 1598.927 1598.978 1599.029 1599.08 1599.204 1599.382 1599.56 1599.738 1599.905 1599.705 1599.505 1599.305 1599.104 1598.997 1598.99 1598.984 1598.977 1598.971 1598.638 1598.28 1597.922 1597.564 1596.689 1594.96 1593.231 1591.502 1589.772 1588.075 1586.385 1584.695
1680.343 1678.178 1676.013 1673.849 1671.295 1668.736 1666.177 1663.618 1660.953 1658.149 1655.346 1652.543 1649.739 1647.061 1644.398 1641.736 1639.073 1636.33 1633.427 1630.523 1627.62 1624.716 1621.514 1618.228 1614.942 1611.657 1608.644 1606.538 1604.431 1602.325 1600.218 1599.45 1599.309 1599.167 1599.026 1598.909 1598.951 1598.994 1599.036 1599.079 1599.196 1599.366 1599.536 1599.707 1599.867 1599.675 1599.483 1599.292 1599.1 1598.995 1598.986 1598.977 1598.967 1598.958 1598.694 1598.411 1598.127 1597.843 1597.045 1595.396 1593.747 1592.097 1590.448 1588.799 1587.15 1585.5
1682.501 1680.267 1678.034 1675.8 1673.131 1670.455 1667.78 1665.104 1662.323 1659.403 1656.483 1653.563 1650.644 1647.877 1645.13 1642.382 1639.635 1636.81 1633.827 1630.844 1627.861 1624.878 1621.737 1618.552 1615.366 1612.181 1609.234 1607.075 1604.915 1602.756 1600.596 1599.761 1599.545 1599.33 1599.115 1598.931 1598.963 1598.995 1599.027 1599.059 1599.147 1599.275 1599.403 1599.531 1599.651 1599.507 1599.363 1599.219 1599.075 1598.988 1598.963 1598.938 1598.912 1598.887 1598.637 1598.369 1598.101 1597.833 1597.099 1595.593 1594.086 1592.58 1591.073 1589.567 1588.061 1586.554
1684.659 1682.356 1680.054 1677.752 1674.967 1672.175 1669.383 1666.591 1663.693 1660.657 1657.62 1654.584 1651.548 1648.693 1645.861 1643.029 1640.197 1637.289 1634.227 1631.164 1628.102 1625.04 1621.96 1618.875 1615.791 1612.706 1609.824 1607.611 1605.399 1603.187 1600.974 1600.072 1599.782 1599.493 1599.203 1598.954 1598.975 1598.997 1599.018 1599.04 1599.098 1599.184 1599.27 1599.355 1599.436 1599.339 1599.243 1599.147 1599.05 1598.98 1598.939 1598.898 1598.857 1598.816 1598.579 1598.327 1598.075 1597.824 1597.153 1595.789 1594.426 1593.062 1591.699 1590.335 1588.972 1587.608
1686.817 1684.445 1682.074 1679.703 1676.802 1673.894 1670.986 1668.077 1665.063 1661.91 1658.758 1655.605 1652.453 1649.509 1646.592 1643.676 1640.76 1637.768 1634.626 1631.485 1628.343 1625.202 1622.183 1619.199 1616.215 1613.231 1610.413 1608.148 1605.883 1603.618 1601.352 1600.382 1600.019 1599.655 1599.292 1598.977 1598.988 1598.998 1599.009 1599.02 1599.05 1599.093 1599.136 1599.18 1599.221 1599.172 1599.123 1599.074 1599.026 1598.973 1598.916 1598.859 1598.802 1598.745 1598.522 1598.286 1598.05 1597.814 1597.207 1595.986 1594.765 1593.545 1592.324 1591.103 1589.883 1588.662
1688.974 1686.534 1684.094 1681.655 1678.638 1675.614 1672.589 1669.564 1666.433 1663.164 1659.895 1656.626 1653.357 1650.325 1647.324 1644.323 1641.322 1638.247 1635.026 1631.805 1628.584 1625.363 1622.406 1619.523 1616.639 1613.756 1611.003 1608.685 1606.367 1604.048 1601.73 1600.693 1600.255 1599.818 1599.38 1598.999 1599.0 1599.0 1599.0 1599.0 1599.001 1599.002 1599.003 1599.004 1599.005 1599.004 1599.003 1599.002 1599.001 1598.965 1598.892 1598.819 1598.747 1598.674 1598.464 1598.244 1598.024 1597.804 1597.26 1596.183 1595.105 1594.027 1592.949 1591.872 1590.794 1589.716
1691.8 1689.023 1686.246 1683.469 1680.221 1676.966 1673.712 1670.457 1667.159 1663.804 1660.45 1657.096 1653.741 1650.533 1647.344 1644.155 1640.966 1637.678 1634.192 1630.706 1627.219 1623.733 1620.761 1617.931 1615.102 1612.272 1609.625 1607.579 1605.533 1603.487 1601.441 1600.521 1600.128 1599.735 1599.342 1599.0 1599.0 1599.0 1599.0 1599.0 1599.0 1599.0 1599.0 1599.0 1599.0 1599.0 1599.0 1599.0 1599.0 1598.95 1598.846 1598.742 1598.637 1598.533 1598.365 1598.192 1598.018 1597.845 1597.371 1596.4 1595.429 1594.458 1593.487 1592.58 1591.686 1590.793
1694.643 1691.522 1688.401 1685.28 1681.797 1678.31 1674.822 1671.335 1667.868 1664.429 1660.99 1657.551 1654.112 1650.726 1647.346 1643.967 1640.587 1637.082 1633.326 1629.57 1625.814 1622.058 1619.069 1616.292 1613.516 1610.739 1608.197 1606.431 1604.666 1602.9 1601.135 1600.337 1599.991 1599.646 1599.3 1599.0 1599.0 1599.0 1599.0 1599.0 1599.0 1599.0 1599.0 1599.0 1599.0 1599.0 1599.0 1599.0 1599.0 1598.935 1598.799 1598.663 1598.527 1598.391 1598.265 1598.139 1598.013 1597.888 1597.483 1596.618 1595.753 1594.888 1594.022 1593.287 1592.578 1591.87
1697.486 1694.021 1690.556 1687.091 1683.374 1679.654 1675.933 1672.213 1668.578 1665.054 1661.531 1658.007 1654.483 1650.919 1647.349 1643.779 1640.209 1636.487 1632.461 1628.435 1624.409 1620.383 1617.376 1614.653 1611.929 1609.205 1606.769 1605.284 1603.799 1602.314 1600.829 1600.152 1599.854 1599.557 1599.259 1599.0 1599.0 1599.0 1599.0 1599.0 1599.0 1599.0 1599.0 1599.0 1599.0 1599.0 1599.0 1599.0 1599.0 1598.92 1598.752 1598.584 1598.417 1598.249 1598.164 1598.086 1598.008 1597.93 1597.595 1596.836 1596.077 1595.317 1594.558 1593.994 1593.47 1592.947
1700.328 1696.519 1692.71 1688.901 1684.95 1680.997 1677.044 1673.091 1669.288 1665.679 1662.071 1658.463 1654.854 1651.111 1647.351 1643.59 1639.83 1635.891 1631.595 1627.3 1623.004 1618.708 1615.684 1613.013 1610.343 1607.672 1605.341 1604.136 1602.932 1601.727 1600.523 1599.968 1599.718 1599.468 1599.218 1599.0 1599.0 1599.0 1599.0 1599.0 1599.0 1599.0 1599.0 1599.0 1599.0 1599.0 1599.0 1599.0 1599.0 1598.905 1598.705 1598.506 1598.306 1598.107 1598.064 1598.034 1598.003 1597.973 1597.708 1597.054 1596.4 1595.747 1595.093 1594.7 1594.362 1594.024
1703.318 1699.16 1695.001 1690.843 1686.765 1682.688 1678.61 1674.533 1670.598 1666.845 1663.093 1659.341 1655.589 1651.627 1647.638 1643.649 1639.659 1635.488 1630.951 1626.414 1621.877 1617.34 1614.299 1611.673 1609.048 1606.422 1604.183 1603.22 1602.258 1601.295 1600.333 1599.88 1599.666 1599.452 1599.238 1599.051 1599.039 1599.028 1599.016 1599.005 1599.0 1599.0 1599.0 1599.0 1599.0 1599.0 1599.0 1599.0 1599.0 1598.903 1598.701 1598.498 1598.296 1598.093 1598.078 1598.078 1598.078 1598.078 1597.868 1597.311 1596.754 1596.196 1595.639 1595.379 1595.183 1594.986
1706.57 1702.052 1697.533 1693.015 1689.0 1684.991 1680.983 1676.975 1672.97 1668.969 1664.968 1660.967 1656.966 1652.713 1648.428 1644.142 1639.857 1635.424 1630.697 1625.969 1621.242 1616.515 1613.457 1610.863 1608.269 1605.676 1603.501 1602.713 1601.925 1601.137 1600.349 1599.963 1599.765 1599.567 1599.369 1599.191 1599.148 1599.105 1599.061 1599.018 1599.0 1599.0 1599.0 1599.0 1599.0 1599.0 1599.0 1599.0 1599.0 1598.926 1598.771 1598.616 1598.461 1598.306 1598.295 1598.295 1598.295 1598.295 1598.115 1597.637 1597.159 1596.681 1596.203 1596.01 1595.876 1595.743
1709.822 1704.944 1700.065 1695.187 1691.234 1687.295 1683.355 1679.416 1675.342 1671.092 1666.842 1662.593 1658.343 1653.8 1649.218 1644.636 1640.055 1635.361 1630.443 1625.525 1620.607 1615.689 1612.615 1610.053 1607.491 1604.929 1602.819 1602.206 1601.592 1600.979 1600.366 1600.046 1599.864 1599.682 1599.5 1599.331 1599.256 1599.181 1599.106 1599.031 1599.0 1599.0 1599.0 1599.0 1599.0 1599.0 1599.0 1599.0 1599.0 1598.949 1598.841 1598.734 1598.627 1598.519 1598.512 1598.512 1598.512 1598.512 1598.361 1597.963 1597.564 1597.166 1596.767 1596.64 1596.57 1596.5
1713.073 1707.836 1702.598 1697.36 1693.469 1689.599 1685.728 1681.857 1677.714 1673.215 1668.717 1664.219 1659.72 1654.886 1650.008 1645.13 1640.252 1635.297 1630.189 1625.08 1619.972 1614.864 1611.773 1609.243 1606.712 1604.182 1602.137 1601.698 1601.26 1600.821 1600.383 1600.129 1599.963 1599.797 1599.63 1599.472 1599.365 1599.258 1599.151 1599.045 1599.0 1599.0 1599.0 1599.0 1599.0 1599.0 1599.0 1599.0 1599.0 1598.971 1598.912 1598.852 1598.792 1598.733 1598.728 1598.728 1598.728 1598.728 1598.608 1598.289 1597.97 1597.65 1597.331 1597.271 1597.264 1597.258
1716.325 1710.727 1705.13 1699.532 1695.704 1691.902 1688.1 1684.298 1680.085 1675.338 1670.591 1665.844 1661.097 1655.973 1650.798 1645.624 1640.45 1635.234 1629.935 1624.636 1619.337 1614.038 1610.931 1608.432 1605.934 1603.435 1601.455 1601.191 1600.927 1600.663 1600.399 1600.212 1600.062 1599.911 1599.761 1599.612 1599.474 1599.335 1599.197 1599.058 1599.0 1599.0 1599.0 1599.0 1599.0 1599.0 1599.0 1599.0 1599.0 1598.994 1598.982 1598.97 1598.958 1598.946 1598.945 1598.945 1598.945 1598.945 1598.855 1598.615 1598.375 1598.135 1597.895 1597.901 1597.958 1598.015
1719.848 1713.353 1706.859 1700.364 1696.411 1692.497 1688.582 1684.667 1680.373 1675.587 1670.801 1666.014 1661.228 1656.105 1650.939 1645.773 1640.606 1635.462 1630.364 1625.266 1620.168 1615.07 1612.071 1609.656 1607.24 1604.825 1602.885 1602.519 1602.153 1601.787 1601.421 1601.118 1600.845 1600.572 1600.299 1600.035 1599.825 1599.615 1599.406 1599.196 1599.094 1599.07 1599.047 1599.023 1599.0 1599.0 1599.0 1599.0 1599.0 1599.0 1599.0 1599.0 1599.0 1599.0 1599.0 1599.0 1599.0 1599.0 1598.934 1598.757 1598.581 1598.405 1598.228 1598.284 1598.389 1598.494
1723.464 1715.889 1708.315 1700.741 1696.601 1692.511 1688.422 1684.332 1679.953 1675.199 1670.444 1665.69 1660.935 1655.915 1650.859 1645.804 1640.749 1635.79 1631.025 1626.26 1621.496 1616.731 1613.883 1611.568 1609.254 1606.939 1605.03 1604.469 1603.907 1603.345 1602.784 1602.303 1601.861 1601.419 1600.976 1600.554 1600.259 1599.965 1599.67 1599.376 1599.22 1599.165 1599.109 1599.054 1599.0 1599.0 1599.0 1599.0 1599.0 1599.0 1599.0 1599.0 1599.0 1599.0 1599.0 1599.0 1599.0 1599.0 1598.956 1598.837 1598.719 1598.601 1598.483 1598.584 1598.731 1598.879
1727.079 1718.425 1709.771 1701.118 1696.79 1692.526 1688.262 1683.998 1679.534 1674.811 1670.088 1665.365 1660.643 1655.724 1650.78 1645.836 1640.891 1636.118 1631.687 1627.255 1622.824 1618.392 1615.696 1613.481 1611.267 1609.053 1607.176 1606.419 1605.661 1604.904 1604.146 1603.488 1602.877 1602.265 1601.653 1601.072 1600.693 1600.314 1599.935 1599.556 1599.346 1599.259 1599.172 1599.085 1599.0 1599.0 1599.0 1599.0 1599.0 1599.0 1599.0 1599.0 1599.0 1599.0 1599.0 1599.0 1599.0 1599.0 1598.977 1598.918 1598.858 1598.798 1598.738 1598.884 1599.074 1599.263
1730.694 1720.961 1711.228 1701.495 1696.979 1692.54 1688.102 1683.663 1679.114 1674.423 1669.732 1665.041 1660.35 1655.533 1650.7 1645.867 1641.034 1636.446 1632.348 1628.25 1624.151 1620.053 1617.508 1615.394 1613.281 1611.167 1609.322 1608.369 1607.416 1606.462 1605.509 1604.673 1603.892 1603.111 1602.33 1601.591 1601.127 1600.664 1600.2 1599.736 1599.472 1599.353 1599.234 1599.115 1599.0 1599.0 1599.0 1599.0 1599.0 1599.0 1599.0 1599.0 1599.0 1599.0 1599.0 1599.0 1599.0 1599.0 1598.999 1598.998 1598.996 1598.994 1598.993 1599.184 1599.416 1599.648
1734.436 1723.673 1712.91 1702.147 1697.407 1692.755 1688.104 1683.452 1678.801 1674.151 1669.502 1664.852 1660.203 1655.483 1650.754 1646.025 1641.296 1636.881 1633.093 1629.305 1625.517 1621.729 1619.316 1617.284 1615.253 1613.222 1611.395 1610.247 1609.1 1607.952 1606.804 1605.795 1604.849 1603.904 1602.959 1602.066 1601.523 1600.98 1600.438 1599.895 1599.582 1599.435 1599.289 1599.142 1599.001 1599.022 1599.043 1599.064 1599.084 1599.095 1599.095 1599.095 1599.095 1599.095 1599.082 1599.067 1599.052 1599.038 1599.046 1599.091 1599.136 1599.182 1599.227 1599.47 1599.754 1600.037
1739.014 1727.547 1716.08 1704.614 1699.404 1694.287 1689.169 1684.052 1679.184 1674.64 1670.097 1665.553 1661.009 1656.353 1651.682 1647.011 1642.341 1638.017 1634.388 1630.759 1627.13 1623.5 1621.093 1619.024 1616.956 1614.887 1612.989 1611.656 1610.324 1608.991 1607.658 1606.499 1605.422 1604.344 1603.266 1602.253 1601.668 1601.083 1600.498 1599.913 1599.582 1599.435 1599.289 1599.142 1599.005 1599.185 1599.365 1599.544 1599.724 1599.818 1599.818 1599.818 1599.818 1599.818 1599.701 1599.575 1599.45 1599.324 1599.252 1599.271 1599.29 1599.309 1599.328 1599.662 1600.062 1600.463
1743.591 1731.421 1719.25 1707.08 1701.401 1695.818 1690.235 1684.652 1679.567 1675.129 1670.691 1666.253 1661.816 1657.223 1652.611 1647.998 1643.385 1639.154 1635.683 1632.213 1628.742 1625.272 1622.87 1620.764 1618.659 1616.553 1614.584 1613.066 1611.548 1610.03 1608.512 1607.203 1605.994 1604.784 1603.574 1602.44 1601.813 1601.185 1600.558 1599.93 1599.582 1599.435 1599.289 1599.142 1599.01 1599.348 1599.687 1600.025 1600.364 1600.54 1600.54 1600.54 1600.54 1600.54 1600.32 1600.083 1599.847 1599.61 1599.459 1599.452 1599.444 1599.437 1599.429 1599.854 1600.371 1600.888
1748.168 1735.294 1722.42 1709.546 1703.399 1697.35 1691.301 1685.253 1679.95 1675.618 1671.286 1666.954 1662.622 1658.093 1653.539 1648.984 1644.43 1640.29 1636.978 1633.667 1630.355 1627.043 1624.646 1622.504 1620.361 1618.219 1616.178 1614.475 1612.772 1611.068 1609.365 1607.908 1606.566 1605.224 1603.882 1602.627 1601.957 1601.288 1600.618 1599.948 1599.582 1599.435 1599.289 1599.142 1599.014 1599.512 1600.009 1600.506 1601.003 1601.263 1601.263 1601.263 1601.263 1601.263 1600.94 1600.592 1600.244 1599.896 1599.666 1599.632 1599.598 1599.564 1599.53 1600.047 1600.68 1601.313
1752.745 1739.168 1725.59 1712.012 1705.396 1698.881 1692.367 1685.853 1680.333 1676.107 1671.881 1667.655 1663.428 1658.964 1654.467 1649.971 1645.475 1641.426 1638.273 1635.12 1631.967 1628.814 1626.423 1624.244 1622.064 1619.885 1617.772 1615.884 1613.996 1612.107 1610.219 1608.612 1607.138 1605.664 1604.189 1602.814 1602.102 1601.39 1600.678 1599.966 1599.582 1599.435 1599.289 1599.142 1599.019 1599.675 1600.331 1600.987 1601.643 1601.985 1601.985 1601.985 1601.985 1601.985 1601.559 1601.1 1600.641 1600.182 1599.873 1599.812 1599.752 1599.691 1599.631 1600.239 1600.989 1601.739
1752.665 1739.271 1725.877 1712.484 1705.829 1699.274 1692.719 1686.163 1680.602 1676.334 1672.066 1667.797 1663.529 1658.99 1654.415 1649.84 1645.265 1641.164 1638.01 1634.857 1631.704 1628.551 1626.189 1624.046 1621.903 1619.761 1617.663 1615.716 1613.768 1611.821 1609.873 1608.27 1606.827 1605.385 1603.943 1602.607 1601.981 1601.355 1600.73 1600.104 1599.848 1599.861 1599.873 1599.885 1599.927 1600.953 1601.978 1603.004 1604.03 1604.51 1604.395 1604.28 1604.164 1604.049 1603.271 1602.44 1601.61 1600.779 1600.222 1600.116 1600.01 1599.903 1599.797 1600.512 1601.4 1602.288
1748.247 1735.863 1723.48 1711.097 1704.806 1698.605 1692.405 1686.204 1680.765 1676.317 1671.868 1667.42 1662.972 1658.229 1653.448 1648.667 1643.885 1639.597 1636.296 1632.995 1629.693 1626.392 1624.081 1622.044 1620.007 1617.97 1615.967 1614.078 1612.188 1610.299 1608.41 1606.951 1605.694 1604.437 1603.18 1602.032 1601.612 1601.193 1600.774 1600.354 1600.363 1600.683 1601.002 1601.321 1601.677 1603.269 1604.861 1606.452 1608.044 1608.713 1608.376 1608.039 1607.701 1607.364 1606.0 1604.556 1603.112 1601.667 1600.703 1600.534 1600.364 1600.195 1600.025 1600.86 1601.907 1602.953
1743.828 1732.455 1721.082 1709.71 1703.783 1697.937 1692.09 1686.244 1680.928 1676.299 1671.671 1667.043 1662.415 1657.469 1652.481 1647.494 1642.506 1638.031 1634.582 1631.132 1627.683 1624.233 1621.972 1620.041 1618.11 1616.179 1614.271 1612.44 1610.609 1608.778 1606.947 1605.632 1604.561 1603.489 1602.417 1601.457 1601.244 1601.031 1600.818 1600.605 1600.878 1601.504 1602.131 1602.757 1603.427 1605.585 1607.743 1609.901 1612.059 1612.917 1612.357 1611.798 1611.239 1610.679 1608.73 1606.672 1604.614 1602.556 1601.185 1600.952 1600.719 1600.486 1600.253 1601.208 1602.413 1603.619
1739.409 1729.047 1718.685 1708.323 1702.76 1697.268 1691.776 1686.285 1681.09 1676.282 1671.474 1666.666 1661.858 1656.709 1651.515 1646.321 1641.127 1636.465 1632.867 1629.27 1625.672 1622.075 1619.864 1618.039 1616.214 1614.388 1612.575 1610.802 1609.029 1607.256 1605.483 1604.314 1603.427 1602.54 1601.654 1600.882 1600.875 1600.868 1600.862 1600.855 1601.393 1602.326 1603.259 1604.192 1605.177 1607.901 1610.625 1613.349 1616.073 1617.121 1616.339 1615.557 1614.776 1613.994 1611.459 1608.787 1606.115 1603.444 1601.667 1601.37 1601.074 1600.777 1600.48 1601.556 1602.92 1604.284
