data/zism_data/00753_03_D.txt
ncols         224
nrows         224
[rows 84 to 111 of 224, columns 63 to 125 of 224]
1310.807 1312.239 1313.672 1314.155 1313.144 1312.133 1311.122 1310.111 1308.045 1305.822 1303.599 1301.376 1299.88 1299.717 1299.555 1299.392 1299.23 1299.166 1299.121 1299.076 1299.031 1299.0 1299.0 1299.0 1299.0 1299.0 1299.0 1299.0 1299.0 1299.0 1298.94 1298.728 1298.516 1298.304 1298.092 1297.928 1297.78 1297.631 1297.483 1297.406 1297.553 1297.699 1297.846 1297.992 1298.188 1298.402 1298.616 1298.83 1299.0 1299.0 1299.0 1299.0 1299.0 1299.009 1299.022 1299.036 1299.049 1299.066 1299.102 1299.138 1299.173 1299.209 1299.325
1306.58 1307.636 1308.691 1309.031 1308.247 1307.463 1306.679 1305.895 1304.32 1302.627 1300.934 1299.241 1298.164 1298.217 1298.27 1298.322 1298.375 1298.476 1298.586 1298.696 1298.806 1298.889 1298.916 1298.942 1298.968 1298.995 1299.0 1299.0 1299.0 1299.0 1298.938 1298.717 1298.495 1298.274 1298.052 1297.864 1297.686 1297.507 1297.329 1297.231 1297.383 1297.535 1297.687 1297.839 1298.061 1298.308 1298.556 1298.804 1299.0 1299.0 1299.0 1299.0 1299.0 1299.0 1299.0 1299.0 1299.0 1299.0 1299.0 1299.0 1299.0 1299.0 1299.174
1304.176 1304.895 1305.614 1305.798 1305.138 1304.479 1303.819 1303.16 1301.922 1300.598 1299.274 1297.949 1297.134 1297.251 1297.369 1297.487 1297.605 1297.829 1298.075 1298.32 1298.566 1298.752 1298.811 1298.87 1298.929 1298.988 1299.0 1299.0 1299.0 1299.0 1298.938 1298.717 1298.495 1298.274 1298.052 1297.835 1297.619 1297.402 1297.186 1297.061 1297.219 1297.376 1297.533 1297.691 1297.937 1298.218 1298.498 1298.778 1299.0 1299.0 1299.0 1299.0 1299.0 1299.0 1299.0 1299.0 1299.0 1299.0 1299.0 1299.0 1299.0 1299.0 1299.27
1301.772 1302.155 1302.537 1302.564 1302.029 1301.495 1300.96 1300.425 1299.524 1298.568 1297.613 1296.657 1296.103 1296.286 1296.469 1296.652 1296.835 1297.183 1297.564 1297.945 1298.326 1298.616 1298.707 1298.799 1298.89 1298.982 1299.0 1299.0 1299.0 1299.0 1298.938 1298.717 1298.495 1298.274 1298.052 1297.806 1297.552 1297.298 1297.043 1296.891 1297.054 1297.217 1297.38 1297.542 1297.814 1298.127 1298.44 1298.752 1299.0 1299.0 1299.0 1299.0 1299.0 1299.0 1299.0 1299.0 1299.0 1299.0 1299.0 1299.0 1299.0 1299.0 1299.366
1299.367 1299.414 1299.461 1299.33 1298.92 1298.51 1298.1 1297.69 1297.126 1296.539 1295.952 1295.366 1295.073 1295.321 1295.569 1295.817 1296.065 1296.537 1297.054 1297.57 1298.087 1298.479 1298.603 1298.727 1298.851 1298.975 1299.0 1299.0 1299.0 1299.0 1298.938 1298.717 1298.495 1298.274 1298.052 1297.777 1297.485 1297.193 1296.901 1296.721 1296.889 1297.057 1297.226 1297.394 1297.691 1298.036 1298.381 1298.727 1299.0 1299.0 1299.0 1299.0 1299.0 1299.0 1299.0 1299.0 1299.0 1299.0 1299.0 1299.0 1299.0 1299.0 1299.462
1297.633 1297.423 1297.213 1296.952 1296.611 1296.271 1295.93 1295.589 1295.248 1294.906 1294.563 1294.221 1294.098 1294.377 1294.656 1294.934 1295.213 1295.79 1296.425 1297.061 1297.697 1298.184 1298.353 1298.521 1298.69 1298.858 1298.893 1298.895 1298.896 1298.898 1298.834 1298.604 1298.374 1298.143 1297.913 1297.619 1297.305 1296.992 1296.678 1296.486 1296.672 1296.858 1297.043 1297.229 1297.556 1297.937 1298.318 1298.699 1299.0 1299.0 1299.0 1299.0 1299.0 1299.0 1299.0 1299.0 1299.0 1299.004 1299.026 1299.049 1299.071 1299.093 1299.689
1297.662 1297.403 1297.145 1296.824 1296.408 1295.991 1295.575 1295.158 1294.736 1294.312 1293.889 1293.466 1293.269 1293.488 1293.707 1293.926 1294.145 1294.775 1295.487 1296.198 1296.91 1297.474 1297.718 1297.962 1298.207 1298.451 1298.506 1298.513 1298.52 1298.526 1298.458 1298.195 1297.932 1297.669 1297.406 1297.121 1296.829 1296.537 1296.245 1296.082 1296.316 1296.551 1296.785 1297.019 1297.392 1297.816 1298.24 1298.664 1299.0 1299.0 1299.0 1299.0 1299.0 1299.0 1299.0 1299.0 1299.0 1299.018 1299.122 1299.225 1299.329 1299.433 1300.262
1297.692 1297.384 1297.076 1296.697 1296.204 1295.712 1295.22 1294.727 1294.224 1293.719 1293.215 1292.71 1292.439 1292.599 1292.758 1292.918 1293.077 1293.761 1294.548 1295.336 1296.123 1296.763 1297.083 1297.403 1297.724 1298.044 1298.118 1298.13 1298.143 1298.155 1298.081 1297.786 1297.49 1297.195 1296.9 1296.623 1296.353 1296.083 1295.812 1295.677 1295.961 1296.244 1296.527 1296.81 1297.227 1297.695 1298.162 1298.63 1299.0 1299.0 1299.0 1299.0 1299.0 1299.0 1299.0 1299.0 1299.0 1299.032 1299.217 1299.402 1299.587 1299.772 1300.836
1297.721 1297.365 1297.008 1296.569 1296.001 1295.433 1294.865 1294.296 1293.712 1293.126 1292.54 1291.954 1291.61 1291.71 1291.809 1291.909 1292.009 1292.746 1293.609 1294.473 1295.336 1296.052 1296.448 1296.844 1297.24 1297.636 1297.73 1297.748 1297.766 1297.784 1297.705 1297.377 1297.049 1296.721 1296.393 1296.126 1295.877 1295.628 1295.38 1295.273 1295.605 1295.937 1296.269 1296.601 1297.063 1297.574 1298.085 1298.596 1299.0 1299.0 1299.0 1299.0 1299.0 1299.0 1299.0 1299.0 1299.0 1299.046 1299.312 1299.579 1299.845 1300.111 1301.409
1297.751 1297.345 1296.94 1296.442 1295.798 1295.153 1294.509 1293.865 1293.201 1292.533 1291.866 1291.198 1290.781 1290.821 1290.861 1290.901 1290.941 1291.732 1292.671 1293.61 1294.55 1295.341 1295.813 1296.285 1296.757 1297.229 1297.343 1297.366 1297.389 1297.412 1297.328 1296.968 1296.607 1296.247 1295.886 1295.628 1295.401 1295.174 1294.947 1294.868 1295.249 1295.63 1296.011 1296.391 1296.898 1297.453 1298.007 1298.561 1299.0 1299.0 1299.0 1299.0 1299.0 1299.0 1299.0 1299.0 1299.0 1299.06 1299.408 1299.755 1300.103 1300.451 1301.982
1297.915 1297.541 1297.167 1296.648 1295.899 1295.151 1294.403 1293.655 1292.878 1292.098 1291.317 1290.536 1290.017 1289.977 1289.938 1289.898 1289.859 1290.652 1291.611 1292.571 1293.53 1294.357 1294.901 1295.445 1295.989 1296.533 1296.678 1296.723 1296.768 1296.812 1296.754 1296.434 1296.113 1295.792 1295.471 1295.208 1294.963 1294.717 1294.472 1294.391 1294.816 1295.242 1295.667 1296.093 1296.658 1297.276 1297.893 1298.511 1299.003 1299.015 1299.027 1299.039 1299.051 1299.046 1299.034 1299.022 1299.01 1299.078 1299.531 1299.984 1300.437 1300.891 1302.659
1298.127 1297.812 1297.498 1296.971 1296.109 1295.247 1294.385 1293.523 1292.623 1291.717 1290.812 1289.906 1289.276 1289.149 1289.023 1288.897 1288.771 1289.55 1290.509 1291.468 1292.427 1293.277 1293.892 1294.506 1295.121 1295.735 1295.916 1295.988 1296.06 1296.132 1296.111 1295.856 1295.6 1295.344 1295.088 1294.816 1294.538 1294.26 1293.982 1293.887 1294.356 1294.825 1295.294 1295.763 1296.391 1297.079 1297.767 1298.455 1299.006 1299.034 1299.063 1299.091 1299.119 1299.108 1299.08 1299.052 1299.023 1299.098 1299.665 1300.232 1300.799 1301.365 1303.372
1298.338 1298.083 1297.829 1297.294 1296.318 1295.342 1294.366 1293.391 1292.367 1291.337 1290.307 1289.277 1288.535 1288.322 1288.109 1287.896 1287.683 1288.448 1289.407 1290.366 1291.325 1292.198 1292.883 1293.567 1294.252 1294.937 1295.154 1295.253 1295.352 1295.451 1295.468 1295.278 1295.087 1294.896 1294.706 1294.424 1294.113 1293.803 1293.492 1293.383 1293.895 1294.408 1294.92 1295.432 1296.124 1296.882 1297.641 1298.4 1299.009 1299.054 1299.098 1299.143 1299.188 1299.171 1299.126 1299.081 1299.037 1299.118 1299.798 1300.479 1301.16 1301.841 1304.085
1298.55 1298.355 1298.16 1297.617 1296.527 1295.438 1294.348 1293.258 1292.112 1290.957 1289.802 1288.647 1287.794 1287.494 1287.194 1286.895 1286.595 1287.346 1288.305 1289.264 1290.223 1291.118 1291.873 1292.628 1293.384 1294.139 1294.392 1294.518 1294.644 1294.77 1294.825 1294.7 1294.574 1294.448 1294.323 1294.031 1293.688 1293.345 1293.002 1292.879 1293.435 1293.991 1294.546 1295.102 1295.856 1296.686 1297.515 1298.344 1299.013 1299.073 1299.134 1299.195 1299.256 1299.233 1299.172 1299.111 1299.05 1299.137 1299.932 1300.726 1301.521 1302.316 1304.798
1298.719 1298.571 1298.423 1297.875 1296.694 1295.514 1294.333 1293.153 1291.881 1290.596 1289.311 1288.026 1287.055 1286.661 1286.267 1285.873 1285.479 1286.225 1287.197 1288.169 1289.142 1290.072 1290.912 1291.752 1292.593 1293.433 1293.739 1293.911 1294.083 1294.255 1294.352 1294.258 1294.165 1294.071 1293.978 1293.663 1293.28 1292.897 1292.514 1292.369 1292.963 1293.556 1294.15 1294.743 1295.559 1296.459 1297.359 1298.258 1298.986 1299.065 1299.143 1299.221 1299.299 1299.274 1299.202 1299.131 1299.059 1299.153 1300.038 1300.924 1301.809 1302.694 1305.375
1298.719 1298.571 1298.423 1297.875 1296.694 1295.514 1294.333 1293.153 1291.749 1290.313 1288.876 1287.439 1286.326 1285.807 1285.288 1284.769 1284.25 1285.03 1286.067 1287.105 1288.142 1289.161 1290.143 1291.124 1292.105 1293.086 1293.516 1293.807 1294.098 1294.389 1294.545 1294.354 1294.163 1293.971 1293.78 1293.389 1292.935 1292.482 1292.028 1291.834 1292.444 1293.054 1293.664 1294.274 1295.145 1296.115 1297.085 1298.056 1298.844 1298.944 1299.044 1299.144 1299.244 1299.232 1299.172 1299.111 1299.05 1299.153 1300.038 1300.924 1301.809 1302.694 1305.418
1298.719 1298.571 1298.423 1297.875 1296.694 1295.514 1294.333 1293.153 1291.617 1290.029 1288.44 1286.851 1285.596 1284.952 1284.309 1283.665 1283.021 1283.835 1284.937 1286.04 1287.142 1288.251 1289.373 1290.495 1291.617 1292.739 1293.293 1293.703 1294.113 1294.524 1294.738 1294.449 1294.16 1293.872 1293.583 1293.115 1292.591 1292.066 1291.542 1291.299 1291.926 1292.552 1293.178 1293.804 1294.731 1295.772 1296.812 1297.853 1298.702 1298.823 1298.945 1299.066 1299.188 1299.191 1299.141 1299.091 1299.041 1299.153 1300.038 1300.924 1301.809 1302.694 1305.461
1298.719 1298.571 1298.423 1297.875 1296.694 1295.514 1294.333 1293.153 1291.485 1289.745 1288.004 1286.264 1284.866 1284.098 1283.329 1282.561 1281.793 1282.64 1283.808 1284.975 1286.142 1287.34 1288.603 1289.866 1291.129 1292.392 1293.07 1293.599 1294.129 1294.658 1294.931 1294.545 1294.158 1293.772 1293.386 1292.84 1292.246 1291.651 1291.057 1290.765 1291.407 1292.049 1292.692 1293.334 1294.317 1295.428 1296.539 1297.65 1298.559 1298.702 1298.846 1298.989 1299.132 1299.149 1299.11 1299.071 1299.032 1299.153 1300.038 1300.924 1301.809 1302.694 1305.503
1298.719 1298.571 1298.423 1297.875 1296.694 1295.514 1294.333 1293.153 1291.353 1289.461 1287.568 1285.676 1284.136 1283.243 1282.35 1281.457 1280.564 1281.445 1282.678 1283.91 1285.143 1286.43 1287.833 1289.237 1290.641 1292.045 1292.846 1293.495 1294.144 1294.793 1295.124 1294.64 1294.156 1293.672 1293.188 1292.566 1291.901 1291.236 1290.571 1290.23 1290.888 1291.547 1292.206 1292.864 1293.903 1295.084 1296.266 1297.447 1298.417 1298.582 1298.747 1298.911 1299.076 1299.108 1299.08 1299.052 1299.023 1299.153 1300.038 1300.924 1301.809 1302.694 1305.546
1298.557 1298.428 1298.298 1297.774 1296.63 1295.486 1294.341 1293.197 1291.307 1289.307 1287.306 1285.306 1283.641 1282.595 1281.548 1280.501 1279.455 1280.344 1281.616 1282.888 1284.16 1285.553 1287.207 1288.86 1290.513 1292.167 1293.087 1293.823 1294.558 1295.294 1295.645 1295.009 1294.373 1293.738 1293.102 1292.327 1291.508 1290.689 1289.871 1289.411 1290.061 1290.71 1291.36 1292.009 1293.105 1294.367 1295.63 1296.893 1297.945 1298.197 1298.448 1298.7 1298.952 1299.025 1299.018 1299.012 1299.005 1299.151 1300.026 1300.9 1301.775 1302.649 1305.509
1298.315 1298.213 1298.11 1297.624 1296.534 1295.444 1294.354 1293.264 1291.305 1289.218 1287.131 1285.043 1283.264 1282.049 1280.834 1279.62 1278.405 1279.288 1280.588 1281.887 1283.186 1284.694 1286.651 1288.608 1290.565 1292.522 1293.56 1294.366 1295.172 1295.978 1296.329 1295.515 1294.7 1293.885 1293.071 1292.104 1291.09 1290.077 1289.063 1288.45 1289.078 1289.706 1290.334 1290.962 1292.114 1293.464 1294.813 1296.163 1297.308 1297.679 1298.05 1298.421 1298.792 1298.921 1298.942 1298.962 1298.983 1299.148 1300.006 1300.865 1301.723 1302.581 1305.432
1298.073 1297.997 1297.922 1297.474 1296.438 1295.402 1294.366 1293.33 1291.303 1289.129 1286.955 1284.781 1282.886 1281.503 1280.12 1278.738 1277.355 1278.233 1279.56 1280.886 1282.213 1283.835 1286.095 1288.356 1290.616 1292.877 1294.032 1294.909 1295.786 1296.662 1297.014 1296.021 1295.027 1294.033 1293.04 1291.882 1290.673 1289.464 1288.255 1287.49 1288.096 1288.702 1289.308 1289.915 1291.124 1292.56 1293.997 1295.433 1296.672 1297.162 1297.652 1298.143 1298.633 1298.818 1298.865 1298.913 1298.961 1299.145 1299.987 1300.829 1301.671 1302.513 1305.354
1297.83 1297.782 1297.734 1297.323 1296.342 1295.36 1294.378 1293.397 1291.301 1289.041 1286.78 1284.519 1282.508 1280.957 1279.406 1277.856 1276.305 1277.178 1278.531 1279.885 1281.239 1282.976 1285.54 1288.104 1290.668 1293.232 1294.505 1295.452 1296.399 1297.346 1297.699 1296.526 1295.354 1294.181 1293.009 1291.66 1290.255 1288.851 1287.447 1286.529 1287.114 1287.698 1288.283 1288.867 1290.134 1291.657 1293.18 1294.703 1296.036 1296.645 1297.255 1297.864 1298.474 1298.714 1298.788 1298.863 1298.938 1299.143 1299.968 1300.794 1301.62 1302.445 1305.277
1297.617 1297.605 1297.594 1297.221 1296.277 1295.333 1294.39 1293.446 1291.265 1288.901 1286.536 1284.172 1282.034 1280.314 1278.594 1276.873 1275.153 1276.002 1277.361 1278.72 1280.078 1281.921 1284.808 1287.695 1290.582 1293.469 1294.854 1295.861 1296.868 1297.875 1298.219 1296.864 1295.508 1294.152 1292.797 1291.278 1289.709 1288.14 1286.571 1285.529 1286.112 1286.696 1287.279 1287.862 1289.191 1290.801 1292.411 1294.021 1295.446 1296.168 1296.891 1297.613 1298.335 1298.629 1298.731 1298.833 1298.935 1299.156 1299.946 1300.736 1301.527 1302.317 1305.131
1297.593 1297.684 1297.776 1297.438 1296.424 1295.41 1294.396 1293.382 1291.003 1288.422 1285.84 1283.259 1280.918 1279.019 1277.119 1275.22 1273.321 1274.023 1275.241 1276.459 1277.677 1279.565 1282.902 1286.239 1289.576 1292.912 1294.38 1295.376 1296.372 1297.369 1297.645 1296.078 1294.511 1292.944 1291.377 1289.838 1288.307 1286.776 1285.245 1284.264 1284.983 1285.702 1286.42 1287.139 1288.569 1290.265 1291.962 1293.658 1295.166 1295.959 1296.752 1297.545 1298.338 1298.672 1298.801 1298.93 1299.059 1299.275 1299.902 1300.53 1301.158 1301.785 1304.526
1297.568 1297.763 1297.958 1297.656 1296.571 1295.487 1294.402 1293.317 1290.741 1287.943 1285.144 1282.346 1279.802 1277.723 1275.645 1273.567 1271.489 1272.044 1273.121 1274.198 1275.275 1277.209 1280.996 1284.783 1288.57 1292.356 1293.906 1294.891 1295.877 1296.862 1297.072 1295.293 1293.515 1291.736 1289.958 1288.397 1286.904 1285.411 1283.918 1282.999 1283.853 1284.708 1285.562 1286.417 1287.946 1289.729 1291.513 1293.296 1294.887 1295.751 1296.614 1297.477 1298.341 1298.716 1298.872 1299.028 1299.184 1299.393 1299.858 1300.323 1300.789 1301.254 1303.92
1297.544 1297.842 1298.14 1297.874 1296.718 1295.563 1294.408 1293.253 1290.479 1287.464 1284.448 1281.433 1278.685 1276.428 1274.171 1271.914 1269.657 1270.065 1271.001 1271.937 1272.873 1274.853 1279.09 1283.327 1287.564 1291.8 1293.432 1294.406 1295.381 1296.355 1296.498 1294.508 1292.518 1290.528 1288.538 1286.956 1285.501 1284.046 1282.591 1281.734 1282.724 1283.714 1284.704 1285.694 1287.323 1289.193 1291.063 1292.933 1294.608 1295.542 1296.476 1297.41 1298.343 1298.759 1298.942 1299.125 1299.308 1299.512 1299.815 1300.117 1300.42 1300.722 1303.315
1297.52 1297.921 1298.322 1298.091 1296.865 1295.64 1294.414 1293.189 1290.216 1286.984 1283.752 1280.52 1277.569 1275.133 1272.697 1270.261 1267.825 1268.085 1268.88 1269.675 1270.47 1272.497 1277.184 1281.871 1286.558 1291.244 1292.958 1293.922 1294.885 1295.849 1295.924 1293.723 1291.522 1289.32 1287.119 1285.516 1284.099 1282.681 1281.264 1280.469 1281.594 1282.72 1283.845 1284.971 1286.7 1288.657 1290.614 1292.571 1294.329 1295.333 1296.337 1297.342 1298.346 1298.802 1299.012 1299.223 1299.433 1299.631 1299.771 1299.911 1300.051 1300.19 1302.709
