data/zism_data/00750_01_D.txt
ncols         224
nrows         224
[rows 112 to 139 of 224, columns 0 to 63 of 224]
1613.266 1609.419 1605.571 1601.724 1602.283 1602.907 1603.531 1604.154 1605.444 1607.601 1609.758 1611.915 1614.071 1615.626 1617.101 1618.577 1620.052 1621.224 1621.788 1622.352 1622.916 1623.479 1622.651 1621.436 1620.22 1619.005 1617.613 1615.635 1613.657 1611.68 1609.702 1608.214 1606.955 1605.697 1604.438 1603.262 1602.636 1602.009 1601.383 1600.756 1600.43 1600.322 1600.214 1600.105 1600.0 1600.0 1600.0 1600.0 1600.0 1600.0 1600.0 1600.0 1600.0 1600.0 1600.0 1600.0 1600.0 1600.0 1600.0 1600.0 1600.0 1600.0 1600.0 1600.125
1614.506 1610.463 1606.42 1602.377 1602.844 1603.378 1603.912 1604.446 1605.678 1607.819 1609.96 1612.101 1614.242 1615.663 1616.991 1618.318 1619.645 1620.674 1621.106 1621.537 1621.969 1622.401 1621.56 1620.366 1619.172 1617.977 1616.602 1614.624 1612.646 1610.668 1608.691 1607.232 1606.015 1604.799 1603.583 1602.46 1601.96 1601.461 1600.962 1600.462 1600.22 1600.165 1600.109 1600.054 1600.0 1600.0 1600.0 1600.0 1600.0 1600.0 1600.0 1600.0 1600.0 1600.0 1600.0 1600.0 1600.0 1600.0 1600.0 1600.0 1600.0 1600.0 1600.0 1600.064
1615.747 1611.508 1607.269 1603.03 1603.406 1603.85 1604.294 1604.737 1605.912 1608.037 1610.162 1612.287 1614.412 1615.701 1616.88 1618.059 1619.238 1620.124 1620.424 1620.723 1621.022 1621.322 1620.469 1619.296 1618.123 1616.95 1615.59 1613.613 1611.635 1609.657 1607.679 1606.249 1605.075 1603.901 1602.727 1601.658 1601.285 1600.913 1600.541 1600.168 1600.01 1600.008 1600.005 1600.002 1600.0 1600.0 1600.0 1600.0 1600.0 1600.0 1600.0 1600.0 1600.0 1600.0 1600.0 1600.0 1600.0 1600.0 1600.0 1600.0 1600.0 1600.0 1600.0 1600.003
1618.39 1614.243 1610.095 1605.947 1606.146 1606.41 1606.673 1606.936 1607.96 1609.974 1611.987 1614.001 1616.014 1617.164 1618.2 1619.236 1620.272 1621.035 1621.252 1621.47 1621.687 1621.905 1621.023 1619.836 1618.649 1617.462 1616.112 1614.225 1612.338 1610.451 1608.564 1607.13 1605.907 1604.685 1603.463 1602.342 1601.895 1601.448 1601.001 1600.554 1600.337 1600.287 1600.237 1600.186 1600.137 1600.106 1600.076 1600.046 1600.016 1600.0 1600.0 1600.0 1600.0 1600.0 1600.0 1600.0 1600.0 1600.0 1600.0 1600.0 1600.0 1600.0 1600.0 1600.0
1621.105 1617.063 1613.021 1608.979 1608.998 1609.076 1609.154 1609.232 1610.101 1611.998 1613.895 1615.792 1617.689 1618.699 1619.592 1620.485 1621.378 1622.02 1622.158 1622.296 1622.434 1622.572 1621.661 1620.458 1619.255 1618.052 1616.712 1614.92 1613.129 1611.337 1609.545 1608.105 1606.83 1605.555 1604.279 1603.101 1602.57 1602.038 1601.507 1600.975 1600.692 1600.589 1600.485 1600.382 1600.28 1600.218 1600.156 1600.094 1600.032 1600.0 1600.0 1600.0 1600.0 1600.0 1600.0 1600.0 1600.0 1600.0 1600.0 1600.0 1600.0 1600.0 1600.0 1600.0
1623.82 1619.884 1615.948 1612.012 1611.849 1611.742 1611.635 1611.528 1612.241 1614.022 1615.803 1617.583 1619.364 1620.234 1620.984 1621.734 1622.485 1623.005 1623.063 1623.122 1623.181 1623.24 1622.298 1621.079 1619.861 1618.642 1617.312 1615.616 1613.919 1612.222 1610.526 1609.08 1607.752 1606.424 1605.096 1603.861 1603.245 1602.628 1602.012 1601.396 1601.047 1600.89 1600.734 1600.578 1600.424 1600.33 1600.236 1600.143 1600.049 1600.0 1600.0 1600.0 1600.0 1600.0 1600.0 1600.0 1600.0 1600.0 1600.0 1600.0 1600.0 1600.0 1600.0 1600.0
1626.535 1622.704 1618.874 1615.044 1614.7 1614.408 1614.116 1613.824 1614.382 1616.046 1617.71 1619.375 1621.039 1621.769 1622.376 1622.984 1623.591 1623.989 1623.969 1623.948 1623.927 1623.907 1622.936 1621.701 1620.467 1619.232 1617.912 1616.311 1614.709 1613.108 1611.507 1610.055 1608.674 1607.293 1605.912 1604.62 1603.919 1603.219 1602.518 1601.817 1601.401 1601.192 1600.983 1600.774 1600.567 1600.442 1600.316 1600.191 1600.065 1600.0 1600.0 1600.0 1600.0 1600.0 1600.0 1600.0 1600.0 1600.0 1600.0 1600.0 1600.0 1600.0 1600.0 1600.0
1629.492 1625.857 1622.222 1618.587 1618.056 1617.572 1617.087 1616.603 1616.987 1618.501 1620.015 1621.529 1623.043 1623.613 1624.06 1624.506 1624.953 1625.213 1625.099 1624.984 1624.87 1624.756 1623.761 1622.521 1621.281 1620.041 1618.735 1617.211 1615.687 1614.163 1612.64 1611.187 1609.767 1608.347 1606.928 1605.59 1604.799 1604.008 1603.218 1602.427 1601.925 1601.633 1601.34 1601.048 1600.759 1600.595 1600.431 1600.266 1600.102 1600.026 1600.048 1600.069 1600.091 1600.112 1600.12 1600.127 1600.135 1600.142 1600.145 1600.141 1600.138 1600.134 1600.13 1600.115
1632.927 1629.662 1626.397 1623.132 1622.404 1621.713 1621.022 1620.331 1620.504 1621.801 1623.098 1624.395 1625.692 1626.065 1626.316 1626.567 1626.818 1626.906 1626.67 1626.434 1626.198 1625.962 1624.953 1623.729 1622.505 1621.281 1619.997 1618.516 1617.034 1615.552 1614.071 1612.624 1611.194 1609.764 1608.333 1606.973 1606.082 1605.191 1604.299 1603.408 1602.781 1602.346 1601.911 1601.476 1601.047 1600.829 1600.612 1600.395 1600.178 1600.105 1600.19 1600.275 1600.36 1600.445 1600.477 1600.505 1600.534 1600.562 1600.574 1600.56 1600.546 1600.532 1600.518 1600.457
1636.361 1633.467 1630.573 1627.678 1626.752 1625.854 1624.957 1624.06 1624.022 1625.102 1626.182 1627.262 1628.342 1628.516 1628.571 1628.627 1628.682 1628.599 1628.242 1627.884 1627.526 1627.169 1626.145 1624.937 1623.729 1622.521 1621.259 1619.82 1618.381 1616.941 1615.502 1614.062 1612.621 1611.18 1609.739 1608.357 1607.365 1606.373 1605.381 1604.389 1603.637 1603.059 1602.481 1601.903 1601.334 1601.064 1600.794 1600.524 1600.254 1600.184 1600.332 1600.48 1600.629 1600.777 1600.834 1600.883 1600.933 1600.982 1601.004 1600.979 1600.954 1600.93 1600.905 1600.798
1639.796 1637.272 1634.748 1632.224 1631.1 1629.996 1628.892 1627.788 1627.54 1628.403 1629.266 1630.129 1630.992 1630.968 1630.827 1630.687 1630.546 1630.293 1629.813 1629.334 1628.854 1628.375 1627.338 1626.146 1624.953 1623.761 1622.521 1621.124 1619.727 1618.33 1616.933 1615.499 1614.048 1612.597 1611.145 1609.74 1608.648 1607.556 1606.463 1605.371 1604.494 1603.773 1603.052 1602.331 1601.622 1601.298 1600.975 1600.652 1600.329 1600.262 1600.474 1600.686 1600.898 1601.11 1601.191 1601.261 1601.332 1601.403 1601.433 1601.398 1601.363 1601.327 1601.292 1601.14
1643.23 1641.077 1638.923 1636.77 1635.447 1634.137 1632.827 1631.517 1631.057 1631.704 1632.35 1632.996 1633.642 1633.419 1633.083 1632.747 1632.41 1631.986 1631.385 1630.784 1630.182 1629.581 1628.53 1627.354 1626.177 1625.001 1623.783 1622.428 1621.074 1619.719 1618.365 1616.937 1615.475 1614.013 1612.551 1611.124 1609.931 1608.738 1607.545 1606.352 1605.35 1604.486 1603.622 1602.759 1601.909 1601.533 1601.157 1600.781 1600.405 1600.341 1600.616 1600.891 1601.167 1601.442 1601.547 1601.639 1601.731 1601.823 1601.863 1601.817 1601.771 1601.725 1601.679 1601.482
1646.9 1644.987 1643.074 1641.161 1639.725 1638.296 1636.868 1635.439 1634.787 1635.144 1635.5 1635.857 1636.213 1635.781 1635.245 1634.709 1634.173 1633.56 1632.796 1632.031 1631.266 1630.501 1629.391 1628.184 1626.978 1625.771 1624.55 1623.28 1622.01 1620.74 1619.469 1618.129 1616.756 1615.383 1614.009 1612.645 1611.34 1610.035 1608.73 1607.425 1606.276 1605.238 1604.201 1603.164 1602.155 1602.113 1602.07 1602.027 1601.985 1602.262 1602.887 1603.513 1604.139 1604.765 1604.939 1605.079 1605.219 1605.359 1605.378 1605.199 1605.021 1604.842 1604.663 1604.168
1650.66 1648.937 1647.214 1645.492 1643.975 1642.462 1640.949 1639.436 1638.598 1638.637 1638.676 1638.715 1638.754 1638.107 1637.37 1636.633 1635.896 1635.09 1634.145 1633.2 1632.255 1631.311 1630.124 1628.87 1627.616 1626.362 1625.127 1623.958 1622.788 1621.618 1620.449 1619.227 1617.981 1616.734 1615.488 1614.219 1612.798 1611.376 1609.955 1608.534 1607.228 1606.005 1604.783 1603.56 1602.386 1602.825 1603.264 1603.703 1604.141 1604.89 1605.976 1607.062 1608.148 1609.234 1609.496 1609.694 1609.892 1610.09 1610.078 1609.719 1609.361 1609.002 1608.643 1607.754
1654.42 1652.888 1651.355 1649.823 1648.226 1646.628 1645.031 1643.433 1642.409 1642.13 1641.852 1641.573 1641.295 1640.433 1639.495 1638.557 1637.619 1636.619 1635.494 1634.37 1633.245 1632.12 1630.857 1629.555 1628.254 1626.952 1625.704 1624.635 1623.566 1622.497 1621.428 1620.325 1619.205 1618.086 1616.967 1615.793 1614.255 1612.718 1611.18 1609.642 1608.18 1606.772 1605.365 1603.957 1602.617 1603.537 1604.457 1605.378 1606.298 1607.518 1609.064 1610.61 1612.157 1613.703 1614.053 1614.309 1614.565 1614.821 1614.778 1614.239 1613.701 1613.162 1612.623 1611.34
1658.18 1656.838 1655.496 1654.155 1652.477 1650.794 1649.112 1647.43 1646.219 1645.624 1645.028 1644.432 1643.836 1642.76 1641.621 1640.481 1639.342 1638.148 1636.844 1635.539 1634.234 1632.93 1631.59 1630.241 1628.892 1627.542 1626.281 1625.313 1624.344 1623.376 1622.407 1621.422 1620.43 1619.438 1618.446 1617.367 1615.713 1614.059 1612.405 1610.75 1609.132 1607.539 1605.946 1604.353 1602.847 1604.249 1605.651 1607.053 1608.455 1610.146 1612.152 1614.159 1616.166 1618.173 1618.61 1618.924 1619.238 1619.553 1619.478 1618.759 1618.041 1617.322 1616.604 1614.926
1661.951 1660.765 1659.579 1658.392 1656.62 1654.838 1653.057 1651.275 1649.873 1648.964 1648.054 1647.145 1646.236 1644.945 1643.605 1642.265 1640.925 1639.534 1638.041 1636.548 1635.055 1633.562 1632.143 1630.746 1629.348 1627.951 1626.681 1625.834 1624.987 1624.14 1623.293 1622.447 1621.6 1620.753 1619.906 1618.946 1617.232 1615.518 1613.804 1612.09 1610.376 1608.663 1606.949 1605.235 1603.626 1605.547 1607.467 1609.388 1611.308 1613.468 1615.888 1618.308 1620.728 1623.148 1623.613 1623.925 1624.236 1624.548 1624.397 1623.479 1622.561 1621.643 1620.725 1618.671
1665.817 1664.499 1663.18 1661.862 1659.873 1657.875 1655.876 1653.878 1652.231 1651.042 1649.852 1648.662 1647.472 1645.972 1644.43 1642.889 1641.348 1639.736 1637.984 1636.232 1634.479 1632.727 1631.211 1629.761 1628.31 1626.86 1625.618 1625.068 1624.517 1623.966 1623.416 1622.865 1622.314 1621.764 1621.213 1620.564 1619.258 1617.951 1616.645 1615.338 1614.032 1612.725 1611.419 1610.112 1608.923 1611.669 1614.415 1617.161 1619.907 1622.51 1624.957 1627.403 1629.85 1632.296 1632.297 1632.106 1631.915 1631.724 1631.124 1629.846 1628.568 1627.291 1626.013 1623.726
1669.683 1668.232 1666.782 1665.331 1663.127 1660.911 1658.696 1656.481 1654.589 1653.119 1651.649 1650.179 1648.709 1646.998 1645.255 1643.513 1641.771 1639.939 1637.927 1635.916 1633.904 1631.893 1630.279 1628.776 1627.272 1625.769 1624.555 1624.301 1624.047 1623.792 1623.538 1623.284 1623.029 1622.775 1622.521 1622.182 1621.283 1620.384 1619.485 1618.586 1617.687 1616.788 1615.889 1614.99 1614.22 1617.792 1621.363 1624.934 1628.506 1631.552 1634.025 1636.498 1638.971 1641.444 1640.98 1640.286 1639.593 1638.899 1637.85 1636.213 1634.575 1632.938 1631.3 1628.78
1673.549 1671.966 1670.383 1668.8 1666.38 1663.948 1661.516 1659.083 1656.948 1655.197 1653.446 1651.696 1649.945 1648.024 1646.081 1644.137 1642.194 1640.141 1637.87 1635.6 1633.329 1631.058 1629.346 1627.79 1626.234 1624.678 1623.492 1623.534 1623.576 1623.618 1623.66 1623.702 1623.744 1623.786 1623.828 1623.801 1623.309 1622.817 1622.326 1621.834 1621.342 1620.851 1620.359 1619.867 1619.517 1623.914 1628.311 1632.708 1637.104 1640.594 1643.093 1645.593 1648.092 1650.592 1649.663 1648.467 1647.271 1646.075 1644.577 1642.58 1640.583 1638.585 1636.588 1633.835
1677.415 1675.7 1673.985 1672.269 1669.634 1666.984 1664.335 1661.686 1659.306 1657.275 1655.244 1653.213 1651.182 1649.05 1646.906 1644.761 1642.617 1640.344 1637.814 1635.284 1632.754 1630.224 1628.414 1626.805 1625.196 1623.587 1622.429 1622.768 1623.106 1623.444 1623.782 1624.121 1624.459 1624.797 1625.136 1625.419 1625.335 1625.25 1625.166 1625.082 1624.998 1624.913 1624.829 1624.745 1624.815 1630.037 1635.259 1640.481 1645.703 1649.636 1652.162 1654.688 1657.214 1659.74 1658.347 1656.648 1654.95 1653.251 1651.304 1648.947 1646.59 1644.233 1641.876 1638.89
1680.707 1678.872 1677.038 1675.203 1672.306 1669.393 1666.48 1663.567 1660.895 1658.536 1656.177 1653.819 1651.46 1649.093 1646.723 1644.354 1641.985 1639.507 1636.809 1634.111 1631.413 1628.715 1626.9 1625.329 1623.758 1622.188 1621.121 1621.721 1622.322 1622.922 1623.523 1624.165 1624.825 1625.486 1626.147 1626.774 1627.181 1627.588 1627.995 1628.402 1628.874 1629.393 1629.912 1630.431 1631.099 1636.757 1642.416 1648.074 1653.732 1657.818 1660.187 1662.557 1664.926 1667.296 1665.549 1663.481 1661.413 1659.345 1657.086 1654.513 1651.94 1649.367 1646.793 1643.66
1683.41 1681.47 1679.529 1677.589 1674.382 1671.157 1667.932 1664.706 1661.694 1658.96 1656.226 1653.492 1650.757 1648.126 1645.508 1642.891 1640.273 1637.604 1634.832 1632.06 1629.288 1626.516 1624.788 1623.349 1621.911 1620.473 1619.56 1620.388 1621.216 1622.044 1622.873 1623.825 1624.835 1625.845 1626.854 1627.861 1628.845 1629.828 1630.812 1631.795 1632.976 1634.299 1635.623 1636.946 1638.396 1644.092 1649.787 1655.483 1661.178 1665.118 1667.144 1669.169 1671.195 1673.22 1671.233 1668.932 1666.631 1664.33 1661.901 1659.258 1656.616 1653.974 1651.333 1648.139
1686.113 1684.067 1682.02 1679.974 1676.458 1672.921 1669.383 1665.846 1662.494 1659.384 1656.274 1653.164 1650.055 1647.16 1644.293 1641.427 1638.561 1635.701 1632.855 1630.009 1627.163 1624.317 1622.676 1621.37 1620.064 1618.758 1617.999 1619.055 1620.111 1621.167 1622.222 1623.485 1624.844 1626.203 1627.562 1628.948 1630.508 1632.068 1633.629 1635.189 1637.078 1639.206 1641.334 1643.461 1645.694 1651.426 1657.158 1662.891 1668.623 1672.418 1674.1 1675.782 1677.463 1679.145 1676.917 1674.383 1671.849 1669.315 1666.714 1664.004 1661.293 1658.582 1655.871 1652.618
1688.816 1686.664 1684.512 1682.36 1678.535 1674.685 1670.835 1666.985 1663.294 1659.808 1656.323 1652.837 1649.352 1646.193 1643.078 1639.963 1636.848 1633.798 1630.878 1627.958 1625.037 1622.117 1620.564 1619.39 1618.217 1617.043 1616.439 1617.722 1619.005 1620.288 1621.572 1623.145 1624.853 1626.561 1628.27 1630.034 1632.171 1634.308 1636.446 1638.583 1641.181 1644.113 1647.045 1649.977 1652.991 1658.76 1664.53 1670.299 1676.069 1679.719 1681.056 1682.394 1683.732 1685.069 1682.6 1679.833 1677.067 1674.3 1671.529 1668.749 1665.97 1663.19 1660.41 1657.097
1691.519 1689.261 1687.003 1684.745 1680.611 1676.449 1672.287 1668.125 1664.094 1660.233 1656.371 1652.51 1648.649 1645.227 1641.863 1638.5 1635.136 1631.895 1628.901 1625.906 1622.912 1619.918 1618.452 1617.411 1616.369 1615.328 1614.878 1616.389 1617.9 1619.41 1620.921 1622.804 1624.862 1626.92 1628.977 1631.121 1633.835 1636.549 1639.263 1641.976 1645.283 1649.019 1652.756 1656.492 1660.288 1666.095 1671.901 1677.708 1683.515 1687.019 1688.013 1689.007 1690.0 1690.994 1688.284 1685.284 1682.285 1679.286 1676.343 1673.495 1670.646 1667.798 1664.949 1661.576
1692.058 1689.843 1687.628 1685.413 1681.178 1676.914 1672.649 1668.384 1664.223 1660.195 1656.167 1652.14 1648.112 1644.452 1640.839 1637.226 1633.614 1630.167 1627.052 1623.938 1620.823 1617.708 1616.283 1615.327 1614.371 1613.416 1613.013 1614.439 1615.866 1617.292 1618.719 1620.664 1622.852 1625.041 1627.229 1629.544 1632.704 1635.865 1639.025 1642.185 1646.081 1650.51 1654.939 1659.368 1663.829 1669.384 1674.939 1680.495 1686.05 1689.256 1689.902 1690.547 1691.192 1691.837 1689.404 1686.73 1684.056 1681.382 1678.802 1676.378 1673.954 1671.53 1669.106 1665.623
1692.3 1690.149 1687.997 1685.846 1681.539 1677.2 1672.861 1668.522 1664.259 1660.094 1655.929 1651.764 1647.598 1643.702 1639.841 1635.979 1632.118 1628.464 1625.222 1621.98 1618.738 1615.496 1614.106 1613.229 1612.353 1611.477 1611.105 1612.405 1613.704 1615.004 1616.303 1618.276 1620.565 1622.854 1625.143 1627.601 1631.19 1634.779 1638.368 1641.957 1646.425 1651.532 1656.638 1661.744 1666.855 1672.119 1677.383 1682.647 1687.911 1690.799 1691.095 1691.391 1691.687 1691.983 1689.897 1687.625 1685.353 1683.081 1680.938 1679.006 1677.074 1675.142 1673.21 1669.612
