data/zism_data/00758_04_D.txt
ncols         224
nrows         224
[rows 145 to 173 of 224, columns 65 to 129 of 224]
1310.011 1309.705 1309.429 1309.164 1308.898 1308.633 1308.339 1307.926 1307.512 1307.099 1306.685 1306.364 1306.096 1305.827 1305.559 1305.28 1304.893 1304.506 1304.119 1303.732 1303.613 1303.727 1303.84 1303.954 1304.068 1304.32 1304.575 1304.829 1305.083 1305.227 1305.227 1305.227 1305.227 1305.227 1304.887 1304.503 1304.118 1303.734 1303.34 1302.928 1302.516 1302.105 1301.693 1301.565 1301.516 1301.468 1301.419 1301.347 1301.201 1301.054 1300.908 1300.761 1300.594 1300.417 1300.239 1300.062 1299.885 1299.707 1299.53 1299.353 1299.175 1299.088 1299.066 1299.044 1299.021
1307.209 1307.053 1307.015 1307.018 1307.021 1307.023 1307.011 1306.936 1306.86 1306.785 1306.709 1306.658 1306.62 1306.582 1306.545 1306.484 1306.189 1305.893 1305.597 1305.301 1305.288 1305.52 1305.751 1305.983 1306.215 1306.511 1306.808 1307.106 1307.403 1307.571 1307.571 1307.571 1307.571 1307.571 1307.141 1306.655 1306.168 1305.682 1305.174 1304.622 1304.071 1303.52 1302.969 1302.811 1302.762 1302.713 1302.664 1302.593 1302.446 1302.3 1302.153 1302.007 1301.751 1301.445 1301.139 1300.833 1300.527 1300.221 1299.915 1299.609 1299.303 1299.152 1299.114 1299.075 1299.037
1304.407 1304.402 1304.601 1304.872 1305.143 1305.414 1305.683 1305.946 1306.208 1306.471 1306.733 1306.951 1307.144 1307.337 1307.53 1307.689 1307.484 1307.279 1307.075 1306.87 1306.963 1307.312 1307.662 1308.012 1308.362 1308.702 1309.042 1309.383 1309.723 1309.915 1309.915 1309.915 1309.915 1309.915 1309.395 1308.807 1308.218 1307.63 1307.007 1306.317 1305.626 1304.935 1304.244 1304.056 1304.007 1303.958 1303.909 1303.838 1303.691 1303.545 1303.398 1303.252 1302.909 1302.474 1302.039 1301.604 1301.17 1300.735 1300.3 1299.865 1299.43 1299.216 1299.161 1299.107 1299.053
1301.605 1301.75 1302.186 1302.726 1303.265 1303.804 1304.355 1304.956 1305.556 1306.157 1306.757 1307.245 1307.669 1308.092 1308.516 1308.893 1308.78 1308.666 1308.553 1308.439 1308.637 1309.105 1309.573 1310.041 1310.509 1310.893 1311.276 1311.66 1312.043 1312.259 1312.259 1312.259 1312.259 1312.259 1311.649 1310.959 1310.268 1309.578 1308.841 1308.011 1307.18 1306.35 1305.52 1305.301 1305.252 1305.203 1305.155 1305.083 1304.937 1304.79 1304.644 1304.497 1304.067 1303.503 1302.939 1302.376 1301.812 1301.248 1300.685 1300.121 1299.557 1299.28 1299.209 1299.139 1299.068
1300.643 1300.902 1301.403 1301.989 1302.575 1303.161 1303.794 1304.626 1305.458 1306.29 1307.122 1307.827 1308.459 1309.092 1309.724 1310.302 1310.316 1310.329 1310.342 1310.355 1310.661 1311.22 1311.78 1312.339 1312.898 1313.339 1313.779 1314.218 1314.657 1314.906 1314.906 1314.906 1314.906 1314.906 1314.252 1313.513 1312.774 1312.035 1311.269 1310.45 1309.631 1308.812 1307.993 1307.784 1307.744 1307.704 1307.664 1307.599 1307.453 1307.306 1307.16 1307.013 1306.44 1305.668 1304.896 1304.124 1303.348 1302.55 1301.751 1300.952 1300.153 1299.721 1299.555 1299.388 1299.222
1300.068 1300.435 1300.964 1301.55 1302.136 1302.722 1303.394 1304.435 1305.476 1306.518 1307.559 1308.47 1309.306 1310.142 1310.978 1311.755 1311.902 1312.049 1312.196 1312.344 1312.758 1313.403 1314.048 1314.693 1315.338 1315.839 1316.337 1316.836 1317.334 1317.616 1317.616 1317.616 1317.616 1317.616 1316.929 1316.153 1315.376 1314.599 1313.823 1313.047 1312.271 1311.494 1310.718 1310.526 1310.497 1310.468 1310.439 1310.382 1310.236 1310.089 1309.943 1309.796 1309.07 1308.073 1307.075 1306.078 1305.073 1304.016 1302.96 1301.904 1300.847 1300.242 1299.963 1299.684 1299.405
1299.493 1299.968 1300.524 1301.11 1301.696 1302.282 1302.994 1304.244 1305.495 1306.745 1307.996 1309.112 1310.152 1311.193 1312.233 1313.207 1313.488 1313.77 1314.051 1314.332 1314.855 1315.586 1316.317 1317.048 1317.779 1318.339 1318.896 1319.453 1320.011 1320.326 1320.326 1320.326 1320.326 1320.326 1319.606 1318.792 1317.978 1317.164 1316.376 1315.643 1314.91 1314.177 1313.443 1313.269 1313.251 1313.232 1313.214 1313.166 1313.019 1312.873 1312.726 1312.58 1311.7 1310.477 1309.254 1308.032 1306.797 1305.483 1304.169 1302.855 1301.542 1300.762 1300.371 1299.979 1299.587
1298.919 1299.5 1300.085 1300.671 1301.257 1301.843 1302.594 1304.053 1305.513 1306.973 1308.433 1309.755 1310.999 1312.243 1313.487 1314.659 1315.074 1315.49 1315.906 1316.321 1316.952 1317.769 1318.585 1319.402 1320.219 1320.838 1321.455 1322.071 1322.688 1323.036 1323.036 1323.036 1323.036 1323.036 1322.283 1321.431 1320.58 1319.728 1318.93 1318.24 1317.549 1316.859 1316.168 1316.012 1316.005 1315.997 1315.989 1315.949 1315.803 1315.656 1315.51 1315.363 1314.33 1312.882 1311.434 1309.985 1308.521 1306.95 1305.379 1303.807 1302.236 1301.283 1300.779 1300.274 1299.77
1298.769 1299.483 1300.12 1300.73 1301.339 1301.949 1302.743 1304.329 1305.915 1307.502 1309.088 1310.551 1311.944 1313.338 1314.731 1316.052 1316.615 1317.178 1317.741 1318.304 1319.036 1319.915 1320.794 1321.673 1322.552 1323.217 1323.88 1324.542 1325.204 1325.581 1325.587 1325.593 1325.599 1325.604 1324.858 1324.013 1323.168 1322.323 1321.546 1320.906 1320.266 1319.626 1318.986 1318.847 1318.847 1318.847 1318.847 1318.806 1318.627 1318.448 1318.269 1318.089 1316.925 1315.299 1313.672 1312.046 1310.397 1308.598 1306.799 1304.999 1303.2 1302.064 1301.408 1300.753 1300.097
1299.74 1300.652 1301.404 1302.1 1302.795 1303.491 1304.337 1305.832 1307.327 1308.822 1310.318 1311.751 1313.15 1314.548 1315.947 1317.288 1318.034 1318.779 1319.525 1320.27 1321.087 1321.966 1322.845 1323.724 1324.603 1325.279 1325.952 1326.625 1327.298 1327.69 1327.717 1327.745 1327.772 1327.799 1327.165 1326.443 1325.721 1325.0 1324.328 1323.758 1323.188 1322.618 1322.047 1321.923 1321.923 1321.923 1321.923 1321.855 1321.557 1321.26 1320.963 1320.666 1319.427 1317.748 1316.068 1314.388 1312.673 1310.723 1308.774 1306.824 1304.875 1303.529 1302.621 1301.714 1300.806
1300.71 1301.821 1302.688 1303.47 1304.251 1305.032 1305.931 1307.335 1308.739 1310.143 1311.547 1312.951 1314.355 1315.759 1317.162 1318.525 1319.453 1320.381 1321.308 1322.236 1323.138 1324.017 1324.896 1325.775 1326.654 1327.34 1328.024 1328.708 1329.391 1329.799 1329.848 1329.897 1329.945 1329.994 1329.471 1328.873 1328.275 1327.676 1327.111 1326.61 1326.11 1325.609 1325.109 1325.0 1325.0 1325.0 1325.0 1324.904 1324.489 1324.073 1323.658 1323.243 1321.93 1320.197 1318.463 1316.73 1314.948 1312.849 1310.749 1308.649 1306.549 1304.994 1303.834 1302.675 1301.515
1301.681 1302.99 1303.973 1304.84 1305.707 1306.574 1307.525 1308.838 1310.151 1311.464 1312.776 1314.151 1315.56 1316.969 1318.378 1319.762 1320.872 1321.982 1323.092 1324.203 1325.189 1326.068 1326.947 1327.826 1328.705 1329.402 1330.096 1330.791 1331.485 1331.908 1331.978 1332.049 1332.119 1332.189 1331.777 1331.303 1330.828 1330.353 1329.893 1329.462 1329.031 1328.601 1328.17 1328.076 1328.076 1328.076 1328.076 1327.953 1327.419 1326.886 1326.353 1325.82 1324.433 1322.646 1320.859 1319.071 1317.224 1314.974 1312.724 1310.474 1308.224 1306.459 1305.047 1303.636 1302.224
1302.651 1304.159 1305.257 1306.21 1307.163 1308.116 1309.12 1310.341 1311.563 1312.784 1314.006 1315.35 1316.765 1318.18 1319.594 1320.998 1322.291 1323.584 1324.876 1326.169 1327.24 1328.119 1328.998 1329.877 1330.756 1331.463 1332.168 1332.874 1333.579 1334.017 1334.109 1334.201 1334.292 1334.384 1334.084 1333.733 1333.381 1333.03 1332.675 1332.314 1331.953 1331.592 1331.231 1331.153 1331.153 1331.153 1331.153 1331.002 1330.35 1329.699 1329.048 1328.397 1326.935 1325.095 1323.254 1321.413 1319.499 1317.099 1314.699 1312.298 1309.898 1307.925 1306.261 1304.596 1302.932
1303.86 1305.462 1306.656 1307.707 1308.757 1309.808 1310.881 1312.054 1313.227 1314.401 1315.573 1316.887 1318.28 1319.672 1321.065 1322.457 1323.834 1325.212 1326.59 1327.968 1329.089 1329.987 1330.886 1331.784 1332.683 1333.439 1334.194 1334.949 1335.703 1336.179 1336.292 1336.406 1336.519 1336.632 1336.42 1336.164 1335.909 1335.654 1335.388 1335.101 1334.813 1334.526 1334.238 1334.176 1334.176 1334.176 1334.176 1334.002 1333.252 1332.503 1331.753 1331.003 1329.471 1327.573 1325.674 1323.776 1321.809 1319.383 1316.957 1314.531 1312.104 1310.039 1308.236 1306.432 1304.629
1305.16 1306.815 1308.099 1309.251 1310.404 1311.556 1312.706 1313.847 1314.988 1316.129 1317.27 1318.551 1319.912 1321.272 1322.633 1323.999 1325.425 1326.851 1328.278 1329.704 1330.861 1331.786 1332.712 1333.637 1334.562 1335.383 1336.202 1337.021 1337.84 1338.362 1338.496 1338.631 1338.766 1338.901 1338.766 1338.597 1338.428 1338.258 1338.075 1337.862 1337.65 1337.438 1337.225 1337.179 1337.179 1337.179 1337.179 1336.984 1336.143 1335.302 1334.461 1333.62 1332.019 1330.062 1328.104 1326.147 1324.131 1321.727 1319.322 1316.917 1314.513 1312.401 1310.5 1308.6 1306.7
1306.46 1308.168 1309.541 1310.796 1312.05 1313.305 1314.532 1315.64 1316.749 1317.858 1318.966 1320.215 1321.544 1322.872 1324.2 1325.542 1327.016 1328.49 1329.965 1331.439 1332.634 1333.586 1334.538 1335.49 1336.442 1337.327 1338.21 1339.094 1339.977 1340.544 1340.7 1340.856 1341.013 1341.169 1341.113 1341.03 1340.946 1340.863 1340.761 1340.624 1340.487 1340.35 1340.212 1340.183 1340.183 1340.183 1340.183 1339.966 1339.034 1338.102 1337.17 1336.238 1334.567 1332.551 1330.534 1328.518 1326.454 1324.071 1321.687 1319.304 1316.921 1314.762 1312.765 1310.768 1308.772
1307.759 1309.522 1310.984 1312.34 1313.697 1315.053 1316.357 1317.433 1318.51 1319.586 1320.663 1321.88 1323.176 1324.472 1325.768 1327.084 1328.607 1330.129 1331.652 1333.175 1334.406 1335.385 1336.364 1337.343 1338.322 1339.27 1340.218 1341.166 1342.114 1342.727 1342.904 1343.082 1343.26 1343.437 1343.46 1343.462 1343.464 1343.467 1343.448 1343.386 1343.324 1343.261 1343.199 1343.186 1343.186 1343.186 1343.186 1342.949 1341.925 1340.902 1339.878 1338.855 1337.115 1335.04 1332.964 1330.889 1328.776 1326.414 1324.053 1321.691 1319.329 1317.123 1315.03 1312.937 1310.843
1308.925 1310.746 1312.302 1313.763 1315.224 1316.685 1318.07 1319.131 1320.191 1321.251 1322.311 1323.508 1324.782 1326.056 1327.331 1328.63 1330.188 1331.747 1333.306 1334.865 1336.135 1337.153 1338.172 1339.191 1340.21 1341.223 1342.236 1343.25 1344.263 1344.926 1345.133 1345.34 1345.548 1345.755 1345.862 1345.954 1346.047 1346.14 1346.203 1346.206 1346.208 1346.211 1346.214 1346.208 1346.2 1346.191 1346.183 1345.917 1344.799 1343.68 1342.562 1341.444 1339.635 1337.502 1335.369 1333.237 1331.078 1328.739 1326.401 1324.062 1321.724 1319.478 1317.298 1315.119 1312.939
1309.451 1311.359 1313.024 1314.603 1316.182 1317.761 1319.254 1320.373 1321.492 1322.611 1323.73 1324.965 1326.266 1327.568 1328.869 1330.19 1331.728 1333.265 1334.803 1336.34 1337.654 1338.775 1339.896 1341.016 1342.137 1343.221 1344.304 1345.387 1346.469 1347.202 1347.479 1347.756 1348.034 1348.311 1348.525 1348.73 1348.936 1349.141 1349.285 1349.304 1349.323 1349.341 1349.36 1349.32 1349.263 1349.207 1349.15 1348.821 1347.59 1346.359 1345.128 1343.897 1342.019 1339.838 1337.657 1335.476 1333.279 1330.973 1328.667 1326.361 1324.054 1321.8 1319.583 1317.365 1315.148
1309.978 1311.971 1313.745 1315.443 1317.14 1318.837 1320.437 1321.615 1322.793 1323.971 1325.149 1326.423 1327.751 1329.079 1330.407 1331.751 1333.267 1334.783 1336.299 1337.815 1339.174 1340.396 1341.619 1342.842 1344.065 1345.218 1346.371 1347.524 1348.676 1349.479 1349.826 1350.173 1350.52 1350.866 1351.188 1351.506 1351.824 1352.143 1352.366 1352.401 1352.436 1352.471 1352.506 1352.432 1352.327 1352.222 1352.117 1351.725 1350.381 1349.037 1347.694 1346.35 1344.403 1342.174 1339.945 1337.716 1335.481 1333.207 1330.933 1328.659 1326.385 1324.122 1321.867 1319.613 1317.358
1310.504 1312.583 1314.468 1316.283 1318.098 1319.913 1321.62 1322.857 1324.094 1325.331 1326.568 1327.881 1329.235 1330.59 1331.945 1333.312 1334.806 1336.301 1337.795 1339.29 1340.693 1342.018 1343.343 1344.667 1345.992 1347.216 1348.438 1349.661 1350.883 1351.755 1352.172 1352.589 1353.005 1353.422 1353.851 1354.282 1354.713 1355.144 1355.448 1355.499 1355.55 1355.601 1355.652 1355.544 1355.39 1355.237 1355.084 1354.628 1353.172 1351.716 1350.259 1348.803 1346.787 1344.51 1342.232 1339.955 1337.682 1335.441 1333.199 1330.957 1328.715 1326.444 1324.152 1321.859 1319.567
1311.031 1313.196 1315.19 1317.123 1319.056 1320.989 1322.803 1324.099 1325.395 1326.691 1327.988 1329.338 1330.72 1332.101 1333.483 1334.873 1336.346 1337.819 1339.292 1340.765 1342.213 1343.64 1345.066 1346.493 1347.919 1349.213 1350.505 1351.798 1353.09 1354.032 1354.518 1355.005 1355.491 1355.978 1356.515 1357.058 1357.602 1358.145 1358.53 1358.597 1358.664 1358.731 1358.799 1358.656 1358.454 1358.252 1358.051 1357.532 1355.963 1354.394 1352.825 1351.256 1349.172 1346.846 1344.52 1342.194 1339.884 1337.674 1335.465 1333.255 1331.045 1328.766 1326.436 1324.107 1321.777
1311.378 1313.602 1315.667 1317.674 1319.682 1321.69 1323.582 1324.974 1326.366 1327.758 1329.15 1330.569 1332.005 1333.44 1334.875 1336.314 1337.792 1339.271 1340.749 1342.227 1343.713 1345.205 1346.696 1348.188 1349.68 1351.011 1352.339 1353.668 1354.996 1356.01 1356.617 1357.223 1357.83 1358.436 1359.063 1359.692 1360.322 1360.951 1361.404 1361.504 1361.604 1361.704 1361.804 1361.622 1361.363 1361.103 1360.843 1360.252 1358.563 1356.875 1355.187 1353.498 1351.347 1348.98 1346.613 1344.245 1341.898 1339.68 1337.463 1335.245 1333.027 1330.7 1328.292 1325.885 1323.477
1311.617 1313.884 1315.995 1318.051 1320.107 1322.163 1324.117 1325.627 1327.137 1328.647 1330.157 1331.664 1333.169 1334.674 1336.179 1337.683 1339.183 1340.683 1342.182 1343.682 1345.201 1346.735 1348.27 1349.805 1351.339 1352.687 1354.031 1355.376 1356.72 1357.809 1358.566 1359.323 1360.079 1360.836 1361.542 1362.241 1362.94 1363.639 1364.153 1364.296 1364.439 1364.582 1364.725 1364.502 1364.178 1363.854 1363.529 1362.86 1361.048 1359.236 1357.425 1355.613 1353.397 1350.992 1348.587 1346.183 1343.798 1341.548 1339.298 1337.049 1334.799 1332.399 1329.889 1327.38 1324.87
1311.856 1314.166 1316.324 1318.428 1320.533 1322.637 1324.652 1326.28 1327.908 1329.536 1331.164 1332.758 1334.333 1335.907 1337.482 1339.052 1340.573 1342.095 1343.616 1345.137 1346.689 1348.266 1349.844 1351.422 1352.999 1354.363 1355.724 1357.084 1358.445 1359.608 1360.515 1361.422 1362.329 1363.235 1364.02 1364.789 1365.558 1366.327 1366.902 1367.088 1367.274 1367.459 1367.645 1367.381 1366.993 1366.604 1366.216 1365.468 1363.533 1361.598 1359.663 1357.727 1355.447 1353.004 1350.562 1348.12 1345.698 1343.416 1341.134 1338.852 1336.57 1334.098 1331.486 1328.875 1326.263
1312.095 1314.448 1316.652 1318.805 1320.958 1323.111 1325.187 1326.933 1328.679 1330.425 1332.171 1333.853 1335.497 1337.141 1338.786 1340.421 1341.964 1343.507 1345.05 1346.592 1348.177 1349.797 1351.418 1353.038 1354.659 1356.039 1357.416 1358.792 1360.169 1361.407 1362.464 1363.521 1364.578 1365.635 1366.499 1367.338 1368.177 1369.015 1369.651 1369.88 1370.108 1370.337 1370.566 1370.261 1369.808 1369.355 1368.902 1368.077 1366.018 1363.959 1361.901 1359.842 1357.497 1355.017 1352.537 1350.057 1347.599 1345.284 1342.97 1340.656 1338.342 1335.796 1333.083 1330.37 1327.656
1312.373 1314.773 1317.023 1319.222 1321.42 1323.618 1325.752 1327.608 1329.464 1331.32 1333.176 1334.942 1336.658 1338.373 1340.088 1341.791 1343.358 1344.926 1346.494 1348.062 1349.677 1351.334 1352.992 1354.649 1356.306 1357.703 1359.096 1360.488 1361.881 1363.191 1364.393 1365.595 1366.797 1367.998 1368.943 1369.854 1370.765 1371.675 1372.375 1372.652 1372.93 1373.208 1373.485 1373.138 1372.617 1372.096 1371.575 1370.668 1368.482 1366.296 1364.11 1361.924 1359.505 1356.976 1354.446 1351.917 1349.41 1347.05 1344.69 1342.33 1339.97 1337.343 1334.52 1331.698 1328.876
1313.155 1315.651 1317.935 1320.144 1322.353 1324.562 1326.705 1328.567 1330.428 1332.289 1334.151 1335.974 1337.775 1339.576 1341.377 1343.164 1344.802 1346.439 1348.077 1349.714 1351.339 1352.953 1354.568 1356.182 1357.796 1359.208 1360.617 1362.026 1363.435 1364.786 1366.063 1367.34 1368.617 1369.894 1370.938 1371.95 1372.963 1373.976 1374.785 1375.186 1375.586 1375.987 1376.388 1375.98 1375.346 1374.712 1374.079 1373.044 1370.681 1368.318 1365.955 1363.592 1360.981 1358.253 1355.526 1352.798 1350.09 1347.51 1344.93 1342.35 1339.77 1336.934 1333.914 1330.893 1327.872
1313.936 1316.529 1318.846 1321.066 1323.286 1325.505 1327.659 1329.525 1331.392 1333.259 1335.126 1337.005 1338.892 1340.779 1342.666 1344.538 1346.245 1347.952 1349.659 1351.366 1353.001 1354.572 1356.144 1357.715 1359.286 1360.713 1362.138 1363.563 1364.989 1366.382 1367.734 1369.086 1370.438 1371.79 1372.932 1374.047 1375.162 1376.276 1377.194 1377.719 1378.243 1378.767 1379.292 1378.821 1378.075 1377.329 1376.583 1375.421 1372.88 1370.34 1367.801 1365.26 1362.457 1359.531 1356.605 1353.679 1350.769 1347.969 1345.169 1342.369 1339.569 1336.526 1333.307 1330.088 1326.869
