data/zism_data/00759_01_D.txt
ncols         224
nrows         224
[rows 140 to 167 of 224, columns 0 to 62 of 224]
1175.279 1165.357 1155.436 1145.514 1137.517 1129.548 1121.58 1113.611 1106.989 1102.116 1097.244 1092.371 1087.499 1082.28 1077.015 1071.75 1066.485 1058.89 1046.637 1034.383 1022.13 1009.876 998.4163 987.177 975.9377 964.6984 954.907 949.9114 944.9158 939.9202 934.9247 927.2991 918.4424 909.5858 900.7291 891.5244 879.9985 868.4728 856.947 845.4213 832.7809 819.3323 805.8838 792.4352 778.9313 763.568 748.2048 732.8415 717.4782 704.126 692.9673 681.8087 670.65 659.4915 650.4233 641.5185 632.6136 623.7088 616.7894 613.1536 609.5178 605.882 602.2461
1179.673 1170.942 1162.211 1153.48 1145.585 1137.703 1129.82 1121.937 1115.305 1110.298 1105.292 1100.285 1095.279 1090.2 1085.112 1080.025 1074.937 1067.761 1056.408 1045.056 1033.704 1022.352 1010.87 999.3514 987.8331 976.3148 966.4969 962.3115 958.126 953.9406 949.7552 942.863 934.7038 926.5446 918.3854 909.8487 898.795 887.7415 876.6878 865.6343 853.1674 839.676 826.1845 812.693 799.1119 782.5255 765.939 749.3525 732.766 718.2469 705.983 693.7191 681.4551 669.1913 659.4708 649.9489 640.4271 630.9053 623.1667 618.3774 613.5881 608.7988 604.0094
1184.066 1176.527 1168.987 1161.447 1153.654 1145.857 1138.06 1130.264 1123.621 1118.481 1113.34 1108.199 1103.059 1098.121 1093.21 1088.3 1083.389 1076.631 1066.18 1055.73 1045.279 1034.828 1023.323 1011.526 999.7289 987.9316 978.0873 974.712 971.3367 967.9615 964.5862 958.4274 950.9657 943.504 936.0422 928.1736 917.5922 907.0108 896.4293 885.848 873.5547 860.0203 846.4859 832.9515 819.2933 801.4836 783.6738 765.864 748.0543 732.3683 718.9991 705.6298 692.2606 678.8914 668.5185 658.3796 648.2408 638.102 629.5443 623.6014 617.6585 611.7156 605.7728
1188.46 1182.111 1175.762 1169.414 1161.723 1154.011 1146.301 1138.59 1131.938 1126.663 1121.388 1116.113 1110.838 1106.042 1101.308 1096.574 1091.841 1085.502 1075.952 1066.403 1056.853 1047.304 1035.777 1023.7 1011.624 999.548 989.6773 987.1121 984.547 981.9819 979.4167 973.9913 967.2271 960.4628 953.6985 946.498 936.3887 926.2795 916.1702 906.061 893.9412 880.364 866.7866 853.2093 839.474 820.441 801.408 782.3751 763.342 746.4893 732.0148 717.5402 703.0657 688.5912 677.5659 666.8101 656.0543 645.2984 635.9216 628.8253 621.7289 614.6325 607.5361
1192.853 1187.696 1182.538 1177.38 1169.791 1162.166 1154.541 1146.916 1140.254 1134.845 1129.436 1124.027 1118.618 1113.963 1109.406 1104.849 1100.292 1094.372 1085.724 1077.076 1068.427 1059.779 1048.23 1035.875 1023.52 1011.164 1001.267 999.5123 997.7573 996.0023 994.2473 989.5552 983.4884 977.4216 971.3548 964.8224 955.1852 945.5481 935.911 926.2739 914.3278 900.7076 887.0873 873.4671 859.6547 839.3984 819.1423 798.886 778.6298 760.6103 745.0305 729.4506 713.8707 698.291 686.6133 675.2405 663.8677 652.4949 642.299 634.0491 625.7992 617.5493 609.2994
1189.794 1185.083 1180.372 1175.661 1168.867 1162.043 1155.219 1148.395 1142.317 1137.21 1132.103 1126.996 1121.889 1117.473 1113.147 1108.821 1104.495 1099.101 1091.57 1084.039 1076.507 1068.976 1058.563 1047.349 1036.136 1024.922 1015.714 1013.148 1010.581 1008.015 1005.449 1000.553 994.5662 988.5797 982.5931 976.1607 966.7557 957.3507 947.9457 938.5408 926.8917 913.6155 900.3394 887.0632 873.5833 853.2697 832.9561 812.6424 792.3288 774.067 758.0432 742.0194 725.9955 709.9719 697.7125 685.7471 673.7818 661.8165 650.8369 641.4874 632.1378 622.7883 613.4388
1186.025 1181.689 1177.354 1173.018 1167.087 1161.132 1155.177 1149.222 1143.785 1139.021 1134.258 1129.494 1124.73 1120.562 1116.473 1112.383 1108.293 1103.436 1097.042 1090.648 1084.254 1077.86 1068.694 1058.757 1048.821 1038.884 1030.432 1026.901 1023.368 1019.836 1016.304 1011.115 1005.15 999.1847 993.2196 986.8331 977.6375 968.4417 959.246 950.0504 938.71 925.8148 912.9196 900.0243 886.9157 866.6558 846.3958 826.1359 805.8759 787.46 771.0552 754.6504 738.2457 721.841 709.0066 696.4511 683.8956 671.3401 659.5803 649.1364 638.6923 628.2484 617.8044
1182.256 1178.296 1174.336 1170.376 1165.307 1160.221 1155.135 1150.049 1145.253 1140.832 1136.412 1131.992 1127.572 1123.652 1119.799 1115.945 1112.091 1107.77 1102.514 1097.257 1092.001 1086.744 1078.825 1070.165 1061.505 1052.846 1045.151 1040.654 1036.156 1031.658 1027.16 1021.677 1015.734 1009.79 1003.846 997.506 988.5195 979.5331 970.5466 961.5602 950.5287 938.0144 925.5001 912.9858 900.2487 880.0424 859.8361 839.6298 819.4235 800.8533 784.0676 767.2819 750.4962 733.7106 720.3011 707.1554 694.0098 680.8641 668.3241 656.7856 645.2471 633.7086 622.17
1178.487 1174.902 1171.318 1167.734 1163.526 1159.31 1155.093 1150.876 1146.72 1142.644 1138.567 1134.49 1130.413 1126.742 1123.124 1119.507 1115.889 1112.105 1107.986 1103.866 1099.747 1095.628 1088.955 1081.573 1074.19 1066.807 1059.87 1054.406 1048.943 1043.479 1038.016 1032.24 1026.317 1020.395 1014.473 1008.178 999.4012 990.6241 981.8469 973.0698 962.347 950.2136 938.0803 925.9469 913.5812 893.4286 873.2759 853.1233 832.9707 814.2463 797.0796 779.9129 762.7462 745.5797 731.5952 717.8594 704.1235 690.3877 677.0676 664.4346 651.8016 639.1686 626.5356
1173.761 1170.65 1167.538 1164.426 1160.908 1157.384 1153.859 1150.335 1146.724 1143.0 1139.276 1135.552 1131.829 1128.468 1125.154 1121.841 1118.527 1115.207 1111.871 1108.536 1105.2 1101.865 1096.126 1089.719 1083.312 1076.905 1070.572 1064.483 1058.393 1052.304 1046.215 1040.195 1034.207 1028.218 1022.23 1015.898 1007.274 998.6494 990.0251 981.4009 970.9485 959.1708 947.3932 935.6155 923.603 903.7197 883.8365 863.9534 844.0702 825.4 808.0526 790.7051 773.3577 756.0104 741.6205 727.4617 713.3029 699.144 685.2673 671.8566 658.446 645.0353 631.6248
1167.352 1164.884 1162.417 1159.949 1156.815 1153.672 1150.528 1147.385 1144.15 1140.797 1137.443 1134.089 1130.736 1127.793 1124.903 1122.013 1119.124 1116.139 1112.965 1109.79 1106.616 1103.441 1098.086 1092.124 1086.162 1080.201 1074.204 1068.088 1061.972 1055.856 1049.74 1043.561 1037.353 1031.144 1024.936 1018.42 1009.849 1001.279 992.7079 984.1374 973.888 962.4214 950.955 939.4885 927.7969 908.5629 889.3289 870.0949 850.8609 832.6115 815.4358 798.2601 781.0844 763.9088 749.4119 735.1243 720.8367 706.5491 692.5092 678.8786 665.248 651.6174 637.9868
1160.943 1159.119 1157.295 1155.471 1152.722 1149.96 1147.197 1144.435 1141.576 1138.593 1135.61 1132.626 1129.643 1127.117 1124.652 1122.186 1119.72 1117.072 1114.058 1111.045 1108.031 1105.018 1100.046 1094.529 1089.013 1083.497 1077.836 1071.693 1065.55 1059.407 1053.264 1046.927 1040.499 1034.071 1027.642 1020.942 1012.425 1003.908 995.3909 986.874 976.8275 965.6722 954.5169 943.3616 931.991 913.4063 894.8214 876.2366 857.6519 839.8232 822.8193 805.8153 788.8113 771.8075 757.2036 742.7872 728.3708 713.9545 699.7514 685.9008 672.0502 658.1996 644.3491
1154.534 1153.354 1152.174 1150.994 1148.63 1146.248 1143.866 1141.485 1139.003 1136.39 1133.777 1131.163 1128.55 1126.442 1124.4 1122.359 1120.317 1118.005 1115.152 1112.299 1109.447 1106.594 1102.006 1096.935 1091.864 1086.793 1081.467 1075.298 1069.128 1062.958 1056.789 1050.293 1043.645 1036.997 1030.349 1023.464 1015.0 1006.537 998.0737 989.6105 979.767 968.9228 958.0787 947.2346 936.185 918.2494 900.3138 882.3782 864.4426 847.0348 830.2025 813.3702 796.538 779.7059 764.9949 750.4498 735.9047 721.3596 706.9933 692.9228 678.8522 664.7817 650.7112
1148.125 1147.589 1147.052 1146.516 1144.537 1142.536 1140.536 1138.535 1136.429 1134.186 1131.943 1129.7 1127.458 1125.767 1124.149 1122.531 1120.913 1118.937 1116.246 1113.554 1110.862 1108.171 1103.966 1099.34 1094.714 1090.089 1085.099 1078.903 1072.706 1066.51 1060.313 1053.659 1046.791 1039.923 1033.055 1025.985 1017.576 1009.166 1000.757 992.3469 982.7064 972.1734 961.6405 951.1075 940.3789 923.0925 905.8061 888.5197 871.2333 854.2463 837.5858 820.9252 804.2646 787.6042 772.7863 758.1124 743.4385 728.7646 714.2353 699.9448 685.6542 671.3638 657.0732
1140.523 1140.77 1141.017 1141.264 1139.5 1137.706 1135.912 1134.118 1132.265 1130.336 1128.407 1126.478 1124.548 1123.138 1121.796 1120.454 1119.111 1117.296 1114.535 1111.773 1109.012 1106.25 1101.82 1096.925 1092.031 1087.137 1081.935 1075.716 1069.497 1063.278 1057.059 1050.382 1043.49 1036.597 1029.705 1022.616 1014.212 1005.808 997.4041 989.0003 979.5779 969.4171 959.2563 949.0955 938.7645 922.7282 906.6919 890.6556 874.6193 858.6249 842.676 826.7271 810.7783 794.8295 779.8428 764.9312 750.0197 735.1082 720.3889 705.9872 691.5856 677.184 662.7823
1132.645 1133.707 1134.769 1135.832 1134.243 1132.616 1130.988 1129.361 1127.733 1126.104 1124.475 1122.846 1121.217 1120.055 1118.955 1117.854 1116.753 1115.057 1112.173 1109.288 1106.403 1103.518 1098.721 1093.392 1088.063 1082.734 1077.193 1070.953 1064.713 1058.472 1052.232 1045.562 1038.691 1031.821 1024.95 1017.879 1009.469 1001.06 992.6507 984.2415 975.0408 965.2663 955.4918 945.7173 935.8016 921.1549 906.5081 891.8614 877.2146 862.3456 847.2337 832.1218 817.0099 801.8982 786.7283 771.5538 756.3794 741.205 726.2895 711.802 697.3145 682.8271 668.3396
1124.766 1126.644 1128.522 1130.399 1128.987 1127.526 1126.064 1124.603 1123.2 1121.871 1120.543 1119.215 1117.886 1116.973 1116.113 1115.254 1114.395 1112.819 1109.811 1106.802 1103.794 1100.786 1095.621 1089.858 1084.094 1078.331 1072.452 1066.19 1059.928 1053.666 1047.404 1040.742 1033.893 1027.044 1020.194 1013.141 1004.726 996.3118 987.8971 979.4825 970.5035 961.1154 951.7271 942.3389 932.8387 919.5815 906.3244 893.0673 879.8101 866.0663 851.7915 837.5167 823.2418 808.9671 793.614 778.1767 762.7393 747.3019 732.1903 717.617 703.0437 688.4704 673.897
1116.887 1119.581 1122.274 1124.967 1123.73 1122.435 1121.141 1119.846 1118.667 1117.639 1116.611 1115.583 1114.555 1113.89 1113.272 1112.654 1112.036 1110.58 1107.449 1104.317 1101.186 1098.054 1092.522 1086.324 1080.126 1073.928 1067.71 1061.427 1055.143 1048.86 1042.577 1035.922 1029.095 1022.267 1015.439 1008.404 999.9837 991.5637 983.1437 974.7238 965.9664 956.9645 947.9626 938.9607 929.8758 918.0082 906.1406 894.2731 882.4055 869.787 856.3492 842.9114 829.4735 816.0358 800.4995 784.7993 769.099 753.3988 738.0909 723.4318 708.7726 694.1135 679.4543
1106.536 1109.775 1113.014 1116.252 1115.256 1114.197 1113.139 1112.08 1111.242 1110.689 1110.137 1109.585 1109.032 1108.649 1108.288 1107.927 1107.566 1106.272 1103.115 1099.958 1096.801 1093.644 1087.94 1081.529 1075.117 1068.705 1062.35 1056.179 1050.009 1043.838 1037.668 1031.038 1024.192 1017.347 1010.501 1003.452 995.0449 986.6377 978.2305 969.8234 961.2784 952.6334 943.9884 935.3434 926.6392 915.9499 905.2606 894.5712 883.8819 872.2845 859.6963 847.1081 834.52 821.9318 806.4482 790.7385 775.0286 759.3188 743.9606 729.1833 714.4062 699.629 684.8517
1089.181 1092.199 1095.218 1098.237 1097.666 1097.042 1096.418 1095.794 1095.623 1096.042 1096.46 1096.879 1097.298 1097.293 1097.232 1097.171 1097.111 1096.102 1093.197 1090.292 1087.387 1084.482 1079.156 1073.158 1067.16 1061.161 1055.237 1049.56 1043.884 1038.207 1032.53 1025.969 1018.995 1012.021 1005.046 997.8937 989.5509 981.2081 972.8653 964.5226 956.1632 947.7919 939.4205 931.0491 922.6274 912.5175 902.4076 892.2977 882.1878 871.3161 859.6132 847.9103 836.2075 824.5047 809.7421 794.7405 779.7388 764.7372 749.7415 734.755 719.7686 704.7822 689.7957
1071.824 1074.623 1077.422 1080.221 1080.074 1079.885 1079.696 1079.506 1080.003 1081.393 1082.783 1084.173 1085.563 1085.936 1086.176 1086.416 1086.656 1085.931 1083.278 1080.626 1077.973 1075.32 1070.373 1064.787 1059.202 1053.617 1048.125 1042.941 1037.758 1032.575 1027.391 1020.901 1013.798 1006.694 999.5914 992.3351 984.0567 975.7783 967.4999 959.2216 951.0479 942.9501 934.8524 926.7547 918.6155 909.085 899.5546 890.0241 880.4937 870.3477 859.5302 848.7126 837.8951 827.0776 813.0361 798.7427 784.4492 770.1558 755.5225 740.3268 725.1312 709.9355 694.7399
1054.469 1057.047 1059.626 1062.205 1062.484 1062.729 1062.974 1063.219 1064.385 1066.746 1069.107 1071.468 1073.829 1074.58 1075.12 1075.66 1076.201 1075.761 1073.36 1070.959 1068.559 1066.158 1061.589 1056.417 1051.244 1046.072 1041.012 1036.322 1031.633 1026.943 1022.253 1015.832 1008.6 1001.368 994.1367 986.7768 978.5627 970.3488 962.1347 953.9208 945.9327 938.1086 930.2845 922.4604 914.6037 905.6526 896.7017 887.7506 878.7996 869.3793 859.4471 849.5148 839.5826 829.6505 816.33 802.7447 789.1595 775.5742 761.3034 745.8985 730.4936 715.0887 699.6838
1037.113 1039.472 1041.831 1044.19 1044.894 1045.573 1046.253 1046.933 1048.766 1052.098 1055.43 1058.762 1062.094 1063.224 1064.065 1064.905 1065.746 1065.59 1063.442 1061.293 1059.145 1056.997 1052.805 1048.046 1043.287 1038.528 1033.9 1029.703 1025.507 1021.311 1017.115 1010.764 1003.403 996.0424 988.6819 981.2184 973.0688 964.9191 956.7695 948.6199 940.8176 933.2672 925.7166 918.1661 910.5919 902.2203 893.8487 885.4771 877.1055 868.4109 859.364 850.3171 841.2701 832.2233 819.6238 806.7468 793.8697 780.9926 767.0844 751.4702 735.856 720.2419 704.6277
1022.154 1023.911 1025.669 1027.427 1028.265 1029.09 1029.915 1030.74 1032.846 1036.62 1040.394 1044.168 1047.941 1049.233 1050.198 1051.164 1052.13 1052.18 1050.398 1048.616 1046.834 1045.052 1041.523 1037.509 1033.495 1029.48 1025.544 1021.864 1018.184 1014.505 1010.825 1004.711 997.4583 990.2051 982.952 975.6153 967.7205 959.8258 951.931 944.0364 936.4645 929.1266 921.7889 914.451 907.0967 899.1864 891.2762 883.3659 875.4556 867.2631 858.7623 850.2616 841.7609 833.2603 821.3679 809.2104 797.053 784.8956 771.3972 755.6805 739.9637 724.2471 708.5304
1008.173 1009.174 1010.176 1011.177 1012.031 1012.882 1013.734 1014.585 1016.805 1020.805 1024.804 1028.803 1032.802 1034.167 1035.186 1036.206 1037.225 1037.448 1036.08 1034.711 1033.342 1031.973 1029.223 1026.088 1022.954 1019.819 1016.68 1013.527 1010.373 1007.219 1004.065 998.2579 991.2087 984.1594 977.1102 969.9941 962.432 954.8699 947.3079 939.7458 932.4226 925.2726 918.1226 910.9725 903.8125 896.3154 888.8182 881.321 873.8239 866.0419 857.949 849.8561 841.7631 833.6703 822.4792 811.0461 799.613 788.1799 775.1106 759.3349 743.5591 727.7834 712.0078
994.1918 994.4366 994.6815 994.9263 995.7955 996.6739 997.5523 998.4307 1000.764 1004.988 1009.213 1013.437 1017.661 1019.1 1020.173 1021.246 1022.319 1022.716 1021.761 1020.805 1019.849 1018.894 1016.922 1014.667 1012.413 1010.158 1007.817 1005.189 1002.561 999.9329 997.3049 991.8043 984.9589 978.1135 971.2681 964.3727 957.1434 949.9139 942.6845 935.4551 928.3806 921.4184 914.4561 907.4939 900.5282 893.4442 886.3602 879.2761 872.1921 864.8207 857.1356 849.4505 841.7654 834.0803 823.5906 812.8819 802.1731 791.4643 778.8242 762.9894 747.1547 731.3199 715.4852
980.2111 979.6995 979.1879 978.6762 979.5609 980.4661 981.3713 982.2765 984.7228 989.1725 993.6223 998.0721 1002.522 1004.034 1005.161 1006.288 1007.414 1007.985 1007.442 1006.9 1006.357 1005.814 1004.621 1003.246 1001.872 1000.497 998.9539 996.8517 994.7494 992.6472 990.5449 985.3508 978.7093 972.0678 965.4263 958.7516 951.8549 944.9581 938.0613 931.1646 924.3387 917.5643 910.7899 904.0154 897.244 890.5731 883.9022 877.2313 870.5604 863.5995 856.3222 849.0449 841.7676 834.4904 824.702 814.7175 804.7331 794.7486 782.5375 766.6438 750.7501 734.8564 718.9626
967.426 966.0749 964.7238 963.3727 964.2303 965.1204 966.0106 966.9006 969.4182 974.0514 978.6846 983.3179 987.951 989.5379 990.7252 991.9125 993.0998 993.8396 993.6845 993.5294 993.3743 993.2191 992.71 992.1025 991.4951 990.8876 990.0424 988.4095 986.7766 985.1437 983.5108 978.6325 972.2352 965.8378 959.4404 953.0165 946.4156 939.8147 933.2139 926.613 920.0348 913.4729 906.9111 900.3492 893.7953 887.5085 881.2217 874.9348 868.6479 862.0522 855.1194 848.1866 841.2538 834.321 825.1367 815.7765 806.4163 797.056 785.2836 769.5216 753.7596 737.9976 722.2357
