data/zism_data/00753_02_D.txt
ncols         224
nrows         224
[rows 56 to 83 of 224, columns 0 to 62 of 224]
1485.195 1484.804 1485.154 1485.504 1485.855 1486.682 1489.173 1491.664 1494.155 1496.646 1497.79 1498.369 1498.949 1499.529 1499.973 1499.829 1499.685 1499.541 1499.397 1498.814 1498.014 1497.214 1496.414 1495.52 1494.096 1492.672 1491.247 1489.823 1488.626 1487.562 1486.497 1485.432 1484.14 1481.099 1478.057 1475.016 1471.975 1467.389 1461.761 1456.132 1450.504 1444.715 1437.06 1429.404 1421.748 1414.092 1401.502 1385.052 1368.602 1352.152 1335.809 1321.818 1307.827 1293.836 1279.845 1268.872 1260.628 1252.384 1244.14 1235.899 1228.093 1220.287 1212.481
1484.647 1484.232 1484.636 1485.041 1485.445 1486.355 1489.025 1491.695 1494.365 1497.034 1498.162 1498.644 1499.126 1499.608 1499.979 1499.868 1499.756 1499.645 1499.533 1498.881 1497.962 1497.043 1496.124 1495.08 1493.336 1491.592 1489.847 1488.103 1486.604 1485.246 1483.889 1482.532 1480.976 1477.897 1474.818 1471.738 1468.659 1464.349 1459.209 1454.068 1448.928 1443.673 1437.08 1430.486 1423.893 1417.3 1405.315 1389.115 1372.915 1356.714 1340.591 1326.177 1311.763 1297.35 1282.936 1271.913 1263.957 1256.0 1248.043 1240.091 1232.756 1225.422 1218.088
1484.099 1483.66 1484.118 1484.577 1485.036 1486.027 1488.876 1491.725 1494.574 1497.423 1498.534 1498.918 1499.303 1499.687 1499.985 1499.906 1499.827 1499.748 1499.669 1498.948 1497.91 1496.872 1495.833 1494.64 1492.576 1490.512 1488.448 1486.383 1484.581 1482.931 1481.281 1479.631 1477.812 1474.695 1471.578 1468.46 1465.343 1461.309 1456.657 1452.005 1447.352 1442.63 1437.1 1431.569 1426.038 1420.508 1409.13 1393.179 1377.228 1361.277 1345.374 1330.537 1315.7 1300.864 1286.027 1274.954 1267.285 1259.616 1251.946 1244.282 1237.42 1230.557 1223.695
1485.172 1484.736 1485.139 1485.543 1485.946 1486.86 1489.55 1492.241 1494.931 1497.622 1498.663 1499.013 1499.364 1499.715 1499.989 1499.929 1499.869 1499.808 1499.748 1499.006 1497.925 1496.845 1495.765 1494.508 1492.261 1490.014 1487.767 1485.519 1483.424 1481.418 1479.411 1477.404 1475.266 1472.115 1468.965 1465.814 1462.664 1458.774 1454.387 1449.999 1445.611 1441.175 1436.174 1431.172 1426.171 1421.17 1410.811 1396.262 1381.714 1367.165 1352.58 1337.184 1321.787 1306.391 1290.995 1279.295 1270.938 1262.581 1254.223 1245.874 1238.668 1231.461 1224.254
1486.553 1486.125 1486.452 1486.78 1487.108 1487.913 1490.381 1492.849 1495.317 1497.786 1498.745 1499.074 1499.403 1499.733 1499.992 1499.948 1499.904 1499.86 1499.816 1499.061 1497.954 1496.846 1495.739 1494.436 1492.031 1489.627 1487.222 1484.818 1482.432 1480.056 1477.681 1475.306 1472.837 1469.654 1466.471 1463.288 1460.105 1456.335 1452.17 1448.004 1443.839 1439.641 1435.068 1430.495 1425.922 1421.35 1412.088 1399.161 1386.233 1373.306 1360.246 1344.264 1328.282 1312.301 1296.319 1283.883 1274.653 1265.423 1256.192 1246.973 1239.268 1231.562 1223.856
1487.934 1487.514 1487.766 1488.017 1488.269 1488.965 1491.211 1493.457 1495.703 1497.949 1498.828 1499.135 1499.443 1499.75 1499.995 1499.967 1499.94 1499.912 1499.885 1499.116 1497.982 1496.847 1495.713 1494.363 1491.801 1489.24 1486.678 1484.116 1481.439 1478.695 1475.951 1473.207 1470.408 1467.193 1463.977 1460.761 1457.546 1453.896 1449.953 1446.01 1442.066 1438.107 1433.963 1429.818 1425.674 1421.529 1413.365 1402.059 1390.752 1379.446 1367.912 1351.345 1334.777 1318.21 1301.643 1288.47 1278.367 1268.264 1258.161 1248.072 1239.867 1231.663 1223.459
1489.314 1488.903 1489.079 1489.254 1489.43 1490.018 1492.042 1494.065 1496.089 1498.113 1498.911 1499.197 1499.482 1499.768 1499.998 1499.987 1499.975 1499.964 1499.953 1499.172 1498.01 1496.849 1495.687 1494.29 1491.571 1488.852 1486.133 1483.414 1480.446 1477.333 1474.221 1471.108 1467.98 1464.731 1461.483 1458.235 1454.987 1451.456 1447.736 1444.015 1440.294 1436.574 1432.857 1429.141 1425.425 1421.709 1414.643 1404.957 1395.271 1385.586 1375.578 1358.425 1341.272 1324.119 1306.967 1293.058 1282.082 1271.106 1260.13 1249.171 1240.467 1231.764 1223.061
1490.735 1490.314 1490.385 1490.455 1490.525 1490.982 1492.785 1494.588 1496.391 1498.194 1498.924 1499.206 1499.489 1499.771 1500.0 1500.0 1500.0 1500.0 1500.0 1499.21 1498.03 1496.849 1495.669 1494.239 1491.407 1488.576 1485.744 1482.913 1479.699 1476.264 1472.828 1469.393 1465.974 1462.68 1459.386 1456.093 1452.799 1449.373 1445.858 1442.343 1438.828 1435.322 1431.925 1428.528 1425.131 1421.735 1415.564 1407.224 1398.884 1390.543 1381.812 1364.4 1346.988 1329.577 1312.165 1297.633 1285.703 1273.774 1261.844 1249.933 1240.609 1231.285 1221.961
1492.247 1491.778 1491.675 1491.571 1491.468 1491.741 1493.328 1494.914 1496.5 1498.086 1498.78 1499.1 1499.42 1499.74 1500.0 1500.0 1500.0 1500.0 1500.0 1499.21 1498.03 1496.849 1495.669 1494.237 1491.395 1488.552 1485.71 1482.868 1479.513 1475.86 1472.208 1468.556 1464.937 1461.567 1458.197 1454.827 1451.458 1448.101 1444.755 1441.407 1438.061 1434.715 1431.389 1428.063 1424.736 1421.41 1415.671 1408.047 1400.422 1392.798 1384.772 1367.848 1350.924 1334.0 1317.077 1302.178 1289.11 1276.042 1262.974 1249.926 1239.703 1229.479 1219.255
1493.759 1493.241 1492.965 1492.688 1492.411 1492.501 1493.871 1495.24 1496.609 1497.979 1498.635 1498.993 1499.351 1499.709 1500.0 1500.0 1500.0 1500.0 1500.0 1499.21 1498.03 1496.849 1495.669 1494.236 1491.382 1488.529 1485.676 1482.823 1479.326 1475.457 1471.589 1467.72 1463.899 1460.454 1457.008 1453.562 1450.117 1446.83 1443.651 1440.472 1437.293 1434.109 1430.853 1427.597 1424.341 1421.085 1415.779 1408.87 1401.961 1395.052 1387.732 1371.296 1354.86 1338.424 1321.989 1306.724 1292.517 1278.311 1264.104 1249.92 1238.796 1227.672 1216.548
1495.271 1494.705 1494.255 1493.804 1493.354 1493.261 1494.414 1495.566 1496.719 1497.871 1498.49 1498.886 1499.282 1499.678 1500.0 1500.0 1500.0 1500.0 1500.0 1499.21 1498.03 1496.849 1495.669 1494.234 1491.37 1488.506 1485.642 1482.777 1479.14 1475.054 1470.969 1466.883 1462.862 1459.34 1455.819 1452.297 1448.776 1445.559 1442.548 1439.537 1436.526 1433.502 1430.316 1427.131 1423.946 1420.76 1415.887 1409.693 1403.5 1397.306 1390.692 1374.744 1358.796 1342.848 1326.901 1311.27 1295.925 1280.58 1265.234 1249.913 1237.89 1225.866 1213.842
1496.783 1496.168 1495.545 1494.921 1494.297 1494.021 1494.957 1495.892 1496.828 1497.764 1498.346 1498.779 1499.213 1499.647 1500.0 1500.0 1500.0 1500.0 1500.0 1499.21 1498.03 1496.849 1495.669 1494.233 1491.358 1488.483 1485.608 1482.732 1478.954 1474.651 1470.349 1466.046 1461.824 1458.227 1454.629 1451.032 1447.434 1444.288 1441.445 1438.602 1435.759 1432.895 1429.78 1426.665 1423.55 1420.435 1415.994 1410.516 1405.039 1399.561 1393.652 1378.193 1362.732 1347.272 1331.813 1315.815 1299.332 1282.849 1266.365 1249.907 1236.983 1224.06 1211.136
1496.885 1496.232 1495.552 1494.871 1494.19 1493.861 1494.754 1495.648 1496.542 1497.435 1498.034 1498.51 1498.986 1499.463 1499.851 1499.859 1499.868 1499.876 1499.884 1499.097 1497.917 1496.736 1495.556 1494.12 1491.251 1488.382 1485.513 1482.644 1478.956 1474.795 1470.634 1466.473 1462.377 1458.787 1455.197 1451.607 1448.016 1444.769 1441.753 1438.737 1435.721 1432.679 1429.343 1426.007 1422.671 1419.335 1414.788 1409.292 1403.797 1398.302 1392.4 1377.479 1362.556 1347.634 1332.712 1317.033 1300.669 1284.304 1267.94 1251.599 1238.529 1225.459 1212.389
1496.562 1495.873 1495.171 1494.469 1493.766 1493.422 1494.327 1495.231 1496.136 1497.04 1497.673 1498.193 1498.712 1499.231 1499.657 1499.676 1499.695 1499.715 1499.734 1498.95 1497.77 1496.589 1495.409 1493.975 1491.117 1488.259 1485.4 1482.542 1479.016 1475.104 1471.193 1467.281 1463.409 1459.852 1456.294 1452.737 1449.179 1445.78 1442.487 1439.194 1435.902 1432.581 1428.936 1425.291 1421.646 1418.001 1413.184 1407.45 1401.717 1395.983 1389.877 1375.508 1361.139 1346.77 1332.401 1317.246 1301.38 1285.515 1269.649 1253.804 1240.816 1227.827 1214.838
1496.239 1495.514 1494.79 1494.066 1493.342 1492.984 1493.899 1494.814 1495.73 1496.645 1497.312 1497.875 1498.437 1499.0 1499.463 1499.493 1499.523 1499.553 1499.583 1498.803 1497.623 1496.443 1495.262 1493.83 1490.982 1488.135 1485.287 1482.44 1479.076 1475.414 1471.751 1468.089 1464.442 1460.917 1457.392 1453.867 1450.342 1446.79 1443.221 1439.652 1436.083 1432.483 1428.529 1424.575 1420.621 1416.667 1411.581 1405.609 1399.636 1393.664 1387.354 1373.538 1359.721 1345.905 1332.089 1317.459 1302.092 1286.725 1271.358 1256.009 1243.102 1230.195 1217.287
1495.916 1495.155 1494.41 1493.664 1492.918 1492.545 1493.471 1494.398 1495.324 1496.25 1496.951 1497.557 1498.163 1498.769 1499.269 1499.31 1499.351 1499.392 1499.433 1498.656 1497.476 1496.296 1495.115 1493.685 1490.848 1488.011 1485.175 1482.338 1479.136 1475.723 1472.31 1468.897 1465.474 1461.982 1458.489 1454.997 1451.504 1447.801 1443.955 1440.109 1436.264 1432.385 1428.122 1423.859 1419.596 1415.333 1409.977 1403.766 1397.556 1391.345 1384.83 1371.567 1358.304 1345.041 1331.778 1317.672 1302.804 1287.936 1273.068 1258.214 1245.388 1232.562 1219.736
1495.386 1494.573 1493.788 1493.003 1492.218 1491.819 1492.762 1493.705 1494.648 1495.592 1496.35 1497.031 1497.712 1498.393 1498.953 1498.985 1499.018 1499.051 1499.084 1498.297 1497.104 1495.911 1494.718 1493.286 1490.514 1487.743 1484.971 1482.199 1479.21 1476.095 1472.981 1469.866 1466.718 1463.316 1459.914 1456.511 1453.109 1449.213 1444.984 1440.755 1436.526 1432.257 1427.523 1422.789 1418.055 1413.321 1407.568 1401.02 1394.471 1387.923 1381.106 1368.347 1355.588 1342.829 1330.07 1316.516 1302.242 1287.968 1273.694 1259.432 1246.852 1234.272 1221.692
1494.173 1493.251 1492.369 1491.486 1490.604 1490.137 1491.118 1492.099 1493.081 1494.062 1494.958 1495.817 1496.677 1497.537 1498.229 1498.191 1498.154 1498.116 1498.078 1497.232 1495.984 1494.737 1493.49 1492.049 1489.521 1486.994 1484.466 1481.938 1479.331 1476.677 1474.023 1471.369 1468.661 1465.541 1462.421 1459.3 1456.18 1451.958 1446.991 1442.025 1437.058 1432.031 1426.288 1420.545 1414.803 1409.06 1402.491 1395.276 1388.06 1380.845 1373.405 1360.987 1348.57 1336.152 1323.735 1310.821 1297.458 1284.095 1270.732 1257.38 1245.592 1233.803 1222.015
1492.961 1491.93 1490.95 1489.969 1488.989 1488.455 1489.474 1490.494 1491.513 1492.532 1493.565 1494.604 1495.642 1496.681 1497.505 1497.397 1497.289 1497.181 1497.073 1496.167 1494.865 1493.564 1492.262 1490.812 1488.529 1486.245 1483.961 1481.677 1479.451 1477.258 1475.065 1472.872 1470.604 1467.766 1464.927 1462.089 1459.251 1454.702 1448.998 1443.294 1437.59 1431.804 1425.053 1418.302 1411.551 1404.8 1397.414 1389.531 1381.649 1373.767 1365.704 1353.628 1341.552 1329.476 1317.4 1305.127 1292.675 1280.223 1267.77 1255.328 1244.331 1233.334 1222.338
1491.748 1490.608 1489.531 1488.453 1487.375 1486.773 1487.831 1488.888 1489.945 1491.002 1492.172 1493.39 1494.608 1495.825 1496.782 1496.603 1496.425 1496.246 1496.068 1495.101 1493.746 1492.39 1491.034 1489.575 1487.536 1485.496 1483.456 1481.416 1479.571 1477.839 1476.107 1474.374 1472.547 1469.991 1467.434 1464.878 1462.322 1457.446 1451.005 1444.563 1438.122 1431.577 1423.817 1416.058 1408.299 1400.539 1392.336 1383.787 1375.238 1366.689 1358.002 1346.268 1334.534 1322.8 1311.065 1299.432 1287.891 1276.35 1264.808 1253.276 1243.071 1232.866 1222.66
1490.535 1489.287 1488.111 1486.936 1485.761 1485.092 1486.187 1487.282 1488.377 1489.472 1490.78 1492.176 1493.573 1494.97 1496.058 1495.809 1495.56 1495.311 1495.062 1494.036 1492.626 1491.217 1489.807 1488.339 1486.543 1484.747 1482.951 1481.155 1479.692 1478.42 1477.149 1475.877 1474.49 1472.216 1469.941 1467.667 1465.393 1460.19 1453.011 1445.833 1438.654 1431.35 1422.582 1413.814 1405.047 1396.279 1387.259 1378.043 1368.827 1359.611 1350.301 1338.909 1327.516 1316.123 1304.731 1293.738 1283.108 1272.477 1261.846 1251.224 1241.811 1232.397 1222.983
1489.086 1487.763 1486.517 1485.27 1484.024 1483.284 1484.312 1485.339 1486.367 1487.394 1488.731 1490.197 1491.663 1493.129 1494.274 1494.022 1493.771 1493.519 1493.267 1492.293 1490.961 1489.629 1488.297 1486.963 1485.618 1484.274 1482.93 1481.585 1480.557 1479.713 1478.868 1478.023 1477.02 1474.793 1472.567 1470.341 1468.114 1462.401 1454.334 1446.267 1438.2 1430.014 1420.43 1410.846 1401.262 1391.678 1382.045 1372.374 1362.702 1353.03 1343.285 1331.894 1320.503 1309.113 1297.722 1286.837 1276.408 1265.979 1255.55 1245.134 1236.383 1227.633 1218.882
1487.534 1486.151 1484.845 1483.539 1482.233 1481.422 1482.336 1483.249 1484.163 1485.076 1486.395 1487.883 1489.37 1490.858 1492.026 1491.801 1491.577 1491.352 1491.127 1490.253 1489.056 1487.859 1486.663 1485.526 1484.724 1483.922 1483.119 1482.317 1481.749 1481.316 1480.884 1480.451 1479.806 1477.525 1475.245 1472.964 1470.684 1464.378 1455.357 1446.336 1437.315 1428.192 1417.876 1407.561 1397.245 1386.929 1376.771 1366.736 1356.701 1346.667 1336.567 1325.03 1313.493 1301.956 1290.419 1279.407 1268.87 1258.333 1247.795 1237.275 1229.132 1220.989 1212.845
1485.982 1484.54 1483.174 1481.808 1480.442 1479.56 1480.359 1481.159 1481.959 1482.759 1484.059 1485.568 1487.078 1488.587 1489.777 1489.58 1489.383 1489.185 1488.988 1488.212 1487.151 1486.09 1485.029 1484.089 1483.829 1483.569 1483.309 1483.049 1482.94 1482.92 1482.899 1482.879 1482.592 1480.257 1477.922 1475.587 1473.253 1466.356 1456.381 1446.405 1436.43 1426.37 1415.323 1404.275 1393.228 1382.18 1371.497 1361.099 1350.701 1340.303 1329.85 1318.166 1306.483 1294.799 1283.116 1271.978 1261.332 1250.687 1240.041 1229.417 1221.881 1214.345 1206.809
1484.43 1482.928 1481.502 1480.077 1478.652 1477.697 1478.383 1479.069 1479.755 1480.441 1481.723 1483.254 1484.785 1486.316 1487.529 1487.359 1487.188 1487.018 1486.848 1486.172 1485.247 1484.321 1483.396 1482.652 1482.935 1483.217 1483.499 1483.781 1484.132 1484.524 1484.915 1485.307 1485.378 1482.989 1480.6 1478.211 1475.822 1468.333 1457.404 1446.474 1435.545 1424.549 1412.769 1400.99 1389.211 1377.431 1366.223 1355.462 1344.701 1333.939 1323.132 1311.302 1299.472 1287.643 1275.813 1264.548 1253.794 1243.04 1232.286 1221.559 1214.63 1207.701 1200.772
1483.089 1481.495 1479.972 1478.449 1476.926 1475.864 1476.407 1476.951 1477.494 1478.038 1479.271 1480.793 1482.314 1483.836 1485.053 1484.946 1484.839 1484.732 1484.625 1484.059 1483.266 1482.472 1481.679 1481.123 1481.901 1482.68 1483.458 1484.237 1485.011 1485.784 1486.556 1487.328 1487.726 1485.246 1482.765 1480.285 1477.805 1469.722 1457.859 1445.996 1434.134 1422.226 1409.793 1397.361 1384.928 1372.496 1360.763 1349.578 1338.393 1327.208 1315.988 1303.988 1291.987 1279.987 1267.986 1256.636 1245.874 1235.112 1224.349 1213.619 1207.21 1200.802 1194.394
1482.86 1481.005 1479.183 1477.362 1475.541 1474.182 1474.432 1474.683 1474.934 1475.185 1476.209 1477.558 1478.906 1480.254 1481.378 1481.526 1481.674 1481.821 1481.969 1481.563 1480.884 1480.204 1479.525 1479.104 1480.137 1481.171 1482.204 1483.237 1484.242 1485.232 1486.221 1487.21 1487.767 1484.999 1482.231 1479.464 1476.696 1468.005 1455.318 1442.631 1429.945 1417.259 1404.588 1391.917 1379.246 1366.575 1354.321 1342.393 1330.465 1318.538 1306.594 1294.296 1281.997 1269.698 1257.4 1246.181 1235.94 1225.698 1215.456 1205.242 1198.899 1192.556 1186.212
1482.631 1480.514 1478.395 1476.275 1474.156 1472.5 1472.458 1472.416 1472.374 1472.332 1473.148 1474.323 1475.497 1476.672 1477.703 1478.105 1478.508 1478.911 1479.313 1479.068 1478.502 1477.936 1477.371 1477.085 1478.373 1479.661 1480.949 1482.237 1483.474 1484.68 1485.885 1487.092 1487.807 1484.752 1481.697 1478.642 1475.587 1466.288 1452.778 1439.266 1425.756 1412.292 1399.383 1386.473 1373.564 1360.654 1347.879 1335.208 1322.538 1309.868 1297.201 1284.604 1272.007 1259.41 1246.813 1235.727 1226.005 1216.284 1206.562 1196.866 1190.588 1184.309 1178.031
