data/zism_data/00763_01_D.txt
ncols         224
nrows         224
[rows 112 to 139 of 224, columns 126 to 188 of 224]
1223.34 1218.449 1214.458 1210.466 1206.474 1203.467 1203.248 1203.03 1202.811 1202.593 1203.39 1204.574 1205.758 1206.941 1208.831 1213.765 1218.699 1223.633 1228.567 1233.742 1239.045 1244.349 1249.652 1255.021 1260.887 1266.754 1272.62 1278.487 1282.86 1286.149 1289.438 1292.727 1295.911 1296.786 1297.661 1298.536 1299.41 1299.869 1299.923 1299.977 1300.031 1300.086 1300.031 1299.974 1299.916 1299.858 1299.68 1299.347 1299.013 1298.679 1298.345 1297.633 1296.877 1296.122 1295.366 1293.274 1288.829 1284.384 1279.939 1275.494 1267.2 1258.095 1248.991
1228.202 1222.956 1218.48 1214.005 1209.529 1205.907 1204.704 1203.502 1202.299 1201.096 1201.178 1201.747 1202.317 1202.886 1204.162 1208.482 1212.801 1217.121 1221.44 1226.234 1231.28 1236.327 1241.373 1246.568 1252.886 1259.204 1265.522 1271.841 1276.758 1280.661 1284.563 1288.465 1292.253 1293.536 1294.819 1296.102 1297.385 1298.154 1298.425 1298.695 1298.966 1299.237 1299.304 1299.365 1299.427 1299.488 1299.552 1299.617 1299.683 1299.749 1299.814 1299.552 1299.253 1298.953 1298.654 1297.008 1292.994 1288.979 1284.965 1280.951 1272.699 1263.555 1254.411
1235.902 1230.832 1226.372 1221.913 1217.453 1213.495 1210.959 1208.422 1205.886 1203.35 1202.637 1202.618 1202.599 1202.58 1203.2 1206.575 1209.949 1213.324 1216.698 1220.653 1224.916 1229.18 1233.443 1237.924 1244.059 1250.193 1256.328 1262.463 1267.629 1272.093 1276.556 1281.02 1285.373 1287.282 1289.191 1291.101 1293.01 1294.334 1295.091 1295.848 1296.604 1297.361 1297.589 1297.802 1298.015 1298.227 1298.446 1298.674 1298.902 1299.129 1299.357 1299.261 1299.129 1298.997 1298.865 1297.548 1294.143 1290.739 1287.335 1283.931 1276.169 1267.489 1258.809
1243.601 1238.708 1234.264 1229.82 1225.377 1221.083 1217.213 1213.343 1209.473 1205.603 1204.097 1203.489 1202.882 1202.274 1202.239 1204.668 1207.098 1209.527 1211.957 1215.072 1218.553 1222.033 1225.514 1229.281 1235.232 1241.183 1247.134 1253.086 1258.5 1263.525 1268.55 1273.576 1278.493 1281.028 1283.564 1286.1 1288.635 1290.515 1291.758 1293.0 1294.243 1295.485 1295.875 1296.238 1296.602 1296.966 1297.341 1297.731 1298.12 1298.51 1298.9 1298.971 1299.006 1299.042 1299.077 1298.087 1295.293 1292.499 1289.705 1286.911 1279.638 1271.423 1263.208
1251.301 1246.583 1242.156 1237.729 1233.301 1228.672 1223.468 1218.264 1213.06 1207.856 1205.557 1204.36 1203.164 1201.968 1201.277 1202.761 1204.246 1205.731 1207.215 1209.491 1212.189 1214.886 1217.584 1220.637 1226.405 1232.173 1237.94 1243.708 1249.37 1254.957 1260.544 1266.131 1271.612 1274.774 1277.936 1281.098 1284.26 1286.695 1288.424 1290.153 1291.881 1293.61 1294.16 1294.675 1295.19 1295.705 1296.236 1296.787 1297.339 1297.891 1298.442 1298.681 1298.883 1299.086 1299.289 1298.627 1296.443 1294.259 1292.075 1289.891 1283.108 1275.358 1267.607
1259.0 1254.458 1250.047 1245.636 1241.225 1236.26 1229.722 1223.185 1216.647 1210.109 1207.016 1205.231 1203.447 1201.662 1200.315 1200.855 1201.394 1201.934 1202.474 1203.91 1205.825 1207.74 1209.654 1211.994 1217.578 1223.162 1228.746 1234.33 1240.241 1246.39 1252.538 1258.687 1264.732 1268.521 1272.309 1276.097 1279.886 1282.876 1285.09 1287.305 1289.52 1291.734 1292.445 1293.111 1293.777 1294.443 1295.13 1295.844 1296.558 1297.271 1297.985 1298.39 1298.76 1299.13 1299.5 1299.166 1297.592 1296.019 1294.445 1292.871 1286.578 1279.292 1272.005
1265.225 1261.61 1258.178 1254.746 1251.313 1246.993 1240.154 1233.316 1226.478 1219.64 1215.499 1212.384 1209.269 1206.154 1203.558 1203.2 1202.841 1202.483 1202.125 1202.903 1204.289 1205.674 1207.059 1208.84 1213.64 1218.439 1223.239 1228.038 1233.379 1239.112 1244.845 1250.579 1256.234 1260.17 1264.105 1268.041 1271.977 1275.027 1277.215 1279.404 1281.593 1283.782 1284.643 1285.465 1286.287 1287.109 1288.238 1289.767 1291.295 1292.823 1294.352 1295.433 1296.463 1297.494 1298.524 1298.774 1297.651 1296.528 1295.405 1294.282 1288.648 1282.066 1275.483
1271.23 1268.654 1266.344 1264.035 1261.726 1258.197 1251.213 1244.229 1237.245 1230.261 1225.036 1220.479 1215.922 1211.365 1207.432 1206.182 1204.933 1203.684 1202.435 1202.583 1203.477 1204.371 1205.265 1206.51 1210.435 1214.359 1218.284 1222.209 1226.856 1232.028 1237.2 1242.372 1247.493 1251.504 1255.516 1259.527 1263.539 1266.573 1268.66 1270.746 1272.832 1274.918 1275.929 1276.907 1277.886 1278.864 1280.479 1282.92 1285.361 1287.802 1290.242 1292.076 1293.841 1295.605 1297.37 1298.243 1297.547 1296.85 1296.153 1295.457 1290.509 1284.666 1278.823
1277.234 1275.697 1274.511 1273.325 1272.139 1269.402 1262.272 1255.142 1248.013 1240.883 1234.573 1228.574 1222.576 1216.577 1211.305 1209.165 1207.025 1204.885 1202.744 1202.263 1202.665 1203.068 1203.47 1204.18 1207.23 1210.28 1213.329 1216.379 1220.334 1224.944 1229.554 1234.164 1238.752 1242.839 1246.926 1251.013 1255.1 1258.12 1260.103 1262.087 1264.07 1266.054 1267.214 1268.349 1269.484 1270.619 1272.719 1276.072 1279.426 1282.779 1286.133 1288.719 1291.218 1293.717 1296.216 1297.712 1297.442 1297.172 1296.902 1296.632 1292.369 1287.266 1282.163
1283.239 1282.74 1282.677 1282.614 1282.551 1280.607 1273.331 1266.055 1258.78 1251.504 1244.109 1236.669 1229.229 1221.789 1215.179 1212.148 1209.117 1206.085 1203.054 1201.942 1201.853 1201.764 1201.676 1201.849 1204.025 1206.2 1208.375 1210.55 1213.811 1217.86 1221.909 1225.957 1230.011 1234.173 1238.336 1242.499 1246.661 1249.667 1251.547 1253.428 1255.309 1257.19 1258.499 1259.791 1261.083 1262.374 1264.959 1269.225 1273.491 1277.757 1282.023 1285.362 1288.595 1291.828 1295.062 1297.181 1297.337 1297.494 1297.65 1297.807 1294.229 1289.866 1285.503
1288.061 1288.258 1288.92 1289.583 1290.245 1288.941 1282.067 1275.193 1268.318 1261.444 1253.582 1245.344 1237.107 1228.869 1221.416 1217.339 1213.262 1209.185 1205.108 1203.213 1202.482 1201.75 1201.019 1200.536 1201.952 1203.368 1204.784 1206.199 1208.777 1212.198 1215.618 1219.038 1222.483 1226.468 1230.452 1234.437 1238.421 1241.242 1242.932 1244.622 1246.312 1248.002 1249.407 1250.803 1252.199 1253.596 1256.56 1261.562 1266.564 1271.566 1276.568 1280.69 1284.711 1288.733 1292.755 1295.554 1296.2 1296.846 1297.492 1298.138 1295.19 1291.485 1287.781
1290.519 1290.725 1291.317 1291.909 1292.501 1291.536 1286.158 1280.779 1275.4 1270.022 1262.928 1255.182 1247.435 1239.689 1232.379 1226.947 1221.514 1216.082 1210.65 1207.667 1205.991 1204.314 1202.638 1201.259 1202.146 1203.032 1203.919 1204.805 1206.719 1209.378 1212.037 1214.696 1217.383 1220.682 1223.98 1227.279 1230.578 1232.874 1234.197 1235.52 1236.843 1238.166 1239.56 1240.956 1242.353 1243.749 1246.88 1252.265 1257.651 1263.036 1268.422 1273.387 1278.305 1283.224 1288.142 1291.735 1292.997 1294.258 1295.52 1296.782 1294.351 1291.143 1287.936
1292.978 1293.192 1293.714 1294.236 1294.758 1294.131 1290.248 1286.365 1282.482 1278.599 1272.273 1265.018 1257.763 1250.509 1243.342 1236.554 1229.767 1222.979 1216.191 1212.121 1209.5 1206.879 1204.257 1201.981 1202.339 1202.696 1203.054 1203.411 1204.661 1206.559 1208.457 1210.354 1212.283 1214.896 1217.509 1220.122 1222.735 1224.507 1225.463 1226.419 1227.375 1228.33 1229.714 1231.11 1232.506 1233.902 1237.2 1242.969 1248.738 1254.506 1260.275 1266.085 1271.9 1277.714 1283.529 1287.917 1289.794 1291.671 1293.548 1295.425 1293.512 1290.801 1288.09
1295.436 1295.659 1296.11 1296.562 1297.014 1296.725 1294.338 1291.951 1289.564 1287.177 1281.619 1274.855 1268.092 1261.328 1254.305 1246.162 1238.019 1229.876 1221.733 1216.575 1213.009 1209.443 1205.876 1202.704 1202.532 1202.36 1202.188 1202.017 1202.603 1203.74 1204.876 1206.012 1207.183 1209.11 1211.037 1212.964 1214.891 1216.14 1216.728 1217.317 1217.906 1218.494 1219.867 1221.263 1222.659 1224.055 1227.52 1233.672 1239.824 1245.976 1252.129 1258.783 1265.494 1272.204 1278.915 1284.098 1286.591 1289.083 1291.576 1294.069 1292.673 1290.459 1288.245
1297.894 1298.126 1298.507 1298.889 1299.271 1299.32 1298.429 1297.537 1296.646 1295.755 1290.964 1284.692 1278.42 1272.148 1265.268 1255.77 1246.271 1236.773 1227.275 1221.029 1216.518 1212.007 1207.496 1203.426 1202.725 1202.024 1201.323 1200.623 1200.545 1200.92 1201.295 1201.67 1202.083 1203.324 1204.566 1205.807 1207.048 1207.772 1207.994 1208.215 1208.437 1208.658 1210.02 1211.417 1212.813 1214.209 1217.84 1224.375 1230.911 1237.447 1243.983 1251.481 1259.088 1266.695 1274.302 1280.279 1283.388 1286.496 1289.604 1292.713 1291.835 1290.117 1288.4
1298.675 1298.868 1299.17 1299.473 1299.776 1299.874 1299.389 1298.904 1298.42 1297.935 1293.906 1288.53 1283.154 1277.778 1271.698 1262.588 1253.477 1244.367 1235.256 1228.605 1223.265 1217.925 1212.585 1207.683 1206.122 1204.56 1202.999 1201.437 1200.786 1200.796 1200.806 1200.815 1200.864 1201.772 1202.681 1203.589 1204.498 1205.007 1205.128 1205.249 1205.371 1205.492 1206.65 1207.84 1209.029 1210.219 1213.458 1219.361 1225.265 1231.168 1237.071 1244.344 1251.772 1259.199 1266.626 1272.586 1275.961 1279.336 1282.712 1286.087 1285.591 1284.28 1282.969
1299.03 1299.17 1299.392 1299.614 1299.836 1299.907 1299.552 1299.197 1298.842 1298.487 1295.218 1290.841 1286.463 1282.086 1276.974 1268.695 1260.416 1252.137 1243.858 1236.975 1230.836 1224.697 1218.558 1212.84 1210.333 1207.827 1205.321 1202.814 1201.613 1201.358 1201.103 1200.848 1200.633 1201.298 1201.964 1202.63 1203.295 1203.668 1203.757 1203.846 1203.934 1204.023 1204.929 1205.859 1206.79 1207.72 1210.425 1215.438 1220.45 1225.462 1230.475 1237.25 1244.224 1251.198 1258.171 1263.906 1267.459 1271.013 1274.567 1278.12 1277.972 1277.044 1276.116
1299.384 1299.473 1299.614 1299.755 1299.896 1299.941 1299.716 1299.49 1299.265 1299.04 1296.53 1293.151 1289.773 1286.395 1282.25 1274.802 1267.355 1259.908 1252.461 1245.345 1238.407 1231.469 1224.531 1217.996 1214.545 1211.094 1207.642 1204.191 1202.439 1201.92 1201.4 1200.88 1200.402 1200.824 1201.247 1201.67 1202.092 1202.329 1202.385 1202.442 1202.498 1202.554 1203.208 1203.879 1204.55 1205.221 1207.393 1211.514 1215.635 1219.757 1223.878 1230.155 1236.675 1243.196 1249.716 1255.226 1258.958 1262.689 1266.421 1270.153 1270.352 1269.808 1269.264
1299.738 1299.776 1299.836 1299.896 1299.956 1299.975 1299.879 1299.783 1299.688 1299.592 1297.841 1295.462 1293.083 1290.703 1287.526 1280.91 1274.294 1267.678 1261.063 1253.715 1245.978 1238.241 1230.503 1223.153 1218.757 1214.361 1209.964 1205.568 1203.266 1202.482 1201.697 1200.913 1200.171 1200.35 1200.53 1200.71 1200.889 1200.99 1201.014 1201.038 1201.062 1201.086 1201.486 1201.898 1202.31 1202.722 1204.36 1207.59 1210.821 1214.051 1217.282 1223.061 1229.127 1235.194 1241.261 1246.546 1250.456 1254.366 1258.276 1262.186 1262.733 1262.572 1262.411
1300.0 1300.0 1300.0 1300.0 1300.0 1300.0 1300.0 1300.0 1300.0 1300.0 1298.875 1297.323 1295.771 1294.218 1291.871 1286.098 1280.325 1274.552 1268.779 1261.36 1253.063 1244.766 1236.469 1228.53 1223.322 1218.115 1212.908 1207.7 1204.856 1203.726 1202.595 1201.465 1200.382 1200.339 1200.297 1200.255 1200.213 1200.173 1200.136 1200.1 1200.063 1200.027 1200.222 1200.424 1200.626 1200.828 1201.999 1204.428 1206.858 1209.288 1211.717 1216.88 1222.351 1227.822 1233.292 1238.205 1242.134 1246.063 1249.991 1253.92 1254.813 1255.067 1255.32
1300.0 1300.0 1300.0 1300.0 1300.0 1300.0 1300.0 1300.0 1300.0 1300.0 1299.122 1297.909 1296.697 1295.485 1293.578 1288.68 1283.782 1278.884 1273.986 1266.949 1258.77 1250.592 1242.414 1234.53 1228.89 1223.251 1217.612 1211.972 1208.612 1206.904 1205.195 1203.487 1201.844 1201.64 1201.436 1201.231 1201.027 1200.837 1200.66 1200.483 1200.306 1200.129 1200.252 1200.384 1200.516 1200.647 1201.541 1203.426 1205.31 1207.194 1209.078 1213.288 1217.76 1222.232 1226.704 1230.823 1234.32 1237.817 1241.313 1244.81 1246.043 1246.798 1247.554
1300.0 1300.0 1300.0 1300.0 1300.0 1300.0 1300.0 1300.0 1300.0 1300.0 1299.368 1298.496 1297.624 1296.752 1295.286 1291.263 1287.24 1283.216 1279.193 1272.537 1264.478 1256.418 1248.359 1240.53 1234.458 1228.387 1222.316 1216.245 1212.368 1210.082 1207.795 1205.509 1203.307 1202.941 1202.574 1202.208 1201.842 1201.5 1201.183 1200.865 1200.548 1200.231 1200.281 1200.343 1200.405 1200.467 1201.084 1202.423 1203.761 1205.1 1206.439 1209.696 1213.169 1216.642 1220.115 1223.44 1226.505 1229.57 1232.635 1235.7 1237.272 1238.53 1239.788
1300.0 1300.0 1300.0 1300.0 1300.0 1300.0 1300.0 1300.0 1300.0 1300.0 1299.615 1299.083 1298.551 1298.019 1296.994 1293.846 1290.697 1287.548 1284.4 1278.126 1270.185 1262.244 1254.304 1246.53 1240.026 1233.523 1227.02 1220.516 1216.123 1213.259 1210.395 1207.532 1204.769 1204.241 1203.713 1203.185 1202.656 1202.164 1201.706 1201.248 1200.791 1200.333 1200.311 1200.303 1200.294 1200.286 1200.626 1201.42 1202.213 1203.007 1203.8 1206.104 1208.578 1211.052 1213.526 1216.058 1218.691 1221.324 1223.957 1226.59 1228.502 1230.262 1232.022
1300.0 1300.0 1300.0 1300.0 1300.0 1300.0 1300.0 1300.0 1300.0 1300.0 1299.861 1299.669 1299.478 1299.286 1298.702 1296.428 1294.154 1291.881 1289.607 1283.715 1275.893 1268.071 1260.249 1252.53 1245.594 1238.659 1231.724 1224.789 1219.879 1216.437 1212.995 1209.554 1206.232 1205.542 1204.852 1204.161 1203.471 1202.828 1202.229 1201.631 1201.033 1200.435 1200.341 1200.262 1200.184 1200.105 1200.169 1200.417 1200.665 1200.913 1201.161 1202.512 1203.987 1205.462 1206.938 1208.676 1210.877 1213.078 1215.279 1217.48 1219.731 1221.994 1224.256
1299.995 1300.0 1300.0 1300.0 1300.0 1300.0 1300.0 1300.0 1300.0 1300.0 1299.923 1299.818 1299.712 1299.606 1299.13 1297.057 1294.985 1292.913 1290.841 1285.209 1277.678 1270.147 1262.616 1255.181 1248.479 1241.777 1235.075 1228.373 1223.435 1219.775 1216.116 1212.457 1208.914 1207.945 1206.975 1206.005 1205.036 1204.138 1203.309 1202.481 1201.652 1200.823 1200.628 1200.452 1200.276 1200.1 1200.036 1200.118 1200.2 1200.283 1200.365 1201.28 1202.288 1203.297 1204.305 1205.582 1207.331 1209.081 1210.83 1212.58 1214.637 1216.76 1218.883
1299.989 1300.0 1300.0 1300.0 1300.0 1300.0 1300.0 1300.0 1300.0 1300.0 1299.916 1299.799 1299.682 1299.566 1299.07 1296.944 1294.818 1292.692 1290.566 1285.147 1277.973 1270.798 1263.624 1256.56 1250.344 1244.128 1237.912 1231.696 1226.915 1223.175 1219.434 1215.694 1212.06 1210.766 1209.473 1208.179 1206.885 1205.693 1204.6 1203.507 1202.414 1201.321 1201.013 1200.729 1200.445 1200.161 1200.026 1200.087 1200.148 1200.209 1200.269 1200.944 1201.688 1202.432 1203.176 1204.118 1205.408 1206.698 1207.989 1209.279 1210.941 1212.68 1214.419
1299.982 1300.0 1300.0 1300.0 1300.0 1300.0 1300.0 1300.0 1300.0 1300.0 1299.908 1299.78 1299.653 1299.526 1299.011 1296.831 1294.651 1292.471 1290.291 1285.086 1278.268 1271.449 1264.631 1257.939 1252.209 1246.479 1240.749 1235.019 1230.395 1226.574 1222.752 1218.931 1215.205 1213.588 1211.97 1210.353 1208.735 1207.249 1205.892 1204.534 1203.176 1201.819 1201.398 1201.006 1200.614 1200.222 1200.017 1200.056 1200.095 1200.134 1200.174 1200.608 1201.088 1201.567 1202.046 1202.653 1203.484 1204.316 1205.147 1205.979 1207.244 1208.599 1209.955
1299.975 1300.0 1300.0 1300.0 1300.0 1300.0 1300.0 1300.0 1300.0 1300.0 1299.9 1299.762 1299.623 1299.485 1298.952 1296.718 1294.484 1292.25 1290.016 1285.024 1278.563 1272.101 1265.639 1259.318 1254.074 1248.83 1243.586 1238.342 1233.875 1229.973 1226.071 1222.168 1218.351 1216.41 1214.468 1212.526 1210.585 1208.805 1207.183 1205.561 1203.938 1202.316 1201.783 1201.283 1200.783 1200.283 1200.008 1200.025 1200.043 1200.06 1200.078 1200.272 1200.487 1200.702 1200.917 1201.189 1201.561 1201.934 1202.306 1202.679 1203.547 1204.519 1205.492
