data/zism_data/00762_04_D.txt
ncols         224
nrows         224
[rows 29 to 57 of 224, columns 128 to 191 of 224]
1104.796 1105.183 1105.689 1106.194 1106.699 1107.204 1106.355 1105.388 1104.421 1103.453 1102.629 1102.063 1101.496 1100.93 1100.363 1100.252 1100.257 1100.262 1100.267 1100.494 1101.446 1102.398 1103.35 1104.302 1104.754 1104.961 1105.168 1105.375 1105.743 1107.428 1109.113 1110.798 1112.484 1115.301 1119.055 1122.81 1126.564 1130.318 1136.893 1143.511 1150.128 1156.745 1162.82 1168.156 1173.493 1178.829 1184.165 1187.55 1190.621 1193.692 1196.762 1198.98 1199.2 1199.42 1199.64 1199.86 1199.848 1199.753 1199.658 1199.563 1199.367 1198.694 1198.021 1197.348
1109.951 1110.503 1111.03 1111.556 1112.083 1112.609 1111.188 1109.596 1108.004 1106.412 1105.009 1103.946 1102.883 1101.82 1100.757 1100.48 1100.405 1100.331 1100.256 1100.361 1101.057 1101.753 1102.448 1103.144 1103.637 1104.031 1104.425 1104.818 1105.452 1108.034 1110.616 1113.198 1115.78 1119.462 1124.054 1128.647 1133.239 1137.831 1144.382 1150.962 1157.542 1164.122 1169.848 1174.41 1178.972 1183.534 1188.096 1190.707 1193.004 1195.3 1197.597 1199.247 1199.381 1199.516 1199.65 1199.785 1199.667 1199.46 1199.253 1199.046 1198.694 1197.658 1196.623 1195.587
1115.105 1115.823 1116.37 1116.918 1117.466 1118.014 1116.02 1113.803 1111.587 1109.37 1107.389 1105.829 1104.27 1102.71 1101.151 1100.709 1100.554 1100.399 1100.244 1100.228 1100.668 1101.107 1101.547 1101.986 1102.521 1103.101 1103.682 1104.262 1105.16 1108.639 1112.118 1115.597 1119.076 1123.623 1129.054 1134.484 1139.914 1145.345 1151.871 1158.414 1164.956 1171.499 1176.875 1180.663 1184.451 1188.239 1192.027 1193.864 1195.386 1196.909 1198.432 1199.513 1199.563 1199.612 1199.661 1199.71 1199.487 1199.168 1198.849 1198.53 1198.022 1196.623 1195.224 1193.825
1120.259 1121.142 1121.712 1122.281 1122.85 1123.419 1120.852 1118.011 1115.17 1112.329 1109.768 1107.712 1105.656 1103.6 1101.545 1100.937 1100.702 1100.467 1100.232 1100.095 1100.278 1100.462 1100.645 1100.828 1101.404 1102.171 1102.939 1103.706 1104.869 1109.245 1113.62 1117.996 1122.372 1127.784 1134.053 1140.321 1146.59 1152.858 1159.36 1165.865 1172.37 1178.875 1183.903 1186.916 1189.93 1192.944 1195.958 1197.021 1197.769 1198.518 1199.266 1199.78 1199.744 1199.708 1199.671 1199.635 1199.307 1198.876 1198.445 1198.013 1197.349 1195.587 1193.826 1192.064
1127.318 1128.222 1128.564 1128.907 1129.25 1129.593 1126.433 1122.968 1119.502 1116.036 1112.868 1110.233 1107.599 1104.964 1102.329 1101.479 1101.086 1100.693 1100.301 1100.0 1100.0 1100.0 1100.0 1100.0 1100.684 1101.702 1102.72 1103.738 1105.201 1110.279 1115.357 1120.435 1125.514 1131.599 1138.517 1145.436 1152.354 1159.272 1165.664 1172.048 1178.433 1184.817 1189.488 1191.827 1194.165 1196.504 1198.842 1199.324 1199.507 1199.689 1199.872 1199.943 1199.751 1199.559 1199.368 1199.176 1198.597 1197.881 1197.164 1196.447 1195.478 1193.318 1191.158 1188.999
1139.162 1139.723 1139.217 1138.711 1138.205 1137.699 1133.896 1129.806 1125.715 1121.625 1117.775 1114.355 1110.936 1107.517 1104.097 1102.806 1102.061 1101.316 1100.571 1100.0 1100.0 1100.0 1100.0 1100.0 1100.96 1102.389 1103.818 1105.247 1107.099 1112.391 1117.683 1122.975 1128.267 1134.545 1141.64 1148.734 1155.829 1162.923 1168.991 1175.045 1181.098 1187.151 1191.451 1193.362 1195.274 1197.185 1199.096 1199.482 1199.622 1199.762 1199.902 1199.844 1199.321 1198.798 1198.276 1197.753 1196.556 1195.119 1193.681 1192.244 1190.595 1187.949 1185.304 1182.658
1151.005 1151.224 1149.869 1148.514 1147.159 1145.804 1141.359 1136.644 1131.929 1127.214 1122.682 1118.478 1114.274 1110.069 1105.865 1104.133 1103.036 1101.938 1100.841 1100.0 1100.0 1100.0 1100.0 1100.0 1101.236 1103.076 1104.916 1106.757 1108.998 1114.504 1120.009 1125.514 1131.02 1137.491 1144.762 1152.033 1159.303 1166.574 1172.319 1178.041 1183.763 1189.485 1193.413 1194.898 1196.382 1197.866 1199.35 1199.64 1199.737 1199.835 1199.932 1199.745 1198.891 1198.037 1197.184 1196.33 1194.515 1192.357 1190.198 1188.04 1185.711 1182.58 1179.449 1176.317
1162.849 1162.725 1160.521 1158.317 1156.114 1153.91 1148.822 1143.482 1138.143 1132.803 1127.589 1122.6 1117.611 1112.622 1107.633 1105.46 1104.011 1102.561 1101.111 1100.0 1100.0 1100.0 1100.0 1100.0 1101.512 1103.763 1106.015 1108.266 1110.897 1116.616 1122.335 1128.054 1133.773 1140.438 1147.884 1155.331 1162.778 1170.225 1175.646 1181.037 1186.428 1191.82 1195.376 1196.433 1197.49 1198.547 1199.604 1199.798 1199.853 1199.907 1199.962 1199.646 1198.461 1197.276 1196.092 1194.907 1192.473 1189.594 1186.715 1183.837 1180.828 1177.211 1173.594 1169.977
1174.693 1174.226 1171.173 1168.121 1165.068 1162.015 1156.285 1150.321 1144.356 1138.392 1132.496 1126.722 1120.949 1115.175 1109.401 1106.788 1104.985 1103.183 1101.381 1100.0 1100.0 1100.0 1100.0 1100.0 1101.788 1104.45 1107.113 1109.775 1112.796 1118.728 1124.661 1130.593 1136.526 1143.384 1151.007 1158.63 1166.253 1173.875 1178.973 1184.033 1189.094 1194.154 1197.339 1197.969 1198.599 1199.229 1199.859 1199.956 1199.968 1199.98 1199.992 1199.546 1198.031 1196.515 1195.0 1193.484 1190.432 1186.832 1183.233 1179.633 1175.945 1171.842 1167.739 1163.636
1181.11 1180.632 1177.625 1174.619 1171.612 1168.606 1162.808 1156.767 1150.726 1144.685 1138.523 1132.142 1125.761 1119.38 1112.999 1109.735 1107.272 1104.809 1102.345 1100.434 1100.334 1100.234 1100.133 1100.033 1101.756 1104.37 1106.984 1109.599 1112.565 1118.391 1124.217 1130.042 1135.868 1142.618 1150.132 1157.645 1165.159 1172.673 1177.944 1183.183 1188.422 1193.66 1196.982 1197.694 1198.406 1199.119 1199.831 1199.793 1199.635 1199.477 1199.319 1198.607 1196.598 1194.59 1192.581 1190.572 1186.913 1182.666 1178.419 1174.172 1169.876 1165.353 1160.83 1156.307
1185.444 1185.082 1182.465 1179.848 1177.231 1174.615 1168.971 1163.064 1157.156 1151.249 1144.979 1138.059 1131.139 1124.218 1117.298 1113.304 1110.061 1106.819 1103.576 1101.035 1100.796 1100.557 1100.318 1100.078 1101.605 1103.995 1106.385 1108.776 1111.517 1117.113 1122.709 1128.306 1133.902 1140.428 1147.723 1155.018 1162.312 1169.607 1175.244 1180.856 1186.468 1192.08 1195.736 1196.725 1197.715 1198.705 1199.695 1199.507 1199.13 1198.753 1198.376 1197.345 1194.781 1192.217 1189.653 1187.089 1182.828 1177.961 1173.095 1168.228 1163.353 1158.434 1153.516 1148.598
1189.778 1189.532 1187.305 1185.078 1182.851 1180.624 1175.134 1169.36 1163.586 1157.812 1151.435 1143.976 1136.516 1129.057 1121.598 1116.873 1112.851 1108.829 1104.807 1101.636 1101.258 1100.88 1100.502 1100.124 1101.454 1103.62 1105.786 1107.952 1110.469 1115.835 1121.202 1126.569 1131.935 1138.238 1145.314 1152.39 1159.466 1166.541 1172.543 1178.529 1184.515 1190.501 1194.489 1195.757 1197.024 1198.292 1199.559 1199.221 1198.625 1198.03 1197.434 1196.083 1192.964 1189.844 1186.725 1183.606 1178.742 1173.257 1167.771 1162.285 1156.829 1151.516 1146.203 1140.889
1194.112 1193.982 1192.145 1190.307 1188.47 1186.633 1181.297 1175.657 1170.016 1164.376 1157.892 1149.893 1141.894 1133.896 1125.897 1120.442 1115.641 1110.839 1106.037 1102.237 1101.72 1101.203 1100.686 1100.17 1101.304 1103.246 1105.187 1107.129 1109.421 1114.558 1119.695 1124.832 1129.969 1136.048 1142.905 1149.762 1156.619 1163.476 1169.843 1176.202 1182.562 1188.921 1193.243 1194.788 1196.333 1197.878 1199.423 1198.935 1198.121 1197.306 1196.491 1194.82 1191.146 1187.472 1183.797 1180.123 1174.657 1168.552 1162.447 1156.341 1150.306 1144.597 1138.889 1133.18
1197.814 1197.796 1196.335 1194.875 1193.415 1191.954 1186.866 1181.461 1176.056 1170.65 1164.153 1155.694 1147.235 1138.776 1130.317 1124.137 1118.542 1112.948 1107.353 1102.908 1102.236 1101.564 1100.892 1100.221 1101.138 1102.834 1104.529 1106.224 1108.268 1113.148 1118.028 1122.908 1127.788 1133.664 1140.362 1147.06 1153.758 1160.456 1167.12 1173.783 1180.446 1187.109 1191.703 1193.481 1195.258 1197.035 1198.812 1198.133 1197.058 1195.983 1194.908 1192.916 1188.774 1184.632 1180.49 1176.347 1170.4 1163.809 1157.219 1150.628 1144.14 1138.134 1132.128 1126.122
1198.207 1198.286 1197.135 1195.984 1194.834 1193.683 1189.327 1184.69 1180.054 1175.417 1169.397 1160.89 1152.383 1143.876 1135.369 1128.491 1122.031 1115.571 1109.112 1103.948 1103.036 1102.124 1101.212 1100.3 1100.895 1102.227 1103.559 1104.891 1106.568 1111.048 1115.527 1120.007 1124.487 1130.266 1137.119 1143.972 1150.825 1157.677 1164.28 1170.879 1177.478 1184.077 1188.632 1190.404 1192.176 1193.948 1195.72 1194.631 1193.081 1191.531 1189.981 1187.652 1183.499 1179.346 1175.194 1171.041 1165.248 1158.871 1152.494 1146.117 1139.842 1134.05 1128.257 1122.465
1198.601 1198.776 1197.935 1197.094 1196.253 1195.412 1191.787 1187.92 1184.052 1180.184 1174.64 1166.085 1157.53 1148.975 1140.42 1132.844 1125.52 1118.195 1110.87 1104.987 1103.835 1102.683 1101.531 1100.378 1100.651 1101.62 1102.589 1103.558 1104.868 1108.947 1113.027 1117.106 1121.185 1126.868 1133.875 1140.883 1147.891 1154.899 1161.441 1167.976 1174.51 1181.045 1185.561 1187.328 1189.094 1190.861 1192.628 1191.128 1189.103 1187.078 1185.053 1182.388 1178.224 1174.061 1169.898 1165.734 1160.096 1153.933 1147.769 1141.605 1135.544 1129.965 1124.387 1118.808
1198.994 1199.266 1198.735 1198.203 1197.672 1197.141 1194.248 1191.149 1188.05 1184.951 1179.884 1171.281 1162.678 1154.075 1145.472 1137.198 1129.008 1120.818 1112.629 1106.027 1104.635 1103.242 1101.85 1100.457 1100.407 1101.013 1101.619 1102.226 1103.168 1106.847 1110.526 1114.205 1117.884 1123.47 1130.632 1137.795 1144.958 1152.12 1158.601 1165.072 1171.543 1178.013 1182.49 1184.252 1186.013 1187.774 1189.535 1187.626 1185.126 1182.625 1180.125 1177.124 1172.95 1168.776 1164.602 1160.428 1154.944 1148.994 1143.044 1137.094 1131.246 1125.881 1120.516 1115.151
1199.388 1199.756 1199.535 1199.313 1199.091 1198.869 1196.708 1194.378 1192.048 1189.718 1185.127 1176.476 1167.825 1159.174 1150.523 1141.551 1132.497 1123.442 1114.388 1107.067 1105.434 1103.802 1102.169 1100.536 1100.163 1100.406 1100.65 1100.893 1101.468 1104.747 1108.025 1111.304 1114.582 1120.072 1127.389 1134.707 1142.024 1149.341 1155.761 1162.168 1168.575 1174.982 1179.419 1181.175 1182.931 1184.687 1186.443 1184.124 1181.148 1178.173 1175.198 1171.86 1167.675 1163.491 1159.306 1155.121 1149.792 1144.056 1138.319 1132.583 1126.949 1121.797 1116.646 1111.494
1199.561 1199.959 1199.875 1199.79 1199.705 1199.621 1197.866 1195.966 1194.066 1192.166 1187.915 1179.443 1170.971 1162.499 1154.026 1144.812 1135.407 1126.003 1116.598 1108.909 1106.851 1104.792 1102.734 1100.676 1100.057 1100.141 1100.226 1100.311 1100.71 1103.668 1106.626 1109.584 1112.542 1117.805 1124.974 1132.142 1139.311 1146.48 1152.425 1158.352 1164.28 1170.207 1174.302 1175.903 1177.503 1179.103 1180.703 1178.234 1175.11 1171.985 1168.86 1165.447 1161.357 1157.267 1153.177 1149.087 1144.11 1138.817 1133.524 1128.231 1123.049 1118.389 1113.729 1109.069
1199.585 1199.969 1199.906 1199.843 1199.78 1199.716 1198.15 1196.453 1194.756 1193.059 1189.057 1180.915 1172.774 1164.633 1156.492 1147.341 1137.931 1128.521 1119.11 1111.289 1108.681 1106.073 1103.465 1100.857 1100.042 1100.106 1100.169 1100.232 1100.583 1103.274 1105.965 1108.656 1111.347 1116.297 1123.113 1129.929 1136.746 1143.562 1148.755 1153.925 1159.094 1164.263 1167.813 1169.157 1170.501 1171.845 1173.189 1170.744 1167.688 1164.633 1161.578 1158.263 1154.338 1150.414 1146.489 1142.565 1138.072 1133.377 1128.682 1123.987 1119.417 1115.435 1111.453 1107.471
1199.61 1199.98 1199.938 1199.896 1199.854 1199.812 1198.434 1196.94 1195.446 1193.951 1190.198 1182.388 1174.578 1166.767 1158.957 1149.87 1140.454 1131.039 1121.623 1113.669 1110.511 1107.353 1104.195 1101.037 1100.028 1100.07 1100.112 1100.154 1100.457 1102.881 1105.305 1107.729 1110.153 1114.788 1121.252 1127.717 1134.181 1140.645 1145.086 1149.497 1153.908 1158.319 1161.323 1162.411 1163.499 1164.586 1165.674 1163.253 1160.267 1157.282 1154.296 1151.078 1147.319 1143.56 1139.801 1136.042 1132.034 1127.937 1123.84 1119.744 1115.786 1112.481 1109.177 1105.873
1199.635 1199.99 1199.969 1199.949 1199.928 1199.908 1198.718 1197.427 1196.135 1194.844 1191.339 1183.86 1176.381 1168.902 1161.422 1152.398 1142.978 1133.557 1124.136 1116.049 1112.342 1108.634 1104.926 1101.218 1100.014 1100.034 1100.055 1100.076 1100.33 1102.487 1104.644 1106.801 1108.958 1113.28 1119.392 1125.504 1131.615 1137.727 1141.416 1145.069 1148.722 1152.375 1154.833 1155.665 1156.496 1157.328 1158.159 1155.763 1152.846 1149.93 1147.013 1143.894 1140.301 1136.707 1133.114 1129.52 1125.996 1122.497 1118.999 1115.5 1112.153 1109.527 1106.901 1104.276
1199.66 1200.0 1200.0 1200.0 1200.0 1200.0 1198.999 1197.911 1196.822 1195.734 1192.481 1185.343 1178.204 1171.065 1163.927 1154.969 1145.544 1136.118 1126.693 1118.474 1114.211 1109.949 1105.687 1101.424 1100.021 1100.015 1100.01 1100.005 1100.207 1102.095 1103.983 1105.871 1107.759 1111.757 1117.499 1123.242 1128.984 1134.727 1137.674 1140.58 1143.485 1146.391 1148.319 1148.914 1149.51 1150.106 1150.701 1148.339 1145.5 1142.661 1139.821 1136.805 1133.375 1129.944 1126.514 1123.083 1120.041 1117.138 1114.234 1111.331 1108.593 1106.634 1104.675 1102.716
1199.685 1200.0 1200.0 1200.0 1200.0 1200.0 1199.19 1198.31 1197.43 1196.55 1193.643 1187.097 1180.551 1174.005 1167.459 1158.639 1149.235 1139.831 1130.427 1122.066 1117.126 1112.185 1107.245 1102.304 1100.581 1100.432 1100.282 1100.133 1100.171 1101.733 1103.296 1104.858 1106.42 1109.827 1114.758 1119.689 1124.62 1129.551 1132.028 1134.47 1136.911 1139.352 1141.141 1142.041 1142.941 1143.841 1144.741 1142.668 1140.118 1137.567 1135.016 1132.231 1128.896 1125.562 1122.228 1118.893 1116.266 1113.891 1111.516 1109.141 1106.906 1105.332 1103.758 1102.183
1199.71 1200.0 1200.0 1200.0 1200.0 1200.0 1199.382 1198.71 1198.038 1197.366 1194.805 1188.852 1182.898 1176.945 1170.991 1162.309 1152.927 1143.544 1134.162 1125.658 1120.04 1114.422 1108.803 1103.185 1101.142 1100.849 1100.555 1100.261 1100.135 1101.372 1102.609 1103.845 1105.082 1107.897 1112.016 1116.136 1120.255 1124.375 1126.383 1128.36 1130.336 1132.313 1133.963 1135.167 1136.371 1137.576 1138.78 1136.998 1134.736 1132.473 1130.211 1127.656 1124.418 1121.18 1117.941 1114.703 1112.491 1110.644 1108.798 1106.952 1105.22 1104.03 1102.84 1101.65
1199.735 1200.0 1200.0 1200.0 1200.0 1200.0 1199.573 1199.11 1198.646 1198.182 1195.967 1190.606 1185.245 1179.884 1174.523 1165.98 1156.619 1147.257 1137.896 1129.251 1122.954 1116.658 1110.361 1104.065 1101.703 1101.265 1100.828 1100.39 1100.1 1101.011 1101.922 1102.833 1103.743 1105.967 1109.275 1112.583 1115.891 1119.199 1120.737 1122.25 1123.762 1125.274 1126.785 1128.294 1129.802 1131.311 1132.819 1131.328 1129.354 1127.38 1125.406 1123.082 1119.94 1116.797 1113.655 1110.513 1108.716 1107.398 1106.08 1104.762 1103.534 1102.728 1101.923 1101.117
1199.76 1200.0 1200.0 1200.0 1200.0 1200.0 1199.765 1199.509 1199.254 1198.998 1197.129 1192.36 1187.592 1182.824 1178.055 1169.65 1160.31 1150.97 1141.63 1132.843 1125.869 1118.894 1111.92 1104.945 1102.264 1101.682 1101.1 1100.518 1100.064 1100.649 1101.235 1101.82 1102.405 1104.037 1106.533 1109.03 1111.526 1114.023 1115.092 1116.14 1117.188 1118.235 1119.607 1121.42 1123.233 1125.046 1126.859 1125.658 1123.972 1122.286 1120.6 1118.507 1115.461 1112.415 1109.369 1106.323 1104.94 1104.151 1103.362 1102.573 1101.848 1101.427 1101.005 1100.584
1199.768 1199.96 1199.924 1199.889 1199.853 1199.818 1199.529 1199.219 1198.908 1198.597 1196.754 1192.157 1187.561 1182.965 1178.369 1170.189 1161.088 1151.987 1142.887 1134.234 1127.05 1119.866 1112.682 1105.498 1102.677 1101.989 1101.301 1100.613 1100.041 1100.412 1100.783 1101.154 1101.525 1102.716 1104.586 1106.456 1108.326 1110.196 1110.933 1111.653 1112.374 1113.094 1114.32 1116.238 1118.155 1120.072 1121.989 1121.093 1119.743 1118.394 1117.044 1115.254 1112.433 1109.612 1106.792 1103.971 1102.852 1102.341 1101.829 1101.318 1100.871 1100.728 1100.584 1100.441
1199.758 1199.875 1199.765 1199.655 1199.545 1199.434 1198.82 1198.163 1197.505 1196.847 1194.676 1189.786 1184.896 1180.006 1175.116 1167.259 1158.639 1150.018 1141.398 1133.186 1126.312 1119.437 1112.563 1105.689 1102.926 1102.174 1101.422 1100.67 1100.031 1100.311 1100.591 1100.871 1101.152 1102.071 1103.52 1104.968 1106.416 1107.865 1108.422 1108.966 1109.51 1110.053 1111.129 1112.929 1114.728 1116.528 1118.328 1117.751 1116.791 1115.831 1114.871 1113.465 1111.012 1108.56 1106.107 1103.655 1102.633 1102.122 1101.61 1101.099 1100.68 1100.697 1100.714 1100.731
