data/zism_data/00760_04_D.txt
ncols         224
nrows         224
[rows 84 to 111 of 224, columns 0 to 62 of 224]
1500.676 1503.359 1506.649 1509.938 1513.228 1515.384 1510.906 1506.429 1501.953 1497.475 1491.249 1483.738 1476.227 1468.715 1461.199 1452.909 1444.618 1436.328 1428.038 1419.79 1411.598 1403.406 1395.214 1387.021 1381.754 1376.93 1372.105 1367.281 1362.291 1356.913 1351.535 1346.158 1340.78 1334.968 1328.995 1323.022 1317.049 1311.081 1305.14 1299.199 1293.259 1287.318 1280.189 1272.238 1264.287 1256.336 1248.369 1239.722 1231.075 1222.428 1213.781 1204.521 1194.519 1184.517 1174.516 1164.514 1155.058 1145.673 1136.289 1126.905 1118.67 1112.949 1107.227
1514.08 1516.797 1520.031 1523.264 1526.498 1528.562 1523.785 1519.009 1514.232 1509.456 1503.005 1495.325 1487.646 1479.966 1472.281 1463.938 1455.594 1447.251 1438.907 1430.766 1422.882 1414.999 1407.116 1399.233 1394.058 1389.292 1384.526 1379.76 1374.689 1368.905 1363.12 1357.336 1351.551 1345.274 1338.816 1332.357 1325.898 1319.399 1312.691 1305.983 1299.275 1292.567 1284.656 1275.914 1267.172 1258.431 1249.693 1241.175 1232.657 1224.138 1215.62 1206.562 1196.851 1187.141 1177.43 1167.72 1157.833 1147.922 1138.011 1128.1 1119.333 1113.064 1106.796
1529.768 1532.164 1534.761 1537.359 1539.957 1541.429 1536.315 1531.202 1526.089 1520.976 1514.204 1506.214 1498.225 1490.235 1482.241 1473.711 1465.18 1456.65 1448.12 1439.929 1432.174 1424.419 1416.664 1408.909 1403.83 1399.155 1394.48 1389.804 1384.745 1378.784 1372.823 1366.862 1360.901 1354.226 1347.286 1340.346 1333.406 1326.308 1318.382 1310.455 1302.529 1294.603 1285.484 1275.539 1265.595 1255.651 1245.739 1237.253 1228.766 1220.28 1211.794 1202.869 1193.415 1183.961 1174.507 1165.053 1155.333 1145.577 1135.821 1126.065 1117.407 1111.15 1104.892
1545.455 1547.531 1549.492 1551.454 1553.416 1554.296 1548.846 1543.396 1537.946 1532.496 1525.403 1517.104 1508.804 1500.504 1492.202 1483.484 1474.767 1466.049 1457.332 1449.092 1441.466 1433.839 1426.212 1418.586 1413.602 1409.018 1404.433 1399.849 1394.8 1388.663 1382.526 1376.389 1370.252 1363.177 1355.757 1348.336 1340.915 1333.218 1324.073 1314.928 1305.784 1296.639 1286.311 1275.165 1264.018 1252.872 1241.784 1233.33 1224.876 1216.422 1207.967 1199.176 1189.979 1180.781 1171.584 1162.386 1152.833 1143.232 1133.631 1124.03 1115.482 1109.235 1102.988
1561.143 1562.897 1564.223 1565.549 1566.875 1567.163 1561.376 1555.59 1549.803 1544.017 1536.603 1527.993 1519.383 1510.774 1502.162 1493.258 1484.353 1475.449 1466.544 1458.255 1450.757 1443.259 1435.76 1428.262 1423.374 1418.881 1414.387 1409.894 1404.856 1398.542 1392.229 1385.915 1379.602 1372.129 1364.227 1356.326 1348.424 1340.127 1329.764 1319.401 1309.038 1298.675 1287.138 1274.79 1262.441 1250.092 1237.83 1229.407 1220.985 1212.563 1204.141 1195.483 1186.542 1177.601 1168.66 1159.719 1150.332 1140.886 1131.441 1121.995 1113.556 1107.32 1101.083
1576.831 1578.264 1578.954 1579.644 1580.334 1580.03 1573.907 1567.784 1561.661 1555.537 1547.802 1538.882 1529.963 1521.043 1512.123 1503.031 1493.939 1484.848 1475.756 1467.419 1460.049 1452.679 1445.309 1437.938 1433.146 1428.744 1424.341 1419.938 1414.911 1408.421 1401.932 1395.442 1388.952 1381.081 1372.698 1364.315 1355.932 1347.036 1335.455 1323.874 1312.293 1300.711 1287.966 1274.415 1260.864 1247.313 1233.875 1225.485 1217.095 1208.704 1200.314 1191.791 1183.106 1174.422 1165.737 1157.052 1147.832 1138.541 1129.25 1119.959 1111.63 1105.405 1099.179
1586.135 1587.633 1588.182 1588.731 1589.281 1588.813 1582.401 1575.989 1569.576 1563.164 1555.142 1545.939 1536.736 1527.533 1518.326 1508.573 1498.821 1489.068 1479.316 1470.476 1462.808 1455.139 1447.471 1439.802 1434.487 1429.528 1424.568 1419.609 1414.076 1407.199 1400.322 1393.445 1386.569 1378.38 1369.706 1361.032 1352.358 1343.096 1330.76 1318.423 1306.087 1293.751 1280.709 1267.177 1253.646 1240.114 1226.703 1218.688 1210.672 1202.656 1194.64 1186.445 1178.032 1169.62 1161.208 1152.796 1144.112 1135.391 1126.672 1117.952 1110.286 1104.924 1099.562
1595.345 1596.913 1597.329 1597.744 1598.16 1597.537 1590.836 1584.135 1577.434 1570.733 1562.426 1552.94 1543.453 1533.967 1524.474 1514.054 1503.633 1493.213 1482.792 1473.444 1465.471 1457.498 1449.525 1441.552 1435.704 1430.178 1424.653 1419.127 1413.08 1405.813 1398.546 1391.279 1384.013 1375.508 1366.545 1357.583 1348.62 1338.996 1325.912 1312.827 1299.743 1286.659 1273.333 1259.839 1246.344 1232.85 1219.484 1211.848 1204.212 1196.575 1188.939 1181.074 1172.935 1164.795 1156.655 1148.515 1140.373 1132.23 1124.087 1115.944 1108.949 1104.464 1099.978
1604.555 1606.193 1606.475 1606.758 1607.04 1606.26 1599.271 1592.281 1585.292 1578.302 1569.709 1559.94 1550.171 1540.401 1530.622 1519.534 1508.445 1497.357 1486.269 1476.411 1468.134 1459.856 1451.578 1443.301 1436.921 1430.829 1424.737 1418.645 1412.084 1404.427 1396.77 1389.114 1381.457 1372.636 1363.385 1354.134 1344.883 1334.896 1321.064 1307.231 1293.399 1279.567 1265.957 1252.5 1239.043 1225.586 1212.266 1205.009 1197.751 1190.495 1183.238 1175.704 1167.837 1159.97 1152.102 1144.235 1136.634 1129.068 1121.502 1113.937 1107.613 1104.004 1100.394
1613.765 1615.474 1615.622 1615.771 1615.919 1614.984 1607.705 1600.427 1593.149 1585.871 1576.993 1566.94 1556.888 1546.835 1536.77 1525.014 1513.257 1501.501 1489.745 1479.379 1470.797 1462.214 1453.632 1445.05 1438.138 1431.48 1424.821 1418.163 1411.089 1403.042 1394.995 1386.948 1378.901 1369.764 1360.224 1350.685 1341.145 1330.796 1316.216 1301.635 1287.055 1272.474 1258.581 1245.161 1231.742 1218.323 1205.047 1198.169 1191.291 1184.414 1177.536 1170.334 1162.739 1155.144 1147.55 1139.955 1132.895 1125.907 1118.918 1111.929 1106.276 1103.543 1100.811
1617.019 1618.914 1619.224 1619.534 1619.844 1619.061 1611.885 1604.708 1597.532 1590.356 1581.42 1571.194 1560.967 1550.74 1540.499 1528.319 1516.139 1503.958 1491.778 1481.037 1472.144 1463.25 1454.356 1445.462 1437.982 1430.715 1423.448 1416.181 1408.559 1400.106 1391.653 1383.199 1374.746 1365.284 1355.449 1345.614 1335.778 1325.173 1310.544 1295.915 1281.286 1266.657 1253.137 1240.385 1227.633 1214.88 1202.265 1195.743 1189.222 1182.7 1176.179 1169.336 1162.104 1154.873 1147.641 1140.409 1133.707 1127.075 1120.442 1113.81 1108.622 1106.591 1104.561
1612.531 1614.762 1615.617 1616.472 1617.328 1617.099 1610.532 1603.965 1597.397 1590.83 1582.134 1571.876 1561.617 1551.358 1541.085 1528.798 1516.51 1504.223 1491.936 1480.995 1471.78 1462.566 1453.351 1444.137 1436.039 1428.109 1420.18 1412.25 1404.036 1395.156 1386.275 1377.394 1368.513 1358.714 1348.574 1338.434 1328.294 1317.572 1303.803 1290.034 1276.265 1262.496 1250.207 1238.94 1227.673 1216.406 1205.25 1199.055 1192.859 1186.664 1180.469 1174.022 1167.271 1160.52 1153.769 1147.019 1140.434 1133.871 1127.308 1120.745 1115.754 1114.199 1112.644
1608.043 1610.611 1612.011 1613.411 1614.811 1615.137 1609.179 1603.221 1597.263 1591.305 1582.848 1572.557 1562.267 1551.976 1541.67 1529.276 1516.882 1504.488 1492.094 1480.952 1471.417 1461.882 1452.347 1442.812 1434.096 1425.504 1416.912 1408.32 1399.514 1390.205 1380.897 1371.589 1362.281 1352.143 1341.699 1331.254 1320.81 1309.97 1297.061 1284.153 1271.244 1258.336 1247.276 1237.495 1227.713 1217.932 1208.236 1202.367 1196.497 1190.628 1184.758 1178.707 1172.438 1166.168 1159.898 1153.628 1147.161 1140.667 1134.174 1127.68 1122.886 1121.807 1120.727
1603.555 1606.459 1608.404 1610.349 1612.294 1613.175 1607.826 1602.477 1597.128 1591.779 1583.562 1573.24 1562.917 1552.594 1542.255 1529.754 1517.253 1504.752 1492.251 1480.909 1471.053 1461.198 1451.342 1441.486 1432.153 1422.898 1413.644 1404.389 1394.991 1385.255 1375.519 1365.784 1356.048 1345.573 1334.824 1324.075 1313.326 1302.368 1290.32 1278.271 1266.223 1254.175 1244.346 1236.05 1227.754 1219.458 1211.222 1205.678 1200.135 1194.591 1189.048 1183.393 1177.604 1171.815 1166.026 1160.238 1153.888 1147.464 1141.04 1134.616 1130.018 1129.415 1128.811
1599.067 1602.308 1604.798 1607.288 1609.778 1611.212 1606.473 1601.733 1596.994 1592.254 1584.276 1573.921 1563.567 1553.212 1542.84 1530.233 1517.625 1505.017 1492.409 1480.866 1470.69 1460.514 1450.338 1440.161 1430.21 1420.293 1410.376 1400.459 1390.468 1380.305 1370.142 1359.979 1349.815 1339.002 1327.949 1316.895 1305.842 1294.766 1283.578 1272.39 1261.203 1250.015 1241.415 1234.604 1227.794 1220.983 1214.208 1208.99 1203.773 1198.555 1193.338 1188.079 1182.771 1177.463 1172.155 1166.847 1160.615 1154.26 1147.906 1141.551 1137.151 1137.022 1136.894
1584.1 1587.729 1591.033 1594.337 1597.642 1599.993 1596.77 1593.546 1590.323 1587.099 1580.064 1570.23 1560.395 1550.561 1540.709 1528.515 1516.319 1504.124 1491.929 1480.528 1470.144 1459.761 1449.377 1438.994 1428.703 1418.425 1408.148 1397.87 1387.704 1377.799 1367.893 1357.987 1348.082 1337.733 1327.22 1316.708 1306.195 1295.733 1285.533 1275.333 1265.133 1254.932 1247.266 1241.35 1235.435 1229.519 1223.616 1218.285 1212.955 1207.624 1202.293 1196.88 1191.368 1185.856 1180.344 1174.832 1168.82 1162.743 1156.666 1150.589 1146.507 1146.788 1147.069
1567.759 1571.782 1575.936 1580.09 1584.244 1587.56 1585.971 1584.383 1582.795 1581.207 1575.205 1565.964 1556.723 1547.482 1538.223 1526.509 1514.794 1503.08 1491.366 1480.151 1469.575 1458.999 1448.423 1437.847 1427.252 1416.654 1406.056 1395.458 1385.171 1375.613 1366.055 1356.496 1346.938 1337.159 1327.298 1317.438 1307.577 1297.823 1288.628 1279.432 1270.236 1261.041 1254.268 1249.17 1244.072 1238.974 1233.867 1228.365 1222.864 1217.362 1211.86 1206.22 1200.414 1194.608 1188.802 1182.997 1177.22 1171.447 1165.675 1159.902 1156.155 1156.837 1157.519
1551.417 1555.836 1560.839 1565.843 1570.847 1575.126 1575.173 1575.22 1575.267 1575.314 1570.347 1561.699 1553.051 1544.403 1535.736 1524.503 1513.269 1502.036 1490.803 1479.773 1469.005 1458.237 1447.469 1436.7 1425.801 1414.883 1403.964 1393.046 1382.638 1373.427 1364.216 1355.005 1345.794 1336.585 1327.376 1318.167 1308.959 1299.913 1291.723 1283.531 1275.34 1267.15 1261.271 1256.99 1252.71 1248.429 1244.118 1238.445 1232.773 1227.1 1221.427 1215.561 1209.461 1203.361 1197.261 1191.161 1185.62 1180.151 1174.683 1169.215 1165.803 1166.886 1167.969
1535.076 1539.89 1545.743 1551.596 1557.449 1562.693 1564.375 1566.057 1567.739 1569.421 1565.488 1557.433 1549.378 1541.323 1533.249 1522.496 1511.744 1500.992 1490.24 1479.396 1468.435 1457.475 1446.514 1435.553 1424.351 1413.112 1401.873 1390.633 1380.105 1371.241 1362.378 1353.514 1344.65 1336.011 1327.454 1318.897 1310.34 1302.004 1294.817 1287.631 1280.444 1273.258 1268.273 1264.81 1261.347 1257.884 1254.369 1248.525 1242.682 1236.838 1230.994 1224.901 1218.507 1212.114 1205.72 1199.326 1194.019 1188.856 1183.692 1178.528 1175.451 1176.935 1178.418
1519.819 1524.823 1531.152 1537.48 1543.809 1549.672 1552.809 1555.946 1559.083 1562.221 1559.393 1552.186 1544.979 1537.771 1530.543 1520.432 1510.321 1500.21 1490.099 1479.648 1468.76 1457.873 1446.985 1436.097 1424.846 1413.539 1402.232 1390.925 1380.473 1372.023 1363.572 1355.122 1346.671 1338.609 1330.689 1322.77 1314.851 1307.163 1300.678 1294.193 1287.708 1281.224 1276.787 1273.766 1270.745 1267.723 1264.636 1258.582 1252.528 1246.474 1240.42 1234.054 1227.311 1220.568 1213.825 1207.083 1202.063 1197.272 1192.481 1187.689 1185.035 1187.053 1189.071
1506.729 1511.517 1517.573 1523.629 1529.685 1535.475 1539.708 1543.94 1548.173 1552.406 1550.824 1544.974 1539.124 1533.274 1527.4 1518.251 1509.102 1499.953 1490.803 1481.157 1470.874 1460.59 1450.306 1440.022 1429.23 1418.362 1407.493 1396.624 1386.643 1378.737 1370.832 1362.926 1355.021 1347.55 1340.24 1332.93 1325.62 1318.458 1312.07 1305.681 1299.293 1292.904 1288.324 1284.992 1281.661 1278.33 1274.933 1268.59 1262.248 1255.905 1249.563 1242.831 1235.629 1228.426 1221.224 1214.022 1209.397 1205.113 1200.83 1196.546 1194.492 1197.311 1200.131
1493.638 1498.21 1503.994 1509.777 1515.561 1521.278 1526.606 1531.935 1537.263 1542.591 1542.256 1537.763 1533.27 1528.777 1524.258 1516.07 1507.883 1499.695 1491.508 1482.667 1472.987 1463.307 1453.627 1443.947 1433.615 1423.185 1412.754 1402.324 1392.812 1385.452 1378.091 1370.731 1363.37 1356.491 1349.79 1343.09 1336.389 1329.754 1323.462 1317.169 1310.877 1304.585 1299.86 1296.219 1292.578 1288.937 1285.23 1278.599 1271.968 1265.337 1258.706 1251.608 1243.946 1236.284 1228.622 1220.961 1216.731 1212.955 1209.178 1205.402 1203.948 1207.569 1211.19
1480.548 1484.904 1490.415 1495.926 1501.437 1507.081 1513.505 1519.929 1526.352 1532.776 1533.687 1530.552 1527.416 1524.281 1521.115 1513.89 1506.664 1499.438 1492.213 1484.177 1475.1 1466.024 1456.948 1447.872 1438.0 1428.008 1418.016 1408.023 1398.981 1392.166 1385.351 1378.535 1371.72 1365.433 1359.341 1353.25 1347.158 1341.05 1334.854 1328.657 1322.461 1316.265 1311.396 1307.446 1303.495 1299.544 1295.528 1288.608 1281.688 1274.769 1267.849 1260.385 1252.264 1244.142 1236.021 1227.9 1224.064 1220.796 1217.527 1214.259 1213.404 1217.827 1222.25
1467.458 1471.597 1476.836 1482.074 1487.313 1492.885 1500.404 1507.923 1515.442 1522.961 1525.119 1523.34 1521.562 1519.783 1517.972 1511.709 1505.445 1499.181 1492.917 1485.686 1477.214 1468.742 1460.269 1451.797 1442.385 1432.831 1423.277 1413.722 1405.151 1398.88 1392.61 1386.34 1380.069 1374.374 1368.892 1363.409 1357.927 1352.345 1346.246 1340.146 1334.046 1327.946 1322.933 1318.672 1314.411 1310.15 1305.825 1298.617 1291.408 1284.2 1276.992 1269.162 1260.581 1252.0 1243.42 1234.839 1231.398 1228.637 1225.876 1223.115 1222.861 1228.085 1233.309
1454.809 1459.245 1464.662 1470.08 1475.498 1481.284 1489.225 1497.166 1505.108 1513.049 1516.086 1515.523 1514.959 1514.396 1513.8 1508.774 1503.748 1498.722 1493.696 1487.604 1480.146 1472.687 1465.229 1457.77 1448.778 1439.553 1430.328 1421.103 1412.867 1406.945 1401.023 1395.101 1389.179 1383.879 1378.809 1373.74 1368.67 1363.509 1357.874 1352.238 1346.602 1340.966 1335.824 1331.023 1326.223 1321.422 1316.56 1308.997 1301.433 1293.869 1286.305 1278.202 1269.446 1260.69 1251.934 1243.178 1240.095 1237.762 1235.429 1233.096 1233.237 1238.786 1244.336
1442.283 1447.157 1452.879 1458.601 1464.324 1470.404 1478.58 1486.757 1494.933 1503.11 1506.924 1507.536 1508.148 1508.761 1509.341 1505.63 1501.918 1498.207 1494.495 1489.636 1483.305 1476.974 1470.643 1464.312 1455.728 1446.802 1437.876 1428.951 1421.012 1415.384 1409.756 1404.128 1398.5 1393.541 1388.829 1384.117 1379.405 1374.636 1369.567 1364.497 1359.428 1354.359 1349.091 1343.687 1338.282 1332.878 1327.417 1319.48 1311.542 1303.604 1295.666 1287.314 1278.462 1269.61 1260.758 1251.905 1249.17 1247.243 1245.317 1243.39 1243.87 1249.611 1255.353
1429.756 1435.069 1441.096 1447.122 1453.149 1459.524 1467.936 1476.347 1484.759 1493.171 1497.762 1499.55 1501.338 1503.125 1504.883 1502.486 1500.089 1497.691 1495.294 1491.668 1486.465 1481.261 1476.058 1470.854 1462.677 1454.051 1445.425 1436.798 1429.157 1423.823 1418.489 1413.155 1407.82 1403.202 1398.848 1394.495 1390.141 1385.763 1381.26 1376.757 1372.254 1367.751 1362.359 1356.35 1350.342 1344.333 1338.275 1329.963 1321.651 1313.339 1305.027 1296.427 1287.479 1278.53 1269.582 1260.633 1258.245 1256.725 1255.204 1253.683 1254.502 1260.436 1266.37
1417.23 1422.981 1429.313 1435.644 1441.975 1448.645 1457.291 1465.938 1474.585 1483.231 1488.601 1491.564 1494.527 1497.49 1500.424 1499.342 1498.259 1497.176 1496.094 1493.7 1489.624 1485.548 1481.472 1477.396 1469.627 1461.3 1452.973 1444.646 1437.303 1432.262 1427.222 1422.182 1417.141 1412.864 1408.868 1404.872 1400.877 1396.891 1392.954 1389.017 1385.081 1381.144 1375.626 1369.014 1362.401 1355.789 1349.132 1340.446 1331.76 1323.074 1314.388 1305.539 1296.495 1287.45 1278.406 1269.361 1267.32 1266.206 1265.091 1263.977 1265.135 1271.261 1277.387
