data/zism_data/00766_03_D.txt
ncols         224
nrows         224
[rows 196 to 223 of 224, columns 126 to 188 of 224]
1546.531 1546.51 1546.51 1546.51 1546.51 1546.538 1546.646 1546.754 1546.862 1546.97 1547.072 1547.172 1547.272 1547.372 1547.467 1547.54 1547.614 1547.687 1547.761 1547.89 1548.05 1548.209 1548.369 1548.51 1548.51 1548.51 1548.51 1548.51 1548.502 1548.49 1548.477 1548.465 1548.452 1548.427 1548.402 1548.377 1548.352 1548.395 1548.505 1548.614 1548.724 1548.833 1548.896 1548.957 1549.018 1549.079 1549.151 1549.239 1549.326 1549.413 1549.501 1549.607 1549.715 1549.823 1549.931 1550.0 1550.0 1550.0 1550.0 1550.0 1550.0 1550.0 1550.0
1546.741 1546.729 1546.729 1546.729 1546.729 1546.745 1546.805 1546.864 1546.924 1546.984 1547.104 1547.246 1547.389 1547.532 1547.662 1547.736 1547.809 1547.883 1547.956 1548.089 1548.254 1548.419 1548.584 1548.729 1548.729 1548.729 1548.729 1548.729 1548.719 1548.701 1548.683 1548.665 1548.647 1548.611 1548.575 1548.54 1548.504 1548.534 1548.627 1548.72 1548.814 1548.907 1548.964 1549.019 1549.075 1549.131 1549.216 1549.342 1549.467 1549.592 1549.717 1549.783 1549.843 1549.902 1549.962 1550.0 1550.0 1550.0 1550.0 1550.0 1550.0 1550.0 1550.0
1546.951 1546.949 1546.949 1546.949 1546.949 1546.952 1546.963 1546.974 1546.986 1546.997 1547.135 1547.321 1547.507 1547.693 1547.857 1547.931 1548.004 1548.078 1548.151 1548.288 1548.458 1548.628 1548.799 1548.949 1548.949 1548.949 1548.949 1548.949 1548.936 1548.912 1548.889 1548.866 1548.842 1548.795 1548.749 1548.702 1548.656 1548.672 1548.749 1548.826 1548.904 1548.981 1549.032 1549.082 1549.132 1549.183 1549.282 1549.444 1549.607 1549.77 1549.932 1549.959 1549.97 1549.982 1549.993 1550.0 1550.0 1550.0 1550.0 1550.0 1550.0 1550.0 1550.0
1547.169 1547.169 1547.169 1547.169 1547.169 1547.169 1547.169 1547.169 1547.169 1547.169 1547.293 1547.464 1547.635 1547.806 1547.962 1548.052 1548.142 1548.232 1548.322 1548.447 1548.589 1548.732 1548.874 1549.001 1549.014 1549.026 1549.039 1549.051 1549.037 1549.005 1548.972 1548.939 1548.906 1548.865 1548.824 1548.784 1548.743 1548.758 1548.827 1548.897 1548.966 1549.036 1549.105 1549.175 1549.245 1549.314 1549.416 1549.558 1549.701 1549.843 1549.986 1550.0 1550.0 1550.0 1550.0 1550.005 1550.017 1550.029 1550.042 1550.054 1550.077 1550.102 1550.126
1547.389 1547.389 1547.389 1547.389 1547.389 1547.389 1547.389 1547.389 1547.389 1547.389 1547.489 1547.628 1547.767 1547.906 1548.039 1548.151 1548.263 1548.374 1548.486 1548.593 1548.698 1548.802 1548.907 1549.003 1549.032 1549.06 1549.089 1549.118 1549.104 1549.061 1549.017 1548.974 1548.931 1548.901 1548.871 1548.841 1548.811 1548.829 1548.893 1548.957 1549.021 1549.084 1549.18 1549.277 1549.373 1549.47 1549.57 1549.675 1549.78 1549.885 1549.989 1550.0 1550.0 1550.0 1550.0 1550.01 1550.039 1550.068 1550.096 1550.125 1550.177 1550.234 1550.291
1547.608 1547.608 1547.608 1547.608 1547.608 1547.608 1547.608 1547.608 1547.608 1547.608 1547.686 1547.792 1547.899 1548.005 1548.117 1548.25 1548.383 1548.516 1548.649 1548.739 1548.806 1548.873 1548.941 1549.005 1549.05 1549.095 1549.139 1549.184 1549.171 1549.117 1549.063 1549.008 1548.956 1548.936 1548.917 1548.898 1548.879 1548.899 1548.958 1549.016 1549.075 1549.133 1549.255 1549.379 1549.502 1549.626 1549.725 1549.792 1549.859 1549.926 1549.993 1550.0 1550.0 1550.0 1550.0 1550.016 1550.061 1550.106 1550.15 1550.195 1550.277 1550.366 1550.455
1547.828 1547.828 1547.828 1547.828 1547.828 1547.828 1547.828 1547.828 1547.828 1547.828 1547.882 1547.956 1548.03 1548.105 1548.194 1548.349 1548.503 1548.658 1548.813 1548.885 1548.915 1548.944 1548.974 1549.007 1549.068 1549.129 1549.19 1549.25 1549.238 1549.173 1549.108 1549.043 1548.981 1548.972 1548.964 1548.955 1548.947 1548.97 1549.023 1549.076 1549.129 1549.182 1549.33 1549.48 1549.631 1549.781 1549.879 1549.909 1549.938 1549.968 1549.997 1550.0 1550.0 1550.0 1550.0 1550.022 1550.083 1550.144 1550.205 1550.266 1550.377 1550.498 1550.62
1548.002 1548.0 1548.0 1548.0 1548.0 1548.003 1548.013 1548.024 1548.034 1548.045 1548.082 1548.128 1548.175 1548.221 1548.29 1548.453 1548.617 1548.78 1548.943 1549.007 1549.017 1549.028 1549.038 1549.056 1549.126 1549.196 1549.266 1549.336 1549.319 1549.238 1549.157 1549.077 1549.0 1549.0 1549.0 1549.0 1549.0 1549.027 1549.081 1549.135 1549.188 1549.242 1549.405 1549.572 1549.739 1549.906 1550.0 1550.0 1550.0 1550.0 1550.0 1550.006 1550.013 1550.02 1550.027 1550.058 1550.132 1550.205 1550.279 1550.352 1550.481 1550.621 1550.761
1548.012 1548.0 1548.0 1548.0 1548.0 1548.015 1548.074 1548.133 1548.192 1548.251 1548.293 1548.329 1548.365 1548.401 1548.454 1548.579 1548.705 1548.831 1548.956 1549.038 1549.097 1549.156 1549.215 1549.274 1549.328 1549.381 1549.435 1549.489 1549.446 1549.333 1549.221 1549.108 1549.0 1549.0 1549.0 1549.0 1549.0 1549.038 1549.113 1549.188 1549.264 1549.339 1549.482 1549.627 1549.773 1549.918 1550.0 1550.0 1550.0 1550.0 1550.0 1550.035 1550.075 1550.114 1550.153 1550.205 1550.278 1550.352 1550.425 1550.499 1550.601 1550.708 1550.816
1548.022 1548.0 1548.0 1548.0 1548.0 1548.028 1548.135 1548.243 1548.35 1548.458 1548.505 1548.531 1548.556 1548.581 1548.618 1548.706 1548.794 1548.881 1548.969 1549.07 1549.177 1549.285 1549.392 1549.492 1549.529 1549.567 1549.605 1549.642 1549.574 1549.429 1549.284 1549.139 1549.0 1549.0 1549.0 1549.0 1549.0 1549.049 1549.146 1549.243 1549.339 1549.436 1549.559 1549.683 1549.806 1549.93 1550.0 1550.0 1550.0 1550.0 1550.0 1550.064 1550.136 1550.208 1550.279 1550.351 1550.425 1550.498 1550.572 1550.645 1550.72 1550.796 1550.871
1548.032 1548.0 1548.0 1548.0 1548.0 1548.041 1548.197 1548.352 1548.508 1548.664 1548.717 1548.732 1548.746 1548.76 1548.782 1548.832 1548.882 1548.932 1548.983 1549.102 1549.257 1549.413 1549.569 1549.709 1549.731 1549.753 1549.774 1549.796 1549.702 1549.524 1549.347 1549.17 1549.0 1549.0 1549.0 1549.0 1549.0 1549.06 1549.178 1549.297 1549.415 1549.533 1549.636 1549.738 1549.84 1549.942 1550.0 1550.0 1550.0 1550.0 1550.0 1550.093 1550.197 1550.301 1550.405 1550.498 1550.571 1550.645 1550.718 1550.792 1550.84 1550.883 1550.926
1548.042 1548.0 1548.0 1548.0 1548.0 1548.053 1548.258 1548.462 1548.666 1548.87 1548.929 1548.933 1548.937 1548.94 1548.945 1548.958 1548.97 1548.983 1548.996 1549.133 1549.338 1549.542 1549.746 1549.927 1549.933 1549.938 1549.943 1549.949 1549.83 1549.62 1549.41 1549.201 1549.0 1549.0 1549.0 1549.0 1549.0 1549.071 1549.211 1549.35 1549.49 1549.63 1549.712 1549.793 1549.874 1549.954 1550.0 1550.0 1550.0 1550.0 1550.0 1550.122 1550.259 1550.395 1550.531 1550.644 1550.718 1550.791 1550.865 1550.938 1550.96 1550.971 1550.982
1548.154 1548.114 1548.114 1548.114 1548.114 1548.165 1548.36 1548.556 1548.751 1548.946 1549.0 1549.0 1549.0 1549.0 1549.002 1549.013 1549.024 1549.034 1549.045 1549.186 1549.395 1549.605 1549.815 1550.0 1550.0 1550.0 1550.0 1550.0 1549.88 1549.674 1549.468 1549.262 1549.065 1549.073 1549.08 1549.087 1549.094 1549.165 1549.297 1549.43 1549.563 1549.695 1549.771 1549.844 1549.917 1549.991 1550.039 1550.053 1550.068 1550.082 1550.096 1550.233 1550.383 1550.534 1550.685 1550.807 1550.881 1550.954 1551.028 1551.101 1551.12 1551.127 1551.134
1548.317 1548.285 1548.285 1548.285 1548.285 1548.326 1548.484 1548.641 1548.799 1548.957 1549.0 1549.0 1549.0 1549.0 1549.005 1549.032 1549.059 1549.086 1549.113 1549.248 1549.442 1549.635 1549.829 1550.0 1550.0 1550.0 1550.0 1550.0 1549.893 1549.708 1549.524 1549.339 1549.164 1549.182 1549.199 1549.217 1549.235 1549.301 1549.412 1549.523 1549.634 1549.745 1549.819 1549.893 1549.966 1550.04 1550.097 1550.133 1550.169 1550.205 1550.24 1550.384 1550.54 1550.696 1550.852 1550.978 1551.052 1551.125 1551.199 1551.272 1551.3 1551.318 1551.336
1548.48 1548.456 1548.456 1548.456 1548.456 1548.487 1548.607 1548.727 1548.847 1548.967 1549.0 1549.0 1549.0 1549.0 1549.008 1549.051 1549.094 1549.137 1549.18 1549.311 1549.488 1549.666 1549.843 1550.0 1550.0 1550.0 1550.0 1550.0 1549.906 1549.742 1549.579 1549.416 1549.262 1549.29 1549.319 1549.348 1549.376 1549.436 1549.526 1549.615 1549.705 1549.794 1549.868 1549.942 1550.015 1550.089 1550.155 1550.213 1550.27 1550.327 1550.385 1550.536 1550.697 1550.858 1551.02 1551.149 1551.223 1551.296 1551.37 1551.443 1551.479 1551.508 1551.537
1548.643 1548.627 1548.627 1548.627 1548.627 1548.648 1548.73 1548.813 1548.895 1548.977 1549.0 1549.0 1549.0 1549.0 1549.011 1549.07 1549.13 1549.189 1549.248 1549.374 1549.535 1549.696 1549.857 1550.0 1550.0 1550.0 1550.0 1550.0 1549.918 1549.776 1549.635 1549.493 1549.36 1549.399 1549.439 1549.478 1549.518 1549.572 1549.64 1549.708 1549.776 1549.844 1549.917 1549.991 1550.064 1550.138 1550.213 1550.292 1550.371 1550.45 1550.529 1550.687 1550.854 1551.02 1551.187 1551.32 1551.393 1551.467 1551.54 1551.614 1551.659 1551.699 1551.738
1548.793 1548.783 1548.783 1548.783 1548.783 1548.796 1548.844 1548.891 1548.939 1548.987 1549.0 1549.0 1549.0 1549.0 1549.014 1549.086 1549.158 1549.23 1549.303 1549.424 1549.573 1549.721 1549.869 1550.0 1550.0 1550.0 1550.0 1550.0 1549.931 1549.812 1549.692 1549.573 1549.461 1549.508 1549.556 1549.604 1549.652 1549.7 1549.75 1549.8 1549.849 1549.899 1549.975 1550.052 1550.13 1550.207 1550.294 1550.393 1550.492 1550.591 1550.691 1550.852 1551.021 1551.19 1551.359 1551.494 1551.566 1551.639 1551.712 1551.785 1551.839 1551.889 1551.94
1548.84 1548.832 1548.832 1548.832 1548.832 1548.842 1548.879 1548.916 1548.953 1548.99 1549.0 1549.0 1549.0 1549.0 1549.012 1549.073 1549.135 1549.196 1549.257 1549.383 1549.542 1549.7 1549.859 1550.0 1550.0 1550.0 1550.0 1550.0 1549.946 1549.854 1549.762 1549.669 1549.582 1549.619 1549.656 1549.693 1549.73 1549.776 1549.831 1549.886 1549.941 1549.996 1550.104 1550.214 1550.323 1550.433 1550.543 1550.653 1550.762 1550.872 1550.982 1551.126 1551.274 1551.421 1551.568 1551.687 1551.754 1551.822 1551.889 1551.957 1552.019 1552.08 1552.141
1548.886 1548.881 1548.881 1548.881 1548.881 1548.888 1548.914 1548.94 1548.967 1548.993 1549.0 1549.0 1549.0 1549.0 1549.01 1549.06 1549.111 1549.162 1549.212 1549.341 1549.51 1549.68 1549.85 1550.0 1550.0 1550.0 1550.0 1550.0 1549.962 1549.896 1549.831 1549.766 1549.704 1549.73 1549.756 1549.782 1549.809 1549.852 1549.913 1549.973 1550.033 1550.094 1550.233 1550.375 1550.517 1550.659 1550.791 1550.912 1551.033 1551.154 1551.274 1551.4 1551.526 1551.652 1551.777 1551.88 1551.942 1552.005 1552.067 1552.129 1552.199 1552.271 1552.342
1548.933 1548.93 1548.93 1548.93 1548.93 1548.934 1548.949 1548.965 1548.98 1548.996 1549.0 1549.0 1549.0 1549.0 1549.008 1549.047 1549.087 1549.127 1549.167 1549.299 1549.479 1549.66 1549.84 1550.0 1550.0 1550.0 1550.0 1550.0 1549.978 1549.939 1549.9 1549.862 1549.826 1549.841 1549.856 1549.872 1549.887 1549.928 1549.994 1550.06 1550.126 1550.191 1550.362 1550.536 1550.711 1550.885 1551.04 1551.172 1551.303 1551.435 1551.566 1551.673 1551.778 1551.882 1551.987 1552.074 1552.13 1552.187 1552.244 1552.301 1552.379 1552.461 1552.544
1548.98 1548.979 1548.979 1548.979 1548.979 1548.98 1548.985 1548.989 1548.994 1548.999 1549.0 1549.0 1549.0 1549.0 1549.005 1549.035 1549.064 1549.093 1549.122 1549.257 1549.448 1549.64 1549.831 1550.0 1550.0 1550.0 1550.0 1550.0 1549.993 1549.982 1549.97 1549.958 1549.947 1549.952 1549.957 1549.961 1549.966 1550.004 1550.075 1550.146 1550.218 1550.289 1550.491 1550.698 1550.904 1551.111 1551.289 1551.431 1551.574 1551.716 1551.858 1551.947 1552.03 1552.113 1552.196 1552.267 1552.318 1552.37 1552.421 1552.472 1552.558 1552.652 1552.745
1549.0 1549.0 1549.0 1549.0 1549.0 1549.0 1549.0 1549.0 1549.0 1549.0 1549.0 1549.0 1549.0 1549.0 1549.009 1549.058 1549.107 1549.156 1549.204 1549.351 1549.55 1549.749 1549.948 1550.124 1550.124 1550.124 1550.124 1550.124 1550.124 1550.124 1550.124 1550.124 1550.124 1550.124 1550.124 1550.124 1550.124 1550.171 1550.262 1550.354 1550.446 1550.538 1550.737 1550.939 1551.141 1551.343 1551.521 1551.668 1551.815 1551.962 1552.109 1552.182 1552.246 1552.311 1552.375 1552.442 1552.512 1552.582 1552.652 1552.723 1552.806 1552.892 1552.977
1549.0 1549.0 1549.0 1549.0 1549.0 1549.0 1549.0 1549.0 1549.0 1549.0 1549.0 1549.0 1549.0 1549.0 1549.017 1549.109 1549.201 1549.293 1549.385 1549.55 1549.755 1549.959 1550.163 1550.344 1550.344 1550.344 1550.344 1550.344 1550.344 1550.344 1550.344 1550.344 1550.344 1550.344 1550.344 1550.344 1550.344 1550.407 1550.531 1550.655 1550.779 1550.903 1551.072 1551.241 1551.411 1551.581 1551.741 1551.888 1552.035 1552.182 1552.329 1552.387 1552.435 1552.484 1552.532 1552.602 1552.71 1552.818 1552.926 1553.034 1553.105 1553.17 1553.234
1549.0 1549.0 1549.0 1549.0 1549.0 1549.0 1549.0 1549.0 1549.0 1549.0 1549.0 1549.0 1549.0 1549.0 1549.025 1549.16 1549.295 1549.43 1549.565 1549.749 1549.959 1550.168 1550.378 1550.564 1550.564 1550.564 1550.564 1550.564 1550.564 1550.564 1550.564 1550.564 1550.564 1550.564 1550.564 1550.564 1550.564 1550.643 1550.799 1550.956 1551.112 1551.268 1551.406 1551.544 1551.682 1551.819 1551.961 1552.108 1552.255 1552.402 1552.549 1552.593 1552.625 1552.657 1552.689 1552.762 1552.908 1553.053 1553.199 1553.344 1553.405 1553.448 1553.491
1549.0 1549.0 1549.0 1549.0 1549.0 1549.0 1549.0 1549.0 1549.0 1549.0 1549.0 1549.0 1549.0 1549.0 1549.034 1549.212 1549.39 1549.568 1549.746 1549.948 1550.163 1550.378 1550.593 1550.783 1550.783 1550.783 1550.783 1550.783 1550.783 1550.783 1550.783 1550.783 1550.783 1550.783 1550.783 1550.783 1550.783 1550.879 1551.068 1551.256 1551.445 1551.634 1551.741 1551.847 1551.952 1552.057 1552.181 1552.328 1552.475 1552.622 1552.769 1552.798 1552.814 1552.83 1552.845 1552.922 1553.105 1553.289 1553.472 1553.655 1553.705 1553.726 1553.747
1549.0 1549.0 1549.0 1549.0 1549.0 1549.0 1549.001 1549.001 1549.002 1549.002 1549.002 1549.003 1549.003 1549.004 1549.046 1549.266 1549.486 1549.706 1549.927 1550.147 1550.368 1550.589 1550.81 1551.005 1551.006 1551.006 1551.007 1551.007 1551.008 1551.008 1551.008 1551.008 1551.009 1551.009 1551.009 1551.009 1551.009 1551.12 1551.34 1551.559 1551.779 1551.999 1552.076 1552.15 1552.223 1552.296 1552.401 1552.548 1552.695 1552.842 1552.988 1553.003 1553.004 1553.004 1553.004 1553.084 1553.304 1553.524 1553.744 1553.964 1554.002 1554.001 1554.001
1549.0 1549.0 1549.0 1549.0 1549.0 1549.009 1549.041 1549.074 1549.107 1549.14 1549.172 1549.205 1549.238 1549.271 1549.336 1549.54 1549.744 1549.948 1550.152 1550.388 1550.641 1550.895 1551.148 1551.375 1551.408 1551.441 1551.474 1551.506 1551.53 1551.546 1551.562 1551.579 1551.594 1551.594 1551.594 1551.594 1551.594 1551.681 1551.853 1552.024 1552.195 1552.367 1552.427 1552.484 1552.541 1552.598 1552.687 1552.818 1552.948 1553.079 1553.21 1553.243 1553.264 1553.286 1553.308 1553.388 1553.57 1553.752 1553.935 1554.117 1554.122 1554.089 1554.056
1549.0 1549.0 1549.0 1549.0 1549.0 1549.017 1549.082 1549.147 1549.212 1549.277 1549.342 1549.407 1549.472 1549.537 1549.626 1549.813 1550.001 1550.189 1550.377 1550.629 1550.914 1551.2 1551.485 1551.745 1551.81 1551.875 1551.94 1552.005 1552.052 1552.084 1552.117 1552.149 1552.18 1552.18 1552.18 1552.18 1552.18 1552.243 1552.366 1552.489 1552.611 1552.734 1552.778 1552.818 1552.859 1552.9 1552.973 1553.088 1553.202 1553.317 1553.431 1553.482 1553.525 1553.568 1553.612 1553.692 1553.836 1553.981 1554.125 1554.27 1554.241 1554.176 1554.111
