data/zism_data/00763_03_D.txt
ncols         224
nrows         224
[rows 84 to 111 of 224, columns 63 to 125 of 224]
1299.543 1299.638 1299.733 1299.828 1299.923 1299.823 1299.664 1299.504 1299.345 1298.723 1296.564 1294.406 1292.248 1290.089 1284.072 1276.366 1268.661 1260.955 1253.323 1246.076 1238.828 1231.581 1224.334 1218.901 1214.564 1210.227 1205.891 1202.284 1206.345 1210.407 1214.469 1218.53 1225.399 1234.558 1243.718 1252.877 1261.914 1262.616 1263.318 1264.019 1264.721 1264.818 1264.254 1263.69 1263.126 1262.562 1262.614 1262.705 1262.795 1262.885 1264.059 1266.819 1269.578 1272.338 1275.098 1277.175 1279.15 1281.125 1283.1 1284.896 1286.331 1287.767 1289.203
1300.267 1300.282 1300.297 1300.312 1300.326 1300.126 1299.861 1299.595 1299.33 1298.614 1296.405 1294.196 1291.987 1289.778 1284.058 1276.802 1269.547 1262.291 1255.091 1248.185 1241.278 1234.372 1227.465 1222.14 1217.77 1213.401 1209.031 1205.491 1210.659 1215.828 1220.996 1226.165 1233.496 1242.593 1251.689 1260.785 1269.755 1270.093 1270.431 1270.769 1271.107 1270.743 1269.614 1268.485 1267.355 1266.226 1265.949 1265.725 1265.501 1265.277 1266.242 1268.948 1271.655 1274.361 1277.068 1279.106 1281.045 1282.983 1284.922 1286.611 1287.804 1288.997 1290.19
1300.971 1300.883 1300.795 1300.707 1300.62 1300.283 1299.872 1299.461 1299.05 1298.186 1295.82 1293.455 1291.089 1288.723 1283.35 1276.662 1269.973 1263.284 1256.633 1250.18 1243.727 1237.275 1230.822 1225.697 1221.376 1217.055 1212.734 1209.341 1215.687 1222.032 1228.378 1234.723 1242.391 1251.136 1259.881 1268.626 1277.245 1277.276 1277.306 1277.336 1277.367 1276.61 1274.995 1273.379 1271.764 1270.149 1269.641 1269.2 1268.76 1268.32 1269.126 1271.757 1274.388 1277.018 1279.649 1281.603 1283.455 1285.307 1287.159 1288.698 1289.61 1290.522 1291.434
1301.675 1301.484 1301.294 1301.103 1300.913 1300.441 1299.884 1299.327 1298.77 1297.758 1295.235 1292.713 1290.191 1287.669 1282.642 1276.521 1270.399 1264.277 1258.175 1252.176 1246.177 1240.177 1234.178 1229.255 1224.982 1220.71 1216.438 1213.191 1220.714 1228.236 1235.759 1243.282 1251.285 1259.679 1268.073 1276.468 1284.736 1284.459 1284.181 1283.904 1283.626 1282.476 1280.375 1278.274 1276.173 1274.072 1273.332 1272.675 1272.019 1271.363 1272.01 1274.565 1277.12 1279.676 1282.231 1284.1 1285.865 1287.631 1289.397 1290.784 1291.415 1292.047 1292.678
1302.378 1302.085 1301.792 1301.499 1301.206 1300.598 1299.896 1299.193 1298.49 1297.33 1294.651 1291.972 1289.293 1286.614 1281.935 1276.38 1270.825 1265.271 1259.717 1254.171 1248.626 1243.08 1237.534 1232.812 1228.588 1224.365 1220.141 1217.041 1225.741 1234.441 1243.141 1251.84 1260.179 1268.222 1276.265 1284.309 1292.227 1291.642 1291.056 1290.471 1289.886 1288.343 1285.756 1283.169 1280.582 1277.994 1277.023 1276.151 1275.278 1274.406 1274.894 1277.374 1279.854 1282.333 1284.813 1286.597 1288.276 1289.955 1291.634 1292.87 1293.221 1293.571 1293.922
1302.883 1302.497 1302.112 1301.727 1301.342 1300.59 1299.729 1298.867 1298.005 1296.684 1293.843 1291.001 1288.16 1285.318 1280.924 1275.85 1270.776 1265.702 1260.64 1255.642 1250.643 1245.644 1240.646 1236.439 1232.712 1228.984 1225.257 1222.667 1232.022 1241.377 1250.732 1260.087 1268.374 1275.79 1283.206 1290.621 1297.919 1297.164 1296.409 1295.654 1294.9 1293.145 1290.299 1287.454 1284.608 1281.762 1280.625 1279.594 1278.562 1277.53 1277.874 1280.23 1282.587 1284.943 1287.3 1288.964 1290.524 1292.084 1293.644 1294.728 1294.86 1294.992 1295.124
1302.863 1302.413 1301.963 1301.513 1301.063 1300.147 1299.091 1298.035 1296.979 1295.467 1292.448 1289.428 1286.408 1283.389 1279.116 1274.296 1269.476 1264.656 1259.934 1255.729 1251.524 1247.319 1243.115 1240.25 1238.197 1236.143 1234.089 1232.965 1241.602 1250.239 1258.876 1267.513 1274.731 1280.791 1286.852 1292.912 1298.877 1298.316 1297.756 1297.196 1296.635 1295.145 1292.639 1290.134 1287.628 1285.123 1283.995 1282.953 1281.91 1280.868 1281.104 1283.212 1285.32 1287.428 1289.536 1290.99 1292.345 1293.7 1295.054 1295.984 1296.062 1296.14 1296.218
1302.843 1302.328 1301.814 1301.299 1300.784 1299.704 1298.453 1297.203 1295.952 1294.25 1291.052 1287.854 1284.657 1281.459 1277.309 1272.743 1268.176 1263.61 1259.228 1255.817 1252.406 1248.994 1245.583 1244.061 1243.682 1243.302 1242.922 1243.264 1251.182 1259.101 1267.02 1274.939 1281.088 1285.793 1290.498 1295.203 1299.835 1299.469 1299.103 1298.737 1298.371 1297.144 1294.979 1292.814 1290.649 1288.483 1287.365 1286.312 1285.259 1284.206 1284.334 1286.194 1288.054 1289.914 1291.773 1293.016 1294.166 1295.315 1296.465 1297.24 1297.264 1297.288 1297.312
1302.824 1302.244 1301.664 1301.085 1300.505 1299.261 1297.816 1296.371 1294.926 1293.033 1289.657 1286.281 1282.905 1279.529 1275.502 1271.189 1266.876 1262.564 1258.521 1255.904 1253.287 1250.669 1248.052 1247.872 1249.166 1250.46 1251.755 1253.562 1260.763 1267.964 1275.164 1282.365 1287.444 1290.794 1294.144 1297.494 1300.793 1300.621 1300.45 1300.278 1300.107 1299.144 1297.319 1295.494 1293.669 1291.844 1290.735 1289.671 1288.607 1287.543 1287.565 1289.176 1290.787 1292.399 1294.01 1295.042 1295.986 1296.931 1297.875 1298.495 1298.465 1298.435 1298.406
1302.804 1302.159 1301.515 1300.87 1300.226 1298.818 1297.178 1295.539 1293.899 1291.816 1288.262 1284.708 1281.153 1277.599 1273.694 1269.635 1265.576 1261.518 1257.815 1255.992 1254.168 1252.344 1250.521 1251.683 1254.651 1257.619 1260.587 1263.861 1270.343 1276.826 1283.308 1289.79 1293.801 1295.796 1297.791 1299.785 1301.751 1301.774 1301.797 1301.819 1301.842 1301.144 1299.659 1298.174 1296.689 1295.204 1294.105 1293.031 1291.956 1290.881 1290.795 1292.158 1293.521 1294.884 1296.247 1297.068 1297.807 1298.547 1299.286 1299.751 1299.667 1299.583 1299.499
1302.412 1301.731 1301.05 1300.369 1299.687 1298.207 1296.485 1294.763 1293.041 1290.917 1287.464 1284.011 1280.558 1277.105 1273.535 1269.914 1266.292 1262.671 1259.418 1258.109 1256.799 1255.49 1254.181 1255.819 1259.24 1262.661 1266.081 1269.706 1275.479 1281.251 1287.023 1292.795 1296.226 1297.748 1299.269 1300.79 1302.292 1302.421 1302.55 1302.68 1302.809 1302.245 1300.925 1299.604 1298.284 1296.964 1295.894 1294.841 1293.787 1292.733 1292.559 1293.674 1294.788 1295.903 1297.018 1297.773 1298.475 1299.177 1299.879 1300.36 1300.402 1300.444 1300.485
1301.89 1301.182 1300.473 1299.765 1299.057 1297.536 1295.771 1294.006 1292.241 1290.131 1286.878 1283.624 1280.371 1277.118 1273.958 1270.839 1267.719 1264.6 1261.836 1260.942 1260.049 1259.155 1258.262 1260.07 1263.512 1266.955 1270.397 1273.98 1279.045 1284.11 1289.175 1294.24 1297.264 1298.623 1299.983 1301.342 1302.685 1302.89 1303.094 1303.299 1303.504 1303.029 1301.811 1300.593 1299.376 1298.158 1297.125 1296.104 1295.082 1294.061 1293.806 1294.672 1295.538 1296.404 1297.27 1298.012 1298.736 1299.459 1300.183 1300.742 1300.973 1301.203 1301.434
1301.367 1300.632 1299.897 1299.161 1298.426 1296.867 1295.058 1293.25 1291.441 1289.344 1286.291 1283.237 1280.184 1277.131 1274.381 1271.764 1269.147 1266.53 1264.254 1263.776 1263.298 1262.82 1262.343 1264.321 1267.785 1271.249 1274.713 1278.254 1282.612 1286.969 1291.327 1295.684 1298.301 1299.499 1300.696 1301.893 1303.078 1303.358 1303.639 1303.919 1304.2 1303.813 1302.698 1301.582 1300.467 1299.352 1298.356 1297.367 1296.378 1295.389 1295.052 1295.67 1296.288 1296.905 1297.523 1298.252 1298.997 1299.742 1300.487 1301.123 1301.543 1301.963 1302.382
1300.845 1300.082 1299.32 1298.558 1297.796 1296.197 1294.345 1292.493 1290.642 1288.558 1285.704 1282.851 1279.997 1277.143 1274.804 1272.689 1270.574 1268.459 1266.671 1266.609 1266.547 1266.485 1266.423 1268.572 1272.057 1275.543 1279.028 1282.528 1286.178 1289.828 1293.479 1297.129 1299.339 1300.374 1301.41 1302.445 1303.47 1303.827 1304.183 1304.539 1304.895 1304.597 1303.584 1302.572 1301.559 1300.546 1299.587 1298.63 1297.673 1296.717 1296.298 1296.668 1297.037 1297.407 1297.776 1298.491 1299.258 1300.024 1300.791 1301.505 1302.113 1302.722 1303.331
1300.305 1299.511 1298.716 1297.921 1297.126 1295.508 1293.64 1291.773 1289.906 1287.864 1285.244 1282.624 1280.004 1277.384 1275.461 1273.843 1272.225 1270.607 1269.291 1269.571 1269.852 1270.132 1270.413 1272.632 1276.024 1279.416 1282.808 1286.17 1289.21 1292.25 1295.29 1298.331 1300.206 1301.131 1302.056 1302.981 1303.898 1304.332 1304.766 1305.2 1305.634 1305.413 1304.478 1303.543 1302.608 1301.672 1300.725 1299.777 1298.828 1297.88 1297.378 1297.528 1297.679 1297.83 1297.98 1298.691 1299.486 1300.281 1301.075 1301.87 1302.665 1303.459 1304.253
1299.701 1298.852 1298.004 1297.155 1296.306 1294.745 1292.97 1291.194 1289.419 1287.532 1285.28 1283.027 1280.774 1278.522 1277.041 1275.898 1274.755 1273.612 1272.704 1273.039 1273.373 1273.707 1274.042 1275.942 1278.788 1281.635 1284.482 1287.326 1290.139 1292.953 1295.766 1298.579 1300.403 1301.42 1302.437 1303.453 1304.463 1304.983 1305.504 1306.024 1306.544 1306.358 1305.401 1304.445 1303.488 1302.531 1301.501 1300.466 1299.432 1298.397 1297.802 1297.85 1297.898 1297.946 1297.994 1298.738 1299.587 1300.436 1301.284 1302.173 1303.14 1304.107 1305.074
1299.097 1298.194 1297.291 1296.389 1295.486 1293.983 1292.299 1290.615 1288.932 1287.201 1285.316 1283.43 1281.545 1279.659 1278.621 1277.953 1277.285 1276.617 1276.118 1276.506 1276.894 1277.283 1277.671 1279.252 1281.553 1283.854 1286.155 1288.482 1291.068 1293.655 1296.242 1298.828 1300.601 1301.709 1302.818 1303.926 1305.028 1305.634 1306.241 1306.848 1307.454 1307.303 1306.325 1305.346 1304.368 1303.39 1302.277 1301.156 1300.035 1298.914 1298.225 1298.171 1298.116 1298.062 1298.007 1298.785 1299.688 1300.591 1301.493 1302.475 1303.615 1304.755 1305.895
1298.493 1297.536 1296.579 1295.622 1294.666 1293.221 1291.629 1290.037 1288.445 1286.87 1285.352 1283.833 1282.315 1280.797 1280.2 1280.008 1279.815 1279.622 1279.531 1279.973 1280.416 1280.858 1281.3 1282.561 1284.317 1286.073 1287.829 1289.638 1291.997 1294.357 1296.717 1299.077 1300.799 1301.999 1303.199 1304.399 1305.592 1306.285 1306.978 1307.672 1308.365 1308.248 1307.248 1306.248 1305.248 1304.248 1303.053 1301.845 1300.638 1299.43 1298.649 1298.492 1298.335 1298.178 1298.021 1298.832 1299.789 1300.745 1301.702 1302.778 1304.09 1305.403 1306.716
1297.888 1296.878 1295.867 1294.856 1293.845 1292.458 1290.958 1289.458 1287.958 1286.539 1285.387 1284.236 1283.085 1281.934 1281.78 1282.063 1282.345 1282.628 1282.944 1283.441 1283.937 1284.433 1284.93 1285.871 1287.082 1288.292 1289.503 1290.794 1292.927 1295.06 1297.193 1299.326 1300.996 1302.288 1303.58 1304.872 1306.157 1306.936 1307.716 1308.495 1309.275 1309.193 1308.171 1307.15 1306.128 1305.107 1303.829 1302.535 1301.241 1299.947 1299.073 1298.813 1298.553 1298.294 1298.034 1298.879 1299.89 1300.901 1301.911 1303.08 1304.566 1306.051 1307.537
1297.404 1296.411 1295.418 1294.426 1293.433 1292.165 1290.814 1289.463 1288.113 1286.878 1286.029 1285.181 1284.332 1283.483 1283.617 1284.18 1284.743 1285.306 1285.869 1286.426 1286.984 1287.542 1288.099 1288.753 1289.465 1290.177 1290.889 1291.704 1293.607 1295.51 1297.413 1299.315 1300.98 1302.45 1303.92 1305.391 1306.852 1307.689 1308.526 1309.363 1310.2 1310.112 1309.015 1307.918 1306.821 1305.723 1304.377 1303.014 1301.652 1300.29 1299.361 1299.067 1298.773 1298.479 1298.185 1298.985 1299.949 1300.913 1301.877 1303.087 1304.788 1306.49 1308.191
1296.979 1296.041 1295.102 1294.163 1293.224 1292.106 1290.933 1289.761 1288.588 1287.553 1286.974 1286.396 1285.817 1285.238 1285.581 1286.328 1287.075 1287.822 1288.549 1289.171 1289.794 1290.416 1291.038 1291.421 1291.657 1291.894 1292.131 1292.492 1294.163 1295.833 1297.504 1299.175 1300.857 1302.548 1304.24 1305.932 1307.611 1308.492 1309.372 1310.252 1311.133 1311.018 1309.819 1308.619 1307.419 1306.219 1304.81 1303.389 1301.967 1300.546 1299.582 1299.288 1298.994 1298.7 1298.406 1299.121 1299.988 1300.855 1301.721 1302.946 1304.885 1306.824 1308.763
1296.555 1295.67 1294.785 1293.901 1293.016 1292.047 1291.052 1290.058 1289.063 1288.228 1287.919 1287.61 1287.302 1286.993 1287.546 1288.477 1289.407 1290.338 1291.229 1291.916 1292.604 1293.291 1293.978 1294.088 1293.85 1293.611 1293.373 1293.281 1294.719 1296.157 1297.596 1299.034 1300.734 1302.647 1304.56 1306.473 1308.371 1309.295 1310.219 1311.142 1312.066 1311.925 1310.622 1309.32 1308.017 1306.715 1305.244 1303.763 1302.282 1300.801 1299.802 1299.508 1299.214 1298.92 1298.626 1299.257 1300.027 1300.796 1301.566 1302.804 1304.981 1307.158 1309.334
1296.13 1295.3 1294.469 1293.638 1292.807 1291.988 1291.172 1290.355 1289.539 1288.903 1288.864 1288.825 1288.786 1288.748 1289.511 1290.625 1291.739 1292.853 1293.909 1294.661 1295.413 1296.165 1296.917 1296.756 1296.042 1295.329 1294.615 1294.069 1295.275 1296.481 1297.687 1298.893 1300.611 1302.745 1304.88 1307.014 1309.131 1310.098 1311.065 1312.032 1312.998 1312.831 1311.426 1310.021 1308.616 1307.211 1305.678 1304.138 1302.597 1301.057 1300.022 1299.729 1299.435 1299.141 1298.847 1299.393 1300.065 1300.738 1301.41 1302.663 1305.077 1307.492 1309.906
1295.764 1294.988 1294.212 1293.436 1292.659 1291.988 1291.348 1290.707 1290.067 1289.625 1289.836 1290.047 1290.259 1290.47 1291.433 1292.725 1294.017 1295.31 1296.528 1297.359 1298.19 1299.021 1299.851 1299.478 1298.375 1297.273 1296.171 1295.248 1296.198 1297.148 1298.098 1299.048 1300.753 1303.075 1305.397 1307.719 1310.022 1311.02 1312.018 1313.016 1314.014 1313.798 1312.258 1310.718 1309.178 1307.638 1306.049 1304.457 1302.865 1301.273 1300.208 1299.916 1299.623 1299.331 1299.038 1299.505 1300.086 1300.667 1301.248 1302.509 1305.132 1307.755 1310.378
1295.782 1295.065 1294.349 1293.632 1292.915 1292.382 1291.903 1291.425 1290.947 1290.656 1290.987 1291.317 1291.647 1291.977 1293.074 1294.507 1295.939 1297.371 1298.736 1299.739 1300.743 1301.746 1302.75 1302.559 1301.646 1300.733 1299.82 1299.033 1299.567 1300.101 1300.635 1301.17 1302.668 1304.952 1307.236 1309.52 1311.785 1312.734 1313.684 1314.633 1315.583 1315.173 1313.282 1311.391 1309.501 1307.61 1306.0 1304.408 1302.816 1301.224 1300.164 1299.882 1299.6 1299.318 1299.037 1299.458 1299.985 1300.512 1301.039 1302.27 1304.909 1307.548 1310.187
1295.8 1295.143 1294.485 1293.828 1293.171 1292.776 1292.459 1292.143 1291.827 1291.688 1292.137 1292.586 1293.035 1293.484 1294.715 1296.288 1297.861 1299.433 1300.943 1302.12 1303.296 1304.472 1305.649 1305.641 1304.917 1304.193 1303.468 1302.818 1302.936 1303.055 1303.173 1303.292 1304.582 1306.828 1309.075 1311.321 1313.548 1314.449 1315.349 1316.25 1317.151 1316.549 1314.307 1312.065 1309.823 1307.581 1305.951 1304.359 1302.767 1301.175 1300.119 1299.848 1299.577 1299.306 1299.035 1299.411 1299.884 1300.357 1300.83 1302.03 1304.685 1307.341 1309.996
1295.818 1295.22 1294.622 1294.024 1293.427 1293.169 1293.015 1292.861 1292.707 1292.72 1293.288 1293.856 1294.423 1294.991 1296.356 1298.069 1299.782 1301.495 1303.151 1304.5 1305.849 1307.198 1308.547 1308.722 1308.187 1307.652 1307.117 1306.602 1306.305 1306.008 1305.711 1305.413 1306.496 1308.705 1310.913 1313.122 1315.311 1316.163 1317.015 1317.867 1318.719 1317.924 1315.331 1312.738 1310.145 1307.552 1305.902 1304.31 1302.718 1301.126 1300.074 1299.814 1299.554 1299.294 1299.034 1299.364 1299.783 1300.202 1300.621 1301.79 1304.462 1307.134 1309.805
1295.836 1295.298 1294.759 1294.221 1293.682 1293.563 1293.571 1293.579 1293.587 1293.752 1294.438 1295.125 1295.812 1296.498 1297.997 1299.85 1301.704 1303.557 1305.358 1306.88 1308.402 1309.924 1311.446 1311.804 1311.458 1311.112 1310.765 1310.387 1309.674 1308.961 1308.248 1307.535 1308.41 1310.581 1312.752 1314.923 1317.074 1317.877 1318.681 1319.484 1320.288 1319.299 1316.355 1313.411 1310.468 1307.524 1305.853 1304.261 1302.669 1301.077 1300.03 1299.781 1299.531 1299.282 1299.032 1299.317 1299.682 1300.047 1300.412 1301.551 1304.239 1306.926 1309.614
