data/zism_data/00761_02_D.txt
ncols         224
nrows         224
[rows 112 to 139 of 224, columns 126 to 188 of 224]
3800.052 3803.403 3806.753 3810.481 3814.613 3818.745 3822.876 3827.009 3829.379 3831.596 3833.813 3836.03 3836.599 3834.209 3831.82 3829.43 3827.04 3823.427 3819.501 3815.574 3811.647 3809.13 3811.239 3813.348 3815.456 3817.565 3827.741 3841.863 3855.985 3870.107 3883.398 3889.929 3896.461 3902.993 3909.525 3913.307 3914.818 3916.329 3917.839 3919.35 3918.765 3918.148 3917.532 3916.916 3916.335 3915.803 3915.27 3914.738 3914.205 3914.452 3914.825 3915.198 3915.571 3915.035 3912.369 3909.704 3907.039 3904.374 3898.097 3890.534 3882.97 3875.407 3867.581
3800.165 3803.5 3806.835 3810.853 3815.605 3820.357 3825.109 3829.862 3832.961 3835.916 3838.871 3841.826 3843.043 3841.14 3839.237 3837.333 3835.43 3831.066 3826.07 3821.074 3816.077 3812.456 3813.345 3814.235 3815.125 3816.014 3825.872 3840.117 3854.362 3868.607 3882.075 3889.221 3896.368 3903.515 3910.661 3914.822 3916.514 3918.207 3919.899 3921.592 3921.52 3921.423 3921.325 3921.228 3921.014 3920.642 3920.27 3919.898 3919.526 3919.427 3919.372 3919.317 3919.262 3918.366 3915.503 3912.64 3909.777 3906.914 3900.865 3893.682 3886.498 3879.314 3871.824
3800.279 3803.598 3806.917 3811.225 3816.597 3821.97 3827.342 3832.715 3836.543 3840.236 3843.928 3847.621 3849.487 3848.07 3846.654 3845.237 3843.821 3838.705 3832.639 3826.573 3820.508 3815.782 3815.452 3815.122 3814.792 3814.463 3824.003 3838.371 3852.739 3867.107 3880.751 3888.513 3896.275 3904.036 3911.798 3916.336 3918.211 3920.085 3921.959 3923.833 3924.276 3924.697 3925.118 3925.539 3925.693 3925.481 3925.269 3925.058 3924.846 3924.401 3923.918 3923.435 3922.952 3921.698 3918.637 3915.576 3912.515 3909.454 3903.634 3896.83 3890.026 3883.222 3876.068
3800.048 3803.282 3806.515 3811.042 3816.963 3822.883 3828.803 3834.723 3839.329 3843.82 3848.311 3852.802 3855.433 3854.724 3854.015 3853.306 3852.598 3847.241 3840.691 3834.141 3827.591 3822.22 3820.722 3819.223 3817.725 3816.227 3825.052 3838.926 3852.801 3866.675 3879.915 3887.998 3896.08 3904.163 3912.245 3917.086 3919.246 3921.406 3923.567 3925.727 3926.713 3927.681 3928.65 3929.618 3930.159 3930.117 3930.075 3930.033 3929.992 3929.322 3928.55 3927.779 3927.007 3925.495 3922.249 3919.003 3915.757 3912.51 3906.826 3900.271 3893.718 3887.164 3880.234
3799.58 3802.68 3805.779 3810.477 3816.895 3823.312 3829.729 3836.146 3841.564 3846.895 3852.225 3857.556 3861.034 3861.186 3861.338 3861.49 3861.643 3856.398 3849.768 3843.138 3836.507 3830.811 3828.178 3825.546 3822.914 3820.282 3828.117 3841.072 3854.027 3866.982 3879.416 3887.616 3895.816 3904.016 3912.217 3917.306 3919.825 3922.344 3924.862 3927.381 3928.93 3930.466 3932.001 3933.536 3934.478 3934.613 3934.748 3934.882 3935.017 3934.205 3933.241 3932.277 3931.313 3929.614 3926.191 3922.768 3919.346 3915.923 3910.31 3903.917 3897.523 3891.129 3884.345
3799.112 3802.078 3805.043 3809.912 3816.826 3823.741 3830.656 3837.57 3843.8 3849.97 3856.14 3862.31 3866.636 3867.649 3868.662 3869.675 3870.688 3865.556 3858.845 3852.134 3845.424 3839.401 3835.635 3831.869 3828.104 3824.338 3831.183 3843.218 3855.253 3867.289 3878.917 3887.234 3895.552 3903.87 3912.188 3917.527 3920.404 3923.281 3926.158 3929.035 3931.148 3933.25 3935.352 3937.454 3938.797 3939.109 3939.42 3939.731 3940.042 3939.089 3937.933 3936.776 3935.619 3933.732 3930.133 3926.534 3922.935 3919.336 3913.795 3907.562 3901.328 3895.095 3888.456
3798.643 3801.476 3804.308 3809.346 3816.758 3824.17 3831.582 3838.994 3846.036 3853.045 3860.055 3867.064 3872.237 3874.111 3875.985 3877.859 3879.733 3874.713 3867.922 3861.131 3854.34 3847.991 3843.092 3838.192 3833.293 3828.394 3834.249 3845.365 3856.48 3867.595 3878.417 3886.853 3895.288 3903.723 3912.159 3917.747 3920.982 3924.218 3927.453 3930.688 3933.365 3936.034 3938.703 3941.371 3943.117 3943.604 3944.092 3944.579 3945.067 3943.973 3942.624 3941.275 3939.926 3937.851 3934.075 3930.3 3926.524 3922.749 3917.28 3911.207 3905.134 3899.061 3892.567
3798.177 3800.872 3803.566 3808.764 3816.655 3824.546 3832.437 3840.328 3848.167 3856.001 3863.836 3871.67 3877.673 3880.387 3883.101 3885.814 3888.528 3883.646 3876.813 3869.98 3863.147 3856.512 3850.527 3844.542 3838.557 3832.572 3837.435 3847.605 3857.774 3867.944 3877.936 3886.484 3895.032 3903.58 3912.128 3917.971 3921.579 3925.186 3928.794 3932.401 3935.631 3938.854 3942.078 3945.301 3947.439 3948.098 3948.757 3949.416 3950.074 3948.844 3947.31 3945.775 3944.241 3941.984 3938.033 3934.082 3930.131 3926.18 3920.771 3914.844 3908.916 3902.988 3896.626
3797.772 3800.221 3802.669 3807.74 3815.631 3823.521 3831.412 3839.303 3847.541 3855.808 3864.076 3872.343 3878.728 3881.73 3884.733 3887.735 3890.738 3886.681 3880.81 3874.94 3869.069 3863.213 3857.405 3851.596 3845.787 3839.978 3843.801 3852.334 3860.868 3869.401 3877.934 3886.46 3894.987 3903.513 3912.04 3918.28 3922.631 3926.982 3931.333 3935.684 3939.161 3942.625 3946.089 3949.553 3951.844 3952.534 3953.225 3953.916 3954.607 3953.386 3951.857 3950.328 3948.799 3946.5 3942.4 3938.299 3934.198 3930.098 3924.457 3918.267 3912.077 3905.887 3899.301
3797.367 3799.57 3801.772 3806.715 3814.606 3822.497 3830.388 3838.279 3846.914 3855.615 3864.316 3873.016 3879.782 3883.073 3886.365 3889.656 3892.948 3889.715 3884.807 3879.899 3874.991 3869.914 3864.282 3858.649 3853.017 3847.385 3850.167 3857.064 3863.961 3870.858 3877.931 3886.436 3894.941 3903.447 3911.952 3918.589 3923.684 3928.778 3933.872 3938.966 3942.691 3946.396 3950.101 3953.806 3956.248 3956.971 3957.694 3958.417 3959.14 3957.928 3956.404 3954.881 3953.357 3951.017 3946.767 3942.517 3938.266 3934.016 3928.142 3921.691 3915.239 3908.787 3901.976
3796.962 3798.918 3800.875 3805.69 3813.581 3821.472 3829.363 3837.254 3846.288 3855.422 3864.556 3873.689 3880.837 3884.417 3887.997 3891.577 3895.157 3892.75 3888.804 3884.859 3880.913 3876.615 3871.159 3865.703 3860.247 3854.791 3856.532 3861.793 3867.054 3872.315 3877.929 3886.413 3894.896 3903.38 3911.864 3918.899 3924.736 3930.573 3936.411 3942.248 3946.221 3950.167 3954.112 3958.058 3960.653 3961.407 3962.163 3962.917 3963.673 3962.47 3960.951 3959.433 3957.915 3955.534 3951.134 3946.734 3942.334 3937.934 3931.828 3925.114 3918.4 3911.687 3904.651
3796.557 3798.267 3799.978 3804.666 3812.557 3820.448 3828.339 3836.23 3845.662 3855.229 3864.796 3874.363 3881.891 3885.76 3889.629 3893.498 3897.367 3895.784 3892.801 3889.818 3886.835 3883.315 3878.036 3872.757 3867.477 3862.198 3862.898 3866.523 3870.147 3873.772 3877.927 3886.389 3894.851 3903.313 3911.776 3919.208 3925.789 3932.369 3938.95 3945.531 3949.752 3953.938 3958.124 3962.31 3965.057 3965.844 3966.631 3967.418 3968.205 3967.011 3965.499 3963.986 3962.473 3960.051 3955.501 3950.951 3946.402 3941.852 3935.513 3928.538 3921.562 3914.586 3907.326
3796.234 3797.722 3799.21 3803.658 3811.292 3818.925 3826.558 3834.192 3843.876 3853.74 3863.603 3873.466 3881.322 3885.573 3889.823 3894.073 3898.323 3897.468 3895.3 3893.133 3890.966 3888.155 3883.232 3878.309 3873.387 3868.464 3868.508 3870.981 3873.453 3875.926 3879.047 3887.433 3895.82 3904.207 3912.594 3920.341 3927.559 3934.778 3941.996 3949.214 3953.649 3958.042 3962.435 3966.828 3969.688 3970.458 3971.228 3971.999 3972.769 3971.573 3970.06 3968.547 3967.035 3964.563 3959.848 3955.134 3950.418 3945.703 3939.218 3932.101 3924.984 3917.867 3910.492
3796.001 3797.291 3798.581 3802.669 3809.767 3816.866 3823.965 3831.063 3840.842 3850.855 3860.869 3870.882 3879.006 3883.738 3888.469 3893.201 3897.932 3897.698 3896.189 3894.679 3893.169 3890.991 3886.619 3882.248 3877.876 3873.504 3873.305 3875.146 3876.988 3878.83 3881.374 3889.627 3897.88 3906.133 3914.386 3922.36 3930.102 3937.845 3945.587 3953.33 3957.94 3962.505 3967.069 3971.633 3974.562 3975.263 3975.963 3976.664 3977.365 3976.155 3974.636 3973.118 3971.6 3969.071 3964.174 3959.277 3954.381 3949.484 3942.942 3935.815 3928.688 3921.56 3914.188
3795.767 3796.859 3797.951 3801.679 3808.243 3814.807 3821.371 3827.935 3837.809 3847.971 3858.135 3868.297 3876.69 3881.903 3887.115 3892.329 3897.542 3897.929 3897.077 3896.225 3895.373 3893.828 3890.007 3886.186 3882.365 3878.544 3878.102 3879.313 3880.523 3881.734 3883.701 3891.821 3899.94 3908.059 3916.179 3924.379 3932.645 3940.912 3949.178 3957.445 3962.232 3966.968 3971.703 3976.438 3979.436 3980.067 3980.698 3981.33 3981.961 3980.736 3979.213 3977.689 3976.166 3973.579 3968.5 3963.421 3958.343 3953.264 3946.667 3939.529 3932.391 3925.253 3917.882
3795.533 3796.428 3797.322 3800.69 3806.719 3812.748 3818.777 3824.806 3834.775 3845.088 3855.4 3865.713 3874.374 3880.068 3885.762 3891.456 3897.15 3898.16 3897.965 3897.771 3897.577 3896.664 3893.394 3890.124 3886.854 3883.583 3882.899 3883.479 3884.058 3884.638 3886.029 3894.014 3902.0 3909.986 3917.971 3926.398 3935.188 3943.979 3952.77 3961.56 3966.523 3971.43 3976.337 3981.243 3984.31 3984.872 3985.434 3985.995 3986.557 3985.318 3983.789 3982.26 3980.732 3978.086 3972.826 3967.565 3962.305 3957.044 3950.392 3943.243 3936.094 3928.945 3921.577
3795.3 3795.996 3796.693 3799.7 3805.195 3810.689 3816.183 3821.678 3831.741 3842.204 3852.666 3863.128 3872.057 3878.233 3884.408 3890.584 3896.759 3898.39 3898.854 3899.317 3899.781 3899.501 3896.781 3894.062 3891.343 3888.623 3887.696 3887.644 3887.593 3887.542 3888.356 3896.208 3904.06 3911.912 3919.764 3928.417 3937.731 3947.046 3956.361 3965.676 3970.815 3975.893 3980.97 3986.048 3989.184 3989.677 3990.169 3990.661 3991.153 3989.9 3988.366 3986.832 3985.298 3982.594 3977.152 3971.709 3966.267 3960.825 3954.116 3946.957 3939.797 3932.638 3925.272
3795.445 3796.063 3796.68 3799.287 3804.033 3808.78 3813.526 3818.273 3828.076 3838.322 3848.567 3858.812 3867.822 3874.612 3881.403 3888.193 3894.984 3897.264 3898.385 3899.506 3900.627 3900.992 3898.873 3896.754 3894.635 3892.516 3891.638 3891.367 3891.096 3890.825 3891.455 3899.412 3907.368 3915.324 3923.28 3932.083 3941.584 3951.086 3960.588 3970.09 3975.22 3980.285 3985.35 3990.416 3993.633 3994.333 3995.033 3995.734 3996.434 3995.12 3993.481 3991.843 3990.204 3987.386 3981.807 3976.227 3970.647 3965.068 3958.235 3950.956 3943.677 3936.397 3928.96
3795.62 3796.168 3796.716 3798.918 3802.9 3806.882 3810.864 3814.846 3824.362 3834.361 3844.361 3854.36 3863.435 3870.851 3878.267 3885.684 3893.1 3896.031 3897.81 3899.588 3901.367 3902.377 3900.862 3899.347 3897.833 3896.318 3895.513 3895.055 3894.597 3894.139 3894.616 3902.695 3910.774 3918.853 3926.933 3935.878 3945.541 3955.203 3964.865 3974.527 3979.633 3984.672 3989.71 3994.749 3998.048 3998.978 3999.908 4000.839 4001.769 4000.39 3998.639 3996.888 3995.137 3992.2 3986.487 3980.774 3975.061 3969.348 3962.385 3954.978 3947.57 3940.162 3932.647
3795.795 3796.274 3796.752 3798.55 3801.767 3804.984 3808.202 3811.419 3820.647 3830.401 3840.154 3849.907 3859.049 3867.09 3875.132 3883.174 3891.215 3894.798 3897.234 3899.671 3902.107 3903.762 3902.852 3901.941 3901.031 3900.12 3899.388 3898.743 3898.098 3897.452 3897.776 3905.978 3914.18 3922.383 3930.585 3939.674 3949.497 3959.319 3969.142 3978.964 3984.046 3989.058 3994.07 3999.082 4002.463 4003.623 4004.783 4005.944 4007.104 4005.66 4003.797 4001.933 4000.07 3997.015 3991.168 3985.321 3979.474 3973.627 3966.535 3958.999 3951.463 3943.927 3936.334
3795.97 3796.379 3796.788 3798.182 3800.634 3803.087 3805.54 3807.992 3816.933 3826.44 3835.948 3845.455 3854.662 3863.329 3871.997 3880.664 3889.331 3893.564 3896.659 3899.753 3902.847 3905.147 3904.841 3904.535 3904.229 3903.922 3903.263 3902.43 3901.598 3900.766 3900.936 3909.261 3917.587 3925.912 3934.237 3943.47 3953.453 3963.436 3973.419 3983.402 3988.459 3993.445 3998.43 4003.415 4006.878 4008.268 4009.658 4011.048 4012.438 4010.93 4008.954 4006.979 4005.003 4001.829 3995.849 3989.868 3983.888 3977.907 3970.685 3963.021 3955.357 3947.692 3940.022
3796.165 3796.518 3796.871 3797.981 3799.904 3801.827 3803.75 3805.673 3814.237 3823.381 3832.524 3841.668 3850.781 3859.837 3868.893 3877.949 3887.005 3891.828 3895.564 3899.3 3903.036 3905.995 3906.403 3906.81 3907.218 3907.625 3907.376 3906.807 3906.237 3905.667 3906.071 3914.392 3922.713 3931.034 3939.354 3948.456 3958.203 3967.951 3977.698 3987.445 3992.401 3997.286 4002.17 4007.055 4010.572 4012.226 4013.88 4015.533 4017.187 4015.67 4013.642 4011.614 4009.586 4006.384 4000.433 3994.482 3988.531 3982.58 3975.336 3967.631 3959.926 3952.22 3944.498
3796.392 3796.713 3797.034 3798.063 3799.852 3801.641 3803.431 3805.22 3813.257 3821.839 3830.422 3839.004 3847.752 3856.797 3865.843 3874.888 3883.933 3889.244 3893.595 3897.946 3902.297 3905.937 3907.242 3908.548 3909.854 3911.16 3911.892 3912.344 3912.795 3913.247 3914.536 3922.638 3930.74 3938.841 3946.943 3955.45 3964.294 3973.138 3981.981 3990.825 3995.546 4000.206 4004.866 4009.526 4013.05 4015.024 4016.999 4018.974 4020.948 4019.517 4017.537 4015.557 4013.577 4010.5 4004.854 3999.208 3993.561 3987.915 3980.83 3973.232 3965.634 3958.036 3950.306
3796.619 3796.908 3797.197 3798.145 3799.8 3801.456 3803.112 3804.767 3812.277 3820.298 3828.319 3836.34 3844.723 3853.758 3862.793 3871.827 3880.862 3886.659 3891.625 3896.591 3901.557 3905.878 3908.082 3910.286 3912.491 3914.695 3916.408 3917.881 3919.354 3920.827 3923.001 3930.884 3938.766 3946.649 3954.531 3962.445 3970.385 3978.324 3986.264 3994.204 3998.691 4003.126 4007.562 4011.998 4015.527 4017.823 4020.118 4022.414 4024.709 4023.364 4021.432 4019.5 4017.568 4014.616 4009.275 4003.933 3998.592 3993.25 3986.324 3978.833 3971.342 3963.851 3956.114
3796.846 3797.103 3797.36 3798.227 3799.749 3801.271 3802.792 3804.314 3811.297 3818.757 3826.216 3833.676 3841.695 3850.719 3859.742 3868.767 3877.791 3884.075 3889.656 3895.237 3900.817 3905.819 3908.922 3912.025 3915.127 3918.23 3920.924 3923.418 3925.912 3928.406 3931.467 3939.13 3946.793 3954.456 3962.119 3969.439 3976.475 3983.511 3990.548 3997.584 4001.836 4006.047 4010.258 4014.469 4018.005 4020.621 4023.238 4025.854 4028.47 4027.211 4025.327 4023.443 4021.56 4018.732 4013.696 4008.659 4003.623 3998.586 3991.819 3984.434 3977.05 3969.666 3961.922
3797.073 3797.298 3797.523 3798.309 3799.697 3801.085 3802.473 3803.862 3810.317 3817.215 3824.113 3831.011 3838.666 3847.679 3856.692 3865.706 3874.719 3881.49 3887.686 3893.882 3900.078 3905.761 3909.762 3913.763 3917.764 3921.765 3925.44 3928.955 3932.47 3935.986 3939.932 3947.376 3954.82 3962.264 3969.708 3976.434 3982.566 3988.698 3994.831 4000.963 4004.981 4008.968 4012.954 4016.94 4020.483 4023.42 4026.357 4029.294 4032.231 4031.058 4029.222 4027.386 4025.551 4022.849 4018.117 4013.385 4008.653 4003.921 3997.313 3990.036 3982.758 3975.481 3967.73
3797.208 3797.414 3797.62 3798.373 3799.715 3801.057 3802.399 3803.741 3810.05 3816.793 3823.537 3830.28 3837.795 3846.697 3855.599 3864.501 3873.403 3880.251 3886.573 3892.894 3899.215 3905.226 3910.222 3915.217 3920.213 3925.208 3929.896 3934.433 3938.969 3943.506 3948.29 3955.082 3961.874 3968.666 3975.458 3981.408 3986.663 3991.918 3997.173 4002.428 4006.082 4009.713 4013.344 4016.974 4020.266 4023.096 4025.925 4028.755 4031.584 4030.468 4028.715 4026.963 4025.21 4022.681 4018.333 4013.984 4009.636 4005.287 3998.981 3991.977 3984.973 3977.969 3970.396
3797.321 3797.511 3797.701 3798.433 3799.749 3801.064 3802.379 3803.694 3809.943 3816.622 3823.3 3829.979 3837.406 3846.174 3854.942 3863.71 3872.479 3879.313 3885.65 3891.987 3898.324 3904.585 3910.597 3916.609 3922.62 3928.632 3934.339 3939.897 3945.455 3951.013 3956.625 3962.668 3968.711 3974.754 3980.798 3985.932 3990.316 3994.699 3999.082 4003.465 4006.728 4009.973 4013.219 4016.465 4019.448 4022.074 4024.701 4027.327 4029.954 4028.887 4027.225 4025.564 4023.902 4021.557 4017.609 4013.662 4009.715 4005.768 3999.795 3993.101 3986.407 3979.713 3972.361
