data/zism_data/00769_01_D.txt
ncols         224
nrows         224
[rows 140 to 167 of 224, columns 0 to 62 of 224]
1343.196 1341.781 1340.365 1338.95 1337.367 1335.782 1334.197 1332.612 1330.977 1329.278 1327.58 1325.881 1324.182 1322.513 1320.848 1319.182 1317.517 1315.903 1314.391 1312.879 1311.367 1309.855 1308.534 1307.267 1306.0 1304.733 1303.641 1303.13 1302.619 1302.107 1301.596 1301.388 1301.322 1301.255 1301.189 1301.166 1301.433 1301.7 1301.967 1302.234 1302.558 1302.924 1303.29 1303.657 1304.023 1304.389 1304.755 1305.122 1305.488 1305.886 1306.318 1306.751 1307.183 1307.616 1307.884 1308.14 1308.396 1308.651 1308.754 1308.605 1308.456 1308.307 1308.157
1343.877 1342.478 1341.079 1339.68 1338.129 1336.575 1335.022 1333.469 1331.871 1330.215 1328.559 1326.903 1325.247 1323.63 1322.018 1320.406 1318.795 1317.227 1315.747 1314.267 1312.787 1311.307 1309.914 1308.545 1307.176 1305.808 1304.611 1303.982 1303.353 1302.724 1302.096 1301.836 1301.748 1301.66 1301.573 1301.527 1301.762 1301.996 1302.231 1302.466 1302.777 1303.143 1303.509 1303.875 1304.242 1304.608 1304.974 1305.34 1305.707 1306.115 1306.569 1307.023 1307.477 1307.931 1308.255 1308.569 1308.884 1309.198 1309.32 1309.122 1308.925 1308.728 1308.531
1344.58 1343.203 1341.825 1340.448 1338.945 1337.441 1335.937 1334.433 1332.894 1331.309 1329.725 1328.14 1326.555 1324.966 1323.376 1321.786 1320.197 1318.646 1317.176 1315.705 1314.234 1312.764 1311.325 1309.894 1308.464 1307.033 1305.76 1305.008 1304.256 1303.505 1302.753 1302.386 1302.2 1302.014 1301.828 1301.691 1301.876 1302.062 1302.248 1302.433 1302.729 1303.103 1303.478 1303.853 1304.228 1304.62 1305.012 1305.404 1305.796 1306.226 1306.698 1307.171 1307.643 1308.116 1308.483 1308.842 1309.201 1309.56 1309.71 1309.516 1309.322 1309.128 1308.934
1345.302 1343.951 1342.6 1341.25 1339.811 1338.371 1336.931 1335.491 1334.03 1332.542 1331.053 1329.565 1328.076 1326.493 1324.898 1323.303 1321.708 1320.151 1318.669 1317.188 1315.706 1314.225 1312.763 1311.306 1309.849 1308.391 1307.068 1306.188 1305.308 1304.427 1303.547 1303.027 1302.676 1302.324 1301.972 1301.682 1301.804 1301.925 1302.047 1302.168 1302.446 1302.837 1303.228 1303.618 1304.01 1304.451 1304.891 1305.33 1305.771 1306.234 1306.722 1307.211 1307.699 1308.188 1308.586 1308.977 1309.368 1309.758 1309.947 1309.801 1309.655 1309.509 1309.363
1346.024 1344.7 1343.376 1342.052 1340.677 1339.301 1337.925 1336.549 1335.166 1333.774 1332.382 1330.989 1329.597 1328.021 1326.42 1324.82 1323.219 1321.655 1320.163 1318.671 1317.179 1315.687 1314.201 1312.717 1311.233 1309.749 1308.376 1307.367 1306.359 1305.35 1304.342 1303.668 1303.151 1302.634 1302.116 1301.674 1301.731 1301.789 1301.846 1301.903 1302.163 1302.57 1302.977 1303.384 1303.793 1304.281 1304.769 1305.257 1305.745 1306.241 1306.746 1307.25 1307.755 1308.259 1308.688 1309.111 1309.534 1309.957 1310.184 1310.086 1309.988 1309.89 1309.792
1346.746 1345.448 1344.151 1342.854 1341.542 1340.231 1338.919 1337.607 1336.302 1335.006 1333.71 1332.414 1331.118 1329.548 1327.942 1326.336 1324.73 1323.159 1321.656 1320.153 1318.651 1317.148 1315.639 1314.128 1312.618 1311.107 1309.683 1308.547 1307.41 1306.273 1305.137 1304.309 1303.626 1302.943 1302.26 1301.666 1301.659 1301.652 1301.645 1301.639 1301.881 1302.304 1302.727 1303.15 1303.576 1304.112 1304.648 1305.184 1305.72 1306.249 1306.77 1307.29 1307.811 1308.331 1308.791 1309.246 1309.701 1310.156 1310.421 1310.371 1310.321 1310.272 1310.222
1347.468 1346.197 1344.927 1343.656 1342.408 1341.161 1339.913 1338.665 1337.438 1336.239 1335.039 1333.839 1332.639 1331.075 1329.464 1327.853 1326.242 1324.663 1323.15 1321.636 1320.123 1318.609 1317.077 1315.54 1314.003 1312.465 1310.991 1309.726 1308.461 1307.196 1305.932 1304.95 1304.102 1303.253 1302.405 1301.657 1301.586 1301.516 1301.445 1301.374 1301.598 1302.037 1302.476 1302.915 1303.358 1303.942 1304.527 1305.111 1305.695 1306.257 1306.793 1307.33 1307.866 1308.403 1308.894 1309.381 1309.868 1310.355 1310.658 1310.656 1310.655 1310.653 1310.651
1348.836 1347.494 1346.153 1344.811 1343.549 1342.288 1341.028 1339.767 1338.543 1337.367 1336.192 1335.016 1333.84 1332.32 1330.755 1329.19 1327.625 1326.065 1324.515 1322.965 1321.415 1319.865 1318.216 1316.538 1314.861 1313.184 1311.57 1310.167 1308.763 1307.36 1305.956 1304.881 1303.96 1303.038 1302.117 1301.308 1301.25 1301.192 1301.134 1301.076 1301.325 1301.795 1302.266 1302.736 1303.211 1303.828 1304.444 1305.061 1305.678 1306.277 1306.855 1307.433 1308.012 1308.59 1309.118 1309.643 1310.167 1310.691 1311.03 1311.061 1311.092 1311.122 1311.153
1350.229 1348.812 1347.396 1345.979 1344.7 1343.424 1342.147 1340.87 1339.647 1338.492 1337.338 1336.183 1335.029 1333.554 1332.037 1330.52 1329.003 1327.463 1325.875 1324.288 1322.701 1321.114 1319.343 1317.521 1315.7 1313.878 1312.122 1310.579 1309.037 1307.494 1305.952 1304.785 1303.794 1302.803 1301.812 1300.945 1300.903 1300.861 1300.82 1300.778 1301.052 1301.554 1302.057 1302.559 1303.066 1303.715 1304.364 1305.012 1305.661 1306.297 1306.918 1307.539 1308.16 1308.781 1309.348 1309.909 1310.471 1311.033 1311.407 1311.47 1311.532 1311.595 1311.658
1351.621 1350.13 1348.639 1347.147 1345.852 1344.559 1343.266 1341.974 1340.75 1339.617 1338.484 1337.351 1336.218 1334.788 1333.319 1331.85 1330.381 1328.86 1327.236 1325.611 1323.986 1322.362 1320.47 1318.504 1316.539 1314.573 1312.673 1310.992 1309.31 1307.629 1305.948 1304.689 1303.629 1302.568 1301.508 1300.582 1300.557 1300.531 1300.505 1300.479 1300.778 1301.313 1301.847 1302.382 1302.921 1303.602 1304.283 1304.964 1305.645 1306.318 1306.981 1307.645 1308.309 1308.973 1309.577 1310.176 1310.775 1311.374 1311.783 1311.878 1311.973 1312.068 1312.163
1353.014 1351.448 1349.882 1348.316 1347.003 1345.694 1344.385 1343.077 1341.854 1340.742 1339.63 1338.519 1337.407 1336.022 1334.601 1333.18 1331.76 1330.258 1328.596 1326.934 1325.272 1323.61 1321.597 1319.487 1317.377 1315.267 1313.224 1311.404 1309.584 1307.764 1305.943 1304.593 1303.463 1302.333 1301.203 1300.22 1300.21 1300.2 1300.191 1300.181 1300.505 1301.072 1301.638 1302.205 1302.776 1303.489 1304.202 1304.915 1305.628 1306.338 1307.045 1307.751 1308.458 1309.164 1309.806 1310.443 1311.079 1311.716 1312.16 1312.287 1312.414 1312.541 1312.669
1354.372 1352.759 1351.145 1349.531 1348.186 1346.844 1345.503 1344.161 1342.918 1341.805 1340.692 1339.578 1338.465 1337.085 1335.67 1334.255 1332.84 1331.325 1329.608 1327.892 1326.176 1324.459 1322.368 1320.173 1317.977 1315.782 1313.656 1311.76 1309.864 1307.968 1306.072 1304.667 1303.49 1302.314 1301.138 1300.112 1300.086 1300.061 1300.036 1300.011 1300.329 1300.896 1301.463 1302.03 1302.602 1303.354 1304.105 1304.856 1305.608 1306.346 1307.07 1307.794 1308.519 1309.243 1309.906 1310.566 1311.225 1311.884 1312.365 1312.552 1312.738 1312.925 1313.111
1355.677 1354.058 1352.439 1350.82 1349.417 1348.016 1346.616 1345.215 1343.923 1342.773 1341.622 1340.471 1339.32 1337.884 1336.41 1334.937 1333.463 1331.882 1330.085 1328.289 1326.492 1324.696 1322.591 1320.401 1318.211 1316.021 1313.904 1312.03 1310.155 1308.28 1306.406 1305.0 1303.813 1302.626 1301.439 1300.395 1300.306 1300.216 1300.127 1300.038 1300.301 1300.82 1301.339 1301.858 1302.385 1303.184 1303.984 1304.783 1305.583 1306.336 1307.039 1307.741 1308.444 1309.147 1309.809 1310.468 1311.128 1311.787 1312.306 1312.594 1312.882 1313.17 1313.458
1356.982 1355.358 1353.733 1352.109 1350.648 1349.188 1347.729 1346.27 1344.928 1343.74 1342.552 1341.364 1340.175 1338.683 1337.15 1335.618 1334.086 1332.438 1330.562 1328.685 1326.809 1324.932 1322.814 1320.63 1318.445 1316.26 1314.152 1312.299 1310.446 1308.593 1306.739 1305.333 1304.135 1302.938 1301.74 1300.679 1300.525 1300.372 1300.218 1300.065 1300.273 1300.744 1301.215 1301.685 1302.167 1303.015 1303.863 1304.71 1305.558 1306.326 1307.007 1307.688 1308.37 1309.051 1309.712 1310.371 1311.03 1311.69 1312.247 1312.637 1313.026 1313.416 1313.806
1358.287 1356.657 1355.028 1353.398 1351.878 1350.36 1348.842 1347.324 1345.933 1344.708 1343.482 1342.256 1341.031 1339.482 1337.891 1336.3 1334.708 1332.995 1331.039 1329.082 1327.125 1325.168 1323.037 1320.858 1318.679 1316.499 1314.4 1312.569 1310.737 1308.905 1307.073 1305.666 1304.458 1303.249 1302.041 1300.962 1300.744 1300.527 1300.309 1300.091 1300.245 1300.668 1301.091 1301.513 1301.95 1302.845 1303.741 1304.637 1305.533 1306.316 1306.976 1307.635 1308.295 1308.955 1309.615 1310.274 1310.933 1311.592 1312.188 1312.679 1313.17 1313.661 1314.153
1359.592 1357.957 1356.322 1354.687 1353.109 1351.532 1349.956 1348.379 1346.939 1345.675 1344.412 1343.149 1341.886 1340.281 1338.631 1336.981 1335.331 1333.552 1331.515 1329.478 1327.441 1325.405 1323.26 1321.086 1318.912 1316.738 1314.649 1312.838 1311.028 1309.217 1307.406 1305.999 1304.78 1303.561 1302.342 1301.245 1300.964 1300.682 1300.4 1300.118 1300.217 1300.592 1300.967 1301.341 1301.732 1302.676 1303.62 1304.564 1305.508 1306.305 1306.944 1307.583 1308.221 1308.86 1309.517 1310.177 1310.836 1311.495 1312.129 1312.722 1313.314 1313.907 1314.5
1360.006 1358.295 1356.584 1354.874 1353.228 1351.584 1349.94 1348.295 1346.777 1345.424 1344.071 1342.717 1341.364 1339.755 1338.112 1336.469 1334.827 1333.066 1331.068 1329.07 1327.071 1325.073 1323.056 1321.032 1319.009 1316.986 1315.029 1313.293 1311.557 1309.821 1308.084 1306.684 1305.441 1304.198 1302.956 1301.824 1301.439 1301.053 1300.668 1300.282 1300.325 1300.678 1301.031 1301.384 1301.752 1302.639 1303.525 1304.411 1305.297 1306.057 1306.678 1307.3 1307.921 1308.543 1309.253 1309.969 1310.686 1311.402 1312.107 1312.792 1313.478 1314.163 1314.848
1360.231 1358.429 1356.628 1354.826 1353.111 1351.397 1349.683 1347.97 1346.368 1344.913 1343.459 1342.004 1340.549 1338.947 1337.326 1335.704 1334.083 1332.358 1330.424 1328.49 1326.556 1324.622 1322.76 1320.918 1319.077 1317.235 1315.438 1313.787 1312.137 1310.486 1308.835 1307.444 1306.175 1304.905 1303.635 1302.466 1301.969 1301.471 1300.973 1300.475 1300.462 1300.799 1301.136 1301.473 1301.823 1302.629 1303.435 1304.241 1305.047 1305.757 1306.363 1306.968 1307.574 1308.179 1308.952 1309.738 1310.524 1311.31 1312.093 1312.869 1313.645 1314.421 1315.197
1360.456 1358.564 1356.671 1354.779 1352.994 1351.211 1349.427 1347.644 1345.959 1344.403 1342.847 1341.29 1339.734 1338.139 1336.539 1334.939 1333.339 1331.649 1329.78 1327.91 1326.04 1324.17 1322.464 1320.805 1319.145 1317.485 1315.847 1314.282 1312.717 1311.151 1309.586 1308.204 1306.908 1305.611 1304.315 1303.108 1302.498 1301.888 1301.279 1300.669 1300.598 1300.919 1301.24 1301.561 1301.894 1302.62 1303.345 1304.071 1304.797 1305.458 1306.047 1306.637 1307.226 1307.816 1308.652 1309.507 1310.363 1311.218 1312.078 1312.945 1313.812 1314.679 1315.546
1360.682 1358.698 1356.715 1354.732 1352.877 1351.024 1349.172 1347.319 1345.551 1343.893 1342.235 1340.577 1338.919 1337.331 1335.752 1334.174 1332.595 1330.941 1329.135 1327.33 1325.524 1323.718 1322.169 1320.691 1319.213 1317.734 1316.256 1314.776 1313.297 1311.817 1310.337 1308.964 1307.641 1306.318 1304.995 1303.75 1303.028 1302.306 1301.584 1300.862 1300.735 1301.04 1301.345 1301.65 1301.964 1302.61 1303.256 1303.901 1304.547 1305.158 1305.732 1306.305 1306.879 1307.452 1308.352 1309.276 1310.201 1311.126 1312.064 1313.022 1313.979 1314.937 1315.895
1360.837 1358.777 1356.718 1354.659 1352.724 1350.791 1348.858 1346.925 1345.071 1343.319 1341.568 1339.817 1338.065 1336.46 1334.875 1333.289 1331.703 1330.061 1328.307 1326.553 1324.8 1323.046 1321.624 1320.295 1318.966 1317.636 1316.291 1314.893 1313.495 1312.096 1310.698 1309.355 1308.038 1306.721 1305.404 1304.155 1303.362 1302.568 1301.775 1300.982 1300.808 1301.085 1301.362 1301.638 1301.923 1302.497 1303.071 1303.645 1304.218 1304.785 1305.344 1305.902 1306.461 1307.02 1307.973 1308.956 1309.94 1310.923 1311.932 1312.982 1314.032 1315.082 1316.132
1360.787 1358.696 1356.605 1354.514 1352.468 1350.422 1348.377 1346.332 1344.384 1342.563 1340.742 1338.922 1337.101 1335.407 1333.731 1332.054 1330.378 1328.681 1326.943 1325.205 1323.467 1321.729 1320.353 1319.077 1317.801 1316.526 1315.237 1313.908 1312.58 1311.251 1309.922 1308.67 1307.455 1306.239 1305.024 1303.87 1303.124 1302.379 1301.634 1300.888 1300.698 1300.911 1301.123 1301.336 1301.557 1302.083 1302.609 1303.134 1303.66 1304.196 1304.744 1305.292 1305.841 1306.389 1307.365 1308.376 1309.386 1310.396 1311.457 1312.604 1313.75 1314.896 1316.042
1360.738 1358.615 1356.492 1354.369 1352.211 1350.054 1347.896 1345.739 1343.697 1341.807 1339.917 1338.026 1336.136 1334.354 1332.587 1330.82 1329.052 1327.3 1325.578 1323.856 1322.134 1320.413 1319.082 1317.859 1316.637 1315.415 1314.184 1312.924 1311.665 1310.405 1309.146 1307.985 1306.872 1305.758 1304.644 1303.584 1302.887 1302.19 1301.492 1300.795 1300.588 1300.736 1300.885 1301.033 1301.191 1301.669 1302.146 1302.624 1303.101 1303.607 1304.145 1304.682 1305.22 1305.757 1306.758 1307.795 1308.832 1309.869 1310.983 1312.225 1313.468 1314.71 1315.953
1360.689 1358.534 1356.378 1354.223 1351.955 1349.685 1347.415 1345.146 1343.01 1341.051 1339.091 1337.131 1335.172 1333.302 1331.443 1329.585 1327.727 1325.919 1324.213 1322.508 1320.802 1319.096 1317.81 1316.641 1315.473 1314.304 1313.13 1311.94 1310.75 1309.56 1308.37 1307.301 1306.288 1305.276 1304.264 1303.299 1302.65 1302.0 1301.351 1300.702 1300.478 1300.562 1300.646 1300.731 1300.825 1301.254 1301.684 1302.113 1302.543 1303.019 1303.546 1304.072 1304.599 1305.126 1306.151 1307.214 1308.278 1309.341 1310.509 1311.847 1313.186 1314.524 1315.863
1360.64 1358.452 1356.265 1354.078 1351.698 1349.316 1346.934 1344.552 1342.324 1340.295 1338.265 1336.236 1334.207 1332.249 1330.299 1328.35 1326.401 1324.538 1322.849 1321.159 1319.469 1317.779 1316.539 1315.424 1314.308 1313.193 1312.076 1310.955 1309.835 1308.714 1307.594 1306.616 1305.705 1304.794 1303.884 1303.013 1302.412 1301.811 1301.21 1300.609 1300.368 1300.388 1300.408 1300.428 1300.459 1300.84 1301.221 1301.603 1301.984 1302.43 1302.946 1303.462 1303.978 1304.494 1305.543 1306.633 1307.724 1308.814 1310.034 1311.469 1312.904 1314.339 1315.773
1359.934 1357.733 1355.532 1353.331 1350.993 1348.653 1346.313 1343.972 1341.779 1339.775 1337.772 1335.769 1333.765 1331.755 1329.745 1327.734 1325.724 1323.795 1322.029 1320.264 1318.499 1316.733 1315.415 1314.221 1313.027 1311.833 1310.674 1309.634 1308.594 1307.554 1306.514 1305.639 1304.84 1304.042 1303.244 1302.485 1301.987 1301.489 1300.99 1300.493 1300.283 1300.283 1300.283 1300.283 1300.292 1300.604 1300.915 1301.226 1301.537 1301.915 1302.365 1302.816 1303.266 1303.717 1304.741 1305.811 1306.88 1307.949 1309.186 1310.698 1312.211 1313.724 1315.236
1358.929 1356.723 1354.516 1352.31 1350.082 1347.854 1345.626 1343.398 1341.298 1339.364 1337.43 1335.497 1333.563 1331.518 1329.46 1327.401 1325.342 1323.342 1321.459 1319.576 1317.693 1315.81 1314.358 1313.025 1311.692 1310.359 1309.114 1308.159 1307.204 1306.25 1305.295 1304.527 1303.846 1303.166 1302.485 1301.845 1301.475 1301.105 1300.735 1300.366 1300.21 1300.21 1300.21 1300.21 1300.217 1300.448 1300.679 1300.91 1301.141 1301.434 1301.794 1302.153 1302.513 1302.872 1303.851 1304.877 1305.904 1306.93 1308.166 1309.749 1311.331 1312.913 1314.495
1357.924 1355.712 1353.501 1351.289 1349.172 1347.056 1344.94 1342.824 1340.818 1338.953 1337.089 1335.225 1333.36 1331.281 1329.175 1327.068 1324.961 1322.89 1320.889 1318.889 1316.888 1314.888 1313.301 1311.829 1310.357 1308.885 1307.553 1306.684 1305.815 1304.946 1304.077 1303.416 1302.853 1302.289 1301.726 1301.205 1300.963 1300.722 1300.48 1300.239 1300.137 1300.137 1300.137 1300.137 1300.142 1300.293 1300.444 1300.595 1300.745 1300.953 1301.222 1301.49 1301.759 1302.028 1302.96 1303.944 1304.928 1305.911 1307.147 1308.799 1310.45 1312.102 1313.753
