data/zism_data/00765_03_D.txt
ncols         224
nrows         224
[rows 28 to 55 of 224, columns 0 to 62 of 224]
4667.706 4667.169 4666.632 4666.095 4665.558 4665.442 4665.593 4665.743 4665.894 4666.06 4666.556 4667.053 4667.55 4668.046 4668.881 4670.091 4671.301 4672.511 4673.72 4674.689 4675.632 4676.576 4677.519 4678.292 4678.728 4679.163 4679.599 4680.034 4680.778 4681.616 4682.453 4683.291 4684.218 4685.51 4686.802 4688.094 4689.386 4690.801 4692.289 4693.776 4695.264 4696.708 4697.438 4698.167 4698.897 4699.627 4700.0 4700.0 4700.0 4700.0 4700.0 4699.959 4699.914 4699.869 4699.825 4699.611 4699.083 4698.556 4698.029 4697.502 4695.621 4693.359 4691.098
4666.642 4665.912 4665.182 4664.452 4663.722 4663.479 4663.544 4663.609 4663.673 4663.761 4664.349 4664.937 4665.524 4666.112 4667.023 4668.292 4669.561 4670.829 4672.098 4673.0 4673.862 4674.726 4675.588 4676.322 4676.801 4677.279 4677.757 4678.236 4679.006 4679.865 4680.725 4681.584 4682.539 4683.884 4685.23 4686.576 4687.921 4689.45 4691.088 4692.726 4694.364 4695.958 4696.854 4697.75 4698.646 4699.542 4700.0 4700.0 4700.0 4700.0 4700.0 4699.944 4699.883 4699.822 4699.761 4699.526 4698.967 4698.407 4697.848 4697.289 4695.4 4693.139 4690.877
4665.562 4664.646 4663.731 4662.816 4661.901 4661.545 4661.541 4661.537 4661.533 4661.559 4662.231 4662.903 4663.576 4664.249 4665.229 4666.549 4667.871 4669.191 4670.513 4671.364 4672.167 4672.969 4673.771 4674.476 4674.987 4675.497 4676.008 4676.519 4677.321 4678.212 4679.104 4679.995 4680.99 4682.407 4683.825 4685.243 4686.661 4688.297 4690.064 4691.831 4693.598 4695.321 4696.351 4697.379 4698.409 4699.438 4699.968 4699.976 4699.983 4699.991 4700.0 4699.929 4699.852 4699.775 4699.698 4699.43 4698.807 4698.184 4697.561 4696.938 4695.039 4692.783 4690.526
4664.43 4663.354 4662.278 4661.202 4660.126 4659.698 4659.678 4659.658 4659.638 4659.651 4660.388 4661.125 4661.861 4662.598 4663.627 4664.98 4666.333 4667.687 4669.04 4669.895 4670.697 4671.5 4672.302 4673.006 4673.517 4674.028 4674.539 4675.049 4675.901 4676.856 4677.812 4678.767 4679.839 4681.386 4682.932 4684.479 4686.025 4687.75 4689.581 4691.412 4693.243 4695.029 4696.09 4697.152 4698.213 4699.274 4699.836 4699.876 4699.917 4699.957 4699.997 4699.915 4699.821 4699.729 4699.635 4699.3 4698.516 4697.732 4696.948 4696.164 4694.247 4692.013 4689.778
4663.298 4662.062 4660.825 4659.588 4658.352 4657.851 4657.815 4657.779 4657.743 4657.743 4658.544 4659.346 4660.146 4660.948 4662.026 4663.411 4664.796 4666.182 4667.567 4668.425 4669.228 4670.03 4670.832 4671.537 4672.047 4672.558 4673.069 4673.58 4674.48 4675.5 4676.52 4677.54 4678.689 4680.364 4682.039 4683.714 4685.389 4687.202 4689.098 4690.993 4692.889 4694.737 4695.831 4696.924 4698.018 4699.111 4699.705 4699.777 4699.85 4699.922 4699.994 4699.899 4699.791 4699.681 4699.572 4699.17 4698.226 4697.281 4696.336 4695.391 4693.456 4691.243 4689.029
4662.167 4660.769 4659.372 4657.974 4656.577 4656.004 4655.952 4655.9 4655.848 4655.835 4656.701 4657.566 4658.432 4659.297 4660.425 4661.842 4663.26 4664.677 4666.095 4666.956 4667.758 4668.56 4669.363 4670.067 4670.578 4671.088 4671.599 4672.11 4673.06 4674.144 4675.229 4676.313 4677.539 4679.342 4681.146 4682.95 4684.753 4686.655 4688.615 4690.574 4692.534 4694.445 4695.571 4696.696 4697.822 4698.948 4699.574 4699.678 4699.783 4699.887 4699.992 4699.885 4699.76 4699.634 4699.509 4699.041 4697.935 4696.829 4695.724 4694.618 4692.664 4690.472 4688.281
4661.035 4659.477 4657.918 4656.36 4654.802 4654.157 4654.089 4654.021 4653.953 4653.928 4654.858 4655.788 4656.717 4657.647 4658.823 4660.273 4661.723 4663.172 4664.622 4665.486 4666.288 4667.09 4667.893 4668.598 4669.108 4669.619 4670.129 4670.64 4671.64 4672.788 4673.937 4675.085 4676.388 4678.32 4680.253 4682.185 4684.118 4686.107 4688.131 4690.155 4692.179 4694.153 4695.311 4696.469 4697.626 4698.785 4699.443 4699.58 4699.716 4699.853 4699.989 4699.87 4699.729 4699.587 4699.446 4698.911 4697.644 4696.378 4695.111 4693.845 4691.873 4689.702 4687.532
4660.54 4658.878 4657.216 4655.554 4653.892 4653.179 4653.064 4652.949 4652.834 4652.764 4653.659 4654.554 4655.449 4656.344 4657.481 4658.887 4660.293 4661.699 4663.104 4663.926 4664.687 4665.447 4666.208 4666.888 4667.41 4667.932 4668.455 4668.977 4670.086 4671.375 4672.664 4673.953 4675.38 4677.369 4679.357 4681.346 4683.335 4685.348 4687.375 4689.402 4691.43 4693.412 4694.667 4695.922 4697.177 4698.432 4699.17 4699.369 4699.568 4699.768 4699.967 4699.852 4699.709 4699.567 4699.425 4698.869 4697.544 4696.22 4694.896 4693.571 4691.549 4689.332 4687.115
4660.305 4658.563 4656.82 4655.078 4653.335 4652.555 4652.381 4652.207 4652.033 4651.903 4652.723 4653.543 4654.363 4655.184 4656.246 4657.576 4658.907 4660.238 4661.568 4662.33 4663.031 4663.733 4664.434 4665.081 4665.619 4666.157 4666.696 4667.234 4668.479 4669.939 4671.4 4672.86 4674.43 4676.446 4678.461 4680.477 4682.492 4684.501 4686.507 4688.514 4690.52 4692.489 4693.867 4695.245 4696.623 4698.001 4698.839 4699.113 4699.388 4699.662 4699.936 4699.832 4699.695 4699.559 4699.422 4698.863 4697.523 4696.182 4694.842 4693.501 4691.417 4689.125 4686.833
4660.07 4658.247 4656.424 4654.602 4652.779 4651.931 4651.698 4651.465 4651.232 4651.042 4651.788 4652.533 4653.277 4654.022 4655.01 4656.265 4657.521 4658.777 4660.032 4660.733 4661.375 4662.018 4662.661 4663.274 4663.828 4664.382 4664.937 4665.491 4666.871 4668.503 4670.135 4671.768 4673.48 4675.522 4677.565 4679.607 4681.649 4683.655 4685.64 4687.625 4689.609 4691.565 4693.066 4694.568 4696.069 4697.57 4698.508 4698.857 4699.207 4699.556 4699.905 4699.813 4699.681 4699.55 4699.418 4698.858 4697.501 4696.145 4694.788 4693.431 4691.285 4688.917 4686.55
4659.835 4657.932 4656.028 4654.125 4652.222 4651.307 4651.015 4650.723 4650.432 4650.182 4650.852 4651.522 4652.192 4652.862 4653.774 4654.955 4656.135 4657.315 4658.496 4659.137 4659.72 4660.304 4660.888 4661.467 4662.037 4662.607 4663.178 4663.748 4665.264 4667.067 4668.871 4670.674 4672.53 4674.599 4676.668 4678.737 4680.807 4682.809 4684.772 4686.735 4688.698 4690.642 4692.266 4693.891 4695.516 4697.14 4698.178 4698.602 4699.026 4699.451 4699.875 4699.793 4699.667 4699.541 4699.415 4698.852 4697.479 4696.107 4694.734 4693.361 4691.153 4688.71 4686.268
4659.641 4657.671 4655.701 4653.731 4651.762 4650.789 4650.445 4650.101 4649.756 4649.453 4650.041 4650.628 4651.215 4651.803 4652.628 4653.718 4654.808 4655.897 4656.987 4657.556 4658.071 4658.585 4659.1 4659.636 4660.217 4660.798 4661.379 4661.96 4663.585 4665.528 4667.472 4669.415 4671.39 4673.49 4675.591 4677.691 4679.792 4681.802 4683.76 4685.717 4687.675 4689.62 4691.364 4693.108 4694.852 4696.597 4697.738 4698.25 4698.763 4699.275 4699.788 4699.729 4699.621 4699.512 4699.403 4698.847 4697.461 4696.076 4694.689 4693.304 4691.027 4688.501 4685.975
4659.641 4657.671 4655.701 4653.731 4651.762 4650.776 4650.41 4650.044 4649.679 4649.35 4649.819 4650.289 4650.758 4651.228 4651.913 4652.836 4653.76 4654.683 4655.607 4656.053 4656.45 4656.846 4657.243 4657.696 4658.261 4658.826 4659.39 4659.955 4661.568 4663.501 4665.434 4667.366 4669.343 4671.497 4673.651 4675.805 4677.959 4680.033 4682.061 4684.088 4686.115 4688.132 4689.978 4691.824 4693.669 4695.516 4696.783 4697.445 4698.108 4698.771 4699.433 4699.455 4699.422 4699.388 4699.355 4698.847 4697.461 4696.076 4694.689 4693.304 4690.931 4688.282 4685.632
4659.641 4657.671 4655.701 4653.731 4651.762 4650.763 4650.375 4649.989 4649.602 4649.247 4649.598 4649.95 4650.301 4650.653 4651.197 4651.955 4652.712 4653.469 4654.227 4654.55 4654.829 4655.107 4655.386 4655.755 4656.304 4656.853 4657.401 4657.95 4659.551 4661.474 4663.396 4665.317 4667.296 4669.503 4671.711 4673.919 4676.126 4678.265 4680.361 4682.458 4684.555 4686.644 4688.591 4690.539 4692.487 4694.435 4695.828 4696.64 4697.453 4698.265 4699.078 4699.181 4699.223 4699.265 4699.306 4698.847 4697.461 4696.076 4694.689 4693.304 4690.834 4688.062 4685.29
4659.641 4657.671 4655.701 4653.731 4651.762 4650.75 4650.341 4649.933 4649.524 4649.144 4649.377 4649.611 4649.845 4650.078 4650.481 4651.073 4651.664 4652.255 4652.846 4653.047 4653.208 4653.369 4653.529 4653.815 4654.348 4654.88 4655.413 4655.945 4657.535 4659.446 4661.357 4663.269 4665.249 4667.51 4669.771 4672.033 4674.294 4676.496 4678.663 4680.829 4682.996 4685.155 4687.205 4689.255 4691.304 4693.354 4694.872 4695.835 4696.797 4697.76 4698.723 4698.907 4699.024 4699.141 4699.257 4698.847 4697.461 4696.076 4694.689 4693.304 4690.738 4687.842 4684.947
4659.641 4657.671 4655.701 4653.731 4651.762 4650.736 4650.307 4649.876 4649.447 4649.041 4649.156 4649.272 4649.388 4649.503 4649.766 4650.191 4650.616 4651.041 4651.465 4651.544 4651.587 4651.63 4651.673 4651.875 4652.391 4652.908 4653.424 4653.94 4655.518 4657.418 4659.319 4661.22 4663.202 4665.517 4667.832 4670.146 4672.461 4674.727 4676.963 4679.199 4681.436 4683.667 4685.818 4687.97 4690.122 4692.273 4693.917 4695.03 4696.143 4697.255 4698.368 4698.633 4698.825 4699.017 4699.208 4698.847 4697.461 4696.076 4694.689 4693.304 4690.642 4687.623 4684.604
4659.819 4657.883 4655.948 4654.012 4652.077 4651.026 4650.534 4650.042 4649.549 4649.08 4649.126 4649.171 4649.217 4649.263 4649.436 4649.749 4650.062 4650.375 4650.689 4650.719 4650.719 4650.719 4650.719 4650.874 4651.337 4651.8 4652.263 4652.726 4654.19 4655.96 4657.731 4659.501 4661.386 4663.741 4666.096 4668.451 4670.806 4673.102 4675.364 4677.625 4679.887 4682.143 4684.311 4686.479 4688.646 4690.814 4692.525 4693.757 4694.989 4696.221 4697.453 4697.854 4698.182 4698.51 4698.839 4698.581 4697.236 4695.891 4694.546 4693.201 4690.524 4687.474 4684.424
4660.098 4658.216 4656.334 4654.452 4652.57 4651.488 4650.91 4650.332 4649.753 4649.201 4649.204 4649.206 4649.209 4649.211 4649.324 4649.557 4649.79 4650.023 4650.256 4650.278 4650.278 4650.278 4650.278 4650.408 4650.796 4651.184 4651.571 4651.959 4653.254 4654.826 4656.398 4657.97 4659.703 4662.09 4664.477 4666.864 4669.251 4671.559 4673.82 4676.082 4678.344 4680.598 4682.733 4684.869 4687.005 4689.141 4690.885 4692.219 4693.552 4694.886 4696.22 4696.787 4697.287 4697.787 4698.287 4698.163 4696.882 4695.601 4694.32 4693.04 4690.394 4687.365 4684.336
4660.377 4658.549 4656.721 4654.893 4653.064 4651.95 4651.286 4650.622 4649.958 4649.321 4649.281 4649.241 4649.201 4649.161 4649.212 4649.365 4649.517 4649.67 4649.823 4649.837 4649.837 4649.837 4649.837 4649.942 4650.255 4650.567 4650.88 4651.193 4652.319 4653.692 4655.066 4656.439 4658.019 4660.438 4662.857 4665.276 4667.696 4670.016 4672.277 4674.539 4676.8 4679.053 4681.156 4683.26 4685.364 4687.467 4689.244 4690.68 4692.116 4693.552 4694.988 4695.72 4696.392 4697.063 4697.734 4697.744 4696.528 4695.312 4694.095 4692.879 4690.264 4687.256 4684.249
4660.656 4658.882 4657.107 4655.333 4653.558 4652.412 4651.662 4650.912 4650.163 4649.442 4649.359 4649.276 4649.193 4649.11 4649.1 4649.172 4649.245 4649.317 4649.389 4649.396 4649.396 4649.396 4649.396 4649.476 4649.714 4649.951 4650.189 4650.427 4651.383 4652.558 4653.733 4654.909 4656.335 4658.787 4661.238 4663.689 4666.141 4668.473 4670.734 4672.996 4675.257 4677.508 4679.58 4681.651 4683.722 4685.793 4687.604 4689.142 4690.679 4692.217 4693.755 4694.653 4695.496 4696.339 4697.182 4697.326 4696.174 4695.022 4693.87 4692.718 4690.134 4687.147 4684.162
4660.981 4659.253 4657.525 4655.797 4654.069 4652.885 4652.044 4651.203 4650.362 4649.553 4649.431 4649.309 4649.187 4649.064 4649.0 4649.0 4649.0 4649.0 4649.0 4649.0 4649.0 4649.0 4649.0 4649.056 4649.222 4649.389 4649.555 4649.722 4650.514 4651.497 4652.479 4653.462 4654.737 4657.198 4659.66 4662.122 4664.583 4666.918 4669.177 4671.436 4673.695 4675.941 4677.987 4680.033 4682.079 4684.124 4685.965 4687.59 4689.216 4690.842 4692.468 4693.518 4694.517 4695.516 4696.516 4696.784 4695.697 4694.61 4693.524 4692.437 4689.897 4686.949 4684.0
4661.713 4659.969 4658.225 4656.481 4654.737 4653.461 4652.48 4651.5 4650.52 4649.577 4649.45 4649.322 4649.194 4649.067 4649.0 4649.0 4649.0 4649.0 4649.0 4649.0 4649.0 4649.0 4649.0 4649.043 4649.172 4649.301 4649.43 4649.559 4650.235 4651.079 4651.922 4652.766 4653.893 4656.172 4658.451 4660.731 4663.01 4665.26 4667.492 4669.724 4671.956 4674.179 4676.257 4678.335 4680.413 4682.491 4684.332 4685.926 4687.52 4689.114 4690.708 4691.774 4692.794 4693.815 4694.836 4695.145 4694.133 4693.121 4692.11 4691.098 4688.716 4685.951 4683.185
4662.445 4660.685 4658.925 4657.165 4655.404 4654.037 4652.917 4651.797 4650.678 4649.602 4649.469 4649.335 4649.203 4649.07 4649.0 4649.0 4649.0 4649.0 4649.0 4649.0 4649.0 4649.0 4649.0 4649.031 4649.122 4649.213 4649.305 4649.396 4649.957 4650.661 4651.365 4652.069 4653.048 4655.146 4657.243 4659.34 4661.437 4663.602 4665.807 4668.013 4670.218 4672.417 4674.527 4676.638 4678.748 4680.858 4682.7 4684.262 4685.823 4687.385 4688.946 4690.03 4691.072 4692.114 4693.156 4693.505 4692.568 4691.632 4690.695 4689.759 4687.536 4684.953 4682.369
4663.177 4661.4 4659.625 4657.848 4656.072 4654.613 4653.354 4652.095 4650.835 4649.625 4649.487 4649.349 4649.211 4649.073 4649.0 4649.0 4649.0 4649.0 4649.0 4649.0 4649.0 4649.0 4649.0 4649.018 4649.072 4649.126 4649.18 4649.233 4649.679 4650.244 4650.808 4651.373 4652.204 4654.119 4656.034 4657.949 4659.864 4661.944 4664.123 4666.301 4668.479 4670.656 4672.798 4674.94 4677.083 4679.225 4681.067 4682.597 4684.126 4685.656 4687.186 4688.286 4689.35 4690.413 4691.477 4691.866 4691.004 4690.143 4689.281 4688.42 4686.356 4683.955 4681.553
4663.909 4662.116 4660.324 4658.532 4656.739 4655.188 4653.79 4652.392 4650.994 4649.65 4649.506 4649.363 4649.219 4649.076 4649.0 4649.0 4649.0 4649.0 4649.0 4649.0 4649.0 4649.0 4649.0 4649.005 4649.022 4649.038 4649.054 4649.071 4649.4 4649.826 4650.251 4650.676 4651.359 4653.092 4654.825 4656.558 4658.291 4660.286 4662.438 4664.589 4666.741 4668.894 4671.068 4673.243 4675.417 4677.592 4679.435 4680.933 4682.43 4683.927 4685.424 4686.542 4687.627 4688.712 4689.797 4690.227 4689.44 4688.654 4687.867 4687.081 4685.175 4682.956 4680.737
4664.941 4663.112 4661.282 4659.452 4657.623 4655.97 4654.43 4652.889 4651.348 4649.866 4649.675 4649.483 4649.292 4649.101 4649.0 4649.0 4649.0 4649.0 4649.0 4649.0 4649.0 4649.0 4649.0 4649.0 4649.0 4649.0 4649.0 4649.0 4649.245 4649.564 4649.883 4650.203 4650.757 4652.268 4653.779 4655.29 4656.801 4658.654 4660.709 4662.764 4664.819 4666.882 4669.07 4671.259 4673.447 4675.636 4677.482 4678.972 4680.461 4681.951 4683.44 4684.558 4685.643 4686.728 4687.813 4688.28 4687.603 4686.924 4686.246 4685.568 4683.8 4681.728 4679.654
4666.205 4664.322 4662.438 4660.556 4658.672 4656.91 4655.225 4653.539 4651.854 4650.23 4649.958 4649.687 4649.415 4649.143 4649.0 4649.0 4649.0 4649.0 4649.0 4649.0 4649.0 4649.0 4649.0 4649.0 4649.0 4649.0 4649.0 4649.0 4649.183 4649.422 4649.661 4649.9 4650.34 4651.599 4652.858 4654.117 4655.376 4657.041 4658.946 4660.851 4662.756 4664.677 4666.866 4669.054 4671.243 4673.431 4675.283 4676.783 4678.283 4679.784 4681.284 4682.387 4683.457 4684.525 4685.595 4686.099 4685.554 4685.01 4684.466 4683.922 4682.276 4680.321 4678.365
4667.469 4665.532 4663.595 4661.659 4659.722 4657.85 4656.02 4654.19 4652.359 4650.594 4650.242 4649.89 4649.537 4649.185 4649.0 4649.0 4649.0 4649.0 4649.0 4649.0 4649.0 4649.0 4649.0 4649.0 4649.0 4649.0 4649.0 4649.0 4649.122 4649.28 4649.438 4649.597 4649.922 4650.93 4651.937 4652.944 4653.952 4655.428 4657.183 4658.938 4660.693 4662.473 4664.661 4666.85 4669.039 4671.227 4673.084 4674.595 4676.105 4677.616 4679.127 4680.217 4681.27 4682.323 4683.376 4683.917 4683.506 4683.096 4682.687 4682.276 4680.751 4678.914 4677.077
