data/zism_data/00766_01_D.txt
ncols         224
nrows         224
[rows 168 to 195 of 224, columns 63 to 125 of 224]
1635.44 1634.406 1633.373 1632.339 1631.306 1630.488 1629.736 1628.984 1628.232 1627.468 1626.666 1625.864 1625.062 1624.26 1623.27 1622.199 1621.128 1620.057 1619.003 1618.035 1617.067 1616.1 1615.132 1614.122 1613.087 1612.052 1611.017 1609.973 1608.833 1607.694 1606.554 1605.414 1604.36 1603.375 1602.39 1601.405 1600.426 1599.881 1599.336 1598.791 1598.245 1597.762 1597.345 1596.929 1596.513 1596.096 1595.524 1594.943 1594.361 1593.78 1593.091 1592.247 1591.402 1590.558 1589.714 1588.863 1588.011 1587.159 1586.307 1585.439 1584.538 1583.638 1582.737
1634.383 1633.409 1632.435 1631.46 1630.486 1629.72 1629.016 1628.312 1627.609 1626.883 1626.087 1625.29 1624.493 1623.696 1622.728 1621.683 1620.639 1619.595 1618.562 1617.583 1616.605 1615.626 1614.648 1613.631 1612.59 1611.55 1610.509 1609.457 1608.285 1607.114 1605.942 1604.77 1603.721 1602.774 1601.827 1600.879 1599.938 1599.387 1598.837 1598.286 1597.735 1597.249 1596.833 1596.416 1596.0 1595.584 1595.017 1594.44 1593.864 1593.288 1592.616 1591.804 1590.992 1590.18 1589.368 1588.488 1587.599 1586.709 1585.819 1584.921 1584.004 1583.087 1582.171
1633.327 1632.412 1631.497 1630.582 1629.667 1628.951 1628.296 1627.641 1626.985 1626.299 1625.507 1624.716 1623.924 1623.133 1622.185 1621.167 1620.15 1619.133 1618.12 1617.131 1616.142 1615.153 1614.163 1613.139 1612.093 1611.047 1610.001 1608.942 1607.738 1606.533 1605.329 1604.125 1603.083 1602.173 1601.263 1600.354 1599.449 1598.893 1598.337 1597.781 1597.226 1596.736 1596.32 1595.904 1595.487 1595.071 1594.509 1593.938 1593.367 1592.797 1592.141 1591.361 1590.581 1589.801 1589.022 1588.114 1587.186 1586.259 1585.332 1584.402 1583.47 1582.537 1581.604
1632.271 1631.415 1630.559 1629.703 1628.847 1628.183 1627.576 1626.969 1626.362 1625.714 1624.928 1624.142 1623.356 1622.57 1621.642 1620.652 1619.661 1618.671 1617.679 1616.679 1615.679 1614.679 1613.679 1612.647 1611.596 1610.545 1609.494 1608.426 1607.19 1605.953 1604.717 1603.48 1602.444 1601.572 1600.7 1599.828 1598.961 1598.4 1597.838 1597.277 1596.716 1596.224 1595.807 1595.391 1594.974 1594.558 1594.001 1593.436 1592.87 1592.305 1591.666 1590.918 1590.171 1589.423 1588.676 1587.739 1586.774 1585.809 1584.844 1583.884 1582.935 1581.986 1581.037
1631.264 1630.435 1629.605 1628.776 1627.946 1627.302 1626.714 1626.126 1625.539 1624.909 1624.142 1623.374 1622.607 1621.839 1620.947 1620.0 1619.053 1618.106 1617.148 1616.13 1615.113 1614.096 1613.078 1612.035 1610.975 1609.915 1608.855 1607.783 1606.583 1605.383 1604.183 1602.983 1601.975 1601.125 1600.274 1599.423 1598.576 1598.0 1597.423 1596.847 1596.27 1595.764 1595.335 1594.905 1594.476 1594.046 1593.469 1592.883 1592.296 1591.71 1591.075 1590.37 1589.665 1588.959 1588.254 1587.339 1586.391 1585.445 1584.498 1583.548 1582.593 1581.637 1580.682
1630.289 1629.465 1628.641 1627.817 1626.993 1626.35 1625.762 1625.174 1624.586 1623.963 1623.223 1622.482 1621.741 1621.001 1620.154 1619.261 1618.368 1617.475 1616.558 1615.52 1614.481 1613.442 1612.403 1611.344 1610.274 1609.203 1608.132 1607.058 1605.938 1604.819 1603.7 1602.58 1601.615 1600.775 1599.935 1599.095 1598.259 1597.661 1597.063 1596.464 1595.866 1595.339 1594.888 1594.437 1593.986 1593.535 1592.921 1592.297 1591.673 1591.049 1590.411 1589.755 1589.098 1588.441 1587.784 1586.921 1586.028 1585.135 1584.242 1583.328 1582.373 1581.418 1580.462
1629.314 1628.495 1627.677 1626.858 1626.039 1625.398 1624.81 1624.222 1623.634 1623.017 1622.303 1621.59 1620.876 1620.163 1619.361 1618.522 1617.683 1616.844 1615.969 1614.909 1613.848 1612.788 1611.727 1610.654 1609.573 1608.491 1607.41 1606.332 1605.294 1604.255 1603.216 1602.178 1601.255 1600.425 1599.596 1598.767 1597.941 1597.321 1596.702 1596.082 1595.463 1594.913 1594.441 1593.968 1593.496 1593.023 1592.372 1591.711 1591.049 1590.388 1589.747 1589.139 1588.531 1587.922 1587.313 1586.504 1585.665 1584.826 1583.986 1583.108 1582.153 1581.198 1580.243
1628.339 1627.526 1626.712 1625.899 1625.086 1624.446 1623.858 1623.27 1622.682 1622.071 1621.384 1620.698 1620.011 1619.324 1618.569 1617.783 1616.998 1616.212 1615.38 1614.298 1613.216 1612.134 1611.052 1609.964 1608.871 1607.779 1606.687 1605.607 1604.649 1603.691 1602.733 1601.775 1600.894 1600.076 1599.257 1598.439 1597.623 1596.982 1596.341 1595.7 1595.059 1594.488 1593.994 1593.5 1593.006 1592.512 1591.824 1591.125 1590.426 1589.726 1589.083 1588.523 1587.963 1587.403 1586.843 1586.087 1585.302 1584.516 1583.731 1582.889 1581.933 1580.978 1580.023
1627.358 1626.551 1625.745 1624.938 1624.132 1623.492 1622.903 1622.314 1621.725 1621.12 1620.46 1619.801 1619.142 1618.483 1617.769 1617.031 1616.294 1615.556 1614.761 1613.66 1612.559 1611.458 1610.357 1609.258 1608.16 1607.062 1605.964 1604.885 1604.004 1603.123 1602.243 1601.362 1600.523 1599.717 1598.912 1598.107 1597.304 1596.642 1595.981 1595.319 1594.657 1594.066 1593.55 1593.035 1592.52 1592.004 1591.283 1590.549 1589.815 1589.082 1588.436 1587.919 1587.402 1586.885 1586.368 1585.662 1584.928 1584.194 1583.46 1582.652 1581.697 1580.743 1579.788
1626.269 1625.495 1624.72 1623.946 1623.172 1622.524 1621.913 1621.302 1620.692 1620.078 1619.457 1618.835 1618.214 1617.593 1616.856 1616.07 1615.284 1614.498 1613.666 1612.586 1611.507 1610.427 1609.348 1608.304 1607.281 1606.259 1605.236 1604.227 1603.363 1602.498 1601.633 1600.769 1599.966 1599.215 1598.464 1597.712 1596.962 1596.295 1595.628 1594.961 1594.294 1593.692 1593.16 1592.629 1592.097 1591.566 1590.859 1590.141 1589.423 1588.706 1588.052 1587.492 1586.932 1586.372 1585.812 1585.11 1584.387 1583.663 1582.94 1582.143 1581.199 1580.255 1579.311
1625.18 1624.438 1623.696 1622.954 1622.212 1621.555 1620.923 1620.29 1619.658 1619.037 1618.453 1617.87 1617.286 1616.702 1615.944 1615.109 1614.275 1613.44 1612.57 1611.512 1610.454 1609.396 1608.339 1607.35 1606.402 1605.455 1604.508 1603.569 1602.721 1601.872 1601.024 1600.175 1599.41 1598.712 1598.015 1597.317 1596.62 1595.948 1595.275 1594.603 1593.93 1593.318 1592.77 1592.222 1591.675 1591.127 1590.435 1589.733 1589.031 1588.33 1587.668 1587.065 1586.462 1585.859 1585.256 1584.558 1583.845 1583.133 1582.42 1581.634 1580.701 1579.768 1578.834
1624.091 1623.381 1622.672 1621.962 1621.253 1620.586 1619.932 1619.279 1618.625 1617.996 1617.45 1616.904 1616.358 1615.812 1615.031 1614.148 1613.265 1612.382 1611.475 1610.438 1609.402 1608.366 1607.329 1606.396 1605.524 1604.652 1603.78 1602.912 1602.079 1601.247 1600.414 1599.582 1598.854 1598.21 1597.566 1596.922 1596.278 1595.6 1594.923 1594.245 1593.567 1592.944 1592.38 1591.816 1591.252 1590.689 1590.01 1589.325 1588.64 1587.954 1587.285 1586.639 1585.992 1585.346 1584.7 1584.006 1583.304 1582.602 1581.9 1581.125 1580.202 1579.28 1578.358
1623.002 1622.325 1621.647 1620.97 1620.293 1619.617 1618.942 1618.267 1617.592 1616.955 1616.447 1615.938 1615.43 1614.921 1614.119 1613.187 1612.256 1611.324 1610.38 1609.365 1608.35 1607.335 1606.32 1605.442 1604.645 1603.849 1603.052 1602.254 1601.438 1600.621 1599.805 1598.989 1598.297 1597.707 1597.117 1596.528 1595.936 1595.253 1594.57 1593.887 1593.204 1592.57 1591.99 1591.41 1590.83 1590.25 1589.586 1588.917 1588.248 1587.578 1586.901 1586.212 1585.523 1584.833 1584.144 1583.453 1582.762 1582.071 1581.38 1580.615 1579.704 1578.792 1577.881
1621.941 1621.307 1620.673 1620.039 1619.405 1618.727 1618.036 1617.344 1616.653 1616.002 1615.485 1614.968 1614.451 1613.933 1613.117 1612.17 1611.223 1610.276 1609.324 1608.35 1607.376 1606.402 1605.428 1604.589 1603.833 1603.076 1602.319 1601.559 1600.768 1599.976 1599.184 1598.392 1597.727 1597.167 1596.606 1596.046 1595.483 1594.811 1594.139 1593.467 1592.794 1592.159 1591.563 1590.967 1590.37 1589.774 1589.13 1588.482 1587.834 1587.187 1586.514 1585.803 1585.093 1584.383 1583.672 1582.978 1582.287 1581.596 1580.905 1580.142 1579.235 1578.329 1577.423
1620.908 1620.327 1619.747 1619.167 1618.587 1617.913 1617.211 1616.509 1615.807 1615.135 1614.564 1613.993 1613.422 1612.851 1612.03 1611.099 1610.168 1609.237 1608.308 1607.394 1606.479 1605.563 1604.649 1603.836 1603.084 1602.333 1601.582 1600.83 1600.07 1599.311 1598.551 1597.791 1597.144 1596.589 1596.034 1595.479 1594.922 1594.277 1593.631 1592.986 1592.341 1591.711 1591.099 1590.487 1589.875 1589.263 1588.642 1588.022 1587.401 1586.78 1586.123 1585.413 1584.702 1583.992 1583.281 1582.578 1581.876 1581.174 1580.472 1579.702 1578.796 1577.89 1576.983
1619.874 1619.348 1618.821 1618.295 1617.769 1617.099 1616.386 1615.673 1614.961 1614.268 1613.643 1613.018 1612.394 1611.769 1610.942 1610.027 1609.113 1608.198 1607.292 1606.437 1605.581 1604.725 1603.869 1603.082 1602.336 1601.59 1600.844 1600.1 1599.373 1598.646 1597.918 1597.191 1596.561 1596.011 1595.462 1594.912 1594.361 1593.743 1593.124 1592.506 1591.887 1591.264 1590.636 1590.008 1589.379 1588.751 1588.155 1587.561 1586.967 1586.373 1585.732 1585.022 1584.312 1583.601 1582.891 1582.178 1581.466 1580.753 1580.04 1579.263 1578.356 1577.45 1576.544
1618.841 1618.368 1617.895 1617.423 1616.95 1616.285 1615.561 1614.838 1614.114 1613.401 1612.722 1612.044 1611.365 1610.686 1609.855 1608.956 1608.057 1607.159 1606.276 1605.48 1604.683 1603.887 1603.09 1602.328 1601.588 1600.848 1600.107 1599.37 1598.675 1597.98 1597.285 1596.59 1595.978 1595.434 1594.889 1594.345 1593.8 1593.208 1592.617 1592.025 1591.434 1590.817 1590.172 1589.528 1588.884 1588.239 1587.668 1587.101 1586.534 1585.967 1585.342 1584.631 1583.921 1583.211 1582.5 1581.778 1581.055 1580.331 1579.608 1578.823 1577.917 1577.011 1576.104
1617.807 1617.388 1616.97 1616.551 1616.132 1615.471 1614.737 1614.002 1613.268 1612.534 1611.802 1611.069 1610.336 1609.604 1608.767 1607.885 1607.002 1606.12 1605.26 1604.523 1603.786 1603.048 1602.311 1601.575 1600.84 1600.105 1599.37 1598.641 1597.978 1597.315 1596.653 1595.99 1595.395 1594.856 1594.317 1593.778 1593.239 1592.674 1592.109 1591.545 1590.98 1590.37 1589.709 1589.048 1588.388 1587.727 1587.18 1586.64 1586.1 1585.56 1584.951 1584.241 1583.53 1582.82 1582.109 1581.378 1580.644 1579.91 1579.175 1578.384 1577.477 1576.571 1575.665
1616.994 1616.511 1616.028 1615.544 1615.061 1614.385 1613.65 1612.915 1612.18 1611.445 1610.711 1609.976 1609.241 1608.506 1607.723 1606.918 1606.114 1605.309 1604.516 1603.781 1603.046 1602.311 1601.576 1600.851 1600.132 1599.412 1598.693 1597.98 1597.334 1596.688 1596.042 1595.396 1594.812 1594.279 1593.745 1593.211 1592.676 1592.046 1591.415 1590.785 1590.155 1589.539 1588.94 1588.34 1587.74 1587.141 1586.603 1586.07 1585.536 1585.002 1584.414 1583.744 1583.075 1582.406 1581.737 1581.011 1580.276 1579.541 1578.806 1578.026 1577.156 1576.286 1575.416
1616.192 1615.638 1615.085 1614.532 1613.979 1613.286 1612.551 1611.816 1611.081 1610.347 1609.612 1608.877 1608.142 1607.407 1606.68 1605.956 1605.232 1604.509 1603.783 1603.048 1602.313 1601.579 1600.844 1600.129 1599.425 1598.722 1598.019 1597.322 1596.692 1596.063 1595.433 1594.803 1594.229 1593.701 1593.172 1592.644 1592.113 1591.413 1590.713 1590.013 1589.312 1588.691 1588.156 1587.621 1587.086 1586.551 1586.022 1585.494 1584.966 1584.438 1583.87 1583.243 1582.617 1581.991 1581.365 1580.644 1579.91 1579.175 1578.44 1577.673 1576.84 1576.007 1575.175
1615.389 1614.766 1614.143 1613.519 1612.896 1612.187 1611.452 1610.718 1609.983 1609.248 1608.513 1607.778 1607.043 1606.308 1605.637 1604.994 1604.351 1603.708 1603.051 1602.316 1601.581 1600.846 1600.111 1599.406 1598.719 1598.032 1597.345 1596.664 1596.051 1595.437 1594.823 1594.21 1593.646 1593.123 1592.6 1592.077 1591.551 1590.781 1590.01 1589.24 1588.47 1587.843 1587.373 1586.902 1586.432 1585.961 1585.442 1584.919 1584.396 1583.873 1583.325 1582.742 1582.159 1581.576 1580.993 1580.278 1579.543 1578.808 1578.074 1577.319 1576.524 1575.729 1574.934
1614.587 1613.893 1613.2 1612.507 1611.814 1611.088 1610.354 1609.619 1608.884 1608.149 1607.414 1606.679 1605.945 1605.21 1604.595 1604.033 1603.47 1602.908 1602.318 1601.583 1600.849 1600.114 1599.379 1598.684 1598.013 1597.342 1596.671 1596.006 1595.409 1594.812 1594.214 1593.617 1593.063 1592.546 1592.028 1591.51 1590.988 1590.148 1589.308 1588.468 1587.627 1586.995 1586.589 1586.183 1585.777 1585.372 1584.861 1584.343 1583.826 1583.308 1582.781 1582.241 1581.701 1581.161 1580.621 1579.912 1579.177 1578.442 1577.708 1576.965 1576.208 1575.451 1574.694
1613.751 1613.01 1612.268 1611.527 1610.786 1610.046 1609.307 1608.568 1607.828 1607.093 1606.369 1605.645 1604.921 1604.197 1603.623 1603.115 1602.608 1602.1 1601.558 1600.839 1600.119 1599.4 1598.68 1598.002 1597.35 1596.697 1596.045 1595.398 1594.812 1594.226 1593.641 1593.055 1592.493 1591.95 1591.407 1590.865 1590.317 1589.457 1588.597 1587.737 1586.878 1586.247 1585.866 1585.486 1585.105 1584.725 1584.231 1583.729 1583.228 1582.727 1582.221 1581.709 1581.197 1580.684 1580.172 1579.482 1578.764 1578.047 1577.33 1576.608 1575.877 1575.147 1574.417
1612.867 1612.109 1611.352 1610.594 1609.837 1609.085 1608.335 1607.585 1606.836 1606.098 1605.401 1604.704 1604.007 1603.31 1602.756 1602.264 1601.772 1601.281 1600.759 1600.077 1599.395 1598.713 1598.031 1597.381 1596.75 1596.119 1595.488 1594.861 1594.281 1593.7 1593.12 1592.54 1591.942 1591.329 1590.716 1590.104 1589.488 1588.682 1587.876 1587.07 1586.263 1585.645 1585.233 1584.82 1584.407 1583.994 1583.528 1583.06 1582.591 1582.122 1581.637 1581.13 1580.624 1580.117 1579.61 1578.958 1578.283 1577.609 1576.935 1576.245 1575.526 1574.806 1574.086
1611.983 1611.209 1610.436 1609.662 1608.889 1608.125 1607.364 1606.603 1605.843 1605.103 1604.433 1603.763 1603.093 1602.423 1601.888 1601.412 1600.937 1600.461 1599.959 1599.315 1598.671 1598.026 1597.382 1596.76 1596.15 1595.541 1594.931 1594.324 1593.749 1593.175 1592.6 1592.025 1591.391 1590.708 1590.025 1589.342 1588.659 1587.906 1587.154 1586.402 1585.649 1585.044 1584.599 1584.154 1583.709 1583.264 1582.826 1582.39 1581.953 1581.516 1581.053 1580.552 1580.051 1579.549 1579.048 1578.433 1577.802 1577.171 1576.54 1575.883 1575.174 1574.465 1573.756
1611.099 1610.309 1609.52 1608.73 1607.94 1607.164 1606.393 1605.621 1604.85 1604.108 1603.465 1602.822 1602.179 1601.535 1601.02 1600.561 1600.101 1599.642 1599.159 1598.553 1597.946 1597.34 1596.733 1596.138 1595.55 1594.962 1594.374 1593.788 1593.218 1592.649 1592.079 1591.51 1590.839 1590.087 1589.334 1588.581 1587.829 1587.131 1586.432 1585.734 1585.035 1584.443 1583.965 1583.488 1583.01 1582.533 1582.124 1581.72 1581.316 1580.911 1580.47 1579.974 1579.478 1578.981 1578.485 1577.909 1577.321 1576.733 1576.145 1575.52 1574.822 1574.124 1573.426
1610.215 1609.409 1608.603 1607.797 1606.991 1606.204 1605.422 1604.639 1603.857 1603.113 1602.497 1601.881 1601.265 1600.648 1600.152 1599.709 1599.266 1598.823 1598.359 1597.791 1597.222 1596.653 1596.084 1595.517 1594.95 1594.384 1593.817 1593.251 1592.687 1592.123 1591.558 1590.994 1590.288 1589.465 1588.643 1587.82 1587.0 1586.355 1585.711 1585.066 1584.421 1583.841 1583.331 1582.822 1582.312 1581.802 1581.422 1581.05 1580.678 1580.306 1579.886 1579.395 1578.904 1578.414 1577.923 1577.385 1576.84 1576.295 1575.75 1575.157 1574.47 1573.783 1573.095
1609.478 1608.725 1607.972 1607.219 1606.465 1605.706 1604.946 1604.185 1603.424 1602.702 1602.108 1601.514 1600.92 1600.326 1599.819 1599.351 1598.882 1598.414 1597.93 1597.367 1596.804 1596.24 1595.677 1595.091 1594.49 1593.89 1593.29 1592.688 1592.065 1591.441 1590.818 1590.195 1589.482 1588.695 1587.908 1587.121 1586.337 1585.705 1585.072 1584.44 1583.808 1583.221 1582.684 1582.146 1581.609 1581.071 1580.69 1580.318 1579.946 1579.574 1579.165 1578.703 1578.241 1577.778 1577.316 1576.779 1576.231 1575.683 1575.135 1574.549 1573.886 1573.223 1572.56
