data/zism_data/00772_03_D.txt
ncols         224
nrows         224
[rows 112 to 139 of 224, columns 130 to 194 of 224]
1152.637 1152.253 1152.798 1153.344 1153.889 1154.469 1157.386 1160.303 1163.219 1166.136 1169.056 1171.98 1174.903 1177.827 1180.75 1183.39 1186.002 1188.614 1191.226 1193.342 1194.583 1195.824 1197.066 1198.307 1198.581 1198.629 1198.678 1198.726 1198.74 1198.655 1198.57 1198.485 1198.4 1198.218 1197.995 1197.773 1197.55 1197.382 1197.498 1197.614 1197.73 1197.846 1198.106 1198.459 1198.812 1199.165 1199.567 1200.769 1201.972 1203.175 1204.378 1205.61 1206.872 1208.133 1209.395 1210.657 1211.397 1212.114 1212.831 1213.549 1212.333 1208.288 1204.242 1200.197 1196.152
1151.586 1151.18 1151.699 1152.217 1152.735 1153.289 1156.216 1159.144 1162.072 1164.999 1167.927 1170.856 1173.785 1176.714 1179.643 1182.357 1185.05 1187.743 1190.437 1192.649 1194.015 1195.38 1196.746 1198.112 1198.474 1198.604 1198.734 1198.863 1198.955 1198.94 1198.926 1198.911 1198.896 1198.65 1198.308 1197.967 1197.625 1197.332 1197.292 1197.251 1197.21 1197.17 1197.191 1197.252 1197.313 1197.374 1197.478 1198.292 1199.105 1199.919 1200.733 1201.552 1202.375 1203.199 1204.023 1204.847 1205.755 1206.666 1207.578 1208.49 1207.445 1203.534 1199.624 1195.714 1191.804
1151.788 1151.346 1151.79 1152.235 1152.679 1153.158 1156.033 1158.907 1161.781 1164.656 1167.524 1170.386 1173.247 1176.109 1178.97 1181.631 1184.273 1186.915 1189.556 1191.77 1193.23 1194.69 1196.15 1197.61 1198.07 1198.298 1198.526 1198.754 1198.927 1198.944 1198.961 1198.978 1198.995 1198.779 1198.469 1198.158 1197.848 1197.569 1197.462 1197.354 1197.247 1197.139 1197.077 1197.042 1197.008 1196.974 1196.968 1197.422 1197.877 1198.331 1198.786 1199.21 1199.605 1199.999 1200.394 1200.789 1201.52 1202.267 1203.014 1203.761 1202.577 1198.567 1194.557 1190.547 1186.536
1152.32 1151.838 1152.196 1152.554 1152.912 1153.305 1156.109 1158.913 1161.717 1164.521 1167.312 1170.087 1172.862 1175.637 1178.412 1180.987 1183.542 1186.097 1188.652 1190.842 1192.389 1193.935 1195.482 1197.029 1197.588 1197.919 1198.249 1198.579 1198.834 1198.873 1198.911 1198.95 1198.989 1198.829 1198.589 1198.349 1198.108 1197.882 1197.731 1197.581 1197.43 1197.279 1197.173 1197.096 1197.018 1196.941 1196.874 1196.977 1197.08 1197.183 1197.287 1197.321 1197.289 1197.257 1197.224 1197.192 1197.657 1198.144 1198.632 1199.119 1197.716 1193.544 1189.371 1185.199 1181.026
1152.851 1152.33 1152.602 1152.873 1153.145 1153.452 1156.185 1158.919 1161.653 1164.387 1167.099 1169.788 1172.477 1175.166 1177.854 1180.342 1182.811 1185.28 1187.748 1189.914 1191.547 1193.18 1194.814 1196.447 1197.106 1197.539 1197.972 1198.405 1198.741 1198.802 1198.862 1198.922 1198.983 1198.879 1198.709 1198.539 1198.369 1198.195 1198.001 1197.807 1197.613 1197.419 1197.27 1197.149 1197.028 1196.908 1196.78 1196.532 1196.284 1196.036 1195.787 1195.432 1194.973 1194.514 1194.054 1193.595 1193.793 1194.022 1194.25 1194.478 1192.854 1188.52 1184.185 1179.851 1175.516
1153.383 1152.823 1153.007 1153.192 1153.377 1153.598 1156.262 1158.925 1161.589 1164.252 1166.887 1169.489 1172.092 1174.694 1177.296 1179.698 1182.08 1184.462 1186.844 1188.987 1190.706 1192.426 1194.145 1195.865 1196.624 1197.159 1197.695 1198.231 1198.648 1198.73 1198.812 1198.894 1198.976 1198.929 1198.829 1198.729 1198.63 1198.508 1198.271 1198.033 1197.796 1197.559 1197.366 1197.203 1197.039 1196.875 1196.686 1196.086 1195.487 1194.888 1194.288 1193.543 1192.657 1191.771 1190.885 1189.999 1189.93 1189.899 1189.868 1189.836 1187.993 1183.496 1179.0 1174.503 1170.006
1154.184 1153.59 1153.701 1153.811 1153.921 1154.067 1156.643 1159.218 1161.794 1164.369 1166.919 1169.439 1171.959 1174.48 1177.0 1179.315 1181.611 1183.907 1186.203 1188.313 1190.099 1191.884 1193.669 1195.455 1196.289 1196.902 1197.516 1198.129 1198.61 1198.715 1198.82 1198.925 1199.03 1199.024 1198.972 1198.92 1198.868 1198.784 1198.529 1198.274 1198.018 1197.763 1197.551 1197.368 1197.184 1197.001 1196.778 1195.921 1195.063 1194.206 1193.348 1192.275 1190.993 1189.711 1188.429 1187.147 1186.707 1186.306 1185.904 1185.503 1183.42 1178.875 1174.33 1169.784 1165.24
1155.699 1155.091 1155.158 1155.225 1155.292 1155.393 1157.834 1160.274 1162.714 1165.155 1167.6 1170.05 1172.5 1174.949 1177.399 1179.63 1181.839 1184.048 1186.258 1188.317 1190.114 1191.91 1193.706 1195.502 1196.347 1196.971 1197.595 1198.219 1198.715 1198.847 1198.979 1199.111 1199.244 1199.237 1199.175 1199.112 1199.05 1198.964 1198.757 1198.551 1198.344 1198.137 1197.971 1197.831 1197.691 1197.55 1197.368 1196.5 1195.631 1194.763 1193.895 1192.657 1191.062 1189.466 1187.871 1186.275 1185.186 1184.12 1183.053 1181.987 1179.612 1175.321 1171.03 1166.739 1162.448
1157.214 1156.591 1156.615 1156.638 1156.662 1156.719 1159.025 1161.33 1163.635 1165.94 1168.28 1170.66 1173.04 1175.419 1177.799 1179.944 1182.067 1184.19 1186.313 1188.321 1190.128 1191.935 1193.742 1195.549 1196.405 1197.04 1197.675 1198.31 1198.821 1198.98 1199.139 1199.298 1199.457 1199.451 1199.378 1199.304 1199.231 1199.144 1198.986 1198.828 1198.67 1198.512 1198.391 1198.294 1198.197 1198.1 1197.958 1197.078 1196.199 1195.32 1194.441 1193.039 1191.13 1189.221 1187.312 1185.403 1183.665 1181.934 1180.203 1178.472 1175.805 1171.768 1167.731 1163.694 1159.657
1158.729 1158.091 1158.072 1158.052 1158.033 1158.045 1160.215 1162.386 1164.556 1166.726 1168.961 1171.27 1173.58 1175.889 1178.198 1180.259 1182.295 1184.332 1186.368 1188.325 1190.143 1191.961 1193.778 1195.596 1196.463 1197.109 1197.754 1198.4 1198.926 1199.112 1199.298 1199.484 1199.671 1199.665 1199.581 1199.496 1199.412 1199.324 1199.214 1199.105 1198.996 1198.886 1198.811 1198.757 1198.703 1198.649 1198.547 1197.657 1196.767 1195.877 1194.987 1193.422 1191.199 1188.977 1186.754 1184.532 1182.144 1179.748 1177.352 1174.957 1171.998 1168.215 1164.432 1160.649 1156.866
1160.245 1159.591 1159.529 1159.466 1159.403 1159.371 1161.406 1163.441 1165.477 1167.512 1169.641 1171.881 1174.12 1176.359 1178.598 1180.573 1182.523 1184.473 1186.423 1188.329 1190.158 1191.986 1193.815 1195.643 1196.521 1197.177 1197.834 1198.491 1199.031 1199.245 1199.458 1199.671 1199.884 1199.878 1199.783 1199.688 1199.593 1199.504 1199.443 1199.382 1199.322 1199.261 1199.231 1199.22 1199.209 1199.199 1199.137 1198.236 1197.335 1196.434 1195.534 1193.804 1191.268 1188.732 1186.196 1183.66 1180.622 1177.562 1174.502 1171.442 1168.191 1164.662 1161.133 1157.604 1154.074
1162.18 1161.519 1161.446 1161.372 1161.299 1161.254 1163.093 1164.931 1166.77 1168.609 1170.606 1172.788 1174.969 1177.15 1179.331 1181.3 1183.25 1185.199 1187.148 1189.028 1190.786 1192.543 1194.301 1196.059 1196.885 1197.495 1198.106 1198.716 1199.215 1199.398 1199.581 1199.764 1199.947 1199.942 1199.861 1199.78 1199.698 1199.623 1199.583 1199.542 1199.501 1199.461 1199.445 1199.445 1199.445 1199.445 1199.398 1198.597 1197.796 1196.994 1196.193 1194.545 1192.076 1189.606 1187.136 1184.667 1181.441 1178.182 1174.922 1171.662 1168.286 1164.737 1161.188 1157.64 1154.091
1164.25 1163.585 1163.511 1163.438 1163.365 1163.316 1164.939 1166.562 1168.184 1169.807 1171.663 1173.791 1175.918 1178.045 1180.172 1182.161 1184.138 1186.114 1188.09 1189.952 1191.612 1193.273 1194.933 1196.594 1197.349 1197.895 1198.44 1198.985 1199.424 1199.558 1199.692 1199.827 1199.961 1199.958 1199.898 1199.838 1199.778 1199.724 1199.694 1199.664 1199.634 1199.604 1199.592 1199.592 1199.592 1199.592 1199.554 1198.887 1198.221 1197.555 1196.889 1195.404 1193.123 1190.843 1188.562 1186.281 1183.018 1179.71 1176.401 1173.093 1169.644 1165.987 1162.33 1158.673 1155.016
1166.321 1165.651 1165.577 1165.504 1165.431 1165.379 1166.786 1168.192 1169.599 1171.005 1172.721 1174.794 1176.867 1178.94 1181.013 1183.022 1185.025 1187.029 1189.032 1190.876 1192.439 1194.002 1195.565 1197.128 1197.813 1198.293 1198.774 1199.255 1199.632 1199.718 1199.804 1199.889 1199.975 1199.973 1199.935 1199.897 1199.859 1199.824 1199.805 1199.785 1199.766 1199.747 1199.74 1199.74 1199.74 1199.74 1199.709 1199.178 1198.647 1198.116 1197.585 1196.262 1194.171 1192.079 1189.988 1187.896 1184.594 1181.238 1177.881 1174.524 1171.001 1167.237 1163.472 1159.707 1155.942
1168.391 1167.716 1167.643 1167.57 1167.497 1167.442 1168.632 1169.822 1171.013 1172.203 1173.778 1175.797 1177.816 1179.835 1181.854 1183.883 1185.913 1187.944 1189.974 1191.8 1193.266 1194.731 1196.197 1197.663 1198.277 1198.693 1199.108 1199.524 1199.841 1199.878 1199.915 1199.952 1199.989 1199.988 1199.972 1199.955 1199.939 1199.924 1199.915 1199.907 1199.899 1199.891 1199.887 1199.887 1199.887 1199.887 1199.865 1199.469 1199.073 1198.677 1198.281 1197.12 1195.218 1193.316 1191.414 1189.511 1186.171 1182.766 1179.36 1175.955 1172.359 1168.486 1164.614 1160.741 1156.868
1170.48 1169.812 1169.74 1169.668 1169.596 1169.54 1170.521 1171.503 1172.485 1173.467 1174.89 1176.823 1178.756 1180.688 1182.621 1184.655 1186.698 1188.741 1190.785 1192.589 1193.973 1195.357 1196.741 1198.125 1198.674 1199.028 1199.383 1199.738 1200.0 1200.0 1200.0 1200.0 1200.0 1200.0 1200.0 1200.0 1200.0 1200.0 1200.0 1200.0 1200.0 1200.0 1200.0 1200.0 1200.0 1200.0 1199.984 1199.704 1199.423 1199.143 1198.863 1197.876 1196.203 1194.53 1192.856 1191.183 1187.945 1184.636 1181.326 1178.017 1174.472 1170.583 1166.693 1162.803 1158.913
1172.629 1172.004 1171.938 1171.871 1171.804 1171.75 1172.549 1173.347 1174.145 1174.943 1176.179 1177.923 1179.667 1181.411 1183.154 1185.142 1187.153 1189.163 1191.174 1192.946 1194.298 1195.649 1197.001 1198.353 1198.856 1199.162 1199.468 1199.774 1200.0 1200.0 1200.0 1200.0 1200.0 1200.0 1200.0 1200.0 1200.0 1200.0 1200.0 1200.0 1200.0 1200.0 1200.0 1200.0 1200.0 1200.0 1199.987 1199.761 1199.535 1199.309 1199.083 1198.303 1196.986 1195.67 1194.353 1193.036 1190.352 1187.604 1184.857 1182.11 1179.011 1175.397 1171.782 1168.168 1164.554
1174.778 1174.196 1174.135 1174.074 1174.013 1173.961 1174.576 1175.19 1175.804 1176.419 1177.469 1179.024 1180.578 1182.133 1183.687 1185.629 1187.607 1189.585 1191.564 1193.303 1194.623 1195.942 1197.261 1198.58 1199.037 1199.295 1199.552 1199.81 1200.0 1200.0 1200.0 1200.0 1200.0 1200.0 1200.0 1200.0 1200.0 1200.0 1200.0 1200.0 1200.0 1200.0 1200.0 1200.0 1200.0 1200.0 1199.99 1199.818 1199.646 1199.474 1199.302 1198.73 1197.77 1196.81 1195.85 1194.89 1192.758 1190.573 1188.388 1186.203 1183.55 1180.211 1176.872 1173.534 1170.195
1176.927 1176.388 1176.332 1176.276 1176.221 1176.172 1176.603 1177.033 1177.464 1177.894 1178.758 1180.124 1181.489 1182.855 1184.22 1186.116 1188.062 1190.007 1191.953 1193.661 1194.947 1196.234 1197.521 1198.807 1199.219 1199.428 1199.637 1199.846 1200.0 1200.0 1200.0 1200.0 1200.0 1200.0 1200.0 1200.0 1200.0 1200.0 1200.0 1200.0 1200.0 1200.0 1200.0 1200.0 1200.0 1200.0 1199.993 1199.875 1199.757 1199.639 1199.521 1199.157 1198.554 1197.95 1197.347 1196.744 1195.165 1193.542 1191.919 1190.296 1188.088 1185.025 1181.962 1178.899 1175.836
1179.076 1178.58 1178.529 1178.479 1178.429 1178.383 1178.63 1178.876 1179.123 1179.37 1180.048 1181.224 1182.401 1183.577 1184.753 1186.602 1188.516 1190.43 1192.343 1194.018 1195.272 1196.526 1197.781 1199.035 1199.401 1199.561 1199.721 1199.882 1200.0 1200.0 1200.0 1200.0 1200.0 1200.0 1200.0 1200.0 1200.0 1200.0 1200.0 1200.0 1200.0 1200.0 1200.0 1200.0 1200.0 1200.0 1199.996 1199.932 1199.868 1199.804 1199.74 1199.584 1199.337 1199.091 1198.844 1198.597 1197.572 1196.511 1195.45 1194.389 1192.627 1189.84 1187.052 1184.265 1181.477
1180.788 1180.393 1180.43 1180.466 1180.503 1180.542 1180.706 1180.87 1181.034 1181.199 1181.764 1182.794 1183.824 1184.854 1185.884 1187.602 1189.386 1191.17 1192.954 1194.513 1195.677 1196.84 1198.004 1199.167 1199.496 1199.631 1199.766 1199.9 1200.0 1200.0 1200.0 1200.0 1200.0 1200.0 1200.0 1200.0 1200.0 1200.0 1200.0 1200.0 1200.0 1200.0 1200.0 1200.0 1200.0 1200.0 1199.998 1199.957 1199.916 1199.875 1199.833 1199.751 1199.628 1199.504 1199.381 1199.258 1198.526 1197.767 1197.007 1196.248 1194.834 1192.462 1190.09 1187.718 1185.346
1182.33 1182.059 1182.214 1182.37 1182.526 1182.681 1182.802 1182.923 1183.044 1183.165 1183.647 1184.547 1185.447 1186.347 1187.248 1188.802 1190.418 1192.034 1193.651 1195.062 1196.112 1197.162 1198.212 1199.262 1199.556 1199.675 1199.794 1199.912 1200.0 1200.0 1200.0 1200.0 1200.0 1200.0 1200.0 1200.0 1200.0 1200.0 1200.0 1200.0 1200.0 1200.0 1200.0 1200.0 1200.0 1200.0 1199.998 1199.968 1199.938 1199.907 1199.877 1199.816 1199.726 1199.635 1199.544 1199.453 1198.914 1198.355 1197.795 1197.235 1196.131 1194.23 1192.328 1190.426 1188.524
1183.873 1183.724 1183.999 1184.273 1184.548 1184.82 1184.897 1184.975 1185.053 1185.13 1185.53 1186.3 1187.07 1187.841 1188.611 1190.001 1191.45 1192.899 1194.348 1195.611 1196.548 1197.484 1198.421 1199.357 1199.617 1199.719 1199.822 1199.924 1200.0 1200.0 1200.0 1200.0 1200.0 1200.0 1200.0 1200.0 1200.0 1200.0 1200.0 1200.0 1200.0 1200.0 1200.0 1200.0 1200.0 1200.0 1199.999 1199.979 1199.96 1199.941 1199.921 1199.882 1199.824 1199.765 1199.707 1199.649 1199.302 1198.943 1198.583 1198.223 1197.429 1195.997 1194.566 1193.134 1191.702
1185.415 1185.39 1185.784 1186.177 1186.57 1186.958 1186.993 1187.027 1187.062 1187.097 1187.412 1188.053 1188.694 1189.334 1189.975 1191.201 1192.482 1193.764 1195.045 1196.16 1196.983 1197.806 1198.63 1199.453 1199.678 1199.764 1199.85 1199.936 1200.0 1200.0 1200.0 1200.0 1200.0 1200.0 1200.0 1200.0 1200.0 1200.0 1200.0 1200.0 1200.0 1200.0 1200.0 1200.0 1200.0 1200.0 1200.0 1199.991 1199.982 1199.974 1199.965 1199.948 1199.922 1199.896 1199.87 1199.844 1199.69 1199.531 1199.371 1199.211 1198.726 1197.765 1196.803 1195.842 1194.88
1186.869 1186.965 1187.474 1187.983 1188.492 1188.994 1188.994 1188.994 1188.994 1188.994 1189.233 1189.75 1190.266 1190.782 1191.299 1192.36 1193.473 1194.585 1195.698 1196.667 1197.383 1198.099 1198.816 1199.532 1199.726 1199.799 1199.873 1199.946 1200.0 1200.0 1200.0 1200.0 1200.0 1200.0 1200.0 1200.0 1200.0 1200.0 1200.0 1200.0 1200.0 1200.0 1200.0 1200.0 1200.0 1200.0 1200.0 1200.0 1200.0 1200.0 1200.0 1200.0 1200.0 1200.0 1200.0 1200.0 1200.0 1200.0 1200.0 1200.0 1199.77 1199.204 1198.637 1198.071 1197.505
1187.973 1188.179 1188.791 1189.402 1190.014 1190.617 1190.617 1190.617 1190.617 1190.617 1190.809 1191.222 1191.636 1192.05 1192.464 1193.358 1194.298 1195.237 1196.177 1197.007 1197.642 1198.277 1198.912 1199.547 1199.726 1199.799 1199.873 1199.946 1200.0 1200.0 1200.0 1200.0 1200.0 1200.0 1200.0 1200.0 1200.0 1200.0 1200.0 1200.0 1200.0 1200.0 1200.0 1200.0 1200.0 1200.0 1200.0 1200.0 1200.0 1200.0 1200.0 1200.0 1200.0 1200.0 1200.0 1200.0 1200.0 1200.0 1200.0 1200.0 1199.81 1199.341 1198.871 1198.402 1197.933
1189.077 1189.393 1190.107 1190.822 1191.536 1192.24 1192.24 1192.24 1192.24 1192.24 1192.384 1192.695 1193.006 1193.318 1193.629 1194.356 1195.123 1195.89 1196.656 1197.346 1197.9 1198.454 1199.008 1199.562 1199.726 1199.799 1199.873 1199.946 1200.0 1200.0 1200.0 1200.0 1200.0 1200.0 1200.0 1200.0 1200.0 1200.0 1200.0 1200.0 1200.0 1200.0 1200.0 1200.0 1200.0 1200.0 1200.0 1200.0 1200.0 1200.0 1200.0 1200.0 1200.0 1200.0 1200.0 1200.0 1200.0 1200.0 1200.0 1200.0 1199.849 1199.477 1199.105 1198.734 1198.362
1190.181 1190.607 1191.424 1192.241 1193.058 1193.863 1193.863 1193.863 1193.863 1193.863 1193.96 1194.168 1194.377 1194.585 1194.793 1195.354 1195.948 1196.542 1197.136 1197.686 1198.159 1198.632 1199.105 1199.578 1199.726 1199.799 1199.873 1199.946 1200.0 1200.0 1200.0 1200.0 1200.0 1200.0 1200.0 1200.0 1200.0 1200.0 1200.0 1200.0 1200.0 1200.0 1200.0 1200.0 1200.0 1200.0 1200.0 1200.0 1200.0 1200.0 1200.0 1200.0 1200.0 1200.0 1200.0 1200.0 1200.0 1200.0 1200.0 1200.0 1199.889 1199.614 1199.339 1199.065 1198.79
