data/zism_data/00772_04_D.txt
ncols         224
nrows         224
[rows 28 to 55 of 224, columns 126 to 188 of 224]
1177.487 1179.339 1181.191 1183.042 1184.887 1186.488 1188.089 1189.689 1191.29 1192.742 1194.032 1195.321 1196.611 1197.9 1198.364 1198.762 1199.161 1199.56 1199.825 1199.867 1199.909 1199.951 1199.993 1200.0 1200.0 1200.0 1200.0 1200.0 1200.0 1200.0 1200.0 1200.0 1200.0 1200.0 1200.0 1200.0 1200.0 1200.0 1200.0 1200.0 1200.0 1200.0 1200.0 1200.0 1200.0 1200.0 1200.0 1200.0 1200.0 1200.0 1200.0 1200.0 1200.0 1200.0 1200.0 1200.0 1200.0 1200.0 1200.0 1199.956 1199.852 1199.747 1199.643
1178.687 1180.571 1182.455 1184.339 1186.216 1187.838 1189.46 1191.083 1192.705 1194.073 1195.162 1196.252 1197.342 1198.431 1198.785 1199.081 1199.377 1199.673 1199.87 1199.901 1199.932 1199.963 1199.995 1200.0 1200.0 1200.0 1200.0 1200.0 1200.0 1200.0 1200.0 1200.0 1200.0 1200.0 1200.0 1200.0 1200.0 1200.0 1200.0 1200.0 1200.0 1200.0 1200.0 1200.0 1200.0 1200.0 1200.0 1200.0 1200.0 1200.0 1200.0 1200.0 1200.0 1200.0 1200.0 1200.0 1200.0 1200.0 1200.0 1199.952 1199.836 1199.721 1199.606
1179.886 1181.802 1183.719 1185.635 1187.544 1189.188 1190.832 1192.476 1194.12 1195.404 1196.293 1197.183 1198.072 1198.962 1199.206 1199.4 1199.593 1199.787 1199.915 1199.935 1199.956 1199.976 1199.996 1200.0 1200.0 1200.0 1200.0 1200.0 1200.0 1200.0 1200.0 1200.0 1200.0 1200.0 1200.0 1200.0 1200.0 1200.0 1200.0 1200.0 1200.0 1200.0 1200.0 1200.0 1200.0 1200.0 1200.0 1200.0 1200.0 1200.0 1200.0 1200.0 1200.0 1200.0 1200.0 1200.0 1200.0 1200.0 1200.0 1199.947 1199.821 1199.695 1199.569
1181.085 1183.034 1184.983 1186.932 1188.873 1190.539 1192.204 1193.87 1195.536 1196.734 1197.424 1198.114 1198.803 1199.493 1199.627 1199.718 1199.809 1199.9 1199.96 1199.97 1199.979 1199.989 1199.998 1200.0 1200.0 1200.0 1200.0 1200.0 1200.0 1200.0 1200.0 1200.0 1200.0 1200.0 1200.0 1200.0 1200.0 1200.0 1200.0 1200.0 1200.0 1200.0 1200.0 1200.0 1200.0 1200.0 1200.0 1200.0 1200.0 1200.0 1200.0 1200.0 1200.0 1200.0 1200.0 1200.0 1200.0 1200.0 1200.0 1199.943 1199.806 1199.669 1199.532
1182.302 1184.27 1186.237 1188.205 1190.164 1191.832 1193.499 1195.166 1196.834 1197.945 1198.45 1198.954 1199.459 1199.963 1200.0 1200.0 1200.0 1200.0 1200.0 1200.0 1200.0 1200.0 1200.0 1200.0 1200.0 1200.0 1200.0 1200.0 1200.0 1200.0 1200.0 1200.0 1200.0 1200.0 1200.0 1200.0 1200.0 1200.0 1200.0 1200.0 1200.0 1200.0 1200.0 1200.0 1200.0 1200.0 1200.0 1200.0 1200.0 1200.0 1200.0 1200.0 1200.0 1200.0 1200.0 1200.0 1200.0 1200.0 1200.0 1199.939 1199.794 1199.648 1199.503
1183.654 1185.535 1187.416 1189.297 1191.168 1192.684 1194.2 1195.716 1197.232 1198.231 1198.665 1199.1 1199.534 1199.969 1200.0 1200.0 1200.0 1200.0 1200.0 1200.0 1200.0 1200.0 1200.0 1200.0 1200.0 1200.0 1200.0 1200.0 1200.0 1200.0 1200.0 1200.0 1200.0 1200.0 1200.0 1200.0 1200.0 1200.0 1200.0 1200.0 1200.0 1200.0 1200.0 1200.0 1200.0 1200.0 1200.0 1200.0 1200.0 1200.0 1200.0 1200.0 1200.0 1200.0 1200.0 1200.0 1200.0 1200.0 1200.0 1199.943 1199.809 1199.675 1199.54
1185.005 1186.8 1188.595 1190.39 1192.172 1193.537 1194.901 1196.266 1197.631 1198.517 1198.881 1199.245 1199.609 1199.974 1200.0 1200.0 1200.0 1200.0 1200.0 1200.0 1200.0 1200.0 1200.0 1200.0 1200.0 1200.0 1200.0 1200.0 1200.0 1200.0 1200.0 1200.0 1200.0 1200.0 1200.0 1200.0 1200.0 1200.0 1200.0 1200.0 1200.0 1200.0 1200.0 1200.0 1200.0 1200.0 1200.0 1200.0 1200.0 1200.0 1200.0 1200.0 1200.0 1200.0 1200.0 1200.0 1200.0 1200.0 1200.0 1199.948 1199.824 1199.701 1199.577
1186.357 1188.066 1189.774 1191.482 1193.176 1194.389 1195.603 1196.816 1198.03 1198.803 1199.097 1199.391 1199.685 1199.979 1200.0 1200.0 1200.0 1200.0 1200.0 1200.0 1200.0 1200.0 1200.0 1200.0 1200.0 1200.0 1200.0 1200.0 1200.0 1200.0 1200.0 1200.0 1200.0 1200.0 1200.0 1200.0 1200.0 1200.0 1200.0 1200.0 1200.0 1200.0 1200.0 1200.0 1200.0 1200.0 1200.0 1200.0 1200.0 1200.0 1200.0 1200.0 1200.0 1200.0 1200.0 1200.0 1200.0 1200.0 1200.0 1199.953 1199.84 1199.727 1199.614
1187.709 1189.331 1190.953 1192.574 1194.18 1195.242 1196.304 1197.366 1198.428 1199.089 1199.313 1199.537 1199.76 1199.984 1200.0 1200.0 1200.0 1200.0 1200.0 1200.0 1200.0 1200.0 1200.0 1200.0 1200.0 1200.0 1200.0 1200.0 1200.0 1200.0 1200.0 1200.0 1200.0 1200.0 1200.0 1200.0 1200.0 1200.0 1200.0 1200.0 1200.0 1200.0 1200.0 1200.0 1200.0 1200.0 1200.0 1200.0 1200.0 1200.0 1200.0 1200.0 1200.0 1200.0 1200.0 1200.0 1200.0 1200.0 1200.0 1199.957 1199.855 1199.753 1199.651
1189.046 1190.555 1192.065 1193.574 1195.067 1195.984 1196.901 1197.818 1198.735 1199.283 1199.426 1199.57 1199.714 1199.857 1199.874 1199.88 1199.887 1199.893 1199.903 1199.919 1199.936 1199.952 1199.968 1199.976 1199.982 1199.989 1199.995 1200.0 1200.0 1200.0 1200.0 1200.0 1200.0 1200.0 1200.0 1200.0 1200.0 1200.0 1200.0 1200.0 1200.0 1200.0 1200.0 1200.0 1200.0 1200.0 1200.0 1200.0 1200.0 1200.0 1200.0 1200.0 1200.0 1200.0 1200.0 1200.0 1200.0 1200.0 1200.0 1199.96 1199.866 1199.771 1199.677
1190.372 1191.752 1193.132 1194.512 1195.874 1196.651 1197.427 1198.204 1198.981 1199.413 1199.471 1199.528 1199.585 1199.642 1199.662 1199.68 1199.697 1199.714 1199.741 1199.785 1199.828 1199.871 1199.914 1199.936 1199.953 1199.97 1199.988 1200.0 1200.0 1200.0 1200.0 1200.0 1200.0 1200.0 1200.0 1200.0 1200.0 1200.0 1200.0 1200.0 1200.0 1200.0 1200.0 1200.0 1200.0 1200.0 1200.0 1200.0 1200.0 1200.0 1200.0 1200.0 1200.0 1200.0 1200.0 1200.0 1200.0 1200.0 1200.0 1199.963 1199.874 1199.785 1199.695
1191.699 1192.949 1194.199 1195.449 1196.682 1197.318 1197.954 1198.59 1199.226 1199.544 1199.515 1199.486 1199.457 1199.427 1199.451 1199.479 1199.507 1199.535 1199.579 1199.65 1199.72 1199.79 1199.86 1199.896 1199.924 1199.952 1199.98 1200.0 1200.0 1200.0 1200.0 1200.0 1200.0 1200.0 1200.0 1200.0 1200.0 1200.0 1200.0 1200.0 1200.0 1200.0 1200.0 1200.0 1200.0 1200.0 1200.0 1200.0 1200.0 1200.0 1200.0 1200.0 1200.0 1200.0 1200.0 1200.0 1200.0 1200.0 1200.0 1199.965 1199.881 1199.798 1199.714
1193.025 1194.146 1195.266 1196.387 1197.489 1197.985 1198.48 1198.976 1199.472 1199.675 1199.559 1199.444 1199.328 1199.212 1199.24 1199.279 1199.318 1199.357 1199.417 1199.515 1199.612 1199.709 1199.806 1199.855 1199.894 1199.933 1199.972 1200.0 1200.0 1200.0 1200.0 1200.0 1200.0 1200.0 1200.0 1200.0 1200.0 1200.0 1200.0 1200.0 1200.0 1200.0 1200.0 1200.0 1200.0 1200.0 1200.0 1200.0 1200.0 1200.0 1200.0 1200.0 1200.0 1200.0 1200.0 1200.0 1200.0 1200.0 1200.0 1199.967 1199.889 1199.811 1199.732
1194.268 1195.264 1196.26 1197.257 1198.234 1198.577 1198.92 1199.264 1199.607 1199.685 1199.474 1199.262 1199.051 1198.84 1198.879 1198.937 1198.995 1199.054 1199.145 1199.292 1199.439 1199.586 1199.733 1199.802 1199.855 1199.908 1199.962 1200.0 1200.0 1200.0 1200.0 1200.0 1200.0 1200.0 1200.0 1200.0 1200.0 1200.0 1200.0 1200.0 1200.0 1200.0 1200.0 1200.0 1200.0 1200.0 1200.0 1200.0 1200.0 1200.0 1200.0 1200.0 1200.0 1200.0 1200.0 1200.0 1200.0 1200.0 1200.0 1199.969 1199.896 1199.823 1199.749
1194.528 1195.465 1196.402 1197.339 1198.25 1198.302 1198.353 1198.404 1198.456 1198.286 1197.875 1197.464 1197.052 1196.641 1196.776 1196.953 1197.13 1197.307 1197.591 1198.051 1198.512 1198.972 1199.432 1199.601 1199.708 1199.815 1199.922 1200.0 1200.0 1200.0 1200.0 1200.0 1200.0 1200.0 1200.0 1200.0 1200.0 1200.0 1200.0 1200.0 1200.0 1200.0 1200.0 1200.0 1200.0 1200.0 1200.0 1200.0 1200.0 1200.0 1200.0 1200.0 1200.0 1200.0 1200.0 1200.0 1200.0 1200.0 1200.0 1199.969 1199.896 1199.823 1199.749
1194.789 1195.666 1196.544 1197.421 1198.266 1198.026 1197.785 1197.545 1197.304 1196.887 1196.276 1195.664 1195.053 1194.442 1194.673 1194.969 1195.265 1195.561 1196.037 1196.811 1197.584 1198.358 1199.132 1199.4 1199.561 1199.722 1199.883 1200.0 1200.0 1200.0 1200.0 1200.0 1200.0 1200.0 1200.0 1200.0 1200.0 1200.0 1200.0 1200.0 1200.0 1200.0 1200.0 1200.0 1200.0 1200.0 1200.0 1200.0 1200.0 1200.0 1200.0 1200.0 1200.0 1200.0 1200.0 1200.0 1200.0 1200.0 1200.0 1199.969 1199.896 1199.823 1199.749
1195.05 1195.868 1196.686 1197.504 1198.282 1197.75 1197.218 1196.685 1196.153 1195.488 1194.677 1193.865 1193.054 1192.243 1192.57 1192.984 1193.399 1193.814 1194.482 1195.57 1196.657 1197.744 1198.832 1199.198 1199.414 1199.629 1199.844 1200.0 1200.0 1200.0 1200.0 1200.0 1200.0 1200.0 1200.0 1200.0 1200.0 1200.0 1200.0 1200.0 1200.0 1200.0 1200.0 1200.0 1200.0 1200.0 1200.0 1200.0 1200.0 1200.0 1200.0 1200.0 1200.0 1200.0 1200.0 1200.0 1200.0 1200.0 1200.0 1199.969 1199.896 1199.823 1199.749
1195.31 1196.069 1196.827 1197.586 1198.299 1197.474 1196.65 1195.826 1195.002 1194.088 1193.077 1192.067 1191.056 1190.045 1190.466 1191.0 1191.534 1192.068 1192.928 1194.329 1195.73 1197.13 1198.531 1198.997 1199.266 1199.536 1199.805 1200.0 1200.0 1200.0 1200.0 1200.0 1200.0 1200.0 1200.0 1200.0 1200.0 1200.0 1200.0 1200.0 1200.0 1200.0 1200.0 1200.0 1200.0 1200.0 1200.0 1200.0 1200.0 1200.0 1200.0 1200.0 1200.0 1200.0 1200.0 1200.0 1200.0 1200.0 1200.0 1199.969 1199.896 1199.823 1199.749
1194.066 1194.525 1194.985 1195.444 1195.856 1194.646 1193.436 1192.225 1191.016 1189.921 1188.953 1187.984 1187.016 1186.048 1186.929 1187.955 1188.98 1190.006 1191.298 1193.03 1194.763 1196.495 1198.227 1198.796 1199.119 1199.442 1199.766 1200.0 1200.0 1200.0 1200.0 1200.0 1200.0 1200.0 1200.0 1200.0 1200.0 1200.0 1200.0 1200.0 1200.0 1200.0 1200.0 1200.0 1200.0 1200.0 1200.0 1200.0 1200.0 1200.0 1200.0 1200.0 1200.0 1200.0 1200.0 1199.988 1199.976 1199.964 1199.952 1199.911 1199.832 1199.753 1199.673
1191.644 1191.617 1191.59 1191.564 1191.489 1189.82 1188.15 1186.481 1184.812 1183.589 1182.853 1182.117 1181.381 1180.645 1182.27 1184.079 1185.888 1187.698 1189.608 1191.687 1193.765 1195.843 1197.921 1198.594 1198.972 1199.349 1199.727 1200.0 1200.0 1200.0 1200.0 1200.0 1200.0 1200.0 1200.0 1200.0 1200.0 1200.0 1200.0 1200.0 1200.0 1200.0 1200.0 1200.0 1200.0 1200.0 1200.0 1200.0 1200.0 1200.0 1200.0 1200.0 1200.0 1200.0 1200.0 1199.967 1199.933 1199.9 1199.866 1199.809 1199.718 1199.628 1199.538
1189.223 1188.709 1188.196 1187.683 1187.123 1184.994 1182.865 1180.737 1178.608 1177.256 1176.753 1176.249 1175.746 1175.242 1177.611 1180.204 1182.797 1185.389 1187.919 1190.343 1192.767 1195.191 1197.615 1198.393 1198.825 1199.256 1199.687 1200.0 1200.0 1200.0 1200.0 1200.0 1200.0 1200.0 1200.0 1200.0 1200.0 1200.0 1200.0 1200.0 1200.0 1200.0 1200.0 1200.0 1200.0 1200.0 1200.0 1200.0 1200.0 1200.0 1200.0 1200.0 1200.0 1200.0 1200.0 1199.946 1199.891 1199.835 1199.78 1199.706 1199.605 1199.504 1199.403
1186.801 1185.801 1184.802 1183.802 1182.757 1180.169 1177.58 1174.992 1172.404 1170.924 1170.653 1170.382 1170.111 1169.839 1172.952 1176.328 1179.705 1183.081 1186.229 1188.999 1191.769 1194.539 1197.309 1198.192 1198.677 1199.163 1199.648 1200.0 1200.0 1200.0 1200.0 1200.0 1200.0 1200.0 1200.0 1200.0 1200.0 1200.0 1200.0 1200.0 1200.0 1200.0 1200.0 1200.0 1200.0 1200.0 1200.0 1200.0 1200.0 1200.0 1200.0 1200.0 1200.0 1200.0 1200.0 1199.925 1199.848 1199.771 1199.694 1199.603 1199.491 1199.379 1199.267
1184.271 1182.8 1181.33 1179.86 1178.345 1175.338 1172.332 1169.325 1166.319 1164.733 1164.697 1164.661 1164.625 1164.589 1168.427 1172.567 1176.708 1180.848 1184.598 1187.702 1190.806 1193.91 1197.014 1197.998 1198.535 1199.073 1199.61 1200.0 1200.0 1200.0 1200.0 1200.0 1200.0 1199.999 1199.998 1199.997 1199.997 1199.995 1199.994 1199.992 1199.991 1199.99 1199.99 1199.99 1199.99 1199.99 1199.99 1199.99 1199.99 1199.99 1199.99 1199.99 1199.99 1199.99 1199.99 1199.896 1199.8 1199.703 1199.606 1199.499 1199.376 1199.254 1199.132
1179.329 1177.735 1176.14 1174.545 1172.924 1170.409 1167.895 1165.38 1162.865 1161.678 1161.94 1162.201 1162.462 1162.723 1166.883 1171.348 1175.812 1180.277 1184.255 1187.429 1190.604 1193.778 1196.952 1197.957 1198.506 1199.054 1199.603 1200.0 1200.0 1200.0 1200.0 1200.0 1199.988 1199.971 1199.954 1199.937 1199.917 1199.883 1199.849 1199.816 1199.782 1199.769 1199.769 1199.769 1199.769 1199.769 1199.769 1199.769 1199.769 1199.769 1199.769 1199.769 1199.769 1199.769 1199.769 1199.696 1199.621 1199.546 1199.471 1199.374 1199.246 1199.118 1198.99
1174.388 1172.669 1170.95 1169.231 1167.503 1165.481 1163.458 1161.435 1159.412 1158.624 1159.182 1159.74 1160.299 1160.857 1165.34 1170.128 1174.917 1179.706 1183.913 1187.157 1190.402 1193.646 1196.891 1197.917 1198.476 1199.036 1199.595 1200.0 1200.0 1200.0 1200.0 1200.0 1199.976 1199.943 1199.91 1199.877 1199.838 1199.771 1199.705 1199.639 1199.573 1199.548 1199.548 1199.548 1199.548 1199.548 1199.548 1199.548 1199.548 1199.548 1199.548 1199.548 1199.548 1199.548 1199.548 1199.496 1199.442 1199.389 1199.335 1199.248 1199.115 1198.982 1198.849
1169.446 1167.603 1165.76 1163.917 1162.083 1160.552 1159.02 1157.489 1155.958 1155.569 1156.424 1157.28 1158.136 1158.991 1163.796 1168.909 1174.022 1179.135 1183.57 1186.885 1190.2 1193.515 1196.83 1197.877 1198.447 1199.017 1199.587 1200.0 1200.0 1200.0 1200.0 1200.0 1199.964 1199.915 1199.866 1199.816 1199.758 1199.66 1199.561 1199.462 1199.364 1199.326 1199.326 1199.326 1199.326 1199.326 1199.326 1199.326 1199.326 1199.326 1199.326 1199.326 1199.326 1199.326 1199.326 1199.296 1199.264 1199.232 1199.2 1199.123 1198.985 1198.846 1198.708
1164.505 1162.537 1160.57 1158.603 1156.662 1155.623 1154.583 1153.544 1152.505 1152.514 1153.667 1154.82 1155.973 1157.125 1162.252 1167.689 1173.127 1178.564 1183.228 1186.613 1189.998 1193.383 1196.768 1197.837 1198.417 1198.998 1199.579 1200.0 1200.0 1200.0 1200.0 1200.0 1199.953 1199.887 1199.821 1199.756 1199.679 1199.548 1199.417 1199.286 1199.155 1199.105 1199.105 1199.105 1199.105 1199.105 1199.105 1199.105 1199.105 1199.105 1199.105 1199.105 1199.105 1199.105 1199.105 1199.095 1199.085 1199.075 1199.064 1198.998 1198.854 1198.71 1198.566
1160.745 1158.954 1157.163 1155.373 1153.614 1152.936 1152.258 1151.58 1150.902 1151.225 1152.641 1154.057 1155.473 1156.889 1162.065 1167.534 1173.003 1178.472 1183.16 1186.556 1189.951 1193.347 1196.743 1197.818 1198.403 1198.99 1199.575 1200.0 1200.0 1200.0 1200.0 1200.0 1199.935 1199.844 1199.754 1199.664 1199.567 1199.437 1199.308 1199.178 1199.049 1199.0 1199.0 1199.0 1199.0 1199.0 1199.0 1199.0 1199.0 1199.0 1199.0 1199.0 1199.0 1199.0 1199.0 1198.975 1198.95 1198.924 1198.899 1198.819 1198.664 1198.509 1198.354
