data/zism_data/00773_01_D.txt
ncols         224
nrows         224
[rows 90 to 119 of 224, columns 68 to 135 of 224]
346.1411 339.7256 333.3102 326.8948 320.8743 316.1622 311.4501 306.738 302.0259 299.6243 298.2335 296.8427 295.4519 294.1231 293.1215 292.1199 291.1183 290.1167 288.5333 286.5981 284.6629 282.7277 280.7485 278.3068 275.8651 273.4233 270.9816 268.4824 265.9363 263.3902 260.8441 258.2957 255.5897 252.8837 250.1777 247.4716 244.8384 242.2847 239.7309 237.1772 234.6234 231.9032 229.1726 226.4421 223.7116 221.0078 218.3431 215.6785 213.0138 210.3491 208.3927 206.5426 204.6925 202.8424 201.4908 201.1361 200.7814 200.4267 200.072 200.0 200.0 200.0 200.0 200.0 200.0 200.0 200.0 200.0
349.5336 342.6832 335.8329 328.9825 322.5906 317.7175 312.8443 307.9711 303.098 300.7519 299.5114 298.271 297.0305 295.8401 294.9137 293.9872 293.0607 292.1343 290.5157 288.4785 286.4413 284.4041 282.3247 279.8024 277.2802 274.7579 272.2356 269.7209 267.2124 264.7039 262.1954 259.6836 256.9454 254.2071 251.4689 248.7306 246.0883 243.5507 241.013 238.4754 235.9378 233.1881 230.4253 227.6626 224.8999 222.1965 219.5802 216.9638 214.3475 211.7311 209.6317 207.6097 205.5878 203.5659 202.0549 201.566 201.0771 200.5881 200.0992 200.0 200.0 200.0 200.0 200.0 200.0 200.0 200.0 200.0
352.9173 345.6561 338.3951 331.1339 324.3973 319.3984 314.3995 309.4006 304.4017 302.1037 300.9873 299.8708 298.7544 297.6759 296.7975 295.919 295.0406 294.1622 292.4959 290.3532 288.2105 286.0679 283.8857 281.2885 278.6913 276.0941 273.4969 270.9673 268.493 266.0186 263.5442 261.0656 258.2947 255.5238 252.7529 249.982 247.3275 244.7999 242.2724 239.7448 237.2172 234.4463 231.6604 228.8745 226.0886 223.3906 220.8213 218.252 215.6826 213.1133 210.8743 208.6849 206.4955 204.306 202.6372 202.0098 201.3823 200.7548 200.1273 200.0 200.0 200.0 200.0 200.0 200.0 200.0 200.0 200.0
356.1996 348.8042 341.4089 334.0135 327.2386 322.5188 317.7991 313.0794 308.3597 306.0234 304.7298 303.4362 302.1426 300.8732 299.7317 298.5902 297.4486 296.3071 294.4514 292.1637 289.8761 287.5885 285.273 282.665 280.0571 277.4492 274.8413 272.3039 269.8242 267.3444 264.8647 262.3802 259.5717 256.7633 253.9548 251.1463 248.4439 245.8573 243.2707 240.6841 238.0974 235.3989 232.6936 229.9882 227.2829 224.6458 222.1086 219.5716 217.0345 214.4973 212.1599 209.8523 207.5448 205.2372 203.427 202.6116 201.7962 200.9808 200.1654 200.0 200.0 200.0 200.0 200.0 200.0 200.0 200.0 200.0
359.4818 351.9522 344.4227 336.8931 330.0798 325.6393 321.1988 316.7582 312.3177 309.9431 308.4723 307.0016 305.5308 304.0705 302.6659 301.2613 299.8567 298.4521 296.4068 293.9742 291.5417 289.109 286.6603 284.0416 281.4229 278.8043 276.1856 273.6405 271.1554 268.6703 266.1852 263.6948 260.8488 258.0027 255.1567 252.3106 249.5604 246.9147 244.269 241.6233 238.9776 236.3516 233.7267 231.1019 228.4771 225.9009 223.396 220.8912 218.3863 215.8814 213.4454 211.0197 208.594 206.1684 204.2168 203.2135 202.2102 201.2069 200.2036 200.0 200.0 200.0 200.0 200.0 200.0 200.0 200.0 200.0
362.7641 355.1003 347.4366 339.7727 332.921 328.7597 324.5984 320.437 316.2757 313.8628 312.2149 310.5669 308.9189 307.2678 305.6001 303.9324 302.2647 300.597 298.3623 295.7848 293.2072 290.6296 288.0476 285.4182 282.7888 280.1594 277.53 274.9771 272.4866 269.9961 267.5056 265.0094 262.1258 259.2422 256.3586 253.4749 250.6768 247.9721 245.2673 242.5625 239.8578 237.3042 234.7599 232.2156 229.6713 227.1561 224.6834 222.2108 219.7381 217.2654 214.7309 212.1871 209.6433 207.0996 205.0066 203.8154 202.6242 201.4329 200.2417 200.0 200.0 200.0 200.0 200.0 200.0 200.0 200.0 200.0
366.0464 358.2483 350.4504 342.6523 335.7623 331.8801 327.998 324.1158 320.2337 317.7825 315.9574 314.1323 312.3071 310.4651 308.5343 306.6035 304.6728 302.742 300.3178 297.5953 294.8727 292.1502 289.4348 286.7947 284.1546 281.5145 278.8743 276.3137 273.8178 271.3219 268.8261 266.3241 263.4029 260.4817 257.5604 254.6392 251.7932 249.0294 246.2656 243.5018 240.738 238.2568 235.7931 233.3293 230.8656 228.4113 225.9708 223.5304 221.0899 218.6494 216.0164 213.3545 210.6926 208.0307 205.7964 204.4173 203.0381 201.659 200.2798 200.0 200.0 200.0 200.0 200.0 200.0 200.0 200.0 200.0
369.8129 362.0837 354.3546 346.6255 339.8189 336.0685 332.318 328.5676 324.8172 322.2422 320.1815 318.1207 316.06 313.9655 311.6938 309.422 307.1502 304.8784 302.2216 299.3318 296.442 293.5523 290.6816 288.0113 285.3409 282.6706 280.0002 277.4 274.8571 272.3141 269.7711 267.2229 264.3142 261.4055 258.4967 255.588 252.7483 249.9838 247.2194 244.4549 241.6905 239.2616 236.8533 234.4451 232.0368 229.6139 227.1695 224.7251 222.2807 219.8362 217.1 214.32 211.54 208.76 206.3991 204.8766 203.354 201.8315 200.3089 200.0 200.0 200.0 200.0 200.0 200.0 200.0 200.0 200.0
374.0294 366.558 359.0866 351.6151 345.0052 341.2495 337.4937 333.7379 329.9821 327.2038 324.8531 322.5024 320.1518 317.7478 315.0626 312.3773 309.6921 307.007 304.0772 300.9995 297.9219 294.8442 291.7978 289.0791 286.3604 283.6418 280.9231 278.2539 275.625 272.9961 270.3672 267.7352 264.8856 262.0359 259.1862 256.3365 253.5533 250.8426 248.1318 245.421 242.7103 240.3148 237.9388 235.5628 233.1867 230.7677 228.2857 225.8037 223.3217 220.8397 217.9958 215.0977 212.1996 209.3015 206.8279 205.2033 203.5787 201.9542 200.3296 200.0 200.0 200.0 200.0 200.0 200.0 200.0 200.0 200.0
378.246 371.0322 363.8186 356.6048 350.1916 346.4305 342.6693 338.9081 335.147 332.1654 329.5248 326.8842 324.2436 321.53 318.4313 315.3327 312.2341 309.1355 305.9328 302.6673 299.4017 296.1361 292.9139 290.1469 287.3799 284.6129 281.8459 279.1077 276.3929 273.6782 270.9634 268.2475 265.4569 262.6663 259.8757 257.0851 254.3583 251.7013 249.0442 246.3871 243.7301 241.3681 239.0242 236.6804 234.3366 231.9214 229.4018 226.8823 224.3627 221.8431 218.8917 215.8754 212.8592 209.843 207.2566 205.53 203.8035 202.0769 200.3503 200.0 200.0 200.0 200.0 200.0 200.0 200.0 200.0 200.0
382.4626 375.5065 368.5505 361.5945 355.378 351.6115 347.8449 344.0784 340.3119 337.127 334.1964 331.2659 328.3354 325.3122 321.8001 318.2881 314.776 311.264 307.7885 304.335 300.8815 297.428 294.03 291.2147 288.3994 285.5841 282.7688 279.9615 277.1609 274.3602 271.5595 268.7598 266.0283 263.2967 260.5652 257.8336 255.1634 252.56 249.9566 247.3532 244.7499 242.4213 240.1097 237.7981 235.4865 233.0752 230.518 227.9609 225.4037 222.8466 219.7875 216.6532 213.5188 210.3845 207.6854 205.8568 204.0282 202.1996 200.371 200.0 200.0 200.0 200.0 200.0 200.0 200.0 200.0 200.0
386.6791 379.9807 373.2825 366.5841 360.5644 356.7925 353.0206 349.2487 345.4768 342.0885 338.8681 335.6476 332.4272 329.0944 325.1689 321.2434 317.318 313.3926 309.6441 306.0027 302.3613 298.7199 295.1461 292.2825 289.4189 286.5553 283.6917 280.8154 277.9288 275.0422 272.1556 269.2721 266.5996 263.9272 261.2547 258.5822 255.9684 253.4187 250.869 248.3193 245.7696 243.4746 241.1952 238.9158 236.6364 234.229 231.6342 229.0395 226.4448 223.85 220.6833 217.4309 214.1784 210.926 208.1141 206.1835 204.2529 202.3223 200.3917 200.0 200.0 200.0 200.0 200.0 200.0 200.0 200.0 200.0
386.3449 380.4074 374.4701 368.5326 363.1937 359.8374 356.4812 353.1249 349.7686 346.4623 343.1778 339.8933 336.6089 333.1489 328.7638 324.3787 319.9936 315.6085 311.4418 307.4071 303.3724 299.3377 295.41 292.6059 289.8017 286.9976 284.1935 281.3927 278.5948 275.7969 272.9989 270.2039 267.6059 265.0079 262.4099 259.8118 257.3166 254.9336 252.5505 250.1675 247.7844 245.5971 243.4218 241.2465 239.0712 236.6917 234.0131 231.3346 228.656 225.9775 222.5231 218.9523 215.3814 211.8106 208.7371 206.6583 204.5795 202.5006 200.4218 200.0 200.0 200.0 200.0 200.0 200.0 200.0 200.0 200.0
385.8023 380.6488 375.4954 370.3418 365.7059 362.7845 359.8632 356.9418 354.0205 350.8092 347.471 344.1328 340.7947 337.216 332.3691 327.5222 322.6753 317.8285 313.2368 308.7994 304.362 299.9246 295.6348 292.8951 290.1554 287.4157 284.676 281.9574 279.2561 276.5549 273.8536 271.1549 268.6321 266.1092 263.5864 261.0635 258.6897 256.4785 254.2672 252.056 249.8448 247.7686 245.7007 243.6327 241.5648 239.2142 236.4498 233.6854 230.9209 228.1564 224.406 220.5077 216.6093 212.711 209.369 207.1398 204.9107 202.6815 200.4523 200.0 200.0 200.0 200.0 200.0 200.0 200.0 200.0 200.0
385.2598 380.8901 376.5206 372.151 368.2181 365.7317 363.2452 360.7588 358.2724 355.1561 351.7642 348.3723 344.9805 341.283 335.9743 330.6657 325.357 320.0485 315.0318 310.1917 305.3516 300.5115 295.8596 293.1843 290.5091 287.8338 285.1585 282.5221 279.9175 277.3129 274.7082 272.1059 269.6582 267.2105 264.7628 262.3152 260.0627 258.0233 255.9839 253.9445 251.9051 249.94 247.9795 246.019 244.0585 241.7368 238.8865 236.0361 233.1858 230.3354 226.2889 222.0631 217.8372 213.6114 210.0009 207.6214 205.2419 202.8623 200.4828 200.0 200.0 200.0 200.0 200.0 200.0 200.0 200.0 200.0
384.7172 381.1315 377.5459 373.9602 370.7303 368.6788 366.6273 364.5757 362.5242 359.5029 356.0574 352.6118 349.1662 345.35 339.5796 333.8092 328.0387 322.2684 316.8268 311.584 306.3412 301.0984 296.0844 293.4736 290.8627 288.2519 285.6411 283.0869 280.5789 278.0709 275.5629 273.0569 270.6844 268.3119 265.9394 263.5669 261.4358 259.5682 257.7007 255.8331 253.9655 252.1115 250.2584 248.4052 246.5521 244.2594 241.3232 238.3869 235.4506 232.5143 228.1719 223.6185 219.0651 214.5117 210.6328 208.103 205.5731 203.0432 200.5133 200.0 200.0 200.0 200.0 200.0 200.0 200.0 200.0 200.0
384.7948 381.8132 378.8316 375.8499 373.1838 371.563 369.9421 368.3213 366.7005 363.7228 360.1516 356.5804 353.0092 349.0107 342.7595 336.5082 330.257 324.0059 318.1902 312.6378 307.0854 301.533 296.2398 293.668 291.0962 288.5244 285.9526 283.4598 281.0315 278.6033 276.175 273.7489 271.4706 269.1924 266.9141 264.6358 262.6766 261.0654 259.4543 257.8432 256.2321 254.546 252.8553 251.1645 249.4738 247.2788 244.3455 241.4123 238.479 235.5457 230.8526 225.8955 220.9384 215.9813 211.745 208.9505 206.156 203.3615 200.567 200.0 200.0 200.0 200.0 200.0 200.0 200.0 200.0 200.0
385.8258 383.1716 380.5175 377.8634 375.5472 374.3505 373.1538 371.9571 370.7604 367.7476 363.9401 360.1327 356.3252 352.0468 345.2856 338.5243 331.763 325.0018 318.8901 313.1713 307.4525 301.7337 296.2885 293.7167 291.1449 288.5731 286.0013 283.5381 281.1635 278.7889 276.4143 274.0429 271.8882 269.7334 267.5786 265.4238 263.7139 262.4893 261.2648 260.0402 258.8156 257.3846 255.9409 254.4971 253.0534 251.0618 248.2681 245.4744 242.6807 239.887 234.7593 229.2814 223.8035 218.3256 213.5954 210.3607 207.1259 203.8911 200.6563 200.0 200.0 200.0 200.0 200.0 200.0 200.0 200.0 200.0
386.8567 384.5301 382.2035 379.8769 377.9106 377.1381 376.3655 375.593 374.8204 371.7723 367.7286 363.6849 359.6412 355.083 347.8116 340.5403 333.2689 325.9977 319.5901 313.7049 307.8196 301.9344 296.3372 293.7654 291.1936 288.6218 286.05 283.6164 281.2955 278.9746 276.6537 274.337 272.3057 270.2744 268.2431 266.2118 264.7512 263.9132 263.0752 262.2372 261.3992 260.2232 259.0265 257.8297 256.6329 254.8448 252.1907 249.5366 246.8825 244.2284 238.666 232.6673 226.6686 220.67 215.4458 211.7708 208.0957 204.4207 200.7456 200.0 200.0 200.0 200.0 200.0 200.0 200.0 200.0 200.0
387.8877 385.8885 383.8894 381.8903 380.274 379.9256 379.5772 379.2288 378.8804 375.797 371.5171 367.2372 362.9572 358.1191 350.3377 342.5563 334.7749 326.9936 320.2901 314.2384 308.1867 302.135 296.3859 293.8141 291.2423 288.6705 286.0987 283.6946 281.4274 279.1602 276.893 274.631 272.7232 270.8154 268.9076 266.9998 265.7885 265.3371 264.8856 264.4342 263.9828 263.0619 262.1121 261.1623 260.2125 258.6277 256.1132 253.5988 251.0842 248.5697 242.5727 236.0532 229.5338 223.0143 217.2962 213.1809 209.0656 204.9503 200.835 200.0 200.0 200.0 200.0 200.0 200.0 200.0 200.0 200.0
388.9186 387.247 385.5754 383.9038 382.6373 382.7131 382.7888 382.8646 382.9404 379.8217 375.3056 370.7894 366.2733 361.1552 352.8638 344.5723 336.2808 327.9895 320.9901 314.7719 308.5538 302.3357 296.4346 293.8628 291.291 288.7192 286.1474 283.7729 281.5594 279.3459 277.1324 274.9251 273.1408 271.3564 269.5721 267.7878 266.8258 266.7609 266.696 266.6312 266.5663 265.9005 265.1977 264.4949 263.7921 262.4107 260.0358 257.6609 255.286 252.9111 246.4794 239.4391 232.3989 225.3587 219.1466 214.591 210.0355 205.4799 200.9243 200.0 200.0 200.0 200.0 200.0 200.0 200.0 200.0 200.0
391.272 389.5124 387.7528 385.9932 384.7026 384.9657 385.2289 385.492 385.7551 382.7592 378.3374 373.9156 369.4938 364.4122 355.8519 347.2917 338.7314 330.1712 322.8304 316.2269 309.6234 303.02 296.7667 294.1904 291.6141 289.0378 286.4615 284.1343 282.0102 279.8861 277.7621 275.6454 274.0338 272.4221 270.8104 269.1987 268.424 268.5626 268.7011 268.8396 268.9781 268.6198 268.231 267.8422 267.4534 266.4712 264.6201 262.769 260.918 259.0669 252.8761 246.0344 239.1926 232.3509 225.913 220.2827 214.6524 209.0222 203.3919 201.8756 201.4065 200.9374 200.4683 200.1146 200.0878 200.061 200.0342 200.0074
393.8922 391.9608 390.0294 388.098 386.7078 387.1105 387.5132 387.9159 388.3186 385.4772 381.2165 376.9557 372.695 367.7137 358.9333 350.1529 341.3725 332.5922 324.9008 317.8678 310.8348 303.8018 297.1559 294.5742 291.9926 289.4109 286.8293 284.5529 282.5254 280.498 278.4705 276.4518 275.0226 273.5935 272.1644 270.7352 270.1354 270.4404 270.7453 271.0503 271.3552 271.3152 271.2538 271.1926 271.1313 270.5877 269.3379 268.0882 266.8384 265.5887 259.7751 253.277 246.7789 240.2807 233.671 226.8381 220.0051 213.1722 206.3392 204.1296 203.0968 202.0639 201.0311 200.2523 200.1933 200.1343 200.0753 200.0163
396.5122 394.409 392.3058 390.2026 388.7128 389.2552 389.7975 390.3398 390.882 388.1952 384.0955 379.9958 375.8961 371.0151 362.0146 353.0141 344.0135 335.0132 326.9711 319.5086 312.0461 304.5836 297.545 294.958 292.371 289.784 287.197 284.9714 283.0406 281.1098 279.179 277.2581 276.0115 274.7649 273.5183 272.2717 271.8468 272.3181 272.7895 273.2609 273.7323 274.0104 274.2766 274.5428 274.809 274.704 274.0556 273.4071 272.7587 272.1103 266.6739 260.5194 254.3649 248.2103 241.4288 233.3932 225.3576 217.3221 209.2865 206.3835 204.787 203.1904 201.5939 200.39 200.2988 200.2076 200.1163 200.0251
399.1324 396.8574 394.5824 392.3074 390.718 391.3999 392.0818 392.7637 393.4456 390.9132 386.9746 383.036 379.0974 374.3167 365.096 355.8753 346.6547 337.4341 329.0415 321.1494 313.2574 305.3654 297.9342 295.3419 292.7495 290.1571 287.5647 285.3899 283.5558 281.7216 279.8874 278.0644 277.0004 275.9364 274.8723 273.8083 273.5582 274.196 274.8338 275.4716 276.1094 276.7057 277.2994 277.8931 278.4868 278.8205 278.7734 278.7263 278.6792 278.632 273.573 267.762 261.9511 256.1402 249.1868 239.9485 230.7103 221.4721 212.2339 208.6375 206.4772 204.3169 202.1567 200.5277 200.4043 200.2809 200.1574 200.034
401.3728 398.7911 396.2094 393.6277 391.8352 392.6567 393.4782 394.2997 395.1212 392.8351 389.1895 385.5439 381.8983 377.3383 367.9569 358.5756 349.1942 339.813 331.1012 322.7942 314.4871 306.1801 298.371 295.7906 293.2103 290.6299 288.0496 285.9398 284.2139 282.488 280.7621 279.0482 278.1507 277.2533 276.3559 275.4584 275.3485 276.0976 276.8468 277.5959 278.3451 279.2085 280.079 280.9495 281.8199 282.5038 282.9145 283.3252 283.7359 284.1466 279.4246 273.9326 268.4406 262.9486 255.9153 245.7992 235.683 225.5669 215.4508 211.1784 208.3935 205.6086 202.8237 200.7212 200.5525 200.3838 200.2151 200.0464
402.5866 399.3337 396.0809 392.828 390.5523 391.5134 392.4745 393.4356 394.3967 392.6051 389.6092 386.6133 383.6173 379.6034 370.2221 360.8407 351.4594 342.0782 333.1321 324.4492 315.7664 307.0834 298.9363 296.415 293.8938 291.3725 288.8512 286.8448 285.2585 283.6722 282.0859 280.5114 279.7374 278.9635 278.1895 277.4156 277.3521 278.0637 278.7752 279.4868 280.1983 281.1911 282.2012 283.2113 284.2214 285.0165 285.497 285.9775 286.458 286.9385 282.445 277.2054 271.9658 266.7262 259.861 249.7449 239.6288 229.5126 219.3965 214.495 210.9208 207.3466 203.7724 201.0656 200.8163 200.5671 200.3179 200.0686
403.8005 399.8764 395.9524 392.0284 389.2694 390.3701 391.4708 392.5715 393.6722 392.375 390.0288 387.6826 385.3363 381.8685 372.4872 363.1059 353.7246 344.3434 335.1631 326.1043 317.0456 307.9868 299.5016 297.0394 294.5772 292.115 289.6528 287.7498 286.3031 284.8564 283.4097 281.9745 281.3241 280.6736 280.0232 279.3728 279.3557 280.0297 280.7037 281.3777 282.0516 283.1737 284.3234 285.4731 286.6228 287.5293 288.0796 288.6299 289.1801 289.7305 285.4655 280.4782 275.4909 270.5037 263.8068 253.6906 243.5745 233.4584 223.3422 217.8116 213.4481 209.0845 204.7211 201.4099 201.0801 200.7503 200.4206 200.0908
405.0143 400.4191 395.8239 391.2286 387.9865 389.2268 390.4671 391.7074 392.9477 392.145 390.4485 388.7519 387.0553 384.1336 374.7523 365.371 355.9897 346.6086 337.1941 327.7594 318.3248 308.8902 300.067 297.6638 295.2607 292.8575 290.4544 288.6548 287.3477 286.0406 284.7335 283.4377 282.9108 282.3839 281.8569 281.3299 281.3593 281.9957 282.6321 283.2685 283.9049 285.1563 286.4456 287.735 289.0242 290.042 290.6621 291.2822 291.9023 292.5224 288.486 283.751 279.0161 274.2812 267.7525 257.6364 247.5202 237.4041 227.2879 221.1281 215.9753 210.8225 205.6698 201.7542 201.3439 200.9336 200.5233 200.113
406.2281 400.9617 395.6954 390.4289 386.7036 388.0835 389.4634 390.8434 392.2232 391.915 390.8681 389.8212 388.7744 386.3988 377.0175 367.6362 358.2549 348.8738 339.225 329.4145 319.604 309.7935 300.6323 298.2882 295.9441 293.6 291.256 289.5598 288.3923 287.2249 286.0573 284.9009 284.4975 284.094 283.6906 283.2871 283.363 283.9618 284.5606 285.1594 285.7582 287.1389 288.5679 289.9968 291.4257 292.5547 293.2446 293.9345 294.6244 295.3143 291.5064 287.0239 282.5413 278.0587 271.6983 261.5821 251.466 241.3498 231.2337 224.4447 218.5026 212.5605 206.6185 202.0985 201.6077 201.1168 200.626 200.1352
