data/zism_data/00776_01_D.txt
ncols         224
nrows         224
[rows 0 to 27 of 224, columns 126 to 188 of 224]
200.1706 200.1339 200.1011 200.0683 200.0356 200.0029 200.0 200.0 200.0 200.0 200.6924 202.5657 204.4391 206.3125 208.186 210.2142 212.275 214.3359 216.3967 217.0809 214.2708 211.4605 208.6503 205.8401 204.2762 203.1522 202.0282 200.9041 200.0 200.0 200.0 200.0 200.0 200.0 200.0 200.0 200.0 200.0 200.0 200.0 200.0 200.0 200.0185 200.0513 200.084 200.1168 200.1529 200.3402 200.5276 200.7149 200.9023 201.0 201.0 201.0 201.0 201.0 201.0 201.0 201.0 201.0 201.0861 201.3062 201.5263
200.0112 200.0 200.0 200.0 200.0 200.0 200.3034 200.6356 200.9679 201.3001 202.5247 205.2712 208.0179 210.7645 213.5111 216.104 218.6646 221.2251 223.7857 224.582 220.9001 217.2182 213.5362 209.8543 207.5818 205.8068 204.0318 202.2568 200.8055 200.685 200.5645 200.444 200.3235 200.2434 200.1849 200.1263 200.0678 200.0153 200.0118 200.0084 200.0049 200.0015 200.0 200.0 200.0 200.0 200.0048 200.2249 200.445 200.6651 200.8852 201.0 201.0 201.0 201.0 201.0 201.0 201.0 201.0 201.0 201.0861 201.3062 201.5263
200.0462 200.0 200.0 200.0 200.0 200.0 201.248 202.6148 203.9816 205.3484 207.8532 212.299 216.7448 221.1907 225.6366 228.8837 231.8785 234.8733 237.8681 238.6411 233.7745 228.9079 224.0412 219.1745 215.5471 212.3569 209.1668 205.9766 203.3137 202.8179 202.3222 201.8265 201.3307 201.0013 200.7605 200.5197 200.2789 200.0628 200.0486 200.0345 200.0203 200.0062 200.0 200.0 200.0 200.0 200.0048 200.2249 200.445 200.6651 200.8852 201.0 201.0 201.0 201.0 201.0 201.0 201.0 201.0 201.0 201.0861 201.3062 201.5263
200.0811 200.0 200.0 200.0 200.0 200.0 202.1926 204.594 206.9954 209.3968 213.1817 219.3267 225.4718 231.6169 237.762 241.6634 245.0924 248.5214 251.9505 252.7002 246.6489 240.5975 234.5461 228.4948 223.5123 218.907 214.3018 209.6965 205.8219 204.9509 204.0799 203.209 202.338 201.7592 201.3362 200.9131 200.4901 200.1104 200.0855 200.0606 200.0357 200.0108 200.0 200.0 200.0 200.0 200.0048 200.2249 200.445 200.6651 200.8852 201.0 201.0 201.0 201.0 201.0 201.0 201.0 201.0 201.0 201.0861 201.3062 201.5263
200.1161 200.0 200.0 200.0 200.0 200.0 203.1372 206.5731 210.0091 213.4451 218.5103 226.3545 234.1988 242.0432 249.8875 254.4431 258.3063 262.1696 266.0328 266.7593 259.5233 252.2872 245.0511 237.815 231.4776 225.4572 219.4367 213.4163 208.3301 207.0839 205.8377 204.5915 203.3453 202.5171 201.9118 201.3065 200.7012 200.1579 200.1223 200.0867 200.0511 200.0155 200.0 200.0 200.0 200.0 200.0048 200.2249 200.445 200.6651 200.8852 201.0 201.0 201.0 201.0 201.0 201.0 201.0 201.0 201.0 201.0861 201.3062 201.5263
200.151 200.0 200.0 200.0 200.0 200.0 204.0818 208.5523 213.0229 217.4934 223.8388 233.3822 242.9258 252.4694 262.013 267.2228 271.5202 275.8177 280.1152 280.8184 272.3977 263.9769 255.5561 247.1352 239.4428 232.0073 224.5717 217.1362 210.8382 209.2168 207.5954 205.974 204.3525 203.275 202.4874 201.6999 200.9124 200.2054 200.1591 200.1128 200.0665 200.0201 200.0 200.0 200.0 200.0 200.0048 200.2249 200.445 200.6651 200.8852 201.0 201.0 201.0 201.0 201.0 201.0 201.0 201.0 201.0 201.0861 201.3062 201.5263
200.2678 200.0 200.0 200.0 200.0 200.0 204.5175 209.465 214.4127 219.3604 226.3353 236.7682 247.2013 257.6345 268.0676 273.337 277.5193 281.7016 285.884 286.6286 278.6469 270.665 262.6832 254.7013 247.2775 240.0504 232.8233 225.5962 219.2827 216.7244 214.1662 211.6079 209.0496 207.0656 205.3877 203.7098 202.032 200.5237 200.4056 200.2875 200.1694 200.0513 200.0207 200.0573 200.0939 200.1306 200.1704 200.3539 200.5373 200.7208 200.9043 201.0 201.0 201.0 201.0 201.0 201.0 201.0 201.0 201.0 201.0861 201.3062 201.5263
200.4106 200.0 200.0 200.0 200.0 200.0 204.7916 210.0394 215.2872 220.5351 227.9331 238.9986 250.0643 261.13 272.1956 277.336 281.2288 285.1217 289.0146 289.8212 282.7936 275.766 268.7384 261.7108 255.0707 248.5673 242.0639 235.5605 229.6109 225.9376 222.2643 218.5909 214.9176 211.8185 209.0256 206.2327 203.4398 200.9278 200.7186 200.5094 200.3002 200.091 200.048 200.1328 200.2177 200.3026 200.3885 200.5238 200.659 200.7942 200.9294 201.0 201.0 201.0 201.0 201.0 201.0 201.0 201.0 201.0 201.0861 201.3062 201.5263
200.5533 200.0 200.0 200.0 200.0 200.0 205.0657 210.6137 216.1618 221.7099 229.5309 241.229 252.9272 264.6255 276.3238 281.3349 284.9383 288.5417 292.1451 293.0137 286.9404 280.867 274.7936 268.7202 262.8639 257.0842 251.3045 245.5248 239.9391 235.1507 230.3624 225.574 220.7856 216.5715 212.6636 208.7556 204.8477 201.3319 201.0316 200.7312 200.4309 200.1306 200.0752 200.2084 200.3415 200.4746 200.6067 200.6937 200.7807 200.8676 200.9546 201.0 201.0 201.0 201.0 201.0 201.0 201.0 201.0 201.0 201.0861 201.3062 201.5263
200.6961 200.0 200.0 200.0 200.0 200.0 205.3398 211.188 217.0363 222.8846 231.1287 243.4593 255.7902 268.121 280.4518 285.3339 288.6478 291.9618 295.2757 296.2063 291.0872 285.968 280.8488 275.7296 270.6572 265.6011 260.5451 255.489 250.2673 244.3639 238.4604 232.557 226.6536 221.3245 216.3015 211.2785 206.2555 201.736 201.3446 200.9531 200.5616 200.1702 200.1025 200.2839 200.4652 200.6466 200.8248 200.8636 200.9023 200.9411 200.9798 201.0 201.0 201.0 201.0 201.0 201.0 201.0 201.0 201.0 201.0861 201.3062 201.5263
200.8067 200.0 200.0 200.0 200.0 200.0 205.3891 211.2914 217.1938 223.0962 231.5281 244.2747 257.0216 269.7684 282.5153 287.3824 290.5907 293.799 297.0073 298.0798 293.731 289.3822 285.0334 280.6846 276.4183 272.181 267.9437 263.7064 258.9431 252.0165 245.09 238.1634 231.2368 224.9859 219.0951 213.2043 207.3134 202.0147 201.5701 201.1256 200.681 200.2365 200.1622 200.3728 200.5834 200.794 201.0 201.0 201.0 201.0 201.0 201.0 201.0 201.0 201.0 201.0 201.0 201.0 201.0 201.0 201.0861 201.3062 201.5263
200.7863 200.0 200.0 200.0 200.0 200.0 204.5228 209.4763 214.4299 219.3835 227.0448 239.3251 251.6056 263.8861 276.1666 281.484 285.3355 289.187 293.0386 294.5786 290.2513 285.924 281.5966 277.2692 273.8999 270.8687 267.8375 264.8063 260.8861 253.311 245.7358 238.1607 230.5855 224.1999 218.4485 212.6971 206.9456 201.7822 201.4395 201.0968 200.7541 200.4114 200.3542 200.5165 200.6788 200.8412 201.0 201.0 201.0 201.0 201.0 201.0 201.0 201.0 201.0 201.0 201.0 201.0 201.0 201.0 201.0861 201.3062 201.5263
200.7659 200.0 200.0 200.0 200.0 200.0 203.6565 207.6612 211.666 215.6707 222.5616 234.3755 246.1896 258.0037 269.8178 275.5855 280.0803 284.5751 289.0699 291.0775 286.7716 282.4657 278.1598 273.8538 271.3816 269.5564 267.7313 265.9062 262.8292 254.6055 246.3817 238.158 229.9342 223.4139 217.8019 212.1899 206.5779 201.5497 201.3089 201.068 200.8272 200.5863 200.5461 200.6602 200.7743 200.8884 201.0 201.0 201.0 201.0 201.0 201.0 201.0 201.0 201.0 201.0 201.0 201.0 201.0 201.0 201.0861 201.3062 201.5263
200.7455 200.0 200.0 200.0 200.0 200.0 202.7902 205.8461 208.902 211.958 218.0783 229.4258 240.7736 252.1213 263.4691 269.6871 274.8251 279.9632 285.1013 287.5764 283.2919 279.0074 274.7229 270.4384 268.8632 268.2442 267.6251 267.006 264.7723 255.8999 247.0276 238.1553 229.2829 222.6279 217.1553 211.6827 206.2101 201.3173 201.1783 201.0392 200.9002 200.7612 200.738 200.8039 200.8697 200.9356 201.0 201.0 201.0 201.0 201.0 201.0 201.0 201.0 201.0 201.0 201.0 201.0 201.0 201.0 201.0861 201.3062 201.5263
200.7251 200.0 200.0 200.0 200.0 200.0 201.9239 204.031 206.1381 208.2452 213.595 224.4762 235.3576 246.239 257.1204 263.7886 269.5699 275.3512 281.1326 284.0752 279.8122 275.5492 271.2861 267.0231 266.3448 266.9319 267.5189 268.1059 266.7154 257.1944 247.6735 238.1525 228.6316 221.8419 216.5087 211.1755 205.8423 201.0848 201.0476 201.0105 200.9733 200.9362 200.9299 200.9476 200.9652 200.9828 201.0 201.0 201.0 201.0 201.0 201.0 201.0 201.0 201.0 201.0 201.0 201.0 201.0 201.0 201.0861 201.3062 201.5263
201.3641 200.8911 201.0136 201.1362 201.2587 201.3812 202.7385 204.2134 205.6883 207.1632 211.9068 222.2263 232.546 242.8657 253.1854 259.6828 265.3755 271.0682 276.761 279.4248 274.4004 269.3758 264.3513 259.3267 258.6897 259.6012 260.5126 261.4241 260.4194 251.5365 242.6537 233.7709 224.8881 218.8108 214.2298 209.6487 205.0676 200.9848 200.9883 200.9917 200.9951 200.9985 201.0 201.0 201.0 201.0 201.0 201.0 201.0 201.0 201.0 201.0 201.0 201.0 201.0 201.0 201.0 201.0 201.0 201.0 201.0741 201.2636 201.453
202.382 202.2943 202.6098 202.9253 203.2408 203.5563 204.5193 205.5439 206.5685 207.5931 211.825 221.5281 231.2313 240.9346 250.6378 256.6073 261.7907 266.9742 272.1577 274.1139 267.878 261.642 255.406 249.17 248.0822 248.8114 249.5407 250.2699 249.3881 241.8829 234.3777 226.8725 219.3674 214.4895 211.0126 207.5358 204.059 200.9611 200.9699 200.9786 200.9874 200.9962 201.0 201.0 201.0 201.0 201.0 201.0 201.0 201.0 201.0 201.0 201.0 201.0 201.0 201.0 201.0 201.0 201.0 201.0 201.0553 201.1965 201.3377
203.4 203.6974 204.2059 204.7144 205.2229 205.7314 206.3 206.8743 207.4487 208.023 211.7432 220.8299 229.9166 239.0034 248.0902 253.5318 258.206 262.8802 267.5545 268.8029 261.3556 253.9082 246.4607 239.0132 237.4748 238.0217 238.5687 239.1157 238.3568 232.2293 226.1017 219.9742 213.8466 210.1681 207.7955 205.423 203.0504 200.9373 200.9515 200.9656 200.9797 200.9939 201.0 201.0 201.0 201.0 201.0 201.0 201.0 201.0 201.0 201.0 201.0 201.0 201.0 201.0 201.0 201.0 201.0 201.0 201.0364 201.1293 201.2223
204.418 205.1006 205.8021 206.5036 207.205 207.9065 208.0808 208.2048 208.3288 208.4529 211.6615 220.1316 228.6019 237.0723 245.5426 250.4563 254.6212 258.7863 262.9513 263.492 254.8333 246.1743 237.5154 228.8565 226.8673 227.232 227.5968 227.9615 227.3256 222.5757 217.8257 213.0758 208.3259 205.8467 204.5784 203.3101 202.0419 200.9136 200.9331 200.9525 200.972 200.9915 201.0 201.0 201.0 201.0 201.0 201.0 201.0 201.0 201.0 201.0 201.0 201.0 201.0 201.0 201.0 201.0 201.0 201.0 201.0175 201.0622 201.1069
205.689 206.817 207.7901 208.7632 209.7363 210.7094 210.4529 210.0793 209.7058 209.3322 212.0033 219.8679 227.7327 235.5976 243.4624 247.8666 251.5423 255.218 258.8937 258.7457 248.8919 239.038 229.184 219.3301 216.884 217.0524 217.2208 217.3892 216.8557 213.4365 210.0173 206.5981 203.1788 201.8336 201.5945 201.3554 201.1162 200.9058 200.9306 200.9555 200.9803 201.0052 201.0147 201.0123 201.01 201.0076 201.0053 201.0045 201.0038 201.003 201.0022 201.0016 201.0012 201.0008 201.0004 201.0 201.0 201.0 201.0 201.0 201.0 201.0 201.0
210.1743 212.5117 214.7553 216.9989 219.2425 221.4862 220.3367 218.8642 217.3917 215.9191 217.725 225.1233 232.5218 239.9202 247.3186 251.4469 254.8867 258.3265 261.7664 261.1704 250.3303 239.4899 228.6496 217.8092 214.8285 214.6216 214.4148 214.2079 213.5163 210.8315 208.1467 205.462 202.7772 201.7364 201.5723 201.4083 201.2442 201.1012 201.1315 201.1617 201.1919 201.2221 201.2157 201.1812 201.1467 201.1122 201.0782 201.0667 201.0551 201.0436 201.0321 201.0234 201.0176 201.0119 201.0061 201.0004 201.0 201.0 201.0 201.0 201.0 201.0 201.0
214.6597 218.2064 221.7205 225.2346 228.7488 232.2629 230.2206 227.6491 225.0776 222.5061 223.4468 230.3788 237.3108 244.2429 251.1749 255.0273 258.2312 261.4351 264.6391 263.5952 251.7686 239.9419 228.1151 216.2884 212.773 212.1909 211.6088 211.0267 210.1769 208.2265 206.2762 204.3259 202.3756 201.6392 201.5502 201.4612 201.3721 201.2967 201.3322 201.3678 201.4034 201.4389 201.4167 201.3501 201.2834 201.2167 201.151 201.1288 201.1066 201.0843 201.0621 201.0452 201.0341 201.0229 201.0118 201.0007 201.0 201.0 201.0 201.0 201.0 201.0 201.0
219.1451 223.901 228.6857 233.4703 238.255 243.0396 240.1044 236.434 232.7635 229.0931 229.1686 235.6342 242.0999 248.5655 255.0312 258.6076 261.5756 264.5437 267.5118 266.0199 253.207 240.3938 227.5807 214.7675 210.7174 209.7601 208.8027 207.8454 206.8374 205.6216 204.4057 203.1898 201.9739 201.5419 201.528 201.514 201.5001 201.4921 201.533 201.574 201.6149 201.6558 201.6177 201.5189 201.4201 201.3212 201.2238 201.1909 201.1579 201.125 201.092 201.067 201.0505 201.034 201.0175 201.0011 201.0 201.0 201.0 201.0 201.0 201.0 201.0
223.6304 229.5957 235.6509 241.706 247.7612 253.8164 249.9882 245.2189 240.4494 235.68 234.8904 240.8896 246.8889 252.8882 258.8875 262.1879 264.9201 267.6523 270.3845 268.4446 254.6453 240.8458 227.0462 213.2467 208.6619 207.3293 205.9967 204.6641 203.498 203.0166 202.5352 202.0537 201.5723 201.4447 201.5058 201.5669 201.628 201.6875 201.7338 201.7801 201.8264 201.8727 201.8188 201.6878 201.5568 201.4258 201.2967 201.253 201.2093 201.1657 201.122 201.0888 201.0669 201.0451 201.0233 201.0014 201.0 201.0 201.0 201.0 201.0 201.0 201.0
224.1478 230.4805 237.1652 243.8499 250.5346 257.2194 253.1453 248.0466 242.9479 237.8492 236.6381 242.0587 247.4793 252.9 258.3206 261.6446 264.5271 267.4096 270.2922 268.395 254.3653 240.3353 226.3053 212.2754 207.5111 206.0169 204.5226 203.0284 201.8086 201.7164 201.6243 201.5322 201.4401 201.4647 201.5515 201.6384 201.7253 201.8074 201.8508 201.8943 201.9377 201.9811 201.9264 201.7961 201.6658 201.5355 201.4067 201.3469 201.287 201.2271 201.1672 201.1217 201.0918 201.0618 201.0319 201.002 201.0 201.0 201.0 201.0 201.0 201.0 201.0
220.8672 226.7615 233.4622 240.1629 246.8637 253.5645 249.8638 245.1725 240.4812 235.7899 234.5821 239.3166 244.0511 248.7856 253.5201 257.1543 260.5568 263.9593 267.3618 265.977 252.4405 238.9037 225.3669 211.8301 207.2262 205.7748 204.3235 202.8722 201.6983 201.6652 201.632 201.5988 201.5657 201.5968 201.6622 201.7277 201.7931 201.8549 201.8876 201.9204 201.9531 201.9858 201.9445 201.8464 201.7483 201.6501 201.5524 201.4711 201.3898 201.3084 201.2271 201.1653 201.1246 201.084 201.0433 201.0027 201.0 201.0 201.0 201.0 201.0 201.0 201.0
217.5866 223.0424 229.7592 236.476 243.1928 249.9096 246.5823 242.2984 238.0145 233.7306 232.5261 236.5744 240.6228 244.6712 248.7196 252.664 256.5864 260.5089 264.4314 263.5591 250.5157 237.4721 224.4285 211.3849 206.9413 205.5328 204.1244 202.7159 201.5881 201.6139 201.6397 201.6655 201.6913 201.729 201.7729 201.8169 201.8609 201.9025 201.9245 201.9465 201.9685 201.9904 201.9627 201.8967 201.8308 201.7648 201.6981 201.5953 201.4925 201.3898 201.287 201.2088 201.1575 201.1061 201.0547 201.0034 201.0 201.0 201.0 201.0 201.0 201.0 201.0
214.306 219.3234 226.0563 232.789 239.5219 246.2547 243.3008 239.4243 235.5478 231.6714 230.4701 233.8323 237.1946 240.5568 243.9191 248.1737 252.6161 257.0586 261.5011 261.1411 248.5909 236.0405 223.49 210.9396 206.6564 205.2908 203.9252 202.5597 201.4779 201.5626 201.6474 201.7322 201.8169 201.8611 201.8837 201.9062 201.9287 201.95 201.9613 201.9726 201.9838 201.9951 201.9809 201.9471 201.9133 201.8795 201.8437 201.7195 201.5953 201.4711 201.3469 201.2524 201.1903 201.1282 201.0661 201.004 201.0 201.0 201.0 201.0 201.0 201.0 201.0
