data/zism_data/00771_03_D.txt
ncols         224
nrows         224
[rows 56 to 83 of 224, columns 63 to 125 of 224]
907.9421 910.7894 914.4367 918.0839 921.7311 925.3257 925.3381 925.3504 925.3628 925.3751 923.5533 919.788 916.0225 912.2571 908.4918 902.6409 896.6953 890.7496 884.804 876.5367 865.1603 853.7842 842.4078 831.0317 818.9899 806.8729 794.756 782.6389 771.4095 761.6943 751.9789 742.2637 732.5483 735.2065 740.2112 745.216 750.2207 757.2667 768.822 780.3772 791.9327 803.488 819.2393 836.1566 853.0735 869.9908 886.7106 902.8502 918.9901 935.1297 951.2696 962.5065 971.8804 981.2545 990.6284 998.3884 999.5134 1000.638 1001.764 1002.889 1002.754 1001.99 1001.225
915.9827 919.0503 922.327 925.6038 928.8806 932.1042 931.7139 931.3235 930.9332 930.5429 928.467 924.605 920.7429 916.8809 913.0189 906.9686 900.819 894.6693 888.5197 879.9014 867.9774 856.0536 844.1296 832.2059 819.8866 807.5225 795.1586 782.7946 771.4095 761.6943 751.9789 742.2637 732.5483 735.2065 740.2112 745.216 750.2207 757.2667 768.822 780.3772 791.9327 803.488 819.2729 836.2332 853.1931 870.1533 887.01 903.563 920.1163 936.6693 953.2226 964.7562 974.3824 984.0089 993.6351 1001.652 1003.051 1004.45 1005.848 1007.247 1007.182 1006.386 1005.589
924.0233 927.3111 930.2174 933.1237 936.0299 938.8826 938.0896 937.2966 936.5036 935.7106 933.3807 929.422 925.4633 921.5046 917.546 911.2963 904.9427 898.5889 892.2353 883.2661 870.7944 858.3231 845.8514 833.38 820.7833 808.1722 795.5613 782.9503 771.4095 761.6943 751.9789 742.2637 732.5483 735.2065 740.2112 745.216 750.2207 757.2667 768.822 780.3772 791.9327 803.488 819.3066 836.3098 853.3126 870.3158 887.3094 904.2758 921.2426 938.2089 955.1757 967.0059 976.8845 986.7633 996.6419 1004.915 1006.588 1008.26 1009.933 1011.606 1011.611 1010.782 1009.953
932.064 935.572 938.1078 940.6437 943.1794 945.6612 944.4655 943.2698 942.0742 940.8785 938.2944 934.2391 930.1837 926.1284 922.0731 915.6241 909.0665 902.5087 895.951 886.6309 873.6116 860.5925 847.5732 834.5541 821.6799 808.8219 795.9641 783.106 771.4095 761.6943 751.9789 742.2637 732.5483 735.2065 740.2112 745.216 750.2207 757.2667 768.822 780.3772 791.9327 803.488 819.3401 836.3863 853.4321 870.4783 887.6088 904.9886 922.3688 939.7486 957.1287 969.2557 979.3867 989.5178 999.6488 1008.179 1010.125 1012.072 1014.018 1015.965 1016.039 1015.178 1014.317
940.8595 944.4337 946.5248 948.616 950.7072 952.7438 951.0731 949.4022 947.7314 946.0606 943.1606 938.9581 934.7555 930.553 926.3505 919.6307 912.7965 905.9622 899.1281 889.4458 875.9496 862.4537 848.9575 835.4616 822.3686 809.3209 796.2733 783.2256 771.3922 761.6297 751.8671 742.1047 732.3422 734.8044 739.585 744.3657 749.1462 755.9286 767.1334 778.3381 789.5431 800.7478 816.7975 834.1933 851.5888 868.9846 886.4959 904.3481 922.2007 940.0529 957.9054 970.4137 980.8914 991.3693 1001.847 1010.741 1013.123 1015.505 1017.887 1020.269 1020.57 1019.83 1019.09
951.3054 954.6087 956.0931 957.5776 959.0621 960.4916 958.1873 955.8829 953.5786 951.2742 947.9231 943.4629 939.0026 934.5424 930.0822 922.9351 915.666 908.3969 901.1278 891.0588 877.2405 863.4224 849.6041 835.7861 822.6025 809.4903 796.3784 783.2662 771.3365 761.4238 751.5109 741.5981 731.6852 733.5233 737.5898 741.6564 745.7229 751.6658 761.7537 771.8417 781.9299 792.0178 808.623 827.039 845.4547 863.8706 882.2958 900.7494 919.2032 937.6567 956.1106 969.1852 980.2159 991.2468 1002.278 1011.771 1014.942 1018.113 1021.285 1024.456 1025.324 1025.041 1024.757
961.7513 964.7837 965.6614 966.5392 967.4169 968.2393 965.3015 962.3635 959.4257 956.4878 952.6856 947.9677 943.2497 938.5317 933.8138 926.2396 918.5356 910.8315 903.1275 892.6719 878.5314 864.3912 850.2508 836.1106 822.8364 809.6598 796.4834 783.3068 771.281 761.2179 751.1547 741.0916 731.0283 732.2422 735.5946 738.9471 742.2996 747.4029 756.3741 765.3453 774.3166 783.2878 800.4486 819.8848 839.3205 858.7567 878.0958 897.1506 916.2058 935.2606 954.3158 967.9567 979.5405 991.1244 1002.708 1012.8 1016.761 1020.722 1024.682 1028.643 1030.079 1030.251 1030.424
972.1973 974.9587 975.2297 975.5007 975.7717 975.9871 972.4156 968.8442 965.2728 961.7014 957.4481 952.4725 947.4968 942.5211 937.5454 929.544 921.4051 913.2661 905.1273 894.2849 879.8223 865.36 850.8974 836.4351 823.0703 809.8293 796.5884 783.3474 771.2255 761.012 750.7984 740.585 730.3714 730.9611 733.5994 736.2379 738.8762 743.14 750.9944 758.8488 766.7034 774.5578 792.2742 812.7305 833.1864 853.6426 873.8957 893.5519 913.2084 932.8645 952.521 966.7283 978.865 991.002 1003.139 1013.83 1018.58 1023.33 1028.08 1032.83 1034.833 1035.462 1036.091
982.6432 985.1337 984.798 984.4623 984.1266 983.7348 979.5299 975.3249 971.1199 966.915 962.2107 956.9773 951.7438 946.5104 941.2771 932.8484 924.2747 915.7007 907.127 895.8979 881.1132 866.3287 851.544 836.7596 823.3043 809.9988 796.6935 783.3881 771.1699 760.8062 750.4422 740.0784 729.7145 729.6799 731.6042 733.5286 735.4529 738.8771 745.6147 752.3524 759.0901 765.8278 784.0998 805.5762 827.0522 848.5287 869.6956 889.9531 910.2109 930.4684 950.7262 965.4998 978.1895 990.8795 1003.569 1014.86 1020.399 1025.938 1031.478 1037.017 1039.587 1040.672 1041.758
995.9132 997.9921 996.6898 995.3876 994.0854 992.7266 987.5203 982.314 977.1078 971.9016 966.4327 960.6857 954.9387 949.1918 943.4448 934.6467 925.71 916.7731 907.8364 896.3182 881.3433 866.3685 851.3936 836.4189 822.9402 809.6303 796.3206 783.0107 770.7504 760.2803 749.8099 739.3398 728.8695 728.0867 729.1411 730.1954 731.2498 733.8628 739.9194 745.9759 752.0326 758.0891 776.5453 798.4462 820.3468 842.2477 863.7534 884.0964 904.4399 924.7831 945.1265 960.7039 974.4704 988.2371 1002.004 1014.455 1021.499 1028.543 1035.587 1042.631 1045.892 1047.262 1048.632
1010.152 1011.771 1009.379 1006.987 1004.594 1002.145 995.8113 989.4775 983.1437 976.81 970.4691 964.1208 957.7724 951.4241 945.0759 935.928 926.653 917.3779 908.1029 896.3292 881.2092 866.0896 850.9697 835.85 822.3712 809.0773 795.7837 782.4899 770.206 759.6446 749.083 738.5216 727.96 726.3864 726.5173 726.6481 726.7791 728.5908 734.1157 739.6407 745.1658 750.6909 769.2037 791.3248 813.4455 835.5666 857.2133 877.4651 897.7173 917.9692 938.2214 954.6841 969.7069 984.73 999.7528 1013.557 1022.352 1031.146 1039.94 1048.735 1052.73 1054.325 1055.921
1024.391 1025.55 1022.067 1018.585 1015.103 1011.563 1004.102 996.6409 989.1797 981.7185 974.5056 967.5559 960.6061 953.6565 946.7069 937.2094 927.5961 917.9827 908.3695 896.3401 881.0753 865.8106 850.5457 835.2811 821.802 808.5243 795.2468 781.9691 769.6616 759.0089 748.3561 737.7034 727.0505 724.6861 723.8936 723.101 722.3083 723.3187 728.3121 733.3055 738.2991 743.2925 761.8621 784.2034 806.5442 828.8854 850.6733 870.8339 890.9948 911.1554 931.3163 948.6642 964.9434 981.2229 997.5021 1012.66 1023.204 1033.749 1044.294 1054.838 1059.567 1061.388 1063.209
1038.63 1039.328 1034.756 1030.184 1025.612 1020.982 1012.393 1003.804 995.2157 986.627 978.542 970.991 963.4399 955.8889 948.338 938.4907 928.5392 918.5875 908.636 896.3511 880.9412 865.5316 850.1218 834.7122 821.2328 807.9713 794.7098 781.4482 769.1172 758.3732 747.6291 736.8852 726.1411 722.9858 721.2698 719.5537 717.8376 718.0466 722.5085 726.9704 731.4324 735.8942 754.5206 777.0819 799.6429 822.2043 844.1333 864.2026 884.2722 904.3416 924.4112 942.6444 960.1799 977.7158 995.2513 1011.762 1024.057 1036.352 1048.647 1060.942 1066.405 1068.451 1070.498
1052.128 1052.352 1046.806 1041.26 1035.713 1030.107 1020.443 1010.778 1001.114 991.4493 982.5225 974.3776 966.2327 958.0879 949.9431 939.7222 929.407 919.0917 908.7766 896.1672 880.4854 864.8038 849.1221 833.4406 819.9811 806.7722 793.5636 780.3548 768.0543 757.3027 746.551 735.7995 725.0478 721.248 718.7665 716.2849 713.8034 713.3605 717.4216 721.4827 725.5438 729.6049 748.2862 771.0291 793.7717 816.5146 838.5539 858.5234 878.4933 898.4628 918.4327 937.4583 956.1251 974.7922 993.4591 1011.191 1025.077 1038.964 1052.85 1066.737 1072.842 1075.056 1077.271
1062.139 1061.821 1055.845 1049.869 1043.894 1037.852 1027.355 1016.859 1006.362 995.8654 986.2393 977.5361 968.8328 960.1296 951.4264 940.7189 929.9206 919.1221 908.3237 895.0658 878.5142 861.9629 845.4113 828.86 815.5149 802.5316 789.5485 776.5651 764.5496 754.1847 743.8196 733.4547 723.0895 719.3333 716.8303 714.3272 711.8242 711.4335 715.7094 719.9852 724.261 728.5369 747.2649 770.0078 792.7504 815.4933 837.4971 857.3271 877.1574 896.9874 916.8177 936.1978 955.4068 974.6163 993.8254 1012.158 1026.888 1041.617 1056.346 1071.076 1077.394 1079.506 1081.619
1072.15 1071.29 1064.885 1058.479 1052.074 1045.597 1034.268 1022.939 1011.61 1000.282 989.9562 980.6946 971.4329 962.1713 952.9097 941.7157 930.4341 919.1523 907.8708 893.9644 876.543 859.1219 841.7005 824.2794 811.0487 798.2908 785.5333 772.7755 761.045 751.0666 741.0881 731.1097 721.1312 717.4185 714.894 712.3695 709.845 709.5065 713.9971 718.4876 722.9783 727.4689 746.2436 768.9865 791.7291 814.472 836.4404 856.1308 875.8215 895.5118 915.2026 934.9371 954.6885 974.4402 994.1917 1013.126 1028.698 1044.27 1059.843 1075.415 1081.946 1083.957 1085.967
1082.161 1080.759 1073.924 1067.089 1060.254 1053.342 1041.181 1029.02 1016.859 1004.698 993.6731 983.8531 974.033 964.213 954.3929 942.7125 930.9477 919.1827 907.4178 892.8629 874.5718 856.2809 837.9897 819.6989 806.5825 794.0502 781.5181 768.9858 757.5403 747.9485 738.3566 728.7648 719.1729 715.5037 712.9578 710.4118 707.8658 707.5794 712.2848 716.9901 721.6956 726.4009 745.2223 767.9652 790.7078 813.4507 835.3837 854.9344 874.4856 894.0364 913.5875 933.6766 953.9702 974.2642 994.5579 1014.093 1030.508 1046.923 1063.339 1079.754 1086.498 1088.407 1090.315
1092.172 1090.228 1082.963 1075.699 1068.434 1061.087 1048.094 1035.1 1022.107 1009.114 997.39 987.0115 976.633 966.2546 955.8762 943.7093 931.4612 919.213 906.965 891.7615 872.6006 853.4399 834.2789 815.1183 802.1164 789.8096 777.503 765.1962 754.0358 744.8305 735.6252 726.42 717.2146 713.5891 711.0216 708.4541 705.8867 705.6524 710.5725 715.4926 720.4128 725.3329 744.201 766.9439 789.6865 812.4294 834.327 853.7382 873.1497 892.5609 911.9724 932.416 953.252 974.0883 994.9242 1015.06 1032.319 1049.577 1066.835 1084.093 1091.051 1092.857 1094.663
1093.601 1091.359 1084.183 1077.006 1069.829 1062.572 1049.876 1037.179 1024.482 1011.785 999.9824 989.127 978.2714 967.4159 956.5604 943.671 930.6892 917.7073 904.7255 889.0251 869.6839 850.3431 831.0019 811.6611 798.8873 786.8548 774.8225 762.79 751.8949 742.9396 733.9843 725.029 716.0736 712.4917 709.9288 707.3659 704.803 704.6093 709.6499 714.6904 719.7311 724.7716 744.0732 767.3365 790.5995 813.8629 836.22 855.9112 875.6027 895.2939 914.9854 935.3876 956.06 976.7327 997.405 1017.347 1034.287 1051.227 1068.167 1085.107 1092.033 1093.953 1095.872
1089.446 1087.067 1080.314 1073.562 1066.809 1059.986 1048.32 1036.654 1024.988 1013.322 1001.843 990.5638 979.284 968.0044 956.7248 942.9592 929.0808 915.2022 901.3239 885.2249 866.1522 847.0798 828.0071 808.9347 796.4631 784.7367 773.0104 761.284 750.6414 741.8472 733.0529 724.2587 715.4644 711.9261 709.3848 706.8433 704.3019 704.1414 709.241 714.3406 719.4403 724.5399 744.5266 768.649 792.7711 816.8936 840.0321 860.2763 880.5208 900.765 921.0096 941.1127 961.1622 981.2121 1001.262 1020.493 1036.359 1052.225 1068.091 1083.957 1090.694 1092.865 1095.037
1085.291 1082.775 1076.446 1070.118 1063.79 1057.399 1046.764 1036.128 1025.493 1014.858 1003.704 992.0006 980.2966 968.5929 956.8892 942.2474 927.4724 912.6971 897.9222 881.4246 862.6204 843.8165 825.0122 806.2083 794.039 782.6186 771.1984 759.778 749.3878 740.7546 732.1214 723.4883 714.855 711.3606 708.8407 706.3207 703.8008 703.6735 708.8322 713.9908 719.1496 724.3082 744.98 769.9616 794.9427 819.9243 843.8442 864.6414 885.439 906.2361 927.0337 946.8378 966.2645 985.6916 1005.118 1023.639 1038.431 1053.223 1068.016 1082.808 1089.354 1091.778 1094.202
1081.135 1078.482 1072.578 1066.674 1060.77 1054.812 1045.208 1035.603 1025.999 1016.395 1005.565 993.4374 981.3093 969.1814 957.0535 941.5356 925.864 910.1921 894.5204 877.6244 859.0886 840.5531 822.0173 803.4818 791.6147 780.5004 769.3862 758.2719 748.1342 739.6622 731.19 722.718 714.2458 710.795 708.2966 705.7981 703.2996 703.2056 708.4233 713.641 718.8588 724.0765 745.4335 771.2742 797.1143 822.955 847.6564 869.0066 890.3571 911.7073 933.0579 952.5629 971.3669 990.1711 1008.975 1026.784 1040.503 1054.221 1067.94 1081.658 1088.015 1090.691 1093.367
1076.533 1073.76 1068.297 1062.835 1057.372 1051.865 1043.294 1034.723 1026.151 1017.581 1007.094 994.579 982.0634 969.548 957.0325 940.6913 924.1766 907.6615 891.1467 873.8938 855.6523 837.4111 819.1697 800.9285 789.3568 778.5379 767.7192 756.9003 747.0027 738.6765 730.3502 722.0239 713.6975 710.2833 707.8007 705.3179 702.8353 702.7689 708.0408 713.3127 718.5847 723.8566 745.8895 772.5789 799.2677 825.957 851.4304 873.327 895.2239 917.1204 939.0173 958.2125 976.3813 994.5504 1012.719 1029.808 1042.456 1055.103 1067.751 1080.399 1086.572 1089.508 1092.443
1060.128 1057.691 1053.13 1048.57 1044.009 1039.406 1031.93 1024.455 1016.979 1009.503 999.8621 987.9265 975.9908 964.0552 952.1197 936.3481 920.4025 904.4565 888.5108 872.0015 854.7372 837.4732 820.2089 802.9449 791.4868 780.684 769.8815 759.0787 749.096 740.5121 731.928 723.344 714.7599 711.1918 708.5749 705.9579 703.3411 703.1589 708.3556 713.5523 718.7491 723.9459 746.412 773.6759 800.9393 828.2031 854.1992 876.4662 898.7336 921.0006 943.268 961.8688 979.0765 996.2845 1013.492 1029.615 1041.274 1052.934 1064.594 1076.254 1082.395 1085.776 1089.157
1043.723 1041.621 1037.963 1034.304 1030.646 1026.948 1020.567 1014.187 1007.806 1001.426 992.6297 981.274 969.9182 958.5625 947.2068 932.0049 916.6284 901.2515 885.875 870.1093 853.8221 837.5353 821.2482 804.9613 793.6168 782.8301 772.0436 761.257 751.1893 742.3476 733.5058 724.6641 715.8223 712.1002 709.3491 706.598 703.8469 703.5488 708.6704 713.7919 718.9136 724.0352 746.9346 774.7729 802.6108 830.4492 856.9681 879.6055 902.2434 924.8809 947.5187 965.5251 981.7717 998.0186 1014.265 1029.421 1040.093 1050.765 1061.437 1072.109 1078.218 1082.045 1085.871
1027.317 1025.552 1022.795 1020.039 1017.282 1014.489 1009.204 1003.919 998.6335 993.3484 985.3973 974.6216 963.8456 953.0698 942.2939 927.6616 912.8542 898.0466 883.2391 868.217 852.907 837.5974 822.2874 806.9777 795.7468 784.9763 774.2059 763.4354 753.2825 744.1831 735.0836 725.9842 716.8846 713.0087 710.1234 707.238 704.3527 703.9388 708.9852 714.0316 719.0781 724.1245 747.4572 775.8701 804.2824 832.6953 859.7369 882.7448 905.7532 928.761 951.7693 969.1813 984.4669 999.7527 1015.038 1029.228 1038.912 1048.596 1058.28 1067.964 1074.041 1078.313 1082.585
1010.912 1009.483 1007.628 1005.773 1003.919 1002.031 997.8407 993.6508 989.4609 985.271 978.165 967.9691 957.7729 947.577 937.3811 923.3184 909.0801 894.8416 880.6033 866.3247 851.9919 837.6594 823.3267 808.9941 797.8768 787.1224 776.3681 765.6136 755.3757 746.0187 736.6614 727.3043 717.947 713.9172 710.8976 707.878 704.8584 704.3288 709.3 714.2712 719.2425 724.2137 747.9797 776.9671 805.954 834.9413 862.5057 885.8842 909.2629 932.6413 956.0201 972.8376 987.1621 1001.487 1015.811 1029.035 1037.731 1046.427 1055.123 1063.819 1069.863 1074.581 1079.3
997.0566 995.6363 994.2599 992.8835 991.5071 990.1006 986.6524 983.2041 979.7559 976.3076 969.8806 960.2971 950.7135 941.1301 931.5466 918.2061 904.6949 891.1836 877.6725 864.2376 850.9046 837.5718 824.2388 810.906 800.0263 789.4235 778.8207 768.2178 757.9663 748.3139 738.6613 729.0088 719.3562 715.2001 712.0865 708.9728 705.8591 705.2217 710.0551 714.8884 719.7219 724.5552 748.4837 777.717 806.9498 836.1831 863.9786 887.5444 911.1105 934.6763 958.2424 974.6605 988.3625 1002.065 1015.767 1028.342 1036.286 1044.23 1052.174 1060.118 1066.118 1071.147 1076.175
