data/zism_data/00773_02_D.txt
ncols         224
nrows         224
[rows 64 to 95 of 224, columns 144 to 215 of 224]
200.239 200.1743 200.1097 200.045 200.0 200.0 200.0 200.0 200.0 200.1016 200.2339 200.3662 200.4984 201.3825 204.7569 208.1312 211.5056 214.8799 225.4941 239.2763 253.058 266.8401 281.8842 303.5856 325.2863 346.9877 368.6884 376.8712 376.8799 376.8886 376.8973 375.2465 356.1742 337.1018 318.0289 298.9566 288.1195 284.0015 279.8834 275.7654 271.7809 276.8716 281.9625 287.0533 292.1442 295.3484 296.4947 297.641 298.7873 299.9336 300.0 300.0 300.0 300.0 300.0 300.0 300.0 300.0 300.0 299.9438 299.8791 299.8144 299.7498 299.7037 299.6949 299.6861 299.6772 299.6684 299.4456 299.1684 298.8911 298.6138
200.4308 200.35 200.2692 200.1885 200.1234 200.0942 200.0651 200.0359 200.0068 200.0 200.0 200.0 200.0 200.5627 202.9894 205.4161 207.8428 210.2694 220.0844 233.1324 246.1799 259.2278 273.7568 296.0985 318.4394 340.7811 363.122 372.4047 373.7911 375.1776 376.5641 376.261 358.2218 340.1825 322.1426 304.1033 293.8602 289.9778 286.0953 282.2129 278.4445 282.4299 286.4155 290.4009 294.3865 296.828 297.5852 298.3424 299.0997 299.8569 299.9214 299.9433 299.9651 299.987 300.0 300.0 300.0 300.0 300.0 299.9234 299.8354 299.7473 299.6592 299.6005 299.6005 299.6005 299.6005 299.6005 299.413 299.1778 298.9426 298.7074
200.7826 200.6857 200.5888 200.4919 200.396 200.3025 200.2089 200.1153 200.0217 200.0 200.0 200.0 200.0 200.4507 202.3941 204.3376 206.2811 208.2245 216.9401 228.6189 240.2974 251.9763 265.2517 286.9491 308.6457 330.343 352.0397 361.471 363.4857 365.5003 367.515 367.962 351.9521 335.9423 319.9319 303.922 294.9632 291.7574 288.5514 285.3455 282.2326 285.4449 288.6573 291.8697 295.0821 297.0663 297.7108 298.3553 298.9997 299.6443 299.7477 299.8179 299.8881 299.9583 300.0 300.0 300.0 300.0 300.0 299.8954 299.7751 299.6548 299.5346 299.4544 299.4544 299.4544 299.4544 299.4544 299.284 299.0703 298.8565 298.6428
201.1344 201.0214 200.9084 200.7954 200.6687 200.5107 200.3527 200.1947 200.0366 200.0 200.0 200.0 200.0 200.3386 201.7989 203.2591 204.7194 206.1796 213.7957 224.1055 234.4149 244.7247 256.7466 277.7997 298.852 319.905 340.9573 350.5374 353.1801 355.823 358.4658 359.6629 345.6825 331.702 317.7211 303.7407 296.0663 293.5369 291.0075 288.4781 286.0207 288.4599 290.8992 293.3384 295.7776 297.3046 297.8363 298.3681 298.8998 299.4316 299.574 299.6926 299.8111 299.9296 300.0 300.0 300.0 300.0 300.0 299.8674 299.7149 299.5624 299.4099 299.3083 299.3083 299.3083 299.3083 299.3083 299.155 298.9627 298.7704 298.5782
201.4862 201.3571 201.228 201.0989 200.9413 200.7189 200.4965 200.274 200.0516 200.0 200.0 200.0 200.0 200.2265 201.2036 202.1806 203.1577 204.1347 210.6514 219.592 228.5324 237.4731 248.2415 268.6502 289.0582 309.4669 329.875 339.6037 342.8747 346.1457 349.4167 351.3638 339.4128 327.4618 315.5103 303.5593 297.1693 295.3165 293.4636 291.6107 289.8088 291.4749 293.141 294.8071 296.4732 297.5429 297.9619 298.3809 298.7999 299.2189 299.4004 299.5672 299.734 299.9009 300.0 300.0 300.0 300.0 300.0 299.8394 299.6547 299.47 299.2853 299.1621 299.1621 299.1621 299.1621 299.1621 299.026 298.8552 298.6844 298.5136
201.8379 201.6927 201.5475 201.4023 201.214 200.9271 200.6403 200.3534 200.0665 200.0 200.0 200.0 200.0 200.1145 200.6083 201.1021 201.596 202.0898 207.507 215.0786 222.6499 230.2215 239.7364 259.5008 279.2645 299.0289 318.7926 328.67 332.5692 336.4684 340.3675 343.0647 333.1431 323.2215 313.2996 303.378 298.2724 297.096 295.9196 294.7433 293.5969 294.4899 295.3829 296.2758 297.1688 297.7812 298.0874 298.3937 298.7 299.0063 299.2267 299.4418 299.657 299.8722 300.0 300.0 300.0 300.0 300.0 299.8114 299.5945 299.3775 299.1606 299.016 299.016 299.016 299.016 299.016 298.897 298.7477 298.5983 298.449
202.6276 202.6001 202.5727 202.5452 202.3829 201.912 201.4412 200.9704 200.4996 200.3243 200.2382 200.1522 200.0661 200.0823 200.4371 200.792 201.1468 201.5017 206.4896 213.5049 220.5199 227.5351 236.4347 255.2728 274.1101 292.9481 311.7855 321.5683 325.8756 330.1832 334.4905 337.6938 329.3044 320.915 312.5253 304.1359 299.6884 298.4571 297.2256 295.9943 294.7895 295.3922 295.995 296.5977 297.2004 297.6577 297.9564 298.2551 298.5538 298.8525 299.1046 299.3537 299.6028 299.852 300.0 300.0 300.0 300.0 300.0 299.8083 299.5879 299.3674 299.147 298.9904 298.9618 298.9331 298.9044 298.8757 298.7413 298.58 298.4187 298.2574
203.4711 203.5778 203.6846 203.7914 203.6619 202.9925 202.323 201.6535 200.984 200.6885 200.5058 200.323 200.1403 200.0599 200.3181 200.5763 200.8345 201.0927 205.7337 212.2926 218.8513 225.4102 233.7729 251.6499 269.5262 287.4031 305.2794 314.9377 319.6263 324.315 329.0036 332.6829 325.7645 318.8462 311.9276 305.0093 301.1429 299.7666 298.3902 297.0139 295.6629 296.0348 296.4066 296.7785 297.1504 297.4898 297.7939 298.098 298.402 298.7061 298.9888 299.2701 299.5515 299.8328 300.0 300.0 300.0 300.0 300.0 299.8083 299.5879 299.3674 299.147 298.9797 298.9188 298.8579 298.797 298.7361 298.5823 298.4049 298.2275 298.05
204.3145 204.5555 204.7965 205.0375 204.941 204.0729 203.2047 202.3366 201.4685 201.0526 200.7733 200.4939 200.2146 200.0375 200.199 200.3606 200.5221 200.6837 204.9779 211.0804 217.1827 223.2852 231.1112 248.027 264.9423 281.8582 298.7734 308.3071 313.3769 318.4469 323.5167 327.6719 322.2247 316.7774 311.3299 305.8827 302.5974 301.0761 299.5548 298.0336 296.5363 296.6773 296.8183 296.9593 297.1003 297.3219 297.6313 297.9408 298.2502 298.5597 298.873 299.1866 299.5001 299.8137 300.0 300.0 300.0 300.0 300.0 299.8083 299.5879 299.3674 299.147 298.969 298.8759 298.7827 298.6896 298.5965 298.4234 298.2298 298.0363 297.8428
205.158 205.5332 205.9084 206.2837 206.22 205.1533 204.0865 203.0197 201.9529 201.4168 201.0408 200.6648 200.2888 200.015 200.08 200.1449 200.2098 200.2747 204.222 209.8681 215.5141 221.1602 228.4494 244.4042 260.3584 276.3132 292.2674 301.6765 307.1275 312.5787 318.0297 322.661 318.6848 314.7086 310.7322 306.756 304.0519 302.3857 300.7194 299.0532 297.4098 297.3199 297.23 297.1401 297.0503 297.1539 297.4688 297.7836 298.0984 298.4132 298.7572 299.103 299.4488 299.7945 300.0 300.0 300.0 300.0 300.0 299.8083 299.5879 299.3674 299.147 298.9582 298.8329 298.7076 298.5822 298.4569 298.2644 298.0547 297.8451 297.6355
205.7038 206.2873 206.8708 207.4543 207.4966 206.3017 205.1068 203.912 202.7171 202.0268 201.4889 200.9511 200.4132 200.0 200.0 200.0 200.0 200.0 203.6138 208.8088 214.0037 219.1987 225.9547 240.9431 255.931 270.9194 285.9073 295.2041 301.0592 306.9146 312.7698 317.8835 315.2108 312.5381 309.8654 307.1927 305.0391 303.3091 301.5789 299.8489 298.1402 297.8865 297.6327 297.379 297.1253 297.1401 297.448 297.7558 298.0636 298.3715 298.7238 299.0789 299.4339 299.789 300.0 300.0 300.0 300.0 300.0 299.8083 299.5879 299.3674 299.147 298.951 298.804 298.6571 298.5101 298.3632 298.1548 297.9308 297.7068 297.4829
205.6408 206.5841 207.5274 208.4707 208.7681 207.5893 206.4105 205.2318 204.053 203.1396 202.3064 201.4732 200.64 200.0 200.0 200.0 200.0 200.0 203.3075 208.0623 212.8169 217.5716 223.8017 237.8129 251.8235 265.8347 279.8453 289.055 295.3612 301.6676 307.9738 313.5829 311.8713 310.1598 308.4481 306.7365 305.0709 303.4429 301.8148 300.1868 298.5782 298.2977 298.0171 297.7365 297.4559 297.4413 297.717 297.9926 298.2682 298.5438 298.8589 299.1764 299.4939 299.8113 300.0 300.0 300.0 300.0 300.0 299.8083 299.5879 299.3674 299.147 298.951 298.804 298.6571 298.5101 298.3632 298.1463 297.9116 297.6768 297.4421
205.5779 206.8809 208.1839 209.487 210.0396 208.8769 207.7142 206.5516 205.3889 204.2524 203.1239 201.9954 200.8668 200.0 200.0 200.0 200.0 200.0 203.0013 207.3157 211.6301 215.9445 221.6488 234.6827 247.7161 260.75 273.7834 282.9059 289.6632 296.4207 303.1779 309.2824 308.5319 307.7814 307.0309 306.2804 305.1028 303.5768 302.0507 300.5247 299.0163 298.7089 298.4014 298.094 297.7866 297.7426 297.986 298.2294 298.4728 298.7162 298.994 299.2739 299.5538 299.8337 300.0 300.0 300.0 300.0 300.0 299.8083 299.5879 299.3674 299.147 298.951 298.804 298.6571 298.5101 298.3632 298.1377 297.8922 297.6468 297.4013
205.5149 207.1777 208.8405 210.5033 211.3111 210.1645 209.0179 207.8714 206.7248 205.3652 203.9414 202.5175 201.0937 200.0 200.0 200.0 200.0 200.0 202.695 206.5692 210.4432 214.3174 219.4958 231.5524 243.6087 255.6653 267.7215 276.7569 283.9651 291.1737 298.3819 304.9818 305.1924 305.403 305.6136 305.8242 305.1346 303.7106 302.2866 300.8625 299.4543 299.12 298.7858 298.4515 298.1172 298.0438 298.255 298.4662 298.6774 298.8885 299.1291 299.3714 299.6137 299.856 300.0 300.0 300.0 300.0 300.0 299.8083 299.5879 299.3674 299.147 298.951 298.804 298.6571 298.5101 298.3632 298.1292 297.873 297.6168 297.3606
205.452 207.4745 209.4971 211.5197 212.5826 211.4521 210.3216 209.1912 208.0607 206.478 204.7589 203.0397 201.3205 200.0 200.0 200.0 200.0 200.0 202.3887 205.8226 209.2564 212.6903 217.3428 228.4222 239.5012 250.5806 261.6596 270.6078 278.2671 285.9267 293.586 300.6813 301.853 303.0247 304.1964 305.368 305.1664 303.8445 302.5224 301.2004 299.8924 299.5312 299.1701 298.809 298.4478 298.345 298.524 298.703 298.8819 299.0609 299.2642 299.4689 299.6736 299.8784 300.0 300.0 300.0 300.0 300.0 299.8083 299.5879 299.3674 299.147 298.951 298.804 298.6571 298.5101 298.3632 298.1206 297.8537 297.5867 297.3198
208.0978 210.5048 212.9117 215.3187 216.5538 215.1102 213.6666 212.2231 210.7795 208.7047 206.4391 204.1737 201.9081 200.1594 200.1224 200.0853 200.0483 200.0113 202.0052 204.8877 207.7702 210.6527 214.7037 224.917 235.13 245.3432 255.5562 264.5771 272.8766 281.1765 289.4761 297.211 299.0145 300.8181 302.6216 304.4252 304.6202 303.5032 302.386 301.2689 300.1627 299.7953 299.4279 299.0605 298.6931 298.5696 298.7122 298.8549 298.9975 299.1402 299.3253 299.513 299.7007 299.8885 300.0 300.0 300.0 300.0 300.0 299.8298 299.634 299.4383 299.2425 299.063 298.916 298.7691 298.6221 298.4752 298.247 297.9981 297.7493 297.5004
211.5691 214.3681 217.1669 219.9659 221.3477 219.4908 217.6338 215.7768 213.9198 211.2707 208.3824 205.4941 202.6057 200.3674 200.282 200.1967 200.1113 200.026 201.5981 203.8954 206.1927 208.49 211.9165 221.2975 230.6783 240.0593 249.4401 258.5823 267.5799 276.5778 285.5753 293.9937 296.3288 298.6638 300.9989 303.3339 303.8979 303.0171 302.1362 301.2553 300.3819 300.0145 299.6471 299.2797 298.9122 298.7708 298.8759 298.9809 299.086 299.1911 299.3639 299.5409 299.7178 299.8948 300.0 300.0 300.0 300.0 300.0 299.8578 299.6942 299.5307 299.3672 299.2092 299.0622 298.9152 298.7683 298.6213 298.4145 298.1925 297.9705 297.7484
215.0405 218.2314 221.4221 224.6131 226.1417 223.8714 221.6009 219.3306 217.0602 213.8368 210.3256 206.8145 203.3033 200.5754 200.4417 200.308 200.1744 200.0407 201.191 202.9031 204.6152 206.3273 209.1292 217.6781 226.2266 234.7754 243.324 252.5876 262.2832 271.979 281.6746 290.7765 293.643 296.5096 299.3762 302.2427 303.1756 302.531 301.8863 301.2417 300.6011 300.2337 299.8662 299.4988 299.1314 298.972 299.0395 299.107 299.1745 299.2419 299.4025 299.5687 299.735 299.9012 300.0 300.0 300.0 300.0 300.0 299.8858 299.7545 299.6231 299.4918 299.3553 299.2083 299.0614 298.9144 298.7674 298.582 298.3869 298.1917 297.9965
218.5118 222.0947 225.6774 229.2602 230.9357 228.2519 225.5681 222.8843 220.2005 216.4028 212.2688 208.1349 204.0009 200.7834 200.6014 200.4194 200.2374 200.0554 200.7839 201.9108 203.0377 204.1646 206.3419 214.0586 221.7749 229.4915 237.2079 246.5929 256.9864 267.3803 277.7738 287.5592 290.9572 294.3553 297.7534 301.1515 302.4533 302.0449 301.6365 301.2281 300.8203 300.4529 300.0854 299.718 299.3506 299.1732 299.2031 299.233 299.2629 299.2928 299.4411 299.5966 299.7521 299.9076 300.0 300.0 300.0 300.0 300.0 299.9138 299.8147 299.7156 299.6165 299.5014 299.3545 299.2075 299.0605 298.9136 298.7496 298.5812 298.4129 298.2446
223.6065 227.3629 231.1192 234.8756 236.5042 233.2699 230.0355 226.8011 223.5667 219.1757 214.4353 209.695 204.9546 201.2469 200.9596 200.6722 200.3848 200.0974 200.4501 201.0829 201.7157 202.3485 203.9739 210.8342 217.6942 224.5544 231.4145 240.8879 251.9409 262.9944 274.0474 284.4806 288.4013 292.3221 296.243 300.1638 301.8076 301.5937 301.3798 301.166 300.9501 300.5969 300.2438 299.8906 299.5375 299.3532 299.3532 299.3532 299.3532 299.3532 299.4875 299.6301 299.7727 299.9153 300.0 300.0 300.0 300.0 300.0 299.939 299.8688 299.7986 299.7284 299.6315 299.4813 299.331 299.1808 299.0305 298.8828 298.7359 298.5889 298.442
235.0206 238.1004 241.1802 244.2601 245.0881 240.7692 236.4503 232.1314 227.8124 222.7534 217.4707 212.1882 206.9055 202.7054 202.0905 201.4756 200.8607 200.2458 200.4017 200.8949 201.3881 201.8813 203.2379 209.1479 215.0576 220.9675 226.8772 236.3104 247.8735 259.437 271.0002 281.9415 286.3508 290.7601 295.1696 299.5789 301.46 301.2783 301.0967 300.915 300.7319 300.4485 300.1652 299.8818 299.5985 299.4507 299.4507 299.4507 299.4507 299.4507 299.5647 299.6858 299.8069 299.928 300.0 300.0 300.0 300.0 300.0 299.953 299.8989 299.8448 299.7907 299.6992 299.5329 299.3665 299.2001 299.0338 298.8828 298.7359 298.5889 298.442
246.4346 248.838 251.2413 253.6446 253.6719 248.2686 242.8651 237.4617 232.0582 226.3311 220.5061 214.6814 208.8564 204.1638 203.2213 202.279 201.3366 200.3942 200.3533 200.707 201.0605 201.4142 202.502 207.4615 212.4209 217.3805 222.3399 231.7329 243.8061 255.8797 267.9529 279.4024 284.3003 289.1982 294.0962 298.9941 301.1124 300.963 300.8135 300.6641 300.5137 300.3001 300.0866 299.873 299.6595 299.5481 299.5481 299.5481 299.5481 299.5481 299.6419 299.7415 299.8412 299.9408 300.0 300.0 300.0 300.0 300.0 299.967 299.929 299.891 299.8531 299.7669 299.5844 299.402 299.2195 299.037 298.8828 298.7359 298.5889 298.442
257.8487 259.5755 261.3023 263.0291 262.2558 255.7679 249.2798 242.792 236.3039 229.9089 223.5416 217.1745 210.8073 205.6222 204.3522 203.0824 201.8124 200.5426 200.3049 200.519 200.733 200.947 201.766 205.7752 209.7843 213.7935 217.8026 227.1554 239.7386 252.3223 264.9056 276.8633 282.2498 287.6362 293.0228 298.4092 300.7648 300.6476 300.5304 300.4131 300.2955 300.1518 300.008 299.8642 299.7205 299.6455 299.6455 299.6455 299.6455 299.6455 299.7191 299.7972 299.8754 299.9536 300.0 300.0 300.0 300.0 300.0 299.981 299.9591 299.9373 299.9154 299.8346 299.636 299.4375 299.2389 299.0403 298.8828 298.7359 298.5889 298.442
269.2627 270.313 271.3633 272.4137 270.8396 263.2673 255.6946 248.1223 240.5497 233.4866 226.577 219.6677 212.7581 207.0806 205.4831 203.8858 202.2883 200.6909 200.2566 200.331 200.4054 200.4798 201.03 204.0889 207.1477 210.2066 213.2654 222.5779 235.6712 248.765 261.8583 274.3243 280.1992 286.0742 291.9494 297.8244 300.4172 300.3322 300.2472 300.1622 300.0773 300.0034 299.9294 299.8554 299.7815 299.7429 299.7429 299.7429 299.7429 299.7429 299.7963 299.853 299.9096 299.9663 300.0 300.0 300.0 300.0 300.0 299.995 299.9892 299.9835 299.9777 299.9023 299.6876 299.4729 299.2582 299.0435 298.8828 298.7359 298.5889 298.442
272.8078 273.3679 273.9279 274.4879 272.4799 264.6024 256.7247 248.8472 240.9695 234.0125 227.3332 220.6542 213.9749 208.4094 206.5327 204.6561 202.7795 200.9029 200.3248 200.3148 200.3048 200.2948 200.6687 203.0669 205.4651 207.8633 210.2615 219.2388 232.1939 245.1493 258.1043 270.5054 277.0862 283.6671 290.2482 296.829 299.8118 299.859 299.9062 299.9535 299.9994 299.9573 299.9152 299.8731 299.831 299.809 299.809 299.809 299.809 299.809 299.8487 299.8908 299.9329 299.975 300.0 300.0 300.0 300.0 300.0 299.985 299.9678 299.9505 299.9333 299.854 299.6508 299.4476 299.2444 299.0412 298.8994 298.7731 298.6468 298.5205
271.9714 272.1448 272.3183 272.4917 270.254 262.5054 254.7565 247.0078 239.2589 232.8392 226.8203 220.8017 214.7828 209.6661 207.5371 205.4081 203.2791 201.1501 200.4579 200.3942 200.3306 200.2669 200.516 202.4149 204.3137 206.2126 208.1114 216.5894 229.0451 241.5012 253.9569 265.9739 273.3817 280.7893 288.1973 295.605 299.0628 299.2979 299.5331 299.7682 299.9995 299.9682 299.9368 299.9055 299.8741 299.8578 299.8578 299.8578 299.8578 299.8578 299.8873 299.9186 299.95 299.9814 300.0 300.0 300.0 300.0 300.0 299.9617 299.9176 299.8735 299.8294 299.7412 299.5648 299.3885 299.2121 299.0358 298.925 298.831 298.7369 298.6429
271.135 270.9218 270.7086 270.4955 268.0281 260.4083 252.7882 245.1685 237.5484 231.6658 226.3074 220.9492 215.5908 210.9229 208.5415 206.1601 203.7787 201.3974 200.591 200.4737 200.3563 200.2389 200.3634 201.7629 203.1623 204.5618 205.9613 213.9399 225.8963 237.8531 249.8094 261.4425 269.677 277.9116 286.1464 294.381 298.3138 298.7368 299.1599 299.583 299.9997 299.9791 299.9585 299.9378 299.9172 299.9065 299.9065 299.9065 299.9065 299.9065 299.9259 299.9465 299.9671 299.9878 300.0 300.0 300.0 300.0 300.0 299.9383 299.8674 299.7964 299.7255 299.6284 299.4789 299.3293 299.1798 299.0303 298.9507 298.8889 298.827 298.7652
270.2986 269.6988 269.099 268.4993 265.8022 258.3112 250.82 243.3291 235.8379 230.4924 225.7944 221.0967 216.3987 212.1796 209.5458 206.9121 204.2784 201.6447 200.7242 200.5531 200.382 200.211 200.2107 201.1108 202.0109 202.9111 203.8112 211.2905 222.7475 234.2049 245.6619 256.911 265.9724 275.0338 284.0956 293.157 297.5647 298.1758 298.7868 299.3978 299.9998 299.99 299.9801 299.9702 299.9604 299.9552 299.9552 299.9552 299.9552 299.9552 299.9645 299.9744 299.9843 299.9941 300.0 300.0 300.0 300.0 300.0 299.915 299.8172 299.7194 299.6216 299.5155 299.3929 299.2702 299.1476 299.0249 298.9764 298.9467 298.9171 298.8875
268.7618 267.8427 266.9236 266.0045 263.1333 255.8001 248.4666 241.1334 233.7999 229.0049 224.976 220.9473 216.9184 213.1678 210.3381 207.5086 204.6789 201.8494 200.8367 200.6188 200.401 200.1831 200.069 200.5022 200.9353 201.3684 201.8015 208.7697 219.689 230.6087 241.528 252.3557 262.2168 272.0779 281.9393 291.8004 296.6886 297.5194 298.3503 299.1812 300.0 300.0 300.0 300.0 300.0 300.0 300.0 300.0 300.0 300.0 300.0 300.0 300.0 300.0 300.0 300.0 300.0 300.0 300.0 299.892 299.7678 299.6436 299.5194 299.4045 299.3083 299.212 299.1158 299.0195 299.0 299.0 299.0 299.0
259.2041 258.736 258.2679 257.7998 255.391 248.5463 241.7014 234.8568 228.0119 223.9199 220.6588 217.3978 214.1367 211.0804 208.7017 206.3232 203.9445 201.566 200.713 200.5273 200.3417 200.156 200.0536 200.3901 200.7266 201.063 201.3995 207.7224 217.6645 227.607 237.5492 247.5271 257.8768 268.2265 278.5765 288.9261 294.3561 295.7722 297.1883 298.6044 300.0 300.0 300.0 300.0 300.0 300.0 300.0 300.0 300.0 300.0 300.0 300.0 300.0 300.0 300.0 300.0 300.0 300.0 300.0 299.8733 299.7277 299.582 299.4363 299.3143 299.2395 299.1647 299.0899 299.0152 299.0 299.0 299.0 299.0
249.6463 249.6292 249.6122 249.5951 247.6487 241.2926 234.9363 228.5802 222.2239 218.8349 216.3416 213.8483 211.355 208.993 207.0653 205.1378 203.2102 201.2826 200.5892 200.4358 200.2824 200.129 200.0382 200.2781 200.5179 200.7577 200.9976 206.675 215.64 224.6053 233.5704 242.6986 253.5368 264.375 275.2136 286.0518 292.0236 294.0249 296.0263 298.0276 300.0 300.0 300.0 300.0 300.0 300.0 300.0 300.0 300.0 300.0 300.0 300.0 300.0 300.0 300.0 300.0 300.0 300.0 300.0 299.8546 299.6875 299.5204 299.3532 299.224 299.1707 299.1174 299.0641 299.0108 299.0 299.0 299.0 299.0
240.0886 240.5225 240.9564 241.3904 239.9064 234.0388 228.1711 222.3036 216.4358 213.7499 212.0244 210.2989 208.5733 206.9056 205.429 203.9524 202.4758 200.9992 200.4655 200.3443 200.2231 200.1019 200.0228 200.166 200.3092 200.4524 200.5956 205.6277 213.6155 221.6037 229.5915 237.8701 249.1968 260.5236 271.8508 283.1776 289.6912 292.2777 294.8643 297.4509 300.0 300.0 300.0 300.0 300.0 300.0 300.0 300.0 300.0 300.0 300.0 300.0 300.0 300.0 300.0 300.0 300.0 300.0 300.0 299.836 299.6473 299.4587 299.2701 299.1337 299.1019 299.0701 299.0383 299.0065 299.0 299.0 299.0 299.0
