data/zism_data/00773_03_D.txt
ncols         224
nrows         224
[rows 0 to 28 of 224, columns 66 to 131 of 224]
358.6494 353.7287 357.3796 363.6182 369.8566 376.0952 383.1074 392.6827 402.2579 411.8332 421.4084 429.4168 436.7397 444.0626 451.3854 458.7111 466.0516 473.3921 480.7326 488.073 489.3322 486.9141 484.496 482.0779 478.99 468.8685 458.747 448.6255 438.504 427.5605 415.9463 404.3322 392.718 381.0617 366.5419 352.0218 337.5017 322.9816 307.459 290.8427 274.2263 257.61 240.9937 231.8895 223.2476 214.6057 205.9637 200.7546 200.5719 200.3892 200.2065 200.0238 200.0 200.0 200.0 200.0 200.0 200.0 200.0 200.0 200.0 200.0 200.0 200.0 200.0 200.0
366.9394 362.6233 366.4176 372.6604 378.903 385.1458 391.9845 400.7972 409.61 418.4227 427.2355 435.0318 442.3833 449.7349 457.0865 464.5438 472.5587 480.5736 488.5886 496.6034 498.6175 497.0031 495.3886 493.7742 491.3689 480.6591 469.9494 459.2396 448.5298 436.7947 424.223 411.6513 399.0797 386.4754 371.6545 356.8334 342.0123 327.1912 311.34 294.3651 277.3903 260.4154 243.4405 233.927 224.8727 215.8183 206.764 201.2601 200.955 200.6499 200.3449 200.0398 200.0 200.0 200.0 200.0 200.0 200.0 200.0 200.0 200.0 200.0 200.0 200.0 200.0 200.0
370.9727 367.752 371.359 377.0273 382.6954 388.3637 394.522 402.3039 410.0858 417.8676 425.6495 433.1432 440.5109 447.8786 455.2463 462.8815 471.9273 480.9731 490.019 499.0646 502.3104 502.049 501.7876 501.5262 500.3441 489.4948 478.6454 467.7961 456.9467 444.7023 431.3199 417.9374 404.555 391.1548 376.5488 361.9424 347.3361 332.7297 317.0959 300.3411 283.5864 266.8316 250.0769 239.5595 229.426 219.2924 209.1588 202.8569 202.1652 201.4735 200.7819 200.0902 200.0 200.0 200.0 200.0 200.0 200.0 200.0 200.0 200.0 200.0 200.0 200.0 200.0 200.0
375.0061 372.8806 376.3004 381.3942 386.4878 391.5816 397.0596 403.8106 410.5616 417.3125 424.0635 431.2547 438.6385 446.0223 453.4061 461.2192 471.2959 481.3726 491.4493 501.5258 506.0032 507.0949 508.1866 509.2782 509.3194 498.3304 487.3414 476.3525 465.3635 452.6099 438.4167 424.2235 410.0303 395.8343 381.443 367.0514 352.6598 338.2682 322.8517 306.3171 289.7825 273.2479 256.7133 245.192 233.9793 222.7665 211.5537 204.4536 203.3754 202.2971 201.2189 200.1406 200.0 200.0 200.0 200.0 200.0 200.0 200.0 200.0 200.0 200.0 200.0 200.0 200.0 200.0
379.0395 378.0093 381.2418 385.761 390.2802 394.7995 399.5972 405.3173 411.0374 416.7574 422.4775 429.3662 436.7661 444.166 451.5659 459.5569 470.6645 481.7721 492.8797 503.9871 509.6961 512.1408 514.5855 517.0302 518.2946 507.166 496.0375 484.9089 473.7803 460.5175 445.5135 430.5096 415.5057 400.5137 386.3372 372.1604 357.9836 343.8068 328.6076 312.2931 295.9786 279.6642 263.3497 250.8245 238.5326 226.2406 213.9486 206.0503 204.5855 203.1207 201.6559 200.1911 200.0 200.0 200.0 200.0 200.0 200.0 200.0 200.0 200.0 200.0 200.0 200.0 200.0 200.0
383.0729 383.138 386.1832 390.1279 394.0726 398.0174 402.1347 406.8239 411.5131 416.2023 420.8915 427.4777 434.8937 442.3097 449.7257 457.8946 470.0331 482.1716 494.3101 506.4483 513.389 517.1867 520.9844 524.7822 527.2699 516.0017 504.7335 493.4653 482.1971 468.4251 452.6104 436.7957 420.981 405.1932 391.2314 377.2693 363.3073 349.3453 334.3634 318.2691 302.1748 286.0804 269.9861 256.457 243.0858 229.7147 216.3435 207.6471 205.7957 203.9443 202.0929 200.2415 200.0 200.0 200.0 200.0 200.0 200.0 200.0 200.0 200.0 200.0 200.0 200.0 200.0 200.0
384.0264 385.0634 388.066 391.662 395.2579 398.8539 402.4954 406.2877 410.08 413.8724 417.6647 423.5941 430.4583 437.3226 444.1869 451.9349 464.3424 476.7499 489.1574 501.5647 509.1092 513.7133 518.3173 522.9214 526.204 515.611 505.0179 494.4249 483.8319 470.5616 455.1071 439.6527 424.1983 408.7682 394.993 381.2175 367.442 353.6665 339.0459 323.5032 307.9606 292.4179 276.8752 262.8034 248.8222 234.8409 220.8596 211.4592 208.7662 206.0732 203.3802 200.6873 200.2716 200.1975 200.1234 200.0494 200.0 200.0 200.0 200.0 200.0 200.0 200.0 200.0 200.0 200.0
383.3714 385.3158 388.3514 391.7165 395.0815 398.4467 401.7191 404.6846 407.6501 410.6155 413.581 418.6686 424.6845 430.7005 436.7165 443.7308 456.0095 468.2881 480.5667 492.8451 500.6656 505.7905 510.9154 516.0403 519.8941 510.4018 500.9094 491.417 481.9247 469.6841 455.2015 440.7189 426.2364 411.7665 398.1631 384.5594 370.9557 357.3521 343.1677 328.3499 313.532 298.7142 283.8964 269.5227 255.1763 240.8299 226.4836 216.4282 212.656 208.8839 205.1117 201.3395 200.685 200.4982 200.3114 200.1245 200.0 200.0 200.0 200.0 200.0 200.0 200.0 200.0 200.0 200.0
382.7165 385.5681 388.6368 391.7711 394.9052 398.0395 400.9428 403.0815 405.2201 407.3587 409.4973 413.7431 418.9107 424.0784 429.246 435.5268 447.6765 459.8263 471.976 484.1255 492.2221 497.8678 503.5135 509.1592 513.5843 505.1926 496.8008 488.4091 480.0174 468.8065 455.2958 441.7851 428.2744 414.7648 401.3332 387.9013 374.4695 361.0376 347.2896 333.1966 319.1035 305.0106 290.9176 276.2419 261.5305 246.819 232.1075 221.3973 216.5459 211.6945 206.8431 201.9917 201.0984 200.7988 200.4993 200.1997 200.0 200.0 200.0 200.0 200.0 200.0 200.0 200.0 200.0 200.0
382.0615 385.8205 388.9223 391.8256 394.7289 397.6323 400.1666 401.4783 402.7901 404.1018 405.4136 408.8176 413.1369 417.4562 421.7756 427.3227 439.3436 451.3644 463.3853 475.406 483.7785 489.945 496.1115 502.2781 507.2744 499.9833 492.6923 485.4012 478.1102 467.929 455.3902 442.8513 430.3124 417.7631 404.5033 391.2432 377.9832 364.7231 351.4114 338.0432 324.675 311.3069 297.9387 282.9612 267.8846 252.8081 237.7315 226.3664 220.4357 214.5052 208.5746 202.6439 201.5118 201.0995 200.6872 200.2749 200.0 200.0 200.0 200.0 200.0 200.0 200.0 200.0 200.0 200.0
381.5178 386.1745 389.3102 391.9868 394.6632 397.3398 399.5328 400.1242 400.7156 401.3069 401.8983 404.5719 408.1566 411.7412 415.3258 420.2204 432.0222 443.8241 455.6259 467.4275 475.985 482.5806 489.1762 495.7719 501.256 495.0692 488.8824 482.6956 476.5087 467.3889 455.8764 444.3639 432.8513 421.3148 408.1463 394.9776 381.8089 368.6401 355.6905 342.9799 330.2694 317.5588 304.8482 289.6076 274.2112 258.8149 243.4186 231.4355 224.4501 217.4648 210.4794 203.494 202.0903 201.524 200.9577 200.3914 200.0128 200.0098 200.0067 200.0037 200.0006 200.0 200.0 200.0 200.0 200.0
382.0357 387.4978 390.6759 393.1645 395.6531 398.1417 400.2589 401.1456 402.0322 402.9189 403.8056 406.8118 410.7455 414.679 418.6126 423.6286 434.3513 445.0739 455.7965 466.519 474.3921 480.5421 486.6921 492.8422 498.0184 492.9698 487.9212 482.8725 477.8239 470.067 460.1008 450.1346 440.1684 430.1459 416.3009 402.4557 388.6104 374.7652 361.4703 348.7758 336.0814 323.3869 310.6924 295.559 280.2754 264.9918 249.7082 237.4587 229.6519 221.8451 214.0383 206.2314 204.2444 203.1305 202.0166 200.9026 200.1482 200.113 200.0777 200.0424 200.0072 200.0 200.0 200.0 200.0 200.0
382.5537 388.8211 392.0416 394.3423 396.643 398.9437 400.985 402.1669 403.3489 404.5309 405.7128 409.0518 413.3344 417.6169 421.8995 427.0368 436.6802 446.3237 455.9672 465.6105 472.7992 478.5036 484.208 489.9124 494.7808 490.8704 486.96 483.0495 479.1391 472.7452 464.3253 455.9053 447.4854 438.977 424.4555 409.9337 395.412 380.8903 367.2501 354.5718 341.8934 329.2151 316.5367 301.5104 286.3395 271.1687 255.9979 243.482 234.8537 226.2255 217.5971 208.9688 206.3985 204.7369 203.0754 201.4138 200.2836 200.2161 200.1487 200.0812 200.0137 200.0 200.0 200.0 200.0 200.0
383.0717 390.1444 393.4073 395.5201 397.6328 399.7456 401.711 403.1883 404.6656 406.1428 407.6201 411.2917 415.9232 420.5548 425.1864 430.4449 439.0092 447.5735 456.1378 464.702 471.2064 476.4651 481.7239 486.9827 491.5432 488.771 485.9987 483.2265 480.4543 475.4233 468.5497 461.6761 454.8024 447.8081 432.6101 417.4118 402.2136 387.0153 373.0299 360.3677 347.7054 335.0432 322.381 307.4618 292.4037 277.3456 262.2875 249.5053 240.0555 230.6058 221.156 211.7062 208.5526 206.3434 204.1342 201.925 200.419 200.3193 200.2196 200.1199 200.0202 200.0 200.0 200.0 200.0 200.0
383.5897 391.4677 394.773 396.6978 398.6227 400.5475 402.4371 404.2097 405.9822 407.7548 409.5273 413.5316 418.5121 423.4927 428.4733 433.8531 441.3382 448.8234 456.3085 463.7935 469.6135 474.4267 479.2398 484.053 488.3056 486.6716 485.0375 483.4035 481.7695 478.1015 472.7741 467.4468 462.1195 456.6392 440.7647 424.8899 409.0151 393.1404 378.8097 366.1636 353.5175 340.8713 328.2252 313.4131 298.4678 283.5225 268.5771 255.5286 245.2573 234.9862 224.7149 214.4436 210.7066 207.9498 205.193 202.4362 200.5544 200.4225 200.2906 200.1587 200.0268 200.0 200.0 200.0 200.0 200.0
381.9279 390.2737 393.8969 396.0945 398.292 400.4896 402.7738 405.3452 407.9166 410.488 413.0594 417.7485 423.3642 428.9798 434.5954 440.3685 446.9719 453.5752 460.1786 466.7818 471.8046 475.8717 479.9389 484.006 487.6371 486.6893 485.7415 484.7937 483.8459 481.1235 476.9534 472.7833 468.6132 464.2737 448.4294 432.5847 416.7401 400.8954 386.4199 373.438 360.4561 347.4742 334.4922 319.837 305.0788 290.3206 275.5624 262.4275 251.6695 240.9116 230.1536 219.3956 214.7905 211.1084 207.4264 203.7443 201.1948 200.9105 200.6263 200.342 200.0577 200.0 200.0 200.0 200.0 200.0
378.3551 386.8728 391.0555 393.9296 396.8036 399.6776 402.7691 406.5808 410.3925 414.2042 418.0159 423.6988 430.2004 436.7019 443.2035 449.6082 455.5028 461.3974 467.292 473.1865 477.3132 480.371 483.4287 486.4864 489.221 488.5632 487.9053 487.2475 486.5896 484.4469 481.093 477.739 474.385 470.8593 455.6646 440.4695 425.2746 410.0796 395.6349 382.0086 368.3824 354.7562 341.13 326.6752 312.1693 297.6635 283.1577 270.0942 259.1429 248.1918 237.2404 226.2891 220.5663 215.6279 210.6894 205.751 202.278 201.736 201.194 200.652 200.11 200.0 200.0 200.0 200.0 200.0
374.7823 383.4718 388.214 391.7646 395.3152 398.8658 402.7645 407.8165 412.8685 417.9205 422.9725 429.6491 437.0366 444.424 451.8115 458.8479 464.0338 469.2196 474.4055 479.5913 482.8219 484.8702 486.9185 488.9668 490.805 490.4371 490.0692 489.7013 489.3333 487.7704 485.2325 482.6947 480.1568 477.4448 462.8997 448.3544 433.8091 419.2637 404.8498 390.5793 376.3088 362.0383 347.7678 333.5133 319.2598 305.0063 290.7529 277.761 266.6163 255.4719 244.3272 233.1826 226.3421 220.1473 213.9525 207.7577 203.3612 202.5615 201.7617 200.962 200.1623 200.0 200.0 200.0 200.0 200.0
371.2095 380.0709 385.3725 389.5997 393.8267 398.0538 402.7598 409.0521 415.3444 421.6367 427.929 435.5994 443.8728 452.1461 460.4195 468.0876 472.5647 477.0418 481.519 485.996 488.3305 489.3694 490.4083 491.4472 492.3889 492.311 492.233 492.1551 492.0771 491.0939 489.3721 487.6504 485.9286 484.0304 470.1349 456.2392 442.3435 428.4478 414.0647 399.1499 384.2351 369.3203 354.4055 340.3515 326.3503 312.3492 298.3481 285.4277 274.0897 262.752 251.414 240.0761 232.1179 224.6667 217.2156 209.7644 204.4444 203.387 202.3295 201.272 200.2146 200.0 200.0 200.0 200.0 200.0
367.6367 376.6699 382.5311 387.4347 392.3383 397.2419 402.7552 410.2878 417.8204 425.353 432.8856 441.5497 450.709 459.8682 469.0275 477.3273 481.0957 484.8641 488.6324 492.4008 493.8391 493.8686 493.8981 493.9276 493.9729 494.1849 494.3969 494.6089 494.8208 494.4173 493.5117 492.6061 491.7005 490.6159 477.3701 464.124 450.878 437.632 423.2797 407.7206 392.1615 376.6024 361.0433 347.1896 333.4408 319.692 305.9433 293.0944 281.5631 270.0321 258.5008 246.9696 237.8937 229.1862 220.4786 211.7711 205.5276 204.2124 202.8972 201.582 200.2668 200.0 200.0 200.0 200.0 200.0
368.4417 375.8589 380.9441 385.3254 389.7066 394.088 399.125 406.3341 413.5432 420.7524 427.9615 436.3495 445.2531 454.1567 463.0604 471.2343 475.5605 479.8868 484.2131 488.5393 490.3482 490.6349 490.9216 491.2083 491.5286 492.2025 492.8765 493.5504 494.2243 494.2969 493.8791 493.4612 493.0433 492.4543 480.2334 468.0123 455.7912 443.5702 429.7212 414.0964 398.4716 382.8468 367.2219 353.4401 339.7717 326.1033 312.4348 299.5976 287.9773 276.3572 264.7369 253.1166 243.7253 234.6683 225.6113 216.5544 209.7749 207.5504 205.3259 203.1014 200.8769 200.3508 200.257 200.1632 200.0694 200.0
369.3784 375.1258 379.3949 383.2178 387.0406 390.8635 395.3857 402.2243 409.063 415.9016 422.7403 430.8138 439.4275 448.0412 456.6548 464.6801 469.6023 474.5246 479.4468 484.369 486.5865 487.1685 487.7505 488.3325 488.9631 490.1042 491.2452 492.3863 493.5273 494.073 494.1329 494.1929 494.2529 494.1498 482.9652 471.7804 460.5956 449.4107 436.0793 420.4062 404.733 389.0599 373.3867 359.6729 346.0797 332.4865 318.8932 306.0657 294.3595 282.6535 270.9473 259.2411 249.5585 240.1794 230.8003 221.4212 214.1173 210.964 207.8106 204.6572 201.5038 200.7122 200.5217 200.3313 200.1408 200.0
370.3151 374.3927 377.8457 381.1102 384.3746 387.6391 391.6464 398.1146 404.5827 411.0509 417.5191 425.2781 433.6018 441.9256 450.2493 458.1258 463.6441 469.1623 474.6806 480.1987 482.8248 483.7021 484.5795 485.4568 486.3977 488.0058 489.614 491.2221 492.8303 493.849 494.3868 494.9247 495.4625 495.8454 485.697 475.5484 465.3999 455.2513 442.4375 426.716 410.9945 395.273 379.5515 365.9058 352.3877 338.8696 325.3516 312.5339 300.7418 288.9499 277.1578 265.3657 255.3917 245.6905 235.9892 226.288 218.4598 214.3775 210.2952 206.213 202.1307 201.0736 200.7865 200.4993 200.2122 200.0
371.2518 373.6596 376.2965 379.0026 381.7086 384.4146 387.9071 394.0048 400.1025 406.2002 412.2978 419.7424 427.7762 435.81 443.8438 451.5716 457.6858 463.8 469.9143 476.0284 479.0631 480.2358 481.4084 482.5811 483.8322 485.9075 487.9828 490.058 492.1333 493.625 494.6407 495.6564 496.6721 497.541 488.4288 479.3165 470.2042 461.0919 448.7956 433.0258 417.256 401.4862 385.7164 372.1386 358.6957 345.2528 331.8099 319.002 307.1241 295.2462 283.3682 271.4902 261.2249 251.2016 241.1782 231.1548 222.8022 217.791 212.7799 207.7687 202.7576 201.435 201.0512 200.6674 200.2837 200.0
374.206 375.1569 376.9192 378.9264 380.9336 382.9408 385.7541 391.2376 396.7212 402.2048 407.6884 414.4741 421.8296 429.185 436.5404 443.7426 450.1368 456.531 462.9252 469.3192 472.85 474.6494 476.4487 478.248 480.1336 482.924 485.7143 488.5047 491.295 493.2842 494.6197 495.9553 497.2908 498.481 489.7928 481.1044 472.416 463.7277 451.6567 435.8957 420.1346 404.3735 388.6125 375.2569 362.0494 348.8419 335.6344 323.1061 311.5723 300.0388 288.505 276.9712 266.9421 257.1386 247.3352 237.5318 228.9664 222.8771 216.7879 210.6986 204.6094 202.7863 202.0491 201.3119 200.5747 200.0282
380.0784 379.8804 380.6834 381.7886 382.8938 383.9989 385.8953 390.4124 394.9296 399.4467 403.9639 409.5927 415.7079 421.8232 427.9384 434.0698 440.2868 446.5038 452.7208 458.9377 463.0909 465.9963 468.9017 471.8071 474.7959 478.66 482.5242 486.3883 490.2524 492.7743 494.2011 495.6279 497.0547 498.3282 489.1782 480.0281 470.878 461.7279 449.4597 433.7899 418.1201 402.4503 386.7805 373.8703 361.1299 348.3895 335.6491 323.7905 313.2232 302.6561 292.0887 281.5214 272.4914 263.6919 254.8925 246.093 237.7657 230.3825 222.9993 215.6161 208.2329 205.5695 204.1075 202.6455 201.1835 200.097
385.9508 384.6039 384.4476 384.6508 384.854 385.0571 386.0365 389.5872 393.1379 396.6887 400.2393 404.7113 409.5863 414.4613 419.3363 424.397 430.4368 436.4766 442.5164 448.5561 453.3319 457.3433 461.3548 465.3662 469.4582 474.3961 479.334 484.2719 489.2099 492.2644 493.7825 495.3006 496.8186 498.1753 488.5637 478.9518 469.34 459.7281 447.2627 431.6841 416.1056 400.5271 384.9486 372.4837 360.2104 347.9371 335.6638 324.475 314.8741 305.2733 295.6725 286.0716 278.0406 270.2452 262.4497 254.6543 246.5649 237.8878 229.2107 220.5335 211.8564 208.3527 206.1659 203.9791 201.7923 200.1659
391.8232 389.3273 388.2118 387.513 386.8141 386.1153 386.1778 388.7621 391.3463 393.9306 396.5148 399.8299 403.4647 407.0995 410.7342 414.7242 420.5868 426.4494 432.3121 438.1746 443.5728 448.6903 453.8078 458.9253 464.1205 470.1322 476.1439 482.1556 488.1673 491.7545 493.3639 494.9732 496.5826 498.0225 487.9491 477.8755 467.8019 457.7283 445.0656 429.5784 414.0911 398.6039 383.1166 371.0971 359.2909 347.4847 335.6785 325.1594 316.525 307.8907 299.2562 290.6217 283.5899 276.7984 270.007 263.2155 255.3642 245.3931 235.4221 225.451 215.4799 211.136 208.2243 205.3127 202.4011 200.2347
397.6956 394.0508 391.976 390.3752 388.7744 387.1735 386.319 387.9369 389.5547 391.1725 392.7903 394.9485 397.343 399.7376 402.1321 405.0514 410.7368 416.4222 422.1077 427.793 433.8138 440.0373 446.2608 452.4843 458.7828 465.8683 472.9538 480.0392 487.1247 491.2446 492.9453 494.6459 496.3465 497.8697 487.3345 476.7992 466.2639 455.7285 442.8686 427.4726 412.0767 396.6807 381.2847 369.7104 358.3714 347.0323 335.6932 325.8438 318.1758 310.508 302.8399 295.1719 289.1392 283.3517 277.5643 271.7768 264.1635 252.8985 241.6335 230.3684 219.1034 213.9192 210.2827 206.6463 203.0099 200.3036
