data/zism_data/00779_03_D.txt
ncols         224
nrows         224
[rows 28 to 55 of 224, columns 126 to 188 of 224]
894.8229 894.2784 892.6216 890.9649 889.3082 887.6515 885.4492 882.896 880.3429 877.7898 875.0508 870.1659 865.2809 860.3961 855.5112 846.4414 833.9579 821.4743 808.9908 796.4327 780.5103 764.5881 748.666 732.7435 722.1936 717.1738 712.1541 707.1345 702.1147 706.2513 710.7322 715.213 719.6938 724.082 728.3495 732.617 736.8845 741.152 742.005 742.5029 743.0008 743.4987 742.7101 739.794 736.8779 733.9617 731.0456 725.4805 719.4398 713.3991 707.3584 703.0433 702.4144 701.7856 701.1567 700.5279 700.4713 700.5668 700.6625 700.7581 701.2862 703.0399 704.7935
885.8104 883.7278 881.1146 878.5013 875.8881 873.2748 870.839 868.5172 866.1955 863.8738 861.4512 857.8639 854.2766 850.6893 847.102 839.4028 828.3495 817.2959 806.2426 795.0898 779.4653 763.8411 748.2169 732.5924 722.3019 717.5018 712.7019 707.902 703.1019 709.253 715.8158 722.3785 728.9412 735.2537 741.2404 747.2273 753.2141 759.2009 760.5532 761.4236 762.2939 763.1643 761.9418 757.2576 752.5736 747.8895 743.2054 735.4748 727.1972 718.9197 710.6421 704.6516 703.5467 702.4418 701.337 700.2322 700.0 700.0 700.0 700.0 700.7272 703.515 706.3028
874.8508 871.0956 867.4821 863.8685 860.2551 856.6415 854.05 852.1154 850.1809 848.2463 846.2997 844.2128 842.1259 840.039 837.9521 831.78 822.2754 812.7706 803.2661 793.6355 778.3337 763.0321 747.7305 732.4287 722.4211 717.8631 713.3052 708.7473 704.1892 712.5414 721.379 730.2166 739.054 747.4589 755.301 763.1432 770.9853 778.8273 780.7345 782.0243 783.3141 784.604 782.9012 776.2488 769.5965 762.9441 756.2918 746.2373 735.5719 724.9067 714.2413 706.4855 704.9451 703.4046 701.8642 700.3237 700.0 700.0 700.0 700.0 700.9966 704.8169 708.6372
863.8912 858.4634 853.8495 849.2358 844.622 840.0082 837.261 835.7136 834.1663 832.619 831.1481 830.5617 829.9752 829.3887 828.8022 824.1572 816.2014 808.2454 800.2896 792.1812 777.202 762.2231 747.2442 732.2651 722.5403 718.2244 713.9084 709.5925 705.2765 715.8298 726.9423 738.0546 749.1668 759.6641 769.3615 779.0591 788.7565 798.4539 800.9158 802.6251 804.3344 806.0436 803.8606 795.2399 786.6194 777.9987 769.3782 756.9998 743.9467 730.8937 717.8406 708.3195 706.3434 704.3674 702.3913 700.4152 700.0 700.0 700.0 700.0 701.2659 706.1188 710.9716
852.9317 845.8311 840.217 834.603 828.989 823.3749 820.472 819.3118 818.1517 816.9915 815.9966 816.9106 817.8245 818.7384 819.6523 816.5344 810.1273 803.7202 797.3131 790.7268 776.0703 761.4141 746.7579 732.1014 722.6596 718.5856 714.5117 710.4378 706.3638 719.1182 732.5055 745.8926 759.2796 771.8693 783.4221 794.975 806.5276 818.0804 821.097 823.2258 825.3546 827.4833 824.82 814.2311 803.6423 793.0533 782.4646 767.7623 752.3214 736.8807 721.4399 710.1534 707.7418 705.3301 702.9185 700.5068 700.0 700.0 700.0 700.0 701.5353 707.4207 713.306
839.9219 831.4786 825.1613 818.8441 812.5268 806.2094 803.2576 802.4694 801.6811 800.8928 800.3387 802.4882 804.6376 806.7871 808.9366 807.2115 802.3257 797.4398 792.554 787.4686 773.4043 759.3401 745.2761 731.2117 722.2288 718.4764 714.7241 710.9717 707.2194 721.6865 736.8388 751.9908 767.1429 781.447 794.6484 807.85 821.0513 834.2527 837.806 840.3557 842.9055 845.4553 842.4834 830.3793 818.2755 806.1714 794.0676 777.4958 760.1218 742.7482 725.3742 712.5869 709.5972 706.6075 703.6179 700.6282 700.0 700.0 700.0 700.0 701.7827 708.6164 715.45
821.7604 812.8036 806.5293 800.2551 793.9809 787.7065 784.9745 784.5197 784.0648 783.6099 783.4081 786.1276 788.8472 791.5667 794.2861 793.6168 790.183 786.7491 783.3152 779.678 766.8828 754.0878 741.2928 728.4976 720.4155 717.1848 713.9541 710.7234 707.4928 722.4453 738.0815 753.7175 769.3536 784.4223 798.753 813.0839 827.4146 841.7452 845.7897 848.7643 851.739 854.7136 851.8646 839.3842 826.9038 814.4233 801.9431 784.6438 766.4793 748.3151 730.1506 716.5264 712.6011 708.6757 704.7503 700.8249 700.0 700.0 700.0 700.0 701.9749 709.5453 717.1157
803.5989 794.1287 787.8973 781.6661 775.435 769.2037 766.6915 766.57 766.4485 766.3271 766.4775 769.7671 773.0566 776.3462 779.6357 780.0222 778.0403 776.0584 774.0765 771.8873 760.3612 748.8354 737.3096 725.7836 718.6022 715.8932 713.1842 710.4752 707.7662 723.204 739.3243 755.4443 771.5643 787.3976 802.8575 818.3178 833.7778 849.2378 853.7735 857.1729 860.5724 863.9719 861.2458 848.3889 835.5322 822.6752 809.8185 791.7918 772.8368 753.8821 734.9271 720.4661 715.605 710.7438 705.8827 701.0215 700.0 700.0 700.0 700.0 702.167 710.4742 718.7814
785.4373 775.4537 769.2654 763.0772 756.889 750.7008 748.4084 748.6203 748.8323 749.0442 749.5469 753.4065 757.2662 761.1257 764.9853 766.4275 765.8976 765.3677 764.8378 764.0966 753.8397 743.583 733.3264 723.0695 716.789 714.6016 712.4142 710.2269 708.0396 723.9627 740.567 757.171 773.775 790.3729 806.9622 823.5518 840.1411 856.7303 861.7573 865.5815 869.4059 873.2302 870.6271 857.3937 844.1606 830.9272 817.694 798.9398 779.1943 759.449 739.7035 724.4056 718.6088 712.8119 707.0151 701.2181 700.0 700.0 700.0 700.0 702.3592 711.4032 720.447
767.2758 756.7787 750.6334 744.4883 738.3431 732.1979 730.1252 730.6707 731.216 731.7614 732.6164 737.046 741.4756 745.9053 750.3348 752.8328 753.7549 754.677 755.5991 756.3058 747.3182 738.3306 729.3431 720.3554 714.9758 713.31 711.6443 709.9786 708.3129 724.7214 741.8098 758.8977 775.9857 793.3481 811.0668 828.7857 846.5043 864.2229 869.7411 873.9902 878.2394 882.4885 880.0083 866.3985 852.7889 839.1791 825.5695 806.0878 785.5517 765.016 744.4799 728.3453 721.6127 714.88 708.1475 701.4148 700.0 700.0 700.0 700.0 702.5514 712.3322 722.1127
757.7773 747.1334 741.1633 735.1934 729.2233 723.2532 721.2227 721.7245 722.2263 722.7281 723.5071 727.4847 731.4623 735.4399 739.4175 741.8829 743.1144 744.346 745.5775 746.6207 739.1819 731.7433 724.3046 716.8659 712.5749 711.5241 710.4733 709.4225 708.3717 724.9543 742.2002 759.4457 776.6913 794.3702 812.6119 830.8539 849.0956 867.3373 872.6454 876.6082 880.571 884.5339 881.6236 867.3459 853.0684 838.7907 824.5132 805.0471 784.6493 764.2518 743.854 727.851 721.2358 714.6205 708.0054 701.3901 700.0 700.0 700.0 700.0 702.4425 711.8058 721.169
751.6039 740.954 735.2098 729.4656 723.7215 717.9773 715.9205 716.2341 716.5477 716.8614 717.3998 720.5331 723.6664 726.7997 729.933 731.948 733.0505 734.153 735.2554 736.2083 730.4258 724.6435 718.8612 713.0787 709.9485 709.5484 709.1483 708.7482 708.3481 724.9855 742.2635 759.5414 776.8192 794.6426 813.1747 831.7071 850.2391 868.7712 873.6 877.0036 880.4072 883.8107 880.2581 865.2007 850.1434 835.086 820.0288 800.8634 780.9603 761.0576 741.1545 725.6547 719.5612 713.4676 707.3741 701.2805 700.0 700.0 700.0 700.0 702.2181 710.7209 719.2238
745.4305 734.7746 729.2562 723.738 718.2197 712.7013 710.6183 710.7438 710.8692 710.9946 711.2925 713.5815 715.8705 718.1596 720.4486 722.0131 722.9865 723.96 724.9333 725.796 721.6698 717.5438 713.4177 709.2916 707.3221 707.5728 707.8234 708.0739 708.3245 725.0165 742.3269 759.637 776.9471 794.915 813.7374 832.5602 851.3827 870.2051 874.5547 877.399 880.2433 883.0876 878.8926 863.0554 847.2184 831.3812 815.5443 796.6797 777.2714 757.8633 738.455 723.4586 717.8867 712.3147 706.7429 701.1708 700.0 700.0 700.0 700.0 701.9936 709.6361 717.2784
739.257 728.5952 723.3027 718.0103 712.7178 707.4254 705.3162 705.2534 705.1906 705.1278 705.1852 706.6299 708.0746 709.5194 710.9641 712.0782 712.9226 713.767 714.6113 715.3836 712.9138 710.444 707.9742 705.5044 704.6957 705.597 706.4984 707.3997 708.301 725.0477 742.3903 759.7326 777.075 795.1874 814.3002 833.4134 852.5262 871.639 875.5094 877.7944 880.0795 882.3644 877.5272 860.9102 844.2935 827.6765 811.0598 792.496 773.5824 754.6691 735.7556 721.2624 716.2122 711.1618 706.1116 701.0612 700.0 700.0 700.0 700.0 701.7692 708.5512 715.3332
734.9277 724.3895 719.1993 714.0093 708.8193 703.6292 701.3961 701.0639 700.7318 700.3996 700.1488 700.8382 701.5276 702.217 702.9064 703.6072 704.3173 705.0275 705.7375 706.4095 705.368 704.3266 703.2851 702.2436 702.4354 703.8967 705.358 706.8193 708.2807 725.0962 742.4893 759.882 777.2747 795.525 814.8893 834.254 853.6184 872.9827 876.2552 877.854 879.4528 881.0516 875.4763 858.0355 840.5951 823.1544 805.7139 787.573 769.3061 751.0396 732.7726 718.899 714.4101 709.9211 705.4323 700.9433 700.0 700.0 700.0 700.0 701.5292 707.3912 713.2532
740.2375 730.5011 724.7678 719.0346 713.3014 707.5681 704.7003 703.6744 702.6484 701.6226 700.7102 701.1092 701.5082 701.9072 702.3062 702.7877 703.3364 703.8853 704.434 704.9533 704.1484 703.3436 702.5388 701.7339 702.0881 703.6354 705.1828 706.7302 708.2776 725.2361 742.7744 760.3123 777.8503 796.2036 815.6164 835.0295 854.4423 873.855 875.9094 876.1583 876.4073 876.6563 869.8425 851.3478 832.8533 814.3585 795.864 778.7847 761.959 745.1336 728.308 715.6613 711.9414 708.2214 704.5016 700.7817 700.0 700.0 700.0 700.0 701.2079 705.8385 710.4689
745.5475 736.6127 730.3362 724.0599 717.7835 711.5071 708.0044 706.2848 704.5651 702.8455 701.2716 701.3802 701.4888 701.5974 701.706 701.9681 702.3556 702.743 703.1304 703.4971 702.9288 702.3606 701.7924 701.2241 701.7407 703.3742 705.0076 706.641 708.2744 725.3761 743.0595 760.7427 778.4258 796.8823 816.3434 835.8049 855.2661 874.7272 875.5635 874.4626 873.3618 872.2609 864.2088 844.66 825.1115 805.5626 786.0141 769.9963 754.6119 739.2277 723.8433 712.4235 709.4727 706.5218 703.571 700.6201 700.0 700.0 700.0 700.0 700.8867 704.2857 707.6847
750.8574 742.7242 735.9047 729.0851 722.2656 715.446 711.3086 708.8952 706.4819 704.0685 701.833 701.6512 701.4694 701.2875 701.1057 701.1486 701.3747 701.6008 701.8269 702.0409 701.7092 701.3776 701.046 700.7144 701.3934 703.1129 704.8324 706.5518 708.2713 725.5161 743.3447 761.173 779.0013 797.5609 817.0705 836.5804 856.0899 875.5995 875.2177 872.767 870.3162 867.8655 858.5751 837.9722 817.3696 796.7668 776.1642 761.2079 747.2648 733.3218 719.3787 709.1857 707.0039 704.8221 702.6403 700.4585 700.0 700.0 700.0 700.0 700.5654 702.733 704.9005
756.1673 748.8358 741.4731 734.1104 726.7477 719.385 714.6127 711.5056 708.3986 705.2915 702.3944 701.9222 701.45 700.9777 700.5055 700.329 700.3938 700.4586 700.5233 700.5847 700.4896 700.3947 700.2996 700.2047 701.0461 702.8517 704.6572 706.4626 708.2682 725.6559 743.6298 761.6033 779.5768 798.2396 817.7975 837.3558 856.9138 876.4717 874.8718 871.0712 867.2707 863.4702 852.9413 831.2844 809.6279 787.9709 766.3143 752.4195 739.9176 727.4159 714.914 705.9479 704.5352 703.1224 701.7097 700.2969 700.0 700.0 700.0 700.0 700.2441 701.1802 702.1162
764.8973 758.0881 750.6521 743.2162 735.7804 728.3444 722.7685 718.3883 714.0081 709.628 705.5015 704.3043 703.1071 701.91 700.7128 700.1537 700.1151 700.0764 700.0378 700.0 700.0 700.0 700.0 700.0 700.9067 702.7468 704.5868 706.4269 708.267 725.9541 744.2373 762.5202 780.803 799.6827 819.3373 838.9923 858.647 878.3016 876.1965 871.8284 867.4601 863.092 852.2452 830.6833 809.1219 787.56 765.9985 752.2676 739.942 727.6165 715.2908 706.4099 704.8874 703.3649 701.8424 700.3199 700.2059 700.4667 700.7274 700.9881 701.5857 703.1378 704.6899
775.9214 769.447 762.2529 755.0591 747.8652 740.6712 734.1785 728.1366 722.0947 716.0529 710.3161 708.1025 705.8889 703.6753 701.4617 700.4104 700.3073 700.2041 700.1009 700.0 700.0 700.0 700.0 700.0 700.9067 702.7468 704.5868 706.4269 708.267 726.3584 745.061 763.7634 782.4657 801.6385 821.4222 841.2063 860.9901 880.7737 878.6419 874.2307 869.8195 865.4083 854.861 834.165 813.4693 792.7733 772.0776 757.9085 744.9106 731.913 718.915 709.3533 707.1317 704.91 702.6885 700.4669 700.55 701.2463 701.9426 702.639 704.0425 707.45 710.8574
786.9456 780.8058 773.8538 766.9019 759.95 752.998 745.5886 737.8849 730.1813 722.4777 715.1307 711.9007 708.6707 705.4407 702.2107 700.6671 700.4995 700.3317 700.1641 700.0 700.0 700.0 700.0 700.0 700.9067 702.7468 704.5868 706.4269 708.267 726.7626 745.8848 765.0066 784.1284 803.5944 823.5072 843.4203 863.3331 883.2458 881.0872 876.6331 872.1788 867.7246 857.4768 837.6466 817.8167 797.9865 778.1567 763.5494 749.8793 736.2094 722.5393 712.2967 709.376 706.4552 703.5345 700.6138 700.894 702.026 703.1579 704.2899 706.4993 711.7621 717.0248
797.9697 792.1646 785.4547 778.7448 772.0349 765.3248 756.9986 747.6332 738.2679 728.9026 719.9453 715.6989 711.4524 707.206 702.9596 700.9239 700.6917 700.4594 700.2272 700.0 700.0 700.0 700.0 700.0 700.9067 702.7468 704.5868 706.4269 708.267 727.1669 746.7085 766.2498 785.791 805.5503 825.5922 845.6343 865.6761 885.718 883.5326 879.0354 874.5381 870.041 860.0926 841.1282 822.1642 803.1998 784.2358 769.1903 754.848 740.5059 726.1635 715.2401 711.6203 708.0004 704.3806 700.7607 701.2381 702.8057 704.3732 705.9407 708.9562 716.0743 723.1924
809.2796 803.7977 797.2617 790.7259 784.1901 777.6542 768.3998 757.3975 746.3955 735.3934 724.8477 719.5723 714.2969 709.0215 703.7462 701.2087 700.9049 700.6011 700.2972 700.0 700.0 700.0 700.0 700.0 700.9067 702.7468 704.5868 706.4269 708.267 727.5587 747.5068 767.4546 787.4023 807.4457 827.6125 847.7797 867.9464 888.1132 885.9358 881.4345 876.933 872.4318 862.8172 844.7457 826.6746 808.6031 790.532 775.0369 760.0038 744.9711 729.938 718.3135 713.97 709.6265 705.283 700.9394 701.6102 703.6151 705.6201 707.6249 711.4526 720.4449 729.4371
828.1375 822.6691 814.5145 806.36 798.2056 790.051 779.5676 767.5865 755.6058 743.6251 732.0701 725.4343 718.7983 712.1624 705.5265 702.2356 701.6736 701.1117 700.5497 700.0 700.0 700.0 700.0 700.0 700.9067 702.7468 704.5868 706.4269 708.267 727.6209 747.6335 767.6458 787.6581 807.745 827.9279 848.1111 868.2941 888.477 887.2266 883.7471 880.2674 876.7878 868.4159 851.9524 835.4891 819.0256 802.5623 786.3134 770.1027 753.8922 737.6815 724.8175 719.1027 713.3879 707.6731 701.9582 702.7231 705.212 707.7009 710.1898 714.9938 726.3577 737.7214
846.9952 841.5405 831.7673 821.9942 812.2211 802.4479 790.7353 777.7756 764.8162 751.8567 739.2927 731.2962 723.2996 715.3032 707.3068 703.2625 702.4424 701.6223 700.8022 700.0 700.0 700.0 700.0 700.0 700.9067 702.7468 704.5868 706.4269 708.267 727.683 747.7603 767.8371 787.9139 808.0443 828.2433 848.4427 868.6417 888.8408 888.5175 886.0596 883.6017 881.1439 874.0146 859.159 844.3036 829.4479 814.5926 797.5898 780.2015 762.8134 745.4249 731.3215 724.2355 717.1492 710.0632 702.977 703.8361 706.809 709.7819 712.7547 718.535 732.2704 746.0057
865.853 860.412 849.0201 837.6284 826.2367 814.8447 801.903 787.9647 774.0265 760.0883 746.5151 737.1581 727.801 718.444 709.087 704.2893 703.2111 702.1329 701.0547 700.0 700.0 700.0 700.0 700.0 700.9067 702.7468 704.5868 706.4269 708.267 727.7452 747.887 768.0283 788.1697 808.3435 828.5587 848.7742 868.9894 889.2046 889.8083 888.3722 886.9361 885.5001 879.6133 866.3656 853.1181 839.8704 826.6229 808.8664 790.3002 771.7344 753.1683 737.8256 729.3682 720.9106 712.4533 703.9958 704.949 708.4058 711.8627 715.3196 722.0763 738.1832 754.2899
884.7108 879.2834 866.2729 853.2625 840.2522 827.2416 813.0708 798.1537 783.2368 768.3199 753.7376 743.0201 732.3024 721.5848 710.8673 705.3162 703.9799 702.6436 701.3073 700.0 700.0 700.0 700.0 700.0 700.9067 702.7468 704.5868 706.4269 708.267 727.8074 748.0137 768.2196 788.4255 808.6428 828.8741 849.1058 869.3371 889.5684 891.0991 890.6848 890.2704 889.8561 885.212 873.5722 861.9326 850.2928 838.6531 820.1429 800.399 780.6556 760.9117 744.3296 734.5009 724.6721 714.8434 705.0146 706.0619 710.0027 713.9437 717.8845 725.6176 744.096 762.5742
