data/zism_data/00771_01_D.txt
ncols         224
nrows         224
[rows 168 to 195 of 224, columns 0 to 62 of 224]
937.4025 940.5362 943.618 946.6998 949.7817 952.0263 953.1161 954.2058 955.2956 956.3854 954.2535 951.7288 949.2041 946.6794 942.1359 934.0394 925.9429 917.8466 909.7501 901.8095 893.9002 885.9908 878.0815 871.5344 868.1005 864.6667 861.2328 857.799 857.4755 858.0532 858.6309 859.2085 860.4545 863.7449 867.0352 870.3256 873.616 875.5988 877.0664 878.5341 880.0017 881.6921 884.3416 886.9911 889.6407 892.2902 896.4692 901.4382 906.4072 911.3762 916.5146 922.7824 929.0502 935.3181 941.5859 945.9843 949.144 952.3038 955.4636 958.6516 962.2012 965.7507 969.3002
941.3654 944.6533 947.8879 951.1224 954.357 956.9496 958.6568 960.364 962.0711 963.7783 961.6493 959.0524 956.4556 953.8588 949.2924 941.2597 933.2269 925.1943 917.1615 909.2186 901.2936 893.3687 885.4438 878.7329 874.7967 870.8605 866.9243 862.9882 862.5287 863.0766 863.6245 864.1723 865.4855 869.1398 872.7941 876.4484 880.1026 882.4308 884.2368 886.0427 887.8486 889.8204 892.507 895.1935 897.88 900.5666 904.6552 909.4681 914.2811 919.094 924.1573 930.8903 937.6232 944.3562 951.0892 955.5618 958.5367 961.5115 964.4864 967.4603 970.4215 973.3828 976.344
945.4049 948.6592 951.8616 955.0639 958.2663 960.9801 963.0202 965.0602 967.1003 969.1404 967.0762 964.5116 961.947 959.3824 954.6517 946.1089 937.5662 929.0234 920.4807 912.2737 904.134 895.9943 887.8547 881.094 877.4853 873.8766 870.268 866.6594 866.3276 866.9453 867.5629 868.1806 869.5438 873.1873 876.8308 880.4743 884.1178 886.6857 888.8299 890.9741 893.1183 895.4243 898.4276 901.4309 904.4342 907.4375 911.7969 916.8568 921.9167 926.9766 932.2393 938.8541 945.4689 952.0838 958.6987 962.9046 965.5144 968.1241 970.7339 973.319 975.5876 977.8563 980.1249
949.4444 952.6652 955.8353 959.0054 962.1755 965.0107 967.3836 969.7565 972.1295 974.5024 972.5032 969.9708 967.4384 964.906 960.0111 950.9583 941.9054 932.8526 923.7997 915.3289 906.9744 898.6199 890.2655 883.4551 880.174 876.8928 873.6116 870.3305 870.1265 870.8139 871.5014 872.1888 873.6019 877.2347 880.8675 884.5003 888.1331 890.9406 893.423 895.9055 898.3879 901.0281 904.3482 907.6683 910.9883 914.3084 918.9386 924.2455 929.5523 934.8592 940.3212 946.8179 953.3146 959.8114 966.3081 970.2474 972.4921 974.7368 976.9815 979.1777 980.7537 982.3298 983.9058
953.4839 956.6711 959.8091 962.947 966.0848 969.0412 971.747 974.4528 977.1586 979.8645 977.9302 975.4299 972.9297 970.4296 965.3704 955.8075 946.2446 936.6818 927.1189 918.384 909.8148 901.2455 892.6763 885.8162 882.8625 879.9089 876.9553 874.0016 873.9253 874.6826 875.4398 876.1971 877.6602 881.2822 884.9042 888.5263 892.1483 895.1954 898.0162 900.8369 903.6576 906.632 910.2689 913.9057 917.5425 921.1793 926.0803 931.6341 937.188 942.7418 948.4032 954.7818 961.1604 967.539 973.9175 977.5902 979.4698 981.3494 983.229 985.0364 985.9199 986.8032 987.6866
957.5234 960.6771 963.7828 966.8885 969.9941 973.0717 976.1104 979.1492 982.1879 985.2266 983.3571 980.8891 978.4211 975.9532 970.7297 960.6568 950.5839 940.511 930.438 921.4391 912.6552 903.8712 895.0872 888.1773 885.5511 882.925 880.299 877.6729 877.7242 878.5512 879.3783 880.2053 881.7183 885.3297 888.941 892.5522 896.1635 899.4503 902.6093 905.7682 908.9272 912.2358 916.1895 920.1431 924.0967 928.0503 933.2219 939.0228 944.8236 950.6245 956.4852 962.7456 969.0061 975.2665 981.527 984.933 986.4475 987.962 989.4766 990.8951 991.0859 991.2767 991.4675
961.3275 964.3933 967.4139 970.4344 973.455 976.5046 979.594 982.6834 985.7728 988.8622 987.0532 984.6469 982.2405 979.8341 974.5057 964.0343 953.563 943.0917 932.6204 923.4423 914.5229 905.6035 896.6841 889.7779 887.4734 885.1689 882.8645 880.56 880.7582 881.6816 882.6049 883.5282 885.1516 888.9168 892.682 896.4471 900.2123 903.6714 907.0099 910.3484 913.6869 917.1871 921.384 925.5809 929.7778 933.9747 939.3184 945.2546 951.1907 957.1268 963.0518 968.9031 974.7545 980.6058 986.4572 989.5035 990.6911 991.8787 993.0663 994.1454 993.8346 993.5238 993.2131
964.9367 967.8699 970.7616 973.6533 976.545 979.4431 982.35 985.2569 988.1637 991.0706 989.3183 986.9979 984.6774 982.3569 976.9724 966.195 955.4176 944.6403 933.863 924.5757 915.5864 906.5972 897.608 890.7497 888.762 886.7743 884.7866 882.799 883.1599 884.2014 885.2428 886.2842 888.0681 892.1232 896.1783 900.2335 904.2885 907.8642 911.251 914.6378 918.0247 921.5984 925.9779 930.3574 934.7368 939.1163 944.5505 950.5296 956.5087 962.4877 968.3654 973.567 978.7687 983.9703 989.172 991.7818 992.6741 993.5665 994.4589 995.2391 994.5847 993.9302 993.2759
968.5459 971.3464 974.1093 976.8721 979.6349 982.3817 985.106 987.8303 990.5546 993.2789 991.5834 989.3488 987.1143 984.8797 979.4391 968.3557 957.2722 946.1889 935.1055 925.709 916.65 907.5909 898.532 891.7215 890.0506 888.3797 886.7088 885.0379 885.5616 886.7211 887.8807 889.0402 890.9846 895.3297 899.6747 904.0197 908.3647 912.057 915.4921 918.9273 922.3624 926.0098 930.5718 935.1339 939.6959 944.2579 949.7826 955.8046 961.8267 967.8487 973.679 978.231 982.7829 987.3349 991.8869 994.0602 994.6572 995.2543 995.8513 996.3328 995.3347 994.3367 993.3387
972.1551 974.8229 977.4569 980.0909 982.7249 985.3202 987.862 990.4037 992.9455 995.4873 993.8484 991.6998 989.5512 987.4025 981.9058 970.5163 959.1268 947.7375 936.348 926.8424 917.7136 908.5847 899.4559 892.6933 891.3392 889.985 888.6309 887.2769 887.9633 889.241 890.5186 891.7963 893.9011 898.536 903.171 907.806 912.4409 916.2498 919.7333 923.2167 926.7002 930.4213 935.1658 939.9103 944.6549 949.3995 955.0146 961.0797 967.1447 973.2097 978.9925 982.8948 986.7971 990.6995 994.6017 996.3385 996.6403 996.942 997.2438 997.4265 996.0848 994.7431 993.4015
975.7643 978.2994 980.8046 983.3098 985.8149 988.2587 990.618 992.9772 995.3364 997.6956 996.1135 994.0508 991.9881 989.9254 984.3724 972.677 960.9815 949.2861 937.5906 927.9758 918.7772 909.5785 900.3799 893.6651 892.6278 891.5905 890.5531 889.5157 890.365 891.7607 893.1565 894.5522 896.8175 901.7424 906.6674 911.5923 916.5172 920.4426 923.9744 927.5062 931.038 934.8326 939.7597 944.6868 949.614 954.541 960.2468 966.3547 972.4626 978.5706 984.306 987.5587 990.8113 994.064 997.3167 998.6169 998.6234 998.6298 998.6363 998.5201 996.8348 995.1495 993.4643
979.8917 982.0201 984.1023 986.1845 988.2667 990.2452 992.0805 993.9158 995.7511 997.5864 995.6448 993.2426 990.8404 988.4382 982.7121 971.1359 959.5598 947.9837 936.4075 927.1089 918.2659 909.4229 900.5798 894.1641 893.2964 892.4288 891.5613 890.6937 892.3892 894.8273 897.2655 899.7036 902.9177 908.5055 914.0932 919.6809 925.2686 928.7153 931.3187 933.9219 936.5253 939.488 943.999 948.5099 953.0209 957.5319 962.7917 968.4385 974.0853 979.732 985.0338 988.0358 991.038 994.04 997.0421 997.9764 997.5406 997.1047 996.6688 996.081 993.5479 991.0148 988.4818
984.0307 985.7462 987.3989 989.0515 990.7042 992.2103 993.5141 994.8179 996.1216 997.4254 995.1149 992.3637 989.6125 986.8613 980.9593 969.512 958.0647 946.6175 935.1702 926.1973 917.7194 909.2415 900.7635 894.6524 893.9512 893.2501 892.549 891.8478 894.405 897.9062 901.4074 904.9086 909.0892 915.3481 921.607 927.8659 934.1248 937.0794 938.7324 940.3853 942.0383 944.1487 948.2302 952.3117 956.3931 960.4746 965.2766 970.4509 975.6251 980.7994 985.6588 988.4193 991.1797 993.9402 996.7007 997.2708 996.3892 995.5078 994.6262 993.5628 990.1707 986.7785 983.3864
988.1697 989.4722 990.6954 991.9186 993.1418 994.1754 994.9476 995.7198 996.4921 997.2643 994.585 991.4848 988.3846 985.2844 979.2065 967.8881 956.5696 945.2513 933.9329 925.2858 917.1729 909.0601 900.9473 895.1407 894.6061 894.0714 893.5366 893.002 896.4208 900.985 905.5493 910.1135 915.2607 922.1907 929.1208 936.0508 942.9808 945.4434 946.1461 946.8486 947.5513 948.8095 952.4615 956.1134 959.7654 963.4173 967.7615 972.4633 977.165 981.8668 986.2838 988.8027 991.3215 993.8405 996.3593 996.565 995.2379 993.9108 992.5836 991.0446 986.7934 982.5422 978.291
992.3087 993.1983 993.992 994.7856 995.5793 996.1406 996.3812 996.6219 996.8625 997.1032 994.0551 990.6059 987.1567 983.7075 977.4538 966.2642 955.0746 943.8851 932.6955 924.3741 916.6264 908.8787 901.131 895.6292 895.2609 894.8926 894.5244 894.1561 898.4365 904.0639 909.6912 915.3185 921.4322 929.0334 936.6346 944.2358 951.837 953.8074 953.5597 953.312 953.0643 953.4703 956.6927 959.9152 963.1376 966.36 970.2463 974.4756 978.7049 982.9342 986.9088 989.1861 991.4634 993.7406 996.0179 995.8593 994.0865 992.3138 990.541 988.5264 983.4161 978.3058 973.1956
996.2454 996.8006 997.2438 997.6869 998.1301 998.2223 997.8304 997.4386 997.0468 996.655 993.0314 989.0137 984.996 980.9784 974.4192 963.387 952.3548 941.3227 930.2905 922.4971 915.3515 908.2059 901.0603 896.0621 895.9722 895.8823 895.7924 895.7025 900.9141 907.6615 914.4089 921.1564 928.1957 936.1279 944.0601 951.9923 959.9245 961.4044 960.3423 959.2803 958.2183 957.8773 960.6416 963.406 966.1703 968.9348 972.4085 976.2487 980.0889 983.9291 987.5287 989.5248 991.521 993.5172 995.5133 994.9113 992.5876 990.2639 987.9401 985.3503 979.3546 973.3589 967.3633
999.8896 1000.224 1000.431 1000.638 1000.845 1000.473 999.3023 998.1319 996.9615 995.7912 991.2934 986.3898 981.4863 976.5827 969.5306 958.697 947.8635 937.03 926.1965 919.2237 913.0231 906.8224 900.6218 896.4149 896.7653 897.1157 897.4661 897.8165 904.0594 912.0095 919.9596 927.9097 935.8157 943.5869 951.358 959.1291 966.9002 967.8916 966.2121 964.5327 962.8532 961.9169 964.182 966.4471 968.7122 970.9772 974.1039 977.6756 981.2473 984.8191 988.1412 989.799 991.4569 993.1148 994.7727 993.6129 990.5858 987.5588 984.5317 981.2227 974.3034 967.3843 960.4651
1003.534 1003.647 1003.618 1003.588 1003.559 1002.723 1000.774 998.8253 996.8763 994.9275 989.5554 983.7659 977.9765 972.187 964.642 954.0071 943.3722 932.7374 922.1025 915.9503 910.6946 905.4389 900.1833 896.7678 897.5585 898.3491 899.1398 899.9304 907.2047 916.3575 925.5103 934.663 943.4357 951.0457 958.6558 966.2659 973.8759 974.3788 972.0819 969.785 967.4881 965.9566 967.7224 969.4881 971.2539 973.0197 975.7993 979.1025 982.4058 985.709 988.7536 990.0732 991.3928 992.7125 994.0321 992.3145 988.584 984.8536 981.1233 977.095 969.2522 961.4096 953.567
1007.178 1007.07 1006.805 1006.539 1006.274 1004.973 1002.246 999.5186 996.7911 994.0637 987.8174 981.142 974.4666 967.7912 959.7531 949.3169 938.8807 928.4446 918.0083 912.6767 908.366 904.0554 899.7448 897.1207 898.3516 899.5825 900.8135 902.0444 910.3502 920.7056 931.0611 941.4165 951.0559 958.5049 965.9539 973.4029 980.8519 980.8663 977.9519 975.0375 972.1231 969.9965 971.2629 972.5293 973.7957 975.0621 977.4947 980.5295 983.5643 986.5991 989.366 990.3474 991.3287 992.3101 993.2915 991.0159 986.5822 982.1485 977.7147 972.9671 964.2008 955.4347 946.6685
1010.822 1010.494 1009.992 1009.49 1008.988 1007.224 1003.718 1000.212 996.7059 993.2 986.0795 978.5181 970.9568 963.3955 954.8645 944.627 934.3893 924.1519 913.9143 909.4033 906.0376 902.6719 899.3062 897.4735 899.1447 900.8159 902.4871 904.1584 913.4955 925.0536 936.6118 948.1698 958.6758 965.9638 973.2517 980.5397 987.8276 987.3535 983.8217 980.2899 976.758 974.0361 974.8032 975.5704 976.3375 977.1046 979.19 981.9564 984.7227 987.4891 989.9785 990.6216 991.2646 991.9078 992.5509 989.7175 984.5804 979.4434 974.3063 968.8394 959.1496 949.46 939.7703
1014.604 1014.073 1013.348 1012.624 1011.899 1009.807 1005.829 1001.851 997.8731 993.8951 986.2911 978.245 970.199 962.1528 953.3275 943.1309 932.9342 922.7376 912.541 908.3285 905.3128 902.2972 899.2816 897.8881 900.2024 902.5167 904.831 907.1453 917.0212 929.088 941.1547 953.2214 963.8856 970.2598 976.634 983.0082 989.3823 988.8149 985.5129 982.211 978.909 976.3425 976.9438 977.545 978.1464 978.7477 980.6947 983.3369 985.9789 988.621 991.0077 991.6911 992.3746 993.058 993.7415 990.8345 985.5485 980.2625 974.9764 969.3259 959.0101 948.6944 938.3788
1018.413 1017.681 1016.737 1015.792 1014.847 1012.454 1008.063 1003.671 999.2798 994.8884 986.8758 978.4216 969.9675 961.5133 952.4317 942.2458 932.0598 921.874 911.688 907.6743 904.8948 902.1154 899.3361 898.3145 901.3107 904.3069 907.3031 910.2993 920.6198 933.0624 945.5049 957.9474 968.6343 973.9508 979.2672 984.5837 989.9001 989.3149 986.4049 983.4949 980.5849 978.3172 978.8165 979.3158 979.8151 980.3144 982.163 984.7084 987.2539 989.7994 992.1166 992.9128 993.709 994.5052 995.3014 992.4136 987.0846 981.7556 976.4266 970.6951 959.8101 948.9253 938.0405
1022.221 1021.29 1020.125 1018.961 1017.796 1015.101 1010.296 1005.491 1000.687 995.8817 987.4604 978.5982 969.736 960.8738 951.5358 941.3607 931.1855 921.0104 910.8352 907.02 904.4769 901.9337 899.3906 898.7408 902.4189 906.097 909.7751 913.4532 924.2183 937.0368 949.8552 962.6735 973.3831 977.6418 981.9005 986.1592 990.4178 989.815 987.2969 984.7788 982.2607 980.292 980.6893 981.0865 981.4838 981.8811 983.6312 986.08 988.5288 990.9777 993.2256 994.1345 995.0435 995.9525 996.8614 993.9927 988.6207 983.2488 977.8768 972.0642 960.6101 949.1562 937.7023
1026.03 1024.899 1023.514 1022.129 1020.744 1017.748 1012.53 1007.312 1002.093 996.875 988.0451 978.7748 969.5046 960.2343 950.64 940.4755 930.3111 920.1467 909.9823 906.3658 904.0588 901.752 899.4451 899.1672 903.5272 907.8872 912.2472 916.6072 927.8169 941.0112 954.2054 967.3996 978.1318 981.3328 984.5337 987.7347 990.9356 990.315 988.1889 986.0627 983.9366 982.2667 982.562 982.8572 983.1525 983.4478 985.0994 987.4516 989.8038 992.1559 994.3345 995.3563 996.3779 997.3997 998.4213 995.5718 990.1569 984.7419 979.327 973.4333 961.4101 949.387 937.364
1030.259 1028.935 1027.337 1025.739 1024.141 1020.868 1015.284 1009.701 1004.117 998.5329 989.288 979.5966 969.9052 960.2138 950.3244 940.0866 929.8488 919.6111 909.3732 905.9208 903.8255 901.7302 899.6349 899.7104 904.748 909.7855 914.8231 919.8606 931.2531 944.4868 957.7205 970.9541 981.5275 983.9637 986.3998 988.836 991.2721 990.7061 988.9575 987.2088 985.4601 984.085 984.3188 984.5527 984.7865 985.0204 986.5787 988.8212 991.0637 993.3062 995.4018 996.5189 997.6359 998.753 999.8701 997.1442 991.872 986.5997 981.3275 975.5423 963.1906 950.8392 938.4877
1035.624 1034.125 1032.334 1030.543 1028.752 1025.268 1019.448 1013.627 1007.807 1001.987 992.3099 982.162 972.0143 961.8666 951.5772 941.0387 930.5002 919.9619 909.4233 906.0416 904.0913 902.1409 900.1906 900.5696 906.2729 911.9763 917.6796 923.3828 934.2505 946.6144 958.9783 971.3422 981.2667 983.7297 986.1927 988.6557 991.1187 990.8029 989.3925 987.9821 986.5717 985.4801 985.7623 986.0445 986.3267 986.6088 988.088 990.1855 992.2831 994.3806 996.3565 997.5219 998.6873 999.8526 1001.018 998.699 994.071 989.443 984.815 979.6508 967.6213 955.592 943.5627
1040.989 1039.316 1037.331 1035.347 1033.363 1029.667 1023.611 1017.554 1011.498 1005.442 995.3317 984.7275 974.1235 963.5193 952.83 941.9908 931.1517 920.3126 909.4734 906.1625 904.3571 902.5517 900.7463 901.4288 907.7979 914.167 920.5361 926.9051 937.2479 948.7421 960.2361 971.7302 981.0059 983.4957 985.9855 988.4753 990.9651 990.8997 989.8275 988.7554 987.6832 986.8753 987.2058 987.5363 987.8668 988.1973 989.5974 991.5499 993.5024 995.455 997.3112 998.5248 999.7385 1000.952 1002.166 1000.254 996.27 992.2863 988.3026 983.7592 972.0519 960.3448 948.6376
1046.354 1044.506 1042.329 1040.151 1037.973 1034.066 1027.774 1021.481 1015.189 1008.896 998.3536 987.293 976.2326 965.172 954.0827 942.9429 931.8031 920.6634 909.5236 906.2833 904.6229 902.9624 901.302 902.288 909.3229 916.3577 923.3926 930.4274 940.2454 950.8697 961.494 972.1182 980.7451 983.2617 985.7784 988.295 990.8117 990.9965 990.2625 989.5286 988.7947 988.2704 988.6493 989.0281 989.4069 989.7857 991.1066 992.9142 994.7218 996.5294 998.2658 999.5278 1000.79 1002.052 1003.314 1001.808 998.4689 995.1295 991.7901 987.8677 976.4825 965.0975 953.7126
