data/zism_data/00781_01_D.txt
ncols         224
nrows         224
[rows 28 to 55 of 224, columns 63 to 125 of 224]
4702.488 4702.304 4702.12 4701.936 4701.752 4701.591 4701.438 4701.285 4701.132 4700.962 4700.739 4700.515 4700.292 4700.068 4699.847 4699.626 4699.406 4699.186 4699.018 4699.132 4699.245 4699.359 4699.473 4699.729 4700.074 4700.417 4700.761 4701.133 4701.798 4702.463 4703.128 4703.793 4704.564 4705.42 4706.277 4707.134 4707.986 4708.452 4708.917 4709.383 4709.849 4710.268 4710.635 4711.002 4711.37 4711.737 4711.626 4711.485 4711.345 4711.204 4710.975 4710.617 4710.259 4709.901 4709.543 4709.299 4709.072 4708.846 4708.619 4708.365 4708.055 4707.746 4707.436
4702.651 4702.446 4702.24 4702.035 4701.83 4701.656 4701.492 4701.328 4701.165 4700.985 4700.756 4700.527 4700.299 4700.07 4699.847 4699.626 4699.406 4699.186 4699.022 4699.163 4699.303 4699.443 4699.584 4699.904 4700.334 4700.764 4701.193 4701.647 4702.36 4703.074 4703.787 4704.5 4705.269 4706.083 4706.896 4707.711 4708.521 4709.029 4709.538 4710.046 4710.555 4710.996 4711.363 4711.731 4712.098 4712.466 4712.365 4712.234 4712.104 4711.975 4711.758 4711.417 4711.074 4710.732 4710.391 4710.14 4709.902 4709.665 4709.427 4709.157 4708.82 4708.484 4708.148
4702.814 4702.588 4702.361 4702.134 4701.907 4701.721 4701.546 4701.372 4701.197 4701.008 4700.774 4700.54 4700.306 4700.071 4699.847 4699.626 4699.406 4699.186 4699.027 4699.194 4699.361 4699.528 4699.695 4700.079 4700.594 4701.109 4701.625 4702.161 4702.922 4703.684 4704.445 4705.207 4705.973 4706.745 4707.516 4708.287 4709.055 4709.606 4710.158 4710.709 4711.261 4711.724 4712.092 4712.459 4712.827 4713.194 4713.103 4712.983 4712.864 4712.745 4712.542 4712.216 4711.89 4711.564 4711.238 4710.98 4710.731 4710.483 4710.235 4709.949 4709.586 4709.223 4708.86
4702.978 4702.73 4702.481 4702.233 4701.985 4701.785 4701.6 4701.415 4701.229 4701.032 4700.792 4700.552 4700.313 4700.073 4699.847 4699.626 4699.406 4699.186 4699.031 4699.225 4699.418 4699.612 4699.807 4700.254 4700.854 4701.456 4702.056 4702.675 4703.485 4704.294 4705.104 4705.913 4706.678 4707.407 4708.135 4708.863 4709.59 4710.184 4710.778 4711.373 4711.967 4712.453 4712.82 4713.188 4713.555 4713.922 4713.841 4713.732 4713.624 4713.516 4713.325 4713.015 4712.706 4712.396 4712.085 4711.82 4711.562 4711.303 4711.044 4710.741 4710.352 4709.962 4709.572
4703.142 4702.872 4702.603 4702.333 4702.064 4701.851 4701.655 4701.458 4701.262 4701.055 4700.81 4700.564 4700.319 4700.074 4699.846 4699.626 4699.406 4699.185 4699.035 4699.256 4699.478 4699.699 4699.92 4700.431 4701.117 4701.804 4702.49 4703.191 4704.049 4704.906 4705.764 4706.621 4707.384 4708.07 4708.756 4709.442 4710.127 4710.764 4711.401 4712.038 4712.675 4713.183 4713.55 4713.917 4714.285 4714.652 4714.581 4714.483 4714.385 4714.287 4714.109 4713.815 4713.522 4713.228 4712.934 4712.661 4712.391 4712.122 4711.852 4711.533 4711.116 4710.7 4710.283
4703.314 4703.056 4702.797 4702.539 4702.28 4702.041 4701.807 4701.573 4701.34 4701.097 4700.825 4700.553 4700.281 4700.009 4699.785 4699.58 4699.376 4699.172 4699.051 4699.368 4699.686 4700.003 4700.32 4700.925 4701.702 4702.479 4703.257 4704.042 4704.905 4705.767 4706.63 4707.493 4708.264 4708.961 4709.657 4710.354 4711.05 4711.692 4712.334 4712.977 4713.619 4714.129 4714.497 4714.864 4715.231 4715.599 4715.518 4715.409 4715.3 4715.191 4715.014 4714.736 4714.459 4714.181 4713.903 4713.586 4713.262 4712.939 4712.616 4712.249 4711.795 4711.341 4710.887
4703.488 4703.24 4702.992 4702.744 4702.496 4702.23 4701.959 4701.688 4701.417 4701.14 4700.841 4700.542 4700.243 4699.945 4699.723 4699.535 4699.346 4699.158 4699.066 4699.48 4699.894 4700.308 4700.721 4701.418 4702.287 4703.155 4704.024 4704.892 4705.76 4706.628 4707.496 4708.364 4709.144 4709.852 4710.559 4711.266 4711.973 4712.62 4713.268 4713.915 4714.563 4715.076 4715.444 4715.811 4716.179 4716.546 4716.455 4716.335 4716.216 4716.096 4715.919 4715.657 4715.396 4715.134 4714.872 4714.51 4714.134 4713.757 4713.38 4712.965 4712.473 4711.981 4711.49
4703.661 4703.424 4703.187 4702.949 4702.712 4702.42 4702.111 4701.803 4701.494 4701.182 4700.856 4700.531 4700.206 4699.88 4699.661 4699.489 4699.317 4699.145 4699.082 4699.591 4700.102 4700.612 4701.122 4701.912 4702.872 4703.831 4704.791 4705.742 4706.616 4707.489 4708.363 4709.236 4710.024 4710.742 4711.46 4712.178 4712.895 4713.548 4714.201 4714.854 4715.507 4716.023 4716.391 4716.758 4717.125 4717.493 4717.392 4717.261 4717.131 4717.001 4716.824 4716.578 4716.333 4716.087 4715.841 4715.435 4715.005 4714.574 4714.144 4713.681 4713.151 4712.623 4712.094
4703.834 4703.608 4703.381 4703.155 4702.928 4702.61 4702.264 4701.917 4701.572 4701.224 4700.872 4700.52 4700.167 4699.815 4699.6 4699.443 4699.287 4699.131 4699.097 4699.703 4700.31 4700.916 4701.522 4702.406 4703.456 4704.507 4705.557 4706.593 4707.471 4708.35 4709.229 4710.107 4710.904 4711.632 4712.361 4713.09 4713.818 4714.476 4715.134 4715.792 4716.451 4716.97 4717.337 4717.705 4718.072 4718.439 4718.328 4718.188 4718.046 4717.906 4717.729 4717.499 4717.27 4717.04 4716.811 4716.36 4715.876 4715.392 4714.908 4714.396 4713.83 4713.264 4712.697
4704.05 4703.802 4703.554 4703.306 4703.058 4702.711 4702.334 4701.958 4701.581 4701.21 4700.859 4700.507 4700.156 4699.805 4699.615 4699.496 4699.376 4699.257 4699.269 4699.975 4700.68 4701.385 4702.09 4703.054 4704.174 4705.295 4706.416 4707.515 4708.382 4709.25 4710.119 4710.986 4711.776 4712.501 4713.228 4713.953 4714.678 4715.339 4716.0 4716.662 4717.323 4717.841 4718.204 4718.567 4718.93 4719.292 4719.188 4719.055 4718.922 4718.789 4718.611 4718.368 4718.124 4717.88 4717.637 4717.154 4716.635 4716.116 4715.597 4715.057 4714.473 4713.89 4713.307
4704.322 4704.009 4703.697 4703.385 4703.072 4702.694 4702.296 4701.898 4701.5 4701.122 4700.808 4700.494 4700.18 4699.866 4699.732 4699.677 4699.622 4699.567 4699.649 4700.457 4701.263 4702.07 4702.877 4703.906 4705.069 4706.233 4707.396 4708.531 4709.367 4710.203 4711.039 4711.875 4712.638 4713.342 4714.047 4714.751 4715.455 4716.116 4716.777 4717.438 4718.1 4718.613 4718.965 4719.317 4719.669 4720.021 4719.947 4719.846 4719.745 4719.644 4719.463 4719.167 4718.869 4718.572 4718.275 4717.776 4717.246 4716.716 4716.187 4715.643 4715.07 4714.498 4713.925
4704.594 4704.217 4703.84 4703.464 4703.087 4702.678 4702.258 4701.839 4701.419 4701.033 4700.757 4700.48 4700.204 4699.928 4699.85 4699.859 4699.868 4699.877 4700.03 4700.938 4701.847 4702.755 4703.664 4704.758 4705.964 4707.171 4708.377 4709.548 4710.352 4711.156 4711.959 4712.763 4713.5 4714.183 4714.866 4715.549 4716.231 4716.893 4717.554 4718.215 4718.876 4719.385 4719.727 4720.068 4720.409 4720.75 4720.706 4720.637 4720.568 4720.499 4720.315 4719.965 4719.615 4719.264 4718.914 4718.398 4717.857 4717.317 4716.776 4716.229 4715.667 4715.105 4714.543
4704.865 4704.425 4703.984 4703.543 4703.102 4702.661 4702.221 4701.78 4701.339 4700.945 4700.706 4700.467 4700.228 4699.989 4699.967 4700.041 4700.114 4700.188 4700.41 4701.42 4702.431 4703.441 4704.451 4705.61 4706.859 4708.108 4709.357 4710.565 4711.337 4712.108 4712.88 4713.652 4714.363 4715.024 4715.686 4716.347 4717.008 4717.669 4718.331 4718.992 4719.653 4720.157 4720.487 4720.818 4721.149 4721.479 4721.464 4721.427 4721.391 4721.354 4721.168 4720.764 4720.36 4719.956 4719.552 4719.02 4718.468 4717.917 4717.366 4716.815 4716.264 4715.713 4715.162
4705.137 4704.632 4704.127 4703.622 4703.117 4702.645 4702.183 4701.72 4701.258 4700.856 4700.655 4700.454 4700.252 4700.051 4700.085 4700.223 4700.36 4700.498 4700.791 4701.902 4703.015 4704.126 4705.238 4706.462 4707.754 4709.046 4710.338 4711.582 4712.321 4713.061 4713.801 4714.54 4715.225 4715.865 4716.505 4717.145 4717.785 4718.447 4719.108 4719.769 4720.43 4720.928 4721.249 4721.568 4721.889 4722.208 4722.223 4722.218 4722.213 4722.208 4722.02 4721.563 4721.105 4720.647 4720.19 4719.642 4719.08 4718.518 4717.956 4717.401 4716.861 4716.32 4715.78
4705.421 4704.894 4704.365 4703.837 4703.309 4702.791 4702.275 4701.759 4701.243 4700.805 4700.623 4700.44 4700.258 4700.076 4700.177 4700.402 4700.626 4700.851 4701.236 4702.468 4703.7 4704.932 4706.164 4707.451 4708.772 4710.093 4711.414 4712.684 4713.414 4714.145 4714.875 4715.605 4716.284 4716.92 4717.558 4718.194 4718.831 4719.465 4720.099 4720.733 4721.367 4721.83 4722.107 4722.385 4722.662 4722.939 4722.925 4722.893 4722.861 4722.829 4722.622 4722.156 4721.69 4721.225 4720.76 4720.213 4719.654 4719.096 4718.537 4717.983 4717.439 4716.896 4716.353
4705.708 4705.164 4704.62 4704.075 4703.531 4702.964 4702.389 4701.814 4701.24 4700.76 4700.594 4700.428 4700.262 4700.096 4700.265 4700.58 4700.896 4701.211 4701.693 4703.048 4704.403 4705.758 4707.113 4708.463 4709.811 4711.159 4712.506 4713.8 4714.525 4715.25 4715.975 4716.7 4717.376 4718.013 4718.65 4719.287 4719.923 4720.525 4721.127 4721.729 4722.33 4722.754 4722.983 4723.212 4723.441 4723.67 4723.618 4723.549 4723.479 4723.41 4723.18 4722.714 4722.249 4721.784 4721.318 4720.776 4720.223 4719.669 4719.116 4718.564 4718.015 4717.466 4716.917
4705.994 4705.434 4704.874 4704.313 4703.753 4703.137 4702.503 4701.87 4701.237 4700.715 4700.565 4700.415 4700.265 4700.115 4700.352 4700.759 4701.166 4701.572 4702.149 4703.627 4705.105 4706.583 4708.062 4709.476 4710.85 4712.225 4713.599 4714.917 4715.636 4716.355 4717.075 4717.795 4718.469 4719.105 4719.742 4720.379 4721.015 4721.585 4722.154 4722.724 4723.294 4723.678 4723.858 4724.04 4724.221 4724.401 4724.311 4724.204 4724.097 4723.99 4723.738 4723.272 4722.807 4722.342 4721.876 4721.339 4720.791 4720.243 4719.695 4719.145 4718.591 4718.037 4717.482
4706.281 4705.705 4705.128 4704.552 4703.976 4703.311 4702.618 4701.926 4701.233 4700.67 4700.537 4700.402 4700.269 4700.135 4700.44 4700.938 4701.435 4701.933 4702.606 4704.207 4705.809 4707.41 4709.011 4710.487 4711.889 4713.29 4714.691 4716.033 4716.747 4717.461 4718.175 4718.89 4719.561 4720.198 4720.835 4721.472 4722.107 4722.645 4723.182 4723.72 4724.257 4724.602 4724.734 4724.867 4725.0 4725.132 4725.004 4724.86 4724.715 4724.571 4724.296 4723.831 4723.366 4722.9 4722.435 4721.902 4721.36 4720.817 4720.274 4719.726 4719.167 4718.607 4718.047
4706.521 4705.911 4705.301 4704.691 4704.081 4703.382 4702.656 4701.93 4701.204 4700.622 4700.516 4700.41 4700.304 4700.197 4700.598 4701.221 4701.844 4702.466 4703.259 4704.949 4706.64 4708.33 4710.02 4711.541 4712.96 4714.379 4715.799 4717.157 4717.878 4718.599 4719.319 4720.04 4720.72 4721.367 4722.015 4722.662 4723.307 4723.794 4724.282 4724.77 4725.257 4725.549 4725.628 4725.707 4725.785 4725.864 4725.696 4725.513 4725.329 4725.146 4724.849 4724.385 4723.921 4723.457 4722.993 4722.465 4721.928 4721.391 4720.854 4720.304 4719.73 4719.156 4718.583
4706.643 4705.952 4705.262 4704.571 4703.881 4703.188 4702.494 4701.8 4701.106 4700.563 4700.516 4700.468 4700.421 4700.374 4700.941 4701.778 4702.615 4703.452 4704.425 4706.115 4707.805 4709.495 4711.185 4712.703 4714.117 4715.531 4716.944 4718.301 4719.06 4719.818 4720.576 4721.334 4722.052 4722.736 4723.421 4724.105 4724.786 4725.177 4725.569 4725.96 4726.352 4726.56 4726.569 4726.578 4726.587 4726.596 4726.384 4726.158 4725.932 4725.706 4725.385 4724.926 4724.468 4724.009 4723.551 4723.028 4722.497 4721.964 4721.433 4720.874 4720.263 4719.651 4719.04
4706.764 4705.993 4705.223 4704.452 4703.681 4702.994 4702.333 4701.671 4701.009 4700.503 4700.515 4700.527 4700.539 4700.55 4701.285 4702.335 4703.386 4704.437 4705.59 4707.28 4708.97 4710.661 4712.351 4713.865 4715.273 4716.682 4718.09 4719.446 4720.241 4721.037 4721.833 4722.628 4723.383 4724.105 4724.828 4725.55 4726.266 4726.561 4726.855 4727.151 4727.446 4727.571 4727.51 4727.45 4727.389 4727.329 4727.072 4726.803 4726.534 4726.265 4725.921 4725.468 4725.015 4724.562 4724.109 4723.592 4723.065 4722.538 4722.012 4721.444 4720.795 4720.146 4719.498
4706.885 4706.034 4705.183 4704.332 4703.481 4702.8 4702.171 4701.541 4700.912 4700.444 4700.515 4700.585 4700.656 4700.726 4701.628 4702.893 4704.158 4705.422 4706.755 4708.445 4710.136 4711.826 4713.516 4715.027 4716.43 4717.833 4719.236 4720.59 4721.423 4722.256 4723.089 4723.922 4724.715 4725.475 4726.234 4726.994 4727.745 4727.944 4728.143 4728.341 4728.54 4728.582 4728.451 4728.321 4728.191 4728.061 4727.76 4727.448 4727.136 4726.825 4726.458 4726.01 4725.562 4725.114 4724.667 4724.155 4723.633 4723.112 4722.59 4722.014 4721.328 4720.642 4719.956
4707.006 4706.075 4705.144 4704.212 4703.281 4702.606 4702.009 4701.412 4700.814 4700.385 4700.515 4700.644 4700.773 4700.902 4701.971 4703.45 4704.929 4706.408 4707.921 4709.611 4711.301 4712.991 4714.681 4716.189 4717.587 4718.985 4720.382 4721.734 4722.605 4723.476 4724.346 4725.216 4726.046 4726.844 4727.641 4728.438 4729.225 4729.327 4729.43 4729.532 4729.634 4729.592 4729.393 4729.193 4728.993 4728.793 4728.448 4728.093 4727.739 4727.384 4726.994 4726.552 4726.109 4725.667 4725.224 4724.718 4724.202 4723.686 4723.169 4722.584 4721.861 4721.137 4720.414
4707.492 4706.503 4705.514 4704.524 4703.536 4702.875 4702.313 4701.752 4701.19 4700.841 4701.194 4701.547 4701.9 4702.253 4703.453 4705.022 4706.591 4708.161 4709.736 4711.34 4712.943 4714.547 4716.151 4717.582 4718.906 4720.231 4721.556 4722.847 4723.785 4724.723 4725.661 4726.599 4727.441 4728.205 4728.968 4729.731 4730.483 4730.497 4730.51 4730.524 4730.537 4730.425 4730.174 4729.924 4729.673 4729.423 4729.009 4728.585 4728.162 4727.738 4727.294 4726.819 4726.345 4725.87 4725.396 4724.857 4724.309 4723.761 4723.212 4722.594 4721.837 4721.08 4720.322
4708.133 4707.095 4706.058 4705.021 4703.984 4703.341 4702.816 4702.292 4701.769 4701.516 4702.164 4702.811 4703.458 4704.106 4705.421 4707.028 4708.635 4710.242 4711.829 4713.309 4714.79 4716.271 4717.751 4719.072 4720.295 4721.518 4722.741 4723.947 4724.965 4725.983 4727.001 4728.02 4728.862 4729.562 4730.261 4730.959 4731.647 4731.575 4731.503 4731.431 4731.359 4731.181 4730.888 4730.595 4730.301 4730.008 4729.516 4729.012 4728.508 4728.004 4727.493 4726.97 4726.447 4725.924 4725.402 4724.815 4724.219 4723.622 4723.026 4722.365 4721.576 4720.786 4719.997
4708.773 4707.688 4706.603 4705.517 4704.432 4703.807 4703.32 4702.833 4702.347 4702.191 4703.133 4704.075 4705.017 4705.958 4707.389 4709.034 4710.678 4712.322 4713.921 4715.279 4716.636 4717.994 4719.352 4720.562 4721.684 4722.805 4723.927 4725.046 4726.145 4727.243 4728.342 4729.44 4730.284 4730.918 4731.553 4732.188 4732.812 4732.654 4732.496 4732.338 4732.181 4731.938 4731.602 4731.265 4730.929 4730.593 4730.023 4729.439 4728.855 4728.271 4727.692 4727.121 4726.55 4725.979 4725.408 4724.773 4724.128 4723.484 4722.839 4722.136 4721.314 4720.493 4719.671
4709.415 4708.281 4707.147 4706.014 4704.88 4704.272 4703.823 4703.374 4702.925 4702.866 4704.103 4705.339 4706.575 4707.811 4709.357 4711.04 4712.721 4714.403 4716.014 4717.248 4718.483 4719.717 4720.952 4722.052 4723.072 4724.092 4725.112 4726.146 4727.325 4728.503 4729.683 4730.861 4731.705 4732.276 4732.846 4733.417 4733.976 4733.732 4733.489 4733.246 4733.002 4732.694 4732.315 4731.936 4731.557 4731.178 4730.53 4729.866 4729.201 4728.537 4727.891 4727.271 4726.652 4726.033 4725.414 4724.731 4724.039 4723.346 4722.653 4721.907 4721.053 4720.2 4719.346
4710.155 4708.995 4707.834 4706.674 4705.513 4704.939 4704.543 4704.146 4703.75 4703.794 4705.297 4706.799 4708.302 4709.805 4711.449 4713.155 4714.861 4716.567 4718.179 4719.292 4720.404 4721.517 4722.63 4723.619 4724.534 4725.449 4726.364 4727.307 4728.548 4729.79 4731.031 4732.272 4733.11 4733.619 4734.128 4734.637 4735.134 4734.807 4734.48 4734.153 4733.826 4733.451 4733.025 4732.598 4732.172 4731.746 4731.023 4730.282 4729.542 4728.801 4728.09 4727.422 4726.755 4726.088 4725.42 4724.689 4723.948 4723.208 4722.467 4721.678 4720.793 4719.908 4719.022
