data/zism_data/00786_02_D.txt
ncols         224
nrows         224
[rows 140 to 167 of 224, columns 0 to 62 of 224]
2201.278 2201.908 2202.538 2204.356 2207.55 2210.744 2213.938 2217.131 2218.731 2220.206 2221.681 2223.156 2224.063 2224.085 2224.107 2224.13 2224.152 2223.424 2222.568 2221.712 2220.856 2219.62 2217.572 2215.523 2213.474 2211.426 2209.115 2206.731 2204.347 2201.963 2200.494 2201.826 2203.157 2204.489 2205.82 2210.614 2216.82 2223.026 2229.233 2235.632 2242.95 2250.267 2257.585 2264.903 2270.52 2275.172 2279.824 2284.476 2288.47 2286.639 2284.808 2282.977 2281.146 2276.593 2269.945 2263.297 2256.649 2249.977 2242.515 2235.053 2227.59 2220.128 2214.8
2201.041 2201.504 2201.966 2203.417 2206.012 2208.606 2211.2 2213.795 2215.015 2216.129 2217.242 2218.355 2219.088 2219.229 2219.37 2219.511 2219.653 2219.726 2219.788 2219.851 2219.913 2219.441 2217.83 2216.219 2214.607 2212.996 2210.645 2208.088 2205.531 2202.975 2201.484 2203.252 2205.021 2206.79 2208.559 2213.606 2219.99 2226.375 2232.76 2239.278 2246.434 2253.589 2260.745 2267.9 2273.287 2277.669 2282.051 2286.433 2290.188 2288.39 2286.591 2284.792 2282.994 2278.35 2271.519 2264.687 2257.856 2251.011 2243.721 2236.432 2229.142 2221.853 2216.501
2200.804 2201.099 2201.395 2202.478 2204.473 2206.468 2208.463 2210.458 2211.3 2212.051 2212.802 2213.554 2214.113 2214.373 2214.633 2214.893 2215.153 2216.029 2217.009 2217.989 2218.969 2219.262 2218.088 2216.914 2215.74 2214.566 2212.175 2209.446 2206.716 2203.987 2202.473 2204.679 2206.886 2209.092 2211.298 2216.598 2223.161 2229.724 2236.286 2242.924 2249.918 2256.911 2263.905 2270.898 2276.054 2280.167 2284.278 2288.39 2291.906 2290.14 2288.374 2286.607 2284.841 2280.108 2273.093 2266.078 2259.063 2252.045 2244.928 2237.811 2230.694 2223.577 2218.202
2200.568 2200.695 2200.823 2201.539 2202.934 2204.33 2205.726 2207.121 2207.584 2207.974 2208.363 2208.753 2209.138 2209.517 2209.896 2210.275 2210.654 2212.331 2214.229 2216.127 2218.025 2219.083 2218.346 2217.61 2216.874 2216.137 2213.706 2210.803 2207.901 2204.999 2203.463 2206.106 2208.75 2211.394 2214.037 2219.59 2226.331 2233.072 2239.813 2246.57 2253.402 2260.233 2267.065 2273.896 2278.821 2282.664 2286.505 2290.348 2293.624 2291.89 2290.156 2288.422 2286.688 2281.866 2274.667 2267.469 2260.27 2253.079 2246.135 2239.19 2232.246 2225.302 2219.902
2200.331 2200.291 2200.251 2200.599 2201.396 2202.192 2202.988 2203.785 2203.868 2203.896 2203.924 2203.952 2204.164 2204.661 2205.159 2205.656 2206.154 2208.634 2211.449 2214.265 2217.081 2218.904 2218.605 2218.306 2218.007 2217.708 2215.236 2212.161 2209.086 2206.011 2204.452 2207.533 2210.614 2213.695 2216.776 2222.583 2229.502 2236.421 2243.34 2250.216 2256.885 2263.555 2270.225 2276.894 2281.588 2285.161 2288.733 2292.305 2295.342 2293.64 2291.939 2290.237 2288.536 2283.624 2276.241 2268.859 2261.477 2254.112 2247.341 2240.57 2233.798 2227.027 2221.603
2200.606 2200.367 2200.128 2200.233 2200.737 2201.24 2201.743 2202.247 2202.206 2202.122 2202.038 2201.954 2202.154 2202.795 2203.436 2204.077 2204.718 2207.838 2211.378 2214.918 2218.458 2220.879 2220.908 2220.937 2220.966 2220.995 2218.498 2215.3 2212.101 2208.903 2207.301 2210.583 2213.865 2217.148 2220.43 2226.294 2233.212 2240.129 2247.047 2253.878 2260.294 2266.71 2273.126 2279.542 2283.932 2287.171 2290.409 2293.648 2296.403 2294.875 2293.347 2291.818 2290.29 2285.712 2278.787 2271.862 2264.937 2258.025 2251.542 2245.06 2238.578 2232.095 2226.712
2201.154 2200.699 2200.244 2200.173 2200.547 2200.921 2201.295 2201.668 2201.638 2201.575 2201.513 2201.451 2201.725 2202.523 2203.32 2204.118 2204.916 2208.589 2212.75 2216.911 2221.072 2224.002 2224.301 2224.6 2224.899 2225.198 2222.684 2219.388 2216.093 2212.797 2211.141 2214.499 2217.857 2221.214 2224.573 2230.389 2237.21 2244.03 2250.851 2257.549 2263.662 2269.776 2275.89 2282.003 2286.049 2288.921 2291.792 2294.664 2297.114 2295.834 2294.555 2293.275 2291.995 2287.976 2281.851 2275.725 2269.599 2263.473 2257.342 2251.21 2245.079 2238.948 2233.638
2201.701 2201.031 2200.36 2200.113 2200.357 2200.602 2200.846 2201.09 2201.07 2201.029 2200.989 2200.948 2201.296 2202.251 2203.205 2204.159 2205.113 2209.341 2214.123 2218.905 2223.687 2227.125 2227.695 2228.264 2228.833 2229.402 2226.87 2223.477 2220.084 2216.692 2214.98 2218.414 2221.848 2225.281 2228.715 2234.484 2241.208 2247.931 2254.655 2261.219 2267.031 2272.842 2278.653 2284.464 2288.167 2290.671 2293.175 2295.68 2297.825 2296.794 2295.762 2294.731 2293.7 2290.24 2284.914 2279.587 2274.261 2268.921 2263.141 2257.36 2251.58 2245.8 2240.564
2202.249 2201.362 2200.476 2200.053 2200.168 2200.282 2200.397 2200.511 2200.502 2200.483 2200.464 2200.445 2200.868 2201.979 2203.089 2204.2 2205.311 2210.092 2215.495 2220.898 2226.301 2230.249 2231.088 2231.927 2232.766 2233.605 2231.057 2227.566 2224.076 2220.586 2218.82 2222.33 2225.839 2229.348 2232.857 2238.58 2245.206 2251.832 2258.458 2264.89 2270.399 2275.908 2281.417 2286.925 2290.284 2292.421 2294.558 2296.696 2298.536 2297.753 2296.97 2296.188 2295.404 2292.505 2287.978 2283.45 2278.923 2274.369 2268.94 2263.51 2258.081 2252.652 2247.491
2202.83 2201.714 2200.598 2200.0 2200.0 2200.0 2200.0 2200.0 2200.0 2200.0 2200.0 2200.0 2200.498 2201.772 2203.046 2204.319 2205.593 2210.968 2217.038 2223.109 2229.179 2233.675 2234.808 2235.941 2237.074 2238.207 2235.657 2232.084 2228.511 2224.938 2223.114 2226.638 2230.162 2233.686 2237.21 2242.848 2249.349 2255.849 2262.35 2268.621 2273.798 2278.975 2284.152 2289.329 2292.334 2294.106 2295.878 2297.65 2299.186 2298.637 2298.088 2297.539 2296.99 2294.641 2290.906 2287.172 2283.437 2279.665 2274.638 2269.61 2264.582 2259.555 2254.504
2203.666 2202.22 2200.775 2200.0 2200.0 2200.0 2200.0 2200.0 2200.0 2200.0 2200.0 2200.0 2200.581 2202.065 2203.549 2205.033 2206.518 2212.796 2219.887 2226.978 2234.069 2239.411 2241.02 2242.628 2244.236 2245.844 2243.418 2239.872 2236.326 2232.781 2230.866 2233.942 2237.018 2240.094 2243.169 2248.436 2254.596 2260.757 2266.918 2272.81 2277.431 2282.052 2286.673 2291.294 2293.874 2295.295 2296.716 2298.137 2299.37 2298.946 2298.521 2298.096 2297.671 2295.797 2292.808 2289.818 2286.829 2283.803 2279.564 2275.324 2271.085 2266.846 2262.179
2204.501 2202.726 2200.952 2200.0 2200.0 2200.0 2200.0 2200.0 2200.0 2200.0 2200.0 2200.0 2200.663 2202.358 2204.053 2205.748 2207.442 2214.624 2222.735 2230.846 2238.958 2245.147 2247.23 2249.314 2251.397 2253.48 2251.179 2247.66 2244.141 2240.623 2238.618 2241.246 2243.873 2246.501 2249.129 2254.024 2259.844 2265.664 2271.485 2277.0 2281.065 2285.129 2289.194 2293.259 2295.414 2296.484 2297.554 2298.624 2299.554 2299.254 2298.953 2298.653 2298.352 2296.953 2294.709 2292.464 2290.22 2287.941 2284.49 2281.039 2277.588 2274.137 2269.854
2205.336 2203.232 2201.128 2200.0 2200.0 2200.0 2200.0 2200.0 2200.0 2200.0 2200.0 2200.0 2200.746 2202.651 2204.556 2206.462 2208.367 2216.452 2225.583 2234.715 2243.847 2250.883 2253.442 2256.0 2258.559 2261.117 2258.94 2255.448 2251.957 2248.465 2246.37 2248.549 2250.729 2252.908 2255.088 2259.612 2265.092 2270.572 2276.052 2281.189 2284.698 2288.207 2291.715 2295.224 2296.954 2297.673 2298.392 2299.11 2299.739 2299.562 2299.386 2299.209 2299.033 2298.109 2296.61 2295.111 2293.611 2292.078 2289.416 2286.753 2284.09 2281.427 2277.529
2206.171 2203.738 2201.305 2200.0 2200.0 2200.0 2200.0 2200.0 2200.0 2200.0 2200.0 2200.0 2200.828 2202.944 2205.06 2207.176 2209.292 2218.28 2228.432 2238.584 2248.737 2256.619 2259.653 2262.687 2265.72 2268.754 2266.702 2263.237 2259.772 2256.307 2254.122 2255.854 2257.585 2259.316 2261.048 2265.199 2270.34 2275.479 2280.62 2285.379 2288.332 2291.284 2294.237 2297.189 2298.493 2298.861 2299.229 2299.597 2299.923 2299.87 2299.818 2299.766 2299.714 2299.265 2298.511 2297.757 2297.003 2296.216 2294.342 2292.468 2290.593 2288.719 2285.204
2208.256 2205.387 2202.518 2200.883 2200.673 2200.463 2200.253 2200.044 2200.023 2200.016 2200.01 2200.004 2200.863 2203.067 2205.271 2207.476 2209.68 2219.348 2230.279 2241.211 2252.143 2260.723 2264.279 2267.835 2271.39 2274.946 2273.144 2269.853 2266.562 2263.271 2261.104 2262.375 2263.646 2264.916 2266.187 2269.857 2274.507 2279.156 2283.806 2288.087 2290.618 2293.149 2295.68 2298.211 2299.25 2299.443 2299.635 2299.827 2300.0 2300.0 2300.0 2300.0 2300.0 2299.783 2299.398 2299.013 2298.629 2298.216 2296.858 2295.5 2294.141 2292.783 2289.68
2211.248 2207.865 2204.483 2202.405 2201.833 2201.262 2200.69 2200.119 2200.062 2200.044 2200.027 2200.01 2200.863 2203.067 2205.271 2207.476 2209.68 2219.865 2231.401 2242.938 2254.474 2263.644 2267.756 2271.868 2275.98 2280.092 2278.63 2275.62 2272.61 2269.6 2267.528 2268.329 2269.13 2269.931 2270.732 2273.841 2277.891 2281.941 2285.991 2289.721 2291.928 2294.135 2296.342 2298.549 2299.44 2299.583 2299.727 2299.871 2300.0 2300.0 2300.0 2300.0 2300.0 2299.838 2299.55 2299.263 2298.976 2298.666 2297.626 2296.587 2295.547 2294.507 2291.837
2214.239 2210.344 2206.448 2203.927 2202.994 2202.061 2201.127 2200.194 2200.101 2200.073 2200.045 2200.017 2200.863 2203.067 2205.271 2207.476 2209.68 2220.382 2232.523 2244.664 2256.805 2266.564 2271.232 2275.901 2280.569 2285.237 2284.116 2281.386 2278.657 2275.928 2273.952 2274.283 2274.615 2274.946 2275.277 2277.824 2281.275 2284.725 2288.176 2291.354 2293.237 2295.12 2297.003 2298.886 2299.629 2299.724 2299.82 2299.915 2300.0 2300.0 2300.0 2300.0 2300.0 2299.893 2299.702 2299.512 2299.322 2299.116 2298.395 2297.674 2296.953 2296.231 2293.995
2217.229 2212.822 2208.414 2205.449 2204.154 2202.859 2201.564 2200.269 2200.139 2200.101 2200.062 2200.023 2200.863 2203.067 2205.271 2207.476 2209.68 2220.899 2233.645 2246.391 2259.137 2269.485 2274.709 2279.934 2285.158 2290.382 2289.602 2287.153 2284.705 2282.256 2280.376 2280.238 2280.099 2279.961 2279.823 2281.807 2284.659 2287.51 2290.362 2292.988 2294.547 2296.106 2297.665 2299.224 2299.819 2299.865 2299.912 2299.958 2300.0 2300.0 2300.0 2300.0 2300.0 2299.948 2299.854 2299.761 2299.668 2299.567 2299.164 2298.761 2298.358 2297.956 2296.152
2220.351 2215.447 2210.542 2207.13 2205.443 2203.756 2202.07 2200.383 2200.207 2200.15 2200.092 2200.035 2200.856 2203.044 2205.231 2207.419 2209.606 2221.293 2234.59 2247.887 2261.183 2272.085 2277.868 2283.651 2289.435 2295.218 2294.778 2292.609 2290.44 2288.272 2286.496 2285.924 2285.351 2284.779 2284.206 2285.657 2287.934 2290.211 2292.488 2294.584 2295.826 2297.067 2298.309 2299.55 2300.0 2300.0 2300.0 2300.0 2300.0 2300.0 2300.0 2300.0 2300.0 2300.0 2300.0 2300.0 2300.0 2299.997 2299.9 2299.803 2299.706 2299.609 2298.229
2226.338 2221.304 2216.27 2212.3 2209.561 2206.821 2204.081 2201.341 2200.909 2200.657 2200.405 2200.153 2200.704 2202.503 2204.302 2206.1 2207.899 2218.985 2231.644 2244.304 2256.963 2267.628 2274.033 2280.437 2286.842 2293.246 2293.144 2291.234 2289.324 2287.415 2285.921 2285.7 2285.478 2285.257 2285.035 2286.569 2288.819 2291.068 2293.318 2295.362 2296.425 2297.488 2298.552 2299.615 2300.0 2300.0 2300.0 2300.0 2300.0 2300.0 2300.0 2300.0 2300.0 2300.0 2300.0 2300.0 2300.0 2299.998 2299.922 2299.847 2299.771 2299.696 2298.523
2232.325 2227.162 2221.998 2217.47 2213.677 2209.885 2206.092 2202.299 2201.61 2201.164 2200.718 2200.272 2200.552 2201.962 2203.372 2204.782 2206.192 2216.676 2228.698 2240.721 2252.743 2263.172 2270.198 2277.223 2284.248 2291.274 2291.51 2289.859 2288.209 2286.558 2285.346 2285.476 2285.605 2285.735 2285.864 2287.48 2289.703 2291.926 2294.149 2296.139 2297.024 2297.909 2298.794 2299.679 2300.0 2300.0 2300.0 2300.0 2300.0 2300.0 2300.0 2300.0 2300.0 2300.0 2300.0 2300.0 2300.0 2299.999 2299.945 2299.891 2299.837 2299.783 2298.818
2238.313 2233.019 2227.726 2222.641 2217.795 2212.949 2208.103 2203.258 2202.312 2201.671 2201.031 2200.39 2200.4 2201.421 2202.442 2203.463 2204.485 2214.368 2225.753 2237.138 2248.523 2258.716 2266.363 2274.009 2281.655 2289.302 2289.875 2288.484 2287.093 2285.702 2284.771 2285.252 2285.732 2286.213 2286.693 2288.392 2290.588 2292.784 2294.979 2296.917 2297.623 2298.33 2299.037 2299.744 2300.0 2300.0 2300.0 2300.0 2300.0 2300.0 2300.0 2300.0 2300.0 2300.0 2300.0 2300.0 2300.0 2299.999 2299.967 2299.935 2299.902 2299.87 2299.113
2244.3 2238.877 2233.454 2227.811 2221.912 2216.013 2210.115 2204.216 2203.014 2202.178 2201.344 2200.508 2200.248 2200.88 2201.512 2202.145 2202.777 2212.059 2222.807 2233.555 2244.303 2254.26 2262.527 2270.795 2279.062 2287.33 2288.241 2287.109 2285.977 2284.845 2284.197 2285.028 2285.86 2286.691 2287.522 2289.303 2291.472 2293.641 2295.81 2297.694 2298.222 2298.751 2299.28 2299.808 2300.0 2300.0 2300.0 2300.0 2300.0 2300.0 2300.0 2300.0 2300.0 2300.0 2300.0 2300.0 2300.0 2300.0 2299.989 2299.979 2299.968 2299.957 2299.408
2251.423 2246.172 2240.921 2234.814 2227.717 2220.621 2213.524 2206.427 2204.704 2203.4 2202.097 2200.793 2200.153 2200.545 2200.937 2201.328 2201.719 2210.003 2219.623 2229.244 2238.864 2248.12 2256.597 2265.075 2273.552 2282.03 2283.477 2282.971 2282.466 2281.96 2281.908 2283.243 2284.579 2285.915 2287.251 2289.243 2291.502 2293.762 2296.021 2297.969 2298.435 2298.9 2299.366 2299.831 2300.0 2300.0 2300.0 2300.0 2300.0 2300.0 2300.0 2300.0 2300.0 2300.0 2300.0 2300.0 2300.0 2300.0 2300.0 2300.0 2300.0 2300.0 2299.575
2259.651 2254.865 2250.078 2243.599 2235.163 2226.727 2218.291 2209.855 2207.354 2205.316 2203.278 2201.24 2200.115 2200.41 2200.704 2200.998 2201.293 2208.19 2216.207 2224.224 2232.241 2240.345 2248.633 2256.922 2265.21 2273.499 2275.674 2276.151 2276.627 2277.104 2277.954 2279.943 2281.932 2283.921 2285.91 2288.237 2290.702 2293.167 2295.632 2297.757 2298.271 2298.785 2299.3 2299.814 2300.0 2300.0 2300.0 2300.0 2300.0 2300.0 2300.0 2300.0 2300.0 2300.0 2300.0 2300.0 2300.0 2300.0 2300.0 2300.0 2300.0 2300.0 2299.618
2267.879 2263.557 2259.234 2252.383 2242.608 2232.833 2223.059 2213.284 2210.004 2207.232 2204.459 2201.688 2200.077 2200.274 2200.472 2200.669 2200.866 2206.378 2212.792 2219.205 2225.618 2232.569 2240.668 2248.768 2256.867 2264.967 2267.87 2269.33 2270.789 2272.249 2274.0 2276.642 2279.285 2281.927 2284.57 2287.231 2289.902 2292.572 2295.242 2297.545 2298.108 2298.671 2299.233 2299.796 2300.0 2300.0 2300.0 2300.0 2300.0 2300.0 2300.0 2300.0 2300.0 2300.0 2300.0 2300.0 2300.0 2300.0 2300.0 2300.0 2300.0 2300.0 2299.66
2276.107 2272.249 2268.391 2261.168 2250.054 2238.94 2227.826 2216.712 2212.654 2209.148 2205.641 2202.135 2200.039 2200.139 2200.239 2200.339 2200.439 2204.566 2209.376 2214.186 2218.995 2224.794 2232.704 2240.615 2248.525 2256.436 2260.066 2262.509 2264.951 2267.394 2270.046 2273.342 2276.637 2279.933 2283.229 2286.226 2289.101 2291.976 2294.852 2297.333 2297.945 2298.556 2299.167 2299.779 2300.0 2300.0 2300.0 2300.0 2300.0 2300.0 2300.0 2300.0 2300.0 2300.0 2300.0 2300.0 2300.0 2300.0 2300.0 2300.0 2300.0 2300.0 2299.703
2284.334 2280.941 2277.547 2269.952 2257.499 2245.046 2232.593 2220.14 2215.304 2211.063 2206.822 2202.582 2200.001 2200.004 2200.007 2200.01 2200.012 2202.754 2205.96 2209.166 2212.372 2217.018 2224.74 2232.461 2240.183 2247.904 2252.263 2255.688 2259.113 2262.538 2266.092 2270.041 2273.99 2277.939 2281.888 2285.22 2288.301 2291.381 2294.462 2297.121 2297.781 2298.441 2299.101 2299.761 2300.0 2300.0 2300.0 2300.0 2300.0 2300.0 2300.0 2300.0 2300.0 2300.0 2300.0 2300.0 2300.0 2300.0 2300.0 2300.0 2300.0 2300.0 2299.745
