data/zism_data/00789_04_D.txt
ncols         224
nrows         224
[rows 168 to 195 of 224, columns 63 to 125 of 224]
4231.729 4240.005 4248.282 4256.559 4264.429 4272.282 4280.134 4287.986 4293.673 4296.375 4299.076 4301.776 4304.478 4305.314 4305.906 4306.497 4307.089 4307.285 4306.74 4306.194 4305.648 4305.103 4302.724 4299.92 4297.116 4294.312 4290.239 4282.828 4275.417 4268.006 4260.595 4250.393 4239.206 4228.019 4216.833 4204.695 4188.825 4172.954 4157.084 4141.214 4124.034 4106.199 4088.363 4070.528 4053.181 4039.092 4025.002 4010.912 3996.823 3986.252 3978.084 3969.917 3961.749 3953.674 3947.106 3940.539 3933.971 3927.403 3922.393 3918.811 3915.228 3911.646 3908.063
4228.653 4237.149 4245.646 4254.142 4262.237 4270.315 4278.392 4286.47 4292.323 4295.11 4297.897 4300.684 4303.471 4304.378 4305.04 4305.701 4306.363 4306.657 4306.261 4305.866 4305.47 4305.075 4303.129 4300.823 4298.518 4296.212 4292.583 4285.472 4278.362 4271.25 4264.14 4254.08 4242.979 4231.877 4220.776 4208.795 4193.359 4177.923 4162.487 4147.051 4130.005 4112.154 4094.302 4076.451 4058.974 4044.0 4029.026 4014.052 3999.078 3987.604 3978.52 3969.435 3960.351 3951.349 3943.676 3936.004 3928.333 3920.66 3914.708 3910.333 3905.957 3901.581 3897.205
4225.016 4233.569 4242.121 4250.674 4258.94 4267.194 4275.448 4283.702 4289.811 4292.962 4296.113 4299.264 4302.416 4303.442 4304.191 4304.94 4305.688 4306.068 4305.756 4305.445 4305.133 4304.822 4303.042 4300.921 4298.801 4296.681 4293.244 4286.342 4279.441 4272.54 4265.639 4255.879 4245.111 4234.343 4223.575 4211.956 4196.992 4182.028 4167.065 4152.101 4135.339 4117.677 4100.015 4082.353 4065.01 4049.796 4034.581 4019.367 4004.153 3992.198 3982.469 3972.739 3963.01 3953.357 3944.95 3936.543 3928.136 3919.728 3912.894 3907.502 3902.11 3896.718 3891.326
4221.077 4229.598 4238.118 4246.639 4255.047 4263.451 4271.855 4280.259 4286.671 4290.337 4294.003 4297.668 4301.334 4302.506 4303.352 4304.197 4305.042 4305.501 4305.238 4304.975 4304.711 4304.448 4302.69 4300.586 4298.481 4296.377 4292.996 4286.256 4279.516 4272.775 4266.035 4256.662 4246.36 4236.058 4225.757 4214.609 4200.139 4185.668 4171.198 4156.727 4140.33 4122.968 4105.606 4088.244 4071.176 4056.069 4040.962 4025.855 4010.748 3998.54 3988.312 3978.084 3967.856 3957.703 3948.76 3939.817 3930.874 3921.93 3914.247 3907.718 3901.19 3894.661 3888.133
4217.139 4225.627 4234.115 4242.604 4251.154 4259.708 4268.262 4276.816 4283.532 4287.712 4291.893 4296.073 4300.253 4301.57 4302.512 4303.454 4304.395 4304.935 4304.719 4304.504 4304.289 4304.074 4302.339 4300.25 4298.162 4296.074 4292.749 4286.169 4279.59 4273.01 4266.431 4257.444 4247.609 4237.773 4227.938 4217.262 4203.285 4189.308 4175.331 4161.353 4145.32 4128.259 4111.197 4094.135 4077.343 4062.343 4047.343 4032.343 4017.343 4004.883 3994.156 3983.43 3972.703 3962.049 3952.57 3943.09 3933.611 3924.132 3915.599 3907.934 3900.27 3892.604 3884.94
4213.2 4221.656 4230.112 4238.568 4247.261 4255.965 4264.669 4273.374 4280.393 4285.087 4289.782 4294.478 4299.172 4300.634 4301.672 4302.71 4303.749 4304.368 4304.201 4304.034 4303.867 4303.7 4301.987 4299.915 4297.843 4295.771 4292.501 4286.083 4279.664 4273.245 4266.827 4258.227 4248.858 4239.489 4230.12 4219.916 4206.432 4192.947 4179.463 4165.979 4150.311 4133.549 4116.788 4100.027 4083.509 4068.616 4053.723 4038.831 4023.938 4011.225 4000.0 3988.775 3977.55 3966.395 3956.38 3946.364 3936.349 3926.333 3916.951 3908.15 3899.349 3890.548 3881.747
4209.264 4217.677 4226.089 4234.502 4243.329 4252.174 4261.02 4269.866 4277.182 4282.39 4287.598 4292.806 4298.014 4299.636 4300.788 4301.94 4303.092 4303.801 4303.68 4303.559 4303.437 4303.315 4301.619 4299.556 4297.493 4295.431 4292.211 4285.949 4279.687 4273.424 4267.161 4258.924 4249.99 4241.056 4232.122 4222.366 4209.382 4196.398 4183.415 4170.431 4155.168 4138.765 4122.361 4105.958 4089.771 4075.03 4060.289 4045.549 4030.808 4017.866 4006.153 3994.44 3982.727 3971.082 3960.549 3950.016 3939.483 3928.95 3918.758 3908.877 3898.998 3889.117 3879.238
4205.36 4213.602 4221.843 4230.084 4238.944 4247.833 4256.721 4265.61 4273.158 4278.859 4284.56 4290.261 4295.962 4297.921 4299.39 4300.858 4302.327 4303.246 4303.135 4303.024 4302.914 4302.803 4301.056 4298.929 4296.802 4294.675 4291.438 4285.276 4279.116 4272.955 4266.794 4258.639 4249.78 4240.92 4232.062 4222.484 4210.085 4197.686 4185.286 4172.887 4158.497 4143.112 4127.727 4112.342 4097.128 4083.052 4068.976 4054.9 4040.824 4027.932 4015.849 4003.766 3991.683 3979.672 3968.833 3957.995 3947.157 3936.318 3925.761 3915.463 3905.165 3894.867 3884.569
4201.457 4209.527 4217.596 4225.666 4234.56 4243.491 4252.422 4261.354 4269.135 4275.329 4281.523 4287.717 4293.911 4296.207 4297.992 4299.776 4301.562 4302.69 4302.59 4302.49 4302.39 4302.29 4300.493 4298.302 4296.11 4293.919 4290.663 4284.604 4278.545 4272.486 4266.427 4258.354 4249.57 4240.786 4232.002 4222.603 4210.788 4198.973 4187.158 4175.342 4161.827 4147.46 4133.094 4118.728 4104.485 4091.074 4077.663 4064.252 4050.84 4037.999 4025.545 4013.093 4000.64 3988.263 3977.118 3965.974 3954.83 3943.686 3932.765 3922.049 3911.333 3900.616 3889.9
4197.553 4205.452 4213.35 4221.248 4230.175 4239.149 4248.124 4257.098 4265.111 4271.798 4278.485 4285.172 4291.86 4294.493 4296.594 4298.695 4300.796 4302.135 4302.045 4301.956 4301.867 4301.777 4299.93 4297.674 4295.419 4293.163 4289.889 4283.931 4277.974 4272.017 4266.06 4258.069 4249.36 4240.651 4231.942 4222.721 4211.491 4200.259 4189.029 4177.798 4165.156 4151.808 4138.46 4125.113 4111.843 4099.097 4086.35 4073.603 4060.856 4048.065 4035.242 4022.419 4009.596 3996.853 3985.403 3973.954 3962.504 3951.054 3939.769 3928.635 3917.5 3906.366 3895.232
4193.65 4201.376 4209.103 4216.83 4225.791 4234.808 4243.825 4252.842 4261.087 4268.268 4275.448 4282.628 4289.809 4292.778 4295.196 4297.613 4300.03 4301.58 4301.501 4301.422 4301.343 4301.265 4299.367 4297.047 4294.727 4292.407 4289.114 4283.259 4277.404 4271.548 4265.693 4257.784 4249.15 4240.516 4231.882 4222.84 4212.193 4201.546 4190.9 4180.253 4168.485 4156.156 4143.827 4131.498 4119.2 4107.119 4095.036 4082.955 4070.872 4058.131 4044.938 4031.746 4018.553 4005.444 3993.688 3981.933 3970.178 3958.422 3946.773 3935.22 3923.668 3912.115 3900.563
4190.57 4198.345 4206.119 4213.893 4222.834 4231.828 4240.822 4249.817 4258.182 4265.681 4273.179 4280.677 4288.175 4291.413 4294.092 4296.771 4299.45 4301.156 4301.039 4300.921 4300.804 4300.687 4298.601 4296.058 4293.515 4290.972 4287.519 4281.672 4275.826 4269.979 4264.133 4256.376 4247.946 4239.516 4231.086 4222.313 4212.19 4202.067 4191.945 4181.822 4170.774 4159.264 4147.753 4136.243 4124.734 4113.24 4101.746 4090.252 4078.758 4066.245 4053.035 4039.827 4026.617 4013.481 4001.527 3989.573 3977.619 3965.665 3953.899 3942.307 3930.714 3919.121 3907.529
4188.28 4196.311 4204.342 4212.374 4221.244 4230.153 4239.062 4247.97 4256.349 4263.997 4271.646 4279.293 4286.942 4290.382 4293.27 4296.158 4299.046 4300.859 4300.656 4300.453 4300.25 4300.046 4297.64 4294.721 4291.803 4288.885 4285.138 4279.211 4273.284 4267.357 4261.43 4253.895 4245.792 4237.688 4229.585 4221.167 4211.511 4201.854 4192.199 4182.542 4172.068 4161.185 4150.301 4139.417 4128.521 4117.542 4106.563 4095.583 4084.604 4072.491 4059.603 4046.716 4033.828 4020.989 4008.938 3996.888 3984.838 3972.787 3961.143 3949.872 3938.602 3927.33 3916.06
4185.989 4194.278 4202.566 4210.855 4219.655 4228.478 4237.3 4246.123 4254.515 4262.314 4270.112 4277.91 4285.709 4289.351 4292.448 4295.545 4298.642 4300.562 4300.272 4299.983 4299.695 4299.406 4296.678 4293.385 4290.091 4286.798 4282.757 4276.75 4270.743 4264.735 4258.728 4251.413 4243.637 4235.861 4228.084 4220.021 4210.832 4201.642 4192.452 4183.262 4173.361 4163.105 4152.849 4142.593 4132.309 4121.844 4111.379 4100.915 4090.45 4078.737 4066.171 4053.605 4041.039 4028.497 4016.35 4004.203 3992.056 3979.909 3968.387 3957.438 3946.489 3935.539 3924.59
4183.698 4192.245 4200.791 4209.336 4218.065 4226.802 4235.539 4244.276 4252.682 4260.63 4268.579 4276.527 4284.476 4288.32 4291.626 4294.932 4298.238 4300.264 4299.89 4299.515 4299.14 4298.766 4295.717 4292.049 4288.38 4284.711 4280.376 4274.289 4268.201 4262.113 4256.026 4248.932 4241.482 4234.033 4226.584 4218.876 4210.153 4201.429 4192.706 4183.982 4174.655 4165.026 4155.397 4145.768 4136.097 4126.146 4116.196 4106.246 4096.296 4084.983 4072.738 4060.494 4048.25 4036.005 4023.762 4011.519 3999.275 3987.031 3975.631 3965.003 3954.376 3943.748 3933.12
4181.408 4190.211 4199.014 4207.818 4216.476 4225.127 4233.778 4242.429 4250.848 4258.947 4267.045 4275.144 4283.242 4287.289 4290.804 4294.319 4297.834 4299.967 4299.506 4299.046 4298.585 4298.125 4294.756 4290.712 4286.668 4282.625 4277.996 4271.827 4265.66 4259.491 4253.323 4246.45 4239.328 4232.205 4225.083 4217.73 4209.474 4201.216 4192.959 4184.702 4175.949 4166.947 4157.945 4148.943 4139.884 4130.449 4121.013 4111.578 4102.142 4091.229 4079.306 4067.383 4055.46 4043.514 4031.173 4018.834 4006.494 3994.154 3982.875 3972.569 3962.263 3951.957 3941.651
4178.8 4187.679 4196.558 4205.437 4213.996 4222.542 4231.087 4239.632 4247.974 4256.036 4264.098 4272.16 4280.222 4284.601 4288.497 4292.393 4296.288 4298.565 4297.807 4297.049 4296.291 4295.533 4291.783 4287.338 4282.894 4278.449 4273.501 4267.228 4260.954 4254.68 4248.406 4241.583 4234.565 4227.548 4220.531 4213.371 4205.651 4197.931 4190.211 4182.491 4174.341 4165.977 4157.612 4149.248 4140.841 4132.157 4123.473 4114.79 4106.105 4095.938 4084.755 4073.573 4062.391 4051.152 4038.993 4026.835 4014.676 4002.517 3991.137 3980.471 3969.806 3959.14 3948.474
4176.172 4185.116 4194.059 4203.002 4211.462 4219.9 4228.338 4236.776 4245.036 4253.05 4261.063 4269.077 4277.091 4281.81 4286.097 4290.384 4294.671 4297.095 4296.026 4294.957 4293.888 4292.819 4288.684 4283.838 4278.991 4274.145 4268.876 4262.495 4256.114 4249.733 4243.352 4236.568 4229.642 4222.715 4215.79 4208.812 4201.633 4194.455 4187.276 4180.097 4172.553 4164.827 4157.1 4149.374 4141.622 4133.705 4125.787 4117.87 4109.953 4100.551 4090.135 4079.72 4069.304 4058.799 4046.839 4034.878 4022.918 4010.958 3999.463 3988.395 3977.327 3966.259 3955.191
4173.545 4182.552 4191.56 4200.567 4208.928 4217.259 4225.589 4233.92 4242.098 4250.063 4258.028 4265.994 4273.959 4279.019 4283.697 4288.375 4293.054 4295.625 4294.245 4292.865 4291.485 4290.105 4285.585 4280.337 4275.089 4269.84 4264.25 4257.762 4251.274 4244.786 4238.298 4231.553 4224.718 4217.883 4211.048 4204.253 4197.616 4190.979 4184.341 4177.704 4170.766 4163.677 4156.588 4149.5 4142.403 4135.252 4128.101 4120.951 4113.8 4105.165 4095.516 4085.867 4076.218 4066.446 4054.684 4042.922 4031.16 4019.398 4007.788 3996.318 3984.848 3973.378 3961.909
4170.917 4179.989 4189.061 4198.133 4206.394 4214.617 4222.841 4231.064 4239.159 4247.077 4254.994 4262.911 4270.828 4276.228 4281.298 4286.367 4291.437 4294.155 4292.464 4290.773 4289.083 4287.392 4282.487 4276.837 4271.186 4265.536 4259.625 4253.03 4246.434 4239.839 4233.244 4226.538 4219.794 4213.05 4206.307 4199.694 4193.598 4187.502 4181.407 4175.311 4168.978 4162.527 4156.077 4149.626 4143.184 4136.8 4130.415 4124.031 4117.647 4109.778 4100.896 4092.013 4083.131 4074.093 4062.529 4050.966 4039.402 4027.838 4016.114 4004.241 3992.37 3980.498 3968.626
4167.972 4177.145 4186.316 4195.489 4203.752 4211.975 4220.197 4228.419 4236.502 4244.393 4252.284 4260.174 4268.065 4273.561 4278.743 4283.924 4289.106 4291.76 4289.674 4287.589 4285.503 4283.417 4278.357 4272.606 4266.854 4261.104 4255.105 4248.459 4241.812 4235.165 4228.519 4221.736 4214.906 4208.075 4201.245 4194.644 4188.944 4183.244 4177.543 4171.843 4166.067 4160.252 4154.437 4148.622 4142.819 4137.098 4131.376 4125.655 4119.934 4112.806 4104.718 4096.63 4088.542 4080.272 4069.041 4057.809 4046.577 4035.345 4023.62 4011.442 3999.264 3987.085 3974.907
4164.492 4173.825 4183.158 4192.491 4200.931 4209.33 4217.729 4226.128 4234.318 4242.22 4250.121 4258.022 4265.924 4271.104 4275.926 4280.749 4285.571 4287.805 4285.183 4282.562 4279.939 4277.318 4272.487 4267.143 4261.799 4256.456 4250.765 4244.161 4237.557 4230.953 4224.349 4217.292 4210.076 4202.86 4195.644 4188.765 4183.215 4177.665 4172.115 4166.565 4161.26 4156.078 4150.896 4145.713 4140.524 4135.291 4130.057 4124.824 4119.59 4113.161 4105.914 4098.668 4091.421 4083.976 4073.302 4062.628 4051.954 4041.279 4029.745 4017.422 4005.099 3992.776 3980.454
4161.011 4170.505 4179.999 4189.493 4198.109 4206.685 4215.261 4223.837 4232.134 4240.046 4247.958 4255.871 4263.783 4268.646 4273.11 4277.573 4282.037 4283.849 4280.691 4277.534 4274.376 4271.218 4266.617 4261.681 4256.744 4251.808 4246.424 4239.863 4233.302 4226.741 4220.18 4212.849 4205.247 4197.645 4190.042 4182.887 4177.487 4172.087 4166.687 4161.287 4156.454 4151.904 4147.354 4142.805 4138.229 4133.483 4128.738 4123.992 4119.246 4113.515 4107.11 4100.705 4094.3 4087.68 4077.563 4067.447 4057.33 4047.213 4035.87 4023.403 4010.935 3998.467 3986.0
4157.531 4167.186 4176.84 4186.495 4195.287 4204.04 4212.793 4221.546 4229.95 4237.873 4245.796 4253.719 4261.642 4266.189 4270.293 4274.397 4278.502 4279.894 4276.2 4272.506 4268.813 4265.119 4260.747 4256.218 4251.688 4247.16 4242.083 4235.564 4229.047 4222.528 4216.011 4208.406 4200.417 4192.429 4184.441 4177.008 4171.758 4166.508 4161.259 4156.009 4151.647 4147.73 4143.813 4139.896 4135.934 4131.676 4127.418 4123.161 4118.902 4113.869 4108.306 4102.743 4097.179 4091.385 4081.825 4072.266 4062.707 4053.147 4041.996 4029.383 4016.771 4004.158 3991.546
4154.051 4163.866 4173.682 4183.497 4192.465 4201.396 4210.325 4219.255 4227.766 4235.7 4243.633 4251.567 4259.501 4263.731 4267.477 4271.222 4274.967 4275.938 4271.708 4267.479 4263.249 4259.019 4254.877 4250.755 4246.633 4242.512 4237.742 4231.267 4224.792 4218.316 4211.841 4203.962 4195.588 4187.214 4178.84 4171.13 4166.03 4160.93 4155.831 4150.73 4146.841 4143.557 4140.272 4136.987 4133.639 4129.869 4126.099 4122.329 4118.559 4114.223 4109.501 4104.78 4100.058 4095.089 4086.087 4077.085 4068.083 4059.082 4048.121 4035.364 4022.606 4009.849 3997.092
4149.555 4159.557 4169.559 4179.561 4188.571 4197.535 4206.5 4215.465 4223.926 4231.694 4239.462 4247.23 4254.999 4258.961 4262.424 4265.888 4269.351 4270.081 4265.685 4261.29 4256.894 4252.498 4248.306 4244.161 4240.017 4235.872 4231.052 4224.456 4217.86 4211.265 4204.669 4196.626 4188.072 4179.519 4170.965 4163.139 4158.172 4153.206 4148.239 4143.271 4139.911 4137.354 4134.796 4132.239 4129.604 4126.451 4123.297 4120.144 4116.991 4113.286 4109.203 4105.121 4101.039 4096.719 4088.537 4080.355 4072.174 4063.992 4053.552 4041.042 4028.532 4016.021 4003.511
4144.809 4155.004 4165.199 4175.395 4184.413 4193.377 4202.342 4211.307 4219.68 4227.239 4234.798 4242.357 4249.916 4253.622 4256.823 4260.023 4263.224 4263.757 4259.286 4254.815 4250.344 4245.874 4241.563 4237.29 4233.017 4228.743 4223.786 4217.029 4210.272 4203.516 4196.759 4188.579 4179.897 4171.215 4162.533 4154.63 4149.792 4144.954 4140.115 4135.277 4132.46 4130.653 4128.846 4127.039 4125.142 4122.637 4120.132 4117.627 4115.123 4112.031 4108.539 4105.046 4101.553 4097.84 4090.543 4083.246 4075.949 4068.651 4058.813 4046.646 4034.479 4022.312 4010.145
4140.063 4150.452 4160.84 4171.228 4180.254 4189.219 4198.184 4207.148 4215.434 4222.784 4230.134 4237.484 4244.834 4248.284 4251.222 4254.16 4257.098 4257.433 4252.887 4248.341 4243.795 4239.25 4234.82 4230.418 4226.016 4221.614 4216.52 4209.602 4202.685 4195.767 4188.85 4180.532 4171.722 4162.911 4154.1 4146.121 4141.412 4136.702 4131.992 4127.283 4125.009 4123.952 4122.896 4121.84 4120.679 4118.823 4116.967 4115.111 4113.255 4110.776 4107.874 4104.971 4102.067 4098.961 4092.548 4086.136 4079.723 4073.311 4064.075 4052.25 4040.427 4028.602 4016.778
