data/zism_data/00784_02_D.txt
ncols         224
nrows         224
[rows 112 to 139 of 224, columns 63 to 125 of 224]
3785.506 3782.861 3780.217 3777.572 3775.568 3773.789 3772.011 3770.232 3768.788 3768.786 3768.783 3768.781 3768.778 3769.319 3770.167 3771.016 3771.864 3772.94 3776.403 3779.865 3783.328 3786.791 3790.535 3794.522 3798.51 3802.497 3806.484 3807.169 3807.804 3808.44 3809.076 3808.141 3805.164 3802.187 3799.21 3796.232 3789.783 3782.877 3775.972 3769.067 3763.198 3759.403 3755.607 3751.812 3748.017 3750.527 3754.788 3759.05 3763.312 3767.466 3771.266 3775.065 3778.865 3782.664 3780.564 3775.703 3770.842 3765.98 3760.701 3752.637 3744.573 3736.51 3728.446
3780.242 3777.281 3774.32 3771.359 3768.89 3766.594 3764.298 3762.002 3760.132 3760.095 3760.058 3760.021 3759.984 3760.866 3762.272 3763.677 3765.083 3766.719 3770.781 3774.844 3778.907 3782.969 3787.104 3791.303 3795.501 3799.699 3803.898 3804.855 3805.765 3806.675 3807.585 3806.885 3804.091 3801.297 3798.503 3795.709 3788.903 3781.571 3774.239 3766.907 3760.39 3755.504 3750.617 3745.731 3740.845 3742.678 3746.378 3750.078 3753.778 3757.622 3761.944 3766.266 3770.588 3774.91 3773.537 3769.497 3765.458 3761.418 3756.93 3749.453 3741.976 3734.499 3727.021
3774.776 3771.552 3768.328 3765.104 3762.213 3759.44 3756.667 3753.893 3751.626 3751.541 3751.456 3751.37 3751.285 3752.506 3754.469 3756.433 3758.396 3760.59 3765.205 3769.82 3774.436 3779.051 3783.595 3788.077 3792.56 3797.042 3801.525 3802.746 3803.919 3805.092 3806.265 3805.79 3803.173 3800.556 3797.939 3795.322 3788.248 3780.588 3772.929 3765.27 3758.152 3752.117 3746.083 3740.048 3734.014 3735.014 3737.968 3740.923 3743.877 3747.251 3752.019 3756.786 3761.553 3766.321 3765.75 3762.682 3759.614 3756.545 3752.988 3746.17 3739.353 3732.536 3725.719
3769.309 3765.822 3762.335 3758.849 3755.536 3752.286 3749.035 3745.784 3743.121 3742.987 3742.853 3742.72 3742.586 3744.146 3746.667 3749.188 3751.709 3754.461 3759.628 3764.796 3769.964 3775.132 3780.085 3784.852 3789.619 3794.386 3799.153 3800.637 3802.073 3803.508 3804.944 3804.695 3802.255 3799.815 3797.375 3794.936 3787.592 3779.605 3771.619 3763.632 3755.913 3748.731 3741.548 3734.366 3727.183 3727.35 3729.558 3731.767 3733.975 3736.88 3742.093 3747.305 3752.518 3757.73 3757.964 3755.866 3753.769 3751.672 3749.045 3742.888 3736.73 3730.573 3724.416
3763.843 3760.093 3756.344 3752.594 3748.86 3745.132 3741.404 3737.675 3734.615 3734.433 3734.251 3734.069 3733.887 3735.785 3738.864 3741.944 3745.023 3748.332 3754.052 3759.772 3765.493 3771.213 3776.575 3781.626 3786.678 3791.729 3796.78 3798.528 3800.226 3801.925 3803.624 3803.6 3801.337 3799.074 3796.812 3794.549 3786.937 3778.623 3770.309 3761.995 3753.675 3745.344 3737.014 3728.683 3720.352 3719.686 3721.148 3722.611 3724.074 3726.509 3732.167 3737.825 3743.483 3749.141 3750.178 3749.051 3747.925 3746.799 3745.103 3739.605 3734.108 3728.61 3723.113
3758.084 3754.174 3750.264 3746.354 3742.302 3738.199 3734.096 3729.993 3726.624 3726.417 3726.21 3726.003 3725.796 3727.982 3731.529 3735.075 3738.621 3742.399 3748.606 3754.814 3761.022 3767.229 3772.965 3778.293 3783.62 3788.948 3794.275 3796.26 3798.196 3800.132 3802.068 3802.269 3800.213 3798.158 3796.103 3794.047 3786.226 3777.649 3769.072 3760.495 3751.686 3742.414 3733.141 3723.869 3714.596 3713.138 3713.85 3714.563 3715.275 3717.192 3723.103 3729.014 3734.925 3740.835 3742.571 3742.351 3742.132 3741.913 3741.088 3736.223 3731.359 3726.495 3721.63
3751.273 3747.573 3743.872 3740.172 3736.169 3732.061 3727.952 3723.844 3720.482 3720.334 3720.186 3720.038 3719.89 3722.187 3725.873 3729.559 3733.244 3737.171 3743.631 3750.091 3756.551 3763.01 3768.996 3774.57 3780.144 3785.719 3791.293 3793.424 3795.505 3797.586 3799.667 3800.087 3798.348 3796.609 3794.87 3793.132 3785.319 3776.71 3768.1 3759.491 3750.594 3741.124 3731.653 3722.182 3712.711 3710.609 3710.554 3710.499 3710.444 3711.67 3717.141 3722.612 3728.082 3733.553 3735.609 3736.065 3736.522 3736.979 3736.812 3732.484 3728.156 3723.828 3719.5
3744.463 3740.972 3737.48 3733.989 3730.037 3725.924 3721.81 3717.696 3714.34 3714.251 3714.162 3714.073 3713.985 3716.392 3720.217 3724.042 3727.867 3731.944 3738.656 3745.368 3752.08 3758.792 3765.026 3770.847 3776.668 3782.49 3788.311 3790.589 3792.814 3795.04 3797.266 3797.905 3796.483 3795.061 3793.638 3792.216 3784.412 3775.77 3767.128 3758.487 3749.503 3739.833 3730.164 3720.495 3710.825 3708.08 3707.257 3706.435 3705.613 3706.148 3711.178 3716.209 3721.24 3726.271 3728.647 3729.78 3730.912 3732.045 3732.536 3728.744 3724.953 3721.162 3717.371
3737.652 3734.37 3731.088 3727.806 3723.905 3719.786 3715.667 3711.547 3708.198 3708.169 3708.139 3708.109 3708.079 3710.596 3714.561 3718.526 3722.491 3726.716 3733.68 3740.645 3747.609 3754.573 3761.057 3767.125 3773.193 3779.26 3785.329 3787.752 3790.123 3792.494 3794.864 3795.723 3794.617 3793.512 3792.406 3791.3 3783.504 3774.831 3766.157 3757.483 3748.411 3738.543 3728.675 3718.807 3708.939 3705.55 3703.961 3702.371 3700.782 3700.625 3705.216 3709.807 3714.398 3718.989 3721.685 3723.494 3725.302 3727.111 3728.26 3725.005 3721.75 3718.495 3715.24
3730.842 3727.769 3724.696 3721.623 3717.773 3713.648 3709.523 3705.399 3702.057 3702.086 3702.115 3702.144 3702.174 3704.801 3708.906 3713.01 3717.114 3721.489 3728.705 3735.921 3743.138 3750.354 3757.087 3763.402 3769.717 3776.031 3782.346 3784.917 3787.432 3789.948 3792.463 3793.542 3792.752 3791.963 3791.174 3790.385 3782.597 3773.891 3765.185 3756.479 3747.32 3737.253 3727.187 3717.12 3707.054 3703.021 3700.664 3698.308 3695.951 3695.103 3699.254 3703.405 3707.556 3711.707 3714.723 3717.208 3719.693 3722.177 3723.984 3721.265 3718.547 3715.829 3713.111
3723.93 3721.127 3718.324 3715.521 3712.007 3708.242 3704.477 3700.712 3697.709 3697.986 3698.264 3698.542 3698.82 3701.563 3705.706 3709.85 3713.993 3718.408 3725.669 3732.93 3740.191 3747.452 3754.135 3760.317 3766.5 3772.682 3778.865 3781.442 3783.966 3786.49 3789.015 3790.059 3789.178 3788.298 3787.418 3786.537 3778.9 3770.377 3761.853 3753.33 3744.356 3734.481 3724.605 3714.73 3704.855 3700.353 3697.344 3694.334 3691.325 3689.914 3693.8 3697.687 3701.573 3705.459 3708.754 3711.772 3714.789 3717.807 3720.154 3718.026 3715.898 3713.77 3711.642
3716.968 3714.466 3711.963 3709.461 3706.426 3703.203 3699.979 3696.756 3694.257 3694.878 3695.5 3696.121 3696.742 3699.603 3703.735 3707.868 3712.001 3716.401 3723.603 3730.805 3738.007 3745.209 3751.691 3757.552 3763.413 3769.273 3775.134 3777.648 3780.113 3782.579 3785.044 3785.926 3784.751 3783.575 3782.4 3781.224 3773.809 3765.575 3757.342 3749.108 3740.456 3730.967 3721.478 3711.989 3702.5 3697.616 3694.011 3690.406 3686.801 3684.892 3688.601 3692.31 3696.02 3699.729 3703.281 3706.76 3710.24 3713.719 3716.547 3715.036 3713.525 3712.014 3710.503
3710.006 3707.804 3705.602 3703.4 3700.844 3698.163 3695.481 3692.8 3690.806 3691.77 3692.735 3693.699 3694.664 3697.642 3701.764 3705.886 3710.009 3714.393 3721.536 3728.679 3735.822 3742.965 3749.248 3754.786 3760.325 3765.864 3771.402 3773.854 3776.26 3778.667 3781.073 3781.793 3780.323 3778.852 3777.382 3775.911 3768.718 3760.774 3752.83 3744.886 3736.556 3727.453 3718.351 3709.248 3700.146 3694.879 3690.679 3686.478 3682.277 3679.87 3683.402 3686.934 3690.466 3693.998 3697.809 3701.749 3705.69 3709.631 3712.941 3712.047 3711.153 3710.259 3709.365
3703.044 3701.143 3699.241 3697.34 3695.262 3693.123 3690.984 3688.844 3687.354 3688.662 3689.97 3691.278 3692.586 3695.682 3699.793 3703.905 3708.016 3712.386 3719.47 3726.554 3733.638 3740.722 3746.804 3752.021 3757.238 3762.454 3767.671 3770.06 3772.407 3774.755 3777.102 3777.661 3775.895 3774.129 3772.364 3770.598 3763.626 3755.972 3748.318 3740.664 3732.656 3723.939 3715.223 3706.507 3697.791 3692.142 3687.346 3682.55 3677.754 3674.848 3678.203 3681.558 3684.913 3688.268 3692.336 3696.738 3701.14 3705.542 3709.334 3709.057 3708.781 3708.504 3708.227
3696.281 3694.648 3693.014 3691.381 3689.763 3688.151 3686.538 3684.926 3683.931 3685.593 3687.254 3688.916 3690.578 3693.801 3697.91 3702.02 3706.129 3710.488 3717.467 3724.447 3731.427 3738.406 3744.278 3749.193 3754.108 3759.022 3763.937 3766.251 3768.527 3770.803 3773.078 3773.466 3771.4 3769.333 3767.267 3765.201 3758.451 3751.086 3743.721 3736.357 3728.655 3720.28 3711.903 3703.528 3695.152 3689.109 3683.715 3678.321 3672.927 3669.536 3672.786 3676.036 3679.285 3682.535 3686.895 3691.774 3696.654 3701.533 3705.818 3706.136 3706.454 3706.771 3707.089
3691.035 3689.423 3687.811 3686.199 3684.892 3683.693 3682.494 3681.295 3680.716 3682.813 3684.909 3687.006 3689.102 3692.523 3696.697 3700.871 3705.045 3709.423 3715.952 3722.481 3729.01 3735.539 3741.121 3745.886 3750.65 3755.415 3760.179 3762.327 3764.437 3766.546 3768.656 3768.8 3766.39 3763.98 3761.571 3759.161 3752.627 3745.552 3738.478 3731.403 3723.891 3715.504 3707.117 3698.731 3690.344 3683.816 3677.805 3671.794 3665.782 3662.021 3665.71 3669.4 3673.089 3676.779 3681.688 3687.169 3692.649 3698.13 3702.992 3703.734 3704.476 3705.217 3705.959
3685.789 3684.198 3682.608 3681.018 3680.022 3679.236 3678.449 3677.663 3677.502 3680.033 3682.564 3685.095 3687.626 3691.246 3695.484 3699.722 3703.96 3708.359 3714.437 3720.515 3726.593 3732.671 3737.965 3742.579 3747.193 3751.807 3756.421 3758.403 3760.346 3762.29 3764.233 3764.134 3761.381 3758.628 3755.875 3753.121 3746.804 3740.019 3733.234 3726.449 3719.126 3710.729 3702.331 3693.934 3685.537 3678.524 3671.896 3665.267 3658.639 3654.505 3658.635 3662.764 3666.893 3671.023 3676.482 3682.563 3688.645 3694.726 3700.167 3701.332 3702.498 3703.663 3704.829
3680.543 3678.974 3677.405 3675.836 3675.151 3674.778 3674.405 3674.032 3674.288 3677.254 3680.219 3683.185 3686.151 3689.969 3694.271 3698.574 3702.876 3707.294 3712.921 3718.549 3724.177 3729.804 3734.808 3739.271 3743.736 3748.199 3752.664 3754.479 3756.256 3758.033 3759.81 3759.468 3756.371 3753.275 3750.178 3747.082 3740.98 3734.485 3727.99 3721.495 3714.362 3705.953 3697.545 3689.137 3680.729 3673.231 3665.986 3658.74 3651.495 3646.989 3651.559 3656.128 3660.698 3665.267 3671.276 3677.958 3684.64 3691.323 3697.341 3698.93 3700.52 3702.109 3703.698
3675.297 3673.749 3672.202 3670.654 3670.28 3670.32 3670.36 3670.401 3671.074 3674.474 3677.874 3681.274 3684.675 3688.691 3693.058 3697.425 3701.792 3706.229 3711.406 3716.583 3721.76 3726.937 3731.651 3735.964 3740.278 3744.592 3748.906 3750.555 3752.166 3753.776 3755.387 3754.802 3751.362 3747.922 3744.482 3741.042 3735.157 3728.952 3722.746 3716.541 3709.597 3701.178 3692.759 3684.341 3675.922 3667.938 3660.076 3652.214 3644.351 3639.474 3644.483 3649.492 3654.502 3659.511 3666.069 3673.353 3680.636 3687.919 3694.515 3696.528 3698.542 3700.555 3702.568
3670.552 3668.923 3667.294 3665.665 3665.629 3666.155 3666.681 3667.207 3668.351 3672.155 3675.959 3679.764 3683.569 3687.781 3692.224 3696.667 3701.111 3705.591 3710.463 3715.335 3720.207 3725.078 3729.53 3733.617 3737.705 3741.793 3745.88 3747.261 3748.602 3749.943 3751.284 3750.495 3746.936 3743.377 3739.819 3736.26 3730.604 3724.673 3718.742 3712.811 3706.041 3697.593 3689.145 3680.698 3672.25 3663.803 3655.357 3646.911 3638.465 3633.077 3637.816 3642.556 3647.296 3652.036 3658.93 3666.832 3674.734 3682.637 3689.882 3692.747 3695.611 3698.476 3701.341
3666.194 3664.404 3662.614 3660.824 3661.146 3662.214 3663.282 3664.35 3666.005 3670.191 3674.376 3678.562 3682.747 3687.152 3691.681 3696.21 3700.739 3705.281 3709.96 3714.639 3719.317 3723.996 3728.205 3732.009 3735.812 3739.615 3743.419 3744.452 3745.444 3746.436 3747.429 3746.466 3742.96 3739.455 3735.95 3732.445 3727.027 3721.359 3715.691 3710.023 3703.414 3694.923 3686.432 3677.942 3669.451 3660.559 3651.555 3642.551 3633.547 3627.541 3631.465 3635.389 3639.313 3643.238 3650.303 3658.838 3667.374 3675.909 3683.859 3687.904 3691.949 3695.994 3700.039
3661.836 3659.885 3657.934 3655.983 3656.664 3658.273 3659.883 3661.493 3663.66 3668.226 3672.792 3677.359 3681.925 3686.523 3691.138 3695.753 3700.368 3704.972 3709.457 3713.943 3718.428 3722.913 3726.881 3730.4 3733.919 3737.438 3740.957 3741.642 3742.285 3742.929 3743.573 3742.436 3738.984 3735.533 3732.081 3728.63 3723.451 3718.046 3712.64 3707.235 3700.787 3692.254 3683.72 3675.186 3666.653 3657.314 3647.752 3638.19 3628.628 3622.004 3625.113 3628.222 3631.331 3634.439 3641.676 3650.844 3660.013 3669.181 3677.836 3683.061 3688.286 3693.512 3698.737
3657.478 3655.366 3653.254 3651.142 3652.181 3654.333 3656.484 3658.636 3661.314 3666.262 3671.209 3676.156 3681.104 3685.894 3690.595 3695.296 3699.997 3704.662 3708.954 3713.247 3717.539 3721.831 3725.556 3728.791 3732.026 3735.26 3738.495 3738.832 3739.127 3739.422 3739.717 3738.406 3735.008 3731.61 3728.213 3724.814 3719.875 3714.732 3709.59 3704.448 3698.16 3689.584 3681.007 3672.431 3663.854 3654.07 3643.95 3633.83 3623.71 3616.468 3618.761 3621.055 3623.348 3625.641 3633.049 3642.851 3652.652 3662.454 3671.813 3678.218 3684.624 3691.03 3697.435
3653.119 3650.849 3648.578 3646.307 3647.704 3650.395 3653.085 3655.776 3658.964 3664.291 3669.618 3674.945 3680.272 3685.256 3690.045 3694.833 3699.622 3704.351 3708.451 3712.551 3716.651 3720.751 3724.236 3727.187 3730.138 3733.09 3736.041 3736.034 3735.984 3735.934 3735.884 3734.402 3731.058 3727.715 3724.371 3721.027 3716.319 3711.433 3706.546 3701.66 3695.527 3686.903 3678.278 3669.653 3661.029 3650.807 3640.142 3629.477 3618.813 3610.964 3612.446 3613.929 3615.411 3616.893 3624.461 3634.878 3645.295 3655.712 3665.759 3673.345 3680.931 3688.517 3696.103
3648.749 3646.478 3644.207 3641.937 3643.591 3646.63 3649.67 3652.709 3656.238 3661.871 3667.503 3673.136 3678.77 3684.008 3689.022 3694.036 3699.05 3703.974 3707.945 3711.916 3715.888 3719.859 3723.171 3725.913 3728.655 3731.397 3734.139 3734.04 3733.899 3733.757 3733.616 3732.122 3728.869 3725.617 3722.365 3719.112 3714.216 3709.104 3703.992 3698.88 3692.463 3683.436 3674.409 3665.382 3656.355 3646.31 3635.984 3625.656 3615.33 3607.625 3608.608 3609.592 3610.575 3611.558 3618.551 3628.356 3638.161 3647.966 3657.635 3666.396 3675.157 3683.918 3692.679
3644.378 3642.107 3639.837 3637.566 3639.478 3642.866 3646.255 3649.643 3653.512 3659.45 3665.389 3671.328 3677.267 3682.76 3687.999 3693.239 3698.478 3703.596 3707.439 3711.281 3715.124 3718.966 3722.107 3724.639 3727.172 3729.705 3732.238 3732.045 3731.813 3731.581 3731.348 3729.842 3726.681 3723.52 3720.358 3717.197 3712.112 3706.775 3701.438 3696.1 3689.399 3679.969 3670.54 3661.111 3651.681 3641.814 3631.825 3621.836 3611.847 3604.287 3604.771 3605.255 3605.74 3606.224 3612.64 3621.834 3631.027 3640.22 3649.511 3659.447 3669.383 3679.319 3689.255
3640.007 3637.737 3635.466 3633.195 3635.365 3639.102 3642.839 3646.576 3650.786 3657.03 3663.275 3669.52 3675.764 3681.512 3686.977 3692.441 3697.906 3703.219 3706.933 3710.646 3714.36 3718.074 3721.042 3723.366 3725.689 3728.013 3730.336 3730.051 3729.727 3729.404 3729.08 3727.562 3724.492 3721.422 3718.352 3715.282 3710.008 3704.446 3698.883 3693.321 3686.335 3676.503 3666.671 3656.839 3647.007 3637.317 3627.666 3618.015 3608.364 3600.948 3600.933 3600.918 3600.904 3600.889 3606.729 3615.312 3623.893 3632.475 3641.387 3652.498 3663.609 3674.72 3685.831
3635.636 3633.366 3631.095 3628.824 3631.252 3635.338 3639.424 3643.51 3648.06 3654.61 3661.161 3667.711 3674.261 3680.264 3685.954 3691.644 3697.334 3702.842 3706.426 3710.011 3713.596 3717.181 3719.978 3722.092 3724.206 3726.321 3728.435 3728.057 3727.642 3727.227 3726.812 3725.282 3722.303 3719.324 3716.345 3713.367 3707.905 3702.117 3696.329 3690.541 3683.271 3673.036 3662.802 3652.568 3642.333 3632.82 3623.508 3614.194 3604.882 3597.609 3597.095 3596.582 3596.068 3595.554 3600.819 3608.789 3616.76 3624.729 3633.263 3645.549 3657.835 3670.121 3682.407
