data/zism_data/00786_04_D.txt
ncols         224
nrows         224
[rows 56 to 83 of 224, columns 0 to 62 of 224]
2397.938 2397.859 2397.78 2397.822 2398.004 2398.186 2398.368 2398.55 2398.657 2398.759 2398.86 2398.962 2399.04 2399.082 2399.124 2399.166 2399.208 2399.362 2399.535 2399.709 2399.882 2400.0 2400.0 2400.0 2400.0 2400.0 2400.0 2400.0 2400.0 2400.0 2399.849 2399.235 2398.621 2398.007 2397.393 2393.395 2388.014 2382.635 2377.254 2370.71 2358.637 2346.565 2334.492 2322.42 2315.027 2310.293 2305.559 2300.825 2296.384 2294.535 2292.686 2290.836 2288.987 2287.297 2285.73 2284.162 2282.595 2281.008 2278.765 2276.522 2274.279 2272.036 2269.396
2397.85 2397.776 2397.702 2397.742 2397.913 2398.084 2398.256 2398.427 2398.554 2398.677 2398.801 2398.925 2399.0 2399.0 2399.0 2399.0 2399.0 2399.188 2399.409 2399.629 2399.85 2400.0 2400.0 2400.0 2400.0 2400.0 2400.0 2400.0 2400.0 2400.0 2399.892 2399.454 2399.016 2398.578 2398.14 2394.264 2388.984 2383.704 2378.424 2371.855 2359.157 2346.46 2333.763 2321.066 2313.644 2309.22 2304.795 2300.371 2296.226 2294.559 2292.893 2291.226 2289.559 2287.99 2286.496 2285.002 2283.508 2281.992 2279.735 2277.477 2275.219 2272.961 2270.255
2397.744 2397.654 2397.564 2397.592 2397.758 2397.924 2398.09 2398.256 2398.417 2398.579 2398.74 2398.902 2399.0 2399.0 2399.0 2399.0 2399.0 2399.188 2399.409 2399.629 2399.85 2400.0 2400.0 2400.0 2400.0 2400.0 2400.0 2400.0 2400.0 2400.0 2399.916 2399.575 2399.234 2398.894 2398.553 2394.981 2390.09 2385.199 2380.308 2374.149 2361.97 2349.792 2337.613 2325.434 2317.859 2312.9 2307.941 2302.982 2298.354 2296.649 2294.944 2293.24 2291.535 2289.953 2288.464 2286.976 2285.487 2283.972 2281.563 2279.154 2276.745 2274.336 2271.426
2397.638 2397.532 2397.426 2397.443 2397.603 2397.764 2397.924 2398.085 2398.281 2398.48 2398.679 2398.879 2399.0 2399.0 2399.0 2399.0 2399.0 2399.188 2399.409 2399.629 2399.85 2400.0 2400.0 2400.0 2400.0 2400.0 2400.0 2400.0 2400.0 2400.0 2399.94 2399.696 2399.453 2399.209 2398.965 2395.698 2391.195 2386.693 2382.191 2376.444 2364.783 2353.123 2341.462 2329.802 2322.074 2316.581 2311.087 2305.594 2300.481 2298.738 2296.996 2295.253 2293.511 2291.915 2290.432 2288.949 2287.466 2285.951 2283.391 2280.831 2278.271 2275.711 2272.596
2397.532 2397.41 2397.287 2397.293 2397.448 2397.604 2397.759 2397.914 2398.145 2398.382 2398.619 2398.856 2399.0 2399.0 2399.0 2399.0 2399.0 2399.188 2399.409 2399.629 2399.85 2400.0 2400.0 2400.0 2400.0 2400.0 2400.0 2400.0 2400.0 2400.0 2399.964 2399.817 2399.671 2399.524 2399.378 2396.415 2392.301 2388.188 2384.074 2378.739 2367.596 2356.454 2345.312 2334.17 2326.289 2320.261 2314.233 2308.205 2302.608 2300.828 2299.048 2297.267 2295.487 2293.878 2292.4 2290.922 2289.445 2287.931 2285.22 2282.509 2279.797 2277.086 2273.766
2397.426 2397.288 2397.149 2397.144 2397.294 2397.443 2397.593 2397.743 2398.008 2398.283 2398.558 2398.833 2399.0 2399.0 2399.0 2399.0 2399.0 2399.188 2399.409 2399.629 2399.85 2400.0 2400.0 2400.0 2400.0 2400.0 2400.0 2400.0 2400.0 2400.0 2399.988 2399.938 2399.889 2399.84 2399.791 2397.131 2393.407 2389.682 2385.958 2381.033 2370.409 2359.786 2349.162 2338.538 2330.504 2323.942 2317.379 2310.816 2304.735 2302.917 2301.099 2299.281 2297.463 2295.84 2294.368 2292.896 2291.423 2289.911 2287.048 2284.186 2281.323 2278.46 2274.937
2397.332 2397.201 2397.07 2397.075 2397.239 2397.401 2397.564 2397.727 2397.997 2398.275 2398.553 2398.831 2399.006 2399.022 2399.038 2399.054 2399.07 2399.247 2399.452 2399.656 2399.861 2400.0 2400.0 2400.0 2400.0 2400.0 2400.0 2400.0 2400.0 2400.0 2400.0 2400.0 2400.0 2400.0 2400.0 2397.565 2394.136 2390.707 2387.278 2382.699 2372.655 2362.61 2352.566 2342.522 2334.569 2327.805 2321.04 2314.275 2307.998 2306.033 2304.068 2302.103 2300.138 2298.409 2296.863 2295.316 2293.769 2292.18 2289.158 2286.136 2283.115 2280.093 2276.374
2397.25 2397.151 2397.053 2397.091 2397.286 2397.481 2397.677 2397.872 2398.114 2398.359 2398.605 2398.851 2399.019 2399.067 2399.116 2399.164 2399.212 2399.366 2399.539 2399.711 2399.883 2400.0 2400.0 2400.0 2400.0 2400.0 2400.0 2400.0 2400.0 2400.0 2400.0 2400.0 2400.0 2400.0 2400.0 2397.707 2394.478 2391.249 2388.02 2383.717 2374.315 2364.914 2355.512 2346.11 2338.48 2331.855 2325.231 2318.607 2312.429 2310.205 2307.981 2305.757 2303.533 2301.603 2299.9 2298.197 2296.493 2294.747 2291.558 2288.369 2285.179 2281.99 2278.085
2397.168 2397.102 2397.035 2397.106 2397.333 2397.561 2397.789 2398.016 2398.231 2398.444 2398.657 2398.87 2399.031 2399.112 2399.193 2399.274 2399.354 2399.486 2399.625 2399.765 2399.905 2400.0 2400.0 2400.0 2400.0 2400.0 2400.0 2400.0 2400.0 2400.0 2400.0 2400.0 2400.0 2400.0 2400.0 2397.849 2394.819 2391.79 2388.761 2384.735 2375.976 2367.217 2358.458 2349.698 2342.39 2335.906 2329.423 2322.939 2316.861 2314.377 2311.894 2309.411 2306.928 2304.797 2302.937 2301.077 2299.217 2297.314 2293.957 2290.601 2287.244 2283.888 2279.797
2397.086 2397.052 2397.018 2397.121 2397.381 2397.641 2397.901 2398.161 2398.348 2398.528 2398.709 2398.89 2399.044 2399.157 2399.271 2399.384 2399.497 2399.605 2399.712 2399.82 2399.927 2400.0 2400.0 2400.0 2400.0 2400.0 2400.0 2400.0 2400.0 2400.0 2400.0 2400.0 2400.0 2400.0 2400.0 2397.991 2395.161 2392.332 2389.502 2385.753 2377.636 2369.52 2361.403 2353.287 2346.301 2339.957 2333.614 2327.271 2321.292 2318.55 2315.807 2313.065 2310.323 2307.99 2305.974 2303.957 2301.941 2299.881 2296.357 2292.833 2289.309 2285.785 2281.508
2397.004 2397.002 2397.001 2397.136 2397.428 2397.721 2398.013 2398.306 2398.465 2398.613 2398.761 2398.91 2399.057 2399.202 2399.348 2399.493 2399.639 2399.724 2399.799 2399.874 2399.949 2400.0 2400.0 2400.0 2400.0 2400.0 2400.0 2400.0 2400.0 2400.0 2400.0 2400.0 2400.0 2400.0 2400.0 2398.133 2395.503 2392.873 2390.243 2386.771 2379.297 2371.823 2364.349 2356.875 2350.211 2344.008 2337.805 2331.602 2325.724 2322.722 2319.72 2316.719 2313.717 2311.184 2309.011 2306.838 2304.665 2302.448 2298.756 2295.065 2291.374 2287.683 2283.22
2396.733 2396.811 2396.888 2397.08 2397.405 2397.73 2398.055 2398.38 2398.54 2398.687 2398.834 2398.981 2399.128 2399.275 2399.422 2399.569 2399.716 2399.786 2399.844 2399.903 2399.96 2400.0 2400.0 2400.0 2400.0 2400.0 2400.0 2400.0 2400.0 2400.0 2399.976 2399.878 2399.78 2399.681 2399.583 2397.771 2395.258 2392.745 2390.233 2386.968 2380.132 2373.295 2366.458 2359.622 2353.341 2347.377 2341.412 2335.448 2329.76 2326.525 2323.29 2320.055 2316.82 2314.044 2311.621 2309.199 2306.776 2304.313 2300.512 2296.71 2292.908 2289.106 2284.585
2396.454 2396.613 2396.771 2397.022 2397.379 2397.737 2398.094 2398.451 2398.613 2398.76 2398.907 2399.054 2399.201 2399.348 2399.495 2399.642 2399.789 2399.846 2399.888 2399.93 2399.971 2400.0 2400.0 2400.0 2400.0 2400.0 2400.0 2400.0 2400.0 2400.0 2399.95 2399.75 2399.549 2399.348 2399.148 2397.386 2394.987 2392.587 2390.188 2387.128 2380.928 2374.729 2368.53 2362.33 2356.436 2350.714 2344.993 2339.271 2333.778 2330.311 2326.844 2323.376 2319.909 2316.889 2314.213 2311.536 2308.86 2306.147 2302.238 2298.328 2294.418 2290.508 2285.935
2396.175 2396.415 2396.654 2396.963 2397.353 2397.743 2398.133 2398.522 2398.687 2398.834 2398.981 2399.128 2399.275 2399.422 2399.569 2399.716 2399.863 2399.906 2399.931 2399.957 2399.983 2400.0 2400.0 2400.0 2400.0 2400.0 2400.0 2400.0 2400.0 2400.0 2399.925 2399.622 2399.319 2399.015 2398.712 2397.001 2394.715 2392.429 2390.144 2387.288 2381.726 2376.163 2370.601 2365.039 2359.53 2354.052 2348.573 2343.094 2337.796 2334.097 2330.397 2326.698 2322.999 2319.734 2316.804 2313.874 2310.943 2307.981 2303.964 2299.946 2295.928 2291.91 2287.285
2395.896 2396.217 2396.537 2396.905 2397.327 2397.749 2398.171 2398.593 2398.76 2398.907 2399.054 2399.201 2399.348 2399.495 2399.642 2399.789 2399.936 2399.965 2399.975 2399.984 2399.994 2400.0 2400.0 2400.0 2400.0 2400.0 2400.0 2400.0 2400.0 2400.0 2399.9 2399.494 2399.088 2398.682 2398.276 2396.616 2394.444 2392.271 2390.099 2387.448 2382.523 2377.598 2372.672 2367.747 2362.625 2357.389 2352.153 2346.918 2341.814 2337.883 2333.951 2330.02 2326.088 2322.579 2319.395 2316.211 2313.027 2309.815 2305.69 2301.564 2297.438 2293.312 2288.635
2395.587 2395.988 2396.389 2396.819 2397.28 2397.741 2398.203 2398.664 2398.84 2398.994 2399.148 2399.302 2399.448 2399.581 2399.714 2399.847 2399.981 2400.0 2400.0 2400.0 2400.0 2400.0 2400.0 2400.0 2400.0 2400.0 2400.0 2400.0 2400.0 2400.0 2399.884 2399.414 2398.944 2398.474 2398.005 2396.385 2394.297 2392.208 2390.12 2387.619 2383.158 2378.698 2374.238 2369.777 2364.966 2359.955 2354.945 2349.934 2345.019 2340.948 2336.877 2332.806 2328.735 2325.057 2321.68 2318.304 2314.927 2311.528 2307.36 2303.192 2299.024 2294.856 2290.187
2395.234 2395.717 2396.199 2396.694 2397.204 2397.714 2398.224 2398.734 2398.929 2399.099 2399.269 2399.439 2399.582 2399.683 2399.783 2399.885 2399.985 2400.0 2400.0 2400.0 2400.0 2400.0 2400.0 2400.0 2400.0 2400.0 2400.0 2400.0 2400.0 2400.0 2399.882 2399.401 2398.92 2398.439 2397.959 2396.367 2394.322 2392.276 2390.231 2387.805 2383.572 2379.338 2375.104 2370.871 2366.269 2361.458 2356.647 2351.836 2347.099 2343.018 2338.936 2334.854 2330.773 2327.029 2323.544 2320.06 2316.575 2313.072 2308.953 2304.833 2300.714 2296.595 2292.017
2394.882 2395.445 2396.009 2396.57 2397.128 2397.687 2398.245 2398.804 2399.017 2399.203 2399.39 2399.576 2399.716 2399.784 2399.853 2399.922 2399.99 2400.0 2400.0 2400.0 2400.0 2400.0 2400.0 2400.0 2400.0 2400.0 2400.0 2400.0 2400.0 2400.0 2399.879 2399.387 2398.896 2398.404 2397.913 2396.349 2394.346 2392.344 2390.342 2387.992 2383.985 2379.978 2375.971 2371.964 2367.572 2362.961 2358.35 2353.739 2349.18 2345.088 2340.995 2336.903 2332.811 2329.001 2325.408 2321.816 2318.223 2314.617 2310.546 2306.475 2302.405 2298.334 2293.847
2394.53 2395.174 2395.818 2396.446 2397.053 2397.66 2398.267 2398.874 2399.106 2399.308 2399.51 2399.713 2399.85 2399.886 2399.922 2399.958 2399.995 2400.0 2400.0 2400.0 2400.0 2400.0 2400.0 2400.0 2400.0 2400.0 2400.0 2400.0 2400.0 2400.0 2399.876 2399.374 2398.872 2398.369 2397.867 2396.33 2394.371 2392.413 2390.454 2388.178 2384.398 2380.618 2376.838 2373.058 2368.875 2364.464 2360.052 2355.641 2351.261 2347.158 2343.055 2338.951 2334.848 2330.973 2327.272 2323.572 2319.871 2316.161 2312.139 2308.117 2304.095 2300.073 2295.677
2394.177 2394.903 2395.628 2396.321 2396.977 2397.633 2398.288 2398.944 2399.194 2399.413 2399.631 2399.85 2399.984 2399.988 2399.992 2399.996 2400.0 2400.0 2400.0 2400.0 2400.0 2400.0 2400.0 2400.0 2400.0 2400.0 2400.0 2400.0 2400.0 2400.0 2399.874 2399.361 2398.847 2398.334 2397.821 2396.312 2394.396 2392.481 2390.565 2388.365 2384.811 2381.258 2377.704 2374.151 2370.178 2365.967 2361.755 2357.543 2353.342 2349.228 2345.114 2341.0 2336.886 2332.945 2329.136 2325.328 2321.519 2317.706 2313.732 2309.759 2305.785 2301.812 2297.507
2393.565 2394.371 2395.178 2395.932 2396.627 2397.322 2398.017 2398.711 2398.958 2399.168 2399.379 2399.59 2399.726 2399.745 2399.764 2399.783 2399.802 2399.83 2399.858 2399.887 2399.916 2399.939 2399.954 2399.968 2399.983 2399.997 2400.0 2400.0 2400.0 2400.0 2399.896 2399.472 2399.048 2398.625 2398.201 2396.779 2394.949 2393.12 2391.29 2389.151 2385.538 2381.925 2378.312 2374.699 2370.78 2366.687 2362.594 2358.501 2354.415 2350.39 2346.366 2342.342 2338.317 2334.407 2330.587 2326.765 2322.945 2319.116 2315.048 2310.98 2306.912 2302.844 2298.475
2392.919 2393.806 2394.694 2395.509 2396.242 2396.974 2397.707 2398.439 2398.678 2398.878 2399.078 2399.278 2399.416 2399.457 2399.497 2399.538 2399.579 2399.637 2399.698 2399.759 2399.82 2399.871 2399.902 2399.932 2399.963 2399.993 2400.0 2400.0 2400.0 2400.0 2399.921 2399.6 2399.279 2398.958 2398.637 2397.31 2395.572 2393.834 2392.096 2390.016 2386.305 2382.595 2378.885 2375.175 2371.29 2367.305 2363.32 2359.335 2355.356 2351.434 2347.512 2343.59 2339.668 2335.804 2331.983 2328.162 2324.341 2320.509 2316.328 2312.146 2307.965 2303.783 2299.33
2392.272 2393.241 2394.209 2395.086 2395.856 2396.626 2397.397 2398.167 2398.398 2398.588 2398.777 2398.967 2399.106 2399.168 2399.231 2399.293 2399.355 2399.444 2399.538 2399.631 2399.724 2399.803 2399.85 2399.896 2399.943 2399.99 2400.0 2400.0 2400.0 2400.0 2399.946 2399.728 2399.509 2399.291 2399.072 2397.84 2396.194 2394.548 2392.902 2390.881 2387.073 2383.266 2379.458 2375.651 2371.799 2367.922 2364.045 2360.168 2356.297 2352.478 2348.659 2344.839 2341.02 2337.2 2333.379 2329.558 2325.737 2321.902 2317.607 2313.312 2309.017 2304.722 2300.186
2391.626 2392.676 2393.725 2394.662 2395.47 2396.279 2397.087 2397.895 2398.119 2398.298 2398.476 2398.655 2398.796 2398.88 2398.964 2399.048 2399.132 2399.251 2399.377 2399.503 2399.629 2399.735 2399.797 2399.86 2399.923 2399.986 2400.0 2400.0 2400.0 2400.0 2399.971 2399.855 2399.74 2399.624 2399.508 2398.371 2396.816 2395.262 2393.708 2391.745 2387.841 2383.936 2380.032 2376.127 2372.309 2368.54 2364.771 2361.002 2357.239 2353.522 2349.805 2346.088 2342.372 2338.596 2334.775 2330.954 2327.133 2323.295 2318.887 2314.478 2310.07 2305.662 2301.041
2390.949 2392.051 2393.153 2394.137 2394.983 2395.829 2396.675 2397.521 2397.767 2397.967 2398.166 2398.366 2398.532 2398.645 2398.758 2398.871 2398.984 2399.127 2399.276 2399.425 2399.574 2399.698 2399.77 2399.841 2399.913 2399.984 2399.996 2399.99 2399.984 2399.979 2399.956 2399.883 2399.81 2399.736 2399.663 2398.546 2397.003 2395.459 2393.917 2391.955 2388.003 2384.052 2380.101 2376.15 2372.359 2368.659 2364.958 2361.258 2357.564 2353.931 2350.298 2346.666 2343.032 2339.32 2335.546 2331.772 2327.998 2324.205 2319.777 2315.349 2310.921 2306.494 2301.868
2390.214 2391.316 2392.418 2393.419 2394.303 2395.187 2396.071 2396.954 2397.279 2397.559 2397.84 2398.121 2398.353 2398.509 2398.665 2398.821 2398.977 2399.132 2399.286 2399.44 2399.594 2399.721 2399.787 2399.853 2399.919 2399.986 2399.983 2399.961 2399.939 2399.917 2399.865 2399.722 2399.578 2399.435 2399.291 2398.054 2396.371 2394.687 2393.004 2390.934 2387.032 2383.129 2379.227 2375.324 2371.547 2367.842 2364.136 2360.43 2356.736 2353.152 2349.568 2345.983 2342.399 2338.784 2335.145 2331.506 2327.867 2324.209 2319.938 2315.667 2311.396 2307.125 2302.642
2389.479 2390.582 2391.684 2392.702 2393.624 2394.545 2395.467 2396.388 2396.791 2397.152 2397.514 2397.875 2398.174 2398.373 2398.572 2398.772 2398.971 2399.136 2399.296 2399.456 2399.615 2399.743 2399.804 2399.865 2399.926 2399.987 2399.97 2399.932 2399.894 2399.856 2399.775 2399.561 2399.347 2399.133 2398.92 2397.563 2395.739 2393.915 2392.091 2389.914 2386.06 2382.206 2378.352 2374.498 2370.736 2367.024 2363.313 2359.602 2355.908 2352.373 2348.837 2345.301 2341.766 2338.248 2334.744 2331.24 2327.736 2324.214 2320.099 2315.985 2311.87 2307.756 2303.416
2388.744 2389.847 2390.949 2391.985 2392.944 2393.904 2394.863 2395.822 2396.302 2396.745 2397.188 2397.63 2397.995 2398.237 2398.48 2398.722 2398.965 2399.141 2399.306 2399.471 2399.636 2399.766 2399.822 2399.877 2399.933 2399.988 2399.958 2399.903 2399.849 2399.795 2399.684 2399.4 2399.116 2398.832 2398.548 2397.071 2395.106 2393.142 2391.178 2388.893 2385.088 2381.283 2377.478 2373.672 2369.924 2366.207 2362.49 2358.774 2355.081 2351.594 2348.106 2344.619 2341.132 2337.712 2334.343 2330.974 2327.605 2324.219 2320.26 2316.302 2312.344 2308.386 2304.19
