data/zism_data/00784_04_D.txt
ncols         224
nrows         224
[rows 28 to 55 of 224, columns 126 to 188 of 224]
3399.0 3399.0 3399.0 3399.0 3399.0 3399.0 3399.0 3399.0 3399.0 3399.0 3399.0 3399.0 3399.0 3399.0 3398.946 3398.888 3398.831 3398.773 3398.698 3398.596 3398.494 3398.392 3398.29 3398.187 3398.083 3397.98 3397.877 3397.729 3397.465 3397.199 3396.935 3396.67 3396.352 3396.015 3395.677 3395.34 3394.975 3394.476 3393.976 3393.477 3392.978 3392.415 3391.813 3391.212 3390.611 3389.984 3389.03 3388.076 3387.122 3386.167 3385.143 3384.053 3382.963 3381.873 3380.783 3378.854 3376.901 3374.948 3372.994 3370.462 3367.132 3363.802 3360.471
3399.0 3399.0 3399.0 3399.0 3399.0 3399.0 3399.0 3399.0 3399.0 3399.0 3399.0 3399.0 3399.0 3399.0 3398.927 3398.847 3398.768 3398.688 3398.597 3398.484 3398.371 3398.258 3398.145 3398.053 3397.966 3397.879 3397.792 3397.667 3397.439 3397.212 3396.984 3396.757 3396.458 3396.131 3395.804 3395.478 3395.127 3394.66 3394.193 3393.726 3393.259 3392.721 3392.141 3391.562 3390.981 3390.378 3389.478 3388.577 3387.677 3386.777 3385.864 3384.94 3384.017 3383.093 3382.17 3380.387 3378.578 3376.77 3374.961 3372.394 3368.779 3365.165 3361.55
3399.078 3399.085 3399.092 3399.099 3399.106 3399.101 3399.095 3399.09 3399.084 3399.073 3399.055 3399.037 3399.019 3399.001 3398.912 3398.818 3398.723 3398.629 3398.523 3398.401 3398.278 3398.155 3398.032 3397.952 3397.881 3397.81 3397.739 3397.638 3397.459 3397.281 3397.102 3396.923 3396.663 3396.373 3396.083 3395.792 3395.478 3395.049 3394.619 3394.19 3393.76 3393.257 3392.708 3392.16 3391.612 3391.042 3390.197 3389.352 3388.506 3387.661 3386.855 3386.087 3385.318 3384.549 3383.78 3382.147 3380.488 3378.829 3377.169 3374.565 3370.658 3366.751 3362.843
3399.619 3399.675 3399.73 3399.785 3399.837 3399.794 3399.751 3399.708 3399.666 3399.575 3399.434 3399.293 3399.152 3399.01 3398.932 3398.859 3398.786 3398.713 3398.619 3398.491 3398.363 3398.234 3398.106 3398.039 3397.984 3397.929 3397.874 3397.816 3397.75 3397.684 3397.617 3397.551 3397.458 3397.356 3397.254 3397.151 3397.004 3396.644 3396.285 3395.925 3395.565 3395.145 3394.688 3394.231 3393.774 3393.293 3392.512 3391.731 3390.95 3390.17 3389.44 3388.757 3388.074 3387.391 3386.708 3385.249 3383.767 3382.285 3380.803 3378.157 3373.906 3369.655 3365.404
3400.16 3400.263 3400.367 3400.471 3400.569 3400.489 3400.408 3400.327 3400.247 3400.078 3399.813 3399.549 3399.284 3399.019 3398.952 3398.9 3398.849 3398.797 3398.715 3398.581 3398.448 3398.314 3398.18 3398.125 3398.086 3398.048 3398.009 3397.994 3398.04 3398.086 3398.133 3398.179 3398.254 3398.339 3398.425 3398.51 3398.53 3398.24 3397.95 3397.66 3397.371 3397.033 3396.667 3396.302 3395.936 3395.544 3394.828 3394.111 3393.395 3392.678 3392.024 3391.427 3390.83 3390.232 3389.635 3388.351 3387.046 3385.741 3384.436 3381.749 3377.154 3372.56 3367.966
3400.701 3400.853 3401.004 3401.156 3401.301 3401.182 3401.064 3400.946 3400.828 3400.581 3400.193 3399.804 3399.416 3399.028 3398.972 3398.942 3398.912 3398.882 3398.81 3398.671 3398.532 3398.394 3398.255 3398.212 3398.189 3398.167 3398.144 3398.171 3398.33 3398.489 3398.648 3398.807 3399.049 3399.322 3399.595 3399.869 3400.056 3399.836 3399.616 3399.396 3399.176 3398.921 3398.647 3398.372 3398.097 3397.795 3397.143 3396.491 3395.839 3395.187 3394.608 3394.097 3393.585 3393.074 3392.563 3391.453 3390.325 3389.197 3388.069 3385.34 3380.402 3375.465 3370.527
3401.241 3401.442 3401.642 3401.842 3402.032 3401.876 3401.721 3401.565 3401.409 3401.083 3400.572 3400.06 3399.549 3399.037 3398.992 3398.983 3398.975 3398.966 3398.906 3398.762 3398.617 3398.473 3398.329 3398.298 3398.292 3398.285 3398.279 3398.349 3398.621 3398.892 3399.164 3399.436 3399.844 3400.306 3400.767 3401.228 3401.582 3401.432 3401.281 3401.131 3400.981 3400.81 3400.626 3400.443 3400.259 3400.046 3399.459 3398.871 3398.283 3397.696 3397.193 3396.767 3396.341 3395.916 3395.49 3394.555 3393.604 3392.653 3391.702 3388.932 3383.651 3378.37 3373.088
3404.712 3405.209 3405.706 3406.203 3406.677 3406.346 3406.016 3405.686 3405.355 3404.643 3403.514 3402.385 3401.256 3400.126 3399.912 3399.768 3399.625 3399.481 3399.311 3399.098 3398.885 3398.671 3398.458 3398.492 3398.578 3398.664 3398.75 3399.041 3399.872 3400.702 3401.533 3402.364 3403.326 3404.338 3405.351 3406.363 3407.194 3407.164 3407.135 3407.105 3407.075 3406.985 3406.857 3406.73 3406.603 3406.434 3405.735 3405.037 3404.338 3403.639 3402.968 3402.323 3401.677 3401.031 3400.385 3399.485 3398.578 3397.67 3396.762 3393.833 3388.116 3382.4 3376.683
3410.183 3411.147 3412.111 3413.075 3413.994 3413.395 3412.796 3412.198 3411.599 3410.29 3408.206 3406.122 3404.038 3401.954 3401.446 3401.061 3400.676 3400.291 3399.928 3399.602 3399.276 3398.95 3398.624 3398.758 3398.989 3399.22 3399.451 3400.084 3401.779 3403.474 3405.168 3406.863 3408.642 3410.454 3412.265 3414.077 3415.595 3415.721 3415.847 3415.973 3416.099 3416.088 3415.992 3415.897 3415.802 3415.646 3414.717 3413.788 3412.858 3411.929 3410.924 3409.849 3408.774 3407.699 3406.624 3405.664 3404.708 3403.752 3402.797 3399.63 3393.414 3387.198 3380.982
3415.654 3417.085 3418.516 3419.947 3421.311 3420.444 3419.577 3418.71 3417.843 3415.938 3412.898 3409.859 3406.82 3403.781 3402.979 3402.353 3401.727 3401.101 3400.545 3400.106 3399.667 3399.229 3398.79 3399.024 3399.4 3399.775 3400.151 3401.128 3403.687 3406.245 3408.803 3411.362 3413.958 3416.569 3419.18 3421.791 3423.997 3424.279 3424.56 3424.842 3425.124 3425.19 3425.127 3425.064 3425.001 3424.859 3423.699 3422.539 3421.379 3420.219 3418.879 3417.375 3415.871 3414.366 3412.862 3411.844 3410.839 3409.835 3408.831 3405.427 3398.712 3391.997 3385.282
3421.125 3423.023 3424.92 3426.818 3428.628 3427.492 3426.357 3425.222 3424.087 3421.585 3417.59 3413.596 3409.602 3405.608 3404.514 3403.646 3402.778 3401.91 3401.162 3400.61 3400.059 3399.507 3398.956 3399.29 3399.811 3400.331 3400.852 3402.172 3405.594 3409.016 3412.438 3415.86 3419.274 3422.685 3426.095 3429.506 3432.399 3432.836 3433.273 3433.71 3434.147 3434.293 3434.262 3434.231 3434.201 3434.071 3432.681 3431.29 3429.899 3428.508 3426.834 3424.901 3422.968 3421.034 3419.101 3418.023 3416.97 3415.918 3414.865 3411.223 3404.009 3396.796 3389.582
3426.73 3429.088 3431.447 3433.805 3436.054 3434.671 3433.287 3431.904 3430.52 3427.44 3422.51 3417.579 3412.648 3407.717 3406.312 3405.182 3404.052 3402.923 3401.969 3401.305 3400.641 3399.977 3399.313 3399.766 3400.455 3401.144 3401.832 3403.508 3407.779 3412.051 3416.322 3420.594 3424.8 3428.98 3433.161 3437.342 3440.9 3441.494 3442.089 3442.684 3443.279 3443.502 3443.5 3443.498 3443.497 3443.377 3441.753 3440.129 3438.506 3436.882 3434.875 3432.515 3430.156 3427.797 3425.438 3424.277 3423.153 3422.028 3420.904 3417.017 3409.322 3401.626 3393.93
3435.27 3437.955 3440.641 3443.326 3445.899 3444.704 3443.508 3442.312 3441.116 3437.88 3432.418 3426.956 3421.494 3416.032 3413.927 3412.083 3410.24 3408.397 3406.958 3406.186 3405.415 3404.644 3403.873 3404.866 3406.23 3407.595 3408.96 3411.271 3416.074 3420.877 3425.679 3430.482 3434.931 3439.247 3443.562 3447.877 3451.58 3452.379 3453.177 3453.976 3454.775 3455.048 3455.003 3454.958 3454.914 3454.734 3452.826 3450.918 3449.01 3447.101 3444.776 3442.068 3439.36 3436.652 3433.945 3432.196 3430.476 3428.755 3427.035 3422.759 3414.956 3407.153 3399.349
3443.81 3446.823 3449.835 3452.848 3455.744 3454.736 3453.728 3452.72 3451.712 3448.32 3442.327 3436.334 3430.341 3424.348 3421.542 3418.985 3416.428 3413.871 3411.947 3411.068 3410.19 3409.311 3408.433 3409.966 3412.006 3414.047 3416.088 3419.035 3424.369 3429.703 3435.037 3440.371 3445.063 3449.513 3453.962 3458.411 3462.261 3463.263 3464.266 3465.269 3466.271 3466.594 3466.507 3466.419 3466.331 3466.091 3463.898 3461.706 3459.513 3457.321 3454.677 3451.621 3448.564 3445.508 3442.451 3440.114 3437.798 3435.483 3433.167 3428.5 3420.59 3412.679 3404.769
3452.35 3455.69 3459.03 3462.37 3465.589 3464.769 3463.949 3463.129 3462.308 3458.76 3452.236 3445.712 3439.188 3432.663 3429.157 3425.886 3422.616 3419.345 3416.936 3415.95 3414.964 3413.978 3412.992 3415.065 3417.782 3420.499 3423.215 3426.799 3432.664 3438.529 3444.394 3450.259 3455.195 3459.779 3464.362 3468.946 3472.941 3474.148 3475.354 3476.561 3477.768 3478.141 3478.01 3477.879 3477.749 3477.448 3474.971 3472.494 3470.018 3467.541 3464.579 3461.174 3457.769 3454.363 3450.958 3448.032 3445.121 3442.21 3439.299 3434.241 3426.224 3418.206 3410.188
3460.889 3464.557 3468.224 3471.891 3475.434 3474.802 3474.169 3473.537 3472.905 3469.2 3462.145 3455.089 3448.034 3440.978 3436.772 3432.788 3428.804 3424.82 3421.925 3420.832 3419.739 3418.646 3417.552 3420.165 3423.558 3426.95 3430.343 3434.563 3440.959 3447.355 3453.751 3460.148 3465.327 3470.045 3474.762 3479.48 3483.622 3485.032 3486.443 3487.853 3489.264 3489.687 3489.513 3489.34 3489.166 3488.805 3486.044 3483.283 3480.521 3477.76 3474.481 3470.727 3466.973 3463.219 3459.465 3455.951 3452.444 3448.937 3445.43 3439.983 3431.858 3423.733 3415.608
3468.5 3472.511 3476.521 3480.532 3484.414 3484.007 3483.599 3483.191 3482.784 3479.069 3471.747 3464.425 3457.103 3449.78 3445.069 3440.562 3436.054 3431.547 3428.349 3427.315 3426.281 3425.247 3424.213 3427.303 3431.26 3435.218 3439.176 3443.886 3450.579 3457.271 3463.963 3470.655 3475.961 3480.742 3485.522 3490.302 3494.545 3496.236 3497.927 3499.618 3501.309 3501.788 3501.535 3501.281 3501.028 3500.562 3497.381 3494.201 3491.021 3487.84 3484.148 3479.987 3475.826 3471.665 3467.504 3463.367 3459.23 3455.094 3450.957 3445.029 3436.63 3428.231 3419.832
3475.155 3479.525 3483.895 3488.265 3492.504 3492.359 3492.215 3492.07 3491.925 3488.35 3481.033 3473.717 3466.4 3459.083 3454.069 3449.234 3444.399 3439.565 3436.249 3435.446 3434.643 3433.84 3433.036 3436.538 3440.947 3445.355 3449.764 3454.816 3461.562 3468.307 3475.053 3481.799 3487.112 3491.882 3496.651 3501.421 3505.718 3507.768 3509.818 3511.869 3513.919 3514.46 3514.089 3513.717 3513.346 3512.73 3508.992 3505.253 3501.515 3497.776 3493.574 3488.946 3484.318 3479.69 3475.063 3470.266 3465.464 3460.662 3455.86 3449.359 3440.515 3431.671 3422.826
3481.81 3486.539 3491.269 3495.998 3500.594 3500.712 3500.83 3500.948 3501.067 3497.632 3490.32 3483.009 3475.697 3468.385 3463.068 3457.906 3452.744 3447.582 3444.15 3443.577 3443.005 3442.432 3441.86 3445.774 3450.634 3455.492 3460.352 3465.745 3472.545 3479.344 3486.143 3492.943 3498.263 3503.022 3507.781 3512.54 3516.89 3519.3 3521.71 3524.12 3526.53 3527.133 3526.643 3526.153 3525.664 3524.898 3520.602 3516.305 3512.009 3507.712 3503.0 3497.905 3492.81 3487.716 3482.621 3477.165 3471.697 3466.23 3460.762 3453.689 3444.399 3435.11 3425.82
3488.464 3493.553 3498.642 3503.731 3508.683 3509.064 3509.446 3509.827 3510.208 3506.913 3499.606 3492.301 3484.995 3477.688 3472.067 3466.578 3461.089 3455.6 3452.05 3451.708 3451.367 3451.025 3450.683 3455.01 3460.32 3465.63 3470.94 3476.674 3483.528 3490.381 3497.233 3504.087 3509.414 3514.162 3518.91 3523.658 3528.062 3530.832 3533.601 3536.37 3539.14 3539.805 3539.197 3538.589 3537.982 3537.066 3532.212 3527.357 3522.503 3517.649 3512.425 3506.864 3501.302 3495.741 3490.18 3484.063 3477.931 3471.798 3465.666 3458.019 3448.284 3438.55 3428.814
3495.119 3500.567 3506.016 3511.464 3516.773 3517.417 3518.061 3518.705 3519.35 3516.194 3508.893 3501.593 3494.292 3486.991 3481.067 3475.25 3469.434 3463.617 3459.951 3459.84 3459.729 3459.617 3459.507 3464.246 3470.007 3475.767 3481.528 3487.604 3494.51 3501.417 3508.324 3515.231 3520.565 3525.302 3530.04 3534.777 3539.235 3542.364 3545.492 3548.621 3551.75 3552.477 3551.751 3551.026 3550.3 3549.235 3543.822 3538.41 3532.997 3527.585 3521.851 3515.823 3509.795 3503.766 3497.738 3490.962 3484.165 3477.366 3470.568 3462.349 3452.169 3441.989 3431.809
3501.415 3506.844 3512.273 3517.701 3523.007 3524.198 3525.387 3526.577 3527.768 3525.301 3518.844 3512.388 3505.932 3499.475 3493.084 3486.697 3480.311 3473.924 3469.818 3469.483 3469.148 3468.813 3468.477 3473.763 3480.232 3486.701 3493.17 3499.746 3506.606 3513.465 3520.324 3527.184 3532.212 3536.544 3540.876 3545.209 3549.341 3552.521 3555.701 3558.881 3562.061 3562.736 3561.898 3561.059 3560.22 3559.036 3553.429 3547.823 3542.217 3536.61 3530.474 3523.853 3517.231 3510.61 3503.989 3496.648 3489.286 3481.924 3474.561 3465.885 3455.396 3444.907 3434.418
3507.689 3513.075 3518.461 3523.847 3529.128 3530.881 3532.634 3534.388 3536.141 3534.396 3528.836 3523.276 3517.716 3512.155 3505.286 3498.315 3491.344 3484.372 3479.807 3479.219 3478.632 3478.044 3477.457 3483.297 3490.491 3497.684 3504.877 3511.964 3518.77 3525.575 3532.381 3539.186 3543.889 3547.792 3551.695 3555.598 3559.381 3562.593 3565.805 3569.018 3572.23 3572.847 3571.896 3570.945 3569.993 3568.692 3562.914 3557.136 3551.358 3545.579 3539.048 3531.825 3524.603 3517.381 3510.159 3502.259 3494.339 3486.418 3478.498 3469.372 3458.583 3447.793 3437.004
3513.964 3519.307 3524.65 3529.992 3535.248 3537.564 3539.881 3542.198 3544.515 3543.493 3538.828 3534.164 3529.5 3524.835 3517.489 3509.933 3502.377 3494.82 3489.795 3488.956 3488.116 3487.277 3486.437 3492.832 3500.75 3508.667 3516.585 3524.181 3530.933 3537.685 3544.437 3551.189 3555.566 3559.04 3562.513 3565.987 3569.421 3572.666 3575.91 3579.155 3582.399 3582.958 3581.894 3580.83 3579.766 3578.348 3572.398 3566.448 3560.499 3554.549 3547.622 3539.798 3531.975 3524.152 3516.329 3507.87 3499.392 3490.914 3482.435 3472.859 3461.769 3450.68 3439.59
3520.238 3525.538 3530.838 3536.138 3541.368 3544.248 3547.128 3550.008 3552.888 3552.589 3548.82 3545.052 3541.284 3537.515 3529.691 3521.55 3513.41 3505.269 3499.784 3498.692 3497.601 3496.509 3495.417 3502.366 3511.008 3519.65 3528.292 3536.399 3543.097 3549.795 3556.494 3563.192 3567.243 3570.287 3573.332 3576.377 3579.462 3582.738 3586.015 3589.292 3592.568 3593.069 3591.893 3590.716 3589.539 3588.004 3581.883 3575.761 3569.64 3563.518 3556.195 3547.771 3539.347 3530.923 3522.499 3513.48 3504.444 3495.408 3486.372 3476.347 3464.956 3453.566 3442.176
3526.609 3531.885 3537.161 3542.437 3547.659 3551.065 3554.47 3557.876 3561.281 3561.694 3558.84 3555.987 3553.133 3550.28 3542.245 3533.804 3525.364 3516.924 3511.176 3509.88 3508.585 3507.289 3505.994 3513.193 3522.182 3531.17 3540.159 3548.489 3555.09 3561.69 3568.291 3574.892 3578.715 3581.484 3584.253 3587.022 3589.844 3592.924 3596.004 3599.084 3602.164 3602.411 3600.946 3599.48 3598.014 3596.188 3589.737 3583.286 3576.835 3570.385 3562.509 3553.326 3544.144 3534.961 3525.779 3516.321 3506.855 3497.389 3487.923 3477.698 3466.427 3455.156 3443.885
3533.132 3538.413 3543.694 3548.976 3554.216 3558.088 3561.961 3565.833 3569.706 3570.813 3568.904 3566.994 3565.085 3563.176 3555.344 3547.048 3538.753 3530.458 3524.751 3523.327 3521.903 3520.478 3519.054 3526.032 3534.779 3543.526 3552.273 3560.383 3566.817 3573.251 3579.685 3586.12 3589.871 3592.602 3595.333 3598.064 3600.76 3603.287 3605.814 3608.342 3610.869 3610.557 3608.528 3606.499 3604.47 3602.079 3595.054 3588.029 3581.005 3573.98 3565.306 3555.12 3544.934 3534.749 3524.563 3514.852 3505.155 3495.458 3485.761 3475.728 3465.229 3454.731 3444.233
3539.654 3544.94 3550.227 3555.514 3560.773 3565.112 3569.451 3573.79 3578.13 3579.932 3578.967 3578.002 3577.037 3576.073 3568.443 3560.292 3552.142 3543.991 3538.327 3536.774 3535.22 3533.667 3532.114 3538.87 3547.376 3555.881 3564.387 3572.276 3578.544 3584.812 3591.08 3597.348 3601.026 3603.719 3606.413 3609.106 3611.675 3613.65 3615.625 3617.599 3619.574 3618.703 3616.11 3613.518 3610.925 3607.97 3600.371 3592.773 3585.174 3577.575 3568.103 3556.914 3545.725 3534.536 3523.347 3513.383 3503.455 3493.528 3483.6 3473.758 3464.032 3454.306 3444.58
