data/zism_data/00781_03_D.txt
ncols         224
nrows         224
[rows 140 to 167 of 224, columns 128 to 191 of 224]
4602.601 4602.611 4602.621 4602.634 4602.654 4602.675 4602.695 4602.716 4602.874 4603.084 4603.294 4603.504 4603.705 4603.864 4604.023 4604.182 4604.341 4604.443 4604.515 4604.586 4604.658 4604.736 4604.865 4604.993 4605.122 4605.25 4605.339 4605.4 4605.462 4605.523 4605.582 4605.582 4605.582 4605.582 4605.582 4605.551 4605.49 4605.428 4605.367 4605.305 4605.149 4604.99 4604.831 4604.672 4604.556 4604.494 4604.433 4604.371 4604.31 4604.304 4604.304 4604.304 4604.304 4604.304 4604.304 4604.304 4604.304 4604.304 4604.38 4604.472 4604.564 4604.656 4604.801 4605.077
4602.392 4602.407 4602.423 4602.442 4602.474 4602.505 4602.536 4602.567 4602.724 4602.929 4603.134 4603.339 4603.529 4603.656 4603.783 4603.91 4604.037 4604.152 4604.261 4604.37 4604.479 4604.585 4604.666 4604.746 4604.826 4604.906 4604.994 4605.087 4605.181 4605.274 4605.364 4605.364 4605.364 4605.364 4605.364 4605.316 4605.223 4605.129 4605.036 4604.942 4604.816 4604.689 4604.563 4604.436 4604.323 4604.229 4604.136 4604.042 4603.949 4603.939 4603.939 4603.939 4603.939 4603.939 4603.939 4603.939 4603.939 4603.939 4604.055 4604.196 4604.336 4604.476 4604.642 4604.869
4602.183 4602.204 4602.225 4602.251 4602.293 4602.335 4602.377 4602.418 4602.575 4602.774 4602.974 4603.173 4603.353 4603.448 4603.542 4603.638 4603.732 4603.861 4604.007 4604.154 4604.301 4604.434 4604.466 4604.498 4604.53 4604.562 4604.648 4604.774 4604.899 4605.025 4605.145 4605.145 4605.145 4605.145 4605.145 4605.082 4604.956 4604.83 4604.705 4604.579 4604.483 4604.388 4604.293 4604.199 4604.09 4603.965 4603.839 4603.714 4603.588 4603.575 4603.575 4603.575 4603.575 4603.575 4603.575 4603.575 4603.575 4603.575 4603.731 4603.919 4604.108 4604.296 4604.482 4604.661
4601.946 4601.971 4601.995 4602.029 4602.089 4602.148 4602.208 4602.268 4602.419 4602.604 4602.789 4602.974 4603.14 4603.22 4603.301 4603.382 4603.462 4603.598 4603.762 4603.926 4604.09 4604.236 4604.244 4604.251 4604.258 4604.265 4604.349 4604.489 4604.629 4604.769 4604.902 4604.902 4604.902 4604.902 4604.902 4604.83 4604.686 4604.543 4604.399 4604.256 4604.177 4604.1 4604.023 4603.946 4603.836 4603.684 4603.531 4603.379 4603.227 4603.202 4603.191 4603.18 4603.169 4603.166 4603.177 4603.188 4603.199 4603.209 4603.393 4603.614 4603.834 4604.055 4604.255 4604.408
4601.655 4601.68 4601.704 4601.746 4601.838 4601.93 4602.021 4602.114 4602.25 4602.403 4602.556 4602.709 4602.852 4602.954 4603.057 4603.159 4603.261 4603.389 4603.532 4603.675 4603.818 4603.948 4603.976 4604.005 4604.033 4604.062 4604.143 4604.261 4604.379 4604.498 4604.611 4604.611 4604.611 4604.611 4604.611 4604.543 4604.411 4604.278 4604.146 4604.013 4603.924 4603.836 4603.748 4603.661 4603.538 4603.369 4603.201 4603.032 4602.864 4602.809 4602.766 4602.723 4602.68 4602.668 4602.711 4602.754 4602.796 4602.839 4603.029 4603.25 4603.47 4603.69 4603.896 4604.064
4601.364 4601.388 4601.413 4601.463 4601.587 4601.711 4601.835 4601.959 4602.081 4602.202 4602.323 4602.443 4602.565 4602.688 4602.812 4602.936 4603.059 4603.181 4603.303 4603.424 4603.545 4603.659 4603.708 4603.759 4603.809 4603.859 4603.936 4604.033 4604.13 4604.227 4604.319 4604.319 4604.319 4604.319 4604.319 4604.258 4604.136 4604.014 4603.892 4603.77 4603.67 4603.572 4603.474 4603.375 4603.239 4603.055 4602.87 4602.686 4602.501 4602.416 4602.34 4602.265 4602.19 4602.17 4602.245 4602.32 4602.395 4602.47 4602.665 4602.885 4603.106 4603.326 4603.536 4603.721
4601.072 4601.097 4601.121 4601.18 4601.336 4601.492 4601.648 4601.804 4601.912 4602.0 4602.089 4602.178 4602.277 4602.422 4602.567 4602.712 4602.857 4602.973 4603.073 4603.173 4603.273 4603.37 4603.441 4603.513 4603.584 4603.655 4603.729 4603.805 4603.88 4603.956 4604.028 4604.028 4604.028 4604.028 4604.028 4603.972 4603.86 4603.749 4603.638 4603.527 4603.417 4603.308 4603.199 4603.09 4602.941 4602.74 4602.54 4602.339 4602.139 4602.022 4601.915 4601.808 4601.701 4601.671 4601.779 4601.886 4601.993 4602.1 4602.301 4602.521 4602.742 4602.962 4603.177 4603.377
4600.781 4600.805 4600.83 4600.897 4601.085 4601.273 4601.461 4601.65 4601.743 4601.799 4601.856 4601.913 4601.99 4602.157 4602.323 4602.489 4602.655 4602.765 4602.843 4602.922 4603.0 4603.081 4603.174 4603.267 4603.359 4603.452 4603.522 4603.577 4603.631 4603.685 4603.737 4603.737 4603.737 4603.737 4603.737 4603.686 4603.585 4603.485 4603.384 4603.284 4603.164 4603.044 4602.924 4602.805 4602.643 4602.426 4602.209 4601.993 4601.776 4601.629 4601.49 4601.351 4601.211 4601.173 4601.313 4601.452 4601.591 4601.73 4601.937 4602.157 4602.377 4602.598 4602.817 4603.034
4600.593 4600.613 4600.634 4600.691 4600.855 4601.018 4601.182 4601.345 4601.446 4601.523 4601.601 4601.678 4601.771 4601.926 4602.081 4602.236 4602.392 4602.501 4602.587 4602.673 4602.758 4602.844 4602.925 4603.007 4603.089 4603.17 4603.25 4603.327 4603.404 4603.482 4603.556 4603.556 4603.556 4603.556 4603.556 4603.496 4603.378 4603.259 4603.141 4603.023 4602.908 4602.794 4602.68 4602.565 4602.394 4602.149 4601.905 4601.66 4601.415 4601.28 4601.157 4601.035 4600.912 4600.883 4601.018 4601.152 4601.287 4601.422 4601.618 4601.826 4602.034 4602.242 4602.461 4602.706
4600.438 4600.453 4600.468 4600.51 4600.631 4600.751 4600.872 4600.993 4601.109 4601.224 4601.339 4601.454 4601.572 4601.706 4601.84 4601.974 4602.107 4602.221 4602.322 4602.424 4602.526 4602.623 4602.683 4602.743 4602.804 4602.864 4602.956 4603.071 4603.186 4603.3 4603.41 4603.41 4603.41 4603.41 4603.41 4603.337 4603.192 4603.047 4602.902 4602.757 4602.652 4602.548 4602.444 4602.341 4602.162 4601.885 4601.608 4601.331 4601.054 4600.945 4600.854 4600.764 4600.673 4600.659 4600.777 4600.896 4601.015 4601.133 4601.313 4601.505 4601.697 4601.89 4602.106 4602.383
4600.282 4600.292 4600.302 4600.329 4600.407 4600.485 4600.563 4600.641 4600.772 4600.925 4601.077 4601.229 4601.374 4601.486 4601.599 4601.711 4601.824 4601.939 4602.058 4602.175 4602.293 4602.402 4602.44 4602.479 4602.519 4602.557 4602.662 4602.814 4602.967 4603.119 4603.265 4603.265 4603.265 4603.265 4603.265 4603.178 4603.006 4602.834 4602.662 4602.49 4602.395 4602.302 4602.209 4602.116 4601.929 4601.62 4601.311 4601.002 4600.693 4600.609 4600.551 4600.493 4600.435 4600.435 4600.537 4600.64 4600.742 4600.845 4601.008 4601.185 4601.361 4601.537 4601.751 4602.061
4600.127 4600.131 4600.136 4600.148 4600.183 4600.218 4600.253 4600.288 4600.435 4600.625 4600.815 4601.005 4601.176 4601.267 4601.358 4601.449 4601.54 4601.659 4601.792 4601.926 4602.061 4602.181 4602.198 4602.216 4602.233 4602.25 4602.368 4602.558 4602.748 4602.938 4603.119 4603.119 4603.119 4603.119 4603.119 4603.019 4602.82 4602.621 4602.423 4602.224 4602.139 4602.056 4601.974 4601.892 4601.697 4601.355 4601.015 4600.673 4600.333 4600.274 4600.248 4600.222 4600.195 4600.21 4600.297 4600.383 4600.47 4600.557 4600.704 4600.864 4601.024 4601.184 4601.396 4601.738
4599.962 4599.963 4599.964 4599.965 4599.967 4599.969 4599.971 4599.973 4600.129 4600.345 4600.561 4600.776 4600.965 4601.041 4601.116 4601.192 4601.268 4601.386 4601.527 4601.668 4601.809 4601.935 4601.942 4601.95 4601.958 4601.966 4602.092 4602.305 4602.518 4602.73 4602.934 4602.934 4602.934 4602.934 4602.934 4602.826 4602.615 4602.403 4602.191 4601.979 4601.9 4601.825 4601.749 4601.674 4601.475 4601.115 4600.755 4600.396 4600.037 4599.995 4599.989 4599.983 4599.977 4600.001 4600.078 4600.154 4600.23 4600.307 4600.444 4600.594 4600.744 4600.894 4601.103 4601.459
4599.753 4599.759 4599.766 4599.774 4599.786 4599.799 4599.812 4599.824 4599.965 4600.153 4600.342 4600.531 4600.701 4600.787 4600.873 4600.959 4601.045 4601.146 4601.255 4601.364 4601.473 4601.575 4601.626 4601.677 4601.727 4601.778 4601.897 4602.067 4602.237 4602.407 4602.569 4602.569 4602.569 4602.569 4602.569 4602.486 4602.323 4602.16 4601.996 4601.833 4601.744 4601.658 4601.572 4601.486 4601.299 4600.982 4600.666 4600.349 4600.032 4599.966 4599.928 4599.89 4599.852 4599.861 4599.954 4600.046 4600.139 4600.231 4600.384 4600.55 4600.716 4600.882 4601.084 4601.376
4599.544 4599.556 4599.567 4599.583 4599.605 4599.629 4599.652 4599.676 4599.8 4599.961 4600.124 4600.286 4600.436 4600.532 4600.629 4600.726 4600.823 4600.907 4600.983 4601.061 4601.137 4601.216 4601.31 4601.403 4601.497 4601.59 4601.703 4601.83 4601.957 4602.084 4602.205 4602.205 4602.205 4602.205 4602.205 4602.147 4602.031 4601.916 4601.801 4601.686 4601.588 4601.491 4601.395 4601.297 4601.124 4600.85 4600.576 4600.302 4600.028 4599.937 4599.867 4599.797 4599.727 4599.722 4599.83 4599.938 4600.047 4600.156 4600.325 4600.507 4600.689 4600.871 4601.066 4601.293
4599.335 4599.353 4599.37 4599.391 4599.425 4599.459 4599.493 4599.527 4599.635 4599.77 4599.905 4600.041 4600.17 4600.278 4600.386 4600.493 4600.601 4600.667 4600.712 4600.757 4600.802 4600.857 4600.993 4601.129 4601.266 4601.402 4601.508 4601.592 4601.676 4601.761 4601.841 4601.841 4601.841 4601.841 4601.841 4601.807 4601.74 4601.673 4601.605 4601.539 4601.432 4601.325 4601.217 4601.109 4600.948 4600.717 4600.486 4600.254 4600.023 4599.908 4599.806 4599.704 4599.602 4599.582 4599.706 4599.831 4599.956 4600.08 4600.265 4600.463 4600.661 4600.859 4601.047 4601.21
4599.126 4599.149 4599.171 4599.2 4599.244 4599.289 4599.334 4599.378 4599.47 4599.578 4599.687 4599.795 4599.905 4600.023 4600.142 4600.26 4600.378 4600.428 4600.44 4600.453 4600.466 4600.498 4600.677 4600.856 4601.035 4601.214 4601.313 4601.354 4601.396 4601.438 4601.477 4601.477 4601.477 4601.477 4601.477 4601.467 4601.448 4601.429 4601.411 4601.392 4601.276 4601.158 4601.04 4600.921 4600.772 4600.584 4600.396 4600.208 4600.019 4599.879 4599.745 4599.611 4599.477 4599.442 4599.583 4599.723 4599.864 4600.004 4600.206 4600.42 4600.634 4600.848 4601.029 4601.127
4599.038 4599.06 4599.081 4599.108 4599.15 4599.193 4599.235 4599.278 4599.351 4599.436 4599.521 4599.606 4599.695 4599.801 4599.907 4600.014 4600.12 4600.169 4600.189 4600.208 4600.228 4600.266 4600.442 4600.619 4600.795 4600.972 4601.063 4601.095 4601.125 4601.157 4601.187 4601.2 4601.213 4601.226 4601.239 4601.235 4601.216 4601.196 4601.177 4601.158 4601.054 4600.947 4600.841 4600.735 4600.606 4600.447 4600.289 4600.13 4599.972 4599.824 4599.677 4599.53 4599.383 4599.344 4599.494 4599.644 4599.794 4599.944 4600.134 4600.332 4600.529 4600.727 4600.894 4600.983
4599.029 4599.044 4599.061 4599.081 4599.112 4599.144 4599.176 4599.208 4599.263 4599.326 4599.39 4599.453 4599.52 4599.6 4599.679 4599.758 4599.838 4599.899 4599.951 4600.002 4600.054 4600.116 4600.261 4600.405 4600.549 4600.694 4600.778 4600.82 4600.862 4600.904 4600.945 4600.979 4601.014 4601.048 4601.083 4601.073 4601.022 4600.97 4600.918 4600.867 4600.789 4600.709 4600.629 4600.55 4600.445 4600.308 4600.171 4600.034 4599.897 4599.751 4599.604 4599.457 4599.31 4599.273 4599.428 4599.584 4599.739 4599.895 4600.055 4600.215 4600.375 4600.535 4600.683 4600.799
4599.019 4599.03 4599.04 4599.053 4599.075 4599.096 4599.117 4599.138 4599.174 4599.216 4599.258 4599.301 4599.345 4599.397 4599.45 4599.503 4599.556 4599.629 4599.712 4599.796 4599.88 4599.967 4600.079 4600.191 4600.304 4600.416 4600.493 4600.546 4600.598 4600.65 4600.703 4600.759 4600.815 4600.871 4600.926 4600.911 4600.828 4600.744 4600.66 4600.577 4600.523 4600.47 4600.417 4600.365 4600.285 4600.169 4600.053 4599.938 4599.822 4599.678 4599.531 4599.384 4599.237 4599.202 4599.363 4599.524 4599.685 4599.846 4599.975 4600.098 4600.221 4600.343 4600.472 4600.615
4599.009 4599.015 4599.02 4599.026 4599.037 4599.047 4599.058 4599.068 4599.086 4599.106 4599.127 4599.148 4599.17 4599.196 4599.222 4599.248 4599.274 4599.358 4599.474 4599.59 4599.706 4599.817 4599.897 4599.978 4600.058 4600.138 4600.208 4600.271 4600.334 4600.397 4600.461 4600.539 4600.616 4600.693 4600.77 4600.749 4600.633 4600.518 4600.402 4600.286 4600.258 4600.231 4600.206 4600.18 4600.124 4600.03 4599.936 4599.841 4599.747 4599.605 4599.458 4599.312 4599.165 4599.131 4599.297 4599.463 4599.63 4599.796 4599.896 4599.981 4600.066 4600.151 4600.261 4600.431
4599.0 4599.0 4599.0 4599.0 4599.0 4599.0 4599.0 4599.0 4599.0 4599.0 4599.0 4599.0 4599.0 4599.0 4599.0 4599.0 4599.0 4599.095 4599.241 4599.387 4599.533 4599.668 4599.717 4599.765 4599.814 4599.863 4599.926 4599.999 4600.073 4600.146 4600.221 4600.319 4600.417 4600.516 4600.614 4600.587 4600.44 4600.292 4600.146 4599.998 4599.994 4599.994 4599.994 4599.994 4599.962 4599.889 4599.816 4599.743 4599.669 4599.531 4599.385 4599.239 4599.093 4599.062 4599.233 4599.404 4599.574 4599.745 4599.816 4599.866 4599.915 4599.965 4600.057 4600.251
4599.0 4599.0 4599.0 4599.0 4599.0 4599.0 4599.0 4599.0 4599.0 4599.0 4599.0 4599.0 4599.0 4599.0 4599.0 4599.0 4599.0 4599.074 4599.188 4599.302 4599.416 4599.521 4599.559 4599.597 4599.635 4599.673 4599.731 4599.805 4599.878 4599.952 4600.027 4600.136 4600.245 4600.354 4600.463 4600.434 4600.27 4600.107 4599.943 4599.78 4599.775 4599.775 4599.775 4599.775 4599.75 4599.693 4599.636 4599.58 4599.522 4599.414 4599.3 4599.187 4599.073 4599.054 4599.204 4599.353 4599.502 4599.652 4599.736 4599.808 4599.878 4599.95 4600.044 4600.196
4599.0 4599.0 4599.0 4599.0 4599.0 4599.0 4599.0 4599.0 4599.0 4599.0 4599.0 4599.0 4599.0 4599.0 4599.0 4599.0 4599.0 4599.053 4599.135 4599.217 4599.299 4599.374 4599.401 4599.429 4599.456 4599.483 4599.537 4599.611 4599.684 4599.758 4599.833 4599.953 4600.073 4600.192 4600.312 4600.28 4600.101 4599.921 4599.741 4599.562 4599.557 4599.557 4599.557 4599.557 4599.539 4599.498 4599.457 4599.416 4599.375 4599.297 4599.216 4599.134 4599.052 4599.046 4599.174 4599.302 4599.431 4599.559 4599.657 4599.75 4599.842 4599.935 4600.032 4600.141
4599.0 4599.0 4599.0 4599.0 4599.0 4599.0 4599.0 4599.0 4599.0 4599.0 4599.0 4599.0 4599.0 4599.0 4599.0 4599.0 4599.0 4599.032 4599.082 4599.132 4599.182 4599.227 4599.244 4599.26 4599.277 4599.293 4599.343 4599.417 4599.49 4599.563 4599.64 4599.77 4599.9 4600.031 4600.161 4600.126 4599.931 4599.735 4599.54 4599.344 4599.338 4599.338 4599.338 4599.338 4599.327 4599.302 4599.278 4599.253 4599.228 4599.181 4599.131 4599.082 4599.032 4599.039 4599.146 4599.252 4599.358 4599.465 4599.578 4599.691 4599.805 4599.919 4600.019 4600.085
4599.0 4599.0 4599.0 4599.0 4599.0 4599.0 4599.0 4599.0 4599.0 4599.0 4599.0 4599.0 4599.0 4599.0 4599.0 4599.0 4599.0 4599.011 4599.029 4599.046 4599.064 4599.081 4599.086 4599.092 4599.098 4599.104 4599.149 4599.223 4599.296 4599.37 4599.446 4599.587 4599.728 4599.869 4600.01 4599.972 4599.761 4599.549 4599.337 4599.126 4599.12 4599.12 4599.12 4599.12 4599.116 4599.107 4599.098 4599.089 4599.081 4599.064 4599.046 4599.029 4599.011 4599.031 4599.116 4599.201 4599.287 4599.372 4599.499 4599.634 4599.769 4599.904 4600.007 4600.03
4598.96 4598.975 4598.989 4599.0 4599.0 4599.0 4599.0 4599.0 4599.0 4599.0 4599.0 4599.0 4599.0 4599.0 4599.0 4599.0 4599.0 4599.0 4599.0 4599.0 4599.0 4599.0 4599.0 4599.0 4599.0 4599.0 4599.039 4599.104 4599.171 4599.237 4599.306 4599.438 4599.571 4599.704 4599.836 4599.8 4599.602 4599.403 4599.205 4599.006 4599.0 4599.0 4599.0 4599.0 4599.0 4599.0 4599.0 4599.0 4599.0 4599.0 4599.0 4599.0 4599.0 4599.024 4599.09 4599.157 4599.223 4599.289 4599.428 4599.582 4599.736 4599.891 4600.0 4600.0
4598.872 4598.919 4598.965 4599.0 4599.0 4599.0 4599.0 4599.0 4599.0 4599.0 4599.0 4599.0 4599.0 4599.0 4599.0 4599.0 4599.0 4599.0 4599.0 4599.0 4599.0 4599.0 4599.0 4599.0 4599.0 4599.0 4599.029 4599.079 4599.129 4599.18 4599.232 4599.333 4599.433 4599.533 4599.633 4599.606 4599.456 4599.305 4599.155 4599.004 4599.0 4599.0 4599.0 4599.0 4599.0 4599.0 4599.0 4599.0 4599.0 4599.0 4599.0 4599.0 4599.0 4599.018 4599.068 4599.119 4599.169 4599.219 4599.368 4599.539 4599.709 4599.879 4600.0 4600.0
