data/zism_data/00798_03_D.txt
ncols         224
nrows         224
[rows 87 to 115 of 224, columns 0 to 66 of 224]
1200.0 1200.0 1200.0 1200.0 1200.0 1200.0 1200.0 1200.0 1200.0 1200.0 1200.0 1200.0 1200.0 1200.0 1200.0 1200.0 1200.0 1200.0 1200.0 1199.964 1199.92 1199.877 1199.833 1199.598 1198.925 1198.252 1197.578 1196.905 1192.339 1186.645 1180.952 1175.258 1167.745 1154.668 1141.59 1128.513 1115.435 1097.865 1078.524 1059.183 1039.842 1021.444 1007.107 992.7698 978.4324 964.0952 952.3743 942.0047 931.6351 921.2655 910.3623 895.9011 881.4398 866.9785 852.5172 838.3752 824.4446 810.514 796.5834 782.7736 770.5069 758.2405 745.9741 733.7075 721.4868 709.3044 697.1222
1200.0 1200.0 1200.0 1200.0 1200.0 1200.0 1200.0 1200.0 1200.0 1200.0 1200.0 1200.0 1200.0 1200.0 1200.0 1200.0 1200.0 1200.0 1200.0 1199.982 1199.96 1199.938 1199.916 1199.798 1199.459 1199.12 1198.78 1198.441 1194.527 1189.578 1184.628 1179.678 1172.876 1160.408 1147.939 1135.471 1123.003 1105.782 1086.69 1067.597 1048.504 1030.327 1016.092 1001.857 987.622 973.3871 961.2888 950.2938 939.2988 928.3038 916.7162 901.1768 885.6373 870.0978 854.5584 839.8829 825.7798 811.6767 797.5735 783.6107 771.4411 759.2717 747.1024 734.9327 722.7271 710.4908 698.2547
1200.0 1200.0 1200.0 1200.0 1200.0 1200.0 1200.0 1200.0 1200.0 1200.0 1200.0 1200.0 1200.0 1200.0 1200.0 1200.0 1200.0 1200.0 1200.0 1200.0 1199.999 1199.999 1199.999 1199.997 1199.992 1199.987 1199.983 1199.978 1196.716 1192.51 1188.304 1184.098 1178.007 1166.148 1154.289 1142.43 1130.571 1113.7 1094.855 1076.011 1057.166 1039.209 1025.077 1010.944 996.8116 982.6792 970.2034 958.5829 946.9626 935.3422 923.0701 906.4525 889.8348 873.2172 856.5995 841.3906 827.115 812.8394 798.5637 784.4478 772.3752 760.3029 748.2306 736.1581 723.9674 711.6772 699.3872
1199.429 1198.787 1198.118 1197.448 1196.779 1196.069 1195.304 1194.539 1193.774 1193.009 1193.437 1194.011 1194.585 1195.159 1195.721 1196.263 1196.805 1197.347 1197.888 1198.005 1198.037 1198.069 1198.101 1198.123 1198.123 1198.123 1198.123 1198.123 1194.594 1190.044 1185.493 1180.942 1174.537 1162.464 1150.391 1138.317 1126.244 1109.937 1091.961 1073.986 1056.011 1038.806 1024.92 1011.033 997.1466 983.26 970.8199 959.1267 947.4335 935.7402 923.3959 906.7095 890.0231 873.3367 856.6503 841.4125 827.1343 812.8562 798.5781 784.4607 772.4002 760.3399 748.2796 736.2191 724.0797 711.8737 699.668
1198.85 1197.556 1196.208 1194.859 1193.51 1192.081 1190.539 1188.998 1187.456 1185.915 1186.778 1187.934 1189.09 1190.246 1191.379 1192.47 1193.562 1194.654 1195.746 1195.981 1196.046 1196.11 1196.174 1196.219 1196.219 1196.219 1196.219 1196.219 1192.41 1187.498 1182.586 1177.674 1170.941 1158.641 1146.342 1134.042 1121.742 1106.001 1088.905 1071.808 1054.712 1038.267 1024.628 1010.99 997.3513 983.7128 971.3144 959.5565 947.7986 936.0407 923.633 906.8927 890.1524 873.4121 856.6718 841.4125 827.1343 812.8562 798.5781 784.4615 772.4117 760.3622 748.3127 736.263 724.1754 712.0557 699.9362
1198.27 1196.326 1194.298 1192.27 1190.242 1188.092 1185.774 1183.457 1181.139 1178.821 1180.119 1181.857 1183.595 1185.333 1187.037 1188.678 1190.32 1191.962 1193.603 1193.957 1194.054 1194.151 1194.247 1194.314 1194.314 1194.314 1194.314 1194.314 1190.226 1184.952 1179.679 1174.406 1167.345 1154.819 1142.293 1129.767 1117.241 1102.066 1085.848 1069.63 1053.413 1037.728 1024.337 1010.947 997.556 984.1655 971.809 959.9863 948.1637 936.3411 923.8702 907.0759 890.2817 873.4875 856.6933 841.4125 827.1343 812.8562 798.5781 784.4623 772.4233 760.3846 748.3459 736.3069 724.2712 712.2377 700.2044
1197.691 1195.095 1192.388 1189.68 1186.973 1184.104 1181.01 1177.915 1174.821 1171.727 1173.459 1175.78 1178.1 1180.421 1182.694 1184.886 1187.078 1189.269 1191.461 1191.933 1192.062 1192.191 1192.32 1192.41 1192.41 1192.41 1192.41 1192.41 1188.041 1182.406 1176.772 1171.137 1163.749 1150.997 1138.244 1125.491 1112.739 1098.131 1082.792 1067.453 1052.114 1037.189 1024.046 1010.903 997.7608 984.6182 972.3035 960.4161 948.5289 936.6415 924.1073 907.2592 890.411 873.5629 856.7148 841.4125 827.1343 812.8562 798.5781 784.4631 772.4349 760.4069 748.379 736.3508 724.3669 712.4197 700.4727
1194.714 1190.932 1187.006 1183.081 1179.155 1175.328 1171.635 1167.943 1164.251 1160.559 1162.615 1165.372 1168.13 1170.887 1173.644 1176.399 1179.155 1181.91 1184.666 1185.283 1185.472 1185.662 1185.851 1185.983 1185.983 1185.983 1185.983 1185.983 1181.623 1176.0 1170.377 1164.754 1157.404 1144.772 1132.14 1119.508 1106.876 1092.719 1077.961 1063.203 1048.445 1034.056 1021.26 1008.464 995.6678 982.8716 970.7529 958.9837 947.2145 935.4454 923.0353 906.3512 889.6672 872.9831 856.2991 841.0776 826.8253 812.5729 798.3206 784.2322 772.2405 760.2491 748.2578 736.2662 724.3713 712.5572 700.7433
1188.62 1182.957 1177.112 1171.268 1165.423 1160.329 1156.27 1152.211 1148.152 1144.093 1146.331 1149.336 1152.342 1155.347 1158.473 1161.811 1165.148 1168.486 1171.824 1172.619 1172.905 1173.192 1173.478 1173.677 1173.677 1173.677 1173.677 1173.677 1169.702 1164.575 1159.448 1154.321 1147.485 1135.425 1123.364 1111.303 1099.243 1085.386 1070.823 1056.259 1041.695 1027.553 1015.232 1002.91 990.5881 978.2664 966.5438 955.1304 943.7171 932.3038 920.2614 904.0248 887.7882 871.5516 855.315 840.3076 826.1145 811.9214 797.7284 783.7001 771.7786 759.8572 747.936 736.0145 724.257 712.637 701.0172
1182.527 1174.982 1167.218 1159.454 1151.691 1145.33 1140.904 1136.479 1132.053 1127.628 1130.046 1133.3 1136.553 1139.807 1143.301 1147.221 1151.141 1155.061 1158.981 1159.954 1160.338 1160.721 1161.105 1161.371 1161.371 1161.371 1161.371 1161.371 1157.781 1153.15 1148.518 1143.887 1137.567 1126.077 1114.588 1103.099 1091.61 1078.054 1063.684 1049.315 1034.945 1021.05 1009.203 997.3557 985.5083 973.6609 962.3345 951.277 940.2195 929.162 917.4875 901.6984 885.9092 870.1201 854.3309 839.5375 825.4037 811.27 797.1362 783.168 771.3165 759.4653 747.6141 735.7627 724.1428 712.7168 701.2911
1176.433 1167.007 1157.324 1147.641 1137.958 1130.331 1125.538 1120.746 1115.954 1111.162 1113.762 1117.263 1120.765 1124.266 1128.13 1132.632 1137.134 1141.636 1146.139 1147.29 1147.77 1148.251 1148.731 1149.066 1149.066 1149.066 1149.066 1149.066 1145.859 1141.724 1137.589 1133.454 1127.648 1116.73 1105.812 1094.895 1083.977 1070.722 1056.546 1042.371 1028.195 1014.547 1003.174 991.8014 980.4285 969.0555 958.1254 947.4237 936.722 926.0204 914.7136 899.3719 884.0302 868.6885 853.3468 838.7674 824.693 810.6185 796.5441 782.6359 770.8546 759.0734 747.2923 735.511 724.0285 712.7966 701.565
1170.339 1159.033 1147.43 1135.828 1124.226 1115.332 1110.173 1105.014 1099.855 1094.696 1097.477 1101.227 1104.976 1108.725 1112.959 1118.043 1123.127 1128.212 1133.296 1134.625 1135.203 1135.78 1136.358 1136.76 1136.76 1136.76 1136.76 1136.76 1133.938 1130.299 1126.66 1123.02 1117.729 1107.383 1097.036 1086.69 1076.344 1063.39 1049.408 1035.427 1021.445 1008.044 997.1457 986.2472 975.3486 964.4501 953.9162 943.5704 933.2245 922.8787 911.9398 897.0455 882.1512 867.257 852.3627 837.9973 823.9822 809.967 795.9519 782.1038 770.3925 758.6815 746.9705 735.2592 723.9142 712.8765 701.8389
1156.256 1144.485 1132.498 1120.511 1108.524 1099.49 1094.527 1089.564 1084.601 1079.638 1082.818 1086.992 1091.166 1095.339 1099.836 1104.902 1109.969 1115.035 1120.101 1121.436 1122.025 1122.614 1123.203 1123.612 1123.612 1123.612 1123.612 1123.612 1121.197 1118.083 1114.968 1111.853 1107.05 1097.079 1087.109 1077.139 1067.169 1054.611 1041.033 1027.455 1013.877 1000.867 990.2997 979.7326 969.1655 958.5984 948.1197 937.6864 927.2532 916.8199 905.8148 890.9963 876.1777 861.3592 846.5406 832.4962 818.9645 805.4329 791.9011 778.527 767.167 755.8073 744.4475 733.0876 722.0369 711.2457 700.4546
1141.125 1129.075 1116.905 1104.735 1092.565 1083.537 1078.844 1074.15 1069.457 1064.764 1068.372 1072.993 1077.614 1082.235 1086.983 1091.952 1096.921 1101.89 1106.859 1108.178 1108.767 1109.356 1109.945 1110.354 1110.354 1110.354 1110.354 1110.354 1108.349 1105.763 1103.176 1100.59 1096.271 1086.651 1077.031 1067.412 1057.792 1045.642 1032.496 1019.349 1006.202 993.6008 983.3464 973.092 962.8376 952.5833 942.115 931.5362 920.9574 910.3785 899.2504 884.4588 869.6672 854.8756 840.084 826.3746 813.382 800.3894 787.3969 774.5508 763.579 752.6075 741.6359 730.6642 719.9284 709.3905 698.8528
1125.995 1113.666 1101.312 1088.959 1076.605 1067.585 1063.161 1058.737 1054.313 1049.889 1053.926 1058.995 1064.063 1069.132 1074.129 1079.001 1083.873 1088.745 1093.617 1094.92 1095.509 1096.098 1096.687 1097.096 1097.096 1097.096 1097.096 1097.096 1095.501 1093.443 1091.385 1089.327 1085.492 1076.223 1066.953 1057.684 1048.415 1036.673 1023.958 1011.243 998.5276 986.335 976.3932 966.4515 956.5098 946.5681 936.1103 925.3859 914.6616 903.9372 892.686 877.9213 863.1567 848.3921 833.6274 820.253 807.7995 795.346 782.8925 770.5746 759.9911 749.4077 738.8243 728.2407 717.8199 707.5353 697.251
1110.864 1098.256 1085.719 1073.183 1060.646 1051.632 1047.478 1043.324 1039.169 1035.015 1039.48 1044.996 1050.512 1056.028 1061.276 1066.051 1070.826 1075.601 1080.376 1081.662 1082.251 1082.84 1083.429 1083.839 1083.839 1083.839 1083.839 1083.839 1082.652 1081.123 1079.593 1078.063 1074.713 1065.794 1056.875 1047.957 1039.038 1027.705 1015.421 1003.137 990.8527 979.069 969.44 959.811 950.1819 940.5529 930.1057 919.2357 908.3658 897.4958 886.1215 871.3839 856.6462 841.9085 827.1708 814.1313 802.217 790.3026 778.3882 766.5985 756.4031 746.2079 736.0127 725.8173 715.7114 705.6802 695.6492
1094.68 1081.772 1068.999 1056.227 1043.455 1034.439 1030.605 1026.771 1022.936 1019.102 1023.992 1029.947 1035.901 1041.856 1047.426 1052.319 1057.213 1062.107 1067.0 1068.356 1069.004 1069.652 1070.301 1070.742 1070.709 1070.677 1070.645 1070.612 1069.647 1068.412 1067.177 1065.942 1062.867 1054.164 1045.461 1036.758 1028.055 1017.144 1005.363 993.582 981.8011 970.4877 961.1875 951.8873 942.5871 933.2869 922.8889 911.9237 900.9586 889.9933 878.5613 864.0159 849.4706 834.9252 820.3798 807.7358 796.3515 784.9672 773.5829 762.3089 752.4442 742.5797 732.7151 722.8504 713.0019 703.1666 693.3315
1076.39 1063.137 1050.025 1036.914 1023.802 1014.766 1011.352 1007.938 1004.524 1001.11 1006.421 1012.796 1019.171 1025.546 1031.584 1037.027 1042.471 1047.914 1053.358 1054.953 1055.78 1056.606 1057.432 1057.967 1057.838 1057.708 1057.579 1057.449 1056.329 1054.922 1053.514 1052.106 1048.888 1040.131 1031.374 1022.617 1013.86 1003.398 992.2638 981.1298 969.9958 959.2755 950.3365 941.3975 932.4586 923.5195 913.2481 902.2883 891.3286 880.3688 869.0096 854.9872 840.9647 826.9423 812.9198 800.7922 789.9201 779.048 768.1758 757.3925 747.7434 738.0945 728.4457 718.7966 709.0905 699.336 689.5818
1058.101 1044.503 1031.052 1017.6 1004.149 995.0928 992.0994 989.106 986.1127 983.1193 988.8508 995.6462 1002.442 1009.237 1015.742 1021.735 1027.729 1033.722 1039.715 1041.551 1042.555 1043.559 1044.563 1045.193 1044.966 1044.74 1044.513 1044.287 1043.011 1041.431 1039.851 1038.271 1034.909 1026.098 1017.287 1008.476 999.6654 989.652 979.165 968.6779 958.1909 948.0636 939.4858 930.908 922.3301 913.7523 903.6075 892.6531 881.6987 870.7443 859.4581 845.9586 832.459 818.9595 805.46 793.8488 783.4888 773.1288 762.7689 752.4761 743.0427 733.6095 724.1763 714.7429 705.1791 695.5056 685.8322
1039.811 1025.869 1012.078 998.2866 984.4955 975.4193 972.8464 970.2736 967.7007 965.1279 971.2798 978.4958 985.7117 992.9276 999.8998 1006.443 1012.986 1019.53 1026.073 1028.148 1029.33 1030.512 1031.694 1032.418 1032.094 1031.771 1031.448 1031.124 1029.693 1027.94 1026.187 1024.435 1020.93 1012.065 1003.2 994.3354 985.4706 975.9061 966.0659 956.2258 946.3856 936.8514 928.6348 920.4182 912.2016 903.985 893.9667 883.0177 872.0687 861.1198 849.9064 836.9298 823.9532 810.9766 798.0 786.9053 777.0575 767.2097 757.3618 747.5597 738.342 729.1244 719.9068 710.689 701.2677 691.675 682.0824
1021.522 1007.234 993.1035 978.9729 964.8422 955.7458 953.5935 951.4412 949.2888 947.1365 953.7089 961.3453 968.9818 976.6182 984.0577 991.1509 998.244 1005.337 1012.43 1014.746 1016.105 1017.465 1018.825 1019.643 1019.223 1018.802 1018.382 1017.961 1016.374 1014.449 1012.524 1010.599 1006.951 998.032 989.1132 980.1945 971.2758 962.1601 952.9669 943.7736 934.5804 925.6393 917.7839 909.9285 902.073 894.2176 884.3259 873.3823 862.4387 851.4952 840.3547 827.9011 815.4474 802.9937 790.54 779.9618 770.6261 761.2904 751.9547 742.6432 733.6412 724.6392 715.6373 706.6353 697.3563 687.8444 678.3327
1003.0 989.1805 975.5033 961.8263 948.1491 939.4481 937.6108 935.7735 933.9362 932.0989 938.5125 945.9324 953.3522 960.772 968.0985 975.2606 982.4226 989.5846 996.7466 999.5382 1001.456 1003.373 1005.291 1006.348 1005.438 1004.528 1003.618 1002.708 1000.841 998.6971 996.5532 994.4092 990.6992 982.1991 973.699 965.1989 956.6988 948.2049 939.7134 931.2219 922.7305 914.4261 906.9277 899.4293 891.9308 884.4324 874.7076 863.8327 852.9578 842.0829 831.0759 819.1874 807.2989 795.4103 783.5218 773.4083 764.4708 755.5333 746.5959 737.6572 728.702 719.7469 710.7919 701.8367 692.5704 683.0424 673.5145
984.4138 971.2881 958.2848 945.2816 932.2784 924.0881 922.5366 920.985 919.4334 917.8818 923.9758 931.0021 938.0283 945.0546 952.1067 959.204 966.3014 973.3986 980.496 983.8294 986.41 988.9905 991.5711 992.9073 991.3989 989.8906 988.3823 986.874 984.693 982.3172 979.9414 977.5656 973.8164 965.8662 957.916 949.9658 942.0156 934.1915 926.4171 918.6426 910.8682 903.2128 896.0702 888.9276 881.785 874.6423 865.0955 854.3069 843.5183 832.7297 821.873 810.5613 799.2496 787.9379 776.6262 766.963 758.3922 749.8213 741.2504 732.6518 723.6966 714.7416 705.7865 696.8313 687.5416 677.9704 668.3994
965.8276 953.3957 941.0663 928.737 916.4076 908.7281 907.4623 906.1964 904.9306 903.6648 909.439 916.0718 922.7045 929.3372 936.1149 943.1475 950.1802 957.2127 964.2454 968.1206 971.3643 974.608 977.8517 979.467 977.3602 975.2535 973.1467 971.04 968.5449 965.9373 963.3297 960.722 956.9336 949.5333 942.1331 934.7327 927.3325 920.1782 913.1207 906.0633 899.0058 891.9995 885.2126 878.4258 871.639 864.8522 855.4835 844.7812 834.0789 823.3765 812.67 801.9352 791.2003 780.4655 769.7306 760.5178 752.3135 744.1093 735.905 727.6464 718.6912 709.7362 700.7811 691.8259 682.5127 672.8984 663.2843
947.2413 935.5033 923.8478 912.1924 900.5369 893.3681 892.388 891.4079 890.4278 889.4477 894.9022 901.1414 907.3806 913.6198 920.1231 927.091 934.059 941.0268 947.9948 952.4117 956.3186 960.2255 964.1323 966.0267 963.3215 960.6164 957.9112 955.2061 952.3968 949.5573 946.7179 943.8784 940.0508 933.2004 926.35 919.4997 912.6494 906.1649 899.8244 893.4839 887.1435 880.7861 874.355 867.9241 861.4931 855.0621 845.8715 835.2554 824.6393 814.0233 803.467 793.309 783.151 772.993 762.835 754.0726 746.2349 738.3973 730.5596 722.641 713.6859 704.7308 695.7758 686.8206 677.4839 667.8265 658.1693
929.6702 918.7464 907.8873 897.0283 886.1691 879.5343 878.7262 877.9181 877.1099 876.3018 881.4298 887.2817 893.1337 898.9856 905.1885 912.0092 918.83 925.6506 932.4714 937.2539 941.6288 946.0038 950.3787 952.4669 949.3283 946.1898 943.0511 939.9126 936.894 933.9103 930.9266 927.9428 924.1395 917.829 911.5186 905.2081 898.8977 893.0056 887.2784 881.5513 875.824 870.0219 863.8967 857.7715 851.6464 845.5212 836.5485 826.105 815.6614 805.2179 794.8861 785.2987 775.7112 766.1238 756.5364 748.1272 740.4986 732.87 725.2414 717.5069 708.4154 699.3242 690.2328 681.1414 671.7931 662.2288 652.6647
915.4617 905.7507 896.0938 886.437 876.78 870.756 869.743 868.7301 867.7171 866.7041 871.4832 876.9685 882.4538 887.9391 893.756 900.1562 906.5564 912.9566 919.3568 923.921 928.118 932.3151 936.512 938.5109 935.4856 932.4602 929.4349 926.4095 923.5293 920.6911 917.8529 915.0147 911.4459 905.6422 899.8385 894.0349 888.2312 882.6758 877.2181 871.7604 866.3028 860.7458 854.7608 848.7758 842.7908 836.8057 828.1829 818.1977 808.2124 798.2272 788.3656 779.328 770.2905 761.2529 752.2154 743.8373 735.896 727.9547 720.0135 711.9464 702.2673 692.5883 682.9094 673.2303 663.9097 654.8899 645.8703
901.2535 892.7553 884.3005 875.8458 867.3911 861.9779 860.7601 859.5422 858.3244 857.1066 861.5366 866.6554 871.7741 876.8929 882.3236 888.3033 894.2831 900.2628 906.2426 910.5884 914.6075 918.6266 922.6456 924.5552 921.6431 918.731 915.8188 912.9067 910.1647 907.4721 904.7794 902.0868 898.7525 893.4556 888.1587 882.8618 877.5649 872.346 867.1579 861.9698 856.7817 851.4698 845.625 839.7802 833.9353 828.0905 819.8176 810.2905 800.7635 791.2365 781.8452 773.3575 764.8698 756.3821 747.8944 739.5474 731.2935 723.0396 714.7856 706.3859 696.1192 685.8526 675.5861 665.3193 656.0263 647.551 639.0759
887.0449 879.7596 872.5071 865.2546 858.002 853.1996 851.777 850.3542 848.9316 847.5089 851.5899 856.3421 861.0942 865.8464 870.8911 876.4503 882.0096 887.5688 893.128 897.2556 901.0967 904.9379 908.779 910.5993 907.8004 905.0015 902.2025 899.4036 896.8 894.2529 891.7057 889.1587 886.059 881.2688 876.4786 871.6885 866.8984 862.0162 857.0976 852.179 847.2604 842.1938 836.4891 830.7844 825.0797 819.375 811.452 802.3832 793.3145 784.2458 775.3246 767.3868 759.449 751.5112 743.5734 735.2574 726.6909 718.1243 709.5577 700.8254 689.971 679.1168 668.2626 657.4082 648.1429 640.2121 632.2815
