data/zism_data/00790_02_D.txt
ncols         224
nrows         224
[rows 168 to 195 of 224, columns 63 to 125 of 224]
344.3369 359.3343 372.3788 385.4233 398.4677 411.5122 421.9465 432.3035 442.6608 453.0177 466.6975 484.3859 502.0743 519.7627 537.4517 556.0137 574.6362 593.2588 611.8813 623.9059 626.7159 629.5258 632.3356 635.1455 629.2314 622.3402 615.449 608.5576 604.73 605.8732 607.0165 608.1597 609.303 613.4036 617.9723 622.541 627.1097 631.0659 633.8608 636.6558 639.4507 642.2456 635.4203 626.5873 617.7544 608.9211 600.109 591.3436 582.5781 573.8126 565.0472 568.3371 574.8057 581.274 587.7424 596.082 609.395 622.7079 636.0214 649.3344 659.177 667.896 676.615
354.6822 370.1622 383.1028 396.0433 408.9839 421.9244 432.4279 442.8592 453.2908 463.7221 477.5745 495.554 513.5335 531.513 549.4931 568.2149 586.9881 605.7613 624.5345 636.1558 637.7889 639.4219 641.0549 642.6879 635.2652 626.8282 618.3912 609.954 605.159 606.2736 607.3881 608.5026 609.6172 614.2802 619.5049 624.7297 629.9545 634.789 638.8837 642.9785 647.0732 651.1679 645.4936 637.7806 630.0677 622.3545 614.1227 604.7327 595.3426 585.9526 576.5626 579.4346 585.5398 591.6448 597.7498 605.718 618.6382 631.5585 644.4792 657.3994 666.3909 674.1102 681.8296
367.0543 381.5334 393.4621 405.3909 417.3196 429.2484 439.5502 449.8039 460.0579 470.3116 483.9791 501.7648 519.5505 537.3363 555.1226 573.7061 592.3447 610.9833 629.622 641.376 643.515 645.6539 647.7928 649.9318 641.6017 632.0991 622.5964 613.0935 607.3437 607.6832 608.0228 608.3623 608.7018 614.0674 620.2286 626.3898 632.5511 638.3983 643.6501 648.9021 654.1539 659.4058 654.6927 647.9001 641.1074 634.3146 626.6002 616.828 607.0558 597.2837 587.5115 589.6777 594.9918 600.3057 605.6195 612.8613 625.2272 637.5931 649.9594 662.3253 670.5266 677.3795 684.2322
379.4263 392.9046 403.8215 414.7384 425.6553 436.5723 446.6725 456.7486 466.825 476.9011 490.3837 507.9756 525.5676 543.1596 560.7521 579.1972 597.7013 616.2054 634.7095 646.5963 649.2411 651.886 654.5308 657.1757 647.9382 637.3699 626.8016 616.233 609.5284 609.093 608.6575 608.222 607.7865 613.8546 620.9523 628.05 635.1476 642.0075 648.4165 654.8257 661.2346 667.6436 663.8918 658.0195 652.1472 646.2747 639.0776 628.9233 618.7691 608.6148 598.4605 599.9209 604.4438 608.9665 613.4892 620.0045 631.8161 643.6276 655.4396 667.2512 674.6624 680.6486 686.6349
391.7984 404.2758 414.1808 424.086 433.9911 443.8962 453.7948 463.6933 473.5921 483.4906 496.7882 514.1865 531.5847 548.9829 566.3817 584.6884 603.0579 621.4275 639.797 651.8164 654.9673 658.118 661.2687 664.4195 654.2747 642.6407 631.0068 619.3726 611.7131 610.5026 609.2921 608.0816 606.8712 613.6418 621.676 629.7101 637.7443 645.6168 653.1829 660.7493 668.3154 675.8815 673.0908 668.1389 663.1869 658.2347 651.5551 641.0187 630.4823 619.9459 609.4095 610.1641 613.8958 617.6273 621.3588 627.1478 638.405 649.6622 660.9199 672.1771 678.798 683.9178 689.0377
404.1704 415.6469 424.5402 433.4335 442.3268 451.2201 460.9171 470.638 480.3592 490.0801 503.1928 520.3973 537.6017 554.8062 572.0112 590.1795 608.4146 626.6495 644.8845 657.0366 660.6934 664.35 668.0067 671.6633 660.6112 647.9116 635.212 622.512 613.8978 611.9123 609.9268 607.9413 605.9558 613.429 622.3996 631.3702 640.3409 649.2261 657.9493 666.6729 675.3961 684.1193 682.2899 678.2582 674.2266 670.1948 664.0327 653.1141 642.1956 631.277 620.3585 620.4072 623.3477 626.2881 629.2285 634.291 644.9939 655.6968 666.4001 677.103 682.9338 687.1871 691.4404
412.83 423.2071 431.1887 439.1703 447.1519 455.1335 464.1539 473.2051 482.2566 491.3078 503.7822 520.3863 536.9904 553.5944 570.1991 588.153 606.2004 624.2479 642.2952 654.8442 659.7141 664.5839 669.4537 674.3234 663.442 650.7964 638.1508 625.5048 616.6475 613.9371 611.2266 608.5162 605.8057 614.2223 624.4006 634.5788 644.757 654.5943 663.7853 672.9765 682.1675 691.3584 689.6472 685.6608 681.6744 677.6879 671.6329 660.9598 650.2867 639.6136 628.9406 628.4285 630.5954 632.7623 634.9291 639.2241 649.1752 659.1263 669.0777 679.0288 684.3239 688.1113 691.8987
418.4201 427.6164 434.7691 441.9219 449.0746 456.2274 464.1785 472.1532 480.1282 488.1029 499.5644 515.2319 530.8995 546.5671 562.2352 579.9121 597.728 615.544 633.36 646.5242 653.1918 659.8593 666.5267 673.1941 663.3746 651.7086 640.0425 628.3761 619.8642 616.4702 613.0762 609.6822 606.2882 615.8474 627.4573 639.0671 650.6771 661.4163 670.505 679.594 688.6827 697.7714 695.4814 690.8169 686.1524 681.4877 675.2007 665.2919 655.3832 645.4744 635.5656 634.6124 636.0204 637.4283 638.8363 642.3297 651.3658 660.4019 669.4384 678.4745 683.4441 687.097 690.7499
424.0101 432.0256 438.3495 444.6734 450.9973 457.3212 464.203 471.1013 477.9998 484.8981 495.3466 510.0776 524.8087 539.5397 554.2713 571.6711 589.2557 606.8401 624.4247 638.2041 646.6695 655.1346 663.5997 672.0648 663.3072 652.6207 641.9342 631.2474 623.0809 619.0034 614.9258 610.8483 606.7707 617.4724 630.514 643.5555 656.5971 668.2383 677.2248 686.2115 695.1979 704.1844 701.3157 695.973 690.6304 685.2875 678.7686 669.6241 660.4796 651.3351 642.1906 640.7962 641.4453 642.0944 642.7435 645.4353 653.5564 661.6776 669.799 677.9201 682.5643 686.0826 689.601
429.6002 436.4349 441.9299 447.425 452.92 458.4151 464.2275 470.0494 475.8714 481.6933 491.1287 504.9233 518.7178 532.5124 546.3074 563.4302 580.7833 598.1364 615.4894 629.884 640.1472 650.4099 660.6726 670.9354 663.2398 653.5328 643.8259 634.1187 626.2975 621.5365 616.7754 612.0143 607.2532 619.0975 633.5707 648.0439 662.5172 675.0604 683.9446 692.829 701.7132 710.5974 707.15 701.1292 695.1083 689.0873 682.3365 673.9562 665.576 657.1957 648.8155 646.9801 646.8703 646.7605 646.6506 648.5409 655.7471 662.9532 670.1596 677.3658 681.6845 685.0683 688.4521
435.1902 440.8442 445.5103 450.1765 454.8427 459.5089 464.252 468.9975 473.743 478.4885 486.9109 499.7689 512.627 525.485 538.3436 555.1892 572.3109 589.4325 606.5541 621.564 633.6248 645.6852 657.7456 669.806 663.1724 654.445 645.7176 636.9899 629.5143 624.0696 618.6249 613.1803 607.7357 620.7225 636.6274 652.5323 668.4372 681.8824 690.6643 699.4465 708.2285 717.0103 712.9843 706.2853 699.5863 692.8871 685.9044 678.2884 670.6724 663.0565 655.4405 653.164 652.2952 651.4265 650.5578 651.6465 657.9377 664.2289 670.5203 676.8115 680.8047 684.054 687.3032
432.7116 437.9752 442.4442 446.9133 451.3824 455.8514 459.8093 463.752 467.6949 471.6376 478.8793 490.1007 501.3221 512.5435 523.7653 539.4072 555.3551 571.303 587.2509 601.7403 614.1932 626.6456 639.0981 651.5506 646.7084 639.9293 633.1501 626.3707 620.735 616.9547 613.1744 609.3942 605.6139 619.0416 635.1937 651.3458 667.4979 680.8805 689.0126 697.1451 705.2772 713.4094 709.2545 702.5354 695.8163 689.097 682.2929 675.2991 668.3052 661.3114 654.3176 652.0786 651.0931 650.1078 649.1224 649.964 655.6614 661.3587 667.0562 672.7536 675.5098 677.3136 679.1174
430.0525 434.9433 439.2294 443.5154 447.8015 452.0875 455.2665 458.4127 461.5589 464.7051 470.7624 480.3314 489.9005 499.4695 509.0389 523.4564 538.2094 552.9625 567.7155 581.6591 594.4726 607.2856 620.0988 632.9118 629.8774 625.0682 620.2589 615.4494 611.6871 609.6238 607.5605 605.4971 603.4338 617.2867 633.6595 650.0322 666.405 679.7035 687.1736 694.644 702.1141 709.5843 705.3106 698.5862 691.8617 685.137 678.5207 672.1458 665.7709 659.3961 653.0212 650.8304 649.7427 648.6551 647.5675 648.1744 653.285 658.3958 663.5066 668.6172 670.116 670.4451 670.7742
427.3933 431.9114 436.0145 440.1176 444.2206 448.3237 450.7238 453.0733 455.423 457.7726 462.6455 470.5622 478.4789 486.3956 494.3125 507.5056 521.0637 534.6219 548.1802 561.5779 574.752 587.9257 601.0994 614.273 613.0464 610.2071 607.3677 604.5282 602.6393 602.2929 601.9465 601.6001 601.2537 615.5319 632.1252 648.7186 665.3121 678.5264 685.3345 692.1429 698.951 705.7592 701.3668 694.637 687.9071 681.1771 674.7485 668.9926 663.2366 657.4807 651.7248 649.5822 648.3923 647.2024 646.0125 646.3847 650.9088 655.4327 659.9569 664.481 664.7221 663.5765 662.4308
424.7341 428.8795 432.7996 436.7197 440.6397 444.5598 446.181 447.734 449.2871 450.8401 454.5285 460.7929 467.0573 473.3216 479.5862 491.5547 503.9181 516.2814 528.6448 541.4967 555.0314 568.5657 582.1 595.6342 596.2155 595.346 594.4765 593.6069 593.5916 594.962 596.3326 597.7031 599.0735 613.777 630.591 647.4051 664.2192 677.3494 683.4955 689.6418 695.788 701.9341 697.4229 690.6877 683.9525 677.2171 670.9763 665.8393 660.7023 655.5654 650.4284 648.334 647.0419 645.7497 644.4576 644.595 648.5324 652.4698 656.4073 660.3447 659.3283 656.7079 654.0876
420.7238 424.6582 428.4019 432.1456 435.8893 439.633 440.5267 441.336 442.1453 442.9546 445.4884 450.1026 454.7169 459.3311 463.9455 474.8091 486.1052 497.4013 508.6974 520.8199 534.0971 547.3738 560.6505 573.9272 576.0323 576.8864 577.7403 578.5943 580.2839 583.3295 586.3752 589.4208 592.4664 607.3196 624.0419 640.7642 657.4866 670.4064 676.1171 681.828 687.5388 693.2495 689.0573 682.7985 676.5397 670.2806 664.5597 660.0394 655.5192 650.999 646.4788 644.4339 643.0416 641.6494 640.2572 640.0455 642.9717 645.8978 648.824 651.7502 649.6766 645.9841 642.2916
414.7592 418.7165 422.2933 425.8701 429.447 433.0238 433.2646 433.4065 433.5484 433.6904 435.1129 438.0802 441.0475 444.0148 446.9823 456.9137 467.3272 477.7407 488.1541 499.2817 511.4071 523.532 535.6569 547.7819 551.0004 553.2214 555.4424 557.6635 560.8146 565.4748 570.135 574.7952 579.4554 594.0601 610.2388 626.4176 642.5963 655.1231 660.7262 666.3295 671.9325 677.5356 674.2955 669.21 664.1245 659.0388 654.3179 650.4113 646.5046 642.5978 638.6912 636.6977 635.2086 633.7195 632.2304 631.504 632.8047 634.1055 635.4063 636.7071 633.866 629.6837 625.5015
408.7946 412.7747 416.1847 419.5947 423.0047 426.4147 426.0025 425.4771 424.9516 424.4261 424.7373 426.0577 427.3781 428.6985 430.019 439.0184 448.5492 458.08 467.6109 477.7435 488.7171 499.6902 510.6634 521.6366 525.9684 529.5565 533.1446 536.7327 541.3453 547.6201 553.8949 560.1697 566.4445 580.8006 596.4357 612.0709 627.7061 639.8398 645.3353 650.8309 656.3263 661.8218 659.5338 655.6215 651.7093 647.7969 644.0762 640.783 637.4899 634.1968 630.9036 628.9615 627.3755 625.7896 624.2036 622.9625 622.6378 622.3132 621.9886 621.6639 618.0553 613.3833 608.7113
402.8298 406.8327 410.0759 413.319 416.5622 419.8053 418.7402 417.5473 416.3545 415.1616 414.3614 414.0349 413.7083 413.3817 413.0552 421.1224 429.7705 438.4187 447.0669 456.2046 466.0263 475.8476 485.669 495.4904 500.9356 505.8908 510.8459 515.8012 521.8752 529.7647 537.6542 545.5437 553.4332 567.5406 582.6322 597.7238 612.8153 624.556 629.9438 635.3317 640.7195 646.1074 644.7715 642.0326 639.2937 636.5546 633.834 631.1545 628.4749 625.7953 623.1158 621.225 619.5421 617.8593 616.1765 614.4206 612.4705 610.5205 608.5704 606.6203 602.2441 597.0823 591.9205
396.8652 400.891 403.9673 407.0436 410.1199 413.1962 411.4781 409.6179 407.7576 405.8974 403.9859 402.0124 400.0389 398.0655 396.0919 403.227 410.9926 418.7581 426.5236 434.6664 443.3362 452.0059 460.6755 469.3451 475.9037 482.2259 488.5481 494.8705 502.4059 511.91 521.4141 530.9182 540.4222 554.2812 568.8291 583.3771 597.925 609.2726 614.5528 619.8332 625.1133 630.3935 630.0098 628.4442 626.8785 625.3128 623.5923 621.5263 619.4603 617.3943 615.3282 613.4888 611.709 609.9293 608.1497 605.879 602.3036 598.7281 595.1526 591.5772 586.4335 580.7819 575.1304
386.5584 390.636 393.4912 396.3464 399.2017 402.0569 399.1446 396.0612 392.9778 389.8945 387.1657 384.8646 382.5634 380.2622 377.961 384.8493 392.3737 399.8981 407.4225 414.9969 422.6415 430.2858 437.9301 445.5745 452.4141 459.1636 465.9132 472.6629 480.4359 489.8694 499.3029 508.7365 518.17 531.6631 545.7985 559.9338 574.0692 585.172 590.5253 595.8787 601.2319 606.5851 607.5997 607.7089 607.818 607.9271 607.5895 606.2545 604.9196 603.5846 602.2496 600.0177 597.5491 595.0807 592.6122 589.6439 585.3466 581.0494 576.752 572.4547 566.9897 561.1466 555.3035
375.4211 379.5558 382.1797 384.8035 387.4273 390.0511 385.8409 381.4282 377.0154 372.6026 369.1128 366.7363 364.3597 361.9832 359.6066 366.3793 373.7853 381.1913 388.5973 395.685 402.3285 408.9717 415.6149 422.2581 429.2196 436.2167 443.2138 450.2112 457.9875 467.0281 476.0688 485.1094 494.1501 507.2549 521.0027 534.7506 548.4985 559.3847 564.8456 570.3067 575.7676 581.2285 583.7266 585.6065 587.4863 589.3663 590.4847 589.9033 589.3218 588.7404 588.1589 585.4495 582.179 578.9086 575.6382 571.9371 567.0908 562.2446 557.3981 552.5519 546.851 540.8733 534.8956
364.2838 368.4758 370.8681 373.2605 375.6529 378.0453 372.5373 366.7952 361.0529 355.3107 351.0599 348.608 346.1561 343.7042 341.2523 347.9094 355.1969 362.4845 369.7721 376.3731 382.0154 387.6575 393.2997 398.9418 406.0251 413.2698 420.5145 427.7594 435.5391 444.1868 452.8346 461.4823 470.1301 482.8466 496.207 509.5674 522.9277 533.5974 539.166 544.7347 550.3032 555.8718 559.8535 563.5041 567.1547 570.8054 573.3799 573.5519 573.724 573.8961 574.0681 570.8813 566.8089 562.7366 558.6642 554.2302 548.835 543.4398 538.0443 532.6491 526.7123 520.6 514.4878
353.1465 357.3957 359.5566 361.7176 363.8785 366.0395 359.2337 352.1621 345.0904 338.0188 333.007 330.4797 327.9525 325.4252 322.8979 329.4394 336.6086 343.7777 350.9469 357.0612 361.7024 366.3434 370.9844 375.6254 382.8305 390.3228 397.8151 405.3076 413.0907 421.3456 429.6004 437.8553 446.1101 458.4384 471.4112 484.3841 497.3569 507.8101 513.4863 519.1627 524.8389 530.515 535.9803 541.4017 546.8231 552.2446 556.275 557.2006 558.1262 559.0518 559.9774 556.3132 551.4387 546.5645 541.6902 536.5234 530.5792 524.6349 518.6906 512.7463 506.5735 500.3268 494.08
342.4724 346.5247 348.3583 350.1919 352.0255 353.8591 346.045 337.9449 329.8446 321.7445 316.0512 313.261 310.4709 307.6808 304.8906 311.182 318.1019 325.0219 331.9418 337.6023 341.504 345.4056 349.3072 353.2087 360.4456 368.0562 375.6667 383.2775 391.052 399.0927 407.1335 415.1742 423.2149 434.9673 447.307 459.6467 471.9864 482.0532 487.8109 493.5687 499.3264 505.084 511.6219 518.3227 525.0234 531.7244 536.797 538.2348 539.6726 541.1104 542.5482 538.6531 533.3517 528.0505 522.7493 517.1445 510.7326 504.3208 497.9088 491.497 484.994 478.4615 471.929
333.0505 336.2192 337.4661 338.713 339.96 341.2069 333.1668 324.8515 316.5359 308.2205 302.0606 298.5008 294.9411 291.3813 287.8214 293.4991 299.8163 306.1334 312.4505 317.7462 321.6157 325.485 329.3542 333.2235 340.2491 347.6282 355.0072 362.3866 370.1206 378.4304 386.7403 395.0501 403.3599 414.0293 425.0719 436.1144 447.157 456.3783 462.1468 467.9154 473.6838 479.4522 485.9519 492.6042 499.2565 505.909 510.9048 512.2027 513.5005 514.7984 516.0963 512.6362 507.9215 503.2069 498.4924 493.2462 486.5868 479.9274 473.2678 466.6085 459.5204 452.2936 445.0668
323.6285 325.9137 326.5739 327.2342 327.8944 328.5547 320.2886 311.758 303.2271 294.6965 288.07 283.7406 279.4112 275.0817 270.7521 275.8163 281.5306 287.2449 292.9592 297.8902 301.7274 305.5643 309.4013 313.2383 320.0525 327.2002 334.3478 341.4957 349.1891 357.7681 366.347 374.926 383.5049 393.0912 402.8367 412.5822 422.3276 430.7035 436.4827 442.2621 448.0412 453.8204 460.2819 466.8857 473.4895 480.0936 485.0127 486.1706 487.3285 488.4864 489.6443 486.6193 482.4913 478.3634 474.2356 469.348 462.441 455.5341 448.6269 441.7199 434.0469 426.1258 418.2047
314.2066 315.6081 315.6817 315.7553 315.8289 315.9025 307.4105 298.6646 289.9184 281.1725 274.0795 268.9804 263.8813 258.7822 253.6829 258.1335 263.2449 268.3564 273.468 278.0342 281.839 285.6437 289.4484 293.2531 299.8559 306.7722 313.6884 320.6048 328.2577 337.1057 345.9538 354.8018 363.6499 372.1532 380.6016 389.0499 397.4983 405.0286 410.8186 416.6087 422.3987 428.1886 434.6118 441.1672 447.7226 454.2782 459.1205 460.1385 461.1564 462.1744 463.1924 460.6024 457.0611 453.5199 449.9787 445.4497 438.2952 431.1407 423.9859 416.8314 408.5733 399.9579 391.3425
