data/zism_data/00793_01_D.txt
ncols         224
nrows         224
[rows 112 to 139 of 224, columns 126 to 188 of 224]
1309.731 1309.615 1309.53 1309.445 1309.359 1309.285 1309.243 1309.2 1309.158 1309.115 1309.036 1308.943 1308.851 1308.758 1308.641 1308.423 1308.205 1307.986 1307.768 1307.575 1307.395 1307.215 1307.035 1306.871 1306.828 1306.786 1306.743 1306.701 1306.683 1306.683 1306.683 1306.683 1306.683 1306.683 1306.683 1306.683 1306.683 1306.683 1306.683 1306.683 1306.683 1306.683 1306.827 1306.976 1307.125 1307.274 1307.417 1307.553 1307.688 1307.823 1307.959 1307.972 1307.972 1307.972 1307.972 1308.026 1308.173 1308.32 1308.466 1308.613 1308.831 1309.063 1309.295
1309.142 1309.005 1308.891 1308.778 1308.665 1308.569 1308.525 1308.48 1308.435 1308.391 1308.343 1308.293 1308.244 1308.195 1308.116 1307.911 1307.706 1307.502 1307.297 1307.098 1306.902 1306.706 1306.51 1306.33 1306.27 1306.21 1306.15 1306.09 1306.065 1306.065 1306.065 1306.065 1306.065 1306.065 1306.065 1306.065 1306.065 1306.068 1306.075 1306.082 1306.088 1306.095 1306.263 1306.437 1306.611 1306.784 1306.938 1307.065 1307.191 1307.318 1307.445 1307.458 1307.458 1307.458 1307.458 1307.514 1307.667 1307.821 1307.974 1308.128 1308.35 1308.586 1308.822
1308.561 1308.386 1308.235 1308.084 1307.933 1307.813 1307.779 1307.745 1307.711 1307.677 1307.675 1307.685 1307.695 1307.705 1307.671 1307.445 1307.218 1306.992 1306.766 1306.559 1306.363 1306.167 1305.971 1305.788 1305.701 1305.614 1305.527 1305.44 1305.404 1305.404 1305.404 1305.404 1305.404 1305.404 1305.404 1305.404 1305.404 1305.415 1305.438 1305.461 1305.484 1305.506 1305.681 1305.86 1306.039 1306.218 1306.379 1306.517 1306.654 1306.792 1306.93 1306.944 1306.944 1306.944 1306.944 1307.005 1307.175 1307.344 1307.514 1307.684 1307.891 1308.105 1308.32
1307.98 1307.768 1307.58 1307.391 1307.202 1307.056 1307.033 1307.01 1306.987 1306.964 1307.008 1307.077 1307.147 1307.216 1307.226 1306.978 1306.73 1306.482 1306.234 1306.02 1305.824 1305.628 1305.432 1305.246 1305.132 1305.018 1304.904 1304.79 1304.742 1304.742 1304.742 1304.742 1304.742 1304.742 1304.742 1304.742 1304.742 1304.762 1304.801 1304.84 1304.879 1304.918 1305.098 1305.283 1305.467 1305.651 1305.82 1305.969 1306.117 1306.266 1306.414 1306.429 1306.429 1306.429 1306.429 1306.497 1306.682 1306.868 1307.054 1307.24 1307.432 1307.625 1307.818
1307.398 1307.151 1306.924 1306.697 1306.47 1306.3 1306.287 1306.275 1306.263 1306.251 1306.341 1306.469 1306.598 1306.727 1306.781 1306.511 1306.242 1305.972 1305.703 1305.481 1305.285 1305.089 1304.893 1304.704 1304.563 1304.422 1304.281 1304.14 1304.081 1304.081 1304.081 1304.081 1304.081 1304.081 1304.081 1304.081 1304.081 1304.109 1304.164 1304.219 1304.274 1304.33 1304.516 1304.705 1304.895 1305.085 1305.262 1305.421 1305.58 1305.739 1305.899 1305.915 1305.915 1305.915 1305.915 1305.988 1306.19 1306.392 1306.594 1306.797 1306.973 1307.145 1307.316
1306.817 1306.532 1306.268 1306.003 1305.739 1305.543 1305.542 1305.54 1305.539 1305.537 1305.673 1305.862 1306.05 1306.238 1306.336 1306.045 1305.754 1305.463 1305.172 1304.943 1304.746 1304.551 1304.354 1304.162 1303.994 1303.826 1303.658 1303.49 1303.42 1303.42 1303.42 1303.42 1303.42 1303.42 1303.42 1303.42 1303.42 1303.456 1303.527 1303.599 1303.67 1303.741 1303.933 1304.128 1304.323 1304.519 1304.703 1304.873 1305.043 1305.213 1305.383 1305.4 1305.4 1305.4 1305.4 1305.479 1305.698 1305.916 1306.135 1306.353 1306.515 1306.664 1306.814
1306.239 1305.926 1305.637 1305.349 1305.061 1304.848 1304.848 1304.848 1304.848 1304.848 1304.983 1305.17 1305.356 1305.543 1305.644 1305.378 1305.113 1304.847 1304.581 1304.367 1304.181 1303.994 1303.807 1303.618 1303.409 1303.2 1302.991 1302.782 1302.694 1302.694 1302.694 1302.694 1302.694 1302.694 1302.694 1302.694 1302.694 1302.746 1302.848 1302.949 1303.051 1303.152 1303.337 1303.523 1303.71 1303.896 1304.087 1304.281 1304.476 1304.671 1304.866 1304.886 1304.886 1304.886 1304.886 1304.966 1305.186 1305.407 1305.627 1305.848 1306.031 1306.206 1306.381
1305.661 1305.321 1305.011 1304.701 1304.391 1304.162 1304.162 1304.162 1304.162 1304.162 1304.29 1304.465 1304.641 1304.817 1304.916 1304.682 1304.449 1304.215 1303.982 1303.786 1303.611 1303.435 1303.259 1303.074 1302.822 1302.57 1302.318 1302.065 1301.959 1301.959 1301.959 1301.959 1301.959 1301.959 1301.959 1301.959 1301.959 1302.027 1302.161 1302.296 1302.43 1302.564 1302.738 1302.914 1303.09 1303.266 1303.461 1303.683 1303.905 1304.127 1304.349 1304.372 1304.372 1304.372 1304.372 1304.452 1304.672 1304.892 1305.113 1305.333 1305.543 1305.751 1305.958
1305.083 1304.716 1304.384 1304.053 1303.721 1303.476 1303.476 1303.476 1303.476 1303.476 1303.596 1303.761 1303.926 1304.091 1304.187 1303.986 1303.785 1303.584 1303.383 1303.206 1303.041 1302.875 1302.711 1302.53 1302.235 1301.94 1301.644 1301.349 1301.225 1301.225 1301.225 1301.225 1301.225 1301.225 1301.225 1301.225 1301.225 1301.309 1301.476 1301.642 1301.808 1301.975 1302.14 1302.305 1302.47 1302.635 1302.836 1303.085 1303.334 1303.583 1303.832 1303.857 1303.857 1303.857 1303.857 1303.937 1304.158 1304.378 1304.599 1304.819 1305.055 1305.295 1305.535
1304.505 1304.11 1303.758 1303.405 1303.052 1302.791 1302.791 1302.791 1302.791 1302.791 1302.902 1303.056 1303.211 1303.365 1303.458 1303.29 1303.121 1302.953 1302.784 1302.625 1302.471 1302.316 1302.162 1301.987 1301.648 1301.309 1300.971 1300.632 1300.49 1300.49 1300.49 1300.49 1300.49 1300.49 1300.49 1300.49 1300.49 1300.591 1300.79 1300.988 1301.187 1301.386 1301.542 1301.696 1301.85 1302.004 1302.211 1302.487 1302.763 1303.039 1303.315 1303.343 1303.343 1303.343 1303.343 1303.423 1303.643 1303.864 1304.084 1304.305 1304.568 1304.84 1305.113
1304.044 1303.625 1303.247 1302.869 1302.49 1302.209 1302.2 1302.191 1302.182 1302.173 1302.275 1302.42 1302.566 1302.711 1302.802 1302.66 1302.519 1302.377 1302.236 1302.094 1301.953 1301.811 1301.669 1301.503 1301.146 1300.79 1300.433 1300.076 1299.927 1299.927 1299.927 1299.927 1299.927 1299.927 1299.927 1299.927 1299.927 1300.033 1300.243 1300.452 1300.662 1300.871 1301.01 1301.146 1301.282 1301.418 1301.621 1301.909 1302.198 1302.486 1302.775 1302.819 1302.835 1302.851 1302.867 1302.955 1303.171 1303.385 1303.601 1303.816 1304.09 1304.377 1304.663
1303.817 1303.379 1302.968 1302.558 1302.147 1301.834 1301.798 1301.762 1301.726 1301.69 1301.781 1301.921 1302.061 1302.201 1302.291 1302.165 1302.04 1301.914 1301.789 1301.664 1301.538 1301.413 1301.288 1301.139 1300.815 1300.491 1300.167 1299.842 1299.706 1299.706 1299.706 1299.706 1299.706 1299.706 1299.706 1299.706 1299.706 1299.796 1299.973 1300.151 1300.328 1300.505 1300.611 1300.715 1300.818 1300.922 1301.099 1301.372 1301.644 1301.916 1302.189 1302.274 1302.339 1302.404 1302.469 1302.582 1302.781 1302.98 1303.179 1303.378 1303.631 1303.896 1304.161
1303.59 1303.133 1302.69 1302.247 1301.804 1301.46 1301.397 1301.334 1301.271 1301.208 1301.288 1301.422 1301.556 1301.691 1301.779 1301.67 1301.561 1301.452 1301.343 1301.233 1301.124 1301.015 1300.906 1300.776 1300.484 1300.192 1299.9 1299.608 1299.486 1299.486 1299.486 1299.486 1299.486 1299.486 1299.486 1299.486 1299.486 1299.559 1299.704 1299.849 1299.994 1300.139 1300.212 1300.283 1300.355 1300.426 1300.578 1300.834 1301.09 1301.346 1301.602 1301.73 1301.844 1301.957 1302.07 1302.209 1302.392 1302.574 1302.757 1302.939 1303.172 1303.416 1303.66
1303.363 1302.886 1302.411 1301.935 1301.46 1301.085 1300.995 1300.905 1300.815 1300.725 1300.794 1300.923 1301.052 1301.181 1301.268 1301.175 1301.082 1300.989 1300.896 1300.803 1300.71 1300.617 1300.524 1300.412 1300.152 1299.893 1299.634 1299.374 1299.265 1299.265 1299.265 1299.265 1299.265 1299.265 1299.265 1299.265 1299.265 1299.322 1299.435 1299.547 1299.66 1299.772 1299.813 1299.852 1299.891 1299.93 1300.056 1300.296 1300.536 1300.776 1301.016 1301.186 1301.348 1301.51 1301.672 1301.836 1302.002 1302.168 1302.335 1302.501 1302.714 1302.936 1303.158
1303.135 1302.64 1302.132 1301.624 1301.117 1300.711 1300.594 1300.477 1300.36 1300.243 1300.3 1300.424 1300.547 1300.671 1300.757 1300.68 1300.603 1300.526 1300.45 1300.373 1300.296 1300.219 1300.142 1300.048 1299.821 1299.594 1299.367 1299.14 1299.045 1299.045 1299.045 1299.045 1299.045 1299.045 1299.045 1299.045 1299.045 1299.085 1299.165 1299.245 1299.326 1299.406 1299.414 1299.421 1299.427 1299.434 1299.535 1299.759 1299.983 1300.206 1300.43 1300.642 1300.852 1301.063 1301.274 1301.462 1301.613 1301.763 1301.913 1302.063 1302.255 1302.455 1302.656
1303.028 1302.531 1302.017 1301.503 1300.988 1300.568 1300.416 1300.263 1300.11 1299.958 1299.989 1300.09 1300.191 1300.292 1300.362 1300.302 1300.241 1300.181 1300.12 1300.057 1299.992 1299.927 1299.862 1299.78 1299.564 1299.347 1299.131 1298.915 1298.824 1298.824 1298.824 1298.824 1298.824 1298.824 1298.824 1298.824 1298.824 1298.868 1298.954 1299.041 1299.127 1299.214 1299.216 1299.216 1299.216 1299.216 1299.301 1299.495 1299.69 1299.885 1300.079 1300.286 1300.493 1300.701 1300.908 1301.094 1301.241 1301.388 1301.535 1301.682 1301.851 1302.026 1302.2
1302.951 1302.458 1301.944 1301.429 1300.915 1300.485 1300.295 1300.104 1299.914 1299.723 1299.724 1299.798 1299.872 1299.946 1299.998 1299.954 1299.909 1299.865 1299.821 1299.77 1299.716 1299.662 1299.608 1299.535 1299.325 1299.114 1298.903 1298.692 1298.604 1298.604 1298.604 1298.604 1298.604 1298.604 1298.604 1298.604 1298.604 1298.656 1298.758 1298.861 1298.964 1299.066 1299.069 1299.069 1299.069 1299.069 1299.14 1299.302 1299.464 1299.626 1299.789 1299.977 1300.168 1300.36 1300.551 1300.726 1300.873 1301.02 1301.167 1301.314 1301.462 1301.609 1301.756
1302.875 1302.384 1301.87 1301.356 1300.841 1300.402 1300.173 1299.945 1299.717 1299.489 1299.46 1299.507 1299.554 1299.601 1299.634 1299.605 1299.577 1299.549 1299.521 1299.483 1299.44 1299.396 1299.353 1299.291 1299.086 1298.88 1298.675 1298.47 1298.383 1298.383 1298.383 1298.383 1298.383 1298.383 1298.383 1298.383 1298.383 1298.444 1298.562 1298.681 1298.8 1298.919 1298.922 1298.922 1298.922 1298.922 1298.979 1299.109 1299.238 1299.368 1299.498 1299.669 1299.844 1300.019 1300.194 1300.359 1300.506 1300.653 1300.8 1300.947 1301.072 1301.192 1301.313
1302.798 1302.311 1301.797 1301.282 1300.768 1300.318 1300.052 1299.786 1299.52 1299.254 1299.196 1299.215 1299.235 1299.255 1299.269 1299.257 1299.245 1299.233 1299.221 1299.196 1299.164 1299.131 1299.099 1299.047 1298.847 1298.647 1298.447 1298.247 1298.163 1298.163 1298.163 1298.163 1298.163 1298.163 1298.163 1298.163 1298.163 1298.231 1298.366 1298.501 1298.636 1298.771 1298.775 1298.775 1298.775 1298.775 1298.818 1298.915 1299.012 1299.11 1299.207 1299.36 1299.519 1299.678 1299.837 1299.991 1300.138 1300.285 1300.432 1300.579 1300.682 1300.776 1300.869
1302.701 1302.225 1301.719 1301.213 1300.707 1300.259 1299.973 1299.688 1299.402 1299.117 1299.032 1299.024 1299.015 1299.007 1298.998 1298.985 1298.972 1298.96 1298.947 1298.927 1298.904 1298.881 1298.858 1298.815 1298.618 1298.42 1298.223 1298.025 1297.943 1297.943 1297.943 1297.943 1297.943 1297.943 1297.943 1297.943 1297.943 1298.013 1298.151 1298.29 1298.428 1298.567 1298.583 1298.596 1298.608 1298.621 1298.658 1298.728 1298.797 1298.866 1298.935 1299.078 1299.229 1299.381 1299.532 1299.678 1299.817 1299.955 1300.094 1300.233 1300.314 1300.383 1300.452
1302.548 1302.104 1301.63 1301.157 1300.683 1300.267 1300.014 1299.761 1299.508 1299.255 1299.156 1299.115 1299.074 1299.033 1298.988 1298.927 1298.866 1298.805 1298.743 1298.711 1298.693 1298.675 1298.657 1298.618 1298.416 1298.213 1298.01 1297.807 1297.722 1297.722 1297.722 1297.722 1297.722 1297.722 1297.722 1297.722 1297.722 1297.776 1297.882 1297.988 1298.094 1298.2 1298.263 1298.324 1298.385 1298.447 1298.504 1298.557 1298.61 1298.664 1298.717 1298.872 1299.04 1299.207 1299.375 1299.52 1299.626 1299.732 1299.838 1299.944 1300.006 1300.06 1300.113
1302.394 1301.983 1301.542 1301.101 1300.659 1300.276 1300.055 1299.834 1299.614 1299.393 1299.279 1299.206 1299.133 1299.059 1298.979 1298.869 1298.76 1298.65 1298.54 1298.494 1298.481 1298.469 1298.457 1298.422 1298.214 1298.005 1297.797 1297.589 1297.502 1297.502 1297.502 1297.502 1297.502 1297.502 1297.502 1297.502 1297.502 1297.539 1297.613 1297.686 1297.76 1297.834 1297.943 1298.052 1298.162 1298.272 1298.35 1298.387 1298.424 1298.461 1298.498 1298.667 1298.85 1299.034 1299.217 1299.361 1299.435 1299.509 1299.582 1299.656 1299.699 1299.736 1299.773
1302.24 1301.862 1301.453 1301.044 1300.635 1300.284 1300.096 1299.908 1299.719 1299.531 1299.403 1299.297 1299.191 1299.086 1298.97 1298.812 1298.653 1298.495 1298.336 1298.277 1298.27 1298.263 1298.256 1298.225 1298.012 1297.798 1297.584 1297.371 1297.281 1297.281 1297.281 1297.281 1297.281 1297.281 1297.281 1297.281 1297.281 1297.302 1297.343 1297.385 1297.426 1297.467 1297.622 1297.781 1297.939 1298.098 1298.196 1298.217 1298.238 1298.258 1298.279 1298.461 1298.66 1298.86 1299.06 1299.202 1299.244 1299.285 1299.326 1299.368 1299.392 1299.413 1299.433
1302.087 1301.74 1301.364 1300.988 1300.612 1300.293 1300.137 1299.981 1299.825 1299.669 1299.526 1299.388 1299.25 1299.112 1298.961 1298.754 1298.547 1298.34 1298.133 1298.06 1298.058 1298.057 1298.055 1298.029 1297.81 1297.591 1297.372 1297.153 1297.061 1297.061 1297.061 1297.061 1297.061 1297.061 1297.061 1297.061 1297.061 1297.065 1297.074 1297.083 1297.092 1297.101 1297.302 1297.509 1297.716 1297.923 1298.042 1298.047 1298.051 1298.056 1298.06 1298.255 1298.471 1298.687 1298.903 1299.044 1299.053 1299.062 1299.07 1299.079 1299.085 1299.089 1299.094
1301.88 1301.575 1301.243 1300.911 1300.579 1300.295 1300.148 1300.001 1299.854 1299.707 1299.543 1299.373 1299.202 1299.032 1298.853 1298.641 1298.428 1298.216 1298.003 1297.911 1297.884 1297.856 1297.829 1297.781 1297.581 1297.38 1297.179 1296.978 1296.889 1296.881 1296.873 1296.865 1296.858 1296.854 1296.85 1296.846 1296.842 1296.846 1296.858 1296.87 1296.881 1296.893 1297.089 1297.289 1297.49 1297.691 1297.813 1297.833 1297.852 1297.872 1297.891 1298.06 1298.245 1298.43 1298.616 1298.734 1298.734 1298.734 1298.734 1298.734 1298.74 1298.748 1298.756
1301.653 1301.394 1301.11 1300.827 1300.543 1300.295 1300.148 1300.001 1299.854 1299.707 1299.52 1299.317 1299.114 1298.911 1298.708 1298.507 1298.305 1298.103 1297.901 1297.789 1297.723 1297.658 1297.593 1297.515 1297.341 1297.167 1296.994 1296.82 1296.736 1296.717 1296.698 1296.68 1296.662 1296.652 1296.643 1296.634 1296.624 1296.634 1296.662 1296.69 1296.718 1296.746 1296.915 1297.089 1297.263 1297.437 1297.556 1297.602 1297.649 1297.695 1297.742 1297.869 1298.006 1298.143 1298.279 1298.366 1298.366 1298.366 1298.366 1298.366 1298.382 1298.4 1298.419
1301.426 1301.212 1300.977 1300.742 1300.507 1300.295 1300.148 1300.001 1299.854 1299.707 1299.496 1299.261 1299.026 1298.791 1298.564 1298.373 1298.182 1297.991 1297.8 1297.666 1297.563 1297.46 1297.357 1297.249 1297.102 1296.955 1296.808 1296.661 1296.583 1296.553 1296.524 1296.494 1296.465 1296.451 1296.436 1296.421 1296.407 1296.422 1296.466 1296.51 1296.554 1296.598 1296.742 1296.889 1297.036 1297.183 1297.298 1297.371 1297.445 1297.519 1297.592 1297.679 1297.767 1297.855 1297.943 1297.999 1297.999 1297.999 1297.999 1297.999 1298.023 1298.053 1298.082
1301.199 1301.03 1300.844 1300.658 1300.471 1300.295 1300.148 1300.001 1299.854 1299.707 1299.473 1299.205 1298.938 1298.67 1298.419 1298.239 1298.058 1297.878 1297.698 1297.543 1297.402 1297.262 1297.121 1296.983 1296.863 1296.743 1296.623 1296.503 1296.429 1296.389 1296.349 1296.309 1296.269 1296.249 1296.229 1296.209 1296.189 1296.209 1296.27 1296.33 1296.391 1296.451 1296.569 1296.689 1296.809 1296.929 1297.04 1297.141 1297.241 1297.342 1297.442 1297.488 1297.527 1297.567 1297.606 1297.632 1297.632 1297.632 1297.632 1297.632 1297.665 1297.705 1297.745
