data/zism_data/00792_01_D.txt
ncols         224
nrows         224
[rows 0 to 27 of 224, columns 0 to 62 of 224]
213.7061 212.1121 210.5181 208.9241 210.0678 211.2517 212.4357 213.6196 215.0432 216.7782 218.5133 220.2483 221.9834 223.7598 225.5417 227.3235 229.1053 231.0089 233.1559 235.3029 237.45 239.597 242.1617 244.8424 247.5232 250.2039 253.1314 256.8762 260.6211 264.366 268.1108 271.8861 275.6756 279.4651 283.2547 286.8863 289.4657 292.045 294.6243 297.2036 300.6453 304.7122 308.7792 312.8461 316.8307 318.058 319.2852 320.5125 321.7398 322.6095 323.0891 323.5688 324.0484 324.528 324.4353 324.2979 324.1604 324.0229 324.7595 326.9413 329.1232 331.3051 333.4869
214.7736 213.6679 212.5622 211.4565 212.8029 214.1853 215.5677 216.9502 218.5209 220.3365 222.152 223.9676 225.7831 227.5404 229.29 231.0397 232.7893 234.6446 236.7112 238.7777 240.8442 242.9108 245.2564 247.6796 250.1028 252.526 255.1686 258.5378 261.9071 265.2764 268.6456 272.1952 275.8291 279.463 283.097 286.6444 289.6154 292.5864 295.5574 298.5284 303.0336 308.6512 314.2688 319.8865 325.411 327.8187 330.2263 332.6339 335.0416 336.3116 336.3405 336.3695 336.3984 336.4274 335.9536 335.4406 334.9275 334.4145 334.9311 337.1505 339.3699 341.5893 343.8087
215.8411 215.2236 214.6062 213.9887 215.5378 217.1188 218.6997 220.2807 221.9986 223.8946 225.7906 227.6867 229.5827 231.3208 233.0383 234.7558 236.4732 238.2802 240.2663 242.2523 244.2384 246.2244 248.351 250.5167 252.6824 254.8481 257.2057 260.1994 263.1931 266.1868 269.1805 272.5042 275.9826 279.4609 282.9393 286.4025 289.7651 293.1278 296.4904 299.853 305.4218 312.5901 319.7583 326.9266 333.991 337.579 341.167 344.7549 348.3429 350.0132 349.5915 349.1697 348.748 348.3263 347.4715 346.5829 345.6942 344.8056 345.1023 347.3593 349.6163 351.8732 354.1302
216.9086 216.7794 216.6502 216.521 218.2728 220.0523 221.8318 223.6112 225.4764 227.4529 229.4294 231.4059 233.3824 235.1014 236.7867 238.4719 240.1572 241.9159 243.8215 245.7271 247.6326 249.5382 251.4458 253.3539 255.2621 257.1702 259.243 261.861 264.4791 267.0972 269.7153 272.8133 276.1361 279.4588 282.7816 286.1606 289.9149 293.6692 297.4235 301.1778 307.8101 316.5291 325.248 333.967 342.5714 347.3397 352.108 356.8763 361.6447 363.7152 362.8428 361.9704 361.098 360.2256 358.9898 357.7256 356.4614 355.1971 355.2739 357.5685 359.863 362.1575 364.452
220.0548 220.0755 220.0961 220.1168 221.9934 223.8974 225.8013 227.7053 229.6413 231.6189 233.5966 235.5743 237.5519 239.1819 240.7662 242.3506 243.9349 245.6171 247.4951 249.373 251.251 253.129 255.0235 256.9226 258.8218 260.7209 262.7462 265.1897 267.6331 270.0765 272.52 275.3123 278.268 281.2237 284.1793 287.3137 291.6394 295.9651 300.2907 304.6164 311.8728 321.254 330.6353 340.0165 349.2653 354.0825 358.8996 363.7168 368.5339 370.6471 369.8104 368.9738 368.1371 367.3005 366.1015 364.8741 363.6468 362.4194 362.4636 364.6106 366.7576 368.9047 371.0517
223.2315 223.3971 223.5626 223.7281 225.7285 227.7558 229.7832 231.8105 233.8163 235.7939 237.7716 239.7493 241.7269 243.2668 244.7492 246.2316 247.7139 249.3193 251.1704 253.0216 254.8727 256.7238 258.6083 260.5021 262.3959 264.2896 266.271 268.5428 270.8145 273.0863 275.358 277.8434 280.4289 283.0144 285.5999 288.4872 293.387 298.2867 303.1864 308.0861 315.9601 325.9906 336.021 346.0514 355.9316 360.7809 365.6303 370.4796 375.3289 377.4794 376.6857 375.892 375.0983 374.3045 373.1484 371.964 370.7796 369.5952 369.6094 371.6063 373.6031 375.5999 377.5967
226.4084 226.7188 227.0292 227.3396 229.4637 231.6144 233.7652 235.9159 237.9914 239.9691 241.9468 243.9244 245.9021 247.3518 248.7322 250.1127 251.4931 253.0215 254.8459 256.6702 258.4945 260.3188 262.1933 264.0817 265.9701 267.8585 269.796 271.896 273.996 276.0961 278.1961 280.3747 282.59 284.8052 287.0205 289.6608 295.1346 300.6084 306.0822 311.556 320.0476 330.7273 341.4069 352.0866 362.5981 367.4796 372.3611 377.2427 382.1242 384.312 383.5612 382.8104 382.0596 381.3088 380.1956 379.0541 377.9126 376.7711 376.7556 378.6021 380.4487 382.2953 384.1419
229.5851 230.0404 230.4957 230.9509 233.1987 235.4729 237.747 240.0212 242.1664 244.1441 246.1218 248.0994 250.0771 251.4367 252.7152 253.9937 255.2722 256.7237 258.5212 260.3187 262.1162 263.9137 265.7781 267.6612 269.5442 271.4272 273.3207 275.2491 277.1775 279.1058 281.0341 282.9058 284.7509 286.596 288.4411 290.8344 296.8822 302.9301 308.9779 315.0257 324.1349 335.4638 346.7927 358.1215 369.2644 374.1781 379.0918 384.0055 388.9192 391.1443 390.4365 389.7286 389.0207 388.3129 387.2426 386.144 385.0454 383.9468 383.9014 385.5978 387.2941 388.9905 390.6869
232.938 233.4868 234.0356 234.5844 236.8954 239.2323 241.5692 243.9061 246.1082 248.1348 250.1615 252.1881 254.2148 255.5126 256.7148 257.9171 259.1193 260.5071 262.2661 264.0251 265.7841 267.5431 269.4041 271.2935 273.1828 275.0721 276.9382 278.7275 280.5169 282.3062 284.0955 285.669 287.1416 288.6142 290.0867 292.2677 299.1719 306.0761 312.9803 319.8844 329.4662 340.9894 352.5126 364.0358 375.3558 379.8725 384.3892 388.9059 393.4226 395.4767 394.8444 394.2121 393.5798 392.9475 391.9485 390.9208 389.8932 388.8655 388.7532 390.1547 391.5562 392.9576 394.3592
236.5195 237.0952 237.6708 238.2465 240.542 242.8628 245.1836 247.5044 249.7463 251.8856 254.025 256.1643 258.3036 259.5765 260.7358 261.8951 263.0544 264.3958 266.1011 267.8065 269.5118 271.2172 273.0833 274.9941 276.9049 278.8157 280.6759 282.3686 284.0614 285.7541 287.4468 288.7338 289.8308 290.9278 292.0248 294.0388 302.1662 310.2936 318.4211 326.5484 336.4142 347.5404 358.6665 369.7927 380.6995 384.2612 387.8229 391.3846 394.9463 396.5586 396.0443 395.5301 395.0158 394.5016 393.6106 392.6902 391.7699 390.8495 390.6221 391.5408 392.4594 393.378 394.2967
240.1011 240.7036 241.3061 241.9086 244.1887 246.4934 248.7981 251.1028 253.3846 255.6366 257.8886 260.1406 262.3926 263.6406 264.757 265.8734 266.9897 268.2846 269.9363 271.588 273.2397 274.8914 276.7627 278.6949 280.6272 282.5594 284.4137 286.0099 287.606 289.2021 290.7983 291.7986 292.52 293.2415 293.9629 295.8098 305.1606 314.5113 323.862 333.2127 343.3625 354.0916 364.8207 375.5498 386.0434 388.6501 391.2567 393.8634 396.4701 397.6406 397.2444 396.8481 396.4519 396.0557 395.2728 394.4597 393.6467 392.8336 392.4911 392.9269 393.3626 393.7984 394.2342
243.6827 244.312 244.9413 245.5706 247.8352 250.1238 252.4124 254.701 257.0227 259.3874 261.7521 264.1167 266.4814 267.7046 268.778 269.8515 270.9249 272.1732 273.7713 275.3694 276.9674 278.5655 280.4419 282.3956 284.3493 286.303 288.1514 289.6509 291.1505 292.6501 294.1496 294.8633 295.2092 295.5551 295.9009 297.5808 308.1548 318.7288 329.3028 339.8767 350.3104 360.6425 370.9746 381.3067 391.3871 393.0388 394.6905 396.3422 397.9938 398.7225 398.4443 398.1661 397.8879 397.6097 396.9349 396.2292 395.5234 394.8177 394.3601 394.313 394.2659 394.2188 394.1717
247.2643 247.9205 248.5766 249.2328 251.4819 253.7544 256.0269 258.2994 260.661 263.1384 265.6157 268.093 270.5704 271.7686 272.7992 273.8297 274.8602 276.062 277.6064 279.1508 280.6953 282.2397 284.1212 286.0964 288.0715 290.0467 291.8892 293.2921 294.6951 296.0981 297.5011 297.9282 297.8985 297.8687 297.839 299.3519 311.1492 322.9465 334.7438 346.541 357.2587 367.1937 377.1288 387.0638 396.731 397.4276 398.1243 398.821 399.5176 399.8045 399.6443 399.4842 399.324 399.1638 398.5971 397.9987 397.4002 396.8018 396.2292 395.6992 395.1692 394.6392 394.1092
250.5164 251.2801 252.0437 252.8073 255.0047 257.2232 259.4417 261.6601 264.0298 266.5961 269.1624 271.7287 274.295 275.5243 276.5783 277.6324 278.6863 279.8243 281.1301 282.4358 283.7416 285.0474 286.7305 288.5184 290.3063 292.0943 293.8519 295.5093 297.1667 298.8242 300.4815 300.9278 300.8071 300.6864 300.5657 301.9988 313.7909 325.5829 337.375 349.1669 359.6935 369.3026 378.9118 388.5209 397.8652 398.3373 398.8094 399.2816 399.7537 399.9299 399.7834 399.637 399.4905 399.344 398.8646 398.3593 397.8539 397.3485 396.8253 396.2725 395.7197 395.167 394.6142
253.7253 254.607 255.4887 256.3703 258.5113 260.6707 262.8302 264.9897 267.3633 270.0154 272.6676 275.3197 277.9718 279.2396 280.3258 281.412 282.4982 283.5699 284.6128 285.6557 286.6986 287.7415 289.1994 290.7728 292.3461 293.9194 295.5819 297.5398 299.4976 301.4555 303.4134 303.9189 303.7445 303.5702 303.3958 304.7606 316.3863 328.012 339.6377 351.2633 361.5365 370.8291 380.1217 389.4143 398.4474 398.7908 399.1341 399.4775 399.8209 399.9299 399.7834 399.637 399.4905 399.344 398.9492 398.5351 398.1209 397.7067 397.2545 396.7393 396.2241 395.7089 395.1937
256.9344 257.9341 258.9338 259.9335 262.018 264.1184 266.2189 268.3193 270.6969 273.4349 276.1729 278.9108 281.6488 282.955 284.0734 285.1918 286.3102 287.3157 288.0957 288.8757 289.6556 290.4356 291.6685 293.0272 294.3859 295.7446 297.3119 299.5703 301.8286 304.0869 306.3453 306.91 306.682 306.454 306.226 307.5224 318.9818 330.4412 341.9006 353.3599 363.3796 372.3556 381.3316 390.3076 399.0296 399.2442 399.4588 399.6734 399.888 399.9299 399.7834 399.637 399.4905 399.344 399.0338 398.7109 398.3879 398.065 397.6837 397.2061 396.7285 396.2508 395.7731
260.1433 261.261 262.3788 263.4965 265.5246 267.566 269.6074 271.6488 274.0304 276.8542 279.678 282.5018 285.3256 286.6702 287.8208 288.9714 290.122 291.0614 291.5785 292.0956 292.6126 293.1297 294.1375 295.2816 296.4257 297.5698 299.0419 301.6007 304.1595 306.7183 309.2771 309.9011 309.6194 309.3378 309.0562 310.2842 321.5772 332.8703 344.1634 355.4563 365.2226 373.8821 382.5415 391.201 399.6118 399.6977 399.7835 399.8694 399.9552 399.9299 399.7834 399.637 399.4905 399.344 399.1184 398.8867 398.6549 398.4232 398.113 397.6729 397.2328 396.7927 396.3526
263.0589 264.2732 265.4875 266.7018 268.719 270.7479 272.7768 274.8056 277.1763 279.9911 282.806 285.6209 288.4357 289.765 290.8995 292.034 293.1685 294.0269 294.3329 294.6389 294.945 295.251 296.0883 297.0732 298.0582 299.0431 300.4805 303.4167 306.3528 309.289 312.2252 313.1937 313.2411 313.2885 313.3359 314.7824 325.5569 336.3313 347.1057 357.88 367.1805 375.4125 383.6445 391.8765 399.8706 399.8992 399.9279 399.9565 399.9851 399.9299 399.7834 399.637 399.4905 399.344 399.1798 399.0143 398.8487 398.6831 398.4337 398.0454 397.6572 397.269 396.8808
265.3875 266.6555 267.9235 269.1914 271.2886 273.398 275.5074 277.6167 279.9465 282.5629 285.1793 287.7956 290.412 291.6187 292.6405 293.6623 294.6841 295.4316 295.6303 295.829 296.0278 296.2265 297.0027 297.9394 298.876 299.8126 301.3361 304.8034 308.2708 311.7382 315.2055 317.0889 318.2307 319.3726 320.5145 322.7532 332.3044 341.8556 351.4068 360.9579 369.368 376.9507 384.5335 392.1162 399.4825 399.5969 399.7114 399.8258 399.9403 399.9299 399.7834 399.637 399.4905 399.344 399.1947 399.0453 398.8958 398.7463 398.5372 398.2295 397.9217 397.614 397.3062
267.7162 269.0378 270.3595 271.6811 273.8584 276.0482 278.2381 280.4279 282.7169 285.1348 287.5526 289.9705 292.3883 293.4724 294.3815 295.2906 296.1998 296.8363 296.9278 297.0192 297.1106 297.2021 297.9171 298.8055 299.6938 300.5822 302.1917 306.1903 310.1889 314.1874 318.186 320.9842 323.2206 325.4569 327.6933 330.7242 339.0522 347.3801 355.7081 364.0359 371.5555 378.489 385.4225 392.356 399.0943 399.2946 399.4949 399.6952 399.8955 399.9299 399.7834 399.637 399.4905 399.344 399.2097 399.0763 398.9429 398.8096 398.6408 398.4135 398.1863 397.959 397.7317
270.0448 271.4201 272.7954 274.1707 276.428 278.6984 280.9687 283.239 285.4872 287.7065 289.9259 292.1452 294.3646 295.326 296.1225 296.9189 297.7154 298.2411 298.2252 298.2093 298.1934 298.1776 298.8315 299.6716 300.5117 301.3517 303.0473 307.5771 312.1068 316.6366 321.1663 324.8794 328.2102 331.5411 334.8719 338.6949 345.7997 352.9044 360.0092 367.1139 373.743 380.0273 386.3116 392.5958 398.7062 398.9923 399.2784 399.5646 399.8507 399.9299 399.7834 399.637 399.4905 399.344 399.2246 399.1073 398.9901 398.8728 398.7444 398.5976 398.4508 398.304 398.1572
272.3735 273.8025 275.2314 276.6603 278.9978 281.3486 283.6994 286.0502 288.2575 290.2784 292.2992 294.3201 296.3409 297.1797 297.8635 298.5472 299.231 299.6458 299.5226 299.3994 299.2763 299.1531 299.746 300.5378 301.3295 302.1213 303.903 308.964 314.0249 319.0858 324.1468 328.7747 333.2001 337.6254 342.0508 346.666 352.5475 358.429 364.3105 370.1919 375.9305 381.5656 387.2006 392.8356 398.3181 398.69 399.062 399.434 399.8059 399.9299 399.7834 399.637 399.4905 399.344 399.2395 399.1384 399.0372 398.936 398.848 398.7816 398.7153 398.649 398.5827
273.9366 275.3563 276.7759 278.1955 280.5211 282.86 285.1989 287.5378 289.6758 291.5527 293.4297 295.3065 297.1835 297.8726 298.4059 298.9392 299.4725 299.7876 299.6663 299.545 299.4237 299.3024 299.8217 300.519 301.2163 301.9136 303.6739 308.9553 314.2367 319.5181 324.7995 330.4349 336.2361 342.0372 347.8384 353.5222 358.424 363.3257 368.2275 373.1293 378.1041 383.1319 388.1597 393.1875 398.0818 398.506 398.9302 399.3545 399.7787 399.9299 399.7834 399.637 399.4905 399.344 399.1999 399.0561 398.9122 398.7683 398.6397 398.5363 398.4329 398.3295 398.2261
275.2871 276.6799 278.0727 279.4655 281.7537 284.055 286.3564 288.6577 290.7186 292.4667 294.2149 295.963 297.7112 298.243 298.6154 298.9877 299.36 299.5786 299.4895 299.4004 299.3112 299.2221 299.6645 300.2545 300.8445 301.4345 303.1434 308.559 313.9746 319.3902 324.8057 331.4743 338.7294 345.9846 353.2397 360.0688 364.0585 368.0482 372.038 376.0276 380.2739 384.7061 389.1383 393.5705 397.8877 398.3549 398.822 399.2891 399.7563 399.9299 399.7834 399.637 399.4905 399.344 399.1452 398.9423 398.7394 398.5365 398.3448 398.1717 397.9985 397.8254 397.6522
276.6377 278.0037 279.3696 280.7356 282.9864 285.2502 287.5139 289.7777 291.7614 293.3807 295.0001 296.6195 298.2389 298.6135 298.8249 299.0363 299.2476 299.3696 299.3127 299.2557 299.1988 299.1419 299.5073 299.99 300.4727 300.9554 302.613 308.1628 313.7125 319.2622 324.812 332.5137 341.2229 349.932 358.6411 366.6157 369.6933 372.7709 375.8485 378.9261 382.4437 386.2803 390.1169 393.9535 397.6936 398.2037 398.7137 399.2238 399.7339 399.9299 399.7834 399.637 399.4905 399.344 399.0905 398.8286 398.5667 398.3047 398.05 397.8071 397.5642 397.3213 397.0783
277.9882 279.3273 280.6664 282.0056 284.219 286.4452 288.6715 290.8977 292.8041 294.2947 295.7853 297.2759 298.7665 298.9839 299.0344 299.0848 299.1352 299.1606 299.1358 299.1111 299.0864 299.0616 299.35 299.7254 300.1008 300.4762 302.0826 307.7665 313.4504 319.1343 324.8182 333.5531 343.7162 353.8793 364.0424 373.1623 375.3279 377.4934 379.6589 381.8245 384.6135 387.8545 391.0955 394.3365 397.4995 398.0526 398.6055 399.1585 399.7115 399.9299 399.7834 399.637 399.4905 399.344 399.0357 398.7148 398.3939 398.0729 397.7551 397.4425 397.1298 396.8171 396.5045
279.3912 280.6823 281.9735 283.2646 285.4023 287.5524 289.7025 291.8527 293.6595 295.0201 296.3807 297.7413 299.1019 299.2092 299.1522 299.0951 299.038 299.0 299.0 299.0 299.0 299.0 299.2293 299.5222 299.8152 300.1082 301.704 307.6154 313.5268 319.4382 325.3495 334.9525 346.2834 357.6144 368.9454 378.9855 380.4206 381.8557 383.2907 384.7258 386.8697 389.5276 392.1854 394.8433 397.4405 398.0065 398.5726 399.1386 399.7047 399.9287 399.7798 399.6308 399.4818 399.3329 398.9973 398.6472 398.2971 397.9471 397.597 397.2469 396.8969 396.5468 396.1968
280.9678 282.1409 283.314 284.4871 286.4221 288.3684 290.3147 292.2609 293.8942 295.1207 296.3471 297.5736 298.8 298.9535 298.9662 298.9789 298.9915 299.0 299.0 299.0 299.0 299.0 299.2293 299.5223 299.8152 300.1082 301.8284 308.2764 314.7243 321.1722 327.6201 337.544 349.0949 360.6458 372.1968 382.4114 383.7177 385.024 386.3303 387.6366 389.4123 391.5282 393.6442 395.7601 397.8286 398.3088 398.789 399.2693 399.7495 399.9236 399.7639 399.6042 399.4445 399.2848 399.0132 398.7328 398.4525 398.1722 397.8919 397.6115 397.3312 397.0509 396.7706
