data/zism_data/00792_02_D.txt
ncols         224
nrows         224
[rows 87 to 115 of 224, columns 130 to 194 of 224]
200.0029 200.103 200.203 200.3031 200.4032 201.7079 204.3268 206.9456 209.5645 212.1834 216.7257 221.4183 226.1109 230.8035 233.9839 234.6635 235.3431 236.0227 236.7023 235.8359 234.644 233.4521 232.2602 231.478 231.7741 232.0702 232.3663 232.6624 232.5747 232.3412 232.1077 231.8742 231.2175 228.5503 225.8831 223.216 220.5488 217.3789 213.9048 210.4307 206.9566 203.659 202.6186 201.5783 200.5379 199.4976 199.0 199.0 199.0 199.0 199.0 199.0 199.0 199.0 199.0 198.986 198.9526 198.9193 198.8859 198.8526 198.7902 198.7235 198.6568 198.59 198.5149
200.0043 200.1526 200.301 200.4494 200.5977 202.1714 205.3 208.4285 211.557 214.6856 219.8022 225.0744 230.3463 235.6185 239.4167 240.7777 242.1387 243.4996 244.8606 244.5913 243.9788 243.3664 242.7539 242.4536 242.9751 243.4965 244.018 244.5394 244.4322 244.086 243.7398 243.3936 242.4815 238.8808 235.2802 231.6796 228.0788 223.8282 219.1844 214.5408 209.897 205.4849 204.0368 202.5887 201.1407 199.6926 199.0 199.0 199.0 199.0 199.0 199.0 199.0 199.0 199.0 198.9792 198.9298 198.8803 198.8309 198.7814 198.6889 198.59 198.4911 198.3922 198.3071
200.0057 200.2023 200.399 200.5956 200.7923 202.6349 206.2732 209.9113 213.5495 217.1878 222.8789 228.7305 234.582 240.4336 244.8497 246.8921 248.9344 250.9768 253.0191 253.347 253.314 253.281 253.248 253.4297 254.1765 254.9233 255.6701 256.4169 256.29 255.8312 255.3723 254.9135 253.7459 249.2116 244.6775 240.1434 235.6091 230.2778 224.4643 218.651 212.8375 207.3109 205.455 203.5992 201.7434 199.8876 199.0 199.0 199.0 199.0 199.0 199.0 199.0 199.0 199.0 198.9725 198.9069 198.8414 198.7758 198.7103 198.5877 198.4566 198.3255 198.1944 198.0994
200.132 200.7296 201.3272 201.9249 202.5225 204.8556 209.0819 213.3082 217.5344 221.7608 227.8008 233.9828 240.1646 246.3466 251.1093 253.5251 255.9409 258.3567 260.7725 261.392 261.6333 261.8746 262.1159 262.5314 263.4056 264.2798 265.154 266.0282 265.9643 265.5439 265.1236 264.7032 263.4284 258.095 252.7617 247.4284 242.095 235.7685 228.8413 221.9144 214.9871 208.4099 206.3086 204.2074 202.1062 200.0049 199.0 199.0 199.0 199.0 199.0 199.0 199.0 199.0 199.0 198.9622 198.8721 198.7821 198.692 198.602 198.4775 198.3478 198.2181 198.0883 198.0
200.3728 201.6947 203.0167 204.3386 205.6606 208.6872 213.5735 218.4597 223.3459 228.2322 234.4147 240.6986 246.9824 253.2663 258.1269 260.634 263.141 265.6479 268.155 268.7859 269.0219 269.2578 269.4937 269.9158 270.8275 271.7393 272.651 273.5627 273.6375 273.3942 273.1509 272.9076 271.6615 265.652 259.6427 253.6334 247.6239 240.3807 232.391 224.4017 216.412 208.8423 206.6445 204.4467 202.249 200.0511 199.0 199.0 199.0 199.0 199.0 199.0 199.0 199.0 199.0 198.9486 198.8264 198.7042 198.5819 198.4597 198.3589 198.2614 198.1639 198.0664 198.0
200.6135 202.6598 204.7061 206.7523 208.7986 212.5187 218.065 223.6111 229.1572 234.7034 241.0283 247.4142 253.7999 260.1858 265.1443 267.7426 270.3408 272.939 275.5372 276.1796 276.4102 276.6407 276.8713 277.2998 278.2491 279.1984 280.1477 281.097 281.3105 281.2442 281.1779 281.1117 279.8943 273.2088 266.5235 259.8382 253.1527 244.9927 235.9406 226.8889 217.8369 209.2748 206.9804 204.6861 202.3917 200.0973 199.0 199.0 199.0 199.0 199.0 199.0 199.0 199.0 199.0 198.9351 198.7807 198.6263 198.4718 198.3174 198.2404 198.1751 198.1098 198.0445 198.0
200.8543 203.6248 206.3955 209.166 211.9367 216.3503 222.5566 228.7626 234.9687 241.1749 247.6422 254.13 260.6176 267.1055 272.1619 274.8514 277.5408 280.2302 282.9197 283.5735 283.7987 284.024 284.2492 284.6841 285.671 286.6579 287.6447 288.6316 288.9836 289.0945 289.2052 289.316 288.1273 280.7658 273.4045 266.0432 258.6816 249.6048 239.4904 229.3763 219.2618 209.7073 207.3163 204.9254 202.5345 200.1435 199.0 199.0 199.0 199.0 199.0 199.0 199.0 199.0 199.0 198.9216 198.7349 198.5483 198.3617 198.1751 198.1219 198.0888 198.0557 198.0226 198.0
201.0951 204.5899 208.0849 211.5797 215.0747 220.1818 227.048 233.914 240.7799 247.6461 254.2558 260.8456 267.4352 274.025 279.1793 281.96 284.7406 287.5212 290.3019 290.9672 291.187 291.4069 291.6268 292.0682 293.0927 294.1171 295.1415 296.1659 296.6566 296.9445 297.2323 297.5201 296.3601 288.3226 280.2852 272.248 264.2104 254.2168 243.0399 231.8635 220.6866 210.1398 207.6522 205.1647 202.6772 200.1897 199.0 199.0 199.0 199.0 199.0 199.0 199.0 199.0 199.0 198.908 198.6892 198.4704 198.2516 198.0328 198.0034 198.0025 198.0016 198.0006 198.0
204.8231 209.9227 215.0225 220.1221 225.2218 230.9162 237.2597 243.603 249.9463 256.2898 261.9461 267.5489 273.1516 278.7544 283.1062 285.3894 287.6725 289.9556 292.2389 292.2149 291.7053 291.1956 290.686 290.3752 290.588 290.8007 291.0135 291.2262 291.3008 291.3228 291.3448 291.3669 290.0147 282.1347 274.2549 266.3752 258.4951 249.1099 238.814 228.5185 218.2227 208.5192 206.3935 204.2679 202.1423 200.0166 199.0 199.0 199.0 199.0 199.0 199.0 199.0 199.0 199.0 198.9208 198.7323 198.5438 198.3553 198.1668 198.1423 198.1423 198.1423 198.1423 198.1439
208.6551 215.3857 222.1165 228.8471 235.5779 241.8564 247.6419 253.4272 259.2125 264.998 269.6683 274.2516 278.8348 283.4182 286.9406 288.7088 290.4769 292.245 294.0131 293.2791 292.0183 290.7576 289.4969 288.4114 287.7871 287.1628 286.5385 285.9142 285.5561 285.2991 285.0422 284.7852 283.2343 275.5367 267.8393 260.1419 252.4443 243.713 234.3561 224.9996 215.6427 206.8373 205.0872 203.3372 201.5871 199.837 199.0 199.0 199.0 199.0 199.0 199.0 199.0 199.0 199.0 198.9343 198.778 198.6217 198.4654 198.3091 198.2888 198.2888 198.2888 198.2888 198.2921
212.4871 220.8487 229.2105 237.5721 245.9339 252.7965 258.024 263.2513 268.4787 273.7062 277.3905 280.9544 284.5181 288.082 290.7751 292.0282 293.2812 294.5343 295.7874 294.3434 292.3315 290.3196 288.3077 286.4475 284.9861 283.5248 282.0636 280.6022 279.8115 279.2755 278.7395 278.2036 276.4539 268.9387 261.4237 253.9088 246.3935 238.3161 229.8982 221.4806 213.0627 205.1555 203.781 202.4064 201.0319 199.6574 199.0 199.0 199.0 199.0 199.0 199.0 199.0 199.0 199.0 198.9478 198.8237 198.6996 198.5755 198.4514 198.4353 198.4353 198.4353 198.4353 198.4403
216.3193 226.3119 236.3048 246.2974 256.2903 263.737 268.4065 273.0759 277.7452 282.4147 285.113 287.6573 290.2016 292.746 294.6096 295.3477 296.0857 296.8237 297.5617 295.4076 292.6446 289.8816 287.1186 284.4836 282.1851 279.8868 277.5884 275.29 274.0666 273.2516 272.4366 271.6217 269.6732 262.3404 255.0079 247.6753 240.3425 232.919 225.4401 217.9615 210.4827 203.4736 202.4746 201.4757 200.4767 199.4778 199.0 199.0 199.0 199.0 199.0 199.0 199.0 199.0 199.0 198.9614 198.8695 198.7776 198.6857 198.5938 198.5818 198.5818 198.5818 198.5818 198.5885
221.209 232.1561 243.1036 254.0507 264.9982 272.6221 276.6208 280.6195 284.6181 288.6169 290.5511 292.3241 294.097 295.8699 297.12 297.5053 297.8906 298.2759 298.6613 295.9855 292.6653 289.3452 286.0249 282.7209 279.4592 276.1976 272.9359 269.6742 267.7187 266.2594 264.8002 263.3409 260.9531 254.1545 247.3561 240.5577 233.7591 227.2301 220.8639 214.4979 208.1316 202.1755 201.4664 200.7573 200.0482 199.3391 199.0 199.0 199.0 199.0 199.0 199.0 199.0 199.0 199.0 198.9721 198.9056 198.8391 198.7726 198.7061 198.6975 198.6975 198.6975 198.6975 198.7045
227.558 238.5265 249.4954 260.4639 271.4328 278.6727 281.8452 285.0177 288.1901 291.3626 292.8388 294.1825 295.5262 296.8699 297.8039 298.0605 298.317 298.5736 298.8301 295.8927 292.2827 288.6729 285.063 281.2358 276.8365 272.4374 268.0384 263.6391 260.5384 257.9309 255.3236 252.7161 249.5572 243.7779 237.9989 232.2198 226.4406 221.1384 216.1243 211.1104 206.0963 201.4067 200.8693 200.3319 199.7944 199.257 199.0 199.0 199.0 199.0 199.0 199.0 199.0 199.0 199.0 198.9788 198.9284 198.8781 198.8277 198.7773 198.7707 198.7707 198.7707 198.7707 198.7761
233.9067 244.8966 255.887 266.8769 277.8672 284.7232 287.0695 289.4157 291.7619 294.1082 295.1263 296.0408 296.9553 297.8698 298.4878 298.6156 298.7434 298.8712 298.999 295.7999 291.9002 288.0007 284.101 279.7507 274.214 268.6775 263.1409 257.6042 253.3583 249.6027 245.8473 242.0917 238.1616 233.4017 228.642 223.8823 219.1224 215.0468 211.3848 207.7229 204.0609 200.6379 200.2722 199.9064 199.5407 199.1749 199.0 199.0 199.0 199.0 199.0 199.0 199.0 199.0 199.0 198.9856 198.9513 198.917 198.8827 198.8484 198.844 198.844 198.844 198.844 198.8476
240.2556 251.267 262.2787 273.2901 284.3019 290.7738 292.2939 293.8138 295.3338 296.8538 297.414 297.8992 298.3845 298.8697 299.1717 299.1707 299.1698 299.1689 299.1679 295.7071 291.5177 287.3285 283.1391 278.2656 271.5914 264.9174 258.2433 251.5691 246.178 241.2742 236.3707 231.4669 226.7656 223.0251 219.2848 215.5444 211.8039 208.9551 206.6452 204.3354 202.0256 199.8691 199.675 199.4809 199.2869 199.0928 199.0 199.0 199.0 199.0 199.0 199.0 199.0 199.0 199.0 198.9924 198.9742 198.956 198.9378 198.9196 198.9172 198.9172 198.9172 198.9172 198.9191
246.6043 257.6371 268.6703 279.7031 290.7363 296.8243 297.5181 298.2119 298.9056 299.5994 299.7016 299.7576 299.8136 299.8696 299.8556 299.7259 299.5962 299.4665 299.3368 295.6143 291.1352 286.6563 282.1772 276.7805 268.9688 261.1573 253.3459 245.5342 238.9979 232.946 226.8944 220.8425 215.37 212.6489 209.9279 207.2068 204.4857 202.8635 201.9057 200.948 199.9902 199.1003 199.0779 199.0555 199.0331 199.0107 199.0 199.0 199.0 199.0 199.0 199.0 199.0 199.0 199.0 198.9991 198.997 198.9949 198.9928 198.9907 198.9904 198.9904 198.9904 198.9904 198.9907
250.326 260.8344 271.3431 281.8515 292.3602 298.0695 298.5436 299.0176 299.4916 299.9656 300.0 300.0 300.0 300.0 299.8446 299.4322 299.0197 298.6073 298.1949 293.7175 288.3841 283.051 277.7176 271.6097 263.463 255.3165 247.17 239.0233 232.7393 227.1628 221.5866 216.0101 211.0395 208.9459 206.8524 204.7589 202.6653 201.4825 200.8504 200.2183 199.5863 199.0 199.0 199.0 199.0 199.0 199.0 199.0 199.0 199.0 199.0 199.0 199.0 199.0 199.0 199.0 199.0 199.0 199.0 199.0 199.0 199.0 199.0 199.0 199.0
253.6534 263.5555 273.4579 283.3601 293.2625 298.5939 298.9392 299.2845 299.6297 299.975 300.0 300.0 300.0 300.0 299.7294 299.0111 298.2928 297.5746 296.8564 291.5502 285.2779 279.0058 272.7336 265.8863 257.5249 249.1638 240.8027 232.4413 226.6191 221.7616 216.9043 212.0468 207.769 206.2441 204.7193 203.1945 201.6696 200.8081 200.3477 199.8874 199.427 199.0 199.0 199.0 199.0 199.0 199.0 199.0 199.0 199.0 199.0 199.0 199.0 199.0 199.0 199.0 199.0 199.0 199.0 199.0 199.0 199.0 199.0 199.0 199.0
256.9807 266.2766 275.5728 284.8687 294.1649 299.1183 299.3348 299.5513 299.7678 299.9843 300.0 300.0 300.0 300.0 299.6141 298.59 297.566 296.5419 295.5178 289.3829 282.1717 274.9607 267.7495 260.1628 251.5867 243.011 234.4353 225.8593 220.499 216.3604 212.222 208.0834 204.4984 203.5423 202.5862 201.6301 200.6739 200.1337 199.8451 199.5564 199.2677 199.0 199.0 199.0 199.0 199.0 199.0 199.0 199.0 199.0 199.0 199.0 199.0 199.0 199.0 199.0 199.0 199.0 199.0 199.0 199.0 199.0 199.0 199.0 199.0
260.3083 268.9978 277.6877 286.3773 295.0672 299.6428 299.7305 299.8182 299.9059 299.9937 300.0 300.0 300.0 300.0 299.4989 298.1689 296.8391 295.5092 294.1793 287.2155 279.0653 270.9155 262.7653 254.4391 245.6484 236.858 228.0677 219.277 214.3786 210.959 207.5395 204.1199 201.2278 200.8404 200.453 200.0656 199.6782 199.4594 199.3424 199.2254 199.1085 199.0 199.0 199.0 199.0 199.0 199.0 199.0 199.0 199.0 199.0 199.0 199.0 199.0 199.0 199.0 199.0 199.0 199.0 199.0 199.0 199.0 199.0 199.0 199.0
261.7162 270.1827 278.6495 287.116 295.5827 300.0 300.0 300.0 300.0 300.0 299.9302 299.8549 299.7796 299.7044 298.994 297.2334 295.4728 293.7123 291.9517 284.2448 275.2857 266.3269 257.3679 248.4911 239.8296 231.1685 222.5073 213.8459 209.4767 206.7384 204.0003 201.262 199.0 199.0 199.0 199.0 199.0 199.0 199.0 199.0 199.0 199.0 199.0 199.0 199.0 199.0 199.0 199.0 199.0 199.0 199.0 199.0 199.0 199.0 199.0 199.0 199.0 199.0 199.0 199.0 199.0 199.0 199.0 199.0 199.0
259.0233 268.0853 277.1476 286.2097 295.272 300.0 300.0 300.0 300.0 300.0 299.7112 299.3998 299.0884 298.7771 297.6568 295.1987 292.7406 290.2825 287.8244 279.5574 270.0671 260.5772 251.087 242.0632 234.2656 226.4683 218.671 210.8735 207.1776 205.0403 202.903 200.7656 199.0 199.0 199.0 199.0 199.0 199.0 199.0 199.0 199.0 199.0 199.0 199.0 199.0 199.0 199.0 199.0 199.0 199.0 199.0 199.0 199.0 199.0 199.0 199.0 199.0 199.0 199.0 199.0 199.0 199.0 199.0 199.0 199.0
256.3304 265.988 275.6459 285.3034 294.9613 300.0 300.0 300.0 300.0 300.0 299.4922 298.9447 298.3973 297.8498 296.3196 293.164 290.0085 286.8529 283.6973 274.8702 264.8488 254.8277 244.8063 235.6355 228.7018 221.7683 214.8348 207.9011 204.8786 203.3421 201.8057 200.2692 199.0 199.0 199.0 199.0 199.0 199.0 199.0 199.0 199.0 199.0 199.0 199.0 199.0 199.0 199.0 199.0 199.0 199.0 199.0 199.0 199.0 199.0 199.0 199.0 199.0 199.0 199.0 199.0 199.0 199.0 199.0 199.0 199.0
253.6375 263.8906 274.144 284.3971 294.6506 300.0 300.0 300.0 300.0 300.0 299.2732 298.4897 297.7061 296.9225 294.9824 291.1292 287.2762 283.4232 279.57 270.1828 259.6302 249.078 238.5254 229.2075 223.1377 217.0681 210.9985 204.9287 202.5794 201.6439 200.7084 199.7728 199.0 199.0 199.0 199.0 199.0 199.0 199.0 199.0 199.0 199.0 199.0 199.0 199.0 199.0 199.0 199.0 199.0 199.0 199.0 199.0 199.0 199.0 199.0 199.0 199.0 199.0 199.0 199.0 199.0 199.0 199.0 199.0 199.0
250.9446 261.7932 272.6422 283.4909 294.3399 300.0 300.0 300.0 300.0 300.0 299.0543 298.0346 297.015 295.9953 293.6452 289.0945 284.544 279.9935 275.4429 265.4956 254.4119 243.3285 232.2448 222.7798 217.5739 212.3681 207.1623 201.9564 200.2804 199.9457 199.6111 199.2764 199.0 199.0 199.0 199.0 199.0 199.0 199.0 199.0 199.0 199.0 199.0 199.0 199.0 199.0 199.0 199.0 199.0 199.0 199.0 199.0 199.0 199.0 199.0 199.0 199.0 199.0 199.0 199.0 199.0 199.0 199.0 199.0 199.0
247.2142 257.8053 268.3968 278.9879 289.5794 294.9041 294.4837 294.0634 293.643 293.2227 291.9816 290.6764 289.3712 288.066 285.4847 280.793 276.1013 271.4097 266.7179 257.5193 247.3715 237.2241 227.0763 218.5138 214.1223 209.7309 205.3395 200.948 199.6211 199.4588 199.2964 199.1341 199.0 199.0 199.0 199.0 199.0 199.0 199.0 199.0 199.0 199.0 199.0 199.0 199.0 199.0 199.0 199.0 199.0 199.0 199.0 199.0 199.0 199.0 199.0 199.0 199.0 199.0 199.0 199.0 199.0 199.0 199.0 199.0 199.0
243.1707 253.2468 263.3232 273.3993 283.4758 288.2701 287.3024 286.3349 285.3673 284.3997 282.8402 281.2346 279.6289 278.0232 275.2648 270.5999 265.9351 261.2703 256.6053 248.5504 239.7814 231.0128 222.2438 214.9006 211.3085 207.7166 204.1246 200.5325 199.4569 199.3375 199.2181 199.0986 199.0 199.0 199.0 199.0 199.0 199.0 199.0 199.0 199.0 199.0 199.0 199.0 199.0 199.0 199.0 199.0 199.0 199.0 199.0 199.0 199.0 199.0 199.0 199.0 199.0 199.0 199.0 199.0 199.0 199.0 199.0 199.0 199.0
239.127 248.6881 258.2495 267.8105 277.3719 281.6357 280.1209 278.606 277.0912 275.5764 273.6986 271.7924 269.8863 267.9801 265.0446 260.4065 255.7685 251.1305 246.4924 239.5812 232.1911 224.8013 217.4112 211.2873 208.4947 205.7022 202.9097 200.1171 199.2927 199.2162 199.1397 199.0632 199.0 199.0 199.0 199.0 199.0 199.0 199.0 199.0 199.0 199.0 199.0 199.0 199.0 199.0 199.0 199.0 199.0 199.0 199.0 199.0 199.0 199.0 199.0 199.0 199.0 199.0 199.0 199.0 199.0 199.0 199.0 199.0 199.0
