data/zism_data/00797_01_D.txt
ncols         224
nrows         224
[rows 29 to 57 of 224, columns 0 to 65 of 224]
1340.868 1338.567 1336.265 1333.963 1331.671 1329.402 1327.134 1324.865 1322.597 1319.948 1317.165 1314.382 1311.599 1309.017 1307.229 1305.441 1303.653 1301.865 1301.352 1301.477 1301.602 1301.727 1302.044 1303.642 1305.241 1306.839 1308.437 1309.136 1309.222 1309.307 1309.392 1309.382 1307.826 1306.271 1304.715 1303.159 1302.159 1301.67 1301.18 1300.69 1300.2 1300.151 1300.109 1300.066 1300.023 1300.0 1300.0 1300.0 1300.0 1300.0 1300.0 1300.0 1300.0 1300.0 1300.028 1300.101 1300.175 1300.248 1300.322 1301.348 1302.554 1303.761 1304.967 1306.267 1307.78 1309.292
1343.06 1340.72 1338.381 1336.041 1333.735 1331.515 1329.295 1327.075 1324.855 1322.131 1319.23 1316.328 1313.427 1310.676 1308.516 1306.357 1304.197 1302.038 1301.189 1300.997 1300.804 1300.611 1300.559 1301.447 1302.335 1303.223 1304.111 1304.484 1304.504 1304.525 1304.545 1304.514 1303.636 1302.759 1301.881 1301.004 1300.522 1300.404 1300.285 1300.167 1300.048 1300.036 1300.026 1300.016 1300.006 1300.0 1300.0 1300.0 1300.0 1300.0 1300.0 1300.0 1300.0 1300.0 1300.028 1300.101 1300.175 1300.248 1300.322 1301.375 1302.614 1303.853 1305.091 1306.455 1308.102 1309.749
1345.708 1343.28 1340.851 1338.423 1336.031 1333.735 1331.439 1329.142 1326.846 1323.972 1320.893 1317.814 1314.736 1311.797 1309.405 1307.013 1304.622 1302.23 1301.223 1300.907 1300.591 1300.275 1300.073 1300.636 1301.198 1301.76 1302.323 1302.551 1302.551 1302.551 1302.551 1302.518 1301.956 1301.394 1300.831 1300.269 1300.0 1300.0 1300.0 1300.0 1300.0 1300.0 1300.0 1300.0 1300.0 1300.0 1300.0 1300.0 1300.0 1300.0 1300.0 1300.0 1300.0 1300.0 1300.033 1300.121 1300.209 1300.298 1300.386 1301.521 1302.854 1304.188 1305.521 1306.994 1308.783 1310.572
1348.571 1346.029 1343.488 1340.946 1338.435 1336.005 1333.574 1331.143 1328.713 1325.652 1322.369 1319.085 1315.802 1312.666 1310.108 1307.549 1304.991 1302.432 1301.348 1300.999 1300.651 1300.303 1300.054 1300.471 1300.888 1301.305 1301.723 1301.892 1301.892 1301.892 1301.892 1301.868 1301.451 1301.033 1300.616 1300.199 1300.0 1300.0 1300.0 1300.0 1300.0 1300.0 1300.0 1300.0 1300.0 1300.0 1300.0 1300.0 1300.0 1300.0 1300.0 1300.0 1300.0 1300.0 1300.041 1300.151 1300.261 1300.37 1300.48 1301.722 1303.18 1304.637 1306.094 1307.697 1309.631 1311.566
1351.433 1348.779 1346.124 1343.47 1340.84 1338.275 1335.709 1333.144 1330.579 1327.332 1323.844 1320.356 1316.869 1313.536 1310.81 1308.085 1305.36 1302.635 1301.472 1301.092 1300.711 1300.331 1300.035 1300.307 1300.579 1300.851 1301.122 1301.232 1301.232 1301.232 1301.232 1301.217 1300.945 1300.673 1300.402 1300.13 1300.0 1300.0 1300.0 1300.0 1300.0 1300.0 1300.0 1300.0 1300.0 1300.0 1300.0 1300.0 1300.0 1300.0 1300.0 1300.0 1300.0 1300.0 1300.049 1300.181 1300.312 1300.443 1300.574 1301.924 1303.505 1305.086 1306.667 1308.4 1310.48 1312.56
1354.296 1351.528 1348.761 1345.993 1343.244 1340.545 1337.845 1335.145 1332.445 1329.012 1325.319 1321.627 1317.935 1314.405 1311.513 1308.621 1305.729 1302.837 1301.597 1301.185 1300.772 1300.359 1300.016 1300.143 1300.269 1300.396 1300.522 1300.573 1300.573 1300.573 1300.573 1300.566 1300.44 1300.313 1300.187 1300.06 1300.0 1300.0 1300.0 1300.0 1300.0 1300.0 1300.0 1300.0 1300.0 1300.0 1300.0 1300.0 1300.0 1300.0 1300.0 1300.0 1300.0 1300.0 1300.057 1300.21 1300.363 1300.516 1300.668 1302.126 1303.831 1305.536 1307.241 1309.104 1311.329 1313.554
1357.112 1354.233 1351.353 1348.474 1345.603 1342.753 1339.902 1337.052 1334.201 1330.591 1326.713 1322.835 1318.958 1315.25 1312.208 1309.167 1306.125 1303.084 1301.766 1301.309 1300.853 1300.397 1300.0 1300.0 1300.0 1300.0 1300.0 1300.0 1300.0 1300.0 1300.0 1300.0 1300.0 1300.0 1300.0 1300.0 1300.0 1300.0 1300.0 1300.0 1300.0 1300.003 1300.006 1300.008 1300.011 1300.012 1300.012 1300.011 1300.01 1300.01 1300.017 1300.024 1300.032 1300.04 1300.116 1300.307 1300.497 1300.688 1300.878 1302.438 1304.257 1306.077 1307.896 1309.879 1312.232 1314.586
1359.617 1356.635 1353.654 1350.673 1347.656 1344.547 1341.438 1338.33 1335.221 1331.5 1327.563 1323.626 1319.689 1315.927 1312.853 1309.779 1306.706 1303.632 1302.224 1301.649 1301.075 1300.5 1300.0 1300.0 1300.0 1300.0 1300.0 1300.0 1300.0 1300.0 1300.0 1300.0 1300.0 1300.0 1300.0 1300.0 1300.0 1300.0 1300.0 1300.0 1300.0 1300.024 1300.048 1300.073 1300.097 1300.108 1300.102 1300.095 1300.089 1300.083 1300.144 1300.211 1300.278 1300.345 1300.513 1300.849 1301.184 1301.52 1301.856 1303.484 1305.358 1307.231 1309.104 1311.129 1313.499 1315.868
1362.122 1359.038 1355.955 1352.871 1349.709 1346.342 1342.975 1339.608 1336.24 1332.408 1328.412 1324.416 1320.419 1316.604 1313.498 1310.392 1307.286 1304.18 1302.682 1301.989 1301.296 1300.603 1300.0 1300.0 1300.0 1300.0 1300.0 1300.0 1300.0 1300.0 1300.0 1300.0 1300.0 1300.0 1300.0 1300.0 1300.0 1300.0 1300.0 1300.0 1300.0 1300.045 1300.091 1300.137 1300.183 1300.203 1300.191 1300.18 1300.169 1300.157 1300.271 1300.397 1300.524 1300.65 1300.91 1301.391 1301.872 1302.353 1302.834 1304.531 1306.458 1308.385 1310.312 1312.379 1314.765 1317.151
1364.627 1361.441 1358.255 1355.07 1351.763 1348.137 1344.511 1340.886 1337.26 1333.317 1329.261 1325.206 1321.15 1317.281 1314.143 1311.004 1307.866 1304.728 1303.141 1302.329 1301.517 1300.706 1300.0 1300.0 1300.0 1300.0 1300.0 1300.0 1300.0 1300.0 1300.0 1300.0 1300.0 1300.0 1300.0 1300.0 1300.0 1300.0 1300.0 1300.0 1300.0 1300.066 1300.134 1300.201 1300.269 1300.298 1300.281 1300.265 1300.248 1300.231 1300.399 1300.584 1300.769 1300.955 1301.306 1301.933 1302.559 1303.185 1303.812 1305.577 1307.558 1309.539 1311.52 1313.629 1316.031 1318.433
1367.133 1363.844 1360.556 1357.268 1353.816 1349.932 1346.048 1342.164 1338.28 1334.225 1330.111 1325.996 1321.881 1317.958 1314.788 1311.617 1308.446 1305.276 1303.599 1302.669 1301.739 1300.809 1300.0 1300.0 1300.0 1300.0 1300.0 1300.0 1300.0 1300.0 1300.0 1300.0 1300.0 1300.0 1300.0 1300.0 1300.0 1300.0 1300.0 1300.0 1300.0 1300.088 1300.177 1300.266 1300.354 1300.393 1300.371 1300.349 1300.327 1300.305 1300.526 1300.771 1301.015 1301.26 1301.703 1302.474 1303.246 1304.018 1304.79 1306.623 1308.658 1310.693 1312.728 1314.88 1317.298 1319.716
1369.068 1365.656 1362.243 1358.831 1355.265 1351.294 1347.323 1343.353 1339.382 1335.33 1331.25 1327.17 1323.089 1319.182 1315.954 1312.727 1309.499 1306.271 1304.45 1303.333 1302.216 1301.099 1300.124 1300.096 1300.068 1300.039 1300.011 1300.0 1300.0 1300.0 1300.0 1300.002 1300.03 1300.058 1300.086 1300.114 1300.152 1300.199 1300.245 1300.292 1300.339 1300.498 1300.658 1300.818 1300.979 1301.066 1301.063 1301.061 1301.058 1301.055 1301.33 1301.63 1301.931 1302.232 1302.76 1303.664 1304.569 1305.474 1306.378 1308.252 1310.309 1312.367 1314.424 1316.585 1318.982 1321.379
1370.59 1367.038 1363.486 1359.933 1356.276 1352.343 1348.41 1344.477 1340.544 1336.578 1332.6 1328.622 1324.644 1320.803 1317.5 1314.196 1310.893 1307.59 1305.586 1304.232 1302.878 1301.524 1300.337 1300.261 1300.184 1300.108 1300.031 1300.0 1300.0 1300.0 1300.0 1300.004 1300.081 1300.157 1300.234 1300.311 1300.414 1300.541 1300.669 1300.796 1300.924 1301.19 1301.458 1301.726 1301.994 1302.157 1302.192 1302.227 1302.262 1302.297 1302.624 1302.979 1303.333 1303.688 1304.296 1305.324 1306.353 1307.381 1308.409 1310.303 1312.36 1314.418 1316.475 1318.621 1320.97 1323.318
1372.112 1368.42 1364.728 1361.036 1357.288 1353.392 1349.497 1345.602 1341.706 1337.825 1333.95 1330.074 1326.198 1322.423 1319.045 1315.666 1312.288 1308.909 1306.722 1305.132 1303.541 1301.95 1300.551 1300.426 1300.301 1300.176 1300.051 1300.0 1300.0 1300.0 1300.0 1300.007 1300.132 1300.257 1300.382 1300.507 1300.676 1300.884 1301.092 1301.3 1301.509 1301.882 1302.258 1302.633 1303.009 1303.249 1303.321 1303.394 1303.467 1303.539 1303.918 1304.327 1304.735 1305.143 1305.832 1306.984 1308.136 1309.288 1310.441 1312.354 1314.411 1316.469 1318.526 1320.658 1322.958 1325.258
1373.635 1369.802 1365.97 1362.138 1358.299 1354.442 1350.584 1346.726 1342.868 1339.073 1335.299 1331.526 1327.752 1324.044 1320.59 1317.136 1313.682 1310.228 1307.859 1306.031 1304.203 1302.376 1300.764 1300.591 1300.417 1300.244 1300.07 1300.0 1300.0 1300.0 1300.0 1300.01 1300.183 1300.357 1300.53 1300.704 1300.937 1301.226 1301.516 1301.804 1302.094 1302.574 1303.057 1303.541 1304.024 1304.34 1304.45 1304.56 1304.671 1304.781 1305.213 1305.675 1306.137 1306.599 1307.368 1308.644 1309.92 1311.196 1312.472 1314.405 1316.462 1318.52 1320.577 1322.694 1324.945 1327.197
1375.171 1371.206 1367.241 1363.276 1359.352 1355.533 1351.714 1347.896 1344.077 1340.363 1336.686 1333.009 1329.333 1325.686 1322.159 1318.632 1315.105 1311.578 1309.029 1306.969 1304.909 1302.849 1301.028 1300.801 1300.573 1300.346 1300.119 1300.026 1300.024 1300.023 1300.021 1300.033 1300.253 1300.474 1300.695 1300.916 1301.214 1301.583 1301.953 1302.322 1302.691 1303.277 1303.865 1304.454 1305.042 1305.434 1305.584 1305.735 1305.885 1306.036 1306.519 1307.035 1307.55 1308.065 1308.912 1310.307 1311.702 1313.097 1314.492 1316.442 1318.498 1320.554 1322.61 1324.711 1326.914 1329.116
1377.167 1373.315 1369.463 1365.612 1361.791 1358.053 1354.315 1350.577 1346.839 1343.079 1339.31 1335.542 1331.774 1328.056 1324.534 1321.012 1317.491 1313.969 1311.361 1309.209 1307.058 1304.906 1302.975 1302.517 1302.058 1301.599 1301.141 1300.922 1300.866 1300.811 1300.756 1300.717 1300.948 1301.18 1301.411 1301.643 1301.98 1302.414 1302.848 1303.282 1303.716 1304.328 1304.944 1305.56 1306.175 1306.635 1306.904 1307.172 1307.441 1307.71 1308.234 1308.781 1309.329 1309.876 1310.727 1312.079 1313.431 1314.782 1316.134 1318.033 1320.035 1322.037 1324.039 1326.084 1328.228 1330.372
1379.163 1375.424 1371.686 1367.947 1364.231 1360.573 1356.916 1353.259 1349.602 1345.795 1341.935 1338.075 1334.215 1330.425 1326.909 1323.393 1319.876 1316.36 1313.693 1311.45 1309.206 1306.963 1304.923 1304.233 1303.543 1302.853 1302.162 1301.818 1301.708 1301.599 1301.49 1301.401 1301.643 1301.886 1302.128 1302.37 1302.746 1303.245 1303.743 1304.242 1304.74 1305.38 1306.023 1306.665 1307.308 1307.836 1308.223 1308.61 1308.997 1309.385 1309.948 1310.528 1311.108 1311.687 1312.542 1313.851 1315.159 1316.468 1317.777 1319.623 1321.572 1323.52 1325.468 1327.458 1329.542 1331.627
1381.159 1377.533 1373.908 1370.282 1366.67 1363.094 1359.517 1355.94 1352.364 1348.51 1344.559 1340.608 1336.656 1332.794 1329.284 1325.773 1322.262 1318.751 1316.025 1313.69 1311.355 1309.02 1306.87 1305.949 1305.027 1304.106 1303.184 1302.713 1302.55 1302.387 1302.224 1302.085 1302.338 1302.591 1302.844 1303.098 1303.512 1304.075 1304.639 1305.202 1305.765 1306.432 1307.102 1307.771 1308.441 1309.036 1309.542 1310.048 1310.553 1311.059 1311.662 1312.274 1312.886 1313.498 1314.357 1315.623 1316.888 1318.154 1319.42 1321.214 1323.109 1325.003 1326.897 1328.832 1330.857 1332.882
1383.155 1379.643 1376.13 1372.618 1369.109 1365.614 1362.118 1358.622 1355.126 1351.226 1347.183 1343.14 1339.098 1335.164 1331.658 1328.153 1324.648 1321.142 1318.356 1315.93 1313.504 1311.078 1308.818 1307.665 1306.512 1305.359 1304.206 1303.609 1303.392 1303.175 1302.959 1302.77 1303.033 1303.297 1303.561 1303.825 1304.279 1304.906 1305.534 1306.161 1306.789 1307.484 1308.181 1308.877 1309.573 1310.237 1310.861 1311.485 1312.109 1312.733 1313.376 1314.021 1314.665 1315.309 1316.172 1317.395 1318.617 1319.84 1321.063 1322.805 1324.645 1326.486 1328.327 1330.205 1332.171 1334.137
1385.178 1381.74 1378.302 1374.864 1371.399 1367.863 1364.327 1360.791 1357.255 1353.303 1349.205 1345.106 1341.008 1337.029 1333.522 1330.014 1326.506 1322.999 1320.158 1317.65 1315.143 1312.635 1310.29 1309.021 1307.753 1306.484 1305.216 1304.546 1304.286 1304.025 1303.765 1303.536 1303.816 1304.095 1304.375 1304.655 1305.141 1305.815 1306.489 1307.163 1307.837 1308.552 1309.268 1309.983 1310.699 1311.403 1312.094 1312.785 1313.476 1314.167 1314.875 1315.586 1316.296 1317.006 1317.893 1319.073 1320.253 1321.432 1322.612 1324.293 1326.07 1327.846 1329.623 1331.449 1333.389 1335.33
1387.231 1383.825 1380.42 1377.014 1373.525 1369.816 1366.108 1362.4 1358.691 1354.683 1350.568 1346.454 1342.339 1338.346 1334.827 1331.309 1327.79 1324.272 1321.381 1318.803 1316.226 1313.649 1311.243 1309.986 1308.728 1307.47 1306.212 1305.528 1305.235 1304.943 1304.65 1304.392 1304.693 1304.994 1305.296 1305.597 1306.107 1306.808 1307.509 1308.21 1308.911 1309.637 1310.363 1311.09 1311.816 1312.531 1313.233 1313.935 1314.636 1315.338 1316.141 1316.953 1317.766 1318.579 1319.513 1320.65 1321.786 1322.923 1324.059 1325.671 1327.372 1329.073 1330.774 1332.551 1334.502 1336.453
1389.284 1385.911 1382.537 1379.163 1375.65 1371.77 1367.889 1364.009 1360.128 1356.063 1351.932 1347.801 1343.671 1339.662 1336.133 1332.604 1329.074 1325.545 1322.604 1319.956 1317.309 1314.662 1312.197 1310.95 1309.703 1308.456 1307.209 1306.51 1306.185 1305.86 1305.535 1305.248 1305.57 1305.893 1306.216 1306.539 1307.073 1307.801 1308.529 1309.257 1309.985 1310.722 1311.459 1312.196 1312.933 1313.659 1314.372 1315.084 1315.797 1316.509 1317.406 1318.321 1319.236 1320.151 1321.133 1322.226 1323.32 1324.413 1325.507 1327.048 1328.674 1330.299 1331.925 1333.653 1335.615 1337.577
1391.337 1387.996 1384.654 1381.313 1377.776 1373.723 1369.67 1365.617 1361.565 1357.442 1353.296 1349.149 1345.002 1340.979 1337.438 1333.898 1330.358 1326.818 1323.827 1321.109 1318.392 1315.675 1313.151 1311.914 1310.678 1309.442 1308.206 1307.492 1307.135 1306.777 1306.42 1306.103 1306.448 1306.792 1307.136 1307.481 1308.039 1308.794 1309.549 1310.304 1311.059 1311.807 1312.555 1313.303 1314.05 1314.787 1315.51 1316.234 1316.957 1317.68 1318.672 1319.689 1320.706 1321.723 1322.753 1323.803 1324.853 1325.904 1326.954 1328.425 1329.975 1331.526 1333.077 1334.755 1336.728 1338.7
1393.39 1390.081 1386.772 1383.463 1379.902 1375.677 1371.452 1367.226 1363.001 1358.822 1354.659 1350.496 1346.333 1342.295 1338.744 1335.193 1331.642 1328.092 1325.05 1322.263 1319.475 1316.688 1314.104 1312.879 1311.653 1310.428 1309.203 1308.474 1308.084 1307.695 1307.305 1306.959 1307.325 1307.691 1308.057 1308.423 1309.006 1309.788 1310.569 1311.351 1312.133 1312.892 1313.651 1314.409 1315.168 1315.915 1316.649 1317.383 1318.117 1318.851 1319.937 1321.057 1322.176 1323.295 1324.372 1325.38 1326.387 1327.394 1328.402 1329.802 1331.277 1332.753 1334.228 1335.858 1337.841 1339.824
1393.777 1390.485 1387.194 1383.902 1380.307 1375.915 1371.523 1367.13 1362.738 1358.411 1354.107 1349.804 1345.5 1341.319 1337.623 1333.926 1330.23 1326.534 1323.47 1320.723 1317.975 1315.228 1312.706 1311.686 1310.666 1309.646 1308.625 1308.097 1307.905 1307.713 1307.521 1307.365 1307.808 1308.25 1308.692 1309.135 1309.75 1310.524 1311.298 1312.071 1312.845 1313.615 1314.384 1315.153 1315.922 1316.71 1317.52 1318.329 1319.139 1319.949 1321.071 1322.222 1323.374 1324.526 1325.641 1326.695 1327.749 1328.803 1329.857 1331.299 1332.813 1334.328 1335.842 1337.5 1339.484 1341.468
1394.034 1390.759 1387.483 1384.208 1380.579 1376.02 1371.461 1366.901 1362.342 1357.86 1353.406 1348.951 1344.497 1340.164 1336.312 1332.459 1328.607 1324.755 1321.671 1318.972 1316.273 1313.574 1311.123 1310.323 1309.524 1308.725 1307.926 1307.615 1307.638 1307.661 1307.684 1307.736 1308.259 1308.782 1309.305 1309.828 1310.477 1311.24 1312.003 1312.766 1313.529 1314.309 1315.089 1315.869 1316.649 1317.479 1318.369 1319.26 1320.15 1321.041 1322.194 1323.373 1324.551 1325.73 1326.882 1327.99 1329.098 1330.206 1331.314 1332.804 1334.367 1335.93 1337.493 1339.185 1341.169 1343.153
1394.292 1391.032 1387.773 1384.514 1380.85 1376.124 1371.398 1366.672 1361.946 1357.309 1352.704 1348.099 1343.494 1339.01 1335.001 1330.992 1326.984 1322.975 1319.872 1317.222 1314.571 1311.921 1309.54 1308.962 1308.383 1307.804 1307.226 1307.132 1307.371 1307.609 1307.848 1308.107 1308.711 1309.315 1309.918 1310.522 1311.204 1311.956 1312.708 1313.461 1314.213 1315.003 1315.794 1316.585 1317.375 1318.247 1319.219 1320.19 1321.161 1322.132 1323.317 1324.523 1325.728 1326.934 1328.123 1329.285 1330.447 1331.608 1332.77 1334.31 1335.921 1337.533 1339.144 1340.869 1342.853 1344.837
1394.549 1391.306 1388.063 1384.819 1381.122 1376.229 1371.336 1366.443 1361.55 1356.759 1352.003 1347.247 1342.491 1337.855 1333.69 1329.526 1325.361 1321.196 1318.073 1315.471 1312.869 1310.267 1307.958 1307.6 1307.242 1306.884 1306.526 1306.65 1307.104 1307.557 1308.011 1308.478 1309.163 1309.847 1310.532 1311.216 1311.93 1312.672 1313.414 1314.155 1314.897 1315.697 1316.499 1317.301 1318.102 1319.016 1320.068 1321.12 1322.172 1323.224 1324.441 1325.673 1326.906 1328.138 1329.364 1330.58 1331.795 1333.011 1334.227 1335.816 1337.476 1339.135 1340.795 1342.554 1344.538 1346.522
