data/zism_data/00799_01_D.txt
ncols         224
nrows         224
[rows 112 to 139 of 224, columns 128 to 191 of 224]
4399.0 4399.0 4399.0 4398.952 4398.767 4398.582 4398.396 4398.211 4398.135 4398.1 4398.064 4398.029 4398.0 4398.003 4398.006 4398.009 4398.011 4397.966 4397.896 4397.825 4397.754 4397.654 4397.334 4397.014 4396.693 4396.374 4396.019 4395.638 4395.258 4394.878 4394.492 4393.976 4393.459 4392.943 4392.427 4391.875 4391.287 4390.699 4390.111 4389.523 4388.838 4388.151 4387.463 4386.775 4386.157 4385.628 4385.099 4384.57 4384.041 4383.379 4382.701 4382.023 4381.346 4380.687 4380.06 4379.433 4378.806 4378.179 4377.564 4376.953 4376.342 4375.73 4375.108 4374.458
4399.0 4399.0 4399.0 4398.956 4398.787 4398.618 4398.449 4398.28 4398.196 4398.145 4398.093 4398.042 4397.995 4397.965 4397.936 4397.906 4397.876 4397.799 4397.696 4397.593 4397.491 4397.365 4397.066 4396.767 4396.468 4396.169 4395.827 4395.452 4395.077 4394.703 4394.323 4393.828 4393.333 4392.838 4392.344 4391.802 4391.214 4390.626 4390.038 4389.45 4388.786 4388.12 4387.454 4386.788 4386.193 4385.691 4385.189 4384.687 4384.185 4383.568 4382.938 4382.309 4381.68 4381.061 4380.461 4379.861 4379.261 4378.661 4378.042 4377.42 4376.798 4376.176 4375.547 4374.903
4399.0 4399.0 4399.0 4398.96 4398.807 4398.654 4398.501 4398.349 4398.258 4398.19 4398.123 4398.055 4397.988 4397.927 4397.865 4397.803 4397.742 4397.632 4397.497 4397.362 4397.227 4397.075 4396.798 4396.521 4396.243 4395.966 4395.635 4395.266 4394.896 4394.527 4394.153 4393.68 4393.207 4392.733 4392.26 4391.729 4391.141 4390.553 4389.965 4389.377 4388.734 4388.089 4387.445 4386.8 4386.229 4385.753 4385.278 4384.803 4384.328 4383.757 4383.176 4382.595 4382.014 4381.436 4380.863 4380.289 4379.716 4379.143 4378.521 4377.887 4377.254 4376.622 4375.987 4375.348
4399.0 4399.0 4399.0 4398.967 4398.84 4398.714 4398.587 4398.46 4398.358 4398.264 4398.17 4398.076 4397.988 4397.925 4397.861 4397.798 4397.735 4397.61 4397.453 4397.296 4397.139 4396.97 4396.707 4396.444 4396.182 4395.919 4395.596 4395.228 4394.861 4394.494 4394.122 4393.649 4393.177 4392.705 4392.233 4391.717 4391.16 4390.603 4390.045 4389.488 4388.88 4388.27 4387.66 4387.05 4386.5 4386.028 4385.556 4385.084 4384.612 4384.083 4383.546 4383.01 4382.474 4381.926 4381.359 4380.792 4380.226 4379.659 4379.04 4378.41 4377.78 4377.15 4376.514 4375.864
4399.0 4399.0 4399.0 4398.976 4398.881 4398.787 4398.692 4398.598 4398.48 4398.354 4398.229 4398.102 4397.991 4397.944 4397.896 4397.85 4397.802 4397.673 4397.5 4397.326 4397.153 4396.971 4396.719 4396.467 4396.215 4395.963 4395.644 4395.277 4394.91 4394.542 4394.17 4393.687 4393.204 4392.721 4392.238 4391.742 4391.233 4390.724 4390.215 4389.706 4389.141 4388.574 4388.007 4387.44 4386.91 4386.427 4385.944 4385.461 4384.978 4384.486 4383.993 4383.499 4383.006 4382.484 4381.912 4381.34 4380.768 4380.195 4379.584 4378.965 4378.346 4377.726 4377.092 4376.42
4399.0 4399.0 4399.0 4398.984 4398.921 4398.859 4398.797 4398.735 4398.603 4398.445 4398.287 4398.128 4397.994 4397.963 4397.932 4397.901 4397.87 4397.735 4397.546 4397.356 4397.167 4396.972 4396.731 4396.49 4396.249 4396.007 4395.693 4395.326 4394.958 4394.591 4394.218 4393.724 4393.23 4392.737 4392.243 4391.766 4391.306 4390.845 4390.384 4389.923 4389.401 4388.877 4388.354 4387.83 4387.319 4386.825 4386.332 4385.838 4385.344 4384.889 4384.439 4383.989 4383.538 4383.042 4382.464 4381.887 4381.309 4380.731 4380.128 4379.52 4378.911 4378.303 4377.669 4376.976
4399.0 4399.0 4399.0 4398.992 4398.962 4398.932 4398.902 4398.872 4398.726 4398.535 4398.345 4398.154 4397.997 4397.982 4397.967 4397.952 4397.937 4397.798 4397.592 4397.387 4397.182 4396.973 4396.743 4396.512 4396.282 4396.051 4395.742 4395.374 4395.007 4394.64 4394.266 4393.762 4393.257 4392.753 4392.249 4391.791 4391.378 4390.966 4390.553 4390.141 4389.662 4389.181 4388.7 4388.219 4387.728 4387.223 4386.719 4386.214 4385.71 4385.293 4384.885 4384.478 4384.07 4383.6 4383.017 4382.434 4381.851 4381.268 4380.672 4380.075 4379.477 4378.879 4378.247 4377.532
4399.011 4399.009 4399.008 4399.006 4399.004 4399.003 4399.002 4399.0 4398.843 4398.625 4398.408 4398.191 4398.014 4398.013 4398.012 4398.011 4398.01 4397.868 4397.651 4397.434 4397.216 4396.998 4396.776 4396.553 4396.331 4396.108 4395.801 4395.434 4395.067 4394.699 4394.326 4393.813 4393.301 4392.789 4392.276 4391.839 4391.474 4391.108 4390.743 4390.378 4389.939 4389.499 4389.058 4388.618 4388.146 4387.635 4387.123 4386.611 4386.1 4385.717 4385.348 4384.979 4384.61 4384.162 4383.575 4382.987 4382.399 4381.812 4381.222 4380.632 4380.042 4379.453 4378.82 4378.081
4399.182 4399.153 4399.125 4399.098 4399.075 4399.052 4399.029 4399.006 4398.877 4398.708 4398.54 4398.371 4398.23 4398.213 4398.196 4398.179 4398.162 4398.045 4397.876 4397.708 4397.539 4397.359 4397.104 4396.85 4396.595 4396.34 4396.021 4395.653 4395.286 4394.918 4394.546 4394.066 4393.586 4393.105 4392.625 4392.22 4391.887 4391.554 4391.221 4390.888 4390.456 4390.021 4389.585 4389.15 4388.7 4388.231 4387.763 4387.294 4386.826 4386.427 4386.037 4385.647 4385.257 4384.797 4384.215 4383.632 4383.05 4382.468 4381.853 4381.23 4380.608 4379.986 4379.315 4378.523
4399.353 4399.297 4399.242 4399.189 4399.145 4399.101 4399.057 4399.012 4398.913 4398.792 4398.671 4398.55 4398.446 4398.413 4398.379 4398.346 4398.313 4398.223 4398.102 4397.981 4397.861 4397.721 4397.434 4397.147 4396.86 4396.573 4396.239 4395.872 4395.505 4395.137 4394.767 4394.318 4393.871 4393.423 4392.975 4392.602 4392.3 4392.0 4391.699 4391.398 4390.972 4390.542 4390.112 4389.682 4389.254 4388.829 4388.403 4387.977 4387.551 4387.138 4386.727 4386.314 4385.903 4385.431 4384.854 4384.278 4383.701 4383.124 4382.483 4381.829 4381.175 4380.521 4379.811 4378.965
4399.523 4399.441 4399.359 4399.281 4399.215 4399.149 4399.084 4399.018 4398.948 4398.875 4398.803 4398.73 4398.662 4398.613 4398.563 4398.514 4398.465 4398.4 4398.328 4398.255 4398.183 4398.082 4397.763 4397.444 4397.125 4396.806 4396.458 4396.091 4395.724 4395.356 4394.987 4394.571 4394.155 4393.74 4393.324 4392.982 4392.714 4392.445 4392.176 4391.908 4391.488 4391.063 4390.639 4390.214 4389.808 4389.425 4389.042 4388.66 4388.277 4387.849 4387.416 4386.982 4386.549 4386.066 4385.495 4384.923 4384.352 4383.78 4383.114 4382.427 4381.741 4381.054 4380.306 4379.407
4399.694 4399.585 4399.476 4399.373 4399.286 4399.198 4399.111 4399.024 4398.982 4398.958 4398.934 4398.91 4398.878 4398.813 4398.747 4398.682 4398.616 4398.578 4398.554 4398.529 4398.505 4398.443 4398.092 4397.741 4397.389 4397.038 4396.677 4396.31 4395.943 4395.575 4395.207 4394.824 4394.44 4394.057 4393.673 4393.364 4393.127 4392.891 4392.654 4392.417 4392.004 4391.585 4391.166 4390.747 4390.362 4390.022 4389.683 4389.343 4389.003 4388.56 4388.105 4387.65 4387.196 4386.701 4386.134 4385.568 4385.002 4384.436 4383.744 4383.025 4382.307 4381.588 4380.802 4379.849
4399.772 4399.666 4399.56 4399.455 4399.357 4399.259 4399.162 4399.063 4399.037 4399.037 4399.037 4399.037 4399.024 4398.958 4398.893 4398.828 4398.762 4398.734 4398.726 4398.718 4398.71 4398.664 4398.326 4397.988 4397.65 4397.312 4396.96 4396.598 4396.236 4395.875 4395.513 4395.167 4394.821 4394.475 4394.129 4393.841 4393.61 4393.379 4393.147 4392.917 4392.513 4392.105 4391.697 4391.288 4390.927 4390.627 4390.328 4390.028 4389.729 4389.29 4388.835 4388.38 4387.925 4387.431 4386.864 4386.298 4385.732 4385.166 4384.461 4383.726 4382.991 4382.256 4381.442 4380.433
4399.757 4399.683 4399.609 4399.528 4399.43 4399.333 4399.234 4399.137 4399.109 4399.109 4399.109 4399.109 4399.1 4399.051 4399.001 4398.952 4398.903 4398.87 4398.846 4398.821 4398.797 4398.744 4398.465 4398.186 4397.907 4397.628 4397.307 4396.956 4396.604 4396.253 4395.904 4395.601 4395.298 4394.995 4394.692 4394.414 4394.162 4393.909 4393.656 4393.404 4393.016 4392.623 4392.231 4391.839 4391.503 4391.241 4390.979 4390.717 4390.455 4390.039 4389.605 4389.172 4388.739 4388.256 4387.685 4387.113 4386.542 4385.97 4385.264 4384.529 4383.794 4383.06 4382.228 4381.16
4399.742 4399.7 4399.658 4399.602 4399.503 4399.405 4399.308 4399.209 4399.183 4399.183 4399.183 4399.183 4399.176 4399.143 4399.11 4399.077 4399.043 4399.005 4398.965 4398.925 4398.885 4398.824 4398.604 4398.384 4398.164 4397.944 4397.654 4397.313 4396.973 4396.632 4396.295 4396.035 4395.775 4395.515 4395.255 4394.987 4394.713 4394.439 4394.165 4393.891 4393.518 4393.142 4392.766 4392.39 4392.079 4391.854 4391.63 4391.405 4391.181 4390.788 4390.376 4389.964 4389.553 4389.081 4388.504 4387.928 4387.351 4386.774 4386.067 4385.332 4384.597 4383.862 4383.014 4381.887
4399.727 4399.717 4399.707 4399.674 4399.577 4399.479 4399.38 4399.283 4399.255 4399.255 4399.255 4399.255 4399.252 4399.235 4399.218 4399.201 4399.184 4399.141 4399.084 4399.028 4398.972 4398.903 4398.743 4398.582 4398.421 4398.26 4398.001 4397.671 4397.341 4397.012 4396.687 4396.469 4396.252 4396.035 4395.817 4395.561 4395.265 4394.969 4394.674 4394.378 4394.02 4393.66 4393.3 4392.94 4392.655 4392.468 4392.281 4392.094 4391.907 4391.537 4391.147 4390.757 4390.367 4389.907 4389.325 4388.743 4388.16 4387.578 4386.87 4386.135 4385.4 4384.666 4383.8 4382.613
4399.711 4399.734 4399.756 4399.748 4399.649 4399.552 4399.454 4399.355 4399.329 4399.329 4399.329 4399.329 4399.329 4399.327 4399.326 4399.325 4399.324 4399.276 4399.204 4399.132 4399.059 4398.983 4398.881 4398.78 4398.678 4398.576 4398.348 4398.029 4397.71 4397.391 4397.078 4396.903 4396.729 4396.555 4396.38 4396.134 4395.817 4395.5 4395.183 4394.866 4394.522 4394.178 4393.834 4393.491 4393.231 4393.082 4392.932 4392.783 4392.633 4392.287 4391.918 4391.549 4391.18 4390.732 4390.145 4389.557 4388.97 4388.382 4387.673 4386.938 4386.203 4385.468 4384.585 4383.34
4399.592 4399.627 4399.662 4399.674 4399.626 4399.579 4399.531 4399.483 4399.47 4399.47 4399.47 4399.47 4399.47 4399.47 4399.47 4399.47 4399.47 4399.432 4399.373 4399.314 4399.256 4399.19 4399.067 4398.944 4398.821 4398.698 4398.5 4398.247 4397.993 4397.74 4397.49 4397.308 4397.126 4396.945 4396.764 4396.545 4396.292 4396.039 4395.786 4395.532 4395.202 4394.869 4394.536 4394.203 4393.951 4393.804 4393.657 4393.51 4393.363 4393.018 4392.65 4392.283 4391.916 4391.485 4390.942 4390.399 4389.856 4389.313 4388.637 4387.932 4387.228 4386.522 4385.647 4384.353
4399.466 4399.511 4399.556 4399.591 4399.597 4399.603 4399.608 4399.614 4399.616 4399.616 4399.616 4399.616 4399.616 4399.616 4399.616 4399.616 4399.616 4399.588 4399.546 4399.503 4399.461 4399.406 4399.256 4399.106 4398.957 4398.807 4398.637 4398.454 4398.27 4398.086 4397.903 4397.71 4397.518 4397.326 4397.134 4396.946 4396.762 4396.579 4396.395 4396.211 4395.893 4395.571 4395.249 4394.927 4394.681 4394.534 4394.387 4394.24 4394.093 4393.748 4393.38 4393.013 4392.646 4392.232 4391.738 4391.243 4390.749 4390.254 4389.613 4388.94 4388.268 4387.595 4386.728 4385.386
4399.339 4399.395 4399.451 4399.508 4399.567 4399.626 4399.686 4399.745 4399.762 4399.762 4399.762 4399.762 4399.762 4399.762 4399.762 4399.762 4399.762 4399.745 4399.718 4399.692 4399.666 4399.622 4399.445 4399.269 4399.092 4398.916 4398.775 4398.661 4398.547 4398.434 4398.316 4398.113 4397.91 4397.707 4397.504 4397.346 4397.232 4397.119 4397.005 4396.891 4396.585 4396.273 4395.962 4395.651 4395.411 4395.264 4395.117 4394.97 4394.823 4394.478 4394.11 4393.743 4393.376 4392.98 4392.534 4392.087 4391.641 4391.195 4390.588 4389.948 4389.307 4388.667 4387.809 4386.418
4399.212 4399.279 4399.346 4399.424 4399.538 4399.65 4399.764 4399.876 4399.908 4399.908 4399.908 4399.908 4399.908 4399.908 4399.908 4399.908 4399.908 4399.901 4399.891 4399.881 4399.871 4399.838 4399.634 4399.431 4399.228 4399.024 4398.913 4398.869 4398.825 4398.78 4398.729 4398.515 4398.302 4398.088 4397.875 4397.747 4397.703 4397.658 4397.614 4397.57 4397.277 4396.976 4396.675 4396.375 4396.141 4395.994 4395.847 4395.7 4395.553 4395.208 4394.841 4394.473 4394.106 4393.728 4393.33 4392.931 4392.533 4392.135 4391.563 4390.956 4390.347 4389.739 4388.89 4387.451
4399.122 4399.189 4399.257 4399.343 4399.484 4399.625 4399.767 4399.908 4399.952 4399.96 4399.968 4399.976 4399.983 4399.987 4399.991 4399.995 4399.999 4400.0 4400.0 4400.0 4400.0 4399.977 4399.774 4399.571 4399.368 4399.166 4399.079 4399.077 4399.075 4399.073 4399.063 4398.856 4398.649 4398.442 4398.236 4398.13 4398.122 4398.114 4398.106 4398.099 4397.826 4397.546 4397.266 4396.986 4396.769 4396.633 4396.499 4396.363 4396.228 4395.907 4395.565 4395.224 4394.882 4394.537 4394.185 4393.833 4393.481 4393.13 4392.559 4391.941 4391.324 4390.707 4389.833 4388.334
4399.093 4399.144 4399.196 4399.266 4399.391 4399.516 4399.641 4399.766 4399.822 4399.851 4399.88 4399.91 4399.936 4399.951 4399.965 4399.98 4399.995 4400.0 4400.0 4400.0 4400.0 4399.982 4399.828 4399.673 4399.519 4399.364 4399.295 4399.288 4399.28 4399.273 4399.259 4399.09 4398.92 4398.751 4398.583 4398.484 4398.455 4398.425 4398.396 4398.367 4398.13 4397.888 4397.645 4397.402 4397.221 4397.118 4397.015 4396.912 4396.809 4396.554 4396.282 4396.01 4395.738 4395.453 4395.144 4394.835 4394.526 4394.217 4393.587 4392.889 4392.191 4391.494 4390.541 4388.96
4399.063 4399.099 4399.134 4399.189 4399.298 4399.407 4399.516 4399.625 4399.691 4399.742 4399.793 4399.844 4399.89 4399.915 4399.94 4399.966 4399.991 4400.0 4400.0 4400.0 4400.0 4399.988 4399.881 4399.775 4399.669 4399.563 4399.511 4399.499 4399.486 4399.473 4399.455 4399.323 4399.192 4399.061 4398.929 4398.838 4398.788 4398.737 4398.686 4398.635 4398.435 4398.229 4398.024 4397.819 4397.673 4397.602 4397.531 4397.46 4397.39 4397.201 4396.999 4396.796 4396.594 4396.368 4396.103 4395.836 4395.571 4395.305 4394.616 4393.837 4393.059 4392.281 4391.247 4389.587
4399.035 4399.054 4399.073 4399.112 4399.205 4399.297 4399.39 4399.483 4399.561 4399.633 4399.705 4399.777 4399.843 4399.879 4399.915 4399.951 4399.987 4400.0 4400.0 4400.0 4400.0 4399.993 4399.936 4399.877 4399.82 4399.762 4399.727 4399.709 4399.691 4399.673 4399.651 4399.557 4399.463 4399.369 4399.275 4399.192 4399.12 4399.048 4398.976 4398.903 4398.739 4398.571 4398.404 4398.236 4398.125 4398.086 4398.047 4398.009 4397.97 4397.847 4397.715 4397.582 4397.45 4397.284 4397.062 4396.838 4396.615 4396.393 4395.645 4394.786 4393.927 4393.068 4391.954 4390.213
4399.006 4399.009 4399.012 4399.035 4399.111 4399.188 4399.265 4399.341 4399.43 4399.524 4399.618 4399.711 4399.796 4399.843 4399.89 4399.937 4399.984 4400.0 4400.0 4400.0 4400.0 4399.999 4399.989 4399.979 4399.97 4399.96 4399.943 4399.919 4399.896 4399.873 4399.848 4399.791 4399.735 4399.678 4399.622 4399.546 4399.453 4399.359 4399.265 4399.172 4399.043 4398.913 4398.783 4398.653 4398.577 4398.57 4398.564 4398.558 4398.551 4398.494 4398.431 4398.368 4398.305 4398.2 4398.02 4397.84 4397.66 4397.48 4396.673 4395.734 4394.794 4393.855 4392.661 4390.839
4399.035 4399.022 4399.01 4399.016 4399.077 4399.137 4399.198 4399.258 4399.346 4399.444 4399.542 4399.64 4399.731 4399.793 4399.854 4399.917 4399.979 4400.0 4400.0 4400.0 4400.0 4400.0 4400.0 4400.0 4400.0 4400.0 4399.988 4399.968 4399.948 4399.928 4399.906 4399.866 4399.826 4399.785 4399.745 4399.684 4399.604 4399.522 4399.442 4399.361 4399.261 4399.16 4399.059 4398.958 4398.9 4398.9 4398.9 4398.9 4398.9 4398.864 4398.824 4398.783 4398.743 4398.663 4398.513 4398.363 4398.213 4398.063 4397.319 4396.45 4395.58 4394.711 4393.58 4391.807
4399.08 4399.05 4399.021 4399.012 4399.056 4399.101 4399.145 4399.189 4399.273 4399.371 4399.469 4399.567 4399.661 4399.739 4399.817 4399.895 4399.973 4400.0 4400.0 4400.0 4400.0 4400.0 4400.0 4400.0 4400.0 4400.0 4399.991 4399.977 4399.961 4399.947 4399.931 4399.902 4399.872 4399.842 4399.813 4399.768 4399.708 4399.649 4399.59 4399.531 4399.457 4399.383 4399.309 4399.234 4399.192 4399.192 4399.192 4399.192 4399.192 4399.166 4399.136 4399.106 4399.077 4399.013 4398.89 4398.767 4398.644 4398.521 4397.87 4397.108 4396.346 4395.584 4394.552 4392.86
