data/zism_data/00798_02_D.txt
ncols         224
nrows         224
[rows 112 to 139 of 224, columns 63 to 125 of 224]
632.25 628.8202 625.3905 621.9607 624.9936 632.9975 641.0016 649.0058 657.2966 673.2105 689.1249 705.0394 720.9532 734.9307 747.0263 759.1215 771.2172 783.3129 791.7554 800.1164 808.4778 816.8391 823.7343 828.8328 833.9313 839.0297 844.1282 845.5955 846.7484 847.9011 849.0539 847.7972 842.7925 837.7877 832.783 827.7783 819.0936 809.8212 800.5488 791.2768 782.0279 772.8259 763.6243 754.4224 745.2204 739.6616 734.9887 730.3159 725.6431 724.871 734.3648 743.8586 753.352 762.8458 773.5881 784.7544 795.921 807.0877 818.3479 829.9467 841.5454 853.1442 864.7426
630.0416 625.7835 621.5256 617.2676 619.2641 626.0717 632.8795 639.6873 646.8115 662.3494 677.8879 693.4263 708.9642 722.9274 735.3601 747.7924 760.2252 772.6579 781.6496 790.5645 799.4797 808.395 815.5717 820.6178 825.664 830.71 835.7562 837.0677 838.0558 839.0439 840.032 838.6555 833.6012 828.5467 823.4922 818.4379 809.8231 800.6398 791.4565 782.2735 773.2526 764.5563 755.8604 747.1641 738.4679 733.7167 729.9248 726.1329 722.3412 722.3472 732.3479 742.3487 752.3491 762.3499 772.9307 783.7082 794.4861 805.264 816.143 827.3875 838.6319 849.8763 861.1204
629.0375 624.2187 619.4001 614.5814 615.6028 621.1166 626.6306 632.1445 637.9945 652.7777 667.5615 682.3452 697.1284 710.8126 723.4286 736.0443 748.6603 761.2764 770.8468 780.3493 789.8522 799.355 806.8795 811.9796 817.0797 822.1796 827.2797 828.4567 829.2938 830.1309 830.968 829.4744 824.3553 819.2361 814.117 808.998 800.3929 791.2311 782.0694 772.908 764.0883 755.9527 747.8174 739.6819 731.5463 727.7894 725.0972 722.4051 719.7131 720.6184 730.9911 741.3639 751.7363 762.109 772.3858 782.6296 792.8738 803.118 813.4914 824.3315 835.1716 846.0118 856.8516
628.0333 622.6538 617.2745 611.8951 611.9415 616.1614 620.3815 624.6016 629.1772 643.2057 657.2346 671.2636 685.2921 698.6973 711.4967 724.2957 737.095 749.8943 760.0437 770.1338 780.2242 790.3147 798.1871 803.3411 808.4951 813.6489 818.8029 819.8452 820.5314 821.2175 821.9037 820.2928 815.1092 809.9253 804.7414 799.5577 790.9623 781.8221 772.6819 763.5421 754.9236 747.3488 739.7742 732.1994 724.6246 721.8619 720.2695 718.6772 717.0848 718.8896 729.6343 740.379 751.1234 761.8682 771.8409 781.551 791.2614 800.9719 810.8397 821.2755 831.7113 842.1472 852.5826
627.0292 621.0891 615.149 609.2089 608.2802 611.2064 614.1326 617.0588 620.3602 633.634 646.9082 660.1824 673.4562 686.5825 699.5652 712.5474 725.5301 738.5128 749.2409 759.9186 770.5967 781.2747 789.4949 794.7028 799.9108 805.1185 810.3264 811.2341 811.7693 812.3046 812.8398 811.1117 805.8633 800.6147 795.3661 790.1178 781.532 772.4134 763.2948 754.1765 745.7593 738.7452 731.7313 724.7172 717.703 715.9346 715.442 714.9493 714.4568 717.1608 728.2775 739.3942 750.5106 761.6273 771.296 780.4724 789.6491 798.8258 808.188 818.2195 828.251 838.2826 848.3138
626.2792 619.899 613.5191 607.139 605.3771 607.1677 608.9583 610.749 612.922 625.2629 637.6043 649.9457 662.2866 674.9648 687.9702 700.9752 713.9806 726.986 738.1359 749.2441 760.3528 771.4614 779.9614 785.2642 790.567 795.8697 801.1725 802.06 802.5649 803.0699 803.5749 801.7949 796.4607 791.1263 785.792 780.4578 772.0071 763.0589 754.1107 745.1627 737.1074 730.838 724.5688 718.2993 712.0299 711.304 711.9263 712.5487 713.1711 716.7645 728.1771 739.5895 751.0017 762.4142 771.8252 780.5557 789.2866 798.0175 806.9449 816.5815 826.2181 835.8547 845.491
626.4443 620.0587 613.6733 607.2878 605.2036 606.4281 607.6526 608.8773 610.4477 621.2144 631.9816 642.7487 653.5154 665.1362 677.5863 690.0359 702.486 714.9361 725.9421 736.9155 747.8894 758.8632 767.3979 772.9434 778.4888 784.0341 789.5795 790.8585 791.7678 792.6771 793.5864 791.9892 786.4933 780.9973 775.5012 770.0052 762.1413 753.8993 745.6573 737.4156 730.3002 725.4379 720.5759 715.7136 710.8514 711.3417 713.1339 714.9261 716.7184 721.1655 732.5996 744.0337 755.4674 766.9015 776.2214 784.8225 793.424 802.0255 810.7731 820.0485 829.3239 838.5992 847.8743
626.6093 620.2183 613.8276 607.4366 605.0302 605.6886 606.3471 607.0056 607.9734 617.1661 626.359 635.552 644.7446 655.308 667.2028 679.0971 690.9919 702.8867 713.7487 724.5873 735.4265 746.2655 754.835 760.623 766.4111 772.1989 777.9869 779.6572 780.9709 782.2845 783.5983 782.1839 776.5263 770.8685 765.2106 759.553 752.2758 744.7401 737.2042 729.6687 723.4931 720.038 716.583 713.1279 709.6729 711.3794 714.3415 717.3035 720.2656 725.5663 737.022 748.4777 759.9329 771.3886 780.6174 789.0891 797.5612 806.0333 814.6011 823.5153 832.4295 841.3436 850.2575
626.7743 620.3779 613.9818 607.5854 604.8567 604.9491 605.0415 605.1339 605.4991 613.1176 620.7363 628.355 635.9735 645.4795 656.8189 668.1579 679.4973 690.8367 701.5549 712.2588 722.9631 733.6674 742.2716 748.3022 754.3329 760.3633 766.3939 768.4557 770.1737 771.8917 773.6097 772.3782 766.5589 760.7394 754.9198 749.1005 742.41 735.5804 728.7509 721.9215 716.6859 714.6379 712.5901 710.5422 708.4943 711.4171 715.5491 719.681 723.8129 729.9673 741.4446 752.9218 764.3987 775.8759 785.0135 793.3559 801.6985 810.0412 818.4293 826.9822 835.5352 844.0882 852.6409
626.9393 620.5375 614.136 607.7343 604.6832 604.2095 603.7359 603.2623 603.0248 609.0692 615.1138 621.1583 627.2026 635.6513 646.4354 657.2191 668.0032 678.7872 689.3615 699.9306 710.5001 721.0697 729.7087 735.9819 742.2551 748.5281 754.8013 757.2545 759.3769 761.4992 763.6216 762.5729 756.5919 750.6106 744.6293 738.6483 732.5445 726.4211 720.2978 714.1746 709.8788 709.238 708.5973 707.9565 707.3158 711.4548 716.7566 722.0584 727.36 734.3682 745.867 757.3658 768.8642 780.363 789.4095 797.6225 805.8358 814.049 822.2573 830.4491 838.6409 846.8326 855.0241
628.3632 621.9166 615.4701 609.0234 605.6572 604.6607 603.6641 602.6675 601.8801 606.6558 611.4316 616.2075 620.9832 628.3135 638.1253 647.9368 657.7486 667.5604 677.8691 688.1885 698.5083 708.828 717.3303 723.6053 729.8802 736.155 742.43 745.1298 747.52 749.9101 752.3003 751.6931 746.4236 741.154 735.8843 730.6149 725.872 721.2132 716.5544 711.8958 709.2012 710.4349 711.6685 712.9022 714.1359 719.5334 725.944 732.3545 738.7648 746.5003 757.7224 768.9444 780.1661 791.3881 800.2196 808.2385 816.2576 824.2767 832.1296 839.3851 846.6406 853.8961 861.1514
630.4166 623.9052 617.394 610.8827 607.205 605.7071 604.2091 602.7112 601.4001 605.06 608.72 612.3799 616.0397 622.2213 630.8524 639.4832 648.1144 656.7455 666.728 676.7401 686.7526 696.765 705.0448 711.2012 717.3575 723.5137 729.6701 732.5441 735.1337 737.7233 740.3129 740.2765 736.1553 732.0339 727.9125 723.7913 720.7964 717.9813 715.1662 712.3512 711.5884 714.93 718.2715 721.6132 724.9549 731.632 739.1207 746.6094 754.0979 762.4973 773.2935 784.0897 794.8855 805.6817 814.2361 822.0286 829.8212 837.614 845.0236 851.0553 857.087 863.1188 869.1503
632.47 625.8939 619.3181 612.742 608.7527 606.7535 604.7542 602.7549 600.9202 603.4642 606.0082 608.5522 611.0961 616.1288 623.5792 631.0294 638.4798 645.9302 655.5864 665.2913 674.9965 684.7016 692.7589 698.7966 704.8344 710.8719 716.9097 719.9578 722.7469 725.536 728.3251 728.8595 725.8865 722.9135 719.9405 716.9675 715.7206 714.7493 713.7779 712.8066 713.9756 719.4253 724.8748 730.3245 735.7742 743.731 752.298 760.8649 769.4315 778.4949 788.8652 799.2355 809.6055 819.9757 828.2531 835.8191 843.3853 850.9515 857.918 862.7259 867.5339 872.3419 877.1496
634.5233 627.8826 621.242 614.6012 610.3005 607.7999 605.2993 602.7986 600.4403 601.8683 603.2964 604.7246 606.1526 610.0366 616.3063 622.5759 628.8456 635.1153 644.4453 653.8428 663.2407 672.6386 680.4734 686.3925 692.3117 698.2307 704.1498 707.3721 710.3607 713.3492 716.3378 717.4429 715.6182 713.7935 711.9687 710.144 710.645 711.5173 712.3896 713.262 716.3628 723.9205 731.4779 739.0356 746.5933 755.8297 765.4747 775.1198 784.7645 794.492 804.4364 814.3808 824.3249 834.2693 842.2697 849.6092 856.949 864.2888 870.8119 874.3961 877.9803 881.5645 885.1486
637.064 630.2892 623.5145 616.7397 612.079 609.0446 606.01 602.9755 600.0662 600.4852 600.9043 601.3234 601.7424 604.5414 609.6523 614.7631 619.874 624.9849 633.8979 642.8951 651.8926 660.8901 668.4708 674.3151 680.1594 686.0035 691.8478 695.3091 698.5641 701.819 705.074 706.8089 706.1793 705.5497 704.92 704.2905 706.5572 709.2863 712.0155 714.7446 719.7197 729.1866 738.6531 748.1201 757.587 767.9148 778.4524 788.9901 799.5273 809.7838 819.3004 828.8171 838.3334 847.85 855.5123 862.5441 869.5762 876.6082 882.6426 885.0862 887.5298 889.9734 892.4169
643.3215 635.8835 628.4458 621.0078 615.6169 611.8008 607.9846 604.1683 600.4986 600.7236 600.9486 601.1736 601.3986 603.5987 607.7176 611.8364 615.9552 620.0741 627.8792 635.7659 643.6528 651.5398 658.6251 664.7281 670.8312 676.9341 683.0372 687.2337 691.265 695.2963 699.3276 702.1426 703.0656 703.9886 704.9117 705.8347 710.0026 714.6888 719.3749 724.0609 730.4719 740.3323 750.1925 760.053 769.9135 779.8977 789.9124 799.9271 809.9414 819.6973 828.7718 837.8464 846.9207 855.9952 862.8532 868.9578 875.0625 881.1673 886.3658 888.3027 890.2395 892.1763 894.113
649.5789 641.4777 633.3769 625.2758 619.1547 614.5569 609.959 605.3611 600.931 600.962 600.9929 601.0239 601.0547 602.6561 605.783 608.9097 612.0366 615.1635 621.8607 628.6369 635.4133 642.1898 648.7798 655.1416 661.5034 667.8651 674.2269 679.1584 683.9662 688.7737 693.5814 697.4765 699.952 702.4277 704.9033 707.3788 713.448 720.0911 726.7341 733.3769 741.2236 751.4777 761.7314 771.9855 782.2396 791.8802 801.372 810.8638 820.3552 829.6104 838.2429 846.8754 855.5076 864.1401 870.1939 875.3712 880.5486 885.7261 890.0889 891.5189 892.949 894.3791 895.8091
655.8364 647.0721 638.3081 629.5438 622.6926 617.3132 611.9337 606.554 601.3635 601.2004 601.0372 600.8741 600.7109 601.7134 603.8483 605.983 608.1179 610.2527 615.8419 621.5076 627.1735 632.8395 638.9341 645.5547 652.1753 658.7957 665.4163 671.0829 676.6671 682.2509 687.835 692.8102 696.8383 700.8666 704.8948 708.923 716.8935 725.4935 734.0935 742.6932 751.9758 762.6235 773.2708 783.9185 794.5662 803.8632 812.832 821.8008 830.7693 839.5238 847.7143 855.9047 864.0949 872.2853 877.5349 881.7849 886.035 890.2852 893.812 894.7354 895.6587 896.582 897.5053
662.0937 652.6663 643.2392 633.8118 626.2305 620.0694 613.9081 607.7469 601.796 601.4388 601.0815 600.7243 600.3671 600.7708 601.9136 603.0565 604.1993 605.3422 609.8234 614.3787 618.934 623.4894 629.0887 635.9681 642.8475 649.7266 656.606 663.0078 669.3682 675.7283 682.0887 688.1441 693.7248 699.3056 704.8865 710.4671 720.3389 730.8958 741.4527 752.0093 762.7277 773.7689 784.8098 795.851 806.8923 815.8456 824.2916 832.7375 841.1831 849.437 857.1854 864.9337 872.6819 880.4303 884.8755 888.1983 891.5212 894.8441 897.535 897.9517 898.3682 898.7848 899.2014
668.6087 659.0057 649.403 639.8 631.5938 624.4621 617.3302 610.1983 603.2986 602.5736 601.8486 601.1237 600.3987 600.3528 600.9669 601.5809 602.1949 602.8089 606.392 610.0408 613.6898 617.3388 622.5292 629.6094 636.6896 643.7697 650.8499 658.0298 665.2184 672.4068 679.5954 686.7147 693.7261 700.7377 707.7493 714.7607 725.6472 737.1525 748.6578 760.1627 771.4485 782.2952 793.1415 803.9882 814.8349 823.5036 831.6429 839.7822 847.9213 855.8279 863.1221 870.4162 877.7101 885.0042 888.8446 891.5112 894.178 896.8447 898.9651 899.1187 899.2723 899.4259 899.5795
675.3215 665.918 656.5148 647.1113 638.361 630.1134 621.8655 613.6177 605.6244 604.398 603.1717 601.9453 600.719 600.3386 600.7801 601.2216 601.6631 602.1046 604.9507 607.8503 610.7499 613.6496 618.4975 625.7341 632.9706 640.207 647.4435 655.4348 663.4914 671.5477 679.6044 687.7752 696.1235 704.472 712.8206 721.1689 732.3883 744.0662 755.744 767.4214 778.6065 788.8063 799.0057 809.2054 819.4052 827.8345 835.8337 843.8329 851.8318 859.5092 866.3397 873.1702 880.0005 886.8311 890.2198 892.439 894.6583 896.8775 898.6313 898.7094 898.7875 898.8657 898.9438
682.0346 672.8306 663.6268 654.4228 645.1285 635.765 626.4011 617.0372 607.9502 606.2225 604.4948 602.767 601.0393 600.3243 600.5933 600.8622 601.1312 601.4001 603.5095 605.6597 607.81 609.9602 614.4657 621.8586 629.2515 636.6442 644.037 652.8396 661.7643 670.6886 679.6133 688.8357 698.5209 708.2065 717.8921 727.5773 739.1296 750.98 762.8304 774.6803 785.7648 795.3176 804.87 814.4228 823.9755 832.1656 840.0247 847.8837 855.7424 863.1905 869.5574 875.9243 882.291 888.6579 891.595 893.3668 895.1385 896.9103 898.2974 898.3001 898.3027 898.3054 898.308
688.7474 679.7429 670.7386 661.7341 651.8957 641.4163 630.9365 620.4567 610.2759 608.0469 605.8178 603.5887 601.3596 600.3101 600.4065 600.5029 600.5994 600.6958 602.0684 603.4692 604.8701 606.271 610.4341 617.9833 625.5325 633.0815 640.6307 650.2445 660.0372 669.8295 679.6223 689.8962 700.9183 711.9409 722.9634 733.9856 745.8707 757.8936 769.9165 781.939 792.9229 801.8287 810.7342 819.64 828.5458 836.4966 844.2155 851.9343 859.6528 866.8718 872.775 878.6783 884.5814 890.4847 892.9703 894.2945 895.6188 896.9431 897.9636 897.8908 897.818 897.7451 897.6723
695.3883 686.5917 677.7954 668.9988 658.6301 647.0524 635.4743 623.8962 612.6386 609.9016 607.1646 604.4276 601.6906 600.3036 600.2281 600.1526 600.0771 600.0016 600.6459 601.3062 601.9666 602.6268 606.4516 614.1556 621.8597 629.5635 637.2676 647.694 658.3563 669.0182 679.6804 690.9998 703.3407 715.6821 728.0235 740.3645 752.5695 764.7526 776.9358 789.1185 799.994 808.2539 816.5135 824.7735 833.0335 840.741 848.3144 855.8879 863.461 870.4478 875.8907 881.3336 886.7762 892.2191 894.2579 895.14 896.0221 896.9042 897.5629 897.4176 897.2723 897.127 896.9816
697.1285 689.1191 681.1099 673.1005 663.1318 651.6566 640.1809 628.7053 617.5117 613.8206 610.1293 606.438 602.7468 600.824 600.6191 600.4142 600.2094 600.0045 600.5035 601.0182 601.533 602.0477 605.8165 613.5745 621.3325 629.0901 636.8481 648.1769 659.815 671.4527 683.0908 695.0378 707.4651 719.8927 732.3204 744.7476 756.3833 767.8926 779.4019 790.9108 801.1464 808.8348 816.5231 824.2115 831.9 839.0924 846.1644 853.2365 860.3083 866.865 872.0653 877.2656 882.4656 887.6659 889.5828 890.384 891.1852 891.9865 892.61 892.5941 892.5782 892.5623 892.5463
698.8686 691.6463 684.4243 677.2019 667.6334 656.2606 644.8873 633.5141 622.3847 617.7394 613.0939 608.4484 603.8031 601.3444 601.0101 600.6758 600.3416 600.0073 600.3611 600.7303 601.0995 601.4687 605.1815 612.9934 620.8052 628.6168 636.4287 648.6598 661.2737 673.8872 686.5011 699.0759 711.5893 724.1031 736.617 749.1305 760.197 771.0324 781.8679 792.7029 802.2988 809.4158 816.5325 823.6495 830.7665 837.4438 844.0146 850.5853 857.1558 863.2823 868.24 873.1977 878.1552 883.1129 884.9079 885.6282 886.3486 887.069 887.6574 887.7708 887.8843 887.9977 888.1111
700.6088 694.1736 687.7387 681.3035 672.1352 660.8647 649.5939 638.3231 627.2578 621.6583 616.0586 610.4589 604.8594 601.8649 601.4011 600.9374 600.4738 600.0101 600.2188 600.4424 600.666 600.8896 604.5465 612.4122 620.278 628.1435 636.0093 649.1427 662.7325 676.3217 689.9114 703.114 715.7136 728.3137 740.9139 753.5135 764.0109 774.1724 784.3339 794.4951 803.4513 809.9968 816.5421 823.0875 829.633 835.7953 841.8646 847.934 854.0031 859.6996 864.4146 869.1297 873.8446 878.5597 880.2328 880.8723 881.5118 882.1513 882.7045 882.9474 883.1902 883.433 883.6758
702.3489 696.7009 691.053 685.405 676.6368 665.4688 654.3004 643.132 632.1308 625.5771 619.0232 612.4693 605.9156 602.3853 601.7922 601.1991 600.606 600.0129 600.0764 600.1544 600.2325 600.3105 603.9115 611.8311 619.7508 627.6702 635.5898 649.6256 664.1912 678.7562 693.3217 707.1519 719.8378 732.5242 745.2106 757.8965 767.8246 777.3123 786.7999 796.2873 804.6037 810.5777 816.5515 822.5255 828.4995 834.1467 839.7147 845.2827 850.8505 856.1169 860.5894 865.0618 869.5342 874.0067 875.5579 876.1165 876.6751 877.2338 877.7518 878.1241 878.4963 878.8685 879.2407
