data/zism_data/00803_01_D.txt
ncols         224
nrows         224
[rows 174 to 202 of 224, columns 0 to 64 of 224]
1058.61 1058.767 1058.924 1059.08 1059.237 1059.01 1058.542 1058.073 1057.604 1057.129 1056.503 1055.878 1055.252 1054.626 1054.035 1053.481 1052.927 1052.373 1051.82 1051.417 1051.03 1050.644 1050.257 1050.0 1050.0 1050.0 1050.0 1050.0 1050.0 1050.0 1050.0 1050.0 1050.0 1050.0 1050.0 1050.0 1050.0 1050.0 1050.0 1050.0 1050.0 1050.0 1050.0 1050.0 1050.0 1050.0 1050.152 1050.464 1050.775 1051.086 1051.398 1052.858 1054.418 1055.978 1057.538 1059.516 1062.266 1065.017 1067.768 1070.518 1073.62 1076.821 1080.021 1083.222 1086.299
1059.861 1060.05 1060.239 1060.427 1060.616 1060.434 1060.019 1059.604 1059.189 1058.762 1058.083 1057.404 1056.725 1056.046 1055.348 1054.628 1053.909 1053.19 1052.47 1051.926 1051.401 1050.875 1050.349 1050.0 1050.0 1050.0 1050.0 1050.0 1050.0 1050.0 1050.0 1050.0 1050.0 1050.0 1050.0 1050.0 1050.0 1050.0 1050.0 1050.0 1050.0 1050.0 1050.0 1050.0 1050.0 1050.0 1050.074 1050.225 1050.376 1050.527 1050.678 1051.801 1053.008 1054.216 1055.424 1057.149 1059.836 1062.522 1065.209 1067.895 1071.075 1074.393 1077.711 1081.029 1084.28
1061.097 1061.323 1061.55 1061.776 1062.003 1061.869 1061.508 1061.146 1060.785 1060.408 1059.68 1058.952 1058.225 1057.497 1056.699 1055.822 1054.946 1054.069 1053.192 1052.504 1051.835 1051.167 1050.498 1050.05 1050.038 1050.026 1050.015 1050.003 1050.0 1050.0 1050.0 1050.0 1050.0 1050.0 1050.0 1050.0 1050.0 1050.0 1050.0 1050.0 1050.0 1050.0 1050.0 1050.0 1050.0 1050.0 1050.0 1050.0 1050.0 1050.0 1050.0 1050.795 1051.659 1052.523 1053.388 1054.866 1057.482 1060.099 1062.715 1065.332 1068.592 1072.033 1075.474 1078.915 1082.339
1062.073 1062.433 1062.793 1063.154 1063.514 1063.468 1063.165 1062.863 1062.56 1062.24 1061.545 1060.849 1060.153 1059.458 1058.666 1057.768 1056.87 1055.972 1055.074 1054.195 1053.318 1052.441 1051.564 1050.909 1050.695 1050.48 1050.265 1050.05 1050.0 1050.0 1050.0 1050.0 1050.0 1050.0 1050.0 1050.0 1050.0 1050.0 1050.0 1050.0 1050.0 1050.0 1050.0 1050.0 1050.0 1050.0 1050.0 1050.0 1050.0 1050.0 1050.0 1050.618 1051.29 1051.962 1052.634 1053.929 1056.38 1058.831 1061.281 1063.732 1067.119 1070.768 1074.418 1078.067 1081.677
1063.05 1063.543 1064.037 1064.531 1065.025 1065.066 1064.823 1064.579 1064.335 1064.073 1063.409 1062.746 1062.082 1061.419 1060.634 1059.714 1058.795 1057.876 1056.956 1055.887 1054.801 1053.716 1052.63 1051.769 1051.351 1050.933 1050.516 1050.098 1050.0 1050.0 1050.0 1050.0 1050.0 1050.0 1050.0 1050.0 1050.0 1050.0 1050.0 1050.0 1050.0 1050.0 1050.0 1050.0 1050.0 1050.0 1050.0 1050.0 1050.0 1050.0 1050.0 1050.441 1050.921 1051.4 1051.88 1052.992 1055.277 1057.562 1059.847 1062.133 1065.646 1069.504 1073.361 1077.219 1081.015
1064.026 1064.654 1065.281 1065.908 1066.536 1066.665 1066.48 1066.295 1066.11 1065.905 1065.274 1064.642 1064.011 1063.38 1062.601 1061.661 1060.72 1059.779 1058.839 1057.578 1056.284 1054.99 1053.697 1052.629 1052.008 1051.387 1050.766 1050.145 1050.0 1050.0 1050.0 1050.0 1050.0 1050.0 1050.0 1050.0 1050.0 1050.0 1050.0 1050.0 1050.0 1050.0 1050.0 1050.0 1050.0 1050.0 1050.0 1050.0 1050.0 1050.0 1050.0 1050.264 1050.551 1050.838 1051.126 1052.055 1054.174 1056.294 1058.413 1060.533 1064.173 1068.239 1072.305 1076.371 1080.353
1065.003 1065.764 1066.525 1067.286 1068.047 1068.264 1068.137 1068.011 1067.885 1067.738 1067.139 1066.539 1065.94 1065.34 1064.569 1063.607 1062.645 1061.683 1060.721 1059.27 1057.767 1056.265 1054.763 1053.488 1052.664 1051.84 1051.016 1050.193 1050.0 1050.0 1050.0 1050.0 1050.0 1050.0 1050.0 1050.0 1050.0 1050.0 1050.0 1050.0 1050.0 1050.0 1050.0 1050.0 1050.0 1050.0 1050.0 1050.0 1050.0 1050.0 1050.0 1050.087 1050.182 1050.277 1050.372 1051.118 1053.072 1055.026 1056.98 1058.933 1062.7 1066.974 1071.249 1075.523 1079.69
1065.973 1066.832 1067.692 1068.551 1069.41 1069.723 1069.691 1069.658 1069.626 1069.573 1069.054 1068.536 1068.017 1067.499 1066.757 1065.768 1064.779 1063.79 1062.801 1061.193 1059.521 1057.848 1056.175 1054.703 1053.627 1052.552 1051.476 1050.4 1050.124 1050.091 1050.059 1050.026 1050.0 1050.0 1050.0 1050.0 1050.0 1050.0 1050.0 1050.0 1050.0 1050.0 1050.0 1050.0 1050.0 1050.0 1050.0 1050.0 1050.0 1050.0 1050.0 1050.0 1050.0 1050.0 1050.0 1050.608 1052.342 1054.076 1055.81 1057.544 1061.285 1065.589 1069.893 1074.197 1078.419
1066.937 1067.86 1068.784 1069.707 1070.631 1071.047 1071.143 1071.239 1071.335 1071.41 1071.019 1070.629 1070.239 1069.848 1069.159 1068.138 1067.117 1066.096 1065.075 1063.343 1061.537 1059.731 1057.924 1056.263 1054.888 1053.513 1052.138 1050.763 1050.368 1050.271 1050.174 1050.078 1050.0 1050.0 1050.0 1050.0 1050.0 1050.0 1050.0 1050.0 1050.0 1050.0 1050.0 1050.0 1050.0 1050.0 1050.0 1050.0 1050.0 1050.0 1050.0 1050.0 1050.0 1050.0 1050.0 1050.512 1051.974 1053.435 1054.897 1056.358 1059.927 1064.087 1068.247 1072.406 1076.555
1067.901 1068.889 1069.876 1070.864 1071.851 1072.371 1072.595 1072.819 1073.043 1073.246 1072.984 1072.722 1072.46 1072.198 1071.561 1070.508 1069.455 1068.402 1067.349 1065.493 1063.553 1061.613 1059.673 1057.823 1056.148 1054.474 1052.8 1051.126 1050.611 1050.451 1050.29 1050.129 1050.0 1050.0 1050.0 1050.0 1050.0 1050.0 1050.0 1050.0 1050.0 1050.0 1050.0 1050.0 1050.0 1050.0 1050.0 1050.0 1050.0 1050.0 1050.0 1050.0 1050.0 1050.0 1050.0 1050.417 1051.606 1052.795 1053.984 1055.173 1058.569 1062.585 1066.6 1070.616 1074.691
1068.865 1069.917 1070.968 1072.02 1073.072 1073.694 1074.047 1074.4 1074.752 1075.083 1074.949 1074.816 1074.682 1074.548 1073.963 1072.878 1071.793 1070.708 1069.623 1067.643 1065.569 1063.496 1061.422 1059.382 1057.409 1055.436 1053.462 1051.489 1050.855 1050.63 1050.406 1050.181 1050.0 1050.0 1050.0 1050.0 1050.0 1050.0 1050.0 1050.0 1050.0 1050.0 1050.0 1050.0 1050.0 1050.0 1050.0 1050.0 1050.0 1050.0 1050.0 1050.0 1050.0 1050.0 1050.0 1050.321 1051.238 1052.154 1053.071 1053.987 1057.211 1061.083 1064.954 1068.825 1072.828
1069.829 1070.945 1072.06 1073.176 1074.292 1075.018 1075.499 1075.98 1076.461 1076.92 1076.915 1076.909 1076.903 1076.898 1076.365 1075.248 1074.131 1073.014 1071.896 1069.793 1067.586 1065.379 1063.171 1060.942 1058.67 1056.397 1054.124 1051.851 1051.099 1050.81 1050.521 1050.232 1050.0 1050.0 1050.0 1050.0 1050.0 1050.0 1050.0 1050.0 1050.0 1050.0 1050.0 1050.0 1050.0 1050.0 1050.0 1050.0 1050.0 1050.0 1050.0 1050.0 1050.0 1050.0 1050.0 1050.226 1050.87 1051.514 1052.158 1052.802 1055.854 1059.58 1063.307 1067.034 1070.964
1070.803 1072.039 1073.275 1074.511 1075.747 1076.593 1077.192 1077.79 1078.389 1078.963 1078.994 1079.024 1079.055 1079.086 1078.566 1077.438 1076.309 1075.18 1074.051 1071.863 1069.563 1067.263 1064.963 1062.603 1060.123 1057.643 1055.163 1052.683 1051.775 1051.345 1050.915 1050.485 1050.134 1050.103 1050.073 1050.042 1050.011 1050.0 1050.0 1050.0 1050.0 1050.0 1050.0 1050.0 1050.0 1050.0 1050.0 1050.0 1050.0 1050.0 1050.0 1050.0 1050.0 1050.0 1050.0 1050.175 1050.674 1051.174 1051.673 1052.172 1054.804 1058.034 1061.264 1064.494 1068.026
1071.778 1073.137 1074.496 1075.855 1077.214 1078.179 1078.895 1079.611 1080.328 1081.016 1081.078 1081.141 1081.204 1081.266 1080.759 1079.619 1078.48 1077.341 1076.201 1073.929 1071.538 1069.148 1066.757 1064.268 1061.585 1058.902 1056.219 1053.536 1052.47 1051.896 1051.322 1050.748 1050.274 1050.212 1050.149 1050.086 1050.023 1050.0 1050.0 1050.0 1050.0 1050.0 1050.0 1050.0 1050.0 1050.0 1050.0 1050.0 1050.0 1050.0 1050.0 1050.0 1050.0 1050.0 1050.0 1050.126 1050.487 1050.847 1051.207 1051.568 1053.769 1056.486 1059.203 1061.919 1065.039
1072.752 1074.234 1075.716 1077.198 1078.68 1079.765 1080.599 1081.432 1082.266 1083.068 1083.163 1083.257 1083.352 1083.447 1082.951 1081.801 1080.651 1079.501 1078.351 1075.995 1073.514 1071.032 1068.551 1065.934 1063.048 1060.162 1057.276 1054.39 1053.165 1052.447 1051.728 1051.01 1050.415 1050.32 1050.225 1050.13 1050.035 1050.0 1050.0 1050.0 1050.0 1050.0 1050.0 1050.0 1050.0 1050.0 1050.0 1050.0 1050.0 1050.0 1050.0 1050.0 1050.0 1050.0 1050.0 1050.078 1050.299 1050.521 1050.742 1050.964 1052.733 1054.937 1057.141 1059.345 1062.052
1073.727 1075.332 1076.937 1078.541 1080.146 1081.35 1082.302 1083.253 1084.205 1085.12 1085.247 1085.374 1085.501 1085.628 1085.144 1083.983 1082.822 1081.661 1080.5 1078.062 1075.49 1072.917 1070.345 1067.599 1064.51 1061.421 1058.332 1055.243 1053.86 1052.998 1052.135 1051.272 1050.555 1050.428 1050.301 1050.174 1050.047 1050.0 1050.0 1050.0 1050.0 1050.0 1050.0 1050.0 1050.0 1050.0 1050.0 1050.0 1050.0 1050.0 1050.0 1050.0 1050.0 1050.0 1050.0 1050.029 1050.111 1050.194 1050.277 1050.359 1051.698 1053.389 1055.08 1056.771 1059.066
1074.403 1076.122 1077.841 1079.56 1081.279 1082.603 1083.679 1084.755 1085.83 1086.867 1087.067 1087.267 1087.468 1087.668 1087.229 1086.084 1084.938 1083.793 1082.647 1080.173 1077.56 1074.947 1072.333 1069.548 1066.42 1063.293 1060.166 1057.038 1055.51 1054.468 1053.426 1052.385 1051.492 1051.205 1050.918 1050.631 1050.345 1050.205 1050.153 1050.101 1050.049 1050.0 1050.0 1050.0 1050.0 1050.0 1050.0 1050.0 1050.0 1050.0 1050.0 1050.0 1050.0 1050.0 1050.0 1050.0 1050.0 1050.0 1050.0 1050.0 1051.008 1052.299 1053.59 1054.88 1056.824
1074.641 1076.462 1078.282 1080.103 1081.923 1083.369 1084.578 1085.787 1086.996 1088.167 1088.501 1088.834 1089.168 1089.502 1089.159 1088.067 1086.975 1085.883 1084.791 1082.351 1079.77 1077.188 1074.607 1071.911 1068.987 1066.062 1063.138 1060.214 1058.556 1057.285 1056.014 1054.742 1053.597 1052.962 1052.328 1051.694 1051.06 1050.711 1050.53 1050.35 1050.17 1050.0 1050.0 1050.0 1050.0 1050.0 1050.0 1050.0 1050.0 1050.0 1050.0 1050.0 1050.0 1050.0 1050.0 1050.0 1050.0 1050.0 1050.0 1050.0 1050.824 1051.88 1052.936 1053.991 1055.674
1074.879 1076.802 1078.724 1080.646 1082.568 1084.135 1085.477 1086.82 1088.163 1089.467 1089.934 1090.402 1090.869 1091.336 1091.089 1090.05 1089.012 1087.973 1086.935 1084.529 1081.979 1079.43 1076.881 1074.274 1071.553 1068.832 1066.11 1063.389 1061.603 1060.102 1058.601 1057.1 1055.701 1054.72 1053.738 1052.757 1051.775 1051.216 1050.907 1050.599 1050.291 1050.0 1050.0 1050.0 1050.0 1050.0 1050.0 1050.0 1050.0 1050.0 1050.0 1050.0 1050.0 1050.0 1050.0 1050.0 1050.0 1050.0 1050.0 1050.0 1050.641 1051.461 1052.282 1053.102 1054.524
1075.118 1077.141 1079.165 1081.188 1083.212 1084.9 1086.376 1087.853 1089.329 1090.767 1091.368 1091.969 1092.57 1093.17 1093.019 1092.034 1091.048 1090.063 1089.078 1086.706 1084.189 1081.672 1079.155 1076.637 1074.119 1071.601 1069.083 1066.565 1064.65 1062.919 1061.188 1059.457 1057.806 1056.477 1055.148 1053.819 1052.49 1051.721 1051.285 1050.848 1050.411 1050.0 1050.0 1050.0 1050.0 1050.0 1050.0 1050.0 1050.0 1050.0 1050.0 1050.0 1050.0 1050.0 1050.0 1050.0 1050.0 1050.0 1050.0 1050.0 1050.457 1051.042 1051.628 1052.213 1053.374
1075.356 1077.481 1079.606 1081.731 1083.856 1085.666 1087.276 1088.885 1090.495 1092.067 1092.801 1093.536 1094.27 1095.005 1094.949 1094.017 1093.085 1092.153 1091.222 1088.884 1086.399 1083.914 1081.429 1079.001 1076.686 1074.37 1072.055 1069.74 1067.697 1065.736 1063.776 1061.815 1059.91 1058.234 1056.558 1054.882 1053.206 1052.227 1051.662 1051.097 1050.532 1050.0 1050.0 1050.0 1050.0 1050.0 1050.0 1050.0 1050.0 1050.0 1050.0 1050.0 1050.0 1050.0 1050.0 1050.0 1050.0 1050.0 1050.0 1050.0 1050.274 1050.624 1050.974 1051.324 1052.224
1075.271 1077.443 1079.615 1081.786 1083.958 1085.851 1087.567 1089.283 1090.999 1092.675 1093.489 1094.302 1095.115 1095.928 1095.967 1095.148 1094.329 1093.51 1092.691 1090.571 1088.315 1086.058 1083.802 1081.535 1079.25 1076.964 1074.678 1072.393 1070.246 1068.143 1066.039 1063.936 1061.869 1059.95 1058.032 1056.113 1054.195 1053.003 1052.241 1051.479 1050.717 1050.0 1050.0 1050.0 1050.0 1050.0 1050.0 1050.0 1050.0 1050.0 1050.0 1050.0 1050.0 1050.0 1050.0 1050.0 1050.0 1050.0 1050.0 1050.0 1050.201 1050.457 1050.714 1050.971 1051.703
1075.131 1077.341 1079.55 1081.759 1083.968 1085.937 1087.755 1089.573 1091.39 1093.167 1094.05 1094.932 1095.815 1096.698 1096.831 1096.135 1095.439 1094.743 1094.047 1092.176 1090.181 1088.186 1086.192 1084.099 1081.813 1079.528 1077.242 1074.956 1072.712 1070.48 1068.248 1066.016 1063.802 1061.659 1059.516 1057.374 1055.231 1053.824 1052.854 1051.884 1050.913 1050.0 1050.0 1050.0 1050.0 1050.0 1050.0 1050.0 1050.0 1050.0 1050.0 1050.0 1050.0 1050.0 1050.0 1050.0 1050.0 1050.0 1050.0 1050.0 1050.146 1050.333 1050.521 1050.708 1051.288
1074.992 1077.238 1079.485 1081.732 1083.978 1086.024 1087.943 1089.862 1091.781 1093.658 1094.61 1095.563 1096.515 1097.467 1097.695 1097.122 1096.549 1095.976 1095.403 1093.78 1092.047 1090.314 1088.581 1086.663 1084.377 1082.091 1079.806 1077.52 1075.177 1072.817 1070.457 1068.097 1065.736 1063.368 1061.001 1058.634 1056.266 1054.645 1053.467 1052.288 1051.11 1050.0 1050.0 1050.0 1050.0 1050.0 1050.0 1050.0 1050.0 1050.0 1050.0 1050.0 1050.0 1050.0 1050.0 1050.0 1050.0 1050.0 1050.0 1050.0 1050.092 1050.21 1050.328 1050.445 1050.873
1074.852 1077.136 1079.42 1081.704 1083.988 1086.111 1088.131 1090.152 1092.173 1094.15 1095.171 1096.193 1097.214 1098.236 1098.559 1098.109 1097.659 1097.209 1096.758 1095.384 1093.913 1092.442 1090.971 1089.227 1086.941 1084.655 1082.37 1080.084 1077.643 1075.155 1072.666 1070.178 1067.669 1065.078 1062.486 1059.894 1057.302 1055.467 1054.08 1052.693 1051.306 1050.0 1050.0 1050.0 1050.0 1050.0 1050.0 1050.0 1050.0 1050.0 1050.0 1050.0 1050.0 1050.0 1050.0 1050.0 1050.0 1050.0 1050.0 1050.0 1050.038 1050.086 1050.134 1050.183 1050.458
1074.472 1076.817 1079.163 1081.509 1083.855 1086.064 1088.186 1090.308 1092.43 1094.507 1095.583 1096.659 1097.736 1098.812 1099.216 1098.876 1098.536 1098.195 1097.855 1096.686 1095.429 1094.173 1092.917 1091.31 1089.012 1086.713 1084.414 1082.115 1079.574 1076.959 1074.345 1071.73 1069.087 1066.333 1063.578 1060.824 1058.07 1056.077 1054.535 1052.993 1051.452 1050.0 1050.0 1050.0 1050.0 1050.0 1050.0 1050.0 1050.0 1050.0 1050.0 1050.0 1050.0 1050.0 1050.0 1050.0 1050.0 1050.0 1050.0 1050.0 1050.0 1050.0 1050.0 1050.0 1050.158
1073.541 1076.004 1078.468 1080.931 1083.394 1085.711 1087.934 1090.158 1092.382 1094.556 1095.654 1096.752 1097.85 1098.948 1099.401 1099.141 1098.881 1098.62 1098.36 1097.295 1096.146 1094.996 1093.847 1092.297 1089.956 1087.614 1085.273 1082.931 1080.286 1077.548 1074.81 1072.073 1069.327 1066.552 1063.776 1061.0 1058.224 1056.203 1054.629 1053.056 1051.482 1050.0 1050.0 1050.0 1050.0 1050.0 1050.0 1050.0 1050.0 1050.0 1050.0 1050.0 1050.0 1050.0 1050.0 1050.0 1050.0 1050.0 1050.0 1050.0 1050.0 1050.0 1050.0 1050.0 1050.121
1072.61 1075.191 1077.772 1080.353 1082.934 1085.358 1087.683 1090.008 1092.334 1094.606 1095.725 1096.844 1097.964 1099.083 1099.585 1099.406 1099.225 1099.045 1098.865 1097.905 1096.862 1095.819 1094.777 1093.284 1090.9 1088.515 1086.131 1083.747 1080.998 1078.137 1075.276 1072.415 1069.567 1066.77 1063.973 1061.176 1058.379 1056.329 1054.724 1053.118 1051.512 1050.0 1050.0 1050.0 1050.0 1050.0 1050.0 1050.0 1050.0 1050.0 1050.0 1050.0 1050.0 1050.0 1050.0 1050.0 1050.0 1050.0 1050.0 1050.0 1050.0 1050.0 1050.0 1050.0 1050.084
1071.679 1074.378 1077.076 1079.775 1082.473 1085.005 1087.432 1089.859 1092.285 1094.656 1095.797 1096.937 1098.078 1099.218 1099.77 1099.67 1099.57 1099.47 1099.37 1098.514 1097.578 1096.643 1095.707 1094.271 1091.844 1089.417 1086.99 1084.563 1081.709 1078.725 1075.742 1072.758 1069.807 1066.989 1064.17 1061.352 1058.533 1056.456 1054.818 1053.18 1051.542 1050.0 1050.0 1050.0 1050.0 1050.0 1050.0 1050.0 1050.0 1050.0 1050.0 1050.0 1050.0 1050.0 1050.0 1050.0 1050.0 1050.0 1050.0 1050.0 1050.0 1050.0 1050.0 1050.0 1050.047
