data/zism_data/00802_04_D.txt
ncols         224
nrows         224
[rows 84 to 111 of 224, columns 126 to 188 of 224]
1336.003 1352.897 1369.791 1386.685 1403.37 1413.027 1422.685 1432.343 1442.001 1450.61 1458.076 1465.541 1473.007 1480.472 1479.89 1478.678 1477.466 1476.255 1471.117 1459.487 1447.857 1436.226 1424.596 1404.776 1383.23 1361.686 1340.141 1322.404 1314.688 1306.972 1299.255 1291.539 1289.064 1288.581 1288.097 1287.614 1287.769 1290.957 1294.144 1297.331 1300.519 1308.531 1319.46 1330.389 1341.319 1352.212 1362.643 1373.074 1383.505 1393.936 1401.945 1407.732 1413.519 1419.307 1425.094 1427.719 1430.25 1432.78 1435.311 1436.5 1435.837 1435.175 1434.513
1339.18 1355.324 1371.469 1387.613 1403.554 1412.673 1421.792 1430.911 1440.031 1448.223 1455.404 1462.585 1469.765 1476.946 1476.381 1475.21 1474.039 1472.869 1467.737 1456.056 1444.374 1432.693 1421.011 1401.336 1379.977 1358.618 1337.259 1319.692 1312.102 1304.511 1296.921 1289.33 1286.944 1286.537 1286.129 1285.721 1285.922 1289.013 1292.103 1295.194 1298.285 1305.501 1315.211 1324.922 1334.632 1344.363 1354.352 1364.34 1374.329 1384.318 1392.251 1398.299 1404.347 1410.396 1416.444 1419.139 1421.733 1424.327 1426.921 1428.315 1428.052 1427.79 1427.527
1336.777 1352.568 1368.358 1384.147 1399.745 1408.886 1418.027 1427.167 1436.308 1444.34 1451.161 1457.982 1464.803 1471.625 1470.824 1469.428 1468.032 1466.636 1461.409 1449.845 1438.282 1426.719 1415.155 1396.147 1375.572 1354.997 1334.421 1317.398 1309.721 1302.045 1294.369 1286.692 1284.392 1284.134 1283.877 1283.619 1283.933 1286.959 1289.985 1293.012 1296.038 1302.314 1310.554 1318.795 1327.035 1335.343 1344.516 1353.689 1362.862 1372.036 1379.881 1386.509 1393.136 1399.764 1406.392 1409.557 1412.618 1415.679 1418.74 1420.6 1420.804 1421.009 1421.213
1334.374 1349.811 1365.246 1380.682 1395.937 1405.099 1414.261 1423.423 1432.586 1440.456 1446.918 1453.38 1459.842 1466.303 1465.268 1463.646 1462.025 1460.404 1455.081 1443.635 1432.19 1420.745 1409.299 1390.959 1371.166 1351.375 1331.582 1315.103 1307.341 1299.579 1291.817 1284.054 1281.839 1281.732 1281.625 1281.517 1281.944 1284.906 1287.868 1290.83 1293.792 1299.127 1305.897 1312.667 1319.438 1326.323 1334.681 1343.038 1351.396 1359.753 1367.511 1374.718 1381.925 1389.133 1396.34 1399.974 1403.502 1407.03 1410.558 1412.885 1413.556 1414.227 1414.899
1331.971 1347.054 1362.135 1377.217 1392.129 1401.312 1410.496 1419.679 1428.863 1436.573 1442.675 1448.778 1454.88 1460.982 1459.711 1457.865 1456.018 1454.171 1448.752 1437.425 1426.097 1414.77 1403.443 1385.77 1366.761 1347.753 1328.744 1312.809 1304.961 1297.113 1289.265 1281.417 1279.287 1279.33 1279.373 1279.416 1279.955 1282.853 1285.75 1288.648 1291.545 1295.94 1301.24 1306.54 1311.84 1317.303 1324.845 1332.387 1339.929 1347.471 1355.141 1362.927 1370.714 1378.501 1386.288 1390.392 1394.387 1398.381 1402.376 1405.17 1406.308 1407.446 1408.584
1329.568 1344.297 1359.024 1373.752 1388.32 1397.525 1406.73 1415.935 1425.141 1432.69 1438.432 1444.175 1449.918 1455.661 1454.155 1452.083 1450.011 1447.939 1442.424 1431.214 1420.005 1408.796 1397.586 1380.582 1362.356 1344.131 1325.905 1310.514 1302.58 1294.646 1286.713 1278.779 1276.734 1276.927 1277.12 1277.314 1277.966 1280.799 1283.632 1286.465 1289.299 1292.753 1296.583 1300.413 1304.243 1308.283 1315.01 1321.736 1328.462 1335.189 1342.771 1351.137 1359.503 1367.869 1376.235 1380.81 1385.271 1389.733 1394.194 1397.455 1399.06 1400.665 1402.27
1320.636 1336.073 1351.509 1366.945 1382.21 1391.722 1401.234 1410.746 1420.259 1427.887 1433.461 1439.034 1444.608 1450.182 1448.077 1445.372 1442.668 1439.964 1433.834 1422.039 1410.245 1398.45 1386.656 1370.183 1352.725 1335.267 1317.809 1303.172 1295.956 1288.74 1281.524 1274.308 1273.075 1274.117 1275.158 1276.199 1277.614 1280.8 1283.987 1287.173 1290.36 1293.805 1297.408 1301.01 1304.613 1308.413 1314.736 1321.059 1327.383 1333.706 1341.113 1349.515 1357.916 1366.317 1374.718 1379.269 1383.705 1388.142 1392.578 1395.894 1397.664 1399.434 1401.205
1311.607 1327.768 1343.928 1360.089 1376.066 1385.89 1395.713 1405.536 1415.36 1423.071 1428.478 1433.885 1439.293 1444.7 1441.991 1438.648 1435.305 1431.962 1425.211 1412.82 1400.43 1388.04 1375.65 1359.708 1343.017 1326.326 1309.635 1295.755 1289.268 1282.782 1276.296 1269.809 1269.4 1271.3 1273.2 1275.1 1277.286 1280.832 1284.378 1287.924 1291.47 1294.92 1298.314 1301.707 1305.1 1308.677 1314.604 1320.53 1326.456 1332.383 1339.614 1348.042 1356.469 1364.897 1373.325 1377.846 1382.25 1386.655 1391.059 1394.424 1396.355 1398.286 1400.217
1302.578 1319.463 1336.348 1353.233 1369.923 1380.057 1390.192 1400.326 1410.461 1418.255 1423.496 1428.737 1433.978 1439.219 1435.906 1431.924 1427.943 1423.961 1416.587 1403.601 1390.616 1377.63 1364.645 1349.232 1333.309 1317.385 1301.462 1288.338 1282.581 1276.825 1271.068 1265.311 1265.725 1268.483 1271.242 1274.0 1276.958 1280.863 1284.769 1288.674 1292.579 1296.035 1299.219 1302.403 1305.588 1308.942 1314.471 1320.0 1325.529 1331.059 1338.114 1346.569 1355.024 1363.478 1371.933 1376.423 1380.795 1385.167 1389.539 1392.953 1395.045 1397.137 1399.23
1293.549 1311.159 1328.768 1346.377 1363.779 1374.224 1384.67 1395.116 1405.562 1413.438 1418.513 1423.588 1428.662 1433.737 1429.82 1425.2 1420.58 1415.96 1407.964 1394.382 1380.802 1367.22 1353.639 1338.757 1323.601 1308.445 1293.288 1280.921 1275.894 1270.867 1265.84 1260.813 1262.05 1265.667 1269.283 1272.9 1276.63 1280.895 1285.159 1289.424 1293.689 1297.15 1300.125 1303.1 1306.075 1309.206 1314.338 1319.471 1324.603 1329.735 1336.615 1345.096 1353.578 1362.059 1370.541 1375.001 1379.34 1383.68 1388.02 1391.483 1393.736 1395.989 1398.242
1283.834 1301.699 1319.564 1337.428 1355.092 1366.014 1376.937 1387.859 1398.782 1406.95 1412.113 1417.275 1422.438 1427.6 1423.333 1418.329 1413.325 1408.321 1399.871 1385.722 1371.574 1357.425 1343.276 1328.58 1313.769 1298.958 1284.147 1272.331 1268.397 1264.464 1260.53 1256.597 1259.02 1263.86 1268.699 1273.538 1278.389 1283.293 1288.197 1293.101 1298.005 1301.663 1304.566 1307.469 1310.373 1313.417 1318.272 1323.126 1327.98 1332.834 1339.523 1347.894 1356.264 1364.635 1373.006 1377.291 1381.454 1385.617 1389.78 1393.154 1395.439 1397.725 1400.011
1273.228 1290.739 1308.249 1325.76 1343.1 1354.714 1366.329 1377.944 1389.558 1398.287 1403.869 1409.45 1415.031 1420.612 1416.325 1411.267 1406.21 1401.152 1392.469 1377.789 1363.109 1348.429 1333.749 1318.792 1303.777 1288.762 1273.747 1262.215 1259.848 1257.481 1255.114 1252.747 1256.83 1263.365 1269.9 1276.435 1282.86 1288.768 1294.675 1300.583 1306.49 1310.592 1313.603 1316.614 1319.624 1322.759 1327.49 1332.221 1336.952 1341.683 1348.161 1356.242 1364.323 1372.404 1380.485 1384.408 1388.206 1392.004 1395.802 1398.908 1401.06 1403.211 1405.363
1262.622 1279.779 1296.935 1314.091 1331.107 1343.414 1355.721 1368.028 1380.335 1389.625 1395.624 1401.624 1407.623 1413.623 1409.317 1404.206 1399.094 1393.983 1385.066 1369.855 1354.644 1339.433 1324.222 1309.004 1293.785 1278.566 1263.347 1252.099 1251.298 1250.498 1249.698 1248.897 1254.641 1262.871 1271.101 1279.331 1287.332 1294.243 1301.153 1308.064 1314.975 1319.522 1322.64 1325.758 1328.876 1332.102 1336.709 1341.317 1345.924 1350.531 1356.8 1364.591 1372.382 1380.174 1387.965 1391.524 1394.958 1398.391 1401.824 1404.662 1406.68 1408.698 1410.715
1252.015 1268.818 1285.62 1302.422 1319.115 1332.114 1345.113 1358.112 1371.111 1380.962 1387.38 1393.798 1400.216 1406.634 1402.309 1397.144 1391.979 1386.814 1377.663 1361.921 1346.179 1330.437 1314.694 1299.216 1283.793 1268.37 1252.947 1241.983 1242.749 1243.515 1244.281 1245.047 1252.451 1262.377 1272.302 1282.228 1291.804 1299.718 1307.632 1315.546 1323.46 1328.452 1331.677 1334.902 1338.127 1341.444 1345.928 1350.412 1354.896 1359.38 1365.438 1372.94 1380.441 1387.943 1395.444 1398.641 1401.71 1404.778 1407.847 1410.417 1412.3 1414.184 1416.067
1241.409 1257.858 1274.306 1290.754 1307.122 1320.813 1334.505 1348.195 1361.887 1372.299 1379.136 1385.973 1392.809 1399.646 1395.301 1390.082 1384.864 1379.645 1370.261 1353.987 1337.714 1321.441 1305.167 1289.428 1273.801 1258.175 1242.548 1231.866 1234.199 1236.532 1238.865 1241.198 1250.261 1261.882 1273.503 1285.125 1296.275 1305.193 1314.11 1323.027 1331.944 1337.381 1340.714 1344.047 1347.379 1350.786 1355.147 1359.507 1363.868 1368.229 1374.077 1381.289 1388.5 1395.712 1402.924 1405.758 1408.462 1411.165 1413.869 1416.172 1417.921 1419.67 1421.419
1235.056 1250.558 1266.059 1281.56 1297.009 1310.689 1324.371 1338.052 1351.733 1362.259 1369.344 1376.428 1383.512 1390.596 1386.255 1381.021 1375.786 1370.552 1361.081 1344.604 1328.126 1311.649 1295.172 1280.185 1265.512 1250.839 1236.165 1226.675 1230.821 1234.967 1239.113 1243.259 1253.707 1266.549 1279.391 1292.234 1304.484 1313.921 1323.358 1332.794 1342.231 1347.623 1350.57 1353.516 1356.463 1359.457 1363.064 1366.67 1370.276 1373.883 1379.278 1386.314 1393.35 1400.386 1407.422 1410.827 1414.124 1417.421 1420.718 1423.38 1425.166 1426.951 1428.737
1229.261 1243.738 1258.214 1272.69 1287.141 1300.72 1314.299 1327.879 1341.458 1352.039 1359.348 1366.658 1373.967 1381.277 1376.942 1371.697 1366.452 1361.207 1351.669 1335.03 1318.392 1301.754 1285.115 1271.014 1257.446 1243.878 1230.31 1222.128 1228.12 1234.112 1240.104 1246.096 1257.892 1271.893 1285.894 1299.896 1313.183 1323.076 1332.968 1342.861 1352.754 1358.037 1360.533 1363.029 1365.525 1368.04 1370.81 1373.579 1376.348 1379.118 1384.029 1390.904 1397.779 1404.654 1411.529 1415.627 1419.643 1423.659 1427.675 1430.778 1432.623 1434.468 1436.313
1223.466 1236.918 1250.369 1263.821 1277.273 1290.75 1304.228 1317.705 1331.183 1341.818 1349.353 1356.888 1364.423 1371.958 1367.629 1362.373 1357.117 1351.862 1342.256 1325.457 1308.658 1291.859 1275.059 1261.843 1249.38 1236.917 1224.455 1217.582 1225.42 1233.257 1241.095 1248.933 1262.077 1277.237 1292.397 1307.558 1321.881 1332.23 1342.579 1352.928 1363.277 1368.451 1370.496 1372.541 1374.587 1376.624 1378.556 1380.488 1382.42 1384.353 1388.779 1395.494 1402.208 1408.922 1415.635 1420.428 1425.163 1429.897 1434.632 1438.177 1440.081 1441.985 1443.889
1217.671 1230.098 1242.525 1254.951 1267.406 1280.781 1294.157 1307.532 1320.907 1331.597 1339.358 1347.118 1354.878 1362.638 1358.316 1353.049 1347.783 1342.516 1332.844 1315.883 1298.923 1281.963 1265.003 1252.671 1241.314 1229.957 1218.599 1213.036 1222.72 1232.403 1242.086 1251.77 1266.261 1282.581 1298.9 1315.22 1330.58 1341.385 1352.19 1362.995 1373.8 1378.865 1380.459 1382.054 1383.648 1385.207 1386.302 1387.397 1388.492 1389.587 1393.53 1400.083 1406.636 1413.189 1419.742 1425.228 1430.682 1436.135 1441.589 1445.576 1447.539 1449.502 1451.465
1212.97 1224.154 1235.338 1246.522 1257.76 1270.822 1283.885 1296.947 1310.01 1320.523 1328.257 1335.99 1343.724 1351.457 1347.087 1341.77 1336.453 1331.137 1321.599 1305.078 1288.558 1272.038 1255.518 1244.545 1234.74 1224.935 1215.13 1211.158 1222.533 1233.908 1245.283 1256.659 1272.284 1289.525 1306.765 1324.006 1340.155 1351.121 1362.087 1373.053 1384.019 1388.845 1389.958 1391.071 1392.185 1393.237 1393.504 1393.771 1394.038 1394.305 1397.866 1404.446 1411.026 1417.606 1424.185 1430.304 1436.409 1442.514 1448.618 1453.0 1455.006 1457.012 1459.018
1210.459 1219.964 1229.468 1238.972 1248.559 1260.886 1273.214 1285.541 1297.868 1307.744 1314.947 1322.149 1329.351 1336.553 1332.025 1326.579 1321.134 1315.688 1306.689 1291.81 1276.932 1262.054 1247.175 1238.509 1231.151 1223.793 1216.434 1214.615 1227.375 1240.134 1252.894 1265.653 1281.982 1299.668 1317.354 1335.04 1351.483 1362.019 1372.556 1383.092 1393.629 1397.956 1398.527 1399.099 1399.67 1400.161 1399.618 1399.075 1398.532 1397.989 1401.372 1408.354 1415.336 1422.319 1429.301 1435.932 1442.551 1449.171 1455.791 1460.476 1462.493 1464.509 1466.526
1207.947 1215.773 1223.598 1231.423 1239.358 1250.95 1262.542 1274.134 1285.727 1294.965 1301.636 1308.307 1314.979 1321.65 1316.963 1311.389 1305.815 1300.241 1291.779 1278.542 1265.306 1252.07 1238.833 1232.474 1227.562 1222.65 1217.738 1218.073 1232.217 1246.36 1260.504 1274.647 1291.68 1309.812 1327.943 1346.074 1362.81 1372.917 1383.025 1393.132 1403.24 1407.067 1407.096 1407.126 1407.156 1407.085 1405.732 1404.379 1403.026 1401.672 1404.878 1412.263 1419.647 1427.032 1434.417 1441.559 1448.694 1455.828 1462.963 1467.952 1469.979 1472.006 1474.034
1205.435 1211.582 1217.728 1223.874 1230.156 1241.013 1251.871 1262.728 1273.585 1282.186 1288.326 1294.466 1300.606 1306.746 1301.901 1296.198 1290.495 1284.792 1276.869 1265.275 1253.68 1242.086 1230.491 1226.438 1223.972 1221.507 1219.041 1221.531 1237.059 1252.586 1268.114 1283.642 1301.378 1319.955 1338.531 1357.108 1374.137 1383.816 1393.494 1403.172 1412.85 1416.178 1415.666 1415.154 1414.641 1414.01 1411.846 1409.683 1407.519 1405.356 1408.384 1416.171 1423.958 1431.745 1439.532 1447.186 1454.836 1462.486 1470.136 1475.427 1477.465 1479.503 1481.541
1202.924 1207.391 1211.857 1216.324 1220.955 1231.077 1241.199 1251.321 1261.443 1269.407 1275.016 1280.624 1286.233 1291.842 1286.839 1281.008 1275.176 1269.344 1261.96 1252.007 1242.054 1232.101 1222.148 1220.402 1220.383 1220.364 1220.345 1224.988 1241.9 1258.812 1275.724 1292.636 1311.077 1330.099 1349.12 1368.142 1385.464 1394.714 1403.963 1413.212 1422.461 1425.289 1424.235 1423.181 1422.127 1420.934 1417.96 1414.987 1412.013 1409.039 1411.89 1420.08 1428.269 1436.459 1444.648 1452.814 1460.979 1469.143 1477.309 1482.903 1484.952 1487.0 1489.049
1203.351 1206.462 1209.573 1212.684 1215.955 1224.611 1233.268 1241.924 1250.581 1257.401 1262.218 1267.036 1271.853 1276.67 1272.079 1266.752 1261.426 1256.099 1249.805 1241.91 1234.014 1226.119 1218.224 1218.53 1220.563 1222.596 1224.629 1230.851 1248.098 1265.344 1282.59 1299.837 1318.214 1337.023 1355.83 1374.639 1391.844 1401.441 1411.038 1420.634 1430.231 1433.337 1432.517 1431.698 1430.879 1429.874 1426.494 1423.113 1419.732 1416.352 1418.825 1426.666 1434.506 1442.346 1450.187 1457.909 1465.627 1473.346 1481.064 1486.272 1488.016 1489.761 1491.506
1204.595 1206.439 1208.284 1210.129 1212.123 1219.11 1226.098 1233.085 1240.073 1245.61 1249.563 1253.517 1257.47 1261.424 1257.402 1252.757 1248.112 1243.467 1238.416 1232.693 1226.971 1221.249 1215.527 1217.815 1221.79 1225.765 1229.74 1237.382 1254.671 1271.96 1289.25 1306.539 1324.641 1343.052 1361.463 1379.874 1396.85 1407.01 1417.17 1427.33 1437.49 1441.089 1440.72 1440.352 1439.983 1439.375 1435.699 1432.024 1428.348 1424.672 1426.714 1433.996 1441.278 1448.561 1455.843 1462.856 1469.861 1476.866 1483.871 1488.5 1489.853 1491.206 1492.559
1205.838 1206.417 1206.995 1207.574 1208.29 1213.609 1218.928 1224.247 1229.566 1233.819 1236.909 1239.998 1243.088 1246.178 1242.725 1238.762 1234.798 1230.834 1227.026 1223.477 1219.928 1216.379 1212.83 1217.1 1223.018 1228.935 1234.852 1243.912 1261.245 1278.577 1295.909 1313.242 1331.068 1349.082 1367.096 1385.11 1401.855 1412.579 1423.302 1434.025 1444.749 1448.841 1448.923 1449.005 1449.087 1448.876 1444.905 1440.934 1436.963 1432.992 1434.601 1441.326 1448.05 1454.775 1461.499 1467.803 1474.094 1480.386 1486.677 1490.728 1491.69 1492.651 1493.612
1207.082 1206.394 1205.707 1205.019 1204.457 1208.107 1211.758 1215.408 1219.059 1222.028 1224.254 1226.48 1228.706 1230.932 1228.049 1224.766 1221.484 1218.201 1215.637 1214.261 1212.885 1211.509 1210.132 1216.385 1224.245 1232.104 1239.964 1250.443 1267.819 1285.194 1302.569 1319.944 1337.495 1355.112 1372.728 1390.345 1406.861 1418.148 1429.434 1440.721 1452.008 1456.593 1457.125 1457.658 1458.191 1458.376 1454.11 1449.844 1445.579 1441.313 1442.49 1448.656 1454.823 1460.989 1467.155 1472.75 1478.328 1483.906 1489.484 1492.957 1493.526 1494.096 1494.665
