data/zism_data/00802_02_D.txt
ncols         224
nrows         224
[rows 0 to 27 of 224, columns 0 to 62 of 224]
1446.333 1455.51 1464.687 1473.334 1481.332 1489.329 1497.327 1505.325 1513.814 1522.359 1530.903 1539.448 1548.576 1558.799 1569.022 1579.245 1589.467 1593.062 1594.969 1596.876 1598.783 1599.645 1597.305 1594.966 1592.627 1590.287 1582.76 1572.961 1563.164 1553.365 1543.099 1530.064 1517.03 1503.995 1490.961 1480.13 1470.802 1461.474 1452.147 1442.931 1436.188 1429.445 1422.701 1415.958 1411.24 1408.605 1405.971 1403.337 1400.703 1400.229 1399.889 1399.548 1399.207 1399.0 1399.0 1399.0 1399.0 1399.0 1399.0 1399.0 1399.0 1399.0 1399.0
1445.934 1454.52 1463.107 1471.183 1478.634 1486.084 1493.535 1500.985 1509.347 1517.811 1526.275 1534.739 1544.123 1555.231 1566.339 1577.447 1588.555 1592.445 1594.497 1596.549 1598.601 1599.529 1597.018 1594.507 1591.996 1589.485 1581.935 1572.18 1562.425 1552.669 1542.467 1529.626 1516.785 1503.944 1491.103 1480.34 1470.996 1461.652 1452.308 1443.067 1436.083 1429.098 1422.113 1415.128 1410.359 1407.869 1405.38 1402.891 1400.401 1399.997 1399.721 1399.444 1399.168 1399.0 1399.0 1399.0 1399.0 1399.0 1399.0 1399.0 1399.0 1399.0 1399.0
1445.534 1453.531 1461.528 1469.033 1475.936 1482.839 1489.743 1496.646 1504.879 1513.263 1521.647 1530.031 1539.67 1551.663 1563.656 1575.65 1587.643 1591.828 1594.025 1596.222 1598.419 1599.413 1596.731 1594.048 1591.365 1588.683 1581.11 1571.398 1561.686 1551.973 1541.836 1529.188 1516.54 1503.892 1491.244 1480.55 1471.19 1461.83 1452.47 1443.203 1435.977 1428.751 1421.525 1414.299 1409.478 1407.133 1404.789 1402.444 1400.1 1399.764 1399.553 1399.341 1399.129 1399.0 1399.0 1399.0 1399.0 1399.0 1399.0 1399.0 1399.0 1399.0 1399.0
1445.135 1452.542 1459.948 1466.882 1473.239 1479.594 1485.951 1492.307 1500.412 1508.715 1517.018 1525.322 1535.216 1548.095 1560.974 1573.853 1586.731 1591.211 1593.552 1595.894 1598.236 1599.298 1596.443 1593.589 1590.735 1587.88 1580.285 1570.616 1560.947 1551.277 1541.205 1528.75 1516.295 1503.84 1491.386 1480.76 1471.384 1462.009 1452.632 1443.339 1435.872 1428.404 1420.936 1413.469 1408.597 1406.397 1404.198 1401.998 1399.799 1399.532 1399.385 1399.237 1399.09 1399.0 1399.0 1399.0 1399.0 1399.0 1399.0 1399.0 1399.0 1399.0 1399.0
1441.498 1448.452 1455.406 1462.232 1468.903 1475.573 1482.244 1488.915 1498.087 1507.542 1516.996 1526.451 1537.062 1549.843 1562.623 1575.404 1588.184 1592.393 1594.419 1596.446 1598.473 1599.296 1596.439 1593.582 1590.726 1587.869 1580.34 1570.766 1561.193 1551.619 1541.709 1529.812 1517.916 1506.019 1494.122 1484.251 1475.763 1467.275 1458.787 1450.352 1443.071 1435.79 1428.509 1421.229 1415.858 1412.455 1409.052 1405.649 1402.246 1401.478 1400.871 1400.265 1399.658 1399.264 1399.2 1399.137 1399.074 1399.01 1399.0 1399.0 1399.0 1399.0 1399.0
1437.813 1444.316 1450.82 1457.545 1464.543 1471.541 1478.539 1485.536 1495.793 1506.417 1517.042 1527.666 1539.001 1551.669 1564.336 1577.004 1589.672 1593.601 1595.306 1597.01 1598.715 1599.296 1596.439 1593.582 1590.726 1587.869 1580.407 1570.93 1561.453 1551.976 1542.23 1530.896 1519.563 1508.23 1496.896 1487.79 1480.203 1472.617 1465.03 1457.465 1450.377 1443.29 1436.202 1429.115 1423.24 1418.613 1413.987 1409.361 1404.734 1403.455 1402.382 1401.308 1400.235 1399.532 1399.404 1399.276 1399.148 1399.02 1399.0 1399.0 1399.0 1399.0 1399.0
1434.129 1440.181 1446.234 1452.858 1460.183 1467.508 1474.833 1482.158 1493.499 1505.293 1517.087 1528.881 1540.94 1553.495 1566.05 1578.605 1591.16 1594.809 1596.192 1597.575 1598.958 1599.296 1596.439 1593.582 1590.726 1587.869 1580.474 1571.094 1561.713 1552.333 1542.751 1531.981 1521.211 1510.441 1499.671 1491.328 1484.643 1477.958 1471.273 1464.579 1457.684 1450.79 1443.895 1437.001 1430.621 1424.771 1418.922 1413.072 1407.223 1405.433 1403.893 1402.352 1400.812 1399.799 1399.607 1399.415 1399.223 1399.031 1399.0 1399.0 1399.0 1399.0 1399.0
1430.444 1436.046 1441.647 1448.17 1455.823 1463.475 1471.128 1478.78 1491.205 1504.169 1517.132 1530.096 1542.878 1555.321 1567.763 1580.205 1592.647 1596.018 1597.079 1598.14 1599.2 1599.296 1596.439 1593.582 1590.726 1587.869 1580.541 1571.257 1561.974 1552.69 1543.272 1533.065 1522.859 1512.652 1502.445 1494.867 1489.083 1483.299 1477.516 1471.692 1464.991 1458.289 1451.588 1444.886 1438.002 1430.929 1423.857 1416.784 1409.711 1407.41 1405.403 1403.396 1401.389 1400.067 1399.811 1399.554 1399.297 1399.041 1399.0 1399.0 1399.0 1399.0 1399.0
1427.723 1433.345 1438.967 1445.769 1454.017 1462.265 1470.513 1478.761 1492.067 1505.943 1519.82 1533.697 1546.846 1558.633 1570.419 1582.205 1593.991 1597.016 1597.811 1598.606 1599.401 1599.296 1596.439 1593.582 1590.726 1587.869 1580.667 1571.563 1562.46 1553.357 1544.191 1534.652 1525.114 1515.575 1506.037 1499.123 1494.0 1488.878 1483.755 1478.584 1472.358 1466.132 1459.906 1453.68 1446.596 1438.629 1430.662 1422.695 1414.728 1411.483 1408.529 1405.574 1402.62 1400.665 1400.265 1399.864 1399.464 1399.064 1399.0 1399.0 1399.0 1399.0 1399.004
1426.254 1432.51 1438.765 1446.34 1455.532 1464.724 1473.917 1483.109 1497.031 1511.487 1525.943 1540.4 1553.453 1563.876 1574.3 1584.723 1595.146 1597.741 1598.343 1598.945 1599.546 1599.296 1596.439 1593.582 1590.726 1587.869 1580.868 1572.055 1563.241 1554.428 1545.626 1536.892 1528.159 1519.425 1510.691 1504.311 1499.537 1494.763 1489.989 1485.189 1479.805 1474.422 1469.038 1463.654 1456.767 1448.333 1439.9 1431.466 1423.032 1418.279 1413.753 1409.226 1404.7 1401.691 1401.044 1400.397 1399.75 1399.103 1399.0 1399.0 1399.0 1399.0 1399.013
1424.786 1431.674 1438.563 1446.911 1457.047 1467.184 1477.32 1487.456 1501.995 1517.031 1532.066 1547.102 1560.059 1569.12 1578.181 1587.241 1596.302 1598.466 1598.875 1599.283 1599.692 1599.296 1596.439 1593.582 1590.726 1587.869 1581.07 1572.546 1564.022 1555.499 1547.061 1539.132 1531.203 1523.274 1515.345 1509.499 1505.073 1500.649 1496.224 1491.794 1487.252 1482.711 1478.169 1473.628 1466.939 1458.038 1449.138 1440.237 1431.336 1425.075 1418.977 1412.878 1406.78 1402.718 1401.824 1400.93 1400.036 1399.142 1399.0 1399.0 1399.0 1399.0 1399.023
1423.318 1430.839 1438.361 1447.481 1458.562 1469.643 1480.724 1491.804 1506.959 1522.574 1538.189 1553.805 1566.666 1574.364 1582.061 1589.759 1597.457 1599.191 1599.406 1599.622 1599.838 1599.296 1596.439 1593.582 1590.726 1587.869 1581.271 1573.037 1564.803 1556.569 1548.496 1541.372 1534.248 1527.124 1520.0 1514.687 1510.61 1506.534 1502.458 1498.398 1494.699 1491.0 1487.301 1483.602 1477.109 1467.742 1458.375 1449.007 1439.64 1431.871 1424.201 1416.53 1408.86 1403.744 1402.604 1401.463 1400.323 1399.182 1399.0 1399.0 1399.0 1399.0 1399.032
1421.849 1430.004 1438.159 1448.052 1460.077 1472.102 1484.127 1496.152 1511.923 1528.118 1544.312 1560.507 1573.272 1579.607 1585.943 1592.278 1598.613 1599.916 1599.938 1599.961 1599.983 1599.296 1596.439 1593.582 1590.726 1587.869 1581.473 1573.529 1565.584 1557.64 1549.931 1543.612 1537.292 1530.973 1524.654 1519.875 1516.147 1512.42 1508.692 1505.003 1502.146 1499.289 1496.432 1493.576 1487.281 1477.447 1467.613 1457.778 1447.944 1438.667 1429.425 1420.182 1410.94 1404.771 1403.383 1401.996 1400.609 1399.221 1399.0 1399.0 1399.0 1399.0 1399.041
1421.899 1430.269 1438.64 1448.803 1461.166 1473.528 1485.89 1498.252 1514.263 1530.686 1547.109 1563.532 1576.211 1581.871 1587.531 1593.192 1598.852 1600.0 1600.0 1600.0 1600.0 1599.227 1596.09 1592.954 1589.817 1586.68 1580.002 1571.773 1563.545 1555.316 1547.474 1541.912 1536.35 1530.788 1525.226 1520.942 1517.53 1514.118 1510.706 1507.33 1504.742 1502.153 1499.565 1496.977 1490.843 1481.059 1471.275 1461.491 1451.707 1441.77 1431.823 1421.877 1411.93 1405.284 1403.774 1402.263 1400.752 1399.241 1398.996 1398.991 1398.987 1398.982 1399.079
1422.148 1430.679 1439.21 1449.578 1462.198 1474.818 1487.438 1500.057 1516.258 1532.864 1549.469 1566.074 1578.669 1583.745 1588.82 1593.895 1598.97 1600.0 1600.0 1600.0 1600.0 1599.149 1595.696 1592.243 1588.789 1585.336 1578.311 1569.723 1561.135 1552.547 1544.506 1539.695 1534.885 1530.074 1525.263 1521.468 1518.368 1515.267 1512.166 1509.096 1506.701 1504.306 1501.911 1499.516 1493.538 1483.872 1474.207 1464.541 1454.875 1444.388 1433.852 1423.314 1412.778 1405.731 1404.113 1402.494 1400.876 1399.258 1398.991 1398.981 1398.971 1398.961 1399.12
1422.396 1431.089 1439.781 1450.353 1463.231 1476.108 1488.985 1501.862 1518.253 1535.041 1551.829 1568.617 1581.127 1585.618 1590.108 1594.599 1599.089 1600.0 1600.0 1600.0 1600.0 1599.071 1595.301 1591.531 1587.761 1583.991 1576.62 1567.672 1558.725 1549.777 1541.538 1537.479 1533.419 1529.359 1525.3 1521.995 1519.206 1516.416 1513.627 1510.863 1508.661 1506.459 1504.257 1502.055 1496.233 1486.686 1477.138 1467.59 1458.042 1447.007 1435.88 1424.752 1413.625 1406.177 1404.452 1402.726 1401.001 1399.275 1398.987 1398.972 1398.956 1398.941 1399.161
1422.645 1431.498 1440.352 1451.128 1464.263 1477.398 1490.533 1503.667 1520.248 1537.219 1554.189 1571.159 1583.585 1587.491 1591.396 1595.302 1599.208 1600.0 1600.0 1600.0 1600.0 1598.993 1594.907 1590.82 1586.734 1582.647 1574.929 1565.622 1556.315 1547.008 1538.571 1535.262 1531.954 1528.645 1525.337 1522.522 1520.043 1517.565 1515.087 1512.629 1510.62 1508.612 1506.603 1504.594 1498.929 1489.499 1480.069 1470.639 1461.21 1449.625 1437.908 1426.19 1414.473 1406.623 1404.791 1402.958 1401.125 1399.292 1398.983 1398.962 1398.941 1398.92 1399.201
1423.995 1433.104 1442.213 1453.206 1466.509 1479.812 1493.115 1506.418 1522.897 1539.735 1556.572 1573.411 1585.585 1589.015 1592.444 1595.874 1599.304 1599.966 1599.923 1599.88 1599.837 1598.661 1594.018 1589.375 1584.732 1580.09 1571.936 1562.246 1552.557 1542.867 1534.22 1531.726 1529.231 1526.736 1524.242 1521.972 1519.857 1517.742 1515.627 1513.523 1511.668 1509.813 1507.958 1506.103 1500.554 1491.201 1481.848 1472.495 1463.143 1451.228 1439.157 1427.085 1415.014 1406.915 1404.994 1403.074 1401.153 1399.233 1398.917 1398.905 1398.893 1398.881 1399.276
1427.547 1437.101 1446.656 1457.889 1471.181 1484.473 1497.766 1511.058 1526.851 1542.927 1559.003 1575.079 1586.667 1589.839 1593.012 1596.184 1599.356 1599.863 1599.692 1599.52 1599.348 1597.82 1592.141 1586.463 1580.785 1575.107 1566.339 1556.22 1546.102 1535.983 1527.105 1525.549 1523.994 1522.438 1520.882 1519.271 1517.623 1515.974 1514.326 1512.672 1510.892 1509.112 1507.332 1505.552 1500.038 1490.68 1481.322 1471.964 1462.606 1450.802 1438.849 1426.896 1414.942 1406.896 1404.927 1402.958 1400.99 1399.021 1398.729 1398.754 1398.78 1398.806 1399.419
1431.099 1441.099 1451.098 1462.572 1475.854 1489.135 1502.417 1515.698 1530.805 1546.12 1561.434 1576.748 1587.749 1590.664 1593.579 1596.494 1599.409 1599.76 1599.46 1599.16 1598.859 1596.979 1590.265 1583.551 1576.837 1570.123 1560.742 1550.194 1539.646 1529.098 1519.99 1519.373 1518.756 1518.139 1517.522 1516.57 1515.388 1514.206 1513.025 1511.821 1510.116 1508.411 1506.706 1505.002 1499.523 1490.159 1480.796 1471.432 1462.069 1450.376 1438.541 1426.706 1414.87 1406.877 1404.86 1402.843 1400.826 1398.809 1398.54 1398.604 1398.667 1398.73 1399.561
1434.651 1445.096 1455.541 1467.255 1480.526 1493.796 1507.067 1520.338 1534.76 1549.312 1563.864 1578.417 1588.832 1591.489 1594.146 1596.804 1599.461 1599.658 1599.229 1598.799 1598.37 1596.138 1588.388 1580.639 1572.889 1565.14 1555.146 1544.168 1533.191 1522.214 1512.875 1513.196 1513.518 1513.84 1514.162 1513.868 1513.153 1512.439 1511.724 1510.969 1509.34 1507.71 1506.08 1504.451 1499.007 1489.639 1480.27 1470.901 1461.532 1449.951 1438.233 1426.516 1414.798 1406.858 1404.793 1402.727 1400.662 1398.597 1398.352 1398.453 1398.554 1398.655 1399.703
1438.203 1449.093 1459.984 1471.938 1485.198 1498.458 1511.718 1524.978 1538.714 1552.505 1566.295 1580.086 1589.914 1592.314 1594.714 1597.113 1599.513 1599.555 1598.997 1598.439 1597.881 1595.297 1586.511 1577.727 1568.942 1560.157 1549.549 1538.142 1526.736 1515.329 1505.759 1507.02 1508.281 1509.542 1510.802 1511.167 1510.919 1510.671 1510.423 1510.118 1508.563 1507.009 1505.454 1503.9 1498.492 1489.118 1479.744 1470.369 1460.995 1449.525 1437.925 1426.326 1414.727 1406.839 1404.725 1402.612 1400.498 1398.385 1398.164 1398.302 1398.441 1398.579 1399.846
1439.88 1451.051 1462.223 1474.317 1487.541 1500.765 1513.989 1527.213 1540.51 1553.816 1567.121 1580.427 1589.92 1592.264 1594.608 1596.951 1599.295 1599.043 1598.129 1597.216 1596.302 1593.164 1583.222 1573.28 1563.338 1553.396 1542.782 1531.875 1520.967 1510.059 1500.988 1502.751 1504.514 1506.277 1508.04 1508.791 1508.85 1508.909 1508.969 1508.949 1507.197 1505.445 1503.692 1501.94 1496.47 1487.175 1477.879 1468.583 1459.288 1448.135 1436.868 1425.6 1414.333 1406.651 1404.543 1402.436 1400.329 1398.221 1398.044 1398.232 1398.421 1398.609 1400.019
1441.036 1452.443 1463.851 1476.056 1489.237 1502.418 1515.599 1528.78 1541.706 1554.604 1567.502 1580.4 1589.627 1591.971 1594.315 1596.658 1599.002 1598.416 1597.084 1595.752 1594.42 1590.674 1579.54 1568.407 1557.274 1546.141 1535.691 1525.54 1515.389 1505.237 1496.868 1499.012 1501.156 1503.3 1505.444 1506.505 1506.828 1507.15 1507.472 1507.692 1505.666 1503.64 1501.614 1499.588 1494.03 1484.837 1475.643 1466.449 1457.255 1446.477 1435.602 1424.726 1413.851 1406.415 1404.329 1402.243 1400.157 1398.071 1397.942 1398.184 1398.427 1398.669 1400.201
1442.191 1453.835 1465.479 1477.794 1490.933 1504.071 1517.209 1530.347 1542.903 1555.393 1567.883 1580.373 1589.334 1591.678 1594.022 1596.365 1598.709 1597.79 1596.039 1594.289 1592.538 1588.183 1575.859 1563.534 1551.21 1538.886 1528.599 1519.205 1509.81 1500.415 1492.748 1495.273 1497.798 1500.323 1502.848 1504.22 1504.805 1505.39 1505.975 1506.435 1504.135 1501.836 1499.536 1497.237 1491.59 1482.498 1473.407 1464.315 1455.223 1444.82 1434.336 1423.852 1413.368 1406.179 1404.115 1402.05 1399.986 1397.922 1397.841 1398.137 1398.432 1398.728 1400.382
1443.347 1455.227 1467.107 1479.533 1492.628 1505.723 1518.819 1531.914 1544.099 1556.181 1568.264 1580.346 1589.041 1591.385 1593.729 1596.073 1598.416 1597.163 1594.994 1592.825 1590.657 1585.692 1572.177 1558.661 1545.146 1531.631 1521.508 1512.87 1504.232 1495.594 1488.629 1491.534 1494.44 1497.346 1500.252 1501.935 1502.783 1503.631 1504.479 1505.178 1502.605 1500.032 1497.458 1494.885 1489.15 1480.16 1471.17 1462.18 1453.191 1443.162 1433.07 1422.978 1412.886 1405.943 1403.9 1401.857 1399.814 1397.772 1397.74 1398.089 1398.438 1398.788 1400.564
1444.81 1456.819 1468.828 1481.225 1494.099 1506.971 1519.845 1532.718 1544.417 1555.983 1567.549 1579.116 1587.51 1589.959 1592.407 1594.855 1597.304 1595.787 1593.26 1590.734 1588.208 1582.742 1568.282 1553.824 1539.364 1524.906 1514.888 1506.814 1498.739 1490.665 1484.236 1487.521 1490.805 1494.089 1497.373 1499.403 1500.576 1501.749 1502.922 1503.92 1501.043 1498.166 1495.289 1492.413 1486.532 1477.56 1468.587 1459.615 1450.642 1441.035 1431.39 1421.744 1412.098 1405.459 1403.497 1401.536 1399.574 1397.612 1397.676 1398.124 1398.572 1399.019 1400.945
1447.289 1459.073 1470.857 1482.763 1494.821 1506.879 1518.936 1530.994 1541.824 1552.516 1563.207 1573.899 1581.88 1584.779 1587.678 1590.577 1593.476 1591.927 1589.245 1586.563 1583.881 1578.267 1563.685 1549.103 1534.52 1519.938 1509.831 1501.681 1493.531 1485.382 1478.943 1482.597 1486.252 1489.906 1493.56 1496.056 1497.76 1499.465 1501.169 1502.657 1499.378 1496.099 1492.819 1489.54 1483.326 1474.091 1464.855 1455.62 1446.384 1437.354 1428.336 1419.318 1410.3 1404.152 1402.469 1400.787 1399.104 1397.421 1397.737 1398.431 1399.126 1399.821 1401.985
