data/zism_data/00807_02_D.txt
ncols         224
nrows         224
[rows 112 to 139 of 224, columns 126 to 188 of 224]
1232.676 1232.076 1231.476 1230.876 1230.221 1227.708 1225.196 1222.684 1220.171 1217.41 1214.377 1211.344 1208.311 1205.278 1197.591 1189.541 1181.491 1173.441 1163.385 1150.01 1136.637 1123.263 1109.889 1103.237 1098.0 1092.762 1087.525 1083.649 1083.353 1083.057 1082.761 1082.466 1084.743 1087.999 1091.255 1094.511 1097.264 1097.629 1097.993 1098.357 1098.721 1098.325 1097.468 1096.611 1095.755 1095.444 1102.127 1108.81 1115.492 1122.175 1128.488 1134.461 1140.434 1146.407 1152.38 1156.359 1160.279 1164.199 1168.119 1168.455 1163.847 1159.239 1154.631
1242.393 1240.749 1239.106 1237.462 1235.777 1232.707 1229.637 1226.567 1223.496 1220.309 1216.994 1213.679 1210.364 1207.049 1198.98 1190.54 1182.099 1173.659 1163.324 1149.855 1136.386 1122.917 1109.448 1103.213 1098.501 1093.789 1089.077 1085.84 1086.486 1087.132 1087.778 1088.424 1091.402 1095.267 1099.131 1102.996 1106.222 1106.415 1106.608 1106.802 1106.995 1106.169 1104.725 1103.282 1101.838 1101.022 1108.232 1115.442 1122.651 1129.861 1136.702 1143.204 1149.707 1156.209 1162.711 1166.901 1171.021 1175.142 1179.262 1179.576 1174.639 1169.702 1164.765
1250.687 1248.182 1245.678 1243.173 1240.635 1236.978 1233.321 1229.664 1226.007 1222.117 1217.973 1213.829 1209.685 1205.542 1196.594 1187.271 1177.948 1168.624 1158.019 1145.292 1132.567 1119.841 1107.114 1101.804 1098.056 1094.307 1090.559 1088.392 1090.389 1092.386 1094.383 1096.38 1100.44 1105.284 1110.128 1114.973 1118.944 1118.772 1118.599 1118.426 1118.254 1116.722 1114.369 1112.016 1109.663 1108.022 1115.49 1122.958 1130.426 1137.895 1145.12 1152.123 1159.126 1166.129 1173.131 1177.555 1181.902 1186.248 1190.595 1190.782 1185.231 1179.681 1174.13
1258.981 1255.615 1252.249 1248.883 1245.492 1241.248 1237.005 1232.761 1228.517 1223.925 1218.952 1213.98 1209.007 1204.034 1194.208 1184.001 1173.796 1163.59 1152.714 1140.731 1128.747 1116.764 1104.781 1100.396 1097.611 1094.826 1092.041 1090.944 1094.292 1097.64 1100.988 1104.336 1109.478 1115.302 1121.125 1126.949 1131.666 1131.128 1130.589 1130.051 1129.512 1127.276 1124.013 1120.75 1117.488 1115.021 1122.748 1130.474 1138.201 1145.927 1153.537 1161.041 1168.544 1176.048 1183.551 1188.209 1192.782 1197.354 1201.927 1201.987 1195.823 1189.659 1183.495
1267.276 1263.049 1258.821 1254.594 1250.349 1245.519 1240.689 1235.858 1231.028 1225.733 1219.932 1214.13 1208.328 1202.527 1191.821 1180.732 1169.644 1158.555 1147.409 1136.168 1124.928 1113.688 1102.447 1098.987 1097.166 1095.344 1093.522 1093.496 1098.195 1102.894 1107.593 1112.293 1118.516 1125.32 1132.123 1138.926 1144.389 1143.484 1142.58 1141.675 1140.771 1137.83 1133.657 1129.485 1125.313 1122.021 1130.006 1137.991 1145.976 1153.961 1161.955 1169.96 1177.964 1185.968 1193.972 1198.863 1203.662 1208.461 1213.259 1213.193 1206.415 1199.637 1192.86
1275.57 1270.482 1265.393 1260.305 1255.207 1249.79 1244.373 1238.956 1233.539 1227.541 1220.911 1214.28 1207.65 1201.019 1189.435 1177.463 1165.492 1153.521 1142.105 1131.607 1121.109 1110.611 1100.113 1097.579 1096.72 1095.862 1095.004 1096.048 1102.098 1108.148 1114.198 1120.249 1127.554 1135.337 1143.12 1150.903 1157.111 1155.841 1154.57 1153.3 1152.029 1148.383 1143.301 1138.219 1133.137 1129.021 1137.264 1145.507 1153.75 1161.994 1170.373 1178.878 1187.382 1195.887 1204.391 1209.517 1214.542 1219.567 1224.591 1224.398 1217.007 1209.615 1202.224
1276.786 1271.116 1265.448 1259.779 1254.096 1247.971 1241.846 1235.72 1229.595 1222.926 1215.663 1208.4 1201.137 1193.874 1182.476 1170.754 1159.033 1147.312 1136.55 1127.375 1118.201 1109.026 1099.851 1099.147 1100.226 1101.304 1102.383 1105.16 1112.407 1119.654 1126.901 1134.147 1141.4 1148.656 1155.911 1163.167 1168.829 1166.926 1165.022 1163.119 1161.216 1157.295 1152.155 1147.016 1141.876 1137.665 1145.343 1153.02 1160.698 1168.376 1177.039 1186.606 1196.173 1205.74 1215.307 1220.555 1225.675 1230.795 1235.915 1235.467 1227.341 1219.214 1211.088
1276.939 1270.731 1264.524 1258.317 1252.091 1245.239 1238.387 1231.535 1224.683 1217.347 1209.481 1201.615 1193.75 1185.884 1174.831 1163.53 1152.228 1140.927 1130.958 1123.193 1115.429 1107.665 1099.9 1101.161 1104.323 1107.485 1110.647 1115.256 1123.677 1132.097 1140.517 1148.937 1155.967 1162.469 1168.971 1175.473 1180.396 1177.819 1175.243 1172.667 1170.091 1165.961 1160.891 1155.821 1150.751 1146.555 1153.544 1160.533 1167.522 1174.511 1183.443 1194.156 1204.869 1215.582 1226.295 1231.651 1236.846 1242.041 1247.236 1246.516 1237.635 1228.756 1219.875
1277.092 1270.347 1263.601 1256.856 1250.086 1242.507 1234.929 1227.35 1219.771 1211.767 1203.299 1194.83 1186.362 1177.893 1167.187 1156.305 1145.423 1134.541 1125.366 1119.011 1112.657 1106.303 1099.949 1103.176 1108.421 1113.666 1118.911 1125.353 1134.947 1144.54 1154.134 1163.727 1170.534 1176.283 1182.031 1187.779 1191.963 1188.714 1185.465 1182.216 1178.967 1174.626 1169.626 1164.627 1159.626 1155.445 1161.746 1168.045 1174.345 1180.646 1189.846 1201.706 1213.565 1225.425 1237.285 1242.746 1248.017 1253.287 1258.558 1257.565 1247.931 1238.297 1228.664
1277.245 1269.962 1262.678 1255.394 1248.081 1239.776 1231.47 1223.165 1214.86 1206.188 1197.117 1188.046 1178.974 1169.903 1159.542 1149.08 1138.618 1128.156 1119.774 1114.83 1109.885 1104.942 1099.997 1105.191 1112.519 1119.846 1127.174 1135.449 1146.216 1156.983 1167.75 1178.517 1185.101 1190.096 1195.091 1200.085 1203.529 1199.607 1195.686 1191.764 1187.842 1183.292 1178.362 1173.432 1168.502 1164.336 1169.947 1175.558 1181.169 1186.78 1196.249 1209.256 1222.261 1235.268 1248.274 1253.842 1259.188 1264.533 1269.88 1268.613 1258.226 1247.839 1237.452
1275.068 1267.392 1259.718 1252.043 1244.34 1235.708 1227.077 1218.445 1209.813 1200.824 1191.446 1182.068 1172.69 1163.312 1153.395 1143.435 1133.476 1123.516 1116.008 1112.553 1109.098 1105.643 1102.188 1109.192 1118.398 1127.604 1136.81 1146.647 1158.142 1169.638 1181.133 1192.629 1198.753 1202.837 1206.92 1211.003 1213.589 1209.063 1204.536 1200.01 1195.483 1190.729 1185.836 1180.944 1176.052 1171.889 1177.06 1182.232 1187.403 1192.575 1202.265 1216.099 1229.932 1243.765 1257.598 1263.068 1268.289 1273.509 1278.729 1277.197 1266.35 1255.504 1244.658
1268.227 1260.455 1252.683 1244.911 1237.128 1228.97 1220.812 1212.654 1204.496 1195.891 1186.797 1177.705 1168.612 1159.519 1150.242 1140.949 1131.658 1122.365 1115.894 1114.086 1112.278 1110.47 1108.661 1117.166 1127.842 1138.517 1149.193 1160.049 1171.384 1182.718 1194.051 1205.386 1210.576 1213.432 1216.288 1219.145 1220.635 1215.641 1210.646 1205.651 1200.656 1195.709 1190.79 1185.87 1180.951 1176.767 1181.998 1187.229 1192.459 1197.69 1207.507 1221.529 1235.551 1249.572 1263.594 1268.557 1273.25 1277.943 1282.636 1280.852 1270.135 1259.417 1248.7
1261.386 1253.517 1245.648 1237.78 1229.916 1222.232 1214.547 1206.863 1199.178 1190.957 1182.149 1173.342 1164.534 1155.726 1147.089 1138.464 1129.839 1121.215 1115.78 1115.618 1115.457 1115.296 1115.135 1125.14 1137.285 1149.43 1161.575 1173.452 1184.624 1195.797 1206.969 1218.142 1222.399 1224.028 1225.657 1227.286 1227.681 1222.218 1216.755 1211.293 1205.83 1200.689 1195.742 1190.796 1185.85 1181.646 1186.936 1192.226 1197.516 1202.806 1212.749 1226.959 1241.169 1255.379 1269.589 1274.046 1278.211 1282.376 1286.542 1284.507 1273.918 1263.331 1252.742
1254.545 1246.579 1238.614 1230.648 1222.704 1215.494 1208.283 1201.072 1193.861 1186.023 1177.5 1168.978 1160.456 1151.933 1143.936 1135.978 1128.021 1120.064 1115.665 1117.151 1118.637 1120.123 1121.609 1133.114 1146.728 1160.342 1173.957 1186.854 1197.865 1208.876 1219.887 1230.899 1234.222 1234.624 1235.026 1235.427 1234.728 1228.796 1222.865 1216.934 1211.003 1205.669 1200.696 1195.723 1190.749 1186.524 1191.874 1197.223 1202.572 1207.921 1217.991 1232.39 1246.788 1261.187 1275.585 1279.535 1283.172 1286.81 1290.448 1288.162 1277.703 1267.244 1256.785
1247.704 1239.641 1231.579 1223.517 1215.493 1208.755 1202.018 1195.281 1188.544 1181.089 1172.852 1164.615 1156.378 1148.141 1140.783 1133.493 1126.203 1118.914 1115.551 1118.684 1121.817 1124.95 1128.083 1141.088 1156.172 1171.255 1186.339 1200.256 1211.106 1221.956 1232.805 1243.655 1246.044 1245.219 1244.394 1243.568 1241.774 1235.374 1228.975 1222.575 1216.176 1210.649 1205.648 1200.648 1195.648 1191.403 1196.811 1202.219 1207.628 1213.036 1223.233 1237.82 1252.407 1266.994 1281.58 1285.023 1288.134 1291.244 1294.355 1291.816 1281.486 1271.157 1260.827
1244.528 1236.798 1229.068 1221.338 1213.661 1207.801 1201.941 1196.081 1190.22 1183.557 1176.017 1168.477 1160.937 1153.397 1146.462 1139.573 1132.685 1125.797 1122.833 1126.361 1129.888 1133.415 1136.942 1150.262 1165.644 1181.025 1196.407 1210.455 1220.993 1231.531 1242.069 1252.607 1254.671 1253.516 1252.36 1251.204 1249.105 1242.529 1235.953 1229.377 1222.801 1216.83 1211.224 1205.617 1200.011 1195.233 1201.052 1206.872 1212.691 1218.511 1228.752 1243.047 1257.341 1271.636 1285.93 1288.749 1291.224 1293.7 1296.176 1293.214 1282.751 1272.289 1261.827
1242.286 1234.997 1227.708 1220.419 1213.2 1208.319 1203.439 1198.558 1193.677 1187.908 1181.17 1174.432 1167.695 1160.956 1154.389 1147.834 1141.28 1134.725 1131.998 1135.601 1139.203 1142.806 1146.408 1159.741 1175.123 1190.505 1205.887 1219.838 1230.026 1240.214 1250.402 1260.591 1262.484 1261.226 1259.968 1258.71 1256.509 1249.831 1243.153 1236.474 1229.796 1223.317 1216.957 1210.597 1204.237 1198.796 1205.116 1211.436 1217.756 1224.076 1234.34 1248.221 1262.101 1275.981 1289.861 1292.025 1293.839 1295.652 1297.466 1294.036 1283.375 1272.713 1262.052
1240.043 1233.196 1226.348 1219.501 1212.738 1208.838 1204.936 1201.035 1197.134 1192.26 1186.324 1180.388 1174.452 1168.516 1162.316 1156.095 1149.875 1143.654 1141.163 1144.841 1148.519 1152.197 1155.875 1169.221 1184.603 1199.984 1215.366 1229.221 1239.06 1248.898 1258.736 1268.574 1270.297 1268.937 1267.577 1266.216 1263.913 1257.133 1250.352 1243.572 1236.791 1229.803 1222.69 1215.577 1208.464 1202.36 1209.181 1216.001 1222.821 1229.642 1239.93 1253.396 1266.861 1280.327 1293.793 1295.301 1296.453 1297.604 1298.756 1294.859 1283.998 1273.138 1262.277
1237.801 1231.394 1224.988 1218.582 1212.277 1209.356 1206.434 1203.513 1200.591 1196.612 1191.478 1186.344 1181.21 1176.076 1170.243 1164.356 1158.469 1152.582 1150.328 1154.081 1157.834 1161.587 1165.341 1178.7 1194.082 1209.463 1224.845 1238.604 1248.093 1257.581 1267.069 1276.558 1278.11 1276.648 1275.185 1273.723 1271.317 1264.434 1257.552 1250.669 1243.786 1236.29 1228.423 1220.557 1212.69 1205.923 1213.245 1220.566 1227.887 1235.208 1245.518 1258.57 1271.621 1284.673 1297.724 1298.578 1299.067 1299.556 1300.046 1295.681 1284.621 1273.562 1262.502
1238.397 1232.369 1226.341 1220.313 1214.394 1212.119 1209.845 1207.57 1205.295 1201.954 1197.447 1192.941 1188.435 1183.929 1178.43 1172.852 1167.275 1161.698 1159.611 1163.297 1166.982 1170.667 1174.353 1187.474 1202.582 1217.69 1232.798 1246.245 1255.322 1264.398 1273.475 1282.552 1284.157 1282.924 1281.69 1280.457 1278.234 1271.314 1264.393 1257.473 1250.552 1242.749 1234.41 1226.072 1217.734 1210.551 1218.152 1225.753 1233.354 1240.956 1251.194 1263.849 1276.504 1289.159 1301.814 1302.086 1301.988 1301.889 1301.791 1297.041 1285.875 1274.709 1263.543
1247.036 1241.207 1235.379 1229.55 1223.815 1221.245 1218.674 1216.104 1213.533 1210.101 1205.729 1201.358 1196.986 1192.615 1187.35 1182.015 1176.68 1171.345 1169.23 1172.442 1175.654 1178.865 1182.077 1194.249 1208.308 1222.366 1236.425 1248.95 1257.44 1265.93 1274.419 1282.91 1285.2 1285.134 1285.069 1285.003 1283.771 1276.995 1270.22 1263.445 1256.67 1249.126 1241.116 1233.106 1225.096 1218.193 1225.449 1232.706 1239.963 1247.22 1257.113 1269.424 1281.734 1294.045 1306.356 1306.251 1305.776 1305.301 1304.826 1299.924 1288.913 1277.904 1266.893
1255.676 1250.046 1244.417 1238.787 1233.237 1230.371 1227.504 1224.637 1221.771 1218.249 1214.012 1209.775 1205.538 1201.301 1196.27 1191.177 1186.085 1180.992 1178.85 1181.588 1184.326 1187.064 1189.802 1201.025 1214.034 1227.042 1240.051 1251.654 1259.557 1267.461 1275.364 1283.267 1286.242 1287.345 1288.447 1289.55 1289.307 1282.677 1276.048 1269.418 1262.788 1255.503 1247.821 1240.14 1232.458 1225.835 1232.747 1239.659 1246.571 1253.484 1263.032 1274.999 1286.965 1298.931 1310.897 1310.417 1309.565 1308.714 1307.862 1302.806 1291.952 1281.098 1270.244
1264.315 1258.885 1253.454 1248.024 1242.659 1239.496 1236.334 1233.171 1230.008 1226.396 1222.294 1218.191 1214.089 1209.986 1205.19 1200.339 1195.489 1190.638 1188.469 1190.733 1192.998 1195.262 1197.527 1207.8 1219.759 1231.718 1243.678 1254.359 1261.675 1268.992 1276.308 1283.625 1287.285 1289.555 1291.825 1294.096 1294.844 1288.359 1281.875 1275.39 1268.906 1261.88 1254.527 1247.174 1239.821 1233.476 1240.044 1246.612 1253.18 1259.747 1268.952 1280.574 1292.195 1303.817 1315.439 1314.583 1313.354 1312.125 1310.897 1305.688 1294.99 1284.293 1273.595
1272.955 1267.724 1262.492 1257.261 1252.081 1248.622 1245.163 1241.705 1238.246 1234.544 1230.576 1226.608 1222.64 1218.672 1214.11 1209.502 1204.894 1200.285 1198.088 1199.879 1201.67 1203.461 1205.251 1214.575 1225.485 1236.395 1247.305 1257.063 1263.793 1270.523 1277.253 1283.983 1288.327 1291.766 1295.204 1298.642 1300.38 1294.041 1287.702 1281.363 1275.024 1268.257 1261.233 1254.208 1247.183 1241.118 1247.342 1253.565 1259.788 1266.011 1274.871 1286.149 1297.426 1308.703 1319.98 1318.748 1317.143 1315.538 1313.932 1308.571 1298.029 1287.488 1276.946
1284.122 1278.52 1272.918 1267.317 1261.768 1258.002 1254.235 1250.469 1246.702 1242.814 1238.794 1234.773 1230.753 1226.732 1222.525 1218.303 1214.081 1209.86 1207.904 1209.697 1211.49 1213.283 1215.076 1223.646 1233.643 1243.639 1253.636 1262.76 1269.586 1276.411 1283.237 1290.063 1294.161 1297.223 1300.284 1303.346 1304.791 1298.554 1292.318 1286.081 1279.844 1273.839 1267.973 1262.107 1256.242 1251.261 1257.604 1263.947 1270.289 1276.632 1285.305 1296.113 1306.921 1317.729 1328.537 1326.58 1324.243 1321.906 1319.569 1313.81 1303.331 1292.852 1282.372
1296.249 1290.06 1283.872 1277.684 1271.556 1267.478 1263.399 1259.321 1255.242 1251.132 1246.987 1242.843 1238.699 1234.554 1230.748 1226.967 1223.187 1219.406 1217.795 1219.771 1221.747 1223.723 1225.699 1233.589 1242.725 1251.86 1260.996 1269.593 1276.774 1283.955 1291.136 1298.317 1301.815 1303.913 1306.012 1308.11 1308.774 1302.623 1296.473 1290.322 1284.171 1279.117 1274.726 1270.336 1265.945 1262.353 1268.992 1275.631 1282.27 1288.909 1297.453 1307.745 1318.036 1328.327 1338.618 1335.806 1332.602 1329.398 1326.195 1319.944 1309.492 1299.04 1288.588
1308.376 1301.601 1294.826 1288.051 1281.345 1276.954 1272.563 1268.173 1263.782 1259.45 1255.181 1250.913 1246.645 1242.377 1238.971 1235.631 1232.293 1228.953 1227.686 1229.845 1232.004 1234.163 1236.322 1243.532 1251.807 1260.081 1268.356 1276.427 1283.963 1291.499 1299.035 1306.572 1309.469 1310.604 1311.739 1312.874 1312.757 1306.692 1300.628 1294.563 1288.499 1284.396 1281.48 1278.564 1275.648 1273.446 1280.381 1287.316 1294.251 1301.186 1309.602 1319.377 1329.151 1338.926 1348.7 1345.031 1340.961 1336.891 1332.82 1326.079 1315.654 1305.229 1294.803
1320.503 1313.141 1305.779 1298.418 1291.133 1286.43 1281.727 1277.024 1272.321 1267.767 1263.375 1258.983 1254.591 1250.199 1247.193 1244.296 1241.398 1238.5 1237.577 1239.919 1242.261 1244.603 1246.944 1253.476 1260.889 1268.302 1275.715 1283.26 1291.152 1299.043 1306.934 1314.826 1317.123 1317.295 1317.466 1317.638 1316.74 1310.761 1304.783 1298.804 1292.826 1289.675 1288.234 1286.793 1285.351 1284.539 1291.77 1299.0 1306.231 1313.462 1321.751 1331.009 1340.266 1349.524 1358.782 1354.257 1349.32 1344.383 1339.446 1332.214 1321.815 1311.417 1301.018
