data/zism_data/00807_01_D.txt
ncols         224
nrows         224
[rows 84 to 111 of 224, columns 126 to 188 of 224]
1212.277 1212.245 1212.214 1212.182 1212.151 1209.651 1205.253 1200.855 1196.457 1192.066 1188.184 1184.302 1180.42 1176.537 1173.693 1172.049 1170.404 1168.76 1167.115 1164.966 1162.769 1160.572 1158.375 1155.391 1151.019 1146.648 1142.277 1137.906 1131.884 1125.479 1119.074 1112.669 1109.685 1116.396 1123.107 1129.818 1136.529 1147.314 1159.761 1172.208 1184.655 1195.728 1199.557 1203.386 1207.215 1211.044 1212.5 1212.431 1212.363 1212.294 1211.954 1207.204 1202.455 1197.705 1192.956 1185.813 1176.345 1166.878 1157.41 1147.943 1137.028 1126.047 1115.066
1213.541 1213.639 1213.736 1213.834 1213.932 1211.61 1207.427 1203.244 1199.061 1194.896 1191.918 1188.94 1185.962 1182.984 1180.734 1179.327 1177.919 1176.512 1175.104 1172.813 1170.439 1168.064 1165.69 1162.547 1158.052 1153.557 1149.062 1144.567 1137.692 1130.264 1122.836 1115.409 1111.522 1117.668 1123.814 1129.959 1136.105 1146.867 1159.514 1172.16 1184.806 1196.09 1200.188 1204.286 1208.384 1212.481 1214.246 1214.511 1214.776 1215.041 1215.034 1210.613 1206.192 1201.771 1197.35 1190.574 1181.51 1172.446 1163.382 1154.318 1143.349 1132.292 1121.236
1215.222 1215.881 1216.541 1217.2 1217.86 1215.925 1211.994 1208.064 1204.133 1200.225 1197.849 1195.474 1193.098 1190.723 1188.772 1187.313 1185.854 1184.394 1182.935 1180.628 1178.24 1175.852 1173.464 1170.394 1166.124 1161.854 1157.585 1153.315 1146.011 1138.004 1129.996 1121.989 1117.361 1122.307 1127.254 1132.201 1137.147 1147.425 1159.878 1172.33 1184.783 1195.971 1200.489 1205.007 1209.525 1214.043 1216.225 1216.904 1217.583 1218.262 1218.659 1214.469 1210.279 1206.089 1201.899 1195.363 1186.548 1177.734 1168.919 1160.105 1149.094 1137.982 1126.87
1217.154 1218.637 1220.12 1221.604 1223.087 1221.665 1218.009 1214.352 1210.696 1207.064 1205.109 1203.153 1201.198 1199.242 1197.412 1195.726 1194.041 1192.356 1190.67 1188.422 1186.12 1183.818 1181.517 1178.66 1174.826 1170.992 1167.158 1163.324 1155.849 1147.53 1139.21 1130.89 1125.619 1128.983 1132.347 1135.711 1139.076 1148.589 1160.611 1172.633 1184.655 1195.563 1200.592 1205.622 1210.651 1215.68 1218.344 1219.486 1220.628 1221.77 1222.613 1218.595 1214.577 1210.559 1206.541 1200.169 1191.511 1182.853 1174.194 1165.536 1154.49 1143.335 1132.181
1219.087 1221.394 1223.7 1226.007 1228.313 1227.405 1224.023 1220.641 1217.26 1213.905 1212.369 1210.833 1209.297 1207.761 1206.052 1204.14 1202.229 1200.317 1198.406 1196.217 1194.001 1191.785 1189.57 1186.926 1183.528 1180.13 1176.732 1173.334 1165.688 1157.056 1148.424 1139.792 1133.877 1135.659 1137.441 1139.222 1141.004 1149.753 1161.344 1172.936 1184.527 1195.155 1200.695 1206.236 1211.777 1217.318 1220.463 1222.067 1223.672 1225.277 1226.566 1222.721 1218.875 1215.029 1211.184 1204.976 1196.474 1187.972 1179.469 1170.967 1159.887 1148.689 1137.491
1221.02 1224.15 1227.28 1230.41 1233.54 1233.145 1230.037 1226.93 1223.823 1220.744 1219.629 1218.513 1217.397 1216.281 1214.691 1212.554 1210.416 1208.279 1206.141 1204.011 1201.881 1199.752 1197.622 1195.191 1192.229 1189.267 1186.305 1183.343 1175.526 1166.582 1157.638 1148.694 1142.135 1142.334 1142.534 1142.733 1142.933 1150.917 1162.078 1173.239 1184.4 1194.746 1200.798 1206.85 1212.902 1218.954 1222.581 1224.649 1226.717 1228.785 1230.52 1226.846 1223.173 1219.5 1215.826 1209.783 1201.436 1193.09 1184.744 1176.398 1165.283 1154.042 1142.802
1223.171 1227.134 1231.098 1235.061 1239.025 1239.14 1236.294 1233.449 1230.603 1227.789 1227.061 1226.333 1225.605 1224.877 1223.418 1221.113 1218.807 1216.502 1214.197 1212.1 1210.022 1207.943 1205.865 1203.593 1200.98 1198.366 1195.753 1193.139 1185.187 1175.995 1166.804 1157.612 1150.469 1149.129 1147.79 1146.45 1145.111 1152.3 1162.971 1173.642 1184.313 1194.336 1200.939 1207.542 1214.145 1220.749 1224.883 1227.431 1229.978 1232.526 1234.722 1231.214 1227.705 1224.196 1220.688 1214.771 1206.513 1198.256 1189.999 1181.743 1170.605 1159.336 1148.067
1227.615 1232.515 1237.415 1242.315 1247.215 1247.81 1245.094 1242.377 1239.661 1236.975 1236.301 1235.626 1234.952 1234.278 1233.055 1231.197 1229.339 1227.48 1225.622 1223.278 1220.888 1218.497 1216.107 1213.429 1210.245 1207.061 1203.877 1200.693 1192.983 1184.222 1175.46 1166.699 1159.592 1157.171 1154.75 1152.328 1149.907 1155.992 1165.549 1175.105 1184.662 1193.902 1201.474 1209.047 1216.619 1224.191 1229.104 1232.308 1235.512 1238.716 1241.536 1238.114 1234.691 1231.269 1227.846 1221.66 1212.79 1203.919 1195.049 1186.178 1175.137 1163.998 1152.858
1232.059 1237.896 1243.732 1249.569 1255.405 1256.48 1253.893 1251.306 1248.719 1246.161 1245.54 1244.92 1244.3 1243.68 1242.693 1241.281 1239.869 1238.458 1237.046 1234.456 1231.754 1229.051 1226.349 1223.265 1219.511 1215.756 1212.001 1208.247 1200.778 1192.448 1184.117 1175.787 1168.716 1165.212 1161.709 1158.206 1154.703 1159.683 1168.126 1176.568 1185.011 1193.469 1202.01 1210.551 1219.092 1227.632 1233.325 1237.185 1241.046 1244.907 1248.351 1245.014 1241.678 1238.342 1235.005 1228.55 1219.066 1209.582 1200.098 1190.614 1179.67 1168.659 1157.649
1236.503 1243.276 1250.049 1256.823 1263.595 1265.151 1262.693 1260.235 1257.777 1255.347 1254.781 1254.214 1253.648 1253.081 1252.33 1251.365 1250.401 1249.436 1248.471 1245.635 1242.62 1239.605 1236.591 1233.101 1228.776 1224.451 1220.126 1215.801 1208.574 1200.674 1192.774 1184.875 1177.839 1173.254 1168.669 1164.084 1159.5 1163.375 1170.703 1178.031 1185.36 1193.036 1202.546 1212.055 1221.565 1231.075 1237.546 1242.063 1246.581 1251.098 1255.165 1251.915 1248.665 1245.415 1242.164 1235.441 1225.343 1215.245 1205.147 1195.05 1184.202 1173.321 1162.44
1240.948 1248.657 1256.367 1264.076 1271.786 1273.822 1271.493 1269.164 1266.835 1264.533 1264.021 1263.508 1262.995 1262.483 1261.968 1261.45 1260.932 1260.413 1259.895 1256.813 1253.486 1250.159 1246.833 1242.937 1238.042 1233.146 1228.25 1223.354 1216.37 1208.901 1201.431 1193.962 1186.963 1181.296 1175.629 1169.963 1164.296 1167.066 1173.28 1179.495 1185.708 1192.602 1203.081 1213.56 1224.038 1234.517 1241.766 1246.941 1252.115 1257.289 1261.98 1258.815 1255.651 1252.487 1249.323 1242.331 1231.619 1220.908 1210.196 1199.485 1188.735 1177.983 1167.231
1247.565 1255.876 1264.188 1272.499 1280.81 1283.264 1281.213 1279.161 1277.11 1275.082 1274.629 1274.176 1273.723 1273.271 1272.89 1272.594 1272.297 1272.0 1271.704 1268.282 1264.563 1260.844 1257.125 1252.707 1247.057 1241.407 1235.756 1230.106 1222.988 1215.528 1208.068 1200.609 1193.558 1187.666 1181.774 1175.882 1169.99 1172.523 1178.494 1184.466 1190.437 1197.222 1208.292 1219.363 1230.434 1241.505 1249.255 1254.869 1260.484 1266.098 1271.198 1267.936 1264.674 1261.412 1258.151 1250.709 1239.206 1227.703 1216.2 1204.697 1193.821 1182.973 1172.124
1255.955 1264.595 1273.234 1281.874 1290.513 1293.335 1291.682 1290.029 1288.376 1286.741 1286.353 1285.965 1285.577 1285.188 1284.86 1284.601 1284.342 1284.083 1283.824 1279.989 1275.812 1271.636 1267.459 1262.422 1255.867 1249.313 1242.758 1236.204 1228.644 1220.851 1213.057 1205.264 1198.09 1192.672 1187.254 1181.835 1176.417 1179.42 1185.859 1192.299 1198.739 1205.962 1217.318 1228.675 1240.031 1251.387 1259.409 1265.287 1271.165 1277.043 1282.377 1278.868 1275.358 1271.849 1268.339 1260.3 1247.861 1235.422 1222.982 1210.543 1199.358 1188.23 1177.102
1264.346 1273.314 1282.282 1291.249 1300.217 1303.407 1302.152 1300.897 1299.643 1298.401 1298.078 1297.754 1297.431 1297.107 1296.831 1296.609 1296.388 1296.167 1295.946 1291.695 1287.062 1282.428 1277.794 1272.136 1264.678 1257.219 1249.76 1242.302 1234.301 1226.174 1218.047 1209.92 1202.623 1197.678 1192.733 1187.789 1182.844 1186.317 1193.224 1200.133 1207.041 1214.703 1226.344 1237.986 1249.627 1261.269 1269.563 1275.705 1281.846 1287.988 1293.556 1289.799 1286.042 1282.285 1278.528 1269.892 1256.516 1243.14 1229.764 1216.389 1204.895 1193.487 1182.079
1272.736 1282.032 1291.328 1300.625 1309.92 1313.478 1312.622 1311.765 1310.909 1310.061 1309.802 1309.543 1309.284 1309.025 1308.801 1308.617 1308.434 1308.25 1308.066 1303.402 1298.31 1293.219 1288.128 1281.851 1273.488 1265.125 1256.762 1248.399 1239.957 1231.496 1223.036 1214.575 1207.155 1202.684 1198.213 1193.742 1189.271 1193.213 1200.589 1207.966 1215.342 1223.444 1235.37 1247.297 1259.224 1271.15 1279.716 1286.122 1292.528 1298.933 1304.735 1300.731 1296.726 1292.721 1288.717 1279.484 1265.171 1250.859 1236.546 1222.234 1210.432 1198.745 1187.057
1281.12 1290.747 1300.375 1310.003 1319.631 1323.564 1323.115 1322.666 1322.217 1321.772 1321.579 1321.386 1321.193 1321.0 1320.828 1320.679 1320.53 1320.381 1320.233 1315.148 1309.594 1304.04 1298.486 1291.587 1282.321 1273.055 1263.79 1254.524 1245.641 1236.847 1228.054 1219.26 1211.718 1207.724 1203.729 1199.735 1195.741 1200.155 1208.001 1215.848 1223.694 1232.236 1244.444 1256.652 1268.861 1281.069 1289.904 1296.571 1303.238 1309.905 1315.939 1311.694 1307.448 1303.203 1298.958 1289.134 1273.893 1258.651 1243.409 1228.167 1216.046 1204.066 1192.086
1289.0 1299.204 1309.408 1319.612 1329.815 1334.585 1335.175 1335.765 1336.355 1336.936 1336.916 1336.895 1336.874 1336.854 1336.699 1336.388 1336.078 1335.768 1335.458 1329.602 1323.219 1316.836 1310.453 1302.735 1292.667 1282.6 1272.532 1262.464 1253.194 1244.11 1235.025 1225.941 1218.364 1215.059 1211.754 1208.448 1205.143 1210.17 1218.597 1227.025 1235.452 1244.489 1256.735 1268.981 1281.227 1293.473 1302.382 1309.146 1315.909 1322.673 1328.812 1324.792 1320.773 1316.754 1312.734 1302.793 1287.099 1271.405 1255.711 1240.017 1226.816 1213.727 1200.639
1296.881 1307.66 1318.44 1329.22 1340.0 1345.607 1347.236 1348.865 1350.494 1352.101 1352.253 1352.404 1352.556 1352.708 1352.57 1352.098 1351.626 1351.155 1350.683 1344.057 1336.845 1329.633 1322.421 1313.884 1303.014 1292.144 1281.274 1270.405 1260.748 1251.373 1241.998 1232.623 1225.011 1222.394 1219.778 1217.161 1214.545 1220.184 1229.193 1238.202 1247.211 1256.742 1269.026 1281.309 1293.593 1305.877 1314.86 1321.72 1328.581 1335.442 1341.685 1337.891 1334.098 1330.305 1326.512 1316.453 1300.306 1284.16 1268.014 1251.868 1237.586 1223.389 1209.191
1304.761 1316.117 1327.472 1338.828 1350.184 1356.629 1359.296 1361.964 1364.632 1367.265 1367.589 1367.913 1368.237 1368.561 1368.441 1367.807 1367.174 1366.541 1365.908 1358.511 1350.47 1342.429 1334.388 1325.032 1313.36 1301.688 1290.016 1278.345 1268.301 1258.635 1248.969 1239.304 1231.657 1229.729 1227.802 1225.874 1223.947 1230.199 1239.789 1249.379 1258.969 1268.995 1281.316 1293.638 1305.959 1318.281 1327.337 1334.295 1341.252 1348.21 1354.557 1350.99 1347.423 1343.856 1340.288 1330.111 1313.513 1296.915 1280.316 1263.718 1248.356 1233.05 1217.744
1312.642 1324.573 1336.505 1348.437 1360.368 1367.651 1371.357 1375.064 1378.77 1382.43 1382.926 1383.422 1383.918 1384.415 1384.312 1383.517 1382.723 1381.928 1381.133 1372.965 1364.096 1355.226 1346.356 1336.181 1323.707 1311.233 1298.759 1286.285 1275.854 1265.898 1255.942 1245.985 1238.303 1237.065 1235.826 1234.588 1233.349 1240.213 1250.385 1260.557 1270.728 1281.249 1293.608 1305.967 1318.326 1330.685 1339.815 1346.869 1353.924 1360.978 1367.43 1364.089 1360.748 1357.407 1354.066 1343.771 1326.72 1309.67 1292.619 1275.569 1259.126 1242.712 1226.297
1318.27 1330.651 1343.033 1355.414 1367.796 1375.777 1380.372 1384.968 1389.564 1394.105 1394.918 1395.73 1396.543 1397.356 1397.325 1396.32 1395.315 1394.31 1393.305 1384.705 1375.382 1366.059 1356.737 1346.052 1332.969 1319.886 1306.803 1293.72 1282.954 1272.725 1262.496 1252.267 1244.524 1243.828 1243.132 1242.435 1241.739 1249.053 1259.636 1270.219 1280.802 1291.68 1304.115 1316.551 1328.986 1341.422 1350.398 1357.15 1363.902 1370.655 1376.826 1373.562 1370.298 1367.033 1363.769 1353.631 1336.816 1320.0 1303.185 1286.37 1269.313 1252.245 1235.177
1321.441 1334.135 1346.829 1359.522 1372.216 1380.743 1386.066 1391.388 1396.711 1401.975 1403.261 1404.547 1405.834 1407.12 1407.221 1405.952 1404.683 1403.415 1402.146 1393.484 1384.118 1374.752 1365.386 1354.529 1341.048 1327.567 1314.086 1300.605 1289.558 1279.076 1268.594 1258.112 1250.282 1249.968 1249.654 1249.34 1249.026 1256.611 1267.42 1278.229 1289.038 1300.125 1312.679 1325.233 1337.787 1350.34 1358.914 1364.929 1370.944 1376.959 1382.431 1379.08 1375.73 1372.379 1369.029 1359.348 1343.518 1327.688 1311.857 1296.027 1278.864 1261.64 1244.416
1324.613 1337.619 1350.625 1363.63 1376.636 1385.71 1391.759 1397.808 1403.857 1409.844 1411.604 1413.364 1415.124 1416.884 1417.117 1415.584 1414.052 1412.519 1410.986 1402.262 1392.854 1383.444 1374.036 1363.007 1349.128 1335.248 1321.369 1307.489 1296.162 1285.427 1274.692 1263.957 1256.04 1256.108 1256.176 1256.244 1256.312 1264.168 1275.204 1286.239 1297.274 1308.57 1321.242 1333.915 1346.587 1359.259 1367.43 1372.707 1377.985 1383.263 1388.035 1384.598 1381.162 1377.725 1374.289 1365.065 1350.22 1335.375 1320.529 1305.684 1288.414 1271.034 1253.654
1327.784 1341.102 1354.42 1367.738 1381.056 1390.676 1397.452 1404.228 1411.004 1417.714 1419.947 1422.181 1424.414 1426.648 1427.013 1425.216 1423.42 1421.624 1419.827 1411.041 1401.589 1392.137 1382.685 1371.485 1357.207 1342.929 1328.651 1314.373 1302.766 1291.778 1280.79 1269.802 1261.798 1262.248 1262.698 1263.148 1263.599 1271.726 1282.988 1294.249 1305.51 1317.015 1329.806 1342.596 1355.387 1368.177 1375.946 1380.486 1385.026 1389.566 1393.639 1390.116 1386.594 1383.071 1379.548 1370.782 1356.922 1343.061 1329.201 1315.341 1297.965 1280.428 1262.892
1330.956 1344.586 1358.216 1371.846 1385.476 1395.643 1403.146 1410.648 1418.15 1425.583 1428.291 1430.998 1433.705 1436.412 1436.909 1434.849 1432.788 1430.728 1428.668 1419.82 1410.325 1400.83 1391.335 1379.963 1365.286 1350.61 1335.934 1321.258 1309.37 1298.129 1286.888 1275.648 1267.556 1268.388 1269.221 1270.053 1270.885 1279.284 1290.772 1302.259 1313.746 1325.46 1338.369 1351.278 1364.187 1377.096 1384.462 1388.265 1392.068 1395.87 1399.244 1395.635 1392.026 1388.417 1384.808 1376.499 1363.624 1350.749 1337.873 1324.998 1307.515 1289.823 1272.131
1338.824 1351.286 1363.748 1376.209 1388.671 1398.689 1406.827 1414.964 1423.102 1431.165 1434.118 1437.07 1440.023 1442.976 1443.404 1440.913 1438.422 1435.931 1433.439 1424.857 1415.694 1406.531 1397.368 1386.309 1371.914 1357.519 1343.124 1328.729 1316.586 1304.966 1293.345 1281.725 1273.381 1274.321 1275.262 1276.203 1277.143 1286.0 1298.089 1310.178 1322.266 1334.345 1346.374 1358.402 1370.431 1382.459 1389.066 1392.187 1395.308 1398.43 1401.177 1397.842 1394.507 1391.172 1387.837 1379.967 1367.691 1355.415 1343.14 1330.864 1314.577 1298.108 1281.639
1346.981 1358.184 1369.386 1380.588 1391.791 1401.617 1410.384 1419.152 1427.919 1436.606 1439.79 1442.974 1446.158 1449.343 1449.69 1446.758 1443.825 1440.893 1437.96 1429.663 1420.856 1412.048 1403.24 1392.525 1378.453 1364.381 1350.309 1336.237 1323.84 1311.832 1299.824 1287.816 1279.21 1280.242 1281.274 1282.306 1283.338 1292.665 1305.378 1318.091 1330.804 1343.258 1354.345 1365.431 1376.518 1387.604 1393.43 1395.873 1398.316 1400.759 1402.884 1399.845 1396.806 1393.767 1390.728 1383.296 1371.597 1359.897 1348.197 1336.497 1321.486 1306.325 1291.163
1355.138 1365.081 1375.024 1384.967 1394.91 1404.544 1413.942 1423.339 1432.736 1442.046 1445.462 1448.878 1452.293 1455.709 1455.976 1452.602 1449.228 1445.855 1442.481 1434.47 1426.017 1417.565 1409.112 1398.741 1384.992 1371.243 1357.494 1343.745 1331.094 1318.698 1306.303 1293.907 1285.038 1286.162 1287.286 1288.409 1289.533 1299.33 1312.667 1326.005 1339.342 1352.17 1362.315 1372.46 1382.604 1392.749 1397.793 1399.558 1401.323 1403.088 1404.591 1401.848 1399.105 1396.363 1393.62 1386.626 1375.502 1364.378 1353.254 1342.13 1328.395 1314.542 1300.688
