data/zism_data/00809_01_D.txt
ncols         224
nrows         224
[rows 84 to 111 of 224, columns 126 to 188 of 224]
996.2625 996.72 997.2062 997.6924 998.1787 998.5646 998.6665 998.7683 998.8701 998.972 999.0 999.0 999.0 999.0 999.0074 999.047 999.0865 999.1261 999.1656 999.231 999.31 999.3891 999.4681 999.538 999.538 999.538 999.538 999.538 1000.423 1001.949 1003.475 1005.002 1006.648 1010.937 1015.226 1019.516 1023.805 1027.741 1031.334 1034.928 1038.521 1042.114 1041.047 1039.841 1038.635 1037.429 1035.324 1032.051 1028.778 1025.505 1022.232 1029.316 1037.569 1045.822 1054.075 1062.073 1069.623 1077.173 1084.723 1092.273 1094.754 1096.168 1097.582
996.5678 997.0062 997.455 997.9037 998.3524 998.7022 998.7719 998.8415 998.9111 998.9808 999.0 999.0 999.0 999.0 999.0095 999.0598 999.11 999.1603 999.2106 999.2936 999.3941 999.4946 999.5951 999.684 999.684 999.684 999.684 999.684 1000.572 1002.104 1003.635 1005.167 1006.832 1011.438 1016.043 1020.649 1025.254 1029.654 1033.853 1038.052 1042.251 1046.45 1046.109 1045.632 1045.155 1044.678 1043.042 1039.897 1036.753 1033.609 1030.464 1037.325 1045.316 1053.306 1061.296 1068.692 1075.041 1081.389 1087.738 1094.087 1096.067 1097.127 1098.187
996.873 997.2925 997.7037 998.1149 998.526 998.8397 998.8772 998.9147 998.9522 998.9897 999.0 999.0 999.0 999.0 999.0115 999.0725 999.1335 999.1945 999.2555 999.3562 999.4781 999.6002 999.7221 999.8299 999.8299 999.8299 999.8299 999.8299 1000.721 1002.258 1003.795 1005.332 1007.016 1011.938 1016.86 1021.782 1026.704 1031.566 1036.371 1041.176 1045.981 1050.786 1051.171 1051.423 1051.675 1051.928 1050.759 1047.743 1044.728 1041.712 1038.696 1045.334 1053.062 1060.79 1068.517 1075.31 1080.458 1085.605 1090.753 1095.901 1097.379 1098.086 1098.792
997.1784 997.5788 997.9524 998.326 998.6997 998.9772 998.9825 998.9879 998.9932 998.9985 999.0 999.0 999.0 999.0 999.0135 999.0852 999.1569 999.2286 999.3004 999.4188 999.5623 999.7057 999.8491 999.9758 999.9758 999.9758 999.9758 999.9758 1000.87 1002.412 1003.955 1005.497 1007.2 1012.438 1017.677 1022.915 1028.153 1033.479 1038.89 1044.301 1049.711 1055.122 1056.232 1057.214 1058.195 1059.177 1058.477 1055.59 1052.703 1049.816 1046.929 1053.344 1060.808 1068.273 1075.739 1081.929 1085.875 1089.822 1093.768 1097.715 1098.692 1099.045 1099.397
997.5276 997.8604 998.1652 998.47 998.7747 999.0 999.0 999.0 999.0 999.0 999.0 999.0 999.0 999.0 999.0189 999.1193 999.2196 999.3199 999.4202 999.551 999.6979 999.8449 999.9919 1000.12 1000.102 1000.084 1000.066 1000.048 1000.834 1002.203 1003.572 1004.94 1006.483 1011.845 1017.207 1022.569 1027.932 1033.68 1039.804 1045.928 1052.052 1058.176 1059.98 1061.655 1063.33 1065.005 1064.704 1061.834 1058.964 1056.094 1053.224 1058.785 1065.298 1071.811 1078.324 1083.758 1087.291 1090.824 1094.357 1097.89 1098.777 1099.106 1099.436
997.8855 998.1411 998.3708 998.6005 998.8302 999.0 999.0 999.0 999.0 999.0 999.0 999.0 999.0 999.0 999.025 999.1575 999.29 999.4225 999.555 999.6969 999.8439 999.9908 1000.138 1000.263 1000.224 1000.184 1000.145 1000.106 1000.761 1001.921 1003.081 1004.24 1005.586 1011.034 1016.482 1021.93 1027.378 1033.542 1040.401 1047.259 1054.118 1060.976 1063.468 1065.829 1068.191 1070.552 1070.636 1067.761 1064.885 1062.01 1059.134 1063.717 1069.142 1074.567 1079.991 1084.638 1087.913 1091.189 1094.464 1097.74 1098.618 1098.99 1099.363
998.2435 998.4218 998.5764 998.731 998.8857 999.0 999.0 999.0 999.0 999.0 999.0 999.0 999.0 999.0 999.031 999.1957 999.3604 999.525 999.6897 999.8428 999.9898 1000.137 1000.284 1000.407 1000.346 1000.285 1000.224 1000.163 1000.689 1001.639 1002.59 1003.54 1004.69 1010.224 1015.758 1021.292 1026.825 1033.404 1040.997 1048.59 1056.183 1063.776 1066.956 1070.004 1073.051 1076.099 1076.569 1073.688 1070.807 1067.926 1065.045 1068.649 1072.986 1077.322 1081.658 1085.517 1088.536 1091.554 1094.572 1097.59 1098.458 1098.874 1099.289
998.6014 998.7024 998.782 998.8616 998.9412 999.0 999.0 999.0 999.0 999.0 999.0 999.0 999.0 999.0 999.0371 999.2339 999.4308 999.6276 999.8245 999.9888 1000.136 1000.283 1000.43 1000.55 1000.468 1000.386 1000.303 1000.221 1000.616 1001.358 1002.099 1002.84 1003.794 1009.414 1015.033 1020.653 1026.272 1033.266 1041.593 1049.921 1058.249 1066.576 1070.443 1074.177 1077.911 1081.646 1082.501 1079.615 1076.729 1073.842 1070.956 1073.582 1076.829 1080.078 1083.325 1086.397 1089.158 1091.919 1094.68 1097.44 1098.299 1098.758 1099.216
998.8728 998.9137 998.9368 998.9599 998.983 999.0 999.0 999.0 999.0 999.0 999.0 999.0 999.0 999.0 999.0424 999.2671 999.4918 999.7166 999.9413 1000.124 1000.283 1000.443 1000.603 1000.734 1000.645 1000.555 1000.466 1000.376 1000.679 1001.265 1001.852 1002.438 1003.252 1009.055 1014.859 1020.663 1026.467 1033.837 1042.728 1051.619 1060.51 1069.401 1073.734 1077.932 1082.13 1086.328 1087.499 1084.735 1081.972 1079.209 1076.446 1078.183 1080.428 1082.673 1084.918 1087.243 1089.708 1092.173 1094.638 1097.103 1097.967 1098.494 1099.021
998.9058 998.9338 998.9515 998.9692 998.9869 999.0 999.0 999.0 999.0 999.0 999.0 999.0 999.0 999.0 999.0453 999.2862 999.527 999.7678 1000.009 1000.228 1000.436 1000.644 1000.852 1001.03 1000.972 1000.915 1000.858 1000.801 1001.113 1001.695 1002.276 1002.857 1003.685 1009.945 1016.204 1022.464 1028.723 1036.364 1045.346 1054.328 1063.31 1072.292 1076.483 1080.531 1084.578 1088.626 1089.92 1087.634 1085.348 1083.061 1080.775 1081.872 1083.35 1084.829 1086.307 1087.998 1090.06 1092.123 1094.186 1096.249 1097.158 1097.824 1098.491
998.9388 998.9539 998.9662 998.9785 998.9908 999.0 999.0 999.0 999.0 999.0 999.0 999.0 999.0 999.0 999.0484 999.3053 999.5622 999.8191 1000.076 1000.333 1000.589 1000.845 1001.102 1001.325 1001.3 1001.275 1001.25 1001.225 1001.548 1002.124 1002.7 1003.276 1004.118 1010.834 1017.549 1024.264 1030.98 1038.891 1047.964 1057.038 1066.111 1075.184 1079.232 1083.129 1087.026 1090.924 1092.34 1090.531 1088.723 1086.914 1085.105 1085.561 1086.273 1086.984 1087.696 1088.752 1090.413 1092.073 1093.734 1095.395 1096.349 1097.155 1097.961
998.9719 998.9739 998.9809 998.9879 998.9948 999.0 999.0 999.0 999.0 999.0 999.0 999.0 999.0 999.0 999.0515 999.3244 999.5974 999.8704 1000.143 1000.437 1000.742 1001.046 1001.351 1001.621 1001.628 1001.635 1001.642 1001.649 1001.983 1002.553 1003.124 1003.694 1004.552 1011.723 1018.894 1026.065 1033.236 1041.418 1050.583 1059.747 1068.911 1078.076 1081.98 1085.727 1089.475 1093.222 1094.761 1093.429 1092.098 1090.766 1089.434 1089.25 1089.195 1089.14 1089.085 1089.506 1090.765 1092.023 1093.282 1094.54 1095.54 1096.485 1097.43
999.0049 998.994 998.9955 998.9972 998.9988 999.0 999.0 999.0 999.0 999.0 999.0 999.0 999.0 999.0 999.0544 999.3436 999.6326 999.9217 1000.211 1000.541 1000.894 1001.247 1001.6 1001.916 1001.956 1001.995 1002.034 1002.073 1002.418 1002.983 1003.548 1004.113 1004.985 1012.612 1020.239 1027.865 1035.492 1043.945 1053.201 1062.456 1071.712 1080.967 1084.729 1088.326 1091.923 1095.52 1097.182 1096.328 1095.473 1094.618 1093.764 1092.939 1092.117 1091.296 1090.474 1090.261 1091.117 1091.973 1092.83 1093.686 1094.731 1095.815 1096.9
999.0195 999.0 999.0 999.0 999.0 999.0 999.0 999.0 999.0 999.0 999.0 999.0 999.0 999.0 999.049 999.3093 999.5696 999.8298 1000.09 1000.442 1000.843 1001.244 1001.645 1002.022 1002.209 1002.397 1002.584 1002.771 1003.264 1003.977 1004.69 1005.403 1006.404 1013.746 1021.088 1028.43 1035.771 1043.891 1052.766 1061.641 1070.517 1079.392 1083.214 1086.886 1090.557 1094.229 1096.135 1095.747 1095.358 1094.97 1094.581 1093.649 1092.656 1091.662 1090.669 1090.281 1090.96 1091.639 1092.318 1092.996 1094.107 1095.308 1096.51
999.026 999.0 999.0 999.0 999.0 999.0 999.0 999.0 999.0 999.0 999.0 999.0 999.0 999.0 999.0399 999.252 999.464 999.676 999.888 1000.255 1000.704 1001.153 1001.603 1002.045 1002.431 1002.816 1003.202 1003.588 1004.288 1005.215 1006.143 1007.071 1008.251 1014.987 1021.722 1028.458 1035.194 1042.719 1051.01 1059.301 1067.591 1075.882 1079.854 1083.698 1087.541 1091.384 1093.588 1093.66 1093.733 1093.805 1093.878 1093.07 1092.162 1091.254 1090.347 1089.985 1090.583 1091.181 1091.78 1092.378 1093.563 1094.872 1096.181
999.0325 999.0 999.0 999.0 999.0 999.0 999.0 999.0 999.0 999.0 999.0 999.0 999.0 999.0 999.0308 999.1946 999.3583 999.5221 999.6859 1000.067 1000.565 1001.063 1001.56 1002.068 1002.652 1003.236 1003.82 1004.404 1005.312 1006.454 1007.596 1008.738 1010.097 1016.227 1022.357 1028.487 1034.617 1041.547 1049.253 1056.96 1064.666 1072.372 1076.494 1080.509 1084.524 1088.538 1091.04 1091.573 1092.107 1092.641 1093.174 1092.49 1091.668 1090.846 1090.025 1089.688 1090.206 1090.724 1091.242 1091.76 1093.019 1094.435 1095.851
999.0391 999.0 999.0 999.0 999.0 999.0 999.0 999.0 999.0 999.0 999.0 999.0 999.0 999.0 999.0218 999.1373 999.2527 999.3682 999.4838 999.8799 1000.426 1000.972 1001.517 1002.091 1002.873 1003.656 1004.438 1005.221 1006.336 1007.693 1009.049 1010.406 1011.944 1017.468 1022.992 1028.516 1034.04 1040.375 1047.497 1054.619 1061.741 1068.863 1073.134 1077.321 1081.507 1085.693 1088.492 1089.487 1090.481 1091.476 1092.471 1091.91 1091.174 1090.438 1089.702 1089.391 1089.829 1090.266 1090.704 1091.141 1092.476 1093.999 1095.522
999.0435 999.0 999.0 999.0 999.0 999.0011 999.0052 999.0094 999.0136 999.0178 999.0169 999.0141 999.0114 999.0085 999.0196 999.0903 999.1611 999.2318 999.3025 999.7046 1000.283 1000.862 1001.441 1002.062 1003.004 1003.946 1004.888 1005.83 1007.12 1008.662 1010.204 1011.746 1013.434 1018.343 1023.252 1028.161 1033.071 1038.766 1045.226 1051.686 1058.146 1064.606 1068.907 1073.145 1077.382 1081.619 1084.674 1086.193 1087.712 1089.231 1090.75 1090.455 1089.954 1089.454 1088.954 1088.806 1089.28 1089.754 1090.227 1090.701 1092.118 1093.734 1095.35
999.0337 999.0 999.0 999.0 999.0 999.0095 999.0458 999.0822 999.1185 999.1548 999.1473 999.123 999.0988 999.0746 999.0642 999.1135 999.1628 999.212 999.2613 999.6105 1000.12 1000.629 1001.138 1001.685 1002.526 1003.366 1004.206 1005.046 1006.287 1007.818 1009.349 1010.88 1012.529 1016.762 1020.996 1025.23 1029.463 1034.225 1039.5 1044.775 1050.05 1055.325 1058.853 1062.328 1065.804 1069.28 1072.317 1074.785 1077.253 1079.721 1082.189 1083.108 1083.852 1084.595 1085.339 1086.282 1087.576 1088.87 1090.164 1091.458 1093.014 1094.624 1096.235
999.0239 999.0 999.0 999.0 999.0 999.0179 999.0864 999.1549 999.2234 999.2919 999.2776 999.232 999.1863 999.1407 999.1088 999.1367 999.1645 999.1923 999.2201 999.5164 999.9557 1000.395 1000.835 1001.309 1002.047 1002.785 1003.524 1004.262 1005.454 1006.974 1008.494 1010.015 1011.624 1015.182 1018.74 1022.298 1025.856 1029.684 1033.774 1037.864 1041.954 1046.044 1048.798 1051.513 1054.227 1056.941 1059.961 1063.378 1066.795 1070.212 1073.629 1075.762 1077.749 1079.737 1081.724 1083.758 1085.872 1087.987 1090.101 1092.216 1093.909 1095.514 1097.12
999.0141 999.0 999.0 999.0 999.0 999.0262 999.127 999.2276 999.3283 999.429 999.4081 999.3409 999.2738 999.2067 999.1534 999.1598 999.1662 999.1725 999.1789 999.4222 999.792 1000.162 1000.531 1000.932 1001.568 1002.205 1002.841 1003.478 1004.62 1006.13 1007.64 1009.149 1010.719 1013.601 1016.484 1019.366 1022.249 1025.143 1028.048 1030.953 1033.858 1036.763 1038.744 1040.697 1042.65 1044.603 1047.605 1051.971 1056.337 1060.703 1065.069 1068.416 1071.647 1074.878 1078.11 1081.234 1084.168 1087.103 1090.038 1092.973 1094.805 1096.405 1098.004
999.0043 999.0 999.0 999.0 999.0 999.0347 999.1675 999.3004 999.4332 999.566 999.5385 999.4499 999.3613 999.2728 999.1981 999.183 999.1679 999.1528 999.1378 999.3281 999.6282 999.9282 1000.228 1000.555 1001.09 1001.625 1002.159 1002.694 1003.787 1005.286 1006.785 1008.284 1009.814 1012.021 1014.228 1016.435 1018.642 1020.602 1022.322 1024.042 1025.762 1027.482 1028.689 1029.881 1031.072 1032.264 1035.248 1040.563 1045.878 1051.193 1056.508 1061.069 1065.544 1070.02 1074.495 1078.709 1082.465 1086.22 1089.975 1093.73 1095.7 1097.295 1098.889
998.9014 998.9332 998.9694 999.0054 999.0416 999.1074 999.2573 999.4073 999.5573 999.7073 999.6797 999.5848 999.4898 999.3948 999.3137 999.2922 999.2708 999.2493 999.2278 999.3745 999.6108 999.8471 1000.083 1000.342 1000.772 1001.202 1001.631 1002.061 1003.029 1004.388 1005.747 1007.106 1008.479 1010.179 1011.879 1013.579 1015.279 1016.675 1017.776 1018.877 1019.978 1021.079 1022.46 1023.85 1025.24 1026.63 1030.049 1036.105 1042.162 1048.218 1054.275 1059.431 1064.485 1069.539 1074.594 1079.248 1083.197 1087.147 1091.097 1095.047 1096.964 1098.454 1099.944
998.7257 998.8143 998.9147 999.0152 999.1156 999.2304 999.3857 999.5411 999.6964 999.8517 999.8296 999.7399 999.6503 999.5607 999.485 999.4689 999.4528 999.4366 999.4205 999.5306 999.7079 999.8853 1000.063 1000.257 1000.579 1000.902 1001.224 1001.547 1002.33 1003.448 1004.565 1005.683 1006.809 1008.134 1009.458 1010.783 1012.107 1013.229 1014.153 1015.077 1016.001 1016.924 1019.223 1021.562 1023.901 1026.24 1030.447 1037.082 1043.718 1050.353 1056.989 1062.256 1067.37 1072.483 1077.596 1082.181 1085.836 1089.491 1093.146 1096.8 1098.516 1099.823 1101.131
998.55 998.6953 998.8601 999.0249 999.1897 999.3534 999.5141 999.6748 999.8354 999.9962 999.9794 999.8951 999.8109 999.7266 999.6563 999.6455 999.6347 999.624 999.6132 999.6866 999.8051 999.9234 1000.042 1000.171 1000.387 1000.602 1000.817 1001.032 1001.631 1002.507 1003.383 1004.259 1005.139 1006.088 1007.037 1007.987 1008.936 1009.783 1010.53 1011.277 1012.024 1012.771 1015.985 1019.273 1022.561 1025.849 1030.844 1038.059 1045.273 1052.488 1059.703 1065.082 1070.254 1075.427 1080.599 1085.114 1088.474 1091.834 1095.194 1098.554 1100.068 1101.193 1102.318
998.3743 998.5764 998.8055 999.0346 999.2637 999.4764 999.6425 999.8085 999.9745 1000.141 1000.129 1000.05 999.9714 999.8925 999.8275 999.8221 999.8167 999.8113 999.8059 999.8428 999.9022 999.9615 1000.021 1000.086 1000.194 1000.302 1000.41 1000.518 1000.932 1001.566 1002.201 1002.836 1003.469 1004.043 1004.617 1005.19 1005.764 1006.336 1006.906 1007.477 1008.047 1008.617 1012.748 1016.985 1021.222 1025.459 1031.242 1039.036 1046.829 1054.623 1062.417 1067.908 1073.139 1078.37 1083.601 1088.048 1091.113 1094.178 1097.243 1100.308 1101.62 1102.563 1103.506
998.1987 998.4574 998.7509 999.0443 999.3378 999.5994 999.7709 999.9423 1000.114 1000.285 1000.279 1000.206 1000.132 1000.058 999.9988 999.9987 999.9987 999.9987 999.9986 999.9989 999.9993 999.9998 1000.0 1000.001 1000.001 1000.002 1000.003 1000.004 1000.232 1000.626 1001.02 1001.413 1001.798 1001.997 1002.196 1002.394 1002.593 1002.89 1003.283 1003.676 1004.07 1004.463 1009.51 1014.696 1019.882 1025.068 1031.64 1040.013 1048.385 1056.758 1065.13 1070.734 1076.024 1081.314 1086.604 1090.981 1093.751 1096.521 1099.292 1102.062 1103.172 1103.932 1104.693
998.2831 998.5659 998.8757 999.1857 999.4955 999.7679 999.9341 1000.1 1000.266 1000.432 1000.413 1000.324 1000.234 1000.145 1000.069 1000.053 1000.037 1000.022 1000.006 1000.0 1000.0 1000.0 1000.0 1000.0 1000.0 1000.0 1000.0 1000.0 1000.178 1000.485 1000.791 1001.098 1001.398 1001.552 1001.705 1001.858 1002.012 1002.591 1003.584 1004.578 1005.571 1006.564 1012.99 1019.578 1026.165 1032.753 1040.014 1048.152 1056.289 1064.426 1072.563 1077.181 1081.402 1085.623 1089.844 1093.349 1095.595 1097.841 1100.088 1102.334 1103.282 1103.956 1104.63
