data/zism_data/00813_02_D.txt
ncols         224
nrows         224
[rows 168 to 195 of 224, columns 63 to 125 of 224]
1738.87 1747.158 1755.446 1763.734 1769.828 1775.823 1781.817 1787.811 1793.179 1797.682 1802.186 1806.689 1811.193 1815.241 1819.231 1823.22 1827.209 1830.791 1833.61 1836.429 1839.249 1842.068 1844.588 1847.04 1849.491 1851.943 1854.517 1857.414 1860.311 1863.209 1866.106 1868.88 1871.609 1874.339 1877.068 1879.179 1878.859 1878.539 1878.219 1877.899 1874.51 1869.587 1864.664 1859.741 1854.914 1850.726 1846.538 1842.35 1838.162 1834.214 1830.429 1826.645 1822.861 1819.184 1817.252 1815.321 1813.389 1811.457 1807.425 1801.468 1795.511 1789.553 1783.596
1739.938 1747.907 1755.876 1763.846 1769.895 1775.857 1781.819 1787.781 1793.107 1797.557 1802.006 1806.455 1810.905 1814.699 1818.408 1822.116 1825.825 1829.102 1831.57 1834.038 1836.506 1838.974 1841.205 1843.381 1845.557 1847.733 1850.075 1852.854 1855.632 1858.411 1861.189 1863.772 1866.286 1868.8 1871.313 1873.231 1872.808 1872.386 1871.963 1871.54 1868.067 1863.068 1858.07 1853.071 1848.089 1843.221 1838.352 1833.484 1828.616 1824.369 1820.547 1816.725 1812.903 1809.203 1807.476 1805.75 1804.023 1802.297 1798.281 1792.167 1786.053 1779.939 1773.825
1741.005 1748.656 1756.307 1763.958 1769.962 1775.892 1781.821 1787.751 1793.036 1797.431 1801.826 1806.222 1810.617 1814.157 1817.585 1821.012 1824.44 1827.412 1829.529 1831.646 1833.763 1835.88 1837.822 1839.722 1841.623 1843.524 1845.633 1848.293 1850.953 1853.613 1856.272 1858.665 1860.962 1863.26 1865.558 1867.283 1866.757 1866.232 1865.707 1865.182 1861.624 1856.549 1851.475 1846.401 1841.265 1835.716 1830.167 1824.618 1819.069 1814.524 1810.664 1806.805 1802.945 1799.221 1797.699 1796.178 1794.657 1793.135 1789.136 1782.866 1776.595 1770.325 1764.054
1742.073 1749.405 1756.737 1764.069 1770.029 1775.926 1781.823 1787.721 1792.964 1797.305 1801.647 1805.988 1810.33 1813.615 1816.762 1819.909 1823.056 1825.722 1827.488 1829.255 1831.021 1832.787 1834.439 1836.064 1837.689 1839.314 1841.192 1843.733 1846.274 1848.815 1851.356 1853.557 1855.639 1857.721 1859.802 1861.334 1860.707 1860.079 1859.451 1858.823 1855.18 1850.031 1844.881 1839.731 1834.44 1828.211 1821.982 1815.753 1809.523 1804.68 1800.782 1796.885 1792.987 1789.239 1787.923 1786.607 1785.291 1783.975 1779.992 1773.565 1767.138 1760.71 1754.283
1743.072 1750.126 1757.179 1764.233 1770.134 1775.982 1781.83 1787.679 1792.846 1797.075 1801.304 1805.532 1809.761 1812.798 1815.678 1818.558 1821.438 1823.837 1825.332 1826.827 1828.322 1829.816 1831.123 1832.386 1833.649 1834.912 1836.496 1838.926 1841.355 1843.784 1846.213 1848.27 1850.194 1852.118 1854.043 1855.432 1854.721 1854.009 1853.297 1852.586 1848.81 1843.502 1838.195 1832.887 1827.388 1820.612 1813.836 1807.061 1800.285 1795.108 1791.022 1786.937 1782.851 1778.927 1777.631 1776.334 1775.038 1773.741 1769.76 1763.317 1756.874 1750.431 1743.988
1743.983 1750.81 1757.636 1764.463 1770.287 1776.065 1781.843 1787.621 1792.669 1796.709 1800.748 1804.788 1808.828 1811.623 1814.255 1816.886 1819.518 1821.697 1823.024 1824.352 1825.679 1827.007 1827.896 1828.684 1829.472 1830.26 1831.471 1833.798 1836.125 1838.451 1840.778 1842.747 1844.591 1846.434 1848.278 1849.591 1848.82 1848.048 1847.277 1846.506 1842.535 1836.962 1831.39 1825.818 1820.04 1812.892 1805.743 1798.595 1791.447 1785.891 1781.422 1776.953 1772.484 1768.186 1766.668 1765.15 1763.633 1762.115 1758.115 1751.839 1745.564 1739.288 1733.013
1744.894 1751.494 1758.094 1764.693 1770.44 1776.148 1781.856 1787.564 1792.491 1796.342 1800.193 1804.044 1807.894 1810.448 1812.831 1815.215 1817.598 1819.556 1820.716 1821.876 1823.037 1824.197 1824.669 1824.982 1825.294 1825.607 1826.446 1828.67 1830.894 1833.118 1835.342 1837.225 1838.988 1840.75 1842.512 1843.749 1842.918 1842.088 1841.257 1840.427 1836.259 1830.422 1824.585 1818.749 1812.692 1805.171 1797.65 1790.129 1782.608 1776.673 1771.821 1766.969 1762.116 1757.444 1755.705 1753.966 1752.227 1750.488 1746.469 1740.361 1734.253 1728.145 1722.037
1745.804 1752.177 1758.551 1764.924 1770.594 1776.231 1781.869 1787.507 1792.314 1795.976 1799.637 1803.299 1806.961 1809.273 1811.408 1813.543 1815.678 1817.416 1818.409 1819.401 1820.394 1821.387 1821.442 1821.28 1821.117 1820.955 1821.421 1823.543 1825.664 1827.786 1829.907 1831.703 1833.385 1835.066 1836.747 1837.907 1837.017 1836.127 1835.238 1834.348 1829.984 1823.882 1817.781 1811.679 1805.344 1797.451 1789.557 1781.664 1773.77 1767.456 1762.22 1756.985 1751.749 1746.703 1744.743 1742.782 1740.821 1738.861 1734.824 1728.883 1722.942 1717.002 1711.061
1746.715 1752.861 1759.008 1765.154 1770.747 1776.314 1781.882 1787.45 1792.137 1795.609 1799.082 1802.555 1806.028 1808.098 1809.985 1811.872 1813.758 1815.276 1816.101 1816.926 1817.752 1818.577 1818.215 1817.577 1816.94 1816.302 1816.396 1818.415 1820.434 1822.453 1824.471 1826.181 1827.781 1829.382 1830.982 1832.065 1831.116 1830.167 1829.218 1828.268 1823.708 1817.342 1810.976 1804.61 1797.996 1789.73 1781.464 1773.198 1764.932 1758.239 1752.619 1747.0 1741.381 1735.962 1733.78 1731.598 1729.416 1727.234 1723.178 1717.405 1711.631 1705.858 1700.085
1748.209 1754.299 1760.388 1766.478 1771.843 1777.175 1782.508 1787.84 1792.297 1795.547 1798.797 1802.046 1805.296 1807.186 1808.897 1810.608 1812.319 1813.635 1814.211 1814.786 1815.361 1815.937 1814.949 1813.599 1812.248 1810.898 1810.386 1812.084 1813.782 1815.48 1817.178 1818.888 1820.601 1822.315 1824.028 1825.177 1824.105 1823.033 1821.961 1820.89 1816.183 1809.659 1803.136 1796.612 1789.892 1781.865 1773.837 1765.81 1757.782 1750.93 1744.879 1738.828 1732.777 1726.917 1724.159 1721.402 1718.644 1715.887 1711.757 1706.369 1700.982 1695.594 1690.207
1749.769 1755.821 1761.873 1767.924 1773.045 1778.124 1783.202 1788.281 1792.496 1795.519 1798.542 1801.565 1804.588 1806.303 1807.847 1809.39 1810.934 1812.051 1812.367 1812.683 1813.0 1813.316 1811.679 1809.589 1807.498 1805.408 1804.266 1805.618 1806.97 1808.323 1809.675 1811.394 1813.243 1815.091 1816.94 1818.169 1816.968 1815.767 1814.565 1813.364 1808.517 1801.848 1795.178 1788.509 1781.702 1773.982 1766.263 1758.543 1750.824 1743.836 1737.347 1730.859 1724.371 1718.063 1714.69 1711.317 1707.944 1704.571 1700.361 1695.383 1690.406 1685.429 1680.452
1751.33 1757.344 1763.357 1769.371 1774.248 1779.073 1783.897 1788.722 1792.694 1795.49 1798.287 1801.083 1803.879 1805.42 1806.797 1808.173 1809.549 1810.467 1810.524 1810.581 1810.638 1810.695 1808.409 1805.579 1802.749 1799.919 1798.145 1799.152 1800.159 1801.165 1802.172 1803.901 1805.884 1807.868 1809.851 1811.162 1809.831 1808.5 1807.17 1805.839 1800.851 1794.036 1787.221 1780.406 1773.512 1766.101 1758.689 1751.277 1743.865 1736.742 1729.816 1722.891 1715.965 1709.21 1705.221 1701.232 1697.244 1693.255 1688.965 1684.398 1679.831 1675.264 1670.698
1752.89 1758.866 1764.842 1770.818 1775.45 1780.021 1784.592 1789.163 1792.893 1795.462 1798.032 1800.601 1803.171 1804.537 1805.746 1806.955 1808.164 1808.882 1808.68 1808.478 1808.276 1808.074 1805.138 1801.569 1797.999 1794.429 1792.024 1792.686 1793.347 1794.008 1794.669 1796.407 1798.526 1800.644 1802.763 1804.155 1802.695 1801.234 1799.774 1798.313 1793.185 1786.224 1779.263 1772.302 1765.322 1758.218 1751.114 1744.01 1736.906 1729.648 1722.285 1714.922 1707.559 1700.356 1695.752 1691.147 1686.543 1681.939 1677.569 1673.412 1669.256 1665.099 1660.943
1754.164 1760.196 1766.229 1772.261 1776.712 1781.092 1785.472 1789.852 1793.361 1795.671 1797.98 1800.29 1802.599 1803.746 1804.741 1805.735 1806.73 1807.191 1806.651 1806.112 1805.572 1805.032 1801.421 1797.095 1792.77 1788.445 1785.396 1785.703 1786.011 1786.319 1786.627 1788.331 1790.528 1792.724 1794.921 1796.367 1794.865 1793.363 1791.861 1790.359 1785.272 1778.392 1771.512 1764.632 1757.749 1750.851 1743.953 1737.056 1730.158 1722.785 1715.088 1707.391 1699.695 1692.151 1687.104 1682.056 1677.009 1671.961 1667.517 1663.626 1659.736 1655.845 1651.954
1754.936 1761.189 1767.443 1773.696 1778.08 1782.379 1786.678 1790.977 1794.305 1796.296 1798.287 1800.278 1802.269 1803.116 1803.814 1804.512 1805.209 1805.311 1804.296 1803.282 1802.267 1801.252 1796.915 1791.807 1786.699 1781.591 1777.873 1777.814 1777.754 1777.695 1777.635 1779.228 1781.403 1783.578 1785.753 1787.205 1785.817 1784.428 1783.039 1781.651 1776.921 1770.522 1764.122 1757.723 1751.262 1744.391 1737.52 1730.649 1723.778 1716.327 1708.479 1700.631 1692.783 1685.089 1679.901 1674.713 1669.525 1664.337 1659.832 1655.952 1652.072 1648.192 1644.312
1755.707 1762.182 1768.657 1775.132 1779.448 1783.666 1787.883 1792.101 1795.249 1796.921 1798.594 1800.266 1801.938 1802.486 1802.887 1803.288 1803.688 1803.431 1801.941 1800.451 1798.961 1797.471 1792.409 1786.519 1780.627 1774.736 1770.35 1769.924 1769.497 1769.07 1768.644 1770.124 1772.278 1774.431 1776.585 1778.043 1776.767 1775.492 1774.217 1772.942 1768.571 1762.652 1756.733 1750.814 1744.774 1737.931 1731.087 1724.243 1717.399 1709.869 1701.869 1693.87 1685.871 1678.027 1672.698 1667.37 1662.042 1656.713 1652.146 1648.277 1644.408 1640.538 1636.669
1756.478 1763.175 1769.871 1776.567 1780.815 1784.952 1789.089 1793.226 1796.193 1797.547 1798.9 1800.254 1801.608 1801.856 1801.96 1802.064 1802.167 1801.552 1799.586 1797.621 1795.656 1793.691 1787.904 1781.23 1774.556 1767.882 1762.828 1762.034 1761.24 1760.446 1759.653 1761.021 1763.153 1765.285 1767.417 1768.881 1767.719 1766.557 1765.395 1764.233 1760.22 1754.782 1749.344 1743.905 1738.287 1731.47 1724.653 1717.836 1711.019 1703.41 1695.26 1687.11 1678.959 1670.964 1665.496 1660.027 1654.558 1649.089 1644.461 1640.602 1636.744 1632.885 1629.027
1757.25 1764.167 1771.085 1778.003 1782.183 1786.239 1790.295 1794.35 1797.137 1798.172 1799.207 1800.242 1801.277 1801.226 1801.033 1800.84 1800.647 1799.672 1797.231 1794.791 1792.351 1789.91 1783.398 1775.942 1768.485 1761.028 1755.305 1754.144 1752.983 1751.822 1750.661 1751.918 1754.028 1756.139 1758.249 1759.718 1758.67 1757.621 1756.573 1755.524 1751.87 1746.912 1741.954 1736.996 1731.8 1725.01 1718.22 1711.43 1704.64 1696.952 1688.65 1680.349 1672.047 1663.902 1658.293 1652.684 1647.074 1641.465 1636.775 1632.927 1629.08 1625.232 1621.385
1755.163 1762.217 1769.272 1776.326 1780.639 1784.828 1789.017 1793.206 1795.949 1796.697 1797.444 1798.192 1798.94 1798.372 1797.632 1796.892 1796.152 1794.598 1791.518 1788.437 1785.356 1782.276 1775.247 1767.302 1759.356 1751.411 1745.375 1744.364 1743.354 1742.343 1741.332 1742.652 1744.794 1746.936 1749.079 1750.616 1749.779 1748.943 1748.105 1747.269 1743.939 1739.364 1734.789 1730.213 1725.371 1718.746 1712.121 1705.497 1698.872 1691.376 1683.285 1675.193 1667.102 1659.137 1653.227 1647.317 1641.407 1635.496 1630.41 1626.078 1621.746 1617.414 1613.082
1752.474 1759.648 1766.821 1773.994 1778.483 1782.85 1787.217 1791.584 1794.312 1794.779 1795.246 1795.713 1796.18 1795.05 1793.711 1792.371 1791.032 1788.852 1785.096 1781.341 1777.585 1773.83 1766.327 1757.955 1749.583 1741.211 1734.938 1734.186 1733.435 1732.683 1731.932 1733.351 1735.537 1737.722 1739.908 1741.527 1740.922 1740.317 1739.713 1739.108 1736.097 1731.884 1727.67 1723.457 1718.954 1712.524 1706.093 1699.663 1693.233 1685.986 1678.18 1670.375 1662.57 1654.855 1648.61 1642.366 1636.121 1629.876 1624.322 1619.401 1614.481 1609.56 1604.64
1749.786 1757.078 1764.37 1771.662 1776.326 1780.872 1785.417 1789.962 1792.675 1792.862 1793.048 1793.234 1793.42 1791.728 1789.789 1787.85 1785.912 1783.106 1778.676 1774.245 1769.814 1765.384 1757.408 1748.61 1739.811 1731.013 1724.501 1724.009 1723.517 1723.024 1722.532 1724.051 1726.28 1728.508 1730.737 1732.438 1732.065 1731.693 1731.32 1730.947 1728.255 1724.404 1720.552 1716.7 1712.537 1706.302 1700.066 1693.83 1687.594 1680.596 1673.077 1665.558 1658.038 1650.574 1643.994 1637.415 1630.835 1624.255 1618.234 1612.725 1607.216 1601.707 1596.198
1747.097 1754.508 1761.919 1769.329 1774.17 1778.893 1783.617 1788.34 1791.039 1790.944 1790.85 1790.755 1790.66 1788.406 1785.868 1783.329 1780.791 1777.36 1772.255 1767.149 1762.043 1756.938 1748.489 1739.264 1730.038 1720.813 1714.064 1713.831 1713.598 1713.365 1713.132 1714.75 1717.022 1719.294 1721.566 1723.348 1723.208 1723.068 1722.927 1722.787 1720.413 1716.923 1713.433 1709.943 1706.12 1700.079 1694.038 1687.996 1681.955 1675.205 1667.972 1660.74 1653.507 1646.292 1639.378 1632.464 1625.549 1618.635 1612.146 1606.049 1599.951 1593.853 1587.755
1744.486 1751.939 1759.392 1766.845 1771.691 1776.419 1781.147 1785.875 1788.433 1787.998 1787.563 1787.128 1786.694 1783.983 1780.974 1777.965 1774.956 1771.036 1765.409 1759.781 1754.154 1748.527 1739.759 1730.262 1720.766 1711.269 1704.354 1704.233 1704.112 1703.991 1703.87 1705.581 1707.938 1710.295 1712.653 1714.556 1714.678 1714.799 1714.921 1715.042 1712.981 1709.828 1706.674 1703.521 1700.018 1694.182 1688.346 1682.51 1676.673 1670.152 1663.163 1656.174 1649.185 1642.182 1634.952 1627.722 1620.491 1613.261 1606.268 1599.492 1592.717 1585.941 1579.166
1742.064 1749.371 1756.678 1763.985 1768.422 1772.729 1777.036 1781.343 1783.452 1782.531 1781.611 1780.69 1779.769 1776.864 1773.698 1770.532 1767.366 1763.294 1757.521 1751.748 1745.975 1740.202 1731.494 1722.106 1712.717 1703.328 1696.423 1696.054 1695.684 1695.315 1694.945 1696.731 1699.277 1701.824 1704.37 1706.492 1706.948 1707.405 1707.861 1708.317 1706.551 1703.673 1700.795 1697.917 1694.684 1689.08 1683.476 1677.872 1672.268 1665.925 1659.076 1652.228 1645.379 1638.493 1630.992 1623.492 1615.992 1608.491 1600.901 1593.229 1585.557 1577.885 1570.214
1739.642 1746.803 1753.964 1761.126 1765.154 1769.039 1772.925 1776.81 1778.472 1777.065 1775.658 1774.251 1772.845 1769.745 1766.422 1763.1 1759.778 1755.552 1749.633 1743.715 1737.796 1731.877 1723.229 1713.949 1704.668 1695.387 1688.492 1687.874 1687.257 1686.639 1686.021 1687.881 1690.617 1693.352 1696.087 1698.428 1699.219 1700.01 1700.801 1701.593 1700.121 1697.519 1694.916 1692.314 1689.35 1683.978 1678.606 1673.235 1667.863 1661.697 1654.989 1648.281 1641.573 1634.803 1627.032 1619.262 1611.492 1603.722 1595.535 1586.967 1578.398 1569.83 1561.262
1737.22 1744.235 1751.251 1758.266 1761.885 1765.349 1768.814 1772.278 1773.491 1771.598 1769.705 1767.813 1765.92 1762.625 1759.146 1755.667 1752.188 1747.81 1741.746 1735.681 1729.616 1723.552 1714.964 1705.792 1696.619 1687.447 1680.561 1679.695 1678.829 1677.962 1677.096 1679.032 1681.956 1684.88 1687.805 1690.364 1691.49 1692.616 1693.742 1694.867 1693.691 1691.364 1689.037 1686.71 1684.016 1678.876 1673.737 1668.597 1663.458 1657.47 1650.902 1644.334 1637.766 1631.113 1623.073 1615.033 1606.992 1598.952 1590.169 1580.704 1571.239 1561.774 1552.31
1734.798 1741.667 1748.537 1755.407 1758.616 1761.66 1764.703 1767.746 1768.51 1766.132 1763.753 1761.374 1758.996 1755.506 1751.87 1748.235 1744.6 1740.069 1733.858 1727.648 1721.437 1715.227 1706.7 1697.635 1688.57 1679.506 1672.63 1671.516 1670.401 1669.286 1668.172 1670.182 1673.296 1676.409 1679.522 1682.3 1683.761 1685.221 1686.682 1688.143 1687.261 1685.21 1683.158 1681.106 1678.682 1673.775 1668.867 1663.96 1659.053 1653.242 1646.815 1640.387 1633.96 1627.423 1619.113 1610.803 1602.493 1594.182 1584.802 1574.441 1564.08 1553.719 1543.358
1732.148 1738.57 1744.993 1751.416 1754.129 1756.674 1759.219 1761.763 1762.147 1759.551 1756.955 1754.359 1751.763 1748.142 1744.387 1740.631 1736.876 1732.196 1725.783 1719.37 1712.956 1706.543 1697.815 1688.549 1679.283 1670.017 1663.031 1662.047 1661.062 1660.078 1659.093 1661.385 1664.834 1668.283 1671.732 1674.818 1676.479 1678.14 1679.801 1681.462 1680.794 1678.96 1677.127 1675.293 1673.09 1668.419 1663.748 1659.077 1654.406 1648.69 1642.261 1635.831 1629.402 1622.849 1614.302 1605.754 1597.207 1588.659 1578.963 1568.214 1557.465 1546.716 1535.968
