data/zism_data/00816_01_D.txt
ncols         224
nrows         224
[rows 0 to 27 of 224, columns 64 to 127 of 224]
1199.979 1199.883 1199.786 1199.69 1199.593 1195.916 1190.246 1184.576 1178.905 1172.889 1162.478 1152.066 1141.655 1131.244 1126.647 1127.781 1128.915 1130.049 1131.182 1138.728 1146.725 1154.721 1162.718 1169.48 1174.094 1178.708 1183.323 1187.937 1188.624 1188.301 1187.978 1187.655 1186.635 1183.229 1179.823 1176.417 1173.011 1168.82 1164.219 1159.617 1155.016 1150.283 1144.175 1138.068 1131.96 1125.853 1120.554 1116.006 1111.458 1106.91 1102.362 1101.687 1101.221 1100.755 1100.289 1100.0 1100.0 1100.0 1100.0 1100.0 1100.027 1100.059 1100.092 1100.125
1199.986 1199.922 1199.857 1199.793 1199.728 1196.722 1192.077 1187.433 1182.789 1177.77 1168.006 1158.241 1148.477 1138.712 1134.409 1135.49 1136.57 1137.65 1138.731 1146.093 1153.897 1161.701 1169.505 1175.884 1179.782 1183.681 1187.579 1191.478 1192.077 1191.829 1191.581 1191.333 1190.542 1187.895 1185.248 1182.601 1179.954 1176.385 1172.333 1168.282 1164.231 1159.946 1153.219 1146.492 1139.764 1133.037 1126.766 1120.92 1115.073 1109.227 1103.38 1102.442 1101.767 1101.093 1100.418 1100.0 1100.0 1100.0 1100.0 1100.0 1100.044 1100.098 1100.152 1100.207
1199.993 1199.961 1199.928 1199.896 1199.863 1197.527 1193.909 1190.29 1186.672 1182.652 1173.534 1164.416 1155.298 1146.18 1142.171 1143.198 1144.225 1145.252 1146.278 1153.458 1161.069 1168.681 1176.293 1182.288 1185.471 1188.653 1191.835 1195.018 1195.53 1195.357 1195.184 1195.011 1194.45 1192.561 1190.673 1188.785 1186.896 1183.949 1180.448 1176.947 1173.447 1169.609 1162.262 1154.915 1147.568 1140.221 1132.979 1125.834 1118.689 1111.544 1104.399 1103.196 1102.313 1101.431 1100.548 1100.0 1100.0 1100.0 1100.0 1100.0 1100.061 1100.137 1100.212 1100.288
1200.0 1199.999 1199.999 1199.999 1199.998 1198.333 1195.74 1193.148 1190.555 1187.534 1179.062 1170.591 1162.119 1153.648 1149.933 1150.906 1151.88 1152.853 1153.827 1160.823 1168.242 1175.661 1183.081 1188.693 1191.159 1193.625 1196.092 1198.558 1198.984 1198.885 1198.787 1198.689 1198.357 1197.227 1196.098 1194.968 1193.839 1191.513 1188.563 1185.613 1182.662 1179.273 1171.306 1163.339 1155.372 1147.405 1139.191 1130.748 1122.304 1113.861 1105.417 1103.951 1102.859 1101.768 1100.677 1100.0 1100.0 1100.0 1100.0 1100.0 1100.079 1100.176 1100.272 1100.369
1200.0 1200.0 1200.0 1200.0 1200.0 1198.662 1196.58 1194.497 1192.415 1189.956 1182.726 1175.496 1168.266 1161.037 1157.808 1158.522 1159.237 1159.952 1160.666 1166.747 1173.205 1179.664 1186.122 1190.948 1192.936 1194.923 1196.91 1198.897 1199.243 1199.167 1199.091 1199.014 1198.757 1197.881 1197.004 1196.128 1195.252 1193.395 1191.027 1188.659 1186.29 1183.496 1176.268 1169.04 1161.812 1154.584 1146.225 1136.815 1127.405 1117.995 1108.585 1106.421 1104.647 1102.874 1101.1 1100.0 1100.0 1100.0 1100.0 1100.0 1100.254 1100.567 1100.88 1101.193
1200.0 1200.0 1200.0 1200.0 1200.0 1198.985 1197.405 1195.824 1194.244 1192.343 1186.363 1180.383 1174.404 1168.424 1165.684 1166.137 1166.59 1167.043 1167.496 1172.651 1178.136 1183.622 1189.108 1193.143 1194.655 1196.167 1197.678 1199.19 1199.455 1199.401 1199.346 1199.291 1199.106 1198.475 1197.845 1197.214 1196.584 1195.194 1193.408 1191.622 1189.836 1187.64 1181.171 1174.702 1168.232 1161.763 1153.271 1142.899 1132.527 1122.155 1111.783 1108.917 1106.454 1103.991 1101.528 1100.0 1100.0 1100.0 1100.0 1100.0 1100.431 1100.964 1101.496 1102.028
1200.0 1200.0 1200.0 1200.0 1200.0 1199.308 1198.23 1197.152 1196.074 1194.729 1190.0 1185.271 1180.542 1175.812 1173.561 1173.752 1173.943 1174.134 1174.325 1178.554 1183.067 1187.581 1192.094 1195.338 1196.374 1197.41 1198.446 1199.483 1199.668 1199.634 1199.601 1199.567 1199.454 1199.07 1198.685 1198.3 1197.915 1196.993 1195.789 1194.586 1193.383 1191.784 1186.074 1180.363 1174.653 1168.942 1160.317 1148.984 1137.65 1126.316 1114.982 1111.412 1108.26 1105.108 1101.956 1100.0 1100.0 1100.0 1100.0 1100.0 1100.609 1101.36 1102.111 1102.863
1200.0 1200.0 1200.0 1200.0 1200.0 1199.63 1199.054 1198.479 1197.903 1197.115 1193.637 1190.158 1186.679 1183.2 1181.438 1181.367 1181.296 1181.225 1181.154 1184.458 1187.998 1191.539 1195.08 1197.533 1198.093 1198.654 1199.214 1199.775 1199.88 1199.868 1199.856 1199.844 1199.803 1199.664 1199.525 1199.386 1199.247 1198.792 1198.171 1197.55 1196.929 1195.928 1190.977 1186.025 1181.073 1176.121 1167.363 1155.068 1142.772 1130.477 1118.181 1113.908 1110.066 1106.225 1102.383 1100.0 1100.0 1100.0 1100.0 1100.0 1100.786 1101.757 1102.727 1103.698
1200.0 1200.0 1200.0 1200.0 1200.0 1199.83 1199.567 1199.303 1199.039 1198.605 1196.021 1193.438 1190.854 1188.27 1186.87 1186.637 1186.404 1186.172 1185.939 1188.547 1191.354 1194.161 1196.969 1198.851 1199.125 1199.398 1199.671 1199.944 1200.0 1200.0 1200.0 1200.0 1200.0 1200.0 1200.0 1200.0 1200.0 1199.827 1199.563 1199.299 1199.035 1198.421 1194.156 1189.891 1185.625 1181.36 1172.793 1160.225 1147.658 1135.09 1122.523 1117.544 1112.974 1108.404 1103.833 1100.984 1100.947 1100.909 1100.872 1100.835 1101.741 1102.868 1103.995 1105.121
1200.0 1200.0 1200.0 1200.0 1200.0 1199.872 1199.672 1199.472 1199.272 1198.93 1196.779 1194.628 1192.477 1190.326 1189.125 1188.86 1188.595 1188.33 1188.065 1190.276 1192.662 1195.047 1197.432 1199.031 1199.261 1199.492 1199.722 1199.953 1200.0 1200.0 1200.0 1200.0 1200.0 1200.0 1200.0 1200.0 1200.0 1199.869 1199.669 1199.469 1199.269 1198.766 1195.094 1191.422 1187.75 1184.078 1176.12 1164.178 1152.235 1140.293 1128.351 1122.664 1117.313 1111.963 1106.613 1103.246 1103.124 1103.001 1102.878 1102.756 1103.706 1104.908 1106.109 1107.311
1200.0 1200.0 1200.0 1200.0 1200.0 1199.913 1199.777 1199.641 1199.506 1199.255 1197.536 1195.818 1194.1 1192.382 1191.379 1191.082 1190.785 1190.488 1190.192 1192.006 1193.969 1195.932 1197.896 1199.211 1199.399 1199.586 1199.774 1199.962 1200.0 1200.0 1200.0 1200.0 1200.0 1200.0 1200.0 1200.0 1200.0 1199.911 1199.775 1199.64 1199.504 1199.11 1196.032 1192.953 1189.874 1186.795 1179.447 1168.13 1156.813 1145.496 1134.179 1127.783 1121.653 1115.522 1109.392 1105.509 1105.301 1105.093 1104.885 1104.677 1105.671 1106.948 1108.224 1109.5
1200.0 1200.0 1200.0 1200.0 1200.0 1199.954 1199.882 1199.811 1199.739 1199.579 1198.294 1197.008 1195.723 1194.437 1193.634 1193.305 1192.976 1192.647 1192.318 1193.736 1195.277 1196.818 1198.359 1199.391 1199.536 1199.68 1199.825 1199.97 1200.0 1200.0 1200.0 1200.0 1200.0 1200.0 1200.0 1200.0 1200.0 1199.953 1199.881 1199.81 1199.738 1199.455 1196.97 1194.484 1191.998 1189.513 1182.774 1172.083 1161.391 1150.699 1140.007 1132.903 1125.992 1119.082 1112.171 1107.772 1107.478 1107.185 1106.891 1106.597 1107.636 1108.987 1110.339 1111.69
1200.0 1200.0 1200.0 1200.0 1200.0 1199.995 1199.988 1199.98 1199.973 1199.904 1199.051 1198.199 1197.346 1196.493 1195.888 1195.527 1195.166 1194.805 1194.444 1195.466 1196.585 1197.703 1198.822 1199.57 1199.672 1199.775 1199.877 1199.979 1200.0 1200.0 1200.0 1200.0 1200.0 1200.0 1200.0 1200.0 1200.0 1199.995 1199.988 1199.98 1199.973 1199.8 1197.908 1196.015 1194.123 1192.23 1186.102 1176.035 1165.968 1155.902 1145.835 1138.023 1130.332 1122.641 1114.95 1110.035 1109.655 1109.276 1108.897 1108.518 1109.601 1111.027 1112.453 1113.879
1200.0 1200.0 1200.0 1200.0 1200.0 1200.0 1200.0 1200.0 1200.0 1199.951 1199.276 1198.601 1197.926 1197.251 1196.768 1196.474 1196.18 1195.886 1195.593 1196.396 1197.277 1198.158 1199.039 1199.631 1199.719 1199.806 1199.894 1199.982 1200.0 1200.0 1200.0 1200.0 1200.0 1200.0 1200.0 1200.0 1200.0 1200.0 1200.0 1200.0 1200.0 1199.866 1198.34 1196.814 1195.288 1193.762 1188.383 1179.424 1170.464 1161.504 1152.545 1144.663 1136.839 1129.015 1121.192 1115.926 1114.843 1113.759 1112.676 1111.592 1112.342 1113.522 1114.701 1115.881
1200.0 1200.0 1200.0 1200.0 1200.0 1200.0 1200.0 1200.0 1200.0 1199.961 1199.431 1198.9 1198.369 1197.839 1197.468 1197.254 1197.04 1196.827 1196.613 1197.222 1197.889 1198.557 1199.224 1199.676 1199.753 1199.83 1199.907 1199.984 1200.0 1200.0 1200.0 1200.0 1200.0 1200.0 1200.0 1200.0 1200.0 1200.0 1200.0 1200.0 1200.0 1199.896 1198.706 1197.517 1196.327 1195.138 1190.528 1182.739 1174.949 1167.16 1159.37 1151.502 1143.631 1135.759 1127.887 1122.293 1120.424 1118.555 1116.687 1114.818 1115.185 1116.076 1116.967 1117.858
1200.0 1200.0 1200.0 1200.0 1200.0 1200.0 1200.0 1200.0 1200.0 1199.972 1199.585 1199.199 1198.813 1198.426 1198.167 1198.034 1197.9 1197.767 1197.633 1198.048 1198.501 1198.955 1199.408 1199.721 1199.787 1199.854 1199.92 1199.986 1200.0 1200.0 1200.0 1200.0 1200.0 1200.0 1200.0 1200.0 1200.0 1200.0 1200.0 1200.0 1200.0 1199.925 1199.072 1198.22 1197.367 1196.514 1192.673 1186.053 1179.434 1172.815 1166.196 1158.342 1150.422 1142.502 1134.582 1128.661 1126.006 1123.352 1120.698 1118.043 1118.027 1118.63 1119.232 1119.835
1200.0 1200.0 1200.0 1200.0 1200.0 1200.0 1200.0 1200.0 1200.0 1199.982 1199.74 1199.498 1199.256 1199.014 1198.867 1198.813 1198.76 1198.707 1198.653 1198.874 1199.114 1199.353 1199.593 1199.766 1199.821 1199.877 1199.933 1199.989 1200.0 1200.0 1200.0 1200.0 1200.0 1200.0 1200.0 1200.0 1200.0 1200.0 1200.0 1200.0 1200.0 1199.955 1199.439 1198.922 1198.406 1197.89 1194.817 1189.368 1183.919 1178.47 1173.021 1165.182 1157.214 1149.246 1141.278 1135.028 1131.588 1128.148 1124.708 1121.269 1120.87 1121.184 1121.498 1121.812
1199.953 1199.964 1199.975 1199.985 1199.996 1200.0 1200.0 1200.0 1200.0 1199.99 1199.855 1199.72 1199.584 1199.449 1199.382 1199.382 1199.382 1199.382 1199.382 1199.466 1199.557 1199.647 1199.737 1199.811 1199.856 1199.901 1199.946 1199.991 1200.0 1200.0 1200.0 1200.0 1200.0 1200.0 1200.0 1200.0 1200.0 1200.0 1200.0 1200.0 1200.0 1199.976 1199.706 1199.435 1199.165 1198.895 1196.428 1191.919 1187.411 1182.902 1178.394 1170.702 1162.839 1154.976 1147.113 1140.672 1136.555 1132.438 1128.322 1124.205 1123.394 1123.357 1123.32 1123.283
1199.814 1199.856 1199.899 1199.942 1199.985 1200.0 1200.0 1200.0 1200.0 1199.992 1199.889 1199.786 1199.683 1199.58 1199.529 1199.529 1199.529 1199.529 1199.529 1199.593 1199.662 1199.73 1199.799 1199.855 1199.89 1199.924 1199.959 1199.993 1200.0 1200.0 1200.0 1200.0 1200.0 1200.0 1200.0 1200.0 1200.0 1200.0 1200.0 1200.0 1200.0 1199.982 1199.776 1199.569 1199.363 1199.157 1196.97 1192.942 1188.915 1184.887 1180.859 1173.583 1166.131 1158.68 1151.228 1144.868 1140.292 1135.715 1131.139 1126.563 1125.279 1124.766 1124.254 1123.741
1199.674 1199.749 1199.824 1199.898 1199.973 1200.0 1200.0 1200.0 1200.0 1199.995 1199.924 1199.853 1199.781 1199.71 1199.675 1199.675 1199.675 1199.675 1199.675 1199.719 1199.767 1199.814 1199.862 1199.9 1199.924 1199.948 1199.971 1199.995 1200.0 1200.0 1200.0 1200.0 1200.0 1200.0 1200.0 1200.0 1200.0 1200.0 1200.0 1200.0 1200.0 1199.988 1199.845 1199.703 1199.561 1199.419 1197.512 1193.966 1190.419 1186.872 1183.325 1176.464 1169.424 1162.384 1155.344 1149.064 1144.028 1138.992 1133.957 1128.921 1127.164 1126.176 1125.188 1124.2
1199.534 1199.641 1199.748 1199.855 1199.962 1200.0 1200.0 1200.0 1200.0 1199.997 1199.958 1199.919 1199.88 1199.841 1199.822 1199.822 1199.822 1199.822 1199.822 1199.846 1199.872 1199.898 1199.924 1199.945 1199.958 1199.971 1199.984 1199.997 1200.0 1200.0 1200.0 1200.0 1200.0 1200.0 1200.0 1200.0 1200.0 1200.0 1200.0 1200.0 1200.0 1199.993 1199.915 1199.837 1199.759 1199.681 1198.054 1194.989 1191.923 1188.857 1185.791 1179.345 1172.716 1166.088 1159.459 1153.26 1147.765 1142.269 1136.774 1131.279 1129.05 1127.586 1126.122 1124.659
1199.395 1199.534 1199.672 1199.811 1199.95 1200.0 1200.0 1200.0 1200.0 1200.0 1199.993 1199.986 1199.979 1199.972 1199.968 1199.968 1199.968 1199.968 1199.968 1199.973 1199.977 1199.982 1199.986 1199.99 1199.993 1199.995 1199.997 1200.0 1200.0 1200.0 1200.0 1200.0 1200.0 1200.0 1200.0 1200.0 1200.0 1200.0 1200.0 1200.0 1200.0 1199.999 1199.985 1199.971 1199.957 1199.943 1198.597 1196.012 1193.427 1190.842 1188.257 1182.226 1176.009 1169.791 1163.574 1157.456 1151.501 1145.547 1139.592 1133.637 1130.935 1128.996 1127.057 1125.118
1199.291 1199.454 1199.617 1199.779 1199.942 1200.0 1200.0 1200.0 1200.0 1200.0 1200.0 1200.0 1200.0 1200.0 1200.0 1200.0 1200.0 1200.0 1200.0 1200.0 1200.0 1200.0 1200.0 1199.991 1199.966 1199.941 1199.916 1199.891 1199.885 1199.885 1199.885 1199.885 1199.891 1199.916 1199.941 1199.966 1199.991 1200.0 1200.0 1200.0 1200.0 1200.0 1200.0 1200.0 1200.0 1200.0 1198.838 1196.596 1194.354 1192.112 1189.87 1183.878 1177.683 1171.488 1165.294 1158.92 1152.255 1145.589 1138.924 1132.259 1129.39 1127.41 1125.43 1123.45
1199.198 1199.382 1199.566 1199.75 1199.934 1200.0 1200.0 1200.0 1200.0 1200.0 1200.0 1200.0 1200.0 1200.0 1200.0 1200.0 1200.0 1200.0 1200.0 1200.0 1200.0 1200.0 1200.0 1199.979 1199.922 1199.865 1199.808 1199.751 1199.739 1199.739 1199.739 1199.739 1199.752 1199.809 1199.866 1199.923 1199.98 1200.0 1200.0 1200.0 1200.0 1200.0 1200.0 1200.0 1200.0 1200.0 1198.996 1197.059 1195.121 1193.184 1191.246 1185.188 1178.908 1172.628 1166.348 1159.625 1152.18 1144.734 1137.289 1129.843 1126.891 1124.991 1123.091 1121.192
1199.105 1199.31 1199.516 1199.721 1199.927 1200.0 1200.0 1200.0 1200.0 1200.0 1200.0 1200.0 1200.0 1200.0 1200.0 1200.0 1200.0 1200.0 1200.0 1200.0 1200.0 1200.0 1200.0 1199.967 1199.878 1199.789 1199.7 1199.611 1199.592 1199.592 1199.592 1199.592 1199.613 1199.702 1199.791 1199.88 1199.969 1200.0 1200.0 1200.0 1200.0 1200.0 1200.0 1200.0 1200.0 1200.0 1199.154 1197.521 1195.888 1194.255 1192.623 1186.499 1180.133 1173.768 1167.402 1160.33 1152.104 1143.879 1135.653 1127.427 1124.392 1122.572 1120.753 1118.933
1199.012 1199.239 1199.465 1199.692 1199.919 1200.0 1200.0 1200.0 1200.0 1200.0 1200.0 1200.0 1200.0 1200.0 1200.0 1200.0 1200.0 1200.0 1200.0 1200.0 1200.0 1200.0 1200.0 1199.956 1199.834 1199.713 1199.592 1199.471 1199.446 1199.446 1199.446 1199.446 1199.473 1199.595 1199.716 1199.837 1199.958 1200.0 1200.0 1200.0 1200.0 1200.0 1200.0 1200.0 1200.0 1200.0 1199.312 1197.983 1196.655 1195.327 1193.999 1187.809 1181.358 1174.907 1168.456 1161.035 1152.029 1143.023 1134.018 1125.012 1121.893 1120.154 1118.414 1116.675
1198.778 1199.059 1199.339 1199.619 1199.9 1200.0 1200.0 1200.0 1200.0 1200.0 1200.0 1200.0 1200.0 1200.0 1200.0 1200.0 1200.0 1200.0 1200.0 1200.0 1200.0 1200.0 1200.0 1199.931 1199.743 1199.555 1199.367 1199.179 1199.098 1199.043 1198.988 1198.934 1198.942 1199.162 1199.382 1199.602 1199.823 1199.913 1199.935 1199.957 1199.98 1200.0 1200.0 1200.0 1200.0 1200.0 1199.428 1198.325 1197.223 1196.12 1195.017 1188.754 1182.214 1175.673 1169.133 1161.402 1151.725 1142.048 1132.371 1122.694 1119.493 1117.809 1116.125 1114.441
1198.08 1198.521 1198.961 1199.402 1199.842 1200.0 1200.0 1200.0 1200.0 1200.0 1200.0 1200.0 1200.0 1200.0 1200.0 1200.0 1200.0 1200.0 1200.0 1200.0 1200.0 1200.0 1200.0 1199.865 1199.495 1199.126 1198.756 1198.386 1198.08 1197.791 1197.501 1197.211 1197.11 1197.651 1198.191 1198.732 1199.273 1199.536 1199.655 1199.773 1199.892 1200.0 1200.0 1200.0 1200.0 1200.0 1199.409 1198.269 1197.128 1195.988 1194.848 1188.487 1181.845 1175.203 1168.561 1160.65 1150.663 1140.676 1130.689 1120.702 1117.421 1115.71 1113.999 1112.288
