data/zism_data/00814_01_D.txt
ncols         224
nrows         224
[rows 140 to 167 of 224, columns 63 to 125 of 224]
1661.87 1660.29 1658.711 1657.131 1654.414 1648.702 1642.99 1637.279 1631.567 1627.139 1623.199 1619.259 1615.319 1611.938 1611.215 1610.491 1609.767 1609.044 1608.056 1606.907 1605.759 1604.611 1603.476 1602.524 1601.572 1600.619 1599.667 1598.733 1597.818 1596.902 1595.986 1595.07 1595.008 1594.971 1594.934 1594.898 1595.267 1596.195 1597.124 1598.053 1598.981 1599.301 1599.53 1599.759 1599.987 1600.119 1600.046 1599.972 1599.898 1599.824 1596.088 1591.246 1586.405 1581.563 1575.167 1563.178 1551.189 1539.2 1527.211 1520.034 1515.262 1510.491 1505.719
1655.561 1654.829 1654.096 1653.364 1651.502 1646.667 1641.831 1636.996 1632.16 1628.134 1624.416 1620.698 1616.98 1613.727 1612.686 1611.645 1610.604 1609.563 1608.373 1607.092 1605.811 1604.53 1603.278 1602.394 1601.509 1600.625 1599.74 1599.054 1598.55 1598.045 1597.541 1597.037 1597.283 1597.55 1597.818 1598.086 1598.512 1599.155 1599.799 1600.442 1601.086 1601.24 1601.32 1601.401 1601.481 1601.481 1601.308 1601.134 1600.961 1600.788 1597.403 1593.049 1588.694 1584.34 1578.365 1566.555 1554.745 1542.936 1531.126 1523.492 1517.945 1512.399 1506.853
1649.203 1649.447 1649.69 1649.934 1648.961 1644.789 1640.617 1636.444 1632.272 1628.612 1625.148 1621.683 1618.218 1615.108 1613.684 1612.261 1610.837 1609.413 1608.038 1606.693 1605.347 1604.002 1602.702 1601.984 1601.267 1600.549 1599.832 1599.349 1599.082 1598.815 1598.548 1598.281 1598.576 1598.887 1599.198 1599.509 1599.891 1600.373 1600.855 1601.337 1601.818 1601.885 1601.891 1601.896 1601.901 1601.833 1601.612 1601.39 1601.168 1600.946 1597.811 1593.797 1589.782 1585.767 1580.167 1568.858 1557.55 1546.241 1534.933 1526.959 1520.653 1514.347 1508.041
1642.845 1644.065 1645.284 1646.504 1646.421 1642.912 1639.402 1635.893 1632.384 1629.09 1625.879 1622.668 1619.456 1616.489 1614.683 1612.876 1611.07 1609.263 1607.704 1606.293 1604.883 1603.473 1602.125 1601.575 1601.024 1600.474 1599.923 1599.645 1599.615 1599.585 1599.555 1599.526 1599.869 1600.223 1600.577 1600.931 1601.271 1601.591 1601.911 1602.231 1602.551 1602.531 1602.461 1602.39 1602.32 1602.186 1601.916 1601.645 1601.375 1601.105 1598.219 1594.544 1590.869 1587.194 1581.969 1571.161 1560.354 1549.547 1538.74 1530.427 1523.36 1516.294 1509.228
1636.488 1638.683 1640.878 1643.073 1643.88 1641.034 1638.188 1635.342 1632.496 1629.568 1626.61 1623.652 1620.694 1617.87 1615.681 1613.491 1611.302 1609.113 1607.369 1605.894 1604.419 1602.944 1601.548 1601.165 1600.782 1600.399 1600.015 1599.94 1600.148 1600.355 1600.563 1600.77 1601.162 1601.559 1601.956 1602.354 1602.651 1602.809 1602.967 1603.125 1603.283 1603.177 1603.031 1602.885 1602.739 1602.538 1602.22 1601.901 1601.582 1601.263 1598.627 1595.292 1591.957 1588.621 1583.77 1573.464 1563.159 1552.853 1542.547 1533.894 1526.068 1518.241 1510.415
1630.205 1633.351 1636.498 1639.645 1641.322 1639.133 1636.944 1634.755 1632.566 1630.003 1627.298 1624.593 1621.888 1619.207 1616.643 1614.079 1611.516 1608.952 1607.029 1605.493 1603.958 1602.422 1600.982 1600.767 1600.552 1600.337 1600.122 1600.249 1600.689 1601.13 1601.571 1602.011 1602.449 1602.887 1603.324 1603.762 1604.016 1604.015 1604.013 1604.012 1604.011 1603.819 1603.599 1603.379 1603.158 1602.891 1602.523 1602.156 1601.788 1601.42 1599.028 1596.024 1593.021 1590.017 1585.534 1575.723 1565.912 1556.101 1546.29 1537.306 1528.736 1520.167 1511.597
1627.268 1630.274 1633.281 1636.287 1637.97 1636.169 1634.368 1632.567 1630.766 1628.478 1626.005 1623.531 1621.058 1618.568 1615.999 1613.43 1610.86 1608.291 1606.443 1605.032 1603.62 1602.209 1600.899 1600.894 1600.89 1600.885 1600.88 1601.135 1601.63 1602.125 1602.619 1603.114 1603.474 1603.831 1604.188 1604.545 1604.731 1604.682 1604.632 1604.582 1604.533 1604.307 1604.054 1603.801 1603.548 1603.238 1602.806 1602.373 1601.941 1601.509 1599.089 1596.069 1593.05 1590.03 1585.576 1575.959 1566.342 1556.725 1547.108 1538.2 1529.646 1521.093 1512.539
1624.33 1627.197 1630.063 1632.929 1634.617 1633.205 1631.792 1630.379 1628.967 1626.953 1624.712 1622.47 1620.229 1617.929 1615.355 1612.78 1610.206 1607.631 1605.858 1604.571 1603.283 1601.996 1600.817 1601.022 1601.227 1601.432 1601.638 1602.022 1602.571 1603.119 1603.668 1604.216 1604.5 1604.776 1605.052 1605.328 1605.447 1605.349 1605.251 1605.152 1605.054 1604.794 1604.509 1604.223 1603.938 1603.586 1603.089 1602.591 1602.094 1601.597 1599.15 1596.114 1593.078 1590.043 1585.618 1576.195 1566.772 1557.35 1547.927 1539.094 1530.557 1522.019 1513.482
1621.393 1624.12 1626.846 1629.572 1631.265 1630.241 1629.216 1628.192 1627.167 1625.429 1623.419 1621.409 1619.399 1617.291 1614.711 1612.131 1609.551 1606.971 1605.273 1604.11 1602.946 1601.783 1600.734 1601.149 1601.565 1601.98 1602.396 1602.909 1603.511 1604.114 1604.716 1605.318 1605.526 1605.721 1605.916 1606.111 1606.162 1606.016 1605.869 1605.723 1605.576 1605.281 1604.963 1604.646 1604.328 1603.933 1603.371 1602.809 1602.248 1601.686 1599.211 1596.159 1593.107 1590.055 1585.66 1576.432 1567.203 1557.974 1548.745 1539.988 1531.467 1522.946 1514.424
1618.456 1621.042 1623.628 1626.214 1627.913 1627.276 1626.64 1626.004 1625.367 1623.904 1622.126 1620.348 1618.57 1616.652 1614.066 1611.481 1608.896 1606.31 1604.688 1603.649 1602.609 1601.57 1600.651 1601.276 1601.902 1602.528 1603.154 1603.796 1604.452 1605.108 1605.765 1606.421 1606.551 1606.665 1606.779 1606.894 1606.878 1606.683 1606.488 1606.293 1606.098 1605.768 1605.418 1605.068 1604.718 1604.28 1603.654 1603.027 1602.401 1601.775 1599.273 1596.204 1593.136 1590.068 1585.703 1576.668 1567.633 1558.598 1549.564 1540.882 1532.377 1523.872 1515.367
1615.895 1618.182 1620.468 1622.754 1624.333 1624.051 1623.768 1623.485 1623.202 1622.039 1620.541 1619.042 1617.544 1615.87 1613.362 1610.853 1608.345 1605.836 1604.405 1603.625 1602.845 1602.065 1601.396 1602.155 1602.914 1603.673 1604.432 1605.094 1605.666 1606.238 1606.81 1607.382 1607.431 1607.465 1607.498 1607.531 1607.446 1607.197 1606.948 1606.699 1606.45 1606.083 1605.698 1605.314 1604.929 1604.46 1603.811 1603.163 1602.514 1601.865 1599.344 1596.257 1593.17 1590.083 1585.736 1576.856 1567.975 1559.095 1550.214 1541.602 1533.124 1524.645 1516.167
1613.721 1615.544 1617.367 1619.19 1620.52 1620.556 1620.591 1620.626 1620.661 1619.824 1618.654 1617.485 1616.316 1614.941 1612.595 1610.248 1607.901 1605.555 1604.433 1604.052 1603.671 1603.29 1602.995 1603.808 1604.621 1605.434 1606.247 1606.816 1607.161 1607.507 1607.853 1608.198 1608.162 1608.115 1608.068 1608.02 1607.863 1607.555 1607.246 1606.938 1606.63 1606.222 1605.8 1605.377 1604.954 1604.467 1603.84 1603.213 1602.586 1601.958 1599.425 1596.317 1593.208 1590.1 1585.761 1576.993 1568.226 1559.459 1550.692 1542.142 1533.702 1525.261 1516.821
1611.547 1612.906 1614.266 1615.625 1616.707 1617.06 1617.414 1617.767 1618.12 1617.609 1616.768 1615.928 1615.087 1614.013 1611.828 1609.643 1607.458 1605.273 1604.461 1604.479 1604.496 1604.514 1604.594 1605.46 1606.327 1607.194 1608.061 1608.538 1608.657 1608.776 1608.896 1609.015 1608.894 1608.765 1608.637 1608.509 1608.28 1607.912 1607.545 1607.177 1606.809 1606.361 1605.901 1605.441 1604.98 1604.474 1603.868 1603.263 1602.657 1602.052 1599.507 1596.377 1593.247 1590.116 1585.785 1577.131 1568.477 1559.823 1551.169 1542.682 1534.28 1525.877 1517.474
1609.373 1610.269 1611.164 1612.06 1612.894 1613.565 1614.237 1614.908 1615.579 1615.394 1614.882 1614.37 1613.859 1613.084 1611.061 1609.038 1607.014 1604.991 1604.489 1604.905 1605.322 1605.739 1606.192 1607.113 1608.034 1608.954 1609.875 1610.26 1610.152 1610.045 1609.938 1609.831 1609.625 1609.415 1609.206 1608.997 1608.696 1608.269 1607.843 1607.416 1606.989 1606.5 1606.002 1605.504 1605.006 1604.48 1603.896 1603.313 1602.729 1602.145 1599.589 1596.437 1593.285 1590.133 1585.81 1577.269 1568.728 1560.187 1551.646 1543.223 1534.858 1526.493 1518.128
1607.199 1607.631 1608.063 1608.495 1609.08 1610.07 1611.059 1612.049 1613.039 1613.179 1612.996 1612.813 1612.63 1612.155 1610.294 1608.432 1606.571 1604.709 1604.516 1605.332 1606.148 1606.964 1607.791 1608.766 1609.74 1610.715 1611.689 1611.982 1611.648 1611.314 1610.981 1610.647 1610.356 1610.066 1609.776 1609.485 1609.113 1608.627 1608.141 1607.654 1607.168 1606.639 1606.103 1605.567 1605.032 1604.487 1603.925 1603.363 1602.8 1602.238 1599.67 1596.497 1593.323 1590.15 1585.835 1577.407 1568.979 1560.552 1552.124 1543.763 1535.436 1527.109 1518.781
1605.296 1605.591 1605.887 1606.182 1606.734 1607.958 1609.183 1610.407 1611.632 1612.289 1612.732 1613.174 1613.616 1613.771 1612.559 1611.348 1610.137 1608.925 1609.022 1609.909 1610.796 1611.684 1612.543 1613.047 1613.551 1614.055 1614.559 1614.383 1613.584 1612.785 1611.985 1611.186 1610.667 1610.156 1609.644 1609.133 1608.629 1608.136 1607.642 1607.149 1606.655 1606.155 1605.655 1605.154 1604.653 1604.126 1603.544 1602.962 1602.379 1601.797 1599.096 1595.756 1592.415 1589.075 1584.592 1575.997 1567.402 1558.807 1550.212 1541.897 1533.722 1525.547 1517.371
1603.402 1603.574 1603.746 1603.917 1604.443 1605.899 1607.355 1608.811 1610.268 1611.45 1612.529 1613.607 1614.685 1615.482 1614.939 1614.396 1613.853 1613.31 1613.696 1614.642 1615.589 1616.535 1617.414 1617.428 1617.441 1617.454 1617.467 1616.809 1615.536 1614.262 1612.989 1611.715 1610.962 1610.224 1609.487 1608.749 1608.112 1607.613 1607.114 1606.615 1606.116 1605.649 1605.185 1604.722 1604.259 1603.751 1603.147 1602.544 1601.94 1601.336 1598.497 1594.985 1591.472 1587.959 1583.302 1574.53 1565.757 1556.984 1548.211 1539.94 1531.922 1523.903 1515.884
1601.509 1601.557 1601.604 1601.652 1602.151 1603.839 1605.527 1607.216 1608.904 1610.611 1612.325 1614.04 1615.754 1617.193 1617.318 1617.444 1617.569 1617.695 1618.369 1619.375 1620.381 1621.387 1622.286 1621.808 1621.331 1620.854 1620.376 1619.236 1617.488 1615.74 1613.992 1612.244 1611.258 1610.293 1609.329 1608.365 1607.594 1607.09 1606.586 1606.082 1605.577 1605.142 1604.716 1604.291 1603.866 1603.377 1602.751 1602.126 1601.5 1600.875 1597.899 1594.213 1590.528 1586.843 1582.013 1573.062 1564.111 1555.16 1546.209 1537.984 1530.121 1522.259 1514.396
1599.616 1599.539 1599.463 1599.387 1599.86 1601.78 1603.7 1605.62 1607.54 1609.772 1612.122 1614.473 1616.823 1618.903 1619.698 1620.492 1621.286 1622.08 1623.043 1624.108 1625.173 1626.239 1627.156 1626.189 1625.221 1624.253 1623.285 1621.662 1619.44 1617.218 1614.995 1612.773 1611.553 1610.362 1609.172 1607.981 1607.077 1606.567 1606.058 1605.548 1605.038 1604.635 1604.247 1603.859 1603.472 1603.002 1602.355 1601.708 1601.061 1600.413 1597.3 1593.442 1589.584 1585.727 1580.723 1571.594 1562.465 1553.337 1544.208 1536.027 1528.321 1520.615 1512.909
1598.106 1598.035 1597.963 1597.892 1598.436 1600.599 1602.763 1604.926 1607.09 1609.865 1612.873 1615.881 1618.889 1621.645 1623.209 1624.772 1626.335 1627.899 1629.136 1630.176 1631.216 1632.257 1633.105 1631.499 1629.893 1628.286 1626.68 1624.395 1621.487 1618.58 1615.672 1612.764 1611.354 1609.989 1608.624 1607.258 1606.267 1605.792 1605.316 1604.841 1604.366 1604.012 1603.676 1603.34 1603.005 1602.534 1601.777 1601.019 1600.261 1599.504 1596.104 1591.908 1587.711 1583.514 1578.23 1569.031 1559.832 1550.633 1541.434 1533.477 1526.14 1518.804 1511.467
1597.096 1597.197 1597.298 1597.399 1598.139 1600.561 1602.984 1605.406 1607.828 1611.171 1614.863 1618.556 1622.248 1625.727 1628.191 1630.655 1633.118 1635.582 1637.075 1637.98 1638.885 1639.791 1640.454 1638.017 1635.581 1633.145 1630.708 1627.525 1623.658 1619.791 1615.923 1612.056 1610.514 1609.04 1607.567 1606.094 1605.077 1604.688 1604.299 1603.91 1603.521 1603.239 1602.973 1602.708 1602.442 1601.947 1600.963 1599.979 1598.995 1598.011 1594.132 1589.38 1584.628 1579.876 1574.172 1565.044 1555.915 1546.786 1537.657 1530.155 1523.465 1516.775 1510.086
1596.085 1596.359 1596.632 1596.906 1597.842 1600.523 1603.204 1605.885 1608.566 1612.476 1616.854 1621.231 1625.608 1629.809 1633.173 1636.537 1639.901 1643.265 1645.013 1645.783 1646.554 1647.324 1647.803 1644.536 1641.269 1638.003 1634.736 1630.655 1625.828 1621.002 1616.175 1611.348 1609.673 1608.092 1606.511 1604.93 1603.886 1603.583 1603.281 1602.978 1602.675 1602.466 1602.27 1602.074 1601.879 1601.36 1600.149 1598.939 1597.728 1596.518 1592.16 1586.853 1581.545 1576.238 1570.115 1561.057 1551.998 1542.939 1533.88 1526.832 1520.79 1514.747 1508.704
1595.075 1595.521 1595.967 1596.413 1597.546 1600.485 1603.425 1606.365 1609.305 1613.782 1618.844 1623.906 1628.968 1633.891 1638.155 1642.419 1646.684 1650.948 1652.951 1653.587 1654.223 1654.859 1655.151 1651.055 1646.958 1642.861 1638.764 1633.786 1627.999 1622.213 1616.426 1610.64 1608.832 1607.143 1605.455 1603.766 1602.696 1602.479 1602.263 1602.046 1601.83 1601.693 1601.567 1601.441 1601.316 1600.772 1599.335 1597.898 1596.461 1595.024 1590.188 1584.325 1578.463 1572.6 1566.058 1557.069 1548.081 1539.092 1530.104 1523.51 1518.114 1512.719 1507.323
1594.064 1594.683 1595.301 1595.92 1597.249 1600.447 1603.646 1606.844 1610.043 1615.088 1620.834 1626.581 1632.327 1637.973 1643.137 1648.302 1653.467 1658.631 1660.89 1661.391 1661.892 1662.393 1662.5 1657.573 1652.646 1647.719 1642.792 1636.916 1630.17 1623.424 1616.678 1609.932 1607.991 1606.195 1604.398 1602.602 1601.505 1601.375 1601.245 1601.115 1600.984 1600.919 1600.864 1600.808 1600.753 1600.185 1598.521 1596.858 1595.195 1593.531 1588.216 1581.798 1575.38 1568.962 1562.0 1553.082 1544.163 1535.245 1526.327 1520.188 1515.439 1510.69 1505.941
1592.914 1593.671 1594.428 1595.185 1596.664 1600.043 1603.422 1606.801 1610.181 1615.8 1622.27 1628.74 1635.21 1641.561 1647.343 1653.124 1658.906 1664.688 1667.168 1667.651 1668.135 1668.618 1668.679 1663.332 1657.985 1652.638 1647.291 1640.766 1633.163 1625.56 1617.957 1610.354 1608.08 1605.966 1603.851 1601.737 1600.404 1600.151 1599.897 1599.643 1599.389 1599.211 1599.045 1598.879 1598.713 1597.896 1595.689 1593.482 1591.275 1589.067 1583.548 1577.029 1570.51 1563.991 1557.031 1548.486 1539.94 1531.394 1522.849 1517.272 1513.18 1509.088 1504.995
1591.75 1592.641 1593.533 1594.425 1596.049 1599.601 1603.152 1606.704 1610.256 1616.45 1623.648 1630.846 1638.044 1645.098 1651.467 1657.837 1664.206 1670.575 1673.273 1673.751 1674.229 1674.707 1674.736 1669.011 1663.287 1657.563 1651.838 1644.692 1636.242 1627.793 1619.343 1610.894 1608.266 1605.812 1603.357 1600.903 1599.313 1598.913 1598.514 1598.114 1597.715 1597.406 1597.11 1596.815 1596.52 1595.431 1592.647 1589.863 1587.078 1584.294 1578.6 1572.027 1565.454 1558.881 1551.967 1543.826 1535.684 1527.543 1519.402 1514.398 1510.964 1507.53 1504.095
1590.585 1591.612 1592.638 1593.665 1595.434 1599.158 1602.882 1606.607 1610.331 1617.1 1625.026 1632.951 1640.877 1648.635 1655.592 1662.549 1669.506 1676.463 1679.379 1679.851 1680.324 1680.797 1680.793 1674.691 1668.589 1662.487 1656.386 1648.617 1639.321 1630.025 1620.729 1611.433 1608.451 1605.657 1602.864 1600.07 1598.221 1597.676 1597.131 1596.586 1596.041 1595.601 1595.176 1594.751 1594.326 1592.965 1589.604 1586.243 1582.882 1579.521 1573.652 1567.025 1560.398 1553.771 1546.903 1539.166 1531.429 1523.692 1515.955 1511.525 1508.748 1505.971 1503.195
1589.421 1590.582 1591.743 1592.905 1594.819 1598.716 1602.613 1606.509 1610.406 1617.75 1626.404 1635.057 1643.711 1652.171 1659.716 1667.261 1674.805 1682.35 1685.484 1685.951 1686.419 1686.886 1686.85 1680.371 1673.891 1667.412 1660.933 1652.542 1642.4 1632.258 1622.115 1611.973 1608.636 1605.503 1602.37 1599.236 1597.13 1596.439 1595.748 1595.058 1594.367 1593.795 1593.241 1592.687 1592.133 1590.5 1586.562 1582.624 1578.686 1574.749 1568.704 1562.023 1555.342 1548.661 1541.839 1534.506 1527.174 1519.841 1512.508 1508.651 1506.532 1504.413 1502.294
