data/zism_data/00816_04_D.txt
ncols         224
nrows         224
[rows 145 to 173 of 224, columns 128 to 191 of 224]
1099.45 1099.583 1099.736 1099.888 1100.041 1100.153 1100.107 1100.062 1100.016 1099.97 1100.057 1100.22 1100.382 1100.545 1100.691 1100.589 1100.487 1100.385 1100.284 1100.19 1100.106 1100.021 1099.936 1099.851 1099.674 1099.489 1099.304 1099.119 1099.0 1099.0 1099.0 1099.0 1099.0 1099.157 1099.355 1099.554 1099.752 1099.97 1100.255 1100.54 1100.825 1101.11 1101.052 1100.81 1100.567 1100.324 1100.228 1101.813 1103.398 1104.982 1106.567 1111.317 1119.095 1126.874 1134.653 1142.431 1151.465 1160.577 1169.688 1178.8 1185.731 1188.983 1192.235 1195.487
1099.308 1099.399 1099.504 1099.608 1099.713 1099.794 1099.786 1099.778 1099.769 1099.761 1099.858 1100.016 1100.173 1100.331 1100.473 1100.403 1100.334 1100.264 1100.194 1100.13 1100.072 1100.014 1099.956 1099.898 1099.713 1099.517 1099.321 1099.126 1099.0 1099.0 1099.0 1099.0 1099.0 1099.27 1099.613 1099.956 1100.299 1100.64 1100.973 1101.306 1101.639 1101.972 1101.817 1101.398 1100.979 1100.56 1100.313 1102.042 1103.771 1105.5 1107.229 1112.147 1120.118 1128.089 1136.06 1144.031 1152.905 1161.835 1170.765 1179.695 1186.464 1189.588 1192.712 1195.836
1099.166 1099.216 1099.272 1099.329 1099.385 1099.436 1099.465 1099.494 1099.523 1099.552 1099.659 1099.811 1099.964 1100.116 1100.255 1100.218 1100.18 1100.143 1100.105 1100.07 1100.039 1100.008 1099.976 1099.945 1099.751 1099.545 1099.339 1099.133 1099.0 1099.0 1099.0 1099.0 1099.0 1099.384 1099.871 1100.358 1100.846 1101.31 1101.691 1102.072 1102.453 1102.835 1102.581 1101.986 1101.391 1100.795 1100.398 1102.271 1104.144 1106.018 1107.891 1112.978 1121.141 1129.305 1137.468 1145.632 1154.346 1163.094 1171.842 1180.591 1187.198 1190.193 1193.189 1196.185
1099.025 1099.032 1099.04 1099.049 1099.057 1099.077 1099.144 1099.21 1099.277 1099.343 1099.461 1099.607 1099.754 1099.901 1100.038 1100.032 1100.027 1100.021 1100.016 1100.01 1100.006 1100.001 1099.996 1099.992 1099.79 1099.573 1099.356 1099.139 1099.0 1099.0 1099.0 1099.0 1099.0 1099.498 1100.129 1100.761 1101.392 1101.979 1102.409 1102.838 1103.267 1103.697 1103.346 1102.574 1101.802 1101.03 1100.483 1102.5 1104.518 1106.535 1108.553 1113.809 1122.165 1130.52 1138.876 1147.232 1155.786 1164.353 1172.92 1181.486 1187.931 1190.799 1193.666 1196.534
1098.82 1098.812 1098.803 1098.794 1098.785 1098.797 1098.887 1098.978 1099.068 1099.159 1099.288 1099.438 1099.588 1099.739 1099.881 1099.907 1099.934 1099.96 1099.987 1099.985 1099.954 1099.923 1099.892 1099.861 1099.685 1099.497 1099.309 1099.121 1099.069 1099.264 1099.458 1099.652 1099.846 1100.826 1102.017 1103.207 1104.398 1105.511 1106.346 1107.181 1108.016 1108.851 1108.616 1107.805 1106.994 1106.182 1105.526 1106.646 1107.766 1108.886 1110.007 1114.681 1122.756 1130.832 1138.908 1146.984 1155.604 1164.259 1172.913 1181.567 1188.056 1190.892 1193.728 1196.564
1098.603 1098.584 1098.564 1098.545 1098.525 1098.532 1098.644 1098.756 1098.868 1098.98 1099.12 1099.276 1099.431 1099.587 1099.736 1099.795 1099.853 1099.912 1099.97 1099.966 1099.898 1099.829 1099.761 1099.693 1099.548 1099.398 1099.247 1099.097 1099.154 1099.583 1100.012 1100.442 1100.871 1102.41 1104.247 1106.085 1107.922 1109.645 1110.961 1112.277 1113.593 1114.908 1114.835 1114.014 1113.192 1112.37 1111.614 1111.617 1111.62 1111.624 1111.627 1115.561 1123.258 1130.954 1138.65 1146.347 1155.081 1163.879 1172.678 1181.476 1188.052 1190.877 1193.703 1196.528
1098.386 1098.356 1098.325 1098.295 1098.265 1098.268 1098.402 1098.535 1098.668 1098.802 1098.953 1099.114 1099.275 1099.436 1099.592 1099.683 1099.773 1099.864 1099.954 1099.948 1099.842 1099.736 1099.63 1099.525 1099.412 1099.299 1099.186 1099.073 1099.238 1099.902 1100.567 1101.231 1101.895 1103.994 1106.478 1108.962 1111.445 1113.779 1115.576 1117.372 1119.169 1120.966 1121.055 1120.222 1119.389 1118.557 1117.701 1116.588 1115.474 1114.361 1113.247 1116.442 1123.759 1131.076 1138.393 1145.71 1154.557 1163.5 1172.443 1181.386 1188.048 1190.863 1193.677 1196.492
1098.168 1098.128 1098.087 1098.046 1098.005 1098.004 1098.159 1098.313 1098.468 1098.623 1098.785 1098.951 1099.118 1099.284 1099.448 1099.57 1099.693 1099.816 1099.938 1099.929 1099.786 1099.643 1099.5 1099.356 1099.276 1099.2 1099.124 1099.049 1099.322 1100.221 1101.121 1102.02 1102.92 1105.578 1108.708 1111.839 1114.969 1117.913 1120.19 1122.468 1124.746 1127.024 1127.274 1126.43 1125.587 1124.744 1123.789 1121.559 1119.328 1117.098 1114.868 1117.322 1124.26 1131.197 1138.135 1145.073 1154.034 1163.121 1172.208 1181.295 1188.044 1190.848 1193.652 1196.456
1097.955 1097.904 1097.859 1097.813 1097.767 1097.766 1097.936 1098.106 1098.276 1098.446 1098.618 1098.789 1098.961 1099.133 1099.302 1099.442 1099.582 1099.722 1099.862 1099.852 1099.689 1099.526 1099.363 1099.2 1099.15 1099.109 1099.068 1099.026 1099.435 1100.65 1101.866 1103.082 1104.297 1107.511 1111.261 1115.012 1118.762 1122.291 1125.031 1127.77 1130.51 1133.249 1133.784 1133.13 1132.476 1131.823 1130.965 1127.772 1124.58 1121.387 1118.194 1119.814 1126.04 1132.266 1138.491 1144.717 1153.543 1162.53 1171.517 1180.504 1187.146 1189.834 1192.522 1195.209
1097.751 1097.693 1097.658 1097.623 1097.588 1097.595 1097.765 1097.935 1098.105 1098.276 1098.45 1098.627 1098.804 1098.981 1099.154 1099.273 1099.392 1099.51 1099.629 1099.621 1099.485 1099.349 1099.213 1099.076 1099.053 1099.038 1099.024 1099.009 1099.624 1101.369 1103.113 1104.858 1106.602 1110.362 1114.663 1118.964 1123.265 1127.313 1130.464 1133.615 1136.766 1139.917 1141.062 1141.124 1141.186 1141.248 1141.004 1137.256 1133.507 1129.759 1126.011 1126.548 1131.187 1135.825 1140.464 1145.103 1153.137 1161.381 1169.625 1177.87 1183.898 1186.19 1188.483 1190.775
1097.547 1097.481 1097.457 1097.433 1097.408 1097.424 1097.594 1097.764 1097.934 1098.105 1098.282 1098.465 1098.647 1098.83 1099.006 1099.104 1099.201 1099.298 1099.396 1099.39 1099.281 1099.171 1099.062 1098.952 1098.956 1098.968 1098.98 1098.992 1099.813 1102.087 1104.36 1106.634 1108.907 1113.213 1118.064 1122.916 1127.767 1132.336 1135.898 1139.461 1143.023 1146.585 1148.339 1149.117 1149.895 1150.673 1151.043 1146.739 1142.435 1138.131 1133.827 1133.281 1136.333 1139.385 1142.437 1145.489 1152.73 1160.232 1167.734 1175.235 1180.65 1182.547 1184.444 1186.341
1097.343 1097.27 1097.256 1097.242 1097.229 1097.253 1097.423 1097.593 1097.763 1097.934 1098.115 1098.303 1098.49 1098.678 1098.859 1098.934 1099.01 1099.086 1099.162 1099.159 1099.077 1098.994 1098.911 1098.828 1098.858 1098.897 1098.936 1098.975 1100.002 1102.805 1105.608 1108.41 1111.213 1116.064 1121.466 1126.867 1132.269 1137.358 1141.332 1145.306 1149.279 1153.253 1155.616 1157.11 1158.604 1160.099 1161.083 1156.223 1151.363 1146.503 1141.643 1140.015 1141.48 1142.945 1144.409 1145.874 1152.324 1159.083 1165.842 1172.6 1177.402 1178.904 1180.405 1181.906
1097.139 1097.058 1097.055 1097.052 1097.049 1097.082 1097.252 1097.422 1097.593 1097.763 1097.948 1098.141 1098.334 1098.527 1098.711 1098.765 1098.82 1098.874 1098.929 1098.928 1098.872 1098.816 1098.76 1098.704 1098.761 1098.827 1098.892 1098.958 1100.192 1103.523 1106.855 1110.186 1113.518 1118.915 1124.867 1130.819 1136.771 1142.38 1146.765 1151.151 1155.536 1159.921 1162.893 1165.104 1167.314 1169.524 1171.122 1165.706 1160.291 1154.875 1149.46 1146.749 1146.627 1146.504 1146.382 1146.26 1151.917 1157.934 1163.95 1169.966 1174.154 1175.26 1176.366 1177.472
1097.237 1097.114 1097.056 1096.998 1096.94 1096.921 1097.052 1097.184 1097.315 1097.447 1097.599 1097.762 1097.926 1098.089 1098.247 1098.323 1098.398 1098.474 1098.55 1098.574 1098.544 1098.515 1098.486 1098.456 1098.565 1098.684 1098.804 1098.923 1100.291 1103.9 1107.509 1111.118 1114.726 1120.525 1126.911 1133.297 1139.683 1145.731 1150.57 1155.409 1160.249 1165.088 1168.302 1170.64 1172.977 1175.315 1177.015 1171.403 1165.792 1160.181 1154.57 1151.028 1149.465 1147.903 1146.341 1144.779 1149.136 1153.859 1158.583 1163.306 1166.449 1166.928 1167.406 1167.884
1097.449 1097.272 1097.134 1096.996 1096.857 1096.763 1096.841 1096.919 1096.998 1097.076 1097.181 1097.302 1097.422 1097.543 1097.663 1097.777 1097.89 1098.003 1098.116 1098.172 1098.169 1098.167 1098.164 1098.161 1098.332 1098.515 1098.699 1098.882 1100.356 1104.146 1107.937 1111.728 1115.518 1121.662 1128.439 1135.215 1141.991 1148.446 1153.756 1159.065 1164.375 1169.684 1173.001 1175.242 1177.484 1179.725 1181.331 1175.662 1169.992 1164.322 1158.652 1154.374 1151.427 1148.481 1145.535 1142.589 1145.451 1148.673 1151.895 1155.117 1157.051 1156.813 1156.576 1156.338
1097.661 1097.43 1097.211 1096.993 1096.775 1096.606 1096.63 1096.655 1096.68 1096.704 1096.763 1096.841 1096.919 1096.997 1097.08 1097.23 1097.381 1097.532 1097.682 1097.77 1097.794 1097.818 1097.842 1097.867 1098.098 1098.346 1098.593 1098.841 1100.421 1104.393 1108.365 1112.338 1116.31 1122.8 1129.966 1137.133 1144.299 1151.162 1156.941 1162.721 1168.501 1174.281 1177.699 1179.845 1181.99 1184.135 1185.648 1179.92 1174.191 1168.462 1162.733 1157.719 1153.389 1149.059 1144.729 1140.399 1141.767 1143.487 1145.208 1146.928 1147.653 1146.699 1145.746 1144.792
1097.874 1097.588 1097.289 1096.99 1096.692 1096.448 1096.42 1096.391 1096.362 1096.333 1096.345 1096.38 1096.416 1096.451 1096.496 1096.684 1096.872 1097.06 1097.248 1097.368 1097.419 1097.47 1097.521 1097.572 1097.864 1098.176 1098.488 1098.8 1100.486 1104.64 1108.794 1112.948 1117.101 1123.938 1131.494 1139.05 1146.607 1153.877 1160.127 1166.377 1172.627 1178.877 1182.398 1184.447 1186.496 1188.545 1189.965 1184.178 1178.39 1172.603 1166.815 1161.065 1155.351 1149.637 1143.923 1138.209 1138.082 1138.301 1138.52 1138.739 1138.255 1136.585 1134.915 1133.245
1098.013 1097.68 1097.315 1096.95 1096.585 1096.279 1096.198 1096.118 1096.038 1095.957 1095.925 1095.922 1095.918 1095.914 1095.925 1096.141 1096.357 1096.573 1096.789 1096.938 1097.02 1097.101 1097.182 1097.264 1097.626 1098.01 1098.394 1098.779 1100.559 1104.848 1109.136 1113.424 1117.712 1124.757 1132.543 1140.329 1148.115 1155.63 1162.179 1168.728 1175.277 1181.827 1185.374 1187.303 1189.232 1191.16 1192.468 1186.661 1180.854 1175.046 1169.239 1162.904 1156.065 1149.225 1142.385 1135.546 1134.148 1133.088 1132.027 1130.967 1129.546 1127.517 1125.488 1123.459
1097.8 1097.46 1097.095 1096.73 1096.366 1096.05 1095.927 1095.804 1095.681 1095.558 1095.497 1095.472 1095.447 1095.422 1095.411 1095.611 1095.811 1096.011 1096.211 1096.376 1096.506 1096.635 1096.765 1096.894 1097.364 1097.86 1098.357 1098.853 1100.673 1104.871 1109.068 1113.265 1117.463 1124.068 1131.319 1138.57 1145.822 1152.807 1158.843 1164.88 1170.916 1176.952 1180.167 1181.861 1183.554 1185.248 1186.353 1180.711 1175.07 1169.428 1163.786 1157.585 1150.846 1144.108 1137.37 1130.632 1129.029 1127.744 1126.46 1125.175 1124.11 1123.417 1122.724 1122.031
1097.588 1097.24 1096.875 1096.511 1096.146 1095.822 1095.656 1095.49 1095.324 1095.158 1095.068 1095.022 1094.975 1094.929 1094.897 1095.081 1095.265 1095.449 1095.633 1095.814 1095.992 1096.169 1096.347 1096.524 1097.101 1097.71 1098.319 1098.927 1100.787 1104.894 1109.0 1113.107 1117.213 1123.378 1130.095 1136.812 1143.529 1149.984 1155.508 1161.031 1166.554 1172.078 1174.96 1176.419 1177.877 1179.336 1180.238 1174.762 1169.286 1163.81 1158.334 1152.265 1145.628 1138.992 1132.355 1125.719 1123.91 1122.401 1120.892 1119.383 1118.675 1119.317 1119.96 1120.602
1097.375 1097.02 1096.656 1096.291 1095.926 1095.593 1095.385 1095.176 1094.967 1094.759 1094.64 1094.572 1094.504 1094.436 1094.384 1094.552 1094.72 1094.888 1095.056 1095.252 1095.478 1095.703 1095.929 1096.154 1096.839 1097.56 1098.281 1099.002 1100.901 1104.917 1108.933 1112.948 1116.964 1122.688 1128.871 1135.053 1141.236 1147.162 1152.172 1157.183 1162.193 1167.203 1169.753 1170.977 1172.2 1173.424 1174.123 1168.812 1163.502 1158.192 1152.881 1146.945 1140.41 1133.875 1127.34 1120.805 1118.791 1117.058 1115.324 1113.59 1113.239 1115.217 1117.196 1119.174
1097.163 1096.801 1096.436 1096.071 1095.706 1095.365 1095.113 1094.862 1094.611 1094.359 1094.211 1094.122 1094.032 1093.943 1093.87 1094.022 1094.174 1094.326 1094.478 1094.69 1094.964 1095.237 1095.511 1095.785 1096.577 1097.41 1098.243 1099.076 1101.015 1104.94 1108.865 1112.79 1116.715 1121.998 1127.646 1133.295 1138.943 1144.339 1148.837 1153.334 1157.832 1162.329 1164.547 1165.535 1166.523 1167.511 1168.007 1162.863 1157.718 1152.573 1147.429 1141.626 1135.192 1128.759 1122.325 1115.892 1113.672 1111.714 1109.756 1107.798 1107.803 1111.117 1114.432 1117.746
1096.944 1096.581 1096.216 1095.851 1095.487 1095.137 1094.846 1094.555 1094.265 1093.974 1093.795 1093.681 1093.568 1093.453 1093.355 1093.481 1093.607 1093.733 1093.859 1094.062 1094.344 1094.626 1094.908 1095.19 1096.003 1096.859 1097.714 1098.569 1100.429 1104.094 1107.758 1111.422 1115.086 1119.791 1124.775 1129.759 1134.743 1139.489 1143.383 1147.278 1151.172 1155.067 1156.829 1157.443 1158.056 1158.67 1158.854 1154.132 1149.409 1144.687 1139.964 1134.773 1129.134 1123.494 1117.855 1112.216 1110.681 1109.401 1108.121 1106.841 1107.761 1112.391 1117.022 1121.652
1096.722 1096.361 1095.996 1095.632 1095.267 1094.91 1094.581 1094.253 1093.925 1093.597 1093.388 1093.247 1093.106 1092.966 1092.841 1092.934 1093.028 1093.122 1093.216 1093.395 1093.661 1093.927 1094.193 1094.458 1095.241 1096.064 1096.888 1097.711 1099.421 1102.721 1106.022 1109.323 1112.624 1116.666 1120.907 1125.149 1129.39 1133.412 1136.649 1139.886 1143.123 1146.36 1147.595 1147.748 1147.902 1148.056 1147.865 1143.719 1139.574 1135.428 1131.283 1126.994 1122.567 1118.141 1113.715 1109.288 1108.977 1108.92 1108.864 1108.807 1110.981 1116.915 1122.849 1128.783
1096.5 1096.141 1095.777 1095.412 1095.047 1094.682 1094.317 1093.951 1093.585 1093.22 1092.98 1092.813 1092.645 1092.478 1092.326 1092.388 1092.449 1092.511 1092.573 1092.728 1092.978 1093.228 1093.477 1093.727 1094.479 1095.27 1096.061 1096.853 1098.412 1101.349 1104.286 1107.224 1110.161 1113.541 1117.04 1120.539 1124.037 1127.335 1129.915 1132.495 1135.074 1137.654 1138.36 1138.054 1137.748 1137.443 1136.875 1133.307 1129.738 1126.17 1122.601 1119.214 1116.001 1112.787 1109.574 1106.361 1107.272 1108.439 1109.607 1110.774 1114.201 1121.439 1128.677 1135.915
1096.278 1095.922 1095.557 1095.192 1094.827 1094.455 1094.052 1093.649 1093.246 1092.843 1092.573 1092.378 1092.184 1091.99 1091.811 1091.841 1091.87 1091.9 1091.93 1092.061 1092.295 1092.528 1092.762 1092.996 1093.717 1094.476 1095.235 1095.994 1097.403 1099.977 1102.551 1105.125 1107.699 1110.417 1113.172 1115.928 1118.684 1121.258 1123.18 1125.103 1127.026 1128.948 1129.125 1128.36 1127.594 1126.829 1125.885 1122.894 1119.903 1116.911 1113.92 1111.435 1109.434 1107.434 1105.434 1103.433 1105.568 1107.958 1110.349 1112.74 1117.421 1125.963 1134.505 1143.046
1096.071 1095.719 1095.355 1094.992 1094.628 1094.249 1093.81 1093.371 1092.932 1092.494 1092.191 1091.968 1091.745 1091.521 1091.312 1091.302 1091.293 1091.284 1091.274 1091.377 1091.592 1091.807 1092.023 1092.238 1092.928 1093.655 1094.382 1095.109 1096.367 1098.578 1100.789 1103.0 1105.21 1107.283 1109.318 1111.353 1113.388 1115.261 1116.553 1117.845 1119.137 1120.429 1120.12 1118.948 1117.775 1116.603 1115.331 1112.926 1110.521 1108.115 1105.71 1104.115 1103.294 1102.473 1101.652 1100.831 1104.141 1107.707 1111.274 1114.84 1120.689 1130.388 1140.088 1149.787
1096.066 1095.731 1095.384 1095.036 1094.688 1094.319 1093.864 1093.409 1092.954 1092.499 1092.151 1091.863 1091.575 1091.288 1091.01 1090.873 1090.735 1090.598 1090.46 1090.474 1090.641 1090.808 1090.976 1091.143 1091.799 1092.495 1093.19 1093.885 1094.992 1096.839 1098.687 1100.534 1102.382 1104.032 1105.629 1107.226 1108.823 1110.29 1111.293 1112.297 1113.301 1114.304 1114.064 1113.154 1112.243 1111.332 1110.358 1108.653 1106.947 1105.242 1103.537 1102.668 1102.601 1102.534 1102.466 1102.399 1106.276 1110.398 1114.52 1118.642 1124.573 1133.556 1142.54 1151.523
1096.062 1095.744 1095.412 1095.08 1094.749 1094.389 1093.918 1093.447 1092.976 1092.505 1092.11 1091.758 1091.406 1091.055 1090.709 1090.443 1090.177 1089.911 1089.646 1089.571 1089.69 1089.809 1089.928 1090.048 1090.671 1091.334 1091.997 1092.66 1093.617 1095.101 1096.585 1098.069 1099.553 1100.781 1101.94 1103.099 1104.257 1105.319 1106.034 1106.749 1107.464 1108.179 1108.008 1107.359 1106.711 1106.062 1105.384 1104.379 1103.374 1102.368 1101.363 1101.222 1101.908 1102.594 1103.28 1103.966 1108.411 1113.088 1117.766 1122.443 1128.457 1136.724 1144.992 1153.259
