data/zism_data/00815_01_D.txt
ncols         224
nrows         224
[rows 168 to 195 of 224, columns 63 to 125 of 224]
1207.12 1205.829 1204.538 1203.248 1201.981 1201.522 1201.063 1200.604 1200.145 1199.809 1199.611 1199.413 1199.215 1199.017 1199.199 1199.417 1199.636 1199.854 1200.13 1200.51 1200.89 1201.27 1201.651 1201.132 1200.385 1199.637 1198.89 1198.597 1199.753 1200.908 1202.064 1203.219 1206.817 1211.557 1216.297 1221.037 1225.404 1227.119 1228.833 1230.547 1232.261 1231.101 1227.731 1224.36 1220.989 1217.623 1214.93 1212.237 1209.544 1206.851 1204.229 1201.694 1199.158 1196.623 1194.088 1185.801 1176.812 1167.823 1158.835 1149.578 1139.783 1129.988 1120.194
1205.573 1204.844 1204.115 1203.385 1202.661 1202.116 1201.572 1201.027 1200.483 1200.071 1199.809 1199.547 1199.285 1199.023 1199.336 1199.704 1200.072 1200.44 1200.861 1201.38 1201.899 1202.418 1202.938 1202.311 1201.393 1200.474 1199.556 1199.183 1200.547 1201.911 1203.275 1204.639 1208.703 1214.031 1219.359 1224.687 1229.569 1231.277 1232.986 1234.695 1236.404 1235.161 1231.645 1228.13 1224.615 1221.105 1218.338 1215.57 1212.802 1210.034 1207.371 1204.836 1202.301 1199.765 1197.23 1189.233 1180.571 1171.908 1163.245 1154.006 1143.613 1133.22 1122.827
1207.902 1206.987 1206.072 1205.156 1204.243 1203.397 1202.55 1201.704 1200.858 1200.288 1200.029 1199.771 1199.512 1199.253 1200.07 1200.989 1201.908 1202.827 1203.63 1204.224 1204.817 1205.411 1206.004 1204.943 1203.46 1201.978 1200.495 1199.79 1201.556 1203.322 1205.088 1206.854 1211.605 1217.754 1223.903 1230.051 1235.641 1237.252 1238.863 1240.474 1242.085 1240.741 1237.123 1233.506 1229.889 1226.276 1223.333 1220.389 1217.445 1214.502 1211.543 1208.567 1205.591 1202.615 1199.639 1191.712 1183.182 1174.651 1166.121 1156.936 1146.445 1135.953 1125.461
1213.73 1211.954 1210.178 1208.403 1206.64 1205.296 1203.953 1202.61 1201.267 1200.465 1200.27 1200.075 1199.88 1199.686 1201.342 1203.175 1205.008 1206.841 1208.239 1208.849 1209.458 1210.068 1210.677 1208.886 1206.485 1204.083 1201.682 1200.415 1202.758 1205.101 1207.444 1209.787 1215.425 1222.605 1229.785 1236.965 1243.437 1244.866 1246.295 1247.724 1249.154 1247.694 1244.013 1240.332 1236.65 1232.972 1229.761 1226.55 1223.339 1220.129 1216.646 1212.831 1209.016 1205.201 1201.386 1193.33 1184.757 1176.184 1167.61 1158.515 1148.376 1138.237 1128.098
1219.557 1216.921 1214.285 1211.649 1209.036 1207.196 1205.356 1203.516 1201.676 1200.641 1200.51 1200.38 1200.249 1200.119 1202.615 1205.361 1208.108 1210.855 1212.848 1213.474 1214.099 1214.724 1215.35 1212.83 1209.509 1206.189 1202.868 1201.04 1203.96 1206.88 1209.801 1212.721 1219.245 1227.457 1235.668 1243.879 1251.232 1252.48 1253.728 1254.975 1256.223 1254.648 1250.903 1247.157 1243.411 1239.668 1236.19 1232.712 1229.234 1225.756 1221.749 1217.095 1212.442 1207.788 1203.134 1194.948 1186.332 1177.716 1169.1 1160.094 1150.308 1140.521 1130.735
1225.385 1221.888 1218.392 1214.896 1211.433 1209.096 1206.759 1204.422 1202.085 1200.817 1200.751 1200.684 1200.618 1200.551 1203.888 1207.548 1211.208 1214.869 1217.457 1218.099 1218.74 1219.381 1220.023 1216.774 1212.534 1208.294 1204.055 1201.665 1205.162 1208.66 1212.157 1215.655 1223.065 1232.308 1241.55 1250.793 1259.028 1260.094 1261.16 1262.226 1263.292 1261.602 1257.792 1253.982 1250.173 1246.364 1242.618 1238.873 1235.128 1231.383 1226.852 1221.359 1215.867 1210.374 1204.881 1196.567 1187.908 1179.249 1170.59 1161.673 1152.239 1142.806 1133.372
1231.212 1226.856 1222.499 1218.142 1213.829 1210.996 1208.162 1205.328 1202.494 1200.994 1200.991 1200.989 1200.986 1200.984 1205.16 1209.734 1214.308 1218.883 1222.066 1222.724 1223.381 1224.038 1224.696 1220.717 1215.558 1210.4 1205.241 1202.29 1206.365 1210.439 1214.514 1218.588 1226.885 1237.159 1247.433 1257.707 1266.823 1267.708 1268.592 1269.476 1270.361 1268.555 1264.682 1260.808 1256.934 1253.059 1249.047 1245.035 1241.022 1237.01 1231.955 1225.624 1219.292 1212.96 1206.629 1198.185 1189.483 1180.782 1172.08 1163.252 1154.171 1145.09 1136.009
1235.408 1230.129 1224.85 1219.571 1214.359 1211.362 1208.366 1205.37 1202.374 1201.262 1202.266 1203.269 1204.273 1205.277 1210.521 1216.168 1221.816 1227.463 1231.348 1232.032 1232.716 1233.4 1234.083 1229.763 1224.169 1218.575 1212.981 1209.685 1213.698 1217.711 1221.725 1225.738 1233.792 1243.738 1253.684 1263.63 1272.428 1273.058 1273.689 1274.319 1274.95 1272.783 1268.464 1264.145 1259.826 1255.507 1251.109 1246.711 1242.313 1237.915 1232.616 1226.212 1219.809 1213.406 1207.002 1198.884 1190.557 1182.229 1173.902 1165.494 1156.925 1148.357 1139.788
1239.542 1233.338 1227.135 1220.932 1214.817 1211.671 1208.525 1205.38 1202.234 1201.533 1203.579 1205.625 1207.671 1209.716 1216.036 1222.763 1229.49 1236.217 1240.807 1241.518 1242.228 1242.939 1243.649 1239.002 1232.992 1226.981 1220.97 1217.336 1221.264 1225.192 1229.119 1233.047 1240.816 1250.382 1259.949 1269.515 1277.949 1278.323 1278.697 1279.072 1279.446 1276.907 1272.129 1267.35 1262.572 1257.793 1253.005 1248.217 1243.429 1238.641 1233.108 1226.662 1220.216 1213.77 1207.323 1199.548 1191.611 1183.674 1175.736 1167.761 1159.711 1151.661 1143.61
1243.675 1236.547 1229.42 1222.292 1215.275 1211.98 1208.684 1205.389 1202.094 1201.805 1204.892 1207.98 1211.068 1214.156 1221.552 1229.358 1237.164 1244.97 1250.267 1251.004 1251.741 1252.478 1253.215 1248.242 1241.814 1235.387 1228.959 1224.988 1228.83 1232.672 1236.514 1240.356 1247.839 1257.026 1266.214 1275.401 1283.471 1283.588 1283.706 1283.823 1283.941 1281.031 1275.794 1270.556 1265.318 1260.08 1254.902 1249.724 1244.546 1239.368 1233.601 1227.111 1220.623 1214.134 1207.644 1200.212 1192.665 1185.118 1177.571 1170.029 1162.497 1154.964 1147.432
1247.809 1239.757 1231.705 1223.652 1215.734 1212.289 1208.844 1205.399 1201.954 1202.076 1206.206 1210.335 1214.465 1218.595 1227.067 1235.953 1244.838 1253.724 1259.726 1260.49 1261.254 1262.018 1262.781 1257.481 1250.637 1243.792 1236.948 1232.639 1236.396 1240.152 1243.909 1247.666 1254.863 1263.671 1272.479 1281.286 1288.992 1288.853 1288.714 1288.575 1288.437 1285.156 1279.458 1273.761 1268.063 1262.367 1256.798 1251.23 1245.662 1240.094 1234.093 1227.561 1221.029 1214.498 1207.966 1200.877 1193.72 1186.563 1179.405 1172.296 1165.282 1158.268 1151.255
1249.167 1240.626 1232.085 1223.544 1215.156 1211.927 1208.697 1205.467 1202.237 1202.935 1208.044 1213.153 1218.263 1223.372 1232.472 1241.953 1251.433 1260.913 1267.333 1268.195 1269.056 1269.917 1270.779 1265.61 1258.907 1252.204 1245.5 1241.235 1244.729 1248.222 1251.715 1255.208 1261.743 1269.702 1277.66 1285.619 1292.508 1291.784 1291.061 1290.337 1289.614 1285.828 1279.689 1273.549 1267.409 1261.272 1255.573 1249.875 1244.176 1238.477 1232.512 1226.221 1219.93 1213.638 1207.347 1200.695 1193.999 1187.302 1180.606 1173.964 1167.43 1160.896 1154.362
1246.387 1238.006 1229.626 1221.245 1213.035 1210.564 1208.093 1205.622 1203.151 1204.668 1210.664 1216.66 1222.657 1228.653 1237.714 1247.066 1256.418 1265.77 1272.179 1273.244 1274.308 1275.373 1276.437 1272.085 1266.354 1260.624 1254.893 1251.241 1254.205 1257.169 1260.134 1263.098 1268.408 1274.817 1281.226 1287.635 1293.033 1291.235 1289.438 1287.64 1285.843 1281.355 1274.798 1268.241 1261.685 1255.136 1249.694 1244.252 1238.809 1233.367 1227.841 1222.213 1216.584 1210.955 1205.326 1199.251 1193.121 1186.992 1180.862 1174.738 1168.626 1162.514 1156.402
1243.607 1235.387 1227.166 1218.946 1210.914 1209.202 1207.489 1205.777 1204.064 1206.401 1213.284 1220.168 1227.051 1233.935 1242.955 1252.179 1261.403 1270.626 1277.025 1278.293 1279.56 1280.828 1282.095 1278.56 1273.802 1269.043 1264.285 1261.247 1263.682 1266.117 1268.552 1270.987 1275.073 1279.933 1284.792 1289.651 1293.558 1290.687 1287.815 1284.943 1282.072 1276.881 1269.908 1262.934 1255.961 1249.0 1243.814 1238.629 1233.443 1228.257 1223.17 1218.204 1213.238 1208.272 1203.306 1197.807 1192.244 1186.681 1181.118 1175.512 1169.822 1164.132 1158.443
1240.827 1232.767 1224.707 1216.647 1208.793 1207.839 1206.885 1205.932 1204.978 1208.134 1215.904 1223.675 1231.445 1239.216 1248.196 1257.292 1266.388 1275.483 1281.871 1283.342 1284.813 1286.283 1287.754 1285.034 1281.249 1277.463 1273.677 1271.253 1273.159 1275.065 1276.971 1278.877 1281.739 1285.048 1288.358 1291.668 1294.084 1290.138 1286.192 1282.246 1278.301 1272.408 1265.017 1257.627 1250.237 1242.864 1237.935 1233.006 1228.076 1223.147 1218.499 1214.196 1209.892 1205.589 1201.285 1196.364 1191.367 1186.37 1181.373 1176.286 1171.019 1165.751 1160.483
1238.047 1230.148 1222.248 1214.348 1206.671 1206.477 1206.282 1206.087 1205.892 1209.867 1218.525 1227.182 1235.84 1244.497 1253.438 1262.405 1271.372 1280.34 1286.717 1288.391 1290.065 1291.738 1293.412 1291.509 1288.696 1285.883 1283.07 1281.259 1282.635 1284.012 1285.389 1286.766 1288.404 1290.164 1291.924 1293.684 1294.609 1289.589 1284.569 1279.55 1274.53 1267.934 1260.127 1252.32 1244.513 1236.728 1232.055 1227.383 1222.71 1218.037 1213.828 1210.187 1206.546 1202.905 1199.264 1194.92 1190.49 1186.059 1181.629 1177.06 1172.215 1167.369 1162.524
1234.021 1226.91 1219.798 1212.686 1205.805 1206.62 1207.435 1208.25 1209.065 1213.664 1222.514 1231.363 1240.213 1249.062 1257.566 1266.037 1274.509 1282.98 1289.005 1290.585 1292.166 1293.747 1295.327 1293.92 1291.752 1289.584 1287.416 1285.989 1286.922 1287.855 1288.789 1289.722 1290.337 1290.803 1291.269 1291.735 1291.441 1285.738 1280.034 1274.33 1268.627 1261.792 1254.089 1246.385 1238.681 1231.002 1226.698 1222.394 1218.09 1213.786 1209.981 1206.787 1203.593 1200.4 1197.206 1193.283 1189.271 1185.259 1181.247 1177.143 1172.854 1168.565 1164.276
1229.757 1223.553 1217.35 1211.147 1205.178 1207.051 1208.924 1210.797 1212.67 1217.857 1226.765 1235.673 1244.581 1253.489 1261.481 1269.386 1277.291 1285.196 1290.802 1292.234 1293.665 1295.096 1296.527 1295.553 1293.968 1292.382 1290.796 1289.711 1290.216 1290.722 1291.228 1291.733 1291.364 1290.585 1289.806 1289.027 1287.567 1281.254 1274.941 1268.628 1262.316 1255.331 1247.831 1240.33 1232.829 1225.355 1221.441 1217.527 1213.613 1209.699 1206.291 1203.503 1200.716 1197.928 1195.14 1191.609 1187.987 1184.366 1180.744 1177.094 1173.387 1169.681 1165.974
1225.492 1220.197 1214.902 1209.607 1204.551 1207.482 1210.413 1213.344 1216.275 1222.049 1231.016 1239.983 1248.95 1257.917 1265.397 1272.735 1280.074 1287.412 1292.6 1293.882 1295.163 1296.445 1297.726 1297.187 1296.183 1295.18 1294.177 1293.432 1293.51 1293.588 1293.667 1293.745 1292.391 1290.367 1288.343 1286.319 1283.692 1276.77 1269.849 1262.927 1256.005 1248.87 1241.573 1234.275 1226.978 1219.707 1216.183 1212.659 1209.135 1205.611 1202.601 1200.219 1197.838 1195.456 1193.075 1189.935 1186.704 1183.472 1180.24 1177.044 1173.92 1170.796 1167.672
1221.227 1216.841 1212.454 1208.068 1203.924 1207.913 1211.902 1215.891 1219.88 1226.242 1235.267 1244.293 1253.319 1262.344 1269.312 1276.084 1282.857 1289.629 1294.398 1295.53 1296.662 1297.794 1298.926 1298.82 1298.399 1297.978 1297.557 1297.153 1296.804 1296.455 1296.105 1295.756 1293.418 1290.149 1286.88 1283.612 1279.818 1272.287 1264.756 1257.225 1249.694 1242.409 1235.315 1228.22 1221.126 1214.06 1210.926 1207.792 1204.658 1201.524 1198.911 1196.935 1194.96 1192.984 1191.009 1188.262 1185.42 1182.578 1179.737 1176.995 1174.453 1171.912 1169.37
1218.682 1215.176 1211.67 1208.163 1204.897 1209.653 1214.41 1219.166 1223.923 1230.547 1239.27 1247.993 1256.716 1265.439 1271.88 1278.103 1284.326 1290.55 1294.952 1296.047 1297.142 1298.237 1299.332 1299.505 1299.442 1299.38 1299.318 1299.106 1298.418 1297.73 1297.042 1296.354 1293.298 1289.132 1284.967 1280.801 1276.185 1268.362 1260.539 1252.716 1244.893 1237.639 1230.821 1224.004 1217.186 1210.397 1207.525 1204.652 1201.779 1198.906 1196.559 1194.854 1193.15 1191.446 1189.742 1187.297 1184.763 1182.228 1179.694 1177.324 1175.285 1173.246 1171.207
1220.617 1217.917 1215.218 1212.519 1210.036 1214.803 1219.57 1224.338 1229.105 1235.149 1242.626 1250.104 1257.582 1265.06 1270.934 1276.655 1282.376 1288.097 1292.267 1293.618 1294.97 1296.321 1297.673 1297.718 1297.432 1297.145 1296.858 1296.45 1295.655 1294.861 1294.066 1293.271 1290.188 1286.033 1281.878 1277.723 1273.182 1265.894 1258.605 1251.316 1244.028 1237.271 1230.924 1224.577 1218.23 1211.907 1208.959 1206.012 1203.064 1200.117 1197.692 1195.907 1194.123 1192.339 1190.554 1188.182 1185.738 1183.295 1180.851 1178.64 1176.895 1175.149 1173.404
1222.552 1220.659 1218.767 1216.874 1215.175 1219.953 1224.731 1229.509 1234.287 1239.75 1245.983 1252.216 1258.448 1264.681 1269.988 1275.207 1280.426 1285.645 1289.582 1291.19 1292.797 1294.405 1296.013 1295.932 1295.421 1294.91 1294.399 1293.794 1292.893 1291.991 1291.089 1290.188 1287.077 1282.933 1278.789 1274.645 1270.179 1263.425 1256.671 1249.916 1243.162 1236.904 1231.027 1225.15 1219.273 1213.417 1210.394 1207.372 1204.349 1201.327 1198.825 1196.96 1195.096 1193.231 1191.367 1189.067 1186.714 1184.361 1182.008 1179.956 1178.504 1177.053 1175.601
1224.486 1223.401 1222.315 1221.23 1220.315 1225.103 1229.892 1234.68 1239.469 1244.351 1249.339 1254.327 1259.315 1264.303 1269.043 1273.759 1278.476 1283.193 1286.896 1288.761 1290.625 1292.489 1294.354 1294.146 1293.41 1292.675 1291.939 1291.139 1290.13 1289.121 1288.113 1287.104 1283.967 1279.834 1275.7 1271.567 1267.176 1260.956 1254.736 1248.516 1242.296 1236.536 1231.129 1225.723 1220.316 1214.926 1211.829 1208.732 1205.634 1202.537 1199.958 1198.013 1196.068 1194.124 1192.179 1189.952 1187.689 1185.427 1183.166 1181.272 1180.114 1178.956 1177.799
1226.421 1226.142 1225.864 1225.585 1225.454 1230.253 1235.052 1239.851 1244.651 1248.952 1252.695 1256.438 1260.181 1263.924 1268.097 1272.312 1276.526 1280.74 1284.211 1286.332 1288.453 1290.573 1292.694 1292.359 1291.4 1290.44 1289.48 1288.483 1287.367 1286.252 1285.136 1284.021 1280.857 1276.734 1272.612 1268.489 1264.174 1258.488 1252.802 1247.116 1241.431 1236.168 1231.232 1226.296 1221.359 1216.435 1213.263 1210.091 1206.919 1203.747 1201.091 1199.066 1197.041 1195.016 1192.991 1190.836 1188.665 1186.494 1184.323 1182.587 1181.724 1180.86 1179.996
1233.042 1233.035 1233.028 1233.022 1233.147 1237.693 1242.239 1246.785 1251.331 1254.891 1257.343 1259.795 1262.247 1264.699 1267.384 1270.09 1272.797 1275.503 1277.856 1279.564 1281.272 1282.981 1284.689 1284.652 1284.172 1283.69 1283.209 1282.635 1281.765 1280.894 1280.023 1279.153 1276.223 1272.328 1268.434 1264.54 1260.472 1255.168 1249.864 1244.559 1239.255 1234.396 1229.881 1225.365 1220.849 1216.344 1213.288 1210.232 1207.176 1204.121 1201.535 1199.526 1197.516 1195.507 1193.497 1191.496 1189.496 1187.496 1185.496 1183.949 1183.306 1182.664 1182.021
1241.528 1241.58 1241.632 1241.684 1241.856 1246.044 1250.232 1254.42 1258.608 1261.362 1262.505 1263.648 1264.791 1265.934 1266.762 1267.561 1268.36 1269.159 1270.04 1271.069 1272.099 1273.129 1274.159 1274.589 1274.867 1275.145 1275.422 1275.518 1275.032 1274.546 1274.06 1273.574 1270.982 1267.403 1263.824 1260.245 1256.493 1251.509 1246.526 1241.542 1236.558 1232.066 1227.95 1223.835 1219.72 1215.614 1212.751 1209.888 1207.024 1204.161 1201.705 1199.749 1197.793 1195.837 1193.881 1192.067 1190.27 1188.473 1186.676 1185.328 1184.878 1184.428 1183.978
1250.014 1250.125 1250.236 1250.347 1250.565 1254.395 1258.225 1262.056 1265.885 1267.833 1267.667 1267.501 1267.334 1267.168 1266.141 1265.032 1263.923 1262.814 1262.224 1262.575 1262.926 1263.277 1263.628 1264.526 1265.562 1266.599 1267.635 1268.4 1268.299 1268.198 1268.097 1267.996 1265.74 1262.477 1259.213 1255.949 1252.513 1247.85 1243.187 1238.524 1233.861 1229.735 1226.02 1222.306 1218.592 1214.885 1212.214 1209.543 1206.872 1204.201 1201.875 1199.973 1198.07 1196.168 1194.265 1192.638 1191.044 1189.45 1187.856 1186.707 1186.45 1186.192 1185.934
