data/zism_data/00812_04_D.txt
ncols         224
nrows         224
[rows 168 to 195 of 224, columns 63 to 125 of 224]
4295.373 4291.162 4287.187 4283.292 4279.398 4275.504 4271.187 4264.882 4258.578 4252.273 4245.969 4240.501 4235.578 4230.655 4225.732 4220.868 4217.541 4214.215 4210.889 4207.563 4205.588 4205.155 4204.723 4204.291 4203.858 4205.582 4207.55 4209.519 4211.488 4214.547 4219.833 4225.12 4230.407 4235.694 4242.872 4250.65 4258.428 4266.206 4273.348 4277.772 4282.197 4286.621 4291.045 4292.336 4291.709 4291.083 4290.456 4289.617 4284.839 4280.061 4275.282 4270.504 4267.404 4266.111 4264.818 4263.524 4262.231 4270.742 4280.194 4289.646 4299.099 4310.627 4326.131
4285.055 4280.272 4275.669 4271.129 4266.588 4262.047 4257.319 4251.715 4246.11 4240.506 4234.901 4230.295 4226.339 4222.384 4218.428 4214.53 4212.166 4209.801 4207.437 4205.072 4203.989 4204.369 4204.749 4205.128 4205.508 4208.404 4211.585 4214.768 4217.949 4222.405 4229.466 4236.527 4243.587 4250.648 4258.753 4267.188 4275.624 4284.059 4291.542 4294.962 4298.382 4301.802 4305.222 4305.501 4303.859 4302.217 4300.575 4298.74 4293.31 4287.879 4282.449 4277.019 4273.414 4271.773 4270.133 4268.492 4266.852 4274.577 4283.201 4291.824 4300.448 4311.533 4327.332
4274.737 4269.382 4264.152 4258.965 4253.777 4248.59 4243.452 4238.547 4233.643 4228.738 4223.833 4220.089 4217.101 4214.112 4211.124 4208.193 4206.79 4205.387 4203.985 4202.582 4202.391 4203.583 4204.775 4205.967 4207.159 4211.226 4215.621 4220.016 4224.411 4230.264 4239.099 4247.934 4256.768 4265.603 4274.633 4283.726 4292.818 4301.911 4309.736 4312.152 4314.567 4316.982 4319.397 4318.666 4316.009 4313.352 4310.694 4307.862 4301.78 4295.698 4289.616 4283.534 4279.424 4277.436 4275.448 4273.46 4271.472 4278.411 4286.207 4294.002 4301.798 4312.44 4328.532
4264.545 4258.641 4252.853 4247.105 4241.357 4235.609 4230.133 4225.939 4221.745 4217.551 4213.357 4210.463 4208.416 4206.367 4204.319 4202.329 4201.859 4201.39 4200.921 4200.452 4201.148 4203.175 4205.202 4207.228 4209.254 4214.496 4220.103 4225.71 4231.317 4238.535 4249.045 4259.555 4270.065 4280.576 4290.484 4300.2 4309.917 4319.633 4327.787 4329.271 4330.754 4332.238 4333.721 4331.986 4328.281 4324.576 4320.871 4317.009 4310.22 4303.431 4296.642 4289.853 4285.215 4282.893 4280.569 4278.247 4275.924 4282.083 4289.055 4296.028 4303.001 4313.179 4329.495
4255.976 4249.798 4244.342 4239.134 4233.926 4228.718 4223.836 4220.492 4217.147 4213.803 4210.458 4208.262 4206.813 4205.363 4203.914 4202.521 4202.623 4202.726 4202.828 4202.931 4204.456 4207.605 4210.753 4213.902 4217.051 4223.486 4230.295 4237.105 4243.915 4252.077 4263.003 4273.931 4284.858 4295.785 4305.943 4315.857 4325.771 4335.686 4344.0 4345.483 4346.967 4348.451 4349.934 4347.29 4342.121 4336.952 4331.783 4326.459 4318.26 4310.06 4301.86 4293.661 4288.207 4285.708 4283.208 4280.709 4278.21 4283.666 4289.885 4296.104 4302.324 4311.776 4327.418
4247.405 4240.956 4235.832 4231.164 4226.495 4221.826 4217.539 4215.044 4212.549 4210.054 4207.56 4206.061 4205.21 4204.359 4203.508 4202.712 4203.387 4204.061 4204.735 4205.41 4207.764 4212.035 4216.306 4220.576 4224.847 4232.477 4240.489 4248.5 4256.512 4265.619 4276.962 4288.306 4299.65 4310.994 4321.403 4331.515 4341.627 4351.739 4360.213 4361.697 4363.18 4364.664 4366.147 4362.595 4355.961 4349.329 4342.695 4335.91 4326.299 4316.689 4307.079 4297.468 4291.199 4288.523 4285.848 4283.172 4280.496 4285.249 4290.715 4296.181 4301.647 4310.373 4325.342
4238.835 4232.113 4227.322 4223.193 4219.064 4214.935 4211.241 4209.596 4207.951 4206.306 4204.661 4203.859 4203.607 4203.354 4203.102 4202.904 4204.15 4205.396 4206.643 4207.889 4211.072 4216.465 4221.858 4227.25 4232.644 4241.467 4250.682 4259.896 4269.11 4279.161 4290.921 4302.682 4314.442 4326.203 4336.863 4347.172 4357.482 4367.792 4376.426 4377.91 4379.393 4380.876 4382.36 4377.899 4369.802 4361.705 4353.607 4345.361 4334.339 4323.318 4312.297 4301.276 4294.19 4291.338 4288.486 4285.634 4282.782 4286.832 4291.545 4296.257 4300.97 4308.97 4323.266
4230.265 4223.271 4218.811 4215.222 4211.633 4208.043 4204.944 4204.148 4203.353 4202.557 4201.762 4201.658 4202.004 4202.351 4202.696 4203.096 4204.914 4206.732 4208.55 4210.368 4214.38 4220.895 4227.41 4233.925 4240.44 4250.458 4260.875 4271.291 4281.708 4292.703 4304.88 4317.058 4329.235 4341.413 4352.323 4362.83 4373.337 4383.845 4392.639 4394.123 4395.606 4397.089 4398.573 4393.204 4383.642 4374.081 4364.52 4354.812 4342.379 4329.948 4317.516 4305.084 4297.182 4294.154 4291.125 4288.097 4285.068 4288.416 4292.375 4296.333 4300.292 4307.567 4321.19
4223.862 4217.061 4213.134 4210.193 4207.252 4204.311 4201.871 4201.785 4201.7 4201.615 4201.53 4202.129 4203.174 4204.219 4205.264 4206.36 4208.797 4211.234 4213.671 4216.108 4220.823 4228.137 4235.451 4242.764 4250.078 4260.779 4271.865 4282.952 4294.038 4305.505 4317.751 4329.997 4342.243 4354.489 4365.809 4376.834 4387.86 4398.885 4408.064 4409.361 4410.658 4411.954 4413.251 4407.177 4396.595 4386.013 4375.431 4364.698 4351.162 4337.626 4324.09 4310.554 4301.789 4298.155 4294.521 4290.886 4287.252 4289.795 4292.931 4296.067 4299.203 4305.596 4318.225
4219.446 4213.265 4210.053 4207.86 4205.667 4203.474 4201.753 4202.25 4202.747 4203.244 4203.742 4205.05 4206.886 4208.722 4210.557 4212.439 4215.539 4218.638 4221.738 4224.837 4230.14 4237.956 4245.772 4253.588 4261.404 4272.32 4283.588 4294.856 4306.124 4317.63 4329.625 4341.62 4353.615 4365.609 4377.485 4389.323 4401.161 4412.999 4422.768 4423.707 4424.645 4425.583 4426.522 4419.932 4408.735 4397.539 4386.341 4374.983 4360.625 4346.266 4331.907 4317.549 4307.875 4303.242 4298.608 4293.975 4289.342 4290.988 4293.237 4295.486 4297.735 4303.103 4314.444
4215.03 4209.468 4206.972 4205.527 4204.083 4202.638 4201.635 4202.715 4203.794 4204.874 4205.954 4207.971 4210.597 4213.224 4215.851 4218.519 4222.281 4226.042 4229.805 4233.567 4239.458 4247.775 4256.094 4264.412 4272.73 4283.86 4295.31 4306.76 4318.209 4329.756 4341.5 4353.243 4364.986 4376.73 4389.162 4401.812 4414.462 4427.112 4437.471 4438.052 4438.632 4439.213 4439.793 4432.686 4420.875 4409.064 4397.252 4385.269 4370.087 4354.906 4339.725 4324.543 4313.962 4308.329 4302.697 4297.064 4291.431 4292.181 4293.542 4294.904 4296.267 4300.61 4310.664
4210.614 4205.672 4203.891 4203.194 4202.498 4201.801 4201.517 4203.179 4204.841 4206.503 4208.166 4210.891 4214.309 4217.726 4221.144 4224.598 4229.022 4233.447 4237.872 4242.296 4248.774 4257.595 4266.416 4275.236 4284.057 4295.401 4307.033 4318.664 4330.295 4341.881 4353.374 4364.866 4376.358 4387.851 4400.839 4414.301 4427.763 4441.226 4452.175 4452.397 4452.62 4452.842 4453.065 4445.44 4433.015 4420.589 4408.163 4395.555 4379.551 4363.546 4347.542 4331.538 4320.048 4313.417 4306.785 4300.153 4293.521 4293.374 4293.848 4294.323 4294.798 4298.118 4306.883
4206.198 4201.876 4200.81 4200.861 4200.913 4200.964 4201.399 4203.644 4205.889 4208.133 4210.377 4213.812 4218.02 4222.229 4226.437 4230.677 4235.764 4240.852 4245.939 4251.026 4258.092 4267.415 4276.738 4286.061 4295.383 4306.942 4318.755 4330.568 4342.381 4354.006 4365.248 4376.489 4387.73 4398.972 4412.516 4426.79 4441.064 4455.339 4466.878 4466.743 4466.607 4466.472 4466.336 4458.194 4445.154 4432.115 4419.074 4405.841 4389.014 4372.186 4355.359 4338.532 4326.135 4318.504 4310.873 4303.242 4295.61 4294.566 4294.154 4293.742 4293.33 4295.625 4303.103
4207.758 4204.885 4204.82 4205.718 4206.616 4207.514 4208.722 4211.388 4214.054 4216.72 4219.386 4223.145 4227.615 4232.084 4236.555 4241.061 4246.52 4251.979 4257.438 4262.897 4270.398 4280.229 4290.059 4299.89 4309.72 4320.585 4331.568 4342.551 4353.534 4364.523 4375.523 4386.524 4397.524 4408.525 4422.316 4436.993 4451.67 4466.346 4478.249 4478.305 4478.361 4478.418 4478.474 4470.468 4457.53 4444.592 4431.653 4418.486 4401.074 4383.663 4366.251 4348.84 4335.689 4327.121 4318.553 4309.985 4301.417 4299.334 4297.874 4296.415 4294.955 4296.248 4302.812
4209.495 4208.098 4209.042 4210.79 4212.537 4214.284 4216.266 4219.349 4222.431 4225.514 4228.597 4232.669 4237.385 4242.101 4246.816 4251.573 4257.395 4263.218 4269.04 4274.863 4282.794 4293.132 4303.471 4313.808 4324.146 4334.291 4344.414 4354.536 4364.659 4374.991 4385.751 4396.512 4407.271 4418.032 4432.062 4447.128 4462.195 4477.262 4489.519 4489.784 4490.049 4490.314 4490.579 4482.728 4469.913 4457.097 4444.281 4431.201 4413.213 4395.224 4377.236 4359.248 4345.347 4335.843 4326.34 4316.837 4307.333 4304.208 4301.696 4299.184 4296.671 4296.963 4302.624
4211.233 4211.311 4213.264 4215.861 4218.458 4221.055 4223.81 4227.31 4230.809 4234.309 4237.808 4242.193 4247.155 4252.117 4257.079 4262.084 4268.271 4274.457 4280.642 4286.828 4295.19 4306.036 4316.882 4327.727 4338.573 4347.997 4357.259 4366.522 4375.784 4385.459 4395.979 4406.499 4417.019 4427.539 4441.807 4457.263 4472.72 4488.177 4500.79 4501.263 4501.736 4502.209 4502.683 4494.988 4482.295 4469.603 4456.91 4443.917 4425.351 4406.786 4388.22 4369.655 4355.004 4344.566 4334.127 4323.689 4313.25 4309.083 4305.519 4301.954 4298.389 4297.679 4302.437
4212.971 4214.523 4217.485 4220.932 4224.378 4227.825 4231.354 4235.271 4239.187 4243.103 4247.02 4251.718 4256.925 4262.133 4267.34 4272.597 4279.146 4285.695 4292.244 4298.793 4307.586 4318.939 4330.293 4341.646 4352.999 4361.703 4370.105 4378.507 4386.909 4395.928 4406.208 4416.487 4426.766 4437.045 4451.551 4467.398 4483.245 4499.092 4512.061 4512.742 4513.424 4514.105 4514.787 4507.248 4494.678 4482.108 4469.538 4456.632 4437.49 4418.347 4399.205 4380.062 4364.662 4353.289 4341.915 4330.541 4319.167 4313.958 4309.34 4304.723 4300.105 4298.395 4302.249
4218.517 4221.257 4224.839 4228.711 4232.583 4236.455 4240.377 4244.54 4248.702 4252.864 4257.027 4262.073 4267.695 4273.317 4278.938 4284.62 4291.878 4299.137 4306.395 4313.653 4322.821 4334.167 4345.515 4356.861 4368.207 4376.317 4384.059 4391.801 4399.542 4408.113 4418.379 4428.645 4438.911 4449.176 4463.547 4479.22 4494.894 4510.567 4523.38 4523.985 4524.59 4525.195 4525.799 4518.089 4505.292 4492.495 4479.697 4466.557 4447.046 4427.536 4408.025 4388.514 4372.682 4360.806 4348.931 4337.056 4325.18 4319.167 4313.717 4308.267 4302.817 4300.499 4304.178
4229.318 4232.848 4236.513 4240.225 4243.936 4247.647 4251.44 4255.613 4259.786 4263.959 4268.132 4273.575 4279.843 4286.112 4292.38 4298.728 4307.172 4315.617 4324.062 4332.506 4341.972 4352.602 4363.233 4373.863 4384.494 4392.185 4399.542 4406.899 4414.256 4422.667 4433.231 4443.796 4454.361 4464.926 4478.647 4493.369 4508.091 4522.813 4534.767 4534.901 4535.036 4535.171 4535.305 4526.976 4513.468 4499.96 4486.452 4472.633 4453.042 4433.451 4413.86 4394.269 4378.441 4366.662 4354.883 4343.104 4331.325 4324.837 4318.858 4312.879 4306.9 4304.519 4309.026
4240.118 4244.44 4248.188 4251.739 4255.29 4258.841 4262.503 4266.687 4270.871 4275.054 4279.238 4285.077 4291.992 4298.907 4305.822 4312.835 4322.466 4332.097 4341.728 4351.359 4361.122 4371.037 4380.951 4390.865 4400.78 4408.053 4415.025 4421.997 4428.969 4437.22 4448.084 4458.948 4469.813 4480.676 4493.748 4507.519 4521.29 4535.06 4546.154 4545.818 4545.482 4545.147 4544.811 4535.862 4521.644 4507.425 4493.206 4478.709 4459.038 4439.367 4419.695 4400.024 4384.202 4372.519 4360.835 4349.153 4337.47 4330.508 4324.0 4317.492 4310.984 4308.539 4313.875
4250.919 4256.031 4259.862 4263.252 4266.643 4270.034 4273.565 4277.76 4281.955 4286.149 4290.344 4296.579 4304.14 4311.702 4319.263 4326.943 4337.761 4348.578 4359.395 4370.211 4380.272 4389.471 4398.669 4407.868 4417.066 4423.92 4430.508 4437.095 4443.683 4451.773 4462.937 4474.1 4485.263 4496.427 4508.848 4521.667 4534.487 4547.307 4557.541 4556.735 4555.929 4555.123 4554.317 4544.749 4529.819 4514.89 4499.96 4484.785 4465.033 4445.282 4425.531 4405.78 4389.961 4378.375 4366.788 4355.201 4343.614 4336.179 4329.142 4322.104 4315.067 4312.559 4318.723
4261.72 4267.623 4271.536 4274.766 4277.997 4281.227 4284.628 4288.833 4293.039 4297.244 4301.449 4308.08 4316.288 4324.497 4332.705 4341.051 4353.055 4365.058 4377.061 4389.064 4399.423 4407.905 4416.388 4424.87 4433.353 4439.788 4445.991 4452.193 4458.396 4466.327 4477.789 4489.251 4500.714 4512.177 4523.948 4535.817 4547.686 4559.554 4568.928 4567.652 4566.375 4565.099 4563.823 4553.635 4537.995 4522.355 4506.715 4490.86 4471.029 4451.198 4431.366 4411.535 4395.722 4384.231 4372.74 4361.25 4349.759 4341.849 4334.283 4326.717 4319.15 4316.579 4323.571
4277.878 4283.602 4287.121 4289.884 4292.648 4295.412 4298.424 4302.607 4306.791 4310.974 4315.157 4322.07 4330.757 4339.445 4348.132 4356.939 4368.907 4380.875 4392.842 4404.809 4414.896 4422.84 4430.783 4438.726 4446.668 4453.801 4460.841 4467.881 4474.921 4483.487 4495.175 4506.862 4518.55 4530.237 4540.868 4551.163 4561.458 4571.752 4579.701 4577.629 4575.557 4573.485 4571.414 4560.491 4544.155 4527.818 4511.481 4494.985 4475.533 4456.082 4436.63 4417.179 4401.53 4389.973 4378.416 4366.859 4355.302 4347.878 4340.852 4333.826 4326.799 4324.723 4332.125
4294.841 4300.238 4303.292 4305.543 4307.794 4310.044 4312.629 4316.786 4320.942 4325.099 4329.256 4336.433 4345.574 4354.716 4363.858 4373.094 4384.843 4396.591 4408.34 4420.088 4429.819 4437.249 4444.679 4452.109 4459.539 4467.535 4475.596 4483.657 4491.717 4501.039 4512.94 4524.841 4536.743 4548.644 4558.061 4566.688 4575.316 4583.944 4590.381 4587.465 4584.549 4581.633 4578.717 4567.043 4550.012 4532.98 4515.949 4498.817 4479.814 4460.811 4441.809 4422.806 4407.346 4395.698 4384.05 4372.403 4360.755 4353.962 4347.635 4341.309 4334.982 4333.485 4341.235
4311.804 4316.875 4319.464 4321.202 4322.94 4324.678 4326.834 4330.964 4335.094 4339.224 4343.354 4350.796 4360.392 4369.987 4379.583 4389.25 4400.779 4412.308 4423.837 4435.367 4444.742 4451.659 4458.576 4465.493 4472.41 4481.27 4490.351 4499.432 4508.514 4518.591 4530.706 4542.821 4554.936 4567.05 4575.253 4582.214 4589.175 4596.135 4601.062 4597.301 4593.541 4589.78 4586.02 4573.595 4555.869 4538.143 4520.417 4502.648 4484.095 4465.541 4446.987 4428.433 4413.162 4401.423 4389.685 4377.946 4366.208 4360.045 4354.419 4348.792 4343.166 4342.248 4350.344
4328.767 4333.512 4335.636 4336.861 4338.086 4339.311 4341.04 4345.143 4349.246 4353.349 4357.453 4365.159 4375.209 4385.259 4395.309 4405.405 4416.715 4428.025 4439.335 4450.646 4459.664 4466.068 4472.472 4478.876 4485.28 4495.004 4505.106 4515.208 4525.31 4536.143 4548.472 4560.8 4573.129 4585.457 4592.446 4597.739 4603.033 4608.327 4611.742 4607.137 4602.533 4597.928 4593.323 4580.147 4561.727 4543.306 4524.885 4506.48 4488.375 4470.27 4452.165 4434.06 4418.978 4407.149 4395.319 4383.49 4371.66 4366.129 4361.202 4356.275 4351.349 4351.01 4359.454
4344.631 4349.25 4351.273 4352.405 4353.538 4354.671 4356.302 4360.28 4364.257 4368.235 4372.213 4380.031 4390.348 4400.665 4410.981 4421.323 4432.333 4443.342 4454.352 4465.361 4474.162 4480.445 4486.729 4493.011 4499.294 4509.729 4520.637 4531.545 4542.453 4553.75 4565.844 4577.938 4590.033 4602.127 4608.009 4611.92 4615.832 4619.743 4621.871 4616.39 4610.909 4605.427 4599.946 4586.008 4566.896 4547.785 4528.672 4509.639 4492.063 4474.486 4456.91 4439.334 4424.51 4412.646 4400.782 4388.917 4377.053 4372.07 4367.749 4363.427 4359.104 4359.236 4367.897
4358.148 4363.066 4365.766 4367.706 4369.645 4371.584 4373.822 4377.463 4381.104 4384.745 4388.386 4395.991 4406.174 4416.357 4426.541 4436.736 4447.27 4457.804 4468.338 4478.872 4487.754 4494.753 4501.752 4508.751 4515.75 4526.57 4537.826 4549.081 4560.336 4571.475 4582.378 4593.28 4604.183 4615.085 4620.093 4623.229 4626.366 4629.502 4630.823 4624.396 4617.969 4611.542 4605.115 4590.394 4570.598 4550.802 4531.006 4511.359 4494.483 4477.607 4460.73 4443.854 4429.434 4417.655 4405.877 4394.098 4382.32 4377.71 4373.789 4369.868 4365.946 4366.319 4374.916
