data/zism_data/00815_02_D.txt
ncols         224
nrows         224
[rows 145 to 173 of 224, columns 132 to 197 of 224]
1121.751 1127.27 1132.79 1138.309 1143.244 1147.996 1152.748 1157.5 1161.814 1164.41 1167.006 1169.602 1172.198 1173.053 1172.951 1172.848 1172.745 1172.203 1167.051 1161.898 1156.746 1151.594 1144.91 1136.862 1128.814 1120.766 1112.718 1110.006 1107.454 1104.902 1102.349 1100.774 1100.587 1100.401 1100.214 1100.027 1100.0 1100.0 1100.0 1100.0 1100.361 1101.576 1102.79 1104.005 1105.219 1106.941 1108.842 1110.743 1112.643 1114.295 1114.824 1115.353 1115.882 1116.41 1117.461 1118.828 1120.195 1121.562 1122.839 1122.839 1122.839 1122.839 1122.839 1121.624 1119.229 1116.833
1118.146 1123.425 1128.704 1133.982 1138.828 1143.537 1148.246 1152.955 1157.195 1159.593 1161.992 1164.39 1166.788 1167.415 1167.066 1166.718 1166.369 1165.559 1159.899 1154.239 1148.579 1142.919 1136.369 1129.026 1121.684 1114.341 1106.998 1105.412 1103.998 1102.584 1101.17 1100.309 1100.234 1100.16 1100.085 1100.011 1100.0 1100.0 1100.0 1100.0 1100.47 1102.054 1103.637 1105.22 1106.804 1109.044 1111.517 1113.989 1116.462 1118.612 1119.306 1120.001 1120.695 1121.39 1122.566 1124.035 1125.503 1126.971 1128.344 1128.344 1128.344 1128.344 1128.344 1126.922 1124.121 1121.319
1114.923 1119.861 1124.799 1129.737 1134.437 1139.062 1143.687 1148.312 1152.448 1154.661 1156.874 1159.087 1161.301 1161.616 1160.887 1160.158 1159.429 1158.257 1152.43 1146.604 1140.777 1134.951 1128.791 1122.335 1115.879 1109.422 1102.966 1102.187 1101.577 1100.968 1100.358 1100.0 1100.0 1100.0 1100.0 1100.0 1100.041 1100.09 1100.138 1100.187 1100.835 1102.902 1104.969 1107.035 1109.102 1111.901 1114.958 1118.014 1121.071 1123.751 1124.726 1125.701 1126.675 1127.65 1128.915 1130.356 1131.797 1133.237 1134.584 1134.584 1134.584 1134.584 1134.584 1133.066 1130.073 1127.081
1112.458 1116.856 1121.255 1125.653 1130.098 1134.557 1139.016 1143.476 1147.447 1149.5 1151.553 1153.606 1155.658 1155.5 1154.125 1152.749 1151.374 1149.655 1144.336 1139.017 1133.698 1128.379 1123.117 1117.906 1112.695 1107.484 1102.273 1101.67 1101.204 1100.739 1100.273 1100.0 1100.0 1100.0 1100.0 1100.0 1100.165 1100.358 1100.55 1100.743 1101.704 1104.481 1107.259 1110.036 1112.813 1116.248 1119.914 1123.58 1127.246 1130.516 1131.999 1133.481 1134.964 1136.446 1137.726 1138.883 1140.041 1141.198 1142.28 1142.28 1142.28 1142.28 1142.28 1140.881 1138.124 1135.366
1109.993 1113.851 1117.71 1121.569 1125.758 1130.052 1134.346 1138.64 1142.446 1144.339 1146.231 1148.124 1150.016 1149.384 1147.362 1145.34 1143.318 1141.053 1136.242 1131.431 1126.619 1121.808 1117.444 1113.477 1109.511 1105.545 1101.579 1101.152 1100.831 1100.51 1100.188 1100.0 1100.0 1100.0 1100.0 1100.0 1100.288 1100.625 1100.962 1101.299 1102.572 1106.06 1109.549 1113.037 1116.525 1120.595 1124.87 1129.145 1133.42 1137.281 1139.271 1141.262 1143.252 1145.242 1146.536 1147.411 1148.285 1149.159 1149.976 1149.976 1149.976 1149.976 1149.976 1148.697 1146.175 1143.652
1107.528 1110.846 1114.165 1117.484 1121.419 1125.547 1129.675 1133.803 1137.445 1139.177 1140.91 1142.642 1144.374 1143.268 1140.599 1137.931 1135.262 1132.452 1128.148 1123.844 1119.54 1115.237 1111.77 1109.049 1106.328 1103.606 1100.885 1100.635 1100.458 1100.281 1100.104 1100.0 1100.0 1100.0 1100.0 1100.0 1100.411 1100.893 1101.374 1101.855 1103.441 1107.64 1111.839 1116.037 1120.236 1124.942 1129.826 1134.71 1139.595 1144.047 1146.544 1149.042 1151.54 1154.037 1155.347 1155.938 1156.529 1157.12 1157.672 1157.672 1157.672 1157.672 1157.672 1156.512 1154.225 1151.938
1105.062 1107.842 1110.621 1113.4 1117.079 1121.042 1125.004 1128.967 1132.444 1134.016 1135.588 1137.16 1138.732 1137.152 1133.837 1130.522 1127.207 1123.85 1120.054 1116.258 1112.461 1108.665 1106.096 1104.62 1103.144 1101.668 1100.192 1100.117 1100.084 1100.052 1100.019 1100.0 1100.0 1100.0 1100.0 1100.0 1100.535 1101.16 1101.786 1102.411 1104.31 1109.219 1114.129 1119.038 1123.948 1129.289 1134.782 1140.276 1145.769 1150.812 1153.817 1156.823 1159.828 1162.833 1164.157 1164.465 1164.773 1165.081 1165.369 1165.369 1165.369 1165.369 1165.369 1164.328 1162.276 1160.223
1103.806 1106.062 1108.318 1110.574 1113.795 1117.319 1120.843 1124.366 1127.466 1128.898 1130.331 1131.763 1133.195 1131.602 1128.343 1125.084 1121.826 1118.577 1115.433 1112.289 1109.146 1106.002 1103.996 1103.005 1102.013 1101.021 1100.029 1100.0 1100.0 1100.0 1100.0 1100.009 1100.029 1100.05 1100.071 1100.091 1100.915 1101.875 1102.835 1103.795 1106.072 1111.465 1116.858 1122.25 1127.643 1133.405 1139.297 1145.188 1151.08 1156.497 1159.766 1163.035 1166.304 1169.573 1170.954 1171.194 1171.433 1171.673 1171.897 1171.897 1171.897 1171.897 1171.897 1170.992 1169.208 1167.424
1102.903 1104.641 1106.379 1108.116 1110.819 1113.824 1116.83 1119.835 1122.494 1123.793 1125.092 1126.391 1127.689 1126.218 1123.221 1120.224 1117.227 1114.277 1111.828 1109.379 1106.93 1104.481 1102.942 1102.211 1101.481 1100.751 1100.021 1100.0 1100.0 1100.0 1100.0 1100.02 1100.067 1100.114 1100.162 1100.209 1101.37 1102.721 1104.071 1105.421 1108.096 1113.905 1119.715 1125.524 1131.334 1137.453 1143.682 1149.91 1156.139 1161.866 1165.327 1168.789 1172.25 1175.711 1177.162 1177.396 1177.63 1177.865 1178.083 1178.083 1178.083 1178.083 1178.083 1177.319 1175.813 1174.307
1102.0 1103.22 1104.439 1105.658 1107.843 1110.33 1112.817 1115.304 1117.523 1118.688 1119.853 1121.018 1122.183 1120.833 1118.098 1115.363 1112.628 1109.978 1108.224 1106.469 1104.715 1102.961 1101.887 1101.418 1100.95 1100.482 1100.014 1100.0 1100.0 1100.0 1100.0 1100.031 1100.105 1100.179 1100.253 1100.327 1101.826 1103.566 1105.306 1107.046 1110.119 1116.346 1122.572 1128.798 1135.025 1141.502 1148.067 1154.632 1161.197 1167.235 1170.889 1174.542 1178.196 1181.85 1183.369 1183.598 1183.827 1184.056 1184.27 1184.27 1184.27 1184.27 1184.27 1183.647 1182.419 1181.191
1101.097 1101.799 1102.5 1103.201 1104.866 1106.835 1108.804 1110.773 1112.551 1113.583 1114.615 1115.646 1116.678 1115.449 1112.975 1110.502 1108.029 1105.678 1104.619 1103.559 1102.5 1101.44 1100.832 1100.625 1100.419 1100.212 1100.006 1100.0 1100.0 1100.0 1100.0 1100.042 1100.142 1100.243 1100.344 1100.445 1102.281 1104.411 1106.542 1108.672 1112.143 1118.786 1125.429 1132.073 1138.716 1145.55 1152.452 1159.354 1166.256 1172.604 1176.45 1180.296 1184.142 1187.988 1189.577 1189.8 1190.024 1190.248 1190.457 1190.457 1190.457 1190.457 1190.457 1189.975 1189.024 1188.074
1100.368 1100.647 1100.926 1101.205 1102.403 1103.891 1105.379 1106.867 1108.232 1109.115 1109.998 1110.881 1111.765 1110.684 1108.522 1106.361 1104.199 1102.183 1101.694 1101.206 1100.718 1100.23 1100.0 1100.0 1100.0 1100.0 1100.0 1100.0 1100.0 1100.0 1100.0 1100.049 1100.169 1100.289 1100.408 1100.528 1102.652 1105.116 1107.58 1110.043 1113.89 1121.006 1128.123 1135.239 1142.356 1149.505 1156.665 1163.826 1170.986 1177.555 1181.448 1185.342 1189.236 1193.129 1194.727 1194.936 1195.145 1195.355 1195.55 1195.55 1195.55 1195.55 1195.55 1195.196 1194.499 1193.802
1100.283 1100.498 1100.713 1100.928 1101.851 1102.997 1104.142 1105.288 1106.339 1107.02 1107.7 1108.38 1109.06 1108.228 1106.563 1104.899 1103.234 1101.681 1101.305 1100.929 1100.553 1100.177 1100.0 1100.0 1100.0 1100.0 1100.0 1100.0 1100.0 1100.0 1100.0 1100.045 1100.154 1100.263 1100.372 1100.481 1102.708 1105.295 1107.882 1110.468 1114.604 1122.405 1130.205 1138.006 1145.806 1153.11 1160.238 1167.367 1174.495 1180.948 1184.35 1187.753 1191.155 1194.557 1195.939 1196.1 1196.261 1196.422 1196.573 1196.573 1196.573 1196.573 1196.573 1196.301 1195.764 1195.226
1100.199 1100.349 1100.5 1100.651 1101.298 1102.102 1102.906 1103.71 1104.447 1104.925 1105.402 1105.879 1106.356 1105.772 1104.604 1103.437 1102.269 1101.179 1100.916 1100.652 1100.388 1100.124 1100.0 1100.0 1100.0 1100.0 1100.0 1100.0 1100.0 1100.0 1100.0 1100.041 1100.139 1100.237 1100.335 1100.434 1102.765 1105.474 1108.184 1110.893 1115.319 1123.803 1132.288 1140.772 1149.256 1156.715 1163.811 1170.908 1178.004 1184.342 1187.253 1190.163 1193.074 1195.984 1197.151 1197.264 1197.377 1197.49 1197.596 1197.596 1197.596 1197.596 1197.596 1197.405 1197.028 1196.651
1100.114 1100.201 1100.287 1100.374 1100.746 1101.208 1101.67 1102.131 1102.555 1102.829 1103.104 1103.378 1103.652 1103.316 1102.645 1101.974 1101.303 1100.677 1100.526 1100.374 1100.223 1100.071 1100.0 1100.0 1100.0 1100.0 1100.0 1100.0 1100.0 1100.0 1100.0 1100.036 1100.124 1100.211 1100.299 1100.386 1102.821 1105.654 1108.486 1111.318 1116.033 1125.202 1134.37 1143.539 1152.707 1160.32 1167.385 1174.449 1181.513 1187.736 1190.155 1192.573 1194.992 1197.411 1198.363 1198.428 1198.493 1198.558 1198.619 1198.619 1198.619 1198.619 1198.619 1198.509 1198.292 1198.076
1100.03 1100.052 1100.075 1100.097 1100.194 1100.313 1100.433 1100.553 1100.663 1100.734 1100.805 1100.876 1100.948 1100.86 1100.686 1100.512 1100.338 1100.176 1100.136 1100.097 1100.058 1100.019 1100.0 1100.0 1100.0 1100.0 1100.0 1100.0 1100.0 1100.0 1100.0 1100.032 1100.109 1100.186 1100.262 1100.339 1102.877 1105.833 1108.788 1111.744 1116.748 1126.6 1136.453 1146.305 1156.157 1163.925 1170.958 1177.99 1185.022 1191.129 1193.057 1194.984 1196.911 1198.839 1199.575 1199.592 1199.609 1199.626 1199.642 1199.642 1199.642 1199.642 1199.642 1199.613 1199.557 1199.501
1100.0 1100.0 1100.0 1100.0 1100.0 1100.0 1100.0 1100.0 1100.0 1100.0 1100.0 1100.0 1100.0 1100.0 1100.0 1100.0 1100.0 1100.002 1100.023 1100.043 1100.064 1100.085 1100.189 1100.366 1100.543 1100.72 1100.897 1101.155 1101.415 1101.675 1101.936 1102.04 1101.922 1101.804 1101.686 1101.569 1103.7 1106.212 1108.725 1111.237 1115.958 1125.904 1135.851 1145.797 1155.743 1163.827 1171.254 1178.681 1186.109 1192.501 1194.214 1195.927 1197.641 1199.354 1200.0 1200.0 1200.0 1200.0 1200.0 1200.0 1200.0 1200.0 1200.0 1200.0 1200.0 1200.0
1100.0 1100.0 1100.0 1100.0 1100.0 1100.0 1100.0 1100.0 1100.0 1100.0 1100.0 1100.0 1100.0 1100.0 1100.0 1100.0 1100.0 1100.005 1100.057 1100.11 1100.163 1100.216 1100.479 1100.928 1101.378 1101.828 1102.277 1102.932 1103.593 1104.254 1104.915 1105.133 1104.722 1104.31 1103.898 1103.486 1104.936 1106.7 1108.464 1110.229 1114.357 1124.079 1133.801 1143.523 1153.244 1161.732 1169.784 1177.837 1185.889 1192.781 1194.431 1196.08 1197.729 1199.379 1200.0 1200.0 1200.0 1200.0 1200.0 1200.0 1200.0 1200.0 1200.0 1200.0 1200.0 1200.0
1100.0 1100.0 1100.0 1100.0 1100.0 1100.0 1100.0 1100.0 1100.0 1100.0 1100.0 1100.0 1100.0 1100.0 1100.0 1100.0 1100.0 1100.007 1100.092 1100.177 1100.262 1100.347 1100.769 1101.491 1102.213 1102.935 1103.657 1104.709 1105.771 1106.833 1107.895 1108.227 1107.521 1106.815 1106.11 1105.404 1106.171 1107.187 1108.204 1109.22 1112.756 1122.253 1131.751 1141.248 1150.745 1159.637 1168.314 1176.992 1185.669 1193.062 1194.647 1196.232 1197.818 1199.403 1200.0 1200.0 1200.0 1200.0 1200.0 1200.0 1200.0 1200.0 1200.0 1200.0 1200.0 1200.0
1100.0 1100.0 1100.0 1100.0 1100.0 1100.0 1100.0 1100.0 1100.0 1100.0 1100.0 1100.0 1100.0 1100.0 1100.0 1100.0 1100.0 1100.01 1100.127 1100.244 1100.361 1100.478 1101.059 1102.054 1103.049 1104.043 1105.038 1106.487 1107.949 1109.412 1110.874 1111.32 1110.32 1109.321 1108.322 1107.322 1107.407 1107.675 1107.943 1108.212 1111.155 1120.428 1129.701 1138.974 1148.247 1157.542 1166.844 1176.147 1185.45 1193.343 1194.864 1196.385 1197.906 1199.427 1200.0 1200.0 1200.0 1200.0 1200.0 1200.0 1200.0 1200.0 1200.0 1200.0 1200.0 1200.0
1100.0 1100.0 1100.0 1100.0 1100.0 1100.0 1100.0 1100.0 1100.0 1100.0 1100.0 1100.0 1100.0 1100.0 1100.0 1100.0 1100.0 1100.015 1100.188 1100.362 1100.535 1100.709 1101.481 1102.787 1104.093 1105.399 1106.705 1108.577 1110.466 1112.355 1114.244 1114.856 1113.652 1112.448 1111.244 1110.04 1109.455 1108.975 1108.496 1108.016 1110.335 1119.275 1128.216 1137.156 1146.096 1155.704 1165.547 1175.39 1185.233 1193.56 1195.03 1196.5 1197.97 1199.44 1199.995 1199.996 1199.997 1199.999 1200.0 1200.0 1200.0 1200.0 1200.0 1200.0 1200.0 1200.0
1100.0 1100.0 1100.0 1100.0 1100.0 1100.0 1100.0 1100.0 1100.0 1100.0 1100.0 1100.0 1100.0 1100.0 1100.0 1100.0 1100.0 1100.042 1100.525 1101.009 1101.492 1101.976 1103.273 1105.295 1107.317 1109.339 1111.36 1113.928 1116.512 1119.095 1121.679 1122.999 1122.521 1122.044 1121.567 1121.09 1119.971 1118.743 1117.515 1116.287 1117.647 1125.128 1132.61 1140.092 1147.573 1156.547 1166.048 1175.549 1185.051 1193.112 1194.668 1196.223 1197.779 1199.334 1199.931 1199.949 1199.966 1199.984 1200.0 1200.0 1200.0 1200.0 1200.0 1200.0 1200.0 1200.0
1100.0 1100.0 1100.0 1100.0 1100.0 1100.0 1100.0 1100.0 1100.0 1100.0 1100.0 1100.0 1100.0 1100.0 1100.0 1100.0 1100.0 1100.069 1100.862 1101.656 1102.449 1103.242 1105.064 1107.802 1110.54 1113.278 1116.016 1119.279 1122.557 1125.836 1129.114 1131.142 1131.391 1131.641 1131.89 1132.14 1130.486 1128.51 1126.534 1124.558 1124.959 1130.982 1137.004 1143.027 1149.05 1157.391 1166.55 1175.709 1184.868 1192.665 1194.306 1195.947 1197.588 1199.229 1199.868 1199.902 1199.935 1199.969 1200.0 1200.0 1200.0 1200.0 1200.0 1200.0 1200.0 1200.0
1100.0 1100.0 1100.0 1100.0 1100.0 1100.0 1100.0 1100.0 1100.0 1100.0 1100.0 1100.0 1100.0 1100.0 1100.0 1100.0 1100.0 1100.096 1101.199 1102.302 1103.406 1104.509 1106.856 1110.31 1113.764 1117.218 1120.672 1124.63 1128.603 1132.576 1136.549 1139.284 1140.261 1141.237 1142.214 1143.19 1141.002 1138.278 1135.554 1132.83 1132.271 1136.835 1141.399 1145.963 1150.526 1158.234 1167.051 1175.868 1184.685 1192.218 1193.944 1195.671 1197.397 1199.124 1199.805 1199.855 1199.904 1199.954 1200.0 1200.0 1200.0 1200.0 1200.0 1200.0 1200.0 1200.0
1100.0 1100.0 1100.0 1100.0 1100.0 1100.0 1100.0 1100.0 1100.0 1100.0 1100.0 1100.0 1100.0 1100.0 1100.0 1100.0 1100.0 1100.123 1101.536 1102.949 1104.363 1105.776 1108.647 1112.818 1116.988 1121.158 1125.328 1129.981 1134.649 1139.316 1143.984 1147.427 1149.13 1150.834 1152.537 1154.24 1151.518 1148.045 1144.573 1141.101 1139.583 1142.688 1145.793 1148.898 1152.003 1159.078 1167.553 1176.027 1184.503 1191.771 1193.583 1195.395 1197.207 1199.019 1199.742 1199.808 1199.873 1199.939 1200.0 1200.0 1200.0 1200.0 1200.0 1200.0 1200.0 1200.0
1100.0 1100.0 1100.0 1100.0 1100.0 1100.0 1100.0 1100.0 1100.0 1100.0 1100.0 1100.0 1100.0 1100.0 1100.0 1100.0 1100.0 1100.151 1101.885 1103.62 1105.354 1107.088 1110.537 1115.514 1120.489 1125.465 1130.441 1135.656 1140.878 1146.1 1151.322 1155.282 1157.447 1159.613 1161.779 1163.945 1161.306 1157.852 1154.398 1150.945 1149.121 1151.155 1153.189 1155.223 1157.257 1163.28 1170.711 1178.142 1185.573 1191.973 1193.713 1195.454 1197.194 1198.934 1199.646 1199.736 1199.826 1199.916 1200.0 1200.0 1200.0 1200.0 1200.0 1200.0 1200.0 1200.0
1100.0 1100.0 1100.0 1100.0 1100.0 1100.0 1100.0 1100.0 1100.0 1100.0 1100.0 1100.0 1100.0 1100.0 1100.0 1100.0 1100.0 1100.18 1102.245 1104.311 1106.377 1108.442 1112.517 1118.38 1124.243 1130.106 1135.968 1141.624 1147.274 1152.923 1158.572 1162.876 1165.266 1167.656 1170.046 1172.437 1170.438 1167.694 1164.952 1162.208 1160.67 1161.983 1163.296 1164.608 1165.921 1170.516 1176.269 1182.022 1187.775 1192.762 1194.289 1195.815 1197.342 1198.869 1199.52 1199.642 1199.764 1199.886 1200.0 1200.0 1200.0 1200.0 1200.0 1200.0 1200.0 1200.0
1100.0 1100.0 1100.0 1100.0 1100.0 1100.0 1100.0 1100.0 1100.0 1100.0 1100.0 1100.0 1100.0 1100.0 1100.0 1100.0 1100.0 1100.208 1102.605 1105.002 1107.4 1109.797 1114.496 1121.246 1127.996 1134.746 1141.496 1147.592 1153.669 1159.746 1165.823 1170.47 1173.084 1175.699 1178.314 1180.928 1179.569 1177.537 1175.505 1173.472 1172.219 1172.811 1173.402 1173.994 1174.585 1177.751 1181.827 1185.902 1189.977 1193.552 1194.865 1196.177 1197.49 1198.803 1199.394 1199.548 1199.702 1199.856 1200.0 1200.0 1200.0 1200.0 1200.0 1200.0 1200.0 1200.0
1100.0 1100.0 1100.0 1100.0 1100.0 1100.0 1100.0 1100.0 1100.0 1100.0 1100.0 1100.0 1100.0 1100.0 1100.0 1100.0 1100.0 1100.237 1102.966 1105.694 1108.422 1111.151 1116.475 1124.112 1131.749 1139.386 1147.023 1153.56 1160.064 1166.569 1173.073 1178.064 1180.903 1183.742 1186.581 1189.42 1188.701 1187.38 1186.058 1184.736 1183.769 1183.639 1183.509 1183.379 1183.249 1184.987 1187.384 1189.781 1192.179 1194.341 1195.44 1196.539 1197.638 1198.737 1199.267 1199.454 1199.64 1199.826 1200.0 1200.0 1200.0 1200.0 1200.0 1200.0 1200.0 1200.0
