data/zism_data/00811_02_D.txt
ncols         224
nrows         224
[rows 28 to 55 of 224, columns 63 to 125 of 224]
1799.839 1799.714 1799.59 1799.465 1799.432 1799.432 1799.432 1799.432 1799.432 1799.432 1799.432 1799.432 1799.432 1799.463 1799.51 1799.558 1799.605 1799.655 1799.733 1799.81 1799.887 1799.964 1800.0 1800.0 1800.0 1800.0 1800.0 1800.0 1800.0 1800.0 1800.0 1800.0 1800.0 1800.0 1800.0 1800.0 1800.0 1800.0 1800.0 1800.0 1800.0 1800.0 1800.0 1800.0 1800.0 1799.95 1799.887 1799.824 1799.76 1799.693 1799.614 1799.535 1799.456 1799.377 1799.169 1798.902 1798.635 1798.368 1798.156 1798.314 1798.473 1798.631 1798.789
1799.797 1799.64 1799.483 1799.326 1799.285 1799.285 1799.285 1799.285 1799.285 1799.285 1799.285 1799.285 1799.285 1799.305 1799.337 1799.368 1799.4 1799.439 1799.565 1799.69 1799.816 1799.942 1800.0 1800.0 1800.0 1800.0 1800.0 1800.0 1800.0 1800.0 1800.0 1800.0 1800.0 1800.0 1800.0 1800.0 1800.0 1800.0 1800.0 1800.0 1800.0 1800.0 1800.0 1800.0 1800.0 1799.967 1799.926 1799.884 1799.842 1799.798 1799.745 1799.693 1799.641 1799.589 1799.401 1799.15 1798.899 1798.648 1798.443 1798.547 1798.652 1798.756 1798.861
1799.756 1799.567 1799.377 1799.188 1799.138 1799.138 1799.138 1799.138 1799.138 1799.138 1799.138 1799.138 1799.138 1799.148 1799.163 1799.179 1799.194 1799.223 1799.397 1799.571 1799.745 1799.919 1800.0 1800.0 1800.0 1800.0 1800.0 1800.0 1800.0 1800.0 1800.0 1800.0 1800.0 1800.0 1800.0 1800.0 1800.0 1800.0 1800.0 1800.0 1800.0 1800.0 1800.0 1800.0 1800.0 1799.984 1799.964 1799.944 1799.923 1799.902 1799.876 1799.851 1799.826 1799.8 1799.632 1799.397 1799.162 1798.927 1798.73 1798.78 1798.831 1798.882 1798.932
1799.719 1799.501 1799.283 1799.065 1799.007 1799.005 1799.003 1799.001 1798.999 1798.996 1798.992 1798.989 1798.986 1798.984 1798.984 1798.984 1798.983 1799.002 1799.221 1799.441 1799.66 1799.88 1799.982 1799.983 1799.984 1799.985 1799.986 1799.987 1799.988 1799.99 1799.991 1799.991 1799.989 1799.987 1799.985 1799.983 1799.985 1799.988 1799.99 1799.993 1799.995 1799.996 1799.997 1799.999 1800.0 1800.0 1800.0 1800.0 1800.0 1800.0 1800.0 1800.0 1800.0 1800.0 1799.852 1799.635 1799.418 1799.201 1799.013 1799.013 1799.013 1799.013 1799.013
1799.761 1799.575 1799.39 1799.204 1799.13 1799.096 1799.062 1799.028 1798.988 1798.926 1798.863 1798.8 1798.738 1798.711 1798.706 1798.7 1798.694 1798.708 1798.922 1799.136 1799.35 1799.564 1799.672 1799.689 1799.706 1799.724 1799.741 1799.763 1799.786 1799.809 1799.832 1799.83 1799.796 1799.761 1799.727 1799.693 1799.729 1799.775 1799.82 1799.866 1799.904 1799.927 1799.949 1799.972 1799.995 1800.0 1800.0 1800.0 1800.0 1800.0 1800.0 1800.0 1800.0 1800.0 1799.885 1799.717 1799.548 1799.38 1799.233 1799.233 1799.233 1799.233 1799.233
1799.802 1799.649 1799.496 1799.342 1799.253 1799.187 1799.12 1799.054 1798.977 1798.855 1798.733 1798.611 1798.49 1798.438 1798.427 1798.416 1798.405 1798.413 1798.622 1798.831 1799.039 1799.248 1799.363 1799.396 1799.429 1799.462 1799.495 1799.54 1799.584 1799.628 1799.672 1799.669 1799.602 1799.536 1799.469 1799.403 1799.474 1799.562 1799.651 1799.739 1799.813 1799.857 1799.902 1799.946 1799.99 1800.0 1800.0 1800.0 1800.0 1800.0 1800.0 1800.0 1800.0 1800.0 1799.918 1799.798 1799.678 1799.558 1799.454 1799.454 1799.454 1799.454 1799.454
1799.844 1799.723 1799.602 1799.481 1799.376 1799.278 1799.179 1799.08 1798.966 1798.785 1798.604 1798.423 1798.242 1798.166 1798.149 1798.133 1798.116 1798.119 1798.322 1798.526 1798.729 1798.932 1799.053 1799.102 1799.152 1799.201 1799.25 1799.316 1799.382 1799.448 1799.513 1799.508 1799.409 1799.31 1799.211 1799.113 1799.218 1799.349 1799.481 1799.613 1799.722 1799.788 1799.854 1799.92 1799.986 1800.0 1800.0 1800.0 1800.0 1800.0 1800.0 1800.0 1800.0 1800.0 1799.951 1799.88 1799.808 1799.736 1799.674 1799.674 1799.674 1799.674 1799.674
1799.886 1799.797 1799.708 1799.62 1799.5 1799.368 1799.237 1799.106 1798.955 1798.714 1798.474 1798.234 1797.994 1797.893 1797.871 1797.849 1797.827 1797.825 1798.022 1798.22 1798.418 1798.616 1798.743 1798.809 1798.874 1798.94 1799.005 1799.092 1799.18 1799.267 1799.354 1799.347 1799.216 1799.085 1798.953 1798.823 1798.962 1799.136 1799.311 1799.486 1799.632 1799.719 1799.806 1799.894 1799.981 1800.0 1800.0 1800.0 1800.0 1800.0 1800.0 1800.0 1800.0 1800.0 1799.984 1799.961 1799.938 1799.915 1799.895 1799.895 1799.895 1799.895 1799.895
1799.805 1799.762 1799.72 1799.678 1799.569 1799.436 1799.304 1799.171 1799.014 1798.748 1798.482 1798.216 1797.951 1797.801 1797.718 1797.635 1797.551 1797.484 1797.587 1797.689 1797.792 1797.895 1797.973 1798.029 1798.085 1798.142 1798.198 1798.295 1798.393 1798.49 1798.588 1798.565 1798.385 1798.205 1798.024 1797.844 1798.048 1798.302 1798.557 1798.811 1799.05 1799.257 1799.464 1799.671 1799.878 1799.937 1799.953 1799.97 1799.987 1800.0 1800.0 1800.0 1800.0 1800.0 1800.0 1800.0 1800.0 1800.0 1800.0 1800.0 1800.0 1800.0 1800.0
1799.612 1799.629 1799.645 1799.662 1799.589 1799.483 1799.378 1799.272 1799.137 1798.877 1798.617 1798.356 1798.096 1797.876 1797.68 1797.483 1797.287 1797.101 1797.026 1796.951 1796.876 1796.801 1796.779 1796.803 1796.828 1796.852 1796.876 1796.972 1797.07 1797.168 1797.265 1797.214 1796.969 1796.724 1796.48 1796.235 1796.531 1796.899 1797.266 1797.633 1798.017 1798.434 1798.851 1799.269 1799.686 1799.815 1799.864 1799.913 1799.962 1800.0 1800.0 1800.0 1800.0 1800.0 1800.0 1800.0 1800.0 1800.0 1800.0 1800.0 1800.0 1800.0 1800.0
1799.419 1799.495 1799.571 1799.647 1799.609 1799.53 1799.451 1799.373 1799.261 1799.006 1798.751 1798.496 1798.241 1797.951 1797.642 1797.332 1797.023 1796.718 1796.466 1796.213 1795.96 1795.708 1795.586 1795.578 1795.57 1795.562 1795.554 1795.65 1795.747 1795.845 1795.943 1795.863 1795.554 1795.245 1794.935 1794.626 1795.015 1795.495 1795.975 1796.456 1796.985 1797.612 1798.239 1798.866 1799.493 1799.693 1799.775 1799.856 1799.937 1800.0 1800.0 1800.0 1800.0 1800.0 1800.0 1800.0 1800.0 1800.0 1800.0 1800.0 1800.0 1800.0 1800.0
1799.225 1799.361 1799.496 1799.631 1799.628 1799.577 1799.525 1799.473 1799.384 1799.135 1798.885 1798.635 1798.386 1798.026 1797.603 1797.181 1796.758 1796.335 1795.905 1795.475 1795.045 1794.615 1794.393 1794.353 1794.312 1794.272 1794.231 1794.327 1794.425 1794.522 1794.62 1794.512 1794.138 1793.764 1793.391 1793.016 1793.498 1794.091 1794.685 1795.278 1795.953 1796.79 1797.627 1798.464 1799.3 1799.571 1799.685 1799.799 1799.913 1800.0 1800.0 1800.0 1800.0 1800.0 1800.0 1800.0 1800.0 1800.0 1800.0 1800.0 1800.0 1800.0 1800.0
1799.032 1799.227 1799.421 1799.616 1799.648 1799.624 1799.599 1799.574 1799.508 1799.264 1799.019 1798.775 1798.531 1798.101 1797.565 1797.03 1796.494 1795.953 1795.345 1794.737 1794.129 1793.521 1793.2 1793.127 1793.055 1792.982 1792.909 1793.004 1793.102 1793.199 1793.297 1793.161 1792.723 1792.284 1791.846 1791.407 1791.981 1792.688 1793.394 1794.1 1794.92 1795.967 1797.014 1798.061 1799.108 1799.45 1799.596 1799.742 1799.888 1800.0 1800.0 1800.0 1800.0 1800.0 1800.0 1800.0 1800.0 1800.0 1800.0 1800.0 1800.0 1800.0 1800.0
1796.951 1797.406 1797.861 1798.317 1798.574 1798.762 1798.95 1799.138 1799.266 1799.139 1799.011 1798.884 1798.756 1798.391 1797.891 1797.391 1796.891 1796.356 1795.448 1794.541 1793.633 1792.726 1792.112 1791.752 1791.393 1791.033 1790.673 1790.524 1790.377 1790.231 1790.085 1789.79 1789.303 1788.816 1788.328 1787.841 1788.331 1788.949 1789.567 1790.185 1791.072 1792.499 1793.925 1795.352 1796.778 1797.477 1797.974 1798.47 1798.967 1799.381 1799.525 1799.668 1799.811 1799.954 1799.968 1799.92 1799.872 1799.824 1799.781 1799.765 1799.749 1799.733 1799.717
1794.842 1795.561 1796.28 1796.999 1797.484 1797.887 1798.29 1798.693 1799.019 1799.01 1799.001 1798.992 1798.983 1798.684 1798.222 1797.76 1797.297 1796.77 1795.561 1794.353 1793.144 1791.935 1791.026 1790.375 1789.725 1789.074 1788.424 1788.026 1787.632 1787.238 1786.844 1786.389 1785.853 1785.318 1784.782 1784.246 1784.649 1785.176 1785.702 1786.229 1787.183 1788.991 1790.8 1792.609 1794.417 1795.477 1796.329 1797.181 1798.033 1798.754 1799.042 1799.331 1799.619 1799.908 1799.934 1799.838 1799.742 1799.646 1799.558 1799.526 1799.494 1799.462 1799.43
1792.733 1793.715 1794.698 1795.681 1796.394 1797.013 1797.631 1798.249 1798.772 1798.881 1798.99 1799.1 1799.209 1798.978 1798.553 1798.129 1797.704 1797.185 1795.675 1794.164 1792.654 1791.144 1789.939 1788.998 1788.057 1787.116 1786.175 1785.529 1784.887 1784.246 1783.604 1782.988 1782.404 1781.819 1781.235 1780.651 1780.968 1781.403 1781.838 1782.273 1783.293 1785.484 1787.675 1789.865 1792.056 1793.477 1794.684 1795.891 1797.098 1798.126 1798.56 1798.994 1799.428 1799.862 1799.901 1799.757 1799.612 1799.468 1799.336 1799.287 1799.239 1799.191 1799.143
1790.623 1791.87 1793.116 1794.363 1795.304 1796.138 1796.971 1797.805 1798.525 1798.752 1798.98 1799.208 1799.436 1799.271 1798.885 1798.497 1798.11 1797.6 1795.788 1793.976 1792.165 1790.353 1788.852 1787.621 1786.389 1785.157 1783.926 1783.031 1782.142 1781.253 1780.364 1779.587 1778.954 1778.321 1777.689 1777.056 1777.286 1777.63 1777.973 1778.317 1779.403 1781.976 1784.549 1787.122 1789.695 1791.477 1793.039 1794.602 1796.164 1797.498 1798.078 1798.657 1799.236 1799.815 1799.869 1799.675 1799.482 1799.289 1799.113 1799.049 1798.984 1798.92 1798.856
1787.505 1788.889 1790.274 1791.658 1792.759 1793.759 1794.76 1795.76 1796.656 1797.096 1797.536 1797.977 1798.418 1798.381 1798.073 1797.764 1797.456 1797.008 1795.091 1793.174 1791.256 1789.339 1787.66 1786.186 1784.712 1783.238 1781.764 1780.61 1779.461 1778.313 1777.164 1776.186 1775.43 1774.674 1773.918 1773.162 1773.205 1773.353 1773.501 1773.649 1774.594 1777.133 1779.672 1782.211 1784.75 1786.909 1788.962 1791.015 1793.068 1794.883 1795.91 1796.937 1797.964 1798.99 1799.147 1798.896 1798.644 1798.393 1798.161 1798.059 1797.957 1797.854 1797.752
1783.149 1784.517 1785.885 1787.253 1788.43 1789.538 1790.646 1791.754 1792.798 1793.567 1794.336 1795.105 1795.874 1796.038 1795.859 1795.68 1795.501 1795.183 1793.4 1791.617 1789.835 1788.052 1786.337 1784.68 1783.023 1781.366 1779.709 1778.282 1776.859 1775.436 1774.012 1772.786 1771.814 1770.843 1769.872 1768.901 1768.633 1768.458 1768.283 1768.108 1768.657 1770.652 1772.648 1774.643 1776.639 1779.193 1781.903 1784.612 1787.322 1789.831 1791.676 1793.521 1795.366 1797.211 1797.58 1797.259 1796.938 1796.617 1796.316 1796.149 1795.982 1795.815 1795.648
1778.792 1780.144 1781.497 1782.849 1784.1 1785.316 1786.532 1787.748 1788.941 1790.039 1791.136 1792.233 1793.33 1793.696 1793.646 1793.596 1793.546 1793.357 1791.709 1790.061 1788.413 1786.765 1785.014 1783.174 1781.334 1779.494 1777.654 1775.954 1774.256 1772.558 1770.861 1769.385 1768.199 1767.012 1765.826 1764.639 1764.061 1763.563 1763.065 1762.567 1762.719 1764.171 1765.623 1767.075 1768.527 1771.477 1774.843 1778.21 1781.576 1784.779 1787.442 1790.105 1792.768 1795.432 1796.014 1795.623 1795.232 1794.841 1794.47 1794.239 1794.008 1793.776 1793.545
1774.436 1775.772 1777.108 1778.444 1779.771 1781.095 1782.418 1783.742 1785.084 1786.51 1787.935 1789.361 1790.786 1791.353 1791.433 1791.512 1791.591 1791.532 1790.019 1788.505 1786.991 1785.478 1783.691 1781.668 1779.645 1777.622 1775.599 1773.626 1771.654 1769.682 1767.709 1765.985 1764.583 1763.181 1761.78 1760.378 1759.489 1758.668 1757.848 1757.027 1756.782 1757.69 1758.599 1759.507 1760.416 1763.761 1767.784 1771.807 1775.83 1779.727 1783.208 1786.69 1790.171 1793.652 1794.448 1793.987 1793.526 1793.065 1792.625 1792.329 1792.033 1791.737 1791.441
1770.08 1771.4 1772.72 1774.04 1775.442 1776.873 1778.304 1779.735 1781.227 1782.981 1784.735 1786.489 1788.243 1789.011 1789.219 1789.428 1789.636 1789.707 1788.328 1786.949 1785.57 1784.191 1782.368 1780.162 1777.956 1775.75 1773.544 1771.298 1769.051 1766.805 1764.558 1762.585 1760.968 1759.351 1757.734 1756.116 1754.918 1753.774 1752.63 1751.486 1750.845 1751.21 1751.575 1751.939 1752.304 1756.046 1760.725 1765.405 1770.084 1774.675 1778.975 1783.274 1787.573 1791.873 1792.882 1792.351 1791.82 1791.289 1790.78 1790.419 1790.058 1789.698 1789.337
1765.077 1765.879 1766.682 1767.484 1768.718 1770.105 1771.491 1772.878 1774.394 1776.472 1778.549 1780.626 1782.703 1783.753 1784.218 1784.684 1785.149 1785.484 1784.451 1783.418 1782.385 1781.352 1779.75 1777.656 1775.561 1773.467 1771.373 1769.042 1766.708 1764.373 1762.039 1759.961 1758.217 1756.473 1754.729 1752.985 1751.443 1749.927 1748.411 1746.894 1745.747 1745.337 1744.927 1744.518 1744.108 1747.726 1752.462 1757.199 1761.935 1766.655 1771.321 1775.986 1780.652 1785.317 1786.419 1785.852 1785.285 1784.719 1784.182 1783.845 1783.508 1783.172 1782.835
1760.012 1760.25 1760.487 1760.724 1761.767 1763.094 1764.422 1765.749 1767.278 1769.678 1772.079 1774.479 1776.879 1778.217 1778.952 1779.686 1780.421 1781.034 1780.366 1779.699 1779.032 1778.365 1777.008 1775.054 1773.099 1771.145 1769.191 1766.793 1764.389 1761.984 1759.58 1757.411 1755.549 1753.686 1751.824 1749.961 1748.072 1746.179 1744.286 1742.394 1740.729 1739.523 1738.317 1737.11 1735.904 1739.348 1744.085 1748.821 1753.558 1758.353 1763.341 1768.33 1773.318 1778.307 1779.489 1778.89 1778.291 1777.692 1777.132 1776.827 1776.523 1776.218 1775.914
1754.947 1754.62 1754.292 1753.964 1754.815 1756.083 1757.352 1758.62 1760.162 1762.885 1765.608 1768.331 1771.055 1772.681 1773.685 1774.689 1775.693 1776.583 1776.282 1775.981 1775.68 1775.378 1774.266 1772.452 1770.637 1768.823 1767.009 1764.544 1762.07 1759.595 1757.121 1754.861 1752.88 1750.899 1748.918 1746.938 1744.702 1742.432 1740.162 1737.893 1735.712 1733.709 1731.706 1729.703 1727.699 1730.971 1735.707 1740.444 1745.18 1750.05 1755.362 1760.673 1765.984 1771.296 1772.559 1771.928 1771.297 1770.665 1770.081 1769.809 1769.537 1769.264 1768.992
1749.883 1748.99 1748.097 1747.204 1747.864 1749.073 1750.282 1751.491 1753.046 1756.092 1759.138 1762.184 1765.23 1767.146 1768.419 1769.691 1770.964 1772.132 1772.197 1772.262 1772.327 1772.392 1771.524 1769.85 1768.175 1766.501 1764.827 1762.295 1759.751 1757.206 1754.662 1752.311 1750.212 1748.112 1746.013 1743.914 1741.331 1738.685 1736.038 1733.392 1730.694 1727.895 1725.095 1722.295 1719.495 1722.594 1727.33 1732.067 1736.803 1741.748 1747.382 1753.017 1758.651 1764.285 1765.63 1764.966 1764.303 1763.639 1763.031 1762.791 1762.551 1762.311 1762.071
1745.032 1743.525 1742.018 1740.511 1740.985 1742.156 1743.328 1744.5 1746.074 1749.381 1752.687 1755.993 1759.3 1761.476 1763.009 1764.543 1766.077 1767.514 1767.928 1768.343 1768.758 1769.173 1768.549 1767.026 1765.504 1763.982 1762.46 1759.949 1757.424 1754.899 1752.374 1749.996 1747.808 1745.621 1743.434 1741.247 1738.437 1735.546 1732.654 1729.763 1726.726 1723.4 1720.073 1716.747 1713.42 1716.148 1720.558 1724.968 1729.378 1734.071 1739.702 1745.333 1750.964 1756.594 1757.876 1757.121 1756.366 1755.611 1754.946 1754.872 1754.798 1754.724 1754.651
1740.536 1738.335 1736.134 1733.933 1734.224 1735.396 1736.568 1737.74 1739.344 1742.806 1746.268 1749.731 1753.193 1755.584 1757.365 1759.147 1760.928 1762.619 1763.356 1764.094 1764.832 1765.569 1765.188 1763.838 1762.488 1761.138 1759.788 1757.444 1755.086 1752.727 1750.369 1748.069 1745.844 1743.619 1741.394 1739.169 1736.331 1733.413 1730.495 1727.576 1724.495 1721.088 1717.681 1714.273 1710.866 1712.898 1716.442 1719.985 1723.529 1727.43 1732.517 1737.604 1742.692 1747.779 1748.758 1747.815 1746.872 1745.929 1745.15 1745.464 1745.777 1746.091 1746.405
