data/zism_data/00814_04_D.txt
ncols         224
nrows         224
[rows 112 to 139 of 224, columns 0 to 62 of 224]
1547.511 1548.367 1549.222 1547.405 1542.313 1537.22 1532.127 1527.035 1522.342 1517.694 1513.046 1508.397 1505.152 1504.537 1503.921 1503.306 1502.69 1502.143 1501.612 1501.082 1500.551 1500.144 1500.114 1500.083 1500.053 1500.023 1500.203 1500.475 1500.747 1501.019 1501.647 1504.372 1507.096 1509.821 1512.545 1515.882 1519.636 1523.391 1527.145 1530.823 1532.813 1534.803 1536.793 1538.784 1538.971 1537.302 1535.632 1533.963 1532.294 1529.944 1527.551 1525.158 1522.766 1520.426 1518.169 1515.912 1513.655 1511.398 1509.404 1507.46 1505.516 1503.572 1502.052
1554.638 1555.585 1556.532 1554.782 1549.727 1544.673 1539.618 1534.563 1528.968 1523.311 1517.655 1511.999 1507.843 1506.5 1505.156 1503.813 1502.47 1501.865 1501.448 1501.03 1500.613 1500.286 1500.234 1500.182 1500.13 1500.078 1500.199 1500.396 1500.593 1500.79 1501.283 1503.528 1505.773 1508.018 1510.262 1513.129 1516.419 1519.71 1523.001 1526.226 1527.995 1529.764 1531.533 1533.302 1533.449 1531.925 1530.402 1528.878 1527.355 1525.18 1522.965 1520.751 1518.536 1516.463 1514.61 1512.758 1510.905 1509.052 1507.449 1505.893 1504.337 1502.781 1501.569
1561.764 1562.803 1563.841 1562.159 1557.142 1552.125 1547.108 1542.091 1535.594 1528.929 1522.265 1515.6 1510.534 1508.463 1506.392 1504.321 1502.25 1501.587 1501.283 1500.979 1500.675 1500.428 1500.354 1500.281 1500.207 1500.134 1500.196 1500.317 1500.438 1500.56 1500.919 1502.684 1504.449 1506.214 1507.979 1510.375 1513.203 1516.03 1518.857 1521.629 1523.177 1524.725 1526.273 1527.821 1527.927 1526.549 1525.171 1523.793 1522.415 1520.417 1518.38 1516.343 1514.306 1512.5 1511.051 1509.603 1508.154 1506.706 1505.494 1504.326 1503.158 1501.99 1501.087
1568.89 1570.021 1571.151 1569.536 1564.557 1559.577 1554.598 1549.619 1542.219 1534.547 1526.875 1519.202 1513.225 1510.426 1507.627 1504.828 1502.029 1501.309 1501.119 1500.928 1500.737 1500.57 1500.475 1500.38 1500.285 1500.19 1500.193 1500.238 1500.284 1500.33 1500.555 1501.84 1503.126 1504.411 1505.696 1507.622 1509.985 1512.349 1514.713 1517.031 1518.358 1519.685 1521.012 1522.339 1522.405 1521.173 1519.94 1518.708 1517.475 1515.653 1513.794 1511.935 1510.076 1508.536 1507.492 1506.448 1505.404 1504.36 1503.538 1502.759 1501.979 1501.199 1500.605
1576.016 1577.238 1578.46 1576.913 1571.971 1567.03 1562.088 1557.146 1548.845 1540.165 1531.484 1522.803 1515.916 1512.389 1508.862 1505.335 1501.809 1501.031 1500.954 1500.876 1500.799 1500.712 1500.595 1500.478 1500.362 1500.245 1500.189 1500.159 1500.13 1500.1 1500.191 1500.997 1501.802 1502.607 1503.413 1504.869 1506.769 1508.668 1510.568 1512.434 1513.54 1514.646 1515.752 1516.858 1516.883 1515.796 1514.71 1513.623 1512.536 1510.889 1509.208 1507.527 1505.846 1504.573 1503.933 1503.293 1502.654 1502.014 1501.583 1501.192 1500.8 1500.409 1500.122
1579.569 1581.358 1583.146 1581.971 1577.164 1572.357 1567.549 1562.742 1554.257 1545.357 1536.457 1527.557 1520.33 1516.241 1512.151 1508.062 1503.972 1503.014 1502.852 1502.691 1502.529 1502.332 1502.025 1501.717 1501.41 1501.103 1500.855 1500.633 1500.411 1500.19 1500.083 1500.654 1501.225 1501.796 1502.367 1503.483 1504.972 1506.46 1507.949 1509.411 1510.288 1511.165 1512.042 1512.919 1512.931 1512.054 1511.177 1510.301 1509.424 1508.086 1506.719 1505.353 1503.987 1502.98 1502.531 1502.082 1501.634 1501.185 1500.908 1500.663 1500.418 1500.174 1500.0
1581.908 1584.424 1586.941 1586.242 1581.601 1576.961 1572.321 1567.681 1559.257 1550.405 1541.553 1532.702 1525.331 1520.734 1516.138 1511.542 1506.945 1505.764 1505.451 1505.139 1504.826 1504.454 1503.899 1503.344 1502.789 1502.234 1501.749 1501.295 1500.842 1500.388 1500.061 1500.481 1500.901 1501.321 1501.741 1502.562 1503.657 1504.752 1505.848 1506.923 1507.568 1508.213 1508.858 1509.503 1509.513 1508.868 1508.223 1507.577 1506.932 1505.948 1504.943 1503.938 1502.933 1502.192 1501.862 1501.532 1501.202 1500.872 1500.668 1500.488 1500.308 1500.128 1500.0
1584.247 1587.491 1590.735 1590.512 1586.039 1581.566 1577.093 1572.62 1564.256 1555.453 1546.65 1537.847 1530.331 1525.228 1520.125 1515.022 1509.919 1508.514 1508.05 1507.587 1507.124 1506.576 1505.773 1504.97 1504.167 1503.364 1502.643 1501.957 1501.272 1500.586 1500.039 1500.308 1500.577 1500.846 1501.115 1501.641 1502.343 1503.045 1503.746 1504.435 1504.848 1505.262 1505.675 1506.088 1506.094 1505.681 1505.268 1504.854 1504.441 1503.811 1503.167 1502.523 1501.879 1501.404 1501.193 1500.981 1500.77 1500.558 1500.428 1500.313 1500.197 1500.082 1500.0
1586.586 1590.557 1594.529 1594.782 1590.476 1586.17 1581.864 1577.558 1569.255 1560.501 1551.746 1542.992 1535.331 1529.721 1524.111 1518.502 1512.892 1511.264 1510.65 1510.035 1509.421 1508.699 1507.648 1506.597 1505.545 1504.494 1503.536 1502.619 1501.702 1500.784 1500.017 1500.135 1500.253 1500.372 1500.49 1500.721 1501.029 1501.337 1501.645 1501.947 1502.129 1502.31 1502.491 1502.673 1502.675 1502.494 1502.313 1502.131 1501.95 1501.673 1501.39 1501.108 1500.825 1500.616 1500.524 1500.431 1500.338 1500.245 1500.188 1500.137 1500.087 1500.036 1500.0
1586.968 1591.732 1596.496 1597.293 1593.225 1589.158 1585.09 1581.023 1572.954 1564.433 1555.913 1547.392 1539.78 1533.87 1527.961 1522.052 1516.143 1514.301 1513.495 1512.689 1511.882 1510.956 1509.664 1508.372 1507.08 1505.788 1504.599 1503.456 1502.313 1501.17 1500.186 1500.146 1500.107 1500.067 1500.027 1500.009 1500.007 1500.005 1500.002 1500.0 1500.0 1500.0 1500.0 1500.0 1500.0 1500.0 1500.0 1500.0 1500.0 1500.0 1500.0 1500.0 1500.0 1500.0 1500.0 1500.0 1500.0 1500.0 1500.0 1500.0 1500.0 1500.0 1500.0
1580.307 1586.096 1591.884 1593.468 1589.896 1586.325 1582.753 1579.182 1571.972 1564.352 1556.731 1549.111 1542.241 1536.78 1531.318 1525.856 1520.395 1518.373 1517.227 1516.081 1514.935 1513.7 1512.192 1510.684 1509.177 1507.669 1506.272 1504.924 1503.576 1502.228 1501.043 1500.82 1500.597 1500.373 1500.15 1500.052 1500.039 1500.026 1500.013 1500.0 1500.0 1500.0 1500.0 1500.0 1500.0 1500.0 1500.0 1500.0 1500.0 1500.0 1500.0 1500.0 1500.0 1500.0 1500.0 1500.0 1500.0 1500.0 1500.0 1500.0 1500.0 1500.0 1500.0
1573.647 1580.459 1587.272 1589.642 1586.567 1583.491 1580.416 1577.341 1570.99 1564.27 1557.55 1550.83 1544.703 1539.689 1534.675 1529.66 1524.646 1522.445 1520.959 1519.474 1517.988 1516.444 1514.72 1512.997 1511.274 1509.55 1507.945 1506.392 1504.839 1503.286 1501.9 1501.493 1501.087 1500.68 1500.274 1500.095 1500.071 1500.047 1500.023 1500.0 1500.0 1500.0 1500.0 1500.0 1500.0 1500.0 1500.0 1500.0 1500.0 1500.0 1500.0 1500.0 1500.0 1500.0 1500.0 1500.0 1500.0 1500.0 1500.0 1500.0 1500.0 1500.0 1500.0
1566.986 1574.823 1582.66 1585.817 1583.238 1580.658 1578.079 1575.499 1570.008 1564.188 1558.369 1552.549 1547.165 1542.598 1538.031 1533.464 1528.898 1526.516 1524.691 1522.866 1521.041 1519.187 1517.248 1515.309 1513.37 1511.431 1509.618 1507.86 1506.103 1504.345 1502.756 1502.166 1501.577 1500.987 1500.397 1500.137 1500.103 1500.068 1500.033 1500.0 1500.0 1500.0 1500.0 1500.0 1500.0 1500.0 1500.0 1500.0 1500.0 1500.0 1500.0 1500.0 1500.0 1500.0 1500.0 1500.0 1500.0 1500.0 1500.0 1500.0 1500.0 1500.0 1500.0
1560.325 1569.186 1578.048 1581.992 1579.908 1577.825 1575.742 1573.658 1569.026 1564.107 1559.187 1554.268 1549.626 1545.507 1541.388 1537.269 1533.149 1530.588 1528.423 1526.258 1524.093 1521.931 1519.776 1517.622 1515.467 1513.312 1511.291 1509.328 1507.366 1505.403 1503.613 1502.84 1502.067 1501.294 1500.521 1500.18 1500.134 1500.089 1500.043 1500.0 1500.0 1500.0 1500.0 1500.0 1500.0 1500.0 1500.0 1500.0 1500.0 1500.0 1500.0 1500.0 1500.0 1500.0 1500.0 1500.0 1500.0 1500.0 1500.0 1500.0 1500.0 1500.0 1500.0
1552.372 1561.155 1569.939 1574.274 1573.158 1572.042 1570.926 1569.81 1566.089 1562.073 1558.058 1554.042 1550.12 1546.374 1542.628 1538.882 1535.136 1532.536 1530.229 1527.921 1525.613 1523.315 1521.044 1518.774 1516.504 1514.234 1512.115 1510.063 1508.01 1505.958 1504.076 1503.205 1502.334 1501.464 1500.593 1500.208 1500.155 1500.103 1500.05 1500.0 1500.0 1500.0 1500.0 1500.0 1500.0 1500.0 1500.0 1500.0 1500.0 1500.0 1500.0 1500.0 1500.0 1500.0 1500.0 1500.0 1500.0 1500.0 1500.0 1500.0 1500.0 1500.0 1500.0
1543.834 1552.04 1560.247 1564.795 1564.86 1564.924 1564.989 1565.054 1562.266 1559.156 1556.046 1552.936 1549.723 1546.317 1542.91 1539.504 1536.098 1533.524 1531.162 1528.801 1526.439 1524.082 1521.742 1519.402 1517.062 1514.722 1512.555 1510.465 1508.375 1506.284 1504.362 1503.432 1502.502 1501.571 1500.641 1500.229 1500.171 1500.113 1500.055 1500.0 1500.0 1500.0 1500.0 1500.0 1500.0 1500.0 1500.0 1500.0 1500.0 1500.0 1500.0 1500.0 1500.0 1500.0 1500.0 1500.0 1500.0 1500.0 1500.0 1500.0 1500.0 1500.0 1500.0
1535.296 1542.925 1550.555 1555.316 1556.561 1557.807 1559.052 1560.297 1558.443 1556.239 1554.035 1551.83 1549.326 1546.259 1543.193 1540.126 1537.059 1534.511 1532.096 1529.68 1527.264 1524.85 1522.44 1520.03 1517.619 1515.209 1512.995 1510.867 1508.739 1506.611 1504.648 1503.658 1502.669 1501.679 1500.69 1500.251 1500.187 1500.124 1500.061 1500.0 1500.0 1500.0 1500.0 1500.0 1500.0 1500.0 1500.0 1500.0 1500.0 1500.0 1500.0 1500.0 1500.0 1500.0 1500.0 1500.0 1500.0 1500.0 1500.0 1500.0 1500.0 1500.0 1500.0
1526.757 1533.81 1540.863 1545.837 1548.263 1550.689 1553.115 1555.541 1554.62 1553.321 1552.023 1550.724 1548.929 1546.202 1543.475 1540.748 1538.021 1535.499 1533.029 1530.56 1528.09 1525.618 1523.138 1520.657 1518.177 1515.696 1513.435 1511.269 1509.104 1506.938 1504.934 1503.885 1502.836 1501.787 1500.738 1500.272 1500.203 1500.134 1500.066 1500.0 1500.0 1500.0 1500.0 1500.0 1500.0 1500.0 1500.0 1500.0 1500.0 1500.0 1500.0 1500.0 1500.0 1500.0 1500.0 1500.0 1500.0 1500.0 1500.0 1500.0 1500.0 1500.0 1500.0
1519.037 1525.441 1531.845 1536.927 1540.39 1543.853 1547.316 1550.779 1550.676 1550.171 1549.666 1549.16 1547.992 1545.583 1543.173 1540.763 1538.353 1535.891 1533.416 1530.94 1528.465 1525.976 1523.443 1520.911 1518.378 1515.846 1513.563 1511.388 1509.214 1507.04 1505.026 1503.958 1502.891 1501.823 1500.755 1500.28 1500.209 1500.138 1500.068 1500.0 1500.0 1500.0 1500.0 1500.0 1500.0 1500.0 1500.0 1500.0 1500.0 1500.0 1500.0 1500.0 1500.0 1500.003 1500.011 1500.019 1500.026 1500.034 1500.031 1500.026 1500.021 1500.015 1500.011
1515.628 1521.002 1526.376 1531.018 1534.761 1538.504 1542.248 1545.991 1546.096 1545.79 1545.484 1545.178 1544.21 1542.0 1539.789 1537.579 1535.369 1533.145 1530.917 1528.69 1526.463 1524.171 1521.681 1519.192 1516.703 1514.214 1512.045 1510.016 1507.987 1505.959 1504.097 1503.224 1502.35 1501.476 1500.603 1500.216 1500.161 1500.107 1500.052 1500.0 1500.0 1500.0 1500.0 1500.0 1500.0 1500.0 1500.0 1500.0 1500.0 1500.0 1500.0 1500.0 1500.0 1500.022 1500.078 1500.135 1500.191 1500.247 1500.224 1500.187 1500.15 1500.112 1500.08
1512.219 1516.564 1520.908 1525.109 1529.132 1533.156 1537.18 1541.203 1541.516 1541.409 1541.303 1541.196 1540.428 1538.417 1536.406 1534.395 1532.384 1530.398 1528.419 1526.44 1524.46 1522.366 1519.92 1517.474 1515.027 1512.581 1510.527 1508.644 1506.761 1504.877 1503.169 1502.489 1501.809 1501.13 1500.45 1500.152 1500.113 1500.075 1500.037 1500.0 1500.0 1500.0 1500.0 1500.0 1500.0 1500.0 1500.0 1500.0 1500.0 1500.0 1500.0 1500.0 1500.0 1500.041 1500.146 1500.25 1500.355 1500.46 1500.418 1500.348 1500.278 1500.208 1500.149
1508.811 1512.125 1515.44 1519.199 1523.503 1527.807 1532.111 1536.415 1536.935 1537.028 1537.121 1537.214 1536.645 1534.834 1533.022 1531.211 1529.4 1527.652 1525.921 1524.189 1522.458 1520.561 1518.158 1515.755 1513.352 1510.949 1509.009 1507.271 1505.534 1503.796 1502.24 1501.755 1501.269 1500.783 1500.298 1500.088 1500.066 1500.043 1500.021 1500.0 1500.0 1500.0 1500.0 1500.0 1500.0 1500.0 1500.0 1500.0 1500.0 1500.0 1500.0 1500.0 1500.0 1500.06 1500.213 1500.367 1500.52 1500.673 1500.612 1500.51 1500.407 1500.305 1500.218
1505.402 1507.687 1509.972 1513.29 1517.874 1522.459 1527.043 1531.627 1532.355 1532.648 1532.94 1533.233 1532.863 1531.251 1529.639 1528.027 1526.415 1524.906 1523.422 1521.939 1520.455 1518.756 1516.396 1514.036 1511.677 1509.317 1507.491 1505.899 1504.307 1502.715 1501.311 1501.02 1500.728 1500.437 1500.146 1500.024 1500.018 1500.012 1500.006 1500.0 1500.0 1500.0 1500.0 1500.0 1500.0 1500.0 1500.0 1500.0 1500.0 1500.0 1500.0 1500.0 1500.0 1500.079 1500.281 1500.483 1500.684 1500.886 1500.805 1500.671 1500.536 1500.402 1500.287
1503.766 1505.381 1506.997 1509.841 1514.193 1518.544 1522.896 1527.247 1528.057 1528.468 1528.878 1529.289 1529.027 1527.506 1525.985 1524.464 1522.942 1521.603 1520.31 1519.016 1517.723 1516.22 1514.073 1511.926 1509.779 1507.633 1506.023 1504.648 1503.272 1501.897 1500.698 1500.532 1500.367 1500.202 1500.036 1499.973 1499.98 1499.987 1499.994 1500.0 1500.0 1500.0 1500.0 1500.0 1500.0 1500.0 1500.0 1500.0 1500.0 1500.035 1500.073 1500.11 1500.147 1500.261 1500.495 1500.728 1500.961 1501.195 1501.097 1500.937 1500.777 1500.617 1500.471
1503.168 1504.325 1505.483 1507.835 1511.653 1515.471 1519.288 1523.106 1523.925 1524.406 1524.886 1525.367 1525.16 1523.666 1522.172 1520.677 1519.183 1517.974 1516.837 1515.7 1514.563 1513.255 1511.421 1509.586 1507.752 1505.918 1504.583 1503.467 1502.351 1501.234 1500.269 1500.189 1500.11 1500.031 1499.952 1499.93 1499.948 1499.966 1499.983 1500.0 1500.0 1500.0 1500.0 1500.0 1500.0 1500.0 1500.0 1500.0 1500.0 1500.091 1500.188 1500.284 1500.381 1500.54 1500.795 1501.05 1501.304 1501.559 1501.447 1501.266 1501.084 1500.902 1500.724
1502.57 1503.27 1503.969 1505.829 1509.113 1512.397 1515.681 1518.965 1519.793 1520.344 1520.894 1521.445 1521.293 1519.826 1518.359 1516.891 1515.424 1514.345 1513.364 1512.384 1511.403 1510.29 1508.768 1507.247 1505.725 1504.204 1503.144 1502.287 1501.429 1500.572 1499.839 1499.847 1499.854 1499.861 1499.868 1499.888 1499.916 1499.945 1499.973 1500.0 1500.0 1500.0 1500.0 1500.0 1500.0 1500.0 1500.0 1500.0 1500.0 1500.147 1500.303 1500.459 1500.615 1500.818 1501.094 1501.371 1501.647 1501.924 1501.797 1501.594 1501.391 1501.188 1500.977
1501.973 1502.214 1502.455 1503.823 1506.573 1509.323 1512.074 1514.824 1515.661 1516.281 1516.902 1517.523 1517.427 1515.986 1514.546 1513.105 1511.665 1510.716 1509.892 1509.068 1508.243 1507.324 1506.116 1504.907 1503.698 1502.49 1501.705 1501.106 1500.508 1499.909 1499.41 1499.504 1499.597 1499.691 1499.784 1499.845 1499.884 1499.923 1499.963 1500.0 1500.0 1500.0 1500.0 1500.0 1500.0 1500.0 1500.0 1500.0 1500.0 1500.203 1500.418 1500.633 1500.849 1501.096 1501.394 1501.692 1501.99 1502.288 1502.147 1501.922 1501.698 1501.473 1501.229
1501.482 1501.29 1501.098 1501.99 1504.211 1506.432 1508.653 1510.874 1511.702 1512.374 1513.045 1513.716 1513.669 1512.276 1510.882 1509.489 1508.096 1507.278 1506.606 1505.935 1505.263 1504.533 1503.626 1502.719 1501.812 1500.905 1500.38 1500.022 1499.664 1499.306 1499.025 1499.198 1499.371 1499.544 1499.718 1499.818 1499.869 1499.92 1499.971 1500.02 1500.015 1500.011 1500.007 1500.002 1500.0 1500.0 1500.0 1500.0 1500.0 1500.261 1500.539 1500.816 1501.093 1501.388 1501.71 1502.031 1502.353 1502.675 1502.516 1502.267 1502.017 1501.768 1501.489
