data/zism_data/00816_03_D.txt
ncols         224
nrows         224
[rows 168 to 195 of 224, columns 126 to 188 of 224]
1107.933 1109.382 1111.14 1113.87 1116.599 1119.329 1122.058 1123.988 1125.527 1127.066 1128.605 1129.635 1126.182 1122.73 1119.278 1115.826 1113.191 1111.272 1109.354 1107.436 1105.517 1111.973 1118.745 1125.517 1132.29 1139.064 1145.841 1152.617 1159.394 1166.171 1170.004 1173.211 1176.419 1179.626 1182.2 1182.93 1183.659 1184.388 1185.117 1182.981 1179.534 1176.087 1172.64 1168.909 1163.038 1157.166 1151.295 1145.423 1143.273 1144.198 1145.124 1146.05 1146.975 1152.794 1158.721 1164.649 1170.576 1173.905 1173.475 1173.045 1172.615 1172.185 1166.502
1105.503 1106.557 1107.918 1110.247 1112.576 1114.905 1117.233 1118.974 1120.428 1121.881 1123.335 1124.335 1121.348 1118.36 1115.373 1112.386 1110.184 1108.672 1107.16 1105.647 1104.135 1109.689 1115.51 1121.331 1127.153 1133.142 1139.39 1145.637 1151.885 1158.133 1162.107 1165.597 1169.088 1172.579 1175.402 1176.281 1177.16 1178.039 1178.917 1176.604 1172.831 1169.058 1165.285 1161.219 1154.936 1148.653 1142.37 1136.087 1133.759 1134.701 1135.643 1136.584 1137.526 1143.59 1149.769 1155.947 1162.126 1165.789 1165.813 1165.838 1165.862 1165.886 1160.841
1103.074 1103.732 1104.697 1106.625 1108.552 1110.48 1112.408 1113.96 1115.328 1116.697 1118.065 1119.035 1116.513 1113.99 1111.468 1108.945 1107.178 1106.072 1104.965 1103.859 1102.753 1107.405 1112.275 1117.145 1122.016 1127.22 1132.939 1138.658 1144.376 1150.095 1154.21 1157.984 1161.757 1165.531 1168.604 1169.632 1170.661 1171.689 1172.718 1170.228 1166.129 1162.03 1157.931 1153.529 1146.834 1140.14 1133.445 1126.751 1124.245 1125.203 1126.161 1127.119 1128.077 1134.387 1140.817 1147.246 1153.676 1157.673 1158.152 1158.63 1159.109 1159.587 1155.18
1100.807 1101.094 1101.681 1103.213 1104.744 1106.275 1107.807 1109.161 1110.43 1111.698 1112.966 1113.895 1111.837 1109.779 1107.721 1105.663 1104.319 1103.601 1102.883 1102.166 1101.448 1105.206 1109.134 1113.062 1116.99 1121.407 1126.576 1131.745 1136.915 1142.084 1146.308 1150.331 1154.355 1158.378 1161.677 1162.865 1164.053 1165.241 1166.43 1163.811 1159.45 1155.09 1150.73 1146.058 1139.027 1131.996 1124.965 1117.934 1115.265 1116.2 1117.135 1118.07 1119.005 1125.462 1132.043 1138.625 1145.206 1149.462 1150.357 1151.252 1152.146 1153.041 1149.289
1100.627 1100.85 1101.306 1102.495 1103.685 1104.874 1106.064 1107.116 1108.101 1109.086 1110.071 1110.792 1109.194 1107.595 1105.997 1104.398 1103.355 1102.797 1102.24 1101.682 1101.124 1104.091 1107.19 1110.29 1113.39 1116.985 1121.342 1125.699 1130.056 1134.413 1138.345 1142.187 1146.028 1149.87 1153.108 1154.584 1156.061 1157.537 1159.014 1156.875 1153.081 1149.287 1145.493 1141.394 1134.988 1128.583 1122.177 1115.771 1113.101 1113.518 1113.934 1114.351 1114.768 1120.111 1125.565 1131.018 1136.472 1140.034 1140.859 1141.684 1142.509 1143.335 1140.455
1100.447 1100.605 1100.93 1101.778 1102.625 1103.473 1104.32 1105.07 1105.772 1106.474 1107.176 1107.689 1106.55 1105.412 1104.273 1103.134 1102.39 1101.993 1101.596 1101.198 1100.801 1102.975 1105.247 1107.518 1109.789 1112.563 1116.108 1119.652 1123.197 1126.742 1130.382 1134.042 1137.702 1141.362 1144.538 1146.303 1148.068 1149.834 1151.599 1149.938 1146.711 1143.483 1140.256 1136.73 1130.95 1125.169 1119.389 1113.609 1110.937 1110.835 1110.734 1110.632 1110.531 1114.76 1119.086 1123.412 1127.738 1130.605 1131.361 1132.117 1132.872 1133.628 1131.621
1100.266 1100.361 1100.555 1101.06 1101.566 1102.072 1102.577 1103.024 1103.443 1103.861 1104.28 1104.587 1103.907 1103.228 1102.549 1101.869 1101.426 1101.189 1100.952 1100.715 1100.478 1101.86 1103.303 1104.746 1106.189 1108.141 1110.873 1113.606 1116.339 1119.071 1122.419 1125.897 1129.376 1132.854 1135.968 1138.022 1140.076 1142.13 1144.183 1143.002 1140.341 1137.68 1135.019 1132.067 1126.911 1121.756 1116.601 1111.446 1108.773 1108.153 1107.534 1106.914 1106.294 1109.409 1112.608 1115.806 1119.005 1121.177 1121.863 1122.549 1123.235 1123.922 1122.787
1100.086 1100.117 1100.18 1100.343 1100.507 1100.67 1100.834 1100.978 1101.114 1101.249 1101.385 1101.484 1101.264 1101.044 1100.825 1100.605 1100.461 1100.385 1100.308 1100.231 1100.155 1100.744 1101.359 1101.974 1102.589 1103.719 1105.639 1107.559 1109.48 1111.4 1114.456 1117.753 1121.049 1124.346 1127.399 1129.741 1132.083 1134.426 1136.768 1136.066 1133.971 1131.877 1129.782 1127.403 1122.873 1118.343 1113.813 1109.283 1106.609 1105.471 1104.333 1103.195 1102.057 1104.058 1106.129 1108.2 1110.271 1111.748 1112.365 1112.981 1113.598 1114.215 1113.953
1101.498 1101.269 1101.059 1100.909 1100.758 1100.608 1100.457 1100.359 1100.286 1100.214 1100.141 1100.075 1100.058 1100.041 1100.025 1100.008 1100.0 1100.0 1100.0 1100.0 1100.0 1100.187 1100.38 1100.574 1100.768 1101.422 1102.784 1104.146 1105.508 1106.87 1109.494 1112.386 1115.278 1118.17 1120.923 1123.272 1125.621 1127.971 1130.32 1129.934 1128.297 1126.66 1125.023 1123.124 1119.238 1115.353 1111.468 1107.582 1105.126 1103.852 1102.577 1101.302 1100.028 1101.327 1102.683 1104.039 1105.396 1106.409 1106.925 1107.442 1107.959 1108.475 1108.627
1104.368 1103.702 1103.09 1102.651 1102.211 1101.772 1101.333 1101.047 1100.836 1100.624 1100.413 1100.218 1100.169 1100.12 1100.072 1100.023 1100.0 1100.0 1100.0 1100.0 1100.0 1100.14 1100.286 1100.432 1100.577 1101.074 1102.11 1103.146 1104.182 1105.218 1107.282 1109.565 1111.848 1114.13 1116.366 1118.464 1120.562 1122.661 1124.759 1124.54 1123.261 1121.982 1120.703 1119.197 1115.974 1112.751 1109.528 1106.306 1104.266 1103.206 1102.145 1101.084 1100.023 1100.997 1102.017 1103.037 1104.056 1104.818 1105.206 1105.595 1105.983 1106.372 1106.516
1107.239 1106.134 1105.12 1104.392 1103.665 1102.937 1102.209 1101.735 1101.385 1101.034 1100.684 1100.361 1100.28 1100.199 1100.119 1100.038 1100.0 1100.0 1100.0 1100.0 1100.0 1100.094 1100.192 1100.289 1100.387 1100.726 1101.436 1102.146 1102.856 1103.566 1105.07 1106.744 1108.418 1110.091 1111.809 1113.656 1115.503 1117.35 1119.197 1119.145 1118.224 1117.303 1116.382 1115.27 1112.71 1110.15 1107.589 1105.029 1103.407 1102.56 1101.713 1100.866 1100.019 1100.668 1101.351 1102.034 1102.717 1103.227 1103.488 1103.748 1104.008 1104.268 1104.405
1110.109 1108.566 1107.15 1106.134 1105.118 1104.102 1103.085 1102.423 1101.934 1101.444 1100.955 1100.504 1100.391 1100.279 1100.166 1100.053 1100.0 1100.0 1100.0 1100.0 1100.0 1100.048 1100.097 1100.147 1100.196 1100.377 1100.761 1101.146 1101.53 1101.914 1102.859 1103.923 1104.988 1106.052 1107.253 1108.849 1110.444 1112.04 1113.636 1113.751 1113.188 1112.625 1112.062 1111.343 1109.446 1107.548 1105.65 1103.753 1102.547 1101.914 1101.281 1100.647 1100.014 1100.339 1100.685 1101.032 1101.378 1101.637 1101.769 1101.901 1102.033 1102.165 1102.294
1112.98 1110.999 1109.18 1107.876 1106.571 1105.266 1103.961 1103.111 1102.483 1101.855 1101.226 1100.648 1100.503 1100.358 1100.213 1100.068 1100.0 1100.0 1100.0 1100.0 1100.0 1100.001 1100.003 1100.004 1100.005 1100.029 1100.087 1100.145 1100.203 1100.261 1100.647 1101.103 1101.558 1102.013 1102.696 1104.041 1105.385 1106.73 1108.075 1108.356 1108.151 1107.946 1107.741 1107.416 1106.181 1104.946 1103.711 1102.476 1101.688 1101.268 1100.848 1100.429 1100.009 1100.01 1100.019 1100.029 1100.039 1100.046 1100.05 1100.054 1100.057 1100.061 1100.184
1120.725 1118.446 1116.303 1114.59 1112.878 1111.165 1109.453 1108.089 1106.896 1105.704 1104.511 1103.376 1102.742 1102.109 1101.475 1100.841 1100.482 1100.362 1100.243 1100.124 1100.004 1100.0 1100.0 1100.0 1100.0 1100.015 1100.053 1100.092 1100.13 1100.168 1100.459 1100.803 1101.147 1101.492 1102.017 1103.069 1104.121 1105.173 1106.225 1106.45 1106.297 1106.144 1105.991 1105.744 1104.788 1103.832 1102.875 1101.919 1101.308 1100.983 1100.657 1100.332 1100.007 1100.0 1100.0 1100.0 1100.0 1100.0 1100.0 1100.0 1100.0 1100.0 1100.096
1128.616 1126.042 1123.578 1121.453 1119.329 1117.205 1115.081 1113.195 1111.426 1109.656 1107.886 1106.181 1105.045 1103.909 1102.773 1101.637 1100.978 1100.736 1100.493 1100.251 1100.009 1100.0 1100.0 1100.0 1100.0 1100.011 1100.038 1100.066 1100.094 1100.121 1100.331 1100.579 1100.827 1101.075 1101.453 1102.212 1102.97 1103.728 1104.486 1104.648 1104.538 1104.428 1104.318 1104.14 1103.45 1102.761 1102.072 1101.383 1100.943 1100.708 1100.474 1100.24 1100.005 1100.0 1100.0 1100.0 1100.0 1100.0 1100.0 1100.0 1100.0 1100.0 1100.069
1136.506 1133.639 1130.852 1128.317 1125.781 1123.246 1120.71 1118.301 1115.955 1113.608 1111.261 1108.987 1107.348 1105.71 1104.072 1102.434 1101.474 1101.109 1100.744 1100.378 1100.013 1100.0 1100.0 1100.0 1100.0 1100.007 1100.024 1100.04 1100.057 1100.074 1100.202 1100.354 1100.506 1100.658 1100.89 1101.354 1101.818 1102.283 1102.747 1102.846 1102.779 1102.711 1102.644 1102.535 1102.113 1101.691 1101.269 1100.847 1100.577 1100.434 1100.29 1100.147 1100.003 1100.0 1100.0 1100.0 1100.0 1100.0 1100.0 1100.0 1100.0 1100.0 1100.042
1144.397 1141.236 1138.127 1135.18 1132.233 1129.286 1126.339 1123.407 1120.484 1117.56 1114.636 1111.792 1109.651 1107.511 1105.37 1103.23 1101.97 1101.482 1100.994 1100.506 1100.018 1100.0 1100.0 1100.0 1100.0 1100.002 1100.009 1100.015 1100.021 1100.027 1100.074 1100.13 1100.186 1100.242 1100.327 1100.497 1100.667 1100.838 1101.008 1101.045 1101.02 1100.995 1100.97 1100.93 1100.775 1100.62 1100.466 1100.311 1100.212 1100.159 1100.106 1100.054 1100.001 1100.0 1100.0 1100.0 1100.0 1100.0 1100.0 1100.0 1100.0 1100.0 1100.016
1152.318 1149.039 1145.734 1142.351 1138.968 1135.585 1132.202 1128.765 1125.302 1121.839 1118.377 1114.992 1112.3 1109.608 1106.916 1104.224 1102.62 1101.971 1101.322 1100.673 1100.024 1100.0 1100.0 1100.0 1100.0 1100.0 1100.0 1100.0 1100.0 1100.0 1100.022 1100.049 1100.076 1100.103 1100.127 1100.14 1100.154 1100.167 1100.181 1100.162 1100.128 1100.094 1100.061 1100.03 1100.023 1100.016 1100.01 1100.003 1100.0 1100.0 1100.0 1100.0 1100.0 1100.086 1100.173 1100.261 1100.348 1100.499 1100.742 1100.984 1101.227 1101.47 1101.588
1160.281 1157.125 1153.8 1149.947 1146.093 1142.24 1138.387 1134.469 1130.52 1126.571 1122.622 1118.738 1115.426 1112.114 1108.802 1105.49 1103.483 1102.62 1101.757 1100.894 1100.031 1100.0 1100.0 1100.0 1100.0 1100.0 1100.0 1100.0 1100.0 1100.0 1100.075 1100.166 1100.257 1100.348 1100.428 1100.473 1100.519 1100.564 1100.61 1100.546 1100.432 1100.318 1100.205 1100.101 1100.079 1100.056 1100.033 1100.01 1100.0 1100.0 1100.0 1100.0 1100.0 1100.29 1100.585 1100.881 1101.177 1101.688 1102.507 1103.327 1104.146 1104.966 1105.365
1168.245 1165.211 1161.866 1157.543 1153.219 1148.896 1144.572 1140.173 1135.738 1131.303 1126.868 1122.484 1118.552 1114.62 1110.688 1106.756 1104.346 1103.269 1102.193 1101.116 1100.039 1100.0 1100.0 1100.0 1100.0 1100.0 1100.0 1100.0 1100.0 1100.0 1100.128 1100.283 1100.438 1100.594 1100.729 1100.807 1100.884 1100.962 1101.039 1100.931 1100.737 1100.543 1100.349 1100.173 1100.134 1100.095 1100.056 1100.018 1100.0 1100.0 1100.0 1100.0 1100.0 1100.493 1100.998 1101.502 1102.006 1102.876 1104.272 1105.669 1107.066 1108.463 1109.143
1176.208 1173.297 1169.932 1165.139 1160.345 1155.551 1150.757 1145.878 1140.956 1136.035 1131.113 1126.229 1121.677 1117.126 1112.574 1108.022 1105.208 1103.918 1102.628 1101.337 1100.047 1100.0 1100.0 1100.0 1100.0 1100.0 1100.0 1100.0 1100.0 1100.0 1100.181 1100.4 1100.62 1100.839 1101.03 1101.14 1101.25 1101.359 1101.469 1101.315 1101.041 1100.767 1100.493 1100.244 1100.189 1100.135 1100.08 1100.025 1100.0 1100.0 1100.0 1100.0 1100.0 1100.697 1101.41 1102.123 1102.835 1104.064 1106.038 1108.011 1109.985 1111.959 1112.92
1184.171 1181.383 1177.998 1172.734 1167.471 1162.207 1156.943 1151.582 1146.174 1140.766 1135.359 1129.975 1124.803 1119.632 1114.46 1109.289 1106.071 1104.567 1103.063 1101.559 1100.055 1100.0 1100.0 1100.0 1100.0 1100.0 1100.0 1100.0 1100.0 1100.0 1100.234 1100.517 1100.801 1101.084 1101.331 1101.473 1101.615 1101.756 1101.898 1101.7 1101.345 1100.991 1100.637 1100.316 1100.245 1100.174 1100.103 1100.032 1100.0 1100.0 1100.0 1100.0 1100.0 1100.901 1101.822 1102.743 1103.665 1105.252 1107.803 1110.354 1112.905 1115.455 1116.698
1187.514 1185.085 1181.899 1176.323 1170.746 1165.17 1159.594 1153.558 1147.297 1141.035 1134.774 1128.637 1123.589 1118.541 1113.493 1108.445 1105.377 1104.045 1102.713 1101.381 1100.049 1100.0 1100.0 1100.0 1100.0 1100.033 1100.117 1100.2 1100.284 1100.368 1100.88 1101.483 1102.086 1102.689 1103.206 1103.473 1103.74 1104.006 1104.273 1103.928 1103.303 1102.678 1102.053 1101.467 1101.176 1100.884 1100.593 1100.302 1100.165 1100.156 1100.146 1100.137 1100.128 1101.941 1103.796 1105.65 1107.504 1110.197 1114.101 1118.005 1121.908 1125.812 1127.745
1190.163 1188.13 1185.174 1179.31 1173.445 1167.58 1161.715 1154.974 1147.805 1140.635 1133.466 1126.537 1121.724 1116.911 1112.098 1107.286 1104.45 1103.347 1102.245 1101.143 1100.04 1100.0 1100.0 1100.0 1100.0 1100.071 1100.251 1100.431 1100.61 1100.79 1101.614 1102.576 1103.537 1104.498 1105.317 1105.723 1106.128 1106.534 1106.94 1106.433 1105.509 1104.584 1103.66 1102.781 1102.238 1101.696 1101.153 1100.611 1100.354 1100.334 1100.314 1100.294 1100.274 1103.107 1106.003 1108.9 1111.796 1115.705 1121.078 1126.452 1131.825 1137.198 1139.883
1192.813 1191.175 1188.45 1182.297 1176.143 1169.99 1163.837 1156.391 1148.313 1140.235 1132.157 1124.437 1119.859 1115.281 1110.703 1106.126 1103.522 1102.65 1101.777 1100.904 1100.032 1100.0 1100.0 1100.0 1100.0 1100.109 1100.385 1100.661 1100.937 1101.213 1102.349 1103.668 1104.987 1106.307 1107.428 1107.972 1108.517 1109.062 1109.606 1108.938 1107.714 1106.491 1105.267 1104.094 1103.301 1102.507 1101.713 1100.92 1100.544 1100.513 1100.482 1100.452 1100.421 1104.272 1108.211 1112.149 1116.088 1121.213 1128.056 1134.899 1141.742 1148.585 1152.021
1195.462 1194.22 1191.725 1185.284 1178.842 1172.4 1165.958 1157.807 1148.821 1139.835 1130.848 1122.336 1117.994 1113.651 1109.309 1104.966 1102.595 1101.952 1101.309 1100.666 1100.023 1100.0 1100.0 1100.0 1100.0 1100.147 1100.519 1100.891 1101.263 1101.635 1103.084 1104.761 1106.438 1108.115 1109.539 1110.222 1110.906 1111.589 1112.273 1111.443 1109.92 1108.397 1106.875 1105.408 1104.363 1103.318 1102.273 1101.229 1100.733 1100.692 1100.651 1100.609 1100.568 1105.438 1110.419 1115.399 1120.379 1126.722 1135.034 1143.346 1151.658 1159.971 1164.159
1196.615 1195.411 1192.83 1185.908 1178.987 1172.066 1165.145 1156.599 1147.258 1137.917 1128.576 1119.804 1116.034 1112.263 1108.493 1104.723 1102.687 1102.172 1101.657 1101.141 1100.626 1100.479 1100.346 1100.213 1100.081 1100.205 1100.727 1101.248 1101.769 1102.29 1104.022 1106.011 1108.0 1109.99 1111.67 1112.45 1113.229 1114.009 1114.789 1113.841 1112.103 1110.364 1108.626 1106.94 1105.647 1104.355 1103.062 1101.77 1101.156 1101.104 1101.052 1101.0 1100.948 1106.647 1112.475 1118.304 1124.132 1131.36 1140.614 1149.867 1159.121 1168.374 1173.068
1194.573 1192.642 1189.295 1181.487 1173.679 1165.871 1158.062 1149.781 1141.268 1132.755 1124.243 1116.347 1113.87 1111.393 1108.916 1106.438 1104.958 1104.352 1103.746 1103.14 1102.534 1101.982 1101.432 1100.883 1100.333 1100.309 1101.092 1101.875 1102.658 1103.441 1105.395 1107.598 1109.801 1112.003 1113.844 1114.629 1115.415 1116.2 1116.985 1116.013 1114.237 1112.461 1110.686 1108.938 1107.405 1105.872 1104.339 1102.806 1102.078 1102.016 1101.953 1101.89 1101.827 1107.95 1114.211 1120.472 1126.733 1134.14 1143.207 1152.273 1161.34 1170.407 1175.079
