data/zism_data/00819_02_D.txt
ncols         224
nrows         224
[rows 168 to 195 of 224, columns 130 to 194 of 224]
899.9118 899.9491 899.9864 899.6537 899.1083 898.5629 898.0175 897.0684 891.4956 885.9229 880.3501 874.7773 869.8532 865.5146 861.1759 856.8373 852.4987 850.752 849.0833 847.4145 845.7457 842.1193 835.7451 829.371 822.9969 816.6228 812.9505 809.7132 806.4759 803.2386 801.0297 801.1472 801.2646 801.3821 801.4995 803.6983 806.5842 809.47 812.356 816.2087 824.0009 831.7931 839.5853 847.3775 854.1378 860.3232 866.5085 872.6938 878.2111 876.7703 875.3295 873.8886 872.4478 873.0959 875.5753 878.0546 880.5339 883.0133 882.7069 882.3383 881.9695 881.6008 880.325 877.8134 875.3019
899.8358 899.9052 899.9747 899.7558 899.3712 898.9866 898.6021 897.7612 891.6953 885.6293 879.5634 873.4974 867.3898 861.2446 855.0995 848.9543 842.8091 840.838 838.9922 837.1466 835.3009 832.1376 827.1252 822.1127 817.1003 812.0878 809.3708 807.0234 804.6759 802.3285 800.8452 801.3164 801.7877 802.2589 802.7302 806.113 810.457 814.8011 819.1451 824.1538 831.871 839.5882 847.3054 855.0225 861.2498 866.6471 872.0444 877.4417 882.2582 881.0264 879.7947 878.5629 877.3312 878.3083 881.2219 884.1354 887.049 889.9626 889.5399 889.0425 888.5452 888.0479 886.6002 883.8581 881.116
899.7597 899.8613 899.9629 899.8579 899.6342 899.4104 899.1866 898.4541 891.895 885.3358 878.7767 872.2175 864.9266 856.9749 849.0233 841.0716 833.1199 830.9243 828.9016 826.879 824.8564 822.1564 818.5056 814.8547 811.2039 807.553 805.7912 804.3336 802.876 801.4184 800.6606 801.4857 802.3107 803.1358 803.9608 808.5277 814.3298 820.1319 825.934 832.0987 839.7408 847.383 855.0251 862.6672 868.3615 872.9708 877.58 882.1893 886.3052 885.2825 884.2598 883.2371 882.2144 883.5206 886.8683 890.2161 893.5638 896.9116 896.3726 895.7466 895.1206 894.4946 892.8752 889.9026 886.93
899.6837 899.8174 899.9512 899.96 899.8971 899.8342 899.7712 899.147 892.0947 885.0424 877.99 870.9377 862.4633 852.7051 842.947 833.1888 823.4307 821.0106 818.811 816.6115 814.412 812.1752 809.8859 807.5966 805.3074 803.0181 802.2116 801.6439 801.0761 800.5084 800.4761 801.6549 802.8337 804.0126 805.1915 810.9424 818.2026 825.4627 832.7229 840.0436 847.6107 855.1778 862.7449 870.312 875.4732 879.2944 883.1157 886.937 890.3522 889.5386 888.7249 887.9113 887.0976 888.7328 892.5148 896.2968 900.0787 903.8607 903.2054 902.4507 901.696 900.9414 899.1501 895.9471 892.744
898.5215 898.8701 899.2188 899.1761 898.9086 898.641 898.3734 897.5106 889.8313 882.152 874.4727 866.7934 857.8472 847.7574 837.6675 827.5778 817.4879 815.1904 813.1273 811.0641 809.0009 807.1631 805.6417 804.1202 802.5987 801.0772 800.8935 800.9252 800.9569 800.9886 801.7966 804.3604 806.9241 809.4879 812.0518 818.8476 827.0406 835.2335 843.4265 851.3173 857.9774 864.6373 871.2974 877.9573 882.2355 885.1871 888.1388 891.0905 893.7543 893.4205 893.0868 892.7531 892.4193 894.3726 898.3311 902.2895 906.2479 910.2063 909.4928 908.6747 907.8567 907.0386 905.1229 901.7122 898.3014
896.6612 897.3422 898.0232 897.8227 897.1155 896.4084 895.7012 894.377 885.9847 877.5924 869.2001 860.8079 851.8474 842.3741 832.9007 823.4274 813.954 812.0024 810.277 808.5515 806.826 805.3461 804.2105 803.075 801.9395 800.804 801.0293 801.4737 801.9182 802.3626 804.0845 808.6961 813.3077 817.9192 822.5308 830.2822 839.0701 847.8581 856.6461 864.7305 869.9485 875.1666 880.3846 885.6027 888.7728 890.8024 892.832 894.8616 896.7415 897.0618 897.382 897.7023 898.0225 900.287 904.2562 908.2253 912.1945 916.1636 915.4293 914.5898 913.7504 912.9109 910.9011 907.2974 903.6935
894.8008 895.8141 896.8275 896.4692 895.3224 894.1757 893.0289 891.2431 882.1379 873.0326 863.9274 854.8221 845.8474 836.9905 828.1337 819.2769 810.42 808.8143 807.4265 806.0388 804.6511 803.5289 802.7794 802.0298 801.2802 800.5307 801.165 802.0223 802.8795 803.7367 806.3726 813.032 819.6914 826.3508 833.0101 841.7172 851.1002 860.4832 869.8661 878.1442 881.9202 885.6962 889.4723 893.2483 895.3104 896.4179 897.5255 898.633 899.7288 900.7031 901.6774 902.6517 903.6259 906.2017 910.1815 914.1614 918.1412 922.121 921.3661 920.5051 919.6442 918.7833 916.6794 912.8827 909.0859
892.9405 894.2862 895.6319 895.1157 893.5294 891.9431 890.3568 888.1094 878.2912 868.473 858.6548 848.8365 839.8476 831.6072 823.3668 815.1265 806.8861 805.6262 804.5762 803.5262 802.4762 801.7118 801.3482 800.9846 800.621 800.2574 801.3008 802.5708 803.8408 805.1107 808.6606 817.3678 826.0749 834.782 843.4892 853.1518 863.1298 873.1077 883.0857 891.5573 893.8914 896.2255 898.5596 900.8937 901.8477 902.0332 902.2187 902.4042 902.7161 904.3444 905.9726 907.6009 909.2291 912.1161 916.1067 920.0972 924.0878 928.0783 927.3026 926.4202 925.5379 924.6555 922.4576 918.4678 914.4781
890.7544 892.4175 894.0807 893.3935 891.3555 889.3174 887.2795 884.5667 874.1259 863.6852 853.2444 842.8037 833.8625 826.275 818.6874 811.0999 803.5124 802.5895 801.8669 801.1444 800.4219 800.0 800.0 800.0 800.0 800.0 801.4814 803.2015 804.9215 806.6415 811.1159 821.8205 832.5251 843.2297 853.9343 864.4809 874.9753 885.4696 895.964 904.5831 905.5612 906.5394 907.5175 908.4957 908.4282 907.7783 907.1285 906.4786 906.0818 908.3203 910.5587 912.7972 915.0356 918.1882 922.1422 926.0963 930.0502 934.0043 933.1855 932.2599 931.3344 930.4088 928.1014 923.9118 919.7222
883.2768 885.015 886.7532 885.6815 882.9949 880.3082 877.6216 874.3802 864.7865 855.1927 845.5989 836.0052 828.1194 821.7755 815.4315 809.0875 802.7436 802.0131 801.4514 800.8897 800.328 800.0 800.0 800.0 800.0 800.0 802.391 805.167 807.943 810.7189 816.2871 828.171 840.0549 851.9388 863.8228 874.0897 883.8229 893.5561 903.2893 911.3056 912.3267 913.3477 914.3688 915.3898 915.7061 915.6298 915.5535 915.4772 915.5948 917.7314 919.868 922.0046 924.1412 926.8178 929.9678 933.1177 936.2677 939.4177 938.1933 936.8711 935.5488 934.2266 931.5588 927.0583 922.5579
875.799 877.6122 879.4254 877.9693 874.634 871.2986 867.9634 864.1935 855.4467 846.7 837.9532 829.2064 822.376 817.2758 812.1754 807.0751 801.9748 801.4367 801.0358 800.6349 800.2341 800.0 800.0 800.0 800.0 800.0 803.3005 807.1326 810.9645 814.7966 821.4585 834.5218 847.585 860.6483 873.7115 883.6989 892.6709 901.6429 910.6149 918.0284 919.0923 920.1563 921.2202 922.2842 922.9842 923.4815 923.9789 924.4762 925.1082 927.1429 929.1777 931.2124 933.2471 935.4477 937.7936 940.1395 942.4854 944.8312 943.2013 941.4824 939.7634 938.0445 935.0164 930.205 925.3936
868.3214 870.2097 872.098 870.2573 866.2734 862.2894 858.3055 854.0071 846.1073 838.2075 830.3077 822.4079 816.6329 812.7762 808.9195 805.0627 801.206 800.8604 800.6203 800.3802 800.1402 800.0 800.0 800.0 800.0 800.0 804.2101 809.098 813.986 818.874 826.6298 840.8723 855.1149 869.3574 883.6 893.3078 901.5186 909.7294 917.9401 924.751 925.8578 926.9647 928.0715 929.1783 930.2621 931.333 932.4039 933.4748 934.6212 936.5541 938.487 940.4199 942.3527 944.0773 945.6191 947.1609 948.7028 950.2446 948.209 946.0934 943.9778 941.8622 938.4738 933.3514 928.2291
860.8438 862.8071 864.7704 862.5453 857.9128 853.2802 848.6476 843.8207 836.7679 829.715 822.6622 815.6093 810.8898 808.2767 805.6635 803.0504 800.4373 800.284 800.2048 800.1255 800.0463 800.0 800.0 800.0 800.0 800.0 805.1196 811.0635 817.0075 822.9514 831.801 847.2228 862.6447 878.0666 893.4885 902.9166 910.3662 917.8159 925.2654 931.4736 932.6233 933.773 934.9227 936.0724 937.54 939.1845 940.829 942.4734 944.1343 945.9653 947.7963 949.6273 951.4583 952.7068 953.4446 954.1824 954.9202 955.658 953.2169 950.7046 948.1923 945.6801 941.9312 936.4979 931.0648
851.8788 853.7133 855.5477 853.2988 848.7028 844.1068 839.5109 834.8046 828.8353 822.8661 816.8968 810.9276 807.1614 805.384 803.6066 801.8292 800.0519 800.0 800.0 800.0 800.0 800.0407 800.1386 800.2365 800.3344 800.4323 806.4962 813.5206 820.545 827.5695 837.3298 853.2784 869.2271 885.1757 901.1243 910.3297 917.309 924.2883 931.2676 937.1602 938.6247 940.0892 941.5538 943.0182 944.8988 947.0108 949.1229 951.2349 953.3091 954.9893 956.6696 958.3497 960.03 960.8636 960.955 961.0464 961.1378 961.2292 958.1998 955.1005 952.0011 948.9018 944.7092 939.0276 933.3461
841.4695 842.977 844.4845 842.5621 838.6684 834.7746 830.8809 826.926 822.2701 817.6142 812.9583 808.3024 805.3903 804.0525 802.7147 801.3768 800.0391 800.0 800.0 800.0 800.0 800.121 800.4119 800.7028 800.9937 801.2845 808.3262 816.455 824.5837 832.7124 843.2056 859.047 874.8884 890.7299 906.5713 915.6089 922.4007 929.1924 935.9841 941.8401 943.8835 945.927 947.9705 950.0139 952.3356 954.8122 957.2888 959.7654 962.1548 963.6367 965.1185 966.6004 968.0823 968.5604 968.1587 967.757 967.3552 966.9534 963.1581 959.2869 955.4156 951.5444 946.8273 940.9581 935.0889
831.0599 832.2404 833.4208 831.8251 828.6337 825.4421 822.2507 819.0471 815.7046 812.3621 809.0196 805.6771 803.6191 802.7209 801.8227 800.9244 800.0262 800.0 800.0 800.0 800.0 800.2013 800.6852 801.1691 801.6529 802.1368 810.1564 819.3894 828.6224 837.8555 849.0815 864.8157 880.55 896.2842 912.0184 920.8885 927.4926 934.0966 940.7007 946.5201 949.1426 951.765 954.3874 957.0098 959.7728 962.6139 965.455 968.2961 971.0008 972.2843 973.5678 974.8513 976.1348 976.2576 975.3626 974.4677 973.5728 972.6779 968.1167 963.4734 958.8303 954.187 948.9453 942.8885 936.8317
820.6506 821.5042 822.3576 821.0884 818.5992 816.1099 813.6207 811.1685 809.1393 807.1102 805.0811 803.0519 801.8481 801.3894 800.9307 800.472 800.0134 800.0 800.0 800.0 800.0 800.2816 800.9584 801.6353 802.3122 802.989 811.9865 822.3238 832.6611 842.9984 854.9573 870.5843 886.2114 901.8384 917.4655 926.1678 932.5843 939.0007 945.4172 951.2001 954.4014 957.6027 960.8041 964.0054 967.2096 970.4153 973.6209 976.8265 979.8464 980.9316 982.0168 983.102 984.1871 983.9544 982.5663 981.1782 979.7902 978.402 973.0751 967.6599 962.2448 956.8296 951.0634 944.8188 938.5744
810.241 810.7675 811.294 810.3514 808.5645 806.7775 804.9905 803.2896 802.5739 801.8581 801.1423 800.4266 800.077 800.0579 800.0388 800.0197 800.0005 800.0 800.0 800.0 800.0 800.3619 801.2318 802.1016 802.9714 803.8412 813.8167 825.2583 836.6998 848.1414 860.8333 876.3531 891.8729 907.3928 922.9126 931.4473 937.6761 943.905 950.1338 955.8801 959.6604 963.4407 967.221 971.0013 974.6467 978.2169 981.7871 985.3573 988.6924 989.5792 990.4661 991.3529 992.2397 991.6516 989.7703 987.889 986.0078 984.1265 978.0336 971.8465 965.6594 959.4722 953.1814 946.7493 940.3172
807.7311 808.1357 808.5403 807.8657 806.5707 805.2757 803.9808 802.7505 802.261 801.7716 801.2822 800.7927 800.4958 800.3728 800.2497 800.1266 800.0036 800.0 800.0 800.0 800.0 800.5787 801.9697 803.3607 804.7518 806.1428 817.1636 829.7351 842.3066 854.8781 868.0895 882.7484 897.4072 912.0661 926.725 935.1401 941.4941 947.8481 954.2021 960.067 963.9391 967.8112 971.6833 975.5554 978.9474 982.072 985.1966 988.3212 991.2354 991.9598 992.6842 993.4086 994.1329 993.5121 991.7119 989.9117 988.1116 986.3115 980.5386 974.6769 968.8151 962.9534 956.9683 950.8152 944.6621
805.5801 805.8721 806.1641 805.7548 804.9423 804.1298 803.3173 802.545 802.2324 801.9199 801.6074 801.2948 801.0142 800.7625 800.5108 800.2591 800.0073 800.0 800.0 800.0 800.0 800.8018 802.7289 804.6559 806.5831 808.5101 820.5797 834.2822 847.9848 861.6874 875.4087 889.1723 902.9359 916.6996 930.4632 938.7609 945.2543 951.7477 958.2411 964.2316 968.1734 972.1152 976.057 979.9988 983.1058 985.7479 988.39 991.0321 993.4921 994.0557 994.6192 995.1827 995.7463 995.1075 993.4145 991.7216 990.0286 988.3356 982.9323 977.4457 971.9592 966.4728 960.8312 954.9783 949.1254
803.4291 803.6086 803.788 803.644 803.314 802.9839 802.6539 802.3395 802.2038 802.0682 801.9325 801.7969 801.5326 801.1522 800.7719 800.3915 800.0111 800.0 800.0 800.0 800.0 801.0248 803.488 805.9512 808.4143 810.8775 823.9955 838.8292 853.6628 868.4965 882.7276 895.5961 908.4645 921.3329 934.2013 942.3817 949.0144 955.6472 962.2799 968.3961 972.4075 976.4191 980.4305 984.442 987.2641 989.4237 991.5833 993.743 995.7487 996.1514 996.5541 996.9569 997.3596 996.7028 995.1171 993.5313 991.9456 990.3598 985.3257 980.2145 975.1033 969.9921 964.6939 959.1412 953.5885
801.2781 801.345 801.4119 801.5331 801.6855 801.838 801.9904 802.1339 802.1752 802.2164 802.2577 802.299 802.051 801.5419 801.0329 800.5239 800.0148 800.0 800.0 800.0 800.0 801.2479 804.2471 807.2464 810.2457 813.2449 827.4115 843.3763 859.341 875.3058 890.0468 902.02 913.9932 925.9663 937.9395 946.0024 952.7746 959.5467 966.3188 972.5607 976.6418 980.723 984.8042 988.8854 991.4224 993.0996 994.7767 996.4539 998.0054 998.2473 998.4892 998.7311 998.973 998.2982 996.8196 995.3411 993.8625 992.384 987.7194 982.9834 978.2474 973.5114 968.5568 963.3043 958.0518
802.8515 803.0995 803.3475 803.7638 804.2769 804.79 805.303 805.7629 805.6135 805.464 805.3145 805.165 804.5406 803.4874 802.4343 801.3812 800.328 800.2339 800.1686 800.1034 800.0381 801.3931 804.7413 808.0895 811.4378 814.7861 829.6324 846.3301 863.0278 879.7256 894.8118 906.2531 917.6943 929.1356 940.5768 948.5373 955.3487 962.1602 968.9716 975.2489 979.3497 983.4505 987.5513 991.6522 994.0037 995.3812 996.7586 998.136 999.4045 999.5378 999.6711 999.8044 999.9377 999.2832 997.938 996.5927 995.2475 993.9023 989.6778 985.3888 981.0999 976.8109 972.2218 967.2238 962.2258
809.8784 810.7374 811.5965 812.3516 813.0469 813.7422 814.4376 815.0066 814.1281 813.2496 812.371 811.4926 809.9166 807.7109 805.5053 803.2997 801.0941 800.8102 800.5842 800.3581 800.132 801.4243 804.8476 808.2709 811.6942 815.1174 830.1035 846.9512 863.7991 880.6469 895.8373 907.2785 918.7197 930.1609 941.6022 949.4821 956.1863 962.8906 969.5948 975.7755 979.8226 983.8699 987.9171 991.9643 994.2761 995.6213 996.9666 998.3119 999.5482 999.6493 999.7504 999.8516 999.9528 999.3746 998.2009 997.0272 995.8535 994.6798 990.9991 987.2623 983.5254 979.7886 975.5973 970.7869 965.9765
816.9055 818.3756 819.8458 820.9396 821.8173 822.6949 823.5725 824.2505 822.6429 821.0354 819.4279 817.8203 815.2927 811.9346 808.5765 805.2184 801.8602 801.3866 800.9998 800.6129 800.226 801.4555 804.9539 808.4522 811.9505 815.4489 830.5745 847.5724 864.5704 881.5682 896.8627 908.304 919.7452 931.1865 942.6277 950.427 957.024 963.621 970.218 976.302 980.2957 984.2892 988.2828 992.2765 994.5484 995.8615 997.1746 998.4877 999.6918 999.7608 999.8298 999.8988 999.9678 999.466 998.4638 997.4617 996.4595 995.4573 992.3204 989.1357 985.951 982.7664 978.9728 974.3501 969.7274
823.9323 826.0135 828.0947 829.5274 830.5873 831.6472 832.707 833.4941 831.1576 828.821 826.4844 824.1478 820.6687 816.1581 811.6475 807.137 802.6264 801.963 801.4153 800.8676 800.3198 801.4868 805.0601 808.6335 812.2068 815.7803 831.0456 848.1936 865.3416 882.4896 897.8881 909.3293 920.7706 932.2119 943.6531 951.3718 957.8616 964.3514 970.8412 976.8286 980.7686 984.7086 988.6486 992.5886 994.8207 996.1016 997.3826 998.6636 999.8355 999.8723 999.9092 999.946 999.9828 999.5574 998.7267 997.8961 997.0655 996.2348 993.6417 991.0092 988.3766 985.744 982.3483 977.9132 973.4781
830.9594 833.6517 836.3441 838.1155 839.3576 840.5998 841.8419 842.7381 839.6725 836.6069 833.5413 830.4756 826.0449 820.3818 814.7187 809.0556 803.3925 802.5394 801.8308 801.1223 800.4138 801.5179 805.1664 808.8148 812.4633 816.1116 831.5167 848.8148 866.1129 883.4109 898.9136 910.3548 921.7961 933.2374 944.6786 952.3167 958.6993 965.0818 971.4645 977.3552 981.2416 985.1279 989.0143 992.9008 995.093 996.3418 997.5906 998.8394 999.9792 999.9838 999.9885 999.9932 999.9978 999.6488 998.9897 998.3306 997.6714 997.0123 994.9631 992.8826 990.8022 988.7218 985.7239 981.4764 977.2289
844.0964 846.7673 849.4382 851.0236 851.985 852.9465 853.9079 854.4528 850.2272 846.0017 841.7761 837.5506 831.9301 825.0504 818.1706 811.2908 804.4111 803.3129 802.3885 801.4642 800.5398 801.4767 805.026 808.5753 812.1246 815.6739 830.8746 847.9516 865.0285 882.1054 897.4026 908.6743 919.9459 931.2176 942.4893 950.0012 956.272 962.5428 968.8136 974.6726 978.8538 983.0349 987.2161 991.3972 993.8686 995.3877 996.9069 998.426 999.8157 999.857 999.8982 999.9395 999.9807 999.7255 999.2104 998.6954 998.1803 997.6652 996.0247 994.3588 992.6931 991.0273 988.2839 984.0727 979.8616
