data/zism_data/00818_04_D.txt
ncols         224
nrows         224
[rows 140 to 167 of 224, columns 128 to 191 of 224]
1322.221 1326.82 1331.396 1335.189 1338.982 1342.776 1346.569 1349.489 1351.455 1353.421 1355.387 1357.353 1353.015 1348.184 1343.353 1338.522 1332.152 1323.235 1314.319 1305.403 1296.486 1288.688 1281.125 1273.562 1265.999 1259.943 1257.853 1255.762 1253.672 1251.582 1250.846 1250.625 1250.404 1250.183 1250.0 1250.0 1250.0 1250.0 1250.0 1250.074 1250.193 1250.311 1250.43 1250.544 1250.603 1250.662 1250.722 1250.781 1250.798 1250.776 1250.753 1250.731 1250.709 1250.651 1250.591 1250.532 1250.473 1250.595 1250.969 1251.342 1251.715 1252.088 1253.667 1255.426
1322.746 1326.979 1331.189 1334.616 1338.044 1341.471 1344.898 1347.351 1348.742 1350.132 1351.522 1352.912 1348.452 1343.535 1338.618 1333.701 1327.29 1318.405 1309.521 1300.637 1291.753 1284.272 1277.086 1269.9 1262.713 1257.093 1255.595 1254.097 1252.599 1251.1 1250.578 1250.427 1250.276 1250.125 1250.0 1250.0 1250.0 1250.0 1250.0 1250.128 1250.332 1250.537 1250.742 1250.939 1251.041 1251.144 1251.246 1251.348 1251.377 1251.339 1251.3 1251.262 1251.224 1251.123 1251.021 1250.919 1250.816 1250.968 1251.47 1251.973 1252.475 1252.978 1254.512 1256.201
1323.272 1327.139 1330.982 1334.044 1337.105 1340.166 1343.228 1345.214 1346.029 1346.843 1347.657 1348.471 1343.89 1338.887 1333.884 1328.88 1322.427 1313.575 1304.724 1295.872 1287.02 1279.856 1273.046 1266.237 1259.427 1254.244 1253.337 1252.431 1251.525 1250.619 1250.31 1250.229 1250.148 1250.067 1250.0 1250.0 1250.0 1250.0 1250.0 1250.181 1250.472 1250.763 1251.054 1251.334 1251.479 1251.625 1251.77 1251.916 1251.957 1251.902 1251.848 1251.793 1251.739 1251.596 1251.45 1251.305 1251.16 1251.341 1251.972 1252.604 1253.235 1253.867 1255.357 1256.977
1323.797 1327.298 1330.776 1333.471 1336.167 1338.862 1341.557 1343.077 1343.316 1343.554 1343.792 1344.031 1339.328 1334.238 1329.149 1324.06 1317.565 1308.745 1299.926 1291.107 1282.287 1275.44 1269.007 1262.574 1256.142 1251.394 1251.08 1250.766 1250.451 1250.137 1250.043 1250.031 1250.02 1250.009 1250.0 1250.0 1250.0 1250.0 1250.0 1250.235 1250.612 1250.989 1251.366 1251.729 1251.917 1252.106 1252.294 1252.483 1252.536 1252.465 1252.395 1252.324 1252.253 1252.068 1251.88 1251.691 1251.503 1251.713 1252.474 1253.235 1253.996 1254.756 1256.203 1257.752
1323.516 1326.674 1329.809 1332.188 1334.567 1336.946 1339.325 1340.52 1340.422 1340.324 1340.226 1340.128 1335.674 1330.878 1326.083 1321.288 1315.205 1306.992 1298.78 1290.567 1282.354 1275.729 1269.438 1263.147 1256.856 1252.162 1251.671 1251.179 1250.688 1250.197 1250.052 1250.038 1250.025 1250.011 1250.014 1250.096 1250.177 1250.258 1250.34 1250.713 1251.262 1251.811 1252.36 1252.891 1253.2 1253.508 1253.817 1254.125 1254.256 1254.223 1254.191 1254.158 1254.126 1254.023 1253.918 1253.813 1253.708 1253.984 1254.783 1255.582 1256.382 1257.181 1258.399 1259.679
1323.083 1325.901 1328.698 1330.77 1332.842 1334.915 1336.987 1337.882 1337.494 1337.105 1336.717 1336.328 1332.192 1327.763 1323.333 1318.904 1313.319 1305.822 1298.326 1290.829 1283.332 1276.912 1270.717 1264.523 1258.329 1253.616 1252.802 1251.988 1251.174 1250.359 1250.114 1250.084 1250.054 1250.025 1250.031 1250.209 1250.388 1250.566 1250.744 1251.271 1252.008 1252.746 1253.483 1254.199 1254.642 1255.085 1255.528 1255.971 1256.192 1256.207 1256.223 1256.239 1256.255 1256.258 1256.261 1256.264 1256.267 1256.613 1257.434 1258.255 1259.076 1259.897 1260.851 1261.824
1322.649 1325.128 1327.587 1329.352 1331.118 1332.883 1334.649 1335.245 1334.566 1333.887 1333.208 1332.528 1328.71 1324.647 1320.584 1316.521 1311.433 1304.652 1297.872 1291.091 1284.31 1278.094 1271.996 1265.899 1259.802 1255.07 1253.933 1252.796 1251.659 1250.522 1250.176 1250.13 1250.084 1250.038 1250.048 1250.323 1250.598 1250.874 1251.149 1251.829 1252.755 1253.681 1254.607 1255.507 1256.085 1256.662 1257.24 1257.818 1258.127 1258.192 1258.256 1258.32 1258.385 1258.494 1258.604 1258.715 1258.825 1259.243 1260.086 1260.928 1261.771 1262.613 1263.303 1263.97
1322.215 1324.355 1326.476 1327.934 1329.393 1330.852 1332.31 1332.608 1331.638 1330.668 1329.698 1328.728 1325.229 1321.531 1317.834 1314.137 1309.548 1303.483 1297.418 1291.353 1285.288 1279.276 1273.276 1267.275 1261.275 1256.525 1255.064 1253.604 1252.144 1250.684 1250.237 1250.175 1250.113 1250.051 1250.065 1250.437 1250.809 1251.181 1251.553 1252.388 1253.502 1254.616 1255.73 1256.815 1257.527 1258.239 1258.952 1259.664 1260.063 1260.176 1260.289 1260.401 1260.514 1260.729 1260.947 1261.166 1261.384 1261.873 1262.737 1263.601 1264.465 1265.329 1265.755 1266.115
1321.364 1323.263 1325.142 1326.318 1327.495 1328.671 1329.847 1329.898 1328.721 1327.545 1326.368 1325.191 1322.026 1318.706 1315.387 1312.067 1307.974 1302.604 1297.234 1291.863 1286.493 1280.727 1274.877 1269.028 1263.178 1258.438 1256.617 1254.797 1252.976 1251.155 1250.573 1250.463 1250.352 1250.241 1250.234 1250.725 1251.215 1251.705 1252.195 1253.165 1254.425 1255.685 1256.945 1258.175 1259.013 1259.852 1260.69 1261.529 1262.028 1262.215 1262.402 1262.59 1262.777 1263.136 1263.499 1263.862 1264.226 1264.786 1265.618 1266.449 1267.281 1268.112 1268.298 1268.387
1319.558 1321.442 1323.298 1324.248 1325.199 1326.149 1327.099 1327.025 1325.832 1324.639 1323.446 1322.253 1319.461 1316.545 1313.629 1310.713 1307.115 1302.391 1297.667 1292.942 1288.218 1282.791 1277.215 1271.641 1266.065 1261.401 1259.134 1256.866 1254.599 1252.332 1251.537 1251.302 1251.068 1250.833 1250.753 1251.41 1252.068 1252.725 1253.382 1254.445 1255.753 1257.062 1258.37 1259.652 1260.598 1261.544 1262.491 1263.437 1264.057 1264.379 1264.701 1265.023 1265.345 1265.932 1266.527 1267.122 1267.717 1268.346 1269.021 1269.696 1270.372 1271.047 1271.049 1270.95
1317.753 1319.62 1321.454 1322.179 1322.903 1323.627 1324.352 1324.151 1322.942 1321.733 1320.524 1319.314 1316.896 1314.384 1311.872 1309.359 1306.257 1302.178 1298.099 1294.021 1289.942 1284.854 1279.554 1274.253 1268.953 1264.365 1261.65 1258.936 1256.222 1253.508 1252.501 1252.142 1251.784 1251.425 1251.272 1252.096 1252.92 1253.744 1254.568 1255.724 1257.081 1258.438 1259.795 1261.13 1262.183 1263.237 1264.291 1265.345 1266.087 1266.544 1267.0 1267.457 1267.913 1268.729 1269.555 1270.381 1271.208 1271.905 1272.424 1272.944 1273.463 1273.982 1273.8 1273.512
1315.948 1317.799 1319.611 1320.109 1320.607 1321.105 1321.604 1321.278 1320.052 1318.827 1317.602 1316.376 1314.332 1312.223 1310.114 1308.005 1305.398 1301.965 1298.532 1295.1 1291.667 1286.918 1281.892 1276.866 1271.84 1267.328 1264.167 1261.006 1257.845 1254.684 1253.464 1252.982 1252.5 1252.017 1251.791 1252.782 1253.773 1254.764 1255.754 1257.004 1258.409 1259.814 1261.219 1262.607 1263.768 1264.93 1266.091 1267.253 1268.117 1268.708 1269.299 1269.89 1270.481 1271.526 1272.583 1273.641 1274.699 1275.465 1275.828 1276.191 1276.554 1276.917 1276.551 1276.075
1314.143 1315.978 1317.767 1318.039 1318.312 1318.584 1318.856 1318.404 1317.163 1315.921 1314.68 1313.438 1311.767 1310.062 1308.357 1306.651 1304.539 1301.752 1298.965 1296.179 1293.392 1288.982 1284.23 1279.479 1274.727 1270.291 1266.683 1263.076 1259.468 1255.86 1254.428 1253.822 1253.215 1252.609 1252.31 1253.468 1254.625 1255.783 1256.941 1258.283 1259.737 1261.19 1262.644 1264.084 1265.354 1266.623 1267.892 1269.161 1270.146 1270.872 1271.598 1272.323 1273.049 1274.322 1275.611 1276.901 1278.19 1279.024 1279.231 1279.438 1279.645 1279.853 1279.302 1278.637
1311.857 1313.643 1315.382 1315.56 1315.739 1315.917 1316.095 1315.569 1314.274 1312.98 1311.685 1310.39 1309.058 1307.724 1306.389 1305.055 1303.334 1300.974 1298.614 1296.254 1293.894 1289.809 1285.361 1280.913 1276.465 1272.252 1268.656 1265.061 1261.465 1257.87 1256.354 1255.628 1254.902 1254.176 1253.776 1254.923 1256.07 1257.217 1258.363 1259.708 1261.173 1262.638 1264.103 1265.559 1266.894 1268.23 1269.565 1270.901 1271.984 1272.836 1273.688 1274.54 1275.392 1276.793 1278.21 1279.627 1281.045 1281.929 1282.079 1282.23 1282.38 1282.53 1281.823 1280.986
1309.426 1311.153 1312.833 1312.957 1313.082 1313.207 1313.331 1312.746 1311.386 1310.027 1308.668 1307.308 1306.307 1305.333 1304.359 1303.385 1302.025 1300.025 1298.026 1296.027 1294.027 1290.263 1286.127 1281.991 1277.855 1273.91 1270.465 1267.02 1263.576 1260.131 1258.57 1257.726 1256.882 1256.038 1255.529 1256.611 1257.693 1258.775 1259.857 1261.178 1262.643 1264.108 1265.573 1267.032 1268.422 1269.811 1271.2 1272.589 1273.763 1274.739 1275.714 1276.69 1277.666 1279.165 1280.679 1282.193 1283.707 1284.637 1284.76 1284.883 1285.007 1285.13 1284.274 1283.271
1306.996 1308.663 1310.284 1310.355 1310.425 1310.496 1310.567 1309.923 1308.499 1307.075 1305.651 1304.227 1303.555 1302.942 1302.328 1301.715 1300.715 1299.077 1297.438 1295.799 1294.161 1290.717 1286.893 1283.07 1279.246 1275.568 1272.274 1268.98 1265.686 1262.392 1260.787 1259.824 1258.862 1257.899 1257.281 1258.299 1259.316 1260.334 1261.351 1262.648 1264.113 1265.578 1267.043 1268.506 1269.949 1271.392 1272.835 1274.278 1275.542 1276.642 1277.741 1278.841 1279.94 1281.537 1283.148 1284.759 1286.37 1287.344 1287.441 1287.537 1287.634 1287.73 1286.725 1285.555
1304.565 1306.173 1307.735 1307.752 1307.769 1307.786 1307.803 1307.099 1305.611 1304.122 1302.634 1301.145 1300.803 1300.55 1300.298 1300.045 1299.406 1298.128 1296.85 1295.572 1294.294 1291.171 1287.659 1284.148 1280.636 1277.226 1274.083 1270.939 1267.796 1264.653 1263.004 1261.923 1260.842 1259.761 1259.033 1259.986 1260.939 1261.892 1262.845 1264.117 1265.582 1267.047 1268.512 1269.98 1271.477 1272.973 1274.47 1275.967 1277.321 1278.545 1279.768 1280.991 1282.215 1283.909 1285.617 1287.325 1289.033 1290.052 1290.121 1290.191 1290.26 1290.33 1289.177 1287.84
1302.028 1303.582 1305.091 1305.097 1305.104 1305.111 1305.118 1304.391 1302.864 1301.337 1299.81 1298.283 1298.215 1298.26 1298.306 1298.352 1298.021 1297.067 1296.114 1295.16 1294.206 1291.396 1288.193 1284.992 1281.79 1278.649 1275.667 1272.686 1269.705 1266.723 1265.061 1263.9 1262.74 1261.579 1260.775 1261.666 1262.557 1263.448 1264.339 1265.592 1267.064 1268.537 1270.009 1271.486 1273.025 1274.563 1276.101 1277.639 1279.073 1280.41 1281.747 1283.084 1284.421 1286.161 1287.912 1289.663 1291.414 1292.447 1292.49 1292.532 1292.575 1292.617 1291.375 1289.94
1299.138 1300.654 1302.131 1302.272 1302.413 1302.555 1302.696 1302.063 1300.584 1299.106 1297.627 1296.149 1296.169 1296.306 1296.443 1296.58 1296.383 1295.634 1294.885 1294.136 1293.387 1290.861 1287.96 1285.06 1282.159 1279.291 1276.509 1273.727 1270.945 1268.162 1266.59 1265.478 1264.366 1263.253 1262.48 1263.317 1264.154 1264.991 1265.828 1267.082 1268.586 1270.091 1271.596 1273.103 1274.641 1276.179 1277.718 1279.256 1280.731 1282.149 1283.567 1284.985 1286.403 1288.014 1289.63 1291.247 1292.864 1293.807 1293.823 1293.839 1293.854 1293.87 1292.737 1291.431
1296.249 1297.727 1299.171 1299.447 1299.723 1299.999 1300.275 1299.734 1298.304 1296.874 1295.444 1294.014 1294.123 1294.351 1294.58 1294.808 1294.746 1294.201 1293.657 1293.112 1292.568 1290.326 1287.727 1285.128 1282.529 1279.934 1277.351 1274.768 1272.185 1269.602 1268.12 1267.056 1265.992 1264.928 1264.185 1264.969 1265.752 1266.535 1267.318 1268.571 1270.108 1271.645 1273.182 1274.719 1276.258 1277.796 1279.334 1280.872 1282.39 1283.889 1285.387 1286.886 1288.385 1289.867 1291.349 1292.831 1294.313 1295.168 1295.156 1295.145 1295.134 1295.123 1294.098 1292.922
1293.359 1294.8 1296.211 1296.621 1297.032 1297.442 1297.853 1297.406 1296.025 1294.643 1293.261 1291.88 1292.077 1292.397 1292.717 1293.037 1293.108 1292.768 1292.428 1292.088 1291.748 1289.791 1287.493 1285.196 1282.898 1280.577 1278.193 1275.809 1273.425 1271.041 1269.649 1268.633 1267.618 1266.602 1265.891 1266.62 1267.349 1268.079 1268.808 1270.061 1271.63 1273.2 1274.769 1276.336 1277.874 1279.413 1280.951 1282.489 1284.049 1285.628 1287.208 1288.787 1290.366 1291.721 1293.068 1294.416 1295.763 1296.528 1296.49 1296.452 1296.414 1296.376 1295.46 1294.412
1290.47 1291.873 1293.251 1293.796 1294.341 1294.886 1295.431 1295.078 1293.745 1292.412 1291.078 1289.745 1290.03 1290.442 1290.854 1291.265 1291.471 1291.335 1291.2 1291.064 1290.929 1289.256 1287.26 1285.264 1283.268 1281.219 1279.035 1276.85 1274.665 1272.48 1271.178 1270.211 1269.244 1268.277 1267.596 1268.271 1268.947 1269.623 1270.298 1271.551 1273.152 1274.754 1276.356 1277.953 1279.491 1281.029 1282.567 1284.106 1285.708 1287.368 1289.028 1290.688 1292.348 1293.574 1294.787 1296.0 1297.213 1297.888 1297.823 1297.758 1297.693 1297.628 1296.821 1295.903
1286.671 1288.1 1289.508 1290.225 1290.943 1291.66 1292.377 1292.179 1290.984 1289.79 1288.595 1287.4 1287.665 1288.045 1288.424 1288.804 1289.035 1289.022 1289.009 1288.995 1288.982 1287.555 1285.83 1284.106 1282.381 1280.593 1278.637 1276.681 1274.725 1272.77 1271.652 1270.854 1270.055 1269.256 1268.719 1269.427 1270.135 1270.843 1271.551 1272.822 1274.434 1276.045 1277.656 1279.264 1280.825 1282.386 1283.946 1285.507 1287.103 1288.732 1290.36 1291.989 1293.617 1294.704 1295.775 1296.846 1297.917 1298.512 1298.45 1298.388 1298.326 1298.264 1297.579 1296.801
1282.474 1283.957 1285.423 1286.329 1287.234 1288.14 1289.045 1289.031 1288.014 1286.996 1285.979 1284.962 1285.16 1285.454 1285.747 1286.041 1286.251 1286.324 1286.397 1286.469 1286.542 1285.344 1283.877 1282.411 1280.944 1279.41 1277.696 1275.983 1274.27 1272.556 1271.665 1271.087 1270.509 1269.931 1269.589 1270.367 1271.145 1271.923 1272.7 1273.998 1275.609 1277.221 1278.832 1280.442 1282.035 1283.628 1285.221 1286.814 1288.384 1289.932 1291.479 1293.027 1294.575 1295.519 1296.444 1297.37 1298.295 1298.812 1298.766 1298.721 1298.675 1298.629 1298.073 1297.44
1278.278 1279.814 1281.338 1282.432 1283.526 1284.62 1285.714 1285.883 1285.043 1284.203 1283.364 1282.524 1282.656 1282.863 1283.07 1283.278 1283.467 1283.626 1283.785 1283.943 1284.102 1283.132 1281.924 1280.716 1279.508 1278.228 1276.756 1275.285 1273.814 1272.342 1271.678 1271.321 1270.964 1270.606 1270.458 1271.306 1272.154 1273.002 1273.85 1275.173 1276.785 1278.396 1280.008 1281.62 1283.246 1284.871 1286.496 1288.122 1289.664 1291.131 1292.598 1294.065 1295.532 1296.333 1297.113 1297.893 1298.673 1299.113 1299.083 1299.054 1299.024 1298.994 1298.567 1298.079
1274.081 1275.672 1277.253 1278.536 1279.818 1281.1 1282.382 1282.734 1282.072 1281.41 1280.748 1280.086 1280.151 1280.272 1280.393 1280.515 1280.682 1280.927 1281.172 1281.417 1281.662 1280.921 1279.971 1279.021 1278.072 1277.045 1275.816 1274.587 1273.358 1272.129 1271.691 1271.555 1271.418 1271.281 1271.328 1272.246 1273.164 1274.081 1274.999 1276.349 1277.961 1279.572 1281.184 1282.798 1284.456 1286.114 1287.771 1289.429 1290.945 1292.331 1293.717 1295.104 1296.49 1297.147 1297.782 1298.417 1299.052 1299.414 1299.4 1299.387 1299.373 1299.36 1299.06 1298.719
1270.019 1271.643 1273.262 1274.726 1276.189 1277.653 1279.117 1279.645 1279.152 1278.659 1278.166 1277.673 1277.666 1277.698 1277.73 1277.761 1277.904 1278.23 1278.556 1278.882 1279.208 1278.684 1277.98 1277.277 1276.574 1275.795 1274.82 1273.844 1272.868 1271.892 1271.688 1271.776 1271.864 1271.953 1272.197 1273.182 1274.167 1275.152 1276.138 1277.507 1279.109 1280.711 1282.313 1283.921 1285.593 1287.266 1288.939 1290.611 1292.096 1293.407 1294.719 1296.031 1297.342 1297.868 1298.37 1298.873 1299.375 1299.667 1299.667 1299.667 1299.667 1299.667 1299.482 1299.27
1266.665 1268.213 1269.763 1271.372 1272.981 1274.591 1276.2 1276.863 1276.493 1276.124 1275.755 1275.386 1275.288 1275.212 1275.136 1275.061 1275.156 1275.536 1275.916 1276.296 1276.676 1276.312 1275.792 1275.271 1274.751 1274.191 1273.528 1272.864 1272.201 1271.537 1271.598 1271.934 1272.27 1272.605 1273.064 1274.103 1275.142 1276.181 1277.22 1278.573 1280.116 1281.658 1283.201 1284.748 1286.345 1287.943 1289.54 1291.137 1292.563 1293.832 1295.1 1296.369 1297.637 1298.099 1298.537 1298.975 1299.413 1299.667 1299.667 1299.667 1299.667 1299.667 1299.524 1299.361
