data/zism_data/00826_04_D.txt
ncols         224
nrows         224
[rows 196 to 223 of 224, columns 0 to 62 of 224]
1700.0 1700.0 1700.0 1700.0 1700.0 1700.0 1700.0 1700.0 1700.0 1700.0 1700.0 1700.0 1699.977 1699.92 1699.862 1699.805 1699.747 1699.625 1699.492 1699.359 1699.226 1699.126 1699.096 1699.066 1699.036 1699.006 1699.0 1699.0 1699.0 1699.0 1699.0 1699.0 1699.0 1699.0 1699.0 1699.0 1699.0 1699.0 1699.0 1699.0 1699.0 1699.0 1699.0 1699.0 1699.0 1699.0 1699.0 1699.0 1699.0 1699.0 1699.0 1699.0 1699.0 1699.0 1699.0 1699.0 1699.0 1699.0 1699.0 1699.0 1699.0 1699.0 1699.0
1700.0 1700.0 1700.0 1700.0 1700.0 1700.0 1700.0 1700.0 1700.0 1700.0 1700.0 1700.0 1699.99 1699.965 1699.94 1699.915 1699.89 1699.754 1699.599 1699.444 1699.29 1699.171 1699.131 1699.09 1699.049 1699.009 1699.0 1699.0 1699.0 1699.0 1699.0 1699.0 1699.0 1699.0 1699.0 1699.0 1699.0 1699.0 1699.0 1699.0 1699.0 1699.0 1699.0 1699.0 1699.0 1699.0 1699.0 1699.0 1699.0 1699.0 1699.0 1699.0 1699.0 1699.0 1699.0 1699.0 1699.0 1699.0 1699.0 1699.0 1699.0 1699.0 1699.0
1700.0 1700.0 1700.0 1700.0 1700.0 1700.0 1700.0 1700.0 1700.0 1700.0 1700.0 1700.0 1700.0 1700.0 1700.0 1700.0 1700.0 1699.861 1699.698 1699.535 1699.372 1699.242 1699.185 1699.127 1699.07 1699.012 1699.0 1699.0 1699.0 1699.0 1699.0 1699.0 1699.0 1699.0 1699.0 1699.0 1699.0 1699.0 1699.0 1699.0 1699.0 1699.0 1699.0 1699.0 1699.0 1699.0 1699.0 1699.0 1699.0 1699.0 1699.0 1699.0 1699.0 1699.0 1699.0 1699.0 1699.0 1699.0 1699.0 1699.0 1699.0 1699.0 1699.022
1700.0 1700.0 1700.0 1700.0 1700.0 1700.0 1700.0 1700.0 1700.0 1700.0 1700.0 1700.0 1700.0 1700.0 1700.0 1700.0 1700.0 1699.893 1699.768 1699.643 1699.518 1699.402 1699.307 1699.211 1699.116 1699.021 1699.0 1699.0 1699.0 1699.0 1699.0 1699.0 1699.0 1699.0 1699.0 1699.0 1699.0 1699.0 1699.0 1699.0 1699.0 1699.0 1699.0 1699.0 1699.0 1699.0 1699.0 1699.0 1699.0 1699.0 1699.0 1699.0 1699.0 1699.0 1699.0 1699.0 1699.0 1699.0 1699.0 1699.0 1699.0 1699.0 1699.117
1700.0 1700.0 1700.0 1700.0 1700.0 1700.0 1700.0 1700.0 1700.0 1700.0 1700.0 1700.0 1700.0 1700.0 1700.0 1700.0 1700.0 1699.925 1699.838 1699.751 1699.664 1699.562 1699.429 1699.295 1699.162 1699.029 1699.0 1699.0 1699.0 1699.0 1699.0 1699.0 1699.0 1699.0 1699.0 1699.0 1699.0 1699.0 1699.0 1699.0 1699.0 1699.0 1699.0 1699.0 1699.0 1699.0 1699.0 1699.0 1699.0 1699.0 1699.0 1699.0 1699.0 1699.0 1699.0 1699.0 1699.0 1699.0 1699.0 1699.0 1699.0 1699.0 1699.213
1700.0 1700.0 1700.0 1700.0 1700.0 1700.0 1700.0 1700.0 1700.0 1700.0 1700.0 1700.0 1700.0 1700.0 1700.0 1700.0 1700.0 1699.958 1699.908 1699.859 1699.81 1699.721 1699.55 1699.379 1699.208 1699.037 1699.0 1699.0 1699.0 1699.0 1699.0 1699.0 1699.0 1699.0 1699.0 1699.0 1699.0 1699.0 1699.0 1699.0 1699.0 1699.0 1699.0 1699.0 1699.0 1699.0 1699.0 1699.0 1699.0 1699.0 1699.0 1699.0 1699.0 1699.0 1699.0 1699.0 1699.0 1699.0 1699.0 1699.0 1699.0 1699.0 1699.309
1700.0 1700.0 1700.0 1700.0 1700.0 1700.0 1700.0 1700.0 1700.0 1700.0 1700.0 1700.0 1700.0 1700.0 1700.0 1700.0 1700.0 1699.99 1699.979 1699.967 1699.956 1699.881 1699.672 1699.463 1699.254 1699.045 1699.0 1699.0 1699.0 1699.0 1699.0 1699.0 1699.0 1699.0 1699.0 1699.0 1699.0 1699.0 1699.0 1699.0 1699.0 1699.0 1699.0 1699.0 1699.0 1699.0 1699.0 1699.0 1699.0 1699.0 1699.0 1699.0 1699.0 1699.0 1699.0 1699.0 1699.0 1699.0 1699.0 1699.0 1699.0 1699.0 1699.405
1700.0 1700.0 1700.0 1700.0 1700.0 1700.0 1700.0 1700.0 1700.0 1700.0 1700.0 1700.0 1700.0 1700.0 1700.0 1700.0 1700.0 1700.0 1700.0 1700.0 1700.0 1699.937 1699.739 1699.541 1699.343 1699.145 1699.085 1699.062 1699.04 1699.017 1699.0 1699.0 1699.0 1699.0 1699.0 1699.0 1699.0 1699.0 1699.0 1699.0 1699.0 1699.0 1699.0 1699.0 1699.0 1699.0 1699.0 1699.0 1699.0 1699.0 1699.0 1699.0 1699.0 1699.0 1699.0 1699.0 1699.0 1699.006 1699.225 1699.443 1699.661 1699.879 1700.957
1700.0 1700.0 1700.0 1700.0 1700.0 1700.0 1700.0 1700.0 1700.0 1700.0 1700.0 1700.0 1700.0 1700.0 1700.0 1700.0 1700.0 1700.0 1700.0 1700.0 1700.0 1699.947 1699.782 1699.616 1699.451 1699.286 1699.207 1699.151 1699.096 1699.042 1699.0 1699.0 1699.0 1699.0 1699.0 1699.0 1699.0 1699.0 1699.0 1699.0 1699.0 1699.0 1699.0 1699.0 1699.0 1699.0 1699.0 1699.0 1699.0 1699.0 1699.0 1699.0 1699.0 1699.0 1699.0 1699.0 1699.0 1699.015 1699.547 1700.079 1700.611 1701.143 1703.144
1700.0 1700.0 1700.0 1700.0 1700.0 1700.0 1700.0 1700.0 1700.0 1700.0 1700.0 1700.0 1700.0 1700.0 1700.0 1700.0 1700.0 1700.0 1700.0 1700.0 1700.0 1699.958 1699.825 1699.692 1699.559 1699.426 1699.328 1699.241 1699.153 1699.066 1699.0 1699.0 1699.0 1699.0 1699.0 1699.0 1699.0 1699.0 1699.0 1699.0 1699.0 1699.0 1699.0 1699.0 1699.0 1699.0 1699.0 1699.0 1699.0 1699.0 1699.0 1699.0 1699.0 1699.0 1699.0 1699.0 1699.0 1699.025 1699.87 1700.716 1701.561 1702.407 1705.332
1700.0 1700.0 1700.0 1700.0 1700.0 1700.0 1700.0 1700.0 1700.0 1700.0 1700.0 1700.0 1700.0 1700.0 1700.0 1700.0 1700.0 1700.0 1700.0 1700.0 1700.0 1699.968 1699.867 1699.767 1699.666 1699.566 1699.45 1699.33 1699.21 1699.09 1699.0 1699.0 1699.0 1699.0 1699.0 1699.0 1699.0 1699.0 1699.0 1699.0 1699.0 1699.0 1699.0 1699.0 1699.0 1699.0 1699.0 1699.0 1699.0 1699.0 1699.0 1699.0 1699.0 1699.0 1699.0 1699.0 1699.0 1699.034 1700.193 1701.352 1702.512 1703.671 1707.52
1700.0 1700.0 1700.0 1700.0 1700.0 1700.0 1700.0 1700.0 1700.0 1700.0 1700.0 1700.0 1700.0 1700.0 1700.0 1700.0 1700.0 1700.0 1700.0 1700.0 1700.0 1699.977 1699.907 1699.836 1699.765 1699.694 1699.564 1699.417 1699.27 1699.123 1699.012 1699.009 1699.006 1699.004 1699.001 1699.0 1699.0 1699.0 1699.0 1699.0 1699.0 1699.0 1699.0 1699.0 1699.0 1699.0 1699.0 1699.0 1699.002 1699.021 1699.04 1699.059 1699.078 1699.126 1699.196 1699.266 1699.337 1699.452 1701.089 1702.726 1704.364 1706.001 1710.861
1700.0 1700.0 1700.0 1700.0 1700.0 1700.0 1700.0 1700.0 1700.0 1700.0 1700.0 1700.0 1700.0 1700.0 1700.0 1700.0 1700.0 1700.0 1700.0 1700.0 1700.0 1699.983 1699.928 1699.874 1699.819 1699.764 1699.637 1699.49 1699.344 1699.197 1699.081 1699.062 1699.043 1699.024 1699.005 1699.0 1699.0 1699.0 1699.0 1699.0 1699.0 1699.0 1699.0 1699.0 1699.0 1699.0 1699.0 1699.0 1699.013 1699.146 1699.278 1699.411 1699.543 1699.879 1700.371 1700.864 1701.356 1701.919 1704.854 1707.789 1710.724 1713.659 1719.97
1700.0 1700.0 1700.0 1700.0 1700.0 1700.0 1700.0 1700.0 1700.0 1700.0 1700.0 1700.0 1700.0 1700.0 1700.0 1700.0 1700.0 1700.0 1700.0 1700.0 1700.0 1699.988 1699.949 1699.911 1699.873 1699.834 1699.711 1699.564 1699.417 1699.27 1699.151 1699.116 1699.081 1699.045 1699.01 1699.0 1699.0 1699.0 1699.0 1699.0 1699.0 1699.0 1699.0 1699.0 1699.0 1699.0 1699.0 1699.0 1699.025 1699.271 1699.517 1699.763 1700.009 1700.633 1701.547 1702.461 1703.375 1704.385 1708.618 1712.851 1717.085 1721.318 1729.078
1700.0 1700.0 1700.0 1700.0 1700.0 1700.0 1700.0 1700.0 1700.0 1700.0 1700.0 1700.0 1700.0 1700.0 1700.0 1700.0 1700.0 1700.0 1700.0 1700.0 1700.0 1699.993 1699.971 1699.949 1699.927 1699.905 1699.785 1699.638 1699.491 1699.344 1699.22 1699.169 1699.118 1699.066 1699.015 1699.0 1699.0 1699.0 1699.0 1699.0 1699.0 1699.0 1699.0 1699.0 1699.0 1699.0 1699.0 1699.0 1699.036 1699.396 1699.756 1700.115 1700.475 1701.386 1702.722 1704.058 1705.394 1706.851 1712.383 1717.914 1723.445 1728.976 1738.187
1700.0 1700.0 1700.0 1700.0 1700.0 1700.0 1700.0 1700.0 1700.0 1700.0 1700.0 1700.0 1700.0 1700.0 1700.0 1700.0 1700.0 1700.0 1700.0 1700.0 1700.0 1699.998 1699.992 1699.986 1699.98 1699.975 1699.858 1699.711 1699.564 1699.417 1699.29 1699.222 1699.155 1699.087 1699.02 1699.0 1699.0 1699.0 1699.0 1699.0 1699.0 1699.0 1699.0 1699.0 1699.0 1699.0 1699.0 1699.0 1699.048 1699.521 1699.995 1700.468 1700.941 1702.14 1703.898 1705.655 1707.413 1709.318 1716.147 1722.976 1729.806 1736.635 1747.295
1700.0 1700.0 1700.0 1700.0 1700.0 1700.0 1700.0 1700.0 1700.0 1700.0 1700.0 1700.0 1700.0 1700.0 1700.0 1700.0 1700.0 1700.0 1700.0 1700.0 1700.0 1700.0 1700.0 1700.0 1700.0 1700.0 1699.901 1699.775 1699.649 1699.522 1699.404 1699.31 1699.216 1699.121 1699.027 1699.0 1699.0 1699.0 1699.0 1699.0 1699.0 1699.0 1699.0 1699.0 1699.059 1699.152 1699.246 1699.339 1699.562 1700.935 1702.308 1703.681 1705.054 1707.392 1710.471 1713.551 1716.631 1719.838 1727.32 1734.803 1742.285 1749.768 1760.813
1700.0 1700.0 1700.0 1700.0 1700.0 1700.0 1700.0 1700.0 1700.0 1700.0 1700.0 1700.0 1700.0 1700.0 1700.0 1700.0 1700.0 1700.0 1700.0 1700.0 1700.0 1700.0 1700.0 1700.0 1700.0 1700.0 1699.927 1699.833 1699.739 1699.645 1699.543 1699.417 1699.29 1699.163 1699.037 1699.0 1699.0 1699.0 1699.0 1699.0 1699.0 1699.0 1699.0 1699.0 1699.152 1699.392 1699.631 1699.87 1700.361 1703.081 1705.8 1708.52 1711.24 1715.199 1720.112 1725.025 1729.938 1734.934 1742.703 1750.472 1758.241 1766.01 1776.836
1700.0 1700.0 1700.0 1700.0 1700.0 1700.0 1700.0 1700.0 1700.0 1700.0 1700.0 1700.0 1700.0 1700.0 1700.0 1700.0 1700.0 1700.0 1700.0 1700.0 1700.0 1700.0 1700.0 1700.0 1700.0 1700.0 1699.952 1699.891 1699.829 1699.768 1699.682 1699.523 1699.364 1699.205 1699.046 1699.0 1699.0 1699.0 1699.0 1699.0 1699.0 1699.0 1699.0 1699.0 1699.246 1699.631 1700.016 1700.401 1701.16 1705.226 1709.293 1713.359 1717.426 1723.007 1729.753 1736.5 1743.246 1750.03 1758.086 1766.142 1774.198 1782.253 1792.859
1700.0 1700.0 1700.0 1700.0 1700.0 1700.0 1700.0 1700.0 1700.0 1700.0 1700.0 1700.0 1700.0 1700.0 1700.0 1700.0 1700.0 1700.0 1700.0 1700.0 1700.0 1700.0 1700.0 1700.0 1700.0 1700.0 1699.977 1699.948 1699.92 1699.891 1699.822 1699.63 1699.439 1699.247 1699.056 1699.0 1699.0 1699.0 1699.0 1699.0 1699.0 1699.0 1699.0 1699.0 1699.339 1699.87 1700.401 1700.932 1701.959 1707.372 1712.785 1718.198 1723.611 1730.814 1739.394 1747.974 1756.553 1765.127 1773.469 1781.811 1790.154 1798.496 1808.883
1700.0 1700.0 1700.0 1700.0 1700.0 1700.0 1700.0 1700.0 1700.0 1700.0 1700.0 1700.0 1700.0 1700.0 1700.0 1700.0 1700.0 1700.0 1700.0 1700.0 1700.0 1700.001 1700.005 1700.008 1700.012 1700.015 1700.019 1700.023 1700.027 1700.032 1699.982 1699.766 1699.55 1699.334 1699.119 1699.058 1699.062 1699.066 1699.069 1699.08 1699.128 1699.176 1699.223 1699.271 1699.759 1700.498 1701.237 1701.976 1703.324 1710.064 1716.805 1723.545 1730.285 1738.973 1749.159 1759.345 1769.53 1779.668 1788.216 1796.764 1805.312 1813.86 1823.975
1700.0 1700.0 1700.0 1700.0 1700.0 1700.0 1700.0 1700.0 1700.0 1700.0 1700.0 1700.0 1700.0 1700.0 1700.0 1700.0 1700.0 1700.0 1700.0 1700.0 1700.0 1700.011 1700.047 1700.083 1700.119 1700.155 1700.196 1700.238 1700.28 1700.322 1700.311 1700.139 1699.966 1699.794 1699.621 1699.597 1699.633 1699.669 1699.705 1699.819 1700.305 1700.79 1701.276 1701.762 1702.864 1704.317 1705.77 1707.223 1709.331 1717.239 1725.148 1733.056 1740.965 1750.014 1759.94 1769.866 1779.792 1789.665 1797.753 1805.841 1813.929 1822.017 1831.439
1700.0 1700.0 1700.0 1700.0 1700.0 1700.0 1700.0 1700.0 1700.0 1700.0 1700.0 1700.0 1700.0 1700.0 1700.0 1700.0 1700.0 1700.0 1700.0 1700.0 1700.0 1700.022 1700.09 1700.159 1700.227 1700.296 1700.373 1700.453 1700.533 1700.612 1700.641 1700.511 1700.382 1700.253 1700.124 1700.135 1700.203 1700.272 1700.34 1700.557 1701.481 1702.405 1703.329 1704.252 1705.969 1708.136 1710.303 1712.469 1715.337 1724.414 1733.491 1742.567 1751.644 1761.054 1770.72 1780.387 1790.053 1799.661 1807.289 1814.918 1822.546 1830.175 1838.902
1700.0 1700.0 1700.0 1700.0 1700.0 1700.0 1700.0 1700.0 1700.0 1700.0 1700.0 1700.0 1700.0 1700.0 1700.0 1700.0 1700.0 1700.0 1700.0 1700.0 1700.0 1700.032 1700.133 1700.234 1700.335 1700.436 1700.55 1700.667 1700.785 1700.903 1700.97 1700.884 1700.798 1700.713 1700.627 1700.673 1700.774 1700.875 1700.976 1701.296 1702.658 1704.02 1705.381 1706.743 1709.074 1711.954 1714.835 1717.716 1721.344 1731.589 1741.834 1752.079 1762.323 1772.095 1781.501 1790.908 1800.315 1809.657 1816.826 1823.995 1831.163 1838.332 1846.365
1700.0 1700.0 1700.0 1700.0 1700.0 1700.0 1700.0 1700.0 1700.0 1700.0 1700.0 1700.0 1700.0 1700.0 1700.0 1700.0 1700.0 1700.0 1700.0 1700.0 1700.0 1700.042 1700.176 1700.309 1700.443 1700.576 1700.727 1700.882 1701.038 1701.193 1701.3 1701.257 1701.215 1701.172 1701.129 1701.212 1701.345 1701.478 1701.611 1702.035 1703.834 1705.634 1707.434 1709.234 1712.178 1715.773 1719.368 1722.963 1727.351 1738.764 1750.177 1761.59 1773.003 1783.135 1792.282 1801.43 1810.577 1819.654 1826.363 1833.071 1839.781 1846.49 1853.828
1700.0 1700.0 1700.0 1700.0 1700.0 1700.0 1700.0 1700.0 1700.0 1700.0 1700.0 1700.0 1700.0 1700.0 1700.0 1700.0 1700.0 1700.0 1700.0 1700.0 1700.0 1700.041 1700.169 1700.297 1700.425 1700.553 1700.77 1701.01 1701.25 1701.491 1701.707 1701.849 1701.99 1702.132 1702.274 1702.553 1702.888 1703.223 1703.558 1704.225 1706.469 1708.713 1710.958 1713.202 1716.674 1720.845 1725.016 1729.187 1734.082 1745.393 1756.704 1768.016 1779.327 1789.042 1797.528 1806.015 1814.501 1822.924 1829.214 1835.504 1841.794 1848.084 1854.866
1700.0 1700.0 1700.0 1700.0 1700.0 1700.0 1700.0 1700.0 1700.0 1700.0 1700.0 1700.0 1700.0 1700.0 1700.0 1700.0 1700.0 1700.0 1700.0 1700.0 1700.0 1700.031 1700.126 1700.222 1700.318 1700.413 1700.715 1701.075 1701.434 1701.794 1702.17 1702.598 1703.027 1703.455 1703.883 1704.476 1705.135 1705.795 1706.455 1707.468 1710.161 1712.854 1715.547 1718.24 1722.179 1726.826 1731.472 1736.119 1741.338 1751.627 1761.917 1772.206 1782.495 1791.227 1798.762 1806.296 1813.831 1821.318 1827.219 1833.119 1839.02 1844.92 1851.247
1700.0 1700.0 1700.0 1700.0 1700.0 1700.0 1700.0 1700.0 1700.0 1700.0 1700.0 1700.0 1700.0 1700.0 1700.0 1700.0 1700.0 1700.0 1700.0 1700.0 1700.0 1700.02 1700.083 1700.147 1700.21 1700.273 1700.661 1701.14 1701.618 1702.097 1702.633 1703.348 1704.063 1704.778 1705.493 1706.399 1707.383 1708.367 1709.351 1710.711 1713.853 1716.995 1720.137 1723.278 1727.683 1732.806 1737.929 1743.051 1748.594 1757.861 1767.128 1776.396 1785.663 1793.412 1799.995 1806.578 1813.16 1819.712 1825.223 1830.734 1836.246 1841.757 1847.627
