data/zism_data/00821_01_D.txt
ncols         224
nrows         224
[rows 112 to 139 of 224, columns 63 to 125 of 224]
1422.374 1422.473 1422.571 1422.669 1422.767 1423.453 1424.315 1425.178 1426.04 1426.886 1427.677 1428.467 1429.258 1430.048 1431.351 1432.876 1434.402 1435.928 1437.737 1441.036 1444.336 1447.636 1450.936 1454.699 1458.743 1462.787 1466.832 1470.87 1474.844 1478.818 1482.792 1486.766 1489.977 1492.564 1495.152 1497.74 1500.3 1500.988 1501.677 1502.366 1503.055 1503.668 1504.201 1504.733 1505.265 1505.797 1506.657 1507.537 1508.418 1509.298 1510.72 1512.934 1515.149 1517.364 1519.578 1523.851 1528.432 1533.013 1537.594 1541.623 1544.548 1547.473 1550.398
1419.927 1419.904 1419.88 1419.856 1419.833 1420.461 1421.286 1422.11 1422.935 1423.726 1424.403 1425.081 1425.758 1426.436 1427.816 1429.504 1431.193 1432.881 1434.865 1438.408 1441.952 1445.495 1449.039 1452.983 1457.169 1461.355 1465.542 1469.713 1473.731 1477.748 1481.766 1485.783 1489.095 1491.833 1494.57 1497.308 1500.017 1500.845 1501.672 1502.499 1503.326 1504.079 1504.751 1505.422 1506.094 1506.765 1507.787 1508.83 1509.874 1510.917 1512.476 1514.79 1517.103 1519.417 1521.731 1525.484 1529.453 1533.422 1537.391 1540.932 1543.619 1546.306 1548.993
1417.54 1417.397 1417.255 1417.112 1416.97 1417.463 1418.147 1418.831 1419.516 1420.18 1420.776 1421.373 1421.969 1422.566 1424.128 1426.113 1428.098 1430.083 1432.352 1436.117 1439.882 1443.647 1447.412 1451.436 1455.617 1459.798 1463.979 1468.141 1472.099 1476.057 1480.014 1483.972 1487.383 1490.347 1493.312 1496.276 1499.211 1500.206 1501.201 1502.195 1503.19 1504.1 1504.917 1505.734 1506.552 1507.369 1508.547 1509.747 1510.947 1512.146 1513.785 1516.067 1518.348 1520.63 1522.911 1526.242 1529.73 1533.219 1536.707 1539.861 1542.349 1544.835 1547.323
1415.152 1414.891 1414.63 1414.368 1414.107 1414.464 1415.008 1415.552 1416.097 1416.634 1417.149 1417.665 1418.18 1418.696 1420.44 1422.722 1425.004 1427.286 1429.84 1433.827 1437.813 1441.799 1445.785 1449.89 1454.065 1458.241 1462.416 1466.568 1470.466 1474.365 1478.263 1482.162 1485.671 1488.862 1492.053 1495.244 1498.406 1499.568 1500.73 1501.892 1503.054 1504.12 1505.084 1506.047 1507.01 1507.973 1509.307 1510.663 1512.02 1513.376 1515.095 1517.344 1519.593 1521.842 1524.091 1527.0 1530.007 1533.015 1536.023 1538.791 1541.078 1543.365 1545.652
1412.765 1412.385 1412.004 1411.624 1411.244 1411.466 1411.87 1412.273 1412.677 1413.088 1413.522 1413.957 1414.391 1414.826 1416.752 1419.331 1421.91 1424.489 1427.328 1431.536 1435.743 1439.951 1444.159 1448.343 1452.513 1456.683 1460.854 1464.995 1468.834 1472.673 1476.512 1480.352 1483.959 1487.376 1490.794 1494.212 1497.6 1498.929 1500.258 1501.588 1502.917 1504.141 1505.25 1506.359 1507.468 1508.577 1510.066 1511.58 1513.093 1514.606 1516.404 1518.621 1520.838 1523.054 1525.271 1527.758 1530.285 1532.812 1535.339 1537.72 1539.807 1541.895 1543.982
1410.377 1409.878 1409.379 1408.88 1408.381 1408.468 1408.731 1408.995 1409.258 1409.542 1409.895 1410.249 1410.602 1410.956 1413.064 1415.94 1418.816 1421.692 1424.816 1429.245 1433.674 1438.103 1442.532 1446.797 1450.961 1455.126 1459.291 1463.422 1467.202 1470.982 1474.761 1478.541 1482.247 1485.891 1489.536 1493.18 1496.794 1498.291 1499.787 1501.284 1502.781 1504.162 1505.417 1506.671 1507.926 1509.181 1510.826 1512.496 1514.166 1515.835 1517.714 1519.898 1522.082 1524.266 1526.451 1528.515 1530.562 1532.609 1534.655 1536.649 1538.537 1540.424 1542.312
1408.851 1408.266 1407.682 1407.097 1406.512 1406.529 1406.727 1406.925 1407.123 1407.359 1407.72 1408.082 1408.444 1408.805 1410.956 1413.89 1416.823 1419.757 1422.921 1427.299 1431.677 1436.055 1440.433 1444.707 1448.918 1453.129 1457.34 1461.514 1465.295 1469.077 1472.858 1476.64 1480.362 1484.036 1487.71 1491.384 1495.029 1496.694 1498.358 1500.022 1501.686 1503.195 1504.534 1505.874 1507.213 1508.553 1510.209 1511.885 1513.561 1515.237 1517.08 1519.166 1521.252 1523.338 1525.424 1527.372 1529.3 1531.228 1533.155 1535.036 1536.822 1538.609 1540.395
1407.455 1406.789 1406.123 1405.458 1404.792 1404.748 1404.892 1405.036 1405.18 1405.38 1405.763 1406.146 1406.53 1406.913 1409.085 1412.04 1414.995 1417.951 1421.118 1425.404 1429.691 1433.977 1438.263 1442.536 1446.802 1451.067 1455.331 1459.555 1463.348 1467.14 1470.932 1474.724 1478.451 1482.125 1485.8 1489.474 1493.121 1494.953 1496.785 1498.616 1500.448 1502.08 1503.495 1504.91 1506.325 1507.74 1509.386 1511.046 1512.705 1514.365 1516.154 1518.132 1520.11 1522.089 1524.067 1525.944 1527.807 1529.67 1531.533 1533.342 1535.042 1536.742 1538.442
1406.059 1405.312 1404.565 1403.818 1403.072 1402.968 1403.057 1403.147 1403.238 1403.401 1403.805 1404.21 1404.615 1405.02 1407.214 1410.191 1413.168 1416.144 1419.315 1423.51 1427.704 1431.899 1436.094 1440.366 1444.685 1449.004 1453.323 1457.597 1461.4 1465.203 1469.006 1472.809 1476.541 1480.215 1483.889 1487.563 1491.213 1493.212 1495.211 1497.21 1499.209 1500.965 1502.456 1503.946 1505.437 1506.927 1508.562 1510.206 1511.849 1513.493 1515.229 1517.099 1518.969 1520.839 1522.709 1524.516 1526.314 1528.112 1529.911 1531.647 1533.261 1534.874 1536.488
1404.662 1403.835 1403.007 1402.179 1401.351 1401.187 1401.223 1401.259 1401.295 1401.422 1401.848 1402.275 1402.701 1403.128 1405.343 1408.342 1411.34 1414.338 1417.513 1421.615 1425.718 1429.821 1433.924 1438.195 1442.568 1446.941 1451.314 1455.638 1459.452 1463.266 1467.08 1470.893 1474.63 1478.304 1481.979 1485.653 1489.305 1491.471 1493.638 1495.804 1497.971 1499.85 1501.416 1502.982 1504.548 1506.115 1507.739 1509.366 1510.993 1512.621 1514.303 1516.065 1517.827 1519.589 1521.351 1523.088 1524.822 1526.555 1528.288 1529.953 1531.48 1533.007 1534.535
1403.857 1402.957 1402.057 1401.157 1400.258 1400.041 1400.03 1400.019 1400.008 1400.096 1400.512 1400.928 1401.344 1401.759 1403.928 1406.863 1409.798 1412.734 1415.841 1419.856 1423.87 1427.885 1431.899 1436.155 1440.557 1444.959 1449.361 1453.712 1457.535 1461.358 1465.181 1469.003 1472.732 1476.385 1480.037 1483.69 1487.323 1489.639 1491.955 1494.271 1496.586 1498.565 1500.176 1501.787 1503.399 1505.01 1506.631 1508.253 1509.875 1511.497 1513.133 1514.789 1516.445 1518.101 1519.757 1521.413 1523.068 1524.724 1526.38 1527.974 1529.441 1530.909 1532.377
1404.232 1403.278 1402.325 1401.371 1400.417 1400.163 1400.12 1400.076 1400.033 1400.079 1400.419 1400.759 1401.099 1401.439 1403.423 1406.126 1408.83 1411.533 1414.432 1418.366 1422.299 1426.233 1430.166 1434.378 1438.758 1443.139 1447.519 1451.851 1455.679 1459.507 1463.336 1467.164 1470.86 1474.447 1478.035 1481.623 1485.194 1487.623 1490.052 1492.481 1494.911 1496.941 1498.536 1500.131 1501.726 1503.321 1504.956 1506.595 1508.233 1509.871 1511.475 1513.028 1514.582 1516.135 1517.688 1519.241 1520.795 1522.348 1523.901 1525.424 1526.887 1528.349 1529.812
1404.608 1403.6 1402.592 1401.584 1400.577 1400.285 1400.209 1400.134 1400.058 1400.061 1400.326 1400.59 1400.855 1401.119 1402.919 1405.39 1407.861 1410.332 1413.023 1416.876 1420.728 1424.581 1428.433 1432.601 1436.96 1441.318 1445.677 1449.99 1453.824 1457.657 1461.491 1465.324 1468.987 1472.51 1476.033 1479.556 1483.065 1485.607 1488.15 1490.692 1493.235 1495.317 1496.895 1498.474 1500.053 1501.632 1503.282 1504.936 1506.59 1508.245 1509.817 1511.267 1512.718 1514.169 1515.62 1517.07 1518.521 1519.972 1521.422 1522.875 1524.332 1525.789 1527.246
1404.983 1403.921 1402.86 1401.798 1400.736 1400.407 1400.299 1400.191 1400.083 1400.044 1400.233 1400.422 1400.611 1400.799 1402.414 1404.653 1406.892 1409.131 1411.614 1415.385 1419.157 1422.929 1426.7 1430.824 1435.161 1439.498 1443.835 1448.129 1451.968 1455.807 1459.646 1463.485 1467.114 1470.572 1474.031 1477.489 1480.935 1483.591 1486.247 1488.903 1491.559 1493.692 1495.255 1496.817 1498.38 1499.942 1501.607 1503.277 1504.948 1506.619 1508.158 1509.507 1510.855 1512.203 1513.551 1514.899 1516.247 1517.595 1518.943 1520.326 1521.777 1523.229 1524.681
1405.359 1404.243 1403.127 1402.011 1400.896 1400.529 1400.389 1400.248 1400.108 1400.026 1400.14 1400.253 1400.366 1400.479 1401.91 1403.917 1405.923 1407.93 1410.205 1413.896 1417.586 1421.277 1424.967 1429.047 1433.363 1437.678 1441.993 1446.268 1450.112 1453.957 1457.801 1461.645 1465.241 1468.635 1472.028 1475.422 1478.806 1481.575 1484.345 1487.114 1489.883 1492.068 1493.614 1495.161 1496.707 1498.253 1499.932 1501.619 1503.306 1504.992 1506.5 1507.746 1508.991 1510.237 1511.482 1512.728 1513.973 1515.219 1516.464 1517.777 1519.223 1520.669 1522.115
1405.189 1404.153 1403.116 1402.08 1401.044 1400.667 1400.49 1400.313 1400.136 1400.019 1400.099 1400.18 1400.261 1400.342 1401.637 1403.463 1405.289 1407.115 1409.231 1412.875 1416.519 1420.163 1423.807 1427.775 1431.94 1436.105 1440.269 1444.395 1448.111 1451.828 1455.544 1459.261 1462.766 1466.099 1469.432 1472.764 1476.089 1478.882 1481.674 1484.467 1487.259 1489.499 1491.137 1492.775 1494.412 1496.05 1497.77 1499.494 1501.219 1502.943 1504.434 1505.581 1506.728 1507.875 1509.023 1510.241 1511.47 1512.699 1513.928 1515.232 1516.686 1518.139 1519.593
1404.881 1403.958 1403.035 1402.112 1401.189 1400.81 1400.595 1400.38 1400.165 1400.014 1400.073 1400.132 1400.191 1400.25 1401.422 1403.081 1404.74 1406.398 1408.367 1411.974 1415.58 1419.186 1422.792 1426.632 1430.613 1434.594 1438.575 1442.519 1446.074 1449.628 1453.183 1456.737 1460.137 1463.41 1466.684 1469.957 1473.224 1476.016 1478.808 1481.601 1484.393 1486.69 1488.447 1490.203 1491.96 1493.716 1495.484 1497.251 1499.019 1500.787 1502.263 1503.313 1504.363 1505.413 1506.464 1507.674 1508.908 1510.142 1511.377 1512.688 1514.153 1515.617 1517.082
1404.572 1403.763 1402.953 1402.144 1401.334 1400.952 1400.699 1400.447 1400.194 1400.009 1400.046 1400.084 1400.121 1400.159 1401.208 1402.699 1404.19 1405.682 1407.504 1411.073 1414.641 1418.209 1421.778 1425.489 1429.286 1433.084 1436.881 1440.644 1444.036 1447.428 1450.821 1454.213 1457.507 1460.722 1463.936 1467.15 1470.358 1473.15 1475.943 1478.735 1481.527 1483.881 1485.756 1487.632 1489.507 1491.382 1493.197 1495.008 1496.819 1498.63 1500.093 1501.046 1501.998 1502.951 1503.904 1505.106 1506.346 1507.586 1508.826 1510.144 1511.62 1513.095 1514.57
1404.264 1403.568 1402.871 1402.175 1401.479 1401.095 1400.804 1400.514 1400.223 1400.004 1400.02 1400.036 1400.052 1400.068 1400.993 1402.317 1403.641 1404.965 1406.641 1410.171 1413.702 1417.233 1420.763 1424.346 1427.96 1431.574 1435.188 1438.768 1441.999 1445.229 1448.459 1451.69 1454.878 1458.033 1461.188 1464.343 1467.492 1470.284 1473.077 1475.869 1478.661 1481.072 1483.066 1485.06 1487.054 1489.049 1490.911 1492.765 1494.619 1496.473 1497.922 1498.778 1499.634 1500.489 1501.345 1502.539 1503.784 1505.03 1506.275 1507.6 1509.087 1510.573 1512.059
1403.879 1403.298 1402.716 1402.135 1401.554 1401.179 1400.866 1400.553 1400.24 1400.0 1400.0 1400.0 1400.0 1400.0 1400.799 1401.947 1403.095 1404.243 1405.752 1409.163 1412.574 1415.985 1419.396 1422.83 1426.277 1429.724 1433.171 1436.59 1439.703 1442.817 1445.93 1449.044 1452.15 1455.251 1458.352 1461.453 1464.55 1467.363 1470.177 1472.99 1475.804 1478.281 1480.391 1482.501 1484.611 1486.721 1488.626 1490.517 1492.409 1494.301 1495.75 1496.552 1497.355 1498.157 1498.959 1500.157 1501.415 1502.672 1503.93 1505.27 1506.776 1508.281 1509.786
1403.278 1402.816 1402.353 1401.891 1401.428 1401.097 1400.806 1400.515 1400.224 1400.0 1400.0 1400.0 1400.0 1400.0 1400.66 1401.608 1402.556 1403.505 1404.789 1407.85 1410.91 1413.97 1417.03 1420.257 1423.586 1426.914 1430.243 1433.553 1436.678 1439.802 1442.926 1446.051 1449.141 1452.204 1455.267 1458.331 1461.391 1464.286 1467.18 1470.075 1472.969 1475.54 1477.758 1479.976 1482.194 1484.413 1486.344 1488.257 1490.17 1492.084 1493.574 1494.447 1495.319 1496.191 1497.064 1498.299 1499.589 1500.879 1502.169 1503.546 1505.094 1506.643 1508.192
1402.678 1402.334 1401.99 1401.646 1401.303 1401.016 1400.746 1400.477 1400.207 1400.0 1400.0 1400.0 1400.0 1400.0 1400.521 1401.269 1402.018 1402.766 1403.827 1406.536 1409.245 1411.955 1414.664 1417.685 1420.895 1424.104 1427.314 1430.517 1433.652 1436.787 1439.922 1443.057 1446.132 1449.157 1452.183 1455.208 1458.233 1461.208 1464.184 1467.159 1470.135 1472.799 1475.125 1477.452 1479.778 1482.104 1484.061 1485.996 1487.931 1489.866 1491.398 1492.341 1493.283 1494.226 1495.168 1496.441 1497.764 1499.086 1500.409 1501.821 1503.413 1505.005 1506.596
1402.077 1401.852 1401.627 1401.402 1401.177 1400.934 1400.687 1400.438 1400.19 1400.0 1400.0 1400.0 1400.0 1400.0 1400.382 1400.93 1401.479 1402.028 1402.865 1405.223 1407.581 1409.94 1412.298 1415.113 1418.203 1421.294 1424.385 1427.481 1430.627 1433.772 1436.918 1440.064 1443.123 1446.11 1449.098 1452.086 1455.074 1458.131 1461.187 1464.244 1467.3 1470.059 1472.493 1474.927 1477.361 1479.795 1481.779 1483.736 1485.692 1487.649 1489.222 1490.235 1491.248 1492.261 1493.273 1494.583 1495.938 1497.293 1498.648 1500.096 1501.731 1503.366 1505.001
1401.476 1401.37 1401.264 1401.158 1401.052 1400.853 1400.627 1400.4 1400.174 1400.0 1400.0 1400.0 1400.0 1400.0 1400.243 1400.592 1400.941 1401.29 1401.903 1403.91 1405.917 1407.924 1409.932 1412.54 1415.512 1418.484 1421.456 1424.444 1427.601 1430.758 1433.914 1437.071 1440.114 1443.064 1446.013 1448.963 1451.916 1455.053 1458.19 1461.328 1464.465 1467.318 1469.86 1472.402 1474.944 1477.486 1479.497 1481.475 1483.453 1485.432 1487.046 1488.129 1489.212 1490.295 1491.378 1492.726 1494.113 1495.5 1496.887 1498.371 1500.05 1501.728 1503.406
1401.101 1401.04 1400.978 1400.916 1400.855 1400.698 1400.513 1400.328 1400.142 1400.0 1400.0 1400.0 1400.0 1400.0 1400.172 1400.419 1400.666 1400.913 1401.384 1403.036 1404.688 1406.341 1407.993 1410.403 1413.272 1416.141 1419.01 1421.91 1425.141 1428.371 1431.601 1434.831 1437.914 1440.877 1443.839 1446.802 1449.767 1452.844 1455.922 1459.0 1462.077 1464.918 1467.502 1470.086 1472.669 1475.253 1477.338 1479.392 1481.447 1483.501 1485.258 1486.58 1487.901 1489.222 1490.544 1491.998 1493.473 1494.947 1496.421 1497.951 1499.59 1501.229 1502.868
1400.813 1400.767 1400.721 1400.676 1400.63 1400.515 1400.378 1400.242 1400.105 1400.0 1400.0 1400.0 1400.0 1400.0 1400.127 1400.309 1400.491 1400.673 1401.033 1402.329 1403.625 1404.921 1406.217 1408.432 1411.204 1413.976 1416.747 1419.568 1422.895 1426.222 1429.549 1432.877 1436.021 1439.016 1442.011 1445.007 1448.001 1450.966 1453.93 1456.894 1459.858 1462.648 1465.248 1467.848 1470.448 1473.047 1475.225 1477.377 1479.528 1481.68 1483.617 1485.241 1486.865 1488.489 1490.112 1491.7 1493.282 1494.865 1496.447 1498.025 1499.594 1501.163 1502.732
1400.524 1400.494 1400.465 1400.436 1400.406 1400.332 1400.244 1400.156 1400.068 1400.0 1400.0 1400.0 1400.0 1400.0 1400.082 1400.199 1400.316 1400.434 1400.682 1401.622 1402.561 1403.501 1404.44 1406.461 1409.136 1411.81 1414.485 1417.224 1420.649 1424.073 1427.498 1430.922 1434.128 1437.156 1440.184 1443.211 1446.236 1449.087 1451.938 1454.789 1457.64 1460.378 1462.994 1465.61 1468.226 1470.842 1473.112 1475.361 1477.61 1479.859 1481.977 1483.903 1485.829 1487.755 1489.681 1491.402 1493.093 1494.783 1496.473 1498.1 1499.599 1501.098 1502.596
1400.234 1400.221 1400.208 1400.195 1400.182 1400.149 1400.109 1400.07 1400.03 1400.0 1400.0 1400.0 1400.0 1400.0 1400.037 1400.089 1400.142 1400.194 1400.332 1400.915 1401.498 1402.081 1402.664 1404.49 1407.068 1409.645 1412.222 1414.882 1418.403 1421.925 1425.447 1428.968 1432.236 1435.296 1438.356 1441.416 1444.471 1447.208 1449.946 1452.683 1455.421 1458.108 1460.74 1463.372 1466.004 1468.636 1470.999 1473.345 1475.691 1478.037 1480.336 1482.564 1484.793 1487.021 1489.25 1491.104 1492.902 1494.701 1496.499 1498.174 1499.603 1501.032 1502.46
