data/zism_data/00827_02_D.txt
ncols         224
nrows         224
[rows 0 to 30 of 224, columns 0 to 70 of 224]
1563.29 1563.159 1563.059 1562.959 1562.86 1562.76 1562.589 1562.389 1562.188 1561.988 1561.793 1561.626 1561.459 1561.291 1561.124 1560.965 1560.811 1560.657 1560.503 1560.347 1560.166 1559.986 1559.805 1559.625 1559.433 1559.233 1559.032 1558.832 1558.63 1558.389 1558.148 1557.908 1557.667 1557.436 1557.216 1556.995 1556.774 1556.554 1556.431 1556.311 1556.191 1556.071 1555.916 1555.715 1555.515 1555.314 1555.114 1554.95 1554.789 1554.629 1554.469 1554.308 1554.147 1553.986 1553.825 1553.664 1553.555 1553.455 1553.355 1553.255 1553.143 1553.002 1552.861 1552.72 1552.579 1552.423 1552.263 1552.103 1551.943 1551.807 1551.746
1563.212 1563.103 1562.97 1562.838 1562.706 1562.573 1562.39 1562.184 1561.978 1561.772 1561.573 1561.412 1561.25 1561.088 1560.926 1560.783 1560.651 1560.518 1560.386 1560.247 1560.056 1559.865 1559.674 1559.483 1559.283 1559.077 1558.871 1558.666 1558.458 1558.223 1557.988 1557.753 1557.517 1557.289 1557.069 1556.848 1556.627 1556.407 1556.258 1556.111 1555.964 1555.817 1555.644 1555.438 1555.232 1555.026 1554.82 1554.641 1554.465 1554.288 1554.112 1553.957 1553.839 1553.722 1553.604 1553.486 1553.356 1553.224 1553.092 1552.959 1552.836 1552.733 1552.63 1552.527 1552.424 1552.264 1552.087 1551.911 1551.735 1551.59 1551.546
1563.135 1563.046 1562.881 1562.717 1562.552 1562.387 1562.19 1561.979 1561.767 1561.556 1561.354 1561.198 1561.041 1560.885 1560.728 1560.601 1560.49 1560.379 1560.268 1560.148 1559.946 1559.744 1559.542 1559.34 1559.133 1558.922 1558.711 1558.499 1558.287 1558.057 1557.827 1557.598 1557.368 1557.142 1556.922 1556.701 1556.48 1556.26 1556.084 1555.911 1555.736 1555.563 1555.372 1555.161 1554.95 1554.738 1554.527 1554.333 1554.14 1553.947 1553.755 1553.606 1553.531 1553.457 1553.382 1553.308 1553.157 1552.993 1552.828 1552.663 1552.529 1552.464 1552.399 1552.333 1552.268 1552.104 1551.912 1551.719 1551.526 1551.373 1551.345
1563.057 1562.99 1562.792 1562.595 1562.398 1562.201 1561.99 1561.773 1561.557 1561.34 1561.134 1560.983 1560.832 1560.681 1560.53 1560.419 1560.329 1560.24 1560.151 1560.049 1559.836 1559.624 1559.411 1559.198 1558.983 1558.766 1558.55 1558.333 1558.116 1557.891 1557.667 1557.443 1557.218 1556.995 1556.775 1556.554 1556.333 1556.113 1555.911 1555.71 1555.509 1555.308 1555.1 1554.884 1554.667 1554.45 1554.234 1554.024 1553.815 1553.606 1553.397 1553.255 1553.223 1553.192 1553.161 1553.129 1552.959 1552.762 1552.565 1552.367 1552.222 1552.195 1552.167 1552.14 1552.113 1551.945 1551.736 1551.527 1551.318 1551.157 1551.145
1562.943 1562.888 1562.671 1562.453 1562.236 1562.018 1561.799 1561.58 1561.361 1561.142 1560.936 1560.793 1560.65 1560.508 1560.365 1560.263 1560.183 1560.104 1560.024 1559.93 1559.711 1559.492 1559.273 1559.054 1558.836 1558.618 1558.4 1558.183 1557.965 1557.746 1557.527 1557.308 1557.089 1556.866 1556.641 1556.416 1556.191 1555.966 1555.745 1555.525 1555.304 1555.083 1554.865 1554.649 1554.433 1554.216 1554.0 1553.776 1553.551 1553.326 1553.101 1552.956 1552.945 1552.935 1552.924 1552.914 1552.73 1552.512 1552.294 1552.077 1551.924 1551.918 1551.912 1551.906 1551.9 1551.735 1551.523 1551.312 1551.1 1550.939 1550.939
1562.735 1562.671 1562.464 1562.257 1562.05 1561.843 1561.632 1561.418 1561.204 1560.99 1560.791 1560.665 1560.539 1560.412 1560.286 1560.175 1560.074 1559.973 1559.872 1559.76 1559.546 1559.332 1559.118 1558.905 1558.695 1558.488 1558.281 1558.074 1557.867 1557.654 1557.44 1557.226 1557.012 1556.785 1556.543 1556.302 1556.061 1555.82 1555.598 1555.378 1555.157 1554.937 1554.725 1554.525 1554.325 1554.125 1553.925 1553.688 1553.447 1553.205 1552.964 1552.795 1552.746 1552.698 1552.65 1552.602 1552.42 1552.214 1552.007 1551.8 1551.648 1551.62 1551.593 1551.565 1551.538 1551.393 1551.214 1551.034 1550.855 1550.719 1550.719
1562.527 1562.453 1562.257 1562.061 1561.865 1561.669 1561.464 1561.256 1561.047 1560.839 1560.647 1560.537 1560.427 1560.317 1560.206 1560.088 1559.965 1559.843 1559.72 1559.589 1559.38 1559.172 1558.964 1558.755 1558.554 1558.358 1558.162 1557.966 1557.769 1557.561 1557.353 1557.145 1556.936 1556.703 1556.446 1556.188 1555.931 1555.673 1555.451 1555.231 1555.01 1554.79 1554.585 1554.401 1554.218 1554.034 1553.85 1553.6 1553.342 1553.085 1552.827 1552.634 1552.547 1552.461 1552.375 1552.289 1552.111 1551.915 1551.719 1551.523 1551.372 1551.323 1551.274 1551.224 1551.175 1551.05 1550.904 1550.757 1550.61 1550.498 1550.498
1562.319 1562.235 1562.049 1561.864 1561.679 1561.494 1561.296 1561.093 1560.89 1560.688 1560.503 1560.409 1560.315 1560.221 1560.127 1560.001 1559.857 1559.712 1559.568 1559.418 1559.215 1559.012 1558.809 1558.606 1558.413 1558.228 1558.043 1557.858 1557.672 1557.469 1557.266 1557.063 1556.86 1556.621 1556.348 1556.074 1555.8 1555.527 1555.304 1555.084 1554.863 1554.643 1554.445 1554.278 1554.11 1553.943 1553.775 1553.512 1553.238 1552.964 1552.69 1552.473 1552.349 1552.225 1552.101 1551.977 1551.802 1551.616 1551.431 1551.246 1551.096 1551.025 1550.954 1550.883 1550.813 1550.708 1550.594 1550.479 1550.365 1550.278 1550.278
1562.111 1562.017 1561.842 1561.668 1561.494 1561.319 1561.129 1560.931 1560.734 1560.536 1560.359 1560.281 1560.203 1560.125 1560.048 1559.914 1559.748 1559.582 1559.416 1559.247 1559.049 1558.852 1558.654 1558.457 1558.272 1558.098 1557.924 1557.749 1557.574 1557.376 1557.179 1556.981 1556.784 1556.54 1556.25 1555.96 1555.67 1555.38 1555.158 1554.937 1554.716 1554.496 1554.305 1554.154 1554.003 1553.851 1553.7 1553.423 1553.134 1552.844 1552.554 1552.312 1552.15 1551.988 1551.826 1551.665 1551.492 1551.318 1551.143 1550.969 1550.82 1550.727 1550.635 1550.543 1550.45 1550.366 1550.284 1550.202 1550.12 1550.057 1550.057
1561.933 1561.833 1561.662 1561.49 1561.318 1561.147 1560.969 1560.789 1560.609 1560.429 1560.264 1560.175 1560.085 1559.995 1559.906 1559.764 1559.593 1559.421 1559.25 1559.077 1558.897 1558.717 1558.537 1558.357 1558.177 1557.997 1557.818 1557.638 1557.458 1557.254 1557.049 1556.845 1556.641 1556.4 1556.122 1555.844 1555.565 1555.287 1555.077 1554.868 1554.659 1554.451 1554.258 1554.087 1553.916 1553.745 1553.574 1553.303 1553.021 1552.738 1552.456 1552.209 1552.022 1551.834 1551.646 1551.459 1551.285 1551.113 1550.942 1550.77 1550.626 1550.544 1550.462 1550.38 1550.298 1550.231 1550.17 1550.108 1550.047 1550.0 1550.0
1561.765 1561.662 1561.49 1561.319 1561.147 1560.975 1560.813 1560.655 1560.496 1560.338 1560.187 1560.076 1559.965 1559.854 1559.742 1559.593 1559.421 1559.25 1559.078 1558.908 1558.749 1558.591 1558.432 1558.274 1558.097 1557.907 1557.716 1557.526 1557.335 1557.12 1556.905 1556.69 1556.475 1556.239 1555.983 1555.726 1555.47 1555.213 1555.019 1554.826 1554.634 1554.442 1554.244 1554.041 1553.837 1553.634 1553.43 1553.17 1552.904 1552.638 1552.373 1552.128 1551.918 1551.709 1551.5 1551.291 1551.113 1550.942 1550.77 1550.599 1550.461 1550.401 1550.34 1550.28 1550.219 1550.171 1550.125 1550.08 1550.034 1550.0 1550.0
1561.598 1561.49 1561.319 1561.147 1560.976 1560.804 1560.657 1560.52 1560.383 1560.246 1560.11 1559.977 1559.844 1559.712 1559.579 1559.421 1559.25 1559.078 1558.907 1558.739 1558.602 1558.465 1558.328 1558.191 1558.018 1557.816 1557.615 1557.414 1557.212 1556.986 1556.76 1556.535 1556.309 1556.079 1555.844 1555.609 1555.374 1555.139 1554.961 1554.785 1554.609 1554.432 1554.23 1553.994 1553.758 1553.522 1553.286 1553.038 1552.788 1552.539 1552.289 1552.046 1551.815 1551.585 1551.354 1551.123 1550.942 1550.77 1550.599 1550.427 1550.296 1550.257 1550.219 1550.18 1550.141 1550.109 1550.08 1550.051 1550.022 1550.0 1550.0
1561.431 1561.319 1561.147 1560.976 1560.804 1560.632 1560.5 1560.385 1560.27 1560.155 1560.033 1559.878 1559.724 1559.57 1559.415 1559.25 1559.078 1558.907 1558.735 1558.569 1558.454 1558.339 1558.224 1558.108 1557.938 1557.726 1557.514 1557.302 1557.089 1556.853 1556.616 1556.38 1556.143 1555.918 1555.705 1555.491 1555.278 1555.065 1554.903 1554.743 1554.583 1554.423 1554.216 1553.948 1553.679 1553.411 1553.143 1552.906 1552.672 1552.439 1552.205 1551.965 1551.712 1551.46 1551.207 1550.955 1550.77 1550.599 1550.427 1550.256 1550.131 1550.114 1550.097 1550.08 1550.063 1550.049 1550.036 1550.023 1550.01 1550.0 1550.0
1561.259 1561.143 1560.976 1560.809 1560.642 1560.475 1560.352 1560.249 1560.145 1560.041 1559.927 1559.756 1559.586 1559.415 1559.245 1559.076 1558.909 1558.742 1558.575 1558.414 1558.31 1558.207 1558.103 1558.0 1557.832 1557.614 1557.397 1557.18 1556.961 1556.721 1556.48 1556.239 1555.998 1555.781 1555.587 1555.393 1555.2 1555.006 1554.854 1554.704 1554.553 1554.403 1554.191 1553.9 1553.609 1553.318 1553.028 1552.8 1552.58 1552.359 1552.138 1551.898 1551.624 1551.35 1551.076 1550.802 1550.617 1550.45 1550.283 1550.116 1550.0 1550.0 1550.0 1550.0 1550.0 1550.0 1550.0 1550.0 1550.0 1550.0 1550.0
1561.072 1560.953 1560.807 1560.661 1560.516 1560.37 1560.235 1560.105 1559.974 1559.844 1559.707 1559.542 1559.377 1559.212 1559.047 1558.894 1558.748 1558.603 1558.457 1558.313 1558.183 1558.052 1557.922 1557.791 1557.62 1557.419 1557.218 1557.017 1556.815 1556.596 1556.377 1556.158 1555.939 1555.738 1555.555 1555.372 1555.188 1555.005 1554.838 1554.672 1554.505 1554.339 1554.125 1553.85 1553.575 1553.301 1553.026 1552.8 1552.58 1552.359 1552.138 1551.89 1551.594 1551.299 1551.003 1550.707 1550.538 1550.392 1550.247 1550.101 1550.0 1550.0 1550.0 1550.0 1550.0 1550.0 1550.0 1550.0 1550.0 1550.0 1550.0
1560.884 1560.762 1560.638 1560.514 1560.39 1560.266 1560.118 1559.961 1559.803 1559.646 1559.488 1559.328 1559.168 1559.009 1558.849 1558.712 1558.588 1558.464 1558.34 1558.213 1558.055 1557.897 1557.74 1557.582 1557.409 1557.224 1557.039 1556.854 1556.669 1556.472 1556.274 1556.077 1555.879 1555.694 1555.522 1555.35 1555.177 1555.005 1554.823 1554.64 1554.457 1554.274 1554.058 1553.8 1553.541 1553.283 1553.025 1552.8 1552.58 1552.359 1552.138 1551.882 1551.565 1551.247 1550.93 1550.613 1550.458 1550.334 1550.21 1550.086 1550.0 1550.0 1550.0 1550.0 1550.0 1550.0 1550.0 1550.0 1550.0 1550.0 1550.0
1560.696 1560.571 1560.468 1560.366 1560.264 1560.161 1560.001 1559.817 1559.632 1559.448 1559.268 1559.114 1558.959 1558.805 1558.651 1558.53 1558.427 1558.325 1558.223 1558.112 1557.927 1557.743 1557.558 1557.373 1557.198 1557.029 1556.86 1556.692 1556.523 1556.347 1556.171 1555.995 1555.819 1555.651 1555.489 1555.328 1555.166 1555.005 1554.807 1554.608 1554.409 1554.21 1553.992 1553.75 1553.507 1553.265 1553.023 1552.8 1552.58 1552.359 1552.138 1551.874 1551.535 1551.196 1550.857 1550.518 1550.378 1550.276 1550.173 1550.071 1550.0 1550.0 1550.0 1550.0 1550.0 1550.0 1550.0 1550.0 1550.0 1550.0 1550.0
1560.509 1560.38 1560.299 1560.218 1560.138 1560.057 1559.884 1559.673 1559.461 1559.25 1559.048 1558.9 1558.751 1558.602 1558.453 1558.347 1558.267 1558.186 1558.105 1558.011 1557.799 1557.588 1557.376 1557.165 1556.987 1556.834 1556.682 1556.529 1556.377 1556.222 1556.068 1555.914 1555.76 1555.607 1555.456 1555.306 1555.155 1555.004 1554.791 1554.576 1554.361 1554.146 1553.926 1553.699 1553.474 1553.247 1553.021 1552.8 1552.58 1552.359 1552.138 1551.866 1551.505 1551.145 1550.784 1550.424 1550.298 1550.218 1550.137 1550.056 1550.0 1550.0 1550.0 1550.0 1550.0 1550.0 1550.0 1550.0 1550.0 1550.0 1550.0
1560.389 1560.264 1560.176 1560.088 1560.0 1559.912 1559.734 1559.517 1559.3 1559.083 1558.879 1558.743 1558.607 1558.47 1558.334 1558.229 1558.141 1558.053 1557.965 1557.864 1557.646 1557.43 1557.213 1556.995 1556.816 1556.666 1556.515 1556.364 1556.214 1556.07 1555.927 1555.783 1555.64 1555.495 1555.348 1555.2 1555.053 1554.906 1554.688 1554.467 1554.247 1554.026 1553.81 1553.6 1553.391 1553.181 1552.971 1552.761 1552.551 1552.342 1552.132 1551.863 1551.495 1551.128 1550.76 1550.392 1550.272 1550.198 1550.125 1550.051 1550.0 1550.0 1550.0 1550.0 1550.0 1550.0 1550.0 1550.0 1550.0 1550.0 1550.0
1560.303 1560.185 1560.076 1559.966 1559.857 1559.747 1559.566 1559.354 1559.143 1558.931 1558.735 1558.615 1558.495 1558.375 1558.255 1558.141 1558.032 1557.922 1557.813 1557.693 1557.481 1557.269 1557.058 1556.846 1556.666 1556.51 1556.354 1556.198 1556.043 1555.904 1555.766 1555.628 1555.49 1555.348 1555.201 1555.053 1554.906 1554.759 1554.541 1554.32 1554.1 1553.879 1553.67 1553.477 1553.283 1553.089 1552.896 1552.702 1552.509 1552.315 1552.122 1551.863 1551.495 1551.128 1550.76 1550.392 1550.272 1550.198 1550.125 1550.051 1550.0 1550.0 1550.0 1550.0 1550.0 1550.0 1550.0 1550.0 1550.0 1550.0 1550.0
1560.217 1560.107 1559.976 1559.844 1559.713 1559.582 1559.398 1559.192 1558.986 1558.78 1558.591 1558.487 1558.383 1558.279 1558.175 1558.054 1557.923 1557.792 1557.661 1557.522 1557.316 1557.109 1556.903 1556.697 1556.516 1556.355 1556.193 1556.032 1555.871 1555.739 1555.606 1555.473 1555.341 1555.201 1555.054 1554.906 1554.76 1554.612 1554.394 1554.173 1553.953 1553.732 1553.53 1553.353 1553.176 1552.998 1552.821 1552.643 1552.466 1552.289 1552.111 1551.863 1551.495 1551.128 1550.76 1550.392 1550.272 1550.198 1550.125 1550.051 1550.0 1550.0 1550.0 1550.0 1550.0 1550.0 1550.0 1550.0 1550.0 1550.0 1550.0
1560.131 1560.028 1559.875 1559.723 1559.57 1559.417 1559.231 1559.03 1558.829 1558.628 1558.446 1558.359 1558.271 1558.183 1558.096 1557.967 1557.814 1557.661 1557.509 1557.351 1557.15 1556.949 1556.748 1556.548 1556.366 1556.199 1556.032 1555.865 1555.7 1555.573 1555.445 1555.318 1555.191 1555.054 1554.907 1554.76 1554.613 1554.465 1554.247 1554.026 1553.806 1553.585 1553.391 1553.229 1553.068 1552.907 1552.746 1552.585 1552.423 1552.262 1552.101 1551.863 1551.495 1551.128 1550.76 1550.392 1550.272 1550.198 1550.125 1550.051 1550.0 1550.0 1550.0 1550.0 1550.0 1550.0 1550.0 1550.0 1550.0 1550.0 1550.0
1560.029 1559.932 1559.761 1559.591 1559.421 1559.251 1559.064 1558.871 1558.678 1558.485 1558.311 1558.235 1558.158 1558.082 1558.005 1557.87 1557.699 1557.529 1557.359 1557.186 1556.992 1556.797 1556.602 1556.408 1556.225 1556.052 1555.879 1555.706 1555.535 1555.413 1555.29 1555.167 1555.045 1554.91 1554.762 1554.614 1554.466 1554.318 1554.102 1553.884 1553.665 1553.447 1553.26 1553.113 1552.967 1552.821 1552.674 1552.526 1552.379 1552.231 1552.083 1551.854 1551.489 1551.123 1550.758 1550.392 1550.272 1550.198 1550.125 1550.051 1550.0 1550.0 1550.0 1550.0 1550.0 1550.0 1550.0 1550.0 1550.0 1550.0 1550.0
1559.821 1559.714 1559.554 1559.395 1559.235 1559.076 1558.908 1558.736 1558.565 1558.393 1558.234 1558.136 1558.038 1557.94 1557.842 1557.705 1557.546 1557.386 1557.227 1557.065 1556.881 1556.697 1556.513 1556.329 1556.146 1555.962 1555.778 1555.594 1555.413 1555.29 1555.167 1555.045 1554.922 1554.784 1554.631 1554.478 1554.325 1554.172 1553.971 1553.769 1553.566 1553.364 1553.189 1553.048 1552.907 1552.766 1552.625 1552.473 1552.319 1552.166 1552.013 1551.787 1551.438 1551.088 1550.739 1550.39 1550.272 1550.198 1550.125 1550.051 1550.0 1550.0 1550.0 1550.0 1550.0 1550.0 1550.0 1550.0 1550.0 1550.0 1550.0
1559.613 1559.496 1559.347 1559.198 1559.05 1558.901 1558.752 1558.602 1558.452 1558.302 1558.157 1558.037 1557.917 1557.798 1557.678 1557.54 1557.392 1557.243 1557.095 1556.944 1556.771 1556.598 1556.424 1556.251 1556.066 1555.871 1555.677 1555.482 1555.29 1555.168 1555.045 1554.922 1554.8 1554.659 1554.501 1554.342 1554.183 1554.025 1553.84 1553.654 1553.467 1553.281 1553.117 1552.982 1552.846 1552.711 1552.575 1552.419 1552.26 1552.102 1551.943 1551.719 1551.386 1551.053 1550.72 1550.387 1550.272 1550.198 1550.125 1550.051 1550.0 1550.0 1550.0 1550.0 1550.0 1550.0 1550.0 1550.0 1550.0 1550.0 1550.0
1559.405 1559.278 1559.14 1559.002 1558.865 1558.727 1558.595 1558.467 1558.339 1558.21 1558.08 1557.938 1557.797 1557.656 1557.515 1557.376 1557.238 1557.1 1556.963 1556.822 1556.66 1556.498 1556.335 1556.173 1555.986 1555.781 1555.576 1555.37 1555.168 1555.045 1554.923 1554.8 1554.677 1554.534 1554.37 1554.206 1554.042 1553.878 1553.708 1553.538 1553.369 1553.199 1553.046 1552.916 1552.786 1552.656 1552.526 1552.365 1552.201 1552.037 1551.873 1551.652 1551.335 1551.018 1550.701 1550.384 1550.272 1550.198 1550.125 1550.051 1550.0 1550.0 1550.0 1550.0 1550.0 1550.0 1550.0 1550.0 1550.0 1550.0 1550.0
1559.197 1559.06 1558.933 1558.806 1558.679 1558.552 1558.439 1558.332 1558.226 1558.119 1558.002 1557.84 1557.677 1557.514 1557.351 1557.211 1557.084 1556.957 1556.83 1556.701 1556.549 1556.398 1556.246 1556.095 1555.907 1555.69 1555.474 1555.258 1555.045 1554.923 1554.8 1554.677 1554.555 1554.409 1554.239 1554.07 1553.901 1553.731 1553.577 1553.423 1553.27 1553.116 1552.975 1552.85 1552.726 1552.601 1552.476 1552.311 1552.142 1551.972 1551.803 1551.584 1551.284 1550.983 1550.682 1550.382 1550.272 1550.198 1550.125 1550.051 1550.0 1550.0 1550.0 1550.0 1550.0 1550.0 1550.0 1550.0 1550.0 1550.0 1550.0
1559.025 1558.885 1558.769 1558.653 1558.537 1558.421 1558.327 1558.241 1558.156 1558.071 1557.97 1557.792 1557.614 1557.436 1557.258 1557.107 1556.972 1556.836 1556.701 1556.563 1556.407 1556.25 1556.093 1555.937 1555.76 1555.568 1555.376 1555.185 1554.995 1554.86 1554.724 1554.589 1554.453 1554.297 1554.119 1553.941 1553.763 1553.584 1553.437 1553.289 1553.142 1552.995 1552.858 1552.732 1552.606 1552.48 1552.354 1552.19 1552.022 1551.853 1551.685 1551.477 1551.202 1550.927 1550.652 1550.378 1550.272 1550.198 1550.125 1550.051 1550.0 1550.0 1550.0 1550.0 1550.0 1550.0 1550.0 1550.0 1550.0 1550.0 1550.0
1558.878 1558.741 1558.636 1558.53 1558.425 1558.32 1558.244 1558.18 1558.116 1558.053 1557.968 1557.779 1557.591 1557.402 1557.213 1557.044 1556.887 1556.73 1556.573 1556.415 1556.242 1556.069 1555.896 1555.723 1555.567 1555.424 1555.281 1555.138 1554.994 1554.837 1554.68 1554.523 1554.366 1554.193 1554.004 1553.816 1553.627 1553.438 1553.29 1553.142 1552.995 1552.848 1552.708 1552.577 1552.446 1552.315 1552.184 1552.024 1551.861 1551.698 1551.535 1551.342 1551.1 1550.857 1550.615 1550.372 1550.272 1550.198 1550.125 1550.051 1550.0 1550.0 1550.0 1550.0 1550.0 1550.0 1550.0 1550.0 1550.0 1550.0 1550.0
1558.731 1558.597 1558.502 1558.408 1558.313 1558.219 1558.161 1558.119 1558.077 1558.035 1557.966 1557.767 1557.567 1557.368 1557.168 1556.982 1556.803 1556.624 1556.446 1556.266 1556.077 1555.888 1555.699 1555.51 1555.374 1555.28 1555.185 1555.091 1554.994 1554.815 1554.636 1554.458 1554.279 1554.09 1553.89 1553.69 1553.491 1553.291 1553.143 1552.996 1552.849 1552.701 1552.559 1552.422 1552.286 1552.149 1552.013 1551.857 1551.699 1551.542 1551.384 1551.207 1550.997 1550.787 1550.577 1550.367 1550.272 1550.198 1550.125 1550.051 1550.0 1550.0 1550.0 1550.0 1550.0 1550.0 1550.0 1550.0 1550.0 1550.0 1550.0
1558.584 1558.452 1558.369 1558.285 1558.201 1558.117 1558.078 1558.058 1558.037 1558.017 1557.965 1557.754 1557.544 1557.333 1557.123 1556.919 1556.719 1556.518 1556.318 1556.117 1555.912 1555.707 1555.501 1555.296 1555.182 1555.136 1555.09 1555.044 1554.993 1554.792 1554.592 1554.392 1554.192 1553.986 1553.776 1553.565 1553.355 1553.145 1552.996 1552.849 1552.702 1552.554 1552.41 1552.268 1552.126 1551.984 1551.842 1551.69 1551.538 1551.386 1551.234 1551.072 1550.895 1550.717 1550.54 1550.362 1550.272 1550.198 1550.125 1550.051 1550.0 1550.0 1550.0 1550.0 1550.0 1550.0 1550.0 1550.0 1550.0 1550.0 1550.0
