data/zism_data/00822_01_D.txt
ncols         224
nrows         224
[rows 168 to 195 of 224, columns 63 to 125 of 224]
1160.506 1157.387 1154.268 1151.15 1148.313 1146.217 1144.122 1142.026 1139.931 1136.587 1132.769 1128.951 1125.133 1121.148 1116.371 1111.593 1106.815 1102.038 1094.981 1086.546 1078.111 1069.676 1061.036 1049.766 1038.497 1027.227 1015.957 1006.83 999.668 992.5056 985.3433 978.1809 974.3894 970.6985 967.0076 963.3168 961.4402 962.0661 962.692 963.3179 963.9437 965.1793 966.5064 967.8334 969.1605 969.4077 967.3477 965.2877 963.2278 961.1678 958.9887 956.7736 954.5584 952.3433 950.8884 952.17 953.4518 954.7335 956.0152 959.5363 964.1772 968.8181 973.4589
1150.973 1148.263 1145.553 1142.843 1140.512 1139.175 1137.839 1136.502 1135.166 1132.371 1129.021 1125.671 1122.321 1118.838 1114.723 1110.607 1106.492 1102.376 1095.985 1088.217 1080.45 1072.682 1064.673 1053.565 1042.456 1031.348 1020.24 1011.002 1003.479 995.9562 988.4333 980.9103 977.5683 974.3511 971.1339 967.9167 966.3848 967.1776 967.9703 968.7631 969.5558 970.9302 972.3918 973.8535 975.3151 975.7311 973.9134 972.0956 970.278 968.4602 966.5356 964.5789 962.6221 960.6653 959.4371 960.8319 962.2267 963.6214 965.0162 968.593 973.2607 977.9285 982.5962
1141.439 1139.138 1136.837 1134.537 1132.711 1132.133 1131.556 1130.978 1130.401 1128.154 1125.272 1122.391 1119.509 1116.528 1113.075 1109.621 1106.168 1102.714 1096.989 1089.888 1082.789 1075.689 1068.31 1057.363 1046.416 1035.47 1024.523 1015.174 1007.291 999.4069 991.5234 983.6398 980.7473 978.0037 975.2603 972.5167 971.3296 972.2892 973.2488 974.2085 975.1681 976.6813 978.2775 979.8737 981.4698 982.0548 980.4793 978.9038 977.3283 975.7528 974.0829 972.3845 970.686 968.9877 967.9863 969.4941 971.0019 972.5096 974.0175 977.6498 982.3445 987.0392 991.7338
1131.905 1130.014 1128.122 1126.231 1124.91 1125.091 1125.273 1125.454 1125.636 1123.937 1121.524 1119.111 1116.697 1114.218 1111.427 1108.636 1105.844 1103.053 1097.992 1091.56 1085.127 1078.695 1071.947 1061.161 1050.376 1039.591 1028.806 1019.346 1011.102 1002.858 994.6134 986.3691 983.9261 981.6563 979.3865 977.1166 976.2742 977.4007 978.5272 979.6537 980.7802 982.4321 984.1629 985.8937 987.6245 988.3782 987.045 985.7117 984.3784 983.0452 981.6299 980.1898 978.7498 977.3097 976.535 978.1559 979.7767 981.3976 983.0184 986.7064 991.428 996.1496 1000.871
1122.154 1120.653 1119.151 1117.65 1116.798 1117.651 1118.505 1119.359 1120.213 1119.046 1117.11 1115.174 1113.239 1111.235 1108.909 1106.583 1104.258 1101.932 1097.263 1091.177 1085.091 1079.006 1072.606 1062.186 1051.766 1041.345 1030.925 1021.788 1013.826 1005.865 997.9039 989.9425 987.954 986.1438 984.3336 982.5234 981.9852 983.2013 984.4174 985.6335 986.8496 988.6058 990.4431 992.2804 994.1177 995.0264 993.9518 992.8771 991.8024 990.7278 989.5044 988.2361 986.9678 985.6995 985.1129 986.9802 988.8475 990.7147 992.582 996.303 1000.951 1005.599 1010.247
1112.12 1110.985 1109.85 1108.714 1108.281 1109.695 1111.108 1112.522 1113.936 1113.277 1111.831 1110.386 1108.94 1107.377 1105.261 1103.145 1101.029 1098.913 1094.28 1088.124 1081.969 1075.813 1069.394 1059.603 1049.813 1040.022 1030.232 1021.98 1015.138 1008.296 1001.455 994.6128 993.0853 991.7164 990.3476 988.9788 988.6918 989.8972 991.1025 992.3079 993.5132 995.3289 997.2361 999.1433 1001.051 1002.096 1001.301 1000.507 999.7119 998.9171 997.804 996.595 995.3859 994.1768 993.7278 996.0149 998.302 1000.589 1002.876 1006.601 1011.044 1015.487 1019.931
1102.086 1101.317 1100.548 1099.778 1099.764 1101.738 1103.711 1105.685 1107.658 1107.509 1106.553 1105.597 1104.641 1103.519 1101.613 1099.707 1097.801 1095.895 1091.297 1085.071 1078.846 1072.62 1066.182 1057.021 1047.86 1038.699 1029.539 1022.172 1016.45 1010.728 1005.005 999.2832 998.2167 997.2892 996.3618 995.4343 995.3987 996.5933 997.7878 998.9824 1000.177 1002.052 1004.029 1006.007 1007.984 1009.166 1008.651 1008.136 1007.622 1007.107 1006.104 1004.954 1003.804 1002.654 1002.343 1005.05 1007.757 1010.464 1013.171 1016.899 1021.138 1025.376 1029.615
1092.052 1091.649 1091.246 1090.843 1091.248 1093.781 1096.314 1098.847 1101.381 1101.74 1101.274 1100.808 1100.342 1099.661 1097.965 1096.269 1094.573 1092.877 1088.314 1082.018 1075.723 1069.427 1062.97 1054.439 1045.908 1037.377 1028.846 1022.364 1017.761 1013.159 1008.556 1003.953 1003.348 1002.862 1002.376 1001.89 1002.105 1003.289 1004.473 1005.657 1006.841 1008.775 1010.822 1012.869 1014.917 1016.236 1016.001 1015.766 1015.531 1015.296 1014.404 1013.313 1012.222 1011.132 1010.958 1014.085 1017.211 1020.338 1023.465 1027.197 1031.231 1035.265 1039.299
1082.018 1081.981 1081.944 1081.906 1082.731 1085.824 1088.917 1092.01 1095.103 1095.972 1095.995 1096.019 1096.042 1095.803 1094.317 1092.831 1091.344 1089.858 1085.331 1078.965 1072.6 1066.234 1059.757 1051.856 1043.955 1036.054 1028.152 1022.556 1019.073 1015.59 1012.107 1008.624 1008.479 1008.435 1008.39 1008.345 1008.812 1009.985 1011.158 1012.331 1013.504 1015.498 1017.615 1019.733 1021.85 1023.306 1023.351 1023.396 1023.441 1023.486 1022.704 1021.672 1020.641 1019.609 1019.573 1023.12 1026.666 1030.213 1033.759 1037.495 1041.324 1045.154 1048.984
1071.216 1071.414 1071.613 1071.811 1072.85 1076.101 1079.352 1082.604 1085.855 1086.845 1086.977 1087.108 1087.239 1087.105 1085.713 1084.321 1082.928 1081.536 1077.377 1071.546 1065.715 1059.884 1054.037 1047.989 1041.941 1035.893 1029.845 1026.083 1024.416 1022.749 1021.081 1019.414 1019.845 1020.338 1020.832 1021.325 1021.786 1022.204 1022.621 1023.039 1023.456 1024.967 1026.641 1028.316 1029.99 1031.126 1031.113 1031.099 1031.085 1031.071 1030.403 1029.537 1028.671 1027.805 1027.996 1031.992 1035.987 1039.982 1043.978 1047.855 1051.674 1055.493 1059.311
1060.327 1060.746 1061.165 1061.584 1062.814 1066.178 1069.542 1072.907 1076.271 1077.339 1077.535 1077.731 1077.927 1077.861 1076.549 1075.237 1073.926 1072.614 1068.861 1063.633 1058.405 1053.177 1048.034 1043.977 1039.92 1035.864 1031.807 1029.986 1030.214 1030.441 1030.669 1030.896 1031.915 1032.957 1033.999 1035.042 1035.469 1035.046 1034.624 1034.202 1033.78 1034.746 1035.92 1037.093 1038.267 1039.031 1038.921 1038.81 1038.699 1038.589 1038.034 1037.346 1036.658 1035.97 1036.398 1040.845 1045.293 1049.74 1054.188 1058.224 1062.053 1065.882 1069.712
1049.438 1050.078 1050.718 1051.357 1052.778 1056.256 1059.733 1063.21 1066.688 1067.834 1068.094 1068.355 1068.615 1068.616 1067.385 1066.154 1064.923 1063.693 1060.346 1055.721 1051.095 1046.47 1042.03 1039.965 1037.9 1035.835 1033.769 1033.889 1036.011 1038.133 1040.255 1042.377 1043.984 1045.575 1047.167 1048.758 1049.15 1047.888 1046.627 1045.365 1044.103 1044.524 1045.197 1045.871 1046.544 1046.936 1046.729 1046.521 1046.314 1046.106 1045.666 1045.155 1044.644 1044.134 1044.799 1049.699 1054.599 1059.498 1064.398 1068.591 1072.432 1076.272 1080.112
1038.55 1039.41 1040.27 1041.13 1042.742 1046.333 1049.923 1053.514 1057.104 1058.328 1058.653 1058.978 1059.303 1059.372 1058.222 1057.071 1055.921 1054.771 1051.831 1047.808 1043.786 1039.763 1036.027 1035.953 1035.879 1035.805 1035.732 1037.792 1041.809 1045.826 1049.842 1053.859 1056.054 1058.194 1060.335 1062.475 1062.832 1060.731 1058.63 1056.528 1054.427 1054.303 1054.476 1054.648 1054.821 1054.842 1054.537 1054.233 1053.928 1053.624 1053.297 1052.964 1052.631 1052.298 1053.201 1058.553 1063.905 1069.256 1074.608 1078.959 1082.81 1086.661 1090.512
1029.217 1029.938 1030.658 1031.378 1032.847 1036.287 1039.727 1043.167 1046.608 1047.853 1048.264 1048.675 1049.086 1049.249 1048.234 1047.219 1046.204 1045.19 1042.799 1039.576 1036.353 1033.131 1030.274 1032.11 1033.946 1035.782 1037.618 1041.379 1046.907 1052.434 1057.961 1063.488 1066.118 1068.661 1071.204 1073.747 1074.135 1071.551 1068.967 1066.383 1063.798 1063.283 1063.078 1062.873 1062.668 1062.388 1061.945 1061.503 1061.061 1060.618 1060.401 1060.251 1060.102 1059.952 1061.096 1066.894 1072.692 1078.49 1084.288 1088.963 1093.076 1097.189 1101.302
1022.625 1022.57 1022.515 1022.46 1023.199 1026.025 1028.852 1031.678 1034.505 1035.671 1036.206 1036.74 1037.275 1037.581 1036.797 1036.014 1035.231 1034.447 1032.858 1030.782 1028.706 1026.629 1024.965 1028.566 1032.167 1035.768 1039.37 1044.411 1050.773 1057.134 1063.496 1069.857 1072.652 1075.34 1078.029 1080.717 1081.251 1078.812 1076.373 1073.934 1071.495 1070.859 1070.492 1070.126 1069.759 1069.302 1068.65 1067.997 1067.345 1066.693 1066.576 1066.62 1066.664 1066.708 1068.098 1074.332 1080.566 1086.8 1093.034 1098.325 1103.143 1107.961 1112.78
1016.032 1015.202 1014.372 1013.542 1013.55 1015.763 1017.976 1020.188 1022.401 1023.488 1024.147 1024.805 1025.464 1025.912 1025.36 1024.808 1024.256 1023.704 1022.917 1021.987 1021.058 1020.128 1019.655 1025.021 1030.388 1035.755 1041.122 1047.443 1054.639 1061.835 1069.031 1076.226 1079.187 1082.02 1084.854 1087.688 1088.367 1086.073 1083.78 1081.486 1079.193 1078.434 1077.906 1077.379 1076.851 1076.216 1075.354 1074.492 1073.63 1072.767 1072.75 1072.988 1073.226 1073.464 1075.101 1081.771 1088.441 1095.111 1101.781 1107.687 1113.21 1118.734 1124.257
1009.44 1007.834 1006.229 1004.624 1003.901 1005.501 1007.1 1008.699 1010.298 1011.306 1012.088 1012.871 1013.653 1014.244 1013.923 1013.603 1013.282 1012.962 1012.976 1013.193 1013.41 1013.627 1014.345 1021.477 1028.609 1035.741 1042.874 1050.474 1058.505 1066.535 1074.565 1082.595 1085.721 1088.7 1091.679 1094.658 1095.482 1093.334 1091.186 1089.038 1086.89 1086.01 1085.321 1084.631 1083.942 1083.13 1082.058 1080.986 1079.914 1078.842 1078.925 1079.357 1079.788 1080.22 1082.103 1089.209 1096.315 1103.421 1110.527 1117.048 1123.277 1129.506 1135.734
1002.847 1000.466 998.0862 995.7059 994.2524 995.238 996.2237 997.2094 998.195 999.1232 1000.029 1000.936 1001.842 1002.575 1002.486 1002.397 1002.308 1002.219 1003.035 1004.399 1005.762 1007.125 1009.035 1017.932 1026.83 1035.728 1044.626 1053.506 1062.371 1071.235 1080.1 1088.965 1092.255 1095.38 1098.504 1101.629 1102.598 1100.595 1098.593 1096.59 1094.587 1093.586 1092.735 1091.884 1091.033 1090.045 1088.763 1087.481 1086.199 1084.917 1085.1 1085.725 1086.351 1086.976 1089.106 1096.648 1104.19 1111.732 1119.274 1126.411 1133.344 1140.278 1147.212
999.4722 995.9745 992.4768 988.9791 986.591 987.1232 987.6553 988.1874 988.7195 989.8026 991.0951 992.3875 993.6799 994.7847 994.9982 995.2118 995.4253 995.6389 996.8401 998.6384 1000.437 1002.235 1004.569 1013.751 1022.934 1032.116 1041.299 1050.739 1060.416 1070.093 1079.769 1089.446 1093.264 1096.907 1100.551 1104.194 1105.817 1104.653 1103.489 1102.325 1101.161 1100.871 1100.713 1100.554 1100.395 1099.748 1098.056 1096.364 1094.672 1092.979 1093.104 1093.776 1094.449 1095.121 1097.385 1105.377 1113.368 1121.359 1129.351 1136.449 1143.101 1149.753 1156.404
996.775 992.0878 987.4006 982.7133 979.3477 979.46 979.5723 979.6846 979.7969 981.0842 982.818 984.5518 986.2855 987.8102 988.3413 988.8724 989.4035 989.9346 991.4332 993.5169 995.6005 997.6842 1000.28 1009.436 1018.591 1027.747 1036.903 1046.751 1057.235 1067.72 1078.203 1088.688 1093.109 1097.35 1101.591 1105.832 1108.215 1108.036 1107.857 1107.678 1107.499 1108.096 1108.809 1109.522 1110.236 1110.038 1107.894 1105.75 1103.605 1101.461 1101.493 1102.182 1102.87 1103.559 1105.934 1114.377 1122.821 1131.264 1139.708 1146.63 1152.792 1158.954 1165.116
994.0779 988.2012 982.3245 976.4478 972.1046 971.7971 971.4896 971.1821 970.8746 972.3661 974.5413 976.7163 978.8915 980.8359 981.6846 982.5332 983.3819 984.2305 986.0266 988.3955 990.7644 993.1333 995.992 1005.121 1014.249 1023.378 1032.507 1042.764 1054.055 1065.347 1076.638 1087.929 1092.955 1097.793 1102.631 1107.469 1110.613 1111.419 1112.225 1113.031 1113.837 1115.32 1116.905 1118.491 1120.076 1120.328 1117.732 1115.135 1112.539 1109.943 1109.882 1110.587 1111.292 1111.997 1114.482 1123.378 1132.274 1141.169 1150.065 1156.812 1162.484 1168.156 1173.828
991.3807 984.3145 977.2483 970.1821 964.8613 964.134 963.4066 962.6793 961.952 963.6477 966.2642 968.8806 971.4971 973.8614 975.0276 976.1938 977.36 978.5263 980.6198 983.274 985.9281 988.5823 991.7036 1000.805 1009.907 1019.009 1028.11 1038.776 1050.875 1062.974 1075.072 1087.171 1092.8 1098.236 1103.671 1109.107 1113.011 1114.802 1116.593 1118.383 1120.174 1122.545 1125.002 1127.459 1129.917 1130.618 1127.57 1124.521 1121.473 1118.425 1118.271 1118.992 1119.713 1120.434 1123.031 1132.379 1141.727 1151.074 1160.422 1166.993 1172.175 1177.357 1182.54
988.4899 980.2919 972.094 963.896 957.6743 956.6535 955.6328 954.6119 953.5912 955.4886 958.4949 961.5012 964.5076 967.2524 968.7549 970.2574 971.7599 973.2625 975.674 978.6353 981.5965 984.5578 987.9495 996.8511 1005.753 1014.654 1023.556 1034.36 1046.907 1059.454 1072.002 1084.549 1090.844 1096.952 1103.06 1109.168 1113.943 1116.881 1119.82 1122.758 1125.696 1129.04 1132.446 1135.852 1139.257 1140.574 1137.43 1134.285 1131.14 1127.995 1127.801 1128.497 1129.194 1129.891 1132.448 1141.703 1150.959 1160.214 1169.47 1175.613 1180.201 1184.789 1189.377
985.1245 975.936 966.7478 957.5594 950.6245 949.6199 948.6152 947.6106 946.606 948.699 951.9691 955.239 958.5091 961.5382 963.4229 965.3076 967.1923 969.0769 971.8572 975.1791 978.501 981.8229 985.5038 993.7811 1002.058 1010.336 1018.613 1028.893 1041.01 1053.127 1065.244 1077.36 1084.474 1091.437 1098.401 1105.365 1111.286 1115.769 1120.252 1124.734 1129.217 1133.751 1138.292 1142.834 1147.375 1149.713 1147.343 1144.973 1142.604 1140.234 1140.124 1140.697 1141.27 1141.843 1143.993 1151.822 1159.651 1167.48 1175.309 1180.411 1184.148 1187.886 1191.623
981.7591 971.5803 961.4018 951.223 943.575 942.5864 941.598 940.6095 939.621 941.9095 945.4433 948.9771 952.5108 955.8243 958.0911 960.3579 962.6247 964.8915 968.0406 971.7231 975.4055 979.0881 983.0583 990.7112 998.3641 1006.017 1013.67 1023.427 1035.114 1046.8 1058.486 1070.172 1078.104 1085.923 1093.743 1101.562 1108.629 1114.656 1120.684 1126.711 1132.739 1138.462 1144.139 1149.816 1155.493 1158.851 1157.256 1155.662 1154.067 1152.472 1152.447 1152.896 1153.345 1153.794 1155.538 1161.94 1168.343 1174.746 1181.149 1185.208 1188.095 1190.982 1193.869
978.3936 967.2245 956.0556 944.8865 936.5251 935.5528 934.5804 933.6081 932.6357 935.1199 938.9174 942.7148 946.5123 950.1101 952.7591 955.408 958.057 960.706 964.2238 968.2669 972.31 976.3531 980.6126 987.6412 994.6698 1001.698 1008.727 1017.961 1029.217 1040.472 1051.728 1062.983 1071.733 1080.409 1089.084 1097.76 1105.972 1113.544 1121.116 1128.688 1136.26 1143.172 1149.985 1156.798 1163.61 1167.99 1167.17 1166.35 1165.531 1164.711 1164.771 1165.096 1165.421 1165.746 1167.083 1172.059 1177.036 1182.012 1186.989 1190.005 1192.042 1194.078 1196.115
975.0283 962.8688 950.7095 938.5501 929.4755 928.5193 927.5632 926.607 925.6508 928.3304 932.3917 936.4528 940.5141 944.3962 947.4272 950.4584 953.4895 956.5206 960.4071 964.8109 969.2145 973.6183 978.167 984.5713 990.9755 997.3798 1003.784 1012.495 1023.32 1034.145 1044.97 1055.795 1065.363 1074.895 1084.426 1093.957 1103.314 1112.431 1121.548 1130.665 1139.782 1147.883 1155.831 1163.78 1171.728 1177.128 1177.083 1177.039 1176.994 1176.949 1177.094 1177.295 1177.497 1177.698 1178.627 1182.178 1185.728 1189.278 1192.828 1194.802 1195.988 1197.175 1198.361
971.7272 959.2142 946.7014 934.1884 924.8308 923.7772 922.7236 921.67 920.6163 923.3368 927.4915 931.6459 935.8006 939.8757 943.5729 947.2701 950.9674 954.6647 959.0977 963.9757 968.8536 973.7316 978.6811 984.5462 990.4113 996.2763 1002.141 1010.298 1020.554 1030.811 1041.067 1051.323 1060.946 1070.551 1080.155 1089.759 1099.4 1109.092 1118.785 1128.477 1138.169 1147.343 1156.439 1165.536 1174.632 1181.003 1181.551 1182.099 1182.647 1183.195 1183.431 1183.574 1183.716 1183.859 1184.55 1187.217 1189.885 1192.552 1195.219 1196.651 1197.466 1198.28 1199.095
