data/zism_data/00829_02_D.txt
ncols         224
nrows         224
[rows 112 to 139 of 224, columns 126 to 188 of 224]
4653.352 4653.66 4653.968 4654.276 4654.584 4654.773 4654.92 4655.067 4655.213 4655.388 4655.677 4655.965 4656.254 4656.542 4656.819 4657.088 4657.357 4657.626 4657.906 4658.273 4658.64 4659.006 4659.373 4659.674 4659.923 4660.173 4660.422 4660.674 4661.042 4661.408 4661.775 4662.142 4662.509 4662.875 4663.243 4663.609 4663.976 4664.343 4664.709 4665.077 4665.443 4665.81 4666.177 4666.544 4666.911 4667.278 4667.682 4668.093 4668.504 4668.915 4669.304 4669.641 4669.978 4670.315 4670.653 4670.972 4671.285 4671.598 4671.911 4672.206 4672.436 4672.666 4672.896
4653.8 4654.09 4654.38 4654.67 4654.96 4655.145 4655.292 4655.439 4655.586 4655.757 4656.023 4656.29 4656.557 4656.824 4657.076 4657.321 4657.566 4657.812 4658.069 4658.432 4658.795 4659.158 4659.521 4659.803 4660.023 4660.243 4660.462 4660.685 4661.05 4661.414 4661.779 4662.143 4662.509 4662.875 4663.243 4663.609 4663.976 4664.343 4664.709 4665.077 4665.443 4665.81 4666.177 4666.544 4666.911 4667.278 4667.645 4668.011 4668.378 4668.745 4669.111 4669.477 4669.843 4670.209 4670.575 4670.902 4671.218 4671.534 4671.85 4672.14 4672.338 4672.538 4672.736
4654.376 4654.628 4654.881 4655.133 4655.386 4655.564 4655.717 4655.87 4656.022 4656.192 4656.432 4656.671 4656.911 4657.151 4657.397 4657.648 4657.898 4658.149 4658.407 4658.727 4659.047 4659.367 4659.687 4659.947 4660.162 4660.375 4660.59 4660.807 4661.145 4661.482 4661.82 4662.157 4662.509 4662.875 4663.243 4663.609 4663.976 4664.343 4664.709 4665.077 4665.443 4665.81 4666.177 4666.544 4666.911 4667.278 4667.645 4668.011 4668.378 4668.745 4669.108 4669.463 4669.818 4670.173 4670.528 4670.833 4671.122 4671.411 4671.699 4671.977 4672.213 4672.45 4672.687
4654.952 4655.167 4655.382 4655.597 4655.812 4655.984 4656.142 4656.3 4656.458 4656.627 4656.84 4657.053 4657.266 4657.479 4657.719 4657.975 4658.231 4658.486 4658.745 4659.021 4659.298 4659.576 4659.853 4660.091 4660.3 4660.509 4660.717 4660.929 4661.239 4661.55 4661.861 4662.171 4662.509 4662.875 4663.243 4663.609 4663.976 4664.343 4664.709 4665.077 4665.443 4665.81 4666.177 4666.544 4666.911 4667.278 4667.645 4668.011 4668.378 4668.745 4669.105 4669.449 4669.793 4670.138 4670.482 4670.764 4671.025 4671.287 4671.549 4671.813 4672.088 4672.362 4672.636
4655.529 4655.706 4655.883 4656.06 4656.237 4656.404 4656.567 4656.73 4656.894 4657.062 4657.248 4657.434 4657.62 4657.806 4658.041 4658.302 4658.563 4658.824 4659.083 4659.316 4659.55 4659.784 4660.018 4660.235 4660.438 4660.642 4660.845 4661.05 4661.334 4661.618 4661.902 4662.186 4662.509 4662.875 4663.243 4663.609 4663.976 4664.343 4664.709 4665.077 4665.443 4665.81 4666.177 4666.544 4666.911 4667.278 4667.645 4668.011 4668.378 4668.745 4669.102 4669.435 4669.769 4670.102 4670.436 4670.694 4670.929 4671.164 4671.399 4671.651 4671.962 4672.274 4672.586
4656.105 4656.244 4656.384 4656.523 4656.663 4656.824 4656.992 4657.161 4657.33 4657.497 4657.656 4657.815 4657.974 4658.133 4658.362 4658.629 4658.895 4659.162 4659.42 4659.611 4659.802 4659.993 4660.184 4660.378 4660.577 4660.774 4660.973 4661.172 4661.429 4661.686 4661.942 4662.2 4662.509 4662.875 4663.243 4663.609 4663.976 4664.343 4664.709 4665.077 4665.443 4665.81 4666.177 4666.544 4666.911 4667.278 4667.645 4668.011 4668.378 4668.745 4669.098 4669.421 4669.744 4670.067 4670.39 4670.625 4670.833 4671.041 4671.249 4671.488 4671.837 4672.187 4672.537
4656.683 4656.791 4656.898 4657.005 4657.113 4657.272 4657.449 4657.626 4657.803 4657.971 4658.1 4658.229 4658.358 4658.488 4658.705 4658.968 4659.231 4659.494 4659.745 4659.896 4660.046 4660.197 4660.348 4660.521 4660.71 4660.9 4661.09 4661.28 4661.513 4661.746 4661.979 4662.212 4662.509 4662.875 4663.243 4663.609 4663.976 4664.343 4664.709 4665.077 4665.443 4665.807 4666.165 4666.523 4666.881 4667.239 4667.59 4667.939 4668.288 4668.637 4668.979 4669.303 4669.626 4669.95 4670.274 4670.516 4670.732 4670.948 4671.165 4671.408 4671.748 4672.088 4672.429
4657.262 4657.343 4657.423 4657.504 4657.585 4657.745 4657.933 4658.12 4658.308 4658.478 4658.575 4658.672 4658.769 4658.866 4659.064 4659.316 4659.569 4659.821 4660.059 4660.172 4660.285 4660.398 4660.511 4660.661 4660.84 4661.019 4661.198 4661.378 4661.589 4661.8 4662.012 4662.223 4662.509 4662.875 4663.243 4663.609 4663.976 4664.343 4664.709 4665.077 4665.443 4665.8 4666.142 4666.484 4666.826 4667.168 4667.489 4667.806 4668.123 4668.44 4668.762 4669.097 4669.431 4669.766 4670.1 4670.373 4670.627 4670.881 4671.135 4671.397 4671.689 4671.981 4672.273
4657.841 4657.895 4657.949 4658.003 4658.057 4658.217 4658.416 4658.615 4658.813 4658.985 4659.05 4659.115 4659.179 4659.244 4659.424 4659.666 4659.907 4660.149 4660.373 4660.448 4660.523 4660.599 4660.674 4660.802 4660.97 4661.138 4661.306 4661.475 4661.665 4661.855 4662.044 4662.234 4662.509 4662.875 4663.243 4663.609 4663.976 4664.343 4664.709 4665.077 4665.443 4665.794 4666.12 4666.446 4666.771 4667.097 4667.388 4667.673 4667.958 4668.242 4668.545 4668.891 4669.236 4669.581 4669.926 4670.231 4670.522 4670.814 4671.105 4671.386 4671.63 4671.874 4672.117
4658.421 4658.448 4658.475 4658.501 4658.528 4658.69 4658.899 4659.109 4659.318 4659.493 4659.525 4659.557 4659.59 4659.622 4659.784 4660.015 4660.246 4660.477 4660.686 4660.724 4660.762 4660.799 4660.837 4660.942 4661.1 4661.257 4661.415 4661.572 4661.741 4661.909 4662.077 4662.246 4662.509 4662.875 4663.243 4663.609 4663.976 4664.343 4664.709 4665.077 4665.443 4665.788 4666.097 4666.407 4666.717 4667.026 4667.288 4667.54 4667.792 4668.044 4668.329 4668.685 4669.041 4669.396 4669.752 4670.088 4670.417 4670.747 4671.076 4671.376 4671.571 4671.766 4671.961
4659.0 4659.0 4659.0 4659.0 4659.0 4659.163 4659.383 4659.603 4659.823 4660.0 4660.0 4660.0 4660.0 4660.0 4660.144 4660.364 4660.583 4660.804 4661.0 4661.0 4661.0 4661.0 4661.0 4661.083 4661.229 4661.376 4661.523 4661.67 4661.816 4661.963 4662.11 4662.257 4662.509 4662.875 4663.243 4663.609 4663.976 4664.343 4664.709 4665.077 4665.443 4665.781 4666.075 4666.368 4666.662 4666.956 4667.187 4667.407 4667.627 4667.847 4668.112 4668.479 4668.845 4669.212 4669.579 4669.946 4670.313 4670.68 4671.046 4671.365 4671.512 4671.659 4671.806
4659.515 4659.521 4659.526 4659.531 4659.537 4659.673 4659.855 4660.038 4660.22 4660.367 4660.367 4660.367 4660.367 4660.367 4660.489 4660.677 4660.865 4661.053 4661.224 4661.256 4661.288 4661.32 4661.353 4661.432 4661.546 4661.66 4661.775 4661.89 4662.031 4662.172 4662.314 4662.455 4662.684 4663.008 4663.332 4663.655 4663.979 4664.343 4664.709 4665.077 4665.443 4665.781 4666.075 4666.368 4666.662 4666.956 4667.187 4667.407 4667.627 4667.847 4668.112 4668.479 4668.845 4669.212 4669.579 4669.917 4670.246 4670.575 4670.905 4671.202 4671.387 4671.571 4671.755
4660.03 4660.041 4660.052 4660.063 4660.073 4660.183 4660.328 4660.473 4660.617 4660.733 4660.733 4660.733 4660.733 4660.733 4660.835 4660.991 4661.146 4661.302 4661.447 4661.512 4661.576 4661.641 4661.706 4661.78 4661.862 4661.944 4662.026 4662.11 4662.246 4662.382 4662.518 4662.654 4662.859 4663.14 4663.42 4663.701 4663.982 4664.343 4664.709 4665.077 4665.443 4665.781 4666.075 4666.368 4666.662 4666.956 4667.187 4667.407 4667.627 4667.847 4668.112 4668.479 4668.845 4669.212 4669.579 4669.888 4670.18 4670.471 4670.763 4671.04 4671.261 4671.483 4671.706
4660.545 4660.562 4660.578 4660.594 4660.61 4660.693 4660.8 4660.907 4661.014 4661.101 4661.101 4661.101 4661.101 4661.101 4661.181 4661.304 4661.427 4661.55 4661.671 4661.768 4661.865 4661.961 4662.058 4662.128 4662.178 4662.228 4662.278 4662.33 4662.46 4662.591 4662.722 4662.852 4663.034 4663.271 4663.509 4663.747 4663.984 4664.343 4664.709 4665.077 4665.443 4665.781 4666.075 4666.368 4666.662 4666.956 4667.187 4667.407 4667.627 4667.847 4668.112 4668.479 4668.845 4669.212 4669.579 4669.86 4670.113 4670.367 4670.621 4670.876 4671.136 4671.396 4671.656
4661.061 4661.082 4661.104 4661.125 4661.146 4661.203 4661.272 4661.342 4661.411 4661.467 4661.467 4661.467 4661.467 4661.467 4661.526 4661.617 4661.708 4661.799 4661.895 4662.023 4662.153 4662.282 4662.411 4662.477 4662.495 4662.512 4662.53 4662.55 4662.675 4662.8 4662.925 4663.05 4663.209 4663.403 4663.598 4663.792 4663.987 4664.343 4664.709 4665.077 4665.443 4665.781 4666.075 4666.368 4666.662 4666.956 4667.187 4667.407 4667.627 4667.847 4668.112 4668.479 4668.845 4669.212 4669.579 4669.831 4670.047 4670.263 4670.479 4670.713 4671.011 4671.308 4671.605
4661.635 4661.635 4661.635 4661.634 4661.634 4661.667 4661.71 4661.754 4661.799 4661.838 4661.86 4661.882 4661.905 4661.927 4661.976 4662.04 4662.103 4662.167 4662.237 4662.364 4662.491 4662.618 4662.745 4662.798 4662.793 4662.788 4662.783 4662.781 4662.896 4663.011 4663.125 4663.24 4663.377 4663.539 4663.7 4663.862 4664.023 4664.37 4664.729 4665.088 4665.448 4665.781 4666.075 4666.368 4666.662 4666.956 4667.187 4667.407 4667.627 4667.847 4668.106 4668.456 4668.806 4669.155 4669.505 4669.747 4669.955 4670.163 4670.371 4670.599 4670.899 4671.2 4671.501
4662.28 4662.226 4662.172 4662.118 4662.064 4662.075 4662.108 4662.141 4662.174 4662.215 4662.285 4662.356 4662.426 4662.497 4662.549 4662.591 4662.633 4662.675 4662.722 4662.806 4662.89 4662.974 4663.058 4663.085 4663.069 4663.054 4663.038 4663.025 4663.124 4663.223 4663.321 4663.42 4663.539 4663.678 4663.818 4663.958 4664.098 4664.428 4664.771 4665.114 4665.458 4665.781 4666.075 4666.368 4666.662 4666.956 4667.187 4667.407 4667.627 4667.847 4668.095 4668.407 4668.719 4669.031 4669.343 4669.596 4669.831 4670.066 4670.301 4670.542 4670.805 4671.068 4671.331
4662.925 4662.817 4662.709 4662.602 4662.494 4662.482 4662.505 4662.527 4662.55 4662.591 4662.71 4662.829 4662.948 4663.067 4663.122 4663.142 4663.163 4663.183 4663.206 4663.247 4663.288 4663.329 4663.37 4663.373 4663.346 4663.32 4663.293 4663.269 4663.352 4663.435 4663.517 4663.6 4663.699 4663.818 4663.936 4664.054 4664.172 4664.486 4664.813 4665.14 4665.467 4665.781 4666.075 4666.368 4666.662 4666.956 4667.187 4667.407 4667.627 4667.847 4668.083 4668.358 4668.632 4668.906 4669.18 4669.445 4669.707 4669.969 4670.23 4670.484 4670.71 4670.935 4671.161
4663.57 4663.409 4663.247 4663.085 4662.924 4662.89 4662.902 4662.914 4662.925 4662.967 4663.135 4663.302 4663.47 4663.637 4663.695 4663.694 4663.692 4663.691 4663.69 4663.688 4663.686 4663.684 4663.682 4663.66 4663.623 4663.585 4663.548 4663.513 4663.58 4663.646 4663.713 4663.779 4663.86 4663.957 4664.054 4664.15 4664.248 4664.544 4664.855 4665.167 4665.477 4665.781 4666.075 4666.368 4666.662 4666.956 4667.187 4667.407 4667.627 4667.847 4668.072 4668.309 4668.545 4668.782 4669.018 4669.294 4669.583 4669.872 4670.161 4670.427 4670.615 4670.803 4670.99
4664.215 4664.0 4663.784 4663.569 4663.354 4663.298 4663.299 4663.3 4663.301 4663.344 4663.56 4663.775 4663.992 4664.208 4664.268 4664.245 4664.223 4664.2 4664.175 4664.129 4664.084 4664.039 4663.994 4663.947 4663.899 4663.852 4663.804 4663.758 4663.808 4663.858 4663.909 4663.959 4664.021 4664.096 4664.172 4664.247 4664.322 4664.603 4664.897 4665.192 4665.487 4665.781 4666.075 4666.368 4666.662 4666.956 4667.187 4667.407 4667.627 4667.847 4668.061 4668.259 4668.458 4668.657 4668.856 4669.144 4669.459 4669.775 4670.091 4670.37 4670.521 4670.67 4670.82
4664.677 4664.472 4664.267 4664.061 4663.856 4663.813 4663.828 4663.843 4663.857 4663.904 4664.08 4664.255 4664.431 4664.607 4664.646 4664.612 4664.577 4664.543 4664.505 4664.437 4664.368 4664.299 4664.231 4664.179 4664.14 4664.101 4664.062 4664.024 4664.063 4664.103 4664.142 4664.181 4664.229 4664.288 4664.346 4664.405 4664.463 4664.728 4665.006 4665.285 4665.564 4665.843 4666.122 4666.4 4666.679 4666.958 4667.187 4667.407 4667.627 4667.847 4668.057 4668.242 4668.428 4668.614 4668.8 4669.093 4669.421 4669.749 4670.077 4670.365 4670.512 4670.659 4670.806
4665.122 4664.933 4664.744 4664.554 4664.365 4664.339 4664.37 4664.4 4664.431 4664.481 4664.608 4664.736 4664.863 4664.991 4665.006 4664.96 4664.916 4664.871 4664.82 4664.73 4664.64 4664.55 4664.46 4664.405 4664.377 4664.349 4664.32 4664.293 4664.321 4664.35 4664.378 4664.406 4664.441 4664.484 4664.526 4664.569 4664.611 4664.859 4665.122 4665.385 4665.647 4665.91 4666.172 4666.435 4666.697 4666.96 4667.187 4667.407 4667.627 4667.847 4668.053 4668.228 4668.403 4668.578 4668.753 4669.053 4669.391 4669.73 4670.068 4670.365 4670.512 4670.659 4670.806
4665.567 4665.394 4665.221 4665.047 4664.875 4664.864 4664.911 4664.958 4665.005 4665.059 4665.138 4665.216 4665.295 4665.375 4665.366 4665.31 4665.254 4665.198 4665.136 4665.024 4664.913 4664.801 4664.689 4664.631 4664.614 4664.596 4664.579 4664.562 4664.58 4664.597 4664.614 4664.632 4664.654 4664.68 4664.707 4664.733 4664.759 4664.991 4665.237 4665.484 4665.73 4665.977 4666.223 4666.47 4666.716 4666.962 4667.187 4667.407 4667.627 4667.847 4668.05 4668.214 4668.378 4668.542 4668.707 4669.012 4669.361 4669.711 4670.06 4670.365 4670.512 4670.659 4670.806
4666.012 4665.854 4665.698 4665.541 4665.384 4665.39 4665.453 4665.516 4665.579 4665.636 4665.667 4665.697 4665.728 4665.758 4665.725 4665.659 4665.592 4665.525 4665.452 4665.318 4665.186 4665.052 4664.919 4664.857 4664.851 4664.844 4664.837 4664.831 4664.837 4664.844 4664.851 4664.858 4664.866 4664.876 4664.887 4664.896 4664.907 4665.123 4665.353 4665.583 4665.813 4666.044 4666.274 4666.504 4666.735 4666.965 4667.187 4667.407 4667.627 4667.847 4668.047 4668.2 4668.354 4668.507 4668.661 4668.971 4669.332 4669.691 4670.052 4670.365 4670.512 4670.659 4670.806
4666.463 4666.314 4666.166 4666.017 4665.868 4665.879 4665.946 4666.014 4666.082 4666.136 4666.136 4666.136 4666.136 4666.136 4666.089 4666.018 4665.946 4665.875 4665.795 4665.646 4665.498 4665.349 4665.2 4665.136 4665.136 4665.136 4665.136 4665.136 4665.136 4665.136 4665.136 4665.136 4665.136 4665.136 4665.136 4665.136 4665.136 4665.328 4665.535 4665.741 4665.947 4666.158 4666.376 4666.594 4666.812 4667.03 4667.238 4667.444 4667.65 4667.856 4668.049 4668.209 4668.37 4668.531 4668.691 4668.999 4669.351 4669.704 4670.057 4670.365 4670.512 4670.659 4670.806
4666.926 4666.772 4666.618 4666.464 4666.31 4666.307 4666.358 4666.41 4666.461 4666.502 4666.502 4666.502 4666.502 4666.502 4666.459 4666.393 4666.327 4666.261 4666.186 4666.032 4665.877 4665.724 4665.569 4665.502 4665.502 4665.502 4665.502 4665.502 4665.502 4665.502 4665.502 4665.502 4665.502 4665.502 4665.502 4665.502 4665.502 4665.66 4665.828 4665.997 4666.166 4666.351 4666.564 4666.776 4666.989 4667.202 4667.377 4667.546 4667.714 4667.883 4668.061 4668.259 4668.457 4668.655 4668.854 4669.141 4669.456 4669.771 4670.087 4670.365 4670.512 4670.659 4670.806
4667.389 4667.23 4667.07 4666.911 4666.751 4666.735 4666.771 4666.806 4666.841 4666.869 4666.869 4666.869 4666.869 4666.869 4666.83 4666.769 4666.708 4666.648 4666.576 4666.417 4666.257 4666.098 4665.938 4665.869 4665.869 4665.869 4665.869 4665.869 4665.869 4665.869 4665.869 4665.869 4665.869 4665.869 4665.869 4665.869 4665.869 4665.991 4666.122 4666.253 4666.384 4666.544 4666.752 4666.959 4667.167 4667.374 4667.517 4667.647 4667.778 4667.909 4668.072 4668.308 4668.544 4668.78 4669.016 4669.283 4669.561 4669.839 4670.116 4670.365 4670.512 4670.659 4670.806
4667.853 4667.688 4667.522 4667.358 4667.193 4667.164 4667.183 4667.202 4667.221 4667.236 4667.236 4667.236 4667.236 4667.236 4667.2 4667.145 4667.089 4667.034 4666.967 4666.802 4666.637 4666.473 4666.308 4666.236 4666.236 4666.236 4666.236 4666.236 4666.236 4666.236 4666.236 4666.236 4666.236 4666.236 4666.236 4666.236 4666.236 4666.323 4666.416 4666.509 4666.603 4666.738 4666.94 4667.142 4667.344 4667.546 4667.656 4667.749 4667.842 4667.935 4668.083 4668.357 4668.63 4668.904 4669.178 4669.426 4669.666 4669.906 4670.146 4670.365 4670.512 4670.659 4670.806
