data/zism_data/00823_02_D.txt
ncols         224
nrows         224
[rows 84 to 111 of 224, columns 0 to 62 of 224]
1601.696 1601.922 1602.148 1602.374 1602.364 1602.347 1602.33 1602.313 1602.223 1602.042 1601.861 1601.679 1601.498 1601.291 1601.082 1600.873 1600.664 1600.372 1599.946 1599.521 1599.095 1598.669 1594.494 1589.683 1584.873 1580.063 1573.43 1563.031 1552.633 1542.235 1531.836 1524.495 1517.931 1511.367 1504.804 1500.176 1500.833 1501.49 1502.148 1502.805 1506.982 1512.402 1517.822 1523.242 1529.209 1537.231 1545.254 1553.276 1561.298 1568.442 1575.173 1581.905 1588.637 1594.599 1596.274 1597.948 1599.622 1601.297 1599.827 1596.455 1593.084 1589.713 1585.894
1601.566 1601.77 1601.975 1602.179 1602.163 1602.141 1602.118 1602.096 1601.998 1601.806 1601.614 1601.422 1601.229 1601.047 1600.865 1600.683 1600.501 1600.2 1599.709 1599.219 1598.728 1598.237 1593.886 1588.881 1583.876 1578.871 1572.135 1561.823 1551.511 1541.2 1530.888 1523.728 1517.37 1511.011 1504.653 1500.182 1500.861 1501.54 1502.218 1502.897 1506.936 1512.162 1517.387 1522.612 1528.298 1535.714 1543.131 1550.548 1557.964 1564.922 1571.665 1578.407 1585.15 1591.11 1592.708 1594.307 1595.906 1597.504 1595.733 1591.923 1588.114 1584.304 1580.02
1601.446 1601.625 1601.804 1601.984 1601.962 1601.934 1601.906 1601.878 1601.762 1601.536 1601.309 1601.083 1600.856 1600.476 1600.082 1599.688 1599.294 1598.613 1597.47 1596.328 1595.186 1594.044 1589.236 1583.807 1578.378 1572.949 1566.156 1556.544 1546.932 1537.321 1527.709 1521.225 1515.537 1509.85 1504.162 1500.162 1500.769 1501.375 1501.981 1502.587 1506.271 1511.042 1515.813 1520.584 1525.799 1532.68 1539.562 1546.444 1553.326 1559.943 1566.437 1572.931 1579.425 1585.12 1586.363 1587.606 1588.849 1590.093 1588.004 1583.902 1579.799 1575.697 1571.178
1601.331 1601.484 1601.636 1601.789 1601.761 1601.727 1601.694 1601.661 1601.521 1601.245 1600.97 1600.695 1600.419 1599.71 1598.958 1598.207 1597.456 1596.169 1594.021 1591.873 1589.725 1587.577 1582.142 1576.151 1570.159 1564.168 1557.345 1548.804 1540.262 1531.722 1523.18 1517.673 1512.937 1508.202 1503.466 1500.128 1500.604 1501.08 1501.557 1502.033 1505.232 1509.392 1513.552 1517.711 1522.34 1528.729 1535.119 1541.508 1547.898 1554.082 1560.171 1566.259 1572.347 1577.618 1578.337 1579.056 1579.774 1580.493 1578.079 1573.771 1569.463 1565.155 1560.542
1601.217 1601.343 1601.468 1601.593 1601.559 1601.521 1601.482 1601.443 1601.279 1600.955 1600.631 1600.307 1599.983 1598.943 1597.835 1596.727 1595.619 1593.725 1590.571 1587.417 1584.263 1581.109 1575.048 1568.494 1561.94 1555.386 1548.533 1541.063 1533.592 1526.122 1518.652 1514.12 1510.337 1506.553 1502.769 1500.093 1500.439 1500.786 1501.132 1501.479 1504.192 1507.741 1511.29 1514.839 1518.881 1524.778 1530.675 1536.573 1542.47 1548.221 1553.904 1559.587 1565.269 1570.117 1570.311 1570.505 1570.699 1570.893 1568.153 1563.639 1559.126 1554.612 1549.905
1601.103 1601.202 1601.3 1601.398 1601.358 1601.314 1601.27 1601.226 1601.037 1600.664 1600.291 1599.919 1599.546 1598.176 1596.711 1595.246 1593.781 1591.281 1587.121 1582.961 1578.801 1574.641 1567.953 1560.837 1553.721 1546.604 1539.722 1533.322 1526.923 1520.523 1514.124 1510.568 1507.736 1504.904 1502.073 1500.058 1500.275 1500.491 1500.708 1500.925 1503.153 1506.09 1509.028 1511.966 1515.422 1520.827 1526.232 1531.637 1537.042 1542.36 1547.637 1552.915 1558.192 1562.615 1562.285 1561.954 1561.624 1561.293 1558.227 1553.508 1548.789 1544.07 1539.268
1600.995 1601.069 1601.142 1601.216 1601.167 1601.115 1601.062 1601.01 1600.794 1600.371 1599.947 1599.524 1599.101 1597.369 1595.512 1593.656 1591.799 1588.674 1583.515 1578.356 1573.197 1568.038 1560.819 1553.251 1545.683 1538.114 1531.267 1525.911 1520.556 1515.2 1509.844 1507.216 1505.282 1503.349 1501.415 1500.026 1500.122 1500.218 1500.315 1500.411 1502.169 1504.515 1506.86 1509.206 1512.089 1516.993 1521.898 1526.802 1531.707 1536.554 1541.376 1546.197 1551.018 1554.979 1554.151 1553.323 1552.495 1551.668 1548.338 1543.496 1538.653 1533.811 1528.99
1600.946 1601.02 1601.093 1601.167 1601.081 1600.991 1600.901 1600.811 1600.542 1600.049 1599.555 1599.062 1598.568 1596.139 1593.525 1590.911 1588.297 1584.351 1578.267 1572.183 1566.1 1560.016 1553.269 1546.409 1539.549 1532.689 1526.567 1521.968 1517.369 1512.77 1508.172 1505.964 1504.366 1502.768 1501.17 1500.02 1500.095 1500.169 1500.244 1500.318 1501.78 1503.73 1505.681 1507.631 1510.079 1514.394 1518.709 1523.024 1527.339 1531.328 1535.165 1539.002 1542.839 1545.933 1544.895 1543.856 1542.817 1541.778 1538.831 1534.729 1530.628 1526.526 1522.474
1600.897 1600.971 1601.044 1601.118 1600.996 1600.868 1600.74 1600.611 1600.291 1599.727 1599.163 1598.599 1598.036 1594.909 1591.538 1588.167 1584.796 1580.028 1573.019 1566.011 1559.002 1551.994 1545.718 1539.567 1533.415 1527.264 1521.866 1518.024 1514.182 1510.341 1506.499 1504.713 1503.45 1502.187 1500.924 1500.014 1500.067 1500.12 1500.173 1500.226 1501.39 1502.946 1504.501 1506.057 1508.069 1511.794 1515.52 1519.245 1522.971 1526.102 1528.954 1531.807 1534.659 1536.888 1535.638 1534.388 1533.138 1531.889 1529.323 1525.963 1522.603 1519.242 1515.959
1600.848 1600.922 1600.995 1601.069 1600.91 1600.744 1600.578 1600.412 1600.039 1599.405 1598.771 1598.137 1597.503 1593.678 1589.55 1585.422 1581.294 1575.704 1567.771 1559.838 1551.904 1543.971 1538.167 1532.724 1527.281 1521.839 1517.165 1514.08 1510.996 1507.911 1504.827 1503.462 1502.534 1501.606 1500.679 1500.008 1500.04 1500.071 1500.102 1500.134 1501.0 1502.161 1503.322 1504.483 1506.059 1509.195 1512.331 1515.467 1518.603 1520.875 1522.743 1524.612 1526.48 1527.841 1526.381 1524.92 1523.459 1521.999 1519.816 1517.196 1514.577 1511.957 1509.443
1600.799 1600.873 1600.946 1601.02 1600.824 1600.62 1600.417 1600.213 1599.788 1599.083 1598.379 1597.674 1596.97 1592.448 1587.563 1582.677 1577.792 1571.381 1562.523 1553.665 1544.807 1535.948 1530.617 1525.882 1521.148 1516.413 1512.464 1510.137 1507.809 1505.482 1503.155 1502.21 1501.618 1501.026 1500.433 1500.003 1500.012 1500.022 1500.032 1500.042 1500.61 1501.376 1502.143 1502.909 1504.049 1506.595 1509.142 1511.688 1514.235 1515.649 1516.533 1517.417 1518.301 1518.796 1517.124 1515.452 1513.781 1512.109 1510.308 1508.43 1506.551 1504.673 1502.927
1600.818 1600.838 1600.858 1600.878 1600.673 1600.461 1600.249 1600.037 1599.623 1598.952 1598.282 1597.611 1596.941 1592.473 1587.644 1582.814 1577.985 1571.676 1562.995 1554.315 1545.634 1536.952 1532.143 1527.989 1523.835 1519.681 1516.122 1513.792 1511.462 1509.133 1506.803 1505.48 1504.413 1503.345 1502.278 1501.413 1501.101 1500.788 1500.475 1500.162 1500.452 1500.955 1501.457 1501.959 1502.783 1504.811 1506.839 1508.868 1510.896 1511.799 1512.175 1512.551 1512.927 1513.008 1511.441 1509.874 1508.307 1506.741 1505.304 1503.946 1502.588 1501.23 1500.0
1600.892 1600.815 1600.738 1600.66 1600.468 1600.273 1600.077 1599.881 1599.528 1598.977 1598.425 1597.874 1597.322 1593.522 1589.411 1585.302 1581.192 1575.739 1568.134 1560.53 1552.925 1545.32 1541.073 1537.395 1533.717 1530.039 1526.598 1523.647 1520.695 1517.743 1514.792 1512.437 1510.234 1508.031 1505.828 1503.98 1503.099 1502.219 1501.338 1500.458 1500.483 1500.829 1501.174 1501.52 1502.123 1503.691 1505.26 1506.829 1508.398 1509.073 1509.33 1509.587 1509.844 1509.879 1508.674 1507.47 1506.266 1505.061 1503.973 1502.956 1501.939 1500.921 1500.0
1600.967 1600.792 1600.617 1600.443 1600.263 1600.084 1599.905 1599.725 1599.434 1599.001 1598.569 1598.136 1597.704 1594.57 1591.18 1587.789 1584.398 1579.802 1573.274 1566.745 1560.217 1553.688 1550.004 1546.802 1543.6 1540.398 1537.075 1533.501 1529.928 1526.354 1522.781 1519.394 1516.056 1512.717 1509.379 1506.547 1505.098 1503.65 1502.201 1500.753 1500.514 1500.703 1500.892 1501.081 1501.463 1502.572 1503.681 1504.79 1505.899 1506.346 1506.484 1506.623 1506.761 1506.75 1505.908 1505.066 1504.223 1503.381 1502.642 1501.966 1501.289 1500.613 1500.0
1601.041 1600.769 1600.497 1600.225 1600.059 1599.896 1599.732 1599.569 1599.34 1599.026 1598.713 1598.399 1598.085 1595.619 1592.948 1590.276 1587.605 1583.865 1578.413 1572.961 1567.509 1562.056 1558.935 1556.209 1553.483 1550.757 1547.552 1543.356 1539.161 1534.965 1530.77 1526.352 1521.877 1517.403 1512.929 1509.113 1507.097 1505.081 1503.064 1501.048 1500.545 1500.577 1500.609 1500.641 1500.803 1501.452 1502.101 1502.751 1503.4 1503.62 1503.639 1503.658 1503.677 1503.621 1503.141 1502.661 1502.181 1501.702 1501.312 1500.976 1500.64 1500.304 1500.0
1601.119 1600.748 1600.376 1600.005 1599.849 1599.699 1599.549 1599.399 1599.23 1599.038 1598.846 1598.653 1598.461 1596.659 1594.703 1592.748 1590.792 1587.906 1583.526 1579.147 1574.767 1570.388 1567.828 1565.577 1563.326 1561.075 1557.993 1553.193 1548.393 1543.593 1538.793 1533.356 1527.757 1522.157 1516.558 1511.764 1509.167 1506.571 1503.974 1501.378 1500.604 1500.474 1500.344 1500.214 1500.152 1500.348 1500.543 1500.739 1500.934 1500.93 1500.832 1500.734 1500.637 1500.535 1500.413 1500.291 1500.168 1500.046 1500.0 1500.0 1500.0 1500.0 1500.0
1601.432 1600.828 1600.224 1599.62 1599.273 1598.934 1598.595 1598.255 1598.101 1598.179 1598.257 1598.335 1598.413 1597.083 1595.62 1594.157 1592.693 1590.428 1586.876 1583.324 1579.772 1576.22 1574.132 1572.292 1570.451 1568.611 1565.997 1561.781 1557.565 1553.349 1549.133 1543.513 1537.535 1531.557 1525.579 1520.128 1516.115 1512.101 1508.088 1504.074 1502.547 1501.898 1501.249 1500.599 1500.118 1500.271 1500.423 1500.575 1500.728 1500.724 1500.648 1500.572 1500.496 1500.417 1500.322 1500.226 1500.131 1500.036 1500.0 1500.0 1500.0 1500.0 1500.0
1601.744 1600.908 1600.071 1599.235 1598.697 1598.169 1597.64 1597.112 1596.971 1597.319 1597.668 1598.016 1598.365 1597.508 1596.537 1595.566 1594.595 1592.95 1590.226 1587.501 1584.777 1582.052 1580.435 1579.006 1577.577 1576.148 1574.001 1570.369 1566.737 1563.105 1559.474 1553.67 1547.314 1540.957 1534.601 1528.493 1523.062 1517.632 1512.201 1506.771 1504.49 1503.322 1502.153 1500.985 1500.085 1500.194 1500.303 1500.412 1500.521 1500.519 1500.464 1500.41 1500.355 1500.298 1500.23 1500.162 1500.094 1500.026 1500.0 1500.0 1500.0 1500.0 1500.0
1602.057 1600.988 1599.919 1598.85 1598.122 1597.404 1596.686 1595.968 1595.841 1596.46 1597.079 1597.698 1598.317 1597.933 1597.454 1596.975 1596.496 1595.472 1593.575 1591.678 1589.781 1587.884 1586.739 1585.721 1584.703 1583.685 1582.005 1578.957 1575.909 1572.862 1569.814 1563.827 1557.092 1550.357 1543.622 1536.857 1530.01 1523.162 1516.315 1509.467 1506.433 1504.746 1503.058 1501.37 1500.051 1500.117 1500.183 1500.249 1500.314 1500.313 1500.28 1500.247 1500.214 1500.18 1500.139 1500.098 1500.057 1500.016 1500.0 1500.0 1500.0 1500.0 1500.0
1602.369 1601.068 1599.766 1598.464 1597.546 1596.639 1595.732 1594.825 1594.712 1595.601 1596.49 1597.38 1598.269 1598.358 1598.371 1598.384 1598.397 1597.995 1596.925 1595.855 1594.786 1593.716 1593.042 1592.435 1591.828 1591.221 1590.009 1587.545 1585.082 1582.618 1580.154 1573.984 1566.871 1559.757 1552.644 1545.222 1536.957 1528.693 1520.428 1512.164 1508.377 1506.17 1503.963 1501.756 1500.018 1500.04 1500.063 1500.085 1500.108 1500.107 1500.096 1500.085 1500.073 1500.062 1500.048 1500.034 1500.019 1500.005 1500.0 1500.0 1500.0 1500.0 1500.0
1603.288 1601.643 1599.997 1598.352 1597.001 1595.659 1594.317 1592.975 1592.702 1593.779 1594.856 1595.933 1597.01 1597.579 1598.1 1598.62 1599.141 1599.255 1598.715 1598.175 1597.636 1597.096 1596.718 1596.367 1596.016 1595.664 1594.793 1592.846 1590.899 1588.953 1587.006 1581.169 1574.341 1567.514 1560.687 1553.193 1543.882 1534.57 1525.258 1515.947 1511.346 1508.408 1505.47 1502.532 1500.201 1500.155 1500.108 1500.061 1500.015 1500.0 1500.0 1500.0 1500.0 1500.0 1500.0 1500.0 1500.0 1500.0 1500.0 1500.0 1500.0 1500.0 1500.0
1604.868 1602.758 1600.647 1598.537 1596.49 1594.445 1592.399 1590.354 1589.732 1590.906 1592.081 1593.255 1594.429 1595.486 1596.531 1597.577 1598.622 1599.138 1598.803 1598.469 1598.135 1597.801 1597.527 1597.262 1596.997 1596.733 1596.064 1594.561 1593.058 1591.554 1590.051 1585.11 1579.294 1573.478 1567.662 1560.737 1550.781 1540.826 1530.871 1520.916 1515.435 1511.535 1507.634 1503.733 1500.621 1500.478 1500.334 1500.19 1500.046 1500.0 1500.0 1500.0 1500.0 1500.0 1500.0 1500.0 1500.0 1500.0 1500.0 1500.0 1500.0 1500.0 1500.0
1606.449 1603.873 1601.298 1598.722 1595.979 1593.23 1590.482 1587.734 1586.762 1588.034 1589.306 1590.577 1591.849 1593.393 1594.963 1596.533 1598.103 1599.021 1598.892 1598.763 1598.635 1598.506 1598.335 1598.157 1597.979 1597.801 1597.336 1596.276 1595.216 1594.156 1593.096 1589.051 1584.247 1579.442 1574.638 1568.28 1557.681 1547.082 1536.483 1525.884 1519.525 1514.661 1509.798 1504.934 1501.042 1500.801 1500.559 1500.318 1500.077 1500.0 1500.0 1500.0 1500.0 1500.0 1500.0 1500.0 1500.0 1500.0 1500.0 1500.0 1500.0 1500.0 1500.0
1608.029 1604.988 1601.948 1598.907 1595.467 1592.016 1588.565 1585.113 1583.793 1585.162 1586.531 1587.9 1589.269 1591.3 1593.395 1595.489 1597.584 1598.904 1598.98 1599.057 1599.134 1599.211 1599.144 1599.053 1598.961 1598.87 1598.607 1597.991 1597.374 1596.758 1596.141 1592.993 1589.2 1585.406 1581.613 1575.823 1564.58 1553.338 1542.095 1530.853 1523.614 1517.788 1511.962 1506.135 1501.462 1501.124 1500.785 1500.447 1500.108 1500.0 1500.0 1500.0 1500.0 1500.0 1500.0 1500.0 1500.0 1500.0 1500.0 1500.0 1500.0 1500.0 1500.0
1609.609 1606.104 1602.598 1599.092 1594.956 1590.802 1586.647 1582.493 1580.823 1582.289 1583.756 1585.222 1586.688 1589.207 1591.827 1594.446 1597.065 1598.786 1599.069 1599.351 1599.634 1599.917 1599.953 1599.948 1599.943 1599.938 1599.878 1599.705 1599.532 1599.36 1599.187 1596.934 1594.152 1591.371 1588.589 1583.366 1571.48 1559.594 1547.708 1535.822 1527.703 1520.914 1514.126 1507.337 1501.883 1501.447 1501.011 1500.575 1500.139 1500.0 1500.0 1500.0 1500.0 1500.0 1500.0 1500.0 1500.0 1500.0 1500.0 1500.0 1500.0 1500.0 1500.0
1613.534 1609.696 1605.857 1602.019 1597.107 1592.162 1587.218 1582.274 1579.599 1579.787 1579.975 1580.163 1580.351 1582.978 1585.836 1588.694 1591.553 1593.798 1595.061 1596.323 1597.585 1598.848 1599.196 1599.39 1599.584 1599.777 1599.876 1599.78 1599.684 1599.588 1599.491 1597.703 1595.484 1593.266 1591.047 1586.357 1574.923 1563.488 1552.054 1540.62 1531.957 1524.271 1516.586 1508.901 1502.699 1502.074 1501.449 1500.824 1500.199 1500.0 1500.0 1500.0 1500.0 1500.0 1500.0 1500.0 1500.0 1500.0 1500.0 1500.0 1500.0 1500.0 1500.0
1617.603 1613.44 1609.278 1605.115 1599.421 1593.682 1587.943 1582.203 1578.482 1577.307 1576.132 1574.957 1573.783 1576.493 1579.573 1582.653 1585.733 1588.51 1590.8 1593.09 1595.38 1597.67 1598.343 1598.743 1599.142 1599.541 1599.796 1599.754 1599.712 1599.669 1599.627 1598.277 1596.594 1594.91 1593.227 1589.068 1578.153 1567.238 1556.323 1545.408 1536.22 1527.643 1519.065 1510.488 1503.54 1502.721 1501.901 1501.081 1500.261 1500.0 1500.0 1500.0 1500.0 1500.0 1500.0 1500.0 1500.0 1500.0 1500.0 1500.0 1500.0 1500.0 1500.0
1621.672 1617.185 1612.698 1608.21 1601.735 1595.201 1588.667 1582.133 1577.365 1574.827 1572.29 1569.752 1567.214 1570.008 1573.31 1576.612 1579.914 1583.222 1586.54 1589.857 1593.175 1596.493 1597.49 1598.095 1598.7 1599.304 1599.716 1599.728 1599.74 1599.751 1599.763 1598.851 1597.703 1596.555 1595.407 1591.779 1581.383 1570.987 1560.591 1550.196 1540.484 1531.014 1521.544 1512.074 1504.381 1503.367 1502.352 1501.338 1500.323 1500.0 1500.0 1500.0 1500.0 1500.0 1500.0 1500.0 1500.0 1500.0 1500.0 1500.0 1500.0 1500.0 1500.0
