data/zism_data/00821_04_D.txt
ncols         224
nrows         224
[rows 140 to 167 of 224, columns 130 to 194 of 224]
1496.375 1493.184 1489.992 1486.801 1483.609 1477.794 1471.729 1465.665 1459.6 1452.847 1444.956 1437.064 1429.173 1421.281 1416.93 1413.249 1409.568 1405.887 1403.147 1402.554 1401.96 1401.367 1400.774 1401.49 1402.6 1403.71 1404.82 1406.111 1407.999 1409.887 1411.775 1413.662 1414.273 1414.325 1414.377 1414.429 1414.3 1413.217 1412.134 1411.051 1409.968 1408.798 1407.576 1406.353 1405.131 1403.937 1403.052 1402.167 1401.283 1400.398 1400.0 1400.0 1400.0 1400.0 1400.0 1400.0 1400.0 1400.0 1400.0 1400.0 1400.0 1400.0 1400.0 1400.0 1400.0
1497.097 1494.202 1491.307 1488.413 1485.518 1479.606 1473.406 1467.206 1461.007 1454.182 1446.323 1438.464 1430.605 1422.746 1418.44 1414.808 1411.176 1407.544 1404.738 1403.821 1402.904 1401.987 1401.07 1401.387 1402.076 1402.765 1403.454 1404.306 1405.697 1407.088 1408.479 1409.87 1410.356 1410.446 1410.536 1410.625 1410.573 1409.771 1408.969 1408.166 1407.364 1406.478 1405.542 1404.605 1403.669 1402.76 1402.14 1401.519 1400.899 1400.279 1400.0 1400.0 1400.0 1400.0 1400.0 1400.0 1400.0 1400.0 1400.0 1400.0 1400.0 1400.0 1400.0 1400.0 1400.0
1497.818 1495.22 1492.623 1490.025 1487.427 1481.417 1475.083 1468.748 1462.413 1455.516 1447.69 1439.863 1432.037 1424.21 1419.951 1416.367 1412.784 1409.2 1406.33 1405.089 1403.848 1402.607 1401.365 1401.283 1401.551 1401.819 1402.087 1402.5 1403.395 1404.289 1405.183 1406.078 1406.439 1406.566 1406.694 1406.822 1406.846 1406.324 1405.803 1405.281 1404.76 1404.158 1403.508 1402.858 1402.208 1401.583 1401.227 1400.871 1400.516 1400.16 1400.0 1400.0 1400.0 1400.0 1400.0 1400.0 1400.0 1400.0 1400.0 1400.0 1400.0 1400.0 1400.0 1400.0 1400.0
1498.539 1496.239 1493.938 1491.637 1489.337 1483.229 1476.76 1470.29 1463.82 1456.851 1449.057 1441.263 1433.469 1425.675 1421.461 1417.926 1414.391 1410.857 1407.921 1406.356 1404.791 1403.226 1401.661 1401.18 1401.027 1400.874 1400.721 1400.695 1401.093 1401.49 1401.888 1402.285 1402.521 1402.687 1402.852 1403.018 1403.119 1402.878 1402.637 1402.396 1402.156 1401.838 1401.474 1401.11 1400.746 1400.406 1400.315 1400.223 1400.132 1400.041 1400.0 1400.0 1400.0 1400.0 1400.0 1400.0 1400.0 1400.0 1400.0 1400.0 1400.0 1400.0 1400.0 1400.0 1400.0
1498.887 1497.015 1495.143 1493.271 1491.399 1485.919 1480.095 1474.271 1468.447 1461.979 1454.449 1446.919 1439.389 1431.859 1427.358 1423.431 1419.505 1415.578 1412.211 1410.122 1408.033 1405.945 1403.856 1402.888 1402.26 1401.631 1401.002 1400.566 1400.771 1400.976 1401.181 1401.386 1401.546 1401.685 1401.825 1401.965 1402.057 1401.897 1401.737 1401.578 1401.418 1401.196 1400.937 1400.677 1400.418 1400.178 1400.138 1400.098 1400.058 1400.018 1400.0 1400.0 1400.0 1400.0 1400.0 1400.0 1400.0 1400.0 1400.0 1400.0 1400.0 1400.0 1400.0 1400.0 1400.0
1499.165 1497.746 1496.328 1494.909 1493.49 1488.774 1483.744 1478.714 1473.684 1467.827 1460.605 1453.382 1446.16 1438.937 1434.086 1429.684 1425.283 1420.881 1417.012 1414.362 1411.712 1409.061 1406.411 1404.94 1403.825 1402.71 1401.595 1400.755 1400.825 1400.895 1400.965 1401.035 1401.127 1401.229 1401.331 1401.433 1401.5 1401.384 1401.267 1401.151 1401.034 1400.872 1400.683 1400.494 1400.305 1400.13 1400.1 1400.071 1400.042 1400.013 1400.0 1400.0 1400.0 1400.0 1400.0 1400.0 1400.0 1400.0 1400.0 1400.0 1400.0 1400.0 1400.0 1400.0 1400.0
1499.442 1498.477 1497.512 1496.547 1495.582 1491.63 1487.393 1483.157 1478.921 1473.675 1466.76 1459.845 1452.931 1446.016 1440.814 1435.938 1431.061 1426.184 1421.814 1418.602 1415.39 1412.178 1408.966 1406.992 1405.391 1403.79 1402.189 1400.944 1400.879 1400.814 1400.749 1400.684 1400.709 1400.773 1400.837 1400.901 1400.944 1400.87 1400.797 1400.724 1400.651 1400.549 1400.43 1400.311 1400.192 1400.082 1400.063 1400.045 1400.026 1400.008 1400.0 1400.0 1400.0 1400.0 1400.0 1400.0 1400.0 1400.0 1400.0 1400.0 1400.0 1400.0 1400.0 1400.0 1400.0
1499.719 1499.208 1498.696 1498.185 1497.673 1494.485 1491.043 1487.6 1484.157 1479.522 1472.916 1466.308 1459.702 1453.095 1447.543 1442.191 1436.839 1431.487 1426.615 1422.842 1419.068 1415.295 1411.521 1409.043 1406.956 1404.87 1402.783 1401.134 1400.933 1400.734 1400.533 1400.333 1400.291 1400.317 1400.344 1400.37 1400.387 1400.357 1400.327 1400.297 1400.267 1400.225 1400.176 1400.127 1400.079 1400.033 1400.026 1400.018 1400.011 1400.003 1400.0 1400.0 1400.0 1400.0 1400.0 1400.0 1400.0 1400.0 1400.0 1400.0 1400.0 1400.0 1400.0 1400.0 1400.0
1499.913 1499.721 1499.528 1499.335 1499.143 1496.547 1493.722 1490.897 1488.073 1483.955 1477.701 1471.446 1465.191 1458.936 1453.16 1447.474 1441.788 1436.102 1430.873 1426.688 1422.502 1418.317 1414.131 1411.245 1408.751 1406.257 1403.763 1401.755 1401.358 1400.961 1400.563 1400.166 1400.038 1400.028 1400.018 1400.008 1400.0 1400.0 1400.0 1400.0 1400.0 1400.0 1400.0 1400.0 1400.0 1400.0 1400.0 1400.0 1400.0 1400.0 1400.0 1400.0 1400.0 1400.0 1400.0 1400.0 1400.0 1400.0 1400.0 1400.007 1400.022 1400.037 1400.051 1400.066 1400.137
1499.918 1499.736 1499.555 1499.373 1499.191 1496.793 1494.184 1491.576 1488.967 1485.155 1479.354 1473.553 1467.752 1461.95 1456.237 1450.54 1444.844 1439.147 1433.889 1429.634 1425.378 1421.122 1416.866 1413.789 1411.069 1408.348 1405.627 1403.367 1402.629 1401.891 1401.154 1400.416 1400.162 1400.12 1400.078 1400.036 1400.0 1400.0 1400.0 1400.0 1400.0 1400.0 1400.0 1400.0 1400.0 1400.0 1400.0 1400.0 1400.0 1400.0 1400.0 1400.0 1400.0 1400.0 1400.0 1400.0 1400.0 1400.0 1400.0 1400.03 1400.094 1400.157 1400.22 1400.284 1400.586
1499.923 1499.752 1499.581 1499.41 1499.239 1497.039 1494.647 1492.254 1489.861 1486.355 1481.007 1475.66 1470.312 1464.964 1459.314 1453.607 1447.9 1442.192 1436.905 1432.579 1428.253 1423.927 1419.601 1416.334 1413.387 1410.439 1407.492 1404.978 1403.9 1402.822 1401.745 1400.667 1400.287 1400.212 1400.137 1400.063 1400.0 1400.0 1400.0 1400.0 1400.0 1400.0 1400.0 1400.0 1400.0 1400.0 1400.0 1400.0 1400.0 1400.0 1400.0 1400.0 1400.0 1400.0 1400.0 1400.0 1400.0 1400.0 1400.0 1400.054 1400.166 1400.278 1400.39 1400.502 1401.036
1499.928 1499.768 1499.608 1499.447 1499.287 1497.286 1495.109 1492.932 1490.755 1487.555 1482.661 1477.766 1472.872 1467.978 1462.391 1456.673 1450.955 1445.237 1439.921 1435.525 1431.129 1426.733 1422.336 1418.879 1415.705 1412.53 1409.356 1406.589 1405.171 1403.753 1402.335 1400.917 1400.411 1400.304 1400.197 1400.09 1400.0 1400.0 1400.0 1400.0 1400.0 1400.0 1400.0 1400.0 1400.0 1400.0 1400.0 1400.0 1400.0 1400.0 1400.0 1400.0 1400.0 1400.0 1400.0 1400.0 1400.0 1400.0 1400.0 1400.077 1400.237 1400.398 1400.559 1400.719 1401.485
1499.933 1499.783 1499.634 1499.484 1499.335 1497.532 1495.571 1493.61 1491.65 1488.754 1484.314 1479.873 1475.433 1470.992 1465.469 1459.74 1454.011 1448.282 1442.937 1438.471 1434.004 1429.538 1425.071 1421.423 1418.022 1414.621 1411.22 1408.2 1406.442 1404.684 1402.926 1401.168 1400.536 1400.396 1400.257 1400.117 1400.0 1400.0 1400.0 1400.0 1400.0 1400.0 1400.0 1400.0 1400.0 1400.0 1400.0 1400.0 1400.0 1400.0 1400.0 1400.0 1400.0 1400.0 1400.0 1400.0 1400.0 1400.0 1400.0 1400.1 1400.309 1400.518 1400.728 1400.937 1401.934
1499.885 1499.631 1499.376 1499.121 1498.866 1496.903 1494.776 1492.65 1490.524 1487.593 1483.333 1479.072 1474.811 1470.55 1465.266 1459.787 1454.309 1448.83 1443.668 1439.227 1434.785 1430.344 1425.903 1422.205 1418.73 1415.256 1411.781 1408.682 1406.824 1404.967 1403.109 1401.251 1400.58 1400.429 1400.278 1400.127 1400.0 1400.0 1400.0 1400.0 1400.0 1400.0 1400.0 1400.0 1400.0 1400.0 1400.0 1400.0 1400.0 1400.0 1400.0 1400.0 1400.0 1400.0 1400.007 1400.496 1400.986 1401.475 1401.965 1402.712 1403.742 1404.771 1405.8 1406.829 1408.228
1499.823 1499.427 1499.032 1498.637 1498.242 1496.01 1493.603 1491.195 1488.788 1485.719 1481.556 1477.392 1473.229 1469.065 1464.073 1458.924 1453.775 1448.626 1443.709 1439.322 1434.934 1430.547 1426.16 1422.453 1418.952 1415.451 1411.949 1408.823 1406.938 1405.053 1403.168 1401.284 1400.601 1400.445 1400.288 1400.132 1400.0 1400.0 1400.0 1400.0 1400.0 1400.0 1400.0 1400.0 1400.0 1400.0 1400.0 1400.0 1400.0 1400.0 1400.0 1400.0 1400.0 1400.0 1400.016 1401.143 1402.269 1403.396 1404.522 1406.106 1408.188 1410.271 1412.353 1414.435 1416.287
1499.759 1499.224 1498.688 1498.153 1497.617 1495.116 1492.429 1489.741 1487.053 1483.845 1479.779 1475.713 1471.646 1467.58 1462.88 1458.061 1453.241 1448.421 1443.75 1439.416 1435.083 1430.75 1426.417 1422.702 1419.174 1415.645 1412.117 1408.964 1407.052 1405.14 1403.228 1401.316 1400.622 1400.46 1400.298 1400.136 1400.0 1400.0 1400.0 1400.0 1400.0 1400.0 1400.0 1400.0 1400.0 1400.0 1400.0 1400.0 1400.0 1400.0 1400.0 1400.0 1400.0 1400.0 1400.026 1401.789 1403.553 1405.317 1407.08 1409.5 1412.635 1415.77 1418.906 1422.041 1424.345
1499.696 1499.02 1498.344 1497.668 1496.993 1494.223 1491.255 1488.286 1485.317 1481.971 1478.002 1474.033 1470.064 1466.095 1461.688 1457.197 1452.707 1448.216 1443.79 1439.511 1435.232 1430.953 1426.674 1422.951 1419.395 1415.84 1412.285 1409.104 1407.165 1405.227 1403.288 1401.349 1400.643 1400.475 1400.308 1400.141 1400.0 1400.0 1400.0 1400.0 1400.0 1400.0 1400.0 1400.0 1400.0 1400.0 1400.0 1400.0 1400.0 1400.0 1400.0 1400.0 1400.0 1400.0 1400.035 1402.436 1404.836 1407.237 1409.638 1412.894 1417.082 1421.27 1425.458 1429.647 1432.403
1499.49 1498.621 1497.752 1496.884 1496.015 1493.021 1489.826 1486.63 1483.434 1479.982 1476.105 1472.228 1468.351 1464.474 1460.287 1456.041 1451.795 1447.548 1443.307 1439.074 1434.841 1430.609 1426.376 1422.673 1419.131 1415.589 1412.047 1408.887 1406.994 1405.101 1403.207 1401.314 1400.625 1400.462 1400.299 1400.137 1400.0 1400.0 1400.0 1400.0 1400.0 1400.0 1400.0 1400.0 1400.0 1400.0 1400.0 1400.0 1400.0 1400.0 1400.006 1400.017 1400.029 1400.04 1400.099 1403.39 1406.681 1409.971 1413.262 1417.459 1422.646 1427.832 1433.018 1438.204 1441.192
1498.811 1497.575 1496.339 1495.103 1493.867 1490.797 1487.553 1484.308 1481.064 1477.61 1473.809 1470.007 1466.206 1462.405 1458.198 1453.914 1449.63 1445.346 1441.084 1436.873 1432.662 1428.451 1424.24 1420.655 1417.258 1413.862 1410.465 1407.484 1405.877 1404.27 1402.663 1401.056 1400.48 1400.355 1400.23 1400.105 1400.0 1400.0 1400.0 1400.0 1400.0 1400.0 1400.0 1400.0 1400.0 1400.0 1400.0 1400.0 1400.0 1400.0 1400.033 1400.093 1400.153 1400.213 1400.344 1405.363 1410.382 1415.4 1420.419 1425.908 1431.909 1437.911 1443.912 1449.914 1452.4
1498.132 1496.528 1494.925 1493.322 1491.719 1488.573 1485.28 1481.987 1478.694 1475.238 1471.512 1467.787 1464.061 1460.335 1456.108 1451.787 1447.465 1443.143 1438.862 1434.672 1430.483 1426.293 1422.104 1418.635 1415.385 1412.134 1408.883 1406.08 1404.76 1403.439 1402.118 1400.797 1400.335 1400.247 1400.16 1400.073 1400.0 1400.0 1400.0 1400.0 1400.0 1400.0 1400.0 1400.0 1400.0 1400.0 1400.0 1400.0 1400.0 1400.0 1400.06 1400.168 1400.277 1400.385 1400.59 1407.336 1414.083 1420.829 1427.576 1434.356 1441.173 1447.99 1454.807 1461.624 1463.608
1497.452 1495.482 1493.511 1491.541 1489.571 1486.348 1483.007 1479.666 1476.324 1472.866 1469.216 1465.566 1461.916 1458.266 1454.019 1449.66 1445.3 1440.94 1436.639 1432.472 1428.304 1424.136 1419.968 1416.617 1413.512 1410.407 1407.302 1404.677 1403.642 1402.608 1401.573 1400.539 1400.189 1400.14 1400.091 1400.042 1400.0 1400.0 1400.0 1400.0 1400.0 1400.0 1400.0 1400.0 1400.0 1400.0 1400.0 1400.0 1400.0 1400.0 1400.087 1400.244 1400.401 1400.558 1400.835 1409.31 1417.784 1426.258 1434.733 1442.804 1450.437 1458.069 1465.701 1473.333 1474.815
1496.773 1494.435 1492.098 1489.76 1487.423 1484.124 1480.734 1477.344 1473.954 1470.494 1466.92 1463.345 1459.771 1456.196 1451.93 1447.532 1443.135 1438.738 1434.417 1430.271 1426.124 1421.978 1417.832 1414.598 1411.638 1408.679 1405.72 1403.274 1402.525 1401.777 1401.028 1400.28 1400.044 1400.033 1400.021 1400.01 1400.0 1400.0 1400.0 1400.0 1400.0 1400.0 1400.0 1400.0 1400.0 1400.0 1400.0 1400.0 1400.0 1400.0 1400.113 1400.319 1400.525 1400.73 1401.081 1411.283 1421.485 1431.687 1441.89 1451.253 1459.7 1468.148 1476.595 1485.043 1486.023
1494.713 1492.121 1489.529 1486.937 1484.345 1481.045 1477.678 1474.31 1470.943 1467.465 1463.805 1460.144 1456.484 1452.823 1448.581 1444.228 1439.876 1435.523 1431.275 1427.263 1423.251 1419.239 1415.227 1412.306 1409.714 1407.122 1404.531 1402.41 1401.85 1401.29 1400.73 1400.17 1400.0 1400.0 1400.0 1400.0 1400.0 1400.0 1400.0 1400.0 1400.0 1400.0 1400.0 1400.0 1400.0 1400.0 1400.0 1400.0 1400.0 1400.0 1400.214 1400.604 1400.993 1401.383 1401.921 1412.547 1423.174 1433.801 1444.427 1454.032 1462.521 1471.01 1479.499 1487.989 1489.232
1492.049 1489.252 1486.454 1483.657 1480.86 1477.591 1474.278 1470.965 1467.652 1464.148 1460.331 1456.514 1452.697 1448.88 1444.681 1440.409 1436.138 1431.866 1427.73 1423.902 1420.073 1416.245 1412.416 1409.895 1407.767 1405.64 1403.513 1401.783 1401.368 1400.954 1400.54 1400.126 1400.0 1400.0 1400.0 1400.0 1400.0 1400.0 1400.0 1400.0 1400.0 1400.0 1400.0 1400.0 1400.0 1400.0 1400.0 1400.0 1400.0 1400.0 1400.348 1400.981 1401.613 1402.246 1403.021 1413.502 1423.983 1434.464 1444.945 1454.331 1462.523 1470.715 1478.907 1487.1 1488.941
1489.385 1486.382 1483.38 1480.377 1477.375 1474.138 1470.879 1467.62 1464.36 1460.832 1456.858 1452.884 1448.911 1444.937 1440.781 1436.59 1432.4 1428.209 1424.185 1420.54 1416.896 1413.251 1409.606 1407.484 1405.821 1404.158 1402.495 1401.155 1400.887 1400.618 1400.35 1400.082 1400.0 1400.0 1400.0 1400.0 1400.0 1400.0 1400.0 1400.0 1400.0 1400.0 1400.0 1400.0 1400.0 1400.0 1400.0 1400.0 1400.0 1400.0 1400.482 1401.358 1402.233 1403.109 1404.121 1414.456 1424.791 1435.126 1445.462 1454.63 1462.525 1470.42 1478.315 1486.211 1488.651
1486.721 1483.513 1480.305 1477.098 1473.89 1470.685 1467.479 1464.274 1461.069 1457.515 1453.385 1449.254 1445.124 1440.994 1436.881 1432.771 1428.662 1424.552 1420.64 1417.179 1413.718 1410.257 1406.796 1405.072 1403.874 1402.675 1401.477 1400.527 1400.405 1400.282 1400.16 1400.037 1400.0 1400.0 1400.0 1400.0 1400.0 1400.0 1400.0 1400.0 1400.0 1400.0 1400.0 1400.0 1400.0 1400.0 1400.0 1400.0 1400.0 1400.0 1400.616 1401.734 1402.853 1403.971 1405.221 1415.41 1425.6 1435.789 1445.979 1454.929 1462.527 1470.125 1477.723 1485.322 1488.36
1483.774 1480.409 1477.044 1473.68 1470.315 1467.134 1463.969 1460.805 1457.641 1454.072 1449.832 1445.593 1441.353 1437.114 1433.075 1429.075 1425.075 1421.075 1417.303 1414.054 1410.805 1407.556 1404.307 1402.952 1402.168 1401.385 1400.602 1400.0 1400.0 1400.0 1400.0 1400.0 1400.0 1400.0 1400.0 1400.0 1400.0 1400.0 1400.0 1400.0 1400.0 1400.0 1400.0 1400.0 1400.0 1400.0 1400.0 1400.0 1400.0 1400.0 1400.707 1401.991 1403.275 1404.559 1405.967 1415.783 1425.599 1435.416 1445.232 1453.856 1461.181 1468.505 1475.83 1483.155 1486.926
1479.335 1476.068 1472.8 1469.533 1466.265 1463.067 1459.876 1456.685 1453.494 1449.96 1445.861 1441.762 1437.663 1433.564 1429.766 1426.025 1422.284 1418.543 1415.062 1412.175 1409.287 1406.4 1403.512 1402.362 1401.735 1401.108 1400.481 1400.0 1400.0 1400.0 1400.0 1400.0 1400.0 1400.0 1400.0 1400.0 1400.0 1400.0 1400.0 1400.0 1400.0 1400.0 1400.0 1400.0 1400.0 1400.0 1400.0 1400.0 1400.0 1400.0 1400.573 1401.614 1402.655 1403.696 1404.842 1413.087 1421.332 1429.577 1437.822 1445.554 1452.728 1459.901 1467.074 1474.248 1479.465
