data/zism_data/00824_04_D.txt
ncols         224
nrows         224
[rows 196 to 223 of 224, columns 126 to 188 of 224]
1101.605 1102.255 1102.904 1103.554 1104.331 1105.127 1105.923 1106.718 1107.693 1109.005 1110.316 1111.628 1112.939 1116.008 1119.446 1122.885 1126.324 1131.074 1138.824 1146.573 1154.323 1162.072 1168.637 1174.872 1181.107 1187.342 1192.172 1193.02 1193.868 1194.715 1195.563 1195.507 1195.132 1194.758 1194.383 1194.175 1194.567 1194.958 1195.35 1195.742 1193.596 1190.34 1187.084 1183.828 1179.476 1169.916 1160.356 1150.795 1141.235 1134.047 1128.126 1122.205 1116.283 1110.917 1109.252 1107.587 1105.921 1104.256 1103.337 1102.897 1102.457 1102.017 1101.6
1102.019 1102.833 1103.646 1104.46 1105.43 1106.423 1107.417 1108.41 1109.618 1111.229 1112.84 1114.451 1116.062 1119.658 1123.672 1127.685 1131.699 1136.931 1144.949 1152.968 1160.986 1169.004 1174.925 1180.263 1185.601 1190.938 1194.928 1195.098 1195.267 1195.437 1195.606 1195.322 1194.878 1194.433 1193.989 1193.731 1194.145 1194.558 1194.972 1195.386 1193.125 1189.694 1186.264 1182.833 1178.388 1169.128 1159.868 1150.608 1141.348 1134.219 1128.227 1122.235 1116.243 1110.803 1109.045 1107.286 1105.528 1103.769 1102.844 1102.455 1102.065 1101.676 1101.308
1102.061 1102.939 1103.818 1104.697 1105.884 1107.116 1108.349 1109.581 1111.055 1112.981 1114.907 1116.833 1118.76 1122.567 1126.771 1130.975 1135.178 1140.424 1148.051 1155.678 1163.305 1170.932 1176.427 1181.331 1186.234 1191.137 1194.791 1194.906 1195.021 1195.137 1195.252 1194.917 1194.424 1193.931 1193.437 1193.121 1193.443 1193.764 1194.085 1194.406 1191.483 1187.139 1182.795 1178.452 1173.269 1164.101 1154.934 1145.766 1136.598 1129.923 1124.578 1119.233 1113.887 1109.041 1107.527 1106.013 1104.5 1102.985 1102.209 1101.906 1101.604 1101.302 1101.016
1102.102 1103.046 1103.99 1104.935 1106.337 1107.809 1109.28 1110.752 1112.491 1114.733 1116.974 1119.215 1121.457 1125.476 1129.87 1134.264 1138.658 1143.917 1151.153 1158.388 1165.624 1172.86 1177.93 1182.398 1186.867 1191.335 1194.654 1194.715 1194.776 1194.837 1194.898 1194.513 1193.97 1193.428 1192.886 1192.511 1192.74 1192.969 1193.198 1193.427 1189.84 1184.583 1179.327 1174.07 1168.15 1159.074 1149.999 1140.924 1131.848 1125.627 1120.929 1116.23 1111.531 1107.28 1106.01 1104.741 1103.471 1102.202 1101.574 1101.358 1101.143 1100.927 1100.724
1102.144 1103.153 1104.162 1105.172 1106.791 1108.502 1110.212 1111.923 1113.928 1116.484 1119.041 1121.597 1124.154 1128.385 1132.97 1137.554 1142.138 1147.41 1154.254 1161.099 1167.943 1174.788 1179.433 1183.466 1187.5 1191.534 1194.517 1194.523 1194.53 1194.537 1194.543 1194.108 1193.517 1192.926 1192.334 1191.901 1192.038 1192.175 1192.311 1192.448 1188.198 1182.028 1175.858 1169.689 1163.03 1154.047 1145.064 1136.082 1127.098 1121.331 1117.279 1113.227 1109.175 1105.518 1104.493 1103.468 1102.443 1101.418 1100.939 1100.81 1100.682 1100.553 1100.432
1102.185 1103.26 1104.334 1105.409 1107.245 1109.194 1111.144 1113.094 1115.364 1118.236 1121.108 1123.979 1126.851 1131.295 1136.069 1140.843 1145.618 1150.903 1157.356 1163.809 1170.262 1176.716 1180.935 1184.534 1188.133 1191.732 1194.38 1194.332 1194.284 1194.236 1194.189 1193.703 1193.063 1192.423 1191.783 1191.292 1191.336 1191.38 1191.424 1191.468 1186.555 1179.472 1172.39 1165.308 1157.911 1149.02 1140.13 1131.239 1122.349 1117.035 1113.63 1110.224 1106.819 1103.756 1102.976 1102.195 1101.415 1100.634 1100.304 1100.262 1100.221 1100.179 1100.14
1101.974 1102.969 1103.965 1104.96 1106.796 1108.758 1110.72 1112.682 1114.98 1117.909 1120.838 1123.767 1126.696 1131.11 1135.836 1140.562 1145.289 1150.428 1156.509 1162.591 1168.673 1174.755 1178.831 1182.349 1185.868 1189.387 1192.086 1192.463 1192.84 1193.217 1193.594 1193.189 1192.509 1191.828 1191.148 1190.606 1190.56 1190.515 1190.469 1190.424 1185.681 1178.882 1172.083 1165.284 1158.22 1149.898 1141.577 1133.255 1124.933 1119.732 1116.197 1112.661 1109.125 1105.919 1104.907 1103.895 1102.883 1101.87 1101.307 1101.032 1100.757 1100.482 1100.226
1101.532 1102.315 1103.099 1103.882 1105.52 1107.286 1109.053 1110.819 1112.928 1115.677 1118.427 1121.176 1123.926 1128.089 1132.549 1137.009 1141.469 1146.315 1152.043 1157.772 1163.501 1169.229 1173.42 1177.183 1180.946 1184.709 1187.815 1189.056 1190.297 1191.538 1192.779 1192.576 1191.862 1191.149 1190.436 1189.849 1189.717 1189.585 1189.453 1189.32 1185.51 1180.092 1174.673 1169.255 1163.506 1156.189 1148.873 1141.557 1134.24 1128.84 1124.462 1120.084 1115.706 1111.68 1109.999 1108.319 1106.638 1104.958 1103.812 1103.01 1102.208 1101.405 1100.66
1101.09 1101.661 1102.232 1102.804 1104.244 1105.815 1107.386 1108.956 1110.875 1113.445 1116.016 1118.586 1121.156 1125.068 1129.261 1133.455 1137.649 1142.202 1147.578 1152.953 1158.328 1163.704 1168.009 1172.017 1176.024 1180.032 1183.543 1185.648 1187.754 1189.859 1191.964 1191.962 1191.216 1190.47 1189.725 1189.093 1188.874 1188.655 1188.436 1188.216 1185.34 1181.302 1177.264 1173.225 1168.792 1162.48 1156.169 1149.858 1143.547 1137.947 1132.727 1127.507 1122.286 1117.441 1115.092 1112.743 1110.394 1108.045 1106.317 1104.987 1103.658 1102.329 1101.094
1100.647 1101.007 1101.366 1101.726 1102.968 1104.343 1105.719 1107.094 1108.822 1111.213 1113.604 1115.995 1118.386 1122.046 1125.974 1129.901 1133.829 1138.089 1143.112 1148.134 1153.156 1158.178 1162.598 1166.85 1171.102 1175.355 1179.272 1182.241 1185.21 1188.18 1191.149 1191.348 1190.57 1189.791 1189.013 1188.337 1188.031 1187.725 1187.419 1187.113 1185.17 1182.512 1179.854 1177.196 1174.077 1168.771 1163.466 1158.16 1152.854 1147.055 1140.992 1134.93 1128.867 1123.202 1120.184 1117.167 1114.15 1111.132 1108.822 1106.965 1105.109 1103.253 1101.528
1100.205 1100.353 1100.5 1100.647 1101.692 1102.872 1104.052 1105.231 1106.769 1108.981 1111.193 1113.404 1115.616 1119.025 1122.686 1126.348 1130.009 1133.977 1138.646 1143.315 1147.984 1152.652 1157.187 1161.684 1166.18 1170.677 1175.001 1178.834 1182.667 1186.5 1190.333 1190.734 1189.923 1189.112 1188.301 1187.581 1187.188 1186.795 1186.402 1186.009 1185.0 1183.722 1182.444 1181.166 1179.363 1175.063 1170.762 1166.462 1162.161 1156.162 1149.257 1142.352 1135.448 1128.963 1125.277 1121.591 1117.905 1114.22 1111.327 1108.943 1106.56 1104.176 1101.961
1100.16 1100.275 1100.39 1100.504 1101.318 1102.237 1103.156 1104.074 1105.303 1107.112 1108.922 1110.731 1112.541 1115.489 1118.678 1121.866 1125.055 1128.568 1132.824 1137.08 1141.335 1145.591 1149.972 1154.387 1158.803 1163.218 1167.589 1171.835 1176.081 1180.328 1184.574 1185.885 1186.161 1186.438 1186.714 1186.786 1186.127 1185.467 1184.808 1184.148 1183.252 1182.251 1181.25 1180.249 1178.917 1176.008 1173.099 1170.189 1167.28 1162.073 1155.641 1149.209 1142.777 1136.591 1132.047 1127.502 1122.958 1118.414 1114.675 1111.455 1108.234 1105.014 1102.04
1100.114 1100.197 1100.279 1100.361 1100.944 1101.602 1102.26 1102.917 1103.836 1105.243 1106.65 1108.058 1109.465 1111.953 1114.669 1117.384 1120.1 1123.159 1127.002 1130.844 1134.687 1138.53 1142.757 1147.091 1151.425 1155.759 1160.177 1164.836 1169.496 1174.155 1178.814 1181.037 1182.4 1183.763 1185.126 1185.991 1185.065 1184.14 1183.214 1182.288 1181.503 1180.779 1180.056 1179.332 1178.471 1176.953 1175.435 1173.917 1172.399 1167.985 1162.025 1156.066 1150.107 1144.22 1138.817 1133.414 1128.011 1122.608 1118.024 1113.967 1109.909 1105.852 1102.118
1100.069 1100.119 1100.168 1100.218 1100.57 1100.967 1101.364 1101.76 1102.369 1103.374 1104.379 1105.384 1106.389 1108.417 1110.66 1112.903 1115.146 1117.75 1121.18 1124.609 1128.039 1131.469 1135.542 1139.795 1144.047 1148.299 1152.765 1157.838 1162.91 1167.982 1173.054 1176.188 1178.638 1181.088 1183.538 1185.196 1184.004 1182.812 1181.62 1180.428 1179.755 1179.308 1178.862 1178.415 1178.024 1177.898 1177.771 1177.645 1177.518 1173.896 1168.409 1162.923 1157.436 1151.849 1145.587 1139.325 1133.064 1126.802 1121.373 1116.478 1111.584 1106.69 1102.197
1100.024 1100.041 1100.058 1100.075 1100.195 1100.331 1100.468 1100.604 1100.902 1101.505 1102.108 1102.711 1103.314 1104.881 1106.651 1108.421 1110.191 1112.341 1115.358 1118.374 1121.391 1124.408 1128.328 1132.499 1136.669 1140.84 1145.354 1150.839 1156.324 1161.809 1167.294 1171.339 1174.876 1178.413 1181.95 1184.401 1182.942 1181.484 1180.026 1178.568 1178.006 1177.837 1177.667 1177.498 1177.578 1178.843 1180.108 1181.372 1182.637 1179.807 1174.793 1169.78 1164.766 1159.477 1152.357 1145.237 1138.116 1130.996 1124.721 1118.99 1113.259 1107.528 1102.275
1100.065 1100.112 1100.159 1100.205 1100.171 1100.124 1100.077 1100.031 1100.122 1100.474 1100.825 1101.177 1101.529 1102.715 1104.077 1105.44 1106.802 1108.519 1111.047 1113.576 1116.104 1118.632 1122.163 1125.971 1129.78 1133.588 1137.794 1143.126 1148.457 1153.789 1159.12 1163.95 1168.602 1173.255 1177.907 1181.258 1179.923 1178.588 1177.253 1175.919 1175.497 1175.475 1175.453 1175.431 1175.812 1178.107 1180.401 1182.696 1184.99 1182.963 1178.63 1174.297 1169.964 1165.17 1157.302 1149.435 1141.568 1133.701 1126.824 1120.583 1114.343 1108.102 1102.419
1100.201 1100.346 1100.49 1100.635 1100.528 1100.384 1100.239 1100.094 1100.092 1100.357 1100.621 1100.886 1101.151 1102.044 1103.069 1104.094 1105.12 1106.429 1108.387 1110.344 1112.302 1114.26 1117.143 1120.283 1123.423 1126.563 1130.074 1134.634 1139.194 1143.754 1148.313 1153.789 1159.588 1165.387 1171.186 1175.553 1174.767 1173.982 1173.196 1172.41 1172.159 1172.142 1172.126 1172.109 1172.605 1175.536 1178.466 1181.396 1184.327 1183.112 1179.687 1176.261 1172.836 1168.749 1160.257 1151.765 1143.273 1134.781 1127.567 1121.174 1114.781 1108.388 1102.634
1100.337 1100.58 1100.822 1101.065 1100.885 1100.643 1100.401 1100.158 1100.062 1100.24 1100.417 1100.595 1100.772 1101.372 1102.061 1102.749 1103.438 1104.339 1105.726 1107.113 1108.5 1109.887 1112.123 1114.595 1117.067 1119.538 1122.353 1126.142 1129.93 1133.718 1137.507 1143.628 1150.574 1157.519 1164.465 1169.849 1169.612 1169.375 1169.138 1168.901 1168.821 1168.81 1168.799 1168.788 1169.399 1172.965 1176.531 1180.097 1183.664 1183.262 1180.744 1178.226 1175.708 1172.329 1163.212 1154.095 1144.978 1135.861 1128.31 1121.765 1115.22 1108.674 1102.849
1100.473 1100.814 1101.154 1101.494 1101.243 1100.902 1100.562 1100.222 1100.032 1100.122 1100.213 1100.304 1100.394 1100.701 1101.052 1101.404 1101.755 1102.248 1103.065 1103.881 1104.698 1105.515 1107.103 1108.907 1110.71 1112.513 1114.633 1117.65 1120.666 1123.683 1126.7 1133.468 1141.56 1149.652 1157.744 1164.145 1164.457 1164.768 1165.08 1165.392 1165.483 1165.477 1165.472 1165.466 1166.192 1170.394 1174.596 1178.798 1183.0 1183.411 1181.801 1180.19 1178.58 1175.909 1166.167 1156.425 1146.683 1136.941 1129.052 1122.355 1115.658 1108.961 1103.064
1100.609 1101.047 1101.486 1101.924 1101.6 1101.162 1100.724 1100.286 1100.001 1100.005 1100.009 1100.013 1100.016 1100.029 1100.044 1100.058 1100.073 1100.158 1100.404 1100.65 1100.896 1101.142 1102.084 1103.219 1104.353 1105.488 1106.913 1109.158 1111.403 1113.648 1115.893 1123.307 1132.545 1141.784 1151.023 1158.44 1159.301 1160.162 1161.022 1161.883 1162.145 1162.145 1162.144 1162.144 1162.985 1167.823 1172.661 1177.499 1182.337 1183.561 1182.858 1182.155 1181.452 1179.488 1169.122 1158.755 1148.388 1138.021 1129.795 1122.946 1116.097 1109.247 1103.279
1102.754 1103.332 1103.909 1104.487 1104.349 1104.104 1103.859 1103.615 1103.341 1103.014 1102.686 1102.359 1102.031 1101.863 1101.727 1101.592 1101.457 1101.353 1101.319 1101.286 1101.252 1101.219 1101.926 1102.84 1103.753 1104.667 1106.008 1108.563 1111.117 1113.672 1116.226 1123.624 1132.73 1141.837 1150.943 1158.232 1158.976 1159.721 1160.465 1161.209 1161.407 1161.365 1161.323 1161.282 1162.058 1166.715 1171.373 1176.03 1180.688 1182.245 1182.148 1182.051 1181.954 1180.569 1170.601 1160.634 1150.666 1140.698 1133.273 1127.483 1121.692 1115.902 1110.928
1104.99 1105.709 1106.428 1107.146 1107.207 1107.169 1107.13 1107.092 1106.834 1106.164 1105.494 1104.825 1104.155 1103.81 1103.533 1103.257 1102.981 1102.697 1102.397 1102.097 1101.798 1101.498 1101.99 1102.703 1103.415 1104.127 1105.414 1108.327 1111.24 1114.153 1117.066 1124.417 1133.333 1142.249 1151.166 1158.274 1158.871 1159.469 1160.066 1160.664 1160.787 1160.702 1160.617 1160.531 1161.234 1165.674 1170.114 1174.554 1178.994 1180.862 1181.357 1181.852 1182.348 1181.537 1172.014 1162.492 1152.97 1143.448 1136.875 1132.199 1127.522 1122.846 1118.914
1107.226 1108.086 1108.946 1109.806 1110.065 1110.233 1110.401 1110.569 1110.327 1109.315 1108.303 1107.29 1106.278 1105.757 1105.339 1104.922 1104.504 1104.041 1103.475 1102.909 1102.343 1101.777 1102.054 1102.565 1103.077 1103.588 1104.819 1108.091 1111.363 1114.635 1117.906 1125.209 1133.936 1142.662 1151.388 1158.315 1158.766 1159.217 1159.668 1160.119 1160.167 1160.038 1159.91 1159.781 1160.409 1164.632 1168.855 1173.078 1177.301 1179.479 1180.567 1181.654 1182.742 1182.504 1173.427 1164.351 1155.274 1146.197 1140.477 1136.915 1133.353 1129.79 1126.9
1109.462 1110.464 1111.465 1112.466 1112.923 1113.297 1113.672 1114.047 1113.82 1112.465 1111.111 1109.756 1108.402 1107.704 1107.145 1106.586 1106.027 1105.385 1104.553 1103.721 1102.888 1102.056 1102.118 1102.428 1102.738 1103.048 1104.225 1107.855 1111.486 1115.116 1118.746 1126.003 1134.538 1143.074 1151.61 1158.357 1158.661 1158.965 1159.27 1159.574 1159.547 1159.375 1159.203 1159.031 1159.585 1163.591 1167.596 1171.601 1175.607 1178.096 1179.776 1181.456 1183.136 1183.471 1174.84 1166.209 1157.578 1148.947 1144.079 1141.631 1139.183 1136.734 1134.886
1111.897 1113.014 1114.13 1115.247 1115.98 1116.656 1117.332 1118.008 1117.975 1116.613 1115.252 1113.891 1112.529 1111.948 1111.531 1111.115 1110.698 1109.995 1108.639 1107.283 1105.927 1104.57 1104.376 1104.504 1104.632 1104.76 1105.963 1110.209 1114.456 1118.702 1122.949 1130.12 1138.324 1146.528 1154.732 1161.142 1161.092 1161.041 1160.991 1160.94 1160.749 1160.495 1160.242 1159.989 1160.427 1164.149 1167.871 1171.593 1175.315 1177.923 1179.938 1181.953 1183.968 1184.714 1177.004 1169.293 1161.582 1153.872 1149.91 1148.359 1146.807 1145.255 1144.199
1114.591 1115.789 1116.987 1118.185 1119.298 1120.397 1121.497 1122.597 1122.99 1122.058 1121.125 1120.193 1119.261 1119.177 1119.271 1119.365 1119.459 1118.851 1116.636 1114.421 1112.206 1109.991 1109.487 1109.457 1109.428 1109.398 1110.732 1115.93 1121.127 1126.325 1131.523 1138.561 1146.248 1153.936 1161.624 1167.494 1166.818 1166.143 1165.467 1164.792 1164.319 1163.936 1163.552 1163.168 1163.434 1166.787 1170.139 1173.491 1176.844 1179.324 1181.339 1183.354 1185.369 1186.316 1180.143 1173.97 1167.798 1161.625 1158.639 1157.701 1156.764 1155.826 1155.236
1117.285 1118.564 1119.844 1121.124 1122.615 1124.139 1125.662 1127.186 1128.005 1127.502 1126.999 1126.496 1125.994 1126.406 1127.011 1127.616 1128.221 1127.706 1124.633 1121.559 1118.486 1115.412 1114.598 1114.411 1114.223 1114.036 1115.502 1121.651 1127.799 1133.948 1140.096 1147.001 1154.172 1161.344 1168.515 1173.845 1172.545 1171.244 1169.944 1168.643 1167.89 1167.376 1166.862 1166.348 1166.442 1169.425 1172.407 1175.39 1178.373 1180.725 1182.74 1184.754 1186.769 1187.917 1183.282 1178.647 1174.013 1169.378 1167.368 1167.044 1166.721 1166.397 1166.273
1119.978 1121.339 1122.701 1124.062 1125.933 1127.88 1129.828 1131.775 1133.02 1132.946 1132.873 1132.799 1132.726 1133.635 1134.751 1135.866 1136.982 1136.562 1132.63 1128.697 1124.765 1120.833 1119.708 1119.364 1119.019 1118.674 1120.272 1127.371 1134.471 1141.571 1148.67 1155.441 1162.096 1168.752 1175.407 1180.197 1178.271 1176.346 1174.42 1172.495 1171.461 1170.816 1170.172 1169.527 1169.449 1172.063 1174.676 1177.289 1179.902 1182.125 1184.14 1186.155 1188.17 1189.518 1186.421 1183.325 1180.228 1177.131 1176.096 1176.387 1176.678 1176.969 1177.309
