data/zism_data/00827_04_D.txt
ncols         224
nrows         224
[rows 87 to 115 of 224, columns 0 to 64 of 224]
1560.431 1560.356 1560.31 1560.265 1560.219 1560.173 1560.096 1560.005 1559.914 1559.822 1559.736 1559.67 1559.605 1559.54 1559.475 1559.264 1558.97 1558.676 1558.382 1558.087 1557.784 1557.482 1557.179 1556.877 1556.657 1556.501 1556.345 1556.188 1556.032 1555.884 1555.736 1555.588 1555.44 1555.283 1555.119 1554.954 1554.789 1554.625 1554.566 1554.51 1554.454 1554.398 1554.366 1554.366 1554.366 1554.366 1554.366 1554.243 1554.106 1553.969 1553.832 1553.671 1553.469 1553.267 1553.065 1552.863 1552.654 1552.442 1552.231 1552.02 1551.797 1551.548 1551.3 1551.051 1550.803
1560.761 1560.719 1560.658 1560.596 1560.534 1560.472 1560.367 1560.244 1560.12 1559.996 1559.889 1559.861 1559.834 1559.807 1559.779 1559.582 1559.288 1558.994 1558.7 1558.401 1558.061 1557.721 1557.38 1557.04 1556.807 1556.657 1556.506 1556.355 1556.205 1556.1 1555.996 1555.891 1555.786 1555.635 1555.437 1555.24 1555.043 1554.846 1554.818 1554.794 1554.771 1554.747 1554.734 1554.734 1554.734 1554.734 1554.734 1554.566 1554.381 1554.195 1554.01 1553.814 1553.602 1553.389 1553.176 1552.963 1552.747 1552.53 1552.314 1552.097 1551.875 1551.643 1551.411 1551.178 1550.946
1561.108 1561.082 1560.999 1560.917 1560.834 1560.752 1560.63 1560.492 1560.354 1560.216 1560.099 1560.087 1560.075 1560.063 1560.052 1559.864 1559.576 1559.288 1559.0 1558.704 1558.342 1557.98 1557.619 1557.257 1557.016 1556.866 1556.716 1556.566 1556.418 1556.343 1556.268 1556.193 1556.118 1555.972 1555.756 1555.54 1555.324 1555.107 1555.101 1555.101 1555.101 1555.101 1555.097 1555.086 1555.076 1555.065 1555.055 1554.852 1554.628 1554.404 1554.181 1553.959 1553.74 1553.521 1553.302 1553.082 1552.863 1552.644 1552.425 1552.206 1551.99 1551.779 1551.569 1551.359 1551.149
1561.5 1561.442 1561.327 1561.212 1561.097 1560.982 1560.874 1560.768 1560.662 1560.557 1560.459 1560.404 1560.349 1560.294 1560.239 1560.049 1559.783 1559.516 1559.25 1558.975 1558.635 1558.295 1557.955 1557.615 1557.377 1557.216 1557.055 1556.894 1556.737 1556.656 1556.576 1556.495 1556.415 1556.274 1556.074 1555.874 1555.674 1555.474 1555.469 1555.469 1555.469 1555.469 1555.447 1555.399 1555.351 1555.303 1555.255 1555.038 1554.803 1554.569 1554.335 1554.108 1553.894 1553.68 1553.467 1553.253 1553.039 1552.826 1552.612 1552.398 1552.197 1552.025 1551.852 1551.68 1551.508
1561.892 1561.802 1561.654 1561.507 1561.36 1561.212 1561.117 1561.044 1560.97 1560.897 1560.819 1560.721 1560.623 1560.524 1560.426 1560.234 1559.99 1559.745 1559.5 1559.247 1558.929 1558.61 1558.292 1557.973 1557.738 1557.567 1557.395 1557.223 1557.055 1556.969 1556.883 1556.797 1556.711 1556.576 1556.392 1556.209 1556.025 1555.841 1555.836 1555.836 1555.836 1555.836 1555.798 1555.712 1555.626 1555.54 1555.454 1555.224 1554.979 1554.734 1554.488 1554.257 1554.048 1553.84 1553.632 1553.424 1553.215 1553.007 1552.799 1552.59 1552.405 1552.27 1552.135 1552.001 1551.866
1562.285 1562.161 1561.982 1561.802 1561.622 1561.443 1561.36 1561.319 1561.278 1561.237 1561.18 1561.038 1560.896 1560.755 1560.613 1560.42 1560.196 1559.973 1559.75 1559.519 1559.222 1558.925 1558.628 1558.331 1558.099 1557.917 1557.734 1557.552 1557.373 1557.282 1557.19 1557.099 1557.008 1556.878 1556.711 1556.543 1556.376 1556.208 1556.203 1556.203 1556.203 1556.203 1556.149 1556.025 1555.901 1555.777 1555.654 1555.41 1555.154 1554.898 1554.642 1554.406 1554.203 1554.0 1553.797 1553.594 1553.391 1553.188 1552.985 1552.782 1552.612 1552.516 1552.419 1552.322 1552.225
1562.677 1562.521 1562.309 1562.097 1561.885 1561.673 1561.603 1561.595 1561.586 1561.578 1561.54 1561.355 1561.17 1560.985 1560.8 1560.605 1560.403 1560.201 1560.0 1559.791 1559.515 1559.24 1558.965 1558.689 1558.461 1558.267 1558.074 1557.881 1557.691 1557.594 1557.498 1557.401 1557.305 1557.18 1557.029 1556.878 1556.726 1556.575 1556.571 1556.571 1556.571 1556.571 1556.5 1556.338 1556.177 1556.015 1555.853 1555.596 1555.329 1555.063 1554.796 1554.555 1554.357 1554.16 1553.962 1553.765 1553.567 1553.37 1553.172 1552.975 1552.82 1552.761 1552.702 1552.643 1552.584
1563.051 1562.887 1562.666 1562.445 1562.225 1562.004 1561.938 1561.938 1561.938 1561.938 1561.901 1561.677 1561.453 1561.228 1561.004 1560.798 1560.602 1560.406 1560.21 1560.008 1559.754 1559.5 1559.247 1558.993 1558.772 1558.576 1558.38 1558.184 1557.991 1557.881 1557.771 1557.661 1557.551 1557.434 1557.311 1557.188 1557.065 1556.942 1556.911 1556.883 1556.855 1556.827 1556.736 1556.565 1556.393 1556.222 1556.05 1555.804 1555.551 1555.297 1555.043 1554.805 1554.593 1554.381 1554.169 1553.957 1553.765 1553.577 1553.388 1553.2 1553.05 1552.985 1552.92 1552.855 1552.79
1563.418 1563.254 1563.033 1562.813 1562.592 1562.372 1562.306 1562.306 1562.306 1562.306 1562.262 1562.0 1561.738 1561.476 1561.214 1560.994 1560.798 1560.602 1560.406 1560.206 1559.974 1559.742 1559.51 1559.278 1559.066 1558.87 1558.674 1558.478 1558.284 1558.158 1558.032 1557.906 1557.779 1557.671 1557.58 1557.49 1557.399 1557.308 1557.242 1557.176 1557.11 1557.044 1556.932 1556.761 1556.589 1556.418 1556.246 1556.02 1555.788 1555.556 1555.323 1555.091 1554.857 1554.623 1554.39 1554.156 1553.97 1553.792 1553.615 1553.438 1553.288 1553.202 1553.115 1553.028 1552.942
1563.786 1563.622 1563.401 1563.18 1562.96 1562.739 1562.673 1562.673 1562.673 1562.673 1562.623 1562.323 1562.023 1561.724 1561.424 1561.19 1560.994 1560.798 1560.602 1560.404 1560.194 1559.983 1559.773 1559.562 1559.36 1559.164 1558.968 1558.772 1558.578 1558.435 1558.293 1558.15 1558.008 1557.908 1557.85 1557.791 1557.733 1557.675 1557.573 1557.469 1557.365 1557.262 1557.128 1556.957 1556.785 1556.614 1556.442 1556.235 1556.025 1555.814 1555.604 1555.377 1555.121 1554.866 1554.611 1554.356 1554.175 1554.008 1553.842 1553.675 1553.527 1553.418 1553.31 1553.202 1553.094
1564.153 1563.989 1563.768 1563.548 1563.327 1563.107 1563.041 1563.041 1563.041 1563.041 1562.984 1562.646 1562.309 1561.971 1561.634 1561.386 1561.19 1560.994 1560.798 1560.602 1560.413 1560.225 1560.036 1559.847 1559.654 1559.458 1559.262 1559.066 1558.871 1558.712 1558.554 1558.395 1558.236 1558.145 1558.119 1558.093 1558.067 1558.041 1557.903 1557.762 1557.62 1557.479 1557.324 1557.153 1556.981 1556.809 1556.638 1556.451 1556.262 1556.073 1555.884 1555.663 1555.386 1555.109 1554.832 1554.555 1554.38 1554.224 1554.068 1553.913 1553.765 1553.635 1553.505 1553.375 1553.246
1564.491 1564.328 1564.114 1563.9 1563.686 1563.472 1563.401 1563.391 1563.381 1563.371 1563.303 1562.945 1562.588 1562.23 1561.872 1561.612 1561.408 1561.204 1561.0 1560.8 1560.63 1560.459 1560.289 1560.118 1559.932 1559.735 1559.538 1559.341 1559.145 1558.981 1558.817 1558.653 1558.489 1558.403 1558.393 1558.383 1558.373 1558.364 1558.198 1558.027 1557.857 1557.686 1557.516 1557.345 1557.175 1557.004 1556.834 1556.663 1556.493 1556.322 1556.152 1555.936 1555.646 1555.355 1555.064 1554.773 1554.6 1554.45 1554.299 1554.149 1554.002 1553.861 1553.721 1553.58 1553.44
1564.711 1564.556 1564.375 1564.193 1564.011 1563.83 1563.734 1563.676 1563.617 1563.559 1563.458 1563.149 1562.84 1562.531 1562.222 1561.955 1561.714 1561.472 1561.23 1560.997 1560.832 1560.667 1560.501 1560.336 1560.15 1559.947 1559.745 1559.542 1559.342 1559.216 1559.09 1558.964 1558.838 1558.746 1558.687 1558.629 1558.57 1558.512 1558.35 1558.185 1558.02 1557.855 1557.689 1557.524 1557.359 1557.194 1557.029 1556.864 1556.699 1556.534 1556.369 1556.163 1555.888 1555.614 1555.339 1555.064 1554.88 1554.714 1554.547 1554.381 1554.232 1554.124 1554.016 1553.908 1553.8
1564.932 1564.784 1564.635 1564.486 1564.337 1564.187 1564.068 1563.961 1563.853 1563.746 1563.613 1563.353 1563.092 1562.832 1562.571 1562.299 1562.019 1561.74 1561.46 1561.193 1561.033 1560.874 1560.714 1560.554 1560.367 1560.159 1559.951 1559.743 1559.54 1559.451 1559.363 1559.275 1559.187 1559.089 1558.982 1558.875 1558.767 1558.66 1558.502 1558.342 1558.183 1558.023 1557.863 1557.704 1557.544 1557.384 1557.225 1557.065 1556.905 1556.746 1556.586 1556.389 1556.131 1555.873 1555.614 1555.356 1555.161 1554.978 1554.795 1554.612 1554.462 1554.387 1554.311 1554.235 1554.16
1565.152 1565.012 1564.895 1564.779 1564.662 1564.545 1564.401 1564.245 1564.089 1563.934 1563.768 1563.557 1563.345 1563.133 1562.921 1562.642 1562.325 1562.007 1561.69 1561.39 1561.235 1561.081 1560.927 1560.772 1560.585 1560.371 1560.158 1559.944 1559.737 1559.686 1559.636 1559.586 1559.535 1559.432 1559.276 1559.12 1558.964 1558.809 1558.654 1558.5 1558.346 1558.191 1558.037 1557.883 1557.729 1557.574 1557.42 1557.266 1557.111 1556.957 1556.803 1556.616 1556.374 1556.131 1555.889 1555.647 1555.441 1555.242 1555.043 1554.844 1554.693 1554.65 1554.606 1554.563 1554.52
1565.373 1565.24 1565.156 1565.072 1564.987 1564.903 1564.734 1564.53 1564.326 1564.121 1563.924 1563.76 1563.597 1563.434 1563.271 1562.985 1562.63 1562.275 1561.92 1561.586 1561.437 1561.288 1561.14 1560.991 1560.802 1560.583 1560.364 1560.146 1559.934 1559.922 1559.909 1559.896 1559.884 1559.775 1559.57 1559.366 1559.161 1558.957 1558.807 1558.658 1558.509 1558.36 1558.211 1558.062 1557.913 1557.764 1557.615 1557.467 1557.318 1557.169 1557.02 1556.842 1556.616 1556.39 1556.164 1555.938 1555.721 1555.506 1555.291 1555.076 1554.923 1554.912 1554.902 1554.891 1554.88
1565.664 1565.528 1565.455 1565.381 1565.308 1565.234 1565.063 1564.849 1564.636 1564.422 1564.216 1564.044 1563.871 1563.699 1563.527 1563.246 1562.904 1562.562 1562.219 1561.893 1561.714 1561.534 1561.355 1561.175 1560.983 1560.78 1560.577 1560.375 1560.179 1560.161 1560.143 1560.125 1560.107 1560.003 1559.815 1559.627 1559.439 1559.25 1559.095 1558.941 1558.787 1558.632 1558.472 1558.303 1558.134 1557.966 1557.797 1557.645 1557.494 1557.343 1557.193 1557.017 1556.8 1556.583 1556.366 1556.149 1555.953 1555.761 1555.57 1555.378 1555.238 1555.217 1555.195 1555.173 1555.152
1565.991 1565.847 1565.773 1565.7 1565.626 1565.553 1565.389 1565.186 1564.984 1564.781 1564.577 1564.367 1564.157 1563.947 1563.737 1563.467 1563.162 1562.857 1562.552 1562.256 1562.028 1561.799 1561.571 1561.343 1561.145 1560.969 1560.794 1560.618 1560.447 1560.402 1560.357 1560.312 1560.267 1560.175 1560.035 1559.896 1559.756 1559.616 1559.452 1559.287 1559.122 1558.957 1558.776 1558.575 1558.374 1558.173 1557.972 1557.811 1557.655 1557.499 1557.343 1557.166 1556.955 1556.743 1556.531 1556.32 1556.161 1556.013 1555.864 1555.715 1555.596 1555.542 1555.488 1555.434 1555.38
1566.317 1566.165 1566.092 1566.018 1565.945 1565.871 1565.715 1565.523 1565.331 1565.139 1564.938 1564.69 1564.442 1564.194 1563.946 1563.687 1563.42 1563.153 1562.886 1562.618 1562.341 1562.065 1561.788 1561.511 1561.307 1561.159 1561.01 1560.862 1560.716 1560.644 1560.572 1560.5 1560.428 1560.346 1560.255 1560.164 1560.073 1559.982 1559.809 1559.633 1559.457 1559.281 1559.08 1558.847 1558.613 1558.38 1558.146 1557.978 1557.816 1557.655 1557.493 1557.315 1557.109 1556.903 1556.697 1556.49 1556.369 1556.264 1556.158 1556.053 1555.953 1555.867 1555.78 1555.694 1555.607
1566.644 1566.484 1566.41 1566.337 1566.263 1566.19 1566.041 1565.86 1565.679 1565.498 1565.299 1565.014 1564.728 1564.442 1564.156 1563.906 1563.677 1563.448 1563.219 1562.981 1562.655 1562.33 1562.005 1561.679 1561.47 1561.348 1561.227 1561.105 1560.984 1560.885 1560.786 1560.687 1560.588 1560.518 1560.475 1560.433 1560.391 1560.349 1560.166 1559.979 1559.793 1559.606 1559.384 1559.119 1558.853 1558.587 1558.321 1558.144 1557.977 1557.811 1557.644 1557.464 1557.263 1557.063 1556.862 1556.661 1556.577 1556.515 1556.452 1556.39 1556.311 1556.192 1556.073 1555.954 1555.835
1566.973 1566.804 1566.726 1566.647 1566.569 1566.49 1566.346 1566.174 1566.002 1565.829 1565.633 1565.319 1565.004 1564.69 1564.375 1564.134 1563.935 1563.736 1563.537 1563.322 1562.959 1562.596 1562.234 1561.871 1561.658 1561.557 1561.457 1561.357 1561.256 1561.136 1561.015 1560.895 1560.774 1560.711 1560.705 1560.699 1560.692 1560.686 1560.496 1560.301 1560.105 1559.91 1559.673 1559.382 1559.092 1558.801 1558.51 1558.324 1558.148 1557.972 1557.796 1557.615 1557.423 1557.231 1557.039 1556.847 1556.792 1556.763 1556.735 1556.706 1556.642 1556.499 1556.356 1556.214 1556.071
1567.32 1567.138 1567.022 1566.906 1566.789 1566.673 1566.514 1566.336 1566.158 1565.981 1565.786 1565.504 1565.221 1564.939 1564.657 1564.414 1564.194 1563.973 1563.753 1563.522 1563.197 1562.872 1562.547 1562.222 1562.016 1561.899 1561.783 1561.667 1561.551 1561.447 1561.342 1561.238 1561.134 1561.054 1560.999 1560.944 1560.889 1560.834 1560.648 1560.458 1560.268 1560.078 1559.856 1559.593 1559.329 1559.065 1558.802 1558.588 1558.38 1558.172 1557.964 1557.773 1557.614 1557.455 1557.295 1557.136 1557.059 1556.998 1556.936 1556.875 1556.799 1556.689 1556.578 1556.468 1556.357
1567.667 1567.472 1567.318 1567.164 1567.01 1566.856 1566.681 1566.498 1566.315 1566.132 1565.938 1565.688 1565.439 1565.189 1564.94 1564.695 1564.453 1564.21 1563.968 1563.721 1563.434 1563.147 1562.86 1562.573 1562.374 1562.241 1562.109 1561.976 1561.845 1561.757 1561.669 1561.581 1561.493 1561.397 1561.294 1561.19 1561.086 1560.983 1560.801 1560.616 1560.431 1560.247 1560.039 1559.803 1559.566 1559.33 1559.093 1558.853 1558.612 1558.371 1558.131 1557.932 1557.805 1557.678 1557.551 1557.424 1557.325 1557.232 1557.138 1557.045 1556.956 1556.878 1556.8 1556.722 1556.644
1568.015 1567.806 1567.614 1567.422 1567.231 1567.039 1566.849 1566.661 1566.472 1566.284 1566.09 1565.873 1565.656 1565.439 1565.222 1564.975 1564.711 1564.447 1564.184 1563.921 1563.672 1563.423 1563.173 1562.924 1562.732 1562.583 1562.434 1562.286 1562.14 1562.068 1561.996 1561.924 1561.852 1561.74 1561.588 1561.436 1561.283 1561.131 1560.953 1560.774 1560.594 1560.415 1560.223 1560.013 1559.804 1559.594 1559.384 1559.117 1558.844 1558.571 1558.298 1558.091 1557.997 1557.902 1557.808 1557.713 1557.592 1557.466 1557.34 1557.214 1557.113 1557.067 1557.022 1556.976 1556.93
1568.361 1568.14 1567.911 1567.681 1567.451 1567.221 1567.017 1566.823 1566.629 1566.435 1566.243 1566.058 1565.873 1565.688 1565.504 1565.255 1564.97 1564.684 1564.399 1564.121 1563.91 1563.698 1563.487 1563.275 1563.09 1562.925 1562.76 1562.595 1562.434 1562.379 1562.323 1562.267 1562.212 1562.083 1561.882 1561.681 1561.48 1561.28 1561.105 1560.931 1560.757 1560.584 1560.406 1560.224 1560.041 1559.858 1559.676 1559.382 1559.076 1558.771 1558.465 1558.25 1558.188 1558.126 1558.064 1558.002 1557.859 1557.7 1557.542 1557.384 1557.27 1557.256 1557.243 1557.23 1557.217
1568.626 1568.41 1568.178 1567.945 1567.713 1567.481 1567.258 1567.04 1566.821 1566.602 1566.392 1566.224 1566.056 1565.887 1565.719 1565.483 1565.208 1564.933 1564.658 1564.389 1564.17 1563.952 1563.733 1563.515 1563.336 1563.187 1563.037 1562.888 1562.742 1562.671 1562.599 1562.528 1562.456 1562.324 1562.132 1561.941 1561.749 1561.557 1561.36 1561.163 1560.966 1560.768 1560.584 1560.415 1560.247 1560.078 1559.91 1559.626 1559.33 1559.034 1558.738 1558.525 1558.453 1558.382 1558.311 1558.239 1558.094 1557.936 1557.777 1557.618 1557.502 1557.483 1557.464 1557.444 1557.425
1568.834 1568.635 1568.425 1568.214 1568.004 1567.793 1567.55 1567.294 1567.037 1566.781 1566.54 1566.377 1566.214 1566.051 1565.888 1565.675 1565.432 1565.19 1564.948 1564.704 1564.447 1564.191 1563.934 1563.678 1563.504 1563.393 1563.282 1563.17 1563.059 1562.95 1562.841 1562.731 1562.622 1562.495 1562.352 1562.209 1562.066 1561.923 1561.686 1561.445 1561.205 1560.964 1560.758 1560.594 1560.432 1560.269 1560.106 1559.856 1559.598 1559.34 1559.081 1558.878 1558.769 1558.66 1558.55 1558.441 1558.308 1558.171 1558.034 1557.897 1557.786 1557.734 1557.683 1557.631 1557.579
1569.042 1568.861 1568.672 1568.483 1568.294 1568.105 1567.842 1567.548 1567.254 1566.959 1566.688 1566.531 1566.373 1566.215 1566.058 1565.867 1565.657 1565.447 1565.237 1565.018 1564.724 1564.43 1564.135 1563.841 1563.673 1563.599 1563.526 1563.452 1563.376 1563.229 1563.082 1562.935 1562.788 1562.667 1562.573 1562.478 1562.384 1562.289 1562.011 1561.727 1561.444 1561.16 1560.931 1560.774 1560.616 1560.459 1560.301 1560.086 1559.866 1559.645 1559.425 1559.232 1559.084 1558.937 1558.79 1558.643 1558.522 1558.407 1558.292 1558.176 1558.07 1557.986 1557.902 1557.818 1557.734
1569.25 1569.087 1568.919 1568.752 1568.584 1568.417 1568.134 1567.802 1567.47 1567.138 1566.836 1566.684 1566.532 1566.38 1566.227 1566.059 1565.881 1565.704 1565.526 1565.333 1565.001 1564.669 1564.337 1564.005 1563.841 1563.806 1563.77 1563.734 1563.693 1563.508 1563.323 1563.138 1562.953 1562.839 1562.793 1562.747 1562.701 1562.655 1562.336 1562.01 1561.682 1561.356 1561.105 1560.953 1560.801 1560.649 1560.496 1560.317 1560.134 1559.951 1559.769 1559.585 1559.4 1559.215 1559.03 1558.845 1558.737 1558.643 1558.549 1558.455 1558.354 1558.238 1558.121 1558.004 1557.888
