data/zism_data/00828_01_D.txt
ncols         224
nrows         224
[rows 84 to 111 of 224, columns 63 to 125 of 224]
1516.86 1514.956 1513.052 1511.148 1509.244 1513.737 1520.162 1526.586 1533.01 1540.615 1552.127 1563.639 1575.152 1586.664 1591.627 1593.726 1595.824 1597.922 1599.689 1599.713 1599.737 1599.761 1599.786 1599.629 1599.364 1599.099 1598.834 1598.544 1597.988 1597.432 1596.875 1596.319 1595.042 1593.177 1591.312 1589.446 1587.513 1580.986 1574.459 1567.932 1561.406 1555.325 1549.733 1544.14 1538.547 1532.954 1529.591 1526.364 1523.138 1519.912 1517.017 1514.61 1512.202 1509.794 1507.386 1503.812 1500.062 1496.312 1492.562 1486.125 1474.313 1462.501 1450.69
1526.156 1523.586 1521.016 1518.447 1515.877 1520.517 1527.333 1534.149 1540.966 1548.583 1558.855 1569.128 1579.4 1589.672 1593.899 1595.482 1597.065 1598.647 1599.965 1599.887 1599.809 1599.731 1599.654 1599.322 1598.837 1598.351 1597.866 1597.334 1596.317 1595.299 1594.281 1593.263 1591.43 1588.931 1586.432 1583.933 1581.366 1574.179 1566.992 1559.804 1552.617 1546.452 1541.401 1536.351 1531.3 1526.249 1523.383 1520.65 1517.918 1515.186 1512.615 1510.283 1507.95 1505.618 1503.285 1499.771 1496.081 1492.39 1488.699 1482.53 1471.406 1460.281 1449.157
1535.452 1532.216 1528.981 1525.745 1522.51 1527.296 1534.504 1541.713 1548.921 1556.552 1565.584 1574.616 1583.648 1592.68 1596.171 1597.238 1598.306 1599.373 1600.241 1600.061 1599.881 1599.701 1599.521 1599.014 1598.309 1597.603 1596.898 1596.125 1594.646 1593.166 1591.687 1590.207 1587.818 1584.685 1581.552 1578.42 1575.219 1567.371 1559.524 1551.676 1543.829 1537.578 1533.07 1528.561 1524.053 1519.545 1517.175 1514.936 1512.698 1510.459 1508.213 1505.956 1503.698 1501.441 1499.184 1495.731 1492.099 1488.468 1484.836 1478.936 1468.499 1458.061 1447.624
1544.747 1540.846 1536.945 1533.044 1529.142 1534.076 1541.676 1549.276 1556.876 1564.521 1572.312 1580.104 1587.896 1595.688 1598.443 1598.995 1599.547 1600.098 1600.517 1600.235 1599.953 1599.671 1599.389 1598.706 1597.781 1596.855 1595.93 1594.916 1592.975 1591.034 1589.093 1587.151 1584.205 1580.439 1576.673 1572.907 1569.072 1560.564 1552.056 1543.548 1535.04 1528.704 1524.738 1520.772 1516.806 1512.84 1510.967 1509.222 1507.478 1505.733 1503.811 1501.629 1499.447 1497.264 1495.082 1491.691 1488.118 1484.546 1480.973 1475.341 1465.591 1455.841 1446.091
1553.803 1549.832 1545.862 1541.892 1537.921 1542.435 1549.51 1556.584 1563.659 1570.636 1577.291 1583.946 1590.601 1597.256 1599.508 1599.834 1600.16 1600.486 1600.713 1600.411 1600.11 1599.809 1599.508 1598.725 1597.652 1596.579 1595.506 1594.315 1591.888 1589.461 1587.034 1584.607 1581.072 1576.635 1572.197 1567.759 1563.261 1554.631 1546.0 1537.37 1528.74 1522.532 1518.966 1515.401 1511.836 1508.271 1506.347 1504.524 1502.701 1500.878 1498.73 1496.105 1493.481 1490.856 1488.232 1484.373 1480.328 1476.283 1472.239 1466.664 1458.029 1449.393 1440.758
1562.724 1559.017 1555.31 1551.602 1547.895 1551.674 1557.712 1563.75 1569.789 1575.72 1581.296 1586.871 1592.447 1598.023 1599.902 1600.164 1600.425 1600.687 1600.863 1600.589 1600.314 1600.04 1599.766 1598.926 1597.746 1596.565 1595.385 1594.052 1591.126 1588.2 1585.273 1582.347 1578.207 1573.076 1567.946 1562.816 1557.637 1549.184 1540.731 1532.278 1523.825 1517.863 1514.62 1511.377 1508.134 1504.891 1502.611 1500.391 1498.171 1495.95 1493.27 1489.915 1486.561 1483.206 1479.851 1475.229 1470.417 1465.604 1460.792 1455.156 1447.874 1440.592 1433.31
1571.646 1568.202 1564.757 1561.313 1557.869 1560.913 1565.915 1570.917 1575.919 1580.804 1585.3 1589.797 1594.293 1598.79 1600.296 1600.493 1600.69 1600.887 1601.013 1600.766 1600.518 1600.271 1600.023 1599.127 1597.839 1596.552 1595.264 1593.79 1590.364 1586.938 1583.513 1580.087 1575.341 1569.518 1563.695 1557.872 1552.013 1543.738 1535.462 1527.186 1518.91 1513.195 1510.274 1507.353 1504.432 1501.511 1498.876 1496.258 1493.641 1491.023 1487.81 1483.725 1479.64 1475.555 1471.471 1466.085 1460.505 1454.925 1449.344 1443.648 1437.719 1431.79 1425.861
1580.567 1577.386 1574.205 1571.024 1567.843 1570.151 1574.117 1578.083 1582.049 1585.887 1589.305 1592.722 1596.139 1599.557 1600.689 1600.822 1600.955 1601.087 1601.164 1600.943 1600.722 1600.502 1600.281 1599.328 1597.933 1596.538 1595.142 1593.527 1589.602 1585.677 1581.752 1577.827 1572.475 1565.959 1559.444 1552.928 1546.39 1538.291 1530.192 1522.093 1513.995 1508.526 1505.927 1503.329 1500.73 1498.131 1495.14 1492.125 1489.11 1486.095 1482.35 1477.535 1472.72 1467.905 1463.09 1456.942 1450.594 1444.245 1437.897 1432.14 1427.564 1422.989 1418.413
1588.966 1586.064 1583.163 1580.261 1577.359 1578.96 1581.919 1584.879 1587.839 1590.669 1593.069 1595.469 1597.869 1600.27 1601.056 1601.136 1601.216 1601.296 1601.332 1601.138 1600.944 1600.75 1600.557 1599.565 1598.09 1596.616 1595.142 1593.419 1589.081 1584.742 1580.404 1576.066 1570.188 1563.054 1555.92 1548.786 1541.64 1533.707 1525.773 1517.84 1509.907 1504.648 1502.307 1499.967 1497.626 1495.285 1491.942 1488.537 1485.132 1481.727 1477.483 1472.012 1466.54 1461.069 1455.597 1448.699 1441.586 1434.474 1427.361 1421.503 1418.153 1414.802 1411.452
1591.373 1588.938 1586.504 1584.069 1581.635 1582.836 1585.136 1587.435 1589.734 1591.986 1594.08 1596.174 1598.268 1600.363 1601.112 1601.272 1601.433 1601.593 1601.701 1601.534 1601.367 1601.2 1601.033 1600.206 1598.979 1597.751 1596.524 1595.076 1591.312 1587.549 1583.785 1580.021 1574.529 1567.625 1560.722 1553.819 1546.901 1539.0 1531.099 1523.198 1515.297 1509.827 1507.008 1504.189 1501.371 1498.552 1494.893 1491.182 1487.471 1483.76 1479.41 1474.127 1468.843 1463.56 1458.276 1450.772 1442.935 1435.098 1427.26 1420.84 1417.253 1413.667 1410.08
1593.78 1591.813 1589.845 1587.878 1585.91 1586.713 1588.352 1589.991 1591.63 1593.303 1595.091 1596.879 1598.668 1600.456 1601.168 1601.409 1601.65 1601.891 1602.071 1601.931 1601.791 1601.651 1601.51 1600.847 1599.866 1598.886 1597.906 1596.734 1593.544 1590.355 1587.166 1583.977 1578.869 1572.197 1565.524 1558.852 1552.162 1544.294 1536.425 1528.556 1520.687 1515.005 1511.708 1508.412 1505.115 1501.819 1497.844 1493.827 1489.81 1485.792 1481.338 1476.242 1471.146 1466.051 1460.955 1452.845 1444.283 1435.721 1427.159 1420.177 1416.354 1412.531 1408.708
1596.187 1594.687 1593.187 1591.686 1590.186 1590.589 1591.568 1592.547 1593.525 1594.62 1596.102 1597.585 1599.067 1600.549 1601.224 1601.545 1601.867 1602.188 1602.441 1602.327 1602.214 1602.101 1601.988 1601.488 1600.755 1600.021 1599.288 1598.391 1595.776 1593.161 1590.547 1587.932 1583.21 1576.768 1570.327 1563.885 1557.424 1549.587 1541.75 1533.914 1526.077 1520.183 1516.409 1512.635 1508.86 1505.086 1500.795 1496.472 1492.149 1487.825 1483.265 1478.357 1473.45 1468.542 1463.634 1454.919 1445.632 1436.345 1427.058 1419.514 1415.455 1411.396 1407.337
1598.594 1597.561 1596.528 1595.495 1594.461 1594.466 1594.784 1595.102 1595.42 1595.938 1597.114 1598.29 1599.466 1600.642 1601.28 1601.682 1602.084 1602.486 1602.81 1602.724 1602.637 1602.551 1602.464 1602.129 1601.642 1601.156 1600.67 1600.048 1598.008 1595.968 1593.927 1591.887 1587.55 1581.34 1575.129 1568.919 1562.685 1554.881 1547.076 1539.272 1531.467 1525.362 1521.109 1516.857 1512.605 1508.353 1503.746 1499.117 1494.488 1489.858 1485.192 1480.473 1475.753 1471.033 1466.313 1456.992 1446.98 1436.969 1426.957 1418.851 1414.556 1410.26 1405.965
1600.044 1599.32 1598.595 1597.87 1597.145 1596.954 1596.923 1596.892 1596.862 1597.067 1598.051 1599.035 1600.019 1601.003 1601.584 1601.989 1602.394 1602.799 1603.122 1603.018 1602.914 1602.81 1602.706 1602.438 1602.07 1601.703 1601.335 1600.86 1599.246 1597.633 1596.02 1594.407 1590.579 1584.944 1579.31 1573.675 1568.011 1560.367 1552.723 1545.078 1537.434 1531.217 1526.557 1521.896 1517.236 1512.575 1507.834 1503.088 1498.342 1493.596 1488.781 1483.866 1478.95 1474.034 1469.118 1459.073 1448.259 1437.444 1426.63 1418.028 1413.85 1409.671 1405.493
1600.605 1600.041 1599.478 1598.914 1598.35 1598.15 1598.061 1597.971 1597.881 1598.021 1598.919 1599.818 1600.716 1601.614 1602.12 1602.455 1602.79 1603.125 1603.381 1603.218 1603.054 1602.891 1602.728 1602.438 1602.07 1601.703 1601.335 1600.885 1599.562 1598.238 1596.915 1595.592 1592.388 1587.65 1582.912 1578.174 1573.398 1566.033 1558.668 1551.303 1543.938 1537.702 1532.698 1527.694 1522.69 1517.686 1512.98 1508.293 1503.606 1498.92 1493.915 1488.446 1482.978 1477.509 1472.04 1461.162 1449.472 1437.783 1426.093 1417.056 1413.323 1409.591 1405.858
1601.165 1600.763 1600.36 1599.957 1599.555 1599.347 1599.198 1599.05 1598.901 1598.975 1599.787 1600.6 1601.412 1602.225 1602.656 1602.922 1603.187 1603.452 1603.639 1603.417 1603.195 1602.973 1602.75 1602.438 1602.07 1601.703 1601.335 1600.91 1599.877 1598.843 1597.81 1596.776 1594.197 1590.355 1586.514 1582.673 1578.784 1571.699 1564.613 1557.527 1550.441 1544.186 1538.839 1533.491 1528.143 1522.796 1518.126 1513.498 1508.87 1504.243 1499.049 1493.027 1487.005 1480.983 1474.962 1463.25 1450.686 1438.121 1425.556 1416.084 1412.797 1409.51 1406.223
1601.726 1601.484 1601.243 1601.001 1600.76 1600.544 1600.336 1600.128 1599.921 1599.929 1600.656 1601.382 1602.109 1602.835 1603.192 1603.388 1603.583 1603.778 1603.898 1603.616 1603.335 1603.054 1602.773 1602.438 1602.07 1601.703 1601.335 1600.935 1600.192 1599.448 1598.705 1597.961 1596.006 1593.061 1590.116 1587.172 1584.171 1577.364 1570.558 1563.751 1556.944 1550.671 1544.98 1539.288 1533.597 1527.906 1523.272 1518.703 1514.134 1509.566 1504.183 1497.608 1491.033 1484.458 1477.883 1465.339 1451.899 1438.459 1425.02 1415.113 1412.271 1409.43 1406.588
1602.286 1602.206 1602.125 1602.045 1601.964 1601.741 1601.474 1601.207 1600.94 1600.884 1601.524 1602.165 1602.805 1603.446 1603.728 1603.854 1603.979 1604.105 1604.156 1603.816 1603.476 1603.135 1602.795 1602.438 1602.07 1601.703 1601.335 1600.961 1600.507 1600.053 1599.6 1599.146 1597.815 1595.766 1593.719 1591.671 1589.558 1583.03 1576.503 1569.975 1563.448 1557.156 1551.121 1545.086 1539.051 1533.016 1528.418 1523.908 1519.398 1514.889 1509.316 1502.189 1495.061 1487.933 1480.805 1467.427 1453.113 1438.798 1424.483 1414.141 1411.745 1409.349 1406.953
1603.039 1603.063 1603.088 1603.112 1603.136 1602.895 1602.574 1602.253 1601.932 1601.823 1602.414 1603.004 1603.595 1604.186 1604.422 1604.503 1604.585 1604.666 1604.669 1604.26 1603.85 1603.44 1603.031 1602.542 1602.005 1601.468 1600.931 1600.367 1599.51 1598.653 1597.796 1596.939 1595.239 1592.85 1590.462 1588.073 1585.627 1579.307 1572.987 1566.667 1560.347 1554.305 1548.569 1542.832 1537.095 1531.359 1526.877 1522.472 1518.068 1513.663 1507.988 1500.45 1492.913 1485.376 1477.839 1464.768 1450.866 1436.965 1423.063 1413.502 1412.619 1411.737 1410.855
1603.801 1603.927 1604.053 1604.179 1604.305 1604.047 1603.673 1603.298 1602.924 1602.762 1603.304 1603.846 1604.389 1604.931 1605.123 1605.161 1605.2 1605.238 1605.194 1604.715 1604.235 1603.756 1603.276 1602.651 1601.936 1601.222 1600.508 1599.744 1598.453 1597.161 1595.869 1594.577 1592.463 1589.677 1586.891 1584.105 1581.271 1575.154 1569.038 1562.922 1556.806 1551.028 1545.619 1540.209 1534.8 1529.391 1525.029 1520.732 1516.435 1512.138 1506.363 1498.423 1490.483 1482.543 1474.603 1461.89 1448.461 1435.032 1421.603 1412.878 1413.558 1414.238 1414.919
1604.563 1604.791 1605.019 1605.247 1605.475 1605.199 1604.771 1604.343 1603.915 1603.7 1604.194 1604.688 1605.182 1605.676 1605.824 1605.819 1605.815 1605.81 1605.719 1605.169 1604.62 1604.071 1603.522 1602.759 1601.868 1600.977 1600.086 1599.122 1597.395 1595.669 1593.942 1592.215 1589.687 1586.503 1583.32 1580.136 1576.914 1571.002 1565.089 1559.177 1553.265 1547.75 1542.668 1537.587 1532.505 1527.423 1523.182 1518.992 1514.803 1510.613 1504.738 1496.395 1488.053 1479.71 1471.368 1459.013 1446.057 1433.1 1420.144 1412.254 1414.496 1416.739 1418.982
1605.325 1605.655 1605.985 1606.315 1606.645 1606.352 1605.87 1605.388 1604.906 1604.639 1605.085 1605.531 1605.976 1606.422 1606.524 1606.477 1606.429 1606.382 1606.243 1605.624 1605.005 1604.386 1603.767 1602.868 1601.8 1600.731 1599.663 1598.499 1596.338 1594.176 1592.015 1589.853 1586.91 1583.33 1579.749 1576.168 1572.557 1566.849 1561.141 1555.432 1549.724 1544.473 1539.718 1534.964 1530.21 1525.456 1521.335 1517.252 1513.17 1509.088 1503.113 1494.368 1485.623 1476.877 1468.132 1456.136 1443.652 1431.168 1418.684 1411.63 1415.435 1419.24 1423.046
1606.432 1606.867 1607.301 1607.735 1608.17 1607.856 1607.316 1606.776 1606.236 1605.9 1606.236 1606.572 1606.907 1607.244 1607.268 1607.156 1607.045 1606.933 1606.732 1606.058 1605.384 1604.71 1604.036 1602.97 1601.667 1600.365 1599.062 1597.611 1594.609 1591.606 1588.603 1585.6 1581.954 1577.784 1573.613 1569.443 1565.256 1559.964 1554.671 1549.379 1544.086 1539.277 1534.994 1530.711 1526.428 1522.146 1518.117 1514.104 1510.091 1506.078 1500.062 1491.113 1482.164 1473.215 1464.266 1453.0 1441.386 1429.772 1418.159 1412.153 1417.365 1422.576 1427.787
1608.073 1608.614 1609.156 1609.698 1610.239 1609.901 1609.297 1608.692 1608.088 1607.655 1607.786 1607.918 1608.05 1608.182 1608.078 1607.869 1607.661 1607.453 1607.165 1606.459 1605.753 1605.047 1604.34 1603.062 1601.437 1599.812 1598.187 1596.315 1591.846 1587.378 1582.91 1578.441 1573.649 1568.592 1563.536 1558.479 1553.43 1548.879 1544.327 1539.776 1535.224 1531.132 1527.542 1523.952 1520.362 1516.772 1512.793 1508.791 1504.789 1500.786 1494.818 1485.971 1477.124 1468.277 1459.43 1449.466 1439.334 1429.202 1419.07 1414.441 1420.818 1427.194 1433.571
1609.713 1610.362 1611.011 1611.66 1612.309 1611.946 1611.277 1610.609 1609.94 1609.41 1609.337 1609.265 1609.193 1609.121 1608.887 1608.582 1608.277 1607.973 1607.599 1606.86 1606.122 1605.383 1604.645 1603.153 1601.206 1599.259 1597.312 1595.018 1589.084 1583.15 1577.216 1571.282 1565.343 1559.401 1553.458 1547.516 1541.604 1537.794 1533.983 1530.173 1526.362 1522.988 1520.09 1517.193 1514.295 1511.398 1507.47 1503.478 1499.487 1495.495 1489.575 1480.83 1472.085 1463.34 1454.595 1445.932 1437.282 1428.632 1419.982 1416.729 1424.271 1431.812 1439.354
1611.353 1612.109 1612.866 1613.622 1614.379 1613.991 1613.258 1612.525 1611.792 1611.164 1610.888 1610.612 1610.336 1610.06 1609.697 1609.295 1608.894 1608.492 1608.032 1607.261 1606.49 1605.72 1604.949 1603.245 1600.975 1598.706 1596.437 1593.722 1586.322 1578.922 1571.522 1564.123 1557.037 1550.209 1543.381 1536.552 1529.779 1526.709 1523.639 1520.57 1517.5 1514.844 1512.639 1510.434 1508.229 1506.024 1502.146 1498.165 1494.184 1490.204 1484.331 1475.688 1467.045 1458.402 1449.759 1442.399 1435.23 1428.062 1420.894 1419.017 1427.724 1436.43 1445.137
1612.993 1613.857 1614.721 1615.584 1616.448 1616.036 1615.238 1614.441 1613.643 1612.919 1612.439 1611.959 1611.479 1610.999 1610.506 1610.008 1609.51 1609.012 1608.465 1607.662 1606.859 1606.056 1605.253 1603.336 1600.745 1598.153 1595.562 1592.425 1583.56 1574.694 1565.829 1556.963 1548.732 1541.017 1533.303 1525.589 1517.953 1515.624 1513.295 1510.967 1508.638 1506.699 1505.187 1503.675 1502.162 1500.65 1496.822 1492.852 1488.882 1484.912 1479.087 1470.546 1462.005 1453.465 1444.924 1438.865 1433.178 1427.492 1421.805 1421.305 1431.177 1441.049 1450.92
1616.501 1617.016 1617.532 1618.047 1618.563 1617.945 1616.984 1616.024 1615.064 1614.169 1613.489 1612.809 1612.13 1611.45 1610.82 1610.212 1609.604 1608.996 1608.347 1607.485 1606.623 1605.761 1604.899 1602.8 1599.954 1597.108 1594.261 1590.806 1580.957 1571.109 1561.26 1551.411 1542.801 1535.202 1527.602 1520.003 1512.484 1510.459 1508.433 1506.407 1504.382 1502.689 1501.36 1500.031 1498.702 1497.373 1493.924 1490.344 1486.765 1483.185 1477.931 1470.224 1462.518 1454.812 1447.106 1442.13 1437.563 1432.997 1428.43 1428.544 1438.017 1447.49 1456.963
