data/zism_data/00822_02_D.txt
ncols         224
nrows         224
[rows 196 to 223 of 224, columns 0 to 63 of 224]
739.2183 746.4734 753.7287 760.4162 766.4081 772.3999 778.3918 784.3836 787.923 791.1856 794.4482 797.7108 800.1825 801.1714 802.1602 803.1491 804.1379 804.1335 803.8762 803.619 803.3617 803.0389 802.5157 801.9926 801.4694 800.9462 799.4497 797.5273 795.605 793.6827 790.7814 782.1036 773.4261 764.7483 756.0708 745.6608 734.0671 722.4739 710.8802 699.4423 691.4199 683.3977 675.3752 667.3531 660.162 653.8268 647.4916 641.1561 634.8209 629.0646 623.3442 617.6236 611.9032 607.7302 605.9647 604.1992 602.4337 600.6681 600.3152 600.2302 600.1453 600.0604 600.0043 600.0193
730.6129 737.0067 743.4008 749.8292 756.3002 762.7711 769.2421 775.7128 780.0844 784.2189 788.3535 792.488 795.71 797.221 798.7319 800.243 801.7539 802.027 801.9851 801.9431 801.9012 801.7632 801.3315 800.8998 800.4681 800.0365 798.9385 797.5491 796.1597 794.7702 792.5337 785.2985 778.0635 770.8282 763.5933 754.1588 743.2219 732.2853 721.3483 710.5447 702.6677 694.7908 686.9137 679.0369 671.6967 664.9093 658.1219 651.3344 644.547 637.5933 630.6295 623.6655 616.7018 611.4434 608.8382 606.233 603.6277 601.0225 600.4949 600.3616 600.2281 600.0947 600.0028 600.0124
722.0071 727.5398 733.0726 739.2419 746.192 753.1418 760.092 767.0418 772.2454 777.252 782.2585 787.2651 791.2374 793.2705 795.3036 797.3367 799.3699 799.9205 800.0939 800.2672 800.4406 800.4874 800.1472 799.8071 799.4669 799.1268 798.4274 797.5709 796.7144 795.8578 794.2859 788.4933 782.701 776.9084 771.116 762.6572 752.3769 742.097 731.8168 721.6476 713.9158 706.1843 698.4526 690.7211 683.2318 675.9922 668.7527 661.5129 654.2734 646.1221 637.915 629.7076 621.5005 615.1567 611.7117 608.2668 604.8218 601.3768 600.6747 600.4929 600.311 600.1292 600.0012 600.0054
714.4926 719.1184 723.7443 729.4865 736.5974 743.7081 750.819 757.9296 763.8079 769.5472 775.2864 781.0258 785.6701 788.2617 790.8531 793.4446 796.0361 796.8801 797.2793 797.6785 798.0776 798.3155 798.0598 797.8041 797.5485 797.2928 796.9239 796.5054 796.087 795.6686 794.6511 790.0987 785.5464 780.994 776.4417 768.9318 759.4019 749.8722 740.3422 730.9018 723.4241 715.9468 708.4691 700.9918 693.5239 686.0662 678.6086 671.1506 663.693 654.6598 645.5299 636.3998 627.2699 619.9973 615.6144 611.2316 606.8485 602.4656 601.4493 601.0716 600.6938 600.3162 600.0449 600.0344
710.9053 714.46 718.0148 722.7246 728.8505 734.9761 741.1021 747.2277 753.214 759.1848 765.1554 771.1262 776.161 779.4415 782.722 786.0025 789.2829 790.4769 791.1398 791.8027 792.4657 792.9169 792.7204 792.5239 792.3274 792.1309 791.8475 791.5259 791.2044 790.8829 790.0223 785.9812 781.9402 777.8992 773.8582 767.2019 758.7592 750.3168 741.874 733.5016 726.6699 719.8384 713.0067 706.1752 699.3427 692.5093 685.6761 678.8425 672.0093 663.2303 654.3319 645.4332 636.5348 628.8976 623.223 617.5483 611.8734 606.1988 604.3657 603.2614 602.157 601.0526 600.2513 600.1923
707.3182 709.8018 712.2856 715.963 721.1039 726.2446 731.3854 736.5262 742.6205 748.8227 755.0247 761.2269 766.6523 770.6218 774.5911 778.5605 782.5299 784.0739 785.0006 785.9272 786.8539 787.5184 787.3811 787.2438 787.1066 786.9693 786.7712 786.5466 786.3219 786.0973 785.3937 781.8639 778.3342 774.8045 771.2748 765.472 758.1165 750.7613 743.4058 736.1013 729.9155 723.7299 717.5441 711.3585 705.1612 698.9523 692.7433 686.5342 680.3253 671.8005 663.1335 654.4663 645.7994 637.7975 630.8312 623.8648 616.8982 609.9318 607.282 605.451 603.62 601.7891 600.4576 600.3502
703.7309 705.1435 706.5561 709.2011 713.3569 717.5127 721.6685 725.8243 732.0266 738.4602 744.8936 751.3273 757.1432 761.8017 766.46 771.1184 775.7767 777.6707 778.8611 780.0515 781.2419 782.1198 782.0417 781.9636 781.8856 781.8074 781.6948 781.567 781.4393 781.3115 780.7648 777.7464 774.7281 771.7097 768.6914 763.7421 757.4739 751.2058 744.9376 738.7012 733.1613 727.6216 722.0817 716.542 710.98 705.3954 699.8109 694.2261 688.6415 680.371 671.9355 663.4998 655.0643 646.6979 638.4397 630.1815 621.9231 613.6649 610.1984 607.6408 605.0831 602.5255 600.6641 600.5082
700.1438 700.4853 700.8268 702.4395 705.6103 708.7811 711.952 715.1227 721.433 728.0981 734.7629 741.428 747.6345 752.9819 758.3291 763.6765 769.0237 771.2677 772.7219 774.176 775.6301 776.7213 776.7025 776.6836 776.6647 776.6458 776.6186 776.5877 776.5568 776.5259 776.1362 773.6291 771.1221 768.6151 766.108 762.0123 756.8312 751.6503 746.4693 741.3009 736.4069 731.5131 726.6191 721.7252 716.7985 711.8383 706.8781 701.9177 696.9575 688.9412 680.7372 672.5328 664.3288 655.5978 646.0479 636.498 626.9478 617.3979 613.1147 609.8304 606.5461 603.262 600.8704 600.6661
699.1122 699.0682 699.0242 700.1006 702.5504 705.0002 707.45 709.8997 715.5016 721.4595 727.4172 733.3751 739.0554 744.2155 749.3754 754.5355 759.6954 761.8369 763.2102 764.5834 765.9567 766.9916 766.9916 766.9916 766.9916 766.9916 767.0528 767.1407 767.2288 767.3168 767.1352 765.3631 763.5911 761.819 760.047 756.8279 752.6205 748.4132 744.2057 739.9962 735.7371 731.4782 727.2191 722.9602 718.6325 714.2343 709.8361 705.4378 701.0396 693.6332 686.0419 678.4503 670.8589 662.4086 652.6228 642.837 633.0509 623.2651 618.1794 613.9852 609.7909 605.5967 602.4557 601.895
699.277 699.1684 699.0598 699.8322 701.6846 703.5369 705.3892 707.2415 711.7526 716.5641 721.3755 726.187 730.9117 735.4744 740.0369 744.5996 749.1621 750.9894 752.1204 753.2515 754.3825 755.2349 755.2349 755.2349 755.2349 755.2349 755.3859 755.6031 755.8203 756.0374 756.088 755.1556 754.2232 753.2908 752.3584 750.0269 746.7399 743.4529 740.1658 736.864 733.2346 729.6054 725.9761 722.3469 718.6012 714.7358 710.8705 707.0051 703.1397 696.5095 689.7094 682.9089 676.1088 668.2411 658.7137 649.1863 639.6585 630.131 624.2495 619.0596 613.8695 608.6796 604.6864 603.6252
699.4417 699.2686 699.0954 699.5638 700.8187 702.0735 703.3283 704.5832 708.0036 711.6686 715.3336 718.9986 722.7679 726.7331 730.6982 734.6634 738.6284 740.1414 741.0303 741.9191 742.8079 743.4777 743.4777 743.4777 743.4777 743.4777 743.7187 744.065 744.4114 744.7577 745.0404 744.9477 744.855 744.7623 744.6695 743.2256 740.859 738.4924 736.1257 733.7316 730.732 727.7325 724.733 721.7335 718.5699 715.2374 711.905 708.5724 705.2399 699.3859 693.377 687.3678 681.3588 674.0739 664.8047 655.5357 646.2663 636.9972 630.3197 624.1341 617.9482 611.7626 606.9171 605.3554
699.6064 699.3687 699.1309 699.2953 699.9528 700.6101 701.2675 701.9249 704.2546 706.7733 709.2918 711.8104 714.6243 717.9921 721.3597 724.7275 728.0952 729.2938 729.9405 730.5871 731.2337 731.721 731.721 731.721 731.721 731.721 732.0518 732.5273 733.0029 733.4784 733.9932 734.7402 735.4871 736.234 736.9809 736.4246 734.9783 733.532 732.0858 730.5993 728.2295 725.8597 723.4899 721.1202 718.5386 715.739 712.9393 710.1396 707.34 702.2622 697.0444 691.8265 686.6086 679.9064 670.8956 661.8849 652.8738 643.8631 636.3898 629.2084 622.0269 614.8455 609.1478 607.0855
699.8428 699.5125 699.182 699.0623 699.201 699.3397 699.4785 699.6172 700.9651 702.4496 703.934 705.4185 707.3472 710.1089 712.8705 715.6323 718.3939 719.2828 719.695 720.1072 720.5194 720.827 720.8145 720.8021 720.7896 720.777 721.1646 721.7272 722.2897 722.8524 723.5446 725.0016 726.4587 727.9158 729.3729 729.6276 729.0612 728.4947 727.9282 727.3099 725.5527 723.7956 722.0384 720.2813 718.2534 715.9468 713.6403 711.3336 709.0271 704.7005 700.2497 695.7988 691.348 685.236 676.5405 667.8451 659.1494 650.4539 642.3139 634.2795 626.2449 618.2105 611.7524 609.1569
700.5019 699.9131 699.3243 699.0381 699.123 699.2079 699.2928 699.3777 700.3864 701.4995 702.6125 703.7256 705.1837 707.2887 709.3936 711.4987 713.6036 714.2091 714.4329 714.6567 714.8806 715.025 714.9263 714.8278 714.7291 714.6306 714.8795 715.2806 715.6817 716.0828 716.6292 718.0325 719.4357 720.839 722.2422 722.8557 722.9297 723.0038 723.0778 723.0945 721.8487 720.6029 719.3571 718.1113 716.47 714.4219 712.3737 710.3255 708.2773 704.5538 700.7274 696.9009 693.0745 687.5974 679.5532 671.5091 663.4647 655.4205 647.3752 639.3301 631.2847 623.2396 616.5632 613.241
701.1609 700.3137 699.4666 699.014 699.045 699.076 699.1071 699.1382 699.8077 700.5494 701.291 702.0327 703.0201 704.4684 705.9166 707.3649 708.8132 709.1353 709.1707 709.2061 709.2415 709.2227 709.038 708.8532 708.6685 708.4838 708.5942 708.8339 709.0735 709.313 709.7135 711.063 712.4125 713.762 715.1114 716.0836 716.7982 717.5128 718.2274 718.8789 718.1445 717.41 716.6756 715.9412 714.6867 712.8969 711.1071 709.3173 707.5275 704.4072 701.2051 698.003 694.801 689.9589 682.566 675.1732 667.7802 660.3873 652.4368 644.3809 636.3247 628.2688 621.3742 617.3253
701.8199 700.7144 699.6088 698.9897 698.967 698.9442 698.9214 698.8987 699.2291 699.5993 699.9695 700.3398 700.8566 701.6481 702.4397 703.2313 704.0229 704.0615 703.9086 703.7556 703.6027 703.4207 703.1498 702.879 702.6081 702.3372 702.3091 702.3873 702.4654 702.5436 702.7981 704.0938 705.3894 706.6851 707.9807 709.3117 710.6668 712.0219 713.377 714.6635 714.4404 714.2173 713.9943 713.7712 712.9034 711.3719 709.8406 708.3091 706.7776 704.2606 701.6829 699.1051 696.5274 692.3203 685.5787 678.8372 672.0955 665.3539 657.4982 649.4315 641.3646 633.2979 626.1849 621.4095
702.4789 701.1151 699.7511 698.9656 698.889 698.8124 698.7358 698.6592 698.6503 698.6492 698.648 698.6469 698.6931 698.8279 698.9628 699.0977 699.2326 698.9879 698.6465 698.3052 697.9638 697.6186 697.2616 696.9047 696.5477 696.1907 696.0241 695.9407 695.8574 695.774 695.8828 697.1246 698.3664 699.6083 700.8501 702.5398 704.5355 706.531 708.5267 710.4481 710.7363 711.0247 711.3129 711.6012 711.1201 709.847 708.574 707.3009 706.0279 704.114 702.1606 700.2072 698.2539 694.6816 688.5914 682.5012 676.4108 670.3205 662.5596 654.4821 646.4044 638.327 630.9957 625.4937
703.1394 701.6744 700.2094 699.4131 699.4367 699.4603 699.4838 699.5074 699.228 698.9144 698.6008 698.2872 698.0117 697.8077 697.6038 697.3997 697.1957 696.7739 696.2965 695.8192 695.3419 694.86 694.3646 693.8691 693.3735 692.8781 692.5022 692.1788 691.8553 691.5319 691.3985 692.3867 693.3748 694.363 695.3511 697.1005 699.3697 701.6389 703.9081 706.1077 706.7763 707.4449 708.1135 708.782 708.689 707.8119 706.9348 706.0577 705.1807 703.597 701.9698 700.3427 698.7156 695.5558 690.012 684.4682 678.9243 673.3805 665.9207 658.0978 650.2747 642.4518 635.1535 629.141
703.8007 702.3358 700.8707 700.1639 700.3867 700.6094 700.832 701.0547 700.549 699.9608 699.3727 698.7847 698.2834 697.9448 697.6063 697.2677 696.9291 696.3984 695.8188 695.2393 694.6597 694.0583 693.3906 692.7229 692.0551 691.3874 690.757 690.1429 689.5288 688.9147 688.4774 689.0834 689.6895 690.2955 690.9015 692.5181 694.8251 697.1319 699.4388 701.6873 702.6519 703.6165 704.5811 705.5457 705.8416 705.4489 705.0562 704.6635 704.2708 702.842 701.3494 699.8568 698.3643 695.4738 690.409 685.3442 680.2793 675.2145 668.1885 660.7909 653.393 645.9953 638.8913 632.5074
704.4621 702.9971 701.532 700.9148 701.3366 701.7585 702.1804 702.6022 701.8699 701.0073 700.1447 699.2821 698.555 698.0819 697.6088 697.1356 696.6625 696.023 695.3411 694.6593 693.9774 693.2566 692.4166 691.5767 690.7367 689.8967 689.0117 688.1069 687.2022 686.2974 685.5562 685.7801 686.004 686.2278 686.4517 687.9357 690.2802 692.6248 694.9694 697.2667 698.5274 699.788 701.0487 702.3093 702.994 703.0857 703.1775 703.2692 703.361 702.087 700.7289 699.3709 698.0129 695.3917 690.806 686.2203 681.6344 677.0486 670.4565 663.4841 656.5114 649.5389 642.6292 635.874
705.1234 703.6584 702.1934 701.6656 702.2866 702.9076 703.5286 704.1496 703.1909 702.0538 700.9167 699.7796 698.8267 698.2189 697.6113 697.0036 696.3959 695.6476 694.8635 694.0793 693.2952 692.4548 691.4426 690.4305 689.4183 688.4061 687.2665 686.071 684.8757 683.6802 682.6352 682.4769 682.3186 682.1603 682.0021 683.3533 685.7356 688.1177 690.5 692.8463 694.403 695.9597 697.5164 699.073 700.1465 700.7227 701.2988 701.875 702.4512 701.332 700.1085 698.8849 697.6615 695.3097 691.203 687.0963 682.9894 678.8827 672.7244 666.1771 659.6296 653.0823 646.3669 639.2404
706.6661 705.1979 703.7298 703.2566 704.0031 704.7495 705.4959 706.2424 705.0042 703.5418 702.0795 700.6172 699.3945 698.621 697.8476 697.0742 696.3007 695.4354 694.5466 693.6579 692.7691 691.8082 690.6265 689.4448 688.2631 687.0814 685.6877 684.2013 682.7148 681.2284 679.877 679.3221 678.7673 678.2124 677.6575 678.8371 681.2012 683.5653 685.9295 688.2688 690.063 691.8572 693.6514 695.4456 696.8798 697.9435 699.0072 700.0709 701.1346 700.1789 699.0989 698.019 696.939 694.8564 691.2142 687.5721 683.9299 680.2878 674.5652 668.4482 662.3311 656.2141 649.7106 642.261
719.4877 717.9766 716.4653 715.6009 715.5292 715.4576 715.3859 715.3142 713.1177 710.6812 708.2448 705.8082 703.7537 702.415 701.0765 699.7379 698.3993 697.312 696.2887 695.2654 694.2421 693.1467 691.8304 690.5142 689.1979 687.8817 686.2411 684.4586 682.6761 680.8937 679.2049 678.0687 676.9326 675.7964 674.6603 675.169 676.8012 678.4333 680.0655 681.6824 682.9653 684.2482 685.5311 686.814 688.2488 689.84 691.4311 693.0223 694.6135 693.9317 693.1101 692.2885 691.4668 689.6509 686.2887 682.9265 679.5641 676.2018 670.9401 665.3183 659.6963 654.0745 648.0085 640.8549
732.3099 730.7556 729.2014 727.9456 727.0558 726.166 725.2762 724.3864 721.2316 717.8208 714.4102 710.9995 708.113 706.2092 704.3054 702.4017 700.4979 699.1888 698.0309 696.873 695.7151 694.4851 693.0343 691.5835 690.1327 688.6819 686.7945 684.7159 682.6375 680.5589 678.5328 676.8152 675.0978 673.3803 671.6629 671.5008 672.401 673.3011 674.2013 675.0959 675.8674 676.639 677.4105 678.1821 679.6175 681.7361 683.8547 685.9734 688.0921 687.6843 687.121 686.5577 685.9944 684.4453 681.3629 678.2806 675.1981 672.1157 667.3149 662.1882 657.0615 651.9348 646.3063 639.4487
745.1315 743.5342 741.9369 740.2899 738.582 736.8741 735.1662 733.4583 729.3451 724.9602 720.5754 716.1905 712.4721 710.0032 707.5343 705.0654 702.5965 701.0654 699.7729 698.4806 697.1881 695.8235 694.2382 692.6528 691.0674 689.4822 687.3478 684.9733 682.5988 680.2242 677.8607 675.5618 673.2631 670.9644 668.6656 667.8328 668.0009 668.1691 668.3373 668.5095 668.7698 669.03 669.2903 669.5505 670.9865 673.6326 676.2787 678.9249 681.571 681.4371 681.1321 680.8271 680.5222 679.2399 676.4374 673.6349 670.8323 668.0298 663.6898 659.0583 654.4267 649.7952 644.6041 638.0425
757.9537 756.3133 754.6729 752.6346 750.1086 747.5826 745.0565 742.5305 737.459 732.0998 726.7408 721.3817 716.8314 713.7973 710.7633 707.7292 704.6952 702.9421 701.5151 700.0882 698.6612 697.162 695.4421 693.7222 692.0023 690.2824 687.9012 685.2306 682.5601 679.8894 677.1885 674.3084 671.4284 668.5483 665.6683 664.1646 663.6007 663.0369 662.4731 661.9229 661.6719 661.4208 661.1697 660.9186 662.3552 665.5287 668.7023 671.876 675.0496 675.1897 675.1431 675.0964 675.0498 674.0342 671.5116 668.989 666.4663 663.9437 660.0645 655.9282 651.7918 647.6556 642.9019 636.6364
768.8203 767.1312 765.4419 763.074 759.8741 756.6743 753.4744 750.2747 744.6717 738.7972 732.923 727.0486 722.0118 718.5453 715.0789 711.6124 708.1461 706.1152 704.4497 702.7843 701.1188 699.4168 697.6027 695.7887 693.9746 692.1606 689.6552 686.8473 684.0395 681.2316 678.3549 675.0724 671.7901 668.5076 665.2253 663.005 661.51 660.0151 658.5201 657.0376 655.8278 654.618 653.4082 652.1984 653.181 656.4202 659.6595 662.8989 666.1381 666.664 667.0229 667.3818 667.7408 667.1844 665.2043 663.2242 661.2441 659.264 655.759 651.9649 648.1707 644.3767 639.9795 634.1052
777.9966 776.2535 774.5105 771.8663 768.1173 764.3685 760.6195 756.8707 751.1056 745.1127 739.1201 733.1272 727.9028 724.1187 720.3347 716.5506 712.7667 710.4097 708.4158 706.4221 704.4282 702.4642 700.5908 698.7176 696.8443 694.9711 692.4477 689.6398 686.832 684.024 681.1116 677.5815 674.0515 670.5214 666.9914 664.015 661.4166 658.8182 656.2198 653.6234 651.0677 648.5123 645.9567 643.4012 643.5367 646.4423 649.3478 652.2534 655.1589 656.1675 657.0593 657.951 658.8428 658.912 657.7017 656.4913 655.2809 654.0706 650.8648 647.2807 643.6965 640.1123 636.0015 630.6009
