data/zism_data/00823_01_D.txt
ncols         224
nrows         224
[rows 145 to 173 of 224, columns 64 to 127 of 224]
1588.692 1581.648 1574.605 1567.562 1560.468 1549.955 1539.442 1528.93 1518.417 1511.645 1508.836 1506.027 1503.218 1500.409 1500.266 1500.245 1500.224 1500.202 1500.63 1501.66 1502.689 1503.718 1504.748 1506.381 1508.082 1509.784 1511.485 1512.407 1511.997 1511.588 1511.179 1510.769 1514.653 1519.351 1524.049 1528.747 1533.534 1538.517 1543.5 1548.483 1553.466 1557.586 1561.467 1565.348 1569.229 1573.19 1577.388 1581.585 1585.782 1589.979 1592.082 1593.387 1594.693 1595.999 1596.139 1591.484 1586.829 1582.174 1577.519 1569.163 1558.956 1548.749 1538.542 1529.192
1587.906 1581.084 1574.263 1567.441 1560.572 1550.492 1540.412 1530.332 1520.252 1513.511 1510.307 1507.103 1503.899 1500.696 1500.469 1500.377 1500.285 1500.194 1500.468 1501.232 1501.997 1502.761 1503.525 1504.738 1506.001 1507.265 1508.528 1509.234 1508.986 1508.739 1508.492 1508.245 1511.759 1515.986 1520.214 1524.441 1528.847 1533.646 1538.445 1543.244 1548.044 1552.365 1556.555 1560.744 1564.933 1569.249 1573.938 1578.628 1583.317 1588.007 1590.605 1592.408 1594.212 1596.015 1596.689 1592.721 1588.753 1584.785 1580.817 1573.09 1563.484 1553.877 1544.27 1535.277
1587.12 1580.52 1573.92 1567.32 1560.676 1551.029 1541.381 1531.734 1522.087 1515.376 1511.778 1508.179 1504.581 1500.982 1500.671 1500.509 1500.347 1500.185 1500.306 1500.805 1501.304 1501.804 1502.303 1503.095 1503.921 1504.746 1505.571 1506.06 1505.975 1505.891 1505.806 1505.721 1508.865 1512.622 1516.379 1520.136 1524.16 1528.776 1533.391 1538.006 1542.621 1547.144 1551.642 1556.139 1560.637 1565.308 1570.49 1575.671 1580.853 1586.034 1589.129 1591.429 1593.73 1596.031 1597.24 1593.959 1590.678 1587.397 1584.115 1577.017 1568.011 1559.005 1549.998 1541.361
1586.335 1579.956 1573.578 1567.2 1560.78 1551.566 1542.351 1533.136 1523.922 1517.242 1513.249 1509.255 1505.262 1501.269 1500.873 1500.641 1500.408 1500.176 1500.143 1500.378 1500.612 1500.846 1501.081 1501.452 1501.84 1502.227 1502.614 1502.887 1502.964 1503.042 1503.119 1503.196 1505.971 1509.257 1512.544 1515.83 1519.474 1523.905 1528.336 1532.768 1537.199 1541.923 1546.729 1551.535 1556.341 1561.367 1567.04 1572.714 1578.388 1584.062 1587.652 1590.45 1593.249 1596.048 1597.791 1595.197 1592.602 1590.008 1587.414 1580.945 1572.539 1564.133 1555.727 1547.446
1584.717 1578.581 1572.445 1566.309 1560.136 1551.412 1542.688 1533.965 1525.241 1518.669 1514.378 1510.086 1505.794 1501.503 1501.038 1500.748 1500.457 1500.166 1500.0 1500.0 1500.0 1500.0 1500.0 1500.0 1500.0 1500.0 1500.0 1500.08 1500.298 1500.516 1500.733 1500.951 1503.37 1506.206 1509.042 1511.877 1515.138 1519.337 1523.536 1527.736 1531.935 1536.798 1541.846 1546.893 1551.941 1557.261 1563.384 1569.506 1575.629 1581.752 1585.845 1589.167 1592.488 1595.81 1598.111 1596.211 1594.312 1592.412 1590.513 1584.713 1576.961 1569.21 1561.459 1553.603
1576.753 1571.017 1565.282 1559.546 1553.781 1545.993 1538.205 1530.417 1522.629 1516.751 1512.897 1509.044 1505.19 1501.337 1500.922 1500.664 1500.406 1500.148 1500.0 1500.0 1500.0 1500.0 1500.0 1500.0 1500.0 1500.0 1500.0 1500.07 1500.261 1500.452 1500.642 1500.833 1502.997 1505.536 1508.074 1510.612 1513.481 1517.08 1520.679 1524.278 1527.877 1532.402 1537.185 1541.967 1546.75 1551.902 1558.144 1564.386 1570.627 1576.869 1581.516 1585.557 1589.598 1593.64 1596.667 1595.524 1594.382 1593.24 1592.098 1587.263 1580.583 1573.903 1567.223 1560.318
1568.79 1563.454 1558.119 1552.783 1547.426 1540.573 1533.721 1526.869 1520.016 1514.833 1511.417 1508.002 1504.586 1501.171 1500.806 1500.581 1500.355 1500.129 1500.0 1500.0 1500.0 1500.0 1500.0 1500.0 1500.0 1500.0 1500.0 1500.06 1500.224 1500.388 1500.551 1500.715 1502.625 1504.866 1507.107 1509.348 1511.825 1514.823 1517.822 1520.82 1523.819 1528.006 1532.524 1537.041 1541.559 1546.544 1552.905 1559.265 1565.626 1571.987 1577.188 1581.948 1586.708 1591.469 1595.223 1594.838 1594.453 1594.067 1593.682 1589.814 1584.205 1578.596 1572.986 1567.032
1560.826 1555.891 1550.955 1546.02 1541.071 1535.154 1529.237 1523.321 1517.404 1512.914 1509.937 1506.96 1503.982 1501.005 1500.69 1500.497 1500.304 1500.111 1500.0 1500.0 1500.0 1500.0 1500.0 1500.0 1500.0 1500.0 1500.0 1500.05 1500.187 1500.323 1500.46 1500.597 1502.252 1504.196 1506.139 1508.083 1510.168 1512.566 1514.964 1517.363 1519.761 1523.61 1527.863 1532.115 1536.368 1541.185 1547.665 1554.145 1560.624 1567.104 1572.859 1578.339 1583.819 1589.298 1593.779 1594.151 1594.523 1594.895 1595.267 1592.365 1587.827 1583.288 1578.75 1573.746
1552.862 1548.327 1543.792 1539.257 1534.716 1529.735 1524.754 1519.773 1514.792 1510.996 1508.457 1505.917 1503.378 1500.839 1500.575 1500.414 1500.253 1500.092 1500.0 1500.0 1500.0 1500.0 1500.0 1500.0 1500.0 1500.0 1500.0 1500.041 1500.15 1500.26 1500.369 1500.479 1501.88 1503.526 1505.172 1506.818 1508.511 1510.309 1512.107 1513.905 1515.703 1519.214 1523.202 1527.189 1531.177 1535.827 1542.425 1549.024 1555.623 1562.221 1568.53 1574.729 1580.928 1587.128 1592.335 1593.464 1594.593 1595.722 1596.852 1594.916 1591.449 1587.981 1584.513 1580.461
1544.548 1540.526 1536.505 1532.483 1528.459 1524.364 1520.268 1516.173 1512.077 1508.964 1506.891 1504.818 1502.745 1500.672 1500.459 1500.33 1500.202 1500.073 1500.004 1500.013 1500.023 1500.032 1500.042 1500.034 1500.025 1500.015 1500.006 1500.032 1500.117 1500.203 1500.288 1500.374 1501.534 1502.899 1504.263 1505.627 1506.992 1508.359 1509.726 1511.093 1512.46 1515.653 1519.354 1523.055 1526.755 1531.205 1537.86 1544.515 1551.17 1557.825 1564.479 1571.135 1577.79 1584.445 1590.149 1591.944 1593.74 1595.535 1597.331 1596.197 1593.6 1591.002 1588.405 1585.169
1535.98 1532.553 1529.126 1525.699 1522.275 1519.028 1515.782 1512.535 1509.289 1506.849 1505.262 1503.676 1502.09 1500.503 1500.343 1500.247 1500.151 1500.055 1500.011 1500.037 1500.062 1500.088 1500.114 1500.093 1500.067 1500.042 1500.016 1500.024 1500.088 1500.152 1500.216 1500.28 1501.209 1502.303 1503.397 1504.491 1505.574 1506.632 1507.691 1508.75 1509.808 1512.697 1516.095 1519.493 1522.891 1527.117 1533.783 1540.449 1547.114 1553.78 1560.63 1567.55 1574.47 1581.39 1587.425 1589.821 1592.217 1594.612 1597.008 1596.558 1594.685 1592.813 1590.94 1588.423
1527.412 1524.58 1521.748 1518.916 1516.09 1513.693 1511.295 1508.898 1506.501 1504.733 1503.634 1502.534 1501.435 1500.335 1500.227 1500.163 1500.1 1500.036 1500.018 1500.06 1500.102 1500.143 1500.185 1500.152 1500.11 1500.068 1500.026 1500.016 1500.058 1500.1 1500.143 1500.185 1500.884 1501.707 1502.531 1503.354 1504.155 1504.905 1505.656 1506.406 1507.156 1509.742 1512.837 1515.931 1519.026 1523.03 1529.706 1536.383 1543.059 1549.736 1556.781 1563.966 1571.151 1578.336 1584.701 1587.697 1590.693 1593.689 1596.685 1596.919 1595.771 1594.623 1593.474 1591.676
1518.844 1516.607 1514.37 1512.133 1509.905 1508.357 1506.809 1505.261 1503.712 1502.618 1502.005 1501.393 1500.78 1500.167 1500.111 1500.08 1500.049 1500.018 1500.025 1500.083 1500.141 1500.199 1500.257 1500.211 1500.153 1500.095 1500.037 1500.008 1500.028 1500.049 1500.07 1500.09 1500.559 1501.112 1501.665 1502.218 1502.736 1503.178 1503.62 1504.063 1504.505 1506.786 1509.578 1512.37 1515.162 1518.942 1525.629 1532.316 1539.004 1545.691 1552.931 1560.381 1567.831 1575.281 1581.977 1585.574 1589.17 1592.766 1596.363 1597.279 1596.856 1596.433 1596.009 1594.93
1510.547 1508.895 1507.242 1505.59 1503.951 1503.222 1502.493 1501.764 1501.035 1500.589 1500.444 1500.298 1500.152 1500.006 1500.003 1500.007 1500.01 1500.014 1500.049 1500.127 1500.205 1500.283 1500.361 1500.297 1500.217 1500.137 1500.057 1500.006 1500.005 1500.003 1500.002 1500.0 1500.245 1500.537 1500.828 1501.12 1501.366 1501.512 1501.658 1501.803 1501.949 1503.927 1506.414 1508.901 1511.387 1514.938 1521.62 1528.303 1534.985 1541.667 1549.087 1556.787 1564.487 1572.188 1579.201 1583.392 1587.582 1591.773 1595.963 1597.554 1597.846 1598.137 1598.428 1598.058
1508.199 1506.915 1505.63 1504.346 1503.072 1502.505 1501.938 1501.372 1500.805 1500.458 1500.345 1500.232 1500.118 1500.005 1500.081 1500.166 1500.25 1500.335 1500.458 1500.633 1500.809 1500.984 1501.159 1500.974 1500.748 1500.522 1500.296 1500.141 1500.107 1500.073 1500.039 1500.005 1500.191 1500.417 1500.644 1500.871 1501.062 1501.175 1501.289 1501.402 1501.515 1503.207 1505.337 1507.467 1509.596 1512.79 1519.115 1525.441 1531.766 1538.091 1545.358 1552.982 1560.607 1568.231 1575.274 1579.924 1584.575 1589.225 1593.875 1595.947 1596.731 1597.514 1598.298 1598.441
1505.852 1504.935 1504.018 1503.102 1502.192 1501.788 1501.383 1500.979 1500.574 1500.327 1500.246 1500.165 1500.084 1500.004 1500.159 1500.324 1500.49 1500.656 1500.867 1501.14 1501.412 1501.685 1501.957 1501.651 1501.279 1500.907 1500.535 1500.276 1500.209 1500.143 1500.077 1500.011 1500.136 1500.298 1500.46 1500.621 1500.758 1500.839 1500.92 1501.001 1501.081 1502.487 1504.26 1506.032 1507.805 1510.642 1516.61 1522.579 1528.547 1534.515 1541.629 1549.178 1556.727 1564.275 1571.347 1576.457 1581.567 1586.677 1591.787 1594.341 1595.616 1596.892 1598.167 1598.823
1503.504 1502.955 1502.406 1501.857 1501.313 1501.071 1500.828 1500.586 1500.344 1500.196 1500.147 1500.099 1500.051 1500.002 1500.236 1500.483 1500.73 1500.977 1501.276 1501.646 1502.016 1502.386 1502.756 1502.328 1501.81 1501.292 1500.774 1500.411 1500.312 1500.213 1500.115 1500.016 1500.081 1500.178 1500.275 1500.372 1500.454 1500.502 1500.551 1500.599 1500.648 1501.766 1503.182 1504.598 1506.014 1508.494 1514.105 1519.717 1525.328 1530.939 1537.9 1545.373 1552.846 1560.319 1567.42 1572.99 1578.559 1584.129 1589.698 1592.734 1594.501 1596.269 1598.037 1599.206
1501.157 1500.976 1500.794 1500.613 1500.433 1500.353 1500.273 1500.193 1500.114 1500.065 1500.049 1500.033 1500.017 1500.001 1500.314 1500.642 1500.97 1501.298 1501.685 1502.153 1502.62 1503.087 1503.554 1503.005 1502.341 1501.677 1501.013 1500.546 1500.415 1500.283 1500.152 1500.021 1500.027 1500.059 1500.091 1500.123 1500.15 1500.166 1500.182 1500.198 1500.214 1501.046 1502.105 1503.164 1504.223 1506.346 1511.601 1516.855 1522.109 1527.364 1534.171 1541.568 1548.966 1556.363 1563.493 1569.522 1575.552 1581.581 1587.61 1591.127 1593.387 1595.646 1597.906 1599.589
1500.264 1500.475 1500.686 1500.898 1501.105 1501.083 1501.062 1501.04 1501.018 1500.912 1500.717 1500.522 1500.328 1500.133 1500.542 1500.978 1501.415 1501.852 1502.351 1502.935 1503.519 1504.103 1504.686 1504.06 1503.296 1502.533 1501.769 1501.191 1500.928 1500.666 1500.404 1500.141 1500.081 1500.059 1500.037 1500.015 1500.0 1500.0 1500.0 1500.0 1500.0 1500.627 1501.428 1502.228 1503.029 1504.838 1509.612 1514.386 1519.16 1523.934 1530.434 1537.591 1544.749 1551.906 1558.891 1565.168 1571.446 1577.724 1584.002 1588.021 1590.91 1593.799 1596.688 1599.004
1500.784 1501.412 1502.04 1502.667 1503.285 1503.22 1503.154 1503.089 1503.024 1502.709 1502.131 1501.552 1500.973 1500.394 1500.916 1501.488 1502.06 1502.631 1503.266 1503.985 1504.704 1505.423 1506.142 1505.481 1504.663 1503.845 1503.028 1502.332 1501.842 1501.353 1500.863 1500.373 1500.241 1500.175 1500.11 1500.045 1500.0 1500.0 1500.0 1500.0 1500.0 1500.5 1501.138 1501.777 1502.416 1503.951 1508.124 1512.298 1516.472 1520.645 1526.691 1533.448 1540.204 1546.961 1553.633 1559.954 1566.275 1572.596 1578.917 1583.459 1587.111 1590.762 1594.414 1597.48
1501.304 1502.349 1503.393 1504.437 1505.464 1505.356 1505.247 1505.139 1505.03 1504.507 1503.544 1502.582 1501.619 1500.656 1501.29 1501.997 1502.704 1503.411 1504.181 1505.036 1505.89 1506.744 1507.598 1506.902 1506.03 1505.158 1504.287 1503.472 1502.756 1502.039 1501.322 1500.606 1500.4 1500.292 1500.183 1500.075 1500.0 1500.0 1500.0 1500.0 1500.0 1500.373 1500.849 1501.326 1501.802 1503.064 1506.637 1510.21 1513.783 1517.357 1522.947 1529.304 1535.66 1542.017 1548.375 1554.739 1561.104 1567.468 1573.832 1578.897 1583.311 1587.726 1592.14 1595.955
1501.825 1503.285 1504.746 1506.206 1507.644 1507.492 1507.34 1507.188 1507.036 1506.305 1504.958 1503.611 1502.264 1500.918 1501.665 1502.507 1503.349 1504.191 1505.096 1506.086 1507.075 1508.065 1509.054 1508.323 1507.397 1506.471 1505.546 1504.613 1503.669 1502.725 1501.782 1500.838 1500.56 1500.408 1500.256 1500.104 1500.0 1500.0 1500.0 1500.0 1500.0 1500.246 1500.56 1500.874 1501.188 1502.177 1505.15 1508.123 1511.095 1514.068 1519.203 1525.16 1531.116 1537.073 1543.117 1549.525 1555.932 1562.34 1568.748 1574.335 1579.512 1584.689 1589.866 1594.431
1502.345 1504.222 1506.099 1507.976 1509.823 1509.628 1509.433 1509.238 1509.043 1508.102 1506.371 1504.641 1502.91 1501.179 1502.039 1503.016 1503.994 1504.971 1506.011 1507.136 1508.261 1509.385 1510.51 1509.744 1508.764 1507.784 1506.804 1505.754 1504.583 1503.412 1502.241 1501.07 1500.719 1500.524 1500.329 1500.134 1500.0 1500.0 1500.0 1500.0 1500.0 1500.119 1500.271 1500.423 1500.575 1501.29 1503.662 1506.035 1508.407 1510.78 1515.46 1521.016 1526.572 1532.128 1537.86 1544.31 1550.761 1557.212 1563.663 1569.773 1575.713 1581.652 1587.592 1592.907
1506.798 1509.633 1512.467 1515.301 1518.082 1517.192 1516.303 1515.413 1514.524 1512.795 1510.176 1507.557 1504.938 1502.319 1503.159 1504.156 1505.153 1506.15 1507.269 1508.549 1509.83 1511.111 1512.392 1511.687 1510.758 1509.83 1508.901 1507.795 1506.386 1504.977 1503.569 1502.16 1501.576 1501.149 1500.722 1500.294 1500.0 1500.0 1500.0 1500.0 1500.0 1500.091 1500.206 1500.322 1500.438 1501.001 1502.884 1504.766 1506.649 1508.532 1512.554 1517.39 1522.225 1527.061 1532.086 1537.886 1543.687 1549.488 1555.289 1561.463 1567.824 1574.185 1580.546 1586.369
1511.369 1515.177 1518.984 1522.792 1526.521 1524.918 1523.315 1521.711 1520.108 1517.573 1514.051 1510.529 1507.007 1503.485 1504.301 1505.314 1506.328 1507.341 1508.536 1509.974 1511.411 1512.849 1514.286 1513.646 1512.772 1511.897 1511.022 1509.862 1508.215 1506.569 1504.922 1503.276 1502.454 1501.789 1501.123 1500.458 1500.0 1500.0 1500.0 1500.0 1500.0 1500.065 1500.148 1500.232 1500.315 1500.731 1502.127 1503.523 1504.918 1506.314 1509.674 1513.779 1517.885 1521.99 1526.296 1531.427 1536.557 1541.687 1546.818 1553.042 1559.814 1566.586 1573.358 1579.682
1515.939 1520.721 1525.502 1530.283 1534.962 1532.645 1530.327 1528.01 1525.693 1522.352 1517.927 1513.501 1509.076 1504.651 1505.443 1506.473 1507.502 1508.532 1509.803 1511.398 1512.992 1514.587 1516.181 1515.605 1514.785 1513.964 1513.143 1511.93 1510.045 1508.161 1506.276 1504.391 1503.332 1502.428 1501.525 1500.622 1500.0 1500.0 1500.0 1500.0 1500.0 1500.04 1500.091 1500.141 1500.192 1500.461 1501.37 1502.279 1503.188 1504.097 1506.793 1510.168 1513.544 1516.919 1520.507 1524.966 1529.426 1533.886 1538.346 1544.621 1551.804 1558.986 1566.169 1572.995
1520.51 1526.265 1532.02 1537.774 1543.402 1540.371 1537.339 1534.308 1531.277 1527.131 1521.802 1516.474 1511.145 1505.817 1506.586 1507.631 1508.677 1509.723 1511.07 1512.822 1514.573 1516.324 1518.076 1517.565 1516.798 1516.031 1515.265 1513.997 1511.875 1509.752 1507.63 1505.507 1504.209 1503.068 1501.927 1500.786 1500.0 1500.0 1500.0 1500.0 1500.0 1500.014 1500.033 1500.051 1500.069 1500.19 1500.612 1501.035 1501.457 1501.879 1503.913 1506.558 1509.203 1511.848 1514.718 1518.507 1522.296 1526.085 1529.874 1536.2 1543.793 1551.387 1558.981 1566.308
1526.88 1533.216 1539.551 1545.887 1552.08 1548.594 1545.107 1541.621 1538.134 1533.404 1527.356 1521.308 1515.26 1509.211 1509.685 1510.456 1511.226 1511.997 1513.212 1515.024 1516.836 1518.648 1520.459 1519.957 1519.192 1518.428 1517.664 1516.326 1514.01 1511.695 1509.379 1507.063 1505.523 1504.129 1502.736 1501.343 1500.357 1500.272 1500.188 1500.103 1500.018 1500.0 1500.0 1500.0 1500.0 1500.034 1500.167 1500.3 1500.433 1500.566 1502.065 1504.084 1506.103 1508.121 1510.352 1513.457 1516.561 1519.665 1522.77 1528.748 1536.162 1543.577 1550.992 1558.244
1535.589 1541.995 1548.401 1554.807 1561.068 1557.462 1553.857 1550.251 1546.646 1541.621 1535.091 1528.562 1522.032 1515.503 1515.33 1515.446 1515.562 1515.678 1516.491 1518.238 1519.985 1521.732 1523.479 1522.911 1522.082 1521.253 1520.424 1518.995 1516.544 1514.093 1511.642 1509.191 1507.402 1505.738 1504.074 1502.411 1501.178 1500.899 1500.619 1500.34 1500.061 1500.0 1500.0 1500.0 1500.0 1500.026 1500.126 1500.227 1500.327 1500.428 1501.562 1503.088 1504.615 1506.141 1507.839 1510.24 1512.641 1515.043 1517.444 1522.557 1529.025 1535.493 1541.961 1548.391
