data/zism_data/00834_04_D.txt
ncols         224
nrows         224
[rows 84 to 111 of 224, columns 63 to 125 of 224]
618.6902 622.4766 626.2632 630.0496 634.0315 638.0822 642.1331 646.1838 650.062 653.1967 656.3314 659.4662 662.601 665.689 668.7505 671.812 674.8735 677.8509 679.9453 682.0396 684.1339 686.2283 688.0444 689.6199 691.1956 692.7711 694.3466 695.2703 696.1844 697.0986 698.0126 698.6634 698.9716 699.2798 699.5881 699.8963 699.9453 699.9602 699.9751 699.9901 699.9781 699.9123 699.8465 699.7808 699.715 699.6094 699.4927 699.3761 699.2595 699.1546 699.0888 699.023 698.9573 698.8915 699.1149 699.4736 699.8324 700.1912 700.5223 700.6688 700.8153 700.9618 701.1083
621.0939 624.9804 628.8671 632.7535 636.8408 640.9986 645.1566 649.3145 653.2863 656.4561 659.6259 662.7957 665.9655 669.0685 672.1334 675.1983 678.2632 681.2358 683.2391 685.2425 687.2459 689.2493 690.9183 692.2983 693.6783 695.0583 696.4383 697.0979 697.7469 698.396 699.045 699.4606 699.5725 699.6845 699.7965 699.9084 699.8757 699.8239 699.7721 699.7203 699.6422 699.5114 699.3806 699.2498 699.119 698.9399 698.7474 698.5549 698.3623 698.2281 698.2872 698.3463 698.4055 698.4645 698.7544 699.1523 699.5502 699.9481 700.3109 700.4401 700.5694 700.6986 700.8278
623.9177 627.949 631.9806 636.012 640.1132 644.2388 648.3646 652.4902 656.443 659.6503 662.8577 666.0651 669.2725 672.3754 675.4188 678.4623 681.5057 684.4391 686.2172 687.9951 689.7732 691.5512 692.9576 694.0424 695.1273 696.2122 697.2971 697.7991 698.2925 698.786 699.2795 699.579 699.6266 699.6743 699.7219 699.7694 699.6438 699.4954 699.347 699.1987 699.0204 698.7823 698.5442 698.3062 698.0681 697.7984 697.52 697.2416 696.9633 696.8204 697.1263 697.4322 697.7381 698.044 698.4528 698.9097 699.3666 699.8235 700.2335 700.3305 700.4276 700.5246 700.6216
626.7415 630.9178 635.0941 639.2704 643.3856 647.4791 651.5726 655.6661 659.5998 662.8447 666.0896 669.3347 672.5795 675.6824 678.7043 681.7263 684.7482 687.6425 689.1952 690.7478 692.3005 693.8531 694.9968 695.7866 696.5764 697.3661 698.1559 698.5004 698.8382 699.1761 699.5139 699.6976 699.6808 699.664 699.6472 699.6304 699.4119 699.1669 698.922 698.6771 698.3986 698.0532 697.7078 697.3624 697.017 696.6569 696.2927 695.9285 695.5642 695.4127 695.9653 696.5181 697.0707 697.6235 698.1511 698.6671 699.183 699.6989 700.156 700.2209 700.2857 700.3506 700.4154
629.5654 633.8865 638.2077 642.5288 646.658 650.7193 654.7807 658.842 662.7566 666.0391 669.3215 672.6041 675.8866 678.9893 681.9898 684.9904 687.9908 690.8459 692.1732 693.5005 694.8278 696.1552 697.036 697.5307 698.0254 698.5201 699.0148 699.2016 699.3839 699.5661 699.7484 699.8161 699.7349 699.6537 699.5725 699.4913 699.18 698.8385 698.4969 698.1555 697.7769 697.3242 696.8715 696.4188 695.966 695.5154 695.0653 694.6152 694.1652 694.0049 694.8044 695.6039 696.4034 697.2029 697.8495 698.4244 698.9994 699.5743 700.0786 700.1112 700.1439 700.1766 700.2092
632.3892 636.8552 641.3213 645.7872 649.9304 653.9595 657.9887 662.0178 665.9134 669.2335 672.5535 675.8736 679.1936 682.2963 685.2753 688.2544 691.2334 694.0493 695.1512 696.2532 697.3552 698.4572 699.0753 699.2748 699.4744 699.674 699.8737 699.9028 699.9294 699.9561 699.9828 699.9346 699.789 699.6434 699.4979 699.3523 698.9481 698.51 698.0719 697.6339 697.1551 696.5951 696.035 695.475 694.915 694.3739 693.838 693.3021 692.7661 692.5971 693.6434 694.6898 695.7361 696.7825 697.5479 698.1819 698.8158 699.4498 700.0011 700.0016 700.0021 700.0025 700.003
633.4769 638.1036 642.7304 647.3571 651.6161 655.7452 659.8744 664.0035 667.9993 671.4203 674.8413 678.2625 681.6835 684.6439 687.3423 690.0409 692.7393 695.2799 696.1618 697.0438 697.9257 698.8076 699.2986 699.4517 699.6047 699.7578 699.9108 699.8849 699.8564 699.828 699.7996 699.5887 699.1408 698.6929 698.2451 697.7972 697.0949 696.3593 695.6237 694.8881 694.2246 693.7054 693.1861 692.6668 692.1475 691.7509 691.3882 691.0255 690.6628 690.6976 692.0489 693.4002 694.7515 696.1028 697.0417 697.7875 698.5334 699.2792 699.9154 699.8203 699.725 699.6299 699.5347
634.5391 639.3267 644.1145 648.9021 653.2785 657.5095 661.7407 665.9716 670.0694 673.5923 677.1153 680.6384 684.1614 686.9774 689.3914 691.8057 694.2197 696.4816 697.1435 697.8054 698.4674 699.1293 699.4954 699.6055 699.7156 699.8257 699.9358 699.8564 699.7744 699.6923 699.6101 699.236 698.4823 697.7286 696.9749 696.2212 695.2179 694.1818 693.1458 692.1097 691.2603 690.7839 690.3076 689.8312 689.3549 689.106 688.9204 688.7348 688.5492 688.7909 690.4479 692.1051 693.7622 695.4193 696.5325 697.391 698.2495 699.108 699.8296 699.6378 699.446 699.2543 699.0626
635.6012 640.5498 645.4985 650.4471 654.9409 659.2738 663.6069 667.9398 672.1395 675.7644 679.3893 683.0143 686.6392 689.3108 691.4406 693.5704 695.7001 697.6832 698.1252 698.5671 699.0091 699.4511 699.6921 699.7593 699.8265 699.8936 699.9608 699.828 699.6923 699.5565 699.4207 698.8833 697.8238 696.7643 695.7048 694.6452 693.3409 692.0043 690.6678 689.3314 688.2958 687.8624 687.429 686.9955 686.5621 686.4612 686.4526 686.4441 686.4355 686.8842 688.847 690.81 692.7729 694.7359 696.0233 696.9944 697.9656 698.9368 699.7437 699.4554 699.1671 698.8788 698.5905
636.6634 641.7729 646.8826 651.9922 656.6032 661.0381 665.4731 669.908 674.2096 677.9365 681.6633 685.3903 689.1171 691.6443 693.4897 695.3351 697.1805 698.8848 699.1069 699.3289 699.5508 699.7728 699.8888 699.9131 699.9373 699.9616 699.9858 699.7996 699.6101 699.4207 699.2313 698.5306 697.1653 695.7999 694.4346 693.0693 691.4638 689.8268 688.1899 686.5529 685.3314 684.9409 684.5504 684.1599 683.7694 683.8164 683.9849 684.1534 684.3218 684.9774 687.2461 689.5149 691.7836 694.0524 695.514 696.5979 697.6818 698.7656 699.6579 699.273 698.8881 698.5032 698.1183
636.6985 642.144 647.5897 653.0351 657.8987 662.5569 667.2151 671.8733 676.3489 680.0377 683.7266 687.4155 691.1043 693.4438 695.0165 696.5893 698.162 699.6057 699.694 699.7823 699.8707 699.959 700.0 700.0 700.0 700.0 700.0 699.6869 699.3692 699.0515 698.7338 697.7911 696.0359 694.2808 692.5257 690.7705 688.8687 686.9476 685.0265 683.1054 681.7096 681.3643 681.0191 680.6738 680.3286 680.5477 680.9236 681.2994 681.6753 682.5475 685.0637 687.5801 690.0963 692.6126 694.2696 695.5245 696.7793 698.0341 699.0488 698.4623 697.8759 697.2894 696.703
635.3987 641.4075 647.4164 653.4252 658.7175 663.7565 668.7957 673.8348 678.5781 682.047 685.5158 688.9848 692.4536 694.5492 695.8644 697.1796 698.4948 699.7015 699.7684 699.8353 699.9021 699.969 700.0 700.0 700.0 700.0 700.0 699.4648 698.9218 698.3787 697.8357 696.5486 694.2946 692.0404 689.7863 687.5322 685.3401 683.1561 680.9721 678.7881 677.2331 676.9362 676.6392 676.3422 676.0453 676.468 677.0907 677.7134 678.3361 679.4377 682.1256 684.8136 687.5015 690.1895 692.0693 693.571 695.0726 696.5743 697.7595 696.835 695.9106 694.9861 694.0616
634.0988 640.6709 647.2433 653.8154 659.5362 664.9562 670.3763 675.7963 680.8074 684.0563 687.3052 690.5541 693.803 695.6547 696.7123 697.77 698.8276 699.7973 699.8427 699.8881 699.9335 699.9789 700.0 700.0 700.0 700.0 700.0 699.2427 698.4744 697.7059 696.9376 695.3062 692.5532 689.8 687.0469 684.2938 681.8115 679.3646 676.9176 674.4708 672.7566 672.5079 672.2592 672.0106 671.7619 672.3883 673.2578 674.1273 674.9968 676.3278 679.1874 682.0471 684.9067 687.7664 689.8691 691.6176 693.366 695.1144 696.4702 695.2077 693.9452 692.6827 691.4202
632.7989 639.9344 647.0701 654.2056 660.3549 666.1558 671.957 677.7579 683.0367 686.0656 689.0945 692.1235 695.1523 696.7601 697.5602 698.3604 699.1605 699.8931 699.9171 699.941 699.965 699.9889 700.0 700.0 700.0 700.0 700.0 699.0207 698.0269 697.0332 696.0394 694.0638 690.8118 687.5596 684.3076 681.0554 678.2828 675.573 672.8632 670.1534 668.28 668.0797 667.8793 667.6789 667.4785 668.3085 669.4249 670.5411 671.6575 673.2178 676.2491 679.2806 682.3118 685.3433 687.6688 689.6641 691.6594 693.6546 695.1808 693.5804 691.9799 690.3794 688.7789
631.499 639.1978 646.8969 654.5958 661.1736 667.3555 673.5376 679.7194 685.266 688.0749 690.8838 693.6928 696.5017 697.8655 698.4081 698.9507 699.4933 699.9889 699.9914 699.9939 699.9963 699.9988 700.0 700.0 700.0 700.0 700.0 698.7986 697.5795 696.3604 695.1414 692.8214 689.0703 685.3192 681.5682 677.817 674.7542 671.7815 668.8087 665.8361 663.8035 663.6514 663.4993 663.3472 663.1951 664.2288 665.5919 666.9551 668.3182 670.108 673.3109 676.514 679.717 682.9201 685.4686 687.7106 689.9527 692.1947 693.8915 691.953 690.0145 688.076 686.1375
632.886 641.0392 649.1926 657.3457 663.9765 670.0697 676.1631 682.2564 687.6529 690.0474 692.4418 694.8364 697.2308 698.3649 698.7827 699.2006 699.6185 700.0 700.0 700.0 700.0 700.0 699.939 699.8251 699.7112 699.5974 699.4836 697.979 696.4539 694.9288 693.4038 690.8156 686.8455 682.8752 678.905 674.9348 671.635 668.4232 665.2112 661.9993 659.7728 659.5173 659.2617 659.006 658.7504 659.9214 661.4886 663.0559 664.6231 666.5831 669.8439 673.1049 676.3657 679.6267 682.1646 684.3641 686.5637 688.7632 690.4018 688.3008 686.1997 684.0987 681.9976
634.6255 643.2186 651.812 660.4051 667.0396 672.9826 678.9258 684.8688 690.0605 692.015 693.9695 695.924 697.8785 698.7848 699.0953 699.4059 699.7164 700.0 700.0 700.0 700.0 700.0 699.8699 699.6273 699.3846 699.1421 698.8994 697.081 695.2394 693.3978 691.5562 688.7097 684.5571 680.4044 676.2519 672.0992 668.5696 665.1216 661.6736 658.2257 655.8007 655.4216 655.0427 654.6636 654.2847 655.5842 657.3499 659.1157 660.8813 663.0038 666.3076 669.6115 672.9152 676.2191 678.7159 680.835 682.954 685.073 686.6234 684.3829 682.1423 679.9019 677.6613
636.3651 645.3981 654.4315 663.4644 670.1027 675.8955 681.6884 687.4812 692.468 693.9826 695.4971 697.0117 698.5262 699.2047 699.4079 699.6111 699.8144 700.0 700.0 700.0 700.0 700.0 699.8008 699.4294 699.0581 698.6867 698.3153 696.183 694.0249 691.8666 689.7085 686.6038 682.2688 677.9337 673.5987 669.2635 665.5041 661.8201 658.136 654.452 651.8285 651.326 650.8237 650.3212 649.8188 651.2469 653.2111 655.1754 657.1396 659.4246 662.7712 666.118 669.4647 672.8115 675.2672 677.3058 679.3443 681.3829 682.8451 680.4651 678.085 675.705 673.325
638.1046 647.5776 657.0508 666.5238 673.1658 678.8083 684.4511 690.0936 694.8756 695.9502 697.0248 698.0994 699.174 699.6246 699.7205 699.8165 699.9124 700.0 700.0 700.0 700.0 700.0 699.7318 699.2316 698.7315 698.2313 697.7311 695.285 692.8104 690.3356 687.8608 684.4979 679.9805 675.463 670.9456 666.428 662.4387 658.5186 654.5984 650.6783 647.8563 647.2305 646.6047 645.9788 645.353 646.9096 649.0723 651.2352 653.3979 655.8453 659.2349 662.6246 666.0142 669.404 671.8184 673.7766 675.7346 677.6927 679.0668 676.5472 674.0277 671.5082 668.9886
639.5291 649.2042 658.8796 668.5546 675.1648 680.6928 686.2211 691.7491 696.3833 697.1664 697.9495 698.7326 699.5157 699.8138 699.8364 699.8591 699.8817 699.9005 699.879 699.8575 699.8361 699.8146 699.4118 698.6791 697.9465 697.2138 696.4811 693.7144 690.9178 688.1211 685.3245 681.7267 677.0877 672.4485 667.8095 663.1703 658.9835 654.856 650.7283 646.6008 643.6071 642.8811 642.1551 641.4291 640.7032 642.3947 644.7578 647.1209 649.484 652.1059 655.585 659.0641 662.5432 666.0223 668.4105 670.2881 672.1657 674.0433 675.3315 672.6904 670.0492 667.4081 664.7669
640.3237 649.7252 659.127 668.5284 675.0354 680.5205 686.0059 691.491 696.0914 696.8798 697.6682 698.4567 699.2451 699.5418 699.5591 699.5764 699.5936 699.6019 699.5161 699.4302 699.3444 699.2585 698.5899 697.4173 696.2447 695.0721 693.8995 690.7985 687.6693 684.5399 681.4106 677.6249 672.9858 668.3467 663.7077 659.0685 654.7489 650.4711 646.1932 641.9155 638.8037 638.0241 637.2444 636.4648 635.6852 637.5247 640.0916 642.6586 645.2255 648.0464 651.7078 655.3694 659.0309 662.6924 665.084 666.8811 668.6782 670.4753 671.6824 668.9554 666.2284 663.5015 660.7744
641.1183 650.2462 659.3743 668.5021 674.906 680.3483 685.7906 691.2328 695.7994 696.5932 697.387 698.1808 698.9747 699.2698 699.2817 699.2936 699.3055 699.3033 699.1531 699.0029 698.8527 698.7025 697.7681 696.1555 694.5429 692.9304 691.3178 687.8827 684.4208 680.9588 677.4969 673.5231 668.8841 664.2449 659.606 654.9667 650.5143 646.0864 641.6583 637.2303 634.0004 633.1672 632.3339 631.5006 630.6674 632.6547 635.4255 638.1964 640.9672 643.9869 647.8308 651.6748 655.5187 659.3627 661.7575 663.4742 665.1909 666.9075 668.0333 665.2205 662.4077 659.5948 656.782
641.9129 650.7671 659.6216 668.4758 674.7767 680.176 685.5754 690.9747 695.5074 696.3066 697.1058 697.905 698.7041 698.9979 699.0044 699.0109 699.0175 699.0048 698.7902 698.5756 698.3609 698.1463 696.9462 694.8937 692.8411 690.7887 688.7361 684.9668 681.1723 677.3776 673.5831 669.4213 664.7823 660.1431 655.5041 650.8649 646.2797 641.7015 637.1232 632.545 629.1971 628.3102 627.4232 626.5363 625.6494 627.7846 630.7593 633.7341 636.7087 639.9274 643.9537 647.9801 652.0063 656.0328 658.431 660.0672 661.7034 663.3395 664.3842 661.4856 658.5869 655.6882 652.7895
642.7075 651.2881 659.869 668.4496 674.6473 680.0037 685.3602 690.7166 695.2155 696.02 696.8245 697.6291 698.4336 698.7259 698.7271 698.7282 698.7294 698.7062 698.4272 698.1482 697.8692 697.5902 696.1243 693.6318 691.1393 688.6469 686.1544 682.051 677.9238 673.7964 669.6693 665.3195 660.6805 656.0413 651.4023 646.7631 642.045 637.3167 632.5881 627.8597 624.3937 623.4532 622.5126 621.572 620.6314 622.9146 626.0931 629.2718 632.4503 635.8679 640.0765 644.2854 648.4941 652.7029 655.1045 656.6602 658.2159 659.7716 660.7351 657.7506 654.7661 651.7816 648.797
640.0503 647.9626 655.8751 663.7874 669.9435 675.4795 681.0157 686.5517 691.2701 692.4663 693.6625 694.8588 696.055 696.5125 696.5503 696.5881 696.6259 696.6294 696.2734 695.9175 695.5615 695.2055 693.5333 690.7227 687.9119 685.1013 682.2906 678.041 673.7701 669.4991 665.2282 660.7442 655.9834 651.2225 646.4617 641.7008 637.0734 632.4634 627.8534 623.2435 619.9409 619.2531 618.5654 617.8777 617.19 619.6318 622.9429 626.254 629.5651 633.0703 637.2178 641.3655 645.5131 649.6608 652.0052 653.5057 655.0061 656.5065 657.4343 654.5445 651.6547 648.7649 645.875
636.4343 643.5685 650.7031 657.8373 663.969 669.7465 675.5241 681.3015 686.31 688.0051 689.7003 691.3956 693.0907 693.7598 693.8459 693.932 694.0181 694.0587 693.6223 693.1858 692.7493 692.3129 690.4508 687.3558 684.2607 681.1658 678.0707 673.727 669.3649 665.0027 660.6406 656.0374 651.121 646.2045 641.2881 636.3716 631.8969 627.4802 623.0632 618.6465 615.5853 615.2356 614.8859 614.5362 614.1865 616.79 620.2137 623.6376 627.0613 630.6231 634.642 638.6609 642.6797 646.6987 648.9691 650.4213 651.8734 653.3255 654.2302 651.4853 648.7403 645.9954 643.2504
632.8182 639.1746 645.5311 651.8874 657.9945 664.0134 670.0325 676.0514 681.3498 683.5439 685.7381 687.9323 690.1265 691.0071 691.1415 691.2759 691.4103 691.488 690.9711 690.4541 689.9372 689.4202 687.3683 683.989 680.6096 677.2302 673.8508 669.413 664.9598 660.5063 656.053 651.3306 646.2587 641.1865 636.1146 631.0424 626.7205 622.4968 618.2731 614.0495 611.2297 611.2181 611.2064 611.1947 611.183 613.9482 617.4846 621.0211 624.5575 628.176 632.0661 635.9562 639.8463 643.7365 645.933 647.3369 648.7407 650.1445 651.0261 648.4261 645.8259 643.2259 640.6257
629.2021 634.7805 640.3591 645.9374 652.02 658.2803 664.5409 670.8012 676.3896 679.0828 681.7759 684.4691 687.1622 688.2545 688.4371 688.6198 688.8024 688.9172 688.3198 687.7225 687.125 686.5276 684.2859 680.6222 676.9584 673.2947 669.6309 665.0991 660.5546 656.0099 651.4655 646.6238 641.3963 636.1685 630.941 625.7133 621.544 617.5135 613.483 609.4525 606.8742 607.2005 607.5269 607.8532 608.1796 611.1063 614.7554 618.4046 622.0537 625.7289 629.4902 633.2516 637.0129 640.7744 642.8969 644.2525 645.608 646.9636 647.822 645.3668 642.9116 640.4564 638.0011
