data/zism_data/00834_02_D.txt
ncols         224
nrows         224
[rows 196 to 223 of 224, columns 0 to 62 of 224]
690.1671 684.0627 677.9583 670.1727 660.326 650.4796 640.6328 630.7864 628.0151 626.0425 624.07 622.0974 621.5039 623.4961 625.4883 627.4805 629.4726 631.4432 633.4083 635.3734 637.3385 640.0146 644.8661 649.7174 654.5688 659.4201 664.5873 669.8929 675.1983 680.5039 685.1826 686.1636 687.1446 688.1256 689.1066 689.9767 690.7712 691.5658 692.3603 693.2078 695.2211 697.2344 699.2477 701.2609 703.4912 705.9448 708.3983 710.8519 713.3055 711.8979 710.2528 708.6076 706.9625 703.5759 697.4807 691.3854 685.29 679.1948 672.0378 664.6798 657.3216 649.9636 643.0606
692.493 686.9413 681.3895 674.0722 664.5903 655.1087 645.6268 636.1452 633.9219 632.518 631.1142 629.7103 629.7788 632.608 635.4371 638.2663 641.0953 642.6114 643.7932 644.975 646.1568 647.9822 651.7767 655.571 659.3655 663.1599 667.9532 673.1837 678.414 683.6445 688.2364 689.0618 689.8872 690.7126 691.538 692.1537 692.6263 693.099 693.5716 694.0886 695.5814 697.0743 698.5672 700.0601 701.7117 703.5268 705.3419 707.1571 708.9722 708.0684 706.9973 705.9262 704.8552 702.0258 696.4617 690.8976 685.3334 679.7693 672.8369 665.6452 658.4532 651.2615 644.5109
694.8191 689.8201 684.8209 677.9718 668.8547 659.738 650.621 641.5042 639.8289 638.9938 638.1586 637.3235 638.054 641.7202 645.3863 649.0524 652.7185 653.78 654.1785 654.5769 654.9753 655.9501 658.6876 661.4249 664.1624 666.8998 671.3192 676.4745 681.6298 686.7851 691.2903 691.9601 692.6299 693.2997 693.9695 694.3309 694.4815 694.6322 694.7829 694.9693 695.9418 696.9142 697.8867 698.8591 699.9322 701.1088 702.2854 703.4621 704.6387 704.2388 703.7418 703.2448 702.7477 700.4757 695.4428 690.4099 685.3768 680.3439 673.6359 666.6106 659.585 652.5596 645.9613
697.3502 692.7797 688.209 681.8376 673.2585 664.6797 656.1006 647.5217 646.3842 646.0867 645.7892 645.4918 646.8368 651.2616 655.6862 660.111 664.5356 665.1722 664.8445 664.5168 664.1891 664.3469 665.9899 667.6328 669.2758 670.9186 674.7958 679.6508 684.5055 689.3604 693.5939 694.162 694.7301 695.2982 695.8663 696.0563 695.9879 695.9196 695.8512 695.8106 696.3802 696.9498 697.5194 698.089 698.722 699.4202 700.1183 700.8166 701.5148 701.4418 701.3212 701.2007 701.0802 699.1717 694.4821 689.7926 685.1029 680.4133 673.7558 666.7253 659.6946 652.6641 646.0741
700.3501 695.9244 691.4987 685.6265 677.981 670.3357 662.6901 655.0449 654.4214 654.5907 654.7601 654.9294 656.7803 661.7846 666.7887 671.793 676.7971 677.0765 676.1532 675.23 674.3067 673.7249 674.1874 674.65 675.1125 675.5751 678.5258 682.5651 686.6044 690.6437 694.183 694.7726 695.3622 695.9517 696.5413 696.7495 696.6972 696.645 696.5927 696.5617 696.9971 697.4326 697.868 698.3035 698.8129 699.3984 699.984 700.5695 701.1551 701.0048 700.8091 700.6135 700.4178 698.43 693.6546 688.8792 684.1037 679.3283 672.3234 664.8958 657.468 650.0405 643.1297
703.3502 699.0693 694.7884 689.4155 682.7036 675.9918 669.2799 662.5682 662.4589 663.095 663.7311 664.3673 666.7243 672.308 677.8916 683.4753 689.0589 688.9811 687.4623 685.9435 684.4246 683.1031 682.3853 681.6675 680.9496 680.2318 682.2558 685.4796 688.7033 691.9271 694.7722 695.3832 695.9942 696.6052 697.2162 697.4427 697.4066 697.3704 697.3343 697.3128 697.6141 697.9154 698.2167 698.5181 698.9039 699.3768 699.8496 700.3225 700.7953 700.5677 700.2969 700.0262 699.7554 697.6883 692.8271 687.9659 683.1044 678.2432 670.8909 663.0663 655.2415 647.4169 640.1852
706.35 702.2141 698.0781 693.2043 687.426 681.6478 675.8694 670.0913 670.4961 671.5991 672.702 673.8049 676.6678 682.8311 688.9941 695.1573 701.3203 700.8854 698.771 696.6567 694.5422 692.4811 690.5829 688.6847 686.7864 684.8882 685.9858 688.394 690.8022 693.2104 695.3613 695.9938 696.6262 697.2587 697.8912 698.136 698.1159 698.0958 698.0758 698.0638 698.231 698.3983 698.5654 698.7326 698.9949 699.355 699.7153 700.0754 700.4356 700.1307 699.7849 699.439 699.0931 696.9467 691.9996 687.0525 682.1052 677.1582 669.4584 661.2368 653.0149 644.7933 637.2408
709.35 705.359 701.3679 696.9933 692.1486 687.304 682.4592 677.6147 678.5336 680.1034 681.6731 683.2429 686.6118 693.3545 700.0969 706.8397 713.5821 712.7901 710.0801 707.3702 704.6602 701.8595 698.7808 695.7021 692.6235 689.5449 689.7158 691.3085 692.9011 694.4938 695.9504 696.6044 697.2583 697.9122 698.5662 698.8292 698.8253 698.8213 698.8173 698.8149 698.848 698.881 698.9141 698.9471 699.0859 699.3334 699.5809 699.8284 700.0759 699.6937 699.2726 698.8517 698.4307 696.205 691.172 686.1391 681.106 676.0731 668.0259 659.4072 650.7883 642.1697 634.2964
713.7485 708.8996 704.0505 699.4376 695.114 690.7906 686.467 682.1435 683.8218 686.1778 688.5337 690.8896 694.925 702.1097 709.2942 716.4789 723.6633 722.5862 719.406 716.2259 713.0457 709.6038 705.3608 701.1181 696.8752 692.6324 691.9858 692.9125 693.8392 694.766 695.6533 696.3085 696.9637 697.6189 698.2741 698.5712 698.6238 698.6763 698.7289 698.7803 698.8045 698.8287 698.853 698.8773 698.9959 699.2116 699.4273 699.643 699.8587 699.5029 699.1119 698.7209 698.33 696.2582 691.5721 686.886 682.1997 677.5136 669.4258 660.6932 651.9603 643.2277 635.1595
718.6044 712.5697 706.5348 701.4424 697.5052 693.568 689.6307 685.6936 688.2114 691.4581 694.7046 697.9513 702.7056 710.2874 717.8689 725.4506 733.0321 731.6934 728.0839 724.4746 720.8652 716.8142 711.4124 706.0107 700.6088 695.2071 693.7785 694.0882 694.3979 694.7076 695.0665 695.7164 696.3662 697.0161 697.6658 698.0023 698.1246 698.2469 698.3692 698.4886 698.5451 698.6016 698.658 698.7145 698.8467 699.0571 699.2674 699.4777 699.6881 699.3926 699.066 698.7394 698.4129 696.5714 692.3735 688.1757 683.9777 679.7798 671.7518 662.9977 654.2433 645.4893 637.2675
723.4601 716.2396 709.019 703.4472 699.8962 696.3454 692.7944 689.2435 692.6008 696.7382 700.8753 705.0127 710.486 718.4648 726.4432 734.4221 742.4006 740.8003 736.7616 732.7231 728.6844 724.0245 717.4636 710.9031 704.3423 697.7817 695.5712 695.2639 694.9565 694.6492 694.4798 695.1243 695.7687 696.4132 697.0576 697.4333 697.6254 697.8174 698.0095 698.197 698.2857 698.3743 698.463 698.5516 698.6976 698.9026 699.1075 699.3125 699.5175 699.2823 699.0202 698.758 698.4958 696.8845 693.1749 689.4653 685.7556 682.0459 674.0778 665.3022 656.5264 647.7508 639.3753
728.3159 719.9097 711.5033 705.452 702.2874 699.1229 695.9582 692.7936 696.9904 702.0184 707.0463 712.0743 718.2665 726.6424 735.0179 743.3938 751.7693 749.9075 745.4396 740.9718 736.5038 731.2349 723.5151 715.7957 708.0759 700.3564 697.3639 696.4395 695.5151 694.5908 693.893 694.5321 695.1712 695.8103 696.4494 696.8643 697.1261 697.3879 697.6497 697.9055 698.0262 698.1471 698.2679 698.3888 698.5485 698.748 698.9477 699.1473 699.3469 699.1721 698.9743 698.7765 698.5787 697.1977 693.9763 690.7549 687.5334 684.3121 676.4037 667.6068 658.8094 650.0125 641.4833
733.1877 723.7352 714.2823 707.7731 704.8717 701.9705 699.0691 696.1678 701.2219 707.1743 713.1265 719.0789 725.983 734.6721 743.3608 752.0499 760.7386 758.665 753.8517 749.0385 744.2252 738.4399 729.681 720.9223 712.1634 703.4047 699.6297 698.0349 696.4402 694.8455 693.5685 694.1664 694.7642 695.362 695.9598 696.3851 696.6927 697.0004 697.308 697.6086 697.7562 697.9038 698.0514 698.199 698.3701 698.5654 698.7608 698.9561 699.1514 699.0412 698.9121 698.7831 698.654 697.4935 694.7288 691.9641 689.1993 686.4346 678.6222 669.8527 661.0829 652.3135 643.6869
738.1226 728.1711 718.2193 711.3365 708.2151 705.0939 701.9726 698.8514 704.8328 711.8422 718.8513 725.8607 733.4485 742.1215 750.7941 759.467 768.1397 766.05 761.2206 756.3913 751.5618 745.6244 736.2967 726.9694 717.6417 708.3144 703.7542 701.2795 698.8049 696.3303 694.2746 694.69 695.1053 695.5208 695.9362 696.2588 696.5181 696.7775 697.0368 697.2915 697.4445 697.5974 697.7504 697.9033 698.0771 698.2725 698.4678 698.6631 698.8585 698.8291 698.7858 698.7426 698.6994 697.7213 695.2892 692.8572 690.425 687.993 680.4185 671.869 663.3192 654.7697 646.2667
743.0578 732.6073 722.1565 714.9 711.5587 708.2175 704.8762 701.535 708.4438 716.5103 724.5764 732.6428 740.9142 749.5711 758.2277 766.8845 775.541 773.4352 768.5897 763.7443 758.8987 752.809 742.9127 733.0166 723.1202 713.2242 707.8788 704.5242 701.1697 697.8152 694.9807 695.2136 695.4466 695.6796 695.9125 696.1324 696.3435 696.5545 696.7656 696.9743 697.1326 697.291 697.4493 697.6076 697.7841 697.9795 698.1748 698.3701 698.5655 698.6169 698.6595 698.7021 698.7448 697.9492 695.8497 693.7503 691.6508 689.5514 682.2148 673.8853 665.5555 657.226 648.8465
747.9927 737.0433 726.0936 718.4635 714.9022 711.3411 707.7798 704.2186 712.0548 721.1782 730.3012 739.4246 748.3797 757.0204 765.6609 774.3017 782.9421 780.8203 775.9586 771.0971 766.2355 759.9935 749.5284 739.0637 728.5985 718.1338 712.0032 707.7688 703.5345 699.3 695.6866 695.7372 695.7878 695.8383 695.8889 696.0061 696.1688 696.3316 696.4944 696.6572 696.8209 696.9845 697.1482 697.3119 697.4911 697.6865 697.8818 698.0771 698.2725 698.4048 698.5333 698.6617 698.7902 698.177 696.4102 694.6434 692.8765 691.1097 684.0112 675.9016 667.7917 659.6822 651.4263
752.9279 741.4795 730.0307 722.027 718.2458 714.4647 710.6834 706.9023 715.6659 725.8463 736.0262 746.2065 755.8455 764.4701 773.0945 781.7191 790.3434 788.2054 783.3277 778.4501 773.5724 767.1782 756.1443 745.1109 734.077 723.0436 716.1279 711.0134 705.8992 700.7849 696.3927 696.2608 696.129 695.9971 695.8652 695.8798 695.9942 696.1087 696.2231 696.34 696.509 696.678 696.8471 697.0162 697.1982 697.3935 697.5888 697.7842 697.9795 698.1927 698.407 698.6213 698.8356 698.4048 696.9706 695.5365 694.1023 692.6682 685.8075 677.9179 670.0281 662.1385 654.0062
757.7383 746.5328 735.3268 727.1144 722.5708 718.0274 713.4838 708.9403 717.6551 727.8671 738.0789 748.2909 757.968 766.6431 775.3178 783.9928 792.6675 791.0178 786.7398 782.462 778.184 772.2922 761.463 750.6341 739.8048 728.976 721.4495 715.3677 709.2862 703.2044 697.9404 697.5001 697.0599 696.6196 696.1793 696.0255 696.0671 696.1088 696.1505 696.1967 696.3431 696.4896 696.636 696.7824 696.965 697.1848 697.4047 697.6245 697.8443 698.1036 698.3652 698.6268 698.8885 698.54 697.2426 695.9451 694.6476 693.3502 686.7227 679.0846 671.4462 663.808 655.9028
762.4825 751.9155 741.348 733.0148 727.4195 721.8245 716.2292 710.6341 718.7794 728.4764 738.173 747.8699 757.241 766.0019 774.7625 783.5233 792.2839 791.3915 788.0417 784.6921 781.3423 776.3021 766.0899 755.8781 745.6658 735.454 727.4099 720.314 713.2184 706.1225 699.937 699.1211 698.3052 697.4894 696.6736 696.3163 696.2721 696.228 696.1838 696.1463 696.2551 696.364 696.4728 696.5817 696.7638 697.0212 697.2786 697.5359 697.7933 698.08 698.3685 698.6569 698.9454 698.6259 697.3606 696.0953 694.8301 693.5648 687.168 679.7981 672.428 665.0581 657.4351
767.2266 757.298 747.369 738.9149 732.2681 725.6214 718.9745 712.3278 719.9036 729.0855 738.2672 747.449 756.514 765.3608 774.2072 783.0539 791.9003 791.7651 789.3436 786.9221 784.5006 780.3118 770.7167 761.1218 751.5267 741.9318 733.3701 725.2602 717.1505 709.0405 701.9335 700.742 699.5507 698.3592 697.1678 696.6071 696.4771 696.3471 696.217 696.0958 696.1671 696.2384 696.3098 696.381 696.5626 696.8575 697.1524 697.4474 697.7423 698.0565 698.3717 698.687 699.0023 698.7117 697.4786 696.2456 695.0125 693.7794 687.6132 680.5116 673.4097 666.3082 658.9674
771.9708 762.6807 753.3902 744.8152 737.1168 729.4185 721.7199 714.0217 721.028 729.6948 738.3613 747.0281 755.787 764.7196 773.6519 782.5844 791.5167 792.1388 790.6455 789.1523 787.659 784.3217 775.3436 766.3658 757.3877 748.4099 739.3306 730.2065 721.0827 711.9587 703.9301 702.363 700.796 699.229 697.662 696.8979 696.6821 696.4662 696.2504 696.0453 696.0791 696.1129 696.1466 696.1804 696.3613 696.6938 697.0263 697.3588 697.6913 698.0328 698.375 698.7171 699.0593 698.7975 697.5967 696.3958 695.1949 693.994 688.0585 681.2251 674.3915 667.5582 660.4998
776.4427 767.8074 759.1718 750.52 741.8477 733.1757 724.5034 715.8314 722.1102 730.0775 738.0444 746.0116 754.3256 763.2907 772.2554 781.2205 790.1852 791.5139 790.8987 790.2836 789.6685 787.153 778.8246 770.4965 762.168 753.8398 744.3899 734.4489 724.5081 714.567 705.7898 703.8777 701.9656 700.0535 698.1414 697.1863 696.8845 696.5828 696.2811 695.9923 695.9858 695.9792 695.9727 695.9662 696.1393 696.4974 696.8555 697.2136 697.5716 697.944 698.3173 698.6907 699.064 698.84 697.6871 696.5342 695.3813 694.2284 688.5406 681.993 675.4451 668.8975 662.1227
778.5055 770.6696 762.8334 754.4941 745.5375 736.5811 727.6244 718.668 722.821 728.4542 734.0873 739.7206 746.3594 754.8845 763.4094 771.9344 780.4592 782.045 781.8644 781.6839 781.5034 779.5468 772.1573 764.7681 757.3785 749.9893 741.4708 732.4579 723.4454 714.4326 706.4381 704.4509 702.4637 700.4765 698.4893 697.4526 697.0651 696.6776 696.29 695.9163 695.8453 695.7744 695.7035 695.6326 695.7334 696.011 696.2886 696.5662 696.8438 697.2773 697.7203 698.1634 698.6064 698.4985 697.5333 696.5682 695.6031 694.6379 689.3499 683.2422 677.1343 671.0266 664.5488
780.5684 773.5319 766.4952 758.4684 749.2274 739.9866 730.7455 721.5048 723.5317 726.831 730.1301 733.4293 738.393 746.4781 754.5629 762.6481 770.7328 772.5758 772.8298 773.0839 773.338 771.9402 765.4897 759.0394 752.5889 746.1386 738.5516 730.467 722.3827 714.2981 707.0865 705.0241 702.9619 700.8995 698.8372 697.7191 697.2457 696.7723 696.2989 695.8402 695.7049 695.5696 695.4343 695.299 695.3275 695.5246 695.7217 695.9188 696.116 696.6105 697.1233 697.6361 698.1489 698.1569 697.3795 696.6022 695.8248 695.0475 690.1592 684.4915 678.8236 673.1559 666.9749
782.6311 776.394 770.1568 762.4426 752.9171 743.392 733.8666 724.3416 724.2425 725.2078 726.173 727.1382 730.4268 738.072 745.7169 753.362 761.0068 763.1069 763.7956 764.4842 765.1729 764.334 758.8224 753.311 747.7994 742.2881 735.6326 728.4761 721.32 714.1636 707.7348 705.5974 703.46 701.3225 699.1851 697.9855 697.4262 696.867 696.3077 695.7642 695.5645 695.3648 695.1651 694.9654 694.9216 695.0382 695.1548 695.2715 695.3881 695.9437 696.5262 697.1088 697.6913 697.8152 697.2257 696.6362 696.0466 695.457 690.9686 685.7408 680.5128 675.285 669.401
784.6939 779.2563 773.8185 766.4168 756.607 746.7975 736.9878 727.1783 724.9532 723.5845 722.2158 720.847 722.4604 729.6655 736.8704 744.0756 751.2805 753.6377 754.761 755.8842 757.0074 756.7274 752.1548 747.5824 743.0098 738.4374 732.7134 726.4852 720.2573 714.0292 708.3832 706.1706 703.9581 701.7455 699.533 698.2519 697.6068 696.9617 696.3167 695.6881 695.424 695.16 694.8959 694.6318 694.5157 694.5518 694.588 694.6241 694.6603 695.2769 695.9292 696.5815 697.2338 697.4736 697.0719 696.6702 696.2684 695.8666 691.7779 686.9901 682.2021 677.4142 671.8271
785.8962 781.1842 776.472 769.4482 759.5905 749.7331 739.8753 730.0179 726.2697 723.2111 720.1527 717.0941 717.248 723.4252 729.6022 735.7794 741.9564 744.1994 745.441 746.6827 747.9244 747.9766 744.3902 740.804 737.2176 733.6313 728.8552 723.5582 718.2614 712.9644 708.1277 706.0055 703.8834 701.7611 699.639 698.368 697.6785 696.989 696.2994 695.6258 695.3032 694.9807 694.6581 694.3356 694.14 694.075 694.0099 693.9449 693.8799 694.4645 695.0891 695.7136 696.3381 696.5941 696.2767 695.9594 695.6419 695.3245 691.4626 686.9286 682.3944 677.8604 672.4713
786.3967 782.3499 778.303 771.7108 761.9979 752.2853 742.5724 732.8599 728.0802 723.8574 719.6347 715.4119 714.282 718.9515 723.6208 728.2903 732.9597 734.7856 735.8878 736.99 738.0922 738.2917 735.7301 733.1686 730.6071 728.0456 724.2307 719.8673 715.5041 711.1407 707.1349 705.238 703.3412 701.4443 699.5475 698.3617 697.6614 696.9611 696.2608 695.5746 695.1984 694.8222 694.446 694.0698 693.7888 693.6057 693.4227 693.2396 693.0566 693.5333 694.0505 694.5677 695.085 695.2756 694.9583 694.6409 694.3235 694.006 690.2299 685.7977 681.3655 676.9334 671.6618
