data/zism_data/00830_04_D.txt
ncols         224
nrows         224
[rows 140 to 167 of 224, columns 0 to 63 of 224]
4404.094 4401.542 4398.989 4394.834 4388.827 4382.82 4376.813 4370.806 4363.288 4355.652 4348.015 4340.379 4332.521 4324.32 4316.119 4307.917 4299.715 4292.692 4285.869 4279.045 4272.222 4265.324 4258.27 4251.215 4244.16 4237.105 4230.192 4223.319 4216.446 4209.573 4203.964 4202.223 4200.481 4198.74 4196.999 4196.378 4196.215 4196.052 4195.889 4195.784 4195.953 4196.123 4196.292 4196.461 4196.885 4197.453 4198.021 4198.589 4199.448 4202.884 4206.319 4209.754 4213.19 4220.599 4231.063 4241.528 4251.992 4262.376 4270.063 4277.75 4285.438 4293.125 4298.083 4300.231
4399.523 4397.024 4394.524 4390.48 4384.649 4378.819 4372.988 4367.158 4359.935 4352.603 4345.271 4337.939 4330.299 4322.177 4314.056 4305.934 4297.813 4290.509 4283.343 4276.178 4269.013 4261.96 4255.152 4248.343 4241.534 4234.725 4228.167 4221.678 4215.189 4208.701 4203.387 4201.667 4199.948 4198.228 4196.508 4195.92 4195.794 4195.669 4195.543 4195.473 4195.663 4195.854 4196.044 4196.235 4196.789 4197.55 4198.311 4199.071 4200.194 4204.527 4208.86 4213.193 4217.526 4225.769 4237.019 4248.269 4259.519 4270.664 4278.271 4285.877 4293.484 4301.091 4306.277 4308.971
4394.952 4392.506 4390.06 4386.126 4380.472 4374.818 4369.164 4363.509 4356.582 4349.554 4342.527 4335.5 4328.076 4320.035 4311.993 4303.952 4295.911 4288.326 4280.818 4273.311 4265.804 4258.597 4252.034 4245.471 4238.908 4232.344 4226.141 4220.037 4213.933 4207.83 4202.811 4201.112 4199.414 4197.715 4196.017 4195.462 4195.374 4195.285 4195.197 4195.161 4195.373 4195.585 4195.797 4196.009 4196.694 4197.646 4198.6 4199.553 4200.939 4206.17 4211.401 4216.632 4221.862 4230.939 4242.975 4255.01 4267.046 4278.951 4286.478 4294.004 4301.531 4309.058 4314.472 4317.71
4390.288 4387.915 4385.541 4381.721 4376.227 4370.732 4365.238 4359.745 4353.006 4346.17 4339.334 4332.498 4325.181 4317.116 4309.052 4300.987 4292.922 4285.119 4277.36 4269.601 4261.843 4254.496 4248.03 4241.563 4235.097 4228.631 4222.855 4217.272 4211.689 4206.106 4201.52 4199.982 4198.444 4196.906 4195.368 4194.925 4194.93 4194.934 4194.938 4194.994 4195.295 4195.596 4195.898 4196.199 4197.328 4198.926 4200.525 4202.124 4204.187 4210.367 4216.547 4222.727 4228.907 4238.375 4250.37 4262.366 4274.361 4286.223 4293.615 4301.006 4308.398 4315.79 4321.455 4325.342
4385.562 4383.274 4380.987 4377.282 4371.937 4366.593 4361.248 4355.904 4349.285 4342.567 4335.848 4329.13 4321.849 4313.693 4305.538 4297.382 4289.227 4281.246 4273.295 4265.344 4257.393 4249.915 4243.449 4236.982 4230.516 4224.049 4218.751 4213.777 4208.803 4203.83 4199.764 4198.477 4197.19 4195.903 4194.617 4194.337 4194.47 4194.603 4194.735 4194.92 4195.355 4195.79 4196.225 4196.66 4198.437 4200.976 4203.514 4206.053 4209.062 4216.225 4223.388 4230.552 4237.715 4247.284 4258.702 4270.121 4281.539 4292.835 4300.056 4307.277 4314.498 4321.718 4327.649 4332.252
4380.837 4378.635 4376.433 4372.843 4367.648 4362.453 4357.258 4352.063 4345.564 4338.963 4332.363 4325.762 4318.517 4310.271 4302.024 4293.778 4285.531 4277.373 4269.229 4261.086 4252.942 4245.333 4238.867 4232.401 4225.935 4219.468 4214.646 4210.282 4205.917 4201.552 4198.008 4196.972 4195.937 4194.901 4193.865 4193.75 4194.011 4194.271 4194.532 4194.846 4195.415 4195.983 4196.552 4197.12 4199.545 4203.024 4206.504 4209.983 4213.936 4222.083 4230.229 4238.376 4246.522 4256.192 4267.033 4277.875 4288.716 4299.448 4306.498 4313.547 4320.597 4327.646 4333.843 4339.163
4376.112 4373.995 4371.878 4368.404 4363.358 4358.313 4353.268 4348.223 4341.844 4335.36 4328.877 4322.394 4315.185 4306.848 4298.51 4290.173 4281.836 4273.5 4265.164 4256.828 4248.492 4240.752 4234.286 4227.82 4221.354 4214.887 4210.542 4206.787 4203.031 4199.275 4196.252 4195.467 4194.683 4193.898 4193.113 4193.162 4193.551 4193.94 4194.329 4194.772 4195.475 4196.177 4196.879 4197.581 4200.654 4205.074 4209.493 4213.913 4218.811 4227.941 4237.07 4246.2 4255.33 4265.101 4275.365 4285.63 4295.894 4306.06 4312.938 4319.817 4326.696 4333.575 4340.038 4346.073
4371.391 4369.358 4367.325 4363.964 4359.067 4354.171 4349.274 4344.377 4338.12 4331.755 4325.391 4319.026 4311.855 4303.431 4295.006 4286.581 4278.156 4269.644 4261.117 4252.59 4244.063 4236.194 4229.73 4223.266 4216.803 4210.339 4206.465 4203.312 4200.158 4197.004 4194.496 4193.962 4193.429 4192.895 4192.361 4192.576 4193.096 4193.615 4194.135 4194.711 4195.559 4196.406 4197.253 4198.101 4201.822 4207.177 4212.532 4217.887 4223.721 4233.81 4243.899 4253.988 4264.076 4273.943 4283.64 4293.337 4303.034 4312.644 4319.364 4326.084 4332.805 4339.524 4346.255 4352.997
4366.855 4364.833 4362.811 4359.502 4354.708 4349.912 4345.117 4340.322 4334.24 4328.057 4321.875 4315.692 4308.652 4300.281 4291.91 4283.538 4275.167 4266.548 4257.888 4249.227 4240.566 4232.644 4226.298 4219.951 4213.605 4207.259 4203.625 4200.743 4197.862 4194.98 4192.738 4192.451 4192.163 4191.875 4191.587 4192.043 4192.804 4193.564 4194.324 4195.215 4196.731 4198.246 4199.762 4201.277 4205.677 4211.715 4217.754 4223.792 4230.229 4240.196 4250.161 4260.127 4270.093 4279.825 4289.377 4298.93 4308.482 4317.964 4325.085 4332.206 4339.327 4346.448 4353.519 4360.539
4362.319 4360.308 4358.296 4355.041 4350.347 4345.654 4340.96 4336.267 4330.36 4324.359 4318.358 4312.357 4305.449 4297.131 4288.813 4280.495 4272.177 4263.452 4254.658 4245.864 4237.07 4229.094 4222.865 4216.636 4210.408 4204.179 4200.784 4198.175 4195.566 4192.957 4190.98 4190.939 4190.897 4190.855 4190.813 4191.512 4192.512 4193.513 4194.513 4195.72 4197.903 4200.086 4202.27 4204.453 4209.531 4216.253 4222.976 4229.699 4236.738 4246.581 4256.424 4266.267 4276.109 4285.707 4295.115 4304.523 4313.931 4323.285 4330.806 4338.328 4345.85 4353.372 4360.783 4368.08
4357.783 4355.783 4353.782 4350.579 4345.987 4341.395 4336.803 4332.211 4326.48 4320.661 4314.842 4309.022 4302.246 4293.982 4285.717 4277.453 4269.188 4260.356 4251.429 4242.501 4233.573 4225.543 4219.433 4213.321 4207.21 4201.099 4197.942 4195.606 4193.27 4190.934 4189.223 4189.427 4189.631 4189.835 4190.039 4190.979 4192.22 4193.461 4194.703 4196.224 4199.075 4201.926 4204.777 4207.629 4213.385 4220.792 4228.198 4235.605 4243.246 4252.966 4262.686 4272.406 4282.126 4291.588 4300.852 4310.116 4319.38 4328.605 4336.527 4344.45 4352.373 4360.295 4368.046 4375.622
4353.248 4351.257 4349.267 4346.118 4341.627 4337.137 4332.646 4328.155 4322.601 4316.963 4311.326 4305.688 4299.043 4290.832 4282.621 4274.41 4266.199 4257.261 4248.199 4239.138 4230.077 4221.993 4216.0 4210.006 4204.013 4198.02 4195.102 4193.038 4190.974 4188.91 4187.466 4187.916 4188.365 4188.815 4189.265 4190.447 4191.929 4193.41 4194.892 4196.728 4200.247 4203.766 4207.286 4210.805 4217.239 4225.33 4233.42 4241.511 4249.754 4259.352 4268.949 4278.546 4288.143 4297.47 4306.589 4315.709 4324.829 4333.925 4342.249 4350.571 4358.895 4367.218 4375.31 4383.163
4348.766 4346.803 4344.84 4341.774 4337.435 4333.095 4328.755 4324.415 4318.922 4313.34 4307.758 4302.176 4295.486 4287.076 4278.666 4270.255 4261.845 4252.81 4243.668 4234.527 4225.386 4217.34 4211.636 4205.93 4200.226 4194.521 4191.944 4190.237 4188.53 4186.823 4185.735 4186.541 4187.347 4188.152 4188.958 4190.563 4192.496 4194.429 4196.361 4198.705 4203.0 4207.294 4211.589 4215.884 4222.879 4231.408 4239.937 4248.466 4257.084 4266.495 4275.906 4285.317 4294.728 4303.909 4312.912 4321.916 4330.918 4339.91 4348.505 4357.101 4365.696 4374.292 4382.561 4390.492
4344.354 4342.438 4340.524 4337.583 4333.457 4329.331 4325.205 4321.079 4315.503 4309.813 4304.125 4298.435 4291.476 4282.542 4273.608 4264.674 4255.74 4246.62 4237.468 4228.316 4219.164 4211.273 4206.076 4200.878 4195.681 4190.483 4188.381 4187.139 4185.897 4184.655 4184.04 4185.342 4186.645 4187.947 4189.25 4191.512 4194.166 4196.82 4199.474 4202.572 4207.781 4212.989 4218.198 4223.406 4230.811 4239.462 4248.114 4256.766 4265.468 4274.612 4283.755 4292.899 4302.043 4311.062 4319.985 4328.909 4337.832 4346.749 4355.451 4364.153 4372.855 4381.558 4389.793 4397.549
4339.941 4338.075 4336.208 4333.392 4329.48 4325.567 4321.655 4317.743 4312.083 4306.287 4300.491 4294.695 4287.466 4278.008 4268.551 4259.093 4249.635 4240.43 4231.267 4222.104 4212.942 4205.206 4200.516 4195.826 4191.136 4186.446 4184.818 4184.041 4183.264 4182.487 4182.344 4184.144 4185.943 4187.743 4189.542 4192.46 4195.836 4199.211 4202.586 4206.439 4212.562 4218.684 4224.807 4230.929 4238.742 4247.517 4256.292 4265.066 4273.852 4282.729 4291.605 4300.481 4309.358 4318.216 4327.059 4335.902 4344.745 4353.587 4362.396 4371.205 4380.014 4388.823 4397.027 4404.606
4335.529 4333.71 4331.892 4329.201 4325.502 4321.804 4318.105 4314.406 4308.663 4302.76 4296.857 4290.955 4283.456 4273.474 4263.493 4253.511 4243.53 4234.239 4225.066 4215.893 4206.72 4199.138 4194.956 4190.773 4186.591 4182.409 4181.255 4180.943 4180.631 4180.319 4180.649 4182.945 4185.242 4187.538 4189.834 4193.409 4197.506 4201.603 4205.699 4210.307 4217.343 4224.379 4231.415 4238.451 4246.674 4255.572 4264.469 4273.367 4282.235 4290.845 4299.454 4308.063 4316.673 4325.369 4334.132 4342.895 4351.658 4360.425 4369.341 4378.257 4387.173 4396.089 4404.26 4411.663
4331.117 4329.346 4327.576 4325.01 4321.525 4318.04 4314.555 4311.07 4305.244 4299.234 4293.224 4287.214 4279.445 4268.94 4258.435 4247.93 4237.425 4228.049 4218.866 4209.682 4200.498 4193.071 4189.396 4185.721 4182.047 4178.372 4177.693 4177.845 4177.998 4178.15 4178.954 4181.747 4184.54 4187.333 4190.126 4194.358 4199.176 4203.994 4208.812 4214.174 4222.124 4230.074 4238.023 4245.973 4254.605 4263.626 4272.646 4281.667 4290.619 4298.961 4307.303 4315.646 4323.988 4332.523 4341.206 4349.888 4358.571 4367.264 4376.287 4385.309 4394.332 4403.355 4411.493 4418.72
4326.668 4324.813 4322.958 4320.271 4316.621 4312.971 4309.321 4305.671 4299.221 4292.552 4285.883 4279.214 4270.909 4260.059 4249.208 4238.357 4227.506 4218.579 4209.978 4201.376 4192.775 4185.942 4182.89 4179.836 4176.784 4173.73 4173.822 4174.786 4175.75 4176.714 4178.336 4181.968 4185.601 4189.233 4192.866 4197.71 4203.048 4208.387 4213.726 4219.547 4227.667 4235.787 4243.907 4252.026 4260.731 4269.77 4278.809 4287.847 4296.809 4305.089 4313.37 4321.65 4329.93 4338.421 4347.074 4355.727 4364.38 4373.041 4381.988 4390.935 4399.883 4408.83 4416.856 4423.934
4322.212 4320.25 4318.289 4315.438 4311.558 4307.678 4303.799 4299.919 4292.753 4285.331 4277.909 4270.487 4261.599 4250.434 4239.268 4228.101 4216.936 4208.547 4200.63 4192.712 4184.795 4178.633 4176.221 4173.81 4171.398 4168.986 4169.898 4171.733 4173.568 4175.403 4177.903 4182.433 4186.963 4191.493 4196.023 4201.473 4207.298 4213.122 4218.947 4225.178 4233.341 4241.503 4249.666 4257.828 4266.549 4275.587 4284.625 4293.664 4302.623 4310.877 4319.13 4327.384 4335.638 4344.105 4352.737 4361.368 4370.0 4378.637 4387.478 4396.317 4405.158 4413.998 4421.899 4428.833
4317.757 4315.688 4313.62 4310.604 4306.495 4302.386 4298.276 4294.167 4286.286 4278.11 4269.935 4261.759 4252.29 4240.808 4229.327 4217.846 4206.364 4198.515 4191.282 4184.048 4176.815 4171.324 4169.553 4167.782 4166.012 4164.241 4165.974 4168.68 4171.387 4174.093 4177.469 4182.897 4188.325 4193.753 4199.181 4205.236 4211.547 4217.858 4224.169 4230.809 4239.015 4247.219 4255.425 4263.63 4272.366 4281.405 4290.443 4299.481 4308.438 4316.665 4324.892 4333.119 4341.346 4349.79 4358.399 4367.01 4375.62 4384.233 4392.967 4401.7 4410.434 4419.167 4426.942 4433.732
4313.301 4311.126 4308.951 4305.771 4301.433 4297.093 4292.754 4288.415 4279.818 4270.889 4261.96 4253.031 4242.98 4231.184 4219.387 4207.59 4195.793 4188.483 4181.934 4175.385 4168.835 4164.014 4162.885 4161.755 4160.626 4159.496 4162.05 4165.627 4169.205 4172.782 4177.036 4183.362 4189.688 4196.013 4202.338 4208.999 4215.796 4222.593 4229.391 4236.44 4244.688 4252.936 4261.184 4269.432 4278.183 4287.222 4296.26 4305.299 4314.252 4322.453 4330.653 4338.854 4347.054 4355.474 4364.062 4372.651 4381.239 4389.829 4398.456 4407.082 4415.709 4424.335 4431.986 4438.631
4307.677 4305.321 4302.965 4299.549 4294.907 4290.264 4285.622 4280.979 4271.864 4262.399 4252.935 4243.47 4233.052 4221.151 4209.25 4197.348 4185.447 4178.614 4172.641 4166.667 4160.693 4156.448 4155.893 4155.338 4154.784 4154.229 4157.601 4162.063 4166.526 4170.989 4176.138 4183.385 4190.633 4197.881 4205.129 4212.388 4219.651 4226.914 4234.177 4241.623 4249.936 4258.248 4266.56 4274.872 4283.653 4292.7 4301.747 4310.794 4319.761 4328.022 4336.282 4344.542 4352.802 4361.31 4370.007 4378.704 4387.401 4396.094 4404.64 4413.185 4421.731 4430.276 4437.758 4444.145
4298.895 4296.16 4293.424 4289.572 4284.427 4279.282 4274.137 4268.992 4259.89 4250.479 4241.068 4231.657 4221.453 4210.017 4198.581 4187.144 4175.708 4169.185 4163.495 4157.804 4152.113 4148.187 4148.027 4147.868 4147.709 4147.55 4151.731 4157.118 4162.505 4167.892 4173.981 4182.218 4190.454 4198.69 4206.927 4214.765 4222.439 4230.114 4237.789 4245.596 4254.031 4262.466 4270.901 4279.336 4288.182 4297.261 4306.34 4315.419 4324.445 4333.0 4341.554 4350.108 4358.662 4367.557 4376.713 4385.87 4395.027 4404.166 4412.7 4421.235 4429.771 4438.305 4445.503 4451.323
4290.112 4286.998 4283.883 4279.594 4273.947 4268.3 4262.652 4257.005 4247.917 4238.559 4229.201 4219.843 4209.854 4198.883 4187.912 4176.94 4165.969 4159.755 4154.348 4148.94 4143.533 4139.925 4140.162 4140.398 4140.634 4140.87 4145.861 4152.173 4158.484 4164.796 4171.825 4181.05 4190.275 4199.5 4208.725 4217.142 4225.228 4233.314 4241.4 4249.568 4258.126 4266.684 4275.243 4283.8 4292.711 4301.823 4310.934 4320.045 4329.129 4337.978 4346.825 4355.673 4364.521 4373.804 4383.42 4393.036 4402.652 4412.237 4420.761 4429.286 4437.81 4446.334 4453.247 4458.501
4281.33 4277.836 4274.342 4269.616 4263.467 4257.317 4251.168 4245.019 4235.943 4226.639 4217.334 4208.03 4198.255 4187.749 4177.243 4166.736 4156.229 4150.325 4145.201 4140.077 4134.953 4131.665 4132.296 4132.928 4133.56 4134.191 4139.991 4147.228 4154.463 4161.699 4169.669 4179.882 4190.096 4200.31 4210.523 4219.519 4228.016 4236.514 4245.011 4253.541 4262.222 4270.903 4279.584 4288.265 4297.24 4306.384 4315.527 4324.67 4333.813 4342.956 4352.097 4361.239 4370.381 4380.051 4390.126 4400.203 4410.278 4420.309 4428.822 4437.336 4445.85 4454.363 4460.992 4465.679
4272.548 4268.674 4264.801 4259.639 4252.987 4246.335 4239.683 4233.032 4223.969 4214.718 4205.467 4196.217 4186.656 4176.615 4166.573 4156.532 4146.49 4140.896 4136.055 4131.214 4126.373 4123.403 4124.43 4125.458 4126.484 4127.512 4134.122 4142.282 4150.442 4158.603 4167.513 4178.715 4189.917 4201.119 4212.322 4221.896 4230.805 4239.713 4248.623 4257.513 4266.317 4275.121 4283.925 4292.729 4301.77 4310.945 4320.12 4329.296 4338.498 4347.933 4357.369 4366.805 4376.24 4386.298 4396.833 4407.369 4417.904 4428.38 4436.883 4445.386 4453.889 4462.392 4468.736 4472.857
4260.217 4256.36 4252.503 4247.362 4240.736 4234.11 4227.483 4220.857 4212.156 4203.292 4194.428 4185.564 4176.451 4166.947 4157.444 4147.94 4138.437 4133.36 4129.034 4124.707 4120.38 4117.784 4118.884 4119.984 4121.083 4122.184 4129.234 4137.938 4146.641 4155.345 4164.928 4177.203 4189.479 4201.753 4214.029 4224.255 4233.646 4243.035 4252.426 4261.754 4270.791 4279.828 4288.865 4297.901 4307.075 4316.327 4325.578 4334.829 4344.121 4353.774 4363.427 4373.08 4382.732 4393.056 4403.897 4414.738 4425.579 4436.342 4444.493 4452.645 4460.796 4468.947 4474.815 4478.333
4246.263 4242.604 4238.945 4234.034 4227.674 4221.315 4214.957 4208.598 4200.416 4192.092 4183.768 4175.444 4166.882 4157.95 4149.019 4140.087 4131.155 4126.691 4122.985 4119.278 4115.571 4113.373 4114.398 4115.423 4116.448 4117.473 4124.796 4133.869 4142.941 4152.013 4162.148 4175.535 4188.921 4202.308 4215.694 4226.607 4236.51 4246.413 4256.316 4266.118 4275.438 4284.758 4294.078 4303.398 4312.735 4322.083 4331.431 4340.778 4350.175 4360.01 4369.844 4379.678 4389.512 4400.049 4411.125 4422.201 4433.277 4444.253 4451.897 4459.541 4467.184 4474.828 4480.133 4483.031
