data/zism_data/00833_02_D.txt
ncols         224
nrows         224
[rows 140 to 167 of 224, columns 126 to 188 of 224]
2113.837 2105.565 2097.292 2084.247 2069.806 2055.365 2040.923 2027.095 2015.653 2004.211 1992.769 1981.327 1971.283 1962.043 1952.802 1943.561 1934.54 1928.649 1922.757 1916.866 1910.974 1910.359 1915.096 1919.833 1924.571 1929.308 1936.274 1943.416 1950.558 1957.7 1962.885 1964.556 1966.227 1967.898 1969.568 1968.36 1966.378 1964.397 1962.415 1959.321 1952.257 1945.193 1938.129 1931.066 1924.979 1919.42 1913.861 1908.302 1902.232 1890.303 1878.375 1866.447 1854.518 1847.468 1845.088 1842.708 1840.328 1837.947 1840.426 1843.205 1845.985 1848.764 1848.999
2107.284 2098.985 2090.686 2077.646 2063.221 2048.796 2034.371 2020.884 2011.05 2001.216 1991.383 1981.549 1972.909 1964.954 1957.0 1949.046 1941.309 1936.672 1932.035 1927.398 1922.761 1923.277 1929.022 1934.767 1940.512 1946.257 1953.501 1960.862 1968.224 1975.586 1980.852 1982.357 1983.862 1985.367 1986.871 1985.273 1982.841 1980.409 1977.977 1974.46 1967.075 1959.69 1952.304 1944.919 1938.167 1931.755 1925.344 1918.932 1912.145 1901.047 1889.95 1878.852 1867.754 1861.185 1858.949 1856.714 1854.478 1852.243 1853.796 1855.584 1857.372 1859.16 1858.732
2100.73 2092.404 2084.078 2071.046 2056.636 2042.228 2027.818 2014.673 2006.447 1998.222 1989.996 1981.771 1974.534 1967.866 1961.199 1954.531 1948.079 1944.696 1941.313 1937.93 1934.548 1936.196 1942.949 1949.701 1956.454 1963.207 1970.728 1978.309 1985.891 1993.472 1998.82 2000.159 2001.498 2002.836 2004.175 2002.186 1999.304 1996.422 1993.539 1989.601 1981.894 1974.187 1966.48 1958.773 1951.354 1944.09 1936.827 1929.563 1922.058 1911.791 1901.525 1891.258 1880.991 1874.901 1872.811 1870.72 1868.629 1866.539 1867.166 1867.963 1868.759 1869.555 1868.465
2094.177 2085.824 2077.471 2064.445 2050.052 2035.659 2021.266 2008.462 2001.844 1995.227 1988.609 1981.992 1976.16 1970.778 1965.397 1960.016 1954.848 1952.719 1950.591 1948.463 1946.334 1949.114 1956.875 1964.635 1972.396 1980.156 1987.954 1995.755 2003.557 2011.358 2016.788 2017.96 2019.133 2020.305 2021.478 2019.099 2015.766 2012.434 2009.101 2004.74 1996.712 1988.683 1980.655 1972.626 1964.541 1956.425 1948.309 1940.193 1931.971 1922.535 1913.099 1903.663 1894.227 1888.618 1886.672 1884.726 1882.78 1880.834 1880.536 1880.341 1880.146 1879.95 1878.198
2087.623 2079.244 2070.864 2057.844 2043.467 2029.09 2014.713 2002.251 1997.241 1992.232 1987.223 1982.214 1977.785 1973.69 1969.595 1965.5 1961.617 1960.743 1959.869 1958.995 1958.121 1962.033 1970.801 1979.57 1988.338 1997.106 2005.182 2013.202 2021.223 2029.244 2034.756 2035.762 2036.769 2037.775 2038.781 2036.012 2032.229 2028.446 2024.664 2019.881 2011.531 2003.18 1994.83 1986.48 1977.728 1968.76 1959.792 1950.823 1941.884 1933.279 1924.674 1916.069 1907.464 1902.335 1900.534 1898.733 1896.931 1895.13 1893.907 1892.72 1891.533 1890.346 1887.931
2089.428 2081.22 2073.013 2060.648 2047.067 2033.486 2019.904 2008.176 2003.659 1999.143 1994.626 1990.11 1986.383 1983.11 1979.836 1976.563 1973.507 1973.549 1973.59 1973.631 1973.672 1978.219 1987.338 1996.457 2005.576 2014.694 2022.753 2030.728 2038.703 2046.678 2051.921 2052.257 2052.594 2052.93 2053.267 2049.938 2045.625 2041.311 2036.998 2031.768 2023.271 2014.774 2006.277 1997.78 1988.853 1979.693 1970.533 1961.373 1952.318 1944.467 1936.616 1928.765 1920.913 1916.029 1913.984 1911.94 1909.895 1907.851 1905.742 1903.63 1901.518 1899.406 1896.276
2095.69 2087.761 2079.833 2068.468 2056.098 2043.729 2031.359 2020.573 2015.955 2011.337 2006.718 2002.1 1998.7 1996.0 1993.301 1990.601 1988.13 1988.905 1989.681 1990.456 1991.232 1996.149 2005.268 2014.386 2023.505 2032.624 2040.509 2048.296 2056.083 2063.871 2068.657 2068.056 2067.455 2066.853 2066.251 2062.272 2057.385 2052.498 2047.611 2041.922 2033.371 2024.82 2016.27 2007.719 1998.877 1989.878 1980.879 1971.88 1963.03 1955.892 1948.754 1941.616 1934.477 1929.712 1927.217 1924.722 1922.227 1919.732 1916.76 1913.757 1910.755 1907.753 1903.882
2101.952 2094.302 2086.652 2076.288 2065.129 2053.971 2042.813 2032.97 2028.25 2023.53 2018.81 2014.09 2011.017 2008.891 2006.765 2004.638 2002.751 2004.261 2005.771 2007.281 2008.791 2014.078 2023.197 2032.315 2041.434 2050.553 2058.264 2065.863 2073.463 2081.063 2085.394 2083.854 2082.315 2080.775 2079.236 2074.605 2069.145 2063.684 2058.223 2052.074 2043.47 2034.866 2026.262 2017.658 2008.901 2000.063 1991.225 1982.387 1973.742 1967.317 1960.891 1954.466 1948.041 1943.394 1940.448 1937.503 1934.558 1931.613 1927.776 1923.885 1919.993 1916.101 1911.487
2108.214 2100.843 2093.472 2084.108 2074.161 2064.214 2054.267 2045.368 2040.546 2035.724 2030.902 2026.08 2023.334 2021.782 2020.229 2018.676 2017.373 2019.618 2021.862 2024.106 2026.351 2032.007 2041.126 2050.245 2059.364 2068.483 2076.019 2083.431 2090.844 2098.256 2102.131 2099.653 2097.175 2094.698 2092.22 2086.939 2080.905 2074.87 2068.836 2062.228 2053.57 2044.912 2036.254 2027.596 2018.926 2010.249 2001.571 1992.894 1984.454 1978.742 1973.03 1967.317 1961.605 1957.076 1953.681 1950.285 1946.89 1943.494 1938.793 1934.012 1929.23 1924.448 1919.093
2115.047 2107.912 2100.778 2092.328 2083.494 2074.66 2065.825 2057.792 2052.877 2047.962 2043.047 2038.132 2035.665 2034.605 2033.546 2032.486 2031.688 2034.628 2037.567 2040.505 2043.444 2049.45 2058.566 2067.682 2076.799 2085.915 2093.268 2100.483 2107.698 2114.912 2118.355 2115.024 2111.694 2108.363 2105.033 2099.13 2092.537 2085.943 2079.35 2072.291 2063.569 2054.848 2046.126 2037.405 2028.81 2020.284 2011.757 2003.231 1994.981 1989.898 1984.816 1979.734 1974.652 1970.196 1966.339 1962.482 1958.625 1954.768 1949.2 1943.525 1937.851 1932.176 1926.052
2126.236 2119.016 2111.796 2103.605 2095.13 2086.655 2078.179 2070.427 2065.485 2060.543 2055.601 2050.659 2048.104 2046.921 2045.738 2044.555 2043.668 2046.999 2050.329 2053.659 2056.99 2063.181 2072.276 2081.371 2090.466 2099.561 2106.659 2113.6 2120.541 2127.483 2130.677 2127.143 2123.608 2120.074 2116.54 2110.239 2103.195 2096.152 2089.108 2081.666 2072.806 2063.945 2055.084 2046.223 2037.628 2029.177 2020.725 2012.274 2004.093 1999.011 1993.929 1988.847 1983.764 1979.029 1974.625 1970.221 1965.818 1961.414 1954.95 1948.359 1941.768 1935.177 1928.086
2137.426 2130.119 2122.813 2114.881 2106.765 2098.649 2090.533 2083.061 2078.092 2073.123 2068.155 2063.186 2060.543 2059.236 2057.93 2056.624 2055.647 2059.369 2063.091 2066.813 2070.534 2076.912 2085.986 2095.059 2104.133 2113.206 2120.049 2126.717 2133.385 2140.053 2142.999 2139.26 2135.522 2131.785 2128.047 2121.348 2113.854 2106.36 2098.866 2091.042 2082.042 2073.042 2064.041 2055.041 2046.446 2038.07 2029.693 2021.317 2013.205 2008.123 2003.041 1997.959 1992.876 1987.862 1982.911 1977.96 1973.01 1968.059 1960.701 1953.193 1945.685 1938.177 1930.12
2148.615 2141.223 2133.831 2126.157 2118.4 2110.644 2102.887 2095.694 2090.699 2085.703 2080.708 2075.713 2072.981 2071.552 2070.122 2068.692 2067.626 2071.74 2075.853 2079.966 2084.079 2090.643 2099.695 2108.747 2117.799 2126.851 2133.44 2139.834 2146.228 2152.623 2155.32 2151.378 2147.437 2143.495 2139.553 2132.456 2124.512 2116.568 2108.623 2100.417 2091.278 2082.138 2072.999 2063.859 2055.264 2046.963 2038.661 2030.36 2022.317 2017.235 2012.153 2007.071 2001.989 1996.694 1991.197 1985.699 1980.202 1974.705 1966.451 1958.026 1949.602 1941.177 1932.154
2159.804 2152.326 2144.849 2137.433 2130.036 2122.638 2115.241 2108.329 2103.306 2098.284 2093.262 2088.24 2085.42 2083.867 2082.314 2080.761 2079.606 2084.111 2088.615 2093.119 2097.624 2104.375 2113.405 2122.436 2131.467 2140.497 2146.83 2152.951 2159.072 2165.193 2167.642 2163.497 2159.351 2155.206 2151.06 2143.565 2135.171 2126.776 2118.382 2109.793 2100.514 2091.235 2081.957 2072.677 2064.083 2055.856 2047.63 2039.403 2031.43 2026.348 2021.265 2016.183 2011.101 2005.527 1999.483 1993.439 1987.395 1981.35 1972.202 1962.86 1953.519 1944.178 1934.188
2167.939 2160.733 2153.528 2146.184 2138.801 2131.418 2124.034 2117.147 2112.188 2107.229 2102.27 2097.311 2094.5 2092.923 2091.346 2089.769 2088.605 2093.311 2098.017 2102.723 2107.429 2114.205 2123.081 2131.956 2140.832 2149.707 2155.781 2161.635 2167.489 2173.343 2175.693 2171.751 2167.809 2163.867 2159.925 2152.24 2143.551 2134.861 2126.172 2117.305 2107.81 2098.313 2088.817 2079.322 2070.667 2062.466 2054.265 2046.064 2038.09 2032.716 2027.342 2021.967 2016.593 2010.507 2003.738 1996.97 1990.202 1983.434 1973.391 1963.146 1952.901 1942.655 1931.964
2173.861 2167.186 2160.511 2153.105 2145.486 2137.867 2130.248 2123.198 2118.368 2113.538 2108.708 2103.877 2101.144 2099.615 2098.086 2096.558 2095.443 2100.213 2104.984 2109.754 2114.525 2121.208 2129.831 2138.455 2147.078 2155.702 2161.514 2167.105 2172.697 2178.288 2180.647 2177.204 2173.76 2170.317 2166.873 2159.151 2150.279 2141.407 2132.535 2123.467 2113.698 2103.928 2094.159 2084.39 2075.632 2067.42 2059.209 2050.997 2042.973 2037.095 2031.217 2025.339 2019.46 2012.692 2005.071 1997.451 1989.83 1982.21 1971.275 1960.134 1948.993 1937.853 1926.654
2179.783 2173.638 2167.493 2160.026 2152.171 2144.316 2136.461 2129.25 2124.549 2119.847 2115.145 2110.444 2107.787 2106.307 2104.827 2103.346 2102.281 2107.115 2111.95 2116.785 2121.62 2128.21 2136.582 2144.953 2153.325 2161.697 2167.247 2172.576 2177.904 2183.233 2185.602 2182.657 2179.712 2176.767 2173.822 2166.061 2157.007 2147.953 2138.899 2129.628 2119.586 2109.543 2099.5 2089.458 2080.597 2072.375 2064.152 2055.93 2047.855 2041.473 2035.091 2028.71 2022.328 2014.877 2006.404 1997.931 1989.458 1980.986 1969.158 1957.122 1945.086 1933.051 1921.344
2185.705 2180.091 2174.477 2166.946 2158.855 2150.765 2142.674 2135.302 2130.729 2126.156 2121.583 2117.01 2114.431 2112.999 2111.567 2110.135 2109.118 2114.018 2118.917 2123.816 2128.715 2135.213 2143.332 2151.452 2159.572 2167.691 2172.98 2178.046 2183.112 2188.178 2190.556 2188.11 2185.664 2183.217 2180.771 2172.971 2163.735 2154.499 2145.263 2135.79 2125.474 2115.157 2104.842 2094.526 2085.563 2077.329 2069.096 2060.863 2052.738 2045.852 2038.967 2032.081 2025.195 2017.063 2007.737 1998.412 1989.087 1979.761 1967.041 1954.11 1941.179 1928.248 1916.033
2190.999 2185.899 2180.799 2173.219 2164.914 2156.609 2148.304 2140.797 2136.394 2131.991 2127.589 2123.186 2120.705 2119.327 2117.95 2116.573 2115.61 2120.53 2125.451 2130.371 2135.292 2141.648 2149.462 2157.276 2165.09 2172.904 2177.917 2182.709 2187.502 2192.295 2194.676 2192.728 2190.779 2188.831 2186.882 2179.089 2169.727 2160.365 2151.003 2141.386 2130.86 2120.333 2109.808 2099.282 2090.236 2081.988 2073.74 2065.493 2057.313 2049.902 2042.492 2035.082 2027.672 2018.858 2008.7 1998.542 1988.384 1978.226 1964.664 1950.89 1937.117 1923.343 1910.655
2182.496 2177.541 2172.585 2165.241 2157.199 2149.157 2141.114 2134.038 2130.724 2127.409 2124.095 2120.781 2118.826 2117.652 2116.479 2115.305 2114.471 2118.47 2122.469 2126.467 2130.466 2135.618 2141.942 2148.266 2154.589 2160.913 2165.345 2169.628 2173.912 2178.195 2180.424 2178.963 2177.502 2176.042 2174.581 2167.771 2159.523 2151.276 2143.029 2134.542 2125.201 2115.859 2106.518 2097.177 2088.483 2080.139 2071.795 2063.451 2055.103 2046.718 2038.332 2029.946 2021.56 2012.066 2001.512 1990.957 1980.403 1969.848 1956.555 1943.093 1929.63 1916.167 1903.78
2173.993 2169.183 2164.372 2157.264 2149.485 2141.705 2133.925 2127.28 2125.054 2122.828 2120.601 2118.375 2116.947 2115.977 2115.007 2114.037 2113.333 2116.41 2119.486 2122.563 2125.639 2129.588 2134.422 2139.255 2144.089 2148.922 2152.773 2156.547 2160.322 2164.096 2166.172 2165.199 2164.226 2163.253 2162.281 2156.452 2149.32 2142.188 2135.055 2127.699 2119.542 2111.385 2103.228 2095.072 2086.73 2078.29 2069.849 2061.409 2052.894 2043.533 2034.172 2024.81 2015.449 2005.275 1994.324 1983.373 1972.422 1961.47 1948.447 1935.295 1922.143 1908.991 1896.905
2165.49 2160.824 2156.158 2149.287 2141.77 2134.252 2126.735 2120.522 2119.384 2118.246 2117.107 2115.969 2115.067 2114.301 2113.535 2112.769 2112.195 2114.35 2116.504 2118.659 2120.813 2123.558 2126.901 2130.244 2133.588 2136.931 2140.201 2143.466 2146.731 2149.996 2151.919 2151.435 2150.949 2150.464 2149.979 2145.133 2139.116 2133.099 2127.081 2120.855 2113.883 2106.911 2099.938 2092.967 2084.978 2076.441 2067.904 2059.366 2050.685 2040.348 2030.011 2019.674 2009.337 1998.484 1987.136 1975.788 1964.44 1953.092 1940.338 1927.497 1914.656 1901.815 1890.03
2156.987 2152.466 2147.945 2141.309 2134.055 2126.801 2119.546 2113.764 2113.714 2113.664 2113.614 2113.564 2113.188 2112.626 2112.064 2111.501 2111.057 2112.289 2113.522 2114.755 2115.987 2117.528 2119.381 2121.234 2123.087 2124.94 2127.63 2130.385 2133.141 2135.897 2137.668 2137.67 2137.673 2137.676 2137.679 2133.815 2128.912 2124.01 2119.108 2114.011 2108.224 2102.436 2096.649 2090.861 2083.225 2074.592 2065.958 2057.324 2048.476 2037.163 2025.851 2014.538 2003.226 1991.692 1979.948 1968.203 1956.459 1944.714 1932.23 1919.7 1907.17 1894.64 1883.156
2144.405 2140.187 2135.968 2129.629 2122.67 2115.711 2108.751 2103.354 2104.039 2104.724 2105.409 2106.093 2106.323 2106.29 2106.258 2106.226 2106.241 2106.938 2107.634 2108.331 2109.028 2109.548 2109.889 2110.23 2110.571 2110.912 2112.724 2114.653 2116.581 2118.509 2120.019 2120.776 2121.533 2122.29 2123.047 2120.337 2116.697 2113.056 2109.416 2105.466 2100.415 2095.363 2090.312 2085.26 2077.666 2068.699 2059.732 2050.766 2041.57 2029.755 2017.94 2006.125 1994.31 1982.43 1970.487 1958.545 1946.602 1934.659 1922.553 1910.438 1898.322 1886.206 1874.996
2127.861 2124.098 2120.335 2114.352 2107.72 2101.088 2094.456 2089.399 2090.475 2091.551 2092.627 2093.703 2094.613 2095.428 2096.242 2097.057 2097.853 2098.389 2098.925 2099.461 2099.997 2099.675 2098.483 2097.291 2096.098 2094.906 2095.553 2096.345 2097.137 2097.928 2099.07 2100.841 2102.611 2104.381 2106.151 2104.763 2102.527 2100.292 2098.055 2095.269 2090.517 2085.766 2081.015 2076.264 2068.408 2058.879 2049.349 2039.82 2030.103 2018.246 2006.388 1994.53 1982.672 1970.768 1958.82 1946.872 1934.923 1922.975 1911.354 1899.753 1888.151 1876.55 1865.59
2111.316 2108.009 2104.701 2099.075 2092.77 2086.465 2080.159 2075.443 2076.91 2078.378 2079.845 2081.312 2082.903 2084.565 2086.226 2087.888 2089.465 2089.84 2090.215 2090.59 2090.965 2089.801 2087.076 2084.35 2081.625 2078.9 2078.381 2078.037 2077.692 2077.347 2078.121 2080.905 2083.688 2086.472 2089.255 2089.189 2088.358 2087.526 2086.695 2085.071 2080.62 2076.168 2071.718 2067.266 2059.151 2049.058 2038.966 2028.874 2018.636 2006.735 1994.835 1982.934 1971.033 1959.105 1947.152 1935.198 1923.245 1911.291 1900.154 1889.068 1877.981 1866.894 1856.183
2094.772 2091.92 2089.069 2083.798 2077.82 2071.842 2065.864 2061.487 2063.346 2065.205 2067.063 2068.922 2071.193 2073.702 2076.211 2078.719 2081.077 2081.291 2081.505 2081.719 2081.934 2079.928 2075.669 2071.411 2067.152 2062.894 2061.21 2059.729 2058.248 2056.767 2057.173 2060.97 2064.766 2068.563 2072.36 2073.615 2074.188 2074.761 2075.334 2074.873 2070.722 2066.571 2062.42 2058.27 2049.893 2039.238 2028.583 2017.928 2007.169 1995.225 1983.282 1971.338 1959.394 1947.443 1935.484 1923.525 1911.566 1899.608 1888.955 1878.383 1867.811 1857.239 1846.777
2078.228 2075.832 2073.436 2068.521 2062.87 2057.219 2051.568 2047.532 2049.782 2052.032 2054.282 2056.532 2059.484 2062.839 2066.195 2069.551 2072.689 2072.742 2072.796 2072.849 2072.902 2070.055 2064.263 2058.471 2052.68 2046.888 2044.039 2041.421 2038.804 2036.186 2036.225 2041.035 2045.845 2050.654 2055.464 2058.041 2060.019 2061.997 2063.974 2064.676 2060.825 2056.974 2053.124 2049.273 2040.636 2029.418 2018.2 2006.982 1995.702 1983.716 1971.729 1959.743 1947.755 1935.781 1923.816 1911.852 1899.888 1887.924 1877.755 1867.698 1857.641 1847.583 1837.37
