data/zism_data/00836_04_D.txt
ncols         224
nrows         224
[rows 56 to 83 of 224, columns 64 to 127 of 224]
831.879 823.7198 815.5604 804.982 792.5433 780.1041 767.6649 755.2827 744.4124 733.5419 722.6713 711.8011 704.6106 700.9951 697.3798 693.7643 690.1489 691.0939 692.1403 693.1868 694.2332 695.1 695.7466 696.3932 697.0399 697.6865 697.9412 698.162 698.3828 698.6036 698.821 699.0331 699.2452 699.4573 699.6694 699.8316 699.9858 700.1401 700.2943 701.4827 704.7395 707.9962 711.253 714.5098 719.5267 724.9721 730.4174 735.8625 741.3685 747.0337 752.699 758.364 764.0292 769.7494 775.488 781.2269 786.9657 791.9877 794.4302 796.8727 799.3152 801.7576 802.9384 803.5481
821.5818 813.2792 804.9764 794.0935 781.2265 768.3591 755.4916 742.7342 732.9031 723.0717 713.2403 703.4092 697.4954 695.3872 693.2792 691.171 689.0629 690.2501 691.5106 692.7711 694.0315 695.0252 695.692 696.3588 697.0256 697.6923 697.9513 698.1749 698.3986 698.6221 698.8601 699.1204 699.3807 699.641 699.9013 700.1102 700.3108 700.5114 700.712 702.1979 706.2544 710.3107 714.3671 718.4236 724.0364 730.028 736.0195 742.0109 747.8782 753.4185 758.9587 764.4987 770.0389 775.475 780.8754 786.276 791.6766 796.3594 798.4587 800.558 802.6573 804.7566 805.7648 806.279
810.0356 802.2198 794.4037 783.9831 771.5596 759.1356 746.7117 734.4203 725.6547 716.8887 708.1227 699.357 694.429 693.2295 692.03 690.8305 689.631 691.1501 692.7297 694.3093 695.8888 697.1263 697.9445 698.7627 699.5809 700.3991 700.7597 701.0807 701.4017 701.7227 701.8908 701.8212 701.7515 701.6819 701.6123 701.9063 702.2584 702.6104 702.9625 704.9279 710.1202 715.3122 720.5044 725.6967 731.6795 737.855 744.0305 750.2057 756.1661 761.5603 766.9545 772.3485 777.7427 783.2224 788.731 794.2397 799.7485 804.6206 807.2013 809.7819 812.3626 814.9432 816.079 816.5608
798.4894 791.1603 783.8309 773.8727 761.8926 749.9122 737.9318 726.1064 718.4061 710.7056 703.0051 695.3047 691.3627 691.0718 690.7809 690.49 690.1991 692.0502 693.9488 695.8475 697.7462 699.2274 700.197 701.1666 702.1362 703.1059 703.5682 703.9865 704.4048 704.8232 704.9214 704.5219 704.1224 703.7228 703.3233 703.7025 704.2059 704.7095 705.213 707.6579 713.9859 720.3137 726.6417 732.9697 739.3227 745.682 752.0414 758.4005 764.4539 769.7021 774.9503 780.1983 785.4465 790.9698 796.5866 802.2036 807.8204 812.8818 815.9438 819.0059 822.0679 825.1298 826.3932 826.8426
786.9432 780.1008 773.2582 763.7623 752.2258 740.6888 729.1518 717.7925 711.1577 704.5225 697.8875 691.2526 688.2963 688.9141 689.5317 690.1495 690.7672 692.9502 695.1679 697.3857 699.6035 701.3284 702.4495 703.5706 704.6916 705.8127 706.3766 706.8923 707.408 707.9236 707.9521 707.2227 706.4932 705.7637 705.0344 705.4987 706.1536 706.8085 707.4634 710.3879 717.8517 725.3152 732.7789 740.2427 746.9658 753.509 760.0523 766.5953 772.7418 777.8439 782.946 788.048 793.1502 798.7173 804.4422 810.1673 815.8924 821.143 824.6864 828.2297 831.7731 835.3163 836.7075 837.1243
775.397 769.0414 762.6855 753.6519 742.5588 731.4653 720.3719 709.4786 703.9092 698.3395 692.7698 687.2003 685.23 686.7563 688.2827 689.809 691.3353 693.8502 696.387 698.9239 701.4608 703.4295 704.702 705.9745 707.2469 708.5195 709.1851 709.7981 710.4111 711.0242 710.9827 709.9234 708.8641 707.8047 706.7454 707.2948 708.1011 708.9075 709.7138 713.1179 721.7174 730.3167 738.9162 747.5157 754.6089 761.3361 768.0632 774.7901 781.0296 785.9857 790.9418 795.8978 800.8539 806.4648 812.2978 818.131 823.9644 829.4042 833.429 837.4537 841.4784 845.5029 847.0217 847.4061
763.5015 757.3448 751.1879 742.5652 732.0463 721.5269 711.0075 700.7057 696.191 691.6761 687.1612 682.6464 681.673 684.1399 686.6068 689.0737 691.5406 694.5576 697.5867 700.6159 703.6451 706.0943 707.8326 709.571 711.3094 713.0478 713.9652 714.8115 715.6578 716.5042 716.4193 714.8862 713.353 711.8198 710.2866 710.6992 711.4224 712.1457 712.8689 716.4452 725.7274 735.0093 744.2916 753.5739 760.9807 767.9317 774.8827 781.8334 788.2646 793.3279 798.3912 803.4543 808.5176 814.3099 820.3497 826.3898 832.4298 838.0898 842.3827 846.6755 850.9684 855.2611 856.8521 857.22
751.2466 744.9925 738.7383 730.4738 720.6632 710.8523 701.0414 691.4603 687.9893 684.5182 681.0471 677.5761 677.6108 681.0513 684.4916 687.9321 691.3725 695.0667 698.7664 702.4662 706.1661 709.3394 711.8674 714.3954 716.9233 719.4513 720.7751 721.9946 723.2141 724.4335 724.3325 722.1774 720.0222 717.867 715.7119 715.759 716.1578 716.5566 716.9553 720.3873 729.8859 739.3842 748.8828 758.3814 766.0437 773.2597 780.4757 787.6915 794.416 799.847 805.2781 810.7089 816.14 822.2556 828.6037 834.952 841.3004 847.2122 851.5538 855.8953 860.2368 864.5782 866.1843 866.5523
738.9916 732.6402 726.2886 718.3822 709.2802 700.1777 691.0754 682.215 679.7877 677.3604 674.933 672.5058 673.5486 677.9626 682.3765 686.7904 691.2044 695.5758 699.9462 704.3167 708.6871 712.5844 715.902 719.2197 722.5372 725.8547 727.585 729.1776 730.7703 732.3629 732.2456 729.4686 726.6915 723.9143 721.1373 720.8189 720.8932 720.9674 721.0417 724.3295 734.0444 743.759 753.4739 763.1889 771.1067 778.5877 786.0687 793.5495 800.5673 806.3661 812.1649 817.9635 823.7623 830.2014 836.8577 843.5143 850.1709 856.3346 860.7248 865.115 869.5052 873.8953 875.5166 875.8846
726.7366 720.2878 713.8389 706.2906 697.897 689.5032 681.1093 672.9695 671.5861 670.2025 668.819 667.4355 669.4865 674.874 680.2613 685.6487 691.0363 696.0849 701.1259 706.167 711.2081 715.8295 719.9367 724.0439 728.151 732.2582 734.3948 736.3607 738.3264 740.2923 740.1588 736.7598 733.3607 729.9615 726.5626 725.8788 725.6285 725.3783 725.1281 728.2717 738.2029 748.1339 758.0651 767.9964 776.1697 783.9157 791.6617 799.4075 806.7186 812.8852 819.0518 825.2181 831.3846 838.1471 845.1117 852.0766 859.0414 865.457 869.8959 874.3348 878.7736 883.2123 884.8488 885.2168
714.4819 707.9358 701.3895 694.1993 686.5142 678.8288 671.1434 663.7243 663.3846 663.0448 662.705 662.3652 665.4244 671.7853 678.1461 684.5071 690.8682 696.594 702.3056 708.0173 713.7291 719.0745 723.9714 728.8682 733.7648 738.6616 741.2045 743.5436 745.8825 748.2216 748.0718 744.0509 740.0298 736.0087 731.9878 730.9385 730.3638 729.7891 729.2144 732.2137 742.3614 752.5086 762.6563 772.8038 781.2326 789.2437 797.2547 805.2654 812.8699 819.4042 825.9385 832.4726 839.0069 846.0927 853.3655 860.6387 867.9119 874.5792 879.0668 883.5543 888.0419 892.5293 894.1809 894.5489
702.536 696.1409 689.7455 682.9513 675.8505 668.7495 661.6485 654.8386 655.7702 656.7018 657.6335 658.5651 662.4795 669.2915 676.1033 682.9153 689.7274 696.0078 702.2761 708.5447 714.8134 720.9852 727.0389 733.0926 739.1461 745.1998 748.2021 750.9402 753.6783 756.4164 756.5192 752.5229 748.5266 744.5302 740.5339 738.8335 737.4998 736.166 734.8323 736.996 746.1545 755.3128 764.4714 773.6299 782.303 790.8585 799.4139 807.9691 816.1789 823.4792 830.7797 838.0798 845.3802 852.6394 859.8843 867.1295 874.3746 880.9599 885.1702 889.3806 893.5908 897.801 899.4161 899.8565
690.6042 684.3713 678.1382 671.7417 665.2196 658.6973 652.1749 645.9692 648.1826 650.396 652.6094 654.8227 659.5854 666.8247 674.0637 681.303 688.5424 695.3717 702.1918 709.012 715.8323 722.8352 730.0625 737.2898 744.5168 751.7441 755.2084 758.3467 761.4849 764.6232 764.9908 761.0486 757.1063 753.164 749.2219 746.8574 744.7448 742.6323 740.5198 741.8163 749.9311 758.0456 766.1603 774.275 783.192 792.3045 801.417 810.5292 819.3586 827.4432 835.5278 843.6121 851.6967 859.1225 866.3242 873.5261 880.728 887.2159 891.1342 895.0524 898.9707 902.8888 904.465 904.9811
678.6725 672.6018 666.5309 660.532 654.5886 648.645 642.7014 637.0999 640.5949 644.0901 647.5853 651.0803 656.6913 664.3579 672.0242 679.6907 687.3573 694.7357 702.1074 709.4793 716.8512 724.6852 733.0861 741.4869 749.8876 758.2885 762.2146 765.7531 769.2915 772.8301 773.4624 769.5743 765.6862 761.7979 757.9099 754.8812 751.9899 749.0986 746.2073 746.6368 753.7076 760.7783 767.8492 774.9202 784.081 793.7505 803.4201 813.0894 822.5384 831.4072 840.276 849.1445 858.0132 865.6057 872.764 879.9227 887.0814 893.4719 897.0981 900.7243 904.3505 907.9766 909.514 910.1058
666.7407 660.8323 654.9237 649.3224 643.9576 638.5928 633.2278 628.2305 633.0073 637.7842 642.5611 647.3379 653.7972 661.8911 669.9846 678.0785 686.1723 694.0996 702.0229 709.9465 717.8702 726.5352 736.1096 745.6841 755.2583 764.8328 769.2208 773.1595 777.0981 781.0369 781.9341 778.1 774.2659 770.4318 766.5978 762.9051 759.235 755.5649 751.8949 751.4572 757.4843 763.5111 769.5382 775.5652 784.97 795.1966 805.4232 815.6495 825.7182 835.3712 845.0242 854.6768 864.3298 872.0887 879.2039 886.3193 893.4347 899.7279 903.0621 906.3962 909.7304 913.0645 914.5629 915.2305
655.6504 650.0406 644.4307 639.4431 634.9343 630.4255 625.9166 621.7949 627.9669 634.1393 640.3116 646.4837 653.8013 662.2315 670.6614 679.0916 687.5217 695.3245 703.113 710.9018 718.6906 727.733 738.3129 748.8928 759.4723 770.0522 774.7903 779.0225 783.2545 787.4867 788.645 785.0219 781.3987 777.7755 774.1524 770.0837 765.944 761.8042 757.6646 756.59 761.6461 766.7018 771.7578 776.8138 786.2554 796.764 807.2727 817.781 828.2068 838.4144 848.622 858.8292 869.0369 876.894 883.9523 891.0107 898.0692 904.2939 907.5179 910.7419 913.9658 917.1896 918.7779 919.6257
645.7208 640.5978 635.4746 631.3987 628.1284 624.8581 621.5877 618.7159 626.4401 634.1646 641.8892 649.6133 657.8028 666.444 675.0848 683.7259 692.3671 699.1162 705.8231 712.5302 719.2373 728.0315 739.3848 750.738 762.0909 773.4442 778.3784 782.7566 787.1346 791.5128 792.9272 789.7314 786.5354 783.3395 780.1437 776.0966 771.9135 767.7305 763.5475 762.1539 766.3392 770.5243 774.7095 778.8947 788.0876 798.499 808.9103 819.3212 829.7419 840.1876 850.6331 861.0783 871.5239 879.3849 886.3674 893.3502 900.3329 906.529 909.8936 913.2582 916.6227 919.9872 921.8427 923.015
635.7913 631.155 626.5186 623.3542 621.3225 619.2907 617.2589 615.637 624.9133 634.19 643.4667 652.743 661.8043 670.6564 679.5082 688.3602 697.2123 702.9079 708.5331 714.1586 719.784 728.33 740.4566 752.5833 764.7095 776.8362 781.9664 786.4907 791.0148 795.539 797.2094 794.4409 791.6722 788.9035 786.1349 782.1093 777.8831 773.6567 769.4306 767.7179 771.0323 774.3467 777.6612 780.9756 789.9199 800.2338 810.5478 820.8614 831.2772 841.9607 852.6442 863.3274 874.0109 881.8758 888.7826 895.6896 902.5967 908.764 912.2693 915.7745 919.2797 922.7847 924.9073 926.4042
625.8616 621.7121 617.5624 615.3099 614.5166 613.7233 612.9301 612.558 623.3865 634.2154 645.0442 655.8727 665.8058 674.8688 683.9316 692.9946 702.0576 706.6996 711.2432 715.7869 720.3307 728.6284 741.5284 754.4285 767.3281 780.2282 785.5545 790.2248 794.8949 799.5651 801.4916 799.1503 796.8089 794.4675 792.1262 788.1221 783.8526 779.583 775.3136 773.2818 775.7255 778.1691 780.6129 783.0565 791.7521 801.9688 812.1854 822.4016 832.8123 843.7338 854.6553 865.5765 876.498 884.3667 891.1978 898.0291 904.8605 910.9991 914.645 918.2908 921.9366 925.5823 927.9721 929.7935
615.9321 612.2693 608.6064 607.2655 607.7108 608.156 608.6013 609.4791 621.8597 634.2407 646.6218 659.0023 669.8073 679.0813 688.355 697.6289 706.9029 710.4913 713.9532 717.4153 720.8774 728.9269 742.6003 756.2738 769.9468 783.6202 789.1426 793.9589 798.775 803.5913 805.7739 803.8598 801.9457 800.0316 798.1175 794.1349 789.8221 785.5093 781.1966 778.8457 780.4186 781.9916 783.5645 785.1375 793.5844 803.7037 813.8229 823.9418 834.3475 845.507 856.6665 867.8256 878.985 886.8576 893.613 900.3686 907.1242 913.2342 917.0206 920.8071 924.5935 928.3798 931.0369 933.1827
611.9002 608.9967 606.0931 605.7959 607.5035 609.2112 610.9189 613.0634 626.8192 640.5754 654.3317 668.0875 679.4202 688.3982 697.376 706.3541 715.3322 718.2254 720.9835 723.7415 726.4996 733.7958 746.6553 759.5147 772.3737 785.2332 790.869 795.8792 800.8892 805.8993 808.3895 806.9601 805.5306 804.1011 802.6716 798.7598 794.4515 790.1432 785.8351 783.2671 784.1796 785.0922 786.0048 786.9174 794.9914 804.8077 814.624 824.44 834.6378 845.8392 857.0406 868.2416 879.443 887.5266 894.5505 901.5746 908.5988 914.9984 919.1501 923.3019 927.4537 931.6053 934.5437 936.9327
608.6418 606.5333 604.4247 605.1885 608.1617 611.135 614.1083 617.5214 632.6293 647.7376 662.8459 677.9538 689.7688 698.3845 706.9999 715.6157 724.2314 726.4766 728.5802 730.6839 732.7876 739.2641 751.1014 762.9387 774.7756 786.6129 792.3514 797.5616 802.7717 807.9819 810.7866 809.8493 808.912 807.9746 807.0374 803.2026 798.9051 794.6076 790.3103 787.5386 787.8184 788.0981 788.3779 788.6577 796.3427 805.829 815.3155 824.8016 834.7646 845.9823 857.2 868.4172 879.6348 887.9567 895.2943 902.6321 909.9699 916.7008 921.2474 925.794 930.3406 934.887 938.1085 940.73
605.3834 604.0699 602.7564 604.5812 608.8199 613.0588 617.2977 621.9795 638.4393 654.8998 671.3602 687.8201 700.1175 708.3708 716.6239 724.8773 733.1306 734.7278 736.1769 737.6262 739.0755 744.7324 755.5475 766.3627 777.1774 787.9926 793.8337 799.2441 804.6543 810.0646 813.1837 812.7385 812.2933 811.8482 811.403 807.6453 803.3587 799.0721 794.7856 791.8101 791.4572 791.1041 790.7512 790.3981 797.6939 806.8504 816.0069 825.1631 834.8916 846.1255 857.3593 868.5928 879.8267 888.3867 896.038 903.6895 911.3411 918.4032 923.3447 928.2861 933.2275 938.1688 941.6733 944.5274
602.125 601.6066 601.088 603.9738 609.4781 614.9825 620.487 626.4376 644.2495 662.062 679.8744 697.6863 710.4662 718.3572 726.2479 734.1389 742.0298 742.9789 743.7737 744.5686 745.3634 750.2007 759.9937 769.7866 779.5793 789.3723 795.3161 800.9266 806.5369 812.1473 815.5807 815.6277 815.6747 815.7217 815.7687 812.0881 807.8123 803.5365 799.2608 796.0817 795.0959 794.1101 793.1243 792.1385 799.0452 807.8718 816.6984 825.5247 835.0186 846.2686 857.5187 868.7684 880.0185 888.8168 896.7817 904.7469 912.7122 920.1057 925.4419 930.7781 936.1144 941.4504 945.238 948.3248
600.3191 600.4714 600.6238 604.6697 611.7104 618.7513 625.7921 633.253 651.8788 670.5054 689.132 707.7578 720.7904 728.3886 735.9866 743.5848 751.183 751.4984 751.652 751.8056 751.9592 755.9114 764.5205 773.1296 781.7383 790.3474 796.445 802.3252 808.2051 814.0853 817.9138 818.5507 819.1877 819.8247 820.4617 816.9122 812.6942 808.4762 804.2584 800.8812 799.1855 797.4899 795.7942 794.0985 800.3663 808.5715 816.7766 824.9814 834.0419 845.3533 856.6647 867.9758 879.2872 888.4518 896.8865 905.3216 913.7567 921.6126 927.385 933.1575 938.9299 944.7021 948.7897 952.1146
601.2365 601.827 602.4174 607.8093 616.8942 625.9795 635.0648 644.4888 662.92 681.3518 699.7836 718.2148 731.0692 738.5051 745.9408 753.3768 760.8127 760.5214 760.0585 759.5955 759.1325 762.0771 769.1989 776.3206 783.4421 790.5639 796.9114 803.1917 809.4719 815.7523 820.127 821.5373 822.9477 824.3581 825.7684 822.4514 818.3794 814.3074 810.2356 806.6709 804.1207 801.5706 799.0204 796.4702 801.6312 808.6681 815.705 822.7416 830.9957 842.4532 853.9107 865.3678 876.8253 886.596 895.7933 904.991 914.1886 922.7531 929.0392 935.3255 941.6117 947.8977 952.3167 955.8903
602.1539 603.1824 604.2109 610.9488 622.0781 633.2077 644.3374 655.7246 673.9611 692.1982 710.4354 728.6719 741.3479 748.6216 755.8951 763.1688 770.4424 769.5445 768.465 767.3854 766.3059 768.2427 773.8772 779.5117 785.146 790.7805 797.3777 804.0582 810.7386 817.4192 822.3401 824.5239 826.7076 828.8914 831.0751 827.9905 824.0646 820.1386 816.2128 812.4606 809.0559 805.6512 802.2465 798.8418 802.8961 808.7647 814.6334 820.5019 827.9496 839.5532 851.1566 862.7598 874.3632 884.7402 894.7001 904.6603 914.6205 923.8935 930.6935 937.4935 944.2936 951.0933 955.8436 959.6661
603.0714 604.5379 606.0045 614.0884 627.262 640.436 653.61 666.9604 685.0023 703.0447 721.0871 739.1288 751.6266 758.7381 765.8493 772.9608 780.0722 778.5675 776.8715 775.1754 773.4792 774.4083 778.5555 782.7028 786.8498 790.997 797.844 804.9248 812.0053 819.0861 824.5533 827.5104 830.4676 833.4248 836.3819 833.5297 829.7498 825.9698 822.19 818.2504 813.9911 809.732 805.4727 801.2134 804.1609 808.8613 813.5618 818.2621 824.9036 836.6531 848.4026 860.1517 871.9012 882.8845 893.6069 904.3297 915.0525 925.0339 932.3478 939.6616 946.9754 954.2889 959.3706 963.4418
