data/zism_data/00831_02_D.txt
ncols         224
nrows         224
[rows 112 to 139 of 224, columns 63 to 125 of 224]
982.5306 982.5624 982.5941 982.6259 985.7529 989.0208 992.2885 995.5563 1001.061 1009.651 1018.241 1026.831 1035.421 1047.877 1060.841 1073.805 1086.769 1099.885 1113.29 1126.694 1140.099 1153.503 1168.815 1184.568 1200.323 1216.076 1230.417 1241.038 1251.659 1262.281 1272.902 1281.937 1290.411 1298.886 1307.361 1315.472 1322.153 1328.835 1335.516 1342.198 1348.799 1355.36 1361.922 1368.484 1375.22 1383.12 1391.021 1398.921 1406.822 1414.497 1422.017 1429.538 1437.058 1444.536 1451.312 1458.087 1464.863 1471.639 1476.806 1480.5 1484.193 1487.886 1491.579
980.8727 981.1434 981.4141 981.6848 985.8685 990.2303 994.592 998.9537 1005.779 1016.002 1026.225 1036.448 1046.671 1059.966 1073.664 1087.361 1101.059 1114.563 1127.704 1140.845 1153.987 1167.127 1181.842 1196.922 1212.003 1227.082 1240.75 1250.7 1260.65 1270.601 1280.551 1289.234 1297.469 1305.704 1313.939 1321.826 1328.345 1334.864 1341.383 1347.902 1354.366 1360.802 1367.238 1373.674 1380.315 1388.318 1396.321 1404.324 1412.327 1420.139 1427.819 1435.499 1443.18 1450.806 1457.549 1464.292 1471.035 1477.778 1482.676 1485.882 1489.089 1492.295 1495.502
979.4671 980.2238 980.9804 981.7371 987.6207 993.7374 999.8539 1005.971 1014.508 1026.383 1038.258 1050.134 1062.009 1075.347 1088.878 1102.408 1115.939 1129.05 1141.376 1153.701 1166.027 1178.353 1192.016 1205.989 1219.962 1233.935 1246.754 1256.537 1266.32 1276.103 1285.885 1294.445 1302.572 1310.699 1318.826 1326.654 1333.302 1339.951 1346.599 1353.248 1359.665 1365.966 1372.267 1378.568 1385.09 1393.076 1401.063 1409.05 1417.037 1425.005 1432.961 1440.917 1448.873 1456.734 1463.073 1469.411 1475.749 1482.087 1486.442 1488.979 1491.516 1494.052 1496.589
978.0616 979.3042 980.5468 981.7894 989.3727 997.2444 1005.116 1012.987 1023.236 1036.764 1050.291 1063.819 1077.347 1090.729 1104.092 1117.455 1130.818 1143.536 1155.047 1166.557 1178.068 1189.578 1202.189 1215.055 1227.921 1240.787 1252.758 1262.374 1271.989 1281.604 1291.22 1299.656 1307.675 1315.694 1323.713 1331.481 1338.259 1345.037 1351.815 1358.594 1364.964 1371.13 1377.296 1383.462 1389.864 1397.834 1405.805 1413.776 1421.746 1429.872 1438.103 1446.334 1454.565 1462.663 1468.596 1474.529 1480.462 1486.396 1490.207 1492.075 1493.942 1495.809 1497.677
976.656 978.3846 980.1132 981.8418 991.1248 1000.751 1010.378 1020.004 1031.965 1047.145 1062.325 1077.505 1092.685 1106.11 1119.306 1132.502 1145.698 1158.023 1168.718 1179.413 1190.108 1200.803 1212.362 1224.121 1235.88 1247.639 1258.762 1268.21 1277.658 1287.106 1296.554 1304.867 1312.778 1320.689 1328.6 1336.308 1343.216 1350.124 1357.031 1363.939 1370.262 1376.294 1382.325 1388.356 1394.638 1402.593 1410.547 1418.501 1426.456 1434.738 1443.245 1451.751 1460.258 1468.592 1474.12 1479.648 1485.176 1490.704 1493.973 1495.171 1496.369 1497.567 1498.764
975.2504 977.465 979.6796 981.8942 992.8768 1004.258 1015.64 1027.021 1040.693 1057.526 1074.358 1091.19 1108.023 1121.492 1134.52 1147.548 1160.577 1172.51 1182.389 1192.269 1202.149 1212.028 1222.535 1233.187 1243.839 1254.492 1264.766 1274.047 1283.327 1292.608 1301.889 1310.078 1317.881 1325.684 1333.487 1341.135 1348.172 1355.21 1362.247 1369.285 1375.561 1381.457 1387.354 1393.25 1399.412 1407.351 1415.289 1423.227 1431.165 1439.605 1448.387 1457.169 1465.951 1474.521 1479.644 1484.767 1489.89 1495.013 1497.739 1498.267 1498.795 1499.323 1499.852
973.7578 977.2849 980.8118 984.3388 996.8865 1009.845 1022.802 1035.76 1050.482 1067.639 1084.794 1101.95 1119.106 1132.352 1145.087 1157.821 1170.555 1182.22 1191.88 1201.541 1211.201 1220.862 1230.985 1241.216 1251.447 1261.678 1271.547 1280.463 1289.379 1298.295 1307.211 1315.044 1322.495 1329.946 1337.397 1344.729 1351.591 1358.453 1365.314 1372.176 1378.389 1384.276 1390.165 1396.052 1402.185 1409.947 1417.71 1425.472 1433.235 1441.504 1450.12 1458.736 1467.352 1475.758 1480.753 1485.748 1490.744 1495.739 1498.343 1498.756 1499.169 1499.581 1499.994
972.2523 977.2156 982.1788 987.1422 1001.235 1015.742 1030.25 1044.758 1060.43 1077.711 1094.99 1112.27 1129.55 1142.534 1154.956 1167.376 1179.797 1191.213 1200.744 1210.275 1219.806 1229.337 1239.177 1249.089 1259.002 1268.914 1278.443 1286.965 1295.487 1304.009 1312.531 1319.974 1327.036 1334.099 1341.161 1348.138 1354.778 1361.419 1368.059 1374.699 1380.845 1386.744 1392.643 1398.542 1404.657 1412.22 1419.783 1427.345 1434.908 1442.958 1451.342 1459.726 1468.11 1476.292 1481.201 1486.109 1491.018 1495.927 1498.473 1498.854 1499.234 1499.614 1499.995
970.7466 977.1464 983.5459 989.9457 1005.583 1021.641 1037.698 1053.755 1070.378 1087.783 1105.187 1122.591 1139.995 1152.717 1164.825 1176.932 1189.04 1200.206 1209.608 1219.009 1228.411 1237.812 1247.369 1256.963 1266.557 1276.151 1285.34 1293.468 1301.596 1309.724 1317.851 1324.904 1331.578 1338.251 1344.925 1351.547 1357.965 1364.385 1370.803 1377.223 1383.302 1389.211 1395.121 1401.031 1407.13 1414.493 1421.855 1429.218 1436.581 1444.412 1452.564 1460.716 1468.867 1476.826 1481.648 1486.471 1491.293 1496.115 1498.603 1498.951 1499.299 1499.647 1499.995
969.241 977.0771 984.913 992.7491 1009.931 1027.538 1045.145 1062.752 1080.326 1097.855 1115.383 1132.911 1150.44 1162.899 1174.694 1186.488 1198.283 1209.2 1218.472 1227.743 1237.015 1246.286 1255.561 1264.836 1274.112 1283.387 1292.237 1299.971 1307.704 1315.438 1323.171 1329.834 1336.119 1342.404 1348.688 1354.955 1361.153 1367.351 1373.548 1379.746 1385.758 1391.679 1397.599 1403.52 1409.602 1416.765 1423.928 1431.091 1438.254 1445.867 1453.786 1461.705 1469.625 1477.359 1482.096 1486.832 1491.568 1496.304 1498.733 1499.049 1499.364 1499.68 1499.995
968.5255 978.0372 987.5488 997.0605 1015.429 1034.201 1052.972 1071.744 1089.941 1107.345 1124.749 1142.153 1159.558 1171.732 1183.221 1194.709 1206.198 1216.88 1226.051 1235.222 1244.393 1253.564 1262.567 1271.531 1280.495 1289.458 1297.974 1305.309 1312.645 1319.981 1327.317 1333.598 1339.506 1345.415 1351.323 1357.233 1363.146 1369.059 1374.972 1380.886 1386.758 1392.61 1398.462 1404.314 1410.309 1417.26 1424.211 1431.161 1438.112 1445.47 1453.107 1460.744 1468.381 1475.854 1480.675 1485.495 1490.316 1495.136 1497.659 1498.076 1498.492 1498.908 1499.324
969.39 981.0563 992.7222 1004.389 1023.228 1042.394 1061.559 1080.726 1098.89 1115.673 1132.456 1149.239 1166.023 1177.867 1189.064 1200.261 1211.458 1221.935 1231.063 1240.191 1249.319 1258.446 1267.2 1275.867 1284.534 1293.201 1301.389 1308.32 1315.251 1322.182 1329.112 1335.028 1340.586 1346.143 1351.701 1357.247 1362.75 1368.253 1373.756 1379.259 1384.843 1390.468 1396.094 1401.719 1407.486 1414.199 1420.912 1427.625 1434.338 1441.372 1448.626 1455.879 1463.133 1470.27 1475.517 1480.764 1486.011 1491.258 1494.177 1494.96 1495.744 1496.527 1497.311
970.2545 984.0753 997.8956 1011.716 1031.026 1050.587 1070.146 1089.707 1107.838 1124.001 1140.163 1156.325 1172.487 1184.002 1194.908 1205.813 1216.719 1226.99 1236.075 1245.16 1254.244 1263.329 1271.833 1280.203 1288.573 1296.943 1304.805 1311.331 1317.856 1324.382 1330.908 1336.459 1341.665 1346.872 1352.079 1357.262 1362.354 1367.447 1372.54 1377.632 1382.928 1388.327 1393.725 1399.124 1404.663 1411.138 1417.614 1424.089 1430.565 1437.275 1444.145 1451.015 1457.885 1464.685 1470.359 1476.033 1481.707 1487.38 1490.694 1491.845 1492.996 1494.146 1495.297
971.1191 987.0944 1003.069 1019.044 1038.825 1058.78 1078.733 1098.688 1116.787 1132.328 1147.87 1163.411 1178.952 1190.137 1200.751 1211.365 1221.979 1232.046 1241.087 1250.128 1259.17 1268.211 1276.467 1284.539 1292.612 1300.685 1308.22 1314.341 1320.462 1326.583 1332.704 1337.889 1342.745 1347.601 1352.456 1357.277 1361.959 1366.641 1371.323 1376.005 1381.014 1386.185 1391.357 1396.529 1401.839 1408.077 1414.315 1420.553 1426.791 1433.177 1439.663 1446.15 1452.637 1459.101 1465.202 1471.302 1477.402 1483.502 1487.212 1488.73 1490.247 1491.765 1493.283
971.9836 990.1133 1008.242 1026.372 1046.624 1066.972 1087.32 1107.669 1125.735 1140.656 1155.576 1170.496 1185.417 1196.272 1206.595 1216.917 1227.239 1237.101 1246.099 1255.097 1264.095 1273.093 1281.1 1288.875 1296.651 1304.427 1311.636 1317.352 1323.068 1328.783 1334.499 1339.32 1343.825 1348.329 1352.834 1357.292 1361.563 1365.835 1370.107 1374.379 1379.099 1384.044 1388.989 1393.934 1399.016 1405.016 1411.017 1417.017 1423.018 1429.079 1435.182 1441.286 1447.389 1453.517 1460.044 1466.571 1473.097 1479.624 1483.729 1485.615 1487.499 1489.384 1491.269
981.7996 999.9318 1018.063 1036.195 1055.647 1075.158 1094.67 1114.181 1131.665 1146.352 1161.038 1175.725 1190.412 1200.986 1211.021 1221.056 1231.091 1240.738 1249.659 1258.579 1267.5 1276.42 1284.091 1291.471 1298.851 1306.23 1313.013 1318.225 1323.437 1328.649 1333.861 1338.303 1342.474 1346.645 1350.816 1354.933 1358.837 1362.742 1366.646 1370.551 1374.931 1379.55 1384.17 1388.789 1393.543 1399.198 1404.853 1410.508 1416.163 1421.954 1427.838 1433.721 1439.605 1445.533 1452.185 1458.837 1465.489 1472.142 1476.563 1478.94 1481.317 1483.694 1486.071
993.8937 1011.481 1029.067 1046.654 1064.981 1083.343 1101.704 1120.065 1136.825 1151.377 1165.929 1180.48 1195.032 1205.338 1215.087 1224.836 1234.584 1244.015 1252.849 1261.683 1270.518 1279.352 1286.664 1293.622 1300.581 1307.54 1313.872 1318.555 1323.237 1327.92 1332.603 1336.664 1340.505 1344.347 1348.188 1351.97 1355.518 1359.066 1362.614 1366.163 1370.191 1374.459 1378.727 1382.995 1387.395 1392.678 1397.96 1403.243 1408.526 1414.059 1419.765 1425.47 1431.175 1436.938 1443.639 1450.34 1457.04 1463.741 1468.459 1471.36 1474.261 1477.162 1480.063
1005.988 1023.03 1040.071 1057.112 1074.316 1091.527 1108.738 1125.949 1141.986 1156.403 1170.82 1185.236 1199.653 1209.69 1219.153 1228.615 1238.078 1247.292 1256.04 1264.787 1273.535 1282.283 1289.237 1295.774 1302.312 1308.849 1314.73 1318.884 1323.037 1327.191 1331.344 1335.024 1338.536 1342.048 1345.56 1349.008 1352.199 1355.391 1358.583 1361.774 1365.45 1369.367 1373.284 1377.201 1381.248 1386.157 1391.068 1395.977 1400.887 1406.164 1411.691 1417.218 1422.745 1428.343 1435.093 1441.842 1448.591 1455.341 1460.355 1463.78 1467.205 1470.629 1474.054
1018.083 1034.579 1051.074 1067.57 1083.65 1099.711 1115.772 1131.833 1147.146 1161.428 1175.71 1189.992 1204.274 1214.042 1223.219 1232.395 1241.571 1250.568 1259.23 1267.891 1276.553 1285.214 1291.81 1297.926 1304.042 1310.159 1315.589 1319.213 1322.838 1326.462 1330.086 1333.385 1336.567 1339.75 1342.933 1346.045 1348.88 1351.716 1354.551 1357.386 1360.709 1364.275 1367.841 1371.407 1375.1 1379.637 1384.175 1388.712 1393.25 1398.269 1403.618 1408.967 1414.316 1419.749 1426.547 1433.345 1440.143 1446.941 1452.252 1456.2 1460.148 1464.097 1468.045
1029.648 1045.445 1061.241 1077.039 1092.253 1107.442 1122.63 1137.819 1152.497 1166.474 1180.45 1194.426 1208.403 1217.796 1226.587 1235.379 1244.171 1252.845 1261.3 1269.755 1278.211 1286.666 1292.969 1298.773 1304.577 1310.38 1315.47 1318.682 1321.894 1325.106 1328.318 1331.268 1334.124 1336.98 1339.836 1342.622 1345.13 1347.639 1350.147 1352.656 1355.605 1358.775 1361.945 1365.115 1368.422 1372.641 1376.859 1381.077 1385.296 1390.188 1395.54 1400.893 1406.245 1411.684 1418.528 1425.372 1432.215 1439.059 1444.602 1448.953 1453.304 1457.655 1462.006
1039.712 1054.375 1069.038 1083.701 1098.784 1113.886 1128.988 1144.09 1158.388 1171.576 1184.764 1197.951 1211.14 1219.854 1227.981 1236.109 1244.236 1252.288 1260.198 1268.108 1276.018 1283.927 1290.123 1295.922 1301.72 1307.518 1312.582 1315.713 1318.844 1321.975 1325.106 1327.799 1330.337 1332.874 1335.412 1337.894 1340.16 1342.425 1344.691 1346.956 1349.475 1352.122 1354.768 1357.414 1360.244 1364.295 1368.346 1372.397 1376.448 1381.58 1387.451 1393.322 1399.193 1405.122 1412.004 1418.885 1425.766 1432.648 1438.24 1442.651 1447.061 1451.471 1455.882
1049.777 1063.306 1076.835 1090.364 1105.315 1120.331 1135.346 1150.362 1164.278 1176.678 1189.077 1201.477 1213.876 1221.912 1229.375 1236.839 1244.302 1251.731 1259.095 1266.46 1273.824 1281.189 1287.278 1293.07 1298.863 1304.656 1309.694 1312.744 1315.794 1318.844 1321.894 1324.33 1326.549 1328.768 1330.987 1333.166 1335.189 1337.211 1339.234 1341.256 1343.345 1345.468 1347.591 1349.713 1352.065 1355.949 1359.832 1363.716 1367.599 1372.972 1379.361 1385.75 1392.14 1398.559 1405.479 1412.398 1419.317 1426.237 1431.878 1436.348 1440.818 1445.287 1449.757
1059.841 1072.237 1084.632 1097.027 1111.846 1126.775 1141.704 1156.634 1170.168 1181.78 1193.391 1205.002 1216.613 1223.97 1230.769 1237.568 1244.368 1251.174 1257.993 1264.812 1271.631 1278.45 1284.432 1290.219 1296.007 1301.794 1306.806 1309.775 1312.744 1315.713 1318.682 1320.861 1322.762 1324.662 1326.563 1328.439 1330.218 1331.998 1333.777 1335.557 1337.216 1338.814 1340.413 1342.012 1343.887 1347.603 1351.319 1355.035 1358.752 1364.364 1371.272 1378.179 1385.087 1391.997 1398.954 1405.912 1412.869 1419.826 1425.516 1430.045 1434.574 1439.104 1443.633
1069.906 1081.167 1092.428 1103.69 1118.377 1133.22 1148.062 1162.905 1176.058 1186.881 1197.704 1208.527 1219.35 1226.028 1232.163 1238.298 1244.433 1250.617 1256.89 1263.164 1269.438 1275.711 1281.586 1287.368 1293.15 1298.932 1303.917 1306.806 1309.694 1312.582 1315.47 1317.393 1318.974 1320.556 1322.138 1323.711 1325.247 1326.784 1328.32 1329.857 1331.086 1332.161 1333.236 1334.311 1335.708 1339.257 1342.806 1346.354 1349.903 1355.756 1363.182 1370.608 1378.034 1385.435 1392.43 1399.425 1406.42 1413.415 1419.154 1423.743 1428.331 1432.92 1437.508
1076.15 1086.833 1097.515 1108.198 1122.107 1136.164 1150.219 1164.276 1176.742 1187.015 1197.288 1207.561 1217.835 1224.188 1230.026 1235.865 1241.703 1247.464 1253.079 1258.694 1264.309 1269.924 1275.718 1281.553 1287.388 1293.224 1298.282 1301.297 1304.311 1307.326 1310.34 1312.031 1313.256 1314.48 1315.704 1316.887 1317.906 1318.926 1319.946 1320.965 1322.006 1323.058 1324.111 1325.163 1326.549 1330.165 1333.781 1337.397 1341.014 1347.113 1354.909 1362.704 1370.5 1378.267 1385.566 1392.865 1400.163 1407.462 1413.353 1417.954 1422.555 1427.156 1431.757
1080.941 1091.257 1101.572 1111.888 1124.774 1137.778 1150.78 1163.784 1175.447 1185.261 1195.075 1204.889 1214.704 1220.865 1226.547 1232.229 1237.911 1243.326 1248.239 1253.151 1258.064 1262.977 1268.7 1274.611 1280.522 1286.433 1291.603 1294.823 1298.042 1301.262 1304.482 1305.951 1306.803 1307.654 1308.506 1309.266 1309.664 1310.063 1310.462 1310.861 1311.806 1313.026 1314.245 1315.465 1317.017 1320.79 1324.563 1328.335 1332.108 1338.457 1346.566 1354.675 1362.784 1370.869 1378.573 1386.277 1393.98 1401.684 1407.766 1412.362 1416.957 1421.553 1426.149
1085.733 1095.681 1105.63 1115.578 1127.441 1139.391 1151.341 1163.292 1174.151 1183.507 1192.862 1202.217 1211.573 1217.542 1223.068 1228.593 1234.119 1239.187 1243.398 1247.609 1251.82 1256.031 1261.683 1267.669 1273.656 1279.642 1284.924 1288.349 1291.773 1295.198 1298.623 1299.871 1300.35 1300.829 1301.308 1301.645 1301.422 1301.2 1300.978 1300.755 1301.606 1302.993 1304.38 1305.766 1307.485 1311.414 1315.344 1319.273 1323.202 1329.801 1338.223 1346.645 1355.067 1363.471 1371.58 1379.688 1387.797 1395.906 1402.179 1406.769 1411.359 1415.949 1420.54
1090.524 1100.105 1109.687 1119.268 1130.108 1141.005 1151.902 1162.8 1172.856 1181.753 1190.649 1199.545 1208.442 1214.22 1219.589 1224.957 1230.326 1235.048 1238.557 1242.066 1245.575 1249.084 1254.666 1260.728 1266.79 1272.852 1278.245 1281.875 1285.505 1289.135 1292.765 1293.791 1293.897 1294.003 1294.11 1294.024 1293.18 1292.337 1291.494 1290.651 1291.406 1292.96 1294.514 1296.069 1297.953 1302.039 1306.125 1310.211 1314.297 1321.145 1329.88 1338.615 1347.351 1356.073 1364.587 1373.1 1381.614 1390.128 1396.591 1401.176 1405.761 1410.346 1414.931
