data/zism_data/00831_01_D.txt
ncols         224
nrows         224
[rows 56 to 83 of 224, columns 0 to 62 of 224]
1144.526 1150.406 1156.287 1162.168 1167.74 1172.501 1177.262 1182.023 1186.785 1195.251 1205.026 1214.8 1224.575 1234.679 1246.08 1257.481 1268.881 1280.282 1286.319 1289.674 1293.029 1296.384 1299.322 1299.475 1299.63 1299.784 1299.938 1300.0 1300.0 1300.0 1300.0 1300.0 1300.0 1300.0 1300.0 1300.0 1299.759 1299.297 1298.835 1298.373 1297.911 1295.175 1292.406 1289.636 1286.867 1280.441 1269.532 1258.624 1247.715 1236.806 1222.091 1207.014 1191.936 1176.858 1162.398 1148.959 1135.52 1122.08 1108.641 1100.135 1092.564 1084.994 1077.423
1138.928 1144.49 1150.052 1155.614 1160.917 1165.538 1170.158 1174.779 1179.4 1188.005 1198.017 1208.03 1218.042 1228.47 1240.535 1252.6 1264.665 1276.73 1283.434 1287.459 1291.484 1295.508 1299.036 1299.255 1299.474 1299.692 1299.911 1300.0 1300.0 1300.0 1300.0 1300.0 1300.0 1300.0 1300.0 1300.0 1299.657 1299.001 1298.345 1297.688 1297.032 1293.836 1290.602 1287.368 1284.135 1277.771 1267.569 1257.368 1247.166 1236.965 1222.814 1208.288 1193.761 1179.234 1165.06 1151.469 1137.879 1124.289 1110.698 1101.206 1092.49 1083.775 1075.06
1133.329 1138.573 1143.816 1149.06 1154.093 1158.574 1163.054 1167.534 1172.015 1180.759 1191.009 1201.259 1211.508 1222.261 1234.99 1247.719 1260.448 1273.177 1280.55 1285.244 1289.938 1294.632 1298.751 1299.034 1299.318 1299.601 1299.885 1300.0 1300.0 1300.0 1300.0 1300.0 1300.0 1300.0 1300.0 1300.0 1299.556 1298.705 1297.854 1297.004 1296.153 1292.496 1288.798 1285.1 1281.402 1275.1 1265.606 1256.112 1246.618 1237.124 1223.538 1209.562 1195.586 1181.609 1167.722 1153.98 1140.239 1126.497 1112.755 1102.276 1092.416 1082.556 1072.696
1126.408 1131.605 1136.802 1142.0 1147.055 1151.735 1156.416 1161.096 1165.776 1174.43 1184.486 1194.542 1204.598 1215.125 1227.501 1239.878 1252.255 1264.631 1272.671 1278.543 1284.415 1290.287 1295.518 1296.479 1297.441 1298.402 1299.363 1299.785 1299.84 1299.894 1299.949 1300.0 1300.0 1300.0 1300.0 1300.0 1299.504 1298.555 1297.605 1296.655 1295.705 1291.522 1287.292 1283.061 1278.831 1272.315 1262.997 1253.679 1244.361 1235.044 1222.348 1209.332 1196.315 1183.298 1170.134 1156.727 1143.32 1129.913 1116.506 1105.167 1094.222 1083.276 1072.33
1119.235 1124.438 1129.641 1134.843 1139.975 1144.92 1149.865 1154.81 1159.755 1168.274 1178.055 1187.835 1197.616 1207.813 1219.644 1231.475 1243.306 1255.137 1263.845 1270.992 1278.138 1285.284 1291.727 1293.482 1295.237 1296.992 1298.747 1299.53 1299.649 1299.768 1299.888 1300.0 1300.0 1300.0 1300.0 1300.0 1299.462 1298.431 1297.4 1296.37 1295.339 1290.617 1285.841 1281.065 1276.29 1269.507 1260.265 1251.023 1241.781 1232.539 1220.797 1208.817 1196.837 1184.857 1172.5 1159.519 1146.538 1133.558 1120.577 1108.404 1096.384 1084.363 1072.343
1112.063 1117.271 1122.479 1127.687 1132.896 1138.105 1143.315 1148.524 1153.734 1162.118 1171.624 1181.129 1190.634 1200.501 1211.787 1223.072 1234.358 1245.644 1255.02 1263.44 1271.861 1280.282 1287.936 1290.485 1293.034 1295.582 1298.131 1299.274 1299.458 1299.643 1299.827 1300.0 1300.0 1300.0 1300.0 1300.0 1299.42 1298.308 1297.196 1296.084 1294.973 1289.712 1284.391 1279.07 1273.749 1266.7 1257.533 1248.367 1239.2 1230.034 1219.245 1208.302 1197.358 1186.415 1174.865 1162.311 1149.757 1137.203 1124.649 1111.64 1098.545 1085.45 1072.355
1104.89 1110.104 1115.317 1120.531 1125.816 1131.29 1136.764 1142.238 1147.713 1155.963 1165.193 1174.422 1183.652 1193.189 1203.929 1214.67 1225.41 1236.15 1246.194 1255.889 1265.584 1275.279 1284.145 1287.488 1290.83 1294.172 1297.515 1299.019 1299.268 1299.517 1299.766 1300.0 1300.0 1300.0 1300.0 1300.0 1299.378 1298.185 1296.992 1295.799 1294.606 1288.807 1282.941 1277.074 1271.208 1263.892 1254.801 1245.71 1236.619 1227.528 1217.693 1207.786 1197.88 1187.973 1177.23 1165.103 1152.975 1140.848 1128.72 1114.877 1100.707 1086.538 1072.368
1095.88 1101.332 1106.784 1112.236 1117.801 1123.659 1129.518 1135.377 1141.235 1149.422 1158.431 1167.44 1176.448 1185.696 1195.883 1206.07 1216.257 1226.443 1236.895 1247.478 1258.061 1268.644 1278.429 1282.896 1287.362 1291.829 1296.295 1298.355 1298.773 1299.19 1299.607 1300.0 1300.0 1300.0 1300.0 1300.0 1299.377 1298.182 1296.987 1295.792 1294.597 1288.552 1282.436 1276.319 1270.203 1262.785 1253.769 1244.754 1235.739 1226.723 1217.523 1208.305 1199.086 1189.868 1179.619 1167.665 1155.711 1143.757 1131.803 1117.449 1102.639 1087.828 1073.018
1082.667 1088.892 1095.116 1101.34 1107.646 1114.163 1120.68 1127.198 1133.715 1142.002 1150.914 1159.825 1168.737 1177.791 1187.405 1197.02 1206.634 1216.249 1226.513 1237.101 1247.69 1258.278 1268.313 1274.659 1281.004 1287.35 1293.695 1296.759 1297.581 1298.403 1299.225 1300.0 1300.0 1300.0 1300.0 1300.0 1299.469 1298.453 1297.436 1296.419 1295.402 1289.781 1284.091 1278.401 1272.712 1265.562 1256.622 1247.682 1238.743 1229.803 1220.51 1211.184 1201.858 1192.532 1182.063 1169.704 1157.345 1144.986 1132.627 1118.503 1104.044 1089.585 1075.126
1069.454 1076.451 1083.448 1090.444 1097.49 1104.666 1111.843 1119.019 1126.195 1134.582 1143.396 1152.211 1161.025 1169.885 1178.927 1187.97 1197.012 1206.054 1216.13 1226.724 1237.318 1247.912 1258.197 1266.422 1274.646 1282.871 1291.096 1295.163 1296.39 1297.617 1298.844 1300.0 1300.0 1300.0 1300.0 1300.0 1299.563 1298.724 1297.885 1297.047 1296.208 1291.009 1285.746 1280.483 1275.22 1268.339 1259.475 1250.611 1241.747 1232.883 1223.498 1214.064 1204.63 1195.196 1184.507 1171.743 1158.979 1146.215 1133.451 1119.557 1105.449 1091.341 1077.233
1056.242 1064.011 1071.779 1079.548 1087.335 1095.17 1103.005 1110.84 1118.675 1127.162 1135.879 1144.596 1153.313 1161.98 1170.45 1178.92 1187.389 1195.859 1205.749 1216.348 1226.947 1237.547 1248.081 1258.185 1268.289 1278.392 1288.496 1293.566 1295.198 1296.83 1298.463 1300.0 1300.0 1300.0 1300.0 1300.0 1299.655 1298.995 1298.335 1297.674 1297.014 1292.238 1287.401 1282.565 1277.729 1271.117 1262.328 1253.54 1244.751 1235.962 1226.486 1216.944 1207.401 1197.859 1186.951 1173.782 1160.613 1147.444 1134.275 1120.612 1106.855 1093.097 1079.34
1043.029 1051.57 1060.111 1068.652 1077.18 1085.673 1094.167 1102.661 1111.154 1119.741 1128.361 1136.981 1145.601 1154.075 1161.972 1169.869 1177.767 1185.664 1195.366 1205.971 1216.576 1227.181 1237.965 1249.948 1261.931 1273.914 1285.897 1291.97 1294.007 1296.044 1298.081 1300.0 1300.0 1300.0 1300.0 1300.0 1299.748 1299.266 1298.784 1298.302 1297.82 1293.467 1289.057 1284.647 1280.237 1273.894 1265.181 1256.468 1247.755 1239.042 1229.474 1219.823 1210.173 1200.523 1189.395 1175.821 1162.247 1148.673 1135.099 1121.666 1108.26 1094.854 1081.448
1035.289 1043.997 1052.704 1061.412 1070.129 1078.871 1087.613 1096.354 1105.096 1113.514 1121.817 1130.12 1138.423 1146.666 1154.675 1162.685 1170.694 1178.703 1188.502 1199.195 1209.888 1220.581 1231.561 1244.452 1257.344 1270.235 1283.126 1289.883 1292.449 1295.016 1297.582 1300.0 1300.0 1300.0 1300.0 1300.0 1299.805 1299.43 1299.056 1298.681 1298.307 1294.29 1290.219 1286.149 1282.079 1275.977 1267.385 1258.793 1250.202 1241.61 1231.855 1221.989 1212.123 1202.257 1190.779 1176.634 1162.489 1148.344 1134.2 1120.992 1107.961 1094.931 1081.901
1029.202 1037.893 1046.584 1055.276 1064.015 1072.881 1081.747 1090.613 1099.479 1107.646 1115.565 1123.485 1131.405 1139.407 1147.735 1156.063 1164.391 1172.719 1182.699 1193.505 1204.312 1215.118 1226.277 1239.784 1253.291 1266.798 1280.305 1287.648 1290.781 1293.915 1297.048 1300.0 1300.0 1300.0 1300.0 1300.0 1299.85 1299.562 1299.273 1298.985 1298.697 1294.99 1291.233 1287.476 1283.719 1277.85 1269.393 1260.937 1252.48 1244.023 1234.053 1223.938 1213.824 1203.71 1191.843 1177.077 1162.311 1147.546 1132.78 1119.795 1107.148 1094.501 1081.854
1023.114 1031.789 1040.464 1049.14 1057.901 1066.892 1075.882 1084.872 1093.863 1101.778 1109.314 1116.85 1124.387 1132.148 1140.795 1149.441 1158.088 1166.734 1176.896 1187.816 1198.736 1209.656 1220.993 1235.116 1249.238 1263.361 1277.483 1285.413 1289.113 1292.814 1296.514 1300.0 1300.0 1300.0 1300.0 1300.0 1299.895 1299.693 1299.491 1299.29 1299.088 1295.691 1292.247 1288.803 1285.359 1279.723 1271.401 1263.08 1254.758 1246.436 1236.251 1225.888 1215.525 1205.163 1192.907 1177.52 1162.134 1146.747 1131.36 1118.599 1106.335 1094.072 1081.808
1017.027 1025.686 1034.344 1043.003 1051.788 1060.902 1070.017 1079.131 1088.245 1095.91 1103.063 1110.216 1117.369 1124.889 1133.854 1142.819 1151.784 1160.749 1171.093 1182.126 1193.16 1204.193 1215.709 1230.447 1245.185 1259.923 1274.661 1283.178 1287.445 1291.713 1295.98 1300.0 1300.0 1300.0 1300.0 1300.0 1299.94 1299.824 1299.709 1299.594 1299.479 1296.391 1293.26 1290.13 1286.999 1281.596 1273.41 1265.223 1257.036 1248.849 1238.449 1227.838 1217.227 1206.616 1193.971 1177.964 1161.956 1145.948 1129.941 1117.403 1105.522 1093.642 1081.762
1011.886 1020.38 1028.874 1037.367 1046.03 1055.137 1064.244 1073.351 1082.458 1089.983 1096.949 1103.915 1110.881 1118.335 1127.705 1137.075 1146.445 1155.815 1166.411 1177.62 1188.83 1200.039 1211.772 1227.002 1242.232 1257.461 1272.691 1281.639 1286.297 1290.954 1295.612 1300.0 1300.0 1300.0 1300.0 1300.0 1299.944 1299.838 1299.731 1299.625 1299.518 1296.632 1293.706 1290.779 1287.853 1282.631 1274.597 1266.563 1258.528 1250.494 1239.977 1229.224 1218.471 1207.718 1194.813 1178.349 1161.884 1145.42 1128.955 1116.575 1104.969 1093.363 1081.757
1009.882 1017.717 1025.552 1033.386 1041.45 1050.114 1058.779 1067.443 1076.107 1083.86 1091.29 1098.721 1106.151 1114.115 1124.176 1134.237 1144.299 1154.36 1165.442 1177.035 1188.627 1200.22 1212.297 1227.608 1242.919 1258.229 1273.54 1282.405 1286.869 1291.332 1295.795 1300.0 1300.0 1300.0 1300.0 1300.0 1299.815 1299.46 1299.105 1298.75 1298.395 1295.351 1292.268 1289.185 1286.102 1280.889 1273.065 1265.241 1257.418 1249.594 1239.288 1228.745 1218.203 1207.661 1194.919 1178.541 1162.163 1145.785 1129.407 1116.968 1105.275 1093.583 1081.891
1007.877 1015.054 1022.23 1029.406 1036.87 1045.092 1053.313 1061.535 1069.756 1077.736 1085.631 1093.526 1101.421 1109.895 1120.648 1131.4 1142.152 1152.905 1164.473 1176.449 1188.425 1200.401 1212.822 1228.214 1243.606 1258.997 1274.389 1283.172 1287.44 1291.709 1295.979 1300.0 1300.0 1300.0 1300.0 1300.0 1299.685 1299.082 1298.479 1297.875 1297.272 1294.07 1290.83 1287.591 1284.351 1279.146 1271.533 1263.92 1256.307 1248.694 1238.598 1228.267 1217.935 1207.603 1195.025 1178.733 1162.442 1146.15 1129.858 1117.36 1105.582 1093.803 1082.025
1005.873 1012.39 1018.908 1025.425 1032.29 1040.069 1047.848 1055.626 1063.405 1071.613 1079.972 1088.331 1096.691 1105.676 1117.119 1128.563 1140.006 1151.45 1163.504 1175.863 1188.222 1200.582 1213.347 1228.82 1244.293 1259.765 1275.238 1283.938 1288.012 1292.087 1296.162 1300.0 1300.0 1300.0 1300.0 1300.0 1299.556 1298.704 1297.852 1297.0 1296.149 1292.789 1289.393 1285.996 1282.6 1277.404 1270.001 1262.599 1255.196 1247.794 1237.909 1227.788 1217.666 1207.545 1195.131 1178.926 1162.72 1146.515 1130.31 1117.753 1105.888 1094.023 1082.158
1003.869 1009.727 1015.586 1021.445 1027.71 1035.046 1042.382 1049.718 1057.054 1065.49 1074.313 1083.137 1091.96 1101.456 1113.59 1125.725 1137.86 1149.995 1162.535 1175.277 1188.02 1200.763 1213.872 1229.426 1244.979 1260.533 1276.087 1284.704 1288.584 1292.464 1296.345 1300.0 1300.0 1300.0 1300.0 1300.0 1299.426 1298.326 1297.226 1296.126 1295.026 1291.508 1287.955 1284.402 1280.849 1275.661 1268.469 1261.278 1254.086 1246.894 1237.219 1227.309 1217.398 1207.487 1195.237 1179.118 1162.999 1146.88 1130.761 1118.146 1106.194 1094.243 1082.292
1001.338 1006.876 1012.414 1017.952 1024.042 1031.585 1039.128 1046.671 1054.214 1062.969 1072.152 1081.335 1090.518 1100.322 1112.569 1124.817 1137.064 1149.312 1161.714 1174.194 1186.674 1199.154 1211.94 1226.763 1241.586 1256.41 1271.233 1279.639 1283.663 1287.687 1291.711 1295.525 1295.931 1296.336 1296.742 1297.148 1296.591 1295.153 1293.714 1292.275 1290.837 1287.39 1283.913 1280.436 1276.959 1271.93 1264.998 1258.065 1251.133 1244.2 1234.778 1225.12 1215.461 1205.802 1193.991 1178.619 1163.248 1147.876 1132.505 1120.207 1108.493 1096.778 1085.063
998.5768 1003.942 1009.307 1014.672 1020.773 1028.807 1036.842 1044.876 1052.91 1062.025 1071.521 1081.017 1090.513 1100.539 1112.646 1124.752 1136.859 1148.966 1160.958 1172.893 1184.828 1196.763 1208.932 1222.67 1236.408 1250.146 1263.884 1272.023 1276.339 1280.654 1284.97 1289.092 1290.081 1291.07 1292.059 1293.048 1292.573 1290.756 1288.94 1287.123 1285.306 1282.029 1278.731 1275.432 1272.134 1267.329 1260.677 1254.026 1247.374 1240.722 1231.571 1222.182 1212.794 1203.405 1192.152 1177.818 1163.483 1149.148 1134.813 1122.999 1111.662 1100.325 1088.989
995.8157 1001.008 1006.201 1011.393 1017.503 1026.029 1034.555 1043.081 1051.607 1061.081 1070.89 1080.699 1090.508 1100.755 1112.722 1124.688 1136.655 1148.621 1160.203 1171.592 1182.982 1194.371 1205.925 1218.578 1231.23 1243.883 1256.535 1264.407 1269.014 1273.621 1278.228 1282.66 1284.232 1285.804 1287.376 1288.948 1288.554 1286.36 1284.165 1281.971 1279.776 1276.669 1273.549 1270.429 1267.308 1262.728 1256.357 1249.986 1243.615 1237.244 1228.364 1219.245 1210.126 1201.007 1190.314 1177.016 1163.718 1150.42 1137.122 1125.791 1114.832 1103.873 1092.914
993.0546 998.0742 1003.094 1008.113 1014.234 1023.251 1032.268 1041.285 1050.303 1060.137 1070.259 1080.381 1090.504 1100.972 1112.798 1124.624 1136.45 1148.276 1159.448 1170.291 1181.135 1191.979 1202.917 1214.485 1226.052 1237.619 1249.186 1256.791 1261.69 1266.588 1271.487 1276.227 1278.382 1280.537 1282.692 1284.848 1284.536 1281.964 1279.391 1276.818 1274.246 1271.309 1268.367 1265.425 1262.483 1258.126 1252.036 1245.946 1239.856 1233.766 1225.157 1216.308 1207.459 1198.61 1188.475 1176.214 1163.953 1151.692 1139.431 1128.582 1118.001 1107.421 1096.84
990.7165 995.6804 1000.644 1005.608 1011.821 1021.321 1030.821 1040.321 1049.821 1059.923 1070.238 1080.553 1090.868 1101.429 1112.957 1124.484 1136.011 1147.539 1158.218 1168.472 1178.727 1188.982 1199.264 1209.729 1220.195 1230.66 1241.126 1248.356 1253.377 1258.397 1263.418 1268.301 1270.944 1273.587 1276.229 1278.872 1278.765 1276.136 1273.507 1270.879 1268.25 1265.597 1262.943 1260.289 1257.636 1253.572 1247.78 1241.988 1236.196 1230.403 1222.088 1213.532 1204.977 1196.421 1186.856 1175.621 1164.386 1153.151 1141.917 1131.608 1121.475 1111.342 1101.209
990.6089 996.1343 1001.66 1007.185 1013.925 1023.863 1033.8 1043.738 1053.675 1063.564 1073.436 1083.309 1093.181 1103.159 1113.552 1123.946 1134.339 1144.733 1154.486 1163.92 1173.354 1182.788 1192.201 1201.479 1210.757 1220.034 1229.312 1235.601 1239.85 1244.098 1248.347 1252.501 1255.128 1257.754 1260.381 1263.008 1263.749 1262.762 1261.775 1260.787 1259.8 1258.028 1256.243 1254.459 1252.674 1249.264 1243.861 1238.457 1233.054 1227.651 1219.749 1211.609 1203.469 1195.329 1186.389 1176.126 1165.864 1155.601 1145.338 1135.87 1126.552 1117.234 1107.917
990.5013 996.5883 1002.675 1008.762 1016.03 1026.405 1036.779 1047.154 1057.529 1067.205 1076.634 1086.064 1095.493 1104.888 1114.148 1123.407 1132.667 1141.926 1150.755 1159.368 1167.981 1176.595 1185.139 1193.229 1201.319 1209.409 1217.498 1222.847 1226.323 1229.799 1233.276 1236.702 1239.313 1241.923 1244.533 1247.144 1248.734 1249.388 1250.042 1250.697 1251.351 1250.459 1249.544 1248.629 1247.713 1244.957 1239.942 1234.927 1229.913 1224.898 1217.41 1209.686 1201.961 1194.237 1185.923 1176.632 1167.341 1158.05 1148.759 1140.131 1131.629 1123.126 1114.624
