data/zism_data/00832_04_D.txt
ncols         224
nrows         224
[rows 196 to 223 of 224, columns 0 to 63 of 224]
3498.892 3499.212 3499.531 3499.725 3499.773 3499.82 3499.868 3499.916 3499.779 3499.628 3499.477 3499.326 3499.214 3499.162 3499.111 3499.059 3499.008 3499.0 3499.0 3499.0 3499.0 3499.0 3499.0 3499.0 3499.0 3499.0 3499.83 3500.89 3501.951 3503.011 3505.157 3510.623 3516.088 3521.554 3527.019 3533.287 3539.883 3546.479 3553.074 3559.513 3565.207 3570.901 3576.595 3582.29 3585.423 3587.101 3588.779 3590.457 3592.059 3592.997 3593.934 3594.871 3595.808 3596.957 3598.267 3599.578 3600.889 3602.186 3603.03 3603.875 3604.719 3605.563 3606.324 3607.002
3498.492 3498.796 3499.099 3499.292 3499.355 3499.419 3499.483 3499.547 3499.457 3499.354 3499.252 3499.15 3499.08 3499.061 3499.041 3499.022 3499.003 3499.0 3499.0 3499.0 3499.0 3499.0 3499.0 3499.0 3499.0 3499.0 3499.995 3501.266 3502.537 3503.808 3506.127 3511.652 3517.177 3522.702 3528.227 3534.029 3539.944 3545.859 3551.775 3557.61 3563.067 3568.523 3573.98 3579.436 3582.831 3585.054 3587.278 3589.501 3591.626 3592.882 3594.138 3595.394 3596.649 3597.906 3599.163 3600.419 3601.676 3602.92 3603.726 3604.532 3605.339 3606.145 3606.891 3607.573
3498.193 3498.476 3498.759 3498.946 3499.021 3499.097 3499.173 3499.248 3499.202 3499.146 3499.09 3499.034 3499.0 3499.0 3499.0 3499.0 3499.0 3499.006 3499.012 3499.019 3499.025 3499.03 3499.03 3499.03 3499.03 3499.03 3500.128 3501.53 3502.933 3504.336 3506.765 3512.334 3517.903 3523.472 3529.041 3534.535 3539.998 3545.46 3550.923 3556.352 3561.622 3566.891 3572.16 3577.429 3581.04 3583.708 3586.376 3589.044 3591.589 3593.047 3594.505 3595.964 3597.422 3598.717 3599.887 3601.057 3602.227 3603.385 3604.145 3604.905 3605.664 3606.424 3607.144 3607.823
3498.041 3498.297 3498.553 3498.728 3498.809 3498.89 3498.971 3499.052 3499.046 3499.033 3499.021 3499.008 3499.0 3499.0 3499.0 3499.0 3499.0 3499.02 3499.042 3499.065 3499.088 3499.103 3499.103 3499.103 3499.103 3499.103 3500.214 3501.633 3503.052 3504.47 3506.917 3512.508 3518.099 3523.689 3529.28 3534.695 3540.039 3545.383 3550.728 3556.039 3561.195 3566.351 3571.507 3576.662 3580.421 3583.386 3586.351 3589.316 3592.131 3593.622 3595.113 3596.603 3598.094 3599.327 3600.362 3601.397 3602.432 3603.457 3604.157 3604.857 3605.558 3606.258 3606.94 3607.603
3497.889 3498.118 3498.347 3498.51 3498.596 3498.683 3498.769 3498.855 3498.89 3498.92 3498.951 3498.981 3499.0 3499.0 3499.0 3499.0 3499.0 3499.033 3499.072 3499.111 3499.15 3499.177 3499.177 3499.177 3499.177 3499.177 3500.3 3501.735 3503.17 3504.605 3507.07 3512.682 3518.294 3523.906 3529.519 3534.856 3540.081 3545.306 3550.532 3555.725 3560.768 3565.81 3570.853 3575.895 3579.802 3583.064 3586.326 3589.588 3592.673 3594.197 3595.719 3597.242 3598.765 3599.936 3600.836 3601.736 3602.636 3603.529 3604.17 3604.811 3605.451 3606.092 3606.736 3607.383
3497.737 3497.939 3498.141 3498.292 3498.384 3498.476 3498.567 3498.659 3498.734 3498.808 3498.882 3498.955 3499.0 3499.0 3499.0 3499.0 3499.0 3499.047 3499.102 3499.157 3499.213 3499.25 3499.25 3499.25 3499.25 3499.25 3500.386 3501.837 3503.289 3504.74 3507.222 3512.856 3518.49 3524.123 3529.757 3535.016 3540.123 3545.229 3550.336 3555.411 3560.341 3565.27 3570.199 3575.128 3579.183 3582.742 3586.301 3589.86 3593.216 3594.771 3596.326 3597.882 3599.437 3600.546 3601.311 3602.076 3602.841 3603.601 3604.182 3604.763 3605.345 3605.927 3606.532 3607.163
3497.585 3497.76 3497.935 3498.074 3498.171 3498.268 3498.365 3498.463 3498.578 3498.695 3498.812 3498.929 3499.0 3499.0 3499.0 3499.0 3499.0 3499.061 3499.132 3499.204 3499.275 3499.324 3499.324 3499.324 3499.324 3499.324 3500.472 3501.94 3503.407 3504.875 3507.374 3513.03 3518.685 3524.34 3529.996 3535.177 3540.165 3545.152 3550.14 3555.098 3559.914 3564.729 3569.545 3574.361 3578.564 3582.42 3586.276 3590.132 3593.758 3595.346 3596.933 3598.521 3600.109 3601.156 3601.785 3602.416 3603.045 3603.672 3604.194 3604.717 3605.239 3605.761 3606.328 3606.943
3497.385 3497.552 3497.719 3497.865 3497.986 3498.107 3498.229 3498.35 3498.49 3498.631 3498.773 3498.914 3499.017 3499.059 3499.101 3499.143 3499.186 3499.303 3499.433 3499.562 3499.692 3499.785 3499.799 3499.813 3499.827 3499.841 3500.973 3502.414 3503.855 3505.297 3507.76 3513.348 3518.936 3524.523 3530.111 3535.355 3540.459 3545.563 3550.666 3555.75 3560.744 3565.738 3570.731 3575.724 3579.9 3583.612 3587.323 3591.035 3594.518 3595.973 3597.429 3598.885 3600.341 3601.27 3601.793 3602.316 3602.839 3603.361 3603.819 3604.277 3604.735 3605.193 3605.71 3606.29
3497.178 3497.34 3497.501 3497.657 3497.805 3497.954 3498.102 3498.25 3498.412 3498.575 3498.738 3498.901 3499.036 3499.126 3499.217 3499.308 3499.399 3499.579 3499.773 3499.968 3500.162 3500.305 3500.335 3500.365 3500.396 3500.426 3501.535 3502.944 3504.353 3505.762 3508.181 3513.688 3519.195 3524.701 3530.208 3535.536 3540.791 3546.046 3551.301 3556.548 3561.763 3566.978 3572.193 3577.408 3581.53 3585.031 3588.531 3592.032 3595.31 3596.609 3597.908 3599.208 3600.507 3601.31 3601.73 3602.151 3602.572 3602.991 3603.385 3603.778 3604.171 3604.564 3605.031 3605.572
3496.972 3497.128 3497.284 3497.449 3497.624 3497.8 3497.975 3498.151 3498.334 3498.519 3498.703 3498.888 3499.055 3499.194 3499.333 3499.473 3499.612 3499.854 3500.114 3500.373 3500.633 3500.824 3500.871 3500.917 3500.964 3501.01 3502.098 3503.474 3504.851 3506.228 3508.602 3514.028 3519.454 3524.879 3530.305 3535.717 3541.123 3546.529 3551.935 3557.346 3562.782 3568.219 3573.655 3579.091 3583.159 3586.449 3589.74 3593.03 3596.102 3597.245 3598.388 3599.531 3600.673 3601.35 3601.668 3601.986 3602.304 3602.622 3602.95 3603.279 3603.607 3603.936 3604.351 3604.854
3496.765 3496.916 3497.066 3497.241 3497.443 3497.646 3497.848 3498.051 3498.256 3498.462 3498.668 3498.875 3499.073 3499.262 3499.45 3499.638 3499.826 3500.13 3500.455 3500.779 3501.103 3501.344 3501.406 3501.469 3501.532 3501.594 3502.66 3504.004 3505.349 3506.693 3509.023 3514.368 3519.712 3525.057 3530.402 3535.898 3541.455 3547.012 3552.569 3558.144 3563.802 3569.459 3575.117 3580.774 3584.788 3587.868 3590.948 3594.027 3596.895 3597.881 3598.867 3599.853 3600.839 3601.39 3601.605 3601.821 3602.036 3602.253 3602.516 3602.78 3603.043 3603.307 3603.671 3604.137
3496.627 3496.774 3496.921 3497.102 3497.323 3497.543 3497.764 3497.984 3498.205 3498.425 3498.645 3498.866 3499.091 3499.322 3499.553 3499.784 3500.015 3500.422 3500.857 3501.293 3501.729 3502.078 3502.241 3502.405 3502.569 3502.732 3503.848 3505.228 3506.608 3507.989 3510.306 3515.491 3520.675 3525.86 3531.044 3536.505 3542.079 3547.652 3553.226 3558.822 3564.526 3570.23 3575.935 3581.639 3585.601 3588.573 3591.544 3594.516 3597.278 3598.176 3599.073 3599.971 3600.869 3601.337 3601.473 3601.609 3601.745 3601.883 3602.084 3602.285 3602.485 3602.686 3603.007 3603.451
3496.627 3496.774 3496.921 3497.102 3497.323 3497.543 3497.764 3497.984 3498.205 3498.425 3498.645 3498.866 3499.103 3499.367 3499.63 3499.894 3500.158 3500.744 3501.385 3502.026 3502.667 3503.242 3503.675 3504.109 3504.542 3504.976 3506.285 3507.838 3509.392 3510.945 3513.314 3518.18 3523.046 3527.912 3532.778 3537.966 3543.286 3548.605 3553.925 3559.259 3564.661 3570.063 3575.465 3580.867 3584.781 3587.85 3590.919 3593.988 3596.842 3597.788 3598.735 3599.681 3600.628 3601.098 3601.202 3601.305 3601.409 3601.514 3601.656 3601.797 3601.938 3602.079 3602.375 3602.831
3496.627 3496.774 3496.921 3497.102 3497.323 3497.543 3497.764 3497.984 3498.205 3498.425 3498.645 3498.866 3499.116 3499.412 3499.708 3500.004 3500.3 3501.066 3501.913 3502.759 3503.605 3504.406 3505.109 3505.813 3506.516 3507.219 3508.723 3510.449 3512.175 3513.901 3516.322 3520.869 3525.417 3529.964 3534.511 3539.427 3544.493 3549.559 3554.625 3559.696 3564.796 3569.896 3574.995 3580.095 3583.961 3587.128 3590.294 3593.46 3596.406 3597.401 3598.396 3599.391 3600.386 3600.859 3600.931 3601.002 3601.073 3601.145 3601.227 3601.309 3601.391 3601.472 3601.744 3602.21
3496.627 3496.774 3496.921 3497.102 3497.323 3497.543 3497.764 3497.984 3498.205 3498.425 3498.645 3498.866 3499.128 3499.457 3499.785 3500.114 3500.442 3501.389 3502.44 3503.492 3504.543 3505.57 3506.543 3507.516 3508.49 3509.463 3511.161 3513.059 3514.958 3516.857 3519.329 3523.558 3527.787 3532.016 3536.245 3540.888 3545.7 3550.512 3555.324 3560.134 3564.931 3569.728 3574.525 3579.323 3583.142 3586.405 3589.668 3592.932 3595.97 3597.013 3598.057 3599.101 3600.145 3600.62 3600.659 3600.698 3600.737 3600.776 3600.798 3600.821 3600.843 3600.866 3601.112 3601.589
3496.627 3496.774 3496.921 3497.102 3497.323 3497.543 3497.764 3497.984 3498.205 3498.425 3498.645 3498.866 3499.141 3499.502 3499.863 3500.224 3500.585 3501.711 3502.968 3504.225 3505.481 3506.733 3507.977 3509.22 3510.464 3511.707 3513.598 3515.67 3517.741 3519.813 3522.337 3526.247 3530.158 3534.068 3537.978 3542.349 3546.907 3551.465 3556.024 3560.571 3565.066 3569.561 3574.056 3578.55 3582.322 3585.682 3589.043 3592.403 3595.534 3596.626 3597.719 3598.811 3599.903 3600.382 3600.388 3600.395 3600.401 3600.407 3600.37 3600.333 3600.296 3600.259 3600.481 3600.968
3496.693 3496.814 3496.935 3497.102 3497.323 3497.543 3497.764 3497.984 3498.205 3498.425 3498.645 3498.866 3499.149 3499.529 3499.909 3500.29 3500.67 3501.865 3503.198 3504.53 3505.863 3507.221 3508.636 3510.05 3511.464 3512.879 3514.838 3516.949 3519.06 3521.171 3523.654 3527.275 3530.897 3534.519 3538.141 3542.281 3546.633 3550.985 3555.337 3559.681 3563.99 3568.299 3572.607 3576.916 3580.668 3584.104 3587.541 3590.977 3594.188 3595.406 3596.625 3597.843 3599.062 3599.596 3599.605 3599.614 3599.622 3599.633 3599.704 3599.776 3599.847 3599.919 3600.226 3600.776
3496.775 3496.864 3496.952 3497.102 3497.323 3497.543 3497.764 3497.984 3498.205 3498.425 3498.645 3498.866 3499.155 3499.552 3499.948 3500.345 3500.741 3501.975 3503.351 3504.727 3506.103 3507.537 3509.097 3510.657 3512.218 3513.778 3515.773 3517.889 3520.006 3522.122 3524.54 3527.881 3531.222 3534.563 3537.904 3541.825 3545.982 3550.14 3554.297 3558.454 3562.606 3566.758 3570.91 3575.062 3578.802 3582.309 3585.815 3589.322 3592.611 3593.975 3595.339 3596.703 3598.067 3598.672 3598.691 3598.71 3598.73 3598.755 3598.978 3599.2 3599.423 3599.646 3600.067 3600.693
3496.857 3496.913 3496.97 3497.102 3497.323 3497.543 3497.764 3497.984 3498.205 3498.425 3498.645 3498.866 3499.162 3499.574 3499.987 3500.4 3500.813 3502.086 3503.505 3504.924 3506.343 3507.853 3509.559 3511.265 3512.971 3514.677 3516.708 3518.83 3520.951 3523.073 3525.426 3528.486 3531.546 3534.606 3537.667 3541.368 3545.331 3549.294 3553.258 3557.226 3561.222 3565.217 3569.213 3573.208 3576.937 3580.513 3584.09 3587.667 3591.033 3592.543 3594.053 3595.563 3597.073 3597.747 3597.777 3597.807 3597.837 3597.878 3598.251 3598.625 3598.999 3599.373 3599.908 3600.61
3496.939 3496.963 3496.987 3497.102 3497.323 3497.543 3497.764 3497.984 3498.205 3498.425 3498.645 3498.866 3499.168 3499.597 3500.026 3500.455 3500.884 3502.196 3503.658 3505.12 3506.583 3508.169 3510.021 3511.873 3513.724 3515.576 3517.643 3519.77 3521.897 3524.024 3526.312 3529.091 3531.871 3534.65 3537.43 3540.912 3544.68 3548.449 3552.218 3555.999 3559.838 3563.677 3567.516 3571.354 3575.071 3578.718 3582.365 3586.011 3589.456 3591.112 3592.768 3594.423 3596.079 3596.822 3596.863 3596.904 3596.945 3597.0 3597.525 3598.051 3598.575 3599.101 3599.75 3600.527
3497.021 3497.013 3497.005 3497.102 3497.323 3497.543 3497.764 3497.984 3498.197 3498.409 3498.621 3498.833 3499.133 3499.569 3500.006 3500.443 3500.879 3502.183 3503.633 3505.084 3506.534 3508.13 3510.036 3511.942 3513.848 3515.754 3517.79 3519.861 3521.933 3524.005 3526.196 3528.751 3531.306 3533.861 3536.416 3539.742 3543.383 3547.023 3550.664 3554.323 3558.073 3561.823 3565.573 3569.323 3573.012 3576.667 3580.322 3583.977 3587.446 3589.264 3591.083 3592.901 3594.72 3595.589 3595.728 3595.867 3596.006 3596.162 3596.859 3597.557 3598.254 3598.951 3599.717 3600.553
3497.104 3497.063 3497.022 3497.102 3497.323 3497.543 3497.764 3497.984 3498.167 3498.346 3498.526 3498.705 3498.979 3499.4 3499.82 3500.241 3500.661 3501.819 3503.102 3504.385 3505.668 3507.085 3508.786 3510.486 3512.187 3513.888 3515.702 3517.547 3519.392 3521.237 3523.241 3525.731 3528.221 3530.711 3533.202 3536.551 3540.251 3543.951 3547.651 3551.377 3555.23 3559.082 3562.935 3566.787 3570.407 3573.895 3577.382 3580.87 3584.209 3586.239 3588.268 3590.297 3592.326 3593.482 3593.967 3594.451 3594.936 3595.434 3596.363 3597.293 3598.223 3599.152 3600.041 3600.887
3497.186 3497.113 3497.039 3497.102 3497.323 3497.543 3497.764 3497.984 3498.136 3498.284 3498.431 3498.578 3498.826 3499.23 3499.635 3500.039 3500.443 3501.456 3502.571 3503.687 3504.803 3506.04 3507.535 3509.031 3510.526 3512.022 3513.614 3515.232 3516.85 3518.468 3520.285 3522.711 3525.136 3527.562 3529.987 3533.36 3537.119 3540.878 3544.638 3548.431 3552.386 3556.342 3560.297 3564.252 3567.802 3571.122 3574.442 3577.763 3580.973 3583.213 3585.452 3587.692 3589.932 3591.375 3592.205 3593.035 3593.866 3594.706 3595.867 3597.029 3598.191 3599.353 3600.365 3601.222
3497.268 3497.162 3497.057 3497.102 3497.323 3497.543 3497.764 3497.984 3498.106 3498.221 3498.336 3498.451 3498.673 3499.061 3499.449 3499.837 3500.225 3501.092 3502.04 3502.989 3503.937 3504.994 3506.285 3507.575 3508.866 3510.156 3511.526 3512.917 3514.309 3515.7 3517.33 3519.691 3522.052 3524.412 3526.773 3530.169 3533.988 3537.806 3541.625 3545.485 3549.543 3553.601 3557.658 3561.716 3565.197 3568.35 3571.502 3574.655 3577.737 3580.187 3582.637 3585.087 3587.538 3589.268 3590.444 3591.619 3592.795 3593.978 3595.372 3596.766 3598.159 3599.553 3600.688 3601.556
3497.35 3497.212 3497.074 3497.102 3497.323 3497.543 3497.764 3497.984 3498.076 3498.159 3498.241 3498.323 3498.519 3498.891 3499.263 3499.635 3500.007 3500.729 3501.51 3502.29 3503.071 3503.949 3505.034 3506.12 3507.205 3508.29 3509.438 3510.602 3511.767 3512.932 3514.375 3516.671 3518.967 3521.262 3523.558 3526.978 3530.856 3534.734 3538.612 3542.539 3546.7 3550.86 3555.02 3559.181 3562.592 3565.577 3568.563 3571.548 3574.5 3577.161 3579.822 3582.483 3585.144 3587.16 3588.682 3590.203 3591.725 3593.25 3594.876 3596.502 3598.128 3599.754 3601.012 3601.891
3497.473 3497.349 3497.226 3497.246 3497.431 3497.616 3497.801 3497.987 3498.083 3498.172 3498.261 3498.35 3498.528 3498.845 3499.161 3499.478 3499.794 3500.385 3501.022 3501.659 3502.296 3503.008 3503.88 3504.752 3505.625 3506.497 3507.463 3508.456 3509.449 3510.441 3511.708 3513.809 3515.911 3518.013 3520.115 3523.426 3527.231 3531.035 3534.84 3538.73 3543.033 3547.334 3551.637 3555.939 3559.504 3562.651 3565.797 3568.944 3572.061 3574.908 3577.756 3580.604 3583.452 3585.726 3587.558 3589.389 3591.221 3593.049 3594.727 3596.405 3598.084 3599.762 3601.04 3601.906
3497.611 3497.52 3497.429 3497.444 3497.58 3497.717 3497.854 3497.99 3498.103 3498.213 3498.324 3498.435 3498.599 3498.845 3499.091 3499.338 3499.584 3500.049 3500.551 3501.053 3501.555 3502.106 3502.763 3503.419 3504.075 3504.731 3505.532 3506.374 3507.216 3508.057 3509.149 3511.008 3512.867 3514.726 3516.585 3519.737 3523.417 3527.098 3530.778 3534.594 3539.052 3543.511 3547.97 3552.428 3556.233 3559.666 3563.099 3566.531 3569.923 3572.949 3575.975 3579.001 3582.027 3584.546 3586.675 3588.804 3590.933 3593.048 3594.71 3596.373 3598.035 3599.697 3600.956 3601.801
3497.75 3497.691 3497.632 3497.641 3497.729 3497.818 3497.906 3497.994 3498.123 3498.255 3498.387 3498.52 3498.669 3498.845 3499.021 3499.198 3499.374 3499.713 3500.08 3500.447 3500.814 3501.205 3501.645 3502.085 3502.525 3502.966 3503.602 3504.292 3504.982 3505.673 3506.591 3508.207 3509.823 3511.439 3513.055 3516.048 3519.604 3523.161 3526.717 3530.457 3535.072 3539.688 3544.303 3548.918 3552.962 3556.681 3560.4 3564.119 3567.786 3570.99 3574.194 3577.399 3580.603 3583.367 3585.793 3588.219 3590.645 3593.048 3594.694 3596.34 3597.986 3599.632 3600.872 3601.695
