data/zism_data/00838_04_D.txt
ncols         224
nrows         224
[rows 145 to 173 of 224, columns 0 to 63 of 224]
397.4669 397.6111 397.7006 397.7902 397.8797 397.9693 398.242 398.6105 398.9789 399.3474 399.7186 400.1153 400.512 400.9088 401.3055 401.7889 402.3483 402.9076 403.467 404.0264 403.7239 403.3956 403.0672 402.7388 402.2727 401.6073 400.9419 400.2766 399.6111 399.3728 399.2117 399.0507 398.8896 398.8101 398.9358 399.0614 399.187 399.3127 395.3155 389.7359 384.1562 378.5766 371.7192 358.183 344.6468 331.1105 317.5743 310.2188 307.0085 303.7982 300.588 297.5921 300.2548 302.9174 305.58 308.2426 312.1966 317.5813 322.9661 328.3508 333.7355 330.8436 327.1569 323.4703
397.3374 397.4719 397.5935 397.7151 397.8367 397.9583 398.2771 398.699 399.1208 399.5427 399.9657 400.3998 400.8339 401.268 401.7021 402.2399 402.8687 403.4975 404.1263 404.755 404.3406 403.8947 403.4489 403.0031 402.413 401.6141 400.8153 400.0164 399.2176 398.9542 398.7878 398.6214 398.455 398.4143 398.6894 398.9645 399.2397 399.5148 395.5899 390.053 384.5161 378.9792 372.1061 358.2496 344.3931 330.5365 316.68 309.2437 306.1136 302.9834 299.8532 296.9273 299.3924 301.8575 304.3226 306.7877 310.1009 314.3538 318.6067 322.8595 327.1124 322.9182 317.9128 312.9075
397.2314 397.3678 397.5251 397.6825 397.8398 397.9972 398.3519 398.8097 399.2675 399.7253 400.1844 400.6572 401.1299 401.6026 402.0753 402.6768 403.3912 404.1056 404.82 405.5344 405.0363 404.5017 403.9671 403.4325 402.7154 401.7345 400.7535 399.7726 398.7916 398.4145 398.1468 397.879 397.6112 397.5434 397.978 398.4126 398.8472 399.2818 395.4545 389.9915 384.5284 379.0654 372.212 358.0912 343.9705 329.8498 315.729 308.2092 305.1167 302.0242 298.9318 296.037 298.3594 300.6818 303.0043 305.3267 308.0451 311.2023 314.3596 317.5168 320.674 315.3546 309.2214 303.0882
397.2022 397.3783 397.5837 397.7891 397.9945 398.1999 398.5571 398.9935 399.4299 399.8664 400.3103 400.8257 401.3411 401.8566 402.372 403.0674 403.9206 404.7738 405.627 406.4802 405.9913 405.462 404.9328 404.4035 403.55 402.2274 400.9047 399.5821 398.2595 397.4774 396.7932 396.1091 395.4249 395.1139 395.7407 396.3675 396.9943 397.6211 393.9745 388.6876 383.4007 378.1138 371.3954 357.1946 342.9938 328.793 314.5921 306.9795 303.7856 300.5916 297.3977 294.4066 296.7664 299.1262 301.486 303.8458 306.1204 308.3006 310.4808 312.6611 314.8413 308.9785 302.3435 295.7085
397.173 397.3888 397.6423 397.8957 398.1492 398.4026 398.7623 399.1773 399.5924 400.0074 400.4361 400.9942 401.5524 402.1105 402.6687 403.458 404.45 405.442 406.434 407.426 406.9463 406.4224 405.8985 405.3745 404.3845 402.7202 401.0559 399.3916 397.7274 396.5403 395.4398 394.3391 393.2386 392.6844 393.5034 394.3224 395.1414 395.9604 392.4944 387.3837 382.273 377.1623 370.5789 356.298 342.0171 327.7362 313.4553 305.7498 302.4544 299.159 295.8637 292.7762 295.1733 297.5705 299.9677 302.3649 304.1956 305.3988 306.6021 307.8054 309.0086 302.6024 295.4655 288.3287
397.1438 397.3993 397.7008 398.0023 398.3039 398.6053 398.9674 399.3611 399.7549 400.1486 400.5619 401.1628 401.7636 402.3645 402.9653 403.8485 404.9794 406.1102 407.241 408.3718 407.9013 407.3828 406.8642 406.3456 405.219 403.2131 401.2071 399.2012 397.1952 395.6033 394.0862 392.5692 391.0522 390.2549 391.2661 392.2773 393.2885 394.2997 391.0143 386.0798 381.1452 376.2107 369.7624 355.4014 341.0404 326.6794 312.3184 304.52 301.1232 297.7264 294.3296 291.1457 293.5803 296.0149 298.4494 300.884 302.2708 302.4971 302.7234 302.9497 303.176 296.2263 288.5876 280.9489
397.1146 397.4099 397.7594 398.109 398.4585 398.8081 399.1726 399.545 399.9173 400.2897 400.6877 401.3313 401.9749 402.6184 403.262 404.2391 405.5087 406.7784 408.0479 409.3176 408.8564 408.3431 407.8299 407.3166 406.0536 403.7059 401.3583 399.0107 396.6631 394.6662 392.7328 390.7993 388.8659 387.8254 389.0288 390.2322 391.4356 392.639 389.5342 384.7758 380.0175 375.2592 368.9458 354.5047 340.0637 325.6226 311.1815 303.2903 299.7921 296.2938 292.7956 289.5153 291.9873 294.4592 296.9312 299.4031 300.346 299.5954 298.8447 298.094 297.3433 289.8502 281.7096 273.5691
396.9579 397.2732 397.6708 398.0684 398.466 398.8636 399.2188 399.5519 399.8849 400.218 400.5778 401.1924 401.8069 402.4215 403.036 404.1385 405.6689 407.1992 408.7295 410.2598 409.9541 409.5932 409.2323 408.8713 407.5279 404.7633 401.9988 399.2342 396.4696 393.9317 391.4349 388.938 386.4412 384.883 385.6834 386.4838 387.2843 388.0847 384.6794 379.6599 374.6403 369.6207 363.1306 348.9536 334.7766 320.5996 306.4226 298.7548 295.4527 292.1506 288.8485 285.7613 288.3423 290.9233 293.5043 296.0854 296.651 294.9843 293.3175 291.6508 289.9841 282.365 274.1743 265.9837
396.7386 397.0645 397.5101 397.9558 398.4015 398.8471 399.1872 399.4723 399.7573 400.0423 400.3525 400.903 401.4535 402.004 402.5545 403.7978 405.6484 407.4991 409.3497 411.2003 411.1217 410.985 410.8483 410.7116 409.3152 406.0969 402.8785 399.6602 396.4418 393.2964 390.1642 387.032 383.8998 381.6896 381.796 381.9024 382.0088 382.1152 378.174 372.6793 367.1846 361.6899 354.8703 341.1258 327.3813 313.6367 299.8922 292.6025 289.6421 286.6817 283.7213 280.9685 283.6936 286.4188 289.144 291.8692 292.0901 289.5371 286.9841 284.4312 281.8782 274.3373 266.3175 258.2977
396.5194 396.8558 397.3495 397.8432 398.3369 398.8306 399.1557 399.3926 399.6296 399.8666 400.1272 400.6137 401.1001 401.5865 402.073 403.457 405.628 407.7989 409.9699 412.1409 412.2892 412.3768 412.4643 412.5518 411.1026 407.4304 403.7582 400.0861 396.4139 392.661 388.8936 385.126 381.3585 378.4962 377.9086 377.321 376.7333 376.1457 371.6686 365.6988 359.7289 353.7591 346.6101 333.298 319.9859 306.6738 293.3617 286.4502 283.8315 281.2127 278.594 276.1757 279.045 281.9143 284.7837 287.653 287.5292 284.09 280.6508 277.2115 273.7723 266.3097 258.4607 250.6118
396.3002 396.6471 397.1889 397.7307 398.2724 398.8141 399.1241 399.313 399.502 399.6909 399.902 400.3243 400.7467 401.1691 401.5914 403.1162 405.6075 408.0988 410.5901 413.0814 413.4568 413.7685 414.0803 414.392 412.8899 408.7639 404.638 400.5121 396.3861 392.0257 387.6229 383.2201 378.8173 375.3029 374.0213 372.7396 371.4579 370.1762 365.1634 358.7184 352.2734 345.8284 338.3501 325.4704 312.5907 299.7111 286.8314 280.298 278.0209 275.7439 273.4669 271.383 274.3965 277.4099 280.4234 283.4369 282.9684 278.6429 274.3175 269.992 265.6665 258.2821 250.604 242.9259
396.05 396.4049 396.9877 397.5705 398.1533 398.7361 399.0331 399.1811 399.3289 399.4768 399.6471 400.0311 400.4152 400.7992 401.1832 402.8741 405.7109 408.5476 411.3844 414.2211 414.8028 415.3165 415.8303 416.3441 414.778 410.2035 405.6291 401.0546 396.4801 391.5898 386.6422 381.6946 376.7471 372.6406 370.6473 368.6541 366.6608 364.6675 359.0966 352.1525 345.2084 338.2643 330.4325 317.9601 305.4878 293.0154 280.543 274.2748 272.1676 270.0604 267.9532 266.0349 269.1031 272.1714 275.2396 278.3077 277.5183 272.4556 267.3929 262.3303 257.2676 250.087 242.7031 235.3192
395.5468 395.89 396.4567 397.0235 397.5902 398.157 398.4591 398.623 398.787 398.9509 399.1519 399.7067 400.2616 400.8164 401.3713 403.435 406.8217 410.2083 413.595 416.9817 417.6001 418.1352 418.6703 419.2054 417.4861 412.5059 407.5257 402.5455 397.5653 392.7755 388.0201 383.2647 378.5094 374.2971 371.4497 368.6022 365.7547 362.9072 356.5979 348.9598 341.3217 333.6835 325.3017 313.0322 300.7627 288.4932 276.2237 269.3019 265.9668 262.6316 259.2964 256.1705 258.5661 260.9616 263.3571 265.7527 264.8351 260.2476 255.6601 251.0726 246.4851 240.5298 234.4433 228.3567
395.0437 395.375 395.9257 396.4765 397.0272 397.578 397.8851 398.065 398.245 398.4249 398.6566 399.3823 400.108 400.8337 401.5594 403.9959 407.9325 411.869 415.8056 419.7422 420.3974 420.9538 421.5103 422.0668 420.1942 414.8083 409.4223 404.0364 398.6504 393.9611 389.398 384.8348 380.2717 375.9538 372.2521 368.5504 364.8487 361.147 354.0992 345.767 337.4348 329.1027 320.1708 308.1042 296.0376 283.971 271.9044 264.329 259.766 255.2029 250.6397 246.3062 248.029 249.7519 251.4747 253.1976 252.1519 248.0396 243.9272 239.8149 235.7026 230.9726 226.1834 221.3942
394.5406 394.86 395.3947 395.9294 396.4642 396.9989 397.3111 397.507 397.703 397.8989 398.1613 399.0579 399.9544 400.8509 401.7475 404.5569 409.0433 413.5298 418.0162 422.5027 423.1947 423.7725 424.3503 424.9281 422.9024 417.1107 411.319 405.5273 399.7356 395.1468 390.7759 386.4049 382.034 377.6104 373.0544 368.4985 363.9426 359.3867 351.6004 342.5742 333.5481 324.5219 315.04 303.1763 291.3126 279.4489 267.5851 259.3562 253.5651 247.7741 241.983 236.4418 237.4919 238.5421 239.5923 240.6425 239.4688 235.8316 232.1944 228.5572 224.9201 221.4154 217.9235 214.4317
394.0374 394.345 394.8637 395.3824 395.9012 396.4199 396.7371 396.949 397.161 397.373 397.666 398.7334 399.8008 400.8682 401.9355 405.1178 410.1541 415.1905 420.2269 425.2632 425.992 426.5912 427.1903 427.7895 425.6105 419.4131 413.2156 407.0182 400.8207 396.3325 392.1538 387.975 383.7963 379.267 373.8568 368.4467 363.0365 357.6264 349.1017 339.3815 329.6613 319.9411 309.9092 298.2484 286.5875 274.9267 263.2658 254.3833 247.3643 240.3453 233.3263 226.5774 226.9549 227.3324 227.7099 228.0874 226.7856 223.6236 220.4616 217.2996 214.1375 211.8582 209.6637 207.4691
393.3857 393.6777 394.2155 394.7533 395.291 395.8288 396.2111 396.5121 396.8131 397.1142 397.5249 398.9823 400.4397 401.8971 403.3545 407.0898 412.8222 418.5546 424.287 430.0194 430.7977 431.427 432.0563 432.6855 430.4206 423.9694 417.5182 411.067 404.6158 400.197 396.1461 392.0953 388.0444 383.5032 377.7299 371.9565 366.1832 360.4099 351.6651 341.7799 331.8947 322.0094 311.8613 300.339 288.8167 277.2944 265.7722 256.0511 247.5383 239.0254 230.5125 222.2906 221.747 221.2034 220.6598 220.1163 218.5919 215.981 213.3702 210.7593 208.1484 206.6291 205.2146 203.8
392.6112 392.8845 393.4703 394.0562 394.642 395.2278 395.7248 396.1753 396.6258 397.0763 397.6765 399.7052 401.7338 403.7624 405.791 410.2284 416.7776 423.3268 429.876 436.4253 437.2637 437.9304 438.597 439.2637 436.9684 430.3891 423.8098 417.2304 410.6511 406.2759 402.2998 398.3237 394.3476 389.872 384.1414 378.4108 372.6802 366.9496 358.4134 348.8004 339.1875 329.5745 319.6686 308.2318 296.7949 285.3581 273.9212 263.2087 252.9821 242.7555 232.5289 222.6146 220.9447 219.2747 217.6047 215.9347 214.1096 212.1127 210.1158 208.1188 206.1219 204.9778 203.9156 202.8535
391.8366 392.0913 392.7252 393.359 393.9929 394.6268 395.2384 395.8384 396.4384 397.0385 397.8282 400.428 403.0279 405.6277 408.2275 413.367 420.733 428.0991 435.4651 442.8311 443.7297 444.4337 445.1378 445.8418 443.5163 436.8088 430.1013 423.3938 416.6864 412.3549 408.4535 404.5522 400.6508 396.2409 390.5529 384.8651 379.1771 373.4892 365.1617 355.821 346.4803 337.1396 327.476 316.1246 304.7731 293.4217 282.0703 270.3663 258.426 246.4856 234.5452 222.9387 220.1423 217.3459 214.5495 211.7531 209.6273 208.2444 206.8614 205.4784 204.0954 203.3266 202.6168 201.9069
391.0621 391.2981 391.98 392.6619 393.3439 394.0258 394.7521 395.5016 396.2511 397.0006 397.9798 401.1509 404.3219 407.493 410.664 416.5056 424.6884 432.8713 441.0542 449.2371 450.1957 450.9371 451.6785 452.4199 450.0641 443.2285 436.3929 429.5573 422.7217 418.4338 414.6072 410.7806 406.954 402.6097 396.9645 391.3193 385.6741 380.0289 371.91 362.8416 353.7731 344.7047 335.2834 324.0174 312.7513 301.4853 290.2193 277.5239 263.8698 250.2157 236.5616 223.2628 219.34 215.4171 211.4943 207.5715 205.1451 204.376 203.607 202.8379 202.0689 201.6754 201.3179 200.9604
390.2876 390.5049 391.2349 391.9648 392.6948 393.4248 394.2658 395.1648 396.0637 396.9627 398.1314 401.8737 405.616 409.3582 413.1005 419.6442 428.6439 437.6436 446.6432 455.6429 456.6617 457.4405 458.2192 458.998 456.6119 449.6482 442.6844 435.7207 428.757 424.5128 420.7609 417.0091 413.2572 408.9785 403.376 397.7736 392.1711 386.5686 378.6583 369.8621 361.066 352.2698 343.0907 331.9101 320.7295 309.549 298.3683 284.6815 269.3136 253.9458 238.578 223.5869 218.5376 213.4884 208.4391 203.3899 200.6628 200.5077 200.3526 200.1975 200.0424 200.0241 200.019 200.0138
390.1426 390.4282 391.1905 391.9527 392.7149 393.4772 394.5139 395.6938 396.8738 398.0538 399.5281 403.8101 408.092 412.374 416.6559 423.4973 432.5826 441.6678 450.7531 459.8384 461.5089 462.9563 464.4037 465.8512 464.1973 458.0576 451.918 445.7783 439.6386 434.8312 430.265 425.6988 421.1326 416.1083 409.933 403.7578 397.5825 391.4072 383.3561 374.5849 365.8138 357.0427 347.9558 337.2184 326.4809 315.7435 305.006 291.7434 276.7872 261.831 246.8748 232.2303 225.8126 219.3949 212.9771 206.5594 202.8553 202.1568 201.4583 200.7597 200.0612 200.0 200.0 200.0
390.007 390.3622 391.1564 391.9507 392.745 393.5392 394.7728 396.2357 397.6987 399.1616 400.9432 405.7644 410.5855 415.4067 420.2279 427.361 436.521 445.681 454.8411 464.0011 466.332 468.4575 470.5829 472.7084 471.7981 466.4966 461.1951 455.8936 450.5921 445.2125 439.8188 434.425 429.0313 423.2495 416.4922 409.735 402.9778 396.2206 388.0235 379.2737 370.524 361.7742 352.7773 342.4883 332.1993 321.9103 311.6213 298.804 284.2909 269.7778 255.2646 240.997 233.2072 225.4174 217.6277 209.8379 205.1467 203.8876 202.6285 201.3694 200.1103 200.0 200.0 200.0
389.8714 390.2961 391.1224 391.9487 392.775 393.6013 395.0317 396.7776 398.5236 400.2695 402.3583 407.7187 413.0791 418.4395 423.7998 431.2246 440.4594 449.6942 458.929 468.1638 471.1551 473.9586 476.7621 479.5656 479.3988 474.9355 470.4722 466.0089 461.5456 455.5938 449.3725 443.1513 436.9301 430.3906 423.0514 415.7123 408.3731 401.034 392.6909 383.9625 375.2341 366.5057 357.5987 347.7582 337.9177 328.0771 318.2366 305.8646 291.7946 277.7245 263.6545 249.7637 240.6019 231.44 222.2782 213.1163 207.4382 205.6185 203.7988 201.9791 200.1594 200.0 200.0 200.0
389.7357 390.23 391.0884 391.9467 392.8051 393.6634 395.2907 397.3195 399.3484 401.3773 403.7734 409.673 415.5726 421.4722 427.3718 435.0883 444.3979 453.7074 463.017 472.3265 475.9782 479.4598 482.9413 486.4229 486.9995 483.3744 479.7493 476.1242 472.499 465.9751 458.9263 451.8775 444.8288 437.5317 429.6106 421.6895 413.7685 405.8474 397.3583 388.6513 379.9442 371.2372 362.4202 353.0281 343.636 334.244 324.8519 312.9251 299.2982 285.6713 272.0444 258.5304 247.9965 237.4626 226.9287 216.3948 209.7296 207.3493 204.9691 202.5888 200.2085 200.0 200.0 200.0
389.5872 390.2044 391.1852 392.166 393.1467 394.1275 395.956 398.2271 400.4983 402.7694 405.3884 411.3254 417.2625 423.1995 429.1365 436.737 445.7958 454.8546 463.9134 472.9722 477.2683 481.4211 485.5739 489.7267 490.9782 488.0331 485.0879 482.1427 479.1976 472.2743 464.6308 456.9873 449.3438 441.4634 432.9875 424.5116 416.0357 407.5599 398.9177 390.2116 381.5056 372.7996 364.0478 355.0567 346.0657 337.0746 328.0836 316.6966 303.7026 290.7087 277.7148 264.7841 253.5223 242.2605 230.9987 219.7369 212.3814 209.3524 206.3234 203.2944 200.2654 200.0 200.0 200.0
389.4211 390.2338 391.4602 392.6865 393.9129 395.1393 397.1747 399.6327 402.0907 404.5487 407.2755 412.5666 417.8576 423.1487 428.4397 435.3686 443.7333 452.0981 460.4629 468.8276 473.7461 478.5609 483.3758 488.1906 490.0233 487.5427 485.062 482.5813 480.1006 473.0134 465.0923 457.1712 449.2501 441.0237 432.0299 423.0362 414.0424 405.0487 396.2436 387.5108 378.7781 370.0454 361.3252 352.6705 344.0158 335.3611 326.7064 315.9881 303.8857 291.7834 279.681 267.6148 256.5025 245.3902 234.2779 223.1656 215.5239 211.7261 207.9283 204.1305 200.3327 200.0 200.0 200.0
389.2549 390.2632 391.7352 393.2071 394.6791 396.151 398.3935 401.0384 403.6832 406.3281 409.1627 413.8078 418.4528 423.0979 427.743 434.0002 441.6709 449.3416 457.0123 464.683 470.2239 475.7008 481.1776 486.6545 489.0685 487.0523 485.036 483.0198 481.0036 473.7525 465.5538 457.3551 449.1564 440.5839 431.0723 421.5607 412.0491 402.5375 393.5694 384.81 376.0506 367.2912 358.6026 350.2842 341.9659 333.6475 325.3292 315.2796 304.0688 292.8581 281.6473 270.4456 259.4828 248.52 237.5571 226.5943 218.6665 214.0999 209.5333 204.9667 200.4001 200.0 200.0 200.0
389.0888 390.2926 392.0102 393.7277 395.4453 397.1628 399.6123 402.444 405.2757 408.1074 411.0499 415.049 419.048 423.0471 427.0461 432.6318 439.6084 446.5851 453.5617 460.5384 466.7017 472.8406 478.9795 485.1184 488.1136 486.5619 485.0101 483.4583 481.9066 474.4917 466.0154 457.539 449.0627 440.1442 430.1147 420.0852 410.0558 400.0263 390.8953 382.1092 373.3231 364.537 355.88 347.898 339.916 331.934 323.952 314.5711 304.2519 293.9327 283.6136 273.2764 262.463 251.6497 240.8364 230.023 221.809 216.4736 211.1382 205.8028 200.4674 200.0 200.0 200.0
