data/zism_data/00835_01_D.txt
ncols         224
nrows         224
[rows 28 to 55 of 224, columns 65 to 129 of 224]
301.6603 301.6603 301.6603 301.6689 301.7279 301.7869 301.8458 301.9048 302.135 302.4986 302.8622 303.2258 303.5894 304.11 304.6342 305.1583 305.6825 306.1595 306.5644 306.9691 307.3739 307.7787 307.7411 307.5998 307.4585 307.3172 307.2451 307.4096 307.574 307.7385 307.903 313.4282 321.9381 330.4481 338.9583 348.0805 367.0777 386.0745 405.0716 424.0684 442.4874 460.2658 478.0444 495.8228 513.6014 521.1647 527.4724 533.7798 540.0873 545.6041 549.3324 553.0608 556.7891 560.5174 558.9519 555.3544 551.757 548.1595 544.423 539.8225 535.222 530.6216 526.0212 525.0735 527.0577
301.8068 301.8068 301.8068 301.8209 301.9171 302.0134 302.1096 302.2059 302.4524 302.816 303.1796 303.5432 303.9068 304.3597 304.8146 305.2695 305.7244 306.1155 306.4084 306.7014 306.9943 307.2872 307.1507 306.9135 306.6764 306.4392 306.3833 306.9472 307.5112 308.0751 308.6391 314.8101 324.103 333.3959 342.689 352.5096 370.841 389.172 407.5033 425.8343 443.6432 460.8729 478.1029 495.3327 512.5627 519.2075 524.5511 529.8945 535.238 539.8627 542.8613 545.8599 548.8584 551.857 550.0545 546.4091 542.7637 539.1183 535.3635 530.928 526.4927 522.0574 517.6221 516.6385 518.4257
301.9533 301.9533 301.9533 301.9728 302.1063 302.2399 302.3734 302.507 302.7698 303.1334 303.497 303.8606 304.2242 304.6094 304.9951 305.3807 305.7664 306.0714 306.2525 306.4336 306.6146 306.7957 306.5603 306.2272 305.8942 305.5612 305.5215 306.4849 307.4483 308.4117 309.3752 316.192 326.2679 336.3438 346.4199 356.9389 374.6044 392.2696 409.9351 427.6003 444.7989 461.48 478.1615 494.8426 511.524 517.2502 521.6298 526.0092 530.3886 534.121 536.3898 538.6587 540.9275 543.1963 541.1567 537.4634 533.7701 530.0768 526.3036 522.0333 517.7631 513.4929 509.2227 508.2034 509.7934
302.1497 302.1497 302.1497 302.1709 302.3163 302.4618 302.6072 302.7526 302.9962 303.3163 303.6363 303.9564 304.2765 304.5965 304.9166 305.2366 305.5566 305.8036 305.9381 306.0727 306.2072 306.3417 306.0639 305.6894 305.3149 304.9404 304.9171 306.095 307.2729 308.4508 309.6286 316.7198 327.1034 337.487 347.8708 358.6393 375.6172 392.5949 409.5728 426.5504 443.0844 459.1262 475.1683 491.2102 507.2523 512.1374 515.6508 519.1642 522.6776 525.5535 526.9873 528.4212 529.855 531.2889 529.4996 526.4731 523.4466 520.4201 517.2958 513.5644 509.833 506.1015 502.3701 501.5257 502.9985
302.3694 302.3694 302.3694 302.3907 302.5361 302.6815 302.8269 302.9724 303.18 303.4362 303.6923 303.9485 304.2046 304.4607 304.7169 304.973 305.2291 305.431 305.5496 305.6682 305.7867 305.9053 305.6115 305.221 304.8305 304.44 304.4333 305.7391 307.0448 308.3505 309.6562 316.8478 327.3167 337.7855 348.2545 359.0626 375.3427 391.6225 407.9026 424.1825 440.0262 455.3864 470.7467 486.1068 501.4672 505.5472 508.2404 510.9335 513.6266 515.6627 516.2123 516.762 517.3116 517.8613 516.5504 514.5251 512.5 510.4748 508.312 505.2943 502.2767 499.259 496.2413 495.6703 497.0632
302.5892 302.5892 302.5892 302.6104 302.7558 302.9012 303.0467 303.1921 303.3638 303.5561 303.7483 303.9405 304.1328 304.325 304.5172 304.7094 304.9016 305.0585 305.1611 305.2637 305.3663 305.4689 305.159 304.7526 304.3461 303.9397 303.9496 305.3831 306.8167 308.2502 309.6837 316.9759 327.5299 338.084 348.6382 359.4858 375.0681 390.6502 406.2325 421.8146 436.9682 451.6466 466.3253 481.0037 495.6823 498.9572 500.8302 502.7032 504.5761 505.7723 505.4378 505.1032 504.7687 504.4341 503.6015 502.5776 501.5538 500.5299 499.3286 497.0246 494.7206 492.4166 490.1127 489.8152 491.1281
302.8089 302.8089 302.8089 302.8301 302.9756 303.121 303.2664 303.4118 303.5477 303.676 303.8043 303.9326 304.0609 304.1892 304.3175 304.4458 304.5741 304.686 304.7726 304.8592 304.9458 305.0325 304.7066 304.2842 303.8618 303.4393 303.4658 305.0272 306.5885 308.1499 309.7113 317.1039 327.7432 338.3824 349.0219 359.909 374.7936 389.6779 404.5625 419.4468 433.9102 447.9069 461.9038 475.9005 489.8974 492.3673 493.42 494.4728 495.5255 495.882 494.6632 493.4445 492.2257 491.007 490.6526 490.6301 490.6076 490.5851 490.3451 488.7548 487.1646 485.5743 483.984 483.96 485.193
303.0244 303.0292 303.0341 303.0588 303.2001 303.3414 303.4826 303.6239 303.7239 303.7917 303.8596 303.9275 303.9953 304.0645 304.1338 304.2031 304.2723 304.3405 304.407 304.4734 304.5399 304.6064 304.27 303.8392 303.4084 302.9776 303.014 304.6476 306.2813 307.9149 309.5486 316.9427 327.5443 338.1458 348.7475 359.5627 373.8245 388.086 402.3478 416.6094 430.3696 443.5741 456.7788 469.9832 483.1879 484.8802 485.1572 485.4342 485.7112 485.3329 483.4724 481.6119 479.7515 477.891 478.0616 479.012 479.9623 480.9127 481.6026 480.6754 479.7481 478.8209 477.8936 478.1494 479.3546
303.2109 303.2531 303.2952 303.3472 303.4565 303.5658 303.6751 303.7844 303.8494 303.88 303.9106 303.9412 303.9717 304.0141 304.0567 304.0993 304.1419 304.175 304.1936 304.2121 304.2307 304.2492 303.9382 303.5501 303.1619 302.7738 302.7756 304.111 305.4463 306.7817 308.117 314.8536 324.5976 334.3416 344.0857 354.0862 368.2255 382.3645 396.5037 410.6427 423.6133 435.289 446.965 458.6408 470.3168 471.4148 471.2124 471.01 470.8076 470.3958 469.51 468.6243 467.7386 466.8529 467.8598 469.5931 471.3264 473.0597 474.4691 473.8668 473.2645 472.6621 472.0598 472.6375 474.1624
303.3975 303.477 303.5564 303.6355 303.7129 303.7902 303.8676 303.9449 303.975 303.9683 303.9615 303.9548 303.9481 303.9636 303.9796 303.9956 304.0115 304.0096 303.9803 303.9508 303.9214 303.892 303.6065 303.261 302.9154 302.5699 302.5372 303.5743 304.6113 305.6484 306.6854 312.7645 321.6508 330.5372 339.4237 348.6096 362.6263 376.6427 390.6594 404.6758 416.8566 427.0037 437.1509 447.2979 457.4452 457.949 457.2672 456.5854 455.9036 455.4581 455.5472 455.6363 455.7254 455.8145 457.6575 460.1739 462.6902 465.2065 467.3354 467.058 466.7806 466.5032 466.2258 467.1255 468.9699
303.5841 303.7008 303.8175 303.9239 303.9692 304.0146 304.06 304.1054 304.1006 304.0565 304.0125 303.9685 303.9245 303.9131 303.9025 303.8918 303.8812 303.8442 303.7669 303.6895 303.6122 303.5349 303.2748 302.9719 302.6689 302.366 302.2988 303.0376 303.7764 304.5151 305.2539 310.6754 318.7042 326.733 334.7619 343.1331 357.0272 370.9211 384.8152 398.7091 410.1002 418.7186 427.3371 435.9555 444.574 444.4836 443.3224 442.1612 441.0 440.521 441.5848 442.6487 443.7125 444.7764 447.4556 450.7549 454.0542 457.3535 460.2018 460.2494 460.2969 460.3445 460.392 461.6136 463.7777
303.7707 303.9247 304.0787 304.2122 304.2256 304.239 304.2525 304.2659 304.2261 304.1448 304.0635 303.9822 303.9009 303.8626 303.8254 303.7881 303.7508 303.6788 303.5535 303.4283 303.303 303.1777 302.943 302.6827 302.4224 302.1621 302.0604 302.5009 302.9414 303.3818 303.8223 308.5863 315.7574 322.9286 330.0999 337.6565 351.428 365.1993 378.9709 392.7422 403.3435 410.4332 417.523 424.6127 431.7025 431.0177 429.3771 427.7365 426.0959 425.5833 427.6219 429.6606 431.6993 433.738 437.2534 441.3357 445.418 449.5003 453.0681 453.4406 453.813 454.1855 454.558 456.1016 458.5853
303.9429 304.1094 304.276 304.4183 304.4183 304.4183 304.4183 304.4183 304.3551 304.2427 304.1303 304.0179 303.9055 303.8344 303.7644 303.6943 303.6242 303.5134 303.3402 303.167 302.9938 302.8206 302.7214 302.6396 302.5578 302.476 302.5504 303.1588 303.7672 304.3757 304.9841 309.4417 316.0426 322.6434 329.2443 336.2269 349.3664 362.5057 375.6452 388.7845 398.5613 404.6133 410.6654 416.7174 422.7695 422.1986 420.8135 419.4284 418.0434 417.8486 420.3463 422.8441 425.3418 427.8396 431.4747 435.5465 439.6182 443.6899 447.2637 447.7449 448.2262 448.7074 449.1886 450.8706 453.5164
304.1046 304.2658 304.4271 304.5648 304.5648 304.5648 304.5648 304.5648 304.4866 304.3476 304.2086 304.0695 303.9305 303.8224 303.715 303.6076 303.5003 303.3481 303.1269 302.9057 302.6846 302.4634 302.5796 302.7748 302.9699 303.1651 303.5683 304.6828 305.7972 306.9117 308.0261 312.4321 318.6707 324.9094 331.1482 337.7313 349.8693 362.0072 374.1452 386.2831 395.2102 400.5804 405.9508 411.321 416.6914 416.7479 416.1511 415.5543 414.9575 415.3355 417.9185 420.5014 423.0844 425.6673 428.9027 432.3885 435.8744 439.3602 442.4227 442.856 443.2893 443.7226 444.1559 445.8431 448.5368
304.2662 304.4222 304.5781 304.7113 304.7113 304.7113 304.7113 304.7113 304.6182 304.4525 304.2868 304.1212 303.9555 303.8104 303.6657 303.521 303.3764 303.1827 302.9136 302.6445 302.3754 302.1063 302.4378 302.9099 303.3821 303.8543 304.5863 306.2067 307.8271 309.4476 311.068 315.4223 321.2989 327.1754 333.0519 339.2356 350.3722 361.5087 372.6454 383.7818 391.8592 396.5478 401.2364 405.9249 410.6135 411.2974 411.4888 411.6803 411.8717 412.8225 415.4906 418.1588 420.8269 423.4951 426.3307 429.2307 432.1306 435.0306 437.5818 437.9672 438.3526 438.7379 439.1233 440.8158 443.5574
304.4279 304.5786 304.7291 304.8578 304.8578 304.8578 304.8578 304.8578 304.7497 304.5574 304.3651 304.1728 303.9805 303.7983 303.6164 303.4344 303.2525 303.0173 302.7003 302.3832 302.0662 301.7492 302.296 303.0451 303.7943 304.5434 305.6042 307.7307 309.8571 311.9835 314.1099 318.4126 323.9269 329.4413 334.9557 340.7399 350.8752 361.0102 371.1455 381.2806 388.5082 392.515 396.5219 400.5288 404.5357 405.8468 406.8265 407.8063 408.786 410.3095 413.0628 415.8162 418.5695 421.3229 423.7588 426.0729 428.387 430.7011 432.741 433.0784 433.4159 433.7533 434.0907 435.7885 438.578
304.5865 304.7329 304.8793 305.0043 305.0048 305.0052 305.0057 305.0062 304.884 304.6663 304.4486 304.231 304.0132 303.7933 303.5733 303.3533 303.1333 302.8569 302.494 302.131 301.7681 301.4051 302.1759 303.2122 304.2485 305.2849 306.6878 309.3442 312.0005 314.6569 317.3132 321.5825 326.7498 331.9172 337.0846 342.4828 351.6039 360.7249 369.8461 378.9671 385.3398 388.6679 391.9962 395.3244 398.6526 400.5667 402.3069 404.0471 405.7874 407.8595 410.6825 413.5055 416.3284 419.1514 421.1852 422.916 424.6468 426.3776 427.908 428.1941 428.4802 428.7663 429.0524 430.7525 433.5876
304.6418 304.8202 304.9984 305.1531 305.1696 305.186 305.2025 305.2189 305.1127 304.911 304.7093 304.5076 304.3059 304.0238 303.7398 303.4559 303.172 302.8653 302.5237 302.182 301.8404 301.4987 302.7827 304.4476 306.1125 307.7774 309.9679 313.9558 317.9436 321.9316 325.9194 330.7676 336.0948 341.4219 346.7491 352.2138 359.8969 367.5797 375.2627 382.9456 388.2896 391.0425 393.7956 396.5485 399.3015 401.0009 402.5707 404.1405 405.7103 407.5255 409.8957 412.2659 414.6361 417.0063 418.5565 419.792 421.0275 422.263 423.3439 423.4649 423.5858 423.7068 423.8278 425.4337 428.2315
304.6971 304.9074 305.1176 305.302 305.3344 305.3668 305.3992 305.4317 305.3415 305.1557 304.97 304.7842 304.5985 304.2542 303.9064 303.5586 303.2107 302.8737 302.5534 302.233 301.9127 301.5923 303.3896 305.6831 307.9765 310.2699 313.248 318.5676 323.887 329.2065 334.5259 339.9531 345.44 350.927 356.414 361.9453 368.1901 374.4348 380.6796 386.9243 391.2395 393.4172 395.595 397.7727 399.9505 401.4351 402.8345 404.2338 405.6331 407.1914 409.1088 411.0263 412.9437 414.8612 415.9279 416.668 417.4081 418.1483 418.7796 418.7355 418.6913 418.6472 418.603 420.1147 422.8752
304.7524 304.9946 305.2368 305.4508 305.4992 305.5476 305.596 305.6444 305.5702 305.4004 305.2307 305.0609 304.8911 304.4847 304.0729 303.6612 303.2495 302.8821 302.5831 302.284 301.985 301.6859 303.9966 306.9185 309.8404 312.7624 316.5281 323.1792 329.8301 336.4812 343.1321 349.1382 354.785 360.4317 366.0786 371.6763 376.483 381.2896 386.0962 390.9028 394.1893 395.7918 397.3944 398.9969 400.5995 401.8693 403.0982 404.3271 405.5561 406.8573 408.322 409.7867 411.2514 412.7161 413.2993 413.5441 413.7889 414.0337 414.2155 414.0063 413.797 413.5877 413.3784 414.7959 417.5191
304.8077 305.0819 305.356 305.5996 305.664 305.7284 305.7928 305.8571 305.7989 305.6451 305.4913 305.3376 305.1838 304.7151 304.2395 303.7638 303.2882 302.8905 302.6128 302.335 302.0573 301.7795 304.6035 308.154 311.7044 315.2549 319.8083 327.791 335.7735 343.7561 351.7387 358.3236 364.1302 369.9368 375.7435 381.4077 384.7762 388.1446 391.5131 394.8815 397.1392 398.1665 399.1938 400.2211 401.2484 402.3035 403.362 404.4205 405.479 406.5232 407.5351 408.5471 409.559 410.5709 410.6706 410.42 410.1695 409.9189 409.6512 409.2769 408.9025 408.5281 408.1537 409.477 412.1629
304.8147 305.1132 305.4117 305.6795 305.7675 305.8555 305.9435 306.0315 306.0012 305.8787 305.7561 305.6336 305.5111 305.0031 304.4864 303.9698 303.4531 303.036 302.7719 302.5079 302.2438 301.9797 305.107 309.0287 312.9504 316.8722 321.8734 330.566 339.2585 347.9512 356.6437 363.6082 369.6103 375.6124 381.6145 387.4092 389.8592 392.3091 394.7591 397.2091 398.8103 399.4712 400.1322 400.7932 401.4541 402.3218 403.215 404.1082 405.0013 405.8116 406.4344 407.0573 407.6801 408.303 407.9865 407.3094 406.6323 405.9552 405.3315 405.039 404.7466 404.4542 404.1618 405.4854 408.106
304.7691 305.0836 305.3981 305.6841 305.8041 305.9241 306.044 306.164 306.1746 306.1001 306.0255 305.9509 305.8763 305.3537 304.8211 304.2885 303.7558 303.3311 303.0724 302.8136 302.5548 302.2961 305.4977 309.51 313.5223 317.5346 322.6131 331.3377 340.0622 348.7868 357.5113 364.6378 370.8743 377.1107 383.3473 389.3422 391.4406 393.5389 395.6373 397.7357 399.0864 399.6089 400.1313 400.6538 401.1763 401.8865 402.6199 403.3532 404.0866 404.688 404.9913 405.2945 405.5977 405.901 405.2417 404.2131 403.1844 402.1558 401.278 401.3371 401.3963 401.4554 401.5146 402.9414 405.4662
304.7235 305.054 305.3844 305.6888 305.8407 305.9926 306.1446 306.2965 306.3481 306.3214 306.2948 306.2682 306.2415 305.7043 305.1557 304.6071 304.0585 303.6263 303.3728 303.1194 302.8659 302.6125 305.8885 309.9913 314.0941 318.197 323.3527 332.1093 340.8658 349.6224 358.3789 365.6674 372.1382 378.6091 385.08 391.2751 393.0219 394.7687 396.5155 398.2623 399.3625 399.7465 400.1305 400.5145 400.8984 401.4512 402.0248 402.5983 403.1719 403.5646 403.5482 403.5318 403.5154 403.499 402.4971 401.1169 399.7367 398.3565 397.2247 397.6354 398.0461 398.4567 398.8674 400.3976 402.8265
304.6779 305.0243 305.3708 305.6935 305.8773 306.0612 306.2451 306.429 306.5215 306.5428 306.5641 306.5854 306.6067 306.055 305.4904 304.9258 304.3612 303.9213 303.6732 303.4251 303.177 302.9289 306.2793 310.4727 314.666 318.8593 324.0924 332.881 341.6694 350.458 359.2465 366.6969 373.4021 380.1074 386.8127 393.2079 394.6032 395.9984 397.3937 398.7889 399.6387 399.8842 400.1296 400.3751 400.6206 401.0159 401.4297 401.8434 402.2572 402.4411 402.1051 401.7691 401.4331 401.0971 399.7525 398.0207 396.289 394.5573 393.1714 393.9336 394.6958 395.458 396.2202 397.8538 400.1868
304.6323 304.9947 305.3571 305.6982 305.914 306.1298 306.3456 306.5615 306.6949 306.7642 306.8334 306.9027 306.972 306.4056 305.825 305.2444 304.6639 304.2164 303.9736 303.7308 303.488 303.2452 306.67 310.9539 315.2378 319.5218 324.8321 333.6527 342.4731 351.2936 360.114 367.7265 374.6661 381.6057 388.5455 395.1409 396.1846 397.2282 398.2719 399.3156 399.9149 400.0218 400.1288 400.2358 400.3428 400.5806 400.8346 401.0885 401.3425 401.3176 400.662 400.0063 399.3507 398.6951 397.0078 394.9244 392.8412 390.7578 389.118 390.2317 391.3455 392.4593 393.573 395.3099 397.547
304.57 304.9781 305.3861 305.7708 306.0186 306.2663 306.5141 306.7619 306.9363 307.0535 307.1707 307.2879 307.4051 306.8242 306.2276 305.631 305.0345 304.5327 304.1767 303.8206 303.4646 303.1086 305.8807 309.3857 312.8906 316.3955 320.8846 328.7392 336.5936 344.4482 352.3027 360.2882 368.3464 376.4047 384.4631 392.1484 393.8188 395.4891 397.1595 398.8298 399.7232 399.756 399.7887 399.8214 399.8541 399.9503 400.0544 400.1584 400.2625 400.0327 399.0475 398.0624 397.0774 396.0923 394.2523 392.0843 389.9162 387.7482 386.0189 387.0149 388.0108 389.0068 390.0027 391.6367 393.7828
304.5064 304.9624 305.4184 305.8487 306.1284 306.4082 306.6879 306.9677 307.183 307.3481 307.5133 307.6784 307.8435 307.248 306.6355 306.0229 305.4104 304.8507 304.3721 303.8936 303.4151 302.9365 304.9992 307.6572 310.3152 312.9731 316.5707 323.3813 330.1919 337.0025 343.813 352.1881 361.4341 370.6801 379.9263 388.771 391.1445 393.518 395.8915 398.265 399.495 399.4585 399.422 399.3855 399.349 399.3048 399.2597 399.2147 399.1696 398.735 397.4197 396.1043 394.789 393.4737 391.4959 389.264 387.032 384.8 382.9944 383.8358 384.6773 385.5188 386.3603 387.8752 389.9308
