data/zism_data/00830_03_D.txt
ncols         224
nrows         224
[rows 112 to 139 of 224, columns 63 to 125 of 224]
4398.158 4398.693 4399.228 4399.762 4400.296 4398.353 4395.662 4392.97 4390.279 4385.732 4375.039 4364.345 4353.651 4342.958 4328.281 4311.862 4295.443 4279.024 4263.946 4255.943 4247.94 4239.938 4231.935 4233.188 4240.04 4246.891 4253.742 4261.081 4273.537 4285.994 4298.45 4310.907 4323.568 4336.396 4349.224 4362.051 4374.815 4383.248 4391.68 4400.113 4408.545 4415.609 4421.18 4426.751 4432.323 4437.894 4443.085 4448.254 4453.423 4458.591 4463.731 4468.827 4473.924 4479.02 4484.117 4487.477 4490.576 4493.675 4496.774 4498.48 4497.398 4496.316 4495.233
4397.289 4397.995 4398.7 4399.406 4400.111 4397.653 4394.241 4390.828 4387.416 4382.111 4370.542 4358.972 4347.402 4335.832 4320.684 4303.971 4287.258 4270.545 4255.313 4247.893 4240.472 4233.052 4225.631 4227.877 4235.968 4244.059 4252.149 4260.751 4274.72 4288.689 4302.658 4316.626 4329.861 4342.497 4355.132 4367.767 4380.334 4388.265 4396.195 4404.125 4412.055 4418.653 4423.796 4428.94 4434.083 4439.227 4443.931 4448.608 4453.286 4457.962 4462.734 4467.643 4472.553 4477.462 4482.372 4485.99 4489.416 4492.841 4496.267 4498.246 4497.335 4496.424 4495.513
4396.42 4397.297 4398.173 4399.05 4399.926 4396.954 4392.82 4388.686 4384.552 4378.491 4366.044 4353.598 4341.152 4328.706 4313.087 4296.08 4279.073 4262.066 4246.68 4239.842 4233.004 4226.166 4219.328 4222.565 4231.896 4241.227 4250.557 4260.422 4275.903 4291.384 4306.865 4322.346 4336.154 4348.597 4361.04 4373.483 4385.854 4393.281 4400.709 4408.137 4415.565 4421.696 4426.413 4431.128 4435.845 4440.561 4444.777 4448.962 4453.148 4457.333 4461.737 4466.459 4471.182 4475.904 4480.626 4484.504 4488.255 4492.007 4495.758 4498.012 4497.272 4496.532 4495.792
4395.205 4396.257 4397.309 4398.361 4399.414 4395.884 4390.971 4386.059 4381.146 4374.297 4361.035 4347.773 4334.511 4321.249 4305.272 4288.109 4270.946 4253.782 4238.364 4232.146 4225.929 4219.711 4213.493 4217.674 4228.143 4238.612 4249.081 4260.112 4277.053 4293.993 4310.934 4327.875 4342.224 4354.46 4366.696 4378.932 4391.091 4398.0 4404.91 4411.819 4418.728 4424.385 4428.675 4432.964 4437.254 4441.544 4445.267 4448.954 4452.641 4456.329 4460.341 4464.83 4469.318 4473.807 4478.295 4482.458 4486.57 4490.684 4494.796 4497.353 4496.796 4496.24 4495.684
4391.173 4392.439 4393.706 4394.971 4396.237 4391.801 4385.643 4379.485 4373.328 4365.447 4351.859 4338.271 4324.683 4311.094 4295.688 4279.487 4263.285 4247.083 4232.622 4227.334 4222.046 4216.758 4211.47 4216.198 4226.982 4237.766 4248.55 4259.959 4277.931 4295.903 4313.875 4331.847 4346.48 4358.391 4370.301 4382.21 4394.039 4400.296 4406.553 4412.811 4419.068 4424.186 4428.059 4431.932 4435.805 4439.678 4442.857 4445.995 4449.131 4452.269 4455.705 4459.579 4463.453 4467.327 4471.201 4475.85 4480.614 4485.379 4490.144 4493.231 4492.964 4492.696 4492.428
4387.143 4388.622 4390.102 4391.582 4393.061 4387.718 4380.315 4372.913 4365.51 4356.597 4342.683 4328.769 4314.855 4300.941 4286.104 4270.865 4255.625 4240.385 4226.88 4222.522 4218.164 4213.806 4209.447 4214.722 4225.821 4236.92 4248.02 4259.806 4278.81 4297.813 4316.816 4335.819 4350.737 4362.321 4373.905 4385.489 4396.986 4402.592 4408.197 4413.803 4419.408 4423.986 4427.442 4430.899 4434.355 4437.812 4440.448 4443.035 4445.622 4448.208 4451.068 4454.328 4457.587 4460.847 4464.106 4469.242 4474.659 4480.075 4485.492 4489.11 4489.131 4489.152 4489.172
4383.111 4384.805 4386.498 4388.191 4389.885 4383.635 4374.987 4366.339 4357.691 4347.747 4333.507 4319.267 4305.027 4290.787 4276.521 4262.243 4247.965 4233.687 4221.139 4217.71 4214.281 4210.853 4207.424 4213.246 4224.661 4236.075 4247.489 4259.653 4279.688 4299.723 4319.757 4339.792 4354.993 4366.251 4377.509 4388.767 4399.934 4404.888 4409.841 4414.795 4419.749 4423.787 4426.826 4429.866 4432.905 4435.945 4438.04 4440.076 4442.112 4444.148 4446.432 4449.077 4451.722 4454.367 4457.012 4462.634 4468.703 4474.771 4480.84 4484.989 4485.298 4485.607 4485.917
4379.08 4380.987 4382.894 4384.801 4386.708 4379.552 4369.659 4359.766 4349.874 4338.897 4324.331 4309.765 4295.199 4280.633 4266.937 4253.621 4240.304 4226.988 4215.396 4212.898 4210.399 4207.9 4205.402 4211.77 4223.5 4235.229 4246.959 4259.5 4280.566 4301.632 4322.698 4343.764 4359.249 4370.181 4381.113 4392.045 4402.881 4407.183 4411.485 4415.787 4420.088 4423.587 4426.21 4428.833 4431.456 4434.079 4435.63 4437.116 4438.602 4440.088 4441.795 4443.826 4445.856 4447.887 4449.917 4456.026 4462.747 4469.467 4476.188 4480.868 4481.466 4482.063 4482.661
4375.018 4376.704 4378.389 4380.075 4381.76 4373.984 4363.352 4352.719 4342.087 4330.523 4315.876 4301.229 4286.581 4271.933 4258.928 4246.641 4234.354 4222.067 4211.496 4209.966 4208.436 4206.906 4205.377 4212.674 4225.309 4237.943 4250.578 4263.96 4285.193 4306.425 4327.657 4348.89 4364.056 4374.275 4384.494 4394.712 4404.838 4408.636 4412.435 4416.234 4420.033 4423.079 4425.305 4427.53 4429.756 4431.981 4432.971 4433.884 4434.797 4435.71 4436.845 4438.307 4439.768 4441.229 4442.689 4448.919 4455.865 4462.811 4469.756 4474.676 4475.542 4476.409 4477.276
4370.929 4372.0 4373.07 4374.142 4375.212 4367.076 4356.161 4345.245 4334.33 4322.581 4308.072 4293.563 4279.055 4264.546 4252.341 4241.145 4229.948 4218.751 4209.256 4208.731 4208.206 4207.681 4207.156 4215.727 4229.799 4243.872 4257.944 4272.585 4293.203 4313.82 4334.438 4355.056 4369.361 4378.516 4387.671 4396.827 4405.899 4409.329 4412.759 4416.189 4419.619 4422.292 4424.138 4425.984 4427.83 4429.676 4430.085 4430.405 4430.725 4431.044 4431.613 4432.545 4433.477 4434.409 4435.341 4441.363 4448.148 4454.934 4461.719 4466.615 4467.733 4468.851 4469.969
4366.839 4367.295 4367.752 4368.208 4368.665 4360.168 4348.969 4337.771 4326.572 4314.638 4300.268 4285.898 4271.528 4257.159 4245.755 4235.648 4225.542 4215.435 4207.016 4207.496 4207.976 4208.455 4208.935 4218.781 4234.29 4249.8 4265.309 4281.209 4301.213 4321.216 4341.219 4361.223 4374.666 4382.758 4390.85 4398.941 4406.96 4410.021 4413.083 4416.144 4419.206 4421.504 4422.971 4424.438 4425.905 4427.372 4427.199 4426.926 4426.652 4426.379 4426.38 4426.783 4427.187 4427.589 4427.992 4433.806 4440.431 4447.056 4453.681 4458.554 4459.923 4461.292 4462.661
4362.75 4362.591 4362.433 4362.275 4362.117 4353.261 4341.778 4330.296 4318.814 4306.695 4292.464 4278.233 4264.002 4249.771 4239.168 4230.152 4221.135 4212.119 4204.776 4206.261 4207.745 4209.229 4210.713 4221.833 4238.781 4255.728 4272.675 4289.834 4309.223 4328.611 4348.0 4367.389 4379.97 4386.999 4394.027 4401.056 4408.021 4410.714 4413.407 4416.099 4418.792 4420.717 4421.804 4422.892 4423.979 4425.066 4424.313 4423.447 4422.581 4421.714 4421.148 4421.022 4420.896 4420.77 4420.644 4426.249 4432.713 4439.178 4445.643 4450.493 4452.113 4453.733 4455.354
4358.66 4357.887 4357.114 4356.342 4355.569 4346.353 4334.587 4322.822 4311.057 4298.752 4284.66 4270.568 4256.476 4242.384 4232.582 4224.655 4216.729 4208.803 4202.537 4205.026 4207.515 4210.003 4212.492 4224.887 4243.271 4261.656 4280.04 4298.458 4317.232 4336.007 4354.781 4373.555 4385.275 4391.24 4397.206 4403.17 4409.083 4411.407 4413.73 4416.054 4418.378 4419.929 4420.637 4421.345 4422.053 4422.761 4421.427 4419.968 4418.508 4417.048 4415.916 4415.26 4414.605 4413.95 4413.295 4418.692 4424.996 4431.3 4437.604 4442.431 4444.303 4446.174 4448.045
4362.152 4359.879 4357.607 4355.334 4353.062 4342.839 4330.217 4317.595 4304.973 4292.087 4278.331 4264.574 4250.817 4237.061 4228.076 4221.179 4214.283 4207.386 4202.032 4204.811 4207.59 4210.369 4213.148 4225.917 4244.728 4263.538 4282.349 4301.137 4319.694 4338.251 4356.809 4375.366 4386.793 4392.405 4398.016 4403.627 4409.188 4411.289 4413.39 4415.491 4417.592 4418.898 4419.337 4419.777 4420.216 4420.655 4419.107 4417.437 4415.767 4414.096 4412.699 4411.701 4410.703 4409.706 4408.708 4413.15 4418.409 4423.667 4428.925 4433.162 4435.355 4437.548 4439.741
4366.115 4362.287 4358.459 4354.632 4350.804 4339.536 4326.021 4312.507 4298.993 4285.502 4272.093 4258.684 4245.274 4231.865 4223.699 4217.829 4211.958 4206.087 4201.635 4204.66 4207.685 4210.709 4213.734 4226.823 4245.996 4265.17 4284.344 4303.447 4321.812 4340.177 4358.542 4376.907 4388.077 4393.378 4398.68 4403.981 4409.233 4411.12 4413.007 4414.895 4416.782 4417.852 4418.029 4418.207 4418.384 4418.562 4416.822 4414.965 4413.107 4411.25 4409.607 4408.278 4406.949 4405.62 4404.291 4407.733 4411.891 4416.048 4420.206 4423.817 4426.336 4428.855 4431.375
4370.077 4364.694 4359.312 4353.93 4348.547 4336.233 4321.826 4307.419 4293.012 4278.917 4265.855 4252.793 4239.731 4226.668 4219.323 4214.479 4209.634 4204.789 4201.238 4204.508 4207.779 4211.05 4214.32 4227.728 4247.265 4266.802 4286.339 4305.757 4323.93 4342.102 4360.275 4378.447 4389.361 4394.352 4399.343 4404.335 4409.278 4410.952 4412.625 4414.299 4415.973 4416.806 4416.721 4416.637 4416.553 4416.468 4414.538 4412.493 4410.449 4408.404 4406.516 4404.855 4403.195 4401.535 4399.875 4402.316 4405.373 4408.43 4411.487 4414.473 4417.318 4420.163 4423.008
4374.04 4367.102 4360.165 4353.228 4346.29 4332.93 4317.63 4302.332 4287.032 4272.333 4259.618 4246.903 4234.188 4221.473 4214.947 4211.128 4207.309 4203.49 4200.841 4204.357 4207.874 4211.39 4214.906 4228.633 4248.533 4268.434 4288.334 4308.067 4326.047 4344.028 4362.008 4379.988 4390.644 4395.326 4400.007 4404.689 4409.324 4410.784 4412.244 4413.704 4415.164 4415.759 4415.413 4415.067 4414.721 4414.375 4412.252 4410.021 4407.79 4405.559 4403.424 4401.433 4399.441 4397.45 4395.458 4396.899 4398.855 4400.812 4402.768 4405.129 4408.3 4411.471 4414.642
4376.741 4368.75 4360.758 4352.767 4344.775 4330.63 4314.628 4298.625 4282.623 4267.438 4254.962 4242.485 4230.009 4217.533 4211.629 4208.601 4205.573 4202.545 4200.586 4204.26 4207.934 4211.608 4215.283 4229.209 4249.335 4269.461 4289.588 4309.513 4327.325 4345.138 4362.951 4380.763 4391.226 4395.693 4400.161 4404.627 4409.049 4410.331 4411.614 4412.896 4414.179 4414.598 4414.076 4413.554 4413.032 4412.51 4410.229 4407.839 4405.449 4403.06 4400.662 4398.253 4395.844 4393.436 4391.026 4391.511 4392.43 4393.348 4394.267 4396.015 4399.424 4402.833 4406.242
4377.179 4369.032 4360.886 4352.739 4344.593 4330.133 4313.767 4297.402 4281.036 4265.582 4253.148 4240.714 4228.281 4215.847 4210.213 4207.554 4204.895 4202.235 4200.586 4204.26 4207.934 4211.608 4215.283 4229.196 4249.301 4269.406 4289.51 4309.405 4327.095 4344.785 4362.474 4380.164 4390.548 4394.973 4399.397 4403.821 4408.199 4409.369 4410.54 4411.709 4412.88 4413.231 4412.688 4412.144 4411.601 4411.057 4408.674 4406.177 4403.681 4401.184 4398.491 4395.51 4392.53 4389.549 4386.569 4386.175 4386.169 4386.163 4386.157 4387.316 4390.805 4394.294 4397.784
4377.617 4369.315 4361.014 4352.712 4344.411 4329.636 4312.907 4296.178 4279.449 4263.726 4251.334 4238.943 4226.553 4214.162 4208.797 4206.506 4204.216 4201.925 4200.586 4204.26 4207.934 4211.608 4215.283 4229.183 4249.266 4269.35 4289.433 4309.297 4326.864 4344.431 4361.998 4379.565 4389.87 4394.252 4398.634 4403.015 4407.349 4408.407 4409.465 4410.523 4411.581 4411.863 4411.298 4410.733 4410.169 4409.604 4407.119 4404.515 4401.912 4399.308 4396.32 4392.768 4389.215 4385.663 4382.111 4380.838 4379.908 4378.978 4378.047 4378.617 4382.186 4385.755 4389.325
4378.054 4369.598 4361.142 4352.685 4344.229 4329.139 4312.046 4294.954 4277.861 4261.869 4249.521 4237.173 4224.824 4212.476 4207.381 4205.459 4203.537 4201.615 4200.586 4204.26 4207.934 4211.608 4215.283 4229.169 4249.231 4269.293 4289.355 4309.19 4326.634 4344.078 4361.521 4378.965 4389.192 4393.531 4397.87 4402.209 4406.499 4407.445 4408.391 4409.336 4410.282 4410.496 4409.909 4409.323 4408.737 4408.151 4405.563 4402.854 4400.143 4397.433 4394.148 4390.025 4385.901 4381.777 4377.653 4375.502 4373.647 4371.792 4369.938 4369.918 4373.567 4377.217 4380.866
4378.492 4369.88 4361.269 4352.658 4344.046 4328.641 4311.186 4293.73 4276.274 4260.013 4247.707 4235.402 4223.096 4210.791 4205.965 4204.412 4202.859 4201.306 4200.586 4204.26 4207.934 4211.608 4215.283 4229.156 4249.197 4269.237 4289.278 4309.082 4326.403 4343.724 4361.045 4378.366 4388.514 4392.811 4397.106 4401.403 4405.649 4406.482 4407.316 4408.15 4408.983 4409.128 4408.521 4407.913 4407.305 4406.698 4404.009 4401.191 4398.375 4395.557 4391.978 4387.282 4382.586 4377.891 4373.195 4370.166 4367.386 4364.607 4361.828 4361.219 4364.948 4368.678 4372.407
4373.567 4364.991 4356.415 4347.839 4339.262 4323.945 4306.593 4289.242 4271.89 4255.863 4244.224 4232.586 4220.947 4209.309 4204.882 4203.611 4202.34 4201.068 4200.562 4204.087 4207.613 4211.138 4214.664 4228.132 4247.614 4267.096 4286.578 4305.849 4322.902 4339.956 4357.009 4374.062 4384.376 4389.192 4394.007 4398.823 4403.584 4404.628 4405.672 4406.716 4407.76 4408.032 4407.461 4406.89 4406.319 4405.748 4402.796 4399.699 4396.601 4393.503 4389.512 4384.211 4378.911 4373.61 4368.31 4364.621 4361.173 4357.726 4354.279 4353.188 4356.812 4360.436 4364.06
4367.074 4358.589 4350.104 4341.618 4333.133 4318.021 4300.91 4283.799 4266.688 4251.042 4240.253 4229.464 4218.676 4207.887 4203.897 4202.882 4201.868 4200.853 4200.531 4203.864 4207.197 4210.53 4213.863 4226.813 4245.58 4264.345 4283.111 4301.701 4318.444 4335.188 4351.931 4368.675 4379.226 4384.726 4390.226 4395.725 4401.165 4402.513 4403.862 4405.21 4406.559 4407.015 4406.497 4405.979 4405.462 4404.944 4401.685 4398.255 4394.826 4391.397 4386.959 4381.044 4375.129 4369.214 4363.299 4359.014 4354.974 4350.933 4346.893 4345.354 4348.817 4352.28 4355.744
4360.582 4352.187 4343.792 4335.398 4327.003 4312.098 4295.227 4278.356 4261.485 4246.221 4236.282 4226.343 4216.404 4206.465 4202.912 4202.154 4201.396 4200.637 4200.5 4203.641 4206.782 4209.922 4213.063 4225.495 4243.544 4261.594 4279.644 4297.553 4313.987 4330.42 4346.854 4363.287 4374.076 4380.26 4386.443 4392.627 4398.745 4400.398 4402.051 4403.705 4405.357 4405.998 4405.534 4405.07 4404.605 4404.142 4400.572 4396.812 4393.052 4389.292 4384.407 4377.878 4371.348 4364.818 4358.289 4353.408 4348.774 4344.141 4339.507 4337.519 4340.822 4344.125 4347.428
4354.088 4345.785 4337.481 4329.177 4320.874 4306.174 4289.543 4272.913 4256.283 4241.401 4232.311 4223.222 4214.132 4205.042 4201.927 4201.425 4200.923 4200.422 4200.47 4203.418 4206.367 4209.315 4212.263 4224.176 4241.51 4258.843 4276.177 4293.405 4309.529 4325.652 4341.776 4357.899 4368.926 4375.793 4382.661 4389.529 4396.325 4398.283 4400.241 4402.198 4404.156 4404.981 4404.57 4404.16 4403.749 4403.338 4399.46 4395.369 4391.277 4387.186 4381.855 4374.711 4367.567 4360.423 4353.278 4347.802 4342.575 4337.348 4332.122 4329.685 4332.827 4335.97 4339.113
4347.41 4339.192 4330.974 4322.756 4314.539 4300.099 4283.78 4267.463 4251.145 4236.702 4228.472 4220.243 4212.013 4203.783 4201.082 4200.8 4200.519 4200.237 4200.448 4203.255 4206.063 4208.871 4211.678 4223.028 4239.545 4256.061 4272.577 4289.024 4304.748 4320.471 4336.194 4351.918 4363.182 4370.808 4378.433 4386.059 4393.608 4395.946 4398.285 4400.623 4402.961 4404.014 4403.665 4403.316 4402.967 4402.618 4398.491 4394.132 4389.773 4385.415 4379.705 4372.017 4364.329 4356.641 4348.954 4342.902 4337.097 4331.291 4325.485 4322.576 4325.458 4328.34 4331.222
4339.94 4331.786 4323.632 4315.479 4307.325 4293.376 4277.678 4261.979 4246.281 4232.524 4225.197 4217.871 4210.544 4203.217 4200.836 4200.618 4200.4 4200.183 4200.46 4203.348 4206.236 4209.124 4212.011 4222.613 4237.879 4253.145 4268.411 4283.648 4298.586 4313.523 4328.461 4343.399 4354.902 4363.602 4372.301 4381.001 4389.619 4392.663 4395.706 4398.75 4401.793 4403.26 4403.007 4402.754 4402.501 4402.249 4398.133 4393.779 4389.425 4385.072 4379.268 4371.339 4363.411 4355.483 4347.555 4341.021 4334.698 4328.374 4322.05 4318.564 4320.757 4322.95 4325.143
