data/zism_data/00838_03_D.txt
ncols         224
nrows         224
[rows 0 to 28 of 224, columns 0 to 65 of 224]
400.0 400.0 400.0 400.0 400.0 400.0 402.6774 406.2043 409.7312 413.2582 418.1855 428.8179 439.4504 450.0828 460.7153 465.1346 465.9832 466.8318 467.6803 467.8529 459.4415 451.0302 442.6187 434.2073 427.3185 421.887 416.4556 411.0242 405.5928 404.248 403.1233 401.9985 400.8738 400.1685 400.1282 400.0878 400.0475 400.0071 400.0103 400.0228 400.0353 400.0479 400.0823 400.1782 400.274 400.37 400.4659 400.5238 400.5655 400.6072 400.6489 400.6848 400.6848 400.6848 400.6848 400.6848 400.6343 400.5467 400.4592 400.3716 400.2855 400.298 400.3105 400.323 400.3355 400.3829
400.0 400.0 400.0 400.0 400.0 400.0 402.349 405.4432 408.5375 411.6318 416.0525 425.8771 435.7018 445.5264 455.351 459.7111 460.9305 462.1499 463.3694 463.9425 456.3076 448.6728 441.0379 433.403 426.986 421.7346 416.4832 411.2318 405.9804 404.568 403.3622 402.1566 400.9508 400.1936 400.1472 400.1009 400.0545 400.0081 400.0 400.0 400.0 400.0 400.0 400.0 400.0 400.0 400.0 400.0 400.0 400.0 400.0 400.0 400.0 400.0 400.0 400.0 399.9959 399.989 399.9819 399.9749 399.968 399.9644 399.9609 399.9574 399.9539 399.9205
400.0 400.0 400.0 400.0 400.0 400.0 401.8464 404.2787 406.711 409.1432 412.7557 421.1762 429.5967 438.0172 446.4378 450.5023 452.0634 453.6246 455.1857 456.1204 449.0995 442.0786 435.0576 428.0367 422.34 417.9108 413.4816 409.0524 404.6232 403.5162 402.5881 401.66 400.7319 400.149 400.1133 400.0776 400.042 400.0063 400.0 400.0 400.0 400.0 400.0 400.0 400.0 400.0 400.0 400.0 400.0 400.0 400.0 400.0 400.0 400.0 400.0 400.0 399.9775 399.9384 399.8994 399.8604 399.8216 399.8021 399.7825 399.763 399.7435 399.7086
400.0 400.0 400.0 400.0 400.0 400.0 401.3439 403.1142 404.8845 406.6548 409.4589 416.4753 423.4917 430.5081 437.5245 441.2936 443.1964 445.0992 447.002 448.2983 441.8913 435.4843 429.0774 422.6704 417.694 414.087 410.48 406.873 403.266 402.4644 401.8139 401.1635 400.513 400.1045 400.0794 400.0544 400.0294 400.0044 400.0 400.0 400.0 400.0 400.0 400.0 400.0 400.0 400.0 400.0 400.0 400.0 400.0 400.0 400.0 400.0 400.0 400.0 399.959 399.8879 399.8169 399.7458 399.6752 399.6397 399.6041 399.5686 399.5331 399.4966
400.0 400.0 400.0 400.0 400.0 400.0 400.8413 401.9496 403.0579 404.1662 406.1622 411.7744 417.3867 422.999 428.6112 432.0848 434.3294 436.5739 438.8184 440.4762 434.6831 428.8901 423.0971 417.304 413.048 410.2632 407.4784 404.6935 401.9087 401.4126 401.0398 400.6669 400.294 400.0599 400.0455 400.0312 400.0168 400.0025 400.0 400.0 400.0 400.0 400.0 400.0 400.0 400.0 400.0 400.0 400.0 400.0 400.0 400.0 400.0 400.0 400.0 400.0 399.9406 399.8374 399.7343 399.6312 399.5288 399.4773 399.4257 399.3742 399.3226 399.2847
400.0 400.0 400.0 400.0 400.0 400.0 400.3388 400.7851 401.2314 401.6777 402.8654 407.0735 411.2817 415.4898 419.6979 422.8761 425.4623 428.0485 430.6347 432.6541 427.475 422.2959 417.1168 411.9377 408.4021 406.4394 404.4768 402.5141 400.5515 400.3608 400.2656 400.1703 400.0751 400.0153 400.0116 400.008 400.0043 400.0006 400.0 400.0 400.0 400.0 400.0 400.0 400.0 400.0 400.0 400.0 400.0 400.0 400.0 400.0 400.0 400.0 400.0 400.0 399.9221 399.7869 399.6518 399.5166 399.3825 399.3149 399.2473 399.1797 399.1122 399.0727
400.0 400.0 400.0 400.0 400.0 400.0 400.1424 400.33 400.5177 400.7053 401.5012 404.7752 408.0492 411.3232 414.5971 417.3551 419.8166 422.278 424.7395 426.6964 422.247 417.7976 413.3482 408.8988 405.9698 404.4962 403.0226 401.549 400.0753 400.0 400.0 400.0 400.0 400.0 400.0 400.0 400.0 400.0 400.0 400.0 400.0 400.0 400.0 400.0 400.0 400.0 400.0 399.9951 399.9881 399.981 399.974 399.9661 399.952 399.938 399.924 399.9099 399.8258 399.6902 399.5546 399.4189 399.2844 399.2219 399.1593 399.0968 399.0342 399.0
400.0 400.0 400.0 400.0 400.0 400.0 400.106 400.2455 400.3851 400.5247 401.1463 403.7315 406.3168 408.9021 411.4874 413.7601 415.8532 417.9463 420.0393 421.7125 418.0532 414.394 410.7347 407.0754 404.6938 403.5352 402.3765 401.2178 400.0592 400.0 400.0 400.0 400.0 400.0 400.0 400.0 400.0 400.0 400.0 400.0 400.0 400.0 400.0 400.0 400.0 400.0 400.0 399.9876 399.9699 399.9522 399.9345 399.9144 399.879 399.8436 399.8082 399.7728 399.6889 399.5693 399.4497 399.3301 399.2116 399.165 399.1185 399.072 399.0255 399.0
400.0 400.0 400.0 400.0 400.0 400.0 400.0695 400.161 400.2526 400.3441 400.7914 402.6879 404.5845 406.4811 408.3777 410.1651 411.8898 413.6145 415.3392 416.7285 413.8594 410.9903 408.1211 405.252 403.4177 402.5741 401.7304 400.8867 400.0431 400.0 400.0 400.0 400.0 400.0 400.0 400.0 400.0 400.0 400.0 400.0 400.0 400.0 400.0 400.0 400.0 400.0 400.0 399.9801 399.9518 399.9234 399.895 399.8627 399.806 399.7492 399.6925 399.6357 399.552 399.4484 399.3448 399.2413 399.1387 399.1082 399.0777 399.0472 399.0167 399.0
400.0 400.0 400.0 400.0 400.0 400.0 400.033 400.0765 400.12 400.1635 400.4364 401.6443 402.8522 404.0601 405.2679 406.5701 407.9264 409.2827 410.639 411.7446 409.6656 407.5866 405.5076 403.4285 402.1417 401.613 401.0844 400.5557 400.027 400.0 400.0 400.0 400.0 400.0 400.0 400.0 400.0 400.0 400.0 400.0 400.0 400.0 400.0 400.0 400.0 400.0 400.0 399.9726 399.9336 399.8945 399.8555 399.811 399.7329 399.6548 399.5768 399.4987 399.4151 399.3275 399.24 399.1524 399.0659 399.0514 399.0369 399.0224 399.0079 399.0
400.0 400.0 400.0 400.0 400.0 400.0 400.0 400.0 400.0 400.0 400.1128 400.6852 401.2575 401.8299 402.4022 403.2472 404.2488 405.2504 406.2521 407.0831 405.7476 404.4121 403.0766 401.7411 400.9662 400.7277 400.4892 400.2507 400.0122 400.0 400.0 400.0 400.0 400.0 400.0 400.0 400.0 400.0 400.0 400.0 400.0 400.0 399.9992 399.9962 399.9931 399.9901 399.987 399.9517 399.9024 399.8532 399.804 399.7484 399.653 399.5576 399.4622 399.3668 399.2851 399.2136 399.142 399.0705 399.0 399.0 399.0 399.0 399.0 399.0
400.0 400.0 400.0 400.0 400.0 400.0 400.0 400.0 400.0 400.0 400.0876 400.5318 400.976 401.4202 401.8645 402.5203 403.2977 404.0751 404.8525 405.4975 404.461 403.4244 402.3879 401.3514 400.7499 400.5648 400.3797 400.1945 400.0095 400.0 400.0 400.0 400.0 400.0 400.0 400.0 400.0 400.0 400.0 400.0 400.0 400.0 399.9908 399.9557 399.9206 399.8856 399.8505 399.8018 399.7472 399.6927 399.6381 399.5808 399.5068 399.4327 399.3587 399.2847 399.2213 399.1658 399.1102 399.0547 399.0 399.0 399.0 399.0 399.0 399.0
400.0 400.0 400.0 400.0 400.0 400.0 400.0 400.0 400.0 400.0 400.0623 400.3784 400.6945 401.0106 401.3267 401.7934 402.3466 402.8997 403.4529 403.9119 403.1743 402.4368 401.6992 400.9616 400.5336 400.4019 400.2702 400.1385 400.0067 400.0 400.0 400.0 400.0 400.0 400.0 400.0 400.0 400.0 400.0 400.0 400.0 400.0 399.9824 399.9153 399.8481 399.781 399.7139 399.6519 399.592 399.5321 399.4722 399.4133 399.3606 399.308 399.2552 399.2026 399.1575 399.118 399.0785 399.0389 399.0 399.0 399.0 399.0 399.0 399.0
400.0 400.0 400.0 400.0 400.0 400.0 400.0 400.0 400.0 400.0 400.037 400.225 400.413 400.601 400.789 401.0665 401.3954 401.7244 402.0534 402.3263 401.8877 401.4491 401.0105 400.5718 400.3173 400.239 400.1606 400.0823 400.004 400.0 400.0 400.0 400.0 400.0 400.0 400.0 400.0 400.0 400.0 400.0 400.0 400.0 399.9739 399.8748 399.7757 399.6765 399.5774 399.502 399.4368 399.3716 399.3063 399.2458 399.2144 399.1831 399.1518 399.1205 399.0937 399.0702 399.0467 399.0232 399.0 399.0 399.0 399.0 399.0 399.0
400.0 400.0 400.0 400.0 400.0 400.0 400.0 400.0 400.0 400.0 400.0118 400.0717 400.1315 400.1914 400.2512 400.3396 400.4443 400.5491 400.6538 400.7407 400.6011 400.4614 400.3217 400.1821 400.101 400.0761 400.0511 400.0262 400.0013 400.0 400.0 400.0 400.0 400.0 400.0 400.0 400.0 400.0 400.0 400.0 400.0 400.0 399.9655 399.8344 399.7032 399.572 399.4408 399.3521 399.2816 399.211 399.1404 399.0782 399.0683 399.0583 399.0483 399.0384 399.0298 399.0223 399.0149 399.0074 399.0 399.0 399.0 399.0 399.0 399.0
400.0 400.0 400.0 400.0 400.0 400.0 400.0 400.0 400.0 400.0 400.0 400.0 400.0 400.0 400.0 400.0 400.0 400.0 400.0 400.0 400.0 400.0 400.0 400.0 400.0 400.0 400.0 400.0 400.0 400.0 400.0 400.0 400.0 400.0 400.0 400.0 400.0 400.0 400.0 400.0 400.0 400.0 399.9616 399.8155 399.6693 399.5232 399.377 399.2821 399.209 399.136 399.0629 399.0 399.0 399.0 399.0 399.0 399.0 399.0 399.0 399.0 399.0 399.0 399.0 399.0 399.0 399.0
400.0 400.0 400.0 400.0 400.0 400.0 400.0 400.0 400.0 400.0 400.0 400.0 400.0 400.0 400.0 400.0 400.0 400.0 400.0 400.0 400.0 400.0 400.0 400.0 400.0 400.0 400.0 400.0 400.0 400.0 400.0 400.0 400.0 400.0 400.0 400.0 400.0 400.0 400.0 400.0 400.0 400.0 399.9616 399.8155 399.6693 399.5232 399.377 399.2821 399.209 399.136 399.0629 399.0 399.0 399.0 399.0 399.0 399.0 399.0 399.0 399.0 399.0 399.0 399.0 399.0 399.0 399.0
400.0 400.0 400.0 400.0 400.0 400.0 400.0 400.0 400.0 400.0 400.0 400.0 400.0 400.0 400.0 400.0 400.0 400.0 400.0 400.0 400.0 400.0 400.0 400.0 400.0 400.0 400.0 400.0 400.0 400.0 400.0 400.0 400.0 400.0 400.0 400.0 400.0 400.0 400.0 400.0 400.0 400.0 399.9616 399.8155 399.6693 399.5232 399.377 399.2821 399.209 399.136 399.0629 399.0 399.0 399.0 399.0 399.0 399.0 399.0 399.0 399.0 399.0 399.0 399.0 399.0 399.0 399.0
400.0 400.0 400.0 400.0 400.0 400.0 400.0 400.0 400.0 400.0 400.0 400.0 400.0 400.0 400.0 400.0 400.0 400.0 400.0 400.0 400.0 400.0 400.0 400.0 400.0 400.0 400.0 400.0 400.0 400.0 400.0 400.0 400.0 400.0 400.0 400.0 400.0 400.0 400.0 400.0 400.0 400.0 399.9616 399.8155 399.6693 399.5232 399.377 399.2821 399.209 399.136 399.0629 399.0 399.0 399.0 399.0 399.0 399.0 399.0 399.0 399.0 399.0 399.0 399.0 399.0 399.0 399.0
400.0 400.0 400.0 400.0 400.0 400.0 400.0 400.0 400.0 400.0 400.0 400.0 400.0 400.0 400.0 400.0 400.0 400.0 400.0 400.0 400.0 400.0 400.0 400.0 400.0 400.0 400.0 400.0 400.0 400.0 400.0 400.0 400.0 400.0 400.0 400.0 400.0 400.0 400.0 400.0 400.0 400.0 399.9616 399.8155 399.6693 399.5232 399.377 399.2821 399.209 399.136 399.0629 399.0 399.0 399.0 399.0 399.0 399.0 399.0 399.0 399.0 399.0 399.0 399.0 399.0 399.0 399.0
403.7612 403.8292 403.3834 402.9377 402.4919 402.0462 401.632 401.2277 400.8234 400.4192 400.0905 400.0698 400.049 400.0283 400.0076 400.0 400.0 400.0 400.0 400.0 400.0 400.0 400.0 400.0 400.0 400.0 400.0 400.0 400.0 400.0 400.0 400.0 400.0 400.0 400.0 400.0 400.0 400.0 400.0 400.0 400.0 400.0 399.9616 399.8155 399.6693 399.5232 399.377 399.2821 399.209 399.136 399.0629 399.0 399.0 399.0 399.0 399.0 399.0 399.0 399.0 399.0 399.0 399.0 399.0 399.0 399.0 399.0
407.6356 407.7735 406.8687 405.9637 405.0589 404.154 403.313 402.4923 401.6716 400.851 400.1837 400.1416 400.0995 400.0574 400.0154 400.0 400.0 400.0 400.0 400.0 400.0 400.0 400.0 400.0 400.0 400.0 400.0 400.0 400.0 400.0 400.0 400.0 400.0 400.0 400.0 400.0 400.0 400.0 400.0 400.0 400.0 400.0 399.9616 399.8155 399.6693 399.5232 399.377 399.2821 399.209 399.136 399.0629 399.0 399.0 399.0 399.0 399.0 399.0 399.0 399.0 399.0 399.0 399.0 399.0 399.0 399.0 399.0
411.51 411.7179 410.3539 408.9898 407.6258 406.2617 404.994 403.757 402.5198 401.2827 400.2769 400.2135 400.1501 400.0866 400.0232 400.0 400.0 400.0 400.0 400.0 400.0 400.0 400.0 400.0 400.0 400.0 400.0 400.0 400.0 400.0 400.0 400.0 400.0 400.0 400.0 400.0 400.0 400.0 400.0 400.0 400.0 400.0 399.9616 399.8155 399.6693 399.5232 399.377 399.2821 399.209 399.136 399.0629 399.0 399.0 399.0 399.0 399.0 399.0 399.0 399.0 399.0 399.0 399.0 399.0 399.0 399.0 399.0
415.3843 415.6622 413.8391 412.0159 410.1927 408.3695 406.6751 405.0216 403.368 401.7145 400.3701 400.2853 400.2005 400.1158 400.0309 400.0 400.0 400.0 400.0 400.0 400.0 400.0 400.0 400.0 400.0 400.0 400.0 400.0 400.0 400.0 400.0 400.0 400.0 400.0 400.0 400.0 400.0 400.0 400.0 400.0 400.0 400.0 399.9616 399.8155 399.6693 399.5232 399.377 399.2821 399.209 399.136 399.0629 399.0 399.0 399.0 399.0 399.0 399.0 399.0 399.0 399.0 399.0 399.0 399.0 399.0 399.0 399.0
421.2824 421.4832 419.1856 416.888 414.5904 412.2928 409.9576 407.6105 405.2634 402.9164 400.9872 400.7611 400.5349 400.3087 400.0826 400.0 400.0 400.0 400.0 400.0 400.0 400.0 400.0 400.0 400.0 400.0 400.0 400.0 400.0 400.0 400.0 400.0 400.0 400.0 400.0 400.0 400.0 400.0 400.0 400.0 400.0 400.0 399.9616 399.8155 399.6693 399.5232 399.377 399.2821 399.209 399.136 399.0629 399.0 399.0 399.0 399.0 399.0 399.0 399.0 399.0 399.0 399.0 399.0 399.0 399.0 399.0 399.0
430.1076 430.0185 427.2243 424.4302 421.6361 418.842 415.5565 412.115 408.6735 405.2321 402.3622 401.821 401.2798 400.7387 400.1975 400.0 400.0 400.0 400.0 400.0 400.0 400.0 400.0 400.0 400.0 400.0 400.0 400.0 400.0 400.0 400.0 400.0 400.0 400.0 400.0 400.0 400.0 400.0 400.0 400.0 400.0 400.0 399.9616 399.8155 399.6693 399.5232 399.377 399.2821 399.209 399.136 399.0629 399.0 399.0 399.0 399.0 399.0 399.0 399.0 399.0 399.0 399.0 399.0 399.0 399.0 399.0 399.0
438.9328 438.5537 435.2631 431.9725 428.6819 425.3913 421.1554 416.6195 412.0836 407.5478 403.7371 402.8809 402.0247 401.1686 400.3125 400.0 400.0 400.0 400.0 400.0 400.0 400.0 400.0 400.0 400.0 400.0 400.0 400.0 400.0 400.0 400.0 400.0 400.0 400.0 400.0 400.0 400.0 400.0 400.0 400.0 400.0 400.0 399.9616 399.8155 399.6693 399.5232 399.377 399.2821 399.209 399.136 399.0629 399.0 399.0 399.0 399.0 399.0 399.0 399.0 399.0 399.0 399.0 399.0 399.0 399.0 399.0 399.0
447.758 447.089 443.3019 439.5148 435.7277 431.9406 426.7542 421.124 415.4937 409.8634 405.112 403.9408 402.7697 401.5985 400.4274 400.0 400.0 400.0 400.0 400.0 400.0 400.0 400.0 400.0 400.0 400.0 400.0 400.0 400.0 400.0 400.0 400.0 400.0 400.0 400.0 400.0 400.0 400.0 400.0 400.0 400.0 400.0 399.9616 399.8155 399.6693 399.5232 399.377 399.2821 399.209 399.136 399.0629 399.0 399.0 399.0 399.0 399.0 399.0 399.0 399.0 399.0 399.0 399.0 399.0 399.0 399.0 399.0
456.5833 455.6243 451.3407 447.0571 442.7735 438.4898 432.3531 425.6285 418.9038 412.1791 406.4868 405.0007 403.5146 402.0285 400.5424 400.0 400.0 400.0 400.0 400.0 400.0 400.0 400.0 400.0 400.0 400.0 400.0 400.0 400.0 400.0 400.0 400.0 400.0 400.0 400.0 400.0 400.0 400.0 400.0 400.0 400.0 400.0 399.9616 399.8155 399.6693 399.5232 399.377 399.2821 399.209 399.136 399.0629 399.0 399.0 399.0 399.0 399.0 399.0 399.0 399.0 399.0 399.0 399.0 399.0 399.0 399.0 399.0
