data/zism_data/00832_01_D.txt
ncols         224
nrows         224
[rows 0 to 27 of 224, columns 126 to 188 of 224]
3320.955 3321.234 3321.528 3321.822 3322.116 3322.429 3322.797 3323.164 3323.531 3323.899 3324.094 3324.223 3324.353 3324.482 3324.689 3325.229 3325.768 3326.308 3326.847 3327.275 3327.642 3328.01 3328.377 3328.768 3329.343 3329.918 3330.493 3331.067 3331.572 3332.026 3332.48 3332.934 3333.392 3333.933 3334.473 3335.014 3335.555 3336.102 3336.656 3337.21 3337.763 3338.317 3338.975 3339.637 3340.298 3340.959 3341.397 3341.544 3341.691 3341.838 3341.985 3342.307 3342.648 3342.989 3343.33 3343.605 3343.766 3343.926 3344.086 3344.246 3344.406 3344.566 3344.726
3320.955 3321.234 3321.528 3321.822 3322.116 3322.429 3322.797 3323.164 3323.531 3323.899 3324.078 3324.186 3324.294 3324.402 3324.58 3325.06 3325.54 3326.021 3326.501 3326.907 3327.275 3327.642 3328.01 3328.399 3328.958 3329.516 3330.075 3330.633 3331.141 3331.611 3332.081 3332.551 3333.026 3333.599 3334.172 3334.745 3335.318 3335.906 3336.509 3337.111 3337.713 3338.316 3338.975 3339.637 3340.298 3340.959 3341.397 3341.544 3341.691 3341.838 3341.985 3342.277 3342.586 3342.895 3343.204 3343.464 3343.641 3343.817 3343.993 3344.169 3344.346 3344.522 3344.698
3320.955 3321.234 3321.528 3321.822 3322.116 3322.429 3322.797 3323.164 3323.531 3323.899 3324.063 3324.149 3324.235 3324.321 3324.47 3324.891 3325.312 3325.733 3326.154 3326.54 3326.907 3327.275 3327.642 3328.03 3328.572 3329.115 3329.657 3330.199 3330.709 3331.196 3331.682 3332.168 3332.66 3333.265 3333.871 3334.476 3335.082 3335.71 3336.361 3337.012 3337.663 3338.314 3338.975 3339.637 3340.298 3340.959 3341.397 3341.544 3341.691 3341.838 3341.985 3342.248 3342.525 3342.801 3343.077 3343.323 3343.516 3343.708 3343.901 3344.093 3344.286 3344.478 3344.671
3320.955 3321.234 3321.528 3321.822 3322.116 3322.429 3322.797 3323.164 3323.531 3323.899 3324.047 3324.112 3324.176 3324.241 3324.361 3324.723 3325.084 3325.446 3325.807 3326.173 3326.54 3326.907 3327.275 3327.66 3328.187 3328.713 3329.239 3329.765 3330.278 3330.78 3331.283 3331.785 3332.294 3332.932 3333.57 3334.208 3334.845 3335.515 3336.214 3336.914 3337.613 3338.313 3338.975 3339.637 3340.298 3340.959 3341.397 3341.544 3341.691 3341.838 3341.985 3342.219 3342.463 3342.707 3342.951 3343.182 3343.391 3343.6 3343.808 3344.017 3344.226 3344.434 3344.643
3320.995 3321.268 3321.553 3321.838 3322.123 3322.426 3322.78 3323.134 3323.488 3323.842 3323.981 3324.039 3324.097 3324.155 3324.26 3324.564 3324.87 3325.175 3325.48 3325.823 3326.185 3326.548 3326.911 3327.291 3327.796 3328.302 3328.807 3329.313 3329.83 3330.356 3330.883 3331.409 3331.942 3332.618 3333.294 3333.97 3334.646 3335.359 3336.107 3336.856 3337.604 3338.352 3339.006 3339.657 3340.308 3340.958 3341.391 3341.54 3341.688 3341.836 3341.985 3342.194 3342.41 3342.626 3342.842 3343.057 3343.272 3343.487 3343.701 3343.916 3344.129 3344.342 3344.555
3321.138 3321.389 3321.641 3321.894 3322.146 3322.413 3322.719 3323.024 3323.329 3323.635 3323.784 3323.875 3323.965 3324.055 3324.177 3324.433 3324.69 3324.946 3325.203 3325.518 3325.865 3326.211 3326.558 3326.92 3327.393 3327.866 3328.339 3328.812 3329.341 3329.91 3330.48 3331.049 3331.626 3332.356 3333.086 3333.816 3334.546 3335.311 3336.107 3336.904 3337.701 3338.498 3339.116 3339.729 3340.342 3340.956 3341.369 3341.523 3341.677 3341.831 3341.984 3342.179 3342.379 3342.579 3342.779 3342.976 3343.169 3343.362 3343.555 3343.748 3343.935 3344.121 3344.307
3321.282 3321.51 3321.73 3321.95 3322.17 3322.4 3322.657 3322.914 3323.171 3323.428 3323.587 3323.71 3323.833 3323.955 3324.094 3324.302 3324.51 3324.718 3324.926 3325.213 3325.544 3325.875 3326.205 3326.548 3326.989 3327.43 3327.87 3328.311 3328.852 3329.464 3330.077 3330.689 3331.31 3332.094 3332.878 3333.662 3334.447 3335.262 3336.107 3336.952 3337.798 3338.643 3339.226 3339.802 3340.377 3340.952 3341.347 3341.506 3341.665 3341.824 3341.984 3342.165 3342.349 3342.532 3342.716 3342.895 3343.066 3343.238 3343.409 3343.58 3343.741 3343.9 3344.059
3321.426 3321.631 3321.819 3322.007 3322.194 3322.388 3322.596 3322.804 3323.012 3323.221 3323.39 3323.545 3323.7 3323.856 3324.011 3324.171 3324.33 3324.489 3324.648 3324.909 3325.223 3325.538 3325.852 3326.177 3326.585 3326.994 3327.402 3327.81 3328.362 3329.018 3329.674 3330.33 3330.994 3331.832 3332.67 3333.508 3334.346 3335.213 3336.107 3337.001 3337.895 3338.789 3339.337 3339.874 3340.412 3340.949 3341.325 3341.489 3341.654 3341.819 3341.983 3342.15 3342.318 3342.485 3342.653 3342.814 3342.963 3343.113 3343.263 3343.412 3343.547 3343.679 3343.812
3321.57 3321.752 3321.908 3322.063 3322.219 3322.375 3322.535 3322.694 3322.854 3323.013 3323.193 3323.381 3323.568 3323.756 3323.929 3324.04 3324.15 3324.261 3324.372 3324.604 3324.903 3325.201 3325.499 3325.806 3326.182 3326.558 3326.934 3327.31 3327.873 3328.572 3329.271 3329.97 3330.677 3331.57 3332.462 3333.354 3334.246 3335.164 3336.107 3337.049 3337.992 3338.934 3339.447 3339.947 3340.446 3340.946 3341.302 3341.473 3341.643 3341.813 3341.983 3342.136 3342.287 3342.438 3342.59 3342.732 3342.86 3342.989 3343.116 3343.245 3343.354 3343.459 3343.564
3321.508 3321.685 3321.844 3322.003 3322.161 3322.32 3322.479 3322.638 3322.797 3322.956 3323.136 3323.324 3323.512 3323.7 3323.87 3323.964 3324.058 3324.152 3324.246 3324.463 3324.745 3325.027 3325.309 3325.596 3325.928 3326.26 3326.591 3326.922 3327.448 3328.115 3328.781 3329.448 3330.123 3331.001 3331.88 3332.758 3333.636 3334.578 3335.581 3336.584 3337.588 3338.591 3339.146 3339.688 3340.229 3340.771 3341.15 3341.318 3341.485 3341.653 3341.82 3341.969 3342.116 3342.263 3342.41 3342.545 3342.66 3342.774 3342.889 3343.003 3343.091 3343.173 3343.255
3321.374 3321.551 3321.726 3321.901 3322.076 3322.251 3322.426 3322.602 3322.777 3322.952 3323.128 3323.306 3323.483 3323.66 3323.82 3323.909 3323.998 3324.086 3324.175 3324.379 3324.645 3324.91 3325.176 3325.444 3325.727 3326.01 3326.292 3326.575 3327.046 3327.653 3328.26 3328.867 3329.485 3330.325 3331.166 3332.006 3332.847 3333.803 3334.871 3335.938 3337.007 3338.074 3338.7 3339.312 3339.924 3340.535 3340.952 3341.114 3341.276 3341.438 3341.6 3341.749 3341.896 3342.043 3342.19 3342.321 3342.425 3342.528 3342.632 3342.736 3342.803 3342.864 3342.924
3321.24 3321.417 3321.608 3321.799 3321.991 3322.182 3322.373 3322.565 3322.756 3322.947 3323.121 3323.287 3323.453 3323.62 3323.771 3323.854 3323.937 3324.02 3324.103 3324.295 3324.544 3324.794 3325.043 3325.291 3325.526 3325.76 3325.994 3326.229 3326.645 3327.192 3327.74 3328.287 3328.846 3329.649 3330.452 3331.254 3332.057 3333.027 3334.16 3335.293 3336.425 3337.558 3338.253 3338.936 3339.618 3340.3 3340.753 3340.91 3341.067 3341.224 3341.38 3341.528 3341.675 3341.822 3341.969 3342.097 3342.189 3342.282 3342.375 3342.468 3342.516 3342.555 3342.594
3321.107 3321.282 3321.49 3321.698 3321.905 3322.113 3322.32 3322.528 3322.735 3322.943 3323.113 3323.268 3323.424 3323.58 3323.72 3323.798 3323.876 3323.954 3324.031 3324.211 3324.444 3324.677 3324.911 3325.139 3325.324 3325.51 3325.696 3325.882 3326.243 3326.731 3327.219 3327.707 3328.208 3328.973 3329.738 3330.502 3331.267 3332.252 3333.449 3334.647 3335.844 3337.042 3337.807 3338.56 3339.312 3340.064 3340.555 3340.707 3340.858 3341.009 3341.16 3341.308 3341.455 3341.602 3341.749 3341.872 3341.954 3342.036 3342.118 3342.2 3342.229 3342.246 3342.263
3321.0 3321.176 3321.396 3321.617 3321.837 3322.058 3322.278 3322.498 3322.719 3322.939 3323.102 3323.242 3323.383 3323.523 3323.652 3323.732 3323.812 3323.892 3323.972 3324.144 3324.364 3324.585 3324.805 3325.017 3325.168 3325.318 3325.468 3325.618 3325.927 3326.349 3326.771 3327.193 3327.629 3328.353 3329.076 3329.8 3330.524 3331.513 3332.759 3334.004 3335.25 3336.496 3337.332 3338.156 3338.979 3339.803 3340.334 3340.486 3340.637 3340.789 3340.94 3341.083 3341.226 3341.369 3341.511 3341.628 3341.699 3341.771 3341.842 3341.913 3341.934 3341.943 3341.953
3321.0 3321.176 3321.396 3321.617 3321.837 3322.058 3322.278 3322.498 3322.719 3322.939 3323.078 3323.186 3323.294 3323.402 3323.511 3323.624 3323.736 3323.848 3323.961 3324.144 3324.364 3324.585 3324.805 3325.019 3325.186 3325.352 3325.519 3325.685 3325.947 3326.277 3326.608 3326.938 3327.283 3327.953 3328.623 3329.293 3329.963 3330.917 3332.146 3333.376 3334.606 3335.835 3336.744 3337.644 3338.543 3339.442 3340.025 3340.198 3340.371 3340.544 3340.717 3340.844 3340.965 3341.085 3341.207 3341.306 3341.366 3341.427 3341.487 3341.548 3341.606 3341.665 3341.723
3321.0 3321.176 3321.396 3321.617 3321.837 3322.058 3322.278 3322.498 3322.719 3322.939 3323.055 3323.13 3323.206 3323.281 3323.37 3323.515 3323.66 3323.805 3323.95 3324.144 3324.364 3324.585 3324.805 3325.021 3325.204 3325.386 3325.569 3325.752 3325.967 3326.206 3326.444 3326.683 3326.938 3327.554 3328.17 3328.786 3329.401 3330.321 3331.534 3332.748 3333.961 3335.175 3336.156 3337.131 3338.106 3339.081 3339.717 3339.911 3340.105 3340.3 3340.495 3340.604 3340.703 3340.802 3340.902 3340.983 3341.033 3341.083 3341.132 3341.182 3341.279 3341.386 3341.493
3321.0 3321.176 3321.396 3321.617 3321.837 3322.058 3322.278 3322.498 3322.719 3322.939 3323.031 3323.074 3323.118 3323.161 3323.229 3323.407 3323.584 3323.761 3323.938 3324.144 3324.364 3324.585 3324.805 3325.023 3325.222 3325.421 3325.62 3325.818 3325.987 3326.134 3326.281 3326.428 3326.593 3327.155 3327.717 3328.278 3328.84 3329.724 3330.922 3332.119 3333.316 3334.514 3335.568 3336.619 3337.669 3338.72 3339.407 3339.624 3339.84 3340.056 3340.272 3340.364 3340.442 3340.519 3340.597 3340.661 3340.7 3340.739 3340.778 3340.816 3340.952 3341.107 3341.263
3321.0 3321.176 3321.396 3321.617 3321.837 3322.058 3322.278 3322.498 3322.719 3322.939 3323.008 3323.019 3323.03 3323.04 3323.088 3323.298 3323.508 3323.718 3323.927 3324.144 3324.364 3324.585 3324.805 3325.025 3325.24 3325.455 3325.67 3325.885 3326.008 3326.063 3326.118 3326.173 3326.248 3326.755 3327.263 3327.771 3328.279 3329.128 3330.31 3331.491 3332.672 3333.853 3334.98 3336.106 3337.233 3338.359 3339.098 3339.336 3339.574 3339.812 3340.049 3340.124 3340.18 3340.236 3340.292 3340.338 3340.366 3340.395 3340.423 3340.451 3340.625 3340.829 3341.033
3321.0 3321.176 3321.396 3321.617 3321.837 3322.049 3322.237 3322.425 3322.613 3322.801 3322.892 3322.946 3323.0 3323.054 3323.139 3323.36 3323.58 3323.801 3324.021 3324.256 3324.498 3324.74 3324.982 3325.221 3325.442 3325.662 3325.883 3326.103 3326.208 3326.229 3326.25 3326.271 3326.308 3326.716 3327.123 3327.53 3327.937 3328.717 3329.861 3331.004 3332.147 3333.291 3334.498 3335.706 3336.915 3338.124 3338.907 3339.138 3339.369 3339.599 3339.83 3339.884 3339.919 3339.953 3339.988 3340.016 3340.033 3340.051 3340.068 3340.085 3340.271 3340.491 3340.711
3321.0 3321.176 3321.396 3321.617 3321.837 3322.036 3322.176 3322.315 3322.455 3322.594 3322.73 3322.865 3323.0 3323.135 3323.287 3323.507 3323.727 3323.948 3324.168 3324.424 3324.698 3324.973 3325.247 3325.515 3325.736 3325.956 3326.177 3326.397 3326.499 3326.514 3326.53 3326.545 3326.573 3326.855 3327.138 3327.421 3327.704 3328.399 3329.493 3330.588 3331.683 3332.778 3334.067 3335.362 3336.657 3337.953 3338.776 3338.985 3339.194 3339.402 3339.611 3339.644 3339.657 3339.67 3339.683 3339.694 3339.7 3339.707 3339.713 3339.72 3339.903 3340.124 3340.344
3321.0 3321.176 3321.396 3321.617 3321.837 3322.024 3322.115 3322.205 3322.296 3322.387 3322.569 3322.785 3323.001 3323.217 3323.434 3323.654 3323.874 3324.095 3324.315 3324.592 3324.899 3325.206 3325.512 3325.809 3326.03 3326.25 3326.471 3326.691 3326.79 3326.8 3326.81 3326.82 3326.836 3326.995 3327.154 3327.313 3327.471 3328.08 3329.126 3330.172 3331.219 3332.265 3333.636 3335.018 3336.4 3337.781 3338.644 3338.831 3339.018 3339.206 3339.393 3339.404 3339.396 3339.387 3339.379 3339.372 3339.367 3339.363 3339.359 3339.354 3339.536 3339.756 3339.977
3321.0 3321.176 3321.396 3321.617 3321.837 3322.011 3322.053 3322.095 3322.138 3322.18 3322.407 3322.704 3323.001 3323.298 3323.581 3323.801 3324.021 3324.242 3324.462 3324.76 3325.099 3325.438 3325.778 3326.103 3326.324 3326.544 3326.765 3326.985 3327.08 3327.085 3327.09 3327.094 3327.101 3327.135 3327.169 3327.204 3327.239 3327.761 3328.759 3329.757 3330.754 3331.752 3333.206 3334.674 3336.142 3337.61 3338.512 3338.677 3338.843 3339.009 3339.175 3339.165 3339.134 3339.104 3339.074 3339.049 3339.034 3339.019 3339.004 3338.989 3339.168 3339.389 3339.609
3321.018 3321.191 3321.408 3321.624 3321.84 3322.002 3322.008 3322.014 3322.021 3322.027 3322.295 3322.662 3323.03 3323.397 3323.738 3323.962 3324.187 3324.412 3324.636 3324.954 3325.322 3325.689 3326.056 3326.406 3326.625 3326.843 3327.062 3327.28 3327.373 3327.375 3327.377 3327.379 3327.378 3327.307 3327.235 3327.164 3327.093 3327.538 3328.485 3329.431 3330.378 3331.325 3332.841 3334.373 3335.906 3337.438 3338.368 3338.515 3338.662 3338.809 3338.956 3338.928 3338.881 3338.833 3338.786 3338.747 3338.723 3338.699 3338.676 3338.652 3338.824 3339.039 3339.253
3321.159 3321.313 3321.497 3321.68 3321.864 3322.014 3322.069 3322.124 3322.179 3322.234 3322.515 3322.883 3323.25 3323.618 3323.964 3324.221 3324.479 3324.736 3324.993 3325.322 3325.689 3326.056 3326.424 3326.772 3326.974 3327.176 3327.378 3327.581 3327.676 3327.695 3327.713 3327.731 3327.746 3327.691 3327.636 3327.581 3327.526 3327.946 3328.828 3329.71 3330.592 3331.474 3332.909 3334.36 3335.812 3337.264 3338.148 3338.295 3338.442 3338.589 3338.736 3338.718 3338.681 3338.644 3338.607 3338.577 3338.559 3338.541 3338.522 3338.504 3338.637 3338.803 3338.968
3321.299 3321.434 3321.585 3321.737 3321.888 3322.027 3322.131 3322.234 3322.338 3322.441 3322.736 3323.103 3323.471 3323.838 3324.191 3324.48 3324.77 3325.059 3325.349 3325.689 3326.056 3326.424 3326.791 3327.138 3327.323 3327.51 3327.695 3327.881 3327.979 3328.014 3328.049 3328.083 3328.114 3328.075 3328.036 3327.998 3327.958 3328.354 3329.171 3329.988 3330.805 3331.623 3332.977 3334.348 3335.718 3337.089 3337.927 3338.074 3338.221 3338.368 3338.515 3338.507 3338.481 3338.455 3338.429 3338.408 3338.395 3338.382 3338.369 3338.356 3338.45 3338.567 3338.684
3321.439 3321.555 3321.674 3321.793 3321.912 3322.04 3322.192 3322.344 3322.496 3322.648 3322.956 3323.324 3323.691 3324.059 3324.417 3324.739 3325.061 3325.383 3325.705 3326.056 3326.424 3326.791 3327.159 3327.503 3327.673 3327.843 3328.012 3328.182 3328.283 3328.333 3328.384 3328.435 3328.482 3328.46 3328.437 3328.414 3328.391 3328.762 3329.514 3330.267 3331.019 3331.771 3333.046 3334.335 3335.625 3336.914 3337.707 3337.854 3338.001 3338.148 3338.295 3338.296 3338.281 3338.266 3338.251 3338.238 3338.231 3338.223 3338.216 3338.208 3338.263 3338.331 3338.4
3321.58 3321.676 3321.763 3321.849 3321.936 3322.052 3322.253 3322.454 3322.655 3322.855 3323.177 3323.544 3323.912 3324.279 3324.644 3324.998 3325.353 3325.707 3326.061 3326.424 3326.791 3327.159 3327.526 3327.869 3328.022 3328.176 3328.329 3328.483 3328.586 3328.653 3328.72 3328.787 3328.851 3328.844 3328.837 3328.831 3328.824 3329.17 3329.857 3330.545 3331.233 3331.92 3333.114 3334.323 3335.531 3336.74 3337.487 3337.634 3337.781 3337.927 3338.074 3338.085 3338.081 3338.077 3338.072 3338.069 3338.067 3338.064 3338.062 3338.06 3338.076 3338.096 3338.115
3321.768 3321.844 3321.901 3321.958 3322.016 3322.112 3322.32 3322.528 3322.735 3322.943 3323.266 3323.634 3324.001 3324.369 3324.74 3325.126 3325.513 3325.899 3326.286 3326.66 3327.028 3327.395 3327.762 3328.105 3328.255 3328.405 3328.555 3328.706 3328.811 3328.885 3328.958 3329.031 3329.103 3329.129 3329.154 3329.18 3329.206 3329.549 3330.201 3330.852 3331.504 3332.156 3333.232 3334.321 3335.41 3336.5 3337.187 3337.354 3337.52 3337.686 3337.852 3337.889 3337.912 3337.934 3337.957 3337.973 3337.98 3337.986 3337.992 3337.999 3338.0 3338.0 3338.0
