data/zism_data/00834_01_D.txt
ncols         224
nrows         224
[rows 112 to 139 of 224, columns 126 to 188 of 224]
603.7388 602.8957 602.0526 601.2096 600.3666 600.0 600.0 600.0 600.0 600.0011 600.0773 600.1535 600.2297 600.3059 601.5682 604.2021 606.8359 609.4697 612.1036 619.6464 627.6568 635.6672 643.6774 651.9283 660.6024 669.2766 677.9507 686.6248 692.4915 697.7065 702.9215 708.1364 712.5157 714.5272 716.5387 718.5502 720.5617 722.8726 725.3057 727.7388 730.1719 731.9111 729.9916 728.072 726.1524 724.2328 722.1672 720.0076 717.8481 715.6885 713.8831 717.8312 721.7794 725.7275 729.6757 732.6652 734.7236 736.782 738.8404 740.8988 739.05 737.0236 734.9971
603.0797 602.3853 601.6909 600.9964 600.3019 600.0 600.0 600.0 600.0 600.0006 600.0412 600.0818 600.1224 600.163 601.2629 603.5879 605.9129 608.2379 610.5628 618.0082 625.9413 633.8744 641.8074 650.0822 658.9586 667.835 676.7114 685.5878 691.9248 697.6724 703.42 709.1674 714.1526 716.9778 719.803 722.6281 725.4533 728.6547 732.0098 735.3648 738.7197 741.2727 739.5964 737.9202 736.2439 734.5676 732.482 730.1332 727.7845 725.4358 723.4462 727.293 731.1397 734.9865 738.8333 741.606 743.3354 745.0649 746.7944 748.5239 746.1017 743.4909 740.88
602.4373 601.8878 601.3381 600.7885 600.239 600.0 600.0 600.0 600.0 600.0004 600.0303 600.0602 600.09 600.1199 601.0847 603.1307 605.1767 607.2227 609.2686 616.4841 624.1918 631.8995 639.6072 647.7792 656.7682 665.7573 674.7463 683.7354 690.5683 696.9007 703.233 709.5653 715.2291 718.9985 722.7679 726.5374 730.3068 734.5135 738.8986 743.2838 747.6688 751.1603 749.9401 748.7199 747.4996 746.2794 744.3298 741.9113 739.4929 737.0743 735.0016 738.548 742.0942 745.6406 749.1868 751.5993 752.9103 754.2213 755.5323 756.8433 753.7666 750.4905 747.2143
601.7949 601.3901 600.9854 600.5807 600.176 600.0 600.0 600.0 600.0 600.0003 600.0194 600.0385 600.0577 600.0768 600.9065 602.6735 604.4404 606.2074 607.9744 614.9598 622.4423 629.9246 637.4069 645.476 654.5778 663.6795 672.7812 681.8829 689.2117 696.1289 703.0461 709.9632 716.3056 721.0193 725.733 730.4468 735.1605 740.3724 745.7877 751.203 756.6182 761.0483 760.2842 759.52 758.7558 757.9916 756.178 753.6898 751.2015 748.7133 746.5575 749.8033 753.0492 756.295 759.5408 761.593 762.4855 763.3779 764.2704 765.163 761.4317 757.4902 753.5488
601.1525 600.8926 600.6328 600.3729 600.113 600.0 600.0 600.0 600.0 600.0001 600.0085 600.0169 600.0253 600.0337 600.7283 602.2162 603.7042 605.1923 606.6802 613.4357 620.6927 627.9498 635.2067 643.173 652.3874 661.6017 670.8162 680.0306 687.8552 695.3572 702.8592 710.3611 717.3821 723.04 728.6981 734.356 740.014 746.2312 752.6766 759.1219 765.5672 770.936 770.6279 770.3197 770.0116 769.7034 768.0258 765.4678 762.9099 760.3519 758.1129 761.0583 764.0037 766.9491 769.8945 771.5862 772.0603 772.5343 773.0083 773.4824 769.0966 764.4898 759.8831
600.6187 600.4792 600.3397 600.2001 600.0607 600.0059 600.0164 600.0269 600.0374 600.049 600.1294 600.2099 600.2903 600.3708 601.0526 602.4295 603.8065 605.1833 606.5603 613.0024 619.9268 626.8513 633.7756 641.4995 650.6306 659.7618 668.8929 678.024 686.1713 694.0901 702.009 709.9277 717.4402 723.801 730.1619 736.5227 742.8835 749.9042 757.1943 764.4844 771.7743 777.9598 778.3212 778.6825 779.0438 779.4052 778.0792 775.6683 773.2575 770.8467 768.7253 771.3061 773.8868 776.4677 779.0484 780.3838 780.5093 780.6348 780.7603 780.8859 775.9936 770.8732 765.7527
600.4759 600.3686 600.2613 600.154 600.0466 600.0332 600.092 600.1508 600.2096 600.274 600.7247 601.1754 601.6261 602.0768 603.186 605.0565 606.9271 608.7977 610.6682 616.4968 622.7022 628.9077 635.113 642.0927 650.4351 658.7775 667.1199 675.4623 683.3086 691.0397 698.7708 706.5017 713.8319 720.0264 726.2209 732.4155 738.61 745.7083 753.1754 760.6425 768.1095 774.6731 776.4724 778.2717 780.071 781.8703 781.6719 780.1893 778.7068 777.2242 775.9426 777.9279 779.9131 781.8983 783.8835 784.8763 784.9053 784.9343 784.9632 784.9921 780.1264 775.0382 769.95
600.3331 600.258 600.1829 600.1078 600.0327 600.0605 600.1676 600.2747 600.3817 600.4991 601.3201 602.1409 602.9619 603.7827 605.3193 607.6835 610.0477 612.4118 614.776 619.991 625.4775 630.964 636.4504 642.6859 650.2396 657.7933 665.347 672.9007 680.446 687.9893 695.5326 703.0757 710.2238 716.252 722.2802 728.3084 734.3366 741.5124 749.1566 756.8008 764.4448 771.3865 774.6237 777.8609 781.0981 784.3353 785.2646 784.7102 784.1558 783.6014 783.1597 784.5494 785.9391 787.3287 788.7184 789.3688 789.3011 789.2335 789.1659 789.0982 784.2592 779.2031 774.1471
600.1904 600.1475 600.1045 600.0616 600.0187 600.0878 600.2432 600.3986 600.5539 600.7243 601.9154 603.1065 604.2976 605.4886 607.4527 610.3105 613.1683 616.0261 618.8839 623.4854 628.2529 633.0204 637.7879 643.2791 650.0441 656.8091 663.574 670.3391 677.5833 684.9388 692.2943 699.6497 706.6155 712.4774 718.3393 724.2012 730.0631 737.3164 745.1376 752.9589 760.78 768.0997 772.7749 777.4501 782.1252 786.8004 788.8574 789.2312 789.605 789.9789 790.3771 791.1712 791.9653 792.7593 793.5534 793.8614 793.6972 793.533 793.3687 793.2045 788.392 783.3682 778.3444
600.0476 600.0369 600.0261 600.0154 600.0046 600.1151 600.3187 600.5224 600.7261 600.9494 602.5107 604.072 605.6333 607.1946 609.5861 612.9374 616.2889 619.6403 622.9916 626.9796 631.0282 635.0768 639.1253 643.8723 649.8486 655.8248 661.8011 667.7774 674.7206 681.8884 689.0562 696.2238 703.0074 708.703 714.3986 720.0941 725.7897 733.1205 741.1188 749.1172 757.1154 764.8131 770.9262 777.0392 783.1523 789.2654 792.45 793.752 795.0541 796.3561 797.5942 797.7927 797.9913 798.1898 798.3883 798.3538 798.093 797.8322 797.5714 797.3106 792.5247 787.5331 782.5414
600.0 600.0 600.0 600.0 600.0 600.2637 600.7303 601.1968 601.6634 602.166 605.1169 608.0679 611.0189 613.9698 617.279 621.0024 624.7258 628.4492 632.1726 635.285 638.3391 641.3933 644.4474 648.2448 653.35 658.4553 663.5606 668.6659 674.9559 681.5209 688.0859 694.6508 700.843 705.9787 711.1145 716.2502 721.386 728.3527 736.0667 743.7806 751.4944 759.0598 765.8417 772.6237 779.4056 786.1876 789.8636 791.543 793.2225 794.9019 796.4614 796.0714 795.6815 795.2916 794.9017 794.4939 794.0685 793.6432 793.2178 792.7925 787.6573 782.3079 776.9586
600.0 600.0 600.0 600.0 600.0 600.473 601.3097 602.1465 602.9832 603.8782 608.7285 613.5788 618.4291 623.2792 627.7513 631.7859 635.8204 639.855 643.8896 645.9954 647.9175 649.8396 651.7617 654.5066 658.6998 662.893 667.0862 671.2794 676.74 682.4948 688.2496 694.0044 699.4004 703.7797 708.1589 712.5382 716.9175 723.2991 730.4979 737.6968 744.8956 752.0733 759.1396 766.2059 773.2722 780.3385 784.1879 785.9692 787.7506 789.532 791.1535 790.1788 789.2041 788.2294 787.2546 786.4579 785.834 785.2101 784.5863 783.9625 778.29 772.3881 766.4861
600.0 600.0 600.0 600.0 600.0 600.6822 601.8892 603.0962 604.3032 605.5905 612.3401 619.0898 625.8395 632.5891 638.2239 642.5697 646.9155 651.2613 655.6071 656.7062 657.4962 658.2862 659.0762 660.7687 664.0497 667.3308 670.6119 673.8929 678.5241 683.4688 688.4134 693.358 697.9578 701.5805 705.2033 708.826 712.4488 718.2453 724.9291 731.6129 738.2965 745.0865 752.4373 759.7879 767.1386 774.4893 778.512 780.3953 782.2786 784.1619 785.8455 784.2859 782.7264 781.1669 779.6073 778.4216 777.5992 776.7769 775.9545 775.1321 768.9224 762.4678 756.0132
600.0 600.0 600.0 600.0 600.0 600.8914 602.4686 604.0458 605.623 607.3027 615.9517 624.6007 633.2498 641.8986 648.6962 653.3532 658.0102 662.6672 667.3242 667.4167 667.0746 666.7325 666.3904 667.0306 669.3995 671.7685 674.1375 676.5064 680.3082 684.4427 688.5772 692.7116 696.5153 699.3815 702.2477 705.114 707.9802 713.1917 719.3604 725.5291 731.6976 738.1001 745.7351 753.3702 761.0052 768.6402 772.8362 774.8215 776.8067 778.7919 780.5377 778.3933 776.249 774.1046 771.9602 770.3857 769.3647 768.3439 767.3229 766.3021 759.5552 752.5479 745.5407
600.0 600.0 600.0 600.0 600.0 601.0838 603.0013 604.9189 606.8364 608.8767 619.2589 629.6412 640.0234 650.4055 658.2671 663.2141 668.1611 673.1082 678.0552 677.2506 675.8984 674.5461 673.1938 672.9008 674.4721 676.0434 677.6147 679.186 682.2482 685.6565 689.0648 692.473 695.575 697.8091 700.0433 702.2774 704.5115 709.2072 714.9074 720.6077 726.3079 732.3373 740.1024 747.8676 755.6327 763.3978 767.6008 769.5138 771.4268 773.3398 774.9783 772.1552 769.332 766.5089 763.6857 761.6307 760.3217 759.0127 757.7037 756.3947 749.1823 741.7014 734.2205
600.0 600.0 600.0 600.0 600.0 601.1475 603.1777 605.2079 607.2382 609.3962 620.2452 631.0942 641.9433 652.7921 660.9637 666.0395 671.1153 676.1911 681.2668 680.4 678.9673 677.5345 676.1018 675.7847 677.4311 679.0775 680.7239 682.3704 685.377 688.6995 692.0219 695.3443 698.4655 701.0161 703.5668 706.1175 708.6682 713.3755 718.9631 724.5508 730.1382 735.9062 742.6251 749.344 756.0629 762.7817 765.7229 766.2356 766.7482 767.2609 767.4993 763.2812 759.0631 754.845 750.6269 747.3918 745.1117 742.8316 740.5515 738.2714 731.1399 723.7878 716.4357
600.0 600.0 600.0 600.0 600.0 601.2112 603.3541 605.4969 607.6398 609.9157 621.2315 632.5472 643.863 655.1786 663.6603 668.8648 674.0694 679.2739 684.4785 683.5494 682.0361 680.5229 679.0097 678.6685 680.39 682.1116 683.8331 685.5546 688.5057 691.7424 694.9789 698.2155 701.3558 704.223 707.0903 709.9575 712.8247 717.5438 723.0187 728.4937 733.9685 739.475 745.1476 750.8203 756.493 762.1657 763.8451 762.9575 762.0698 761.1822 760.0206 754.4076 748.7946 743.1815 737.5685 733.1534 729.9022 726.6511 723.3998 720.1487 713.0981 705.8748 698.6514
600.0 600.0 600.0 600.0 600.0 601.2748 603.5304 605.786 608.0416 610.4352 622.2178 634.0004 645.7829 657.5653 666.3569 671.6902 677.0236 682.3569 687.6901 686.6988 685.1051 683.5114 681.9177 681.5524 683.349 685.1457 686.9423 688.739 691.6346 694.7853 697.9361 701.0868 704.2462 707.43 710.6138 713.7976 716.9814 721.7122 727.0745 732.4368 737.799 743.0439 747.6703 752.2968 756.9232 761.5496 761.9672 759.6793 757.3912 755.1033 752.5417 745.5337 738.5256 731.5176 724.5096 718.9146 714.6923 710.4699 706.2476 702.0253 695.0557 687.9611 680.8666
600.0 600.0 600.0 600.0 600.0 601.3386 603.7068 606.075 608.4432 610.9547 623.204 635.4534 647.7027 659.9518 669.0535 674.5156 679.9776 685.4397 690.9017 689.8481 688.1739 686.4998 684.8256 684.4362 686.3079 688.1797 690.0515 691.9232 694.7633 697.8282 700.8931 703.958 707.1365 710.6368 714.1372 717.6376 721.1379 725.8805 731.1301 736.3797 741.6292 746.6127 750.1929 753.7731 757.3533 760.9335 760.0894 756.4011 752.7128 749.0245 745.063 736.6601 728.2571 719.8541 711.4512 704.6763 699.4828 694.2894 689.0959 683.9026 677.0139 670.0482 663.0823
600.0 600.0 600.0 600.0 600.0 601.2428 603.4417 605.6406 607.8394 610.1778 622.0023 633.8268 645.6514 657.4757 666.4753 672.2087 677.9421 683.6755 689.4088 688.848 687.6877 686.5275 685.3672 685.4393 687.6804 689.9214 692.1625 694.4036 697.4282 700.6347 703.8412 707.0477 710.4388 714.3527 718.2667 722.1806 726.0946 731.1096 736.5741 742.0385 747.5029 752.5079 755.0904 757.6729 760.2553 762.8378 760.4998 754.9987 749.4976 743.9965 738.2652 728.7917 719.3182 709.8448 700.3713 692.6132 686.5214 680.4296 674.3378 668.2461 661.8795 655.5004 649.1214
600.0 600.0 600.0 600.0 600.0 601.0245 602.837 604.6496 606.4622 608.4037 619.1177 629.8315 640.5455 651.2592 659.84 665.9543 672.0686 678.1829 684.2972 684.6562 684.467 684.2779 684.0887 684.9959 687.8325 690.6691 693.5057 696.3423 699.7361 703.2592 706.7822 710.3052 714.0576 718.4598 722.862 727.2642 731.6664 737.1545 743.0857 749.017 754.9481 760.1924 761.8145 763.4365 765.0587 766.6807 762.6703 755.0392 747.4081 739.777 731.9916 721.6972 711.4028 701.1084 690.814 682.2241 675.29 668.3558 661.4216 654.4876 648.9825 643.5424 638.1022
600.0 600.0 600.0 600.0 600.0 600.8062 602.2324 603.6586 605.0849 606.6296 616.2329 625.8361 635.4394 645.0425 653.2043 659.6996 666.1949 672.6901 679.1854 680.4642 681.2462 682.0282 682.8102 684.5524 687.9846 691.4168 694.8489 698.2811 702.044 705.8837 709.7233 713.5629 717.6766 722.5671 727.4576 732.348 737.2385 743.1995 749.5976 755.9956 762.3936 767.8771 768.5388 769.2004 769.8621 770.5237 764.841 755.0798 745.3185 735.5573 725.7177 714.6024 703.4871 692.3718 681.2565 671.8347 664.0582 656.2816 648.5051 640.7286 636.085 631.5838 627.0826
600.0 600.0 600.0 600.0 600.0 600.5878 601.6277 602.6677 603.7076 604.8556 613.3482 621.8409 630.3335 638.826 646.569 653.4452 660.3214 667.1976 674.0737 676.2723 678.0255 679.7786 681.5317 684.1089 688.1367 692.1644 696.1921 700.2199 704.3519 708.5081 712.6643 716.8204 721.2955 726.6742 732.0529 737.4316 742.8103 749.2444 756.1092 762.9741 769.8387 775.5616 775.2629 774.9641 774.6653 774.3666 767.0115 755.1203 743.229 731.3377 719.444 707.5078 695.5716 683.6354 671.6992 661.4457 652.8267 644.2078 635.5889 626.9702 623.188 619.6257 616.0635
600.0 600.0 600.0 600.0 600.0 600.3714 601.0286 601.6857 602.3428 603.0975 610.4793 617.8612 625.243 632.6248 639.9434 647.1887 654.4341 661.6796 668.925 672.0375 674.7563 677.4752 680.1941 683.6021 688.2231 692.8442 697.4652 702.0862 706.58 711.0442 715.5084 719.9725 724.7997 730.6553 736.5109 742.3665 748.2221 755.1188 762.4406 769.7622 777.0837 783.0366 781.7714 780.5063 779.2412 777.9761 768.9703 754.9885 741.0067 727.0248 713.116 700.3902 687.6644 674.9386 662.2128 651.1561 641.7211 632.2859 622.8508 613.4159 610.4935 607.8672 605.2409
600.0 600.0 600.0 600.0 600.0 600.2896 600.8018 601.3141 601.8264 602.4219 608.6824 614.9429 621.2034 627.4637 633.9819 640.798 647.6142 654.4304 661.2466 664.8704 668.1902 671.51 674.8298 678.7805 683.8415 688.9025 693.9634 699.0245 703.379 707.5696 711.7601 715.9507 720.4986 726.0591 731.6196 737.1801 742.7405 749.3955 756.4972 763.5989 770.7004 776.2493 773.6107 770.972 768.3333 765.6946 756.5139 743.1277 729.7415 716.3552 703.0852 691.7007 680.3163 668.9319 657.5475 647.6417 639.1724 630.7031 622.2338 613.7646 611.5873 609.6961 607.8049
600.0 600.0 600.0 600.0 600.0 600.2076 600.5751 600.9425 601.3099 601.7465 606.8856 612.0247 617.1638 622.3029 628.0207 634.4076 640.7946 647.1815 653.5684 657.7036 661.6243 665.545 669.4657 673.959 679.4599 684.9609 690.4618 695.9628 700.1782 704.0951 708.012 711.9289 716.1976 721.463 726.7284 731.9938 737.2592 743.6724 750.5541 757.4357 764.3173 769.4624 765.4502 761.438 757.4258 753.4136 744.058 731.2673 718.4766 705.6859 693.0547 683.0116 672.9685 662.9254 652.8823 644.1274 636.6238 629.1203 621.6168 614.1133 612.6811 611.525 610.3688
600.0 600.0 600.0 600.0 600.0 600.1258 600.3483 600.5709 600.7934 601.071 605.0887 609.1064 613.1241 617.1418 622.0592 628.0169 633.9746 639.9323 645.89 650.5365 655.0582 659.5798 664.1014 669.1373 675.0782 681.0192 686.9601 692.901 696.9772 700.6205 704.2637 707.907 711.8965 716.8668 721.837 726.8073 731.7776 737.949 744.6107 751.2724 757.934 762.6752 757.2894 751.9037 746.5179 741.1321 731.6016 719.4065 707.2114 695.0163 683.0239 674.3222 665.6205 656.9188 648.217 640.613 634.0752 627.5374 620.9997 614.462 613.775 613.3538 612.9327
600.0 600.0 600.0 600.0 600.0 600.0439 600.1216 600.1993 600.277 600.3955 603.2919 606.1882 609.0847 611.981 616.098 621.6265 627.1549 632.6834 638.2119 643.3697 648.4923 653.6149 658.7374 664.3158 670.6967 677.0776 683.4584 689.8393 693.7763 697.1459 700.5156 703.8853 707.5955 712.2706 716.9459 721.621 726.2962 732.2259 738.6676 745.1093 751.5509 755.8882 749.129 742.3697 735.6104 728.8511 719.1456 707.5461 695.9466 684.347 672.9935 665.6331 658.2726 650.9122 643.5519 637.0986 631.5266 625.9547 620.3826 614.8107 614.8687 615.1827 615.4966
