data/zism_data/00835_02_D.txt
ncols         224
nrows         224
[rows 112 to 139 of 224, columns 63 to 125 of 224]
523.3837 513.9737 506.4607 500.6111 494.7616 488.9122 483.0626 476.3083 469.5056 462.7026 455.8997 448.1256 438.6622 429.1985 419.7348 410.2711 407.394 406.3634 405.3328 404.3022 405.2431 414.2163 423.1896 432.1625 441.1358 449.4114 457.2468 465.0819 472.9173 480.6349 484.4386 488.242 492.0456 495.8492 498.6246 500.1188 501.6131 503.1074 504.6017 504.4249 503.979 503.5332 503.0873 502.1756 500.05 497.9245 495.799 493.6735 493.4364 494.0342 494.632 495.2299 495.65 494.6254 493.6008 492.5762 491.5515 485.1001 473.749 462.3979 451.0468 439.696 419.0588
506.5009 497.0658 490.2828 485.8253 481.3678 476.9104 472.4529 468.5095 464.5939 460.6783 456.7625 451.1918 442.7416 434.2912 425.8407 417.3903 414.8559 413.9801 413.1043 412.2285 413.5057 423.555 433.6042 443.6531 453.7024 461.9355 469.0226 476.1094 483.1965 490.1836 493.8455 497.5073 501.1693 504.8312 507.9417 510.365 512.7885 515.2119 517.6351 517.3928 516.721 516.0493 515.3776 513.885 510.2537 506.6224 502.9912 499.3599 497.7196 496.9594 496.1993 495.4391 494.5989 493.1078 491.6165 490.1253 488.634 481.9507 470.5797 459.2086 447.8376 436.467 416.659
487.3953 478.5514 473.089 470.5916 468.0943 465.597 463.0997 462.3242 461.6416 460.9589 460.2762 457.0967 449.5732 442.0496 434.5259 427.0022 424.7415 423.9563 423.171 422.3858 423.9446 435.0537 446.1629 457.2717 468.3809 476.5864 482.9597 489.3329 495.7063 501.9932 505.4048 508.8163 512.228 515.6396 518.9622 522.1738 525.3854 528.5971 531.8087 531.5747 530.7858 529.9969 529.2081 527.1862 521.9515 516.717 511.4826 506.248 502.9047 500.3976 497.8906 495.3835 492.889 490.4977 488.1064 485.7151 483.3237 476.0958 464.5011 452.9063 441.3116 429.7173 411.1801
468.289 460.0363 455.8946 455.3575 454.8204 454.2833 453.7461 456.1388 458.6891 461.2395 463.7899 463.0018 456.4051 449.8082 443.2114 436.6145 434.6274 433.9328 433.2381 432.5434 434.3838 446.5529 458.722 470.8907 483.0598 491.2378 496.8974 502.5569 508.2166 513.8033 516.9645 520.1257 523.287 526.4483 529.983 533.9829 537.9829 541.9829 545.9828 545.7572 544.8511 543.9451 543.0391 540.4877 533.6498 526.8119 519.9742 513.1363 508.09 503.8359 499.5819 495.3278 491.179 487.8877 484.5962 481.3047 478.0132 470.2407 458.4222 446.6038 434.7854 422.9673 405.701
449.1834 441.5219 438.7008 440.1238 441.5469 442.9699 444.3929 449.9535 455.7367 461.5201 467.3035 468.9066 463.2367 457.5666 451.8965 446.2264 444.513 443.9089 443.3048 442.7007 444.8227 458.0517 471.2807 484.5092 497.7383 505.8887 510.8346 515.7805 520.7264 525.6129 528.5239 531.4348 534.3457 537.2567 541.0035 545.7916 550.5799 555.3682 560.1563 559.9391 558.916 557.8928 556.8696 553.7888 545.3477 536.9064 528.4655 520.0243 513.2751 507.274 501.2732 495.2721 489.4691 485.2776 481.0861 476.8945 472.7029 464.3857 452.3436 440.3015 428.2593 416.2176 400.2221
430.6373 423.7823 422.3455 425.6592 428.973 432.2867 435.6004 444.0189 452.712 461.4054 470.0987 473.9367 469.3267 464.7165 460.1063 455.4962 454.2122 453.8608 453.5093 453.1579 455.6546 469.756 483.8574 497.9583 512.0596 520.1468 524.4393 528.7316 533.024 537.2653 539.8055 542.3456 544.8858 547.426 551.1748 556.4293 561.684 566.9387 572.1932 571.8441 570.5926 569.341 568.0895 564.4451 554.5661 544.6872 534.8086 524.9297 516.6448 509.0646 501.4846 493.9044 486.6005 481.5437 476.4868 471.4298 466.3728 457.6048 445.486 433.3672 421.2484 409.1301 394.2657
414.1049 408.8318 409.0084 413.9629 418.9174 423.8717 428.8262 438.9865 449.4267 459.8672 470.3078 475.8171 472.7465 469.6757 466.6049 463.5342 463.2405 463.7254 464.2104 464.6953 467.9024 482.2008 496.4993 510.7972 525.0957 532.9913 536.8469 540.7025 544.5581 548.3519 550.0876 551.8234 553.5592 555.295 558.2893 562.8514 567.4136 571.9758 576.5379 575.5514 573.6713 571.7912 569.9112 565.579 554.8584 544.1378 533.4176 522.697 513.4781 504.9231 496.3684 487.8134 479.5604 473.7632 467.9658 462.1684 456.3709 447.4896 435.8236 424.1576 412.4916 400.826 386.59
397.573 393.8819 395.6717 402.2669 408.8621 415.4571 422.0523 433.9542 446.1415 458.3292 470.5168 477.6974 476.1661 474.6347 473.1033 471.5719 472.2685 473.5898 474.911 476.2323 480.1497 494.6453 509.1408 523.6358 538.1313 545.8353 549.2542 552.6729 556.0918 559.438 560.3694 561.3008 562.2323 563.1638 565.4036 569.2732 573.143 577.0128 580.8824 579.2585 576.7499 574.2413 571.7328 566.713 555.1507 543.5884 532.0266 520.4643 510.3115 500.7817 491.2523 481.7226 472.5204 465.9829 459.4451 452.9073 446.3695 437.3748 426.1616 414.9483 403.7351 392.5223 378.9145
381.0406 378.9315 382.3346 390.5705 398.8065 407.0421 415.2781 428.9218 442.8562 456.791 470.7259 479.5779 479.5859 479.5939 479.602 479.61 481.2968 483.4544 485.6121 487.7697 492.3975 507.0901 521.7827 536.4748 551.1674 558.6799 561.6619 564.6438 567.6259 570.5245 570.6516 570.7787 570.9057 571.0328 572.5181 575.6953 578.8726 582.0499 585.2271 582.9658 579.8286 576.6915 573.5544 567.847 555.443 543.0391 530.6355 518.2316 507.1447 496.6402 486.136 475.6315 465.4803 458.2023 450.9241 443.6459 436.3676 427.2596 416.4992 405.7387 394.9783 384.2182 371.2388
364.5088 363.9816 368.9979 378.8746 388.7512 398.6275 408.5042 423.8895 439.571 455.253 470.935 481.4582 483.0056 484.5529 486.1003 487.6477 490.3248 493.3188 496.3127 499.3067 504.6448 519.5345 534.4242 549.3134 564.2031 571.5239 574.0692 576.6143 579.1595 581.6107 580.9334 580.2561 579.5789 578.9016 579.6323 582.1171 584.602 587.0869 589.5717 586.6729 582.9072 579.1415 575.376 568.9809 555.7353 542.4897 529.2445 515.9989 503.9781 492.4988 481.02 469.5407 458.4403 450.422 442.4034 434.3848 426.3661 417.1448 406.8372 396.5295 386.2218 375.9145 363.5634
351.5833 351.9775 357.7706 368.2972 378.8237 389.3499 399.8764 416.3059 433.0526 449.7999 466.5472 478.174 480.8914 483.6088 486.3262 489.0437 493.11 497.5545 501.9991 506.4438 512.9141 527.6386 542.3632 557.0872 571.8118 578.2349 579.42 580.6052 581.7905 582.8939 581.2773 579.6607 578.0441 576.4276 576.0648 577.2642 578.4636 579.6631 580.8625 577.4276 573.2465 569.0653 564.8843 558.1378 544.7075 531.2772 517.8474 504.4171 492.3311 480.8393 469.348 457.8563 446.7384 438.6615 430.5843 422.507 414.4298 405.5269 395.878 386.229 376.5801 366.9315 355.6888
340.4616 341.447 347.5986 358.2796 368.9606 379.6412 390.3222 407.4469 424.918 442.3896 459.8613 472.3077 476.0103 479.7131 483.4159 487.1187 492.7735 498.9758 505.1782 511.3805 519.1938 533.5721 547.9505 562.3283 576.7066 581.8789 581.2426 580.6062 579.9698 579.2755 576.6522 574.0289 571.4056 568.7822 567.1567 566.7742 566.3918 566.0093 565.6269 561.7065 557.2165 552.7264 548.2365 541.3066 528.0202 514.7337 501.4477 488.1613 476.4444 465.4214 454.3987 443.3757 432.7062 424.9115 417.1166 409.3217 401.5267 393.158 384.2708 375.3835 366.4963 357.6093 347.7151
329.3395 330.9161 337.4262 348.2617 359.0971 369.9323 380.7677 398.5876 416.7831 434.9791 453.1751 466.4412 471.1291 475.8173 480.5054 485.1935 492.437 500.3971 508.3573 516.3174 525.4739 539.5059 553.538 567.5696 581.6016 585.5231 583.0651 580.6072 578.1492 575.657 572.0269 568.3969 564.7667 561.1367 558.2482 556.2839 554.3195 552.3551 550.3907 545.9849 541.186 536.387 531.5882 524.475 511.3323 498.1897 485.0475 471.9049 460.5571 450.0028 439.4489 428.8946 418.6734 411.161 403.6484 396.1358 388.6232 380.7887 372.6632 364.5376 356.4121 348.2868 339.7411
318.2179 320.3856 327.2542 338.2441 349.234 360.2236 371.2135 389.7287 408.6484 427.5688 446.4892 460.5748 466.2481 471.9216 477.595 483.2685 492.1005 501.8184 511.5363 521.2542 531.7537 545.4395 559.1253 572.8107 586.4965 589.1671 584.8875 580.6082 576.3286 572.0386 567.4017 562.765 558.1282 553.4913 549.3401 545.7939 542.2476 538.7014 535.1552 530.2639 525.156 520.0481 514.9404 507.6438 494.6451 481.6462 468.6479 455.6491 444.6704 434.5848 424.4996 414.4141 404.6411 397.411 390.1807 382.9504 375.72 368.4198 361.056 353.6921 346.3283 338.9647 331.7674
308.5564 311.1245 318.1604 329.1134 340.0664 351.019 361.9719 380.9306 400.3196 419.7094 439.0991 453.8521 460.5372 467.2225 473.9079 480.5932 490.9246 502.2786 513.6326 524.9866 536.7023 549.8943 563.0864 576.278 589.47 590.8967 584.8999 578.9033 572.9066 566.9208 561.3032 555.6857 550.0681 544.4504 539.1082 534.1092 529.1101 524.111 519.112 513.8165 508.4731 503.1298 497.7867 490.3756 477.5775 464.7793 451.9816 439.1834 428.6011 418.9985 409.3961 399.7935 390.49 383.62 376.7498 369.8795 363.0093 356.2954 349.7223 343.1492 336.576 330.0031 324.1356
310.0304 311.5439 317.2896 326.7458 336.202 345.6578 355.114 372.5961 390.5099 408.4242 426.3385 440.5978 448.4973 456.3971 464.2968 472.1966 483.3472 495.4096 507.4721 519.5345 531.5001 543.0729 554.6457 566.2181 577.7909 578.0262 571.1079 564.1899 557.2717 550.3685 543.9678 537.5673 531.1666 524.7659 518.7806 513.3129 507.8451 502.3773 496.9096 491.8289 486.8105 481.7921 476.7738 469.7734 457.6091 445.4448 433.2809 421.1166 411.1386 402.1272 393.1161 384.1046 375.432 369.5154 363.5985 357.6817 351.7649 346.0352 340.4742 334.9131 329.3521 323.7913 319.1113
311.5044 311.9634 316.4189 324.3783 332.3377 340.2968 348.2562 364.262 380.7004 397.1394 413.5784 427.3441 436.4579 445.572 454.6861 463.8003 475.77 488.5409 501.3118 514.0827 526.2979 536.2516 546.2053 556.1586 566.1122 565.1562 557.3165 549.477 541.6373 533.8167 526.633 519.4495 512.2658 505.0821 498.4537 492.5174 486.5808 480.6443 474.708 469.8421 465.1486 460.455 455.7617 449.1718 437.6414 426.1109 414.5809 403.0504 393.6767 385.2565 376.8365 368.4163 360.3745 355.4113 350.4478 345.4843 340.5209 335.7754 331.2264 326.6774 322.1284 317.5796 314.0871
312.9784 312.3828 315.5481 322.0107 328.4733 334.9357 341.3983 355.9276 370.8907 385.8543 400.8179 414.0898 424.418 434.7466 445.0751 455.4036 468.1926 481.6719 495.1513 508.6306 521.0956 529.4301 537.7646 546.0988 554.4332 552.2857 543.5245 534.7636 526.0024 517.2643 509.2976 501.3311 493.3643 485.3976 478.1261 471.7211 465.3158 458.9106 452.5056 447.8545 443.4859 439.1173 434.7488 428.5696 417.673 406.7764 395.8802 384.9836 376.2142 368.3852 360.5564 352.7274 345.3166 341.3066 337.2966 333.2866 329.2765 325.5153 321.9783 318.4414 314.9045 311.3677 309.0628
314.4524 312.8022 314.6773 319.6432 324.609 329.5747 334.5405 347.5934 361.0812 374.5695 388.0578 400.8361 412.3786 423.9215 435.4644 447.0073 460.6154 474.8032 488.991 503.1788 515.8936 522.6088 529.3242 536.0392 542.7546 539.4157 529.733 520.0507 510.368 500.7126 491.9628 483.2133 474.4635 465.7137 457.7992 450.9255 444.0516 437.1776 430.3039 425.8677 421.824 417.7803 413.7367 407.9681 397.7053 387.4426 377.1802 366.9174 358.7523 351.5145 344.2769 337.0391 330.2591 327.2025 324.1458 321.0892 318.0325 315.2554 312.7306 310.2057 307.6808 305.1561 304.0387
324.507 321.9648 322.5502 325.8777 329.2051 332.5325 335.8599 347.0662 358.6962 370.3267 381.9572 393.5012 404.8943 416.2878 427.6812 439.0747 452.1335 465.6599 479.1861 492.7124 504.6012 509.8207 515.0402 520.2595 525.4791 521.4247 511.519 501.6137 491.708 481.8253 472.708 463.591 454.4737 445.3564 437.233 430.3482 423.4632 416.5782 409.6934 405.4421 401.6149 397.7878 393.9608 388.6897 379.657 370.6244 361.5919 352.5593 345.438 339.1617 332.8856 326.6093 320.7669 318.4531 316.1391 313.8251 311.5111 309.4538 307.6279 305.802 303.9761 302.1503 301.777
341.1614 337.8523 337.1484 338.7286 340.3088 341.889 343.4693 352.5443 362.0225 371.5011 380.9796 390.7197 400.9144 411.1094 421.3044 431.4995 442.9562 454.7673 466.5783 478.3893 488.6249 492.4435 496.2621 500.0806 503.8993 499.4957 489.9043 480.3132 470.7217 461.1427 451.9775 442.8126 433.6473 424.4821 416.484 409.9401 403.396 396.8519 390.308 386.2187 382.5247 378.8307 375.1368 370.4304 363.0863 355.7422 348.3983 341.0542 335.3149 330.285 325.2552 320.2253 315.5564 313.8231 312.0897 310.3563 308.6229 307.0818 305.714 304.3463 302.9785 301.6108 301.6404
357.8165 353.7404 351.7471 351.58 351.413 351.2459 351.0789 358.0226 365.3489 372.6754 380.002 387.9381 396.9343 405.9308 414.9274 423.9239 433.7786 443.8743 453.97 464.0657 472.648 475.0657 477.4834 479.901 482.3188 477.5659 468.2888 459.0119 449.7347 440.4594 431.2463 422.0334 412.8203 403.6071 395.7342 389.5313 383.3281 377.1249 370.9219 366.9946 363.4338 359.873 356.3123 352.1705 346.515 340.8596 335.2043 329.5488 325.1914 321.408 317.6246 313.8411 310.3457 309.1929 308.0402 306.8874 305.7346 304.7097 303.8 302.8904 301.9808 301.0713 301.5038
374.4709 369.6278 366.3452 364.431 362.5167 360.6025 358.6882 363.5007 368.6751 373.8498 379.0245 385.1566 392.9544 400.7525 408.5506 416.3486 424.6013 432.9818 441.3622 449.7426 456.6717 457.6885 458.7054 459.7221 460.739 455.6369 446.674 437.7114 428.7485 419.7769 410.5158 401.255 391.9939 382.7328 374.9852 369.1231 363.2608 357.3986 351.5365 347.7712 344.3435 340.9159 337.4884 333.9112 329.9443 325.9774 322.0107 318.0438 315.0684 312.5312 309.9942 307.4571 305.1351 304.563 303.9908 303.4186 302.8464 302.3376 301.8862 301.4347 300.9832 300.5317 301.3672
391.1215 385.5285 380.9737 377.3291 373.6846 370.0402 366.3957 369.0781 372.1011 375.1243 378.1474 382.4715 389.0588 395.6464 402.234 408.8216 415.4599 422.1127 428.7654 435.4182 440.6851 440.3065 439.928 439.5495 439.1709 433.7248 425.0813 416.4382 407.7947 399.1323 389.843 380.554 371.2646 361.9753 354.3687 348.8589 343.3488 337.8387 332.3288 328.7344 325.4485 322.1626 318.8768 315.8656 313.5702 311.2747 308.9794 306.684 305.0756 303.771 302.4664 301.1618 300.0 300.0 300.0 300.0 300.0 300.0004 300.0011 300.0017 300.0024 300.0031 301.2495
407.5053 402.3279 397.6606 393.4407 389.2209 385.0013 380.7815 381.4179 382.3158 383.2137 384.1116 386.3455 390.9036 395.4618 400.0201 404.5784 408.7629 412.8429 416.9229 421.0029 424.0026 422.6014 421.2002 419.7991 418.3979 412.9677 404.9953 397.0232 389.0508 381.0783 373.0993 365.1207 357.1417 349.1628 342.7812 338.3898 333.9982 329.6066 325.2152 322.3999 319.8383 317.2768 314.7154 312.368 310.5786 308.7892 306.9999 305.2105 303.9567 302.9397 301.9227 300.9057 300.0 300.0 300.0 300.0 300.0 300.0256 300.0742 300.1228 300.1715 300.2201 302.4171
423.8887 419.1266 414.3469 409.5518 404.7567 399.9618 395.1667 393.7572 392.5301 391.3029 390.0757 390.2194 392.7483 395.2773 397.8063 400.3353 402.0662 403.5735 405.0808 406.5881 407.3207 404.8969 402.4731 400.0493 397.6255 392.2112 384.9099 377.6089 370.3076 363.0249 356.3563 349.6879 343.0193 336.3507 331.194 327.921 324.6479 321.3749 318.1019 316.0656 314.2284 312.3912 310.5541 308.8705 307.5872 306.3038 305.0204 303.7371 302.8378 302.1084 301.379 300.6496 300.0 300.0 300.0 300.0 300.0 300.0508 300.1473 300.2439 300.3405 300.4371 303.5848
440.2726 435.9259 431.0338 425.6634 420.2931 414.9229 409.5526 406.097 402.7447 399.3923 396.0399 394.0934 394.593 395.0927 395.5923 396.092 395.3693 394.3038 393.2383 392.1728 390.6382 387.1917 383.7453 380.299 376.8525 371.454 364.8239 358.194 351.5638 344.9708 339.6126 334.2546 328.8963 323.5381 319.6064 317.4519 315.2974 313.1428 310.9883 309.731 308.6183 307.5055 306.3927 305.373 304.5956 303.8183 303.0409 302.2636 301.7189 301.2771 300.8353 300.3934 300.0 300.0 300.0 300.0 300.0 300.076 300.2205 300.365 300.5096 300.6541 304.7525
456.6559 452.7247 447.7201 441.7745 435.8289 429.8835 423.9379 418.4364 412.959 407.4814 402.0039 397.9672 396.4377 394.9081 393.3785 391.8489 388.6726 385.0344 381.3962 377.758 373.9562 369.4872 365.0181 360.5492 356.0802 350.6975 344.7385 338.7797 332.8206 326.9174 322.8695 318.8218 314.7739 310.726 308.0192 306.9832 305.9471 304.911 303.875 303.3968 303.0083 302.6199 302.2315 301.8755 301.6042 301.3328 301.0615 300.7901 300.6 300.4458 300.2916 300.1373 300.0 300.0 300.0 300.0 300.0 300.1011 300.2936 300.4861 300.6786 300.871 305.9201
