data/zism_data/00844_03_D.txt
ncols         224
nrows         224
[rows 112 to 139 of 224, columns 0 to 62 of 224]
660.3763 660.2239 660.0716 659.9193 662.9401 666.0076 669.0751 672.1425 675.1262 678.0009 680.8757 683.7504 686.6252 687.9551 689.0823 690.2097 691.3369 692.5519 693.9421 695.3325 696.7227 698.113 701.3097 705.0082 708.7067 712.4052 716.768 723.3319 729.8958 736.4598 743.0236 749.789 756.6487 763.5084 770.3681 777.0974 782.9573 788.8173 794.6772 800.5371 807.9257 816.4227 824.9196 833.4166 841.8879 849.5056 857.1233 864.741 872.3586 878.3999 882.7216 887.0434 891.3651 895.6868 896.8153 897.6943 898.5732 899.4522 899.7375 899.0408 898.3442 897.6475 896.9509
664.4559 664.015 663.5741 663.1332 665.9813 668.8779 671.7744 674.6708 677.4789 680.1719 682.865 685.5581 688.2511 689.2671 690.063 690.8591 691.655 692.5815 693.7687 694.9559 696.1431 697.3304 700.1985 703.5337 706.8688 710.2039 714.3646 721.2598 728.155 735.0502 741.9453 748.9619 756.0353 763.1088 770.1823 777.0974 782.9573 788.8173 794.6772 800.5371 807.9257 816.4227 824.9196 833.4166 841.8879 849.5056 857.1233 864.741 872.3586 878.3999 882.7216 887.0434 891.3651 895.6868 896.8153 897.6943 898.5732 899.4522 899.7979 899.2615 898.7252 898.1888 897.6525
668.5355 667.806 667.0766 666.3472 669.0226 671.7481 674.4736 677.1991 679.8315 682.3429 684.8543 687.3657 689.8771 690.5791 691.0438 691.5085 691.9731 692.611 693.5952 694.5794 695.5636 696.5477 699.0875 702.0592 705.031 708.0027 711.9611 719.1876 726.4141 733.6406 740.8671 748.1349 755.4221 762.7092 769.9964 777.0974 782.9573 788.8173 794.6772 800.5371 807.9257 816.4227 824.9196 833.4166 841.8879 849.5056 857.1233 864.741 872.3586 878.3999 882.7216 887.0434 891.3651 895.6868 896.8153 897.6943 898.5732 899.4522 899.8583 899.4822 899.1062 898.7302 898.3541
672.2523 671.4557 670.6591 669.8625 672.5587 675.3063 678.0539 680.8015 683.3886 685.7672 688.1459 690.5245 692.9031 693.2103 693.2459 693.2815 693.3171 693.5703 694.2588 694.9472 695.6357 696.3242 698.5555 701.2154 703.8753 706.5352 710.3099 717.7776 725.2453 732.713 740.1807 747.6166 755.0377 762.4588 769.8799 777.0974 782.9573 788.8173 794.6772 800.5371 807.9257 816.4227 824.9196 833.4166 841.8879 849.5056 857.1233 864.741 872.3586 878.3999 882.7216 887.0434 891.3651 895.6868 896.8153 897.6943 898.5732 899.4522 899.8964 899.6215 899.3465 899.0715 898.7966
675.5789 674.9532 674.3276 673.702 676.6271 679.6045 682.5818 685.5591 688.2413 690.5399 692.8383 695.1368 697.4352 697.2608 696.7621 696.2633 695.7645 695.5297 695.8228 696.1158 696.4089 696.702 698.6466 701.05 703.4534 705.8568 709.468 717.08 724.6919 732.3039 739.9158 747.4305 754.8997 762.3689 769.8381 777.0974 782.9573 788.8173 794.6772 800.5371 807.9257 816.4227 824.9196 833.4166 841.8879 849.5056 857.1233 864.741 872.3586 878.3999 882.7216 887.0434 891.3651 895.6868 896.8153 897.6943 898.5732 899.4522 899.9105 899.6729 899.4354 899.1978 898.9603
678.9055 678.4509 677.9963 677.5416 680.6957 683.9028 687.1099 690.317 693.0942 695.3125 697.5309 699.7492 701.9675 701.3114 700.2783 699.2451 698.212 697.4891 697.3868 697.2844 697.1821 697.0797 698.7377 700.8846 703.0315 705.1784 708.626 716.3823 724.1385 731.8948 739.651 747.2444 754.7617 762.279 769.7963 777.0974 782.9573 788.8173 794.6772 800.5371 807.9257 816.4227 824.9196 833.4166 841.8879 849.5056 857.1233 864.741 872.3586 878.3999 882.7216 887.0434 891.3651 895.6868 896.8153 897.6943 898.5732 899.4522 899.9246 899.7244 899.5243 899.3241 899.124
682.2321 681.9484 681.6648 681.3812 684.7641 688.201 691.6379 695.0747 697.947 700.0851 702.2233 704.3615 706.4997 705.3619 703.7944 702.2269 700.6594 699.4485 698.9507 698.453 697.9553 697.4575 698.8287 700.7192 702.6096 704.5 707.7841 715.6846 723.5851 731.4857 739.3862 747.0583 754.6237 762.1891 769.7545 777.0974 782.9573 788.8173 794.6772 800.5371 807.9257 816.4227 824.9196 833.4166 841.8879 849.5056 857.1233 864.741 872.3586 878.3999 882.7216 887.0434 891.3651 895.6868 896.8153 897.6943 898.5732 899.4522 899.9387 899.7759 899.6132 899.4504 899.2877
685.5586 685.446 685.3334 685.2207 688.8326 692.4992 696.1658 699.8325 702.7997 704.8577 706.9158 708.9738 711.0319 709.4124 707.3105 705.2087 703.1069 701.4079 700.5148 699.6216 698.7285 697.8353 698.9199 700.5538 702.1877 703.8217 706.9421 714.9869 723.0317 731.0765 739.1213 746.8723 754.4857 762.0992 769.7126 777.0974 782.9573 788.8173 794.6772 800.5371 807.9257 816.4227 824.9196 833.4166 841.8879 849.5056 857.1233 864.741 872.3586 878.3999 882.7216 887.0434 891.3651 895.6868 896.8153 897.6943 898.5732 899.4522 899.9528 899.8274 899.7021 899.5767 899.4514
689.9095 690.158 690.4065 690.655 694.4072 698.211 702.0148 705.8185 708.8623 710.9182 712.9741 715.03 717.0859 715.4247 713.2761 711.1274 708.9788 707.0616 705.6073 704.153 702.6987 701.2443 701.7887 702.8882 703.9877 705.0873 707.7561 715.6234 723.4907 731.358 739.2253 746.9126 754.5156 762.1187 769.7217 777.0974 782.9573 788.8173 794.6772 800.5371 807.9257 816.4227 824.9196 833.4166 841.8879 849.5056 857.1233 864.741 872.3586 878.3999 882.7216 887.0434 891.3651 895.6868 896.8153 897.6943 898.5732 899.4522 899.9632 899.8655 899.7678 899.6701 899.5724
694.3586 694.9865 695.6144 696.2423 700.1265 704.0585 707.9905 711.9224 715.0411 717.1023 719.1636 721.2248 723.286 721.6255 719.4768 717.3282 715.1796 713.07 711.0386 709.0071 706.9758 704.9443 704.9241 705.4626 706.0011 706.5396 708.7291 716.388 724.0469 731.7058 739.3647 746.9746 754.5616 762.1486 769.7357 777.0974 782.9573 788.8173 794.6772 800.5371 807.9257 816.4227 824.9196 833.4166 841.8879 849.5056 857.1233 864.741 872.3586 878.3999 882.7216 887.0434 891.3651 895.6868 896.8153 897.6943 898.5732 899.4522 899.9733 899.9023 899.8313 899.7603 899.6893
698.8078 699.8151 700.8224 701.8297 705.8457 709.9059 713.9662 718.0264 721.2198 723.2864 725.353 727.4196 729.4861 727.8262 725.6776 723.5289 721.3803 719.0784 716.4698 713.8613 711.2529 708.6444 708.0596 708.037 708.0144 707.9918 709.7021 717.1526 724.6031 732.0536 739.5041 747.0366 754.6076 762.1786 769.7496 777.0974 782.9573 788.8173 794.6772 800.5371 807.9257 816.4227 824.9196 833.4166 841.8879 849.5056 857.1233 864.741 872.3586 878.3999 882.7216 887.0434 891.3651 895.6868 896.8153 897.6943 898.5732 899.4522 899.9833 899.939 899.8948 899.8505 899.8063
703.2571 704.6437 706.0305 707.4171 711.565 715.7535 719.942 724.1304 727.3987 729.4706 731.5425 733.6145 735.6864 734.0271 731.8784 729.7297 727.5811 725.0868 721.9012 718.7156 715.53 712.3445 711.1951 710.6115 710.0278 709.4441 710.675 717.9172 725.1593 732.4014 739.6435 747.0987 754.6536 762.2086 769.7635 777.0974 782.9573 788.8173 794.6772 800.5371 807.9257 816.4227 824.9196 833.4166 841.8879 849.5056 857.1233 864.741 872.3586 878.3999 882.7216 887.0434 891.3651 895.6868 896.8153 897.6943 898.5732 899.4522 899.9934 899.9758 899.9583 899.9407 899.9232
708.2311 709.9642 711.6973 713.4304 717.632 721.8699 726.1078 730.3457 733.6785 735.8345 737.9907 740.1467 742.3028 740.7424 738.6946 736.6467 734.5989 732.01 728.339 724.668 720.9969 717.326 715.6234 714.4677 713.3119 712.1561 712.8599 719.7231 726.5863 733.4495 740.3127 747.5725 755.0179 762.4634 769.9088 777.1459 782.9949 788.8439 794.6928 800.5417 807.9257 816.4227 824.9196 833.4166 841.8879 849.5056 857.1233 864.741 872.3586 878.3999 882.7216 887.0434 891.3651 895.6868 896.8153 897.6943 898.5732 899.4522 900.0 900.0 900.0 900.0 900.0
714.2104 716.2267 718.243 720.2593 724.3649 728.5013 732.6377 736.774 740.1516 742.5428 744.934 747.3253 749.7164 748.4431 746.6891 744.9352 743.1813 740.685 736.704 732.7231 728.7422 724.7613 722.5272 720.7783 719.0294 717.2805 717.3651 723.5229 729.6808 735.8387 741.9966 748.835 755.9918 763.1487 770.3056 777.2877 783.1046 788.9214 794.7383 800.5552 807.9257 816.4227 824.9196 833.4166 841.8879 849.5056 857.1233 864.741 872.3586 878.3999 882.7216 887.0434 891.3651 895.6868 896.8153 897.6943 898.5732 899.4522 900.0 900.0 900.0 900.0 900.0
720.1896 722.4891 724.7886 727.0881 731.0978 735.1327 739.1675 743.2023 746.6248 749.2511 751.8774 754.5037 757.13 756.1437 754.6837 753.2236 751.7636 749.36 745.0692 740.7783 736.4874 732.1967 729.431 727.0889 724.7469 722.4049 721.8703 727.3229 732.7754 738.2279 743.6804 750.0974 756.9657 763.834 770.7025 777.4294 783.2142 788.9991 794.7839 800.5687 807.9257 816.4227 824.9196 833.4166 841.8879 849.5056 857.1233 864.741 872.3586 878.3999 882.7216 887.0434 891.3651 895.6868 896.8153 897.6943 898.5732 899.4522 900.0 900.0 900.0 900.0 900.0
726.1689 728.7516 731.3343 733.9169 737.8307 741.764 745.6974 749.6307 753.098 755.9594 758.8208 761.6822 764.5436 763.8444 762.6783 761.5121 760.3459 758.035 753.4342 748.8334 744.2327 739.632 736.3347 733.3995 730.4644 727.5292 726.3755 731.1227 735.8699 740.6171 745.3643 751.3598 757.9396 764.5194 771.0992 777.5711 783.3239 789.0767 794.8294 800.5822 807.9257 816.4227 824.9196 833.4166 841.8879 849.5056 857.1233 864.741 872.3586 878.3999 882.7216 887.0434 891.3651 895.6868 896.8153 897.6943 898.5732 899.4522 900.0 900.0 900.0 900.0 900.0
732.1481 735.014 737.8799 740.7458 744.5636 748.3954 752.2272 756.059 759.5711 762.6677 765.7642 768.8607 771.9572 771.5451 770.6729 769.8006 768.9283 766.7099 761.7993 756.8885 751.9779 747.0673 743.2385 739.7102 736.1819 732.6536 730.8807 734.9226 738.9645 743.0063 747.0482 752.6222 758.9135 765.2048 771.496 777.7128 783.4335 789.1542 794.8749 800.5956 807.9257 816.4227 824.9196 833.4166 841.8879 849.5056 857.1233 864.741 872.3586 878.3999 882.7216 887.0434 891.3651 895.6868 896.8153 897.6943 898.5732 899.4522 900.0 900.0 900.0 900.0 900.0
736.4574 739.5114 742.5655 745.6194 749.6007 753.5956 757.5905 761.5853 765.2504 768.487 771.7236 774.9601 778.1967 778.1776 777.7315 777.2855 776.8394 774.89 769.934 764.978 760.022 755.066 751.0641 747.3272 743.5903 739.8534 737.7586 741.1033 744.4481 747.7929 751.1376 756.1577 761.962 767.7663 773.5706 779.3683 785.1232 790.8779 796.6328 802.3875 809.6337 817.9611 826.2885 834.616 842.9207 850.4681 858.0154 865.5629 873.1102 879.0812 883.3327 887.5842 891.8356 896.087 897.1299 897.922 898.7142 899.5063 899.9969 899.9886 899.9803 899.9721 899.9638
740.2782 743.4926 746.7068 749.9212 754.1417 758.377 762.6124 766.8477 770.6975 774.0463 777.3951 780.7438 784.0926 784.4975 784.5163 784.5351 784.554 782.9252 778.0012 773.0773 768.1534 763.2295 759.1592 755.3261 751.493 747.6599 745.3301 747.9803 750.6304 753.2805 755.9305 760.3579 765.6172 770.8765 776.1357 781.4666 787.2748 793.083 798.8912 804.6994 811.841 819.9494 828.0577 836.1661 844.2554 851.712 859.1686 866.6251 874.0817 879.9619 884.1224 888.2831 892.4437 896.6042 897.5364 898.2164 898.8963 899.5763 899.9929 899.9739 899.955 899.936 899.9171
744.099 747.4736 750.8483 754.2229 758.6827 763.1585 767.6343 772.11 776.1446 779.6055 783.0665 786.5275 789.9885 790.8174 791.3011 791.7848 792.2685 790.9603 786.0685 781.1766 776.2847 771.3929 767.2543 763.325 759.3958 755.4664 752.9017 754.8572 756.8126 758.7681 760.7235 764.5581 769.2724 773.9866 778.7009 783.5648 789.4264 795.2881 801.1497 807.0114 814.0484 821.9377 829.8269 837.7162 845.5902 852.9559 860.3217 867.6874 875.0531 880.8424 884.9122 888.9819 893.0518 897.1215 897.943 898.5107 899.0784 899.6462 899.9888 899.9592 899.9296 899.8999 899.8702
747.9198 751.4548 754.9897 758.5246 763.2237 767.9399 772.6562 777.3724 781.5916 785.1649 788.738 792.3112 795.8844 797.1373 798.0859 799.0345 799.9831 798.9955 794.1357 789.2759 784.416 779.5563 775.3494 771.3239 767.2985 763.2729 760.4733 761.7341 762.9949 764.2557 765.5164 768.7584 772.9276 777.0968 781.266 785.6629 791.578 797.4931 803.4082 809.3232 816.2558 823.926 831.5961 839.2663 846.925 854.1998 861.4747 868.7496 876.0245 881.723 885.702 889.6808 893.6598 897.6387 898.3495 898.8051 899.2606 899.7161 899.9848 899.9445 899.9041 899.8638 899.8235
751.5106 755.1338 758.757 762.3801 767.2593 772.157 777.0547 781.9524 786.3416 790.0696 793.7976 797.5256 801.2536 802.9451 804.3694 805.7938 807.2182 806.5906 801.8589 797.1273 792.3956 787.664 783.4311 779.3367 775.2424 771.148 768.1252 768.652 769.1788 769.7057 770.2325 772.8788 776.5172 780.1556 783.794 787.7383 793.7221 799.7059 805.6897 811.6735 818.5484 826.0694 833.5904 841.1114 848.6219 855.783 862.9441 870.1052 877.2663 882.8317 886.6565 890.4812 894.306 898.1307 898.7324 899.0822 899.4321 899.782 899.9767 899.9147 899.8528 899.7908 899.7289
754.2061 757.6368 761.0676 764.4984 769.3275 774.1771 779.0267 783.8763 788.3777 792.4263 796.4749 800.5235 804.5721 806.759 808.7017 810.6444 812.5871 812.4725 808.2431 804.0137 799.7843 795.5549 791.4605 787.4036 783.3466 779.2897 776.09 775.7297 775.3695 775.0093 774.6491 776.6886 779.8514 783.0143 786.1772 789.7247 795.8367 801.9488 808.0609 814.1729 821.1729 828.8168 836.4607 844.1046 851.7285 858.6866 865.6447 872.6027 879.5608 884.8286 888.2526 891.6766 895.1005 898.5245 899.0228 899.2925 899.5622 899.8319 899.9525 899.8264 899.7004 899.5743 899.4483
756.9015 760.14 763.3784 766.6168 771.3957 776.1972 780.9987 785.8002 790.4138 794.783 799.1523 803.5215 807.8907 810.573 813.034 815.4951 817.9561 818.3544 814.6273 810.9002 807.1731 803.446 799.4901 795.4705 791.451 787.4315 784.0548 782.8076 781.5603 780.313 779.0658 780.4985 783.1859 785.8731 788.5604 791.7111 797.9514 804.1917 810.432 816.6722 823.7975 831.5643 839.3311 847.0978 854.8352 861.5902 868.3453 875.1003 881.8553 886.8254 889.8487 892.8719 895.8951 898.9183 899.3132 899.5027 899.6923 899.8819 899.9283 899.7382 899.548 899.3578 899.1677
759.5969 762.643 765.6891 768.7351 773.4638 778.2173 782.9707 787.7241 792.4499 797.1397 801.8296 806.5194 811.2092 814.3869 817.3663 820.3456 823.325 824.2363 821.0115 817.7866 814.5618 811.337 807.5195 803.5374 799.5552 795.5731 792.0195 789.8853 787.7509 785.6166 783.4824 784.3084 786.5201 788.7318 790.9435 793.6974 800.066 806.4346 812.8031 819.1716 826.422 834.3116 842.2014 850.091 857.9419 864.4938 871.0458 877.5978 884.1497 888.8223 891.4448 894.0672 896.6896 899.3121 899.6036 899.713 899.8224 899.9318 899.9042 899.6499 899.3956 899.1413 898.887
762.2924 765.1461 767.9998 770.8535 775.532 780.2373 784.9427 789.6479 794.486 799.4964 804.5069 809.5173 814.5277 818.2008 821.6985 825.1962 828.6939 830.1182 827.3956 824.673 821.9505 819.228 815.549 811.6042 807.6595 803.7148 799.9843 796.963 793.9416 790.9203 787.899 788.1182 789.8544 791.5906 793.3267 795.6838 802.1806 808.6774 815.1742 821.671 829.0464 837.0591 845.0717 853.0842 861.0485 867.3975 873.7463 880.0953 886.4442 890.8192 893.0408 895.2625 897.4842 899.7059 899.894 899.9233 899.9525 899.9818 899.88 899.5616 899.2432 898.9248 898.6064
765.2964 767.9476 770.5988 773.2499 777.9182 782.6161 787.3141 792.0121 796.9986 802.3602 807.7218 813.0834 818.4449 822.494 826.3708 830.2477 834.1246 835.9363 833.6177 831.299 828.9803 826.6616 823.2297 819.4887 815.7477 812.0067 808.2812 804.607 800.9327 797.2585 793.5844 793.26 794.5036 795.7473 796.9909 798.9041 805.2815 811.6588 818.0361 824.4134 831.6998 839.6453 847.5907 855.5361 863.43 869.5962 875.7625 881.9286 888.0949 892.2251 894.1342 896.0434 897.9525 899.8616 900.0 900.0 900.0 900.0 899.8239 899.3565 898.8892 898.4218 897.9545
768.4778 770.9206 773.3634 775.8062 780.4872 785.2012 789.9152 794.6292 799.785 805.5154 811.2457 816.976 822.7062 827.0626 831.2386 835.4148 839.5909 841.7179 839.7465 837.7751 835.8038 833.8324 830.7103 827.2685 823.8267 820.3849 816.769 812.5765 808.384 804.1915 799.999 799.1672 799.9086 800.6499 801.3913 802.8336 808.9491 815.0646 821.1801 827.2955 834.3696 842.1387 849.9079 857.677 865.3947 871.3899 877.3851 883.3804 889.3756 893.2914 894.9387 896.586 898.2333 899.8806 900.0 900.0 900.0 900.0 899.7494 899.0844 898.4193 897.7542 897.0892
