data/zism_data/00849_02_D.txt
ncols         224
nrows         224
[rows 28 to 55 of 224, columns 63 to 125 of 224]
1481.409 1489.695 1496.758 1503.821 1510.885 1517.948 1519.271 1520.423 1521.575 1522.727 1520.835 1515.27 1509.705 1504.141 1498.576 1495.123 1491.817 1488.51 1485.204 1485.027 1489.221 1493.414 1497.608 1501.802 1514.189 1527.493 1540.798 1554.103 1565.514 1573.85 1582.187 1590.524 1598.86 1600.0 1600.0 1600.0 1600.0 1599.006 1596.129 1593.251 1590.374 1587.496 1579.967 1571.466 1562.966 1554.465 1545.538 1535.657 1525.777 1515.897 1506.017 1496.025 1486.003 1475.981 1465.96 1455.595 1444.319 1433.043 1421.766 1410.49 1396.586 1381.83 1367.075
1484.398 1491.346 1496.777 1502.209 1507.64 1513.072 1513.431 1513.64 1513.849 1514.058 1511.704 1506.259 1500.813 1495.368 1489.922 1487.004 1484.262 1481.519 1478.776 1479.369 1484.62 1489.871 1495.122 1500.372 1513.129 1526.727 1540.324 1553.922 1565.514 1573.85 1582.187 1590.524 1598.86 1600.0 1600.0 1600.0 1600.0 1599.006 1596.129 1593.251 1590.374 1587.496 1579.805 1571.109 1562.414 1553.718 1544.585 1534.478 1524.37 1514.262 1504.154 1494.633 1485.268 1475.902 1466.537 1456.878 1446.442 1436.006 1425.57 1415.134 1401.89 1387.736 1373.583
1487.388 1492.997 1496.796 1500.596 1504.396 1508.196 1507.592 1506.857 1506.123 1505.389 1502.573 1497.247 1491.92 1486.594 1481.268 1478.885 1476.706 1474.528 1472.349 1473.711 1480.019 1486.327 1492.635 1498.943 1512.07 1525.96 1539.85 1553.741 1565.514 1573.85 1582.187 1590.524 1598.86 1600.0 1600.0 1600.0 1600.0 1599.006 1596.129 1593.251 1590.374 1587.496 1579.644 1570.753 1561.862 1552.971 1543.633 1533.298 1522.962 1512.626 1502.291 1493.242 1484.532 1475.823 1467.113 1458.161 1448.566 1438.97 1429.374 1419.778 1407.194 1393.643 1380.091
1490.043 1494.357 1496.588 1498.818 1501.049 1503.279 1501.747 1500.103 1498.46 1496.816 1493.558 1488.353 1483.148 1477.943 1472.737 1470.866 1469.226 1467.585 1465.945 1468.049 1475.385 1482.719 1490.054 1497.389 1510.881 1525.063 1539.244 1553.426 1565.39 1573.757 1582.123 1590.49 1598.856 1599.995 1599.99 1599.984 1599.978 1598.974 1596.077 1593.181 1590.284 1587.387 1579.373 1570.29 1561.207 1552.124 1542.585 1532.026 1521.467 1510.909 1500.35 1491.741 1483.645 1475.549 1467.454 1459.168 1450.379 1441.589 1432.799 1424.009 1412.083 1399.141 1386.199
1487.269 1491.0 1492.678 1494.355 1496.033 1497.71 1495.814 1493.813 1491.811 1489.81 1486.425 1481.372 1476.318 1471.265 1466.212 1464.467 1462.951 1461.435 1459.92 1462.321 1470.193 1478.064 1485.936 1493.808 1507.593 1522.04 1536.487 1550.934 1563.26 1572.141 1581.023 1589.904 1598.786 1599.911 1599.808 1599.704 1599.601 1598.419 1595.192 1591.964 1588.737 1585.509 1577.321 1568.097 1558.873 1549.649 1539.967 1529.262 1518.557 1507.852 1497.147 1488.452 1480.285 1472.119 1463.953 1455.685 1447.144 1438.604 1430.063 1421.523 1410.215 1398.01 1385.805
1484.496 1487.643 1488.768 1489.892 1491.017 1492.141 1489.882 1487.523 1485.163 1482.804 1479.292 1474.391 1469.489 1464.588 1459.686 1458.068 1456.677 1455.286 1453.895 1456.593 1465.001 1473.41 1481.818 1490.226 1504.304 1519.017 1533.73 1548.443 1561.129 1570.526 1579.922 1589.319 1598.715 1599.827 1599.626 1599.425 1599.224 1597.864 1594.306 1590.747 1587.189 1583.631 1575.269 1565.904 1556.54 1547.175 1537.35 1526.499 1515.647 1504.796 1493.945 1485.162 1476.926 1468.689 1460.452 1452.201 1443.91 1435.619 1427.328 1419.037 1408.347 1396.879 1385.412
1481.722 1484.286 1484.858 1485.429 1486.001 1486.572 1483.95 1481.233 1478.515 1475.798 1472.16 1467.41 1462.66 1457.91 1453.161 1451.669 1450.402 1449.136 1447.87 1450.864 1459.81 1468.755 1477.7 1486.645 1501.016 1515.994 1530.973 1545.952 1558.998 1568.91 1578.822 1588.733 1598.645 1599.742 1599.444 1599.146 1598.847 1597.309 1593.42 1589.531 1585.642 1581.753 1573.217 1563.712 1554.206 1544.7 1534.733 1523.735 1512.737 1501.74 1490.742 1481.873 1473.566 1465.259 1456.952 1448.717 1440.676 1432.634 1424.593 1416.551 1406.479 1395.749 1385.018
1478.949 1480.929 1480.948 1480.966 1480.985 1481.003 1478.017 1474.942 1471.867 1468.792 1465.027 1460.429 1455.831 1451.233 1446.635 1445.27 1444.128 1442.986 1441.845 1445.136 1454.618 1464.1 1473.582 1483.063 1497.727 1512.971 1528.216 1543.46 1556.868 1567.294 1577.721 1588.148 1598.575 1599.658 1599.262 1598.866 1598.47 1596.754 1592.534 1588.314 1584.095 1579.875 1571.165 1561.519 1551.872 1542.225 1532.115 1520.971 1509.827 1498.683 1487.539 1478.584 1470.206 1461.829 1453.451 1445.234 1437.442 1429.65 1421.857 1414.065 1404.61 1394.618 1384.625
1474.431 1475.97 1475.633 1475.297 1474.96 1474.624 1471.437 1468.165 1464.893 1461.621 1457.791 1453.285 1448.78 1444.274 1439.768 1438.565 1437.591 1436.616 1435.642 1439.247 1449.249 1459.251 1469.252 1479.254 1494.059 1509.402 1524.745 1540.089 1553.797 1564.855 1575.913 1586.971 1598.028 1599.114 1598.62 1598.127 1597.633 1595.679 1590.956 1586.233 1581.51 1576.787 1567.813 1557.952 1548.091 1538.23 1527.997 1516.936 1505.874 1494.813 1483.752 1474.714 1466.209 1457.704 1449.2 1440.874 1433.023 1425.172 1417.32 1409.469 1400.303 1390.711 1381.119
1468.314 1469.541 1469.031 1468.521 1468.011 1467.501 1464.261 1460.941 1457.62 1454.3 1450.459 1445.992 1441.524 1437.057 1432.589 1431.581 1430.813 1430.044 1429.276 1433.212 1443.718 1454.224 1464.729 1475.235 1490.042 1505.331 1520.62 1535.909 1549.866 1561.661 1573.456 1585.251 1597.046 1598.148 1597.557 1596.965 1596.374 1594.128 1588.744 1583.359 1577.975 1572.59 1563.269 1553.126 1542.983 1532.84 1522.503 1511.734 1500.966 1490.197 1479.429 1470.31 1461.626 1452.943 1444.259 1435.71 1427.517 1419.325 1411.132 1402.939 1393.759 1384.259 1374.76
1462.198 1463.112 1462.429 1461.745 1461.062 1460.378 1457.086 1453.717 1450.348 1446.979 1443.129 1438.699 1434.27 1429.84 1425.41 1424.597 1424.035 1423.473 1422.91 1427.176 1438.187 1449.197 1460.207 1471.216 1486.026 1501.26 1516.495 1531.73 1545.934 1558.466 1570.999 1583.531 1596.063 1597.182 1596.493 1595.804 1595.116 1592.577 1586.531 1580.485 1574.439 1568.394 1558.725 1548.3 1537.875 1527.45 1517.009 1506.533 1496.057 1485.582 1475.106 1465.907 1457.044 1448.182 1439.319 1430.547 1422.012 1413.478 1404.944 1396.41 1387.216 1377.808 1368.4
1456.081 1456.683 1455.826 1454.969 1454.112 1453.255 1449.911 1446.493 1443.075 1439.657 1435.798 1431.406 1427.015 1422.623 1418.231 1417.613 1417.257 1416.901 1416.544 1421.141 1432.655 1444.169 1455.684 1467.198 1482.009 1497.189 1512.37 1527.551 1542.002 1555.272 1568.542 1581.811 1595.081 1596.216 1595.429 1594.643 1593.857 1591.026 1584.319 1577.611 1570.904 1564.197 1554.181 1543.474 1532.767 1522.06 1511.515 1501.332 1491.149 1480.966 1470.783 1461.503 1452.462 1443.42 1434.379 1425.383 1416.507 1407.632 1398.756 1389.88 1380.672 1371.356 1362.041
1449.964 1450.255 1449.224 1448.194 1447.163 1446.133 1442.736 1439.27 1435.803 1432.336 1428.467 1424.113 1419.76 1415.406 1411.052 1410.63 1410.479 1410.329 1410.178 1415.105 1427.124 1439.142 1451.161 1463.179 1477.992 1493.118 1508.245 1523.371 1538.071 1552.078 1566.084 1580.091 1594.098 1595.25 1594.366 1593.482 1592.598 1589.475 1582.106 1574.738 1567.369 1560.0 1549.637 1538.648 1527.659 1516.67 1506.021 1496.131 1486.24 1476.35 1466.46 1457.1 1447.879 1438.659 1429.439 1420.219 1411.002 1401.785 1392.568 1383.35 1374.128 1364.905 1355.682
1442.291 1442.082 1440.718 1439.353 1437.989 1436.625 1432.59 1428.476 1424.362 1420.248 1415.779 1410.881 1405.983 1401.085 1396.186 1397.055 1398.324 1399.592 1400.861 1407.021 1420.014 1433.007 1446.0 1458.992 1474.004 1489.241 1504.479 1519.717 1534.414 1548.234 1562.054 1575.874 1589.693 1590.929 1590.172 1589.415 1588.658 1585.448 1577.589 1569.73 1561.871 1554.012 1543.573 1532.597 1521.62 1510.643 1500.038 1490.264 1480.49 1470.716 1460.942 1451.605 1442.381 1433.159 1423.936 1414.713 1405.491 1396.269 1387.047 1377.824 1368.417 1358.949 1349.481
1434.595 1433.883 1432.183 1430.483 1428.783 1427.083 1422.401 1417.631 1412.861 1408.091 1403.013 1397.561 1392.11 1386.659 1381.208 1383.385 1386.09 1388.795 1391.5 1398.907 1412.881 1426.855 1440.829 1454.803 1470.016 1485.367 1500.719 1516.07 1530.761 1544.381 1558.0 1571.619 1585.239 1586.559 1585.932 1585.305 1584.678 1581.386 1573.039 1564.691 1556.344 1547.997 1537.488 1526.528 1515.567 1504.606 1494.048 1484.388 1474.728 1465.068 1455.408 1446.094 1436.871 1427.648 1418.425 1409.202 1399.98 1390.758 1381.536 1372.314 1362.717 1353.0 1343.283
1426.898 1425.685 1423.649 1421.612 1419.576 1417.54 1412.211 1406.786 1401.359 1395.934 1390.246 1384.242 1378.237 1372.233 1366.229 1369.714 1373.855 1377.997 1382.139 1390.792 1405.748 1420.703 1435.658 1450.614 1466.027 1481.493 1496.958 1512.424 1527.109 1540.527 1553.946 1567.365 1580.784 1582.189 1581.692 1581.196 1580.699 1577.323 1568.488 1559.652 1550.818 1541.983 1531.403 1520.458 1509.514 1498.57 1488.058 1478.512 1468.965 1459.419 1449.873 1440.583 1431.359 1422.137 1412.914 1403.691 1394.469 1385.247 1376.025 1366.802 1357.018 1347.051 1337.085
1419.202 1417.487 1415.114 1412.742 1410.37 1407.997 1402.022 1395.94 1389.858 1383.776 1377.479 1370.922 1364.365 1357.808 1351.251 1356.043 1361.621 1367.2 1372.778 1382.678 1398.615 1414.552 1430.488 1446.424 1462.039 1477.619 1493.198 1508.777 1523.456 1536.674 1549.892 1563.111 1576.329 1577.819 1577.453 1577.086 1576.719 1573.26 1563.937 1554.614 1545.291 1535.968 1525.317 1514.389 1503.461 1492.533 1482.068 1472.635 1463.203 1453.771 1444.338 1435.072 1425.849 1416.626 1407.403 1398.18 1388.958 1379.736 1370.514 1361.292 1351.319 1341.103 1330.887
1408.743 1406.876 1404.479 1402.083 1399.686 1397.289 1391.422 1385.451 1379.48 1373.51 1367.205 1360.497 1353.789 1347.081 1340.372 1346.034 1352.552 1359.07 1365.588 1376.301 1392.873 1409.445 1426.017 1442.589 1458.3 1473.915 1489.53 1505.146 1519.598 1532.162 1544.727 1557.291 1569.856 1571.14 1570.638 1570.136 1569.634 1565.988 1556.382 1546.775 1537.169 1527.563 1516.933 1506.089 1495.246 1484.402 1474.057 1464.823 1455.59 1446.357 1437.124 1427.918 1418.719 1409.521 1400.322 1391.121 1381.914 1372.706 1363.498 1354.291 1343.933 1333.202 1322.471
1394.896 1393.31 1391.271 1389.232 1387.193 1385.154 1380.318 1375.399 1370.48 1365.562 1359.987 1353.62 1347.254 1340.887 1334.52 1340.514 1347.362 1354.211 1361.06 1372.054 1388.838 1405.621 1422.404 1439.187 1454.866 1470.421 1485.977 1501.533 1515.487 1526.842 1538.198 1549.553 1560.909 1561.63 1560.667 1559.704 1558.741 1554.782 1545.144 1535.505 1525.866 1516.227 1505.731 1495.055 1484.38 1473.704 1463.569 1454.639 1445.709 1436.78 1427.85 1418.751 1409.606 1400.462 1391.318 1382.165 1372.99 1363.815 1354.64 1345.465 1334.48 1322.909 1311.337
1381.048 1379.742 1378.061 1376.38 1374.699 1373.018 1369.214 1365.347 1361.48 1357.613 1352.768 1346.743 1340.718 1334.693 1328.668 1334.993 1342.172 1349.352 1356.531 1367.806 1384.801 1401.796 1418.791 1435.785 1451.432 1466.928 1482.423 1497.92 1511.376 1521.522 1531.669 1541.815 1551.962 1552.12 1550.696 1549.272 1547.848 1543.577 1533.905 1524.234 1514.562 1504.891 1494.528 1484.021 1473.514 1463.006 1453.081 1444.454 1435.828 1427.202 1418.576 1409.583 1400.493 1391.403 1382.313 1373.208 1364.066 1354.924 1345.781 1336.638 1325.026 1312.615 1300.203
1367.201 1366.176 1364.853 1363.53 1362.206 1360.883 1358.111 1355.296 1352.48 1349.665 1345.55 1339.866 1334.183 1328.5 1322.816 1329.472 1336.983 1344.493 1352.003 1363.559 1380.766 1397.971 1415.177 1432.384 1447.998 1463.434 1478.87 1494.307 1507.265 1516.202 1525.14 1534.077 1543.015 1542.61 1540.725 1538.84 1536.956 1532.371 1522.667 1512.963 1503.259 1493.556 1483.326 1472.987 1462.648 1452.308 1442.593 1434.27 1425.948 1417.625 1409.303 1400.416 1391.38 1382.344 1373.308 1364.252 1355.142 1346.032 1336.922 1327.812 1315.573 1302.322 1289.07
1353.354 1352.609 1351.644 1350.679 1349.713 1348.748 1347.007 1345.244 1343.48 1341.717 1338.331 1332.99 1327.648 1322.306 1316.964 1323.952 1331.793 1339.634 1347.475 1359.312 1376.729 1394.147 1411.564 1428.982 1444.564 1459.94 1475.317 1490.694 1503.154 1510.882 1518.611 1526.34 1534.068 1533.1 1530.754 1528.409 1526.063 1521.166 1511.429 1501.693 1491.956 1482.22 1472.124 1461.953 1451.782 1441.61 1432.105 1424.086 1416.067 1408.048 1400.029 1391.249 1382.267 1373.285 1364.304 1355.296 1346.219 1337.141 1328.063 1318.986 1306.12 1292.028 1277.936
1335.956 1337.217 1338.178 1339.14 1340.102 1341.063 1340.313 1339.512 1338.711 1337.91 1335.798 1332.105 1328.411 1324.718 1321.025 1328.067 1335.853 1343.638 1351.424 1362.459 1378.035 1393.609 1409.184 1424.759 1439.678 1454.525 1469.371 1484.219 1495.986 1502.758 1509.53 1516.302 1523.074 1520.881 1517.268 1513.655 1510.042 1504.359 1494.754 1485.148 1475.542 1465.937 1456.031 1446.062 1436.094 1426.125 1416.944 1409.521 1402.098 1394.674 1387.251 1378.547 1369.506 1360.465 1351.424 1342.28 1332.864 1323.448 1314.031 1304.615 1291.23 1276.56 1261.89
1318.219 1321.651 1324.689 1327.727 1330.765 1333.802 1334.039 1334.192 1334.345 1334.498 1333.711 1331.791 1329.87 1327.95 1326.029 1333.1 1340.794 1348.487 1356.18 1366.312 1379.848 1393.385 1406.921 1420.457 1434.655 1448.927 1463.199 1477.471 1488.528 1494.367 1500.207 1506.046 1511.886 1508.404 1503.447 1498.489 1493.532 1487.02 1477.56 1468.101 1458.642 1449.183 1439.472 1429.71 1419.948 1410.185 1401.339 1394.539 1387.739 1380.939 1374.14 1365.51 1356.398 1347.287 1338.175 1328.878 1319.088 1309.297 1299.507 1289.717 1275.823 1260.6 1245.377
1300.483 1306.085 1311.199 1316.313 1321.427 1326.541 1327.764 1328.871 1329.979 1331.086 1331.625 1331.477 1331.329 1331.182 1331.034 1338.133 1345.735 1353.336 1360.937 1370.164 1381.662 1393.16 1404.658 1416.156 1429.632 1443.329 1457.026 1470.723 1481.069 1485.976 1490.883 1495.79 1500.697 1495.927 1489.625 1483.323 1477.021 1469.679 1460.367 1451.054 1441.741 1432.428 1422.914 1413.357 1403.801 1394.244 1385.733 1379.557 1373.38 1367.204 1361.028 1352.473 1343.29 1334.108 1324.926 1315.475 1305.311 1295.147 1284.982 1274.818 1260.415 1244.639 1228.863
1282.746 1290.519 1297.71 1304.9 1312.09 1319.281 1321.49 1323.551 1325.613 1327.674 1329.538 1331.163 1332.788 1334.413 1336.038 1343.167 1350.675 1358.184 1365.693 1374.016 1383.476 1392.936 1402.395 1411.855 1424.608 1437.731 1450.853 1463.976 1473.61 1477.585 1481.559 1485.534 1489.509 1483.451 1475.804 1468.158 1460.511 1452.34 1443.173 1434.007 1424.84 1415.674 1406.355 1397.005 1387.654 1378.303 1370.128 1364.575 1359.022 1353.469 1347.916 1339.435 1330.182 1320.93 1311.677 1302.073 1291.535 1280.996 1270.458 1259.919 1245.007 1228.678 1212.349
1273.379 1282.775 1291.447 1300.119 1308.792 1317.464 1320.809 1323.996 1327.183 1330.37 1333.423 1336.312 1339.201 1342.091 1344.98 1351.611 1358.501 1365.39 1372.28 1379.476 1387.099 1394.723 1402.346 1409.969 1421.909 1434.332 1446.755 1459.179 1467.981 1470.909 1473.837 1476.765 1479.692 1472.383 1463.454 1454.524 1445.594 1436.567 1427.355 1418.143 1408.93 1399.718 1390.574 1381.444 1372.314 1363.183 1355.193 1349.749 1344.305 1338.86 1333.416 1324.89 1315.55 1306.21 1296.871 1287.188 1276.592 1265.997 1255.4 1244.805 1229.903 1213.608 1197.312
1277.853 1287.966 1297.137 1306.308 1315.479 1324.65 1329.379 1333.975 1338.572 1343.169 1347.183 1350.495 1353.808 1357.12 1360.432 1365.696 1371.095 1376.494 1381.893 1387.593 1393.715 1399.837 1405.958 1412.08 1423.054 1434.572 1446.09 1457.608 1465.379 1467.07 1468.762 1470.454 1472.146 1463.648 1453.536 1443.425 1433.313 1423.387 1413.812 1404.236 1394.661 1385.085 1376.08 1367.194 1358.307 1349.421 1341.37 1335.183 1328.996 1322.809 1316.622 1307.85 1298.397 1288.943 1279.49 1269.852 1259.722 1249.593 1239.463 1229.333 1215.303 1200.011 1184.718
