data/zism_data/00844_04_D.txt
ncols         224
nrows         224
[rows 58 to 86 of 224, columns 0 to 63 of 224]
908.5789 908.1046 907.6302 907.1022 906.5084 905.9146 905.3208 904.727 904.118 903.5073 902.8966 902.2858 901.5941 900.7504 899.9066 899.0629 898.2191 896.8278 895.2969 893.7661 892.2353 890.0162 885.6914 881.3668 877.0421 872.7175 866.915 860.4656 854.0165 847.5672 841.1628 835.0222 828.8817 822.7411 816.6006 810.2174 803.6681 797.1191 790.5698 784.0082 777.1699 770.3318 763.4936 756.6555 749.6497 742.4716 735.2936 728.1152 720.9372 716.6382 712.5167 708.395 704.2734 702.1499 703.1346 704.1194 705.1042 706.089 710.9566 716.5605 722.1646 727.7684 733.2993 738.651
908.1965 907.7863 907.3761 906.905 906.3593 905.8135 905.2678 904.7221 904.2092 903.7001 903.1909 902.6817 902.1547 901.5941 901.0336 900.473 899.9125 899.0598 898.1328 897.2058 896.2788 894.6543 890.896 887.1378 883.3795 879.6213 873.902 867.3244 860.7471 854.1695 847.6229 841.2578 834.893 828.5279 822.163 815.4411 808.475 801.5091 794.543 787.5702 780.4434 773.3168 766.1899 759.0634 751.9112 744.7331 737.5551 730.3767 723.1987 718.5423 714.0413 709.5402 705.0392 702.6263 703.4614 704.2966 705.1318 705.967 710.8287 716.4539 722.0793 727.7046 733.1996 738.3749
907.8828 907.5367 907.1906 906.7742 906.2715 905.7689 905.2662 904.7635 904.3221 903.8876 903.4532 903.0187 902.6079 902.2417 901.8755 901.5092 901.143 900.676 900.1835 899.6909 899.1982 898.0332 894.8112 891.5892 888.3671 885.1452 879.5967 873.0301 866.4637 859.897 853.3171 846.6572 839.9974 833.3375 826.6778 819.6085 812.2591 804.91 797.5606 790.2118 782.8685 775.5255 768.1823 760.8393 753.5781 746.4017 739.2253 732.0487 724.8723 719.9519 715.1705 710.3889 705.6075 702.9673 703.6578 704.3484 705.0391 705.7296 710.5059 716.0569 721.6081 727.1591 732.5557 737.5731
907.7193 907.4373 907.1553 906.7886 906.318 905.8474 905.3768 904.9062 904.4824 904.064 903.6455 903.2271 902.8268 902.4606 902.0943 901.7281 901.3619 900.946 900.5175 900.0891 899.6606 898.6597 895.9079 893.1562 890.4044 887.6526 882.4666 876.2152 869.9641 863.7126 857.3372 850.2285 843.1199 836.0111 828.9026 821.4669 813.8076 806.1486 798.4893 790.8414 783.4394 776.0377 768.6356 761.2338 753.9455 746.7745 739.6035 732.4321 725.2611 720.2806 715.4351 710.5894 705.7438 703.0123 703.5693 704.1263 704.6833 705.2403 709.7572 715.025 720.293 725.5609 730.7222 735.6221
907.5557 907.3378 907.12 906.803 906.3644 905.9259 905.4874 905.0488 904.6428 904.2403 903.8379 903.4355 903.0457 902.6794 902.3132 901.9469 901.5807 901.2159 900.8516 900.4872 900.1229 899.2862 897.0046 894.7232 892.4416 890.1602 885.3364 879.4003 873.4644 867.5283 861.3574 853.7997 846.2424 838.6847 831.1273 823.3254 815.3561 807.3872 799.418 791.4711 784.0103 776.5497 769.0889 761.6284 754.3129 747.1472 739.9815 732.8156 725.6498 720.6093 715.6996 710.7897 705.8801 703.0573 703.4807 703.9041 704.3275 704.7509 709.0085 713.9932 718.9779 723.9625 728.8887 733.671
907.3922 907.2384 907.0847 906.8174 906.4109 906.0044 905.5979 905.1915 904.803 904.4166 904.0303 903.6439 903.2645 902.8983 902.532 902.1658 901.7996 901.4859 901.1857 900.8854 900.5852 899.9127 898.1014 896.2902 894.4788 892.6676 888.2063 882.5854 876.9648 871.3439 865.3775 857.371 849.3648 841.3583 833.3521 825.1839 816.9047 808.6258 800.3466 792.1008 784.5812 777.0619 769.5423 762.0229 754.6803 747.52 740.3596 733.199 726.0386 720.9379 715.9641 710.9902 706.0164 703.1022 703.392 703.6819 703.9717 704.2616 708.2598 712.9612 717.6628 722.3643 727.0552 731.72
907.2286 907.139 907.0494 906.8318 906.4573 906.0829 905.7085 905.3341 904.9633 904.593 904.2226 903.8522 903.4833 903.1171 902.7509 902.3846 902.0184 901.7559 901.5198 901.2836 901.0475 900.5392 899.1982 897.8571 896.5161 895.175 891.0762 885.7706 880.4651 875.1595 869.3976 860.9423 852.4872 844.0319 835.5769 827.0424 818.4532 809.8644 801.2753 792.7305 785.1521 777.574 769.9956 762.4175 755.0477 747.8926 740.7377 733.5824 726.4274 721.2665 716.2286 711.1906 706.1526 703.1472 703.3035 703.4597 703.616 703.7722 707.5111 711.9294 716.3477 720.766 725.2217 729.7689
906.9731 906.9198 906.8665 906.6832 906.3409 905.9985 905.6561 905.3138 904.9607 904.6064 904.252 903.8977 903.5475 903.2052 902.8628 902.5204 902.1781 901.924 901.6923 901.4606 901.2289 900.7643 899.5872 898.4101 897.2329 896.0558 892.049 886.8041 881.5593 876.3143 870.5738 861.9083 853.2432 844.5776 835.9125 827.1983 818.4504 809.7029 800.955 792.2465 784.3986 776.5508 768.7028 760.8551 753.3256 746.1243 738.9229 731.7213 724.5198 719.667 714.9588 710.2505 705.5423 702.7102 702.7965 702.8828 702.9692 703.0555 706.3546 710.2628 714.1712 718.0795 722.1367 726.5583
906.6862 906.6595 906.6329 906.4788 906.1685 905.8582 905.5479 905.2376 904.9022 904.5638 904.2255 903.8873 903.5587 903.2484 902.9381 902.6278 902.3175 902.0571 901.8094 901.5617 901.314 900.8518 899.7334 898.6151 897.4967 896.3784 892.3709 887.0992 881.8277 876.556 870.774 861.9803 853.1869 844.3932 835.5997 826.7701 817.9153 809.0609 800.2061 791.3806 783.1906 775.0009 766.8109 758.6212 750.8867 743.6212 736.3557 729.0899 721.8244 717.4058 713.1625 708.9191 704.6758 702.1078 702.1461 702.1843 702.2225 702.2607 705.058 708.3785 711.6992 715.0197 718.6223 722.9157
906.3992 906.3992 906.3993 906.2744 905.9961 905.7179 905.4396 905.1614 904.8436 904.5214 904.1991 903.8768 903.5698 903.2916 903.0134 902.7351 902.4569 902.1902 901.9265 901.6628 901.399 900.9392 899.8796 898.8201 897.7605 896.7009 892.6927 887.3943 882.0961 876.7977 870.9743 862.0524 853.1307 844.2087 835.287 826.3418 817.3802 808.4188 799.4572 790.5146 781.9826 773.451 764.919 756.3873 748.4478 741.1181 733.7885 726.4586 719.129 715.1445 711.3661 707.5876 703.8092 701.5054 701.4955 701.4857 701.4758 701.4659 703.7615 706.4943 709.2271 711.9598 715.1079 719.2731
906.1122 906.139 906.1658 906.0699 905.8237 905.5776 905.3314 905.0852 904.785 904.4788 904.1726 903.8663 903.581 903.3348 903.0886 902.8425 902.5963 902.3234 902.0436 901.7638 901.4841 901.0267 900.0258 899.0251 898.0242 897.0235 893.0146 887.6895 882.3645 877.0394 871.1746 862.1244 853.0745 844.0242 834.9743 825.9136 816.845 807.7769 798.7083 789.6486 780.7747 771.901 763.0271 754.1534 746.0088 738.615 731.2213 723.8273 716.4335 712.8833 709.5698 706.2562 702.9427 700.903 700.8451 700.7871 700.7291 700.6711 702.465 704.61 706.7551 708.9 711.5935 715.6304
905.8276 905.8801 905.9327 905.8629 905.6432 905.4235 905.2037 904.984 904.701 904.4108 904.1205 903.8303 903.5646 903.3449 903.1252 902.9055 902.6857 902.4053 902.1096 901.8138 901.5179 901.0473 900.0416 899.0359 898.0303 897.0246 892.9325 887.4899 882.0474 876.6047 870.6197 861.4328 852.2462 843.0593 833.8727 824.7075 815.5564 806.4056 797.2546 788.1051 778.9828 769.8608 760.7385 751.6165 743.3525 735.9724 728.5922 721.2117 713.8315 710.7174 707.866 705.0145 702.163 700.3906 700.2967 700.2028 700.1089 700.015 701.342 702.9386 704.5352 706.1318 708.3907 712.2722
905.5542 905.6281 905.7021 905.6441 905.4244 905.2047 904.9849 904.7651 904.4965 904.2224 903.9482 903.674 903.4188 903.199 902.9793 902.7595 902.5398 902.2466 901.9348 901.623 901.3112 900.7534 899.4431 898.1329 896.8226 895.5123 890.9484 884.9608 878.9733 872.9856 866.5089 857.1457 847.7828 838.4196 829.0567 819.8389 810.7199 801.6012 792.4822 783.3718 774.4418 765.5122 756.5823 747.6526 739.6732 732.6723 725.6715 718.6704 711.6696 709.0003 706.5978 704.1951 701.7925 700.3017 700.2292 700.1566 700.0841 700.0115 701.0366 702.2698 703.5031 704.7363 706.6552 710.2535
905.2808 905.3762 905.4714 905.4252 905.2055 904.9858 904.766 904.5463 904.2921 904.0339 903.7758 903.5176 903.2728 903.0531 902.8334 902.6136 902.3939 902.088 901.7601 901.4323 901.1044 900.4595 898.8446 897.2298 895.6149 894.0001 888.9643 882.4316 875.899 869.3663 862.3981 852.8586 843.3193 833.7798 824.2405 814.9702 805.8833 796.7967 787.7098 778.6384 769.9008 761.1635 752.4259 743.6887 735.9937 729.3723 722.7508 716.1291 709.5076 707.2832 705.3295 703.3757 701.4221 700.2128 700.1617 700.1105 700.0593 700.0082 700.7312 701.6011 702.471 703.3409 704.9196 708.2347
905.0074 905.1241 905.2408 905.2064 904.9866 904.7669 904.5472 904.3274 904.0876 903.8455 903.6034 903.3613 903.127 902.9072 902.6875 902.4677 902.248 901.9293 901.5854 901.2415 900.8976 900.1656 898.2461 896.3267 894.4072 892.4878 886.9802 879.9025 872.825 865.7472 858.2874 848.5715 838.856 829.14 819.4245 810.1017 801.0468 791.9922 782.9374 773.905 765.3598 756.8149 748.2697 739.7247 732.3143 726.0722 719.8301 713.5878 707.3457 705.5662 704.0613 702.5564 701.0516 700.1239 700.0941 700.0643 700.0345 700.0048 700.4258 700.9324 701.4389 701.9454 703.1841 706.2159
904.7341 904.8721 905.0103 904.9875 904.7678 904.548 904.3283 904.1086 903.8831 903.657 903.431 903.205 902.9811 902.7614 902.5416 902.3218 902.1021 901.7706 901.4107 901.0508 900.6909 899.8717 897.6476 895.4236 893.1995 890.9755 884.9961 877.3733 869.7508 862.1281 854.1767 844.2844 834.3925 824.5003 814.6084 805.2331 796.2103 787.1879 778.165 769.1717 760.8188 752.4662 744.1134 735.7609 728.6349 722.7722 716.9094 711.0465 705.1838 703.8491 702.7931 701.7371 700.6811 700.035 700.0266 700.0182 700.0098 700.0013 700.1204 700.2636 700.4068 700.55 701.4485 704.1971
904.5103 904.6503 904.7903 904.7701 904.5536 904.3372 904.1206 903.9041 903.6818 903.4588 903.2358 903.0128 902.791 902.5712 902.3515 902.1317 901.912 901.48 900.994 900.508 900.022 898.9801 896.2378 893.4955 890.7532 888.0109 881.5914 873.5629 865.5345 857.506 849.1895 839.1728 829.1563 819.1396 809.1231 799.7221 790.7411 781.7604 772.7794 763.8388 755.7819 747.7253 739.6685 731.6118 724.9203 719.6343 714.3484 709.0624 703.7765 702.7242 701.9326 701.1409 700.3493 699.8674 699.8674 699.8674 699.8674 699.8674 699.9028 699.9449 699.9869 700.0291 700.8337 703.5063
904.3187 904.448 904.5773 904.5537 904.3425 904.1313 903.9202 903.709 903.4825 903.2542 903.0258 902.7974 902.5721 902.3524 902.1326 901.9129 901.6932 901.1036 900.4199 899.7362 899.0525 897.6997 894.3 890.9005 887.5009 884.1014 877.2626 868.9188 860.5752 852.2313 843.6322 833.5246 823.4173 813.3097 803.2025 793.7932 784.8602 775.9276 766.9947 758.116 750.4224 742.7291 735.0356 727.3423 721.1827 716.6021 712.0215 707.4407 702.8601 701.9847 701.3373 700.6899 700.0426 699.6486 699.6486 699.6486 699.6486 699.6486 699.7423 699.8539 699.9654 700.077 700.9479 703.6794
904.1271 904.2457 904.3644 904.3372 904.1314 903.9256 903.7198 903.514 903.2831 903.0494 902.8157 902.5821 902.3533 902.1335 901.9138 901.694 901.4743 900.7272 899.8458 898.9644 898.0829 896.4193 892.3624 888.3055 884.2487 880.1919 872.9337 864.2746 855.6158 846.9567 838.0748 827.8764 817.6783 807.4799 797.2818 787.8642 778.9794 770.0948 761.21 752.3931 745.0629 737.733 730.4028 723.0728 717.445 713.5698 709.6945 705.819 701.9438 701.2452 700.7421 700.239 699.736 699.4297 699.4297 699.4297 699.4297 699.4297 699.5818 699.7629 699.9439 700.1249 701.0623 703.8524
903.9355 904.0435 904.1514 904.1208 903.9203 903.7198 903.5193 903.3189 903.0838 902.8448 902.6057 902.3667 902.1344 901.9147 901.6949 901.4752 901.2554 900.3507 899.2716 898.1926 897.1134 895.1388 890.4246 885.7106 880.9963 876.2823 868.6048 859.6304 850.6564 841.682 832.5174 822.2281 811.9392 801.6499 791.361 781.9351 773.0984 764.262 755.4252 746.67 739.7032 732.7367 725.7698 718.8033 713.7073 710.5374 707.3674 704.1974 701.0274 700.5056 700.1469 699.788 699.4293 699.2109 699.2109 699.2109 699.2109 699.2109 699.4214 699.6719 699.9224 700.1728 701.1765 704.0255
903.7437 903.84 903.9363 903.9018 903.7068 903.5119 903.317 903.1221 902.8827 902.6383 902.3939 902.1495 901.9114 901.6851 901.4587 901.2324 901.006 899.9221 898.62 897.3179 896.0157 893.7109 888.3388 882.9669 877.5948 872.223 864.1346 854.8575 845.5807 836.3035 826.8699 816.5102 806.1509 795.7913 785.432 776.0112 767.2309 758.4509 749.6707 740.9855 734.3871 727.789 721.1906 714.5925 710.0269 707.5541 705.0813 702.6083 700.1355 699.7867 699.5687 699.3507 699.1327 699.0005 699.0016 699.0028 699.004 699.0051 699.2851 699.6179 699.9507 700.2835 701.3666 704.2876
903.5474 903.6063 903.6651 903.6148 903.4305 903.2463 903.0621 902.8778 902.6347 902.385 902.1353 901.8856 901.5808 901.1727 900.7647 900.3566 899.9486 898.1166 895.9221 893.7277 891.5331 888.39 882.3446 876.2994 870.254 864.2089 855.9342 846.6838 837.4337 828.1833 818.8406 808.9512 799.0621 789.1727 779.2836 770.2186 761.7162 753.2142 744.7118 736.3143 730.2182 724.1223 718.0262 711.9304 707.8566 705.8646 703.8727 701.8807 699.8887 699.6132 699.4433 699.2734 699.1035 699.013 699.0463 699.0795 699.1127 699.1459 699.7858 700.5407 701.2957 702.0506 703.5558 706.8989
903.351 903.3724 903.3939 903.3278 903.1542 902.9807 902.8071 902.6335 902.3868 902.1317 901.8766 901.6216 901.2501 900.6604 900.0707 899.481 898.8912 896.3111 893.2242 890.1375 887.0506 883.0691 876.3503 869.6319 862.9132 856.1947 847.7337 838.51 829.2867 820.063 810.8113 801.3921 791.9732 782.554 773.1351 764.4261 756.2016 747.9774 739.7529 731.6431 726.0493 720.4556 714.8618 709.2682 705.6862 704.1752 702.6641 701.153 699.642 699.4396 699.3178 699.196 699.0742 699.0256 699.0908 699.1561 699.2214 699.2867 700.2866 701.4636 702.6406 703.8176 705.745 709.5103
903.1545 903.1387 903.1227 903.0408 902.8779 902.715 902.5522 902.3893 902.1388 901.8784 901.618 901.3576 900.9194 900.148 899.3766 898.6052 897.8339 894.5056 890.5264 886.5473 882.5681 877.7482 870.3561 862.9644 855.5724 848.1806 839.5333 830.3363 821.1396 811.9427 802.782 793.833 784.8843 775.9353 766.9866 758.6335 750.687 742.7406 734.794 726.9718 721.8802 716.7889 711.6974 706.6061 703.5158 702.4857 701.4556 700.4254 699.3953 699.2661 699.1923 699.1186 699.0449 699.0381 699.1354 699.2328 699.3301 699.4275 700.7873 702.3864 703.9856 705.5847 707.9342 712.1216
902.9582 902.9048 902.8516 902.7538 902.6016 902.4495 902.2972 902.1451 901.8909 901.6251 901.3594 901.0936 900.5888 899.6357 898.6826 897.7296 896.7764 892.7001 887.8285 882.9571 878.0855 872.4272 864.3619 856.2969 848.2315 840.1665 831.3328 822.1626 812.9927 803.8224 794.7527 786.2739 777.7955 769.3167 760.8382 752.8411 745.1723 737.5038 729.8351 722.3005 717.7113 713.1223 708.533 703.9439 701.3455 700.7962 700.2469 699.6977 699.1485 699.0925 699.0668 699.0412 699.0156 699.0507 699.1801 699.3094 699.4389 699.5683 701.288 703.3093 705.3306 707.3518 710.1234 714.733
902.7662 902.7005 902.6348 902.5294 902.3754 902.2214 902.0674 901.9135 901.5802 901.2267 900.8733 900.5198 899.7895 898.3527 896.9159 895.4791 894.0423 889.2739 883.6572 878.0407 872.4241 866.1067 857.6451 849.1838 840.7223 832.261 823.3323 814.1988 805.0656 795.932 786.9531 778.8847 770.8165 762.748 754.6799 747.1137 739.8901 732.6668 725.4432 718.3588 714.3292 710.2999 706.2703 702.2409 700.0674 699.8044 699.5413 699.2783 699.0153 699.0 699.0 699.0 699.0 699.113 699.4018 699.6906 699.9794 700.2681 702.6073 705.3352 708.0632 710.7912 714.1451 719.032
902.5795 902.5297 902.48 902.3762 902.2062 902.0362 901.8662 901.6962 901.1981 900.6629 900.1277 899.5926 898.4557 896.1907 893.9257 891.6606 889.3956 883.9992 877.8054 871.6119 865.4182 858.6461 850.1044 841.563 833.0212 824.4798 815.5602 806.4747 797.3896 788.3041 779.416 771.6895 763.9633 756.2368 748.5106 741.4611 734.8734 728.2859 721.6982 715.2492 711.8448 708.4406 705.0363 701.632 699.8072 699.6083 699.4094 699.2104 699.0115 699.0 699.0 699.0 699.0 699.2322 699.8256 700.4189 701.0123 701.6057 704.8602 708.6194 712.3787 716.1379 720.2567 725.2559
902.3927 902.3589 902.3253 902.2231 902.0371 901.8511 901.665 901.4789 900.816 900.0991 899.3823 898.6654 897.122 894.0287 890.9355 887.8422 884.749 878.7245 871.9537 865.183 858.4122 851.1855 842.5637 833.9421 825.3202 816.6986 807.788 798.7507 789.7136 780.6763 771.8787 764.4943 757.11 749.7255 742.3413 735.8083 729.8566 723.905 717.9532 712.1396 709.3605 706.5814 703.8022 701.0231 699.547 699.4122 699.2774 699.1426 699.0078 699.0 699.0 699.0 699.0 699.3514 700.2493 701.1472 702.0452 702.9431 707.1131 711.9036 716.6942 721.4846 726.3682 731.4797
902.2059 902.1882 902.1705 902.07 901.868 901.6659 901.4638 901.2617 900.4338 899.5353 898.6368 897.7382 895.7883 891.8667 887.9453 884.0238 880.1024 873.4499 866.1019 858.7542 851.4063 843.725 835.0229 826.3212 817.6191 808.9174 800.0158 791.0266 782.0377 773.0483 764.3416 757.299 750.2568 743.2142 736.172 730.1556 724.8398 719.5241 714.2083 709.03 706.876 704.7221 702.5681 700.4142 699.2868 699.2161 699.1454 699.0748 699.0041 699.0 699.0 699.0 699.0 699.4706 700.673 701.8755 703.0781 704.2806 709.366 715.1877 721.0096 726.8313 732.4798 737.7034
