data/zism_data/00847_02_D.txt
ncols         224
nrows         224
[rows 168 to 195 of 224, columns 0 to 63 of 224]
1086.899 1090.706 1094.513 1096.93 1097.643 1098.355 1099.068 1099.781 1099.482 1099.069 1098.656 1098.244 1095.654 1088.982 1082.311 1075.639 1068.968 1058.092 1046.146 1034.199 1022.253 1010.402 998.8406 987.2798 975.7185 964.1577 952.837 941.621 930.4054 919.1894 907.9957 896.9312 885.8669 874.8024 863.7382 851.5732 838.6562 825.7396 812.8224 799.9269 787.4952 775.0639 762.6322 750.2009 738.1022 726.3465 714.5909 702.8348 691.0792 680.1135 669.1968 658.2797 647.3629 634.9031 620.0441 605.1851 590.3256 575.4666 562.3199 549.4985 536.6767 523.8553 513.8105 510.5693
1084.679 1089.0 1093.321 1096.105 1097.007 1097.909 1098.81 1099.712 1099.705 1099.594 1099.484 1099.374 1097.384 1091.869 1086.354 1080.839 1075.324 1064.967 1053.377 1041.788 1030.198 1018.563 1006.785 995.0083 983.2309 971.4539 960.0938 948.9156 937.7378 926.5596 915.4265 904.5565 893.6868 882.8168 871.9471 860.1373 847.6851 835.2332 822.7808 810.3383 798.1011 785.8644 773.6272 761.3905 749.2679 737.2637 725.2595 713.2549 701.2506 690.0159 678.829 667.6417 656.4547 643.7902 628.8286 613.8669 598.9047 583.9431 569.8397 555.8996 541.959 528.019 516.9651 512.9836
1081.808 1086.508 1091.209 1094.321 1095.486 1096.652 1097.817 1098.982 1099.133 1099.169 1099.205 1099.241 1097.606 1092.836 1088.067 1083.298 1078.529 1068.747 1057.688 1046.63 1035.572 1024.385 1012.804 1001.224 989.6439 978.0638 966.9399 956.0151 945.0906 934.1658 923.2842 912.655 902.0261 891.3968 880.7679 869.1901 856.9639 844.7382 832.512 820.28 807.9115 795.5435 783.1749 770.8069 758.6204 746.6216 734.6228 722.6236 710.6249 699.2399 687.8931 676.5458 665.199 652.4252 637.4327 622.4402 607.4472 592.4547 577.6541 562.8904 548.1263 533.3627 521.4409 516.4829
1078.215 1083.148 1088.081 1091.476 1092.987 1094.498 1096.01 1097.521 1097.682 1097.691 1097.7 1097.709 1096.158 1091.68 1087.203 1082.726 1078.249 1069.103 1058.768 1048.434 1038.1 1027.62 1016.693 1005.767 994.8408 983.9146 973.3318 962.8987 952.4661 942.0331 931.6143 921.2769 910.9398 900.6023 890.2653 878.7834 866.5194 854.2558 841.9918 829.7023 816.842 803.9821 791.1218 778.262 765.9672 754.2548 742.5425 730.8297 719.1173 707.7133 696.3287 684.9437 673.559 660.7812 645.8373 630.8934 615.949 601.0052 585.7944 570.5336 555.2722 540.0114 527.3779 521.1824
1074.622 1079.787 1084.952 1088.631 1090.488 1092.345 1094.202 1096.059 1096.231 1096.214 1096.195 1096.177 1094.71 1090.524 1086.339 1082.153 1077.968 1069.459 1059.849 1050.239 1040.628 1030.855 1020.582 1010.31 1000.038 989.7654 979.7237 969.7825 959.8416 949.9004 939.9444 929.8987 919.8535 909.8079 899.7626 888.3767 876.0748 863.7734 851.4716 839.1245 825.7724 812.4208 799.0687 785.7171 773.314 761.8881 750.4621 739.0358 727.6098 716.1868 704.7643 693.3414 681.919 669.1371 654.2419 639.3467 624.4509 609.5557 593.9348 578.1768 562.4182 546.6602 533.3149 525.8818
1071.028 1076.426 1081.824 1085.786 1087.989 1090.192 1092.395 1094.598 1094.781 1094.736 1094.691 1094.646 1093.262 1089.368 1085.475 1081.581 1077.688 1069.815 1060.929 1052.043 1043.157 1034.09 1024.472 1014.853 1005.235 995.6165 986.1158 976.6664 967.2173 957.7679 948.2747 938.5209 928.7675 919.0137 909.2603 897.9703 885.6307 873.2914 860.9517 848.5471 834.7032 820.8598 807.0159 793.1725 780.6611 769.5215 758.382 747.2421 736.1026 724.6605 713.2002 701.7395 690.2792 677.4934 662.6468 647.8002 632.9531 618.1066 602.0754 585.8202 569.5645 553.3093 539.2521 530.5815
1067.435 1073.065 1078.696 1082.941 1085.49 1088.039 1090.588 1093.136 1093.33 1093.258 1093.186 1093.114 1091.814 1088.212 1084.611 1081.009 1077.407 1070.171 1062.009 1053.847 1045.685 1037.326 1028.361 1019.396 1010.432 1001.467 992.5078 983.5502 974.5928 965.6352 956.6048 947.1428 937.6812 928.2192 918.7576 907.5636 895.1861 882.809 870.4315 857.9693 843.6337 829.2985 814.9628 800.6276 788.0079 777.1547 766.3016 755.4482 744.5951 733.134 721.6359 710.1373 698.6392 685.8494 671.0515 656.2535 641.455 626.657 610.2157 593.4633 576.7104 559.958 545.1891 535.2809
1063.361 1068.877 1074.393 1078.467 1080.772 1083.077 1085.382 1087.687 1087.474 1086.977 1086.48 1085.983 1084.577 1081.469 1078.36 1075.252 1072.144 1065.75 1058.519 1051.288 1044.057 1036.571 1028.301 1020.032 1011.763 1003.493 995.0588 986.5516 978.0447 969.5375 960.93 951.7288 942.528 933.3268 924.126 913.252 901.2348 889.2181 877.2009 865.0777 850.6122 836.1472 821.6818 807.2168 794.4073 783.3029 772.1984 761.0935 749.9891 738.658 727.3134 715.9683 704.6237 692.0253 677.4776 662.9299 648.3818 633.8342 617.3625 600.5266 583.6902 566.8543 551.7003 540.6684
1059.265 1064.652 1070.038 1073.919 1075.954 1077.989 1080.023 1082.058 1081.42 1080.479 1079.539 1078.599 1077.079 1074.473 1071.868 1069.262 1066.656 1061.113 1054.823 1048.532 1042.242 1035.636 1028.063 1020.491 1012.919 1005.347 997.4367 989.378 981.3196 973.2609 965.0746 956.1328 947.1914 938.2497 929.3082 918.7642 907.1254 895.4869 883.848 872.0817 857.5027 842.9243 828.3453 813.7668 800.764 789.3839 778.0038 766.6234 755.2433 744.049 732.8665 721.6836 710.501 698.1028 683.8146 669.5263 655.2375 640.9493 624.4645 607.5638 590.6625 573.7617 558.2374 546.0869
1055.169 1060.426 1065.683 1069.37 1071.135 1072.9 1074.665 1076.429 1075.365 1073.982 1072.598 1071.215 1069.581 1067.478 1065.375 1063.271 1061.168 1056.477 1051.127 1045.777 1040.427 1034.701 1027.826 1020.951 1014.076 1007.201 999.8145 992.2044 984.5945 976.9844 969.2191 960.5368 951.8548 943.1725 934.4904 924.2765 913.0159 901.7557 890.4951 879.0857 864.3932 849.7014 835.0089 820.317 807.1207 795.465 783.8093 772.1533 760.4976 749.4399 738.4196 727.3988 716.3784 704.1804 690.1515 676.1226 662.0933 648.0645 631.5665 614.6009 597.6348 580.6692 564.7745 551.5054
1051.074 1056.2 1061.328 1064.822 1066.317 1067.811 1069.306 1070.801 1069.311 1067.484 1065.657 1063.831 1062.083 1060.482 1058.882 1057.281 1055.681 1051.841 1047.431 1043.021 1038.611 1033.766 1027.588 1021.41 1015.232 1009.054 1002.192 995.0308 987.8694 980.7078 973.3637 964.9408 956.5182 948.0953 939.6727 929.7888 918.9064 908.0245 897.1422 886.0897 871.2838 856.4784 841.6724 826.867 813.4774 801.5461 789.6148 777.6831 765.7518 754.831 743.9727 733.1141 722.2558 710.2579 696.4885 682.719 668.949 655.1796 638.6685 621.6381 604.6071 587.5766 571.3116 556.9238
1046.386 1051.493 1056.599 1059.97 1061.213 1062.456 1063.699 1064.943 1063.042 1060.786 1058.531 1056.275 1054.356 1053.065 1051.776 1050.485 1049.195 1046.036 1042.4 1038.765 1035.129 1031.01 1025.411 1019.811 1014.212 1008.613 1002.236 995.5179 988.8004 982.0826 975.159 967.0192 958.8798 950.74 942.6005 933.0492 922.5333 912.0178 901.502 890.8132 876.3088 861.8049 847.3005 832.7967 819.4569 807.3164 795.1759 783.035 770.8945 760.0226 749.2292 738.4355 727.6421 715.6516 701.8 687.9484 674.0964 660.2448 643.6282 626.4879 609.347 592.2066 575.6493 560.5223
1040.943 1046.168 1051.393 1054.728 1055.744 1056.76 1057.777 1058.793 1056.5 1053.834 1051.167 1048.501 1046.336 1045.111 1043.886 1042.661 1041.435 1038.737 1035.663 1032.59 1029.516 1025.926 1020.754 1015.581 1010.409 1005.237 999.2939 993.0139 986.7341 980.454 973.9502 966.1238 958.2978 950.4715 942.6454 933.4301 923.2655 913.1013 902.9367 892.6201 878.9479 865.2763 851.6042 837.9326 824.9537 812.6889 800.4241 788.1589 775.8941 764.959 754.1062 743.253 732.4002 720.1705 705.8001 691.4297 677.0589 662.6885 645.8484 628.5405 611.2321 593.9242 577.1743 561.7932
1035.5 1040.844 1046.188 1049.486 1050.275 1051.064 1051.854 1052.643 1049.958 1046.881 1043.804 1040.727 1038.317 1037.156 1035.996 1034.836 1033.675 1031.438 1028.927 1026.415 1023.904 1020.842 1016.096 1011.351 1006.606 1001.86 996.3521 990.5098 984.6678 978.8255 972.7413 965.2285 957.7159 950.203 942.6904 933.811 923.9977 914.1848 904.3715 894.4269 881.5871 868.7477 855.9078 843.0684 830.4505 818.0614 805.6723 793.2828 780.8937 769.8954 758.9832 748.0706 737.1583 724.6893 709.8002 694.911 680.0214 665.1322 648.0685 630.5931 613.1171 595.6417 578.6992 563.0642
1030.057 1035.519 1040.983 1044.244 1044.806 1045.368 1045.931 1046.493 1043.416 1039.928 1036.441 1032.953 1030.297 1029.202 1028.106 1027.011 1025.915 1024.139 1022.19 1020.24 1018.291 1015.758 1011.439 1007.121 1002.802 998.4841 993.4103 988.0058 982.6014 977.197 971.5325 964.3331 957.134 949.9346 942.7354 934.1919 924.7299 915.2682 905.8062 896.2339 884.2263 872.2191 860.2115 848.2043 835.9473 823.4339 810.9205 798.4067 785.8933 774.8318 763.8602 752.8881 741.9163 729.2083 713.8003 698.3923 682.9838 667.5759 650.2887 632.6458 615.0022 597.3593 580.2242 564.3351
1024.613 1030.195 1035.777 1039.002 1039.337 1039.673 1040.008 1040.343 1036.874 1032.976 1029.077 1025.179 1022.278 1021.247 1020.217 1019.186 1018.155 1016.84 1015.453 1014.066 1012.678 1010.674 1006.782 1002.891 998.9993 995.1078 990.4685 985.5017 980.5352 975.5684 970.3237 963.4377 956.552 949.6661 942.7804 934.5728 925.462 916.3516 907.2409 898.0408 886.8654 875.6905 864.5151 853.3402 841.4441 828.8064 816.1687 803.5306 790.8929 779.7682 768.7371 757.7056 746.6744 733.7271 717.8004 701.8736 685.9464 670.0196 652.5089 634.6984 616.8873 599.0768 581.7491 565.6061
1018.397 1024.356 1030.316 1033.779 1034.181 1034.583 1034.985 1035.387 1031.931 1028.04 1024.149 1020.257 1017.269 1015.975 1014.681 1013.387 1012.093 1010.823 1009.56 1008.297 1007.033 1005.203 1001.639 998.075 994.5108 990.9467 986.4761 981.6086 976.7414 971.874 966.769 960.2612 953.7537 947.2458 940.7383 932.9579 924.3079 915.6583 907.0083 898.2645 887.4486 876.6331 865.8173 855.0018 843.3469 830.8288 818.3107 805.7921 793.274 782.1893 771.1933 760.1968 749.2008 736.4282 720.8934 705.3585 689.8231 674.2883 657.1844 639.7837 622.3824 604.9816 587.7472 570.9222
1012.114 1018.473 1024.833 1028.557 1029.051 1029.545 1030.039 1030.533 1027.125 1023.277 1019.429 1015.581 1012.52 1010.934 1009.348 1007.762 1006.176 1004.916 1003.739 1002.562 1001.386 999.6993 996.4539 993.2087 989.9633 986.7181 982.3934 977.5962 972.7992 968.002 963.0127 956.8886 950.7648 944.6406 938.5168 931.1714 922.9916 914.8121 906.6323 898.3521 887.8551 877.3585 866.8615 856.3648 844.9409 832.5633 820.1857 807.8076 795.4301 784.3942 773.4414 762.4882 751.5354 738.9731 723.9084 708.8437 693.7784 678.7137 662.071 645.1296 628.1877 611.2463 594.1298 576.586
1005.831 1012.59 1019.35 1023.335 1023.921 1024.507 1025.093 1025.678 1022.319 1018.514 1014.71 1010.905 1007.77 1005.892 1004.015 1002.137 1000.259 999.0087 997.9183 996.8281 995.7377 994.1951 991.2686 988.3422 985.4157 982.4893 978.3105 973.5836 968.8568 964.1299 959.2563 953.5159 947.7758 942.0354 936.2952 929.3849 921.6754 913.966 906.2564 898.4398 888.2616 878.0838 867.9056 857.7278 846.5349 834.2979 822.0607 809.8232 797.5861 786.5992 775.6896 764.7797 753.8701 741.5181 726.9236 712.329 697.7339 683.1394 666.9578 650.4758 633.9932 617.5112 600.5125 582.25
999.5479 1006.707 1013.867 1018.114 1018.791 1019.469 1020.147 1020.824 1017.513 1013.752 1009.99 1006.229 1003.021 1000.851 998.6813 996.5116 994.3419 993.1016 992.0977 991.0939 990.09 988.691 986.0834 983.4758 980.8682 978.2607 974.2278 969.5711 964.9146 960.2579 955.5 950.1434 944.7869 939.4302 934.0737 927.5985 920.3591 913.1199 905.8804 898.5274 888.6681 878.8091 868.9498 859.0909 848.1289 836.0323 823.9357 811.8387 799.7421 788.8041 777.9377 767.071 756.2047 744.063 729.9386 715.8142 701.6893 687.5649 671.8444 655.8217 639.7985 623.7759 606.895 587.9138
993.7909 1001.167 1008.544 1012.964 1013.762 1014.56 1015.358 1016.156 1012.987 1009.371 1005.755 1002.14 998.9274 996.4724 994.0175 991.5624 989.1074 987.7444 986.6594 985.5744 984.4893 983.0863 980.7104 978.3347 975.9587 973.5829 969.6891 965.131 960.5731 956.015 951.3828 946.3118 941.241 936.1701 931.0994 924.9445 918.0489 911.1536 904.258 897.2479 887.7118 878.176 868.64 859.1042 848.5149 836.8419 825.1688 813.4954 801.8223 791.0726 780.3801 769.6873 758.9948 747.1097 733.3705 719.6314 705.8918 692.1526 676.6271 660.7633 644.899 629.0352 612.163 592.8223
988.8135 996.1356 1003.458 1007.922 1008.882 1009.842 1010.802 1011.762 1008.877 1005.558 1002.24 998.9208 995.8066 993.076 990.3455 987.6147 984.8842 983.2026 981.7878 980.3732 978.9585 977.3323 975.0591 972.786 970.5128 968.2397 964.4749 960.0573 955.6398 951.2222 946.7305 941.8 936.8698 931.9394 927.0091 921.0043 914.2655 907.5269 900.7881 893.9422 884.7358 875.5297 866.3232 857.1171 847.1104 836.2805 825.4504 814.6201 803.79 793.4354 783.1104 772.785 762.46 750.9001 737.4204 723.9407 710.4604 696.9807 681.2557 665.1055 648.9548 632.8046 615.7791 596.6113
983.836 991.1041 998.3726 1002.879 1004.001 1005.123 1006.246 1007.368 1004.767 1001.745 998.7236 995.702 992.6859 989.6796 986.6735 983.6672 980.6609 978.6606 976.9163 975.172 973.4276 971.5783 969.4078 967.2374 965.0668 962.8964 959.2606 954.9835 950.7065 946.4295 942.0782 937.2883 932.4985 927.7086 922.9189 917.0643 910.4821 903.9003 897.3182 890.6365 881.7598 872.8832 864.0065 855.13 845.706 835.7191 825.7321 815.7448 805.7578 795.7982 785.8407 775.8828 765.9253 754.6906 741.4702 728.2499 715.0291 701.8087 685.8843 669.4478 653.0106 636.574 619.3953 600.4004
978.8586 986.0726 993.287 997.8369 999.1212 1000.405 1001.689 1002.974 1000.656 997.9318 995.2076 992.4833 989.5651 986.2832 983.0014 979.7195 976.4377 974.1187 972.0447 969.9708 967.8967 965.8243 963.7565 961.6887 959.6208 957.5531 954.0463 949.9097 945.7733 941.6367 937.426 932.7766 928.1273 923.4779 918.8286 913.1241 906.6988 900.2736 893.8482 887.3309 878.7837 870.2369 861.6898 853.1429 844.3016 835.1577 826.0137 816.8695 807.7256 798.1611 788.571 778.9806 769.3906 758.481 745.5201 732.5591 719.5977 706.6368 690.513 673.79 657.0664 640.3434 623.0114 604.1894
973.8809 981.041 988.2013 992.7943 994.2406 995.6869 997.1332 998.5795 996.5455 994.1184 991.6915 989.2644 986.4442 982.8867 979.3293 975.7718 972.2144 969.5767 967.173 964.7693 962.3657 960.0701 958.105 956.1398 954.1747 952.2096 948.8318 944.8358 940.8398 936.8438 932.7736 928.2646 923.7559 919.247 914.7383 909.1839 902.9153 896.6469 890.3782 884.025 875.8076 867.5904 859.3729 851.1558 842.897 834.5962 826.2953 817.9943 809.6934 800.524 791.3014 782.0785 772.8559 762.2716 749.5701 736.8685 724.1665 711.465 695.1418 678.1323 661.1223 644.1129 626.6276 607.9786
967.4716 974.482 981.4926 986.1685 987.9825 989.7966 991.6107 993.4247 991.622 989.4109 987.1998 984.9887 982.335 978.8509 975.367 971.8829 968.399 965.563 962.8918 960.2208 957.5496 954.9764 952.7026 950.429 948.1552 945.8815 942.6006 938.879 935.1575 931.4359 927.6227 923.2687 918.9148 914.5608 910.2069 904.7375 898.506 892.2747 886.0432 879.7338 871.7025 863.6714 855.6402 847.6092 839.5211 831.3746 823.2282 815.0815 806.9351 797.8775 788.7642 779.6505 770.5372 760.1845 747.905 735.6254 723.3454 711.0659 694.9792 678.1711 661.3625 644.5544 627.2359 608.6689
960.8761 967.7244 974.5729 979.3366 981.5452 983.7537 985.9623 988.1709 986.5927 984.587 982.5813 980.5756 978.097 974.7319 971.3669 968.0018 964.6367 961.6181 958.6875 955.757 952.8264 949.9686 947.3327 944.6969 942.0611 939.4253 936.2372 932.8074 929.3778 925.948 922.4071 918.2098 914.0126 909.8153 905.6182 900.2252 894.0153 887.8057 881.5958 875.3142 867.4505 859.587 851.7233 843.8598 835.8886 827.8071 819.7255 811.6437 803.5621 794.5795 785.5419 776.5039 767.4662 757.333 745.4966 733.6602 721.8233 709.9869 694.1935 677.6502 661.1064 644.5631 627.453 608.9563
954.2806 960.9667 967.6531 972.5048 975.1079 977.7109 980.314 982.9171 981.5635 979.7631 977.9628 976.1624 973.8592 970.613 967.3668 964.1205 960.8745 957.6732 954.4832 951.2933 948.1033 944.9607 941.9628 938.9649 935.967 932.9691 929.8739 926.7359 923.5981 920.4601 917.1914 913.1508 909.1104 905.0698 901.0294 895.7128 889.5246 883.3365 877.1483 870.8947 863.1985 855.5026 847.8064 840.1105 832.2562 824.2395 816.2228 808.2058 800.1891 791.2816 782.3196 773.3572 764.3952 754.4814 743.0882 731.6949 720.3012 708.9079 693.4078 677.1293 660.8503 644.5718 627.6701 609.2437
