data/zism_data/00845_01_D.txt
ncols         224
nrows         224
[rows 196 to 223 of 224, columns 128 to 191 of 224]
1423.862 1423.476 1423.09 1422.726 1422.38 1422.034 1421.687 1421.341 1420.974 1420.608 1420.242 1419.876 1419.482 1419.056 1418.63 1418.204 1417.778 1417.379 1416.983 1416.587 1416.191 1415.784 1415.358 1414.932 1414.506 1414.08 1413.524 1412.938 1412.352 1411.766 1411.238 1410.872 1410.505 1410.139 1409.773 1409.25 1408.665 1408.078 1407.493 1406.918 1406.406 1405.893 1405.38 1404.867 1404.393 1403.944 1403.494 1403.045 1402.599 1402.213 1401.827 1401.441 1401.054 1400.768 1400.578 1400.388 1400.198 1400.008 1399.914 1399.825 1399.735 1399.646 1399.54 1399.409
1424.206 1423.809 1423.412 1423.05 1422.714 1422.379 1422.043 1421.707 1421.341 1420.974 1420.608 1420.242 1419.833 1419.375 1418.917 1418.459 1418.001 1417.584 1417.172 1416.76 1416.348 1415.919 1415.461 1415.003 1414.544 1414.086 1413.524 1412.938 1412.352 1411.766 1411.238 1410.872 1410.505 1410.139 1409.773 1409.25 1408.665 1408.078 1407.493 1406.918 1406.406 1405.893 1405.38 1404.867 1404.39 1403.935 1403.48 1403.025 1402.574 1402.177 1401.78 1401.383 1400.986 1400.703 1400.529 1400.355 1400.181 1400.008 1399.868 1399.73 1399.592 1399.455 1399.339 1399.257
1424.549 1424.142 1423.734 1423.373 1423.048 1422.724 1422.399 1422.073 1421.707 1421.341 1420.974 1420.608 1420.184 1419.694 1419.204 1418.714 1418.223 1417.789 1417.361 1416.933 1416.505 1416.054 1415.563 1415.073 1414.583 1414.092 1413.524 1412.938 1412.352 1411.766 1411.238 1410.872 1410.505 1410.139 1409.773 1409.25 1408.665 1408.078 1407.493 1406.918 1406.406 1405.893 1405.38 1404.867 1404.386 1403.926 1403.466 1403.006 1402.549 1402.141 1401.734 1401.326 1400.918 1400.638 1400.48 1400.322 1400.165 1400.007 1399.822 1399.636 1399.45 1399.263 1399.139 1399.106
1424.833 1424.418 1424.003 1423.643 1423.325 1423.008 1422.691 1422.372 1422.001 1421.63 1421.259 1420.888 1420.451 1419.938 1419.426 1418.913 1418.4 1417.95 1417.505 1417.061 1416.617 1416.148 1415.635 1415.122 1414.609 1414.097 1413.524 1412.938 1412.352 1411.766 1411.238 1410.872 1410.505 1410.139 1409.773 1409.261 1408.69 1408.118 1407.547 1406.985 1406.472 1405.96 1405.447 1404.934 1404.455 1403.998 1403.54 1403.083 1402.628 1402.216 1401.805 1401.393 1400.981 1400.696 1400.535 1400.374 1400.213 1400.052 1399.834 1399.615 1399.395 1399.175 1399.041 1399.031
1424.979 1424.564 1424.149 1423.789 1423.472 1423.155 1422.837 1422.519 1422.131 1421.744 1421.357 1420.97 1420.524 1420.012 1419.499 1418.986 1418.474 1418.008 1417.548 1417.088 1416.627 1416.148 1415.635 1415.122 1414.609 1414.097 1413.524 1412.938 1412.352 1411.766 1411.238 1410.872 1410.505 1410.139 1409.773 1409.295 1408.772 1408.249 1407.726 1407.205 1406.692 1406.179 1405.667 1405.154 1404.688 1404.252 1403.816 1403.38 1402.946 1402.545 1402.144 1401.743 1401.342 1401.038 1400.829 1400.619 1400.41 1400.2 1399.981 1399.761 1399.541 1399.322 1399.174 1399.132
1425.126 1424.711 1424.296 1423.936 1423.619 1423.301 1422.984 1422.665 1422.262 1421.858 1421.455 1421.052 1420.598 1420.085 1419.572 1419.059 1418.547 1418.067 1417.59 1417.114 1416.637 1416.148 1415.635 1415.122 1414.609 1414.097 1413.524 1412.938 1412.352 1411.766 1411.238 1410.872 1410.505 1410.139 1409.773 1409.329 1408.855 1408.38 1407.905 1407.425 1406.912 1406.399 1405.886 1405.374 1404.921 1404.506 1404.092 1403.677 1403.264 1402.874 1402.484 1402.093 1401.703 1401.38 1401.122 1400.864 1400.607 1400.349 1400.127 1399.908 1399.688 1399.468 1399.307 1399.233
1425.272 1424.857 1424.442 1424.082 1423.765 1423.448 1423.13 1422.811 1422.392 1421.972 1421.553 1421.134 1420.671 1420.158 1419.645 1419.133 1418.62 1418.125 1417.633 1417.14 1416.648 1416.148 1415.635 1415.122 1414.609 1414.097 1413.524 1412.938 1412.352 1411.766 1411.238 1410.872 1410.505 1410.139 1409.773 1409.364 1408.937 1408.511 1408.085 1407.644 1407.132 1406.619 1406.106 1405.594 1405.154 1404.761 1404.368 1403.975 1403.582 1403.203 1402.823 1402.443 1402.064 1401.722 1401.416 1401.109 1400.803 1400.497 1400.274 1400.054 1399.834 1399.615 1399.441 1399.334
1425.419 1425.004 1424.589 1424.229 1423.911 1423.594 1423.277 1422.958 1422.522 1422.087 1421.651 1421.215 1420.744 1420.231 1419.719 1419.206 1418.693 1418.184 1417.675 1417.167 1416.658 1416.148 1415.635 1415.122 1414.609 1414.097 1413.524 1412.938 1412.352 1411.766 1411.238 1410.872 1410.505 1410.139 1409.773 1409.398 1409.02 1408.642 1408.264 1407.864 1407.351 1406.839 1406.326 1405.813 1405.386 1405.015 1404.643 1404.272 1403.9 1403.531 1403.163 1402.794 1402.425 1402.063 1401.709 1401.355 1401.0 1400.646 1400.42 1400.201 1399.981 1399.761 1399.574 1399.436
1425.583 1425.176 1424.769 1424.408 1424.082 1423.757 1423.431 1423.104 1422.64 1422.176 1421.712 1421.249 1420.762 1420.25 1419.737 1419.224 1418.711 1418.198 1417.686 1417.173 1416.66 1416.148 1415.635 1415.122 1414.609 1414.097 1413.524 1412.938 1412.352 1411.766 1411.247 1410.917 1410.588 1410.258 1409.928 1409.572 1409.206 1408.84 1408.474 1408.082 1407.557 1407.032 1406.507 1405.983 1405.554 1405.188 1404.822 1404.455 1404.089 1403.723 1403.357 1402.99 1402.624 1402.258 1401.892 1401.526 1401.159 1400.793 1400.555 1400.323 1400.092 1399.86 1399.657 1399.499
1425.752 1425.356 1424.959 1424.597 1424.261 1423.924 1423.588 1423.25 1422.754 1422.258 1421.762 1421.266 1420.762 1420.25 1419.737 1419.224 1418.711 1418.198 1417.686 1417.173 1416.66 1416.148 1415.635 1415.122 1414.609 1414.097 1413.524 1412.938 1412.352 1411.766 1411.26 1410.978 1410.697 1410.415 1410.134 1409.792 1409.426 1409.059 1408.693 1408.299 1407.758 1407.217 1406.676 1406.135 1405.701 1405.334 1404.968 1404.602 1404.236 1403.869 1403.503 1403.137 1402.771 1402.405 1402.038 1401.672 1401.306 1400.94 1400.686 1400.438 1400.19 1399.943 1399.724 1399.549
1425.921 1425.536 1425.15 1424.786 1424.439 1424.092 1423.745 1423.396 1422.868 1422.339 1421.811 1421.283 1420.762 1420.25 1419.737 1419.224 1418.711 1418.198 1417.686 1417.173 1416.66 1416.148 1415.635 1415.122 1414.609 1414.097 1413.524 1412.938 1412.352 1411.766 1411.272 1411.039 1410.806 1410.573 1410.339 1410.012 1409.645 1409.279 1408.913 1408.516 1407.959 1407.402 1406.845 1406.288 1405.847 1405.481 1405.115 1404.748 1404.382 1404.016 1403.65 1403.283 1402.917 1402.551 1402.185 1401.818 1401.452 1401.086 1400.818 1400.553 1400.289 1400.025 1399.791 1399.6
1426.09 1425.715 1425.341 1424.975 1424.618 1424.26 1423.902 1423.542 1422.981 1422.421 1421.861 1421.3 1420.762 1420.25 1419.737 1419.224 1418.711 1418.198 1417.686 1417.173 1416.66 1416.148 1415.635 1415.122 1414.609 1414.097 1413.524 1412.938 1412.352 1411.766 1411.285 1411.1 1410.915 1410.73 1410.545 1410.231 1409.865 1409.499 1409.133 1408.734 1408.16 1407.587 1407.014 1406.441 1405.994 1405.627 1405.261 1404.895 1404.529 1404.162 1403.796 1403.43 1403.064 1402.698 1402.331 1401.965 1401.599 1401.233 1400.949 1400.668 1400.388 1400.108 1399.858 1399.651
1426.249 1425.873 1425.497 1425.126 1424.76 1424.394 1424.028 1423.658 1423.072 1422.486 1421.9 1421.314 1420.762 1420.25 1419.737 1419.224 1418.711 1418.201 1417.692 1417.182 1416.673 1416.164 1415.654 1415.145 1414.635 1414.126 1413.559 1412.978 1412.397 1411.817 1411.347 1411.191 1411.034 1410.878 1410.722 1410.42 1410.058 1409.696 1409.334 1408.937 1408.357 1407.776 1407.196 1406.615 1406.164 1405.795 1405.427 1405.058 1404.69 1404.324 1403.958 1403.591 1403.225 1402.859 1402.493 1402.126 1401.76 1401.394 1401.095 1400.798 1400.502 1400.206 1399.938 1399.712
1426.366 1425.942 1425.518 1425.126 1424.76 1424.394 1424.028 1423.658 1423.072 1422.486 1421.9 1421.314 1420.762 1420.25 1419.737 1419.224 1418.711 1418.216 1417.723 1417.229 1416.736 1416.243 1415.749 1415.256 1414.763 1414.269 1413.727 1413.173 1412.619 1412.066 1411.603 1411.398 1411.194 1410.989 1410.785 1410.484 1410.143 1409.803 1409.462 1409.088 1408.534 1407.98 1407.427 1406.873 1406.426 1406.047 1405.667 1405.288 1404.91 1404.543 1404.177 1403.811 1403.445 1403.079 1402.712 1402.346 1401.98 1401.614 1401.299 1400.987 1400.674 1400.362 1400.071 1399.813
1426.484 1426.011 1425.539 1425.126 1424.76 1424.394 1424.028 1423.658 1423.072 1422.486 1421.9 1421.314 1420.762 1420.25 1419.737 1419.224 1418.711 1418.231 1417.754 1417.276 1416.799 1416.322 1415.844 1415.367 1414.89 1414.413 1413.895 1413.368 1412.841 1412.314 1411.859 1411.606 1411.353 1411.1 1410.848 1410.548 1410.229 1409.91 1409.591 1409.239 1408.712 1408.185 1407.658 1407.131 1406.688 1406.298 1405.908 1405.518 1405.13 1404.763 1404.397 1404.031 1403.665 1403.298 1402.932 1402.566 1402.2 1401.833 1401.503 1401.175 1400.846 1400.518 1400.205 1399.914
1426.602 1426.081 1425.56 1425.126 1424.76 1424.394 1424.028 1423.658 1423.072 1422.486 1421.9 1421.314 1420.762 1420.25 1419.737 1419.224 1418.711 1418.246 1417.784 1417.323 1416.862 1416.401 1415.94 1415.478 1415.017 1414.556 1414.063 1413.563 1413.063 1412.563 1412.115 1411.814 1411.513 1411.212 1410.91 1410.612 1410.314 1410.017 1409.719 1409.39 1408.889 1408.389 1407.889 1407.389 1406.95 1406.549 1406.148 1405.748 1405.349 1404.983 1404.617 1404.25 1403.884 1403.518 1403.152 1402.786 1402.419 1402.053 1401.708 1401.363 1401.018 1400.674 1400.338 1400.015
1426.719 1426.15 1425.581 1425.126 1424.76 1424.394 1424.028 1423.658 1423.072 1422.486 1421.9 1421.314 1420.762 1420.25 1419.737 1419.224 1418.711 1418.26 1417.815 1417.37 1416.925 1416.48 1416.035 1415.59 1415.145 1414.7 1414.232 1413.758 1413.285 1412.812 1412.371 1412.021 1411.672 1411.323 1410.973 1410.676 1410.4 1410.124 1409.848 1409.54 1409.067 1408.594 1408.12 1407.647 1407.212 1406.8 1406.389 1405.978 1405.569 1405.203 1404.837 1404.47 1404.104 1403.738 1403.372 1403.005 1402.639 1402.273 1401.912 1401.551 1401.191 1400.83 1400.472 1400.117
1426.76 1426.174 1425.588 1425.126 1424.76 1424.394 1424.028 1423.658 1423.072 1422.486 1421.9 1421.314 1420.766 1420.26 1419.754 1419.248 1418.742 1418.307 1417.878 1417.449 1417.02 1416.588 1416.152 1415.716 1415.28 1414.844 1414.397 1413.947 1413.497 1413.047 1412.616 1412.24 1411.863 1411.486 1411.11 1410.8 1410.517 1410.234 1409.952 1409.643 1409.193 1408.743 1408.293 1407.843 1407.419 1407.01 1406.602 1406.194 1405.789 1405.422 1405.056 1404.69 1404.324 1403.958 1403.591 1403.225 1402.859 1402.493 1402.096 1401.698 1401.301 1400.903 1400.522 1400.167
1426.76 1426.174 1425.588 1425.126 1424.76 1424.394 1424.028 1423.658 1423.072 1422.486 1421.9 1421.314 1420.77 1420.275 1419.78 1419.285 1418.79 1418.37 1417.957 1417.545 1417.132 1416.712 1416.282 1415.851 1415.42 1414.99 1414.561 1414.133 1413.704 1413.276 1412.856 1412.464 1412.071 1411.678 1411.285 1410.955 1410.651 1410.347 1410.043 1409.719 1409.291 1408.862 1408.434 1408.006 1407.596 1407.199 1406.801 1406.404 1406.008 1405.642 1405.276 1404.91 1404.544 1404.177 1403.811 1403.445 1403.079 1402.712 1402.27 1401.824 1401.378 1400.932 1400.529 1400.189
1426.76 1426.174 1425.588 1425.126 1424.76 1424.394 1424.028 1423.658 1423.072 1422.486 1421.9 1421.314 1420.775 1420.291 1419.807 1419.323 1418.838 1418.434 1418.037 1417.64 1417.244 1416.836 1416.411 1415.986 1415.561 1415.135 1414.725 1414.318 1413.911 1413.504 1413.096 1412.688 1412.279 1411.87 1411.461 1411.111 1410.786 1410.46 1410.135 1409.796 1409.389 1408.982 1408.575 1408.168 1407.774 1407.387 1407.0 1406.614 1406.228 1405.862 1405.496 1405.13 1404.763 1404.397 1404.031 1403.665 1403.298 1402.932 1402.443 1401.949 1401.455 1400.96 1400.535 1400.212
1426.76 1426.174 1425.588 1425.126 1424.76 1424.394 1424.028 1423.658 1423.072 1422.486 1421.9 1421.314 1420.78 1420.307 1419.833 1419.36 1418.886 1418.497 1418.117 1417.736 1417.355 1416.96 1416.541 1416.121 1415.701 1415.281 1414.889 1414.503 1414.118 1413.732 1413.336 1412.911 1412.486 1412.061 1411.636 1411.267 1410.92 1410.573 1410.226 1409.873 1409.487 1409.102 1408.716 1408.331 1407.951 1407.575 1407.199 1406.823 1406.448 1406.082 1405.715 1405.349 1404.983 1404.617 1404.25 1403.884 1403.518 1403.152 1402.617 1402.074 1401.532 1400.989 1400.542 1400.234
1426.76 1426.174 1425.588 1425.126 1424.76 1424.394 1424.028 1423.658 1423.077 1422.496 1421.915 1421.334 1420.807 1420.342 1419.877 1419.412 1418.947 1418.57 1418.203 1417.835 1417.467 1417.082 1416.668 1416.254 1415.84 1415.426 1415.051 1414.685 1414.318 1413.952 1413.566 1413.123 1412.681 1412.238 1411.795 1411.41 1411.049 1410.687 1410.326 1409.964 1409.598 1409.231 1408.865 1408.499 1408.133 1407.766 1407.4 1407.034 1406.668 1406.302 1405.935 1405.569 1405.203 1404.834 1404.463 1404.092 1403.721 1403.349 1402.778 1402.196 1401.615 1401.034 1400.569 1400.275
1426.76 1426.174 1425.588 1425.126 1424.76 1424.394 1424.028 1423.659 1423.126 1422.593 1422.061 1421.528 1421.021 1420.546 1420.07 1419.594 1419.119 1418.727 1418.343 1417.959 1417.575 1417.184 1416.781 1416.377 1415.974 1415.571 1415.198 1414.831 1414.465 1414.099 1413.704 1413.229 1412.754 1412.279 1411.804 1411.444 1411.131 1410.818 1410.505 1410.184 1409.817 1409.451 1409.085 1408.719 1408.352 1407.986 1407.62 1407.254 1406.887 1406.521 1406.155 1405.789 1405.422 1405.029 1404.61 1404.19 1403.771 1403.352 1402.824 1402.291 1401.758 1401.225 1400.783 1400.472
1426.76 1426.174 1425.588 1425.126 1424.76 1424.394 1424.028 1423.66 1423.175 1422.691 1422.206 1421.722 1421.236 1420.75 1420.263 1419.777 1419.29 1418.883 1418.483 1418.083 1417.683 1417.285 1416.893 1416.5 1416.108 1415.715 1415.344 1414.978 1414.611 1414.245 1413.842 1413.335 1412.828 1412.321 1411.814 1411.479 1411.214 1410.949 1410.684 1410.403 1410.037 1409.671 1409.305 1408.938 1408.572 1408.206 1407.84 1407.473 1407.107 1406.741 1406.375 1406.008 1405.642 1405.224 1404.757 1404.289 1403.821 1403.354 1402.87 1402.385 1401.901 1401.416 1400.996 1400.669
1426.76 1426.174 1425.588 1425.126 1424.76 1424.394 1424.028 1423.66 1423.224 1422.788 1422.352 1421.915 1421.451 1420.954 1420.457 1419.959 1419.462 1419.039 1418.623 1418.207 1417.791 1417.387 1417.005 1416.623 1416.241 1415.86 1415.49 1415.124 1414.758 1414.392 1413.98 1413.441 1412.902 1412.362 1411.823 1411.513 1411.296 1411.08 1410.864 1410.623 1410.257 1409.891 1409.524 1409.158 1408.792 1408.426 1408.059 1407.693 1407.327 1406.961 1406.594 1406.228 1405.862 1405.42 1404.904 1404.388 1403.872 1403.356 1402.916 1402.48 1402.044 1401.607 1401.209 1400.866
1426.76 1426.174 1425.588 1425.126 1424.76 1424.394 1424.028 1423.661 1423.273 1422.885 1422.497 1422.109 1421.666 1421.158 1420.65 1420.142 1419.634 1419.195 1418.763 1418.331 1417.898 1417.488 1417.117 1416.746 1416.375 1416.004 1415.637 1415.271 1414.905 1414.538 1414.118 1413.547 1412.975 1412.404 1411.832 1411.547 1411.379 1411.211 1411.043 1410.843 1410.477 1410.11 1409.744 1409.378 1409.012 1408.646 1408.279 1407.913 1407.547 1407.18 1406.814 1406.448 1406.082 1405.615 1405.051 1404.486 1403.922 1403.358 1402.962 1402.574 1402.186 1401.798 1401.422 1401.063
1426.798 1426.229 1425.661 1425.2 1424.822 1424.444 1424.066 1423.688 1423.334 1422.98 1422.625 1422.271 1421.843 1421.33 1420.817 1420.305 1419.792 1419.346 1418.906 1418.467 1418.028 1417.618 1417.26 1416.903 1416.546 1416.188 1415.817 1415.442 1415.066 1414.691 1414.268 1413.709 1413.149 1412.59 1412.031 1411.745 1411.572 1411.399 1411.226 1411.023 1410.663 1410.303 1409.942 1409.582 1409.218 1408.852 1408.485 1408.119 1407.753 1407.38 1407.008 1406.636 1406.264 1405.797 1405.238 1404.678 1404.119 1403.559 1403.179 1402.807 1402.435 1402.063 1401.688 1401.31
1426.866 1426.33 1425.794 1425.335 1424.935 1424.536 1424.136 1423.738 1423.405 1423.072 1422.739 1422.406 1421.989 1421.477 1420.964 1420.451 1419.938 1419.493 1419.053 1418.614 1418.174 1417.77 1417.429 1417.088 1416.746 1416.405 1416.023 1415.632 1415.241 1414.85 1414.427 1413.916 1413.405 1412.894 1412.383 1412.077 1411.856 1411.635 1411.413 1411.171 1410.822 1410.472 1410.123 1409.773 1409.413 1409.047 1408.681 1408.315 1407.947 1407.564 1407.182 1406.799 1406.416 1405.968 1405.457 1404.946 1404.435 1403.924 1403.535 1403.152 1402.769 1402.386 1401.997 1401.597
