data/zism_data/00846_04_D.txt
ncols         224
nrows         224
[rows 0 to 27 of 224, columns 63 to 125 of 224]
800.212 800.0677 800.2061 800.3445 800.4828 800.6212 801.7003 802.8073 803.9142 805.0211 807.1628 810.5527 813.9426 817.3325 820.7225 825.579 830.5372 835.4952 840.4533 845.8345 851.8066 857.7785 863.7504 869.7223 879.8493 890.4417 901.034 911.6267 920.6713 927.2047 933.7382 940.2715 946.8049 945.0334 941.9468 938.8604 935.7738 932.5235 928.9626 925.4017 921.8408 918.28 914.0322 909.6411 905.2499 900.8587 895.6418 888.5815 881.5213 874.461 867.4008 860.9721 854.7098 848.4477 842.1855 836.0457 830.2308 824.416 818.6009 812.786 806.892 800.9723 795.0526
804.1819 803.9788 804.2188 804.4587 804.6987 804.9387 806.8437 808.798 810.7524 812.7067 815.5323 819.4093 823.2862 827.1631 831.0401 836.4052 841.8733 847.3414 852.8094 858.799 865.5172 872.235 878.9529 885.6708 895.7112 906.1238 916.5364 926.9493 935.2955 940.2886 945.2818 950.275 955.2682 952.1928 947.84 943.4871 939.1342 934.609 929.7571 924.9049 920.053 915.201 909.9194 904.548 899.1767 893.8052 887.7507 880.171 872.5914 865.0117 857.4321 850.8478 844.5259 838.2042 831.8824 825.8362 820.5225 815.2087 809.8947 804.5809 799.3807 794.2173 789.054
809.712 809.4401 809.8093 810.1785 810.5476 810.9168 813.8761 816.9122 819.9484 822.9844 826.5675 830.8104 835.0533 839.2961 843.5392 849.2602 855.0835 860.9068 866.7301 873.259 880.7737 888.2881 895.8025 903.3169 912.9246 922.7667 932.6088 942.4513 949.7632 952.9695 956.1757 959.382 962.5883 958.3487 952.9302 947.5118 942.0933 936.4039 930.2011 923.9981 917.7953 911.5925 905.2983 898.985 892.6718 886.3584 879.5235 871.524 863.5247 855.5252 847.5258 840.8795 834.5898 828.3004 822.0109 816.1663 811.5037 806.8412 802.1785 797.516 792.9955 788.521 784.0465
815.2421 814.9014 815.3998 815.8981 816.3965 816.8948 820.9085 825.0264 829.1444 833.2623 837.6027 842.2115 846.8204 851.4292 856.0382 862.1151 868.2936 874.4722 880.6508 887.719 896.0302 904.3412 912.6521 920.963 930.1379 939.4096 948.6813 957.9533 964.2309 965.6503 967.0696 968.489 969.9084 964.5046 958.0205 951.5364 945.0523 938.1989 930.6452 923.0912 915.5376 907.9839 900.6772 893.4221 886.167 878.9116 871.2963 862.8771 854.4579 846.0387 837.6195 830.9112 824.6538 818.3966 812.1395 806.4963 802.485 798.4738 794.4623 790.4511 786.6103 782.8246 779.039
820.7723 820.3629 820.9905 821.618 822.2456 822.8731 827.9412 833.1409 838.3407 843.5404 848.6382 853.613 858.5878 863.5627 868.5377 874.9705 881.5043 888.0381 894.5718 902.1795 911.2874 920.3948 929.5023 938.6098 947.3519 956.0531 964.7543 973.4559 978.6991 978.3315 977.9639 977.5964 977.2288 970.6606 963.1109 955.5612 948.0115 939.9938 931.0893 922.1844 913.2798 904.3752 896.056 887.8589 879.6619 871.4645 863.0689 854.2299 845.3909 836.5519 827.7128 820.9425 814.7174 808.4926 802.2676 796.8259 793.466 790.106 786.7459 783.3859 780.2248 777.1281 774.0313
827.8792 827.4363 828.1788 828.9214 829.6641 830.4066 836.4119 842.5731 848.7346 854.8958 860.6955 866.0591 871.4227 876.7863 882.1501 888.9433 895.8354 902.7275 909.6197 917.6918 927.4124 937.1324 946.8526 956.5728 964.6155 972.4705 980.3254 988.1807 992.2264 990.0916 987.9568 985.822 983.6871 975.9913 967.4152 958.8392 950.2631 941.1478 931.0103 920.8723 910.7347 900.5972 891.3274 882.2388 873.1501 864.0611 854.9218 845.6693 836.4167 827.1642 817.9117 811.1049 804.9427 798.7808 792.6188 787.3955 784.6672 781.9388 779.2103 776.482 773.9963 771.5892 769.1821
844.2093 843.9388 844.7137 845.4886 846.2635 847.0385 853.2955 859.7151 866.1349 872.5545 878.7321 884.6177 890.5034 896.389 902.2748 909.4542 916.7231 923.9921 931.261 939.3596 948.6172 957.8745 967.1317 976.389 982.1733 987.5687 992.964 998.3595 1000.253 996.4662 992.679 988.8917 985.1044 976.4951 967.1225 957.7499 948.3773 938.5528 927.8716 917.1901 906.5089 895.8277 885.9698 876.2837 866.5975 856.9111 847.2426 837.6133 827.9841 818.3549 808.7256 802.0319 796.1119 790.1921 784.2723 779.3663 777.1546 774.943 772.7313 770.5196 768.6848 766.972 765.2592
860.5394 860.4415 861.2487 862.0558 862.863 863.6702 870.1792 876.8571 883.5353 890.2132 896.7686 903.1763 909.584 915.9917 922.3997 929.9652 937.6109 945.2566 952.9023 961.0273 969.822 978.6165 987.4109 996.2053 999.7311 1002.667 1005.603 1008.538 1008.281 1002.841 997.4012 991.9615 986.5218 976.9988 966.8297 956.6605 946.4914 935.9578 924.733 913.5078 902.283 891.0582 880.6122 870.3286 860.045 849.7611 839.5634 829.5574 819.5515 809.5455 799.5394 792.9587 787.281 781.6034 775.9258 771.337 769.6421 767.9471 766.2521 764.5573 763.3733 762.3548 761.3363
876.8695 876.9441 877.7836 878.623 879.4625 880.302 887.0628 893.9991 900.9356 907.8719 914.8052 921.7349 928.6647 935.5944 942.5244 950.4762 958.4987 966.5211 974.5436 982.6951 991.0269 999.3585 1007.69 1016.022 1017.289 1017.765 1018.241 1018.717 1016.308 1009.215 1002.123 995.0313 987.9391 977.5026 966.5369 955.5712 944.6055 933.3627 921.5943 909.8255 898.0571 886.2888 875.2545 864.3735 853.4925 842.6111 831.8843 821.5015 811.1188 800.7361 790.3533 783.8857 778.4501 773.0147 767.5793 763.3077 762.1295 760.9513 759.7731 758.5948 758.0618 757.7375 757.4133
893.1996 893.4467 894.3185 895.1902 896.062 896.9338 903.9465 911.1411 918.3359 925.5306 932.8417 940.2935 947.7454 955.1971 962.6492 970.9871 979.3864 987.7856 996.1849 1004.363 1012.232 1020.1 1027.969 1035.838 1034.847 1032.863 1030.88 1028.896 1024.335 1015.59 1006.846 998.101 989.3564 978.0063 966.2441 954.4819 942.7197 930.7676 918.4556 906.1432 893.8312 881.5193 869.8969 858.4185 846.94 835.4611 824.2051 813.4456 802.6862 791.9267 781.1672 774.8126 769.6192 764.426 759.2328 755.2784 754.617 753.9555 753.294 752.6325 752.7502 753.1204 753.4904
910.6439 910.9437 911.8168 912.6898 913.5629 914.4359 921.5126 928.7731 936.0339 943.2944 950.7095 958.3109 965.9124 973.5138 981.1155 989.2843 997.4923 1005.7 1013.908 1021.665 1028.792 1035.918 1043.045 1050.172 1047.625 1043.995 1040.365 1036.735 1030.572 1020.299 1010.026 999.7535 989.4808 977.1082 964.4035 951.6989 938.9943 926.3211 913.7076 901.0937 888.4802 875.8667 863.6209 851.4519 839.2829 827.1135 815.3043 804.2984 793.2925 782.2867 771.2808 765.1475 760.2988 755.4501 750.6016 747.0245 746.8269 746.6294 746.4319 746.2344 747.1284 748.3759 749.6234
928.9063 929.1708 930.0223 930.8738 931.7253 932.5768 939.5798 946.765 953.9504 961.1356 968.4533 975.931 983.4086 990.8863 998.3642 1005.956 1013.556 1021.156 1028.755 1035.763 1041.942 1048.121 1054.301 1060.48 1056.894 1052.215 1047.535 1042.856 1035.495 1023.786 1012.076 1000.366 988.6558 975.1806 961.4265 947.6724 933.9183 920.5153 907.778 895.0403 882.303 869.5657 856.6707 843.7427 830.8148 817.8864 805.5065 794.35 783.1934 772.0369 760.8803 755.0478 750.6189 746.1901 741.7613 738.6055 738.8332 739.0609 739.2886 739.5162 741.2786 743.538 745.7972
947.1688 947.3979 948.228 949.0579 949.8879 950.7178 957.647 964.7568 971.8669 978.9767 986.1971 993.551 1000.905 1008.259 1015.613 1022.628 1029.62 1036.611 1043.603 1049.86 1055.092 1060.324 1065.556 1070.788 1066.164 1060.435 1054.706 1048.976 1040.419 1027.272 1014.125 1000.978 987.8307 973.2531 958.4495 943.6459 928.8423 914.7095 901.8484 888.9869 876.1258 863.2648 849.7205 836.0336 822.3467 808.6594 795.7087 784.4015 773.0943 761.787 750.4798 744.9481 740.939 736.93 732.921 730.1865 730.8394 731.4923 732.1453 732.7982 735.4289 738.7 741.9712
965.4312 965.6251 966.4335 967.2419 968.0504 968.8588 975.7142 982.7487 989.7834 996.8179 1003.941 1011.171 1018.401 1025.631 1032.862 1039.3 1045.683 1052.066 1058.45 1063.958 1068.243 1072.527 1076.812 1081.097 1075.433 1068.654 1061.876 1055.097 1045.342 1030.758 1016.174 1001.59 987.0057 971.3256 955.4725 939.6194 923.7663 908.9036 895.9188 882.9335 869.9486 856.9638 842.7703 828.3245 813.8787 799.4324 785.911 774.4531 762.9952 751.5372 740.0793 734.8484 731.2591 727.6699 724.0807 721.7675 722.8456 723.9238 725.002 726.0801 729.5792 733.8621 738.1451
983.701 983.8583 984.6447 985.431 986.2174 987.0037 993.7817 1000.737 1007.693 1014.648 1021.671 1028.776 1035.88 1042.985 1050.09 1055.952 1061.728 1067.504 1073.28 1078.038 1081.376 1084.714 1088.052 1091.39 1084.685 1076.854 1069.024 1061.193 1050.242 1034.228 1018.214 1002.2 986.1862 969.4091 952.512 935.6147 918.7176 903.1258 890.0089 876.8916 863.7747 850.6578 835.8125 820.6064 805.4004 790.1938 776.1039 764.506 752.9081 741.3102 729.7122 724.7853 721.6171 718.449 715.2809 713.3891 714.8893 716.3895 717.8897 719.3899 723.7557 729.0494 734.3432
1002.987 1002.923 1003.613 1004.302 1004.992 1005.681 1011.892 1018.266 1024.64 1031.015 1037.559 1044.308 1051.058 1057.807 1064.557 1069.927 1075.203 1080.478 1085.754 1089.843 1092.277 1094.711 1097.145 1099.578 1091.543 1082.335 1073.126 1063.918 1051.944 1035.484 1019.023 1002.562 986.1013 968.9984 951.7944 934.5905 917.3865 901.1609 886.79 872.4187 858.0479 843.677 827.8314 811.6781 795.5248 779.3708 765.0331 754.7484 744.4636 734.1789 723.8942 719.714 717.1432 714.5726 712.0019 710.5412 712.0306 713.52 715.0095 716.4989 721.5167 727.6769 733.8372
1022.273 1021.989 1022.581 1023.174 1023.767 1024.359 1030.002 1035.795 1041.589 1047.381 1053.447 1059.841 1066.235 1072.629 1079.024 1083.904 1088.678 1093.453 1098.228 1101.649 1103.178 1104.708 1106.237 1107.767 1098.401 1087.815 1077.229 1066.643 1053.647 1036.739 1019.832 1002.924 986.0165 968.5876 951.0769 933.5662 916.0554 899.1959 883.571 867.9456 852.3207 836.6959 819.85 802.7494 785.6488 768.5475 753.9619 744.9904 736.0189 727.0474 718.0759 714.6426 712.6693 710.696 708.7227 707.6932 709.1718 710.6505 712.1292 713.6078 719.2776 726.3043 733.3311
1041.558 1041.054 1041.549 1042.045 1042.541 1043.036 1048.113 1053.324 1058.536 1063.748 1069.334 1075.373 1081.412 1087.451 1093.491 1097.879 1102.153 1106.428 1110.702 1113.454 1114.079 1114.704 1115.33 1115.955 1105.259 1093.296 1081.332 1069.368 1055.349 1037.994 1020.64 1003.286 985.9316 968.1769 950.3594 932.5419 914.7244 897.231 880.3521 863.4727 846.5938 829.715 811.869 793.821 775.7731 757.7247 742.8909 735.2327 727.5744 719.9162 712.2579 709.5713 708.1954 706.8195 705.4437 704.8452 706.3132 707.7811 709.249 710.7169 717.0386 724.9318 732.8251
1060.844 1060.119 1060.517 1060.916 1061.315 1061.714 1066.223 1070.853 1075.484 1080.114 1085.222 1090.906 1096.589 1102.273 1107.957 1111.855 1115.628 1119.402 1123.176 1125.259 1124.98 1124.701 1124.422 1124.143 1112.118 1098.776 1085.435 1072.093 1057.051 1039.25 1021.449 1003.648 985.8468 967.7661 949.6418 931.5176 913.3933 895.2661 877.1332 858.9998 840.8669 822.7341 803.8878 784.8927 765.8975 746.9017 731.8201 725.475 719.13 712.7849 706.4399 704.5 703.7215 702.9431 702.1646 701.9973 703.4545 704.9116 706.3688 707.826 714.7996 723.5593 732.319
1082.768 1081.979 1082.311 1082.644 1082.976 1083.309 1087.345 1091.491 1095.637 1099.782 1104.322 1109.337 1114.353 1119.368 1124.383 1127.423 1130.326 1133.229 1136.132 1137.149 1135.532 1133.916 1132.299 1130.682 1117.49 1103.002 1088.514 1074.025 1058.163 1040.074 1021.984 1003.894 985.8043 967.5231 949.2122 930.9014 912.5906 894.0474 875.0636 856.0792 837.0954 818.1116 798.6234 779.0298 759.4363 739.842 724.6323 719.2092 713.7861 708.363 702.9399 701.5252 701.1674 700.8095 700.4517 700.6934 702.5287 704.3641 706.1995 708.0349 715.7341 725.332 734.9301
1108.08 1107.425 1107.731 1108.036 1108.342 1108.648 1112.333 1116.118 1119.903 1123.689 1127.546 1131.49 1135.434 1139.378 1143.322 1145.034 1146.592 1148.149 1149.707 1149.149 1145.638 1142.127 1138.615 1135.104 1120.957 1105.618 1090.279 1074.94 1058.52 1040.344 1022.168 1003.992 985.816 967.4952 949.152 930.8089 912.4658 893.7863 874.4688 855.1506 835.8332 816.5157 796.8452 777.1009 757.3566 737.6117 722.4278 717.4245 712.4212 707.4178 702.4146 701.2408 701.0767 700.9127 700.7486 701.371 704.0836 706.7963 709.509 712.2217 720.7413 731.1412 741.5411
1133.391 1132.872 1133.15 1133.429 1133.708 1133.987 1137.321 1140.745 1144.17 1147.595 1150.769 1153.642 1156.515 1159.388 1162.261 1162.646 1162.857 1163.069 1163.281 1161.149 1155.743 1150.338 1144.932 1139.526 1124.423 1108.234 1092.045 1075.855 1058.876 1040.614 1022.352 1004.09 985.8278 967.4673 949.0919 930.7165 912.3411 893.5251 873.874 854.2221 834.571 814.9198 795.067 775.172 755.277 735.3813 720.2233 715.6398 711.0563 706.4728 701.8893 700.9564 700.9861 701.0158 701.0455 702.0485 705.6384 709.2285 712.8185 716.4086 725.7485 736.9503 748.1522
1158.702 1158.318 1158.57 1158.822 1159.074 1159.326 1162.309 1165.373 1168.437 1171.501 1173.993 1175.795 1177.597 1179.399 1181.201 1180.257 1179.123 1177.99 1176.856 1173.149 1165.849 1158.548 1151.248 1143.948 1127.89 1110.85 1093.811 1076.771 1059.232 1040.884 1022.536 1004.188 985.8396 967.4394 949.0317 930.624 912.2163 893.264 873.2791 853.2936 833.3088 813.3239 793.2888 773.243 753.1974 733.1511 718.0187 713.855 709.6913 705.5276 701.364 700.6721 700.8955 701.1189 701.3423 702.726 707.1933 711.6606 716.1281 720.5954 730.7557 742.7595 754.7632
1184.013 1183.765 1183.99 1184.215 1184.439 1184.664 1187.297 1190.0 1192.703 1195.407 1197.216 1197.947 1198.678 1199.409 1200.14 1197.869 1195.389 1192.91 1190.43 1185.149 1175.954 1166.759 1157.565 1148.37 1131.356 1113.466 1095.576 1077.686 1059.589 1041.154 1022.72 1004.286 985.8514 967.4116 948.9716 930.5316 912.0915 893.0028 872.6843 852.3651 832.0465 811.728 791.5105 771.3141 751.1178 730.9207 715.8141 712.0703 708.3264 704.5825 700.8386 700.3876 700.8049 701.222 701.6392 703.4035 708.7481 714.0928 719.4376 724.7822 735.7629 748.5686 761.3743
1203.94 1203.78 1204.016 1204.251 1204.486 1204.722 1207.254 1209.854 1212.453 1215.053 1216.406 1216.253 1216.099 1215.947 1215.793 1212.005 1207.965 1203.925 1199.885 1193.097 1182.47 1171.844 1161.217 1150.591 1133.055 1114.745 1096.435 1078.124 1059.751 1041.278 1022.804 1004.33 985.8568 967.311 948.7546 930.1981 911.6417 892.4099 871.8979 851.3853 830.8733 810.3613 790.2488 770.2196 750.1904 730.1606 715.2097 711.5958 707.9819 704.3679 700.754 700.8053 701.823 702.8406 703.8583 706.2936 712.4969 718.7001 724.9036 731.1069 742.2077 754.8943 767.5809
1223.052 1222.974 1223.226 1223.477 1223.729 1223.98 1226.45 1228.985 1231.521 1234.056 1234.985 1233.976 1232.968 1231.959 1230.95 1225.616 1219.983 1214.349 1208.716 1200.431 1188.443 1176.455 1164.467 1152.479 1134.486 1115.821 1097.156 1078.49 1059.885 1041.379 1022.873 1004.367 985.8612 967.1995 948.5139 929.8282 911.1426 891.7668 871.0826 850.3976 829.7134 809.0292 789.0651 769.2512 749.4374 729.6228 714.8473 711.3195 707.7917 704.2639 700.7361 701.3292 703.0089 704.6885 706.3682 709.5185 716.5776 723.6367 730.696 737.755 748.87 761.2983 773.7266
1242.164 1242.168 1242.436 1242.704 1242.971 1243.239 1245.646 1248.117 1250.588 1253.058 1253.564 1251.7 1249.835 1247.971 1246.106 1239.227 1232.0 1224.774 1217.547 1207.766 1194.416 1181.066 1167.717 1154.367 1135.918 1116.897 1097.876 1078.855 1060.019 1041.48 1022.942 1004.404 985.8656 967.088 948.2731 929.4584 910.6436 891.1237 870.2673 849.4101 828.5536 807.6972 787.8815 768.2829 748.6843 729.0851 714.4849 711.0432 707.6015 704.1598 700.7181 701.8531 704.1948 706.5364 708.8781 712.7433 720.6582 728.5731 736.4882 744.4031 755.5322 767.7021 779.8721
1261.275 1261.362 1261.646 1261.93 1262.214 1262.497 1264.842 1267.249 1269.655 1272.061 1272.143 1269.423 1266.703 1263.983 1261.262 1252.838 1244.018 1235.198 1226.379 1215.101 1200.389 1185.678 1170.966 1156.255 1137.349 1117.973 1098.597 1079.221 1060.152 1041.582 1023.011 1004.441 985.87 966.9764 948.0325 929.0885 910.1445 890.4807 869.452 848.4225 827.3939 806.3652 786.6978 767.3145 747.9313 728.5473 714.1224 710.7668 707.4113 704.0557 700.7001 702.377 705.3807 708.3843 711.3879 715.9681 724.7388 733.5095 742.2804 751.0511 762.1944 774.106 786.0176
