data/zism_data/00842_02_D.txt
ncols         224
nrows         224
[rows 28 to 55 of 224, columns 63 to 125 of 224]
4639.276 4630.36 4621.443 4612.526 4606.076 4599.736 4593.398 4587.059 4581.575 4577.271 4572.967 4568.663 4564.358 4564.716 4565.686 4566.655 4567.625 4570.107 4575.428 4580.749 4586.069 4591.389 4601.271 4612.21 4623.15 4634.089 4644.704 4654.465 4664.225 4673.986 4683.746 4688.411 4691.278 4694.145 4697.012 4699.063 4697.907 4696.751 4695.595 4694.439 4689.347 4682.287 4675.226 4668.166 4661.15 4654.431 4647.712 4640.994 4634.275 4631.107 4630.365 4629.623 4628.881 4628.504 4634.052 4639.6 4645.147 4650.695 4657.445 4665.295 4673.145 4680.996 4688.846
4643.532 4635.397 4627.264 4619.13 4613.158 4607.283 4601.409 4595.534 4590.354 4586.131 4581.908 4577.685 4573.461 4573.103 4573.251 4573.4 4573.549 4575.171 4579.558 4583.944 4588.33 4592.716 4601.769 4611.904 4622.039 4632.174 4642.191 4651.897 4661.604 4671.31 4681.017 4686.043 4689.417 4692.792 4696.167 4698.671 4697.758 4696.845 4695.933 4695.02 4690.354 4683.812 4677.27 4670.728 4664.242 4658.134 4652.025 4645.917 4639.808 4636.776 4635.845 4634.914 4633.982 4633.407 4638.609 4643.812 4649.014 4654.216 4660.563 4667.96 4675.357 4682.754 4690.15
4647.787 4640.436 4633.085 4625.734 4620.24 4614.83 4609.42 4604.01 4599.133 4594.991 4590.849 4586.707 4582.564 4581.49 4580.818 4580.146 4579.474 4580.236 4583.688 4587.14 4590.592 4594.043 4602.267 4611.597 4620.928 4630.258 4639.677 4649.33 4658.982 4668.635 4678.287 4683.675 4687.557 4691.439 4695.321 4698.279 4697.61 4696.94 4696.27 4695.6 4691.361 4685.337 4679.313 4673.29 4667.335 4661.836 4656.338 4650.84 4645.341 4642.444 4641.324 4640.204 4639.084 4638.311 4643.167 4648.024 4652.881 4657.738 4663.683 4670.626 4677.569 4684.512 4691.455
4652.09 4645.492 4638.894 4632.295 4627.289 4622.354 4617.42 4612.486 4607.934 4603.907 4599.881 4595.855 4591.829 4590.041 4588.547 4587.052 4585.558 4585.446 4587.926 4590.405 4592.885 4595.365 4602.735 4611.241 4619.746 4628.251 4637.063 4646.683 4656.303 4665.923 4675.542 4681.296 4685.687 4690.077 4694.467 4697.881 4697.461 4697.042 4696.623 4696.204 4692.401 4686.906 4681.411 4675.917 4670.498 4665.584 4660.671 4655.758 4650.845 4648.072 4646.76 4645.448 4644.137 4643.162 4647.663 4652.163 4656.664 4661.165 4666.708 4673.207 4679.706 4686.206 4692.705
4657.18 4650.841 4644.502 4638.163 4633.798 4629.522 4625.247 4620.971 4617.089 4613.748 4610.408 4607.067 4603.727 4601.27 4598.927 4596.585 4594.243 4593.026 4593.918 4594.811 4595.703 4596.595 4602.724 4610.068 4617.413 4624.757 4632.814 4642.747 4652.68 4662.613 4672.546 4678.761 4683.664 4688.567 4693.47 4697.369 4697.322 4697.275 4697.229 4697.182 4693.971 4689.178 4684.385 4679.593 4674.808 4670.072 4665.337 4660.602 4655.867 4653.028 4651.484 4649.941 4648.397 4647.173 4651.145 4655.116 4659.087 4663.059 4668.199 4674.413 4680.625 4686.838 4693.051
4662.27 4656.189 4650.11 4644.03 4640.306 4636.689 4633.073 4629.456 4626.244 4623.589 4620.934 4618.279 4615.625 4612.497 4609.307 4606.118 4602.928 4600.605 4599.91 4599.215 4598.52 4597.825 4602.712 4608.896 4615.08 4621.263 4628.565 4638.812 4649.057 4659.304 4669.549 4676.226 4681.641 4687.057 4692.473 4696.856 4697.182 4697.508 4697.834 4698.16 4695.541 4691.45 4687.359 4683.269 4679.117 4674.56 4670.003 4665.446 4660.889 4657.985 4656.209 4654.433 4652.657 4651.184 4654.626 4658.068 4661.51 4664.953 4669.691 4675.618 4681.545 4687.472 4693.398
4667.359 4661.539 4655.718 4649.897 4646.814 4643.856 4640.898 4637.94 4635.398 4633.429 4631.46 4629.491 4627.522 4623.725 4619.688 4615.65 4611.612 4608.186 4605.903 4603.62 4601.337 4599.054 4602.701 4607.724 4612.747 4617.769 4624.316 4634.875 4645.435 4655.994 4666.553 4673.69 4679.619 4685.548 4691.477 4696.344 4697.042 4697.741 4698.439 4699.138 4697.111 4693.723 4690.333 4686.944 4683.426 4679.048 4674.669 4670.291 4665.912 4662.941 4660.934 4658.925 4656.917 4655.194 4658.107 4661.021 4663.934 4666.847 4671.183 4676.824 4682.464 4688.105 4693.746
4672.449 4666.887 4661.326 4655.764 4653.323 4651.024 4648.725 4646.425 4644.553 4643.27 4641.987 4640.704 4639.42 4634.953 4630.068 4625.183 4620.298 4615.766 4611.895 4608.025 4604.154 4600.284 4602.689 4606.551 4610.413 4614.275 4620.067 4630.939 4641.812 4652.685 4663.557 4671.154 4677.596 4684.038 4690.48 4695.832 4696.903 4697.974 4699.045 4700.116 4698.682 4695.995 4693.308 4690.621 4687.736 4683.536 4679.335 4675.135 4670.934 4667.898 4665.658 4663.418 4661.178 4659.206 4661.589 4663.973 4666.357 4668.741 4672.675 4678.029 4683.383 4688.738 4694.092
4675.951 4670.817 4665.684 4660.551 4658.845 4657.294 4655.744 4654.193 4653.016 4652.354 4651.692 4651.029 4650.367 4645.668 4640.439 4635.211 4629.982 4624.814 4619.759 4614.704 4609.649 4604.594 4605.873 4608.622 4611.371 4614.12 4619.027 4629.616 4640.204 4650.792 4661.38 4669.102 4675.812 4682.521 4689.231 4694.875 4696.333 4697.791 4699.248 4700.706 4699.75 4697.587 4695.425 4693.262 4690.864 4686.898 4682.933 4678.967 4675.0 4671.974 4669.589 4667.204 4664.819 4662.688 4664.689 4666.69 4668.691 4670.693 4674.292 4679.354 4684.417 4689.479 4694.542
4677.997 4673.447 4668.896 4664.346 4663.461 4662.742 4662.023 4661.305 4660.846 4660.745 4660.644 4660.543 4660.443 4655.914 4650.804 4645.694 4640.584 4635.21 4629.34 4623.469 4617.599 4611.729 4611.986 4613.666 4615.346 4617.025 4620.929 4630.686 4640.443 4650.2 4659.957 4667.493 4674.246 4680.999 4687.751 4693.511 4695.369 4697.226 4699.083 4700.94 4700.358 4698.558 4696.757 4694.956 4692.91 4689.23 4685.551 4681.871 4678.191 4675.242 4672.792 4670.342 4667.893 4665.686 4667.439 4669.192 4670.945 4672.698 4676.022 4680.788 4685.554 4690.319 4695.085
4680.043 4676.076 4672.109 4668.142 4668.077 4668.19 4668.303 4668.416 4668.675 4669.135 4669.596 4670.057 4670.518 4666.159 4661.168 4656.177 4651.186 4645.605 4638.92 4632.234 4625.548 4618.862 4618.099 4618.709 4619.32 4619.931 4622.831 4631.756 4640.682 4649.607 4658.532 4665.884 4672.68 4679.476 4686.272 4692.147 4694.404 4696.661 4698.917 4701.174 4700.967 4699.528 4698.089 4696.65 4694.956 4691.563 4688.169 4684.775 4681.382 4678.51 4675.996 4673.481 4670.966 4668.685 4670.189 4671.693 4673.198 4674.703 4677.753 4682.222 4686.691 4691.16 4695.628
4682.089 4678.705 4675.321 4671.938 4672.693 4673.638 4674.583 4675.527 4676.504 4677.526 4678.548 4679.571 4680.593 4676.405 4671.532 4666.66 4661.788 4656.001 4648.5 4640.999 4633.498 4625.997 4624.211 4623.753 4623.295 4622.836 4624.733 4632.827 4640.92 4649.014 4657.108 4664.275 4671.114 4677.954 4684.792 4690.783 4693.439 4696.096 4698.752 4701.408 4701.576 4700.499 4699.421 4698.344 4697.001 4693.895 4690.787 4687.68 4684.572 4681.779 4679.199 4676.62 4674.04 4671.683 4672.939 4674.195 4675.451 4676.708 4679.485 4683.656 4687.828 4692.0 4696.171
4684.135 4681.334 4678.534 4675.733 4677.31 4679.086 4680.862 4682.638 4684.333 4685.917 4687.5 4689.084 4690.668 4686.65 4681.896 4677.143 4672.39 4666.397 4658.08 4649.764 4641.447 4633.131 4630.324 4628.797 4627.27 4625.742 4626.635 4633.897 4641.159 4648.422 4655.684 4662.666 4669.548 4676.431 4683.313 4689.419 4692.475 4695.531 4698.587 4701.643 4702.184 4701.469 4700.753 4700.038 4699.047 4696.226 4693.405 4690.584 4687.763 4685.047 4682.402 4679.758 4677.114 4674.681 4675.689 4676.697 4677.705 4678.712 4681.216 4685.09 4688.965 4692.84 4696.714
4687.601 4685.218 4682.836 4680.453 4682.442 4684.629 4686.816 4689.003 4691.003 4692.744 4694.485 4696.226 4697.967 4693.973 4689.226 4684.48 4679.733 4673.856 4665.857 4657.859 4649.861 4641.863 4638.779 4636.837 4634.896 4632.953 4633.235 4639.368 4645.5 4651.633 4657.766 4664.174 4670.679 4677.184 4683.689 4689.537 4692.801 4696.065 4699.329 4702.593 4703.299 4702.727 4702.155 4701.583 4700.718 4697.901 4695.084 4692.268 4689.451 4686.805 4684.277 4681.749 4679.221 4676.895 4677.856 4678.818 4679.78 4680.741 4683.176 4686.961 4690.747 4694.532 4698.317
4691.087 4689.121 4687.154 4685.188 4687.581 4690.173 4692.766 4695.358 4697.656 4699.548 4701.44 4703.332 4705.224 4701.252 4696.511 4691.771 4687.029 4681.272 4673.608 4665.945 4658.281 4650.618 4647.269 4644.922 4642.575 4640.228 4639.903 4644.902 4649.901 4654.9 4659.898 4665.728 4671.849 4677.971 4684.093 4689.677 4693.146 4696.615 4700.084 4703.553 4704.421 4703.99 4703.559 4703.127 4702.384 4699.567 4696.75 4693.934 4691.116 4688.542 4686.132 4683.723 4681.313 4679.097 4680.016 4680.934 4681.852 4682.771 4685.14 4688.838 4692.537 4696.236 4699.935
4694.574 4693.023 4691.473 4689.921 4692.721 4695.718 4698.715 4701.712 4704.309 4706.352 4708.396 4710.438 4712.482 4708.532 4703.797 4699.061 4694.326 4688.688 4681.359 4674.031 4666.702 4659.373 4655.759 4653.007 4650.254 4647.502 4646.572 4650.437 4654.302 4658.167 4662.031 4667.281 4673.02 4678.758 4684.497 4689.816 4693.491 4697.165 4700.839 4704.513 4705.544 4705.253 4704.962 4704.67 4704.05 4701.233 4698.416 4695.599 4692.782 4690.278 4687.987 4685.697 4683.406 4681.299 4682.174 4683.049 4683.925 4684.8 4687.104 4690.716 4694.328 4697.94 4701.553
4698.061 4696.926 4695.791 4694.655 4697.86 4701.263 4704.665 4708.067 4710.961 4713.156 4715.351 4717.545 4719.739 4715.812 4711.082 4706.352 4701.622 4696.104 4689.11 4682.116 4675.122 4668.128 4664.248 4661.091 4657.934 4654.777 4653.241 4655.972 4658.703 4661.434 4664.165 4668.835 4674.19 4679.545 4684.9 4689.956 4693.835 4697.715 4701.594 4705.474 4706.667 4706.516 4706.365 4706.214 4705.716 4702.899 4700.082 4697.265 4694.448 4692.014 4689.842 4687.67 4685.499 4683.501 4684.333 4685.165 4685.997 4686.829 4689.067 4692.593 4696.119 4699.645 4703.171
4704.353 4703.479 4702.604 4701.729 4704.85 4708.153 4711.455 4714.758 4717.562 4719.68 4721.797 4723.915 4726.033 4722.108 4717.39 4712.673 4707.955 4702.54 4695.815 4689.09 4682.366 4675.641 4671.637 4668.264 4664.891 4661.518 4659.569 4661.364 4663.16 4664.956 4666.752 4670.866 4675.799 4680.732 4685.665 4690.42 4694.475 4698.531 4702.586 4706.642 4708.052 4708.138 4708.225 4708.312 4708.009 4705.115 4702.22 4699.326 4696.431 4693.991 4691.86 4689.729 4687.599 4685.644 4686.546 4687.45 4688.353 4689.255 4691.569 4695.176 4698.783 4702.39 4705.997
4714.084 4713.279 4712.475 4711.67 4714.107 4716.692 4719.276 4721.86 4724.099 4725.86 4727.622 4729.383 4731.145 4727.197 4722.501 4717.805 4713.109 4707.773 4701.238 4694.702 4688.167 4681.631 4677.675 4674.318 4670.962 4667.605 4665.477 4666.582 4667.687 4668.791 4669.896 4673.483 4677.946 4682.409 4686.872 4691.281 4695.477 4699.673 4703.869 4708.065 4709.759 4710.202 4710.645 4711.088 4711.073 4708.006 4704.938 4701.871 4698.804 4696.261 4694.076 4691.892 4689.707 4687.713 4688.827 4689.94 4691.054 4692.167 4694.731 4698.624 4702.517 4706.41 4710.303
4723.815 4723.081 4722.346 4721.612 4723.365 4725.231 4727.098 4728.964 4730.636 4732.041 4733.446 4734.851 4736.256 4732.287 4727.612 4722.938 4718.263 4713.007 4706.661 4700.314 4693.967 4687.621 4683.714 4680.374 4677.033 4673.692 4671.386 4671.799 4672.213 4672.626 4673.04 4676.1 4680.093 4684.086 4688.08 4692.143 4696.479 4700.815 4705.151 4709.488 4711.466 4712.265 4713.065 4713.864 4714.137 4710.896 4707.656 4704.417 4701.176 4698.531 4696.292 4694.054 4691.815 4689.783 4691.107 4692.431 4693.755 4695.079 4697.893 4702.072 4706.251 4710.431 4714.61
4733.545 4732.881 4732.217 4731.553 4732.623 4733.771 4734.918 4736.066 4737.173 4738.221 4739.27 4740.319 4741.367 4737.375 4732.723 4728.07 4723.417 4718.241 4712.083 4705.926 4699.768 4693.61 4689.752 4686.428 4683.104 4679.78 4677.294 4677.017 4676.739 4676.461 4676.184 4678.716 4682.239 4685.763 4689.287 4693.003 4697.48 4701.957 4706.434 4710.911 4713.173 4714.329 4715.485 4716.641 4717.2 4713.788 4710.375 4706.961 4703.548 4700.801 4698.509 4696.216 4693.923 4691.853 4693.387 4694.922 4696.457 4697.991 4701.055 4705.52 4709.986 4714.451 4718.917
4743.276 4742.682 4742.088 4741.495 4741.88 4742.31 4742.739 4743.169 4743.709 4744.402 4745.094 4745.787 4746.479 4742.465 4737.833 4733.203 4728.571 4723.475 4717.506 4711.538 4705.569 4699.6 4695.791 4692.483 4689.175 4685.867 4683.203 4682.234 4681.266 4680.297 4679.328 4681.333 4684.386 4687.44 4690.494 4693.865 4698.482 4703.099 4707.716 4712.333 4714.88 4716.393 4717.905 4719.417 4720.264 4716.678 4713.092 4709.507 4705.921 4703.071 4700.725 4698.378 4696.032 4693.922 4695.667 4697.413 4699.158 4700.903 4704.217 4708.968 4713.72 4718.472 4723.223
4753.397 4752.731 4752.064 4751.397 4751.192 4751.007 4750.822 4750.637 4750.638 4750.896 4751.152 4751.41 4751.667 4747.613 4742.993 4738.374 4733.754 4728.74 4722.985 4717.229 4711.475 4705.72 4701.916 4698.564 4695.213 4691.863 4689.078 4687.783 4686.488 4685.193 4683.897 4685.823 4688.885 4691.948 4695.01 4698.392 4703.031 4707.67 4712.31 4716.949 4719.504 4721.018 4722.531 4724.045 4724.896 4721.335 4717.774 4714.212 4710.651 4707.776 4705.371 4702.965 4700.56 4698.401 4700.253 4702.105 4703.958 4705.81 4709.021 4713.477 4717.933 4722.389 4726.845
4763.556 4762.803 4762.05 4761.296 4760.509 4759.719 4758.929 4758.14 4757.604 4757.418 4757.233 4757.047 4756.862 4752.766 4748.157 4743.548 4738.94 4734.008 4728.468 4722.929 4717.39 4711.851 4708.048 4704.649 4701.249 4697.85 4694.949 4693.363 4691.776 4690.189 4688.603 4690.493 4693.608 4696.725 4699.841 4703.269 4707.918 4712.568 4717.218 4721.868 4724.406 4725.887 4727.368 4728.849 4729.678 4726.16 4722.642 4719.124 4715.605 4712.713 4710.249 4707.783 4705.318 4703.109 4705.059 4707.008 4708.958 4710.907 4713.981 4718.086 4722.191 4726.297 4730.402
4773.714 4772.875 4772.036 4771.196 4769.826 4768.431 4767.037 4765.643 4764.57 4763.942 4763.313 4762.685 4762.057 4757.919 4753.321 4748.724 4744.125 4739.275 4733.952 4728.629 4723.306 4717.983 4714.182 4710.733 4707.285 4703.837 4700.821 4698.943 4697.065 4695.187 4693.309 4695.162 4698.332 4701.502 4704.672 4708.145 4712.806 4717.466 4722.127 4726.788 4729.307 4730.756 4732.205 4733.653 4734.46 4730.985 4727.51 4724.036 4720.561 4717.65 4715.126 4712.602 4710.077 4707.818 4709.865 4711.911 4713.958 4716.004 4718.942 4722.696 4726.45 4730.205 4733.958
4783.873 4782.947 4782.021 4781.095 4779.143 4777.144 4775.145 4773.145 4771.536 4770.465 4769.394 4768.323 4767.251 4763.072 4758.485 4753.898 4749.311 4744.543 4739.436 4734.329 4729.222 4724.115 4720.314 4716.817 4713.321 4709.824 4706.692 4704.523 4702.353 4700.184 4698.014 4699.831 4703.055 4706.279 4709.503 4713.021 4717.692 4722.364 4727.036 4731.708 4734.208 4735.625 4737.042 4738.458 4739.242 4735.81 4732.378 4728.947 4725.515 4722.587 4720.003 4717.419 4714.836 4712.526 4714.67 4716.814 4718.958 4721.102 4723.902 4727.306 4730.709 4734.112 4737.515
4793.592 4792.563 4791.535 4790.506 4788.095 4785.622 4783.148 4780.674 4778.589 4777.041 4775.492 4773.944 4772.396 4768.142 4763.533 4758.924 4754.315 4749.6 4744.684 4739.769 4734.853 4729.938 4726.22 4722.78 4719.34 4715.901 4712.8 4710.591 4708.382 4706.173 4703.964 4705.904 4709.309 4712.713 4716.117 4719.737 4724.206 4728.675 4733.144 4737.612 4739.922 4741.154 4742.385 4743.617 4744.243 4740.832 4737.421 4734.01 4730.599 4727.69 4725.125 4722.559 4719.993 4717.701 4719.856 4722.012 4724.167 4726.323 4728.996 4732.144 4735.292 4738.44 4741.587
4802.584 4801.426 4800.268 4799.109 4796.445 4793.712 4790.979 4788.247 4785.787 4783.704 4781.621 4779.538 4777.455 4773.072 4768.387 4763.703 4759.019 4754.306 4749.542 4744.777 4740.013 4735.249 4731.748 4728.541 4725.333 4722.125 4719.297 4717.466 4715.635 4713.804 4711.974 4714.299 4718.092 4721.886 4725.679 4729.496 4733.408 4737.321 4741.233 4745.146 4746.979 4747.773 4748.567 4749.361 4749.605 4746.178 4742.75 4739.324 4735.896 4733.068 4730.647 4728.228 4725.808 4723.645 4725.671 4727.697 4729.723 4731.75 4734.31 4737.36 4740.411 4743.462 4746.512
