data/zism_data/00847_03_D.txt
ncols         224
nrows         224
[rows 112 to 139 of 224, columns 128 to 191 of 224]
760.72 765.3634 770.0068 773.1434 775.121 777.0985 779.076 781.0345 781.6927 782.3511 783.0093 783.6676 784.4357 785.3307 786.2256 787.1206 788.0156 789.0576 790.1135 791.1694 792.2254 792.8857 792.8498 792.8139 792.778 792.7421 789.7979 786.1787 782.5595 778.9404 773.8303 764.4963 755.1624 745.8283 736.4943 728.8172 721.8163 714.8155 707.8148 701.7136 700.3569 699.0002 697.6434 696.2867 695.3369 694.6487 693.9606 693.2725 692.5947 692.0854 691.576 691.0667 690.5574 690.0766 689.6234 689.1702 688.717 688.2639 687.7634 687.2607 686.7581 686.2554 685.0325 682.755
752.7114 757.9169 763.1223 766.7659 769.2083 771.6506 774.0929 776.5128 777.4143 778.3158 779.2173 780.1188 781.2453 782.6321 784.0189 785.4056 786.7924 788.3705 789.9669 791.5633 793.1596 794.329 794.7471 795.1651 795.5831 796.0012 793.6382 790.6297 787.6212 784.6127 779.8765 770.2452 760.614 750.9828 741.3515 732.9819 725.1271 717.2725 709.4178 702.5654 700.9979 699.4304 697.8629 696.2954 695.2039 694.4185 693.6331 692.8477 692.0757 691.5232 690.9706 690.4181 689.8655 689.4511 689.1708 688.8906 688.6104 688.3301 688.1577 687.9901 687.8224 687.6548 686.6662 684.4751
745.821 751.1053 756.3895 760.2914 763.1301 765.9688 768.8074 771.6267 773.1349 774.6431 776.1513 777.6595 779.3751 781.3307 783.2862 785.2418 787.1973 788.9318 790.6451 792.3585 794.0719 795.3379 795.8164 796.2949 796.7734 797.252 795.2885 792.758 790.2275 787.6971 783.3529 773.8692 764.3855 754.9018 745.4181 736.5972 728.0469 719.4965 710.9464 703.4796 701.7271 699.9744 698.2218 696.4692 695.306 694.5217 693.7373 692.9529 692.1845 691.6743 691.164 690.6537 690.1435 689.829 689.7045 689.5801 689.4557 689.3313 689.3633 689.4025 689.4417 689.4809 688.7335 686.8341
739.2255 744.4611 749.6967 753.7913 757.0082 760.2252 763.4421 766.6445 768.8553 771.066 773.2767 775.4874 777.853 780.3976 782.9422 785.4868 788.0314 789.822 791.5408 793.2596 794.9784 796.2322 796.6675 797.1028 797.538 797.9733 796.3613 794.274 792.1867 790.0995 786.1518 776.9329 767.7141 758.4951 749.2762 740.0677 730.8635 721.6592 712.4551 704.4103 702.4794 700.5485 698.6175 696.6866 695.47 694.7127 693.9553 693.198 692.4588 692.0134 691.568 691.1226 690.6772 690.4714 690.4983 690.5251 690.5521 690.579 690.783 690.9951 691.2073 691.4194 690.915 689.3616
732.6299 737.8168 743.0037 747.2911 750.8863 754.4816 758.0768 761.6622 764.5755 767.4888 770.4021 773.3154 776.3309 779.4645 782.5982 785.7319 788.8656 790.7123 792.4366 794.1608 795.8849 797.1265 797.5186 797.9106 798.3027 798.6947 797.4342 795.79 794.1459 792.5018 788.9508 779.9967 771.0426 762.0886 753.1345 743.5383 733.6802 723.822 713.964 705.3411 703.2318 701.1225 699.0132 696.9039 695.634 694.9037 694.1734 693.4431 692.7331 692.3525 691.972 691.5914 691.2109 691.1138 691.292 691.4702 691.6484 691.8267 692.2027 692.5878 692.9728 693.3579 693.0967 691.8891
726.0344 731.1727 736.3109 740.7909 744.7645 748.738 752.7116 756.68 760.2958 763.9117 767.5275 771.1433 774.8087 778.5315 782.2542 785.977 789.6997 791.6027 793.3323 795.0619 796.7914 798.0208 798.3696 798.7184 799.0673 799.4161 798.5071 797.3061 796.1051 794.9041 791.7497 783.0604 774.3712 765.6819 756.9926 747.0089 736.4968 725.9847 715.4728 706.2718 703.9841 701.6965 699.4089 697.1213 695.798 695.0948 694.3915 693.6882 693.0074 692.6917 692.376 692.0602 691.7446 691.7562 692.0857 692.4152 692.7448 693.0743 693.6224 694.1804 694.7383 695.2964 695.2783 694.4166
720.5906 725.6463 730.7019 735.3564 739.7024 744.0484 748.3943 752.739 756.9968 761.2546 765.5125 769.7702 773.9832 778.1443 782.3054 786.4665 790.6276 792.525 794.2069 795.8887 797.5705 798.751 799.0493 799.3474 799.6456 799.9438 799.3082 798.4558 797.6035 796.751 793.9114 785.4412 776.9709 768.5006 760.0303 749.7601 738.7551 727.7501 716.7454 707.1073 704.6768 702.2463 699.8158 697.3853 696.0217 695.3439 694.6662 693.9884 693.3353 693.083 692.8307 692.5784 692.326 692.4291 692.8775 693.3258 693.7742 694.2225 694.8903 695.5681 696.2458 696.9236 697.0954 696.5264
718.208 723.0908 727.9735 732.7545 737.4571 742.1597 746.8624 751.5655 756.3043 761.0431 765.7819 770.5206 775.009 779.208 783.4069 787.6058 791.8048 793.5328 795.0255 796.5182 798.0109 799.0453 799.2733 799.5012 799.7291 799.957 799.3871 798.632 797.877 797.1218 794.3795 786.0065 777.6335 769.2605 760.8875 750.5994 739.5295 728.4597 717.3901 707.6898 705.2106 702.7315 700.2523 697.7732 696.4037 695.7476 695.0914 694.4353 693.806 693.6132 693.4203 693.2274 693.0345 693.1833 693.6641 694.145 694.6257 695.1065 695.755 696.4111 697.0673 697.7234 697.9438 697.5261
715.8255 720.5353 725.2451 730.1525 735.2118 740.2711 745.3304 750.392 755.6118 760.8315 766.0513 771.271 776.0349 780.2717 784.5084 788.7452 792.9819 794.5405 795.8441 797.1476 798.4512 799.3395 799.4973 799.6549 799.8126 799.9703 799.4661 798.8083 798.1505 797.4926 794.8475 786.5718 778.2961 770.0204 761.7446 751.4387 740.304 729.1693 718.0349 708.2723 705.7444 703.2167 700.6889 698.1611 696.7858 696.1512 695.5167 694.8822 694.2767 694.1433 694.0099 693.8765 693.743 693.9376 694.4508 694.964 695.4772 695.9904 696.6197 697.2542 697.8887 698.5232 698.7921 698.5258
713.4431 717.9799 722.5167 727.5505 732.9665 738.3825 743.7985 749.2186 754.9193 760.62 766.3207 772.0214 777.0607 781.3353 785.6099 789.8845 794.1591 795.5483 796.6627 797.7771 798.8915 799.6338 799.7212 799.8087 799.8961 799.9835 799.545 798.9845 798.424 797.8634 795.3156 787.1371 778.9587 770.7802 762.6018 752.278 741.0784 729.8789 718.6796 708.8547 706.2783 703.7019 701.1255 698.5491 697.1678 696.5549 695.942 695.3291 694.7474 694.6735 694.5995 694.5255 694.4515 694.6918 695.2375 695.7831 696.3287 696.8744 697.4843 698.0972 698.7101 699.323 699.6405 699.5255
711.0605 715.4245 719.7884 724.9485 730.7212 736.4939 742.2665 748.0451 754.2268 760.4085 766.5901 772.7717 778.0865 782.399 786.7114 791.0239 795.3362 796.556 797.4813 798.4066 799.3318 799.928 799.9452 799.9624 799.9796 799.9968 799.624 799.1607 798.6974 798.2341 795.7836 787.7025 779.6213 771.5401 763.4589 753.1172 741.8528 730.5885 719.3243 709.4372 706.8121 704.1871 701.562 698.937 697.5499 696.9586 696.3673 695.776 695.2182 695.2036 695.1891 695.1746 695.16 695.446 696.0241 696.6022 697.1802 697.7583 698.349 698.9403 699.5316 700.1229 700.4889 700.5251
710.4777 714.7994 719.121 724.3029 730.1464 735.99 741.8336 747.6832 753.9417 760.2002 766.4587 772.7171 778.0812 782.411 786.7409 791.0707 795.4006 796.5797 797.4586 798.3376 799.2166 799.7504 799.6769 799.6035 799.53 799.4565 798.8773 798.1806 797.4839 796.7872 794.2365 786.4322 778.6279 770.8236 763.0193 753.251 742.6812 732.1113 721.5416 712.1979 709.3201 706.4423 703.5644 700.6866 699.087 698.3091 697.5313 696.7534 696.0176 695.9645 695.9114 695.8584 695.8053 696.0578 696.6071 697.1563 697.7055 698.2548 698.8392 699.4252 700.0112 700.5972 700.9817 701.0713
710.4777 714.7994 719.121 724.2906 730.1126 735.9346 741.7565 747.584 753.7885 759.9929 766.1974 772.4018 777.7419 782.0826 786.4232 790.7639 795.1046 796.2845 797.1635 798.0425 798.9214 799.4201 799.2493 799.0786 798.9078 798.7371 797.8632 796.826 795.7889 794.7518 792.0367 784.5675 777.0983 769.6291 762.1599 753.1565 743.5269 733.8973 724.2679 715.6638 712.4672 709.2705 706.0738 702.8771 700.9982 699.9664 698.9345 697.9026 696.9235 696.8002 696.6768 696.5535 696.4302 696.6234 697.124 697.6246 698.1252 698.6258 699.2081 699.7941 700.3801 700.966 701.3594 701.4705
710.4777 714.7994 719.121 724.2784 730.0787 735.8791 741.6794 747.4849 753.6353 759.7857 765.9362 772.0865 777.4026 781.7541 786.1055 790.457 794.8085 795.9894 796.8684 797.7474 798.6263 799.0897 798.8217 798.5536 798.2856 798.0176 796.8491 795.4714 794.0939 792.7163 789.837 782.7029 775.5687 768.4346 761.3004 753.0619 744.3726 735.6833 726.9943 719.1298 715.6143 712.0988 708.5832 705.0677 702.9094 701.6235 700.3377 699.0518 697.8293 697.6357 697.4422 697.2486 697.0551 697.1889 697.6409 698.0928 698.5448 698.9968 699.577 700.1629 700.7489 701.3349 701.737 701.8698
710.4777 714.7994 719.121 724.2662 730.0449 735.8236 741.6024 747.3857 753.4821 759.5785 765.6749 771.7712 777.0634 781.4256 785.7878 790.1501 794.5124 795.6943 796.5732 797.4523 798.3312 798.7594 798.394 798.0287 797.6635 797.2982 795.835 794.1169 792.3988 790.6808 787.6373 780.8382 774.0391 767.24 760.4409 752.9673 745.2184 737.4694 729.7206 722.5958 718.7614 714.927 711.0927 707.2583 704.8206 703.2808 701.7409 700.201 698.7352 698.4714 698.2075 697.9437 697.6799 697.7545 698.1578 698.5612 698.9645 699.3678 699.9458 700.5318 701.1178 701.7038 702.1147 702.2691
710.4583 714.7736 719.0887 724.2081 729.9459 735.6838 741.4216 747.163 753.1464 759.1297 765.113 771.0963 776.3156 780.6515 784.9874 789.3232 793.6591 794.8726 795.7888 796.705 797.6212 798.0448 797.6014 797.1581 796.7148 796.2714 794.5526 792.5377 790.5228 788.5079 785.3405 778.9072 772.474 766.0408 759.6075 752.8594 745.9828 739.1062 732.2297 725.8043 721.7576 717.7108 713.6641 709.6174 706.9451 705.1564 703.3677 701.579 699.8729 699.5093 699.1457 698.7821 698.4185 698.4238 698.7875 699.1512 699.5148 699.8785 700.4327 700.9957 701.5585 702.1215 702.5217 702.6836
710.3765 714.6648 718.9529 724.0024 729.6376 735.2728 740.908 746.5438 752.2245 757.9052 763.5859 769.2665 774.2559 778.4459 782.6358 786.8257 791.0157 792.3597 793.4326 794.5055 795.5784 796.0961 795.6365 795.1769 794.7174 794.2579 792.4088 790.2372 788.0656 785.8939 782.7319 776.7634 770.7949 764.8265 758.858 752.709 746.4863 740.2636 734.041 728.1859 724.2689 720.3519 716.4348 712.5178 709.7548 707.7338 705.7126 703.6915 701.7553 701.1971 700.639 700.0809 699.5227 699.4267 699.7795 700.1324 700.4853 700.8381 701.2988 701.7645 702.2301 702.6957 703.0228 703.1469
710.2947 714.556 718.8171 723.7969 729.3293 734.8619 740.3943 745.9246 751.3027 756.6807 762.0588 767.4368 772.1961 776.2402 780.2842 784.3282 788.3723 789.8467 791.0763 792.3059 793.5355 794.1473 793.6715 793.1957 792.72 792.2443 790.2649 787.9366 785.6082 783.2799 780.1232 774.6195 769.1158 763.6121 758.1085 752.5585 746.9897 741.421 735.8524 730.5676 726.7803 722.9929 719.2056 715.4183 712.5646 710.3112 708.0577 705.8041 703.6377 702.885 702.1323 701.3796 700.627 700.4296 700.7716 701.1136 701.4557 701.7977 702.1649 702.5333 702.9016 703.27 703.5239 703.6101
710.213 714.4472 718.6813 723.5912 729.0211 734.4509 739.8807 745.3054 750.3808 755.4562 760.5317 765.607 770.1364 774.0345 777.9327 781.8308 785.7289 787.3337 788.72 790.1064 791.4927 792.1985 791.7065 791.2146 790.7226 790.2307 788.1211 785.636 783.1509 780.6659 777.5146 772.4756 767.4368 762.3978 757.3589 752.4081 747.4932 742.5784 737.6636 732.9492 729.2916 725.634 721.9764 718.3187 715.3744 712.8885 710.4026 707.9167 705.5201 704.5729 703.6256 702.6783 701.7311 701.4324 701.7636 702.0948 702.4261 702.7573 703.031 703.3021 703.5732 703.8442 704.025 704.0734
710.1312 714.3384 718.5455 723.3857 728.7128 734.0399 739.3671 744.6862 749.4589 754.2318 759.0045 763.7772 768.0767 771.8289 775.5811 779.3333 783.0856 784.8207 786.3638 787.9069 789.45 790.2498 789.7416 789.2335 788.7252 788.217 785.9772 783.3354 780.6936 778.0519 774.906 770.3318 765.7577 761.1835 756.6094 752.2576 747.9967 743.7358 739.4749 735.3308 731.8029 728.275 724.7471 721.2192 718.1841 715.4658 712.7476 710.0293 707.4025 706.2607 705.1189 703.9771 702.8353 702.4352 702.7557 703.0761 703.3965 703.7169 703.8971 704.0709 704.2447 704.4185 704.5261 704.5367
709.5636 713.5727 717.5817 722.2777 727.5022 732.7266 737.951 743.1666 747.7728 752.379 756.9852 761.5914 765.7195 769.2947 772.8699 776.4451 780.0202 781.7731 783.3524 784.9316 786.5109 787.3618 786.9307 786.4996 786.0685 785.6374 783.5247 781.0217 778.5186 776.0156 773.0631 768.8371 764.6111 760.3851 756.159 752.1683 748.2736 744.3788 740.4841 736.6661 733.2523 729.8386 726.4248 723.011 720.0306 717.3289 714.627 711.9252 709.3089 708.0814 706.8539 705.6265 704.399 703.9058 704.126 704.3462 704.5664 704.7866 704.8582 704.9231 704.9879 705.0528 705.0676 705.0093
708.8066 712.5508 716.295 720.8179 725.9397 731.0615 736.1832 741.2959 745.7886 750.2814 754.7741 759.2668 763.2463 766.6323 770.0184 773.4044 776.7904 778.517 780.0854 781.6539 783.2224 784.1074 783.7899 783.4722 783.1547 782.837 780.9519 778.7028 776.4538 774.2048 771.5189 767.5956 763.6722 759.7488 755.8254 752.1027 748.462 744.8212 741.1805 737.5933 734.2875 730.9819 727.6762 724.3705 721.5015 718.9132 716.3249 713.7365 711.2246 709.9539 708.6832 707.4125 706.1418 705.5588 705.6439 705.729 705.8141 705.8992 705.8563 705.8077 705.7591 705.7104 705.625 705.4856
708.0495 711.529 715.0084 719.3581 724.3772 729.3962 734.4153 739.4252 743.8044 748.1837 752.5629 756.9421 760.7731 763.9699 767.1668 770.3637 773.5606 775.2608 776.8185 778.3762 779.9338 780.8531 780.649 780.4449 780.2408 780.0367 778.379 776.384 774.3889 772.3939 769.9748 766.354 762.7333 759.1125 755.4918 752.0372 748.6504 745.2637 741.877 738.5204 735.3228 732.1252 728.9276 725.73 722.9724 720.4976 718.0227 715.5479 713.1404 711.8264 710.5125 709.1985 707.8846 707.2117 707.1617 707.1118 707.0617 707.0117 706.8545 706.6923 706.5302 706.3681 706.1823 705.9619
707.2925 710.5071 713.7217 717.8983 722.8146 727.7311 732.6475 737.5544 741.8202 746.086 750.3517 754.6174 758.2998 761.3076 764.3153 767.3231 770.3308 772.0046 773.5515 775.0984 776.6452 777.5988 777.5081 777.4175 777.3269 777.2363 775.8062 774.0651 772.324 770.583 768.4306 765.1125 761.7943 758.4762 755.1581 751.9716 748.8389 745.7061 742.5734 739.4476 736.358 733.2686 730.179 727.0895 724.4432 722.0819 719.7206 717.3593 715.0562 713.699 712.3418 710.9846 709.6274 708.8647 708.6796 708.4945 708.3094 708.1243 707.8526 707.577 707.3014 707.0258 706.7396 706.4381
706.785 709.785 712.7849 716.789 721.5657 726.3425 731.1192 735.8865 740.0104 744.1344 748.2584 752.3823 755.8933 758.6956 761.4979 764.3001 767.1024 768.7426 770.2721 771.8016 773.3311 774.3167 774.345 774.3733 774.4016 774.4299 773.208 771.6959 770.1838 768.6718 766.767 763.7493 760.7316 757.7139 754.6963 751.7711 748.8836 745.9962 743.1087 740.209 737.2451 734.2811 731.317 728.353 725.8176 723.5578 721.298 719.0381 716.8289 715.4404 714.052 712.6636 711.2751 710.4302 710.1133 709.7963 709.4794 709.1624 708.7837 708.4022 708.0208 707.6393 707.2569 706.8732
707.2672 710.2509 713.2346 717.0698 721.5601 726.0504 730.5407 735.022 738.892 742.762 746.632 750.5019 753.7514 756.2834 758.8156 761.3476 763.8796 765.4568 766.9432 768.4294 769.9157 770.9246 771.0934 771.2623 771.431 771.5999 770.5097 769.1273 767.7449 766.3625 764.6297 761.9039 759.178 756.4522 753.7264 751.0354 748.3587 745.682 743.0053 740.3138 737.5444 734.7749 732.0055 729.236 726.8097 724.6039 722.3981 720.1923 718.0349 716.6627 715.2904 713.9182 712.546 711.6487 711.2129 710.777 710.3412 709.9053 709.4492 708.992 708.5349 708.0777 707.6153 707.1451
707.7493 710.7169 713.6843 717.3506 721.5545 725.7584 729.9622 734.1576 737.7736 741.3895 745.0056 748.6215 751.6094 753.8713 756.1331 758.395 760.6569 762.1711 763.6141 765.0572 766.5002 767.5325 767.8418 768.1511 768.4604 768.7698 767.8114 766.5587 765.306 764.0533 762.4924 760.0585 757.6245 755.1904 752.7564 750.2997 747.8338 745.3679 742.9019 740.4186 737.8438 735.2688 732.6939 730.119 727.8017 725.65 723.4982 721.3464 719.2409 717.8849 716.5289 715.1729 713.8168 712.8672 712.3125 711.7578 711.2031 710.6483 710.1146 709.5818 709.049 708.5162 707.9737 707.4171
708.2314 711.1827 714.134 717.6314 721.5488 725.4663 729.3837 733.2932 736.6552 740.0172 743.3792 746.741 749.4675 751.4592 753.4508 755.4424 757.4341 758.8854 760.2852 761.685 763.0848 764.1404 764.5903 765.0401 765.4899 765.9398 765.113 763.9901 762.8671 761.7441 760.3552 758.2131 756.0709 753.9287 751.7865 749.5641 747.3089 745.0537 742.7985 740.5234 738.1431 735.7627 733.3824 731.002 728.7937 726.696 724.5983 722.5006 720.4468 719.1071 717.7673 716.4274 715.0876 714.0858 713.4121 712.7385 712.0649 711.3913 710.78 710.1715 709.563 708.9546 708.3321 707.689
