data/zism_data/00857_02_D.txt
ncols         224
nrows         224
[rows 28 to 55 of 224, columns 64 to 127 of 224]
4356.27 4354.885 4353.5 4352.646 4351.818 4350.989 4350.161 4349.18 4347.988 4346.797 4345.605 4344.414 4342.735 4340.992 4339.249 4337.505 4335.807 4334.194 4332.58 4330.967 4329.353 4327.658 4325.945 4324.231 4322.518 4320.892 4319.495 4318.099 4316.703 4315.307 4313.672 4311.954 4310.236 4308.518 4306.96 4306.031 4305.103 4304.174 4303.245 4302.66 4302.245 4301.831 4301.417 4301.041 4300.924 4300.807 4300.689 4300.572 4300.489 4300.43 4300.371 4300.311 4300.254 4300.242 4300.229 4300.217 4300.205 4300.182 4300.151 4300.12 4300.088 4300.057 4300.044 4300.032
4357.868 4356.627 4355.387 4354.627 4353.89 4353.152 4352.414 4351.475 4350.256 4349.039 4347.82 4346.602 4344.839 4343.005 4341.171 4339.337 4337.581 4335.973 4334.365 4332.757 4331.148 4329.524 4327.896 4326.269 4324.641 4323.077 4321.68 4320.284 4318.888 4317.492 4315.822 4314.056 4312.289 4310.523 4308.91 4307.901 4306.892 4305.883 4304.874 4304.208 4303.714 4303.219 4302.725 4302.27 4302.077 4301.885 4301.693 4301.5 4301.327 4301.166 4301.005 4300.844 4300.69 4300.656 4300.623 4300.588 4300.555 4300.494 4300.409 4300.325 4300.24 4300.155 4300.121 4300.086
4359.467 4358.371 4357.274 4356.608 4355.961 4355.314 4354.668 4353.77 4352.525 4351.28 4350.035 4348.79 4346.944 4345.019 4343.094 4341.168 4339.355 4337.752 4336.15 4334.547 4332.944 4331.391 4329.848 4328.306 4326.764 4325.261 4323.865 4322.469 4321.073 4319.677 4317.971 4316.157 4314.342 4312.528 4310.86 4309.771 4308.682 4307.592 4306.503 4305.757 4305.182 4304.607 4304.033 4303.498 4303.231 4302.964 4302.696 4302.429 4302.165 4301.902 4301.639 4301.376 4301.126 4301.071 4301.015 4300.96 4300.905 4300.806 4300.668 4300.529 4300.391 4300.253 4300.196 4300.141
4361.065 4360.113 4359.162 4358.589 4358.033 4357.477 4356.921 4356.065 4354.793 4353.521 4352.25 4350.979 4349.048 4347.032 4345.016 4343.0 4341.129 4339.532 4337.935 4336.337 4334.74 4333.256 4331.8 4330.343 4328.887 4327.446 4326.05 4324.654 4323.258 4321.862 4320.121 4318.258 4316.396 4314.533 4312.811 4311.641 4310.471 4309.302 4308.132 4307.306 4306.651 4305.996 4305.34 4304.726 4304.384 4304.042 4303.7 4303.358 4303.002 4302.638 4302.274 4301.91 4301.562 4301.485 4301.408 4301.332 4301.255 4301.118 4300.926 4300.734 4300.542 4300.351 4300.272 4300.196
4362.666 4361.858 4361.05 4360.57 4360.105 4359.641 4359.176 4358.361 4357.063 4355.764 4354.466 4353.168 4351.155 4349.048 4346.942 4344.835 4342.907 4341.315 4339.723 4338.13 4336.538 4335.125 4333.753 4332.381 4331.009 4329.631 4328.234 4326.838 4325.441 4324.045 4322.269 4320.358 4318.448 4316.538 4314.762 4313.512 4312.262 4311.013 4309.763 4308.856 4308.122 4307.387 4306.652 4305.959 4305.542 4305.125 4304.708 4304.292 4303.846 4303.379 4302.913 4302.447 4302.002 4301.904 4301.805 4301.707 4301.608 4301.433 4301.187 4300.941 4300.696 4300.45 4300.35 4300.251
4364.567 4363.851 4363.134 4362.725 4362.33 4361.934 4361.539 4360.764 4359.466 4358.168 4356.87 4355.571 4353.54 4351.412 4349.284 4347.155 4345.201 4343.571 4341.941 4340.311 4338.681 4337.257 4335.879 4334.502 4333.125 4331.734 4330.306 4328.877 4327.449 4326.02 4324.255 4322.372 4320.488 4318.604 4316.837 4315.529 4314.221 4312.912 4311.604 4310.677 4309.943 4309.208 4308.473 4307.774 4307.314 4306.855 4306.396 4305.936 4305.402 4304.818 4304.234 4303.65 4303.09 4302.906 4302.721 4302.537 4302.353 4302.092 4301.761 4301.43 4301.098 4300.767 4300.597 4300.429
4366.47 4365.844 4365.218 4364.879 4364.554 4364.228 4363.902 4363.168 4361.87 4360.571 4359.273 4357.975 4355.924 4353.775 4351.625 4349.476 4347.494 4345.827 4344.16 4342.492 4340.825 4339.389 4338.006 4336.624 4335.242 4333.838 4332.377 4330.917 4329.456 4327.995 4326.242 4324.385 4322.528 4320.671 4318.914 4317.546 4316.179 4314.812 4313.444 4312.499 4311.764 4311.029 4310.294 4309.589 4309.087 4308.585 4308.083 4307.58 4306.959 4306.257 4305.556 4304.854 4304.177 4303.908 4303.638 4303.368 4303.098 4302.751 4302.334 4301.918 4301.501 4301.084 4300.844 4300.606
4368.372 4367.837 4367.302 4367.034 4366.778 4366.521 4366.266 4365.571 4364.273 4362.975 4361.677 4360.378 4358.309 4356.138 4353.967 4351.796 4349.788 4348.083 4346.378 4344.673 4342.969 4341.521 4340.133 4338.746 4337.358 4335.941 4334.448 4332.956 4331.463 4329.97 4328.228 4326.398 4324.568 4322.738 4320.99 4319.563 4318.137 4316.711 4315.285 4314.319 4313.584 4312.85 4312.115 4311.405 4310.86 4310.314 4309.769 4309.224 4308.516 4307.696 4306.877 4306.058 4305.265 4304.909 4304.554 4304.198 4303.843 4303.411 4302.908 4302.406 4301.903 4301.401 4301.091 4300.784
4370.273 4369.83 4369.386 4369.188 4369.002 4368.815 4368.629 4367.975 4366.677 4365.378 4364.081 4362.782 4360.693 4358.501 4356.309 4354.117 4352.081 4350.339 4348.597 4346.854 4345.112 4343.653 4342.26 4340.867 4339.474 4338.044 4336.52 4334.995 4333.47 4331.945 4330.214 4328.411 4326.608 4324.804 4323.065 4321.581 4320.095 4318.61 4317.125 4316.14 4315.405 4314.67 4313.936 4313.22 4312.632 4312.044 4311.456 4310.868 4310.073 4309.135 4308.198 4307.261 4306.353 4305.911 4305.47 4305.029 4304.588 4304.07 4303.482 4302.894 4302.306 4301.718 4301.338 4300.961
4372.222 4371.887 4371.553 4371.398 4371.251 4371.104 4370.957 4370.322 4369.015 4367.708 4366.4 4365.093 4362.992 4360.788 4358.583 4356.379 4354.328 4352.564 4350.801 4349.037 4347.274 4345.797 4344.387 4342.977 4341.567 4340.107 4338.516 4336.924 4335.333 4333.741 4332.021 4330.256 4328.491 4326.726 4325.012 4323.498 4321.984 4320.47 4318.956 4317.952 4317.203 4316.455 4315.706 4314.969 4314.311 4313.652 4312.994 4312.335 4311.466 4310.452 4309.439 4308.425 4307.438 4306.884 4306.33 4305.775 4305.221 4304.608 4303.941 4303.274 4302.607 4301.94 4301.511 4301.086
4374.23 4374.03 4373.829 4373.68 4373.533 4373.386 4373.239 4372.596 4371.267 4369.938 4368.609 4367.28 4365.177 4362.973 4360.768 4358.563 4356.513 4354.749 4352.986 4351.222 4349.458 4347.956 4346.514 4345.072 4343.629 4342.115 4340.411 4338.708 4337.003 4335.299 4333.59 4331.878 4330.167 4328.456 4326.786 4325.283 4323.779 4322.276 4320.773 4319.751 4318.971 4318.19 4317.409 4316.63 4315.865 4315.099 4314.333 4313.568 4312.643 4311.608 4310.573 4309.538 4308.522 4307.818 4307.114 4306.409 4305.705 4304.984 4304.248 4303.511 4302.775 4302.039 4301.587 4301.141
4376.239 4376.172 4376.105 4375.962 4375.815 4375.668 4375.521 4374.869 4373.519 4372.168 4370.818 4369.467 4367.362 4365.158 4362.953 4360.749 4358.698 4356.934 4355.17 4353.407 4351.644 4350.115 4348.641 4347.166 4345.692 4344.124 4342.307 4340.491 4338.675 4336.858 4335.159 4333.501 4331.843 4330.185 4328.561 4327.068 4325.575 4324.083 4322.59 4321.551 4320.738 4319.925 4319.112 4318.292 4317.419 4316.546 4315.674 4314.801 4313.819 4312.763 4311.707 4310.65 4309.606 4308.752 4307.897 4307.043 4306.189 4305.36 4304.555 4303.749 4302.943 4302.137 4301.664 4301.195
4378.248 4378.315 4378.382 4378.244 4378.097 4377.95 4377.803 4377.142 4375.77 4374.398 4373.027 4371.655 4369.547 4367.343 4365.138 4362.934 4360.883 4359.119 4357.355 4355.592 4353.829 4352.273 4350.767 4349.261 4347.754 4346.132 4344.203 4342.274 4340.346 4338.417 4336.728 4335.124 4333.519 4331.915 4330.335 4328.853 4327.371 4325.889 4324.407 4323.35 4322.505 4321.66 4320.815 4319.953 4318.973 4317.993 4317.014 4316.034 4314.997 4313.918 4312.841 4311.763 4310.69 4309.686 4308.682 4307.678 4306.674 4305.737 4304.861 4303.986 4303.11 4302.235 4301.739 4301.25
4380.256 4380.457 4380.658 4380.526 4380.379 4380.232 4380.085 4379.415 4378.022 4376.629 4375.236 4373.842 4371.732 4369.528 4367.323 4365.119 4363.067 4361.304 4359.541 4357.777 4356.013 4354.433 4352.894 4351.355 4349.817 4348.14 4346.099 4344.058 4342.017 4339.976 4338.297 4336.746 4335.195 4333.644 4332.109 4330.638 4329.167 4327.696 4326.225 4325.149 4324.272 4323.395 4322.518 4321.614 4320.527 4319.44 4318.354 4317.267 4316.173 4315.074 4313.975 4312.876 4311.773 4310.62 4309.466 4308.312 4307.158 4306.113 4305.168 4304.223 4303.278 4302.333 4301.815 4301.304
4382.01 4382.317 4382.625 4382.489 4382.333 4382.176 4382.021 4381.345 4379.953 4378.562 4377.17 4375.778 4373.717 4371.567 4369.417 4367.268 4365.235 4363.421 4361.607 4359.793 4357.979 4356.382 4354.834 4353.287 4351.739 4350.051 4347.993 4345.936 4343.878 4341.82 4340.069 4338.425 4336.781 4335.138 4333.517 4331.983 4330.449 4328.916 4327.382 4326.186 4325.157 4324.129 4323.102 4322.056 4320.894 4319.732 4318.571 4317.409 4316.242 4315.071 4313.9 4312.729 4311.557 4310.344 4309.132 4307.919 4306.707 4305.646 4304.723 4303.799 4302.876 4301.953 4301.518 4301.091
4383.72 4384.129 4384.538 4384.396 4384.229 4384.063 4383.896 4383.217 4381.831 4380.444 4379.058 4377.671 4375.667 4373.582 4371.497 4369.411 4367.399 4365.527 4363.654 4361.781 4359.909 4358.295 4356.742 4355.189 4353.636 4351.944 4349.887 4347.829 4345.771 4343.714 4341.875 4340.114 4338.353 4336.591 4334.861 4333.252 4331.644 4330.035 4328.427 4327.091 4325.892 4324.692 4323.493 4322.29 4321.059 4319.827 4318.596 4317.365 4316.122 4314.871 4313.62 4312.368 4311.117 4309.862 4308.607 4307.352 4306.097 4305.034 4304.148 4303.263 4302.377 4301.491 4301.157 4300.831
4385.43 4385.941 4386.452 4386.304 4386.126 4385.949 4385.771 4385.088 4383.707 4382.326 4380.945 4379.564 4377.618 4375.596 4373.575 4371.554 4369.564 4367.632 4365.701 4363.77 4361.838 4360.209 4358.651 4357.092 4355.534 4353.838 4351.78 4349.723 4347.665 4345.608 4343.682 4341.803 4339.924 4338.044 4336.205 4334.521 4332.838 4331.155 4329.471 4327.997 4326.626 4325.255 4323.885 4322.523 4321.223 4319.922 4318.621 4317.32 4316.001 4314.67 4313.338 4312.007 4310.678 4309.379 4308.082 4306.784 4305.486 4304.422 4303.574 4302.726 4301.877 4301.029 4300.796 4300.572
4387.141 4387.753 4388.365 4388.212 4388.023 4387.835 4387.647 4386.959 4385.584 4384.208 4382.833 4381.458 4379.568 4377.611 4375.654 4373.697 4371.729 4369.738 4367.748 4365.757 4363.767 4362.123 4360.559 4358.995 4357.431 4355.731 4353.674 4351.616 4349.559 4347.501 4345.489 4343.492 4341.495 4339.498 4337.549 4335.791 4334.033 4332.274 4330.516 4328.902 4327.36 4325.818 4324.276 4322.757 4321.387 4320.017 4318.646 4317.276 4315.881 4314.469 4313.057 4311.646 4310.238 4308.897 4307.557 4306.216 4304.875 4303.811 4303.0 4302.189 4301.378 4300.567 4300.435 4300.313
4388.722 4389.417 4390.111 4389.97 4389.79 4389.61 4389.431 4388.747 4387.368 4385.989 4384.609 4383.23 4381.389 4379.488 4377.586 4375.684 4373.734 4371.694 4369.654 4367.613 4365.573 4363.882 4362.273 4360.664 4359.055 4357.32 4355.255 4353.19 4351.125 4349.06 4346.97 4344.87 4342.77 4340.67 4338.625 4336.793 4334.961 4333.129 4331.297 4329.553 4327.852 4326.15 4324.449 4322.78 4321.324 4319.867 4318.411 4316.955 4315.485 4314.007 4312.528 4311.049 4309.579 4308.238 4306.898 4305.558 4304.217 4303.188 4302.446 4301.704 4300.962 4300.219 4300.164 4300.117
4389.967 4390.694 4391.421 4391.337 4391.216 4391.095 4390.975 4390.313 4388.908 4387.502 4386.096 4384.69 4382.875 4381.005 4379.135 4377.266 4375.328 4373.26 4371.193 4369.126 4367.059 4365.242 4363.483 4361.724 4359.965 4358.114 4356.022 4353.931 4351.839 4349.747 4347.602 4345.438 4343.274 4341.11 4338.999 4337.098 4335.196 4333.295 4331.394 4329.54 4327.71 4325.88 4324.051 4322.253 4320.668 4319.084 4317.499 4315.915 4314.374 4312.863 4311.352 4309.841 4308.347 4307.119 4305.891 4304.663 4303.435 4302.539 4301.946 4301.354 4300.761 4300.169 4300.125 4300.09
4391.212 4391.972 4392.73 4392.704 4392.643 4392.581 4392.519 4391.88 4390.448 4389.015 4387.583 4386.15 4384.36 4382.522 4380.685 4378.847 4376.92 4374.827 4372.733 4370.639 4368.545 4366.601 4364.692 4362.783 4360.875 4358.908 4356.79 4354.671 4352.552 4350.434 4348.234 4346.006 4343.778 4341.549 4339.374 4337.402 4335.432 4333.46 4331.489 4329.527 4327.569 4325.611 4323.653 4321.727 4320.014 4318.3 4316.587 4314.874 4313.262 4311.719 4310.176 4308.633 4307.115 4306.0 4304.884 4303.769 4302.653 4301.888 4301.446 4301.003 4300.561 4300.118 4300.087 4300.063
4392.458 4393.249 4394.04 4394.072 4394.069 4394.065 4394.063 4393.448 4391.988 4390.529 4389.069 4387.61 4385.845 4384.04 4382.234 4380.429 4378.514 4376.393 4374.272 4372.152 4370.031 4367.96 4365.902 4363.843 4361.784 4359.702 4357.557 4355.411 4353.266 4351.121 4348.867 4346.574 4344.282 4341.989 4339.748 4337.707 4335.667 4333.626 4331.585 4329.514 4327.428 4325.341 4323.255 4321.2 4319.358 4317.517 4315.675 4313.833 4312.15 4310.575 4309.0 4307.425 4305.884 4304.88 4303.877 4302.874 4301.871 4301.238 4300.945 4300.653 4300.36 4300.067 4300.049 4300.036
4393.703 4394.526 4395.35 4395.439 4395.495 4395.551 4395.606 4395.015 4393.528 4392.042 4390.556 4389.07 4387.33 4385.557 4383.784 4382.01 4380.107 4377.959 4375.812 4373.665 4371.517 4369.32 4367.111 4364.903 4362.694 4360.496 4358.324 4356.151 4353.979 4351.808 4349.499 4347.142 4344.786 4342.429 4340.122 4338.012 4335.902 4333.792 4331.682 4329.501 4327.287 4325.071 4322.856 4320.673 4318.703 4316.733 4314.763 4312.793 4311.039 4309.432 4307.825 4306.217 4304.652 4303.761 4302.87 4301.979 4301.088 4300.588 4300.445 4300.302 4300.159 4300.017 4300.011 4300.008
4394.595 4395.39 4396.186 4396.301 4396.386 4396.471 4396.556 4395.983 4394.504 4393.025 4391.545 4390.066 4388.276 4386.445 4384.614 4382.783 4380.833 4378.658 4376.484 4374.31 4372.135 4369.857 4367.555 4365.253 4362.951 4360.647 4358.339 4356.032 4353.725 4351.417 4349.078 4346.729 4344.379 4342.029 4339.733 4337.647 4335.561 4333.475 4331.389 4329.219 4327.007 4324.794 4322.583 4320.395 4318.367 4316.34 4314.313 4312.285 4310.502 4308.885 4307.269 4305.652 4304.081 4303.254 4302.426 4301.599 4300.772 4300.333 4300.25 4300.167 4300.084 4300.001 4300.0 4300.0
4395.335 4396.077 4396.819 4396.948 4397.049 4397.149 4397.25 4396.696 4395.238 4393.781 4392.323 4390.865 4388.992 4387.064 4385.137 4383.21 4381.187 4378.986 4376.785 4374.584 4372.383 4370.043 4367.672 4365.3 4362.928 4360.524 4358.035 4355.545 4353.056 4350.566 4348.208 4345.896 4343.583 4341.271 4339.018 4336.996 4334.974 4332.953 4330.931 4328.821 4326.668 4324.515 4322.361 4320.221 4318.167 4316.113 4314.059 4312.005 4310.21 4308.594 4306.977 4305.36 4303.792 4303.008 4302.223 4301.439 4300.654 4300.247 4300.186 4300.124 4300.063 4300.001 4300.0 4300.0
4396.076 4396.764 4397.453 4397.594 4397.711 4397.828 4397.945 4397.409 4395.973 4394.536 4393.1 4391.664 4389.708 4387.684 4385.661 4383.637 4381.542 4379.314 4377.086 4374.859 4372.631 4370.23 4367.789 4365.347 4362.906 4360.401 4357.729 4355.058 4352.387 4349.715 4347.337 4345.063 4342.788 4340.513 4338.302 4336.345 4334.387 4332.43 4330.472 4328.423 4326.329 4324.234 4322.14 4320.047 4317.967 4315.886 4313.805 4311.724 4309.919 4308.303 4306.686 4305.069 4303.503 4302.762 4302.02 4301.278 4300.537 4300.161 4300.121 4300.081 4300.041 4300.0 4300.0 4300.0
4396.816 4397.451 4398.086 4398.241 4398.374 4398.507 4398.64 4398.122 4396.707 4395.292 4393.877 4392.462 4390.424 4388.304 4386.184 4384.063 4381.897 4379.642 4377.388 4375.133 4372.879 4370.416 4367.905 4365.394 4362.883 4360.278 4357.425 4354.571 4351.718 4348.865 4346.467 4344.229 4341.992 4339.755 4337.587 4335.694 4333.801 4331.907 4330.014 4328.026 4325.99 4323.955 4321.919 4319.874 4317.767 4315.659 4313.551 4311.444 4309.628 4308.011 4306.395 4304.778 4303.215 4302.516 4301.817 4301.118 4300.419 4300.075 4300.057 4300.038 4300.019 4300.0 4300.0 4300.0
4397.516 4398.095 4398.674 4398.833 4398.973 4399.113 4399.252 4398.747 4397.351 4395.954 4394.558 4393.162 4391.051 4388.847 4386.642 4384.438 4382.208 4379.93 4377.652 4375.374 4373.096 4370.574 4367.997 4365.418 4362.841 4360.142 4357.125 4354.109 4351.092 4348.075 4345.655 4343.446 4341.237 4339.028 4336.891 4335.039 4333.187 4331.334 4329.482 4327.543 4325.562 4323.581 4321.6 4319.6 4317.479 4315.359 4313.239 4311.119 4309.302 4307.691 4306.082 4304.472 4302.917 4302.266 4301.614 4300.963 4300.312 4300.0 4300.0 4300.0 4300.0 4300.0 4300.0 4300.0
