data/zism_data/00858_01_D.txt
ncols         224
nrows         224
[rows 0 to 27 of 224, columns 126 to 188 of 224]
3803.678 3801.207 3800.079 3798.951 3797.823 3797.235 3798.175 3799.116 3800.056 3800.997 3803.182 3805.839 3808.497 3811.155 3814.824 3822.854 3830.884 3838.914 3846.944 3855.02 3863.121 3871.222 3879.323 3886.811 3889.63 3892.448 3895.267 3898.085 3899.363 3899.524 3899.685 3899.846 3899.984 3899.614 3899.244 3898.875 3898.505 3897.89 3897.037 3896.184 3895.331 3894.478 3894.273 3894.087 3893.902 3893.716 3891.973 3888.205 3884.437 3880.669 3876.902 3870.034 3862.817 3855.599 3848.382 3841.035 3833.461 3825.887 3818.313 3810.739 3802.104 3793.247 3784.389
3802.402 3800.44 3799.733 3799.027 3798.32 3798.204 3799.76 3801.316 3802.872 3804.428 3807.209 3810.455 3813.701 3816.947 3821.094 3829.118 3837.142 3845.167 3853.191 3860.709 3867.957 3875.205 3882.453 3889.131 3891.469 3893.807 3896.146 3898.483 3899.534 3899.652 3899.77 3899.887 3899.969 3899.265 3898.56 3897.856 3897.151 3896.037 3894.526 3893.014 3891.502 3889.99 3889.661 3889.368 3889.074 3888.78 3886.979 3883.216 3879.454 3875.691 3871.929 3865.261 3858.265 3851.269 3844.273 3837.032 3829.361 3821.689 3814.018 3806.347 3797.655 3788.749 3779.843
3801.126 3799.673 3799.388 3799.103 3798.817 3799.173 3801.344 3803.516 3805.688 3807.859 3811.236 3815.071 3818.905 3822.74 3827.363 3835.382 3843.401 3851.42 3859.439 3866.399 3872.793 3879.188 3885.583 3891.451 3893.309 3895.167 3897.024 3898.881 3899.705 3899.78 3899.854 3899.929 3899.955 3898.916 3897.876 3896.837 3895.798 3894.185 3892.014 3889.844 3887.673 3885.502 3885.049 3884.648 3884.246 3883.844 3881.984 3878.227 3874.47 3870.713 3866.956 3860.488 3853.713 3846.938 3840.164 3833.029 3825.26 3817.492 3809.723 3801.955 3793.206 3784.251 3775.297
3799.849 3798.907 3799.042 3799.178 3799.314 3800.141 3802.929 3805.716 3808.503 3811.29 3815.263 3819.686 3824.109 3828.533 3833.632 3841.646 3849.66 3857.673 3865.687 3872.088 3877.63 3883.171 3888.713 3893.771 3895.148 3896.525 3897.902 3899.279 3899.876 3899.907 3899.939 3899.97 3899.94 3898.566 3897.192 3895.818 3894.444 3892.332 3889.502 3886.673 3883.844 3881.015 3880.438 3879.928 3879.418 3878.909 3876.99 3873.238 3869.487 3865.735 3861.983 3855.714 3849.161 3842.608 3836.055 3829.026 3821.16 3813.294 3805.428 3797.563 3788.757 3779.754 3770.751
3799.009 3798.619 3799.227 3799.834 3800.441 3801.779 3805.186 3808.594 3812.001 3815.408 3819.942 3824.905 3829.868 3834.831 3840.333 3848.158 3855.983 3863.809 3871.634 3877.41 3882.094 3886.778 3891.462 3895.716 3896.685 3897.654 3898.623 3899.593 3899.99 3899.972 3899.954 3899.936 3899.841 3898.048 3896.254 3894.46 3892.667 3889.956 3886.355 3882.754 3879.153 3875.552 3874.65 3873.829 3873.008 3872.187 3870.148 3866.527 3862.905 3859.284 3855.663 3849.683 3843.438 3837.192 3830.947 3824.083 3816.132 3808.181 3800.23 3792.279 3783.471 3774.483 3765.495
3799.317 3799.591 3800.803 3802.015 3803.228 3805.177 3809.216 3813.255 3817.294 3821.333 3826.339 3831.712 3837.085 3842.458 3848.167 3855.323 3862.479 3869.634 3876.79 3881.767 3885.581 3889.396 3893.211 3896.67 3897.424 3898.177 3898.93 3899.683 3899.952 3899.869 3899.787 3899.704 3899.519 3897.083 3894.647 3892.211 3889.775 3886.205 3881.535 3876.865 3872.195 3867.525 3865.769 3864.1 3862.431 3860.762 3858.443 3855.281 3852.119 3848.956 3845.794 3840.342 3834.631 3828.919 3823.208 3816.666 3808.661 3800.656 3792.651 3784.646 3775.98 3767.176 3758.372
3799.625 3800.563 3802.38 3804.197 3806.014 3808.575 3813.246 3817.917 3822.587 3827.258 3832.735 3838.518 3844.302 3850.085 3856.001 3862.487 3868.974 3875.46 3881.946 3886.123 3889.068 3892.014 3894.959 3897.625 3898.162 3898.7 3899.237 3899.774 3899.915 3899.767 3899.62 3899.472 3899.197 3896.119 3893.04 3889.961 3886.883 3882.454 3876.715 3870.976 3865.237 3859.498 3856.887 3854.371 3851.854 3849.337 3846.739 3844.036 3841.333 3838.629 3835.926 3831.0 3825.824 3820.647 3815.471 3809.25 3801.191 3793.132 3785.073 3777.013 3768.49 3759.87 3751.249
3799.933 3801.535 3803.957 3806.378 3808.8 3811.973 3817.275 3822.578 3827.88 3833.183 3839.131 3845.325 3851.519 3857.713 3863.835 3869.652 3875.469 3881.286 3887.102 3890.479 3892.555 3894.631 3896.707 3898.58 3898.901 3899.222 3899.544 3899.865 3899.877 3899.665 3899.453 3899.24 3898.875 3895.154 3891.433 3887.712 3883.99 3878.703 3871.895 3865.087 3858.278 3851.47 3848.006 3844.641 3841.277 3837.912 3835.035 3832.79 3830.546 3828.302 3826.057 3821.658 3817.016 3812.375 3807.733 3801.833 3793.72 3785.607 3777.494 3769.381 3761.0 3752.563 3744.126
3800.241 3802.507 3805.533 3808.56 3811.586 3815.371 3821.305 3827.239 3833.174 3839.108 3845.528 3852.132 3858.736 3865.34 3871.67 3876.817 3881.964 3887.111 3892.258 3894.835 3896.042 3897.249 3898.456 3899.534 3899.64 3899.745 3899.85 3899.956 3899.839 3899.563 3899.285 3899.008 3898.554 3894.19 3889.826 3885.462 3881.098 3874.952 3867.075 3859.198 3851.32 3843.443 3839.125 3834.912 3830.7 3826.488 3823.331 3821.545 3819.76 3817.974 3816.189 3812.317 3808.209 3804.102 3799.995 3794.417 3786.25 3778.083 3769.916 3761.749 3753.51 3745.256 3737.003
3800.608 3803.363 3806.894 3810.426 3813.957 3818.258 3824.74 3831.223 3837.705 3844.187 3850.795 3857.45 3864.106 3870.761 3876.99 3881.384 3885.778 3890.171 3894.565 3896.628 3897.448 3898.269 3899.089 3899.819 3899.86 3899.901 3899.942 3899.983 3899.739 3899.29 3898.84 3898.391 3897.742 3892.712 3887.681 3882.651 3877.621 3870.828 3862.325 3853.821 3845.318 3836.814 3832.003 3827.302 3822.602 3817.901 3814.544 3812.934 3811.324 3809.714 3808.104 3804.308 3800.264 3796.22 3792.177 3786.68 3778.626 3770.573 3762.52 3754.466 3746.712 3739.022 3731.331
3800.995 3804.178 3808.179 3812.181 3816.182 3820.966 3827.966 3834.967 3841.967 3848.968 3855.664 3862.243 3868.823 3875.403 3881.423 3885.034 3888.645 3892.256 3895.866 3897.516 3898.121 3898.725 3899.329 3899.866 3899.897 3899.927 3899.957 3899.987 3899.617 3898.957 3898.297 3897.637 3896.757 3891.052 3885.347 3879.641 3873.936 3866.573 3857.6 3848.626 3839.653 3830.68 3825.504 3820.441 3815.379 3810.316 3806.787 3805.253 3803.719 3802.185 3800.65 3796.769 3792.623 3788.476 3784.33 3778.831 3770.95 3763.069 3755.189 3747.308 3740.16 3733.166 3726.171
3801.382 3804.994 3809.465 3813.936 3818.407 3823.673 3831.192 3838.711 3846.23 3853.749 3860.532 3867.037 3873.541 3880.045 3885.856 3888.684 3891.512 3894.34 3897.167 3898.404 3898.792 3899.181 3899.569 3899.914 3899.934 3899.953 3899.972 3899.992 3899.495 3898.625 3897.754 3896.883 3895.772 3889.392 3883.012 3876.632 3870.251 3862.317 3852.874 3843.431 3833.988 3824.545 3819.004 3813.58 3808.155 3802.731 3799.031 3797.572 3796.113 3794.655 3793.196 3789.23 3784.981 3780.732 3776.483 3770.981 3763.273 3755.565 3747.858 3740.15 3733.607 3727.31 3721.012
3801.769 3805.809 3810.75 3815.691 3820.631 3826.38 3834.417 3842.455 3850.492 3858.53 3865.401 3871.83 3878.258 3884.687 3890.29 3892.334 3894.379 3896.424 3898.469 3899.292 3899.464 3899.636 3899.809 3899.962 3899.97 3899.979 3899.988 3899.996 3899.373 3898.292 3897.21 3896.129 3894.788 3887.733 3880.677 3873.622 3866.567 3858.062 3848.149 3838.236 3828.323 3818.41 3812.504 3806.718 3800.932 3795.146 3791.274 3789.891 3788.508 3787.125 3785.742 3781.692 3777.34 3772.989 3768.637 3763.132 3755.597 3748.062 3740.527 3732.992 3727.054 3721.453 3715.853
3802.646 3807.128 3812.548 3817.967 3823.386 3829.586 3837.998 3846.409 3854.82 3863.231 3870.063 3876.294 3882.525 3888.757 3894.071 3895.435 3896.798 3898.162 3899.526 3900.0 3900.0 3900.0 3900.0 3900.0 3900.0 3900.0 3900.0 3900.0 3899.268 3898.006 3896.743 3895.481 3893.941 3886.3 3878.658 3871.017 3863.375 3854.365 3844.025 3833.685 3823.345 3813.005 3806.796 3800.71 3794.625 3788.539 3784.466 3783.009 3781.551 3780.094 3778.636 3774.491 3770.042 3765.593 3761.145 3755.663 3748.363 3741.063 3733.764 3726.464 3721.15 3716.254 3711.359
3805.447 3810.427 3816.36 3822.292 3828.224 3834.753 3842.969 3851.186 3859.403 3867.62 3873.909 3879.465 3885.022 3890.578 3895.292 3896.375 3897.458 3898.541 3899.623 3900.0 3900.0 3900.0 3900.0 3900.0 3900.0 3900.0 3900.0 3900.0 3899.231 3897.904 3896.576 3895.249 3893.637 3885.758 3877.879 3870.0 3862.121 3852.862 3842.263 3831.664 3821.064 3810.465 3804.196 3798.057 3791.917 3785.778 3781.385 3779.263 3777.142 3775.02 3772.898 3768.618 3764.094 3759.569 3755.045 3749.689 3742.87 3736.051 3729.232 3722.412 3717.793 3713.637 3709.481
3808.247 3813.727 3820.172 3826.617 3833.063 3839.919 3847.942 3855.964 3863.987 3872.009 3877.755 3882.637 3887.518 3892.4 3896.512 3897.315 3898.117 3898.919 3899.721 3900.0 3900.0 3900.0 3900.0 3900.0 3900.0 3900.0 3900.0 3900.0 3899.193 3897.801 3896.409 3895.017 3893.333 3885.216 3877.099 3868.983 3860.866 3851.359 3840.5 3829.642 3818.784 3807.925 3801.597 3795.403 3789.209 3783.016 3778.304 3775.518 3772.732 3769.947 3767.161 3762.745 3758.145 3753.545 3748.945 3743.715 3737.377 3731.038 3724.699 3718.361 3714.437 3711.02 3707.604
3811.048 3817.026 3823.984 3830.942 3837.901 3845.086 3852.914 3860.742 3868.57 3876.398 3881.602 3885.808 3890.014 3894.221 3897.733 3898.255 3898.776 3899.297 3899.819 3900.0 3900.0 3900.0 3900.0 3900.0 3900.0 3900.0 3900.0 3900.0 3899.156 3897.699 3896.242 3894.785 3893.029 3884.674 3876.32 3867.966 3859.612 3849.855 3838.738 3827.621 3816.503 3805.386 3798.997 3792.749 3786.502 3780.254 3775.223 3771.773 3768.323 3764.873 3761.423 3756.872 3752.197 3747.521 3742.846 3737.742 3731.884 3726.026 3720.167 3714.309 3711.08 3708.403 3705.727
3813.848 3820.325 3827.796 3835.268 3842.739 3850.252 3857.886 3865.52 3873.153 3880.787 3885.448 3888.979 3892.511 3896.042 3898.954 3899.195 3899.435 3899.676 3899.916 3900.0 3900.0 3900.0 3900.0 3900.0 3900.0 3900.0 3900.0 3900.0 3899.118 3897.596 3896.075 3894.553 3892.724 3884.133 3875.541 3866.949 3858.357 3848.353 3836.976 3825.599 3814.222 3802.846 3796.397 3790.095 3783.794 3777.492 3772.142 3768.028 3763.914 3759.8 3755.685 3750.999 3746.248 3741.497 3736.746 3731.768 3726.39 3721.013 3715.635 3710.258 3707.723 3705.786 3703.849
3820.092 3826.787 3834.397 3842.007 3849.617 3857.044 3863.954 3870.864 3877.774 3884.684 3888.655 3891.508 3894.361 3897.214 3899.549 3899.653 3899.756 3899.86 3899.964 3900.0 3900.0 3900.0 3900.0 3899.998 3899.984 3899.969 3899.955 3899.941 3898.998 3897.383 3895.768 3894.153 3892.23 3883.538 3874.845 3866.152 3857.459 3847.402 3836.018 3824.634 3813.25 3801.866 3795.365 3789.01 3782.654 3776.298 3770.625 3765.84 3761.054 3756.269 3751.483 3746.545 3741.588 3736.632 3731.676 3726.787 3722.016 3717.245 3712.474 3707.703 3705.685 3704.247 3702.809
3828.057 3834.831 3842.393 3849.954 3857.515 3864.649 3870.571 3876.493 3882.415 3888.336 3891.542 3893.714 3895.887 3898.06 3899.831 3899.87 3899.908 3899.948 3899.986 3900.0 3900.0 3900.0 3900.0 3899.996 3899.96 3899.924 3899.888 3899.852 3898.838 3897.115 3895.392 3893.668 3891.641 3882.916 3874.191 3865.466 3856.741 3846.727 3835.462 3824.197 3812.932 3801.667 3795.117 3788.707 3782.298 3775.888 3769.891 3764.431 3758.97 3753.51 3748.049 3742.799 3737.573 3732.347 3727.121 3722.302 3718.201 3714.099 3709.998 3705.896 3704.307 3703.247 3702.187
3836.023 3842.876 3850.388 3857.901 3865.414 3872.254 3877.188 3882.121 3887.055 3891.989 3894.429 3895.921 3897.414 3898.906 3900.112 3900.086 3900.061 3900.035 3900.009 3900.0 3900.0 3900.0 3900.0 3899.993 3899.936 3899.878 3899.821 3899.763 3898.677 3896.846 3895.015 3893.184 3891.052 3882.294 3873.537 3864.78 3856.022 3846.053 3834.906 3823.76 3812.614 3801.468 3794.868 3788.405 3781.941 3775.478 3769.157 3763.021 3756.886 3750.75 3744.615 3739.054 3733.558 3728.062 3722.566 3717.817 3714.385 3710.954 3707.522 3704.09 3702.93 3702.247 3701.565
3843.989 3850.92 3858.384 3865.848 3873.312 3879.858 3883.804 3887.75 3891.695 3895.641 3897.316 3898.128 3898.94 3899.752 3900.394 3900.303 3900.213 3900.122 3900.031 3900.0 3900.0 3900.0 3900.0 3899.991 3899.912 3899.833 3899.753 3899.674 3898.517 3896.578 3894.638 3892.699 3890.462 3881.673 3872.883 3864.093 3855.303 3845.378 3834.351 3823.323 3812.296 3801.268 3794.62 3788.102 3781.585 3775.067 3768.422 3761.612 3754.802 3747.991 3741.181 3735.309 3729.543 3723.777 3718.01 3713.333 3710.571 3707.808 3705.046 3702.283 3701.552 3701.248 3700.943
3851.927 3858.845 3866.165 3873.484 3880.802 3886.991 3889.975 3892.959 3895.944 3898.928 3899.881 3900.062 3900.243 3900.424 3900.534 3900.341 3900.147 3899.954 3899.76 3899.684 3899.669 3899.654 3899.639 3899.614 3899.508 3899.403 3899.297 3899.191 3897.928 3895.827 3893.726 3891.625 3889.231 3880.414 3871.597 3862.779 3853.962 3844.125 3833.296 3822.468 3811.639 3800.811 3794.154 3787.622 3781.09 3774.558 3767.648 3760.248 3752.848 3745.448 3738.048 3731.903 3725.899 3719.895 3713.892 3709.294 3707.173 3705.051 3702.929 3700.808 3700.507 3700.59 3700.673
3859.684 3865.982 3872.513 3879.043 3885.574 3890.975 3893.177 3895.378 3897.579 3899.78 3900.299 3900.177 3900.056 3899.935 3899.732 3899.183 3898.633 3898.083 3897.533 3897.258 3897.13 3897.002 3896.874 3896.741 3896.576 3896.411 3896.246 3896.081 3894.49 3891.865 3889.239 3886.614 3883.72 3874.908 3866.096 3857.284 3848.473 3839.01 3828.916 3818.822 3808.728 3798.634 3792.24 3785.956 3779.672 3773.389 3766.61 3759.188 3751.767 3744.345 3736.924 3730.757 3724.731 3718.706 3712.681 3708.232 3706.559 3704.885 3703.212 3701.538 3701.686 3702.217 3702.748
3867.442 3873.119 3878.861 3884.603 3890.345 3894.96 3896.378 3897.796 3899.215 3900.633 3900.716 3900.292 3899.869 3899.445 3898.93 3898.024 3897.118 3896.211 3895.305 3894.833 3894.591 3894.349 3894.108 3893.868 3893.644 3893.419 3893.195 3892.97 3891.051 3887.902 3884.753 3881.604 3878.209 3869.403 3860.596 3851.79 3842.983 3833.896 3824.536 3815.177 3805.817 3796.457 3790.325 3784.29 3778.255 3772.219 3765.572 3758.129 3750.686 3743.242 3735.799 3729.61 3723.563 3717.516 3711.469 3707.169 3705.944 3704.719 3703.494 3702.269 3702.865 3703.844 3704.823
3875.199 3880.255 3885.209 3890.163 3895.117 3898.944 3899.579 3900.215 3900.85 3901.485 3901.134 3900.408 3899.682 3898.956 3898.128 3896.865 3895.603 3894.34 3893.078 3892.407 3892.052 3891.697 3891.342 3890.995 3890.711 3890.427 3890.144 3889.86 3887.611 3883.939 3880.266 3876.594 3872.698 3863.897 3855.096 3846.295 3837.493 3828.781 3820.156 3811.531 3802.906 3794.28 3788.411 3782.624 3776.837 3771.05 3764.534 3757.069 3749.604 3742.139 3734.674 3728.464 3722.396 3716.327 3710.259 3706.107 3705.33 3704.553 3703.776 3702.999 3704.043 3705.471 3706.898
3882.957 3887.392 3891.558 3895.723 3899.888 3902.929 3902.781 3902.633 3902.485 3902.338 3901.552 3900.523 3899.495 3898.466 3897.326 3895.707 3894.088 3892.469 3890.85 3889.981 3889.513 3889.045 3888.576 3888.123 3887.779 3887.436 3887.093 3886.749 3884.172 3879.976 3875.779 3871.583 3867.187 3858.391 3849.595 3840.8 3832.004 3823.667 3815.776 3807.885 3799.994 3792.103 3786.497 3780.958 3775.419 3769.881 3763.495 3756.009 3748.522 3741.036 3733.55 3727.318 3721.228 3715.137 3709.047 3705.045 3704.716 3704.387 3704.058 3703.73 3705.222 3707.098 3708.973
3889.873 3893.505 3896.712 3899.919 3903.126 3905.276 3904.428 3903.581 3902.734 3901.886 3900.321 3898.483 3896.646 3894.808 3892.909 3890.751 3888.593 3886.435 3884.276 3883.196 3882.692 3882.187 3881.682 3881.194 3880.837 3880.479 3880.121 3879.763 3877.113 3872.8 3868.487 3864.175 3859.681 3851.212 3842.742 3834.273 3825.803 3817.951 3810.698 3803.445 3796.192 3788.94 3783.561 3778.239 3772.917 3767.595 3761.478 3754.33 3747.181 3740.032 3732.884 3727.007 3721.273 3715.54 3709.807 3706.22 3706.41 3706.6 3706.79 3706.98 3708.888 3711.157 3713.427
