data/zism_data/00855_02_D.txt
ncols         224
nrows         224
[rows 84 to 111 of 224, columns 126 to 188 of 224]
1340.146 1336.252 1333.484 1330.716 1327.948 1325.18 1322.88 1320.761 1318.643 1316.524 1314.548 1313.136 1311.723 1310.31 1308.898 1307.589 1306.329 1305.069 1303.808 1302.68 1302.218 1301.756 1301.295 1300.833 1300.596 1300.482 1300.368 1300.254 1300.244 1300.936 1301.628 1302.319 1303.011 1304.228 1305.777 1307.327 1308.876 1310.336 1310.92 1311.505 1312.09 1312.674 1311.814 1309.889 1307.964 1306.038 1304.179 1303.404 1302.629 1301.854 1301.079 1301.099 1301.798 1302.497 1303.196 1303.902 1304.912 1305.922 1306.932 1307.942 1308.84 1309.627 1310.414
1343.576 1339.873 1337.474 1335.075 1332.676 1330.278 1327.686 1325.019 1322.352 1319.686 1317.091 1314.782 1312.474 1310.165 1307.857 1306.29 1305.068 1303.846 1302.624 1301.558 1301.28 1301.003 1300.726 1300.449 1300.313 1300.253 1300.193 1300.133 1300.134 1300.543 1300.953 1301.362 1301.772 1302.556 1303.579 1304.602 1305.625 1306.589 1306.989 1307.39 1307.79 1308.19 1307.617 1306.327 1305.037 1303.747 1302.504 1302.027 1301.551 1301.074 1300.598 1300.709 1301.321 1301.933 1302.545 1303.166 1304.187 1305.208 1306.229 1307.25 1308.153 1308.94 1309.727
1347.005 1343.493 1341.464 1339.434 1337.405 1335.375 1332.493 1329.277 1326.062 1322.847 1319.634 1316.429 1313.225 1310.02 1306.815 1304.992 1303.807 1302.623 1301.439 1300.435 1300.343 1300.25 1300.157 1300.065 1300.029 1300.023 1300.018 1300.012 1300.024 1300.151 1300.278 1300.405 1300.532 1300.885 1301.381 1301.877 1302.373 1302.843 1303.058 1303.274 1303.489 1303.705 1303.42 1302.765 1302.11 1301.455 1300.828 1300.65 1300.473 1300.295 1300.117 1300.318 1300.844 1301.369 1301.894 1302.43 1303.462 1304.494 1305.526 1306.557 1307.466 1308.253 1309.04
1351.434 1348.044 1346.403 1344.763 1343.122 1341.481 1338.629 1335.305 1331.98 1328.655 1325.247 1321.508 1317.768 1314.029 1310.289 1307.879 1306.083 1304.288 1302.493 1300.963 1300.772 1300.581 1300.391 1300.2 1300.227 1300.373 1300.52 1300.666 1300.791 1300.767 1300.743 1300.72 1300.696 1300.859 1301.141 1301.422 1301.704 1301.974 1302.132 1302.29 1302.447 1302.605 1302.4 1301.927 1301.453 1300.98 1300.528 1300.409 1300.291 1300.173 1300.054 1300.223 1300.637 1301.051 1301.465 1301.891 1302.866 1303.84 1304.814 1305.789 1306.627 1307.331 1308.035
1355.977 1352.7 1351.45 1350.2 1348.951 1347.701 1344.916 1341.531 1338.147 1334.763 1331.207 1326.974 1322.74 1318.506 1314.273 1311.238 1308.759 1306.279 1303.8 1301.678 1301.356 1301.035 1300.714 1300.393 1300.48 1300.789 1301.098 1301.408 1301.656 1301.497 1301.337 1301.178 1301.019 1301.02 1301.122 1301.224 1301.327 1301.43 1301.545 1301.659 1301.773 1301.888 1301.739 1301.396 1301.053 1300.71 1300.382 1300.297 1300.211 1300.125 1300.039 1300.162 1300.462 1300.762 1301.062 1301.375 1302.284 1303.193 1304.102 1305.012 1305.771 1306.383 1306.994
1360.519 1357.356 1356.497 1355.638 1354.78 1353.921 1351.202 1347.758 1344.314 1340.87 1337.167 1332.44 1327.712 1322.984 1318.256 1314.598 1311.434 1308.271 1305.107 1302.392 1301.94 1301.489 1301.037 1300.586 1300.732 1301.205 1301.677 1302.149 1302.522 1302.227 1301.932 1301.636 1301.341 1301.18 1301.103 1301.026 1300.95 1300.887 1300.958 1301.028 1301.099 1301.17 1301.078 1300.865 1300.653 1300.44 1300.237 1300.184 1300.131 1300.078 1300.024 1300.1 1300.286 1300.472 1300.658 1300.858 1301.702 1302.546 1303.39 1304.234 1304.915 1305.434 1305.954
1365.062 1362.012 1361.544 1361.077 1360.609 1360.141 1357.489 1353.985 1350.481 1346.978 1343.128 1337.906 1332.684 1327.462 1322.24 1317.957 1314.11 1310.262 1306.414 1303.106 1302.525 1301.943 1301.361 1300.779 1300.985 1301.62 1302.255 1302.89 1303.387 1302.957 1302.526 1302.095 1301.664 1301.34 1301.084 1300.828 1300.572 1300.343 1300.37 1300.398 1300.425 1300.452 1300.417 1300.335 1300.252 1300.17 1300.092 1300.071 1300.051 1300.03 1300.009 1300.039 1300.111 1300.183 1300.255 1300.342 1301.12 1301.899 1302.678 1303.457 1304.059 1304.486 1304.913
1369.348 1366.49 1366.349 1366.208 1366.066 1365.925 1363.391 1359.924 1356.457 1352.99 1349.097 1343.518 1337.938 1332.359 1326.779 1322.02 1317.64 1313.26 1308.881 1305.094 1304.298 1303.501 1302.705 1301.909 1302.053 1302.711 1303.369 1304.026 1304.523 1303.945 1303.366 1302.787 1302.209 1301.72 1301.289 1300.858 1300.427 1300.036 1300.027 1300.019 1300.011 1300.003 1300.0 1300.0 1300.0 1300.0 1300.0 1300.0 1300.0 1300.0 1300.0 1300.0 1300.0 1300.0 1300.0 1300.015 1300.702 1301.39 1302.078 1302.765 1303.277 1303.616 1303.955
1373.196 1370.663 1370.739 1370.815 1370.891 1370.967 1368.639 1365.373 1362.106 1358.84 1355.083 1349.378 1343.674 1337.969 1332.265 1327.28 1322.629 1317.978 1313.327 1309.255 1308.1 1306.945 1305.79 1304.635 1304.513 1304.954 1305.394 1305.834 1306.121 1305.374 1304.627 1303.88 1303.133 1302.476 1301.877 1301.277 1300.678 1300.132 1300.102 1300.072 1300.042 1300.013 1300.0 1300.0 1300.0 1300.0 1300.0 1300.0 1300.0 1300.0 1300.0 1300.0 1300.0 1300.0 1300.0 1300.012 1300.564 1301.116 1301.667 1302.219 1302.623 1302.88 1303.138
1377.045 1374.836 1375.129 1375.423 1375.716 1376.009 1373.886 1370.821 1367.756 1364.69 1361.068 1355.239 1349.41 1343.58 1337.751 1332.541 1327.619 1322.696 1317.774 1313.415 1311.902 1310.389 1308.876 1307.362 1306.973 1307.196 1307.42 1307.643 1307.718 1306.803 1305.888 1304.972 1304.057 1303.232 1302.464 1301.696 1300.929 1300.228 1300.176 1300.125 1300.073 1300.022 1300.0 1300.0 1300.0 1300.0 1300.0 1300.0 1300.0 1300.0 1300.0 1300.0 1300.0 1300.0 1300.0 1300.009 1300.425 1300.841 1301.257 1301.673 1301.969 1302.144 1302.32
1380.893 1379.009 1379.52 1380.03 1380.541 1381.052 1379.134 1376.27 1373.405 1370.541 1367.054 1361.1 1355.146 1349.191 1343.237 1337.802 1332.608 1327.414 1322.22 1317.576 1315.704 1313.833 1311.961 1310.089 1309.433 1309.439 1309.445 1309.451 1309.316 1308.232 1307.148 1306.065 1304.981 1303.988 1303.052 1302.115 1301.179 1300.324 1300.251 1300.177 1300.104 1300.031 1300.0 1300.0 1300.0 1300.0 1300.0 1300.0 1300.0 1300.0 1300.0 1300.0 1300.0 1300.0 1300.0 1300.006 1300.286 1300.567 1300.847 1301.127 1301.314 1301.409 1301.503
1384.741 1383.182 1383.91 1384.638 1385.366 1386.093 1384.381 1381.718 1379.054 1376.391 1373.039 1366.96 1360.881 1354.802 1348.723 1343.063 1337.597 1332.132 1326.666 1321.736 1319.506 1317.276 1315.046 1312.816 1311.893 1311.682 1311.47 1311.259 1310.913 1309.661 1308.409 1307.157 1305.905 1304.743 1303.639 1302.534 1301.43 1300.42 1300.325 1300.23 1300.135 1300.04 1300.0 1300.0 1300.0 1300.0 1300.0 1300.0 1300.0 1300.0 1300.0 1300.0 1300.0 1300.0 1300.0 1300.003 1300.148 1300.292 1300.437 1300.582 1300.66 1300.673 1300.686
1386.42 1385.244 1386.152 1387.06 1387.969 1388.877 1387.39 1384.969 1382.547 1380.125 1377.005 1371.111 1365.217 1359.324 1353.43 1347.762 1342.198 1336.635 1331.071 1326.025 1323.587 1321.149 1318.711 1316.273 1315.051 1314.49 1313.929 1313.368 1312.694 1311.26 1309.826 1308.392 1306.958 1305.612 1304.321 1303.03 1301.739 1300.556 1300.431 1300.305 1300.179 1300.053 1300.008 1300.022 1300.035 1300.049 1300.061 1300.047 1300.034 1300.02 1300.006 1300.0 1300.0 1300.0 1300.0 1300.002 1300.093 1300.184 1300.275 1300.366 1300.409 1300.404 1300.4
1387.687 1386.904 1387.986 1389.068 1390.151 1391.233 1389.974 1387.802 1385.63 1383.459 1380.587 1374.937 1369.288 1363.639 1357.989 1352.354 1346.725 1341.097 1335.468 1330.338 1327.72 1325.103 1322.486 1319.869 1318.341 1317.406 1316.47 1315.534 1314.51 1312.892 1311.273 1309.655 1308.036 1306.501 1305.02 1303.539 1302.058 1300.701 1300.542 1300.384 1300.226 1300.067 1300.017 1300.047 1300.077 1300.107 1300.134 1300.104 1300.074 1300.044 1300.014 1300.0 1300.0 1300.0 1300.0 1300.001 1300.054 1300.107 1300.16 1300.213 1300.234 1300.224 1300.214
1388.954 1388.564 1389.82 1391.076 1392.332 1393.588 1392.558 1390.636 1388.714 1386.792 1384.168 1378.764 1373.359 1367.954 1362.549 1356.946 1351.252 1345.558 1339.865 1334.65 1331.854 1329.058 1326.261 1323.465 1321.631 1320.321 1319.011 1317.701 1316.326 1314.523 1312.72 1310.917 1309.113 1307.391 1305.72 1304.049 1302.377 1300.845 1300.654 1300.463 1300.272 1300.081 1300.027 1300.073 1300.119 1300.166 1300.206 1300.16 1300.114 1300.068 1300.021 1300.0 1300.0 1300.0 1300.0 1300.0 1300.015 1300.03 1300.045 1300.06 1300.06 1300.045 1300.029
1390.221 1390.225 1391.655 1393.084 1394.514 1395.944 1395.142 1393.47 1391.797 1390.125 1387.75 1382.59 1377.429 1372.269 1367.108 1361.539 1355.78 1350.021 1344.261 1338.963 1335.987 1333.012 1330.037 1327.061 1324.921 1323.237 1321.552 1319.867 1318.143 1316.155 1314.167 1312.179 1310.191 1308.281 1306.419 1304.558 1302.697 1300.989 1300.765 1300.542 1300.318 1300.095 1300.036 1300.099 1300.161 1300.224 1300.279 1300.217 1300.154 1300.091 1300.029 1300.0 1300.0 1300.0 1300.0 1300.0 1299.976 1299.953 1299.93 1299.907 1299.885 1299.865 1299.844
1389.84 1390.25 1392.018 1393.785 1395.553 1397.321 1396.786 1395.353 1393.921 1392.488 1390.35 1385.411 1380.473 1375.535 1370.597 1365.118 1359.388 1353.659 1347.929 1342.632 1339.513 1336.394 1333.275 1330.155 1327.763 1325.766 1323.769 1321.772 1319.757 1317.62 1315.483 1313.346 1311.209 1309.161 1307.168 1305.177 1303.184 1301.353 1301.078 1300.804 1300.529 1300.254 1300.177 1300.246 1300.315 1300.383 1300.443 1300.354 1300.265 1300.176 1300.087 1300.04 1300.03 1300.02 1300.01 1299.999 1299.943 1299.887 1299.831 1299.775 1299.733 1299.705 1299.677
1385.818 1386.663 1389.131 1391.599 1394.067 1396.535 1396.353 1395.138 1393.923 1392.707 1390.777 1386.013 1381.248 1376.484 1371.719 1366.459 1360.968 1355.478 1349.987 1344.878 1341.694 1338.51 1335.325 1332.141 1329.613 1327.442 1325.271 1323.101 1320.925 1318.718 1316.51 1314.303 1312.095 1310.019 1308.027 1306.035 1304.043 1302.203 1301.836 1301.469 1301.102 1300.735 1300.609 1300.662 1300.714 1300.767 1300.808 1300.67 1300.532 1300.394 1300.257 1300.17 1300.127 1300.085 1300.042 1299.998 1299.921 1299.843 1299.765 1299.688 1299.63 1299.591 1299.552
1381.795 1383.076 1386.244 1389.413 1392.581 1395.75 1395.921 1394.923 1393.925 1392.927 1391.205 1386.614 1382.023 1377.433 1372.842 1367.799 1362.548 1357.296 1352.045 1347.124 1343.875 1340.625 1337.376 1334.127 1331.463 1329.119 1326.774 1324.43 1322.094 1319.816 1317.537 1315.259 1312.981 1310.878 1308.886 1306.894 1304.902 1303.053 1302.594 1302.134 1301.675 1301.216 1301.042 1301.078 1301.114 1301.15 1301.173 1300.986 1300.8 1300.613 1300.426 1300.3 1300.224 1300.149 1300.074 1299.998 1299.898 1299.799 1299.7 1299.6 1299.526 1299.476 1299.427
1377.772 1379.488 1383.357 1387.226 1391.095 1394.964 1395.488 1394.707 1393.927 1393.146 1391.632 1387.215 1382.798 1378.382 1373.964 1369.14 1364.128 1359.115 1354.102 1349.371 1346.056 1342.741 1339.427 1336.112 1333.313 1330.795 1328.277 1325.759 1323.262 1320.913 1318.565 1316.216 1313.867 1311.737 1309.745 1307.752 1305.76 1303.903 1303.351 1302.8 1302.248 1301.697 1301.474 1301.494 1301.513 1301.533 1301.538 1301.303 1301.067 1300.832 1300.596 1300.429 1300.321 1300.214 1300.106 1299.997 1299.876 1299.755 1299.634 1299.513 1299.422 1299.362 1299.301
1373.749 1375.901 1380.47 1385.04 1389.609 1394.179 1395.056 1394.492 1393.928 1393.365 1392.06 1387.817 1383.573 1379.33 1375.087 1370.481 1365.708 1360.934 1356.16 1351.617 1348.237 1344.857 1341.478 1338.098 1335.164 1332.472 1329.779 1327.087 1324.431 1322.011 1319.592 1317.173 1314.753 1312.595 1310.603 1308.611 1306.619 1304.753 1304.109 1303.465 1302.821 1302.177 1301.906 1301.91 1301.913 1301.917 1301.904 1301.619 1301.335 1301.05 1300.766 1300.559 1300.418 1300.278 1300.137 1299.997 1299.854 1299.711 1299.568 1299.426 1299.319 1299.247 1299.176
1368.128 1370.821 1376.112 1381.404 1386.695 1391.986 1393.463 1393.452 1393.442 1393.431 1392.618 1388.625 1384.632 1380.639 1376.646 1372.045 1367.161 1362.278 1357.395 1352.7 1348.953 1345.206 1341.46 1337.713 1334.586 1331.797 1329.008 1326.219 1323.499 1321.247 1318.995 1316.743 1314.491 1312.51 1310.7 1308.891 1307.082 1305.38 1304.72 1304.06 1303.401 1302.741 1302.424 1302.36 1302.297 1302.233 1302.157 1301.888 1301.618 1301.348 1301.079 1300.854 1300.669 1300.483 1300.297 1300.112 1299.964 1299.817 1299.669 1299.522 1299.399 1299.299 1299.2
1362.064 1365.327 1371.345 1377.364 1383.383 1389.402 1391.548 1392.184 1392.819 1393.455 1393.212 1389.491 1385.77 1382.048 1378.327 1373.67 1368.581 1363.491 1358.401 1353.459 1349.262 1345.065 1340.867 1336.67 1333.335 1330.47 1327.604 1324.739 1321.983 1319.965 1317.946 1315.928 1313.91 1312.162 1310.586 1309.01 1307.434 1305.945 1305.29 1304.636 1303.982 1303.327 1302.966 1302.821 1302.676 1302.53 1302.38 1302.143 1301.906 1301.669 1301.432 1301.196 1300.961 1300.727 1300.492 1300.259 1300.112 1299.964 1299.817 1299.669 1299.529 1299.397 1299.266
1355.999 1359.832 1366.579 1373.325 1380.072 1386.818 1389.633 1390.915 1392.197 1393.478 1393.807 1390.357 1386.907 1383.457 1380.007 1375.296 1370.0 1364.704 1359.408 1354.219 1349.571 1344.923 1340.275 1335.627 1332.084 1329.142 1326.201 1323.26 1320.468 1318.683 1316.898 1315.113 1313.328 1311.814 1310.472 1309.129 1307.787 1306.509 1305.861 1305.212 1304.563 1303.914 1303.508 1303.281 1303.055 1302.828 1302.603 1302.398 1302.194 1301.989 1301.785 1301.538 1301.254 1300.971 1300.687 1300.406 1300.259 1300.111 1299.964 1299.816 1299.66 1299.496 1299.331
1349.934 1354.338 1361.812 1369.286 1376.76 1384.234 1387.719 1389.646 1391.574 1393.502 1394.401 1391.223 1388.045 1384.866 1381.688 1376.921 1371.419 1365.916 1360.414 1354.978 1349.88 1344.781 1339.682 1334.583 1330.832 1327.815 1324.798 1321.78 1318.953 1317.401 1315.85 1314.298 1312.747 1311.466 1310.357 1309.248 1308.14 1307.074 1306.431 1305.787 1305.144 1304.5 1304.05 1303.742 1303.434 1303.126 1302.825 1302.653 1302.482 1302.31 1302.138 1301.879 1301.547 1301.214 1300.882 1300.554 1300.406 1300.258 1300.111 1299.963 1299.791 1299.594 1299.397
1344.061 1348.858 1356.963 1365.068 1373.174 1381.279 1385.436 1388.053 1390.67 1393.286 1394.798 1391.928 1389.059 1386.189 1383.319 1378.491 1372.756 1367.021 1361.287 1355.578 1350.001 1344.424 1338.847 1333.27 1329.306 1326.221 1323.136 1320.051 1317.197 1315.897 1314.597 1313.297 1311.997 1310.948 1310.059 1309.17 1308.281 1307.418 1306.809 1306.199 1305.59 1304.981 1304.512 1304.146 1303.78 1303.413 1303.059 1302.901 1302.742 1302.584 1302.425 1302.16 1301.803 1301.447 1301.09 1300.738 1300.578 1300.418 1300.258 1300.098 1299.909 1299.692 1299.475
1338.752 1343.42 1351.873 1360.326 1368.779 1377.232 1382.072 1385.503 1388.935 1392.366 1394.612 1392.161 1389.709 1387.258 1384.806 1379.899 1373.854 1367.81 1361.766 1355.706 1349.57 1343.433 1337.297 1331.161 1326.972 1323.844 1320.715 1317.586 1314.734 1313.738 1312.742 1311.746 1310.75 1309.929 1309.219 1308.509 1307.799 1307.11 1306.62 1306.131 1305.641 1305.151 1304.739 1304.384 1304.028 1303.673 1303.327 1303.125 1302.923 1302.721 1302.519 1302.26 1301.952 1301.644 1301.337 1301.031 1300.822 1300.614 1300.405 1300.196 1299.991 1299.79 1299.589
1333.444 1337.983 1346.783 1355.584 1364.384 1373.185 1378.708 1382.954 1387.2 1391.446 1394.427 1392.393 1390.36 1388.326 1386.293 1381.306 1374.953 1368.599 1362.245 1355.834 1349.139 1342.443 1335.748 1329.052 1324.638 1321.466 1318.294 1315.122 1312.271 1311.579 1310.887 1310.195 1309.503 1308.91 1308.379 1307.849 1307.318 1306.802 1306.432 1306.062 1305.692 1305.321 1304.966 1304.622 1304.277 1303.933 1303.594 1303.349 1303.103 1302.858 1302.612 1302.36 1302.101 1301.842 1301.583 1301.325 1301.067 1300.809 1300.552 1300.294 1300.073 1299.888 1299.704
