data/zism_data/00851_02_D.txt
ncols         224
nrows         224
[rows 0 to 27 of 224, columns 126 to 188 of 224]
1800.0 1800.0 1800.0 1800.0 1800.0 1800.0 1800.0 1800.0 1800.0 1800.0 1800.0 1800.0 1800.0 1800.0 1800.0 1800.0 1800.0 1800.0 1800.0 1800.0 1800.0 1800.0 1800.0 1800.0 1800.0 1800.0 1800.0 1800.0 1800.0 1800.0 1800.0 1800.0 1800.007 1800.017 1800.027 1800.036 1800.045 1800.051 1800.057 1800.063 1800.069 1800.501 1801.192 1801.882 1802.573 1803.473 1807.054 1810.635 1814.217 1817.798 1821.428 1825.103 1828.778 1832.453 1836.128 1838.629 1841.094 1843.559 1846.024 1848.298 1850.31 1852.322 1854.334
1800.0 1800.0 1800.0 1800.0 1800.0 1800.0 1800.0 1800.0 1800.0 1800.0 1800.0 1800.0 1800.0 1800.0 1800.0 1800.0 1800.0 1800.0 1800.0 1800.0 1800.0 1800.0 1800.0 1800.0 1800.0 1800.0 1800.0 1800.0 1800.0 1800.0 1800.0 1800.0 1800.046 1800.109 1800.172 1800.235 1800.294 1800.332 1800.37 1800.408 1800.446 1800.997 1801.858 1802.72 1803.581 1804.637 1808.175 1811.714 1815.253 1818.791 1822.437 1826.182 1829.926 1833.671 1837.415 1840.172 1842.898 1845.625 1848.352 1850.857 1853.056 1855.255 1857.454
1800.0 1800.0 1800.0 1800.0 1800.0 1800.0 1800.0 1800.0 1800.0 1800.0 1800.0 1800.0 1800.0 1800.0 1800.0 1800.0 1800.0 1800.0 1800.0 1800.0 1800.0 1800.0 1800.0 1800.0 1800.0 1800.0 1800.0 1800.0 1800.0 1800.0 1800.0 1800.0 1800.084 1800.201 1800.318 1800.434 1800.543 1800.613 1800.683 1800.753 1800.823 1801.492 1802.525 1803.557 1804.59 1805.801 1809.297 1812.793 1816.288 1819.784 1823.446 1827.26 1831.074 1834.888 1838.702 1841.715 1844.703 1847.692 1850.681 1853.416 1855.802 1858.188 1860.574
1800.0 1800.0 1800.0 1800.0 1800.0 1800.0 1800.0 1800.0 1800.0 1800.0 1800.0 1800.0 1800.0 1800.0 1800.0 1800.0 1800.0 1800.0 1800.0 1800.0 1800.0 1800.0 1800.0 1800.0 1800.0 1800.0 1800.0 1800.0 1800.0 1800.0 1800.0 1800.0 1800.123 1800.293 1800.463 1800.633 1800.792 1800.894 1800.996 1801.098 1801.2 1801.988 1803.192 1804.395 1805.598 1806.965 1810.418 1813.871 1817.324 1820.777 1824.455 1828.339 1832.222 1836.105 1839.989 1843.258 1846.508 1849.759 1853.009 1855.975 1858.548 1861.121 1863.694
1800.0 1800.0 1800.0 1800.0 1800.0 1800.0 1800.0 1800.0 1800.0 1800.0 1800.0 1800.0 1800.0 1800.0 1800.0 1800.0 1800.0 1800.0 1800.0 1800.0 1800.0 1800.0 1800.0 1800.0 1800.0 1800.0 1800.0 1800.0 1800.0 1800.0 1800.0 1800.0 1800.162 1800.385 1800.609 1800.832 1801.04 1801.174 1801.308 1801.443 1801.577 1802.484 1803.858 1805.233 1806.607 1808.129 1811.539 1814.95 1818.36 1821.771 1825.464 1829.417 1833.37 1837.323 1841.276 1844.801 1848.313 1851.825 1855.338 1858.534 1861.294 1864.054 1866.814
1800.0 1800.0 1800.0 1800.0 1800.0 1800.0 1800.0 1800.0 1800.0 1800.0 1800.0 1800.0 1800.0 1800.0 1800.0 1800.0 1800.0 1800.0 1800.0 1800.0 1800.0 1800.0 1800.0 1800.0 1800.0 1800.0 1800.0 1800.0 1800.0 1800.0 1800.0 1800.0 1800.227 1800.54 1800.853 1801.166 1801.48 1801.8 1802.12 1802.44 1802.76 1803.854 1805.416 1806.978 1808.54 1810.231 1813.586 1816.941 1820.295 1823.65 1827.276 1831.151 1835.026 1838.9 1842.775 1846.374 1849.965 1853.556 1857.146 1860.469 1863.423 1866.376 1869.33
1800.0 1800.0 1800.0 1800.0 1800.0 1800.0 1800.0 1800.0 1800.0 1800.0 1800.0 1800.0 1800.0 1800.0 1800.0 1800.0 1800.0 1800.0 1800.0 1800.0 1800.0 1800.0 1800.0 1800.0 1800.0 1800.0 1800.0 1800.0 1800.0 1800.0 1800.0 1800.0 1800.308 1800.733 1801.158 1801.584 1802.04 1802.643 1803.246 1803.85 1804.453 1805.777 1807.536 1809.296 1811.055 1812.926 1816.216 1819.507 1822.797 1826.088 1829.594 1833.298 1837.002 1840.706 1844.409 1847.967 1851.52 1855.074 1858.627 1862.011 1865.163 1868.314 1871.465
1800.0 1800.0 1800.0 1800.0 1800.0 1800.0 1800.0 1800.0 1800.0 1800.0 1800.0 1800.0 1800.0 1800.0 1800.0 1800.0 1800.0 1800.0 1800.0 1800.0 1800.0 1800.0 1800.0 1800.0 1800.0 1800.0 1800.0 1800.0 1800.0 1800.0 1800.0 1800.0 1800.389 1800.927 1801.464 1802.002 1802.6 1803.486 1804.373 1805.259 1806.146 1807.7 1809.657 1811.614 1813.571 1815.62 1818.847 1822.073 1825.299 1828.526 1831.912 1835.445 1838.978 1842.511 1846.044 1849.56 1853.076 1856.592 1860.108 1863.553 1866.902 1870.251 1873.6
1800.0 1800.0 1800.0 1800.0 1800.0 1800.0 1800.0 1800.0 1800.0 1800.0 1800.0 1800.0 1800.0 1800.0 1800.0 1800.0 1800.0 1800.0 1800.0 1800.0 1800.0 1800.0 1800.0 1800.0 1800.0 1800.0 1800.0 1800.0 1800.0 1800.0 1800.0 1800.0 1800.471 1801.12 1801.77 1802.42 1803.16 1804.329 1805.499 1806.669 1807.839 1809.622 1811.777 1813.932 1816.087 1818.315 1821.477 1824.639 1827.801 1830.964 1834.23 1837.592 1840.954 1844.316 1847.678 1851.153 1854.631 1858.11 1861.588 1865.095 1868.642 1872.189 1875.736
1800.0 1800.0 1800.0 1800.0 1800.0 1800.0 1800.0 1800.0 1800.0 1800.0 1800.0 1800.0 1800.0 1800.0 1800.0 1800.0 1800.0 1800.0 1800.0 1800.0 1800.0 1800.0 1800.0 1800.0 1800.0 1800.0 1800.0 1800.0 1800.0 1800.0 1800.0 1800.0 1800.549 1801.306 1802.064 1802.821 1803.7 1805.154 1806.609 1808.064 1809.519 1811.535 1813.89 1816.245 1818.6 1821.01 1824.113 1827.217 1830.32 1833.424 1836.576 1839.774 1842.972 1846.17 1849.368 1852.799 1856.237 1859.675 1863.112 1866.674 1870.406 1874.138 1877.871
1800.0 1800.0 1800.0 1800.0 1800.0 1800.0 1800.0 1800.0 1800.0 1800.0 1800.0 1800.0 1800.0 1800.0 1800.0 1800.0 1800.0 1800.0 1800.0 1800.0 1800.0 1800.0 1800.0 1800.0 1800.0 1800.0 1800.0 1800.0 1800.0 1800.0 1800.0 1800.0 1800.557 1801.325 1802.093 1802.861 1803.805 1805.586 1807.366 1809.147 1810.928 1813.226 1815.838 1818.45 1821.062 1823.713 1826.875 1830.038 1833.2 1836.362 1839.537 1842.725 1845.912 1849.099 1852.286 1855.608 1858.934 1862.259 1865.585 1869.048 1872.7 1876.352 1880.004
1800.0 1800.0 1800.0 1800.0 1800.0 1800.0 1800.0 1800.0 1800.0 1800.0 1800.0 1800.0 1800.0 1800.0 1800.0 1800.0 1800.0 1800.0 1800.0 1800.0 1800.0 1800.0 1800.0 1800.0 1800.0 1800.0 1800.0 1800.0 1800.0 1800.0 1800.0 1800.0 1800.564 1801.343 1802.122 1802.901 1803.91 1806.017 1808.124 1810.23 1812.337 1814.918 1817.786 1820.655 1823.523 1826.417 1829.638 1832.859 1836.079 1839.301 1842.498 1845.675 1848.852 1852.028 1855.205 1858.417 1861.63 1864.844 1868.057 1871.421 1874.993 1878.565 1882.137
1800.0 1800.0 1800.0 1800.0 1800.0 1800.0 1800.0 1800.0 1800.0 1800.0 1800.0 1800.0 1800.0 1800.0 1800.0 1800.0 1800.0 1800.0 1800.0 1800.0 1800.0 1800.0 1800.0 1800.0 1800.0 1800.0 1800.0 1800.0 1800.0 1800.0 1800.0 1800.0 1800.572 1801.361 1802.151 1802.94 1804.016 1806.448 1808.881 1811.313 1813.746 1816.61 1819.735 1822.859 1825.984 1829.12 1832.4 1835.68 1838.959 1842.239 1845.46 1848.625 1851.791 1854.957 1858.123 1861.226 1864.327 1867.429 1870.53 1873.795 1877.287 1880.779 1884.27
1800.0 1800.0 1800.0 1800.0 1800.0 1800.0 1800.0 1800.0 1800.0 1800.0 1800.0 1800.0 1800.0 1800.0 1800.0 1800.0 1800.0 1800.0 1800.0 1800.0 1800.0 1800.0 1800.0 1800.0 1800.0 1800.0 1800.0 1800.0 1800.0 1800.0 1800.0 1800.0 1800.58 1801.38 1802.18 1802.98 1804.121 1806.88 1809.638 1812.397 1815.155 1818.302 1821.683 1825.064 1828.445 1831.823 1835.162 1838.501 1841.839 1845.178 1848.421 1851.576 1854.731 1857.886 1861.042 1864.035 1867.024 1870.013 1873.002 1876.169 1879.58 1882.992 1886.404
1800.0 1800.0 1800.0 1800.0 1800.0 1800.0 1800.0 1800.0 1800.0 1800.0 1800.0 1800.0 1800.0 1800.0 1800.0 1800.0 1800.0 1800.0 1800.0 1800.0 1800.0 1800.0 1800.0 1800.042 1800.093 1800.143 1800.194 1800.257 1800.35 1800.444 1800.538 1800.632 1801.298 1802.183 1803.067 1803.952 1805.188 1808.095 1811.002 1813.909 1816.816 1820.086 1823.577 1827.068 1830.558 1834.042 1837.437 1840.832 1844.226 1847.621 1850.924 1854.142 1857.36 1860.578 1863.796 1866.762 1869.719 1872.677 1875.635 1878.702 1881.919 1885.137 1888.354
1800.0 1800.0 1800.0 1800.0 1800.0 1800.0 1800.0 1800.0 1800.0 1800.0 1800.0 1800.0 1800.0 1800.0 1800.0 1800.0 1800.0 1800.0 1800.0 1800.0 1800.0 1800.0 1800.0 1800.13 1800.288 1800.445 1800.603 1800.797 1801.089 1801.38 1801.672 1801.963 1802.805 1803.854 1804.905 1805.955 1807.319 1810.178 1813.037 1815.896 1818.755 1821.974 1825.411 1828.849 1832.286 1835.724 1839.172 1842.62 1846.068 1849.517 1852.92 1856.283 1859.645 1863.007 1866.37 1869.396 1872.413 1875.429 1878.446 1881.412 1884.309 1887.206 1890.103
1800.0 1800.0 1800.0 1800.0 1800.0 1800.0 1800.0 1800.0 1800.0 1800.0 1800.0 1800.0 1800.0 1800.0 1800.0 1800.0 1800.0 1800.0 1800.0 1800.0 1800.0 1800.0 1800.0 1800.219 1800.483 1800.747 1801.012 1801.338 1801.827 1802.317 1802.806 1803.295 1804.311 1805.526 1806.742 1807.958 1809.451 1812.261 1815.072 1817.883 1820.694 1823.862 1827.246 1830.63 1834.013 1837.406 1840.907 1844.409 1847.911 1851.412 1854.917 1858.423 1861.93 1865.436 1868.943 1872.031 1875.106 1878.182 1881.257 1884.123 1886.699 1889.275 1891.851
1800.0 1800.0 1800.0 1800.0 1800.0 1800.0 1800.0 1800.0 1800.0 1800.0 1800.0 1800.0 1800.0 1800.0 1800.0 1800.0 1800.0 1800.0 1800.0 1800.0 1800.0 1800.0 1800.0 1800.307 1800.678 1801.049 1801.421 1801.879 1802.566 1803.253 1803.94 1804.627 1805.817 1807.198 1808.579 1809.961 1811.582 1814.345 1817.108 1819.87 1822.633 1825.75 1829.08 1832.41 1835.741 1839.087 1842.642 1846.198 1849.753 1853.308 1856.913 1860.564 1864.215 1867.865 1871.516 1874.666 1877.8 1880.934 1884.068 1886.833 1889.089 1891.344 1893.599
1800.0 1800.0 1800.0 1800.0 1800.0 1800.0 1800.0 1800.0 1800.0 1800.0 1800.0 1800.0 1800.0 1800.0 1800.0 1800.0 1800.0 1800.0 1800.0 1800.0 1800.0 1800.0 1800.0 1800.395 1800.873 1801.351 1801.829 1802.42 1803.304 1804.189 1805.074 1805.958 1807.323 1808.87 1810.417 1811.964 1813.714 1816.428 1819.143 1821.858 1824.572 1827.637 1830.914 1834.191 1837.468 1840.769 1844.378 1847.986 1851.595 1855.203 1858.909 1862.704 1866.499 1870.295 1874.09 1877.3 1880.493 1883.686 1886.879 1889.543 1891.478 1893.413 1895.348
1800.0 1800.0 1800.0 1800.0 1800.0 1800.0 1800.0 1800.0 1800.0 1800.0 1800.0 1800.0 1800.0 1800.0 1800.0 1800.0 1800.0 1800.0 1800.011 1800.04 1800.069 1800.098 1800.127 1800.659 1801.298 1801.936 1802.574 1803.328 1804.386 1805.444 1806.502 1807.561 1809.044 1810.689 1812.334 1813.979 1815.804 1818.485 1821.166 1823.847 1826.528 1829.49 1832.621 1835.753 1838.885 1842.047 1845.608 1849.168 1852.728 1856.289 1859.954 1863.714 1867.475 1871.235 1874.996 1878.154 1881.295 1884.435 1887.576 1890.162 1891.984 1893.807 1895.629
1800.0 1800.0 1800.0 1800.0 1800.0 1800.0 1800.0 1800.0 1800.0 1800.0 1800.0 1800.0 1800.0 1800.0 1800.0 1800.0 1800.0 1800.0 1800.023 1800.084 1800.145 1800.206 1800.267 1800.942 1801.746 1802.55 1803.354 1804.275 1805.504 1806.733 1807.962 1809.191 1810.788 1812.523 1814.259 1815.995 1817.889 1820.538 1823.187 1825.836 1828.485 1831.339 1834.315 1837.292 1840.268 1843.283 1846.785 1850.286 1853.788 1857.29 1860.898 1864.606 1868.313 1872.02 1875.727 1878.821 1881.898 1884.974 1888.05 1890.562 1892.293 1894.024 1895.756
1800.0 1800.0 1800.0 1800.0 1800.0 1800.0 1800.0 1800.0 1800.0 1800.0 1800.0 1800.0 1800.0 1800.0 1800.0 1800.0 1800.0 1800.0 1800.035 1800.128 1800.221 1800.315 1800.408 1801.225 1802.194 1803.164 1804.133 1805.221 1806.622 1808.022 1809.422 1810.822 1812.531 1814.358 1816.184 1818.011 1819.975 1822.592 1825.209 1827.826 1830.443 1833.187 1836.009 1838.831 1841.652 1844.519 1847.962 1851.405 1854.848 1858.29 1861.843 1865.497 1869.15 1872.804 1876.458 1879.489 1882.501 1885.513 1888.525 1890.961 1892.602 1894.242 1895.883
1800.0 1800.0 1800.0 1800.0 1800.0 1800.0 1800.0 1800.0 1800.0 1800.0 1800.0 1800.0 1800.0 1800.0 1800.0 1800.0 1800.0 1800.0 1800.047 1800.172 1800.298 1800.423 1800.548 1801.508 1802.643 1803.778 1804.913 1806.168 1807.739 1809.311 1810.882 1812.453 1814.275 1816.192 1818.11 1820.027 1822.061 1824.646 1827.23 1829.815 1832.4 1835.036 1837.703 1840.369 1843.036 1845.755 1849.139 1852.523 1855.907 1859.291 1862.788 1866.388 1869.988 1873.589 1877.189 1880.156 1883.104 1886.052 1889.0 1891.361 1892.91 1894.46 1896.01
1800.0 1800.0 1800.0 1800.0 1800.0 1800.0 1800.0 1800.0 1800.0 1800.0 1800.0 1800.0 1800.0 1800.0 1800.0 1800.0 1800.0 1800.0 1800.055 1800.202 1800.348 1800.495 1800.641 1801.718 1802.99 1804.262 1805.534 1806.93 1808.652 1810.375 1812.097 1813.82 1815.739 1817.733 1819.726 1821.72 1823.812 1826.364 1828.917 1831.47 1834.023 1836.586 1839.155 1841.724 1844.293 1846.917 1850.248 1853.579 1856.91 1860.24 1863.655 1867.146 1870.637 1874.128 1877.619 1880.491 1883.345 1886.198 1889.052 1891.349 1892.88 1894.411 1895.941
1800.0 1800.0 1800.0 1800.0 1800.0 1800.0 1800.0 1800.0 1800.0 1800.0 1800.0 1800.0 1800.0 1800.0 1800.0 1800.0 1800.0 1800.0 1800.055 1800.202 1800.348 1800.495 1800.641 1801.784 1803.136 1804.488 1805.841 1807.326 1809.16 1810.995 1812.829 1814.664 1816.649 1818.691 1820.733 1822.775 1824.9 1827.421 1829.942 1832.463 1834.983 1837.544 1840.13 1842.715 1845.3 1847.936 1851.224 1854.512 1857.8 1861.088 1864.367 1867.639 1870.911 1874.183 1877.455 1880.171 1882.869 1885.568 1888.266 1890.526 1892.179 1893.833 1895.486
1800.0 1800.0 1800.0 1800.0 1800.0 1800.0 1800.0 1800.0 1800.0 1800.0 1800.0 1800.0 1800.0 1800.0 1800.0 1800.0 1800.0 1800.0 1800.055 1800.202 1800.348 1800.495 1800.641 1801.85 1803.282 1804.715 1806.147 1807.721 1809.668 1811.615 1813.562 1815.509 1817.559 1819.649 1821.739 1823.829 1825.989 1828.478 1830.966 1833.455 1835.944 1838.503 1841.104 1843.705 1846.306 1848.954 1852.199 1855.444 1858.69 1861.935 1865.08 1868.133 1871.186 1874.239 1877.292 1879.85 1882.394 1884.937 1887.481 1889.702 1891.478 1893.255 1895.031
1800.0 1800.0 1800.0 1800.0 1800.0 1800.0 1800.0 1800.0 1800.0 1800.0 1800.0 1800.0 1800.0 1800.0 1800.0 1800.0 1800.0 1800.0 1800.055 1800.202 1800.348 1800.495 1800.641 1801.916 1803.429 1804.941 1806.454 1808.117 1810.176 1812.235 1814.294 1816.353 1818.469 1820.608 1822.746 1824.884 1827.078 1829.534 1831.991 1834.448 1836.904 1839.461 1842.078 1844.695 1847.313 1849.972 1853.175 1856.377 1859.579 1862.782 1865.792 1868.626 1871.46 1874.294 1877.128 1879.529 1881.918 1884.307 1886.695 1888.878 1890.778 1892.677 1894.576
1800.0 1800.0 1800.0 1800.0 1800.0 1800.0 1800.0 1800.0 1800.0 1800.0 1800.0 1800.0 1800.0 1800.0 1800.0 1800.0 1800.0 1800.0 1800.055 1800.202 1800.348 1800.495 1800.641 1801.982 1803.575 1805.168 1806.761 1808.513 1810.684 1812.855 1815.026 1817.198 1819.38 1821.566 1823.752 1825.938 1828.166 1830.591 1833.016 1835.44 1837.865 1840.419 1843.053 1845.686 1848.319 1850.99 1854.15 1857.31 1860.469 1863.629 1866.505 1869.12 1871.734 1874.349 1876.964 1879.209 1881.442 1883.676 1885.91 1888.054 1890.077 1892.099 1894.121
