data/zism_data/00854_01_D.txt
ncols         224
nrows         224
[rows 0 to 29 of 224, columns 0 to 65 of 224]
1468.97 1469.247 1469.523 1469.8 1470.054 1470.25 1470.445 1470.641 1470.836 1471.093 1471.37 1471.647 1471.925 1472.194 1472.431 1472.668 1472.905 1473.142 1473.427 1473.737 1474.046 1474.356 1474.667 1474.994 1475.32 1475.646 1475.972 1476.293 1476.612 1476.931 1477.25 1477.562 1477.766 1477.969 1478.173 1478.377 1478.531 1478.637 1478.744 1478.85 1478.957 1479.135 1479.314 1479.493 1479.672 1479.826 1479.949 1480.071 1480.194 1480.317 1480.455 1480.594 1480.733 1480.872 1480.98 1481.038 1481.096 1481.154 1481.212 1481.447 1481.716 1481.985 1482.254 1482.511 1482.74 1482.969
1469.191 1469.408 1469.625 1469.843 1470.049 1470.229 1470.408 1470.588 1470.767 1471.011 1471.278 1471.545 1471.811 1472.074 1472.322 1472.569 1472.817 1473.065 1473.329 1473.601 1473.873 1474.144 1474.42 1474.719 1475.018 1475.317 1475.616 1475.937 1476.272 1476.607 1476.941 1477.268 1477.461 1477.654 1477.848 1478.041 1478.2 1478.328 1478.456 1478.584 1478.712 1478.864 1479.016 1479.168 1479.321 1479.467 1479.606 1479.745 1479.884 1480.023 1480.171 1480.321 1480.471 1480.621 1480.75 1480.846 1480.941 1481.037 1481.132 1481.36 1481.613 1481.866 1482.119 1482.371 1482.622 1482.872
1469.411 1469.569 1469.727 1469.885 1470.045 1470.208 1470.372 1470.535 1470.698 1470.93 1471.186 1471.442 1471.698 1471.954 1472.213 1472.471 1472.73 1472.988 1473.23 1473.465 1473.699 1473.933 1474.172 1474.444 1474.717 1474.989 1475.261 1475.58 1475.931 1476.282 1476.633 1476.974 1477.157 1477.339 1477.522 1477.704 1477.869 1478.019 1478.169 1478.318 1478.468 1478.593 1478.719 1478.844 1478.969 1479.108 1479.263 1479.418 1479.573 1479.728 1479.888 1480.049 1480.209 1480.37 1480.52 1480.653 1480.787 1480.92 1481.053 1481.273 1481.51 1481.747 1481.984 1482.231 1482.504 1482.776
1469.632 1469.731 1469.83 1469.928 1470.041 1470.188 1470.335 1470.482 1470.629 1470.849 1471.094 1471.339 1471.584 1471.834 1472.104 1472.373 1472.642 1472.911 1473.132 1473.329 1473.525 1473.722 1473.924 1474.17 1474.415 1474.66 1474.906 1475.224 1475.591 1475.958 1476.325 1476.681 1476.852 1477.024 1477.196 1477.367 1477.539 1477.71 1477.881 1478.052 1478.223 1478.323 1478.421 1478.519 1478.618 1478.749 1478.92 1479.091 1479.263 1479.434 1479.605 1479.776 1479.948 1480.119 1480.29 1480.461 1480.632 1480.803 1480.974 1481.187 1481.407 1481.628 1481.849 1482.091 1482.385 1482.679
1469.931 1470.007 1470.084 1470.161 1470.248 1470.363 1470.479 1470.594 1470.709 1470.916 1471.156 1471.395 1471.635 1471.878 1472.137 1472.396 1472.655 1472.914 1473.102 1473.256 1473.409 1473.563 1473.728 1473.967 1474.207 1474.447 1474.686 1474.983 1475.318 1475.654 1475.99 1476.316 1476.498 1476.68 1476.863 1477.045 1477.227 1477.409 1477.591 1477.773 1477.955 1478.08 1478.205 1478.329 1478.454 1478.604 1478.786 1478.968 1479.15 1479.332 1479.514 1479.697 1479.879 1480.061 1480.243 1480.425 1480.607 1480.789 1480.971 1481.185 1481.406 1481.626 1481.847 1482.089 1482.383 1482.677
1470.231 1470.286 1470.341 1470.396 1470.459 1470.542 1470.625 1470.708 1470.791 1470.985 1471.219 1471.454 1471.688 1471.925 1472.173 1472.421 1472.669 1472.917 1473.074 1473.184 1473.295 1473.405 1473.532 1473.766 1474.0 1474.234 1474.469 1474.744 1475.047 1475.35 1475.654 1475.951 1476.143 1476.336 1476.529 1476.722 1476.915 1477.108 1477.301 1477.493 1477.686 1477.838 1477.99 1478.141 1478.292 1478.462 1478.655 1478.848 1479.041 1479.234 1479.427 1479.62 1479.812 1480.005 1480.198 1480.391 1480.584 1480.776 1480.969 1481.185 1481.406 1481.626 1481.847 1482.089 1482.383 1482.677
1470.531 1470.564 1470.598 1470.632 1470.67 1470.72 1470.771 1470.822 1470.872 1471.055 1471.283 1471.512 1471.741 1471.972 1472.209 1472.446 1472.684 1472.921 1473.045 1473.112 1473.18 1473.247 1473.336 1473.564 1473.793 1474.022 1474.251 1474.505 1474.776 1475.047 1475.318 1475.585 1475.789 1475.992 1476.196 1476.399 1476.603 1476.807 1477.01 1477.214 1477.417 1477.596 1477.774 1477.953 1478.131 1478.321 1478.524 1478.728 1478.932 1479.135 1479.339 1479.542 1479.746 1479.95 1480.153 1480.357 1480.56 1480.764 1480.968 1481.185 1481.406 1481.626 1481.847 1482.089 1482.383 1482.677
1470.83 1470.843 1470.855 1470.867 1470.881 1470.899 1470.917 1470.936 1470.954 1471.124 1471.347 1471.571 1471.794 1472.018 1472.245 1472.471 1472.698 1472.924 1473.016 1473.041 1473.065 1473.089 1473.14 1473.363 1473.587 1473.81 1474.034 1474.266 1474.505 1474.743 1474.982 1475.219 1475.434 1475.648 1475.863 1476.077 1476.291 1476.506 1476.72 1476.934 1477.149 1477.354 1477.559 1477.765 1477.97 1478.179 1478.393 1478.608 1478.822 1479.037 1479.251 1479.465 1479.68 1479.894 1480.108 1480.323 1480.537 1480.751 1480.966 1481.185 1481.406 1481.626 1481.847 1482.089 1482.383 1482.677
1471.148 1471.134 1471.12 1471.106 1471.094 1471.087 1471.08 1471.073 1471.066 1471.216 1471.423 1471.629 1471.835 1472.04 1472.24 1472.439 1472.639 1472.838 1472.918 1472.94 1472.961 1472.982 1473.028 1473.239 1473.45 1473.661 1473.872 1474.082 1474.29 1474.499 1474.708 1474.917 1475.133 1475.349 1475.564 1475.78 1476.004 1476.236 1476.469 1476.701 1476.933 1477.167 1477.402 1477.636 1477.871 1478.096 1478.309 1478.523 1478.736 1478.95 1479.182 1479.417 1479.651 1479.886 1480.118 1480.345 1480.573 1480.8 1481.027 1481.249 1481.469 1481.69 1481.91 1482.149 1482.429 1482.709
1471.488 1471.442 1471.395 1471.349 1471.309 1471.286 1471.263 1471.239 1471.216 1471.339 1471.513 1471.687 1471.861 1472.031 1472.182 1472.333 1472.483 1472.634 1472.731 1472.801 1472.87 1472.94 1473.025 1473.214 1473.404 1473.593 1473.783 1473.968 1474.15 1474.332 1474.513 1474.697 1474.902 1475.107 1475.312 1475.517 1475.75 1476.009 1476.268 1476.527 1476.786 1477.053 1477.319 1477.586 1477.853 1478.089 1478.286 1478.483 1478.68 1478.878 1479.138 1479.405 1479.672 1479.939 1480.197 1480.441 1480.684 1480.928 1481.171 1481.396 1481.616 1481.836 1482.057 1482.286 1482.533 1482.781
1471.828 1471.749 1471.671 1471.592 1471.524 1471.485 1471.446 1471.406 1471.367 1471.462 1471.603 1471.745 1471.887 1472.021 1472.123 1472.226 1472.328 1472.431 1472.544 1472.661 1472.78 1472.897 1473.022 1473.19 1473.358 1473.526 1473.694 1473.854 1474.009 1474.164 1474.319 1474.476 1474.67 1474.865 1475.059 1475.253 1475.495 1475.781 1476.067 1476.353 1476.639 1476.938 1477.237 1477.536 1477.835 1478.081 1478.262 1478.444 1478.625 1478.806 1479.095 1479.394 1479.693 1479.992 1480.276 1480.536 1480.796 1481.056 1481.315 1481.542 1481.762 1481.983 1482.203 1482.422 1482.637 1482.853
1472.168 1472.057 1471.946 1471.835 1471.74 1471.684 1471.629 1471.573 1471.518 1471.584 1471.694 1471.803 1471.913 1472.011 1472.065 1472.119 1472.173 1472.227 1472.356 1472.523 1472.689 1472.855 1473.019 1473.166 1473.312 1473.459 1473.605 1473.741 1473.869 1473.997 1474.125 1474.256 1474.439 1474.623 1474.806 1474.99 1475.241 1475.554 1475.866 1476.179 1476.492 1476.823 1477.155 1477.486 1477.818 1478.074 1478.239 1478.404 1478.569 1478.734 1479.051 1479.382 1479.714 1480.045 1480.356 1480.631 1480.907 1481.183 1481.459 1481.688 1481.909 1482.129 1482.35 1482.559 1482.742 1482.925
1472.508 1472.365 1472.222 1472.078 1471.955 1471.883 1471.812 1471.74 1471.668 1471.707 1471.784 1471.861 1471.938 1472.001 1472.007 1472.012 1472.018 1472.024 1472.169 1472.384 1472.598 1472.813 1473.016 1473.141 1473.266 1473.391 1473.516 1473.627 1473.728 1473.829 1473.93 1474.036 1474.208 1474.381 1474.554 1474.726 1474.986 1475.326 1475.666 1476.006 1476.345 1476.709 1477.072 1477.436 1477.8 1478.067 1478.216 1478.365 1478.513 1478.662 1479.007 1479.371 1479.734 1480.098 1480.435 1480.727 1481.019 1481.311 1481.603 1481.835 1482.055 1482.276 1482.496 1482.696 1482.846 1482.997
1472.759 1472.608 1472.456 1472.304 1472.17 1472.082 1471.995 1471.907 1471.819 1471.829 1471.874 1471.919 1471.964 1472.0 1472.0 1472.0 1472.0 1472.0 1472.131 1472.328 1472.524 1472.721 1472.908 1473.031 1473.153 1473.276 1473.398 1473.52 1473.642 1473.764 1473.885 1474.01 1474.176 1474.343 1474.51 1474.676 1474.938 1475.285 1475.633 1475.981 1476.328 1476.695 1477.063 1477.43 1477.798 1478.068 1478.22 1478.372 1478.523 1478.675 1479.019 1479.382 1479.745 1480.107 1480.449 1480.758 1481.066 1481.374 1481.682 1481.925 1482.155 1482.385 1482.615 1482.825 1482.991 1483.157
1472.999 1472.842 1472.685 1472.528 1472.385 1472.281 1472.178 1472.074 1471.97 1471.952 1471.965 1471.977 1471.99 1472.0 1472.0 1472.0 1472.0 1472.0 1472.113 1472.283 1472.453 1472.622 1472.786 1472.908 1473.031 1473.153 1473.276 1473.414 1473.563 1473.711 1473.86 1474.009 1474.171 1474.332 1474.493 1474.655 1474.916 1475.269 1475.622 1475.975 1476.328 1476.695 1477.063 1477.43 1477.798 1478.071 1478.228 1478.385 1478.542 1478.699 1479.039 1479.396 1479.753 1480.111 1480.456 1480.78 1481.104 1481.429 1481.753 1482.007 1482.248 1482.488 1482.729 1482.954 1483.141 1483.329
1473.239 1473.076 1472.914 1472.751 1472.601 1472.481 1472.361 1472.241 1472.12 1472.075 1472.055 1472.035 1472.016 1472.0 1472.0 1472.0 1472.0 1472.0 1472.095 1472.238 1472.381 1472.524 1472.664 1472.786 1472.909 1473.031 1473.154 1473.308 1473.483 1473.659 1473.835 1474.009 1474.165 1474.321 1474.477 1474.633 1474.894 1475.253 1475.611 1475.97 1476.328 1476.695 1477.063 1477.43 1477.798 1478.073 1478.235 1478.398 1478.56 1478.723 1479.058 1479.41 1479.762 1480.114 1480.462 1480.802 1481.143 1481.483 1481.824 1482.089 1482.341 1482.592 1482.844 1483.082 1483.291 1483.5
1473.479 1473.311 1473.143 1472.975 1472.816 1472.68 1472.544 1472.407 1472.271 1472.197 1472.145 1472.093 1472.041 1472.0 1472.0 1472.0 1472.0 1472.0 1472.077 1472.193 1472.309 1472.425 1472.542 1472.664 1472.787 1472.909 1473.032 1473.202 1473.404 1473.607 1473.809 1474.009 1474.159 1474.31 1474.46 1474.611 1474.873 1475.237 1475.6 1475.964 1476.328 1476.695 1477.063 1477.43 1477.798 1478.075 1478.243 1478.411 1478.579 1478.747 1479.078 1479.424 1479.771 1480.117 1480.468 1480.824 1481.181 1481.538 1481.894 1482.172 1482.434 1482.696 1482.958 1483.211 1483.442 1483.672
1473.652 1473.477 1473.302 1473.127 1472.959 1472.813 1472.666 1472.519 1472.372 1472.279 1472.206 1472.132 1472.059 1472.0 1472.0 1472.0 1472.0 1472.0 1472.061 1472.151 1472.242 1472.333 1472.429 1472.558 1472.688 1472.818 1472.947 1473.131 1473.351 1473.572 1473.792 1474.009 1474.156 1474.302 1474.449 1474.596 1474.858 1475.226 1475.593 1475.961 1476.328 1476.695 1477.063 1477.43 1477.798 1478.083 1478.269 1478.455 1478.641 1478.827 1479.153 1479.492 1479.831 1480.171 1480.517 1480.873 1481.23 1481.587 1481.943 1482.233 1482.509 1482.786 1483.062 1483.33 1483.579 1483.828
1473.692 1473.506 1473.32 1473.135 1472.959 1472.813 1472.666 1472.519 1472.372 1472.279 1472.206 1472.132 1472.059 1472.0 1472.0 1472.0 1472.0 1472.0 1472.046 1472.115 1472.185 1472.254 1472.334 1472.485 1472.636 1472.787 1472.939 1473.131 1473.351 1473.572 1473.792 1474.009 1474.156 1474.302 1474.449 1474.596 1474.858 1475.226 1475.593 1475.961 1476.328 1476.695 1477.063 1477.43 1477.798 1478.103 1478.332 1478.561 1478.789 1479.018 1479.338 1479.667 1479.995 1480.324 1480.651 1480.975 1481.3 1481.624 1481.948 1482.251 1482.549 1482.847 1483.145 1483.431 1483.691 1483.95
1473.732 1473.536 1473.339 1473.142 1472.959 1472.813 1472.666 1472.519 1472.372 1472.279 1472.206 1472.132 1472.059 1472.0 1472.0 1472.0 1472.0 1472.0 1472.032 1472.08 1472.127 1472.175 1472.239 1472.412 1472.584 1472.757 1472.93 1473.131 1473.351 1473.572 1473.792 1474.009 1474.156 1474.302 1474.449 1474.596 1474.858 1475.226 1475.593 1475.961 1476.328 1476.695 1477.063 1477.43 1477.798 1478.122 1478.394 1478.666 1478.938 1479.21 1479.524 1479.841 1480.159 1480.477 1480.785 1481.077 1481.369 1481.661 1481.953 1482.269 1482.588 1482.908 1483.228 1483.532 1483.802 1484.072
1473.772 1473.565 1473.358 1473.15 1472.959 1472.813 1472.666 1472.519 1472.372 1472.279 1472.206 1472.132 1472.059 1472.0 1472.0 1472.0 1472.0 1472.0 1472.017 1472.044 1472.07 1472.096 1472.144 1472.339 1472.533 1472.727 1472.921 1473.131 1473.351 1473.572 1473.792 1474.009 1474.156 1474.302 1474.449 1474.596 1474.858 1475.226 1475.593 1475.961 1476.328 1476.695 1477.063 1477.43 1477.798 1478.141 1478.457 1478.771 1479.086 1479.401 1479.709 1480.016 1480.323 1480.63 1480.92 1481.179 1481.439 1481.699 1481.959 1482.287 1482.628 1482.969 1483.31 1483.633 1483.914 1484.195
1473.812 1473.594 1473.376 1473.158 1472.959 1472.813 1472.666 1472.519 1472.372 1472.279 1472.206 1472.132 1472.059 1472.0 1472.0 1472.0 1472.0 1472.0 1472.003 1472.008 1472.012 1472.017 1472.049 1472.265 1472.481 1472.697 1472.912 1473.131 1473.351 1473.572 1473.792 1474.009 1474.156 1474.302 1474.449 1474.596 1474.858 1475.226 1475.593 1475.961 1476.328 1476.695 1477.063 1477.43 1477.798 1478.161 1478.519 1478.877 1479.235 1479.593 1479.895 1480.191 1480.487 1480.784 1481.054 1481.281 1481.509 1481.736 1481.964 1482.305 1482.668 1483.03 1483.393 1483.734 1484.026 1484.317
1473.659 1473.452 1473.244 1473.036 1472.844 1472.693 1472.541 1472.39 1472.239 1472.139 1472.057 1471.975 1471.893 1471.828 1471.828 1471.828 1471.828 1471.828 1471.853 1471.891 1471.929 1471.967 1472.029 1472.249 1472.47 1472.69 1472.911 1473.131 1473.351 1473.572 1473.792 1474.009 1474.156 1474.302 1474.449 1474.596 1474.858 1475.226 1475.593 1475.961 1476.328 1476.695 1477.063 1477.43 1477.798 1478.165 1478.532 1478.9 1479.267 1479.635 1479.947 1480.253 1480.56 1480.866 1481.15 1481.396 1481.641 1481.887 1482.133 1482.456 1482.794 1483.132 1483.47 1483.794 1484.088 1484.382
1473.453 1473.261 1473.069 1472.878 1472.696 1472.539 1472.383 1472.226 1472.07 1471.96 1471.868 1471.775 1471.682 1471.608 1471.608 1471.608 1471.608 1471.608 1471.666 1471.752 1471.839 1471.925 1472.029 1472.249 1472.47 1472.69 1472.911 1473.131 1473.351 1473.572 1473.792 1474.009 1474.156 1474.302 1474.449 1474.596 1474.858 1475.226 1475.593 1475.961 1476.328 1476.695 1477.063 1477.43 1477.798 1478.165 1478.532 1478.9 1479.267 1479.635 1479.961 1480.284 1480.607 1480.929 1481.235 1481.513 1481.791 1482.069 1482.347 1482.644 1482.944 1483.245 1483.545 1483.843 1484.137 1484.431
1473.246 1473.071 1472.895 1472.72 1472.548 1472.386 1472.224 1472.062 1471.9 1471.781 1471.678 1471.574 1471.471 1471.389 1471.389 1471.389 1471.389 1471.389 1471.478 1471.613 1471.748 1471.883 1472.029 1472.249 1472.47 1472.69 1472.911 1473.131 1473.351 1473.572 1473.792 1474.009 1474.156 1474.302 1474.449 1474.596 1474.858 1475.226 1475.593 1475.961 1476.328 1476.695 1477.063 1477.43 1477.798 1478.165 1478.532 1478.9 1479.267 1479.635 1479.976 1480.315 1480.654 1480.993 1481.321 1481.631 1481.941 1482.252 1482.562 1482.832 1483.095 1483.357 1483.62 1483.892 1484.186 1484.48
1473.039 1472.88 1472.721 1472.561 1472.4 1472.233 1472.065 1471.898 1471.73 1471.602 1471.488 1471.374 1471.26 1471.169 1471.169 1471.169 1471.169 1471.169 1471.291 1471.474 1471.657 1471.841 1472.029 1472.249 1472.47 1472.69 1472.911 1473.131 1473.351 1473.572 1473.792 1474.009 1474.156 1474.302 1474.449 1474.596 1474.858 1475.226 1475.593 1475.961 1476.328 1476.695 1477.063 1477.43 1477.798 1478.165 1478.532 1478.9 1479.267 1479.635 1479.991 1480.346 1480.701 1481.056 1481.406 1481.749 1482.091 1482.434 1482.777 1483.02 1483.245 1483.47 1483.695 1483.941 1484.235 1484.529
1472.81 1472.659 1472.508 1472.358 1472.204 1472.041 1471.878 1471.715 1471.553 1471.424 1471.308 1471.192 1471.076 1470.984 1470.988 1470.991 1470.995 1470.999 1471.146 1471.365 1471.584 1471.804 1472.023 1472.246 1472.469 1472.692 1472.915 1473.136 1473.355 1473.574 1473.793 1474.009 1474.157 1474.305 1474.453 1474.601 1474.863 1475.229 1475.596 1475.962 1476.328 1476.695 1477.063 1477.43 1477.798 1478.165 1478.532 1478.9 1479.267 1479.635 1480.002 1480.37 1480.737 1481.104 1481.472 1481.839 1482.207 1482.574 1482.941 1483.172 1483.377 1483.581 1483.786 1484.016 1484.305 1484.594
1472.504 1472.337 1472.17 1472.003 1471.848 1471.723 1471.598 1471.473 1471.348 1471.249 1471.16 1471.07 1470.981 1470.914 1470.934 1470.954 1470.974 1470.993 1471.143 1471.356 1471.57 1471.784 1472.0 1472.234 1472.468 1472.702 1472.935 1473.157 1473.371 1473.585 1473.799 1474.009 1474.162 1474.316 1474.47 1474.623 1474.885 1475.246 1475.607 1475.967 1476.328 1476.695 1477.063 1477.43 1477.798 1478.165 1478.532 1478.9 1479.267 1479.635 1480.002 1480.37 1480.737 1481.104 1481.472 1481.839 1482.207 1482.574 1482.941 1483.204 1483.446 1483.688 1483.931 1484.181 1484.448 1484.716
1472.198 1472.015 1471.832 1471.649 1471.492 1471.405 1471.317 1471.23 1471.142 1471.073 1471.011 1470.949 1470.886 1470.844 1470.88 1470.916 1470.952 1470.988 1471.139 1471.347 1471.556 1471.764 1471.977 1472.222 1472.466 1472.711 1472.955 1473.178 1473.387 1473.595 1473.804 1474.009 1474.168 1474.327 1474.486 1474.645 1474.906 1475.262 1475.617 1475.973 1476.328 1476.695 1477.063 1477.43 1477.798 1478.165 1478.532 1478.9 1479.267 1479.635 1480.002 1480.37 1480.737 1481.104 1481.472 1481.839 1482.207 1482.574 1482.941 1483.235 1483.515 1483.796 1484.076 1484.345 1484.591 1484.837
1471.891 1471.692 1471.493 1471.294 1471.136 1471.086 1471.037 1470.987 1470.937 1470.898 1470.863 1470.827 1470.792 1470.774 1470.826 1470.878 1470.93 1470.983 1471.135 1471.338 1471.542 1471.745 1471.954 1472.21 1472.465 1472.72 1472.975 1473.2 1473.403 1473.606 1473.809 1474.01 1474.174 1474.338 1474.503 1474.667 1474.928 1475.278 1475.628 1475.978 1476.328 1476.695 1477.063 1477.43 1477.798 1478.165 1478.532 1478.9 1479.267 1479.635 1480.002 1480.37 1480.737 1481.104 1481.472 1481.839 1482.207 1482.574 1482.941 1483.267 1483.585 1483.902 1484.22 1484.51 1484.734 1484.958
