data/zism_data/00852_04_D.txt
ncols         224
nrows         224
[rows 112 to 139 of 224, columns 126 to 188 of 224]
1694.181 1694.26 1694.339 1694.343 1694.267 1694.19 1694.114 1694.037 1692.358 1690.539 1688.719 1686.9 1684.225 1680.011 1675.798 1671.585 1667.372 1661.515 1655.234 1648.954 1642.674 1636.44 1630.355 1624.27 1618.185 1612.1 1608.614 1606.4 1604.186 1601.972 1600.004 1600.042 1600.081 1600.119 1600.157 1600.175 1600.175 1600.175 1600.175 1600.175 1600.137 1600.099 1600.06 1600.022 1600.206 1600.692 1601.178 1601.665 1602.151 1603.141 1604.211 1605.282 1606.353 1607.374 1608.28 1609.185 1610.091 1610.996 1611.491 1611.839 1612.188 1612.536 1612.713
1692.016 1691.204 1690.392 1689.872 1689.667 1689.461 1689.256 1689.051 1687.41 1685.645 1683.879 1682.114 1679.517 1675.427 1671.338 1667.248 1663.158 1657.429 1651.277 1645.126 1638.975 1632.927 1627.218 1621.509 1615.799 1610.09 1607.006 1605.205 1603.404 1601.604 1600.011 1600.114 1600.217 1600.319 1600.422 1600.469 1600.469 1600.469 1600.469 1600.469 1600.367 1600.265 1600.162 1600.059 1600.24 1600.807 1601.373 1601.94 1602.507 1603.577 1604.729 1605.88 1607.031 1608.124 1609.078 1610.031 1610.985 1611.939 1612.395 1612.673 1612.952 1613.23 1613.346
1689.851 1688.148 1686.445 1685.401 1685.067 1684.733 1684.398 1684.064 1682.463 1680.751 1679.039 1677.327 1674.809 1670.843 1666.877 1662.911 1658.945 1653.343 1647.32 1641.298 1635.276 1629.414 1624.081 1618.748 1613.414 1608.081 1605.397 1604.01 1602.623 1601.235 1600.018 1600.185 1600.353 1600.52 1600.687 1600.762 1600.762 1600.762 1600.762 1600.762 1600.598 1600.431 1600.264 1600.096 1600.274 1600.921 1601.569 1602.216 1602.863 1604.014 1605.246 1606.478 1607.71 1608.873 1609.875 1610.877 1611.879 1612.881 1613.299 1613.507 1613.716 1613.925 1613.978
1687.687 1685.092 1682.498 1680.93 1680.467 1680.004 1679.541 1679.078 1677.516 1675.857 1674.199 1672.541 1670.102 1666.259 1662.416 1658.574 1654.731 1649.257 1643.363 1637.47 1631.576 1625.901 1620.944 1615.986 1611.029 1606.072 1603.789 1602.815 1601.841 1600.867 1600.025 1600.257 1600.489 1600.72 1600.952 1601.056 1601.056 1601.056 1601.056 1601.056 1600.828 1600.597 1600.365 1600.134 1600.308 1601.036 1601.764 1602.492 1603.219 1604.451 1605.763 1607.076 1608.388 1609.622 1610.673 1611.723 1612.774 1613.824 1614.203 1614.341 1614.48 1614.619 1614.61
1685.427 1681.944 1678.46 1676.358 1675.74 1675.123 1674.506 1673.889 1672.389 1670.812 1669.235 1667.658 1665.319 1661.611 1657.904 1654.197 1650.489 1645.152 1639.397 1633.641 1627.885 1622.407 1617.839 1613.271 1608.703 1604.136 1602.249 1601.673 1601.097 1600.521 1600.042 1600.349 1600.655 1600.962 1601.268 1601.407 1601.407 1601.407 1601.407 1601.407 1601.105 1600.798 1600.492 1600.185 1600.348 1601.15 1601.952 1602.753 1603.555 1604.866 1606.259 1607.651 1609.044 1610.349 1611.449 1612.549 1613.649 1614.749 1615.093 1615.167 1615.241 1615.315 1615.247
1681.625 1677.288 1672.951 1670.134 1668.953 1667.772 1666.591 1665.41 1664.349 1663.298 1662.247 1661.196 1659.312 1655.932 1652.553 1649.173 1645.793 1640.749 1635.278 1629.807 1624.336 1619.219 1615.263 1611.307 1607.352 1603.396 1601.811 1601.385 1600.96 1600.534 1600.216 1600.77 1601.323 1601.877 1602.43 1602.681 1602.681 1602.681 1602.681 1602.681 1602.135 1601.582 1601.028 1600.475 1600.481 1601.251 1602.021 1602.79 1603.56 1604.931 1606.399 1607.866 1609.334 1610.713 1611.883 1613.053 1614.222 1615.392 1615.766 1615.856 1615.946 1616.036 1615.972
1677.823 1672.632 1667.441 1663.91 1662.166 1660.421 1658.676 1656.932 1656.309 1655.784 1655.26 1654.735 1653.306 1650.254 1647.201 1644.149 1641.097 1636.346 1631.16 1625.973 1620.787 1616.031 1612.687 1609.343 1606.0 1602.656 1601.373 1601.098 1600.823 1600.547 1600.39 1601.191 1601.991 1602.792 1603.592 1603.954 1603.954 1603.954 1603.954 1603.954 1603.166 1602.365 1601.565 1600.764 1600.615 1601.352 1602.089 1602.827 1603.564 1604.995 1606.539 1608.082 1609.625 1611.077 1612.316 1613.556 1614.796 1616.035 1616.439 1616.546 1616.652 1616.758 1616.696
1674.021 1667.976 1661.931 1657.687 1655.378 1653.07 1650.761 1648.453 1648.269 1648.27 1648.272 1648.273 1647.3 1644.575 1641.85 1639.125 1636.4 1631.943 1627.041 1622.139 1617.237 1612.842 1610.111 1607.379 1604.648 1601.916 1600.935 1600.81 1600.685 1600.561 1600.564 1601.612 1602.659 1603.707 1604.754 1605.228 1605.228 1605.228 1605.228 1605.228 1604.196 1603.148 1602.101 1601.053 1600.748 1601.453 1602.158 1602.864 1603.569 1605.06 1606.678 1608.297 1609.915 1611.441 1612.75 1614.059 1615.369 1616.678 1617.113 1617.235 1617.357 1617.48 1617.421
1670.218 1663.32 1656.422 1651.463 1648.591 1645.719 1642.846 1639.974 1640.229 1640.757 1641.284 1641.812 1641.293 1638.896 1636.499 1634.101 1631.704 1627.54 1622.923 1618.306 1613.688 1609.654 1607.535 1605.415 1603.296 1601.176 1600.497 1600.523 1600.548 1600.574 1600.738 1602.033 1603.327 1604.622 1605.916 1606.502 1606.502 1606.502 1606.502 1606.502 1605.226 1603.932 1602.637 1601.343 1600.881 1601.554 1602.227 1602.9 1603.573 1605.125 1606.818 1608.512 1610.205 1611.805 1613.184 1614.563 1615.942 1617.321 1617.786 1617.924 1618.063 1618.201 1618.145
1665.054 1657.736 1650.419 1645.121 1641.996 1638.871 1635.746 1632.621 1633.148 1633.995 1634.842 1635.688 1635.484 1633.395 1631.306 1629.216 1627.127 1623.382 1619.211 1615.041 1610.87 1607.293 1605.659 1604.026 1602.392 1600.759 1600.372 1600.596 1600.819 1601.043 1601.41 1602.946 1604.482 1606.017 1607.553 1608.259 1608.279 1608.298 1608.318 1608.338 1606.797 1605.233 1603.669 1602.105 1601.443 1602.008 1602.573 1603.138 1603.703 1605.368 1607.209 1609.05 1610.892 1612.616 1614.068 1615.52 1616.972 1618.424 1618.872 1618.962 1619.052 1619.142 1619.03
1658.642 1651.302 1643.963 1638.67 1635.577 1632.484 1629.391 1626.299 1626.947 1627.923 1628.898 1629.874 1629.857 1628.057 1626.258 1624.458 1622.659 1619.447 1615.872 1612.298 1608.724 1605.689 1604.426 1603.163 1601.9 1600.637 1600.535 1601.0 1601.465 1601.93 1602.538 1604.31 1606.082 1607.854 1609.626 1610.46 1610.517 1610.574 1610.631 1610.688 1608.862 1607.009 1605.155 1603.301 1602.396 1602.784 1603.172 1603.56 1603.948 1605.773 1607.829 1609.885 1611.941 1613.839 1615.366 1616.893 1618.42 1619.947 1620.336 1620.318 1620.301 1620.284 1620.06
1652.229 1644.869 1637.508 1632.219 1629.158 1626.098 1623.037 1619.976 1620.746 1621.851 1622.955 1624.059 1624.229 1622.719 1621.209 1619.7 1618.19 1615.512 1612.534 1609.555 1606.577 1604.085 1603.193 1602.3 1601.408 1600.515 1600.697 1601.404 1602.11 1602.817 1603.666 1605.674 1607.683 1609.691 1611.699 1612.66 1612.755 1612.85 1612.944 1613.039 1610.928 1608.785 1606.641 1604.497 1603.35 1603.561 1603.772 1603.982 1604.193 1606.178 1608.449 1610.72 1612.991 1615.062 1616.664 1618.266 1619.868 1621.47 1621.8 1621.675 1621.55 1621.426 1621.091
1645.817 1638.435 1631.052 1625.768 1622.739 1619.711 1616.683 1613.654 1614.545 1615.778 1617.012 1618.245 1618.601 1617.381 1616.161 1614.942 1613.722 1611.577 1609.195 1606.812 1604.43 1602.482 1601.96 1601.438 1600.916 1600.394 1600.859 1601.807 1602.756 1603.704 1604.794 1607.039 1609.283 1611.528 1613.772 1614.861 1614.993 1615.125 1615.258 1615.39 1612.994 1610.56 1608.127 1605.693 1604.304 1604.338 1604.371 1604.405 1604.438 1606.584 1609.069 1611.555 1614.041 1616.285 1617.962 1619.639 1621.317 1622.994 1623.263 1623.031 1622.799 1622.567 1622.122
1639.404 1632.001 1624.597 1619.317 1616.321 1613.324 1610.328 1607.332 1608.344 1609.706 1611.068 1612.43 1612.973 1612.043 1611.113 1610.184 1609.254 1607.642 1605.856 1604.069 1602.283 1600.878 1600.727 1600.575 1600.424 1600.272 1601.021 1602.211 1603.401 1604.591 1605.922 1608.403 1610.884 1613.365 1615.845 1617.061 1617.231 1617.401 1617.571 1617.741 1615.06 1612.336 1609.613 1606.889 1605.258 1605.114 1604.97 1604.827 1604.683 1606.989 1609.69 1612.39 1615.091 1617.507 1619.26 1621.012 1622.765 1624.517 1624.727 1624.388 1624.049 1623.709 1623.152
1633.541 1626.905 1620.268 1615.63 1613.142 1610.654 1608.167 1605.679 1606.461 1607.529 1608.596 1609.664 1610.091 1609.366 1608.642 1607.917 1607.193 1605.937 1604.546 1603.154 1601.762 1600.688 1600.653 1600.618 1600.583 1600.548 1601.526 1603.0 1604.474 1605.947 1607.549 1610.192 1612.835 1615.478 1618.121 1619.573 1620.039 1620.506 1620.973 1621.44 1619.03 1616.577 1614.125 1611.672 1610.189 1610.027 1609.865 1609.703 1609.541 1611.669 1614.167 1616.664 1619.161 1621.336 1622.756 1624.176 1625.596 1627.017 1626.994 1626.457 1625.921 1625.384 1624.646
1627.686 1621.828 1615.97 1611.984 1610.011 1608.039 1606.067 1604.094 1604.641 1605.408 1606.175 1606.942 1607.249 1606.728 1606.208 1605.687 1605.167 1604.265 1603.266 1602.266 1601.266 1600.518 1600.596 1600.674 1600.751 1600.829 1602.035 1603.794 1605.552 1607.311 1609.184 1611.988 1614.792 1617.596 1620.4 1622.089 1622.856 1623.624 1624.391 1625.159 1623.028 1620.855 1618.681 1616.508 1615.179 1615.001 1614.823 1614.645 1614.467 1616.412 1618.7 1620.988 1623.276 1625.203 1626.285 1627.366 1628.448 1629.53 1629.273 1628.537 1627.802 1627.066 1626.147
1621.831 1616.752 1611.672 1608.338 1606.881 1605.424 1603.967 1602.51 1602.822 1603.288 1603.754 1604.221 1604.407 1604.09 1603.774 1603.458 1603.141 1602.593 1601.985 1601.378 1600.77 1600.348 1600.539 1600.729 1600.92 1601.11 1602.545 1604.588 1606.631 1608.674 1610.818 1613.783 1616.748 1619.713 1622.678 1624.605 1625.673 1626.741 1627.809 1628.877 1627.026 1625.132 1623.238 1621.344 1620.169 1619.975 1619.781 1619.586 1619.392 1621.155 1623.234 1625.312 1627.39 1629.069 1629.813 1630.557 1631.301 1632.044 1631.551 1630.617 1629.683 1628.749 1627.648
1615.976 1611.675 1607.374 1604.691 1603.75 1602.808 1601.867 1600.925 1601.002 1601.168 1601.333 1601.499 1601.565 1601.453 1601.34 1601.228 1601.116 1600.921 1600.705 1600.489 1600.273 1600.179 1600.482 1600.785 1601.089 1601.392 1603.055 1605.382 1607.709 1610.037 1612.452 1615.578 1618.704 1621.83 1624.957 1627.121 1628.49 1629.859 1631.227 1632.596 1631.025 1629.41 1627.795 1626.179 1625.159 1624.949 1624.738 1624.528 1624.318 1625.898 1627.767 1629.636 1631.505 1632.936 1633.342 1633.747 1634.153 1634.558 1633.829 1632.697 1631.564 1630.431 1629.149
1612.267 1608.862 1605.458 1603.414 1602.833 1602.253 1601.672 1601.092 1600.897 1600.735 1600.574 1600.412 1600.284 1600.216 1600.149 1600.081 1600.014 1600.0 1600.0 1600.0 1600.0 1600.112 1600.594 1601.075 1601.556 1602.037 1603.936 1606.529 1609.122 1611.715 1614.384 1617.681 1620.978 1624.275 1627.572 1629.99 1631.681 1633.372 1635.064 1636.755 1635.625 1634.453 1633.281 1632.109 1631.354 1631.166 1630.978 1630.79 1630.602 1631.837 1633.302 1634.766 1636.23 1637.254 1637.246 1637.239 1637.231 1637.224 1636.206 1634.829 1633.452 1632.075 1630.56
1611.187 1608.824 1606.461 1605.04 1604.631 1604.222 1603.814 1603.405 1602.893 1602.372 1601.85 1601.329 1600.916 1600.698 1600.48 1600.262 1600.045 1600.0 1600.0 1600.0 1600.0 1600.173 1600.911 1601.65 1602.389 1603.128 1605.274 1608.109 1610.943 1613.777 1616.682 1620.162 1623.641 1627.121 1630.6 1633.292 1635.332 1637.372 1639.412 1641.453 1640.963 1640.435 1639.907 1639.38 1639.026 1638.907 1638.789 1638.671 1638.553 1639.243 1640.063 1640.883 1641.703 1642.124 1641.612 1641.099 1640.587 1640.075 1638.703 1637.026 1635.348 1633.67 1631.861
1610.107 1608.786 1607.464 1606.665 1606.429 1606.192 1605.955 1605.718 1604.889 1604.008 1603.127 1602.246 1601.548 1601.18 1600.812 1600.443 1600.075 1600.0 1600.0 1600.0 1600.0 1600.233 1601.229 1602.226 1603.223 1604.219 1606.612 1609.688 1612.764 1615.84 1618.98 1622.642 1626.304 1629.966 1633.628 1636.593 1638.983 1641.372 1643.761 1646.151 1646.3 1646.417 1646.534 1646.65 1646.697 1646.649 1646.601 1646.552 1646.504 1646.649 1646.824 1647.0 1647.175 1646.994 1645.977 1644.96 1643.943 1642.926 1641.201 1639.222 1637.244 1635.265 1633.162
1609.027 1608.747 1608.468 1608.291 1608.226 1608.161 1608.096 1608.031 1606.885 1605.644 1604.403 1603.163 1602.18 1601.661 1601.143 1600.625 1600.106 1600.0 1600.0 1600.0 1600.0 1600.293 1601.547 1602.802 1604.056 1605.31 1607.95 1611.268 1614.585 1617.903 1621.278 1625.123 1628.967 1632.812 1636.656 1639.895 1642.633 1645.372 1648.11 1650.848 1651.638 1652.399 1653.16 1653.921 1654.369 1654.391 1654.412 1654.434 1654.455 1654.054 1653.586 1653.117 1652.648 1651.864 1650.343 1648.821 1647.299 1645.778 1643.698 1641.419 1639.139 1636.86 1634.463
1607.947 1608.709 1609.471 1609.917 1610.024 1610.131 1610.238 1610.345 1608.881 1607.281 1605.68 1604.079 1602.812 1602.143 1601.474 1600.806 1600.137 1600.0 1600.0 1600.0 1600.0 1600.353 1601.865 1603.377 1604.889 1606.401 1609.288 1612.847 1616.407 1619.966 1623.576 1627.603 1631.63 1635.657 1639.684 1643.197 1646.284 1649.372 1652.459 1655.546 1656.976 1658.381 1659.786 1661.192 1662.041 1662.132 1662.223 1662.315 1662.406 1661.46 1660.347 1659.234 1658.121 1656.734 1654.708 1652.682 1650.656 1648.629 1646.195 1643.615 1641.035 1638.455 1635.764
1614.55 1616.021 1617.49 1617.91 1617.198 1616.486 1615.775 1615.063 1612.91 1610.631 1608.352 1606.073 1604.248 1603.238 1602.227 1601.217 1600.207 1600.047 1600.106 1600.164 1600.223 1600.685 1602.47 1604.254 1606.039 1607.823 1610.952 1614.738 1618.524 1622.31 1626.133 1630.26 1634.386 1638.512 1642.638 1646.277 1649.512 1652.748 1655.983 1659.218 1661.073 1662.906 1664.74 1666.574 1667.683 1667.805 1667.927 1668.049 1668.171 1666.894 1665.391 1663.889 1662.386 1660.63 1658.281 1655.931 1653.581 1651.232 1648.498 1645.627 1642.757 1639.886 1636.909
1621.885 1624.032 1626.178 1626.508 1624.884 1623.26 1621.635 1620.011 1617.133 1614.145 1611.157 1608.17 1605.76 1604.39 1603.02 1601.65 1600.28 1600.098 1600.221 1600.345 1600.468 1601.043 1603.101 1605.16 1607.218 1609.276 1612.646 1616.658 1620.67 1624.681 1628.715 1632.933 1637.15 1641.368 1645.585 1649.336 1652.7 1656.064 1659.428 1662.792 1665.051 1667.293 1669.535 1671.776 1673.132 1673.281 1673.43 1673.578 1673.727 1672.139 1670.272 1668.404 1666.537 1664.433 1661.778 1659.122 1656.466 1653.811 1650.783 1647.622 1644.462 1641.301 1638.038
1629.22 1632.043 1634.866 1635.107 1632.57 1630.033 1627.496 1624.959 1621.355 1617.659 1613.962 1610.266 1607.273 1605.543 1603.813 1602.083 1600.354 1600.149 1600.337 1600.525 1600.712 1601.401 1603.733 1606.065 1608.397 1610.73 1614.341 1618.578 1622.815 1627.052 1631.297 1635.606 1639.915 1644.224 1648.532 1652.395 1655.888 1659.381 1662.874 1666.367 1669.029 1671.679 1674.329 1676.979 1678.581 1678.757 1678.933 1679.108 1679.284 1677.385 1675.152 1672.92 1670.687 1668.236 1665.275 1662.313 1659.351 1656.39 1653.068 1649.617 1646.166 1642.716 1639.168
1636.555 1640.055 1643.554 1643.706 1640.256 1636.806 1633.356 1629.907 1625.578 1621.173 1616.767 1612.362 1608.785 1606.696 1604.606 1602.517 1600.427 1600.201 1600.453 1600.705 1600.957 1601.759 1604.365 1606.971 1609.577 1612.183 1616.036 1620.498 1624.961 1629.423 1633.879 1638.279 1642.679 1647.079 1651.479 1655.453 1659.075 1662.697 1666.319 1669.941 1673.007 1676.065 1679.123 1682.181 1684.031 1684.233 1684.435 1684.638 1684.84 1682.631 1680.033 1677.435 1674.838 1672.039 1668.771 1665.504 1662.236 1658.969 1655.352 1651.612 1647.871 1644.131 1640.298
1644.843 1648.542 1652.24 1652.063 1647.717 1643.37 1639.024 1634.678 1629.521 1624.294 1619.066 1613.839 1609.66 1607.362 1605.065 1602.767 1600.47 1600.213 1600.481 1600.749 1601.017 1601.868 1604.633 1607.397 1610.162 1612.926 1616.974 1621.65 1626.326 1631.002 1635.658 1640.151 1644.645 1649.138 1653.632 1657.75 1661.557 1665.365 1669.172 1672.979 1676.333 1679.679 1683.026 1686.373 1688.398 1688.623 1688.849 1689.074 1689.299 1686.874 1684.023 1681.171 1678.319 1675.274 1671.775 1668.276 1664.777 1661.278 1657.467 1653.544 1649.62 1645.697 1641.682
