data/zism_data/00853_02_D.txt
ncols         224
nrows         224
[rows 168 to 195 of 224, columns 128 to 191 of 224]
1093.396 1090.719 1086.128 1081.537 1076.946 1072.355 1065.641 1058.742 1051.842 1044.943 1039.701 1037.433 1035.166 1032.899 1030.632 1029.742 1029.206 1028.671 1028.135 1027.987 1029.108 1030.229 1031.351 1032.472 1033.139 1033.584 1034.028 1034.473 1034.844 1034.614 1034.385 1034.155 1033.926 1033.37 1032.545 1031.72 1030.895 1030.069 1027.975 1025.863 1023.75 1021.637 1019.771 1018.242 1016.712 1015.183 1013.653 1013.08 1012.661 1012.242 1011.822 1011.351 1010.759 1010.167 1009.575 1008.983 1007.805 1006.418 1005.031 1003.644 1001.58 996.3232 991.0667 985.8102
1095.227 1093.072 1089.311 1085.549 1081.788 1078.026 1071.876 1065.517 1059.159 1052.8 1047.769 1045.121 1042.474 1039.827 1037.18 1035.995 1035.187 1034.378 1033.569 1033.158 1034.049 1034.941 1035.832 1036.723 1037.318 1037.768 1038.218 1038.668 1039.022 1038.594 1038.167 1037.739 1037.311 1036.587 1035.617 1034.648 1033.678 1032.708 1030.618 1028.51 1026.403 1024.295 1022.408 1020.819 1019.231 1017.642 1016.054 1015.27 1014.615 1013.961 1013.306 1012.649 1011.987 1011.326 1010.664 1010.002 1008.853 1007.531 1006.208 1004.885 1003.007 998.5104 994.0139 989.5174
1097.058 1095.425 1092.493 1089.561 1086.629 1083.697 1078.111 1072.293 1066.474 1060.656 1055.836 1052.809 1049.782 1046.755 1043.728 1042.248 1041.167 1040.085 1039.004 1038.329 1038.99 1039.651 1040.313 1040.974 1041.497 1041.952 1042.407 1042.863 1043.2 1042.574 1041.948 1041.323 1040.697 1039.804 1038.69 1037.576 1036.462 1035.347 1033.26 1031.158 1029.056 1026.954 1025.044 1023.397 1021.75 1020.102 1018.455 1017.46 1016.57 1015.68 1014.789 1013.947 1013.215 1012.484 1011.753 1011.022 1009.902 1008.643 1007.385 1006.127 1004.434 1000.698 996.961 993.2245
1098.889 1097.778 1095.676 1093.573 1091.471 1089.368 1084.345 1079.068 1073.79 1068.513 1063.904 1060.497 1057.09 1053.682 1050.275 1048.501 1047.147 1045.792 1044.438 1043.5 1043.931 1044.362 1044.793 1045.224 1045.675 1046.136 1046.597 1047.057 1047.377 1046.554 1045.73 1044.906 1044.083 1043.021 1041.762 1040.504 1039.245 1037.986 1035.902 1033.805 1031.708 1029.612 1027.681 1025.974 1024.268 1022.562 1020.856 1019.65 1018.524 1017.398 1016.273 1015.244 1014.443 1013.643 1012.842 1012.041 1010.95 1009.756 1008.562 1007.368 1005.861 1002.885 999.9081 996.9316
1099.659 1098.859 1097.29 1095.72 1094.151 1092.581 1088.167 1083.505 1078.843 1074.181 1069.981 1066.611 1063.241 1059.871 1056.5 1054.683 1053.264 1051.845 1050.426 1049.365 1049.478 1049.59 1049.703 1049.816 1050.059 1050.365 1050.672 1050.978 1051.133 1050.056 1048.979 1047.902 1046.825 1045.569 1044.166 1042.763 1041.36 1039.957 1037.879 1035.791 1033.702 1031.614 1029.677 1027.944 1026.212 1024.479 1022.747 1021.43 1020.179 1018.929 1017.679 1016.541 1015.667 1014.794 1013.92 1013.046 1011.933 1010.735 1009.536 1008.338 1006.904 1004.358 1001.813 999.2671
1099.745 1099.122 1097.895 1096.668 1095.441 1094.214 1090.438 1086.44 1082.441 1078.443 1074.778 1071.713 1068.648 1065.583 1062.518 1060.818 1059.468 1058.119 1056.769 1055.674 1055.412 1055.151 1054.889 1054.627 1054.574 1054.624 1054.673 1054.723 1054.617 1053.251 1051.885 1050.519 1049.153 1047.688 1046.14 1044.592 1043.045 1041.497 1039.427 1037.35 1035.273 1033.195 1031.262 1029.524 1027.786 1026.048 1024.31 1022.946 1021.642 1020.339 1019.035 1017.837 1016.888 1015.94 1014.991 1014.043 1012.874 1011.628 1010.381 1009.135 1007.699 1005.373 1003.047 1000.721
1099.832 1099.384 1098.5 1097.616 1096.731 1095.847 1092.709 1089.374 1086.039 1082.705 1079.575 1076.815 1074.055 1071.295 1068.535 1066.953 1065.673 1064.393 1063.113 1061.984 1061.347 1060.711 1060.075 1059.438 1059.09 1058.883 1058.675 1058.468 1058.102 1056.447 1054.792 1053.137 1051.482 1049.806 1048.114 1046.422 1044.73 1043.037 1040.976 1038.91 1036.843 1034.776 1032.846 1031.103 1029.36 1027.617 1025.874 1024.463 1023.106 1021.748 1020.391 1019.133 1018.11 1017.086 1016.063 1015.039 1013.815 1012.521 1011.226 1009.931 1008.494 1006.388 1004.281 1002.174
1099.918 1099.647 1099.105 1098.563 1098.021 1097.48 1094.979 1092.308 1089.637 1086.966 1084.372 1081.917 1079.462 1077.007 1074.552 1073.088 1071.877 1070.667 1069.457 1068.293 1067.282 1066.271 1065.26 1064.249 1063.605 1063.141 1062.677 1062.212 1061.586 1059.642 1057.698 1055.754 1053.81 1051.925 1050.088 1048.251 1046.414 1044.578 1042.525 1040.469 1038.413 1036.357 1034.431 1032.683 1030.934 1029.186 1027.437 1025.979 1024.568 1023.158 1021.747 1020.429 1019.331 1018.232 1017.134 1016.035 1014.757 1013.414 1012.071 1010.728 1009.29 1007.403 1005.515 1003.628
1100.0 1099.896 1099.679 1099.463 1099.247 1099.03 1097.15 1095.125 1093.099 1091.074 1089.0 1086.838 1084.677 1082.516 1080.354 1078.986 1077.821 1076.657 1075.492 1074.275 1072.887 1071.498 1070.11 1068.721 1067.788 1067.078 1066.368 1065.657 1064.783 1062.574 1060.366 1058.157 1055.949 1053.875 1051.914 1049.952 1047.99 1046.029 1043.991 1041.953 1039.914 1037.876 1035.958 1034.206 1032.453 1030.701 1028.948 1027.446 1025.985 1024.524 1023.062 1021.687 1020.513 1019.34 1018.166 1016.992 1015.66 1014.272 1012.884 1011.495 1010.056 1008.375 1006.695 1005.014
1100.0 1099.919 1099.751 1099.583 1099.414 1099.246 1097.695 1096.022 1094.35 1092.678 1090.869 1088.815 1086.76 1084.706 1082.652 1081.033 1079.526 1078.019 1076.512 1074.933 1073.122 1071.311 1069.5 1067.688 1066.57 1065.79 1065.01 1064.23 1063.308 1061.233 1059.159 1057.084 1055.009 1053.102 1051.333 1049.564 1047.795 1046.026 1044.118 1042.208 1040.298 1038.388 1036.551 1034.815 1033.078 1031.342 1029.605 1028.106 1026.644 1025.183 1023.721 1022.322 1021.068 1019.814 1018.56 1017.306 1015.953 1014.565 1013.177 1011.788 1010.349 1008.668 1006.988 1005.307
1100.0 1099.942 1099.822 1099.702 1099.582 1099.462 1098.239 1096.92 1095.601 1094.282 1092.739 1090.792 1088.844 1086.897 1084.949 1083.08 1081.23 1079.381 1077.531 1075.592 1073.358 1071.123 1068.889 1066.655 1065.351 1064.501 1063.652 1062.802 1061.833 1059.892 1057.951 1056.01 1054.069 1052.328 1050.752 1049.176 1047.599 1046.023 1044.244 1042.463 1040.681 1038.9 1037.144 1035.424 1033.703 1031.983 1030.262 1028.765 1027.303 1025.842 1024.381 1022.957 1021.623 1020.289 1018.955 1017.62 1016.246 1014.858 1013.47 1012.081 1010.642 1008.961 1007.281 1005.6
1100.0 1099.965 1099.893 1099.822 1099.75 1099.678 1098.784 1097.818 1096.852 1095.887 1094.608 1092.768 1090.928 1089.087 1087.247 1085.127 1082.935 1080.743 1078.55 1076.25 1073.593 1070.936 1068.279 1065.622 1064.132 1063.213 1062.294 1061.375 1060.359 1058.552 1056.744 1054.937 1053.13 1051.555 1050.171 1048.787 1047.404 1046.02 1044.371 1042.718 1041.065 1039.412 1037.737 1036.032 1034.328 1032.624 1030.919 1029.424 1027.963 1026.501 1025.04 1023.593 1022.178 1020.763 1019.349 1017.934 1016.539 1015.151 1013.763 1012.374 1010.935 1009.254 1007.574 1005.893
1100.0 1099.989 1099.965 1099.941 1099.917 1099.894 1099.328 1098.716 1098.104 1097.491 1096.478 1094.744 1093.011 1091.278 1089.545 1087.174 1084.639 1082.104 1079.57 1076.908 1073.828 1070.749 1067.669 1064.589 1062.914 1061.925 1060.936 1059.948 1058.884 1057.211 1055.537 1053.864 1052.19 1050.781 1049.59 1048.399 1047.208 1046.017 1044.498 1042.973 1041.448 1039.924 1038.33 1036.641 1034.953 1033.265 1031.576 1030.083 1028.622 1027.161 1025.699 1024.228 1022.733 1021.238 1019.743 1018.248 1016.832 1015.444 1014.056 1012.667 1011.228 1009.547 1007.867 1006.186
1099.31 1099.51 1099.624 1099.738 1099.852 1099.966 1099.51 1099.003 1098.497 1097.991 1096.979 1095.06 1093.14 1091.221 1089.301 1086.587 1083.67 1080.752 1077.834 1074.819 1071.488 1068.156 1064.825 1061.493 1059.672 1058.589 1057.507 1056.424 1055.308 1053.917 1052.527 1051.137 1049.747 1048.61 1047.682 1046.754 1045.827 1044.899 1043.544 1042.183 1040.823 1039.462 1037.986 1036.354 1034.723 1033.091 1031.46 1029.979 1028.523 1027.067 1025.612 1024.127 1022.577 1021.026 1019.475 1017.924 1016.492 1015.101 1013.71 1012.319 1010.88 1009.219 1007.557 1005.896
1097.95 1098.544 1098.883 1099.222 1099.56 1099.899 1099.338 1098.698 1098.058 1097.417 1096.151 1093.761 1091.371 1088.98 1086.59 1083.443 1080.103 1076.762 1073.421 1070.063 1066.646 1063.229 1059.811 1056.394 1054.466 1053.265 1052.065 1050.865 1049.69 1048.728 1047.766 1046.804 1045.842 1045.08 1044.484 1043.888 1043.292 1042.697 1041.542 1040.379 1039.216 1038.053 1036.733 1035.198 1033.662 1032.127 1030.592 1029.134 1027.689 1026.244 1024.798 1023.312 1021.729 1020.146 1018.563 1016.981 1015.535 1014.139 1012.743 1011.346 1009.91 1008.286 1006.662 1005.038
1096.59 1097.578 1098.142 1098.705 1099.269 1099.832 1099.166 1098.392 1097.618 1096.844 1095.324 1092.462 1089.601 1086.74 1083.878 1080.299 1076.536 1072.772 1069.009 1065.306 1061.803 1058.3 1054.798 1051.295 1049.259 1047.941 1046.623 1045.305 1044.073 1043.538 1043.005 1042.471 1041.937 1041.55 1041.286 1041.022 1040.758 1040.494 1039.54 1038.575 1037.61 1036.645 1035.48 1034.041 1032.602 1031.163 1029.724 1028.289 1026.854 1025.42 1023.985 1022.497 1020.882 1019.267 1017.652 1016.037 1014.579 1013.177 1011.776 1010.374 1008.94 1007.354 1005.767 1004.18
1095.23 1096.612 1097.4 1098.189 1098.977 1099.766 1098.994 1098.086 1097.179 1096.271 1094.496 1091.164 1087.831 1084.499 1081.167 1077.155 1072.969 1068.782 1064.596 1060.549 1056.961 1053.373 1049.784 1046.196 1044.053 1042.617 1041.181 1039.745 1038.455 1038.349 1038.243 1038.138 1038.032 1038.021 1038.089 1038.156 1038.224 1038.292 1037.537 1036.771 1036.004 1035.237 1034.226 1032.884 1031.541 1030.198 1028.856 1027.443 1026.019 1024.596 1023.172 1021.681 1020.034 1018.387 1016.74 1015.093 1013.623 1012.216 1010.809 1009.402 1007.97 1006.421 1004.872 1003.323
1093.87 1095.646 1096.659 1097.672 1098.685 1099.699 1098.822 1097.781 1096.739 1095.698 1093.668 1089.865 1086.062 1082.258 1078.455 1074.01 1069.401 1064.792 1060.183 1055.792 1052.119 1048.444 1044.77 1041.096 1038.846 1037.293 1035.739 1034.185 1032.837 1033.16 1033.482 1033.804 1034.127 1034.491 1034.891 1035.291 1035.69 1036.09 1035.535 1034.966 1034.397 1033.829 1032.973 1031.727 1030.48 1029.234 1027.988 1026.598 1025.185 1023.772 1022.359 1020.866 1019.187 1017.508 1015.828 1014.149 1012.667 1011.254 1009.842 1008.43 1007.0 1005.488 1003.977 1002.465
1087.12 1089.479 1091.557 1093.634 1095.712 1097.789 1096.852 1095.651 1094.45 1093.249 1091.057 1087.085 1083.112 1079.14 1075.168 1070.67 1066.037 1061.405 1056.772 1052.298 1048.344 1044.39 1040.436 1036.481 1034.129 1032.56 1030.991 1029.422 1028.089 1028.676 1029.262 1029.849 1030.436 1031.051 1031.691 1032.33 1032.969 1033.609 1033.242 1032.861 1032.48 1032.099 1031.38 1030.199 1029.018 1027.838 1026.657 1025.307 1023.931 1022.554 1021.177 1019.728 1018.109 1016.49 1014.87 1013.251 1011.8 1010.407 1009.015 1007.623 1006.223 1004.785 1003.346 1001.908
1080.125 1083.076 1086.256 1089.436 1092.616 1095.796 1094.799 1093.438 1092.077 1090.715 1088.364 1084.237 1080.109 1075.982 1071.854 1067.321 1062.683 1058.045 1053.407 1048.861 1044.618 1040.375 1036.132 1031.888 1029.434 1027.854 1026.274 1024.695 1023.38 1024.224 1025.068 1025.911 1026.755 1027.615 1028.49 1029.365 1030.24 1031.115 1030.937 1030.743 1030.549 1030.355 1029.771 1028.655 1027.538 1026.422 1025.305 1023.997 1022.658 1021.318 1019.979 1018.575 1017.02 1015.465 1013.91 1012.355 1010.936 1009.566 1008.195 1006.824 1005.455 1004.091 1002.728 1001.364
1073.13 1076.673 1080.956 1085.238 1089.521 1093.803 1092.747 1091.225 1089.703 1088.181 1085.672 1081.389 1077.106 1072.824 1068.541 1063.971 1059.328 1054.685 1050.042 1045.424 1040.892 1036.36 1031.828 1027.295 1024.739 1023.148 1021.558 1019.968 1018.672 1019.772 1020.873 1021.973 1023.074 1024.18 1025.29 1026.4 1027.51 1028.621 1028.631 1028.624 1028.618 1028.612 1028.162 1027.11 1026.058 1025.006 1023.953 1022.686 1021.384 1020.083 1018.781 1017.422 1015.932 1014.441 1012.95 1011.46 1010.073 1008.724 1007.375 1006.025 1004.687 1003.398 1002.11 1000.821
1066.134 1070.27 1075.655 1081.04 1086.425 1091.81 1090.695 1089.013 1087.33 1085.647 1082.979 1078.542 1074.104 1069.666 1065.228 1060.622 1055.973 1051.325 1046.676 1041.987 1037.166 1032.345 1027.524 1022.702 1020.044 1018.442 1016.841 1015.24 1013.963 1015.32 1016.678 1018.035 1019.393 1020.744 1022.089 1023.435 1024.781 1026.127 1026.325 1026.506 1026.687 1026.868 1026.554 1025.566 1024.578 1023.59 1022.602 1021.376 1020.111 1018.847 1017.582 1016.269 1014.843 1013.417 1011.99 1010.564 1009.21 1007.882 1006.554 1005.226 1003.918 1002.705 1001.491 1000.278
1057.931 1062.221 1068.44 1074.658 1080.876 1087.094 1086.236 1084.76 1083.284 1081.808 1079.309 1074.975 1070.64 1066.305 1061.971 1057.449 1052.88 1048.311 1043.741 1039.089 1034.163 1029.238 1024.312 1019.386 1016.654 1014.994 1013.335 1011.675 1010.354 1011.781 1013.209 1014.636 1016.064 1017.54 1019.056 1020.572 1022.088 1023.604 1023.959 1024.297 1024.635 1024.973 1024.79 1023.899 1023.008 1022.117 1021.226 1020.055 1018.838 1017.622 1016.406 1015.141 1013.759 1012.377 1010.995 1009.614 1008.319 1007.056 1005.793 1004.53 1003.3 1002.222 1001.144 1000.066
1047.957 1051.763 1058.42 1065.077 1071.734 1078.391 1078.253 1077.521 1076.788 1076.056 1074.208 1070.355 1066.502 1062.649 1058.796 1054.535 1050.169 1045.803 1041.437 1036.979 1032.219 1027.46 1022.7 1017.94 1015.176 1013.388 1011.6 1009.812 1008.354 1009.578 1010.802 1012.026 1013.25 1014.675 1016.266 1017.857 1019.448 1021.039 1021.506 1021.957 1022.407 1022.857 1022.801 1022.054 1021.307 1020.56 1019.814 1018.718 1017.566 1016.414 1015.263 1014.047 1012.681 1011.315 1009.95 1008.584 1007.389 1006.254 1005.119 1003.985 1002.899 1002.046 1001.193 1000.34
1037.983 1041.305 1048.401 1055.496 1062.592 1069.688 1070.269 1070.281 1070.293 1070.304 1069.106 1065.735 1062.364 1058.992 1055.621 1051.62 1047.458 1043.295 1039.132 1034.869 1030.275 1025.682 1021.088 1016.494 1013.698 1011.782 1009.865 1007.949 1006.354 1007.375 1008.395 1009.416 1010.437 1011.811 1013.477 1015.143 1016.809 1018.475 1019.053 1019.616 1020.179 1020.741 1020.811 1020.209 1019.606 1019.004 1018.402 1017.382 1016.294 1015.206 1014.119 1012.953 1011.603 1010.253 1008.904 1007.554 1006.458 1005.452 1004.445 1003.439 1002.499 1001.871 1001.243 1000.614
1028.01 1030.846 1038.381 1045.916 1053.451 1060.985 1062.285 1063.041 1063.797 1064.553 1064.005 1061.115 1058.225 1055.336 1052.446 1048.705 1044.746 1040.787 1036.828 1032.759 1028.331 1023.904 1019.476 1015.048 1012.22 1010.175 1008.13 1006.085 1004.354 1005.171 1005.989 1006.806 1007.623 1008.946 1010.687 1012.428 1014.169 1015.91 1016.6 1017.276 1017.951 1018.626 1018.821 1018.363 1017.906 1017.448 1016.99 1016.045 1015.022 1013.999 1012.975 1011.859 1010.525 1009.192 1007.858 1006.524 1005.527 1004.649 1003.772 1002.894 1002.099 1001.696 1001.292 1000.889
1018.036 1020.388 1028.361 1036.335 1044.308 1052.282 1054.302 1055.801 1057.301 1058.801 1058.903 1056.495 1054.087 1051.679 1049.271 1045.791 1042.035 1038.279 1034.523 1030.649 1026.387 1022.125 1017.864 1013.602 1010.742 1008.569 1006.395 1004.222 1002.354 1002.968 1003.582 1004.196 1004.81 1006.082 1007.898 1009.713 1011.529 1013.345 1014.147 1014.935 1015.722 1016.51 1016.831 1016.518 1016.205 1015.892 1015.578 1014.709 1013.75 1012.791 1011.831 1010.765 1009.447 1008.13 1006.812 1005.495 1004.596 1003.847 1003.098 1002.348 1001.699 1001.52 1001.342 1001.163
1018.469 1019.125 1025.304 1031.484 1037.663 1043.842 1046.082 1047.978 1049.874 1051.77 1052.341 1050.534 1048.726 1046.919 1045.112 1042.145 1038.881 1035.617 1032.353 1028.953 1025.109 1021.265 1017.42 1013.576 1010.823 1008.603 1006.384 1004.164 1002.221 1002.527 1002.832 1003.137 1003.443 1004.486 1006.139 1007.791 1009.444 1011.097 1011.972 1012.835 1013.698 1014.561 1014.978 1014.786 1014.595 1014.403 1014.212 1013.466 1012.63 1011.795 1010.959 1009.983 1008.677 1007.371 1006.065 1004.759 1003.89 1003.178 1002.466 1001.753 1001.152 1001.075 1000.997 1000.92
