data/zism_data/00858_04_D.txt
ncols         224
nrows         224
[rows 28 to 55 of 224, columns 63 to 125 of 224]
3761.125 3761.106 3761.087 3761.068 3761.067 3761.067 3761.067 3761.067 3761.067 3761.067 3761.067 3761.067 3761.067 3761.067 3761.067 3761.067 3761.067 3761.067 3761.067 3761.067 3761.067 3761.067 3760.942 3760.788 3760.634 3760.479 3760.247 3759.808 3759.37 3758.931 3758.492 3758.106 3757.739 3757.372 3757.004 3756.65 3756.348 3756.047 3755.745 3755.443 3755.182 3754.941 3754.7 3754.459 3754.185 3753.689 3753.194 3752.698 3752.203 3751.762 3751.359 3750.956 3750.553 3750.163 3749.988 3749.813 3749.637 3749.462 3749.241 3748.978 3748.714 3748.451 3748.188
3762.194 3762.186 3762.178 3762.17 3762.169 3762.169 3762.169 3762.169 3762.169 3762.169 3762.169 3762.169 3762.169 3762.169 3762.169 3762.169 3762.169 3762.169 3762.169 3762.169 3762.169 3762.169 3762.013 3761.822 3761.63 3761.438 3761.166 3760.684 3760.202 3759.72 3759.239 3758.841 3758.474 3758.106 3757.739 3757.392 3757.122 3756.853 3756.583 3756.314 3756.053 3755.796 3755.538 3755.281 3754.991 3754.485 3753.979 3753.473 3752.967 3752.509 3752.084 3751.659 3751.235 3750.826 3750.667 3750.507 3750.348 3750.189 3749.944 3749.622 3749.299 3748.977 3748.654
3763.271 3763.271 3763.271 3763.271 3763.271 3763.271 3763.271 3763.271 3763.271 3763.271 3763.271 3763.271 3763.271 3763.271 3763.271 3763.271 3763.271 3763.271 3763.271 3763.271 3763.271 3763.271 3763.08 3762.843 3762.607 3762.37 3762.056 3761.538 3761.02 3760.501 3759.983 3759.576 3759.209 3758.841 3758.474 3758.131 3757.883 3757.635 3757.388 3757.14 3756.88 3756.613 3756.346 3756.08 3755.78 3755.262 3754.743 3754.225 3753.707 3753.237 3752.8 3752.363 3751.926 3751.506 3751.359 3751.212 3751.065 3750.918 3750.656 3750.289 3749.921 3749.554 3749.186
3764.374 3764.374 3764.374 3764.374 3764.374 3764.374 3764.374 3764.374 3764.374 3764.374 3764.374 3764.374 3764.374 3764.374 3764.374 3764.374 3764.374 3764.374 3764.374 3764.374 3764.374 3764.374 3764.129 3763.828 3763.527 3763.226 3762.86 3762.326 3761.791 3761.257 3760.722 3760.311 3759.944 3759.576 3759.209 3758.864 3758.605 3758.347 3758.088 3757.83 3757.573 3757.317 3757.061 3756.805 3756.513 3755.978 3755.444 3754.909 3754.375 3753.907 3753.487 3753.066 3752.646 3752.241 3752.094 3751.947 3751.8 3751.653 3751.391 3751.023 3750.656 3750.289 3749.921
3765.476 3765.476 3765.476 3765.476 3765.476 3765.476 3765.476 3765.476 3765.476 3765.476 3765.476 3765.476 3765.476 3765.476 3765.476 3765.476 3765.476 3765.476 3765.476 3765.476 3765.476 3765.476 3765.179 3764.813 3764.447 3764.081 3763.664 3763.113 3762.563 3762.012 3761.461 3761.046 3760.678 3760.311 3759.944 3759.596 3759.327 3759.058 3758.789 3758.519 3758.266 3758.021 3757.776 3757.531 3757.245 3756.695 3756.144 3755.593 3755.042 3754.579 3754.174 3753.77 3753.365 3752.976 3752.829 3752.682 3752.535 3752.388 3752.125 3751.758 3751.391 3751.023 3750.656
3766.578 3766.578 3766.578 3766.578 3766.578 3766.578 3766.578 3766.578 3766.578 3766.578 3766.578 3766.578 3766.578 3766.578 3766.578 3766.578 3766.578 3766.578 3766.578 3766.578 3766.578 3766.578 3766.229 3765.798 3765.367 3764.936 3764.468 3763.901 3763.334 3762.767 3762.2 3761.781 3761.413 3761.046 3760.678 3760.329 3760.049 3759.769 3759.489 3759.209 3758.959 3758.725 3758.49 3758.256 3757.978 3757.411 3756.844 3756.277 3755.71 3755.25 3754.861 3754.473 3754.085 3753.71 3753.563 3753.417 3753.27 3753.123 3752.86 3752.493 3752.126 3751.758 3751.391
3767.68 3767.68 3767.68 3767.68 3767.68 3767.68 3767.68 3767.68 3767.68 3767.68 3767.68 3767.68 3767.68 3767.68 3767.68 3767.68 3767.68 3767.68 3767.68 3767.68 3767.68 3767.68 3767.278 3766.783 3766.287 3765.792 3765.272 3764.689 3764.105 3763.522 3762.939 3762.515 3762.148 3761.781 3761.413 3761.061 3760.771 3760.48 3760.189 3759.898 3759.652 3759.428 3759.205 3758.981 3758.711 3758.128 3757.545 3756.961 3756.378 3755.92 3755.548 3755.176 3754.804 3754.445 3754.298 3754.151 3754.004 3753.857 3753.595 3753.228 3752.86 3752.493 3752.125
3768.678 3768.678 3768.678 3768.678 3768.678 3768.678 3768.678 3768.678 3768.678 3768.678 3768.678 3768.678 3768.678 3768.678 3768.678 3768.678 3768.678 3768.665 3768.627 3768.588 3768.55 3768.512 3768.084 3767.566 3767.047 3766.529 3765.994 3765.414 3764.834 3764.253 3763.673 3763.25 3762.883 3762.515 3762.148 3761.797 3761.511 3761.225 3760.938 3760.652 3760.382 3760.119 3759.856 3759.594 3759.289 3758.705 3758.121 3757.537 3756.953 3756.502 3756.143 3755.783 3755.423 3755.075 3754.917 3754.758 3754.6 3754.441 3754.188 3753.847 3753.506 3753.166 3752.825
3769.634 3769.634 3769.634 3769.634 3769.634 3769.634 3769.634 3769.634 3769.634 3769.634 3769.634 3769.634 3769.634 3769.634 3769.634 3769.634 3769.634 3769.602 3769.509 3769.417 3769.324 3769.232 3768.79 3768.266 3767.743 3767.219 3766.683 3766.114 3765.544 3764.975 3764.405 3763.985 3763.618 3763.25 3762.883 3762.534 3762.259 3761.983 3761.708 3761.432 3761.126 3760.804 3760.482 3760.16 3759.804 3759.226 3758.647 3758.068 3757.49 3757.048 3756.698 3756.35 3756.001 3755.662 3755.487 3755.313 3755.138 3754.963 3754.722 3754.419 3754.116 3753.813 3753.51
3770.589 3770.589 3770.589 3770.589 3770.589 3770.589 3770.589 3770.589 3770.589 3770.589 3770.589 3770.589 3770.589 3770.589 3770.589 3770.589 3770.589 3770.538 3770.392 3770.245 3770.099 3769.953 3769.496 3768.967 3768.438 3767.909 3767.372 3766.813 3766.254 3765.696 3765.137 3764.72 3764.353 3763.985 3763.618 3763.271 3763.007 3762.742 3762.477 3762.212 3761.87 3761.489 3761.107 3760.726 3760.319 3759.746 3759.173 3758.6 3758.026 3757.593 3757.255 3756.917 3756.578 3756.249 3756.058 3755.867 3755.676 3755.485 3755.256 3754.991 3754.726 3754.461 3754.196
3771.544 3771.544 3771.544 3771.544 3771.544 3771.544 3771.544 3771.544 3771.544 3771.544 3771.544 3771.544 3771.544 3771.544 3771.544 3771.544 3771.544 3771.475 3771.274 3771.074 3770.874 3770.673 3770.202 3769.667 3769.133 3768.598 3768.061 3767.513 3766.965 3766.417 3765.869 3765.455 3765.087 3764.72 3764.353 3764.008 3763.754 3763.5 3763.247 3762.993 3762.614 3762.174 3761.733 3761.292 3760.834 3760.267 3759.699 3759.131 3758.563 3758.138 3757.811 3757.483 3757.156 3756.836 3756.629 3756.422 3756.215 3756.008 3755.79 3755.563 3755.336 3755.108 3754.881
3772.474 3772.474 3772.474 3772.474 3772.474 3772.474 3772.474 3772.474 3772.474 3772.474 3772.474 3772.474 3772.474 3772.474 3772.474 3772.474 3772.474 3772.386 3772.135 3771.884 3771.632 3771.38 3770.893 3770.352 3769.81 3769.268 3768.729 3768.197 3767.665 3767.132 3766.6 3766.195 3765.834 3765.473 3765.112 3764.773 3764.521 3764.268 3764.016 3763.763 3763.351 3762.86 3762.368 3761.876 3761.375 3760.814 3760.252 3759.691 3759.129 3758.711 3758.391 3758.071 3757.75 3757.435 3757.209 3756.983 3756.757 3756.531 3756.321 3756.126 3755.931 3755.736 3755.541
3773.282 3773.282 3773.282 3773.282 3773.282 3773.282 3773.282 3773.282 3773.282 3773.282 3773.282 3773.282 3773.282 3773.282 3773.282 3773.282 3773.282 3773.182 3772.892 3772.603 3772.314 3772.024 3771.517 3770.959 3770.401 3769.844 3769.303 3768.809 3768.314 3767.82 3767.325 3766.957 3766.634 3766.311 3765.988 3765.671 3765.375 3765.079 3764.784 3764.488 3764.054 3763.552 3763.049 3762.547 3762.038 3761.487 3760.937 3760.386 3759.835 3759.415 3759.084 3758.753 3758.422 3758.095 3757.836 3757.578 3757.319 3757.061 3756.838 3756.649 3756.459 3756.27 3756.08
3774.091 3774.091 3774.091 3774.091 3774.091 3774.091 3774.091 3774.091 3774.091 3774.091 3774.091 3774.091 3774.091 3774.091 3774.091 3774.091 3774.091 3773.977 3773.65 3773.323 3772.995 3772.668 3772.141 3771.567 3770.992 3770.418 3769.877 3769.42 3768.963 3768.507 3768.05 3767.72 3767.435 3767.149 3766.864 3766.568 3766.229 3765.89 3765.552 3765.213 3764.758 3764.244 3763.731 3763.218 3762.701 3762.161 3761.621 3761.081 3760.541 3760.119 3759.777 3759.435 3759.093 3758.754 3758.463 3758.172 3757.882 3757.591 3757.355 3757.171 3756.987 3756.803 3756.619
3774.899 3774.899 3774.899 3774.899 3774.899 3774.899 3774.899 3774.899 3774.899 3774.899 3774.899 3774.899 3774.899 3774.899 3774.899 3774.899 3774.899 3774.772 3774.407 3774.042 3773.677 3773.312 3772.764 3772.174 3771.584 3770.994 3770.45 3770.031 3769.613 3769.194 3768.775 3768.483 3768.235 3767.988 3767.74 3767.466 3767.084 3766.702 3766.32 3765.938 3765.461 3764.937 3764.412 3763.888 3763.363 3762.834 3762.305 3761.776 3761.247 3760.823 3760.47 3760.117 3759.765 3759.414 3759.09 3758.767 3758.444 3758.12 3757.873 3757.694 3757.515 3757.336 3757.157
3775.707 3775.707 3775.707 3775.707 3775.707 3775.707 3775.707 3775.707 3775.707 3775.707 3775.707 3775.707 3775.707 3775.707 3775.707 3775.707 3775.707 3775.567 3775.164 3774.762 3774.359 3773.956 3773.388 3772.782 3772.175 3771.569 3771.024 3770.643 3770.262 3769.881 3769.5 3769.245 3769.036 3768.826 3768.616 3768.363 3767.938 3767.513 3767.087 3766.662 3766.164 3765.629 3765.094 3764.559 3764.026 3763.508 3762.99 3762.471 3761.953 3761.527 3761.163 3760.8 3760.436 3760.073 3759.717 3759.362 3759.006 3758.65 3758.39 3758.216 3758.043 3757.87 3757.696
3776.703 3776.703 3776.703 3776.703 3776.703 3776.703 3776.703 3776.703 3776.703 3776.703 3776.703 3776.703 3776.703 3776.676 3776.645 3776.614 3776.583 3776.413 3775.982 3775.552 3775.122 3774.692 3774.1 3773.47 3772.841 3772.211 3771.657 3771.3 3770.942 3770.585 3770.228 3769.98 3769.771 3769.561 3769.351 3769.092 3768.641 3768.19 3767.739 3767.288 3766.78 3766.245 3765.709 3765.174 3764.642 3764.138 3763.634 3763.13 3762.626 3762.191 3761.803 3761.415 3761.027 3760.642 3760.305 3759.969 3759.633 3759.296 3759.031 3758.832 3758.633 3758.434 3758.235
3777.805 3777.805 3777.805 3777.805 3777.805 3777.805 3777.805 3777.805 3777.805 3777.805 3777.805 3777.805 3777.805 3777.735 3777.655 3777.576 3777.496 3777.287 3776.835 3776.383 3775.932 3775.48 3774.862 3774.205 3773.549 3772.892 3772.323 3771.982 3771.641 3771.3 3770.959 3770.699 3770.468 3770.236 3770.005 3769.726 3769.259 3768.791 3768.324 3767.856 3767.347 3766.817 3766.287 3765.757 3765.232 3764.745 3764.257 3763.769 3763.281 3762.833 3762.413 3761.992 3761.572 3761.159 3760.871 3760.583 3760.295 3760.008 3759.744 3759.501 3759.259 3759.017 3758.775
3778.907 3778.907 3778.907 3778.907 3778.907 3778.907 3778.907 3778.907 3778.907 3778.907 3778.907 3778.907 3778.907 3778.794 3778.666 3778.538 3778.409 3778.161 3777.688 3777.214 3776.741 3776.268 3775.624 3774.94 3774.257 3773.573 3772.988 3772.664 3772.339 3772.014 3771.689 3771.418 3771.165 3770.912 3770.659 3770.359 3769.876 3769.392 3768.909 3768.425 3767.914 3767.389 3766.865 3766.34 3765.822 3765.351 3764.879 3764.407 3763.936 3763.475 3763.022 3762.57 3762.117 3761.676 3761.437 3761.198 3760.958 3760.719 3760.456 3760.171 3759.885 3759.6 3759.314
3780.01 3780.01 3780.01 3780.01 3780.01 3780.01 3780.01 3780.01 3780.01 3780.01 3780.01 3780.01 3780.01 3779.853 3779.677 3779.5 3779.323 3779.035 3778.541 3778.045 3777.551 3777.055 3776.385 3775.675 3774.965 3774.254 3773.654 3773.346 3773.037 3772.729 3772.42 3772.137 3771.862 3771.588 3771.313 3770.993 3770.493 3769.993 3769.494 3768.994 3768.481 3767.962 3767.443 3766.923 3766.412 3765.957 3765.501 3765.046 3764.591 3764.117 3763.632 3763.147 3762.662 3762.193 3762.003 3761.812 3761.622 3761.431 3761.168 3760.84 3760.511 3760.182 3759.854
3781.112 3781.112 3781.112 3781.112 3781.112 3781.112 3781.112 3781.112 3781.111 3781.108 3781.105 3781.103 3781.1 3780.9 3780.674 3780.448 3780.222 3779.895 3779.38 3778.864 3778.349 3777.833 3777.142 3776.409 3775.677 3774.944 3774.332 3774.037 3773.742 3773.447 3773.152 3772.856 3772.561 3772.265 3771.969 3771.629 3771.112 3770.594 3770.078 3769.561 3769.045 3768.53 3768.015 3767.5 3766.995 3766.556 3766.116 3765.677 3765.238 3764.755 3764.243 3763.731 3763.219 3762.727 3762.573 3762.419 3762.265 3762.111 3761.848 3761.485 3761.122 3760.759 3760.396
3782.214 3782.214 3782.214 3782.214 3782.214 3782.214 3782.214 3782.214 3782.202 3782.172 3782.142 3782.112 3782.083 3781.832 3781.552 3781.272 3780.992 3780.626 3780.1 3779.574 3779.047 3778.521 3777.845 3777.134 3776.423 3775.712 3775.113 3774.807 3774.501 3774.195 3773.889 3773.579 3773.267 3772.955 3772.644 3772.285 3771.74 3771.197 3770.652 3770.108 3769.58 3769.06 3768.539 3768.019 3767.511 3767.088 3766.665 3766.242 3765.819 3765.356 3764.865 3764.375 3763.884 3763.409 3763.185 3762.96 3762.736 3762.512 3762.238 3761.918 3761.598 3761.278 3760.958
3783.316 3783.316 3783.316 3783.316 3783.316 3783.316 3783.316 3783.316 3783.292 3783.236 3783.179 3783.122 3783.066 3782.764 3782.43 3782.096 3781.762 3781.357 3780.82 3780.283 3779.746 3779.209 3778.548 3777.859 3777.169 3776.48 3775.893 3775.577 3775.26 3774.944 3774.627 3774.302 3773.974 3773.646 3773.318 3772.94 3772.369 3771.798 3771.227 3770.656 3770.115 3769.59 3769.064 3768.538 3768.028 3767.621 3767.214 3766.807 3766.4 3765.957 3765.488 3765.019 3764.55 3764.091 3763.796 3763.502 3763.208 3762.913 3762.628 3762.351 3762.074 3761.798 3761.521
3784.418 3784.418 3784.418 3784.418 3784.418 3784.418 3784.418 3784.418 3784.383 3784.3 3784.216 3784.132 3784.049 3783.696 3783.308 3782.92 3782.532 3782.089 3781.541 3780.993 3780.445 3779.897 3779.252 3778.584 3777.916 3777.248 3776.674 3776.347 3776.019 3775.692 3775.365 3775.025 3774.68 3774.336 3773.992 3773.596 3772.998 3772.4 3771.802 3771.204 3770.651 3770.12 3769.588 3769.057 3768.544 3768.154 3767.763 3767.373 3766.982 3766.557 3766.11 3765.663 3765.215 3764.773 3764.408 3764.043 3763.679 3763.314 3763.018 3762.784 3762.551 3762.317 3762.084
3785.521 3785.521 3785.521 3785.521 3785.521 3785.521 3785.521 3785.521 3785.474 3785.364 3785.253 3785.142 3785.031 3784.628 3784.186 3783.744 3783.302 3782.82 3782.261 3781.702 3781.144 3780.585 3779.955 3779.309 3778.663 3778.016 3777.455 3777.117 3776.779 3776.44 3776.102 3775.748 3775.387 3775.027 3774.667 3774.252 3773.627 3773.002 3772.377 3771.752 3771.186 3770.649 3770.113 3769.576 3769.061 3768.687 3768.312 3767.938 3767.563 3767.158 3766.732 3766.307 3765.881 3765.454 3765.02 3764.585 3764.15 3763.715 3763.408 3763.218 3763.027 3762.837 3762.647
3786.623 3786.623 3786.623 3786.623 3786.623 3786.623 3786.623 3786.623 3786.556 3786.397 3786.238 3786.079 3785.92 3785.474 3784.99 3784.506 3784.023 3783.507 3782.931 3782.356 3781.78 3781.205 3780.599 3779.987 3779.374 3778.762 3778.223 3777.877 3777.531 3777.185 3776.839 3776.461 3776.073 3775.684 3775.295 3774.858 3774.234 3773.609 3772.984 3772.36 3771.78 3771.223 3770.666 3770.109 3769.576 3769.209 3768.841 3768.474 3768.106 3767.712 3767.299 3766.885 3766.472 3766.056 3765.596 3765.137 3764.678 3764.219 3763.897 3763.701 3763.505 3763.309 3763.113
3787.725 3787.725 3787.725 3787.725 3787.725 3787.725 3787.725 3787.725 3787.631 3787.407 3787.183 3786.959 3786.736 3786.253 3785.737 3785.221 3784.705 3784.161 3783.564 3782.967 3782.369 3781.772 3781.198 3780.628 3780.059 3779.49 3778.981 3778.629 3778.278 3777.927 3777.575 3777.168 3776.742 3776.315 3775.888 3775.426 3774.823 3774.22 3773.617 3773.014 3772.42 3771.83 3771.241 3770.651 3770.091 3769.723 3769.356 3768.988 3768.621 3768.229 3767.822 3767.414 3767.006 3766.595 3766.147 3765.698 3765.25 3764.801 3764.462 3764.223 3763.984 3763.745 3763.506
3788.827 3788.827 3788.827 3788.827 3788.827 3788.827 3788.827 3788.827 3788.706 3788.417 3788.129 3787.84 3787.552 3787.033 3786.485 3785.936 3785.387 3784.815 3784.196 3783.577 3782.958 3782.34 3781.796 3781.27 3780.744 3780.218 3779.739 3779.382 3779.025 3778.668 3778.311 3777.875 3777.411 3776.946 3776.482 3775.994 3775.412 3774.831 3774.25 3773.668 3773.06 3772.438 3771.816 3771.194 3770.605 3770.238 3769.87 3769.503 3769.135 3768.747 3768.344 3767.942 3767.539 3767.135 3766.697 3766.259 3765.822 3765.384 3765.027 3764.745 3764.463 3764.18 3763.898
