data/zism_data/00854_03_D.txt
ncols         224
nrows         224
[rows 196 to 223 of 224, columns 63 to 125 of 224]
1472.204 1474.005 1475.805 1477.606 1479.406 1481.343 1483.32 1485.298 1487.275 1489.179 1490.838 1492.497 1494.156 1495.815 1497.022 1498.03 1499.039 1500.048 1501.165 1502.849 1504.533 1506.217 1507.901 1509.61 1511.334 1513.059 1514.784 1516.488 1517.98 1519.472 1520.964 1522.456 1524.001 1525.59 1527.179 1528.768 1530.353 1531.722 1533.09 1534.458 1535.827 1537.037 1538.076 1539.114 1540.153 1541.191 1541.851 1542.487 1543.124 1543.76 1544.197 1544.343 1544.488 1544.634 1544.779 1544.404 1543.951 1543.497 1543.044 1542.708 1542.607 1542.505 1542.404
1475.795 1477.601 1479.407 1481.213 1483.019 1484.841 1486.667 1488.494 1490.321 1492.074 1493.582 1495.09 1496.599 1498.107 1499.144 1499.975 1500.807 1501.638 1502.583 1504.127 1505.671 1507.215 1508.759 1510.385 1512.062 1513.738 1515.414 1517.07 1518.508 1519.946 1521.384 1522.822 1524.302 1525.815 1527.328 1528.842 1530.352 1531.645 1532.938 1534.231 1535.524 1536.667 1537.646 1538.626 1539.605 1540.584 1541.23 1541.856 1542.481 1543.107 1543.525 1543.638 1543.751 1543.865 1543.978 1543.594 1543.135 1542.676 1542.217 1541.853 1541.676 1541.499 1541.323
1479.385 1481.197 1483.008 1484.82 1486.631 1488.339 1490.015 1491.691 1493.367 1494.969 1496.326 1497.684 1499.042 1500.399 1501.267 1501.921 1502.574 1503.228 1504.001 1505.405 1506.809 1508.213 1509.617 1511.161 1512.789 1514.417 1516.044 1517.651 1519.035 1520.419 1521.804 1523.188 1524.602 1526.04 1527.478 1528.916 1530.351 1531.569 1532.786 1534.004 1535.222 1536.297 1537.217 1538.137 1539.057 1539.977 1540.61 1541.225 1541.839 1542.454 1542.852 1542.933 1543.014 1543.095 1543.176 1542.783 1542.319 1541.855 1541.391 1540.997 1540.745 1540.493 1540.241
1482.837 1484.567 1486.297 1488.027 1489.757 1491.339 1492.877 1494.415 1495.953 1497.426 1498.687 1499.947 1501.208 1502.469 1503.267 1503.863 1504.459 1505.054 1505.763 1507.064 1508.365 1509.667 1510.968 1512.451 1514.042 1515.634 1517.226 1518.798 1520.161 1521.525 1522.888 1524.252 1525.603 1526.945 1528.288 1529.63 1530.969 1532.103 1533.237 1534.371 1535.505 1536.51 1537.375 1538.24 1539.105 1539.97 1540.582 1541.177 1541.773 1542.369 1542.712 1542.687 1542.661 1542.635 1542.609 1542.162 1541.651 1541.14 1540.629 1540.16 1539.775 1539.39 1539.005
1486.247 1487.87 1489.492 1491.114 1492.736 1494.19 1495.594 1496.997 1498.4 1499.751 1500.931 1502.111 1503.291 1504.471 1505.23 1505.804 1506.378 1506.953 1507.628 1508.838 1510.048 1511.258 1512.468 1513.895 1515.455 1517.014 1518.574 1520.115 1521.468 1522.821 1524.173 1525.526 1526.817 1528.057 1529.296 1530.536 1531.773 1532.821 1533.869 1534.917 1535.965 1536.9 1537.711 1538.522 1539.333 1540.144 1540.732 1541.306 1541.881 1542.455 1542.733 1542.578 1542.423 1542.269 1542.114 1541.598 1541.028 1540.458 1539.887 1539.329 1538.793 1538.257 1537.721
1489.657 1491.172 1492.687 1494.201 1495.716 1497.042 1498.31 1499.579 1500.847 1502.077 1503.176 1504.275 1505.374 1506.473 1507.192 1507.745 1508.298 1508.851 1509.494 1510.612 1511.73 1512.849 1513.967 1515.34 1516.867 1518.395 1519.922 1521.433 1522.775 1524.117 1525.459 1526.801 1528.03 1529.168 1530.305 1531.443 1532.578 1533.539 1534.501 1535.463 1536.425 1537.289 1538.046 1538.804 1539.561 1540.318 1540.883 1541.436 1541.988 1542.541 1542.754 1542.47 1542.186 1541.902 1541.618 1541.033 1540.404 1539.775 1539.146 1538.497 1537.811 1537.124 1536.437
1493.067 1494.474 1495.881 1497.288 1498.695 1499.892 1501.026 1502.161 1503.295 1504.402 1505.42 1506.439 1507.457 1508.475 1509.155 1509.686 1510.218 1510.749 1511.359 1512.386 1513.413 1514.44 1515.467 1516.785 1518.28 1519.775 1521.27 1522.75 1524.082 1525.413 1526.744 1528.075 1529.243 1530.279 1531.314 1532.349 1533.382 1534.258 1535.134 1536.009 1536.885 1537.678 1538.382 1539.085 1539.789 1540.492 1541.033 1541.565 1542.096 1542.627 1542.775 1542.362 1541.948 1541.535 1541.122 1540.469 1539.781 1539.092 1538.404 1537.666 1536.828 1535.991 1535.154
1496.116 1497.432 1498.747 1500.063 1501.379 1502.477 1503.509 1504.541 1505.573 1506.588 1507.543 1508.498 1509.453 1510.409 1511.064 1511.588 1512.111 1512.635 1513.226 1514.172 1515.118 1516.064 1517.01 1518.281 1519.75 1521.218 1522.687 1524.142 1525.459 1526.776 1528.093 1529.41 1530.525 1531.477 1532.429 1533.38 1534.33 1535.135 1535.94 1536.745 1537.549 1538.277 1538.921 1539.565 1540.208 1540.852 1541.361 1541.861 1542.362 1542.862 1542.948 1542.426 1541.905 1541.384 1540.862 1540.14 1539.387 1538.635 1537.883 1537.06 1536.098 1535.136 1534.173
1497.864 1499.147 1500.431 1501.714 1502.998 1504.101 1505.149 1506.197 1507.246 1508.272 1509.228 1510.183 1511.138 1512.094 1512.779 1513.345 1513.912 1514.479 1515.099 1516.002 1516.905 1517.808 1518.711 1519.963 1521.426 1522.889 1524.352 1525.8 1527.09 1528.38 1529.67 1530.96 1532.055 1532.99 1533.926 1534.861 1535.795 1536.583 1537.372 1538.161 1538.949 1539.63 1540.193 1540.756 1541.319 1541.882 1542.326 1542.761 1543.197 1543.633 1543.667 1543.113 1542.56 1542.006 1541.452 1540.656 1539.823 1538.989 1538.156 1537.269 1536.275 1535.28 1534.286
1499.612 1500.863 1502.114 1503.365 1504.617 1505.724 1506.789 1507.853 1508.918 1509.957 1510.912 1511.868 1512.823 1513.778 1514.493 1515.103 1515.713 1516.323 1516.973 1517.832 1518.692 1519.552 1520.412 1521.644 1523.102 1524.559 1526.017 1527.458 1528.721 1529.984 1531.247 1532.51 1533.584 1534.503 1535.423 1536.342 1537.26 1538.032 1538.805 1539.577 1540.349 1540.983 1541.466 1541.948 1542.43 1542.913 1543.29 1543.661 1544.033 1544.404 1544.386 1543.8 1543.214 1542.629 1542.043 1541.172 1540.258 1539.344 1538.43 1537.478 1536.451 1535.425 1534.398
1501.36 1502.579 1503.798 1505.017 1506.235 1507.348 1508.429 1509.51 1510.59 1511.642 1512.597 1513.552 1514.508 1515.463 1516.208 1516.861 1517.514 1518.167 1518.846 1519.662 1520.479 1521.296 1522.113 1523.325 1524.778 1526.23 1527.682 1529.116 1530.352 1531.588 1532.824 1534.06 1535.113 1536.017 1536.92 1537.823 1538.724 1539.481 1540.237 1540.993 1541.75 1542.336 1542.738 1543.14 1543.541 1543.943 1544.255 1544.561 1544.868 1545.175 1545.106 1544.488 1543.869 1543.251 1542.633 1541.687 1540.693 1539.698 1538.703 1537.687 1536.628 1535.569 1534.51
1503.108 1504.295 1505.481 1506.668 1507.854 1508.972 1510.069 1511.166 1512.263 1513.327 1514.282 1515.237 1516.192 1517.148 1517.922 1518.619 1519.315 1520.01 1520.719 1521.493 1522.266 1523.04 1523.813 1525.007 1526.454 1527.901 1529.348 1530.774 1531.983 1533.192 1534.401 1535.611 1536.643 1537.53 1538.417 1539.304 1540.189 1540.929 1541.669 1542.41 1543.15 1543.689 1544.01 1544.331 1544.652 1544.973 1545.219 1545.461 1545.703 1545.945 1545.825 1545.175 1544.524 1543.874 1543.223 1542.203 1541.128 1540.052 1538.977 1537.896 1536.805 1535.713 1534.622
1504.518 1505.683 1506.848 1508.013 1509.178 1510.303 1511.416 1512.529 1513.642 1514.727 1515.718 1516.709 1517.7 1518.691 1519.502 1520.234 1520.966 1521.698 1522.437 1523.214 1523.991 1524.769 1525.546 1526.717 1528.126 1529.535 1530.945 1532.335 1533.528 1534.721 1535.914 1537.107 1538.129 1539.011 1539.893 1540.774 1541.654 1542.425 1543.196 1543.967 1544.737 1545.304 1545.648 1545.992 1546.337 1546.681 1546.837 1546.982 1547.128 1547.273 1547.069 1546.354 1545.638 1544.923 1544.208 1543.178 1542.101 1541.024 1539.947 1538.874 1537.812 1536.749 1535.686
1505.758 1506.907 1508.056 1509.205 1510.354 1511.487 1512.616 1513.746 1514.875 1515.984 1517.029 1518.074 1519.119 1520.164 1521.014 1521.778 1522.542 1523.306 1524.077 1524.881 1525.685 1526.489 1527.294 1528.441 1529.797 1531.152 1532.507 1533.848 1535.03 1536.213 1537.395 1538.577 1539.594 1540.476 1541.358 1542.239 1543.12 1543.945 1544.769 1545.594 1546.418 1547.049 1547.469 1547.888 1548.308 1548.727 1548.782 1548.814 1548.846 1548.878 1548.574 1547.778 1546.982 1546.186 1545.391 1544.383 1543.343 1542.304 1541.264 1540.237 1539.233 1538.23 1537.226
1506.999 1508.131 1509.264 1510.397 1511.529 1512.672 1513.817 1514.962 1516.108 1517.242 1518.341 1519.44 1520.538 1521.637 1522.526 1523.322 1524.119 1524.915 1525.717 1526.548 1527.379 1528.21 1529.041 1530.166 1531.467 1532.769 1534.07 1535.361 1536.532 1537.704 1538.875 1540.047 1541.059 1541.941 1542.823 1543.704 1544.586 1545.464 1546.343 1547.221 1548.099 1548.794 1549.289 1549.784 1550.279 1550.774 1550.726 1550.645 1550.564 1550.483 1550.08 1549.203 1548.326 1547.45 1546.573 1545.588 1544.586 1543.584 1542.582 1541.599 1540.655 1539.711 1538.766
1508.239 1509.355 1510.472 1511.589 1512.705 1513.856 1515.018 1516.179 1517.34 1518.5 1519.652 1520.805 1521.958 1523.11 1524.038 1524.866 1525.695 1526.524 1527.357 1528.215 1529.073 1529.931 1530.789 1531.89 1533.138 1534.386 1535.633 1536.874 1538.034 1539.195 1540.356 1541.517 1542.524 1543.406 1544.287 1545.169 1546.052 1546.984 1547.916 1548.848 1549.78 1550.539 1551.11 1551.68 1552.25 1552.82 1552.671 1552.477 1552.283 1552.089 1551.585 1550.628 1549.67 1548.713 1547.755 1546.792 1545.828 1544.864 1543.9 1542.962 1542.077 1541.192 1540.307
1509.455 1510.561 1511.667 1512.774 1513.88 1515.041 1516.218 1517.396 1518.573 1519.758 1520.967 1522.176 1523.385 1524.594 1525.561 1526.423 1527.285 1528.146 1529.01 1529.889 1530.767 1531.645 1532.523 1533.602 1534.804 1536.005 1537.207 1538.404 1539.558 1540.711 1541.865 1543.019 1544.034 1544.937 1545.839 1546.741 1547.645 1548.637 1549.629 1550.622 1551.614 1552.435 1553.068 1553.702 1554.336 1554.97 1554.731 1554.439 1554.147 1553.855 1553.262 1552.227 1551.193 1550.159 1549.124 1548.176 1547.241 1546.306 1545.371 1544.472 1543.648 1542.823 1541.998
1510.491 1511.629 1512.767 1513.906 1515.044 1516.225 1517.419 1518.612 1519.806 1521.021 1522.305 1523.589 1524.874 1526.158 1527.174 1528.074 1528.973 1529.873 1530.763 1531.609 1532.455 1533.301 1534.146 1535.22 1536.432 1537.645 1538.857 1540.066 1541.241 1542.417 1543.592 1544.767 1545.89 1546.97 1548.05 1549.13 1550.21 1551.31 1552.41 1553.51 1554.61 1555.474 1556.081 1556.687 1557.294 1557.901 1557.676 1557.401 1557.125 1556.849 1556.245 1555.162 1554.08 1552.997 1551.914 1550.927 1549.954 1548.981 1548.008 1547.108 1546.354 1545.599 1544.844
1511.526 1512.697 1513.867 1515.038 1516.208 1517.409 1518.619 1519.829 1521.039 1522.283 1523.643 1525.003 1526.362 1527.722 1528.788 1529.725 1530.662 1531.599 1532.516 1533.33 1534.143 1534.956 1535.77 1536.839 1538.062 1539.284 1540.507 1541.728 1542.925 1544.122 1545.319 1546.516 1547.746 1549.003 1550.261 1551.519 1552.776 1553.983 1555.191 1556.398 1557.606 1558.513 1559.093 1559.673 1560.253 1560.833 1560.621 1560.362 1560.102 1559.842 1559.229 1558.098 1556.966 1555.835 1554.704 1553.678 1552.667 1551.656 1550.646 1549.744 1549.059 1548.375 1547.69
1512.561 1513.764 1514.967 1516.17 1517.373 1518.594 1519.82 1521.046 1522.272 1523.546 1524.981 1526.416 1527.851 1529.286 1530.401 1531.376 1532.35 1533.325 1534.269 1535.05 1535.831 1536.612 1537.394 1538.457 1539.69 1540.924 1542.158 1543.39 1544.609 1545.827 1547.045 1548.264 1549.602 1551.037 1552.472 1553.907 1555.341 1556.656 1557.971 1559.286 1560.601 1561.552 1562.105 1562.658 1563.211 1563.764 1563.567 1563.323 1563.079 1562.836 1562.212 1561.033 1559.853 1558.673 1557.494 1556.428 1555.38 1554.332 1553.284 1552.38 1551.765 1551.15 1550.536
1513.597 1514.832 1516.067 1517.302 1518.537 1519.778 1521.02 1522.262 1523.505 1524.809 1526.319 1527.829 1529.34 1530.85 1532.014 1533.027 1534.039 1535.051 1536.022 1536.771 1537.52 1538.268 1539.017 1540.075 1541.319 1542.564 1543.808 1545.052 1546.292 1547.532 1548.772 1550.012 1551.457 1553.07 1554.683 1556.296 1557.906 1559.329 1560.752 1562.174 1563.597 1564.591 1565.117 1565.643 1566.17 1566.696 1566.512 1566.284 1566.057 1565.829 1565.196 1563.968 1562.74 1561.512 1560.283 1559.179 1558.093 1557.007 1555.921 1555.016 1554.471 1553.926 1553.381
1513.993 1515.291 1516.588 1517.886 1519.184 1520.482 1521.78 1523.078 1524.376 1525.731 1527.277 1528.823 1530.37 1531.916 1533.149 1534.244 1535.34 1536.436 1537.479 1538.244 1539.009 1539.774 1540.54 1541.66 1542.994 1544.328 1545.663 1547.001 1548.388 1549.774 1551.16 1552.546 1554.113 1555.828 1557.542 1559.256 1560.966 1562.384 1563.802 1565.22 1566.638 1567.587 1568.026 1568.464 1568.902 1569.341 1569.202 1569.027 1568.852 1568.677 1568.159 1567.138 1566.117 1565.096 1564.075 1563.105 1562.143 1561.18 1560.218 1559.459 1559.106 1558.752 1558.399
1513.897 1515.281 1516.665 1518.049 1519.433 1520.817 1522.201 1523.585 1524.969 1526.392 1527.943 1529.495 1531.046 1532.598 1533.915 1535.129 1536.343 1537.557 1538.708 1539.527 1540.346 1541.165 1541.984 1543.218 1544.703 1546.189 1547.674 1549.171 1550.8 1552.428 1554.056 1555.685 1557.384 1559.142 1560.899 1562.656 1564.408 1565.734 1567.061 1568.387 1569.713 1570.551 1570.854 1571.158 1571.462 1571.766 1571.695 1571.601 1571.507 1571.413 1571.106 1570.489 1569.871 1569.254 1568.637 1567.935 1567.22 1566.505 1565.791 1565.292 1565.224 1565.156 1565.088
1513.801 1515.271 1516.741 1518.211 1519.682 1521.152 1522.622 1524.092 1525.562 1527.052 1528.609 1530.166 1531.723 1533.28 1534.681 1536.013 1537.346 1538.678 1539.938 1540.81 1541.683 1542.556 1543.429 1544.777 1546.413 1548.049 1549.685 1551.341 1553.211 1555.082 1556.953 1558.823 1560.655 1562.456 1564.256 1566.057 1567.849 1569.084 1570.319 1571.554 1572.789 1573.514 1573.683 1573.852 1574.022 1574.191 1574.188 1574.175 1574.161 1574.148 1574.053 1573.84 1573.626 1573.412 1573.199 1572.765 1572.298 1571.831 1571.363 1571.125 1571.342 1571.559 1571.777
1513.705 1515.261 1516.818 1518.374 1519.93 1521.486 1523.043 1524.599 1526.155 1527.713 1529.275 1530.837 1532.399 1533.962 1535.447 1536.898 1538.349 1539.8 1541.167 1542.094 1543.02 1543.947 1544.874 1546.336 1548.123 1549.909 1551.696 1553.51 1555.623 1557.736 1559.849 1561.962 1563.926 1565.77 1567.613 1569.457 1571.29 1572.434 1573.577 1574.721 1575.864 1576.477 1576.512 1576.547 1576.581 1576.616 1576.681 1576.749 1576.816 1576.884 1577.001 1577.191 1577.381 1577.571 1577.761 1577.595 1577.375 1577.156 1576.936 1576.957 1577.46 1577.963 1578.465
1513.6 1515.243 1516.886 1518.53 1520.173 1521.816 1523.458 1525.101 1526.744 1528.369 1529.938 1531.506 1533.075 1534.643 1536.212 1537.781 1539.35 1540.918 1542.394 1543.375 1544.356 1545.337 1546.318 1547.895 1549.831 1551.768 1553.705 1555.677 1558.03 1560.382 1562.735 1565.087 1567.184 1569.072 1570.96 1572.848 1574.724 1575.776 1576.828 1577.879 1578.931 1579.432 1579.332 1579.233 1579.133 1579.033 1579.166 1579.314 1579.462 1579.61 1579.937 1580.528 1581.118 1581.709 1582.299 1582.399 1582.424 1582.45 1582.475 1582.753 1583.533 1584.313 1585.093
1512.864 1514.658 1516.453 1518.247 1520.041 1521.797 1523.542 1525.286 1527.031 1528.751 1530.39 1532.029 1533.667 1535.306 1536.948 1538.592 1540.236 1541.881 1543.434 1544.513 1545.591 1546.669 1547.747 1549.43 1551.48 1553.529 1555.579 1557.661 1560.078 1562.495 1564.912 1567.329 1569.535 1571.568 1573.602 1575.635 1577.653 1578.597 1579.541 1580.485 1581.429 1581.815 1581.591 1581.367 1581.144 1580.92 1581.097 1581.299 1581.5 1581.702 1582.138 1582.917 1583.696 1584.475 1585.254 1585.443 1585.544 1585.645 1585.746 1585.985 1586.501 1587.018 1587.534
1512.129 1514.074 1516.018 1517.963 1519.908 1521.778 1523.625 1525.472 1527.319 1529.134 1530.843 1532.551 1534.26 1535.968 1537.684 1539.404 1541.123 1542.843 1544.475 1545.65 1546.825 1548.0 1549.175 1550.966 1553.128 1555.291 1557.454 1559.644 1562.126 1564.607 1567.089 1569.571 1571.885 1574.064 1576.243 1578.422 1580.581 1581.417 1582.254 1583.09 1583.927 1584.197 1583.85 1583.502 1583.155 1582.807 1583.028 1583.283 1583.539 1583.794 1584.338 1585.306 1586.273 1587.24 1588.208 1588.487 1588.664 1588.84 1589.016 1589.218 1589.47 1589.723 1589.975
