data/zism_data/00869_02_D.txt
ncols         224
nrows         224
[rows 168 to 195 of 224, columns 126 to 188 of 224]
1405.306 1404.75 1404.193 1403.637 1404.599 1407.422 1410.245 1413.067 1415.89 1425.282 1435.3 1445.318 1455.336 1461.054 1459.659 1458.264 1456.87 1455.475 1448.355 1440.149 1431.944 1423.738 1414.295 1402.02 1389.746 1377.471 1365.197 1353.148 1341.166 1329.184 1317.203 1308.171 1308.91 1309.65 1310.389 1311.129 1319.236 1330.566 1341.897 1353.228 1363.916 1371.216 1378.516 1385.816 1393.116 1396.665 1397.946 1399.227 1400.507 1401.693 1401.88 1402.066 1402.253 1402.439 1402.667 1402.93 1403.192 1403.454 1403.713 1403.705 1403.697 1403.689 1403.681
1410.131 1409.554 1408.976 1408.398 1409.406 1412.358 1415.31 1418.261 1421.213 1431.102 1441.651 1452.201 1462.75 1468.611 1466.717 1464.823 1462.928 1461.034 1452.941 1443.673 1434.404 1425.135 1414.877 1402.356 1389.834 1377.313 1364.791 1352.763 1340.883 1329.004 1317.124 1308.193 1309.029 1309.865 1310.702 1311.538 1319.771 1331.242 1342.712 1354.182 1364.961 1372.094 1379.228 1386.362 1393.495 1396.968 1398.228 1399.487 1400.746 1401.91 1402.07 1402.229 1402.389 1402.549 1402.777 1403.06 1403.344 1403.628 1403.907 1403.905 1403.902 1403.9 1403.897
1418.872 1418.219 1417.566 1416.914 1417.839 1420.7 1423.56 1426.42 1429.281 1438.789 1448.93 1459.072 1469.213 1474.622 1472.203 1469.784 1467.365 1464.947 1455.841 1445.467 1435.093 1424.719 1413.662 1401.043 1388.424 1375.805 1363.186 1351.385 1339.83 1328.276 1316.721 1308.05 1308.932 1309.814 1310.696 1311.578 1319.824 1331.293 1342.762 1354.231 1365.001 1372.09 1379.178 1386.267 1393.355 1396.847 1398.164 1399.481 1400.798 1402.015 1402.187 1402.36 1402.532 1402.704 1402.941 1403.229 1403.517 1403.806 1404.09 1404.087 1404.084 1404.081 1404.078
1431.147 1430.371 1429.595 1428.818 1429.546 1432.116 1434.687 1437.257 1439.828 1448.164 1457.049 1465.934 1474.819 1479.238 1476.272 1473.305 1470.339 1467.372 1457.218 1445.7 1434.183 1422.665 1410.824 1398.243 1385.661 1373.08 1360.498 1349.11 1338.082 1327.053 1316.025 1307.758 1308.64 1309.522 1310.404 1311.286 1319.443 1330.783 1342.122 1353.462 1364.135 1371.288 1378.441 1385.594 1392.747 1396.343 1397.789 1399.234 1400.68 1402.019 1402.24 1402.461 1402.681 1402.902 1403.154 1403.431 1403.709 1403.987 1404.26 1404.252 1404.244 1404.235 1404.227
1443.423 1442.523 1441.623 1440.724 1441.253 1443.533 1445.814 1448.094 1450.375 1457.538 1465.167 1472.796 1480.424 1483.854 1480.34 1476.826 1473.312 1469.797 1458.594 1445.933 1433.272 1420.611 1407.985 1395.442 1382.898 1370.354 1357.81 1346.835 1336.333 1325.831 1315.328 1307.466 1308.348 1309.23 1310.112 1310.993 1319.061 1330.272 1341.483 1352.694 1363.268 1370.486 1377.703 1384.92 1392.138 1395.839 1397.413 1398.988 1400.562 1402.023 1402.292 1402.561 1402.83 1403.099 1403.367 1403.634 1403.901 1404.168 1404.43 1404.417 1404.403 1404.39 1404.376
1455.698 1454.675 1453.652 1452.628 1452.959 1454.95 1456.94 1458.931 1460.922 1466.913 1473.285 1479.658 1486.03 1488.47 1484.409 1480.347 1476.285 1472.223 1459.971 1446.166 1432.362 1418.557 1405.147 1392.641 1380.135 1367.629 1355.123 1344.56 1334.584 1324.608 1314.632 1307.174 1308.056 1308.937 1309.819 1310.701 1318.679 1329.761 1340.843 1351.925 1362.402 1369.684 1376.965 1384.247 1391.529 1395.334 1397.038 1398.741 1400.445 1402.028 1402.345 1402.662 1402.979 1403.297 1403.58 1403.837 1404.093 1404.349 1404.601 1404.582 1404.563 1404.544 1404.525
1467.974 1466.827 1465.68 1464.533 1464.666 1466.366 1468.067 1469.768 1471.468 1476.287 1481.403 1486.52 1491.635 1493.087 1488.477 1483.867 1479.258 1474.648 1461.348 1446.399 1431.451 1416.503 1402.309 1389.841 1377.372 1364.903 1352.435 1342.285 1332.835 1323.385 1313.935 1306.881 1307.763 1308.645 1309.527 1310.409 1318.297 1329.25 1340.203 1351.157 1361.535 1368.881 1376.228 1383.574 1390.92 1394.83 1396.662 1398.495 1400.327 1402.032 1402.397 1402.763 1403.129 1403.494 1403.794 1404.039 1404.284 1404.53 1404.771 1404.747 1404.723 1404.698 1404.674
1474.436 1473.435 1472.434 1471.432 1471.508 1472.903 1474.298 1475.693 1477.089 1480.984 1485.118 1489.252 1493.386 1494.149 1489.339 1484.528 1479.717 1474.906 1461.304 1446.034 1430.765 1415.495 1400.873 1387.728 1374.583 1361.438 1348.293 1338.574 1329.888 1321.202 1312.516 1306.138 1307.403 1308.668 1309.932 1311.197 1318.705 1328.945 1339.185 1349.425 1359.215 1366.636 1374.057 1381.479 1388.9 1393.111 1395.383 1397.655 1399.926 1402.036 1402.45 1402.864 1403.278 1403.692 1404.027 1404.298 1404.569 1404.839 1405.106 1405.071 1405.036 1405.001 1404.967
1480.678 1479.833 1478.987 1478.142 1478.165 1479.255 1480.344 1481.433 1482.522 1485.504 1488.666 1491.828 1494.99 1495.077 1490.078 1485.08 1480.081 1475.082 1461.207 1445.647 1430.088 1414.528 1399.49 1385.642 1371.793 1357.945 1344.097 1334.808 1326.895 1318.983 1311.07 1305.378 1307.04 1308.702 1310.364 1312.026 1319.143 1328.648 1338.152 1347.656 1356.841 1364.337 1371.833 1379.329 1386.825 1391.347 1394.069 1396.792 1399.514 1402.04 1402.502 1402.965 1403.427 1403.889 1404.261 1404.559 1404.856 1405.154 1405.447 1405.401 1405.355 1405.31 1405.264
1486.92 1486.231 1485.541 1484.851 1484.823 1485.606 1486.389 1487.172 1487.955 1490.023 1492.214 1494.404 1496.594 1496.005 1490.818 1485.632 1480.445 1475.258 1461.109 1445.259 1429.41 1413.561 1398.107 1383.555 1369.004 1354.452 1339.9 1331.042 1323.903 1316.764 1309.624 1304.618 1306.677 1308.736 1310.796 1312.855 1319.581 1328.35 1337.119 1345.888 1354.466 1362.037 1369.609 1377.18 1384.751 1389.582 1392.755 1395.929 1399.102 1402.044 1402.555 1403.066 1403.576 1404.087 1404.495 1404.819 1405.144 1405.468 1405.787 1405.731 1405.675 1405.619 1405.562
1493.163 1492.628 1492.094 1491.56 1491.48 1491.958 1492.435 1492.912 1493.389 1494.543 1495.761 1496.98 1498.198 1496.933 1491.558 1486.183 1480.809 1475.434 1461.011 1444.872 1428.733 1412.594 1396.724 1381.469 1366.214 1350.959 1335.704 1327.277 1320.91 1314.544 1308.178 1303.858 1306.314 1308.771 1311.227 1313.684 1320.02 1328.053 1336.086 1344.12 1352.091 1359.738 1367.384 1375.031 1382.677 1387.817 1391.442 1395.066 1398.691 1402.049 1402.608 1403.166 1403.725 1404.284 1404.729 1405.08 1405.432 1405.783 1406.128 1406.061 1405.994 1405.927 1405.86
1497.172 1496.77 1496.367 1495.965 1495.864 1496.132 1496.4 1496.668 1496.937 1497.467 1498.021 1498.577 1499.131 1497.397 1491.875 1486.354 1480.832 1475.311 1460.767 1444.512 1428.258 1412.003 1395.949 1380.354 1364.757 1349.161 1333.565 1325.594 1319.926 1314.257 1308.589 1304.915 1307.851 1310.787 1313.723 1316.658 1322.661 1330.007 1337.352 1344.697 1352.061 1359.529 1366.996 1374.464 1381.931 1387.127 1390.951 1394.774 1398.597 1402.142 1402.762 1403.382 1404.002 1404.623 1405.089 1405.431 1405.772 1406.114 1406.449 1406.35 1406.25 1406.151 1406.052
1497.852 1497.546 1497.241 1496.935 1496.858 1497.062 1497.266 1497.469 1497.673 1498.011 1498.362 1498.713 1499.064 1497.17 1491.562 1485.955 1480.347 1474.74 1460.305 1444.195 1428.085 1411.975 1396.083 1380.686 1365.288 1349.891 1334.493 1327.018 1321.935 1316.852 1311.768 1308.684 1312.221 1315.758 1319.295 1322.832 1328.589 1335.316 1342.044 1348.772 1355.528 1362.437 1369.346 1376.255 1383.164 1388.04 1391.686 1395.332 1398.978 1402.368 1403.069 1403.77 1404.47 1405.171 1405.638 1405.916 1406.193 1406.47 1406.74 1406.577 1406.413 1406.249 1406.085
1498.531 1498.323 1498.114 1497.905 1497.852 1497.992 1498.131 1498.27 1498.409 1498.555 1498.702 1498.849 1498.996 1496.942 1491.249 1485.556 1479.862 1474.169 1459.842 1443.877 1427.913 1411.948 1396.216 1381.018 1365.819 1350.62 1335.421 1328.442 1323.944 1319.446 1314.948 1312.453 1316.591 1320.729 1324.868 1329.006 1334.516 1340.626 1346.736 1352.847 1358.995 1365.346 1371.696 1378.047 1384.397 1388.952 1392.421 1395.89 1399.359 1402.594 1403.376 1404.157 1404.938 1405.719 1406.187 1406.4 1406.613 1406.826 1407.032 1406.804 1406.575 1406.347 1406.119
1499.211 1499.099 1498.987 1498.875 1498.846 1498.921 1498.996 1499.071 1499.146 1499.1 1499.043 1498.986 1498.928 1496.715 1490.936 1485.157 1479.378 1473.598 1459.379 1443.559 1427.74 1411.92 1396.35 1381.35 1366.349 1351.349 1336.349 1329.865 1325.953 1322.04 1318.127 1316.221 1320.961 1325.7 1330.44 1335.18 1340.443 1345.936 1351.429 1356.922 1362.462 1368.255 1374.047 1379.839 1385.631 1389.865 1393.156 1396.448 1399.74 1402.821 1403.682 1404.544 1405.406 1406.268 1406.736 1406.885 1407.033 1407.181 1407.323 1407.031 1406.738 1406.445 1406.153
1499.891 1499.875 1499.86 1499.844 1499.84 1499.851 1499.861 1499.871 1499.882 1499.644 1499.383 1499.122 1498.861 1496.488 1490.623 1484.758 1478.893 1473.027 1458.917 1443.242 1427.567 1411.892 1396.483 1381.682 1366.88 1352.079 1337.277 1331.289 1327.962 1324.634 1321.307 1319.99 1325.331 1330.672 1336.013 1341.354 1346.371 1351.246 1356.121 1360.997 1365.929 1371.163 1376.397 1381.63 1386.864 1390.777 1393.892 1397.006 1400.121 1403.047 1403.989 1404.931 1405.874 1406.816 1407.286 1407.369 1407.453 1407.537 1407.615 1407.257 1406.9 1406.543 1406.186
1500.0 1500.0 1500.0 1500.0 1500.0 1500.0 1500.0 1500.0 1500.0 1499.608 1499.179 1498.75 1498.321 1495.711 1489.494 1483.277 1477.06 1470.843 1457.173 1442.089 1427.006 1411.922 1397.281 1383.652 1370.022 1356.393 1342.763 1337.583 1334.954 1332.324 1329.695 1328.892 1334.141 1339.389 1344.637 1349.885 1354.464 1358.749 1363.033 1367.319 1371.639 1376.148 1380.656 1385.165 1389.673 1393.146 1395.994 1398.841 1401.688 1404.36 1405.189 1406.018 1406.847 1407.676 1408.035 1408.009 1407.983 1407.958 1407.926 1407.5 1407.074 1406.648 1406.222
1500.0 1500.0 1500.0 1500.0 1500.0 1500.0 1500.0 1500.0 1500.0 1499.461 1498.871 1498.281 1497.691 1494.828 1488.209 1481.589 1474.969 1468.35 1455.184 1440.777 1426.37 1411.963 1398.206 1385.935 1373.664 1361.393 1349.122 1344.809 1342.899 1340.989 1339.079 1338.777 1343.8 1348.823 1353.846 1358.868 1362.971 1366.671 1370.37 1374.07 1377.778 1381.53 1385.281 1389.032 1392.784 1395.794 1398.357 1400.92 1403.483 1405.881 1406.56 1407.239 1407.918 1408.596 1408.822 1408.678 1408.535 1408.391 1408.242 1407.746 1407.25 1406.755 1406.259
1500.0 1500.0 1500.0 1500.0 1500.0 1500.0 1500.0 1500.0 1500.0 1499.314 1498.563 1497.812 1497.06 1493.946 1486.924 1479.901 1472.879 1465.857 1453.196 1439.465 1425.734 1412.004 1399.131 1388.218 1377.306 1366.393 1355.48 1352.035 1350.845 1349.654 1348.464 1348.662 1353.459 1358.257 1363.054 1367.851 1371.478 1374.592 1377.707 1380.822 1383.917 1386.911 1389.906 1392.9 1395.894 1398.442 1400.72 1402.999 1405.277 1407.403 1407.931 1408.46 1408.988 1409.516 1409.609 1409.348 1409.086 1408.824 1408.557 1407.992 1407.426 1406.861 1406.295
1500.0 1500.0 1500.0 1500.0 1500.0 1500.0 1500.0 1500.0 1500.0 1499.167 1498.255 1497.342 1496.43 1493.064 1485.639 1478.214 1470.789 1463.363 1451.207 1438.153 1425.099 1412.045 1400.056 1390.502 1380.947 1371.393 1361.839 1359.261 1358.79 1358.319 1357.849 1358.547 1363.119 1367.69 1372.262 1376.834 1379.985 1382.514 1385.044 1387.573 1390.056 1392.293 1394.53 1396.767 1399.005 1401.09 1403.084 1405.077 1407.071 1408.924 1409.302 1409.68 1410.058 1410.436 1410.397 1410.017 1409.637 1409.257 1408.873 1408.238 1407.602 1406.967 1406.332
1499.905 1499.932 1499.958 1499.985 1500.0 1500.0 1500.0 1500.0 1500.0 1499.042 1497.992 1496.943 1495.893 1492.316 1484.56 1476.804 1469.048 1461.291 1449.706 1437.393 1425.082 1412.769 1401.662 1393.307 1384.951 1376.596 1368.24 1366.447 1366.635 1366.822 1367.01 1368.165 1372.526 1376.887 1381.249 1385.61 1388.299 1390.256 1392.214 1394.171 1396.065 1397.624 1399.183 1400.743 1402.302 1403.949 1405.651 1407.353 1409.054 1410.626 1410.836 1411.046 1411.256 1411.466 1411.283 1410.781 1410.278 1409.775 1409.27 1408.551 1407.832 1407.114 1406.395
1499.562 1499.685 1499.809 1499.932 1500.0 1500.0 1500.0 1500.0 1500.0 1498.973 1497.848 1496.724 1495.599 1491.921 1484.02 1476.118 1468.217 1460.316 1449.474 1438.075 1426.676 1415.276 1405.042 1397.471 1389.899 1382.328 1374.756 1373.528 1374.215 1374.902 1375.589 1377.088 1381.277 1385.466 1389.656 1393.845 1396.109 1397.529 1398.95 1400.37 1401.738 1402.824 1403.911 1404.998 1406.084 1407.36 1408.75 1410.141 1411.531 1412.8 1412.795 1412.79 1412.785 1412.78 1412.427 1411.79 1411.153 1410.516 1409.877 1409.04 1408.203 1407.367 1406.53
1499.219 1499.439 1499.659 1499.879 1500.0 1500.0 1500.0 1500.0 1500.0 1498.904 1497.705 1496.505 1495.305 1491.525 1483.479 1475.433 1467.387 1459.34 1449.243 1438.756 1428.27 1417.783 1408.422 1401.635 1394.847 1388.06 1381.272 1380.609 1381.795 1382.982 1384.168 1386.01 1390.028 1394.046 1398.063 1402.081 1403.918 1404.802 1405.686 1406.57 1407.41 1408.024 1408.639 1409.253 1409.867 1410.77 1411.849 1412.928 1414.007 1414.973 1414.753 1414.534 1414.314 1414.094 1413.571 1412.8 1412.029 1411.258 1410.484 1409.529 1408.574 1407.619 1406.665
1498.875 1499.192 1499.509 1499.826 1500.0 1500.0 1500.0 1500.0 1500.0 1498.836 1497.561 1496.286 1495.011 1491.13 1482.938 1474.747 1466.556 1458.365 1449.012 1439.438 1429.864 1420.29 1411.803 1405.799 1399.795 1393.792 1387.788 1387.69 1389.376 1391.061 1392.747 1394.933 1398.779 1402.625 1406.471 1410.316 1411.728 1412.075 1412.422 1412.769 1413.083 1413.224 1413.366 1413.508 1413.649 1414.181 1414.948 1415.716 1416.483 1417.146 1416.712 1416.277 1415.843 1415.409 1414.715 1413.809 1412.904 1411.999 1411.091 1410.018 1408.945 1407.872 1406.799
1498.532 1498.946 1499.359 1499.772 1500.0 1500.0 1500.0 1500.0 1500.0 1498.767 1497.417 1496.067 1494.717 1490.734 1482.398 1474.062 1465.726 1457.39 1448.78 1440.119 1431.458 1422.797 1415.183 1409.963 1404.743 1399.524 1394.303 1394.771 1396.956 1399.141 1401.326 1403.856 1407.53 1411.204 1414.878 1418.552 1419.538 1419.348 1419.158 1418.968 1418.755 1418.424 1418.094 1417.763 1417.432 1417.591 1418.047 1418.503 1418.959 1419.319 1418.67 1418.021 1417.372 1416.723 1415.859 1414.819 1413.779 1412.74 1411.698 1410.507 1409.316 1408.125 1406.934
1496.712 1497.579 1498.446 1499.313 1499.812 1499.858 1499.904 1499.95 1499.996 1498.86 1497.611 1496.362 1495.114 1491.5 1483.975 1476.451 1468.926 1461.401 1453.782 1446.145 1438.508 1430.871 1424.108 1419.342 1414.575 1409.809 1405.043 1405.391 1407.284 1409.177 1411.07 1413.233 1416.29 1419.346 1422.403 1425.46 1425.997 1425.431 1424.865 1424.3 1423.718 1423.049 1422.38 1421.711 1421.042 1420.875 1421.012 1421.149 1421.286 1421.341 1420.535 1419.728 1418.922 1418.116 1417.132 1416.005 1414.877 1413.749 1412.619 1411.321 1410.024 1408.726 1407.428
1494.303 1495.766 1497.23 1498.693 1499.548 1499.659 1499.769 1499.88 1499.99 1499.017 1497.94 1496.863 1495.786 1492.729 1486.396 1480.063 1473.731 1467.398 1460.867 1454.298 1447.73 1441.161 1435.239 1430.795 1426.351 1421.907 1417.462 1417.42 1418.706 1419.992 1421.279 1422.791 1425.053 1427.315 1429.577 1431.839 1431.918 1431.041 1430.164 1429.286 1428.397 1427.444 1426.49 1425.537 1424.583 1424.109 1423.923 1423.738 1423.553 1423.302 1422.362 1421.421 1420.48 1419.54 1418.458 1417.26 1416.063 1414.865 1413.665 1412.265 1410.865 1409.466 1408.066
1491.895 1493.954 1496.013 1498.072 1499.285 1499.46 1499.635 1499.81 1499.985 1499.174 1498.269 1497.363 1496.458 1493.957 1488.817 1483.676 1478.535 1473.394 1467.952 1462.451 1456.951 1451.451 1446.37 1442.248 1438.126 1434.004 1429.882 1429.448 1430.128 1430.807 1431.487 1432.349 1433.817 1435.284 1436.751 1438.219 1437.839 1436.65 1435.462 1434.273 1433.077 1431.839 1430.601 1429.363 1428.125 1427.342 1426.835 1426.327 1425.82 1425.263 1424.188 1423.114 1422.039 1420.964 1419.783 1418.516 1417.249 1415.981 1414.711 1413.209 1411.707 1410.206 1408.704
