data/zism_data/00862_04_D.txt
ncols         224
nrows         224
[rows 84 to 111 of 224, columns 126 to 188 of 224]
1303.654 1304.966 1306.278 1308.111 1310.503 1312.895 1315.287 1317.679 1319.74 1321.773 1323.806 1325.838 1327.66 1329.102 1330.544 1331.986 1333.428 1334.76 1336.063 1337.366 1338.669 1339.684 1339.754 1339.824 1339.894 1339.964 1339.501 1338.776 1338.051 1337.327 1336.791 1337.787 1338.784 1339.781 1340.777 1342.589 1345.074 1347.56 1350.045 1352.531 1355.067 1357.604 1360.141 1362.679 1365.75 1369.551 1373.352 1377.152 1380.953 1382.944 1384.643 1386.343 1388.043 1388.26 1385.007 1381.753 1378.5 1375.246 1370.641 1365.555 1360.468 1355.382 1350.314
1305.85 1307.017 1308.184 1309.961 1312.394 1314.827 1317.26 1319.693 1321.686 1323.64 1325.595 1327.549 1329.305 1330.706 1332.106 1333.506 1334.907 1336.239 1337.554 1338.87 1340.185 1341.213 1341.299 1341.385 1341.471 1341.557 1341.174 1340.561 1339.948 1339.335 1338.91 1340.011 1341.113 1342.214 1343.315 1345.235 1347.832 1350.428 1353.025 1355.621 1358.166 1360.711 1363.255 1365.799 1368.799 1372.42 1376.041 1379.662 1383.282 1385.183 1386.807 1388.431 1390.055 1390.268 1387.176 1384.084 1380.992 1377.9 1373.455 1368.527 1363.6 1358.673 1353.724
1308.515 1309.499 1310.484 1312.179 1314.639 1317.098 1319.558 1322.018 1323.909 1325.751 1327.593 1329.434 1331.091 1332.416 1333.741 1335.066 1336.392 1337.709 1339.024 1340.339 1341.654 1342.686 1342.789 1342.891 1342.993 1343.095 1342.815 1342.347 1341.879 1341.41 1341.125 1342.323 1343.521 1344.719 1345.917 1347.907 1350.552 1353.197 1355.842 1358.486 1361.016 1363.544 1366.073 1368.601 1371.498 1374.899 1378.3 1381.7 1385.101 1386.911 1388.465 1390.019 1391.573 1391.81 1388.959 1386.109 1383.259 1380.408 1376.197 1371.5 1366.804 1362.108 1357.333
1311.179 1311.981 1312.783 1314.396 1316.883 1319.37 1321.856 1324.343 1326.133 1327.861 1329.59 1331.319 1332.877 1334.127 1335.377 1336.627 1337.877 1339.178 1340.494 1341.809 1343.124 1344.16 1344.278 1344.396 1344.515 1344.633 1344.455 1344.132 1343.809 1343.486 1343.34 1344.635 1345.929 1347.224 1348.519 1350.579 1353.272 1355.965 1358.658 1361.351 1363.866 1366.378 1368.89 1371.402 1374.197 1377.378 1380.559 1383.739 1386.92 1388.639 1390.124 1391.608 1393.092 1393.351 1390.743 1388.134 1385.525 1382.917 1378.939 1374.473 1370.008 1365.542 1360.941
1313.843 1314.462 1315.082 1316.614 1319.127 1321.641 1324.154 1326.668 1328.356 1329.972 1331.588 1333.204 1334.662 1335.837 1337.012 1338.187 1339.362 1340.648 1341.963 1343.279 1344.594 1345.633 1345.768 1345.902 1346.037 1346.171 1346.096 1345.917 1345.739 1345.561 1345.555 1346.946 1348.338 1349.729 1351.12 1353.251 1355.992 1358.734 1361.475 1364.217 1366.716 1369.212 1371.708 1374.204 1376.897 1379.857 1382.817 1385.778 1388.738 1390.367 1391.782 1393.196 1394.611 1394.893 1392.526 1390.159 1387.792 1385.425 1381.681 1377.446 1373.212 1368.977 1364.549
1317.306 1317.731 1318.156 1319.552 1321.994 1324.435 1326.876 1329.318 1330.858 1332.32 1333.782 1335.244 1336.574 1337.668 1338.762 1339.855 1340.949 1342.211 1343.516 1344.82 1346.125 1347.16 1347.307 1347.455 1347.603 1347.75 1347.756 1347.692 1347.627 1347.563 1347.665 1349.114 1350.564 1352.013 1353.463 1355.612 1358.34 1361.068 1363.795 1366.523 1368.974 1371.422 1373.869 1376.316 1378.886 1381.624 1384.361 1387.098 1389.836 1391.405 1392.787 1394.169 1395.55 1395.903 1393.845 1391.788 1389.73 1387.673 1384.248 1380.336 1376.424 1372.511 1368.339
1322.87 1323.07 1323.269 1324.389 1326.497 1328.605 1330.714 1332.822 1334.094 1335.293 1336.492 1337.691 1338.817 1339.815 1340.812 1341.809 1342.806 1344.018 1345.285 1346.552 1347.82 1348.827 1348.98 1349.133 1349.286 1349.439 1349.467 1349.435 1349.403 1349.371 1349.497 1350.904 1352.31 1353.717 1355.123 1357.156 1359.707 1362.257 1364.808 1367.358 1369.675 1371.988 1374.301 1376.614 1379.009 1381.515 1384.022 1386.528 1389.035 1390.628 1392.074 1393.52 1394.966 1395.51 1393.941 1392.372 1390.803 1389.234 1386.354 1383.005 1379.657 1376.308 1372.608
1328.435 1328.409 1328.383 1329.225 1331.0 1332.776 1334.552 1336.327 1337.33 1338.266 1339.202 1340.138 1341.061 1341.961 1342.862 1343.762 1344.663 1345.825 1347.055 1348.284 1349.514 1350.494 1350.652 1350.81 1350.969 1351.127 1351.179 1351.179 1351.18 1351.18 1351.329 1352.693 1354.057 1355.42 1356.784 1358.7 1361.074 1363.447 1365.82 1368.193 1370.375 1372.554 1374.733 1376.912 1379.132 1381.407 1383.683 1385.958 1388.234 1389.851 1391.361 1392.872 1394.382 1395.117 1394.037 1392.957 1391.876 1390.796 1388.459 1385.675 1382.89 1380.105 1376.876
1334.0 1333.748 1333.496 1334.061 1335.504 1336.947 1338.389 1339.832 1340.566 1341.239 1341.912 1342.584 1343.304 1344.108 1344.912 1345.716 1346.519 1347.632 1348.824 1350.016 1351.208 1352.16 1352.324 1352.488 1352.652 1352.815 1352.891 1352.923 1352.956 1352.988 1353.162 1354.482 1355.803 1357.124 1358.444 1360.244 1362.44 1364.637 1366.833 1369.029 1371.076 1373.12 1375.165 1377.21 1379.254 1381.299 1383.344 1385.389 1387.433 1389.073 1390.648 1392.223 1393.798 1394.725 1394.133 1393.541 1392.949 1392.358 1390.565 1388.344 1386.123 1383.902 1381.145
1339.564 1339.087 1338.61 1338.897 1340.007 1341.117 1342.227 1343.337 1343.802 1344.212 1344.622 1345.031 1345.547 1346.255 1346.962 1347.669 1348.376 1349.439 1350.594 1351.748 1352.903 1353.827 1353.996 1354.165 1354.334 1354.504 1354.603 1354.667 1354.732 1354.797 1354.994 1356.272 1357.549 1358.827 1360.105 1361.788 1363.807 1365.826 1367.845 1369.864 1371.776 1373.687 1375.597 1377.508 1379.377 1381.191 1383.005 1384.819 1386.632 1388.296 1389.935 1391.575 1393.214 1394.332 1394.229 1394.126 1394.023 1393.919 1392.671 1391.014 1389.356 1387.699 1385.413
1345.995 1345.38 1344.765 1344.75 1345.38 1346.01 1346.64 1347.27 1347.517 1347.731 1347.945 1348.159 1348.505 1349.088 1349.671 1350.253 1350.836 1351.765 1352.783 1353.8 1354.818 1355.631 1355.774 1355.917 1356.06 1356.202 1356.298 1356.371 1356.444 1356.517 1356.71 1357.878 1359.045 1360.212 1361.38 1362.916 1364.758 1366.6 1368.442 1370.283 1372.127 1373.971 1375.814 1377.658 1379.453 1381.183 1382.913 1384.643 1386.373 1388.022 1389.658 1391.294 1392.931 1394.144 1394.367 1394.59 1394.812 1395.035 1394.153 1392.877 1391.601 1390.325 1388.411
1352.732 1352.009 1351.287 1350.96 1351.058 1351.157 1351.255 1351.354 1351.401 1351.443 1351.485 1351.527 1351.715 1352.163 1352.612 1353.06 1353.509 1354.274 1355.12 1355.965 1356.811 1357.484 1357.589 1357.694 1357.8 1357.905 1357.988 1358.061 1358.135 1358.208 1358.386 1359.419 1360.452 1361.485 1362.518 1363.897 1365.561 1367.226 1368.891 1370.555 1372.354 1374.155 1375.955 1377.756 1379.513 1381.211 1382.908 1384.606 1386.304 1387.925 1389.535 1391.144 1392.754 1394.028 1394.52 1395.011 1395.502 1395.993 1395.415 1394.456 1393.497 1392.538 1390.96
1359.469 1358.639 1357.809 1357.17 1356.737 1356.304 1355.871 1355.438 1355.284 1355.155 1355.025 1354.895 1354.925 1355.239 1355.553 1355.867 1356.182 1356.782 1357.456 1358.13 1358.805 1359.337 1359.405 1359.472 1359.54 1359.607 1359.678 1359.752 1359.825 1359.898 1360.061 1360.96 1361.859 1362.758 1363.656 1364.878 1366.365 1367.852 1369.34 1370.827 1372.581 1374.339 1376.097 1377.854 1379.573 1381.238 1382.904 1384.569 1386.234 1387.829 1389.411 1390.994 1392.576 1393.913 1394.672 1395.432 1396.192 1396.952 1396.678 1396.035 1395.393 1394.75 1393.509
1366.206 1365.269 1364.331 1363.381 1362.416 1361.452 1360.487 1359.522 1359.168 1358.866 1358.565 1358.264 1358.134 1358.314 1358.494 1358.674 1358.854 1359.291 1359.793 1360.296 1360.798 1361.19 1361.22 1361.25 1361.28 1361.31 1361.369 1361.442 1361.515 1361.588 1361.737 1362.501 1363.266 1364.03 1364.795 1365.858 1367.169 1368.479 1369.789 1371.099 1372.808 1374.523 1376.238 1377.953 1379.633 1381.266 1382.899 1384.532 1386.166 1387.732 1389.288 1390.844 1392.399 1393.797 1394.825 1395.854 1396.882 1397.91 1397.94 1397.614 1397.289 1396.963 1396.059
1372.51 1371.501 1370.492 1369.277 1367.841 1366.405 1364.969 1363.532 1362.977 1362.498 1362.019 1361.541 1361.256 1361.319 1361.382 1361.446 1361.509 1361.8 1362.149 1362.498 1362.847 1363.114 1363.111 1363.109 1363.107 1363.105 1363.139 1363.192 1363.244 1363.296 1363.412 1364.04 1364.668 1365.296 1365.924 1366.84 1367.994 1369.148 1370.302 1371.456 1373.108 1374.768 1376.428 1378.088 1379.723 1381.323 1382.924 1384.525 1386.126 1387.667 1389.198 1390.729 1392.26 1393.705 1394.947 1396.189 1397.431 1398.674 1398.949 1398.881 1398.812 1398.743 1398.114
1377.11 1376.171 1375.232 1373.94 1372.267 1370.595 1368.922 1367.25 1366.493 1365.815 1365.138 1364.461 1364.031 1364.046 1364.061 1364.076 1364.091 1364.307 1364.576 1364.844 1365.113 1365.315 1365.303 1365.29 1365.277 1365.264 1365.226 1365.177 1365.127 1365.077 1365.086 1365.569 1366.052 1366.536 1367.019 1367.828 1368.907 1369.985 1371.064 1372.143 1373.693 1375.251 1376.809 1378.367 1379.929 1381.498 1383.067 1384.635 1386.204 1387.727 1389.242 1390.757 1392.272 1393.705 1394.947 1396.189 1397.431 1398.674 1398.965 1398.918 1398.871 1398.823 1398.229
1381.711 1380.842 1379.972 1378.602 1376.694 1374.785 1372.876 1370.968 1370.009 1369.133 1368.257 1367.381 1366.806 1366.773 1366.739 1366.706 1366.672 1366.815 1367.003 1367.191 1367.379 1367.517 1367.494 1367.47 1367.447 1367.423 1367.313 1367.161 1367.01 1366.858 1366.76 1367.098 1367.437 1367.775 1368.113 1368.816 1369.819 1370.823 1371.826 1372.829 1374.279 1375.734 1377.19 1378.646 1380.136 1381.673 1383.209 1384.746 1386.282 1387.786 1389.285 1390.784 1392.283 1393.705 1394.947 1396.189 1397.431 1398.674 1398.981 1398.955 1398.929 1398.904 1398.344
1386.311 1385.512 1384.713 1383.265 1381.12 1378.975 1376.83 1374.685 1373.525 1372.45 1371.375 1370.301 1369.581 1369.499 1369.418 1369.336 1369.254 1369.323 1369.43 1369.538 1369.645 1369.719 1369.685 1369.651 1369.616 1369.582 1369.4 1369.146 1368.893 1368.639 1368.434 1368.628 1368.821 1369.014 1369.208 1369.803 1370.732 1371.66 1372.588 1373.516 1374.864 1376.218 1377.572 1378.925 1380.343 1381.847 1383.352 1384.856 1386.36 1387.846 1389.329 1390.811 1392.294 1393.705 1394.947 1396.189 1397.431 1398.674 1398.997 1398.993 1398.988 1398.984 1398.459
1390.912 1390.182 1389.453 1387.928 1385.546 1383.165 1380.784 1378.403 1377.041 1375.767 1374.494 1373.221 1372.356 1372.226 1372.096 1371.966 1371.836 1371.831 1371.858 1371.885 1371.911 1371.921 1371.876 1371.831 1371.786 1371.741 1371.487 1371.131 1370.776 1370.42 1370.109 1370.157 1370.205 1370.254 1370.302 1370.791 1371.644 1372.497 1373.35 1374.203 1375.449 1376.701 1377.953 1379.205 1380.55 1382.022 1383.494 1384.966 1386.438 1387.906 1389.372 1390.839 1392.306 1393.705 1394.947 1396.189 1397.431 1398.674 1399.013 1399.03 1399.047 1399.064 1398.574
1393.143 1392.49 1391.838 1390.371 1388.03 1385.688 1383.346 1381.004 1379.62 1378.32 1377.02 1375.72 1374.857 1374.779 1374.701 1374.622 1374.544 1374.48 1374.419 1374.358 1374.297 1374.229 1374.138 1374.046 1373.954 1373.863 1373.511 1373.032 1372.552 1372.073 1371.637 1371.547 1371.458 1371.368 1371.279 1371.611 1372.293 1372.974 1373.655 1374.337 1375.494 1376.658 1377.822 1378.986 1380.292 1381.793 1383.294 1384.795 1386.295 1387.805 1389.317 1390.828 1392.339 1393.766 1394.994 1396.222 1397.449 1398.677 1398.96 1398.906 1398.851 1398.797 1398.185
1394.189 1393.617 1393.045 1391.706 1389.541 1387.377 1385.212 1383.047 1381.732 1380.491 1379.25 1378.009 1377.22 1377.244 1377.268 1377.292 1377.316 1377.2 1377.047 1376.895 1376.743 1376.59 1376.434 1376.278 1376.122 1375.966 1375.503 1374.889 1374.276 1373.662 1373.092 1372.868 1372.644 1372.421 1372.197 1372.348 1372.809 1373.27 1373.732 1374.193 1375.267 1376.351 1377.434 1378.518 1379.803 1381.363 1382.923 1384.482 1386.042 1387.625 1389.212 1390.798 1392.385 1393.858 1395.064 1396.27 1397.477 1398.683 1398.873 1398.7 1398.528 1398.355 1397.544
1395.236 1394.744 1394.253 1393.041 1391.053 1389.066 1387.078 1385.091 1383.844 1382.662 1381.48 1380.298 1379.584 1379.709 1379.835 1379.961 1380.087 1379.919 1379.676 1379.432 1379.189 1378.951 1378.73 1378.51 1378.289 1378.069 1377.494 1376.747 1375.999 1375.251 1374.547 1374.189 1373.831 1373.473 1373.115 1373.085 1373.326 1373.567 1373.808 1374.049 1375.041 1376.044 1377.047 1378.05 1379.314 1380.932 1382.551 1384.17 1385.789 1387.445 1389.107 1390.768 1392.43 1393.949 1395.134 1396.319 1397.504 1398.689 1398.786 1398.495 1398.204 1397.914 1396.904
1396.282 1395.871 1395.46 1394.375 1392.565 1390.754 1388.944 1387.134 1385.956 1384.833 1383.71 1382.587 1381.947 1382.175 1382.403 1382.631 1382.859 1382.639 1382.304 1381.969 1381.635 1381.312 1381.027 1380.742 1380.457 1380.172 1379.486 1378.604 1377.723 1376.841 1376.001 1375.509 1375.017 1374.525 1374.033 1373.822 1373.843 1373.863 1373.884 1373.905 1374.815 1375.737 1376.66 1377.582 1378.824 1380.502 1382.18 1383.858 1385.536 1387.265 1389.002 1390.739 1392.475 1394.041 1395.204 1396.367 1397.531 1398.694 1398.699 1398.29 1397.881 1397.472 1396.264
1397.045 1396.724 1396.404 1395.464 1393.857 1392.251 1390.644 1389.038 1387.951 1386.911 1385.87 1384.829 1384.276 1384.601 1384.925 1385.249 1385.574 1385.303 1384.88 1384.457 1384.034 1383.626 1383.27 1382.914 1382.557 1382.201 1381.404 1380.392 1379.38 1378.369 1377.398 1376.765 1376.131 1375.498 1374.865 1374.47 1374.273 1374.076 1373.879 1373.682 1374.493 1375.318 1376.144 1376.97 1378.181 1379.918 1381.654 1383.39 1385.126 1386.927 1388.739 1390.55 1392.361 1393.977 1395.135 1396.293 1397.451 1398.609 1398.558 1398.076 1397.594 1397.112 1395.767
1395.918 1395.753 1395.588 1394.912 1393.687 1392.462 1391.237 1390.011 1389.173 1388.368 1387.564 1386.759 1386.38 1386.763 1387.146 1387.53 1387.913 1387.599 1387.106 1386.613 1386.12 1385.632 1385.157 1384.683 1384.208 1383.734 1382.83 1381.716 1380.602 1379.488 1378.406 1377.585 1376.764 1375.942 1375.121 1374.53 1374.129 1373.728 1373.326 1372.925 1373.532 1374.154 1374.776 1375.398 1376.514 1378.304 1380.094 1381.884 1383.674 1385.542 1387.423 1389.305 1391.186 1392.881 1394.141 1395.401 1396.661 1397.921 1398.063 1397.807 1397.55 1397.293 1396.23
1394.791 1394.782 1394.773 1394.361 1393.517 1392.673 1391.829 1390.985 1390.394 1389.826 1389.258 1388.689 1388.483 1388.925 1389.368 1389.81 1390.252 1389.895 1389.332 1388.77 1388.207 1387.637 1387.045 1386.452 1385.859 1385.267 1384.255 1383.04 1381.824 1380.608 1379.414 1378.405 1377.396 1376.387 1375.378 1374.589 1373.984 1373.379 1372.774 1372.169 1372.572 1372.99 1373.407 1373.825 1374.847 1376.69 1378.534 1380.377 1382.221 1384.157 1386.108 1388.059 1390.01 1391.785 1393.147 1394.509 1395.871 1397.233 1397.568 1397.537 1397.506 1397.475 1396.694
1393.664 1393.811 1393.957 1393.81 1393.347 1392.884 1392.422 1391.959 1391.616 1391.284 1390.952 1390.62 1390.586 1391.087 1391.589 1392.09 1392.592 1392.191 1391.558 1390.926 1390.293 1389.643 1388.932 1388.221 1387.51 1386.8 1385.681 1384.363 1383.045 1381.727 1380.423 1379.225 1378.028 1376.831 1375.634 1374.649 1373.84 1373.031 1372.222 1371.413 1371.611 1371.825 1372.039 1372.253 1373.179 1375.077 1376.974 1378.871 1380.769 1382.772 1384.793 1386.814 1388.834 1390.689 1392.153 1393.617 1395.081 1396.545 1397.073 1397.267 1397.462 1397.656 1397.157
1392.537 1392.839 1393.142 1393.259 1393.177 1393.096 1393.014 1392.932 1392.838 1392.742 1392.646 1392.55 1392.689 1393.249 1393.81 1394.371 1394.931 1394.487 1393.785 1393.082 1392.38 1391.648 1390.819 1389.99 1389.161 1388.333 1387.107 1385.687 1384.267 1382.847 1381.431 1380.046 1378.661 1377.276 1375.891 1374.709 1373.696 1372.683 1371.669 1370.656 1370.651 1370.661 1370.671 1370.68 1371.512 1373.463 1375.414 1377.365 1379.316 1381.387 1383.478 1385.568 1387.659 1389.592 1391.159 1392.725 1394.291 1395.857 1396.578 1396.998 1397.418 1397.838 1397.62
