data/zism_data/00866_02_D.txt
ncols         224
nrows         224
[rows 140 to 167 of 224, columns 64 to 127 of 224]
1597.172 1596.954 1596.736 1596.546 1596.366 1596.187 1596.007 1595.854 1595.814 1595.774 1595.734 1595.693 1595.679 1595.679 1595.679 1595.679 1595.671 1595.581 1595.491 1595.402 1595.312 1595.217 1595.119 1595.02 1594.922 1594.823 1594.693 1594.562 1594.431 1594.3 1594.181 1594.076 1593.972 1593.867 1593.762 1593.627 1593.487 1593.348 1593.208 1593.083 1592.987 1592.891 1592.796 1592.7 1592.679 1592.679 1592.679 1592.679 1592.679 1592.679 1592.679 1592.679 1592.679 1592.679 1592.679 1592.679 1592.679 1592.663 1592.54 1592.417 1592.294 1592.171 1592.119 1592.119
1597.318 1597.132 1596.946 1596.757 1596.567 1596.376 1596.186 1596.026 1595.997 1595.967 1595.938 1595.908 1595.898 1595.898 1595.898 1595.898 1595.89 1595.794 1595.699 1595.604 1595.509 1595.403 1595.289 1595.174 1595.059 1594.945 1594.804 1594.662 1594.521 1594.379 1594.263 1594.18 1594.097 1594.013 1593.93 1593.778 1593.617 1593.456 1593.295 1593.167 1593.103 1593.039 1592.975 1592.912 1592.898 1592.898 1592.898 1592.898 1592.898 1592.898 1592.898 1592.898 1592.898 1592.898 1592.898 1592.898 1592.898 1592.88 1592.741 1592.602 1592.463 1592.323 1592.265 1592.265
1597.458 1597.307 1597.156 1596.97 1596.772 1596.574 1596.376 1596.211 1596.189 1596.168 1596.146 1596.124 1596.1 1596.075 1596.049 1596.023 1595.993 1595.906 1595.82 1595.734 1595.647 1595.545 1595.429 1595.312 1595.196 1595.079 1594.933 1594.787 1594.64 1594.494 1594.375 1594.294 1594.212 1594.13 1594.048 1593.898 1593.738 1593.579 1593.419 1593.298 1593.255 1593.212 1593.169 1593.126 1593.117 1593.117 1593.117 1593.117 1593.117 1593.117 1593.117 1593.117 1593.117 1593.099 1593.073 1593.048 1593.022 1592.983 1592.854 1592.724 1592.595 1592.465 1592.411 1592.411
1597.592 1597.479 1597.365 1597.185 1596.982 1596.778 1596.574 1596.406 1596.39 1596.374 1596.358 1596.341 1596.288 1596.215 1596.141 1596.067 1595.994 1595.929 1595.865 1595.8 1595.735 1595.648 1595.542 1595.437 1595.331 1595.225 1595.079 1594.933 1594.786 1594.64 1594.514 1594.417 1594.319 1594.221 1594.123 1593.99 1593.852 1593.713 1593.575 1593.472 1593.44 1593.407 1593.375 1593.343 1593.335 1593.335 1593.335 1593.335 1593.335 1593.335 1593.335 1593.335 1593.335 1593.285 1593.212 1593.138 1593.064 1592.987 1592.89 1592.793 1592.695 1592.598 1592.557 1592.557
1597.727 1597.65 1597.574 1597.4 1597.191 1596.982 1596.773 1596.602 1596.591 1596.58 1596.569 1596.558 1596.477 1596.355 1596.233 1596.111 1595.996 1595.953 1595.909 1595.866 1595.822 1595.751 1595.656 1595.561 1595.466 1595.371 1595.225 1595.079 1594.932 1594.786 1594.653 1594.539 1594.426 1594.312 1594.198 1594.082 1593.965 1593.848 1593.731 1593.646 1593.624 1593.603 1593.581 1593.559 1593.554 1593.554 1593.554 1593.554 1593.554 1593.554 1593.554 1593.554 1593.554 1593.471 1593.349 1593.228 1593.106 1592.991 1592.926 1592.861 1592.796 1592.73 1592.703 1592.703
1597.861 1597.822 1597.783 1597.615 1597.401 1597.186 1596.972 1596.797 1596.792 1596.786 1596.781 1596.775 1596.665 1596.495 1596.325 1596.155 1595.998 1595.976 1595.954 1595.932 1595.909 1595.854 1595.77 1595.685 1595.601 1595.517 1595.371 1595.225 1595.078 1594.932 1594.792 1594.662 1594.532 1594.403 1594.273 1594.173 1594.078 1593.983 1593.887 1593.82 1593.809 1593.798 1593.787 1593.776 1593.773 1593.773 1593.773 1593.773 1593.773 1593.773 1593.773 1593.773 1593.773 1593.657 1593.488 1593.318 1593.148 1592.996 1592.962 1592.929 1592.896 1592.863 1592.849 1592.849
1597.995 1597.994 1597.992 1597.83 1597.61 1597.391 1597.171 1596.993 1596.993 1596.992 1596.992 1596.992 1596.853 1596.635 1596.417 1596.199 1596.0 1595.999 1595.998 1595.998 1595.997 1595.957 1595.883 1595.81 1595.736 1595.662 1595.517 1595.37 1595.224 1595.078 1594.931 1594.785 1594.639 1594.493 1594.348 1594.265 1594.191 1594.117 1594.043 1593.994 1593.993 1593.993 1593.992 1593.992 1593.992 1593.992 1593.992 1593.992 1593.992 1593.992 1593.992 1593.992 1593.992 1593.844 1593.625 1593.408 1593.19 1593.0 1592.999 1592.998 1592.996 1592.995 1592.995 1592.995
1598.07 1598.039 1598.008 1597.864 1597.681 1597.497 1597.313 1597.163 1597.158 1597.153 1597.148 1597.142 1597.01 1596.806 1596.602 1596.397 1596.21 1596.2 1596.189 1596.179 1596.169 1596.114 1596.02 1595.926 1595.832 1595.738 1595.608 1595.477 1595.346 1595.215 1595.077 1594.93 1594.784 1594.637 1594.491 1594.418 1594.355 1594.292 1594.229 1594.184 1594.174 1594.163 1594.153 1594.143 1594.141 1594.141 1594.141 1594.141 1594.141 1594.141 1594.141 1594.141 1594.141 1594.001 1593.797 1593.593 1593.389 1593.211 1593.211 1593.211 1593.211 1593.211 1593.211 1593.211
1598.142 1598.079 1598.016 1597.892 1597.746 1597.599 1597.453 1597.332 1597.322 1597.311 1597.301 1597.29 1597.167 1596.978 1596.79 1596.602 1596.428 1596.407 1596.386 1596.365 1596.344 1596.272 1596.157 1596.042 1595.927 1595.812 1595.697 1595.582 1595.467 1595.352 1595.223 1595.076 1594.93 1594.783 1594.637 1594.574 1594.521 1594.469 1594.417 1594.375 1594.354 1594.333 1594.312 1594.291 1594.286 1594.286 1594.286 1594.286 1594.286 1594.286 1594.286 1594.286 1594.286 1594.158 1593.97 1593.782 1593.593 1593.43 1593.43 1593.43 1593.43 1593.43 1593.43 1593.43
1598.215 1598.12 1598.025 1597.92 1597.811 1597.702 1597.593 1597.501 1597.486 1597.47 1597.454 1597.438 1597.323 1597.15 1596.978 1596.806 1596.646 1596.614 1596.583 1596.551 1596.519 1596.431 1596.295 1596.158 1596.021 1595.885 1595.785 1595.686 1595.587 1595.488 1595.369 1595.222 1595.076 1594.929 1594.783 1594.729 1594.687 1594.646 1594.604 1594.566 1594.534 1594.503 1594.471 1594.439 1594.432 1594.432 1594.432 1594.432 1594.432 1594.432 1594.432 1594.432 1594.432 1594.315 1594.143 1593.971 1593.798 1593.649 1593.649 1593.649 1593.649 1593.649 1593.649 1593.649
1598.287 1598.16 1598.033 1597.947 1597.876 1597.804 1597.733 1597.671 1597.65 1597.628 1597.607 1597.586 1597.479 1597.323 1597.166 1597.01 1596.864 1596.821 1596.779 1596.737 1596.694 1596.59 1596.432 1596.274 1596.116 1595.958 1595.874 1595.791 1595.708 1595.625 1595.515 1595.368 1595.222 1595.075 1594.929 1594.884 1594.853 1594.823 1594.792 1594.757 1594.715 1594.672 1594.63 1594.588 1594.578 1594.578 1594.578 1594.578 1594.578 1594.578 1594.578 1594.578 1594.578 1594.472 1594.316 1594.159 1594.003 1593.867 1593.867 1593.867 1593.867 1593.867 1593.867 1593.867
1598.389 1598.255 1598.121 1598.047 1597.994 1597.941 1597.888 1597.84 1597.813 1597.787 1597.76 1597.734 1597.635 1597.495 1597.354 1597.214 1597.082 1597.029 1596.976 1596.923 1596.87 1596.753 1596.582 1596.411 1596.24 1596.07 1595.987 1595.905 1595.823 1595.742 1595.637 1595.503 1595.37 1595.236 1595.102 1595.063 1595.036 1595.01 1594.983 1594.948 1594.895 1594.842 1594.789 1594.736 1594.724 1594.724 1594.724 1594.724 1594.724 1594.724 1594.724 1594.724 1594.724 1594.629 1594.489 1594.348 1594.208 1594.086 1594.086 1594.086 1594.086 1594.086 1594.086 1594.086
1598.535 1598.433 1598.332 1598.258 1598.194 1598.131 1598.067 1598.009 1597.977 1597.945 1597.914 1597.882 1597.791 1597.667 1597.543 1597.418 1597.3 1597.236 1597.172 1597.108 1597.045 1596.923 1596.753 1596.582 1596.411 1596.24 1596.136 1596.033 1595.93 1595.827 1595.724 1595.622 1595.521 1595.419 1595.317 1595.277 1595.245 1595.213 1595.181 1595.139 1595.075 1595.011 1594.948 1594.884 1594.87 1594.87 1594.87 1594.87 1594.87 1594.87 1594.87 1594.87 1594.87 1594.786 1594.661 1594.537 1594.413 1594.305 1594.305 1594.305 1594.305 1594.305 1594.305 1594.305
1598.682 1598.612 1598.542 1598.469 1598.395 1598.32 1598.246 1598.178 1598.141 1598.104 1598.067 1598.029 1597.947 1597.839 1597.731 1597.623 1597.517 1597.443 1597.369 1597.294 1597.22 1597.094 1596.923 1596.752 1596.581 1596.41 1596.285 1596.161 1596.036 1595.912 1595.811 1595.741 1595.672 1595.602 1595.532 1595.491 1595.454 1595.417 1595.38 1595.33 1595.255 1595.181 1595.107 1595.032 1595.016 1595.016 1595.016 1595.016 1595.016 1595.016 1595.016 1595.016 1595.016 1594.942 1594.834 1594.726 1594.618 1594.524 1594.524 1594.524 1594.524 1594.524 1594.524 1594.524
1598.828 1598.79 1598.753 1598.68 1598.595 1598.51 1598.425 1598.348 1598.305 1598.262 1598.22 1598.177 1598.103 1598.011 1597.919 1597.827 1597.735 1597.65 1597.565 1597.48 1597.395 1597.264 1597.093 1596.922 1596.751 1596.58 1596.434 1596.288 1596.142 1595.997 1595.898 1595.86 1595.823 1595.785 1595.747 1595.705 1595.663 1595.62 1595.578 1595.521 1595.436 1595.351 1595.266 1595.18 1595.162 1595.162 1595.162 1595.162 1595.162 1595.162 1595.162 1595.162 1595.162 1595.099 1595.007 1594.915 1594.823 1594.743 1594.743 1594.743 1594.743 1594.743 1594.743 1594.743
1598.974 1598.969 1598.963 1598.891 1598.795 1598.699 1598.604 1598.517 1598.469 1598.421 1598.373 1598.325 1598.259 1598.183 1598.107 1598.031 1597.953 1597.858 1597.762 1597.666 1597.57 1597.434 1597.263 1597.092 1596.921 1596.75 1596.583 1596.416 1596.249 1596.082 1595.985 1595.979 1595.974 1595.968 1595.962 1595.919 1595.871 1595.824 1595.776 1595.712 1595.616 1595.52 1595.424 1595.328 1595.308 1595.308 1595.308 1595.308 1595.308 1595.308 1595.308 1595.308 1595.308 1595.256 1595.18 1595.104 1595.028 1594.962 1594.962 1594.962 1594.962 1594.962 1594.962 1594.962
1599.0 1599.0 1599.0 1598.941 1598.861 1598.781 1598.701 1598.628 1598.588 1598.548 1598.508 1598.468 1598.415 1598.355 1598.295 1598.235 1598.17 1598.05 1597.931 1597.811 1597.691 1597.554 1597.4 1597.247 1597.094 1596.941 1596.774 1596.608 1596.441 1596.275 1596.169 1596.143 1596.116 1596.09 1596.063 1596.013 1595.96 1595.907 1595.853 1595.791 1595.711 1595.631 1595.551 1595.471 1595.454 1595.454 1595.454 1595.454 1595.454 1595.454 1595.454 1595.454 1595.454 1595.413 1595.353 1595.293 1595.233 1595.181 1595.181 1595.181 1595.181 1595.181 1595.181 1595.181
1599.0 1599.0 1599.0 1598.957 1598.898 1598.839 1598.781 1598.728 1598.698 1598.669 1598.64 1598.61 1598.572 1598.527 1598.484 1598.44 1598.387 1598.24 1598.094 1597.947 1597.801 1597.662 1597.53 1597.399 1597.267 1597.135 1596.974 1596.813 1596.652 1596.49 1596.374 1596.315 1596.257 1596.198 1596.14 1596.081 1596.023 1595.964 1595.906 1595.847 1595.788 1595.73 1595.671 1595.612 1595.599 1595.599 1595.599 1595.599 1595.599 1595.599 1595.599 1595.599 1595.599 1595.57 1595.526 1595.482 1595.438 1595.399 1595.399 1595.399 1595.399 1595.399 1595.399 1595.399
1599.0 1599.0 1599.0 1598.972 1598.935 1598.898 1598.861 1598.827 1598.808 1598.79 1598.771 1598.752 1598.728 1598.7 1598.672 1598.644 1598.603 1598.43 1598.257 1598.084 1597.911 1597.771 1597.661 1597.55 1597.439 1597.329 1597.174 1597.018 1596.862 1596.706 1596.579 1596.488 1596.398 1596.307 1596.217 1596.15 1596.086 1596.022 1595.958 1595.903 1595.865 1595.828 1595.791 1595.754 1595.745 1595.745 1595.745 1595.745 1595.745 1595.745 1595.745 1595.745 1595.745 1595.726 1595.698 1595.671 1595.643 1595.618 1595.618 1595.618 1595.618 1595.618 1595.618 1595.618
1599.0 1599.0 1599.0 1598.988 1598.972 1598.956 1598.941 1598.926 1598.918 1598.91 1598.902 1598.894 1598.884 1598.872 1598.86 1598.848 1598.82 1598.62 1598.42 1598.22 1598.02 1597.88 1597.791 1597.702 1597.612 1597.523 1597.374 1597.223 1597.073 1596.922 1596.784 1596.661 1596.538 1596.416 1596.293 1596.218 1596.148 1596.079 1596.01 1595.958 1595.943 1595.927 1595.911 1595.895 1595.891 1595.891 1595.891 1595.891 1595.891 1595.891 1595.891 1595.891 1595.891 1595.883 1595.871 1595.859 1595.847 1595.837 1595.837 1595.837 1595.837 1595.837 1595.837 1595.837
1599.037 1599.037 1599.037 1599.037 1599.037 1599.037 1599.037 1599.037 1599.034 1599.031 1599.029 1599.026 1599.021 1599.016 1599.01 1599.005 1598.982 1598.771 1598.561 1598.351 1598.141 1598.001 1597.923 1597.844 1597.765 1597.687 1597.545 1597.403 1597.26 1597.118 1596.977 1596.839 1596.7 1596.562 1596.424 1596.347 1596.278 1596.208 1596.139 1596.093 1596.093 1596.093 1596.093 1596.093 1596.087 1596.079 1596.07 1596.062 1596.056 1596.054 1596.053 1596.052 1596.05 1596.048 1596.045 1596.042 1596.04 1596.037 1596.037 1596.037 1596.037 1596.037 1596.036 1596.033
1599.183 1599.183 1599.183 1599.183 1599.183 1599.183 1599.183 1599.181 1599.167 1599.154 1599.14 1599.127 1599.105 1599.078 1599.051 1599.025 1598.985 1598.812 1598.639 1598.467 1598.294 1598.16 1598.06 1597.96 1597.86 1597.76 1597.634 1597.507 1597.381 1597.255 1597.137 1597.031 1596.924 1596.818 1596.712 1596.653 1596.6 1596.547 1596.493 1596.458 1596.458 1596.458 1596.458 1596.458 1596.426 1596.386 1596.346 1596.306 1596.273 1596.266 1596.26 1596.253 1596.246 1596.235 1596.222 1596.208 1596.195 1596.183 1596.183 1596.183 1596.183 1596.183 1596.175 1596.162
1599.329 1599.329 1599.329 1599.329 1599.329 1599.329 1599.329 1599.325 1599.3 1599.276 1599.252 1599.228 1599.189 1599.14 1599.092 1599.044 1598.988 1598.853 1598.718 1598.582 1598.447 1598.319 1598.197 1598.076 1597.954 1597.833 1597.723 1597.612 1597.502 1597.391 1597.297 1597.223 1597.148 1597.074 1597.0 1596.959 1596.922 1596.885 1596.847 1596.823 1596.823 1596.823 1596.823 1596.823 1596.766 1596.694 1596.621 1596.549 1596.491 1596.479 1596.467 1596.455 1596.443 1596.422 1596.398 1596.374 1596.35 1596.329 1596.329 1596.329 1596.329 1596.329 1596.315 1596.291
1599.475 1599.475 1599.475 1599.475 1599.475 1599.475 1599.475 1599.469 1599.434 1599.399 1599.364 1599.329 1599.272 1599.203 1599.133 1599.063 1598.991 1598.894 1598.796 1598.698 1598.6 1598.478 1598.335 1598.192 1598.049 1597.906 1597.811 1597.717 1597.623 1597.528 1597.457 1597.415 1597.372 1597.33 1597.288 1597.265 1597.244 1597.223 1597.202 1597.188 1597.188 1597.188 1597.188 1597.188 1597.106 1597.001 1596.897 1596.793 1596.708 1596.691 1596.674 1596.656 1596.639 1596.61 1596.575 1596.54 1596.505 1596.475 1596.475 1596.475 1596.475 1596.475 1596.455 1596.42
1599.621 1599.621 1599.621 1599.621 1599.621 1599.621 1599.621 1599.612 1599.567 1599.521 1599.476 1599.43 1599.356 1599.265 1599.174 1599.083 1598.995 1598.934 1598.874 1598.813 1598.752 1598.636 1598.472 1598.308 1598.144 1597.979 1597.9 1597.822 1597.743 1597.665 1597.617 1597.607 1597.596 1597.586 1597.576 1597.571 1597.566 1597.561 1597.556 1597.552 1597.552 1597.552 1597.552 1597.552 1597.445 1597.309 1597.173 1597.036 1596.926 1596.903 1596.881 1596.858 1596.835 1596.797 1596.751 1596.706 1596.661 1596.621 1596.621 1596.621 1596.621 1596.621 1596.595 1596.549
1599.717 1599.717 1599.717 1599.717 1599.717 1599.717 1599.717 1599.709 1599.667 1599.626 1599.584 1599.543 1599.454 1599.338 1599.222 1599.106 1598.996 1598.955 1598.913 1598.872 1598.83 1598.729 1598.577 1598.424 1598.272 1598.119 1598.041 1597.964 1597.887 1597.81 1597.767 1597.767 1597.767 1597.767 1597.767 1597.767 1597.767 1597.767 1597.767 1597.767 1597.767 1597.767 1597.767 1597.767 1597.661 1597.525 1597.39 1597.254 1597.145 1597.125 1597.104 1597.083 1597.062 1597.027 1596.986 1596.944 1596.903 1596.864 1596.842 1596.82 1596.798 1596.776 1596.743 1596.701
1599.79 1599.79 1599.79 1599.79 1599.79 1599.79 1599.79 1599.784 1599.753 1599.722 1599.691 1599.661 1599.558 1599.416 1599.273 1599.13 1598.997 1598.967 1598.936 1598.905 1598.874 1598.792 1598.667 1598.541 1598.415 1598.289 1598.206 1598.124 1598.042 1597.959 1597.913 1597.913 1597.913 1597.913 1597.913 1597.913 1597.913 1597.913 1597.913 1597.913 1597.913 1597.913 1597.913 1597.913 1597.819 1597.7 1597.58 1597.461 1597.365 1597.35 1597.335 1597.319 1597.304 1597.278 1597.247 1597.216 1597.186 1597.152 1597.098 1597.044 1596.99 1596.935 1596.895 1596.864
1599.863 1599.863 1599.863 1599.863 1599.863 1599.863 1599.863 1599.859 1599.839 1599.819 1599.798 1599.778 1599.663 1599.494 1599.324 1599.155 1598.998 1598.978 1598.958 1598.938 1598.918 1598.855 1598.756 1598.657 1598.558 1598.459 1598.371 1598.283 1598.196 1598.108 1598.059 1598.059 1598.059 1598.059 1598.059 1598.059 1598.059 1598.059 1598.059 1598.059 1598.059 1598.059 1598.059 1598.059 1597.978 1597.874 1597.771 1597.667 1597.586 1597.575 1597.565 1597.555 1597.545 1597.528 1597.508 1597.488 1597.468 1597.439 1597.353 1597.267 1597.181 1597.095 1597.047 1597.027
