data/zism_data/00869_01_D.txt
ncols         224
nrows         224
[rows 168 to 195 of 224, columns 64 to 127 of 224]
1219.136 1219.475 1219.814 1220.153 1219.739 1219.097 1218.455 1217.813 1217.142 1216.377 1215.611 1214.846 1214.081 1213.653 1213.373 1213.093 1212.813 1212.721 1213.622 1214.523 1215.425 1216.326 1216.784 1216.974 1217.164 1217.354 1217.732 1220.089 1222.446 1224.803 1227.16 1232.087 1239.111 1246.135 1253.159 1260.206 1268.858 1277.509 1286.161 1294.812 1301.564 1306.243 1310.922 1315.601 1320.28 1319.587 1318.562 1317.538 1316.514 1315.009 1312.798 1310.588 1308.377 1306.167 1306.823 1307.91 1308.997 1310.084 1313.486 1321.519 1329.552 1337.585 1345.618 1354.26
1217.204 1217.463 1217.721 1217.98 1217.46 1216.705 1215.951 1215.196 1214.409 1213.514 1212.62 1211.726 1210.832 1210.081 1209.393 1208.705 1208.017 1207.508 1207.948 1208.387 1208.827 1209.266 1209.47 1209.531 1209.592 1209.653 1209.94 1212.592 1215.244 1217.896 1220.548 1225.729 1232.974 1240.218 1247.462 1254.728 1263.492 1272.256 1281.02 1289.785 1296.603 1301.298 1305.993 1310.688 1315.384 1314.453 1313.177 1311.9 1310.624 1309.273 1307.815 1306.356 1304.897 1303.438 1305.285 1307.629 1309.972 1312.315 1316.898 1325.962 1335.026 1344.09 1353.154 1361.222
1215.113 1215.257 1215.401 1215.546 1214.98 1214.2 1213.42 1212.64 1211.836 1210.954 1210.072 1209.19 1208.308 1207.485 1206.688 1205.891 1205.094 1204.455 1204.65 1204.845 1205.04 1205.235 1205.309 1205.309 1205.309 1205.309 1205.529 1208.065 1210.6 1213.136 1215.671 1220.672 1227.685 1234.698 1241.711 1248.749 1257.533 1266.317 1275.101 1283.884 1290.76 1295.553 1300.346 1305.139 1309.932 1309.174 1308.074 1306.974 1305.874 1304.977 1304.377 1303.777 1303.177 1302.577 1305.717 1309.418 1313.12 1316.82 1322.404 1331.751 1341.098 1350.445 1359.792 1366.9
1212.878 1212.877 1212.877 1212.876 1212.318 1211.591 1210.865 1210.139 1209.408 1208.666 1207.924 1207.182 1206.439 1205.771 1205.135 1204.499 1203.863 1203.351 1203.498 1203.645 1203.792 1203.938 1203.994 1203.994 1203.994 1203.994 1204.172 1206.219 1208.265 1210.312 1212.359 1216.789 1223.163 1229.537 1235.911 1242.318 1251.038 1259.757 1268.476 1277.196 1284.12 1289.084 1294.049 1299.014 1303.979 1303.762 1303.226 1302.69 1302.154 1301.98 1302.335 1302.691 1303.047 1303.403 1307.928 1313.078 1318.229 1323.38 1329.799 1338.754 1347.709 1356.664 1365.619 1371.42
1210.643 1210.497 1210.352 1210.206 1209.656 1208.983 1208.31 1207.637 1206.981 1206.378 1205.776 1205.173 1204.57 1204.056 1203.581 1203.106 1202.631 1202.248 1202.346 1202.445 1202.543 1202.641 1202.678 1202.678 1202.678 1202.678 1202.814 1204.372 1205.931 1207.489 1209.047 1212.906 1218.641 1224.375 1230.11 1235.887 1244.542 1253.197 1261.852 1270.507 1277.479 1282.616 1287.753 1292.89 1298.026 1298.35 1298.378 1298.406 1298.433 1298.982 1300.294 1301.605 1302.916 1304.228 1310.138 1316.739 1323.339 1329.939 1337.194 1345.757 1354.32 1362.883 1371.447 1375.939
1208.408 1208.117 1207.827 1207.536 1206.993 1206.374 1205.755 1205.136 1204.553 1204.09 1203.627 1203.164 1202.701 1202.342 1202.028 1201.714 1201.4 1201.144 1201.194 1201.244 1201.294 1201.344 1201.363 1201.363 1201.363 1201.363 1201.456 1202.526 1203.596 1204.665 1205.735 1209.022 1214.118 1219.214 1224.31 1229.457 1238.047 1246.637 1255.228 1263.819 1270.839 1276.148 1281.457 1286.765 1292.074 1292.939 1293.53 1294.122 1294.713 1295.984 1298.252 1300.519 1302.786 1305.053 1312.349 1320.399 1328.449 1336.499 1344.589 1352.76 1360.931 1369.103 1377.274 1380.458
1206.173 1205.737 1205.302 1204.866 1204.331 1203.766 1203.2 1202.635 1202.126 1201.802 1201.479 1201.155 1200.832 1200.627 1200.474 1200.321 1200.168 1200.04 1200.042 1200.044 1200.046 1200.047 1200.048 1200.048 1200.048 1200.048 1200.099 1200.68 1201.261 1201.842 1202.423 1205.139 1209.596 1214.053 1218.51 1223.026 1231.552 1240.078 1248.604 1257.13 1264.199 1269.68 1275.16 1280.641 1286.121 1287.527 1288.682 1289.837 1290.993 1292.987 1296.21 1299.433 1302.656 1305.878 1314.559 1324.059 1333.558 1343.058 1351.984 1359.763 1367.543 1375.322 1383.101 1384.978
1204.905 1204.526 1204.148 1203.769 1203.34 1202.895 1202.451 1202.006 1201.607 1201.356 1201.105 1200.853 1200.602 1200.445 1200.329 1200.213 1200.097 1200.0 1200.0 1200.0 1200.0 1200.0 1200.0 1200.0 1200.0 1200.0 1200.039 1200.483 1200.927 1201.372 1201.816 1204.244 1208.289 1212.335 1216.381 1220.486 1228.663 1236.84 1245.018 1253.195 1260.036 1265.419 1270.802 1276.185 1281.568 1283.432 1285.078 1286.725 1288.371 1290.806 1294.395 1297.984 1301.573 1305.161 1313.801 1323.198 1332.596 1341.993 1350.85 1358.625 1366.4 1374.175 1381.951 1383.774
1203.674 1203.36 1203.045 1202.731 1202.412 1202.091 1201.77 1201.449 1201.16 1200.979 1200.798 1200.616 1200.435 1200.322 1200.238 1200.154 1200.07 1200.0 1200.0 1200.0 1200.0 1200.0 1200.0 1200.0 1200.0 1200.0 1200.028 1200.349 1200.67 1200.99 1201.311 1203.462 1207.105 1210.748 1214.391 1218.094 1225.911 1233.729 1241.546 1249.364 1255.966 1261.242 1266.517 1271.793 1277.069 1279.386 1281.521 1283.656 1285.792 1288.656 1292.589 1296.521 1300.453 1304.386 1312.93 1322.167 1331.403 1340.639 1349.392 1357.178 1364.964 1372.75 1380.536 1382.353
1202.443 1202.193 1201.943 1201.693 1201.484 1201.286 1201.089 1200.891 1200.714 1200.602 1200.491 1200.379 1200.268 1200.198 1200.146 1200.095 1200.043 1200.0 1200.0 1200.0 1200.0 1200.0 1200.0 1200.0 1200.0 1200.0 1200.017 1200.215 1200.412 1200.609 1200.807 1202.68 1205.92 1209.16 1212.401 1215.702 1223.16 1230.617 1238.075 1245.533 1251.896 1257.064 1262.233 1267.401 1272.569 1275.341 1277.964 1280.588 1283.212 1286.506 1290.782 1295.058 1299.334 1303.61 1312.06 1321.135 1330.21 1339.285 1347.934 1355.731 1363.528 1371.324 1379.121 1380.932
1201.212 1201.026 1200.841 1200.655 1200.556 1200.482 1200.408 1200.334 1200.267 1200.225 1200.184 1200.142 1200.1 1200.074 1200.055 1200.036 1200.016 1200.0 1200.0 1200.0 1200.0 1200.0 1200.0 1200.0 1200.0 1200.0 1200.006 1200.08 1200.154 1200.228 1200.302 1201.898 1204.736 1207.573 1210.411 1213.31 1220.408 1227.506 1234.604 1241.702 1247.826 1252.887 1257.948 1263.009 1268.07 1271.295 1274.408 1277.52 1280.632 1284.356 1288.976 1293.596 1298.215 1302.835 1311.189 1320.103 1329.017 1337.931 1346.476 1354.284 1362.091 1369.899 1377.707 1379.51
1200.433 1200.299 1200.165 1200.031 1200.0 1200.0 1200.0 1200.0 1200.0 1200.0 1200.0 1200.0 1200.0 1200.0 1200.0 1200.0 1200.0 1200.0 1200.0 1200.0 1200.0 1200.0 1200.0 1200.0 1200.0 1200.0 1200.0 1200.0 1200.0 1200.0 1200.0 1201.429 1204.023 1206.618 1209.212 1211.866 1218.576 1225.286 1231.997 1238.707 1244.573 1249.518 1254.463 1259.408 1264.353 1267.882 1271.323 1274.765 1278.206 1282.192 1286.974 1291.756 1296.538 1301.32 1309.443 1318.067 1326.69 1335.314 1343.609 1351.246 1358.883 1366.521 1374.158 1375.929
1200.329 1200.227 1200.125 1200.024 1200.0 1200.0 1200.0 1200.0 1200.0 1200.0 1200.0 1200.0 1200.0 1200.0 1200.0 1200.0 1200.0 1200.0 1200.0 1200.0 1200.0 1200.0 1200.0 1200.0 1200.0 1200.0 1200.0 1200.0 1200.0 1200.0 1200.0 1201.426 1204.015 1206.604 1209.193 1211.835 1218.116 1224.397 1230.678 1236.958 1242.539 1247.355 1252.171 1256.987 1261.803 1265.41 1268.943 1272.476 1276.009 1280.005 1284.68 1289.354 1294.029 1298.704 1306.392 1314.533 1322.673 1330.814 1338.64 1345.837 1353.034 1360.231 1367.428 1369.126
1200.225 1200.155 1200.086 1200.016 1200.0 1200.0 1200.0 1200.0 1200.0 1200.0 1200.0 1200.0 1200.0 1200.0 1200.0 1200.0 1200.0 1200.0 1200.0 1200.0 1200.0 1200.0 1200.0 1200.0 1200.0 1200.0 1200.0 1200.0 1200.0 1200.0 1200.0 1201.423 1204.006 1206.59 1209.174 1211.805 1217.656 1223.507 1229.358 1235.21 1240.504 1245.191 1249.879 1254.566 1259.253 1262.939 1266.563 1270.187 1273.811 1277.818 1282.385 1286.953 1291.52 1296.088 1303.342 1310.999 1318.656 1326.314 1333.671 1340.427 1347.184 1353.941 1360.697 1362.324
1200.121 1200.083 1200.046 1200.009 1200.0 1200.0 1200.0 1200.0 1200.0 1200.0 1200.0 1200.0 1200.0 1200.0 1200.0 1200.0 1200.0 1200.0 1200.0 1200.0 1200.0 1200.0 1200.0 1200.0 1200.0 1200.0 1200.0 1200.0 1200.0 1200.0 1200.0 1201.42 1203.998 1206.576 1209.155 1211.774 1217.196 1222.617 1228.039 1233.461 1238.47 1243.028 1247.587 1252.145 1256.703 1260.468 1264.183 1267.898 1271.614 1275.631 1280.091 1284.551 1289.011 1293.471 1300.291 1307.465 1314.639 1321.813 1328.701 1335.018 1341.334 1347.651 1353.967 1355.521
1200.017 1200.012 1200.006 1200.001 1200.0 1200.0 1200.0 1200.0 1200.0 1200.0 1200.0 1200.0 1200.0 1200.0 1200.0 1200.0 1200.0 1200.0 1200.0 1200.0 1200.0 1200.0 1200.0 1200.0 1200.0 1200.0 1200.0 1200.0 1200.0 1200.0 1200.0 1201.417 1203.99 1206.563 1209.136 1211.744 1216.736 1221.728 1226.72 1231.712 1236.435 1240.865 1245.294 1249.724 1254.153 1257.996 1261.803 1265.609 1269.416 1273.444 1277.797 1282.149 1286.502 1290.855 1297.24 1303.931 1310.622 1317.313 1323.732 1329.608 1335.484 1341.361 1347.237 1348.719
1200.0 1200.0 1200.0 1200.0 1200.0 1200.0 1200.0 1200.0 1200.0 1200.0 1200.0 1200.0 1200.0 1200.0 1200.0 1200.0 1200.0 1200.0 1200.0 1200.0 1200.0 1200.0 1200.0 1200.0 1200.0 1200.0 1200.009 1200.118 1200.226 1200.334 1200.442 1201.932 1204.549 1207.166 1209.783 1212.431 1217.133 1221.835 1226.538 1231.24 1235.748 1240.044 1244.34 1248.637 1252.933 1256.811 1260.664 1264.517 1268.37 1272.391 1276.659 1280.926 1285.194 1289.462 1295.252 1301.27 1307.289 1313.307 1318.961 1323.888 1328.814 1333.741 1338.667 1339.787
1200.0 1200.0 1200.0 1200.0 1200.0 1200.0 1200.0 1200.0 1200.0 1200.0 1200.0 1200.0 1200.0 1200.0 1200.0 1200.0 1200.0 1200.0 1200.0 1200.0 1200.0 1200.0 1200.0 1200.0 1200.0 1200.0 1200.021 1200.258 1200.495 1200.732 1200.969 1202.546 1205.217 1207.888 1210.558 1213.255 1217.694 1222.133 1226.573 1231.012 1235.318 1239.48 1243.642 1247.804 1251.966 1255.872 1259.763 1263.653 1267.544 1271.555 1275.742 1279.929 1284.116 1288.303 1293.467 1298.776 1304.086 1309.396 1314.228 1318.108 1321.987 1325.867 1329.746 1330.448
1200.0 1200.0 1200.0 1200.0 1200.0 1200.0 1200.0 1200.0 1200.0 1200.0 1200.0 1200.0 1200.0 1200.0 1200.0 1200.0 1200.0 1200.0 1200.0 1200.0 1200.0 1200.0 1200.0 1200.0 1200.0 1200.0 1200.032 1200.398 1200.764 1201.129 1201.495 1203.16 1205.885 1208.609 1211.333 1214.079 1218.255 1222.431 1226.608 1230.784 1234.889 1238.917 1242.944 1246.972 1251.0 1254.934 1258.862 1262.79 1266.718 1270.718 1274.825 1278.932 1283.038 1287.145 1291.681 1296.282 1300.883 1305.484 1309.495 1312.328 1315.16 1317.993 1320.825 1321.109
1200.0 1200.0 1200.0 1200.0 1200.0 1200.0 1200.0 1200.0 1200.0 1200.0 1200.0 1200.0 1200.0 1200.0 1200.0 1200.0 1200.0 1200.0 1200.0 1200.0 1200.0 1200.0 1200.0 1200.0 1200.0 1200.0 1200.043 1200.538 1201.032 1201.527 1202.022 1203.774 1206.552 1209.33 1212.109 1214.903 1218.816 1222.729 1226.643 1230.556 1234.459 1238.353 1242.246 1246.14 1250.033 1253.995 1257.96 1261.926 1265.892 1269.882 1273.908 1277.934 1281.96 1285.986 1289.896 1293.788 1297.68 1301.573 1304.763 1306.548 1308.333 1310.119 1311.904 1311.771
1200.0 1200.0 1200.0 1200.0 1200.0 1200.0 1200.0 1200.0 1200.0 1200.0 1200.0 1200.0 1200.0 1200.003 1200.008 1200.012 1200.016 1200.021 1200.027 1200.033 1200.039 1200.045 1200.06 1200.081 1200.102 1200.123 1200.199 1200.854 1201.508 1202.163 1202.818 1204.66 1207.471 1210.282 1213.094 1215.917 1219.606 1223.295 1226.984 1230.672 1234.396 1238.156 1241.917 1245.678 1249.438 1253.376 1257.324 1261.272 1265.22 1269.145 1273.037 1276.929 1280.821 1284.713 1288.091 1291.392 1294.694 1297.995 1300.526 1301.518 1302.509 1303.501 1304.492 1304.127
1200.0 1200.0 1200.0 1200.0 1200.0 1200.0 1200.0 1200.0 1200.0 1200.0 1200.0 1200.0 1200.0 1200.014 1200.035 1200.055 1200.076 1200.098 1200.125 1200.153 1200.18 1200.207 1200.278 1200.374 1200.47 1200.566 1200.731 1201.628 1202.524 1203.421 1204.317 1206.256 1209.046 1211.835 1214.625 1217.425 1220.991 1224.556 1228.121 1231.687 1235.284 1238.916 1242.547 1246.179 1249.811 1253.589 1257.376 1261.163 1264.95 1268.669 1272.287 1275.905 1279.523 1283.141 1286.236 1289.253 1292.27 1295.286 1297.583 1298.44 1299.298 1300.155 1301.012 1300.903
1200.0 1200.0 1200.0 1200.0 1200.0 1200.0 1200.0 1200.0 1200.0 1200.0 1200.0 1200.0 1200.0 1200.026 1200.062 1200.099 1200.135 1200.174 1200.223 1200.272 1200.321 1200.37 1200.495 1200.666 1200.837 1201.008 1201.264 1202.402 1203.54 1204.678 1205.816 1207.852 1210.62 1213.388 1216.156 1218.934 1222.375 1225.817 1229.259 1232.701 1236.172 1239.675 1243.178 1246.681 1250.184 1253.803 1257.429 1261.055 1264.681 1268.192 1271.537 1274.881 1278.225 1281.57 1284.382 1287.114 1289.846 1292.578 1294.64 1295.363 1296.086 1296.809 1297.533 1297.678
1200.0 1200.0 1200.0 1200.0 1200.0 1200.0 1200.0 1200.0 1200.0 1200.0 1200.0 1200.0 1200.0 1200.037 1200.089 1200.142 1200.195 1200.251 1200.321 1200.391 1200.462 1200.532 1200.712 1200.959 1201.205 1201.451 1201.796 1203.176 1204.555 1205.935 1207.315 1209.447 1212.194 1214.94 1217.687 1220.442 1223.76 1227.078 1230.397 1233.715 1237.06 1240.434 1243.809 1247.183 1250.557 1254.016 1257.481 1260.946 1264.411 1267.716 1270.786 1273.857 1276.927 1279.998 1282.527 1284.974 1287.422 1289.869 1291.697 1292.286 1292.875 1293.464 1294.053 1294.454
1200.0 1200.0 1200.0 1200.0 1200.0 1200.0 1200.0 1200.0 1200.0 1200.0 1200.0 1200.0 1200.0 1200.048 1200.117 1200.186 1200.255 1200.327 1200.419 1200.511 1200.603 1200.695 1200.93 1201.251 1201.573 1201.894 1202.329 1203.95 1205.571 1207.192 1208.814 1211.043 1213.768 1216.493 1219.218 1221.95 1225.145 1228.34 1231.535 1234.729 1237.948 1241.194 1244.439 1247.684 1250.93 1254.23 1257.534 1260.838 1264.141 1267.239 1270.036 1272.833 1275.63 1278.426 1280.672 1282.835 1284.998 1287.161 1288.754 1289.209 1289.664 1290.118 1290.573 1291.229
1200.0 1200.0 1200.0 1200.0 1200.0 1200.0 1200.0 1200.0 1200.008 1200.043 1200.077 1200.112 1200.146 1200.24 1200.359 1200.479 1200.599 1200.723 1200.875 1201.027 1201.179 1201.33 1201.661 1202.1 1202.539 1202.978 1203.525 1205.203 1206.882 1208.56 1210.239 1212.42 1215.013 1217.605 1220.197 1222.794 1225.735 1228.676 1231.617 1234.557 1237.535 1240.551 1243.568 1246.584 1249.601 1252.755 1255.916 1259.078 1262.24 1265.232 1267.973 1270.715 1273.457 1276.199 1278.323 1280.355 1282.387 1284.419 1285.945 1286.457 1286.97 1287.482 1287.995 1288.899
1200.0 1200.0 1200.0 1200.0 1200.0 1200.0 1200.0 1200.0 1200.019 1200.102 1200.185 1200.268 1200.351 1200.504 1200.688 1200.872 1201.056 1201.247 1201.474 1201.701 1201.928 1202.154 1202.597 1203.17 1203.744 1204.317 1204.984 1206.647 1208.309 1209.972 1211.634 1213.711 1216.126 1218.541 1220.956 1223.375 1226.009 1228.644 1231.279 1233.913 1236.602 1239.351 1242.099 1244.847 1247.595 1250.607 1253.634 1256.662 1259.689 1262.614 1265.388 1268.162 1270.936 1273.71 1275.778 1277.741 1279.703 1281.665 1283.189 1283.835 1284.482 1285.129 1285.776 1286.926
1200.0 1200.0 1200.0 1200.0 1200.0 1200.0 1200.0 1200.0 1200.03 1200.162 1200.293 1200.424 1200.555 1200.768 1201.016 1201.265 1201.513 1201.77 1202.072 1202.374 1202.677 1202.979 1203.533 1204.241 1204.948 1205.655 1206.444 1208.091 1209.737 1211.383 1213.03 1215.002 1217.24 1219.478 1221.715 1223.955 1226.283 1228.612 1230.941 1233.269 1235.67 1238.15 1240.63 1243.109 1245.589 1248.459 1251.352 1254.245 1257.139 1259.997 1262.803 1265.609 1268.416 1271.222 1273.233 1275.126 1277.018 1278.911 1280.433 1281.214 1281.995 1282.775 1283.556 1284.952
