data/zism_data/00864_04_D.txt
ncols         224
nrows         224
[rows 140 to 167 of 224, columns 0 to 62 of 224]
1769.58 1778.444 1787.307 1794.391 1799.294 1804.196 1809.099 1814.002 1817.257 1820.326 1823.395 1826.465 1829.157 1831.144 1833.131 1835.118 1837.104 1839.716 1842.487 1845.258 1848.028 1851.236 1855.779 1860.322 1864.866 1869.409 1874.031 1878.689 1883.346 1888.004 1892.235 1893.955 1895.675 1897.394 1899.114 1899.431 1898.79 1898.15 1897.509 1896.624 1890.374 1884.125 1877.875 1871.626 1861.588 1847.651 1833.714 1819.776 1805.84 1791.201 1776.52 1761.838 1747.157 1738.846 1740.443 1742.04 1743.637 1745.234 1749.374 1753.996 1758.619 1763.241 1766.106
1764.361 1773.678 1782.996 1790.434 1795.566 1800.698 1805.831 1810.963 1813.973 1816.743 1819.513 1822.283 1824.608 1826.097 1827.587 1829.077 1830.567 1832.66 1834.907 1837.154 1839.402 1842.233 1846.851 1851.469 1856.087 1860.705 1866.283 1872.282 1878.281 1884.279 1889.743 1892.05 1894.358 1896.665 1898.973 1899.725 1899.416 1899.106 1898.797 1898.262 1892.782 1887.302 1881.822 1876.342 1866.923 1853.451 1839.979 1826.507 1813.035 1798.831 1784.583 1770.334 1756.085 1748.485 1751.225 1753.966 1756.707 1759.447 1763.671 1768.176 1772.68 1777.185 1779.776
1758.147 1767.906 1777.665 1785.46 1790.847 1796.234 1801.621 1807.008 1809.787 1812.271 1814.755 1817.239 1819.218 1820.251 1821.283 1822.315 1823.347 1825.023 1826.862 1828.701 1830.541 1833.096 1837.843 1842.589 1847.335 1852.081 1858.623 1865.95 1873.278 1880.605 1887.289 1890.174 1893.059 1895.944 1898.829 1900.0 1900.0 1900.0 1900.0 1899.795 1895.087 1890.379 1885.671 1880.962 1872.167 1859.165 1846.163 1833.161 1820.159 1806.385 1792.564 1778.742 1764.921 1758.005 1761.832 1765.659 1769.486 1773.313 1777.604 1781.982 1786.36 1790.739 1793.065
1737.797 1747.813 1757.828 1766.038 1772.034 1778.03 1784.026 1790.023 1792.777 1795.165 1797.552 1799.941 1801.892 1803.026 1804.16 1805.293 1806.427 1809.111 1812.19 1815.269 1818.348 1822.056 1827.69 1833.323 1838.956 1844.589 1852.204 1860.686 1869.167 1877.649 1885.382 1888.7 1892.018 1895.336 1898.654 1900.0 1900.0 1900.0 1900.0 1899.83 1895.929 1892.028 1888.126 1884.225 1876.107 1863.651 1851.194 1838.736 1826.279 1812.864 1799.39 1785.916 1772.442 1765.845 1769.944 1774.043 1778.143 1782.242 1786.365 1790.492 1794.62 1798.747 1800.935
1717.447 1727.719 1737.991 1746.616 1753.221 1759.826 1766.432 1773.037 1775.766 1778.058 1780.35 1782.642 1784.566 1785.801 1787.036 1788.272 1789.507 1793.2 1797.518 1801.837 1806.156 1811.016 1817.537 1824.057 1830.577 1837.097 1845.785 1855.421 1865.056 1874.693 1883.475 1887.226 1890.977 1894.727 1898.478 1900.0 1900.0 1900.0 1900.0 1899.865 1896.771 1893.677 1890.582 1887.487 1880.048 1868.136 1856.224 1844.312 1832.4 1819.343 1806.217 1793.09 1779.963 1773.684 1778.056 1782.428 1786.8 1791.172 1795.127 1799.003 1802.879 1806.755 1808.805
1697.097 1707.625 1718.154 1727.194 1734.408 1741.622 1748.837 1756.051 1758.756 1760.952 1763.147 1765.343 1767.24 1768.577 1769.913 1771.25 1772.587 1777.288 1782.847 1788.405 1793.963 1799.977 1807.384 1814.791 1822.198 1829.605 1839.365 1850.156 1860.946 1871.736 1881.569 1885.752 1889.935 1894.119 1898.302 1900.0 1900.0 1900.0 1900.0 1899.901 1897.613 1895.325 1893.038 1890.75 1883.988 1872.621 1861.254 1849.887 1838.52 1825.822 1813.043 1800.264 1787.484 1781.523 1786.167 1790.812 1795.456 1800.101 1803.888 1807.513 1811.138 1814.763 1816.675
1676.747 1687.531 1698.317 1707.771 1715.595 1723.418 1731.242 1739.066 1741.746 1743.845 1745.944 1748.044 1749.913 1751.352 1752.79 1754.228 1755.666 1761.377 1768.174 1774.972 1781.77 1788.936 1797.231 1805.525 1813.819 1822.113 1832.946 1844.891 1856.835 1868.78 1879.662 1884.278 1888.894 1893.51 1898.127 1900.0 1900.0 1900.0 1900.0 1899.936 1898.455 1896.974 1895.493 1894.013 1887.929 1877.107 1866.285 1855.463 1844.641 1832.302 1819.87 1807.438 1795.006 1789.362 1794.279 1799.196 1804.113 1809.03 1812.65 1816.024 1819.397 1822.771 1824.545
1659.185 1669.521 1679.857 1689.215 1697.375 1705.534 1713.694 1721.854 1725.039 1727.663 1730.287 1732.911 1735.385 1737.58 1739.775 1741.97 1744.165 1751.03 1759.083 1767.136 1775.19 1783.524 1792.719 1801.913 1811.108 1820.302 1831.587 1843.786 1855.985 1868.185 1879.296 1883.984 1888.672 1893.361 1898.049 1899.958 1899.969 1899.979 1899.99 1899.958 1899.001 1898.043 1897.085 1896.128 1890.635 1880.475 1870.315 1860.154 1849.994 1838.268 1826.446 1814.624 1802.802 1797.587 1802.649 1807.711 1812.773 1817.835 1821.169 1824.175 1827.181 1830.187 1831.734
1644.453 1653.624 1662.795 1671.538 1679.757 1687.975 1696.193 1704.412 1708.64 1712.418 1716.197 1719.975 1723.697 1727.313 1730.929 1734.546 1738.162 1746.329 1755.654 1764.979 1774.304 1783.822 1793.931 1804.039 1814.147 1824.255 1835.36 1846.903 1858.445 1869.987 1880.493 1884.888 1889.282 1893.677 1898.071 1899.873 1899.905 1899.937 1899.969 1899.969 1899.246 1898.523 1897.801 1897.078 1892.09 1882.71 1873.329 1863.949 1854.569 1843.714 1832.768 1821.822 1810.877 1806.201 1811.279 1816.357 1821.436 1826.514 1829.441 1831.961 1834.481 1837.0 1838.232
1629.721 1637.727 1645.734 1653.861 1662.139 1670.416 1678.693 1686.97 1692.242 1697.174 1702.106 1707.039 1712.008 1717.046 1722.083 1727.121 1732.159 1741.628 1752.225 1762.822 1773.419 1784.12 1795.142 1806.164 1817.186 1828.208 1839.134 1850.02 1860.904 1871.789 1881.691 1885.791 1889.892 1893.993 1898.093 1899.789 1899.842 1899.896 1899.949 1899.979 1899.491 1899.004 1898.516 1898.029 1893.544 1884.944 1876.344 1867.744 1859.144 1849.16 1839.091 1829.021 1818.952 1814.816 1819.91 1825.004 1830.099 1835.193 1837.714 1839.747 1841.781 1843.814 1844.73
1614.989 1621.831 1628.672 1636.185 1644.521 1652.856 1661.192 1669.528 1675.843 1681.93 1688.016 1694.103 1700.319 1706.778 1713.238 1719.697 1726.156 1736.927 1748.796 1760.664 1772.533 1784.418 1796.354 1808.29 1820.226 1832.161 1842.908 1853.136 1863.364 1873.591 1882.888 1886.695 1890.502 1894.308 1898.115 1899.704 1899.779 1899.854 1899.928 1899.989 1899.737 1899.484 1899.232 1898.98 1894.999 1887.179 1879.359 1871.539 1863.719 1854.606 1845.413 1836.22 1827.027 1823.431 1828.541 1833.651 1838.761 1843.871 1845.987 1847.534 1849.081 1850.628 1851.228
1600.257 1605.934 1611.61 1618.508 1626.902 1635.297 1643.692 1652.086 1659.444 1666.685 1673.926 1681.167 1688.63 1696.511 1704.392 1712.272 1720.153 1732.226 1745.367 1758.507 1771.648 1784.716 1797.566 1810.415 1823.265 1836.114 1846.682 1856.253 1865.823 1875.393 1884.086 1887.599 1891.111 1894.624 1898.137 1899.62 1899.716 1899.812 1899.908 1899.999 1899.982 1899.965 1899.948 1899.931 1896.453 1889.413 1882.374 1875.334 1868.295 1860.052 1851.735 1843.419 1835.102 1832.046 1837.172 1842.298 1847.424 1852.55 1854.259 1855.32 1856.381 1857.442 1857.726
1595.965 1601.165 1606.365 1613.004 1621.408 1629.812 1638.216 1646.62 1655.643 1664.737 1673.83 1682.924 1692.066 1701.299 1710.531 1719.764 1728.997 1740.794 1753.245 1765.695 1778.146 1790.439 1802.251 1814.062 1825.874 1837.686 1847.367 1856.117 1864.866 1873.616 1881.641 1885.39 1889.139 1892.888 1896.637 1898.398 1898.803 1899.208 1899.613 1900.0 1900.0 1900.0 1900.0 1900.0 1897.125 1891.292 1885.458 1879.625 1873.791 1867.046 1860.245 1853.443 1846.642 1844.166 1848.416 1852.667 1856.917 1861.168 1862.42 1863.104 1863.788 1864.471 1864.421
1592.495 1597.272 1602.05 1608.46 1616.869 1625.278 1633.688 1642.097 1652.835 1663.836 1674.837 1685.838 1696.692 1707.272 1717.851 1728.43 1739.009 1750.407 1762.013 1773.62 1785.226 1796.589 1807.21 1817.829 1828.45 1839.069 1847.808 1855.724 1863.64 1871.557 1878.909 1882.936 1886.962 1890.989 1895.016 1897.088 1897.824 1898.56 1899.296 1900.0 1900.0 1900.0 1900.0 1900.0 1897.736 1893.142 1888.548 1883.954 1879.361 1874.162 1868.927 1863.691 1858.455 1856.562 1859.866 1863.171 1866.476 1869.781 1870.572 1870.887 1871.202 1871.517 1871.13
1589.024 1593.38 1597.736 1603.915 1612.33 1620.744 1629.159 1637.573 1650.026 1662.935 1675.843 1688.752 1701.319 1713.245 1725.17 1737.096 1749.022 1760.02 1770.782 1781.544 1792.306 1802.74 1812.168 1821.596 1831.025 1840.453 1848.25 1855.332 1862.415 1869.497 1876.177 1880.482 1884.786 1889.091 1893.396 1895.777 1896.844 1897.912 1898.979 1900.0 1900.0 1900.0 1900.0 1900.0 1898.347 1894.993 1891.639 1888.284 1884.93 1881.278 1877.608 1873.938 1870.268 1868.957 1871.316 1873.675 1876.034 1878.393 1878.724 1878.671 1878.617 1878.563 1877.84
1585.554 1589.488 1593.421 1599.37 1607.79 1616.21 1624.63 1633.05 1647.217 1662.034 1676.85 1691.666 1705.945 1719.218 1732.49 1745.762 1759.034 1769.632 1779.55 1789.468 1799.386 1808.89 1817.127 1825.363 1833.6 1841.837 1848.691 1854.94 1861.189 1867.438 1873.445 1878.028 1882.61 1887.193 1891.775 1894.466 1895.865 1897.263 1898.662 1900.0 1900.0 1900.0 1900.0 1900.0 1898.958 1896.843 1894.729 1892.614 1890.499 1888.394 1886.29 1884.185 1882.081 1881.353 1882.766 1884.179 1885.593 1887.006 1886.876 1886.454 1886.031 1885.609 1884.55
1583.952 1587.563 1591.174 1597.068 1605.761 1614.454 1623.147 1631.839 1647.248 1663.416 1679.584 1695.752 1711.117 1724.977 1738.837 1752.697 1766.557 1776.629 1785.737 1794.845 1803.953 1812.583 1819.75 1826.918 1834.086 1841.253 1847.223 1852.669 1858.115 1863.561 1868.902 1873.627 1878.351 1883.076 1887.801 1890.867 1892.799 1894.732 1896.664 1898.526 1898.822 1899.118 1899.414 1899.711 1899.277 1898.092 1896.908 1895.723 1894.538 1893.516 1892.503 1891.49 1890.477 1890.152 1890.894 1891.637 1892.38 1893.122 1892.716 1892.091 1891.466 1890.841 1889.63
1585.706 1589.173 1592.64 1598.792 1608.239 1617.685 1627.131 1636.577 1652.38 1668.901 1685.421 1701.942 1717.267 1730.352 1743.437 1756.523 1769.608 1778.926 1787.286 1795.646 1804.006 1811.863 1818.181 1824.499 1830.817 1837.135 1842.326 1847.024 1851.721 1856.419 1861.106 1865.729 1870.353 1874.976 1879.599 1883.157 1885.987 1888.817 1891.648 1894.404 1895.528 1896.653 1897.777 1898.901 1899.072 1898.262 1897.451 1896.641 1895.83 1895.055 1894.283 1893.511 1892.738 1892.49 1893.056 1893.623 1894.189 1894.755 1894.401 1893.873 1893.344 1892.815 1891.784
1587.46 1590.783 1594.105 1600.517 1610.717 1620.916 1631.116 1641.316 1657.511 1674.385 1691.258 1708.131 1723.417 1735.728 1748.038 1760.348 1772.659 1781.224 1788.836 1796.447 1804.059 1811.143 1816.612 1822.08 1827.548 1833.016 1837.428 1841.378 1845.328 1849.278 1853.31 1857.832 1862.354 1866.875 1871.397 1875.447 1879.175 1882.903 1886.631 1890.282 1892.234 1894.187 1896.14 1898.092 1898.868 1898.431 1897.995 1897.558 1897.121 1896.595 1896.063 1895.531 1895.0 1894.828 1895.218 1895.608 1895.998 1896.388 1896.087 1895.655 1895.222 1894.79 1893.939
1589.214 1592.392 1595.57 1602.241 1613.195 1624.147 1635.101 1646.054 1662.643 1679.869 1697.094 1714.321 1729.567 1741.103 1752.638 1764.174 1775.709 1783.521 1790.385 1797.249 1804.113 1810.423 1815.042 1819.661 1824.28 1828.898 1832.531 1835.733 1838.934 1842.136 1845.514 1849.935 1854.355 1858.775 1863.195 1867.737 1872.363 1876.989 1881.614 1886.16 1888.941 1891.721 1894.502 1897.283 1898.663 1898.6 1898.538 1898.475 1898.413 1898.135 1897.843 1897.552 1897.26 1897.167 1897.38 1897.594 1897.808 1898.021 1897.773 1897.436 1897.1 1896.764 1896.093
1590.968 1594.002 1597.036 1603.966 1615.673 1627.379 1639.085 1650.792 1667.774 1685.353 1702.931 1720.51 1735.717 1746.478 1757.239 1768.0 1778.76 1785.818 1791.934 1798.05 1804.166 1809.703 1813.473 1817.242 1821.011 1824.78 1827.634 1830.088 1832.541 1834.995 1837.719 1842.037 1846.356 1850.675 1854.993 1860.028 1865.551 1871.074 1876.598 1882.038 1885.647 1889.256 1892.865 1896.474 1898.458 1898.77 1899.081 1899.393 1899.704 1899.674 1899.623 1899.572 1899.521 1899.505 1899.542 1899.58 1899.617 1899.654 1899.458 1899.218 1898.978 1898.738 1898.247
1597.922 1599.96 1601.999 1608.085 1619.134 1630.183 1641.232 1652.28 1668.003 1684.253 1700.504 1716.754 1730.924 1741.192 1751.46 1761.729 1771.997 1778.963 1785.089 1791.215 1797.341 1802.797 1806.205 1809.613 1813.021 1816.429 1819.069 1821.373 1823.677 1825.98 1828.531 1832.542 1836.553 1840.564 1844.574 1849.792 1855.834 1861.876 1867.918 1873.906 1878.714 1883.522 1888.33 1893.138 1896.019 1896.915 1897.811 1898.707 1899.603 1899.726 1899.802 1899.878 1899.954 1900.0 1900.0 1900.0 1900.0 1900.0 1899.847 1899.665 1899.484 1899.302 1898.927
1606.271 1607.086 1607.901 1612.848 1622.86 1632.872 1642.884 1652.896 1666.915 1681.386 1695.857 1710.328 1723.192 1733.043 1742.895 1752.746 1762.597 1769.649 1775.989 1782.329 1788.668 1794.229 1797.407 1800.586 1803.764 1806.943 1809.52 1811.834 1814.148 1816.463 1818.97 1822.618 1826.265 1829.913 1833.56 1838.878 1845.337 1851.795 1858.254 1864.697 1870.804 1876.911 1883.017 1889.124 1892.979 1894.516 1896.053 1897.591 1899.128 1899.379 1899.551 1899.723 1899.895 1900.0 1900.0 1900.0 1900.0 1900.0 1899.888 1899.754 1899.62 1899.486 1899.21
1614.621 1614.212 1613.803 1617.611 1626.586 1635.562 1644.537 1653.512 1665.827 1678.518 1691.21 1703.901 1715.46 1724.895 1734.329 1743.764 1753.198 1760.336 1766.889 1773.443 1779.996 1785.661 1788.61 1791.558 1794.507 1797.456 1799.97 1802.295 1804.62 1806.945 1809.409 1812.694 1815.978 1819.262 1822.546 1827.964 1834.839 1841.715 1848.59 1855.489 1862.894 1870.299 1877.704 1885.109 1889.939 1892.118 1894.296 1896.475 1898.653 1899.032 1899.3 1899.569 1899.837 1900.0 1900.0 1900.0 1900.0 1900.0 1899.928 1899.842 1899.757 1899.671 1899.494
1622.971 1621.339 1619.706 1622.373 1630.312 1638.251 1646.19 1654.128 1664.739 1675.651 1686.563 1697.475 1707.728 1716.746 1725.763 1734.781 1743.799 1751.022 1757.789 1764.556 1771.323 1777.093 1779.812 1782.531 1785.25 1787.968 1790.421 1792.756 1795.092 1797.428 1799.848 1802.769 1805.69 1808.611 1811.531 1817.049 1824.342 1831.634 1838.927 1846.28 1854.984 1863.688 1872.391 1881.095 1886.899 1889.719 1892.539 1895.359 1898.178 1898.685 1899.049 1899.414 1899.778 1900.0 1900.0 1900.0 1900.0 1900.0 1899.968 1899.931 1899.893 1899.856 1899.778
1633.506 1630.448 1627.391 1628.685 1635.315 1641.944 1648.574 1655.203 1664.129 1673.315 1682.5 1691.685 1700.622 1709.094 1717.566 1726.039 1734.511 1741.604 1748.346 1755.088 1761.83 1767.548 1770.135 1772.721 1775.307 1777.893 1780.482 1783.071 1785.661 1788.251 1790.875 1793.702 1796.528 1799.355 1802.181 1807.869 1815.512 1823.154 1830.797 1838.529 1848.241 1857.953 1867.665 1877.377 1883.996 1887.431 1890.866 1894.302 1897.737 1898.363 1898.817 1899.27 1899.724 1900.0 1900.0 1900.0 1900.0 1900.0 1900.0 1900.0 1900.0 1900.0 1900.0
1651.834 1646.634 1641.434 1640.523 1644.871 1649.219 1653.567 1657.915 1665.227 1672.873 1680.52 1688.166 1695.75 1703.218 1710.685 1718.153 1725.62 1731.811 1737.677 1743.543 1749.409 1754.519 1757.319 1760.119 1762.919 1765.719 1769.153 1772.865 1776.577 1780.289 1783.998 1787.69 1791.382 1795.074 1798.766 1804.872 1812.627 1820.381 1828.136 1835.975 1845.66 1855.345 1865.031 1874.716 1881.579 1885.538 1889.497 1893.456 1897.415 1898.132 1898.65 1899.167 1899.685 1900.0 1900.0 1900.0 1900.0 1900.0 1900.0 1900.0 1900.0 1900.0 1900.0
1670.163 1662.82 1655.477 1652.361 1654.428 1656.494 1658.561 1660.627 1666.324 1672.432 1678.539 1684.647 1690.878 1697.341 1703.804 1710.267 1716.73 1722.019 1727.008 1731.998 1736.987 1741.49 1744.503 1747.517 1750.531 1753.544 1757.824 1762.658 1767.492 1772.326 1777.12 1781.678 1786.236 1790.793 1795.351 1801.875 1809.742 1817.609 1825.476 1833.42 1843.079 1852.737 1862.396 1872.054 1879.162 1883.645 1888.127 1892.61 1897.092 1897.9 1898.482 1899.064 1899.646 1900.0 1900.0 1900.0 1900.0 1900.0 1900.0 1900.0 1900.0 1900.0 1900.0
