data/zism_data/00865_01_D.txt
ncols         224
nrows         224
[rows 168 to 195 of 224, columns 63 to 125 of 224]
526.4366 506.436 486.4357 466.4351 449.6565 441.3571 433.0578 424.7584 416.4591 415.2339 416.6969 418.1599 419.6229 422.1838 429.9597 437.7357 445.5116 453.2875 466.3423 482.5888 498.8351 515.0816 530.7086 538.4044 546.1003 553.7961 561.4919 567.3374 571.4868 575.6361 579.7854 583.9347 585.6044 587.2001 588.7958 590.3915 589.7224 585.9294 582.1364 578.3434 574.5505 569.2095 563.6363 558.0631 552.4899 545.673 536.1989 526.7249 517.251 507.777 495.8442 483.1691 470.494 457.819 445.7994 436.1398 426.4802 416.8208 407.1612 404.9456 406.452 407.9584 409.4648
529.7817 510.0291 490.2769 470.5242 453.909 445.5504 437.1917 428.833 420.4744 419.1821 420.575 421.968 423.3609 426.0158 434.665 443.3143 451.9636 460.6129 474.0538 490.392 506.7299 523.0681 538.7527 546.0712 553.3896 560.7081 568.0266 573.0811 576.0606 579.0401 582.0195 584.999 585.8392 586.6154 587.3917 588.168 587.1506 583.6595 580.1685 576.6774 573.1863 568.3207 563.2489 558.1771 553.1052 547.0629 538.9474 530.8319 522.7166 514.601 503.5754 491.6713 479.7672 467.8631 456.1844 445.3172 434.45 423.583 412.7158 409.1775 409.3038 409.4301 409.5565
533.127 513.6223 494.118 474.6133 458.1615 449.7436 441.3256 432.9076 424.4897 423.1303 424.4532 425.776 427.0988 429.8477 439.3704 448.893 458.4156 467.9382 481.7654 498.1953 514.6248 531.0547 546.7969 553.738 560.679 567.6201 574.5611 578.8248 580.6345 582.4441 584.2537 586.0634 586.0739 586.0307 585.9875 585.9443 584.5789 581.3897 578.2006 575.0114 571.8223 567.4319 562.8615 558.291 553.7205 548.4529 541.6959 534.9389 528.1821 521.425 511.3067 500.1735 489.0404 477.9072 466.5694 454.4946 442.4198 430.3452 418.2704 413.4095 412.1557 410.9019 409.6481
536.472 517.2153 497.959 478.7023 462.4138 453.9366 445.4593 436.9821 428.5048 427.0783 428.3311 429.5839 430.8367 433.6796 444.0755 454.4715 464.8674 475.2634 489.4767 505.9982 522.5194 539.0409 554.8409 561.4045 567.9681 574.5318 581.0955 584.5684 585.2082 585.848 586.4878 587.1276 586.3086 585.446 584.5834 583.7208 582.0073 579.1199 576.2327 573.3455 570.4582 566.5432 562.4741 558.405 554.3358 549.8428 544.4443 539.0458 533.6473 528.2488 519.0377 508.6754 498.3132 487.951 476.954 463.6716 450.3893 437.1071 423.8247 417.6413 415.0074 412.3736 409.7397
539.8172 520.8085 501.8001 482.7915 466.6664 458.1298 449.5932 441.0567 432.5201 431.0265 432.2093 433.3919 434.5746 437.5115 448.7808 460.0501 471.3194 482.5887 497.1883 513.8015 530.4143 547.0275 562.8851 569.0714 575.2576 581.4438 587.63 590.3121 589.782 589.252 588.722 588.192 586.5433 584.8613 583.1793 581.4972 579.4355 576.8501 574.2648 571.6794 569.0941 565.6544 562.0867 558.5189 554.9511 551.2328 547.1928 543.1528 539.1129 535.0729 526.7689 517.1777 507.5864 497.9951 487.3389 472.849 458.359 443.8693 429.3793 421.8733 417.8593 413.8454 409.8314
536.6258 519.0672 501.5089 483.9503 468.9818 460.8293 452.6768 444.5243 436.3718 435.026 436.2666 437.5072 438.7478 441.9448 454.4348 466.9249 479.4149 491.9049 506.4518 522.2426 538.033 553.8236 568.8142 573.5626 578.3109 583.0593 587.8076 589.1416 587.3457 585.5499 583.754 581.9581 581.0793 580.2278 579.3763 578.5248 577.5729 576.4825 575.3921 574.3017 573.2112 570.8636 568.3274 565.7912 563.255 560.4203 556.9482 553.476 550.004 546.5318 537.9791 527.8927 517.8062 507.7198 496.4881 481.1333 465.7785 450.424 435.0692 426.4006 421.0751 415.7496 410.424
532.2614 516.3685 500.476 484.5832 470.9494 463.2606 455.5717 447.8828 440.194 439.0345 440.356 441.6774 442.999 446.4859 460.2589 474.032 487.805 501.578 515.9937 530.7978 545.6017 560.4059 574.3635 577.4837 580.6039 583.7241 586.8443 586.7302 583.6513 580.5724 577.4936 574.4147 574.5927 574.8679 575.143 575.4182 575.8377 576.4563 577.0749 577.6935 578.3121 577.1671 575.7576 574.3481 572.9385 571.0071 567.9609 564.9146 561.8684 558.8221 549.8134 539.0045 528.1956 517.3868 505.415 489.257 473.099 456.9413 440.7833 430.9807 424.356 417.7313 411.1066
527.8967 513.6697 499.443 485.2161 472.9171 465.6919 458.4667 451.2415 444.0163 443.0431 444.4455 445.8478 447.2502 451.0271 466.0832 481.1393 496.1954 511.2515 525.5358 539.3534 553.1708 566.9884 579.913 581.405 582.897 584.389 585.881 584.3187 579.9568 575.5948 571.233 566.871 568.1058 569.5077 570.9095 572.3115 574.1024 576.4301 578.7578 581.0854 583.4131 583.4708 583.188 582.9052 582.6224 581.5943 578.9739 576.3536 573.7333 571.1129 561.6479 550.1167 538.5854 527.0541 514.3423 497.3811 480.4198 463.4588 446.4975 435.5611 427.6371 419.7131 411.7892
523.5321 510.971 498.4101 485.849 474.8848 468.1233 461.3618 454.6002 447.8387 447.0517 448.535 450.0182 451.5015 455.5684 471.9075 488.2466 504.5858 520.9249 535.0779 547.909 560.7399 573.5709 585.4624 585.3262 585.19 585.0538 584.9176 581.9072 576.2623 570.6172 564.9724 559.3273 561.619 564.1475 566.6761 569.2047 572.3671 576.4039 580.4406 584.4773 588.5141 589.7745 590.6184 591.4623 592.3063 592.1815 589.987 587.7925 585.5981 583.4037 573.4826 561.2289 548.9752 536.7214 523.2697 505.5051 487.7406 469.9763 452.2118 440.1414 430.9182 421.695 412.4717
516.9903 505.514 494.038 482.5617 472.6084 466.6628 460.7172 454.7717 448.8261 448.8618 451.1702 453.4786 455.787 460.6908 477.9228 495.1548 512.3868 529.6188 543.3905 555.0701 566.7495 578.429 589.1348 587.3756 585.6165 583.8572 582.0981 577.8143 571.2162 564.6182 558.0203 551.4224 554.7853 558.4457 562.1061 565.7665 570.1568 575.5536 580.9504 586.3472 591.744 593.8282 595.4156 597.0029 598.5903 598.9788 596.8063 594.6339 592.4614 590.2889 580.0663 567.4133 554.7603 542.1073 528.2802 510.2263 492.1724 474.1189 456.065 443.3288 433.2516 423.1743 413.0971
505.7964 494.1638 482.5314 470.8988 461.2642 456.8874 452.5106 448.1339 443.757 445.9749 450.6987 455.4224 460.1461 467.0555 484.3467 501.638 518.9293 536.2205 549.0773 559.2527 569.428 579.6035 588.7974 585.4261 582.0549 578.6837 575.3126 570.1284 563.2824 556.4365 549.5906 542.7446 547.2102 552.0135 556.8168 561.6201 566.9312 572.9426 578.9541 584.9655 590.9769 593.0757 594.5875 596.0994 597.6113 597.6802 594.6667 591.6533 588.6398 585.6264 575.4323 563.0704 550.7086 538.3467 524.9232 507.678 490.4328 473.1879 455.9427 443.5407 433.5605 423.5803 413.6001
494.6025 482.8136 471.0249 459.236 449.92 447.112 444.304 441.496 438.688 443.0881 450.2272 457.3661 464.5052 473.4202 490.7707 508.1212 525.4717 542.8223 554.764 563.4354 572.1066 580.778 588.46 583.4767 578.4935 573.5103 568.527 562.4425 555.3486 548.2546 541.1608 534.0669 539.6351 545.5812 551.5275 557.4737 563.7056 570.3317 576.9578 583.5837 590.2098 592.3231 593.7595 595.1959 596.6323 596.3817 592.5272 588.6727 584.8183 580.9638 570.7983 558.7276 546.6569 534.5861 521.5663 505.1297 488.6931 472.2569 455.8203 443.7526 433.8695 423.9863 414.1031
483.4086 471.4634 459.5183 447.5731 438.5758 437.3366 436.0974 434.8582 433.619 440.2013 449.7557 459.31 468.8644 479.7849 497.1947 514.6045 532.0142 549.424 560.4507 567.618 574.7852 581.9525 588.1225 581.5272 574.932 568.3367 561.7415 554.7567 547.4147 540.0729 532.7311 525.3892 532.0599 539.149 546.2381 553.3272 560.48 567.7207 574.9614 582.202 589.4427 591.5706 592.9315 594.2924 595.6533 595.0831 590.3876 585.6921 580.9967 576.3013 566.1644 554.3848 542.6052 530.8256 518.2094 502.5814 486.9535 471.3259 455.6979 443.9645 434.1784 424.3923 414.6062
472.2151 460.1136 448.0122 435.9106 427.2321 427.5616 427.8911 428.2206 428.5501 437.3145 449.2842 461.2537 473.2234 486.1494 503.6184 521.0875 538.5565 556.0255 566.1373 571.8005 577.4636 583.1269 587.785 579.5778 571.3706 563.1634 554.9562 547.071 539.4812 531.8914 524.3016 516.7117 524.485 532.717 540.949 549.1809 557.2546 565.1099 572.9651 580.8203 588.6756 590.818 592.1035 593.3889 594.6743 593.7846 588.2481 582.7117 577.1753 571.6389 561.5306 550.0421 538.5536 527.0651 514.8525 500.0332 485.2139 470.3949 455.5756 444.1764 434.4873 424.7983 415.1092
464.9471 453.3833 441.8196 430.2558 422.216 423.45 424.684 425.918 427.152 436.8543 449.7744 462.6943 475.6144 489.2219 506.0945 522.967 539.8397 556.7122 566.0732 570.8923 575.7114 580.5305 584.3948 576.0362 567.6776 559.3189 550.9603 543.5666 537.0573 530.5479 524.0387 517.5294 525.8567 534.6269 543.3971 552.1674 560.2762 567.4729 574.6696 581.8661 589.0627 590.065 590.1381 590.2111 590.2841 588.261 581.7601 575.2592 568.7583 562.2573 552.7084 542.2391 531.77 521.3008 510.2524 497.1189 483.9854 470.8522 457.7187 447.2102 438.0142 428.8181 419.6221
458.7237 447.8822 437.041 426.1995 418.8835 420.8453 422.8071 424.7689 426.7307 437.0396 450.5204 464.001 477.4818 491.4184 507.5201 523.6218 539.7234 555.8251 564.479 568.6296 572.7802 576.9308 580.1923 572.0709 563.9495 555.8281 547.7067 541.1746 536.0993 531.024 525.9488 520.8735 529.6088 538.7563 547.904 557.0516 564.9601 571.1593 577.3586 583.5577 589.757 589.3119 587.8701 586.4282 584.9863 581.6135 574.1151 566.6168 559.1187 551.6203 542.7718 533.5156 524.2595 515.0034 505.3215 494.1072 482.8929 471.6789 460.4646 450.9948 442.3972 433.7996 425.202
452.5004 442.3813 432.2624 422.1433 415.5512 418.2408 420.9303 423.6198 426.3094 437.225 451.2665 465.3077 479.3492 493.6149 508.9457 524.2764 539.6072 554.938 562.8849 566.3671 569.8492 573.3314 575.9899 568.1058 560.2216 552.3374 544.4532 538.7827 535.1414 531.5 527.8588 524.2174 533.3607 542.8857 552.4107 561.9357 569.6437 574.8456 580.0475 585.2493 590.4512 588.5588 585.6021 582.6454 579.6888 574.9661 566.4704 557.9748 549.4793 540.9836 532.8356 524.7924 516.7493 508.7061 500.3908 491.0957 481.8005 472.5055 463.2104 454.7792 446.78 438.7808 430.7816
446.2769 436.8802 427.4837 418.087 412.2188 415.6361 419.0534 422.4707 425.8881 437.4104 452.0125 466.6144 481.2166 495.8114 510.3713 524.9312 539.491 554.0509 561.2906 564.1044 566.918 569.7317 571.7874 564.1405 556.4935 548.8466 541.1996 536.3907 534.1834 531.9761 529.7688 527.5615 537.1128 547.0152 556.9175 566.8199 574.3276 578.532 582.7366 586.941 591.1455 587.8057 583.3341 578.8625 574.391 568.3184 558.8254 549.3324 539.8396 530.3466 522.899 516.0689 509.2388 502.4087 495.46 488.084 480.708 473.3322 465.9562 458.5637 451.163 443.7622 436.3615
443.7804 434.8375 425.8948 416.9519 411.4979 415.2253 418.9526 422.68 426.4074 437.9669 452.5024 467.0378 481.5733 495.97 509.7069 523.4438 537.1808 550.9177 557.6481 560.1422 562.6361 565.1301 566.9335 559.8965 552.8594 545.8224 538.7854 534.9966 534.1853 533.374 532.5627 531.7515 541.2126 550.9805 560.7484 570.5162 577.4899 580.6098 583.7297 586.8495 589.9695 585.3653 579.6025 573.8397 568.0769 560.9538 550.9247 540.8957 530.8668 520.8378 514.2139 508.6179 503.0219 497.426 491.8316 486.2426 480.6536 475.0648 469.4758 463.0357 456.1701 449.3045 442.4389
451.8432 442.593 433.343 424.0928 418.1756 421.0297 423.8838 426.7379 429.5919 439.5749 452.2666 464.9582 477.65 490.3547 503.1213 515.8879 528.6545 541.4211 548.2025 551.365 554.5274 557.6898 560.2339 554.8629 549.4917 544.1206 538.7495 536.4296 536.9067 537.3838 537.8609 538.338 546.2975 554.4805 562.6635 570.8464 576.3417 578.1299 579.9182 581.7064 583.4947 578.1449 571.7244 565.304 558.8835 551.5582 542.3 533.0419 523.7839 514.5257 509.0743 504.7723 500.4702 496.1682 491.8934 487.7169 483.5403 479.3638 475.1873 469.4552 462.9454 456.4356 449.9258
459.9062 450.3487 440.7914 431.2339 424.8536 426.8344 428.8151 430.7958 432.7766 441.1829 452.0308 462.8785 473.7265 484.7393 496.5356 508.3318 520.1281 531.9243 538.7566 542.5875 546.4184 550.2493 553.5342 549.829 546.1238 542.4186 538.7135 537.8626 539.6282 541.3937 543.1592 544.9247 551.3826 557.9806 564.5786 571.1766 575.1934 575.65 576.1065 576.5631 577.0197 570.9243 563.8461 556.7679 549.6898 542.1623 533.675 525.1877 516.7006 508.2133 503.9347 500.9266 497.9185 494.9104 491.9553 489.1912 486.4271 483.663 480.8989 475.8749 469.7209 463.567 457.413
467.9692 458.1045 448.2399 438.3751 431.5316 432.639 433.7464 434.8538 435.9612 442.7909 451.795 460.7989 469.8029 479.1239 489.9497 500.7756 511.6015 522.4274 529.3107 533.8101 538.3094 542.8088 546.8345 544.7952 542.756 540.7167 538.6776 539.2957 542.3496 545.4036 548.4575 551.5115 556.4677 561.4807 566.4938 571.5068 574.0451 573.17 572.2949 571.4197 570.5446 563.7037 555.9678 548.2319 540.496 532.7664 525.05 517.3336 509.6174 501.901 498.795 497.0809 495.3667 493.6526 492.0172 490.6655 489.3139 487.9622 486.6106 482.2946 476.4965 470.6983 464.9001
476.0323 465.8602 455.6883 445.5163 438.2096 438.4437 438.6777 438.9118 439.1459 444.3989 451.5591 458.7192 465.8795 473.5084 483.364 493.2195 503.075 512.9305 519.8647 525.0327 530.2004 535.3683 540.1348 539.7615 539.3882 539.0148 538.6415 540.7286 545.071 549.4135 553.7558 558.0982 561.5528 564.9809 568.4089 571.837 572.8968 570.69 568.4832 566.2764 564.0696 556.483 548.0895 539.6959 531.3022 523.3704 516.4249 509.4795 502.5341 495.5887 493.6554 493.2351 492.8149 492.3947 492.0791 492.1399 492.2007 492.2614 492.3222 488.7143 483.272 477.8297 472.3873
489.4481 478.3848 467.3217 456.2585 448.0764 447.4766 446.8767 446.2769 445.6772 450.1794 456.6204 463.0612 469.5022 476.349 485.1237 493.8984 502.6731 511.4478 517.8528 522.8251 527.7973 532.7696 537.3718 537.236 537.1002 536.9644 536.8286 538.5569 541.994 545.4311 548.8681 552.3052 553.9992 555.6411 557.2831 558.925 558.7247 555.9833 553.2419 550.5005 547.7592 540.8965 533.4155 525.9346 518.4536 511.6144 506.1461 500.6778 495.2096 489.7412 488.9048 489.4668 490.0288 490.5908 491.0952 491.3926 491.69 491.9875 492.2849 488.3091 482.1967 476.0844 469.972
504.8254 492.6569 480.4887 468.3203 459.1117 457.6924 456.2732 454.8539 453.4347 457.4886 463.6222 469.7558 475.8894 482.2874 489.9407 497.594 505.2474 512.9008 518.5641 523.0242 527.4843 531.9444 536.0508 535.6293 535.2077 534.7861 534.3646 535.0646 536.7927 538.5208 540.2489 541.977 541.8154 541.5975 541.3795 541.1615 539.781 536.797 533.813 530.829 527.845 522.2446 516.2515 510.2585 504.2655 498.9933 495.2609 491.5285 487.7962 484.0638 484.2967 485.7267 487.1566 488.5866 489.7282 489.8315 489.9349 490.0382 490.1415 485.4038 478.2456 471.0873 463.9291
520.2026 506.929 493.6557 480.382 470.147 467.9083 465.6696 463.4309 461.1922 464.7977 470.6241 476.4503 482.2766 488.2257 494.7577 501.2897 507.8217 514.3537 519.2753 523.2233 527.1712 531.1192 534.7298 534.0225 533.3152 532.6078 531.9006 531.5723 531.5914 531.6105 531.6296 531.6488 529.6317 527.5538 525.4759 523.398 520.8373 517.6107 514.3841 511.1575 507.9309 503.5926 499.0876 494.5825 490.0774 486.3722 484.3757 482.3793 480.3828 478.3864 479.6885 481.9865 484.2845 486.5825 488.3612 488.2704 488.1797 488.0889 487.9982 482.4986 474.2944 466.0903 457.8862
535.5794 521.2007 506.8222 492.4434 481.1819 478.1238 475.0657 472.0075 468.9494 472.1067 477.6257 483.1446 488.6636 494.1638 499.5745 504.9852 510.3959 515.8066 519.9866 523.4224 526.8582 530.294 533.4089 532.4158 531.4228 530.4297 529.4366 528.0801 526.3903 524.7005 523.0107 521.321 517.4484 513.5106 509.5729 505.6351 501.8943 498.4251 494.9559 491.4867 488.0175 484.9413 481.9242 478.907 475.8898 473.7516 473.4909 473.2303 472.9697 472.7091 475.0805 478.2465 481.4125 484.5785 486.9943 486.7094 486.4246 486.1397 485.8549 479.5934 470.3434 461.0935 451.8435
549.3504 534.1093 518.8685 503.6274 491.634 488.1874 484.7408 481.2942 477.8476 480.8432 486.2868 491.7303 497.1739 502.3916 506.5366 510.6816 514.8265 518.9716 522.3111 525.1636 528.0162 530.8688 533.4102 531.9683 530.5266 529.0847 527.6429 525.2354 521.9427 518.6501 515.3575 512.0649 506.6224 501.1157 495.6089 490.1022 485.2929 481.4454 477.598 473.7505 469.9031 467.7966 465.9512 464.1059 462.2605 461.393 462.6146 463.8361 465.0576 466.2791 469.4686 473.2521 477.0356 480.8191 483.6743 483.1877 482.7011 482.2146 481.728 474.9871 465.119 455.2509 445.3827
