data/zism_data/00866_01_D.txt
ncols         224
nrows         224
[rows 112 to 139 of 224, columns 0 to 63 of 224]
1593.662 1593.443 1593.223 1593.003 1593.0 1593.0 1593.0 1593.0 1592.904 1592.685 1592.465 1592.245 1592.026 1592.0 1592.0 1592.0 1592.0 1591.927 1591.707 1591.487 1591.267 1591.048 1591.0 1591.0 1591.0 1591.0 1590.983 1590.91 1590.837 1590.763 1590.69 1590.567 1590.42 1590.274 1590.127 1589.991 1589.926 1589.86 1589.794 1589.728 1589.611 1589.458 1589.303 1589.15 1589.0 1589.0 1589.0 1589.0 1589.0 1588.927 1588.775 1588.622 1588.47 1588.317 1588.281 1588.254 1588.227 1588.2 1588.184 1588.184 1588.184 1588.184 1588.184 1588.184
1593.662 1593.443 1593.223 1593.003 1593.0 1593.0 1593.0 1593.0 1592.904 1592.685 1592.465 1592.245 1592.026 1592.0 1592.0 1592.0 1592.0 1591.927 1591.707 1591.487 1591.267 1591.048 1591.0 1591.0 1591.0 1591.0 1590.983 1590.91 1590.837 1590.763 1590.69 1590.567 1590.42 1590.274 1590.127 1589.996 1589.962 1589.928 1589.895 1589.861 1589.739 1589.553 1589.367 1589.181 1589.0 1589.0 1589.0 1589.0 1589.0 1588.94 1588.814 1588.688 1588.563 1588.437 1588.393 1588.355 1588.318 1588.28 1588.257 1588.257 1588.257 1588.257 1588.257 1588.257
1593.662 1593.443 1593.223 1593.003 1593.0 1593.0 1593.0 1593.0 1592.904 1592.685 1592.465 1592.245 1592.026 1592.0 1592.0 1592.0 1592.0 1591.927 1591.707 1591.487 1591.267 1591.048 1591.0 1591.0 1591.0 1591.0 1590.983 1590.91 1590.837 1590.763 1590.69 1590.567 1590.42 1590.274 1590.127 1590.0 1589.998 1589.996 1589.995 1589.993 1589.866 1589.648 1589.43 1589.212 1589.0 1589.0 1589.0 1589.0 1589.0 1588.953 1588.854 1588.755 1588.656 1588.557 1588.505 1588.456 1588.408 1588.36 1588.329 1588.329 1588.329 1588.329 1588.329 1588.329
1593.571 1593.381 1593.192 1593.003 1593.0 1593.0 1593.0 1593.0 1592.904 1592.685 1592.465 1592.245 1592.026 1592.0 1592.0 1592.0 1592.0 1591.927 1591.707 1591.487 1591.267 1591.048 1591.0 1591.0 1591.0 1591.0 1590.983 1590.91 1590.837 1590.763 1590.69 1590.567 1590.42 1590.274 1590.127 1590.0 1590.0 1590.0 1590.0 1590.0 1589.873 1589.653 1589.433 1589.213 1589.0 1589.0 1589.0 1589.0 1589.0 1588.963 1588.886 1588.808 1588.731 1588.653 1588.612 1588.573 1588.535 1588.496 1588.472 1588.472 1588.472 1588.472 1588.472 1588.472
1593.474 1593.317 1593.16 1593.002 1593.0 1593.0 1593.0 1593.0 1592.904 1592.685 1592.465 1592.245 1592.026 1592.0 1592.0 1592.0 1592.0 1591.927 1591.707 1591.487 1591.267 1591.048 1591.0 1591.0 1591.0 1591.0 1590.983 1590.91 1590.837 1590.763 1590.69 1590.567 1590.42 1590.274 1590.127 1590.0 1590.0 1590.0 1590.0 1590.0 1589.873 1589.653 1589.433 1589.213 1589.0 1589.0 1589.0 1589.0 1589.0 1588.973 1588.917 1588.861 1588.805 1588.749 1588.719 1588.691 1588.663 1588.635 1588.618 1588.618 1588.618 1588.618 1588.618 1588.618
1593.377 1593.252 1593.127 1593.002 1593.0 1593.0 1593.0 1593.0 1592.904 1592.685 1592.465 1592.245 1592.026 1592.0 1592.0 1592.0 1592.0 1591.927 1591.707 1591.487 1591.267 1591.048 1591.0 1591.0 1591.0 1591.0 1590.983 1590.91 1590.837 1590.763 1590.69 1590.567 1590.42 1590.274 1590.127 1590.0 1590.0 1590.0 1590.0 1590.0 1589.873 1589.653 1589.433 1589.213 1589.0 1589.0 1589.0 1589.0 1589.0 1588.983 1588.949 1588.914 1588.88 1588.845 1588.826 1588.809 1588.792 1588.774 1588.764 1588.764 1588.764 1588.764 1588.764 1588.764
1593.281 1593.188 1593.094 1593.001 1593.0 1593.0 1593.0 1593.0 1592.904 1592.685 1592.465 1592.245 1592.026 1592.0 1592.0 1592.0 1592.0 1591.927 1591.707 1591.487 1591.267 1591.048 1591.0 1591.0 1591.0 1591.0 1590.983 1590.91 1590.837 1590.763 1590.69 1590.567 1590.42 1590.274 1590.127 1590.0 1590.0 1590.0 1590.0 1590.0 1589.873 1589.653 1589.433 1589.213 1589.0 1589.0 1589.0 1589.0 1589.0 1588.994 1588.98 1588.967 1588.954 1588.941 1588.933 1588.927 1588.92 1588.914 1588.909 1588.909 1588.909 1588.909 1588.909 1588.909
1593.221 1593.148 1593.074 1593.001 1593.0 1593.0 1593.0 1593.0 1592.904 1592.685 1592.465 1592.245 1592.026 1592.0 1592.0 1592.0 1592.0 1591.927 1591.707 1591.487 1591.267 1591.048 1591.0 1591.0 1591.0 1591.0 1590.984 1590.917 1590.85 1590.783 1590.716 1590.59 1590.438 1590.285 1590.133 1590.0 1590.0 1590.0 1590.0 1590.0 1589.882 1589.678 1589.475 1589.271 1589.073 1589.057 1589.041 1589.025 1589.008 1589.0 1589.0 1589.0 1589.0 1589.0 1589.0 1589.0 1589.0 1589.0 1589.0 1589.0 1589.0 1589.0 1589.0 1589.007
1593.221 1593.148 1593.074 1593.001 1593.0 1593.0 1593.0 1593.0 1592.904 1592.685 1592.465 1592.245 1592.026 1592.0 1592.0 1592.0 1592.0 1591.927 1591.707 1591.487 1591.267 1591.048 1591.0 1591.0 1591.0 1591.0 1590.988 1590.937 1590.886 1590.835 1590.784 1590.652 1590.484 1590.315 1590.147 1590.0 1590.0 1590.0 1590.0 1590.0 1589.907 1589.746 1589.585 1589.424 1589.267 1589.208 1589.149 1589.09 1589.031 1589.0 1589.0 1589.0 1589.0 1589.0 1589.0 1589.0 1589.0 1589.0 1589.0 1589.0 1589.0 1589.0 1589.0 1589.024
1593.221 1593.148 1593.074 1593.001 1593.0 1593.0 1593.0 1593.0 1592.904 1592.685 1592.465 1592.245 1592.026 1592.0 1592.0 1592.0 1592.0 1591.927 1591.707 1591.487 1591.267 1591.048 1591.0 1591.0 1591.0 1591.0 1590.992 1590.957 1590.922 1590.887 1590.851 1590.714 1590.53 1590.345 1590.161 1590.0 1590.0 1590.0 1590.0 1590.0 1589.932 1589.814 1589.696 1589.578 1589.46 1589.358 1589.256 1589.155 1589.053 1589.0 1589.0 1589.0 1589.0 1589.0 1589.0 1589.0 1589.0 1589.0 1589.0 1589.0 1589.0 1589.0 1589.0 1589.042
1593.221 1593.148 1593.074 1593.001 1593.0 1593.0 1593.0 1593.0 1592.904 1592.685 1592.465 1592.245 1592.026 1592.0 1592.0 1592.0 1592.0 1591.927 1591.707 1591.487 1591.267 1591.048 1591.0 1591.0 1591.0 1591.0 1590.996 1590.977 1590.957 1590.938 1590.919 1590.776 1590.576 1590.375 1590.174 1590.0 1590.0 1590.0 1590.0 1590.0 1589.956 1589.881 1589.806 1589.731 1589.653 1589.509 1589.364 1589.22 1589.075 1589.0 1589.0 1589.0 1589.0 1589.0 1589.0 1589.0 1589.0 1589.0 1589.0 1589.0 1589.0 1589.0 1589.0 1589.06
1593.221 1593.148 1593.074 1593.001 1593.0 1593.0 1593.0 1593.0 1592.904 1592.685 1592.465 1592.245 1592.026 1592.0 1592.0 1592.0 1592.0 1591.927 1591.707 1591.487 1591.267 1591.048 1591.0 1591.0 1591.0 1591.0 1590.999 1590.996 1590.993 1590.99 1590.987 1590.839 1590.622 1590.405 1590.188 1590.0 1590.0 1590.0 1590.0 1590.0 1589.981 1589.949 1589.916 1589.884 1589.847 1589.659 1589.472 1589.285 1589.098 1589.0 1589.0 1589.0 1589.0 1589.0 1589.0 1589.0 1589.0 1589.0 1589.0 1589.0 1589.0 1589.0 1589.0 1589.077
1593.208 1593.139 1593.07 1593.001 1593.0 1593.0 1593.0 1593.0 1592.904 1592.685 1592.465 1592.245 1592.026 1592.0 1592.0 1592.0 1592.0 1591.94 1591.759 1591.578 1591.397 1591.217 1591.147 1591.108 1591.069 1591.03 1591.0 1591.0 1591.0 1591.0 1591.0 1590.85 1590.631 1590.411 1590.191 1590.0 1590.0 1590.0 1590.0 1590.0 1589.988 1589.968 1589.948 1589.928 1589.904 1589.743 1589.583 1589.422 1589.261 1589.177 1589.177 1589.177 1589.177 1589.177 1589.177 1589.177 1589.177 1589.177 1589.177 1589.177 1589.177 1589.177 1589.177 1589.244
1593.192 1593.128 1593.064 1593.001 1593.0 1593.0 1593.0 1593.0 1592.904 1592.685 1592.465 1592.245 1592.026 1592.0 1592.0 1592.0 1592.0 1591.956 1591.823 1591.69 1591.558 1591.425 1591.328 1591.241 1591.154 1591.067 1591.0 1591.0 1591.0 1591.0 1591.0 1590.85 1590.631 1590.411 1590.191 1590.0 1590.0 1590.0 1590.0 1590.0 1589.991 1589.977 1589.962 1589.947 1589.93 1589.812 1589.694 1589.576 1589.458 1589.396 1589.396 1589.396 1589.396 1589.396 1589.396 1589.396 1589.396 1589.396 1589.396 1589.396 1589.396 1589.396 1589.396 1589.445
1593.176 1593.117 1593.059 1593.001 1593.0 1593.0 1593.0 1593.0 1592.904 1592.685 1592.465 1592.245 1592.026 1592.0 1592.0 1592.0 1592.0 1591.972 1591.887 1591.803 1591.718 1591.633 1591.509 1591.374 1591.239 1591.104 1591.0 1591.0 1591.0 1591.0 1591.0 1590.85 1590.631 1590.411 1590.191 1590.0 1590.0 1590.0 1590.0 1590.0 1589.995 1589.985 1589.976 1589.966 1589.955 1589.88 1589.805 1589.729 1589.654 1589.615 1589.615 1589.615 1589.615 1589.615 1589.615 1589.615 1589.615 1589.615 1589.615 1589.615 1589.615 1589.615 1589.615 1589.646
1593.159 1593.107 1593.054 1593.001 1593.0 1593.0 1593.0 1593.0 1592.904 1592.685 1592.465 1592.245 1592.026 1592.0 1592.0 1592.0 1592.0 1591.988 1591.951 1591.915 1591.878 1591.842 1591.69 1591.507 1591.324 1591.141 1591.0 1591.0 1591.0 1591.0 1591.0 1590.85 1590.631 1590.411 1590.191 1590.0 1590.0 1590.0 1590.0 1590.0 1589.998 1589.994 1589.99 1589.985 1589.981 1589.948 1589.916 1589.883 1589.851 1589.834 1589.834 1589.834 1589.834 1589.834 1589.834 1589.834 1589.834 1589.834 1589.834 1589.834 1589.834 1589.834 1589.834 1589.847
1593.14 1593.093 1593.047 1593.001 1593.0 1593.0 1593.0 1593.0 1592.904 1592.685 1592.465 1592.245 1592.026 1592.0 1592.0 1592.0 1592.0 1592.0 1592.0 1592.0 1592.0 1592.0 1591.828 1591.608 1591.389 1591.169 1591.0 1591.0 1591.0 1591.0 1591.0 1590.85 1590.631 1590.411 1590.191 1590.0 1590.0 1590.0 1590.0 1590.0 1590.0 1590.0 1590.0 1590.0 1590.0 1590.0 1590.0 1590.0 1590.0 1590.0 1590.0 1590.0 1590.0 1590.0 1590.0 1590.0 1590.0 1590.0 1590.0 1590.0 1590.0 1590.0 1590.0 1590.0
1593.107 1593.072 1593.036 1593.0 1593.0 1593.0 1593.0 1593.0 1592.904 1592.685 1592.465 1592.245 1592.026 1592.0 1592.0 1592.0 1592.0 1592.0 1592.0 1592.0 1592.0 1592.0 1591.828 1591.608 1591.389 1591.169 1591.0 1591.0 1591.0 1591.0 1591.0 1590.85 1590.631 1590.411 1590.191 1590.0 1590.0 1590.0 1590.0 1590.0 1590.0 1590.0 1590.0 1590.0 1590.0 1590.0 1590.0 1590.0 1590.0 1590.0 1590.0 1590.0 1590.0 1590.0 1590.0 1590.0 1590.0 1590.0 1590.0 1590.0 1590.0 1590.0 1590.0 1590.0
1593.075 1593.05 1593.025 1593.0 1593.0 1593.0 1593.0 1593.0 1592.904 1592.685 1592.465 1592.245 1592.026 1592.0 1592.0 1592.0 1592.0 1592.0 1592.0 1592.0 1592.0 1592.0 1591.828 1591.608 1591.389 1591.169 1591.0 1591.0 1591.0 1591.0 1591.0 1590.85 1590.631 1590.411 1590.191 1590.0 1590.0 1590.0 1590.0 1590.0 1590.0 1590.0 1590.0 1590.0 1590.0 1590.0 1590.0 1590.0 1590.0 1590.0 1590.0 1590.0 1590.0 1590.0 1590.0 1590.0 1590.0 1590.0 1590.0 1590.0 1590.0 1590.0 1590.0 1590.0
1593.043 1593.029 1593.014 1593.0 1593.0 1593.0 1593.0 1593.0 1592.904 1592.685 1592.465 1592.245 1592.026 1592.0 1592.0 1592.0 1592.0 1592.0 1592.0 1592.0 1592.0 1592.0 1591.828 1591.608 1591.389 1591.169 1591.0 1591.0 1591.0 1591.0 1591.0 1590.85 1590.631 1590.411 1590.191 1590.0 1590.0 1590.0 1590.0 1590.0 1590.0 1590.0 1590.0 1590.0 1590.0 1590.0 1590.0 1590.0 1590.0 1590.0 1590.0 1590.0 1590.0 1590.0 1590.0 1590.0 1590.0 1590.0 1590.0 1590.0 1590.0 1590.0 1590.0 1590.0
1593.011 1593.007 1593.004 1593.0 1593.0 1593.0 1593.0 1593.0 1592.904 1592.685 1592.465 1592.245 1592.026 1592.0 1592.0 1592.0 1592.0 1592.0 1592.0 1592.0 1592.0 1592.0 1591.828 1591.608 1591.389 1591.169 1591.0 1591.0 1591.0 1591.0 1591.0 1590.85 1590.631 1590.411 1590.191 1590.0 1590.0 1590.0 1590.0 1590.0 1590.0 1590.0 1590.0 1590.0 1590.0 1590.0 1590.0 1590.0 1590.0 1590.0 1590.0 1590.0 1590.0 1590.0 1590.0 1590.0 1590.0 1590.0 1590.0 1590.0 1590.0 1590.0 1590.0 1590.0
1593.0 1593.0 1593.0 1593.0 1593.0 1593.0 1593.0 1593.0 1592.904 1592.685 1592.465 1592.245 1592.026 1592.0 1592.0 1592.0 1592.0 1592.0 1592.0 1592.0 1592.0 1592.0 1591.828 1591.608 1591.389 1591.169 1591.0 1591.0 1591.0 1591.0 1591.0 1590.872 1590.685 1590.497 1590.31 1590.146 1590.135 1590.124 1590.113 1590.103 1590.098 1590.098 1590.098 1590.098 1590.098 1590.098 1590.098 1590.098 1590.098 1590.098 1590.098 1590.098 1590.098 1590.098 1590.108 1590.119 1590.13 1590.14 1590.147 1590.147 1590.147 1590.147 1590.147 1590.147
1593.0 1593.0 1593.0 1593.0 1593.0 1593.0 1593.0 1593.0 1592.904 1592.685 1592.465 1592.245 1592.026 1592.0 1592.0 1592.0 1592.0 1592.0 1592.0 1592.0 1592.0 1592.0 1591.828 1591.608 1591.389 1591.169 1591.0 1591.0 1591.0 1591.0 1591.0 1590.905 1590.766 1590.626 1590.487 1590.362 1590.336 1590.309 1590.282 1590.255 1590.244 1590.244 1590.244 1590.244 1590.244 1590.244 1590.244 1590.244 1590.244 1590.244 1590.244 1590.244 1590.244 1590.244 1590.269 1590.296 1590.322 1590.349 1590.366 1590.366 1590.366 1590.366 1590.366 1590.366
1593.0 1593.0 1593.0 1593.0 1593.0 1593.0 1593.0 1593.0 1592.904 1592.685 1592.465 1592.245 1592.026 1592.0 1592.0 1592.0 1592.0 1592.0 1592.0 1592.0 1592.0 1592.0 1591.828 1591.608 1591.389 1591.169 1591.0 1591.0 1591.0 1591.0 1591.0 1590.938 1590.847 1590.755 1590.664 1590.579 1590.536 1590.493 1590.451 1590.408 1590.39 1590.39 1590.39 1590.39 1590.39 1590.39 1590.39 1590.39 1590.39 1590.39 1590.39 1590.39 1590.39 1590.39 1590.43 1590.472 1590.515 1590.558 1590.585 1590.585 1590.585 1590.585 1590.585 1590.585
1593.0 1593.0 1593.0 1593.0 1593.0 1593.0 1593.0 1593.0 1592.904 1592.685 1592.465 1592.245 1592.026 1592.0 1592.0 1592.0 1592.0 1592.0 1592.0 1592.0 1592.0 1592.0 1591.828 1591.608 1591.389 1591.169 1591.0 1591.0 1591.0 1591.0 1591.0 1590.971 1590.927 1590.884 1590.841 1590.796 1590.737 1590.678 1590.619 1590.56 1590.536 1590.536 1590.536 1590.536 1590.536 1590.536 1590.536 1590.536 1590.536 1590.536 1590.536 1590.536 1590.536 1590.536 1590.59 1590.649 1590.708 1590.767 1590.803 1590.803 1590.803 1590.803 1590.803 1590.803
1593.0 1593.0 1593.0 1593.0 1593.0 1593.0 1593.0 1593.0 1592.904 1592.685 1592.465 1592.245 1592.026 1592.0 1592.0 1592.0 1592.0 1592.0 1592.0 1592.0 1592.0 1592.0 1591.828 1591.609 1591.39 1591.171 1591.002 1591.002 1591.001 1591.001 1591.0 1591.0 1591.0 1591.0 1591.0 1590.991 1590.919 1590.848 1590.776 1590.704 1590.674 1590.674 1590.674 1590.674 1590.674 1590.674 1590.674 1590.674 1590.674 1590.674 1590.674 1590.674 1590.674 1590.674 1590.741 1590.812 1590.884 1590.955 1591.0 1591.0 1591.0 1591.0 1591.0 1591.0
1593.0 1593.0 1593.0 1593.0 1593.0 1593.0 1593.0 1593.0 1592.904 1592.685 1592.465 1592.245 1592.026 1592.0 1592.0 1592.0 1592.0 1592.0 1592.0 1592.0 1592.0 1592.0 1591.833 1591.619 1591.405 1591.191 1591.025 1591.02 1591.014 1591.008 1591.002 1591.0 1591.0 1591.0 1591.0 1590.993 1590.937 1590.882 1590.826 1590.771 1590.747 1590.747 1590.747 1590.747 1590.747 1590.747 1590.747 1590.747 1590.747 1590.747 1590.747 1590.747 1590.747 1590.747 1590.799 1590.854 1590.91 1590.965 1591.0 1591.0 1591.0 1591.0 1591.0 1591.0
1593.0 1593.0 1593.0 1593.0 1593.0 1593.0 1593.0 1593.0 1592.904 1592.685 1592.465 1592.245 1592.026 1592.0 1592.0 1592.0 1592.0 1592.0 1592.0 1592.0 1592.0 1592.0 1591.837 1591.628 1591.42 1591.211 1591.048 1591.037 1591.026 1591.015 1591.004 1591.0 1591.0 1591.0 1591.0 1590.995 1590.955 1590.916 1590.876 1590.837 1590.82 1590.82 1590.82 1590.82 1590.82 1590.82 1590.82 1590.82 1590.82 1590.82 1590.82 1590.82 1590.82 1590.82 1590.857 1590.896 1590.936 1590.975 1591.0 1591.0 1591.0 1591.0 1591.0 1591.0
