data/zism_data/00865_04_D.txt
ncols         224
nrows         224
[rows 168 to 195 of 224, columns 63 to 125 of 224]
362.6274 352.5356 342.4434 332.3515 325.728 320.3289 314.9297 309.5307 305.7695 309.0635 312.3575 315.6517 318.9457 323.4254 328.5786 333.732 338.8851 343.7817 345.9825 348.1834 350.3843 352.5851 350.4512 344.5685 338.6856 332.8029 326.9199 321.5183 316.1238 310.7291 305.3346 299.5006 293.0957 286.6906 280.2858 273.8807 266.9986 260.0539 253.1089 246.1642 240.533 237.5295 234.5258 231.5222 228.5186 225.2704 221.9544 218.6382 215.3221 212.2421 209.9441 207.646 205.3481 203.05 201.9705 201.4612 200.952 200.4428 200.0 200.0 200.0 200.0 200.0
364.748 354.9688 345.1893 335.4102 328.2865 322.1003 315.914 309.7279 305.0627 306.9498 308.8368 310.7238 312.6108 315.8622 319.8886 323.9152 327.9416 331.7864 333.7231 335.6598 337.5965 339.5332 337.7798 332.8351 327.8902 322.9455 318.0006 314.536 311.0931 307.6501 304.2072 300.5265 296.5367 292.5468 288.557 284.5671 278.4416 272.036 265.6302 259.2246 253.6994 249.9357 246.1719 242.4081 238.6443 234.5685 230.4061 226.2435 222.0811 218.1009 214.7247 211.3484 207.9723 204.596 202.9928 202.2193 201.4459 200.6725 200.0 200.0 200.0 200.0 200.0
366.8686 357.4021 347.9353 338.4688 330.8449 323.8717 316.8983 309.9251 304.356 304.836 305.316 305.796 306.276 308.299 311.1986 314.0984 316.998 319.791 321.4636 323.1361 324.8087 326.4813 325.1084 321.1017 317.0948 313.0881 309.0812 307.5536 306.0624 304.5711 303.0799 301.5523 299.9777 298.4029 296.8283 295.2536 289.8846 284.0182 278.1515 272.285 266.8659 262.342 257.8179 253.294 248.77 243.8666 238.8578 233.8488 228.84 223.9597 219.5053 215.0508 210.5965 206.142 204.015 202.9774 201.9398 200.9023 200.0 200.0 200.0 200.0 200.0
373.0246 363.7397 354.4545 345.1696 336.897 328.9821 321.0668 313.1519 306.5638 305.6927 304.8215 303.9503 303.0792 304.201 306.4551 308.7094 310.9636 313.1788 314.9847 316.7906 318.5965 320.4024 319.4561 316.1295 312.8029 309.4764 306.1497 306.0894 306.0771 306.0648 306.0525 306.269 306.7828 307.2967 307.8105 308.3244 303.3456 297.6465 291.9473 286.2482 280.6744 275.3517 270.0288 264.7061 259.3831 253.8791 248.3248 242.7702 237.2159 231.6803 226.208 220.7354 215.2631 209.7906 206.9132 205.2504 203.5877 201.925 200.4653 200.3601 200.2548 200.1495 200.0443
385.2704 375.9693 366.6679 357.3669 348.2214 339.1312 330.0407 320.9505 313.1699 311.0319 308.8939 306.7558 304.6177 305.3321 307.6671 310.0022 312.3372 314.6901 317.2292 319.7682 322.3073 324.8464 324.3962 321.3608 318.3253 315.2899 312.2543 312.9527 313.706 314.4593 315.2125 316.5555 318.6651 320.7747 322.8842 324.9938 319.8521 313.7596 307.6667 301.5742 295.4523 289.2723 283.0922 276.9123 270.7321 264.9701 259.3241 253.6779 248.0319 242.2109 235.8113 229.4116 223.012 216.6122 212.6423 209.8096 206.977 204.1444 201.633 201.2635 200.8941 200.5247 200.1553
397.5162 388.199 378.8814 369.5641 359.5457 349.2803 339.0145 328.7491 319.776 316.3711 312.9662 309.5612 306.1563 306.4632 308.8791 311.2951 313.711 316.2014 319.4736 322.7458 326.0181 329.2903 329.3363 326.592 323.8476 321.1033 318.3589 319.816 321.3348 322.8537 324.3725 326.842 330.5473 334.2527 337.9579 341.6633 336.3586 329.8726 323.3862 316.9001 310.2301 303.193 296.1556 289.1185 282.0811 276.061 270.3233 264.5855 258.8478 252.7415 245.4147 238.0877 230.7609 223.4339 218.3715 214.3688 210.3663 206.3638 202.8006 202.167 201.5334 200.8999 200.2663
409.7621 400.4286 391.0948 381.7614 370.8701 359.4295 347.9884 336.5478 326.3821 321.7104 317.0386 312.3667 307.6949 307.5943 310.0911 312.5879 315.0847 317.7127 321.7181 325.7234 329.729 333.7343 334.2764 331.8233 329.37 326.9168 324.4635 326.6793 328.9637 331.2482 333.5326 337.1286 342.4295 347.7307 353.0316 358.3327 352.8652 345.9856 339.1057 332.2261 325.008 317.1136 309.2191 301.3247 293.4301 287.1519 281.3226 275.4931 269.6638 263.2721 255.0181 246.7638 238.5098 230.2555 224.1006 218.928 213.7556 208.5832 203.9682 203.0705 202.1727 201.275 200.3773
422.0079 412.6583 403.3083 393.9587 382.1945 369.5786 356.9623 344.3464 332.9882 327.0496 321.111 315.1721 309.2335 308.7254 311.3031 313.8808 316.4584 319.2241 323.9626 328.7011 333.4398 338.1783 339.2166 337.0545 334.8924 332.7303 330.5681 333.5426 336.5926 339.6426 342.6926 347.4151 354.3118 361.2086 368.1053 375.0021 369.3717 362.0986 354.8252 347.5521 339.7859 331.0343 322.2825 313.5309 304.7791 298.2428 292.3219 286.4008 280.4798 273.8027 264.6215 255.4399 246.2587 237.0772 229.8297 223.4872 217.1449 210.8026 205.1358 203.974 202.8121 201.6502 200.4883
431.715 421.7538 411.7923 401.8312 389.8912 377.2533 364.6149 351.977 340.523 334.1707 327.8184 321.4659 315.1135 314.7463 317.7799 320.8135 323.847 327.0935 332.5746 338.0556 343.5368 349.0179 350.5265 348.5992 346.672 344.7448 342.8175 345.2285 347.7032 350.178 352.6527 356.6331 362.5706 368.5084 374.4459 380.3836 375.3923 368.9679 362.5432 356.1188 349.1953 341.2742 333.3529 325.4318 317.5105 311.2115 305.3629 299.5143 293.6657 286.9216 277.2116 267.5013 257.7913 248.081 239.9638 232.592 225.2205 217.8489 211.1273 208.7403 206.3532 203.9663 201.5792
441.0414 430.3794 419.7171 409.0551 397.0438 384.5568 372.0695 359.5825 348.1972 341.5592 334.9211 328.2829 321.6449 321.5008 325.0464 328.5923 332.1379 335.9168 342.1418 348.3667 354.5919 360.8169 362.7919 361.0911 359.3903 357.6895 355.9886 357.6378 359.3362 361.0346 362.7329 365.6909 370.2861 374.8815 379.4767 384.0721 379.8402 374.4508 369.0612 363.6718 357.7995 350.9621 344.1245 337.287 330.4494 324.4619 318.7104 312.9587 307.2072 300.4289 290.2498 280.0705 269.8915 259.7122 250.7588 242.3788 233.999 225.6193 217.8424 214.0861 210.3297 206.5735 202.8171
450.3679 439.005 427.6418 416.2789 404.1964 391.8604 379.524 367.188 355.8714 348.9477 342.0239 335.0999 328.1762 328.2552 332.313 336.371 340.4288 344.74 351.7089 358.6778 365.647 372.6159 375.0574 373.583 372.1086 370.6342 369.1598 370.0471 370.9691 371.8912 372.8132 374.7487 378.0016 381.2546 384.5075 387.7605 384.288 379.9337 375.5791 371.2248 366.4038 360.65 354.8961 349.1423 343.3883 337.7123 332.0578 326.4032 320.7487 313.9361 303.2881 292.6398 281.9918 271.3434 261.5537 252.1655 242.7776 233.3897 224.5574 219.4319 214.3062 209.1807 204.055
459.6943 447.6306 435.5665 423.5028 411.349 399.164 386.9785 374.7935 363.5456 356.3361 349.1267 341.917 334.7075 335.0096 339.5796 344.1497 348.7198 353.5633 361.2761 368.989 376.7021 384.4149 387.3228 386.0749 384.8268 383.5789 382.3309 382.4564 382.6021 382.7478 382.8934 383.8065 385.7171 387.6277 389.5383 391.4489 388.7359 385.4165 382.0971 378.7777 375.008 370.3379 365.6676 360.9975 356.3272 350.9627 345.4053 339.8477 334.2903 327.4434 316.3264 305.209 294.092 282.9746 272.3487 261.9522 251.5562 241.1601 231.2725 224.7777 218.2827 211.7879 205.2929
463.1755 450.9838 438.7917 426.6 414.8365 403.2248 391.6126 380.0008 369.2563 362.2495 355.2427 348.2357 341.2289 341.671 346.3456 351.0203 355.6949 360.6441 368.4748 376.3055 384.1364 391.9672 395.0836 394.1227 393.1617 392.2007 391.2397 390.9228 390.6153 390.3078 390.0003 390.2396 391.1897 392.1399 393.0901 394.0403 391.9946 389.556 387.1174 384.6789 381.8258 378.1438 374.4617 370.7798 367.0977 362.1331 356.8122 351.4912 346.1703 339.4705 328.204 316.937 305.6705 294.4036 283.3871 272.4875 261.5882 250.6889 240.2263 232.678 225.1295 217.5812 210.0326
455.3393 444.1288 432.9179 421.7074 411.228 401.007 390.7857 380.5648 371.1654 365.3069 359.4484 353.5897 347.7311 348.1527 352.1426 356.1326 360.1225 364.3514 371.0877 377.8241 384.5607 391.2971 394.1228 393.5662 393.0095 392.4529 391.8962 391.7551 391.6201 391.4852 391.3502 391.5909 392.32 393.0492 393.7783 394.5075 392.9509 391.0945 389.2382 387.3818 385.1847 382.306 379.4272 376.5486 373.6698 369.2764 364.4623 359.648 354.8339 348.6321 337.8346 327.0367 316.2391 305.4412 294.8975 284.4723 274.0474 263.6225 253.5148 245.5245 237.5339 229.5435 221.5529
447.503 437.2737 427.0441 416.8148 407.6194 398.7893 389.9589 381.1288 373.0746 368.3643 363.6541 358.9437 354.2334 354.6344 357.9396 361.2449 364.5501 368.0587 373.7007 379.3427 384.985 390.627 393.162 393.0097 392.8574 392.705 392.5527 392.5875 392.625 392.6626 392.7001 392.9423 393.4503 393.9585 394.4666 394.9747 393.9072 392.6331 391.3589 390.0848 388.5435 386.4682 384.3927 382.3174 380.2419 376.4197 372.1124 367.8048 363.4975 357.7937 347.4651 337.1363 326.8077 316.4788 306.4078 296.457 286.5066 276.5562 266.8034 258.371 249.9382 241.5058 233.0731
439.6668 430.4187 421.1703 411.9222 404.0108 396.5715 389.132 381.6927 374.9838 371.4218 367.8598 364.2977 360.7357 361.1161 363.7366 366.3572 368.9778 371.766 376.3137 380.8614 385.4092 389.957 392.2012 392.4532 392.7052 392.9572 393.2091 393.4198 393.6299 393.84 394.05 394.2936 394.5807 394.8678 395.1548 395.4419 394.8635 394.1716 393.4797 392.7878 391.9024 390.6304 389.3582 388.0862 386.8141 383.5631 379.7625 375.9617 372.161 366.9553 357.0957 347.2359 337.3763 327.5164 317.9182 308.4418 298.9658 289.4898 280.0919 271.2174 262.3426 253.4681 244.5933
431.8306 423.5637 415.2965 407.0296 400.4022 394.3538 388.3051 382.2567 376.8929 374.4792 372.0655 369.6517 367.2379 367.5978 369.5337 371.4696 373.4054 375.4733 378.9267 382.38 385.8335 389.2869 391.2404 391.8967 392.553 393.2093 393.8656 394.2522 394.6348 395.0174 395.4 395.6449 395.711 395.777 395.8431 395.9091 395.8198 395.7101 395.6004 395.4907 395.2613 394.7925 394.3238 393.855 393.3862 390.7064 387.4125 384.1185 380.8246 376.1168 366.7263 357.3354 347.9449 338.5541 329.4285 320.4266 311.425 302.4235 293.3805 284.0639 274.747 265.4305 256.1136
424.9243 417.9273 410.9302 403.9333 398.5844 393.8174 389.0503 384.2833 380.1966 379.0405 377.8843 376.7282 375.5721 376.4031 378.3631 380.3231 382.2831 384.2935 386.8319 389.3703 391.9088 394.4472 395.6958 395.8289 395.9619 396.095 396.2281 396.5485 396.8717 397.1949 397.5181 397.7095 397.7296 397.7496 397.7696 397.7897 397.4825 397.1325 396.7825 396.4325 395.8395 394.7608 393.6819 392.6032 391.5244 388.1978 384.2468 380.2957 376.3448 371.4369 363.3597 355.2823 347.2052 339.1278 331.3582 323.7321 316.1063 308.4805 300.8056 292.8058 284.8058 276.806 268.8059
418.2338 412.5739 406.9138 401.2539 397.1823 393.6714 390.1604 386.6495 383.8239 383.9508 384.0778 384.2047 384.3316 385.7478 387.8965 390.0453 392.1939 394.3006 395.9657 397.6308 399.296 400.9611 401.4086 400.8031 400.1976 399.592 398.9865 399.1847 399.3947 399.6047 399.8146 399.9397 399.9543 399.969 399.9836 399.9983 399.3093 398.528 397.7467 396.9654 395.7722 393.7554 391.7385 389.7216 387.7047 383.4485 378.5703 373.692 368.8138 363.5437 356.976 350.4081 343.8404 337.2725 331.0638 325.0228 318.982 312.9413 306.8698 300.5951 294.3201 288.0454 281.7705
411.5433 407.2204 402.8974 398.5746 395.7802 393.5253 391.2704 389.0156 387.4513 388.8612 390.2712 391.6812 393.0911 395.0925 397.4299 399.7674 402.1048 404.3078 405.0995 405.8913 406.6831 407.4749 407.1213 405.7773 404.4332 403.0891 401.745 401.8209 401.9177 402.0144 402.1112 402.1699 402.1791 402.1884 402.1977 402.2069 401.136 399.9235 398.7109 397.4984 395.705 392.75 389.795 386.84 383.885 378.6992 372.8939 367.0883 361.2829 355.6505 350.5923 345.5338 340.4756 335.4172 330.7693 326.3135 321.8578 317.402 312.9339 308.3843 303.8345 299.2849 294.7351
404.8528 401.8669 398.881 395.8952 394.3781 393.3793 392.3805 391.3818 391.0786 393.7716 396.4646 399.1577 401.8506 404.4373 406.9633 409.4895 412.0156 414.3149 414.2334 414.1518 414.0703 413.9887 412.8341 410.7515 408.6688 406.5862 404.5035 404.4571 404.4406 404.4242 404.4077 404.4001 404.4039 404.4078 404.4117 404.4155 402.9627 401.3189 399.6751 398.0313 395.6377 391.7447 387.8515 383.9585 380.0653 373.95 367.2173 360.4845 353.7519 347.7574 344.2085 340.6596 337.1108 333.5618 330.4749 327.6042 324.7335 321.8628 318.998 316.1735 313.3488 310.5243 307.6996
399.9861 398.2139 396.4416 394.6694 394.4874 394.8666 395.2458 395.625 396.6711 400.5892 404.5073 408.4256 412.3437 415.5849 418.4414 421.298 424.1544 426.7096 426.1006 425.4915 424.8824 424.2734 422.6186 420.0595 417.5003 414.9412 412.382 412.1555 411.9633 411.7712 411.579 411.3949 411.2212 411.0475 410.8739 410.7002 408.4428 405.9122 403.3815 400.851 397.3726 391.9991 386.6254 381.2519 375.8782 368.7738 361.1886 353.6031 346.018 339.6744 337.4446 335.2147 332.9849 330.755 329.1268 327.7801 326.4335 325.0869 323.7553 322.5233 321.2912 320.0592 318.8271
399.7489 398.8771 398.0052 397.1334 398.4334 400.4999 402.5666 404.6331 407.2518 412.248 417.2444 422.2408 427.2371 431.3091 434.8556 438.4023 441.9488 445.1645 444.9059 444.6472 444.3886 444.13 442.7389 440.3684 437.9979 435.6275 433.2569 432.7038 432.1774 431.651 431.1246 430.4843 429.6961 428.9078 428.1196 427.3313 423.1965 418.6228 414.0489 409.4752 403.6823 395.4514 387.2203 378.9895 370.7583 362.5139 354.2657 346.0172 337.7689 331.1098 329.7156 328.3213 326.927 325.5327 325.1037 325.1265 325.1493 325.1721 325.195 325.219 325.2431 325.2672 325.2912
399.5117 399.5403 399.5688 399.5973 402.3795 406.1333 409.8874 413.6413 417.8326 423.907 429.9815 436.0562 442.1306 447.0333 451.27 455.5067 459.7433 463.6196 463.7114 463.8032 463.895 463.9867 462.8593 460.6776 458.4957 456.314 454.1321 453.2523 452.3917 451.531 450.6703 449.5739 448.1711 446.7682 445.3654 443.9626 437.9502 431.3334 424.7164 418.0995 409.992 398.9038 387.8152 376.7271 365.6385 356.254 347.3427 338.4311 329.5198 322.5452 321.9865 321.4278 320.8691 320.3105 321.0806 322.4728 323.865 325.2571 326.6347 327.9149 329.195 330.4751 331.7553
399.2746 400.2035 401.1324 402.0612 406.3255 411.7668 417.2082 422.6494 428.4133 435.566 442.7186 449.8715 457.0242 462.7576 467.6843 472.6112 477.5379 482.0747 482.5169 482.9591 483.4013 483.8434 482.9797 480.9867 478.9935 477.0004 475.0073 473.8008 472.6059 471.4109 470.216 468.6635 466.6461 464.6287 462.6113 460.5939 452.704 444.0441 435.3838 426.7239 416.3017 402.3562 388.4102 374.4646 360.5186 349.994 340.4197 330.8451 321.2707 313.9805 314.2574 314.5343 314.8113 315.0882 317.0576 319.8192 322.5807 325.3422 328.0745 330.6107 333.1469 335.6831 338.2194
399.0374 400.8667 402.696 404.5252 410.2715 417.4001 424.529 431.6576 438.9941 447.2249 455.4557 463.6869 471.9177 478.4818 484.0986 489.7156 495.3324 500.5298 501.3224 502.115 502.9076 503.7002 503.1002 501.2958 499.4913 497.6869 495.8825 494.3493 492.8201 491.2909 489.7617 487.753 485.1211 482.4891 479.8572 477.2252 467.4578 456.7547 446.0513 435.3482 422.6115 405.8086 389.0051 372.2022 355.3987 343.7341 333.4967 323.259 313.0216 305.4158 306.5284 307.6409 308.7534 309.8659 313.0345 317.1655 321.2964 325.4273 329.5142 333.3065 337.0988 340.8911 344.6835
401.2392 404.3832 407.5273 410.6714 417.8517 426.4564 435.0613 443.666 452.2529 460.7615 469.2702 477.7791 486.2878 493.2683 499.3802 505.4922 511.604 517.291 518.5153 519.7395 520.9638 522.188 521.8393 520.1301 518.4209 516.7118 515.0026 512.6649 510.3179 507.9709 505.624 502.5114 498.4036 494.2957 490.1879 486.08 475.7001 464.4977 453.2949 442.0925 428.9317 411.8555 394.7787 377.7025 360.6257 348.1475 336.9464 325.7449 314.5438 306.2276 307.4688 308.71 309.9511 311.1923 314.8254 319.5783 324.331 329.0837 333.785 338.1427 342.5005 346.8582 351.216
404.2383 408.8326 413.427 418.0212 426.6199 436.6315 446.6436 456.6552 466.3871 474.9119 483.4367 491.9618 500.4866 507.748 514.2912 520.8345 527.3777 533.4983 535.1807 536.8632 538.5457 540.2282 540.1266 538.4822 536.8377 535.1932 533.5487 530.2503 526.9276 523.6047 520.2819 515.8536 509.9884 504.123 498.2578 492.3925 481.8136 470.6165 459.4191 448.2221 435.2554 418.7507 402.2454 385.7406 369.2353 356.0501 343.787 331.5234 319.2603 310.1046 311.2433 312.3821 313.5208 314.6596 318.5171 323.6474 328.7774 333.9075 338.9813 343.6786 348.3761 353.0734 357.7708
