data/zism_data/00866_03_D.txt
ncols         224
nrows         224
[rows 120 to 149 of 224, columns 132 to 197 of 224]
1595.046 1595.075 1595.104 1595.136 1595.326 1595.517 1595.707 1595.898 1596.0 1596.0 1596.0 1596.0 1596.0 1596.0 1596.0 1596.0 1596.0 1596.051 1596.193 1596.334 1596.476 1596.618 1596.708 1596.786 1596.864 1596.942 1597.038 1597.185 1597.331 1597.478 1597.624 1597.719 1597.792 1597.865 1597.938 1598.0 1598.0 1598.0 1598.0 1598.0 1598.113 1598.299 1598.484 1598.67 1598.847 1598.881 1598.915 1598.949 1598.983 1599.0 1599.0 1599.0 1599.0 1599.0 1599.0 1599.0 1599.0 1599.0 1599.0 1599.0 1599.0 1599.0 1599.0 1599.0 1599.0 1599.0
1595.096 1595.157 1595.219 1595.281 1595.44 1595.598 1595.757 1595.915 1596.0 1596.0 1596.0 1596.0 1596.0 1596.0 1596.0 1596.0 1596.0 1596.059 1596.222 1596.385 1596.548 1596.711 1596.788 1596.844 1596.901 1596.958 1597.038 1597.185 1597.331 1597.478 1597.624 1597.719 1597.792 1597.865 1597.938 1598.0 1598.0 1598.0 1598.0 1598.0 1598.106 1598.281 1598.456 1598.631 1598.798 1598.843 1598.888 1598.933 1598.978 1599.0 1599.0 1599.0 1599.0 1599.0 1599.0 1599.0 1599.0 1599.0 1599.0 1599.0 1599.0 1599.0 1599.0 1599.0 1599.0 1599.0
1595.146 1595.24 1595.333 1595.427 1595.553 1595.679 1595.806 1595.932 1596.0 1596.0 1596.0 1596.0 1596.0 1596.0 1596.0 1596.0 1596.0 1596.067 1596.251 1596.435 1596.62 1596.804 1596.868 1596.903 1596.938 1596.974 1597.038 1597.185 1597.331 1597.478 1597.624 1597.719 1597.792 1597.865 1597.938 1598.0 1598.0 1598.0 1598.0 1598.0 1598.1 1598.264 1598.428 1598.593 1598.75 1598.806 1598.862 1598.917 1598.973 1599.0 1599.0 1599.0 1599.0 1599.0 1599.0 1599.0 1599.0 1599.0 1599.0 1599.0 1599.0 1599.0 1599.0 1599.0 1599.0 1599.0
1595.196 1595.322 1595.447 1595.572 1595.667 1595.761 1595.855 1595.949 1596.0 1596.0 1596.0 1596.0 1596.0 1596.0 1596.0 1596.0 1596.0 1596.075 1596.28 1596.486 1596.692 1596.897 1596.948 1596.962 1596.976 1596.99 1597.038 1597.185 1597.331 1597.478 1597.624 1597.719 1597.792 1597.865 1597.938 1598.0 1598.0 1598.0 1598.0 1598.0 1598.093 1598.247 1598.401 1598.554 1598.702 1598.769 1598.835 1598.901 1598.967 1599.0 1599.0 1599.0 1599.0 1599.0 1599.0 1599.0 1599.0 1599.0 1599.0 1599.0 1599.0 1599.0 1599.0 1599.0 1599.0 1599.0
1595.229 1595.376 1595.522 1595.668 1595.741 1595.814 1595.887 1595.961 1596.0 1596.0 1596.0 1596.0 1596.0 1596.01 1596.021 1596.032 1596.043 1596.126 1596.334 1596.543 1596.752 1596.961 1597.0 1597.0 1597.0 1597.0 1597.039 1597.189 1597.339 1597.49 1597.64 1597.733 1597.802 1597.872 1597.942 1598.002 1598.013 1598.024 1598.035 1598.046 1598.136 1598.277 1598.418 1598.559 1598.696 1598.763 1598.831 1598.899 1598.967 1599.0 1599.0 1599.0 1599.0 1599.0 1599.0 1599.0 1599.0 1599.0 1599.0 1599.0 1599.0 1599.0 1599.0 1599.0 1599.0 1599.0
1595.229 1595.376 1595.522 1595.668 1595.741 1595.814 1595.887 1595.961 1596.0 1596.0 1596.0 1596.0 1596.0 1596.039 1596.082 1596.125 1596.168 1596.26 1596.437 1596.613 1596.79 1596.967 1597.0 1597.0 1597.0 1597.0 1597.042 1597.203 1597.364 1597.525 1597.685 1597.774 1597.833 1597.892 1597.95 1598.007 1598.05 1598.093 1598.136 1598.179 1598.272 1598.397 1598.522 1598.647 1598.768 1598.819 1598.871 1598.923 1598.974 1599.0 1599.0 1599.0 1599.0 1599.0 1599.0 1599.0 1599.0 1599.0 1599.0 1599.0 1599.0 1599.0 1599.0 1599.0 1599.0 1599.0
1595.229 1595.376 1595.522 1595.668 1595.741 1595.814 1595.887 1595.961 1596.0 1596.0 1596.0 1596.0 1596.0 1596.069 1596.144 1596.219 1596.294 1596.394 1596.539 1596.683 1596.828 1596.973 1597.0 1597.0 1597.0 1597.0 1597.045 1597.216 1597.388 1597.559 1597.731 1597.815 1597.863 1597.911 1597.959 1598.012 1598.087 1598.162 1598.237 1598.313 1598.408 1598.517 1598.626 1598.735 1598.84 1598.875 1598.911 1598.947 1598.982 1599.0 1599.0 1599.0 1599.0 1599.0 1599.0 1599.0 1599.0 1599.0 1599.0 1599.0 1599.0 1599.0 1599.0 1599.0 1599.0 1599.0
1595.229 1595.376 1595.522 1595.668 1595.741 1595.814 1595.887 1595.961 1596.0 1596.0 1596.0 1596.0 1596.0 1596.098 1596.205 1596.312 1596.419 1596.529 1596.641 1596.754 1596.866 1596.979 1597.0 1597.0 1597.0 1597.0 1597.047 1597.23 1597.412 1597.594 1597.776 1597.856 1597.893 1597.931 1597.969 1598.017 1598.124 1598.231 1598.339 1598.446 1598.544 1598.637 1598.73 1598.823 1598.912 1598.931 1598.951 1598.971 1598.99 1599.0 1599.0 1599.0 1599.0 1599.0 1599.0 1599.0 1599.0 1599.0 1599.0 1599.0 1599.0 1599.0 1599.0 1599.0 1599.0 1599.0
1595.229 1595.376 1595.522 1595.668 1595.741 1595.814 1595.887 1595.961 1596.0 1596.0 1596.0 1596.0 1596.0 1596.127 1596.266 1596.406 1596.545 1596.663 1596.743 1596.824 1596.904 1596.985 1597.0 1597.0 1597.0 1597.0 1597.05 1597.243 1597.436 1597.629 1597.822 1597.897 1597.924 1597.951 1597.977 1598.022 1598.161 1598.301 1598.44 1598.579 1598.681 1598.757 1598.834 1598.911 1598.984 1598.987 1598.991 1598.995 1598.998 1599.0 1599.0 1599.0 1599.0 1599.0 1599.0 1599.0 1599.0 1599.0 1599.0 1599.0 1599.0 1599.0 1599.0 1599.0 1599.0 1599.0
1595.229 1595.376 1595.522 1595.668 1595.741 1595.814 1595.887 1595.961 1596.0 1596.0 1596.0 1596.0 1596.0 1596.138 1596.288 1596.439 1596.589 1596.71 1596.78 1596.849 1596.918 1596.987 1597.03 1597.067 1597.105 1597.142 1597.212 1597.374 1597.536 1597.698 1597.861 1597.922 1597.942 1597.963 1597.983 1598.025 1598.184 1598.343 1598.502 1598.661 1598.76 1598.821 1598.882 1598.943 1599.0 1599.0 1599.0 1599.0 1599.0 1599.0 1599.0 1599.0 1599.0 1599.0 1599.0 1599.0 1599.0 1599.0 1599.0 1599.0 1599.0 1599.0 1599.0 1599.0 1599.0 1599.0
1595.229 1595.376 1595.522 1595.668 1595.741 1595.814 1595.887 1595.961 1596.0 1596.0 1596.0 1596.0 1596.0 1596.142 1596.298 1596.454 1596.61 1596.733 1596.797 1596.86 1596.924 1596.988 1597.069 1597.155 1597.24 1597.325 1597.419 1597.539 1597.658 1597.778 1597.897 1597.943 1597.958 1597.973 1597.987 1598.028 1598.203 1598.378 1598.553 1598.728 1598.823 1598.868 1598.913 1598.958 1599.0 1599.0 1599.0 1599.0 1599.0 1599.0 1599.0 1599.0 1599.0 1599.0 1599.0 1599.0 1599.0 1599.0 1599.0 1599.0 1599.0 1599.0 1599.0 1599.0 1599.0 1599.0
1595.229 1595.376 1595.522 1595.668 1595.741 1595.814 1595.887 1595.961 1596.0 1596.0 1596.0 1596.0 1596.0 1596.147 1596.309 1596.47 1596.631 1596.755 1596.814 1596.872 1596.931 1596.989 1597.108 1597.242 1597.375 1597.508 1597.627 1597.704 1597.781 1597.857 1597.934 1597.963 1597.973 1597.982 1597.992 1598.03 1598.221 1598.412 1598.603 1598.794 1598.887 1598.915 1598.944 1598.973 1599.0 1599.0 1599.0 1599.0 1599.0 1599.0 1599.0 1599.0 1599.0 1599.0 1599.0 1599.0 1599.0 1599.0 1599.0 1599.0 1599.0 1599.0 1599.0 1599.0 1599.0 1599.0
1595.229 1595.376 1595.522 1595.668 1595.741 1595.814 1595.887 1595.961 1596.0 1596.0 1596.0 1596.0 1596.0 1596.152 1596.319 1596.485 1596.652 1596.778 1596.831 1596.884 1596.937 1596.99 1597.147 1597.329 1597.51 1597.692 1597.835 1597.869 1597.903 1597.937 1597.971 1597.984 1597.988 1597.992 1597.996 1598.033 1598.24 1598.447 1598.654 1598.861 1598.95 1598.963 1598.975 1598.988 1599.0 1599.0 1599.0 1599.0 1599.0 1599.0 1599.0 1599.0 1599.0 1599.0 1599.0 1599.0 1599.0 1599.0 1599.0 1599.0 1599.0 1599.0 1599.0 1599.0 1599.0 1599.0
1595.229 1595.376 1595.522 1595.668 1595.741 1595.814 1595.887 1595.961 1596.0 1596.0 1596.0 1596.0 1596.0 1596.158 1596.331 1596.504 1596.677 1596.805 1596.851 1596.898 1596.945 1596.991 1597.178 1597.398 1597.618 1597.838 1598.0 1598.0 1598.0 1598.0 1598.0 1598.002 1598.006 1598.009 1598.012 1598.049 1598.266 1598.482 1598.699 1598.915 1599.0 1599.0 1599.0 1599.0 1599.0 1599.0 1599.0 1599.0 1599.0 1599.0 1599.0 1599.0 1599.0 1599.0 1599.0 1599.0 1599.0 1599.0 1599.0 1599.0 1599.0 1599.0 1599.0 1599.0 1599.0 1599.0
1595.229 1595.376 1595.522 1595.668 1595.741 1595.814 1595.887 1595.961 1596.0 1596.0 1596.0 1596.0 1596.0 1596.168 1596.352 1596.535 1596.719 1596.849 1596.885 1596.921 1596.957 1596.993 1597.178 1597.398 1597.618 1597.838 1598.0 1598.0 1598.0 1598.0 1598.0 1598.014 1598.033 1598.052 1598.072 1598.12 1598.32 1598.521 1598.721 1598.922 1599.0 1599.0 1599.0 1599.0 1599.0 1599.0 1599.0 1599.0 1599.0 1599.0 1599.0 1599.0 1599.0 1599.0 1599.0 1599.0 1599.0 1599.0 1599.0 1599.0 1599.0 1599.0 1599.0 1599.0 1599.0 1599.0
1595.229 1595.376 1595.522 1595.668 1595.741 1595.814 1595.887 1595.961 1596.0 1596.0 1596.0 1596.0 1596.0 1596.178 1596.372 1596.567 1596.761 1596.894 1596.919 1596.945 1596.97 1596.995 1597.178 1597.398 1597.618 1597.838 1598.0 1598.0 1598.0 1598.0 1598.0 1598.025 1598.06 1598.096 1598.131 1598.19 1598.375 1598.559 1598.743 1598.928 1599.0 1599.0 1599.0 1599.0 1599.0 1599.0 1599.0 1599.0 1599.0 1599.0 1599.0 1599.0 1599.0 1599.0 1599.0 1599.0 1599.0 1599.0 1599.0 1599.0 1599.0 1599.0 1599.0 1599.0 1599.0 1599.0
1595.229 1595.376 1595.522 1595.668 1595.741 1595.814 1595.887 1595.961 1596.0 1596.0 1596.0 1596.0 1596.0 1596.187 1596.392 1596.598 1596.803 1596.939 1596.953 1596.968 1596.983 1596.997 1597.178 1597.398 1597.618 1597.838 1598.0 1598.0 1598.0 1598.0 1598.0 1598.036 1598.088 1598.139 1598.191 1598.261 1598.429 1598.597 1598.766 1598.934 1599.0 1599.0 1599.0 1599.0 1599.0 1599.0 1599.0 1599.0 1599.0 1599.0 1599.0 1599.0 1599.0 1599.0 1599.0 1599.0 1599.0 1599.0 1599.0 1599.0 1599.0 1599.0 1599.0 1599.0 1599.0 1599.0
1595.229 1595.376 1595.522 1595.668 1595.741 1595.814 1595.887 1595.961 1596.0 1596.0 1596.0 1596.0 1596.0 1596.197 1596.413 1596.629 1596.845 1596.984 1596.988 1596.991 1596.995 1596.999 1597.178 1597.398 1597.618 1597.838 1598.0 1598.0 1598.0 1598.0 1598.0 1598.048 1598.115 1598.183 1598.25 1598.331 1598.483 1598.636 1598.788 1598.94 1599.0 1599.0 1599.0 1599.0 1599.0 1599.0 1599.0 1599.0 1599.0 1599.0 1599.0 1599.0 1599.0 1599.0 1599.0 1599.0 1599.0 1599.0 1599.0 1599.0 1599.0 1599.0 1599.0 1599.0 1599.0 1599.0
1595.229 1595.376 1595.522 1595.668 1595.741 1595.814 1595.887 1595.961 1596.0 1596.0 1596.0 1596.0 1596.0 1596.201 1596.42 1596.64 1596.86 1597.002 1597.009 1597.016 1597.023 1597.03 1597.204 1597.417 1597.63 1597.843 1598.0 1598.0 1598.0 1598.0 1598.0 1598.052 1598.125 1598.198 1598.272 1598.357 1598.503 1598.65 1598.796 1598.943 1599.0 1599.0 1599.0 1599.0 1599.0 1599.0 1599.0 1599.0 1599.0 1599.0 1599.0 1599.0 1599.0 1599.0 1599.0 1599.0 1599.0 1599.0 1599.0 1599.0 1599.0 1599.0 1599.0 1599.0 1599.0 1599.0
1595.229 1595.376 1595.522 1595.668 1595.741 1595.814 1595.887 1595.961 1596.0 1596.0 1596.0 1596.0 1596.0 1596.201 1596.42 1596.64 1596.86 1597.006 1597.024 1597.041 1597.059 1597.076 1597.244 1597.446 1597.648 1597.85 1598.0 1598.0 1598.0 1598.0 1598.0 1598.052 1598.125 1598.198 1598.272 1598.357 1598.503 1598.65 1598.796 1598.943 1599.0 1599.0 1599.0 1599.0 1599.0 1599.0 1599.0 1599.0 1599.0 1599.0 1599.0 1599.0 1599.0 1599.0 1599.0 1599.0 1599.0 1599.0 1599.0 1599.0 1599.0 1599.0 1599.0 1599.0 1599.0 1599.0
1595.229 1595.376 1595.522 1595.668 1595.741 1595.814 1595.887 1595.961 1596.0 1596.0 1596.0 1596.0 1596.0 1596.201 1596.42 1596.64 1596.86 1597.01 1597.038 1597.067 1597.095 1597.123 1597.284 1597.475 1597.667 1597.858 1598.0 1598.0 1598.0 1598.0 1598.0 1598.052 1598.125 1598.198 1598.272 1598.357 1598.503 1598.65 1598.796 1598.943 1599.0 1599.0 1599.0 1599.0 1599.0 1599.0 1599.0 1599.0 1599.0 1599.0 1599.0 1599.0 1599.0 1599.0 1599.0 1599.0 1599.0 1599.0 1599.0 1599.0 1599.0 1599.0 1599.0 1599.0 1599.0 1599.0
1595.229 1595.376 1595.522 1595.668 1595.741 1595.814 1595.887 1595.961 1596.0 1596.0 1596.0 1596.0 1596.0 1596.201 1596.42 1596.64 1596.86 1597.014 1597.053 1597.092 1597.131 1597.17 1597.324 1597.505 1597.685 1597.866 1598.0 1598.0 1598.0 1598.0 1598.0 1598.052 1598.125 1598.198 1598.272 1598.357 1598.503 1598.65 1598.796 1598.943 1599.0 1599.0 1599.0 1599.0 1599.0 1599.0 1599.0 1599.0 1599.0 1599.0 1599.0 1599.0 1599.0 1599.0 1599.0 1599.0 1599.0 1599.0 1599.0 1599.0 1599.0 1599.0 1599.0 1599.0 1599.0 1599.0
1595.229 1595.376 1595.522 1595.668 1595.741 1595.814 1595.887 1595.961 1596.0 1596.0 1596.0 1596.0 1596.0 1596.201 1596.42 1596.64 1596.86 1597.018 1597.067 1597.116 1597.165 1597.215 1597.362 1597.533 1597.703 1597.874 1598.0 1598.001 1598.002 1598.002 1598.003 1598.056 1598.131 1598.206 1598.28 1598.366 1598.51 1598.655 1598.799 1598.943 1599.0 1599.0 1599.0 1599.0 1599.0 1599.0 1599.0 1599.0 1599.0 1599.0 1599.0 1599.0 1599.0 1599.0 1599.0 1599.0 1599.0 1599.0 1599.0 1599.0 1599.0 1599.0 1599.0 1599.0 1599.0 1599.0
1595.229 1595.376 1595.522 1595.668 1595.741 1595.814 1595.887 1595.961 1596.0 1596.0 1596.0 1596.0 1596.0 1596.201 1596.42 1596.64 1596.86 1597.02 1597.074 1597.129 1597.183 1597.238 1597.382 1597.547 1597.713 1597.878 1598.003 1598.014 1598.026 1598.037 1598.048 1598.12 1598.216 1598.312 1598.408 1598.507 1598.619 1598.731 1598.844 1598.956 1599.0 1599.0 1599.0 1599.0 1599.0 1599.0 1599.0 1599.0 1599.0 1599.0 1599.0 1599.0 1599.0 1599.0 1599.0 1599.0 1599.0 1599.0 1599.0 1599.0 1599.0 1599.0 1599.0 1599.0 1599.0 1599.0
1595.229 1595.376 1595.522 1595.668 1595.741 1595.814 1595.887 1595.961 1596.0 1596.0 1596.0 1596.0 1596.0 1596.201 1596.42 1596.64 1596.86 1597.022 1597.082 1597.141 1597.201 1597.261 1597.402 1597.562 1597.722 1597.882 1598.006 1598.028 1598.05 1598.072 1598.094 1598.184 1598.301 1598.419 1598.536 1598.648 1598.728 1598.808 1598.888 1598.969 1599.0 1599.0 1599.0 1599.0 1599.0 1599.0 1599.0 1599.0 1599.0 1599.0 1599.0 1599.0 1599.0 1599.0 1599.0 1599.0 1599.0 1599.0 1599.0 1599.0 1599.0 1599.0 1599.0 1599.0 1599.0 1599.0
1595.229 1595.376 1595.522 1595.668 1595.741 1595.814 1595.887 1595.961 1596.0 1596.0 1596.0 1596.0 1596.0 1596.201 1596.42 1596.64 1596.86 1597.024 1597.089 1597.154 1597.219 1597.285 1597.422 1597.577 1597.731 1597.886 1598.009 1598.041 1598.074 1598.107 1598.14 1598.248 1598.386 1598.525 1598.664 1598.788 1598.837 1598.885 1598.933 1598.981 1599.0 1599.0 1599.0 1599.0 1599.0 1599.0 1599.0 1599.0 1599.0 1599.0 1599.0 1599.0 1599.0 1599.0 1599.0 1599.0 1599.0 1599.0 1599.0 1599.0 1599.0 1599.0 1599.0 1599.0 1599.0 1599.0
1595.229 1595.376 1595.522 1595.668 1595.741 1595.814 1595.887 1595.961 1596.0 1596.0 1596.0 1596.0 1596.0 1596.201 1596.42 1596.64 1596.86 1597.026 1597.096 1597.167 1597.237 1597.308 1597.442 1597.591 1597.741 1597.89 1598.011 1598.055 1598.098 1598.142 1598.185 1598.311 1598.472 1598.632 1598.792 1598.929 1598.945 1598.961 1598.978 1598.994 1599.0 1599.0 1599.0 1599.0 1599.0 1599.0 1599.0 1599.0 1599.0 1599.0 1599.0 1599.0 1599.0 1599.0 1599.0 1599.0 1599.0 1599.0 1599.0 1599.0 1599.0 1599.0 1599.0 1599.0 1599.0 1599.0
1595.229 1595.376 1595.522 1595.668 1595.741 1595.814 1595.887 1595.961 1596.0 1596.0 1596.0 1596.0 1596.0 1596.201 1596.42 1596.64 1596.86 1597.026 1597.1 1597.173 1597.246 1597.32 1597.452 1597.599 1597.745 1597.892 1598.016 1598.075 1598.134 1598.194 1598.253 1598.384 1598.545 1598.705 1598.865 1599.0 1599.0 1599.0 1599.0 1599.0 1599.0 1599.0 1599.0 1599.0 1599.0 1599.0 1599.0 1599.0 1599.0 1599.0 1599.0 1599.0 1599.0 1599.0 1599.0 1599.0 1599.0 1599.0 1599.0 1599.0 1599.0 1599.0 1599.0 1599.0 1599.0 1599.0
1595.229 1595.376 1595.522 1595.668 1595.741 1595.814 1595.887 1595.961 1596.0 1596.0 1596.0 1596.0 1596.0 1596.201 1596.42 1596.64 1596.86 1597.026 1597.1 1597.173 1597.246 1597.32 1597.452 1597.599 1597.745 1597.892 1598.021 1598.102 1598.183 1598.264 1598.344 1598.466 1598.605 1598.744 1598.883 1599.0 1599.0 1599.0 1599.0 1599.0 1599.0 1599.0 1599.0 1599.0 1599.0 1599.0 1599.0 1599.0 1599.0 1599.0 1599.0 1599.0 1599.0 1599.0 1599.0 1599.0 1599.0 1599.0 1599.0 1599.0 1599.0 1599.0 1599.0 1599.0 1599.0 1599.0
1595.229 1595.376 1595.522 1595.668 1595.741 1595.814 1595.887 1595.961 1596.0 1596.0 1596.0 1596.0 1596.0 1596.201 1596.42 1596.64 1596.86 1597.026 1597.1 1597.173 1597.246 1597.32 1597.452 1597.599 1597.745 1597.892 1598.027 1598.129 1598.231 1598.333 1598.435 1598.548 1598.666 1598.784 1598.901 1599.0 1599.0 1599.0 1599.0 1599.0 1599.0 1599.0 1599.0 1599.0 1599.0 1599.0 1599.0 1599.0 1599.0 1599.0 1599.0 1599.0 1599.0 1599.0 1599.0 1599.0 1599.0 1599.0 1599.0 1599.0 1599.0 1599.0 1599.0 1599.0 1599.0 1599.0
