data/zism_data/00861_03_D.txt
ncols         224
nrows         224
[rows 140 to 167 of 224, columns 126 to 188 of 224]
1440.259 1440.626 1440.994 1441.361 1441.728 1442.038 1442.185 1442.332 1442.479 1442.626 1442.896 1443.212 1443.528 1443.844 1444.147 1444.39 1444.632 1444.875 1445.118 1445.346 1445.567 1445.787 1446.007 1446.235 1446.514 1446.793 1447.072 1447.351 1447.664 1448.002 1448.339 1448.677 1449.007 1449.161 1449.315 1449.47 1449.624 1449.857 1450.166 1450.475 1450.783 1451.092 1451.294 1451.492 1451.69 1451.888 1452.16 1452.527 1452.895 1453.262 1453.629 1453.997 1454.364 1454.732 1455.099 1455.466 1455.834 1456.201 1456.569 1456.936 1457.303 1457.671 1458.038
1440.259 1440.626 1440.994 1441.361 1441.728 1442.038 1442.185 1442.332 1442.479 1442.626 1442.907 1443.24 1443.572 1443.905 1444.224 1444.482 1444.741 1445.0 1445.259 1445.493 1445.714 1445.934 1446.154 1446.38 1446.649 1446.917 1447.185 1447.453 1447.75 1448.066 1448.382 1448.698 1449.007 1449.167 1449.327 1449.486 1449.646 1449.887 1450.207 1450.526 1450.846 1451.165 1451.351 1451.533 1451.715 1451.897 1452.16 1452.527 1452.895 1453.262 1453.629 1453.997 1454.364 1454.732 1455.099 1455.466 1455.834 1456.201 1456.569 1456.936 1457.303 1457.671 1458.038
1440.259 1440.626 1440.994 1441.361 1441.728 1442.038 1442.185 1442.332 1442.479 1442.626 1442.919 1443.268 1443.617 1443.965 1444.3 1444.575 1444.85 1445.125 1445.401 1445.64 1445.86 1446.081 1446.301 1446.526 1446.784 1447.041 1447.299 1447.556 1447.835 1448.129 1448.424 1448.718 1449.007 1449.172 1449.338 1449.503 1449.668 1449.917 1450.247 1450.578 1450.908 1451.239 1451.409 1451.575 1451.741 1451.906 1452.16 1452.527 1452.895 1453.262 1453.629 1453.997 1454.364 1454.732 1455.099 1455.466 1455.834 1456.201 1456.569 1456.936 1457.303 1457.671 1458.038
1440.259 1440.626 1440.994 1441.361 1441.728 1442.038 1442.185 1442.332 1442.479 1442.626 1442.931 1443.296 1443.661 1444.026 1444.377 1444.668 1444.959 1445.251 1445.542 1445.787 1446.007 1446.228 1446.448 1446.672 1446.918 1447.165 1447.412 1447.659 1447.92 1448.193 1448.466 1448.739 1449.007 1449.178 1449.349 1449.519 1449.69 1449.947 1450.288 1450.629 1450.971 1451.312 1451.467 1451.616 1451.766 1451.916 1452.16 1452.527 1452.895 1453.262 1453.629 1453.997 1454.364 1454.732 1455.099 1455.466 1455.834 1456.201 1456.569 1456.936 1457.303 1457.671 1458.038
1440.258 1440.626 1440.994 1441.361 1441.728 1442.044 1442.214 1442.384 1442.553 1442.723 1443.029 1443.388 1443.746 1444.104 1444.451 1444.745 1445.038 1445.332 1445.626 1445.878 1446.108 1446.337 1446.567 1446.796 1447.028 1447.259 1447.49 1447.722 1447.97 1448.23 1448.491 1448.751 1449.007 1449.165 1449.323 1449.48 1449.638 1449.876 1450.192 1450.508 1450.823 1451.139 1451.33 1451.518 1451.706 1451.894 1452.154 1452.508 1452.861 1453.215 1453.569 1453.935 1454.302 1454.67 1455.037 1455.405 1455.772 1456.14 1456.507 1456.874 1457.242 1457.609 1457.977
1440.257 1440.626 1440.994 1441.361 1441.728 1442.051 1442.248 1442.445 1442.641 1442.838 1443.144 1443.491 1443.839 1444.187 1444.524 1444.818 1445.112 1445.406 1445.7 1445.959 1446.199 1446.439 1446.68 1446.917 1447.132 1447.347 1447.562 1447.778 1448.013 1448.262 1448.512 1448.761 1449.006 1449.148 1449.289 1449.431 1449.573 1449.786 1450.069 1450.353 1450.636 1450.919 1451.157 1451.394 1451.63 1451.866 1452.147 1452.484 1452.822 1453.16 1453.497 1453.862 1454.229 1454.596 1454.964 1455.331 1455.699 1456.066 1456.433 1456.801 1457.168 1457.536 1457.903
1440.256 1440.626 1440.994 1441.361 1441.728 1442.058 1442.282 1442.506 1442.729 1442.953 1443.259 1443.595 1443.932 1444.269 1444.598 1444.891 1445.185 1445.479 1445.773 1446.039 1446.29 1446.541 1446.792 1447.038 1447.237 1447.435 1447.634 1447.833 1448.055 1448.294 1448.533 1448.772 1449.005 1449.131 1449.256 1449.382 1449.507 1449.696 1449.947 1450.198 1450.449 1450.7 1450.984 1451.269 1451.554 1451.839 1452.14 1452.461 1452.782 1453.104 1453.425 1453.788 1454.155 1454.523 1454.89 1455.258 1455.625 1455.993 1456.36 1456.727 1457.095 1457.462 1457.83
1440.255 1440.626 1440.994 1441.361 1441.728 1442.065 1442.316 1442.567 1442.817 1443.068 1443.373 1443.699 1444.025 1444.351 1444.671 1444.965 1445.259 1445.553 1445.847 1446.12 1446.382 1446.644 1446.905 1447.158 1447.341 1447.524 1447.706 1447.889 1448.098 1448.326 1448.554 1448.782 1449.005 1449.114 1449.223 1449.333 1449.442 1449.606 1449.825 1450.043 1450.262 1450.48 1450.811 1451.144 1451.478 1451.811 1452.133 1452.438 1452.743 1453.048 1453.353 1453.714 1454.082 1454.449 1454.817 1455.184 1455.552 1455.919 1456.286 1456.654 1457.021 1457.389 1457.756
1440.253 1440.626 1440.994 1441.361 1441.728 1442.075 1442.36 1442.646 1442.932 1443.218 1443.53 1443.852 1444.173 1444.495 1444.811 1445.1 1445.389 1445.678 1445.967 1446.241 1446.507 1446.773 1447.039 1447.293 1447.458 1447.623 1447.788 1447.953 1448.147 1448.363 1448.578 1448.794 1449.004 1449.095 1449.187 1449.278 1449.37 1449.51 1449.698 1449.885 1450.073 1450.261 1450.623 1450.99 1451.358 1451.725 1452.063 1452.362 1452.661 1452.959 1453.258 1453.619 1453.986 1454.354 1454.721 1455.088 1455.456 1455.823 1456.191 1456.558 1456.913 1457.266 1457.618
1440.251 1440.626 1440.994 1441.361 1441.728 1442.089 1442.428 1442.768 1443.108 1443.448 1443.783 1444.115 1444.448 1444.78 1445.102 1445.374 1445.647 1445.92 1446.193 1446.454 1446.709 1446.965 1447.22 1447.462 1447.606 1447.749 1447.892 1448.036 1448.211 1448.411 1448.61 1448.809 1449.003 1449.073 1449.143 1449.212 1449.282 1449.398 1449.559 1449.72 1449.88 1450.041 1450.403 1450.77 1451.137 1451.505 1451.849 1452.164 1452.479 1452.795 1453.11 1453.472 1453.839 1454.207 1454.574 1454.941 1455.309 1455.676 1456.044 1456.411 1456.726 1457.03 1457.334
1440.249 1440.626 1440.994 1441.361 1441.728 1442.103 1442.497 1442.89 1443.284 1443.678 1444.035 1444.379 1444.722 1445.065 1445.392 1445.649 1445.906 1446.162 1446.419 1446.667 1446.912 1447.157 1447.401 1447.631 1447.753 1447.875 1447.996 1448.118 1448.276 1448.459 1448.642 1448.825 1449.002 1449.05 1449.099 1449.147 1449.195 1449.286 1449.42 1449.554 1449.688 1449.822 1450.182 1450.55 1450.917 1451.284 1451.636 1451.967 1452.298 1452.63 1452.961 1453.325 1453.692 1454.06 1454.427 1454.794 1455.162 1455.529 1455.897 1456.264 1456.539 1456.794 1457.05
1440.247 1440.626 1440.994 1441.361 1441.728 1442.117 1442.565 1443.013 1443.46 1443.908 1444.288 1444.642 1444.996 1445.351 1445.683 1445.924 1446.164 1446.404 1446.645 1446.881 1447.115 1447.348 1447.582 1447.8 1447.901 1448.001 1448.101 1448.201 1448.34 1448.506 1448.673 1448.84 1449.001 1449.028 1449.054 1449.081 1449.108 1449.175 1449.282 1449.388 1449.495 1449.602 1449.962 1450.329 1450.697 1451.064 1451.423 1451.77 1452.118 1452.465 1452.812 1453.178 1453.545 1453.913 1454.28 1454.648 1455.015 1455.382 1455.75 1456.117 1456.352 1456.559 1456.766
1440.244 1440.626 1440.994 1441.361 1441.728 1442.131 1442.633 1443.135 1443.636 1444.138 1444.541 1444.906 1445.271 1445.636 1445.974 1446.198 1446.422 1446.647 1446.871 1447.094 1447.317 1447.54 1447.763 1447.969 1448.048 1448.126 1448.205 1448.283 1448.404 1448.554 1448.705 1448.856 1449.0 1449.005 1449.01 1449.015 1449.02 1449.063 1449.143 1449.223 1449.302 1449.382 1449.741 1450.109 1450.476 1450.844 1451.209 1451.573 1451.937 1452.3 1452.664 1453.031 1453.398 1453.766 1454.133 1454.501 1454.868 1455.235 1455.603 1455.97 1456.165 1456.323 1456.481
1440.09 1440.502 1440.903 1441.303 1441.704 1442.134 1442.649 1443.163 1443.677 1444.192 1444.609 1444.988 1445.368 1445.748 1446.103 1446.348 1446.593 1446.839 1447.084 1447.313 1447.534 1447.754 1447.974 1448.176 1448.237 1448.298 1448.359 1448.421 1448.517 1448.639 1448.761 1448.883 1449.0 1449.0 1449.0 1449.0 1449.0 1449.033 1449.098 1449.163 1449.229 1449.294 1449.624 1449.963 1450.301 1450.639 1450.99 1451.358 1451.725 1452.093 1452.46 1452.82 1453.179 1453.538 1453.897 1454.254 1454.604 1454.955 1455.306 1455.657 1455.87 1456.054 1456.239
1439.89 1440.341 1440.784 1441.228 1441.672 1442.134 1442.649 1443.163 1443.677 1444.192 1444.62 1445.016 1445.412 1445.808 1446.182 1446.46 1446.738 1447.016 1447.293 1447.534 1447.754 1447.974 1448.195 1448.395 1448.44 1448.485 1448.53 1448.574 1448.645 1448.735 1448.825 1448.914 1449.0 1449.0 1449.0 1449.0 1449.0 1449.028 1449.082 1449.136 1449.191 1449.245 1449.539 1449.839 1450.14 1450.44 1450.77 1451.137 1451.505 1451.872 1452.24 1452.59 1452.938 1453.286 1453.635 1453.976 1454.305 1454.635 1454.964 1455.293 1455.543 1455.776 1456.009
1439.689 1440.179 1440.666 1441.153 1441.64 1442.134 1442.649 1443.163 1443.677 1444.192 1444.632 1445.044 1445.457 1445.869 1446.262 1446.572 1446.882 1447.192 1447.502 1447.754 1447.974 1448.195 1448.415 1448.614 1448.642 1448.671 1448.699 1448.728 1448.773 1448.831 1448.888 1448.945 1449.0 1449.0 1449.0 1449.0 1449.0 1449.022 1449.066 1449.109 1449.153 1449.196 1449.453 1449.716 1449.979 1450.241 1450.55 1450.917 1451.284 1451.652 1452.019 1452.36 1452.697 1453.035 1453.372 1453.699 1454.007 1454.314 1454.622 1454.929 1455.215 1455.497 1455.778
1439.489 1440.018 1440.548 1441.078 1441.608 1442.134 1442.649 1443.163 1443.677 1444.192 1444.644 1445.072 1445.501 1445.929 1446.341 1446.684 1447.026 1447.369 1447.712 1447.974 1448.195 1448.415 1448.636 1448.832 1448.845 1448.857 1448.869 1448.882 1448.901 1448.926 1448.951 1448.976 1449.0 1449.0 1449.0 1449.0 1449.0 1449.017 1449.049 1449.082 1449.115 1449.148 1449.367 1449.592 1449.817 1450.042 1450.329 1450.697 1451.064 1451.431 1451.799 1452.13 1452.456 1452.783 1453.11 1453.422 1453.708 1453.994 1454.28 1454.566 1454.888 1455.218 1455.548
1439.329 1439.886 1440.447 1441.008 1441.568 1442.116 1442.625 1443.135 1443.644 1444.153 1444.617 1445.063 1445.509 1445.954 1446.386 1446.757 1447.129 1447.5 1447.871 1448.147 1448.372 1448.598 1448.823 1449.023 1449.027 1449.031 1449.034 1449.038 1449.041 1449.044 1449.046 1449.049 1449.051 1449.043 1449.036 1449.028 1449.021 1449.029 1449.052 1449.075 1449.099 1449.122 1449.31 1449.504 1449.697 1449.891 1450.155 1450.511 1450.867 1451.223 1451.579 1451.903 1452.222 1452.542 1452.862 1453.164 1453.436 1453.708 1453.98 1454.252 1454.594 1454.952 1455.309
1439.302 1439.853 1440.403 1440.953 1441.503 1442.037 1442.525 1443.012 1443.5 1443.988 1444.461 1444.928 1445.396 1445.863 1446.316 1446.703 1447.091 1447.478 1447.865 1448.161 1448.408 1448.655 1448.902 1449.123 1449.143 1449.163 1449.183 1449.203 1449.219 1449.232 1449.245 1449.259 1449.27 1449.23 1449.19 1449.15 1449.11 1449.099 1449.117 1449.135 1449.153 1449.171 1449.349 1449.531 1449.714 1449.897 1450.134 1450.441 1450.749 1451.056 1451.364 1451.687 1452.012 1452.337 1452.662 1452.972 1453.255 1453.538 1453.82 1454.103 1454.412 1454.726 1455.04
1439.276 1439.82 1440.359 1440.898 1441.438 1441.958 1442.424 1442.89 1443.356 1443.822 1444.305 1444.794 1445.283 1445.772 1446.245 1446.649 1447.052 1447.456 1447.86 1448.175 1448.444 1448.713 1448.981 1449.223 1449.259 1449.295 1449.331 1449.368 1449.397 1449.421 1449.445 1449.469 1449.489 1449.417 1449.344 1449.272 1449.2 1449.17 1449.183 1449.195 1449.208 1449.22 1449.387 1449.559 1449.731 1449.903 1450.113 1450.372 1450.63 1450.889 1451.148 1451.472 1451.802 1452.133 1452.463 1452.78 1453.074 1453.367 1453.661 1453.954 1454.229 1454.5 1454.771
1439.249 1439.787 1440.315 1440.844 1441.372 1441.879 1442.323 1442.768 1443.212 1443.657 1444.149 1444.66 1445.171 1445.681 1446.175 1446.595 1447.015 1447.434 1447.854 1448.189 1448.479 1448.77 1449.06 1449.323 1449.375 1449.427 1449.48 1449.532 1449.574 1449.609 1449.644 1449.679 1449.708 1449.603 1449.498 1449.394 1449.289 1449.241 1449.248 1449.255 1449.262 1449.269 1449.426 1449.587 1449.748 1449.909 1450.091 1450.302 1450.512 1450.723 1450.933 1451.256 1451.592 1451.928 1452.264 1452.588 1452.892 1453.197 1453.501 1453.805 1454.047 1454.274 1454.502
1439.222 1439.753 1440.271 1440.789 1441.307 1441.799 1442.222 1442.645 1443.068 1443.491 1443.993 1444.526 1445.058 1445.59 1446.104 1446.541 1446.976 1447.412 1447.848 1448.203 1448.515 1448.827 1449.139 1449.423 1449.491 1449.56 1449.628 1449.697 1449.752 1449.798 1449.844 1449.889 1449.927 1449.79 1449.653 1449.516 1449.378 1449.312 1449.313 1449.315 1449.317 1449.318 1449.464 1449.615 1449.765 1449.915 1450.07 1450.232 1450.394 1450.556 1450.717 1451.04 1451.382 1451.723 1452.064 1452.396 1452.711 1453.026 1453.342 1453.657 1453.864 1454.049 1454.233
1439.068 1439.599 1440.125 1440.65 1441.176 1441.671 1442.08 1442.489 1442.898 1443.307 1443.799 1444.323 1444.847 1445.37 1445.881 1446.333 1446.785 1447.237 1447.689 1448.045 1448.348 1448.651 1448.955 1449.234 1449.33 1449.426 1449.522 1449.618 1449.702 1449.777 1449.853 1449.928 1449.995 1449.87 1449.746 1449.621 1449.497 1449.436 1449.436 1449.436 1449.436 1449.436 1449.556 1449.681 1449.805 1449.93 1450.064 1450.211 1450.358 1450.505 1450.652 1450.948 1451.261 1451.574 1451.886 1452.192 1452.484 1452.776 1453.068 1453.36 1453.559 1453.738 1453.917
1438.857 1439.391 1439.933 1440.475 1441.017 1441.521 1441.919 1442.318 1442.716 1443.114 1443.587 1444.089 1444.592 1445.094 1445.59 1446.058 1446.527 1446.995 1447.463 1447.81 1448.092 1448.374 1448.655 1448.919 1449.048 1449.176 1449.305 1449.433 1449.553 1449.666 1449.779 1449.892 1449.996 1449.904 1449.812 1449.72 1449.628 1449.583 1449.583 1449.583 1449.583 1449.583 1449.672 1449.764 1449.856 1449.948 1450.064 1450.211 1450.358 1450.505 1450.652 1450.909 1451.179 1451.448 1451.718 1451.982 1452.236 1452.491 1452.745 1453.0 1453.2 1453.39 1453.58
1438.646 1439.184 1439.742 1440.3 1440.858 1441.372 1441.759 1442.146 1442.533 1442.921 1443.376 1443.856 1444.337 1444.818 1445.299 1445.784 1446.268 1446.753 1447.237 1447.575 1447.836 1448.096 1448.356 1448.605 1448.766 1448.926 1449.087 1449.248 1449.403 1449.554 1449.705 1449.856 1449.997 1449.938 1449.878 1449.818 1449.759 1449.729 1449.729 1449.729 1449.729 1449.729 1449.787 1449.847 1449.907 1449.966 1450.064 1450.211 1450.358 1450.505 1450.652 1450.87 1451.097 1451.323 1451.55 1451.772 1451.989 1452.206 1452.422 1452.639 1452.842 1453.042 1453.243
1438.436 1438.976 1439.551 1440.125 1440.699 1441.222 1441.598 1441.975 1442.351 1442.728 1443.164 1443.623 1444.082 1444.541 1445.008 1445.509 1446.01 1446.51 1447.011 1447.341 1447.579 1447.818 1448.057 1448.29 1448.483 1448.677 1448.87 1449.063 1449.254 1449.442 1449.631 1449.82 1449.999 1449.972 1449.944 1449.917 1449.89 1449.876 1449.876 1449.876 1449.876 1449.876 1449.903 1449.93 1449.957 1449.985 1450.064 1450.211 1450.358 1450.505 1450.652 1450.831 1451.015 1451.198 1451.381 1451.563 1451.742 1451.92 1452.099 1452.278 1452.484 1452.695 1452.906
1438.227 1438.766 1439.348 1439.93 1440.511 1441.037 1441.405 1441.772 1442.14 1442.507 1442.926 1443.365 1443.805 1444.244 1444.697 1445.208 1445.719 1446.229 1446.74 1447.063 1447.286 1447.51 1447.733 1447.956 1448.182 1448.407 1448.633 1448.858 1449.082 1449.305 1449.528 1449.752 1449.965 1449.971 1449.977 1449.983 1449.989 1449.993 1449.995 1449.996 1449.998 1450.0 1450.0 1450.0 1450.0 1450.0 1450.065 1450.215 1450.364 1450.514 1450.663 1450.807 1450.949 1451.092 1451.235 1451.378 1451.521 1451.665 1451.808 1451.952 1452.152 1452.365 1452.578
1438.028 1438.54 1439.084 1439.628 1440.172 1440.67 1441.037 1441.405 1441.772 1442.14 1442.551 1442.979 1443.408 1443.836 1444.276 1444.766 1445.255 1445.744 1446.233 1446.56 1446.799 1447.038 1447.277 1447.519 1447.777 1448.035 1448.293 1448.551 1448.798 1449.037 1449.276 1449.516 1449.746 1449.79 1449.834 1449.878 1449.922 1449.95 1449.962 1449.975 1449.987 1450.0 1450.0 1450.0 1450.0 1450.0 1450.072 1450.238 1450.404 1450.569 1450.735 1450.856 1450.971 1451.087 1451.203 1451.321 1451.443 1451.565 1451.687 1451.808 1451.965 1452.129 1452.293
