data/zism_data/00862_01_D.txt
ncols         224
nrows         224
[rows 196 to 223 of 224, columns 64 to 127 of 224]
1245.984 1250.622 1255.915 1261.207 1266.499 1271.791 1275.152 1278.275 1281.398 1284.521 1287.051 1288.37 1289.69 1291.009 1292.328 1292.373 1292.03 1291.687 1291.344 1290.806 1289.511 1288.216 1286.922 1285.627 1284.688 1283.947 1283.207 1282.466 1281.733 1281.091 1280.45 1279.808 1279.166 1278.674 1278.32 1277.967 1277.613 1277.259 1277.798 1278.379 1278.959 1279.539 1280.315 1281.392 1282.469 1283.546 1284.623 1285.594 1286.544 1287.494 1288.444 1289.256 1289.694 1290.133 1290.571 1291.009 1291.264 1291.444 1291.623 1291.802 1291.997 1292.279 1292.561 1292.843
1253.086 1257.831 1263.085 1268.34 1273.595 1278.85 1281.627 1284.101 1286.574 1289.047 1291.015 1291.947 1292.88 1293.813 1294.745 1294.667 1294.281 1293.895 1293.509 1292.933 1291.623 1290.312 1289.001 1287.69 1286.697 1285.881 1285.065 1284.249 1283.439 1282.696 1281.952 1281.208 1280.465 1279.948 1279.643 1279.338 1279.032 1278.727 1279.186 1279.68 1280.174 1280.668 1281.388 1282.454 1283.521 1284.587 1285.654 1286.623 1287.573 1288.523 1289.473 1290.285 1290.723 1291.161 1291.6 1292.038 1292.247 1292.362 1292.477 1292.592 1292.72 1292.927 1293.134 1293.341
1260.188 1265.039 1270.257 1275.474 1280.691 1285.908 1288.103 1289.927 1291.75 1293.574 1294.978 1295.524 1296.07 1296.616 1297.162 1296.961 1296.532 1296.103 1295.674 1295.061 1293.734 1292.407 1291.08 1289.753 1288.706 1287.815 1286.924 1286.033 1285.146 1284.3 1283.454 1282.609 1281.763 1281.222 1280.965 1280.708 1280.451 1280.194 1280.573 1280.982 1281.39 1281.798 1282.462 1283.517 1284.573 1285.629 1286.684 1287.652 1288.602 1289.552 1290.502 1291.313 1291.752 1292.19 1292.629 1293.067 1293.231 1293.281 1293.331 1293.382 1293.444 1293.576 1293.708 1293.84
1266.699 1271.592 1276.64 1281.687 1286.735 1291.783 1293.441 1294.683 1295.924 1297.166 1298.079 1298.322 1298.564 1298.807 1299.049 1298.768 1298.328 1297.887 1297.446 1296.83 1295.53 1294.23 1292.931 1291.631 1290.553 1289.6 1288.646 1287.693 1286.742 1285.819 1284.896 1283.973 1283.05 1282.491 1282.272 1282.053 1281.834 1281.614 1281.919 1282.247 1282.575 1282.903 1283.506 1284.531 1285.556 1286.581 1287.606 1288.575 1289.531 1290.488 1291.445 1292.265 1292.714 1293.163 1293.612 1294.061 1294.192 1294.192 1294.192 1294.192 1294.199 1294.251 1294.303 1294.355
1271.082 1275.783 1280.186 1284.59 1288.993 1293.396 1294.683 1295.586 1296.49 1297.393 1298.078 1298.315 1298.552 1298.789 1299.026 1298.822 1298.483 1298.145 1297.806 1297.308 1296.191 1295.074 1293.956 1292.839 1291.817 1290.847 1289.878 1288.908 1287.943 1287.031 1286.118 1285.206 1284.294 1283.74 1283.521 1283.302 1283.083 1282.864 1283.111 1283.38 1283.65 1283.919 1284.446 1285.369 1286.292 1287.215 1288.138 1289.116 1290.105 1291.094 1292.083 1292.939 1293.437 1293.934 1294.431 1294.928 1295.073 1295.073 1295.073 1295.073 1295.067 1295.022 1294.978 1294.933
1275.464 1279.974 1283.733 1287.492 1291.251 1295.01 1295.925 1296.49 1297.055 1297.62 1298.076 1298.308 1298.539 1298.771 1299.003 1298.875 1298.639 1298.402 1298.166 1297.787 1296.852 1295.917 1294.982 1294.047 1293.08 1292.094 1291.109 1290.123 1289.144 1288.243 1287.341 1286.439 1285.538 1284.99 1284.77 1284.551 1284.332 1284.113 1284.304 1284.514 1284.724 1284.934 1285.385 1286.206 1287.027 1287.848 1288.669 1289.657 1290.678 1291.7 1292.721 1293.614 1294.159 1294.705 1295.25 1295.796 1295.955 1295.955 1295.955 1295.955 1295.935 1295.793 1295.652 1295.511
1279.847 1284.165 1287.279 1290.394 1293.509 1296.624 1297.167 1297.394 1297.621 1297.848 1298.074 1298.301 1298.527 1298.753 1298.979 1298.929 1298.795 1298.66 1298.526 1298.265 1297.513 1296.76 1296.008 1295.256 1294.344 1293.342 1292.34 1291.338 1290.346 1289.455 1288.564 1287.673 1286.782 1286.239 1286.02 1285.801 1285.581 1285.362 1285.497 1285.648 1285.799 1285.95 1286.325 1287.044 1287.763 1288.482 1289.201 1290.198 1291.252 1292.305 1293.359 1294.288 1294.882 1295.476 1296.07 1296.664 1296.837 1296.837 1296.837 1296.837 1296.802 1296.564 1296.327 1296.089
1284.229 1288.356 1290.826 1293.297 1295.767 1298.237 1298.409 1298.297 1298.186 1298.075 1298.073 1298.293 1298.514 1298.735 1298.956 1298.983 1298.95 1298.918 1298.885 1298.743 1298.173 1297.604 1297.034 1296.464 1295.607 1294.589 1293.571 1292.553 1291.547 1290.666 1289.786 1288.906 1288.026 1287.488 1287.269 1287.05 1286.83 1286.611 1286.69 1286.781 1286.873 1286.965 1287.264 1287.881 1288.498 1289.115 1289.732 1290.739 1291.825 1292.911 1293.997 1294.963 1295.605 1296.247 1296.889 1297.531 1297.719 1297.719 1297.719 1297.719 1297.67 1297.335 1297.001 1296.667
1284.53 1288.521 1290.742 1292.963 1295.184 1297.405 1297.502 1297.338 1297.173 1297.009 1297.016 1297.375 1297.733 1298.091 1298.449 1298.637 1298.772 1298.907 1299.042 1299.05 1298.561 1298.071 1297.582 1297.092 1296.288 1295.309 1294.33 1293.351 1292.385 1291.574 1290.763 1289.953 1289.141 1288.658 1288.479 1288.3 1288.121 1287.942 1287.917 1287.898 1287.88 1287.862 1288.049 1288.553 1289.057 1289.562 1290.066 1291.023 1292.071 1293.12 1294.168 1295.112 1295.773 1296.434 1297.096 1297.757 1297.965 1297.987 1298.009 1298.031 1298.0 1297.656 1297.313 1296.97
1282.919 1286.801 1288.958 1291.115 1293.272 1295.428 1295.59 1295.506 1295.422 1295.339 1295.467 1296.029 1296.591 1297.153 1297.716 1298.103 1298.437 1298.771 1299.105 1299.277 1298.82 1298.363 1297.905 1297.448 1296.697 1295.782 1294.868 1293.953 1293.054 1292.34 1291.626 1290.911 1290.197 1289.791 1289.671 1289.551 1289.431 1289.311 1289.16 1289.008 1288.855 1288.702 1288.762 1289.148 1289.534 1289.92 1290.306 1291.185 1292.164 1293.142 1294.121 1295.015 1295.682 1296.349 1297.015 1297.682 1297.915 1297.969 1298.023 1298.077 1298.078 1297.767 1297.456 1297.145
1281.308 1285.082 1287.174 1289.267 1291.359 1293.451 1293.677 1293.674 1293.671 1293.668 1293.917 1294.683 1295.45 1296.216 1296.982 1297.569 1298.102 1298.635 1299.167 1299.504 1299.079 1298.654 1298.229 1297.804 1297.106 1296.255 1295.405 1294.555 1293.724 1293.106 1292.488 1291.87 1291.253 1290.924 1290.863 1290.802 1290.741 1290.68 1290.403 1290.117 1289.83 1289.543 1289.475 1289.743 1290.01 1290.278 1290.546 1291.347 1292.256 1293.165 1294.074 1294.919 1295.591 1296.263 1296.935 1297.607 1297.864 1297.95 1298.037 1298.123 1298.156 1297.877 1297.598 1297.319
1279.697 1283.363 1285.391 1287.419 1289.446 1291.474 1291.765 1291.842 1291.92 1291.997 1292.368 1293.338 1294.308 1295.278 1296.249 1297.036 1297.767 1298.498 1299.23 1299.731 1299.338 1298.945 1298.553 1298.16 1297.515 1296.729 1295.943 1295.157 1294.393 1293.872 1293.351 1292.83 1292.308 1292.057 1292.055 1292.053 1292.051 1292.049 1291.647 1291.226 1290.805 1290.384 1290.188 1290.337 1290.487 1290.637 1290.786 1291.51 1292.349 1293.188 1294.027 1294.822 1295.5 1296.177 1296.854 1297.532 1297.813 1297.932 1298.051 1298.169 1298.234 1297.988 1297.741 1297.494
1277.701 1281.276 1283.274 1285.273 1287.271 1289.27 1289.668 1289.869 1290.071 1290.272 1290.793 1291.968 1293.144 1294.319 1295.494 1296.468 1297.382 1298.296 1299.209 1299.861 1299.492 1299.124 1298.755 1298.387 1297.798 1297.086 1296.374 1295.662 1294.974 1294.565 1294.155 1293.745 1293.336 1293.162 1293.207 1293.251 1293.296 1293.341 1292.825 1292.284 1291.743 1291.202 1290.888 1290.925 1290.962 1290.999 1291.036 1291.678 1292.442 1293.206 1293.97 1294.71 1295.386 1296.063 1296.739 1297.416 1297.719 1297.867 1298.015 1298.164 1298.261 1298.055 1297.849 1297.643
1273.43 1277.021 1279.196 1281.372 1283.548 1285.723 1286.48 1287.063 1287.646 1288.228 1289.074 1290.459 1291.843 1293.228 1294.612 1295.701 1296.701 1297.7 1298.7 1299.416 1299.026 1298.636 1298.246 1297.856 1297.342 1296.759 1296.176 1295.592 1295.039 1294.828 1294.617 1294.406 1294.195 1294.103 1294.121 1294.139 1294.157 1294.175 1293.622 1293.043 1292.465 1291.886 1291.518 1291.474 1291.431 1291.387 1291.344 1291.883 1292.539 1293.196 1293.852 1294.504 1295.143 1295.782 1296.421 1297.059 1297.363 1297.527 1297.692 1297.856 1297.98 1297.865 1297.751 1297.636
1269.16 1272.766 1275.118 1277.471 1279.824 1282.177 1283.293 1284.256 1285.22 1286.184 1287.355 1288.949 1290.543 1292.136 1293.73 1294.935 1296.02 1297.105 1298.191 1298.97 1298.559 1298.147 1297.736 1297.325 1296.886 1296.431 1295.977 1295.523 1295.104 1295.092 1295.079 1295.067 1295.055 1295.044 1295.036 1295.027 1295.018 1295.009 1294.419 1293.803 1293.186 1292.57 1292.147 1292.023 1291.899 1291.775 1291.651 1292.087 1292.636 1293.185 1293.734 1294.298 1294.899 1295.5 1296.102 1296.703 1297.006 1297.187 1297.368 1297.549 1297.699 1297.676 1297.653 1297.629
1264.889 1268.51 1271.041 1273.57 1276.1 1278.63 1280.105 1281.45 1282.795 1284.14 1285.636 1287.439 1289.242 1291.045 1292.849 1294.168 1295.339 1296.51 1297.682 1298.525 1298.092 1297.659 1297.226 1296.793 1296.43 1296.104 1295.779 1295.453 1295.169 1295.355 1295.542 1295.728 1295.914 1295.986 1295.95 1295.914 1295.879 1295.843 1295.216 1294.562 1293.908 1293.254 1292.777 1292.572 1292.368 1292.163 1291.959 1292.292 1292.734 1293.175 1293.617 1294.092 1294.655 1295.219 1295.783 1296.347 1296.651 1296.847 1297.044 1297.241 1297.419 1297.487 1297.555 1297.622
1260.618 1264.255 1266.963 1269.67 1272.377 1275.084 1276.918 1278.644 1280.37 1282.096 1283.916 1285.929 1287.942 1289.954 1291.967 1293.401 1294.658 1295.915 1297.172 1298.08 1297.625 1297.171 1296.717 1296.262 1295.974 1295.777 1295.58 1295.384 1295.234 1295.619 1296.004 1296.389 1296.774 1296.927 1296.865 1296.802 1296.739 1296.677 1296.013 1295.321 1294.63 1293.938 1293.406 1293.121 1292.836 1292.551 1292.266 1292.496 1292.831 1293.165 1293.499 1293.885 1294.412 1294.938 1295.464 1295.99 1296.295 1296.507 1296.72 1296.933 1297.138 1297.297 1297.457 1297.616
1256.575 1260.268 1263.153 1266.037 1268.922 1271.806 1273.899 1275.896 1277.892 1279.888 1281.924 1284.042 1286.159 1288.277 1290.394 1291.903 1293.226 1294.55 1295.874 1296.849 1296.468 1296.087 1295.705 1295.324 1295.208 1295.238 1295.268 1295.299 1295.366 1295.855 1296.344 1296.833 1297.321 1297.514 1297.431 1297.348 1297.265 1297.182 1296.519 1295.829 1295.139 1294.449 1293.904 1293.581 1293.257 1292.934 1292.611 1292.759 1293.003 1293.246 1293.489 1293.799 1294.291 1294.783 1295.275 1295.767 1296.059 1296.268 1296.478 1296.687 1296.898 1297.115 1297.333 1297.551
1252.677 1256.454 1259.516 1262.577 1265.639 1268.7 1270.99 1273.185 1275.38 1277.575 1279.757 1281.912 1284.067 1286.222 1288.377 1289.936 1291.313 1292.69 1294.067 1295.113 1294.866 1294.619 1294.372 1294.125 1294.243 1294.563 1294.883 1295.203 1295.541 1296.073 1296.604 1297.136 1297.668 1297.873 1297.774 1297.675 1297.576 1297.477 1296.839 1296.176 1295.512 1294.849 1294.316 1293.982 1293.648 1293.314 1292.98 1293.06 1293.222 1293.385 1293.548 1293.791 1294.25 1294.71 1295.17 1295.629 1295.9 1296.094 1296.287 1296.48 1296.683 1296.938 1297.193 1297.449
1248.779 1252.64 1255.878 1259.117 1262.356 1265.594 1268.081 1270.474 1272.868 1275.261 1277.589 1279.781 1281.974 1284.167 1286.359 1287.968 1289.399 1290.83 1292.261 1293.376 1293.264 1293.151 1293.039 1292.926 1293.278 1293.888 1294.498 1295.108 1295.716 1296.29 1296.865 1297.44 1298.015 1298.232 1298.117 1298.002 1297.887 1297.772 1297.158 1296.522 1295.886 1295.25 1294.728 1294.384 1294.039 1293.694 1293.35 1293.36 1293.442 1293.525 1293.607 1293.782 1294.209 1294.637 1295.064 1295.492 1295.742 1295.919 1296.096 1296.274 1296.468 1296.761 1297.053 1297.346
1244.882 1248.825 1252.241 1255.657 1259.073 1262.489 1265.171 1267.763 1270.356 1272.948 1275.421 1277.651 1279.882 1282.112 1284.342 1286.001 1287.485 1288.97 1290.455 1291.64 1291.662 1291.683 1291.705 1291.727 1292.313 1293.213 1294.113 1295.013 1295.891 1296.508 1297.126 1297.744 1298.362 1298.591 1298.46 1298.329 1298.198 1298.067 1297.478 1296.869 1296.259 1295.65 1295.14 1294.785 1294.43 1294.074 1293.719 1293.661 1293.662 1293.664 1293.665 1293.773 1294.169 1294.564 1294.959 1295.354 1295.584 1295.745 1295.906 1296.067 1296.253 1296.583 1296.914 1297.244
1241.176 1245.181 1248.747 1252.313 1255.879 1259.445 1262.304 1265.077 1267.849 1270.622 1273.228 1275.495 1277.762 1280.028 1282.295 1284.001 1285.537 1287.072 1288.608 1289.862 1290.023 1290.183 1290.344 1290.505 1291.317 1292.492 1293.667 1294.843 1295.977 1296.645 1297.312 1297.979 1298.647 1298.894 1298.75 1298.607 1298.464 1298.32 1297.76 1297.181 1296.602 1296.023 1295.53 1295.169 1294.808 1294.448 1294.087 1293.964 1293.888 1293.813 1293.738 1293.78 1294.142 1294.504 1294.866 1295.228 1295.437 1295.583 1295.729 1295.875 1296.053 1296.416 1296.779 1297.142
1239.925 1243.719 1247.087 1250.454 1253.821 1257.188 1259.978 1262.697 1265.416 1268.135 1270.712 1273.001 1275.289 1277.577 1279.865 1281.589 1283.14 1284.692 1286.244 1287.552 1287.911 1288.27 1288.629 1288.988 1289.927 1291.188 1292.449 1293.71 1294.935 1295.736 1296.538 1297.339 1298.141 1298.472 1298.366 1298.261 1298.155 1298.049 1297.563 1297.059 1296.555 1296.051 1295.629 1295.332 1295.036 1294.74 1294.444 1294.304 1294.197 1294.089 1293.982 1293.988 1294.301 1294.615 1294.928 1295.242 1295.437 1295.583 1295.729 1295.875 1296.048 1296.379 1296.71 1297.041
1238.674 1242.258 1245.426 1248.595 1251.764 1254.932 1257.652 1260.318 1262.983 1265.648 1268.197 1270.506 1272.816 1275.125 1277.435 1279.176 1280.744 1282.312 1283.879 1285.241 1285.798 1286.356 1286.914 1287.472 1288.537 1289.884 1291.231 1292.578 1293.892 1294.828 1295.764 1296.7 1297.635 1298.051 1297.983 1297.914 1297.846 1297.778 1297.365 1296.936 1296.507 1296.079 1295.728 1295.496 1295.264 1295.032 1294.8 1294.645 1294.505 1294.365 1294.226 1294.195 1294.46 1294.726 1294.991 1295.256 1295.437 1295.583 1295.729 1295.875 1296.044 1296.342 1296.641 1296.939
1237.423 1240.796 1243.766 1246.736 1249.706 1252.676 1255.327 1257.938 1260.55 1263.161 1265.681 1268.012 1270.343 1272.674 1275.005 1276.763 1278.347 1279.931 1281.515 1282.93 1283.686 1284.443 1285.199 1285.956 1287.147 1288.58 1290.013 1291.446 1292.85 1293.92 1294.99 1296.06 1297.13 1297.63 1297.599 1297.568 1297.537 1297.507 1297.167 1296.814 1296.46 1296.107 1295.826 1295.659 1295.492 1295.324 1295.157 1294.986 1294.814 1294.642 1294.47 1294.403 1294.62 1294.836 1295.053 1295.27 1295.437 1295.583 1295.729 1295.875 1296.039 1296.305 1296.572 1296.838
1236.171 1239.335 1242.106 1244.877 1247.648 1250.42 1253.001 1255.559 1258.116 1260.674 1263.165 1265.517 1267.87 1270.222 1272.575 1274.351 1275.951 1277.551 1279.151 1280.619 1281.574 1282.529 1283.484 1284.44 1285.757 1287.276 1288.795 1290.314 1291.807 1293.012 1294.216 1295.42 1296.624 1297.208 1297.215 1297.222 1297.229 1297.236 1296.97 1296.691 1296.413 1296.135 1295.925 1295.822 1295.719 1295.617 1295.514 1295.326 1295.122 1294.918 1294.714 1294.61 1294.779 1294.947 1295.116 1295.284 1295.437 1295.583 1295.729 1295.875 1296.034 1296.268 1296.502 1296.737
1234.854 1237.822 1240.455 1243.088 1245.721 1248.354 1250.813 1253.251 1255.689 1258.127 1260.536 1262.887 1265.238 1267.589 1269.94 1271.75 1273.395 1275.04 1276.685 1278.228 1279.376 1280.524 1281.672 1282.82 1284.253 1285.843 1287.433 1289.024 1290.592 1291.908 1293.223 1294.539 1295.854 1296.547 1296.66 1296.774 1296.887 1297.001 1296.828 1296.642 1296.456 1296.27 1296.132 1296.068 1296.003 1295.939 1295.875 1295.681 1295.462 1295.243 1295.024 1294.899 1295.027 1295.156 1295.285 1295.414 1295.555 1295.701 1295.847 1295.993 1296.149 1296.363 1296.576 1296.79
1233.479 1236.264 1238.811 1241.359 1243.906 1246.453 1248.745 1251.006 1253.266 1255.527 1257.811 1260.14 1262.469 1264.799 1267.129 1268.987 1270.702 1272.416 1274.131 1275.768 1277.104 1278.44 1279.776 1281.112 1282.649 1284.299 1285.948 1287.598 1289.228 1290.635 1292.041 1293.448 1294.855 1295.678 1295.958 1296.238 1296.518 1296.798 1296.735 1296.656 1296.578 1296.499 1296.432 1296.384 1296.336 1296.288 1296.239 1296.049 1295.829 1295.61 1295.391 1295.257 1295.354 1295.451 1295.547 1295.644 1295.776 1295.922 1296.068 1296.214 1296.368 1296.571 1296.774 1296.976
