data/zism_data/00876_03_D.txt
ncols         224
nrows         224
[rows 168 to 195 of 224, columns 63 to 125 of 224]
1488.715 1488.715 1488.715 1488.715 1488.715 1488.715 1488.715 1488.715 1488.715 1488.715 1488.715 1488.715 1488.715 1488.715 1488.715 1488.715 1488.715 1488.715 1488.715 1488.715 1488.715 1488.715 1488.726 1488.878 1489.03 1489.181 1489.333 1489.482 1489.628 1489.775 1489.921 1490.068 1490.072 1490.072 1490.072 1490.072 1490.072 1490.072 1490.072 1490.072 1490.072 1490.072 1490.072 1490.072 1490.072 1490.072 1490.072 1490.072 1490.072 1490.072 1490.072 1490.072 1490.072 1490.072 1490.024 1489.805 1489.585 1489.365 1489.145 1489.128 1489.212 1489.295 1489.379
1488.13 1488.13 1488.13 1488.13 1488.13 1488.13 1488.13 1488.13 1488.13 1488.13 1488.13 1488.13 1488.13 1488.13 1488.13 1488.13 1488.13 1488.13 1488.13 1488.13 1488.13 1488.13 1488.144 1488.344 1488.544 1488.744 1488.944 1489.116 1489.262 1489.409 1489.555 1489.702 1489.706 1489.706 1489.706 1489.706 1489.706 1489.706 1489.706 1489.706 1489.706 1489.706 1489.706 1489.706 1489.706 1489.706 1489.706 1489.706 1489.706 1489.706 1489.706 1489.706 1489.706 1489.706 1489.658 1489.438 1489.219 1488.999 1488.779 1488.776 1488.881 1488.986 1489.091
1487.543 1487.543 1487.543 1487.543 1487.543 1487.543 1487.543 1487.543 1487.543 1487.543 1487.543 1487.543 1487.543 1487.543 1487.543 1487.543 1487.543 1487.543 1487.543 1487.543 1487.543 1487.543 1487.562 1487.81 1488.058 1488.306 1488.554 1488.75 1488.896 1489.042 1489.189 1489.335 1489.34 1489.34 1489.34 1489.34 1489.34 1489.34 1489.34 1489.34 1489.34 1489.34 1489.34 1489.34 1489.34 1489.34 1489.34 1489.34 1489.34 1489.34 1489.34 1489.34 1489.34 1489.34 1489.292 1489.072 1488.852 1488.633 1488.413 1488.424 1488.551 1488.677 1488.804
1486.974 1486.974 1486.974 1486.974 1486.974 1486.974 1486.974 1486.974 1486.974 1486.974 1486.974 1486.974 1486.974 1486.974 1486.974 1486.974 1486.974 1486.974 1486.974 1486.976 1486.978 1486.979 1487.002 1487.292 1487.582 1487.872 1488.163 1488.377 1488.521 1488.665 1488.809 1488.953 1488.958 1488.958 1488.958 1488.958 1488.958 1488.958 1488.958 1488.958 1488.958 1488.958 1488.958 1488.958 1488.958 1488.958 1488.958 1488.958 1488.958 1488.958 1488.958 1488.958 1488.958 1488.958 1488.911 1488.694 1488.478 1488.262 1488.046 1488.07 1488.214 1488.358 1488.502
1486.607 1486.607 1486.607 1486.607 1486.607 1486.607 1486.607 1486.607 1486.607 1486.607 1486.607 1486.607 1486.607 1486.607 1486.607 1486.607 1486.607 1486.607 1486.622 1486.645 1486.668 1486.691 1486.73 1486.983 1487.236 1487.488 1487.741 1487.92 1488.032 1488.144 1488.256 1488.368 1488.372 1488.372 1488.372 1488.372 1488.372 1488.372 1488.372 1488.372 1488.372 1488.372 1488.372 1488.372 1488.372 1488.372 1488.372 1488.372 1488.372 1488.372 1488.372 1488.372 1488.372 1488.372 1488.335 1488.167 1487.999 1487.831 1487.663 1487.682 1487.794 1487.906 1488.018
1486.241 1486.241 1486.241 1486.241 1486.241 1486.241 1486.241 1486.241 1486.241 1486.241 1486.241 1486.241 1486.241 1486.241 1486.241 1486.241 1486.241 1486.241 1486.269 1486.313 1486.358 1486.402 1486.459 1486.674 1486.889 1487.104 1487.32 1487.464 1487.544 1487.624 1487.703 1487.783 1487.786 1487.786 1487.786 1487.786 1487.786 1487.786 1487.786 1487.786 1487.786 1487.786 1487.786 1487.786 1487.786 1487.786 1487.786 1487.786 1487.786 1487.786 1487.786 1487.786 1487.786 1487.786 1487.76 1487.64 1487.52 1487.401 1487.281 1487.294 1487.374 1487.454 1487.533
1485.875 1485.875 1485.875 1485.875 1485.875 1485.875 1485.875 1485.875 1485.875 1485.875 1485.875 1485.875 1485.875 1485.875 1485.875 1485.875 1485.875 1485.875 1485.916 1485.982 1486.048 1486.114 1486.188 1486.365 1486.543 1486.72 1486.898 1487.008 1487.055 1487.103 1487.151 1487.198 1487.2 1487.2 1487.2 1487.2 1487.2 1487.2 1487.2 1487.2 1487.2 1487.2 1487.2 1487.2 1487.2 1487.2 1487.2 1487.2 1487.2 1487.2 1487.2 1487.2 1487.2 1487.2 1487.184 1487.113 1487.041 1486.97 1486.899 1486.906 1486.954 1487.002 1487.049
1485.509 1485.509 1485.509 1485.509 1485.509 1485.509 1485.509 1485.509 1485.509 1485.509 1485.509 1485.509 1485.509 1485.509 1485.509 1485.509 1485.509 1485.509 1485.563 1485.65 1485.738 1485.825 1485.916 1486.057 1486.197 1486.337 1486.477 1486.552 1486.567 1486.582 1486.598 1486.613 1486.614 1486.614 1486.614 1486.614 1486.614 1486.614 1486.614 1486.614 1486.614 1486.614 1486.614 1486.614 1486.614 1486.614 1486.614 1486.614 1486.614 1486.614 1486.614 1486.614 1486.614 1486.614 1486.609 1486.585 1486.562 1486.539 1486.516 1486.519 1486.534 1486.55 1486.565
1485.125 1485.119 1485.114 1485.108 1485.104 1485.104 1485.104 1485.104 1485.104 1485.106 1485.109 1485.112 1485.115 1485.118 1485.123 1485.129 1485.135 1485.14 1485.207 1485.31 1485.413 1485.516 1485.621 1485.737 1485.854 1485.97 1486.087 1486.142 1486.142 1486.142 1486.142 1486.142 1486.142 1486.142 1486.142 1486.142 1486.142 1486.142 1486.142 1486.142 1486.142 1486.142 1486.142 1486.142 1486.142 1486.142 1486.142 1486.142 1486.142 1486.142 1486.142 1486.142 1486.142 1486.142 1486.142 1486.142 1486.142 1486.142 1486.142 1486.153 1486.17 1486.187 1486.204
1484.725 1484.709 1484.693 1484.676 1484.665 1484.665 1484.665 1484.665 1484.665 1484.67 1484.679 1484.687 1484.695 1484.705 1484.721 1484.737 1484.754 1484.77 1484.847 1484.961 1485.075 1485.189 1485.302 1485.408 1485.514 1485.62 1485.725 1485.776 1485.776 1485.776 1485.776 1485.776 1485.776 1485.776 1485.776 1485.776 1485.776 1485.776 1485.776 1485.776 1485.776 1485.776 1485.776 1485.776 1485.776 1485.776 1485.776 1485.776 1485.776 1485.776 1485.776 1485.776 1485.776 1485.776 1485.776 1485.776 1485.776 1485.776 1485.776 1485.809 1485.858 1485.907 1485.956
1484.326 1484.299 1484.272 1484.245 1484.225 1484.225 1484.225 1484.225 1484.225 1484.235 1484.248 1484.262 1484.275 1484.291 1484.318 1484.345 1484.372 1484.4 1484.487 1484.612 1484.737 1484.862 1484.984 1485.079 1485.174 1485.269 1485.364 1485.41 1485.41 1485.41 1485.41 1485.41 1485.41 1485.41 1485.41 1485.41 1485.41 1485.41 1485.41 1485.41 1485.41 1485.41 1485.41 1485.41 1485.41 1485.41 1485.41 1485.41 1485.41 1485.41 1485.41 1485.41 1485.41 1485.41 1485.41 1485.41 1485.41 1485.41 1485.41 1485.464 1485.545 1485.626 1485.707
1483.926 1483.889 1483.851 1483.813 1483.786 1483.786 1483.786 1483.786 1483.786 1483.799 1483.818 1483.837 1483.856 1483.878 1483.916 1483.954 1483.991 1484.029 1484.128 1484.263 1484.399 1484.534 1484.666 1484.75 1484.835 1484.919 1485.003 1485.043 1485.043 1485.043 1485.043 1485.043 1485.043 1485.043 1485.043 1485.043 1485.043 1485.043 1485.043 1485.043 1485.043 1485.043 1485.043 1485.043 1485.043 1485.043 1485.043 1485.043 1485.043 1485.043 1485.043 1485.043 1485.043 1485.043 1485.043 1485.043 1485.043 1485.043 1485.043 1485.119 1485.232 1485.346 1485.459
1483.527 1483.478 1483.43 1483.381 1483.346 1483.346 1483.346 1483.346 1483.346 1483.364 1483.388 1483.412 1483.436 1483.465 1483.513 1483.562 1483.61 1483.659 1483.768 1483.915 1484.061 1484.207 1484.348 1484.421 1484.495 1484.568 1484.642 1484.677 1484.677 1484.677 1484.677 1484.677 1484.677 1484.677 1484.677 1484.677 1484.677 1484.677 1484.677 1484.677 1484.677 1484.677 1484.677 1484.677 1484.677 1484.677 1484.677 1484.677 1484.677 1484.677 1484.677 1484.677 1484.677 1484.677 1484.677 1484.677 1484.677 1484.677 1484.677 1484.774 1484.92 1485.065 1485.211
1482.979 1482.94 1482.902 1482.863 1482.835 1482.835 1482.835 1482.835 1482.835 1482.849 1482.869 1482.888 1482.907 1482.938 1483.023 1483.108 1483.194 1483.279 1483.383 1483.498 1483.613 1483.729 1483.84 1483.897 1483.955 1484.012 1484.07 1484.098 1484.098 1484.098 1484.098 1484.098 1484.128 1484.159 1484.191 1484.222 1484.246 1484.262 1484.278 1484.293 1484.309 1484.311 1484.311 1484.311 1484.311 1484.311 1484.311 1484.311 1484.311 1484.311 1484.311 1484.311 1484.311 1484.311 1484.311 1484.311 1484.311 1484.311 1484.311 1484.409 1484.555 1484.702 1484.848
1482.426 1482.398 1482.37 1482.343 1482.323 1482.323 1482.323 1482.323 1482.323 1482.333 1482.347 1482.36 1482.374 1482.407 1482.53 1482.653 1482.776 1482.898 1482.997 1483.08 1483.163 1483.246 1483.326 1483.367 1483.409 1483.45 1483.492 1483.512 1483.512 1483.512 1483.512 1483.512 1483.573 1483.637 1483.7 1483.764 1483.814 1483.845 1483.877 1483.909 1483.941 1483.945 1483.945 1483.945 1483.945 1483.945 1483.945 1483.945 1483.945 1483.945 1483.945 1483.945 1483.945 1483.945 1483.945 1483.945 1483.945 1483.945 1483.945 1484.042 1484.189 1484.335 1484.482
1481.873 1481.856 1481.839 1481.822 1481.81 1481.81 1481.81 1481.81 1481.81 1481.816 1481.825 1481.833 1481.842 1481.876 1482.037 1482.197 1482.358 1482.518 1482.61 1482.661 1482.712 1482.763 1482.812 1482.837 1482.863 1482.888 1482.914 1482.926 1482.926 1482.926 1482.926 1482.926 1483.019 1483.114 1483.21 1483.305 1483.381 1483.429 1483.477 1483.525 1483.572 1483.578 1483.578 1483.578 1483.578 1483.578 1483.578 1483.578 1483.578 1483.578 1483.578 1483.578 1483.578 1483.578 1483.578 1483.578 1483.578 1483.578 1483.578 1483.676 1483.823 1483.969 1484.116
1481.32 1481.314 1481.308 1481.302 1481.297 1481.297 1481.297 1481.297 1481.297 1481.299 1481.303 1481.306 1481.309 1481.346 1481.544 1481.742 1481.94 1482.138 1482.224 1482.243 1482.261 1482.28 1482.298 1482.307 1482.317 1482.326 1482.335 1482.34 1482.34 1482.34 1482.34 1482.34 1482.464 1482.592 1482.719 1482.847 1482.948 1483.012 1483.076 1483.14 1483.204 1483.212 1483.212 1483.212 1483.212 1483.212 1483.212 1483.212 1483.212 1483.212 1483.212 1483.212 1483.212 1483.212 1483.212 1483.212 1483.212 1483.212 1483.212 1483.31 1483.456 1483.603 1483.749
1480.846 1480.846 1480.846 1480.846 1480.846 1480.846 1480.846 1480.846 1480.846 1480.846 1480.846 1480.846 1480.846 1480.884 1481.104 1481.324 1481.544 1481.763 1481.846 1481.846 1481.846 1481.846 1481.846 1481.846 1481.846 1481.846 1481.846 1481.846 1481.846 1481.846 1481.846 1481.846 1481.975 1482.108 1482.241 1482.374 1482.488 1482.574 1482.661 1482.748 1482.835 1482.846 1482.846 1482.846 1482.846 1482.846 1482.846 1482.846 1482.846 1482.846 1482.846 1482.846 1482.846 1482.846 1482.846 1482.846 1482.846 1482.846 1482.846 1482.947 1483.098 1483.249 1483.4
1480.48 1480.48 1480.48 1480.48 1480.48 1480.48 1480.48 1480.48 1480.48 1480.48 1480.48 1480.48 1480.48 1480.518 1480.738 1480.958 1481.177 1481.397 1481.48 1481.48 1481.48 1481.48 1481.48 1481.48 1481.48 1481.48 1481.48 1481.48 1481.48 1481.48 1481.48 1481.48 1481.578 1481.678 1481.779 1481.88 1481.988 1482.107 1482.226 1482.345 1482.464 1482.48 1482.48 1482.48 1482.48 1482.48 1482.48 1482.48 1482.48 1482.48 1482.48 1482.48 1482.48 1482.48 1482.48 1482.48 1482.48 1482.48 1482.48 1482.588 1482.749 1482.911 1483.073
1480.114 1480.114 1480.114 1480.114 1480.114 1480.114 1480.114 1480.114 1480.114 1480.114 1480.114 1480.114 1480.114 1480.152 1480.372 1480.591 1480.811 1481.031 1481.114 1481.114 1481.114 1481.114 1481.114 1481.114 1481.114 1481.114 1481.114 1481.114 1481.114 1481.114 1481.114 1481.114 1481.18 1481.249 1481.317 1481.386 1481.489 1481.64 1481.792 1481.943 1482.094 1482.114 1482.114 1482.114 1482.114 1482.114 1482.114 1482.114 1482.114 1482.114 1482.114 1482.114 1482.114 1482.114 1482.114 1482.114 1482.114 1482.114 1482.114 1482.229 1482.401 1482.573 1482.746
1479.747 1479.747 1479.747 1479.747 1479.747 1479.747 1479.747 1479.747 1479.747 1479.747 1479.747 1479.747 1479.747 1479.786 1480.005 1480.225 1480.445 1480.665 1480.747 1480.747 1480.747 1480.747 1480.747 1480.747 1480.747 1480.747 1480.747 1480.747 1480.747 1480.747 1480.747 1480.747 1480.783 1480.819 1480.855 1480.892 1480.99 1481.173 1481.357 1481.54 1481.724 1481.747 1481.747 1481.747 1481.747 1481.747 1481.747 1481.747 1481.747 1481.747 1481.747 1481.747 1481.747 1481.747 1481.747 1481.747 1481.747 1481.747 1481.747 1481.87 1482.053 1482.236 1482.419
1479.381 1479.381 1479.381 1479.381 1479.381 1479.381 1479.381 1479.381 1479.381 1479.381 1479.381 1479.381 1479.381 1479.419 1479.639 1479.859 1480.079 1480.298 1480.381 1480.381 1480.381 1480.381 1480.381 1480.381 1480.381 1480.381 1480.381 1480.381 1480.381 1480.381 1480.381 1480.381 1480.385 1480.389 1480.394 1480.398 1480.491 1480.706 1480.922 1481.137 1481.353 1481.381 1481.381 1481.381 1481.381 1481.381 1481.381 1481.381 1481.381 1481.381 1481.381 1481.381 1481.381 1481.381 1481.381 1481.381 1481.381 1481.381 1481.381 1481.51 1481.704 1481.898 1482.092
1478.951 1478.951 1478.951 1478.951 1478.951 1478.951 1478.951 1478.951 1478.951 1478.961 1478.975 1478.989 1479.003 1479.053 1479.273 1479.493 1479.712 1479.932 1480.015 1480.015 1480.015 1480.015 1480.015 1480.015 1480.015 1480.015 1480.015 1480.015 1480.015 1480.015 1480.015 1480.015 1480.015 1480.015 1480.015 1480.015 1480.107 1480.327 1480.547 1480.766 1480.986 1481.015 1481.015 1481.015 1481.015 1481.015 1481.015 1481.015 1481.015 1481.015 1481.015 1481.015 1481.015 1481.015 1481.015 1481.015 1481.015 1481.015 1481.015 1481.148 1481.348 1481.548 1481.748
1478.512 1478.512 1478.512 1478.512 1478.512 1478.512 1478.512 1478.512 1478.512 1478.533 1478.564 1478.594 1478.624 1478.687 1478.907 1479.126 1479.346 1479.566 1479.649 1479.649 1479.649 1479.649 1479.649 1479.649 1479.649 1479.649 1479.649 1479.649 1479.649 1479.649 1479.649 1479.649 1479.649 1479.649 1479.649 1479.649 1479.741 1479.961 1480.18 1480.4 1480.62 1480.649 1480.649 1480.649 1480.649 1480.649 1480.649 1480.649 1480.649 1480.649 1480.649 1480.649 1480.649 1480.649 1480.649 1480.649 1480.649 1480.649 1480.649 1480.786 1480.991 1481.196 1481.402
1478.072 1478.072 1478.072 1478.072 1478.072 1478.072 1478.072 1478.072 1478.072 1478.106 1478.152 1478.198 1478.244 1478.321 1478.54 1478.76 1478.98 1479.2 1479.282 1479.282 1479.282 1479.282 1479.282 1479.282 1479.282 1479.282 1479.282 1479.282 1479.282 1479.282 1479.282 1479.282 1479.282 1479.282 1479.282 1479.282 1479.375 1479.594 1479.814 1480.034 1480.254 1480.282 1480.282 1480.282 1480.282 1480.282 1480.282 1480.282 1480.282 1480.282 1480.282 1480.282 1480.282 1480.282 1480.282 1480.282 1480.282 1480.282 1480.282 1480.423 1480.634 1480.844 1481.055
1477.633 1477.633 1477.633 1477.633 1477.633 1477.633 1477.633 1477.633 1477.633 1477.678 1477.74 1477.802 1477.865 1477.954 1478.174 1478.394 1478.614 1478.833 1478.916 1478.916 1478.916 1478.916 1478.916 1478.916 1478.916 1478.916 1478.916 1478.916 1478.916 1478.916 1478.916 1478.916 1478.916 1478.916 1478.916 1478.916 1479.008 1479.228 1479.448 1479.668 1479.887 1479.916 1479.916 1479.916 1479.916 1479.916 1479.916 1479.916 1479.916 1479.916 1479.916 1479.916 1479.916 1479.916 1479.916 1479.916 1479.916 1479.916 1479.916 1480.06 1480.276 1480.492 1480.708
1477.17 1477.17 1477.17 1477.17 1477.17 1477.17 1477.17 1477.17 1477.17 1477.23 1477.314 1477.397 1477.481 1477.585 1477.79 1477.994 1478.198 1478.403 1478.48 1478.48 1478.48 1478.48 1478.48 1478.48 1478.48 1478.48 1478.48 1478.48 1478.48 1478.48 1478.48 1478.48 1478.495 1478.51 1478.526 1478.541 1478.642 1478.862 1479.082 1479.301 1479.521 1479.55 1479.55 1479.55 1479.55 1479.55 1479.55 1479.55 1479.55 1479.55 1479.55 1479.55 1479.55 1479.55 1479.55 1479.55 1479.55 1479.55 1479.55 1479.696 1479.916 1480.136 1480.356
1476.657 1476.657 1476.657 1476.657 1476.657 1476.657 1476.657 1476.657 1476.657 1476.741 1476.857 1476.972 1477.088 1477.211 1477.367 1477.523 1477.679 1477.835 1477.894 1477.894 1477.894 1477.894 1477.894 1477.894 1477.894 1477.894 1477.894 1477.894 1477.894 1477.894 1477.894 1477.894 1477.956 1478.019 1478.083 1478.147 1478.276 1478.496 1478.715 1478.935 1479.155 1479.184 1479.184 1479.184 1479.184 1479.184 1479.184 1479.184 1479.184 1479.184 1479.184 1479.184 1479.184 1479.184 1479.184 1479.184 1479.184 1479.184 1479.184 1479.33 1479.55 1479.77 1479.989
