data/zism_data/00875_02_D.txt
ncols         224
nrows         224
[rows 0 to 27 of 224, columns 126 to 188 of 224]
1672.788 1676.036 1679.285 1682.533 1685.314 1687.522 1689.73 1691.938 1694.146 1700.844 1707.969 1715.095 1722.22 1731.321 1743.688 1756.056 1768.423 1780.79 1783.95 1785.365 1786.779 1788.193 1785.638 1774.012 1762.385 1750.759 1739.132 1729.759 1721.066 1712.374 1703.681 1698.409 1704.472 1710.534 1716.597 1722.659 1732.332 1743.584 1754.837 1766.09 1776.408 1781.798 1787.188 1792.579 1797.969 1800.0 1800.0 1800.0 1800.0 1800.0 1800.0 1800.0 1800.0 1800.0 1800.0 1800.0 1800.0 1800.0 1799.974 1798.167 1796.36 1794.553 1792.747
1667.24 1671.041 1674.843 1678.645 1681.96 1684.678 1687.397 1690.116 1692.834 1700.087 1707.771 1715.456 1723.14 1732.647 1745.17 1757.694 1770.217 1782.74 1785.685 1786.815 1787.944 1789.073 1786.28 1774.519 1762.758 1750.998 1739.237 1729.659 1720.74 1711.822 1702.903 1697.294 1702.647 1708.0 1713.353 1718.706 1728.387 1739.963 1751.538 1763.113 1773.797 1779.784 1785.771 1791.757 1797.744 1800.0 1800.0 1800.0 1800.0 1800.0 1800.0 1800.0 1800.0 1800.0 1800.0 1800.0 1800.0 1800.0 1799.966 1797.638 1795.31 1792.982 1790.654
1661.691 1666.046 1670.401 1674.756 1678.606 1681.835 1685.064 1688.293 1691.522 1699.33 1707.573 1715.816 1724.059 1733.974 1746.653 1759.332 1772.01 1784.69 1787.421 1788.265 1789.11 1789.954 1786.921 1775.026 1763.131 1751.236 1739.341 1729.559 1720.415 1711.27 1702.126 1696.179 1700.823 1705.466 1710.11 1714.754 1724.443 1736.341 1748.238 1760.136 1771.186 1777.769 1784.353 1790.936 1797.519 1800.0 1800.0 1800.0 1800.0 1800.0 1800.0 1800.0 1800.0 1800.0 1800.0 1800.0 1800.0 1800.0 1799.959 1797.109 1794.26 1791.411 1788.561
1656.142 1661.051 1665.959 1670.868 1675.251 1678.991 1682.731 1686.471 1690.21 1698.572 1707.374 1716.176 1724.978 1735.3 1748.135 1760.97 1773.804 1786.639 1789.156 1789.715 1790.275 1790.835 1787.563 1775.534 1763.504 1751.475 1739.445 1729.459 1720.089 1710.719 1701.349 1695.064 1698.998 1702.932 1706.867 1710.801 1720.499 1732.719 1744.939 1757.159 1768.575 1775.755 1782.935 1790.115 1797.295 1800.0 1800.0 1800.0 1800.0 1800.0 1800.0 1800.0 1800.0 1800.0 1800.0 1800.0 1800.0 1800.0 1799.951 1796.581 1793.21 1789.839 1786.469
1660.259 1664.28 1668.301 1672.322 1676.412 1680.585 1684.759 1688.932 1693.106 1702.065 1711.48 1720.895 1730.31 1740.678 1752.621 1764.563 1776.506 1788.449 1790.367 1790.384 1790.402 1790.419 1786.731 1774.572 1762.412 1750.253 1738.094 1727.879 1718.252 1708.625 1698.997 1692.484 1696.288 1700.091 1703.894 1707.697 1717.639 1730.267 1742.895 1755.524 1767.329 1774.793 1782.258 1789.723 1797.187 1800.0 1800.0 1800.0 1800.0 1800.0 1800.0 1800.0 1800.0 1800.0 1799.881 1799.664 1799.447 1799.23 1798.955 1794.715 1790.475 1786.236 1781.996
1666.209 1669.069 1671.929 1674.79 1678.429 1683.021 1687.614 1692.206 1696.799 1706.364 1716.402 1726.441 1736.479 1746.825 1757.676 1768.528 1779.38 1790.231 1791.479 1790.905 1790.332 1789.758 1785.619 1773.331 1761.042 1748.754 1736.466 1726.019 1716.129 1706.238 1696.347 1689.627 1693.409 1697.191 1700.972 1704.754 1714.985 1728.038 1741.09 1754.143 1766.341 1774.031 1781.721 1789.412 1797.102 1800.0 1800.0 1800.0 1800.0 1800.0 1800.0 1800.0 1800.0 1800.0 1799.739 1799.264 1798.789 1798.314 1797.771 1792.597 1787.422 1782.247 1777.072
1672.159 1673.858 1675.558 1677.257 1680.445 1685.457 1690.469 1695.481 1700.492 1710.663 1721.325 1731.987 1742.649 1752.971 1762.732 1772.493 1782.253 1792.014 1792.591 1791.426 1790.261 1789.097 1784.507 1772.09 1759.673 1747.256 1734.838 1724.16 1714.005 1703.852 1693.698 1686.77 1690.53 1694.29 1698.051 1701.811 1712.33 1725.808 1739.285 1752.762 1765.353 1773.269 1781.185 1789.101 1797.017 1800.0 1800.0 1800.0 1800.0 1800.0 1800.0 1800.0 1800.0 1800.0 1799.596 1798.864 1798.131 1797.398 1796.588 1790.478 1784.368 1778.258 1772.148
1678.108 1678.647 1679.186 1679.725 1682.462 1687.893 1693.324 1698.755 1704.186 1714.962 1726.247 1737.532 1748.817 1759.117 1767.787 1776.457 1785.127 1793.797 1793.703 1791.947 1790.191 1788.435 1783.395 1770.849 1758.303 1745.757 1733.21 1722.3 1711.882 1701.465 1691.048 1683.913 1687.652 1691.39 1695.129 1698.868 1709.676 1723.578 1737.479 1751.382 1764.365 1772.507 1780.648 1788.79 1796.932 1800.0 1800.0 1800.0 1800.0 1800.0 1800.0 1800.0 1800.0 1800.0 1799.454 1798.464 1797.473 1796.482 1795.404 1788.359 1781.314 1774.269 1767.224
1685.535 1685.062 1684.589 1684.115 1686.447 1692.217 1697.986 1703.756 1709.526 1720.562 1732.1 1743.638 1755.176 1765.2 1772.72 1780.24 1787.759 1795.279 1794.367 1791.856 1789.345 1786.834 1781.196 1768.41 1755.623 1742.838 1730.051 1718.87 1708.172 1697.475 1686.778 1679.493 1683.509 1687.525 1691.542 1695.558 1706.833 1721.284 1735.734 1750.186 1763.656 1771.96 1780.264 1788.568 1796.871 1800.0 1800.0 1800.0 1800.0 1799.999 1799.982 1799.965 1799.948 1799.932 1799.178 1797.823 1796.468 1795.113 1793.661 1785.629 1777.595 1769.562 1761.529
1696.709 1695.601 1694.494 1693.387 1695.43 1701.334 1707.238 1713.142 1719.046 1729.466 1740.316 1751.166 1762.016 1771.122 1777.341 1783.56 1789.779 1795.999 1793.894 1790.212 1786.529 1782.846 1776.234 1762.927 1749.62 1736.313 1723.005 1711.455 1700.435 1689.416 1678.396 1671.103 1676.157 1681.21 1686.264 1691.318 1703.51 1718.826 1734.142 1749.458 1763.656 1771.96 1780.264 1788.568 1796.871 1800.0 1800.0 1800.0 1800.0 1799.993 1799.918 1799.842 1799.766 1799.69 1798.561 1796.572 1794.583 1792.594 1790.5 1781.344 1772.188 1763.032 1753.875
1707.882 1706.141 1704.4 1702.658 1704.412 1710.45 1716.489 1722.527 1728.565 1738.369 1748.531 1758.694 1768.856 1777.043 1781.961 1786.88 1791.799 1796.718 1793.422 1788.567 1783.713 1778.859 1771.273 1757.445 1743.616 1729.788 1715.959 1704.041 1692.698 1681.356 1670.014 1662.714 1668.805 1674.896 1680.987 1687.077 1700.187 1716.369 1732.55 1748.731 1763.656 1771.96 1780.264 1788.568 1796.871 1800.0 1800.0 1800.0 1800.0 1799.988 1799.853 1799.718 1799.583 1799.449 1797.943 1795.32 1792.697 1790.074 1787.34 1777.06 1766.781 1756.501 1746.222
1719.056 1716.681 1714.305 1711.93 1713.395 1719.568 1725.74 1731.913 1738.086 1747.273 1756.747 1766.222 1775.696 1782.964 1786.582 1790.201 1793.819 1797.437 1792.949 1786.923 1780.897 1774.871 1766.312 1751.963 1737.613 1723.263 1708.913 1696.626 1684.961 1673.297 1661.632 1654.325 1661.453 1668.581 1675.709 1682.837 1696.864 1713.911 1730.957 1748.004 1763.656 1771.96 1780.264 1788.568 1796.871 1800.0 1800.0 1800.0 1800.0 1799.983 1799.789 1799.595 1799.401 1799.207 1797.326 1794.069 1790.811 1787.554 1784.179 1772.776 1761.373 1749.971 1738.568
1730.23 1727.221 1724.211 1721.201 1722.378 1728.684 1734.992 1741.299 1747.606 1756.177 1764.963 1773.75 1782.536 1788.886 1791.203 1793.521 1795.839 1798.156 1792.476 1785.278 1778.081 1770.884 1761.351 1746.48 1731.609 1716.738 1701.867 1689.211 1677.224 1665.237 1653.25 1645.936 1654.101 1662.266 1670.431 1678.596 1693.541 1711.453 1729.365 1747.276 1763.656 1771.96 1780.264 1788.568 1796.871 1800.0 1800.0 1800.0 1800.0 1799.978 1799.725 1799.472 1799.219 1798.965 1796.708 1792.817 1788.926 1785.034 1781.017 1768.492 1755.966 1743.44 1730.914
1741.677 1739.046 1736.415 1733.783 1734.842 1740.422 1746.003 1751.584 1757.165 1764.401 1771.795 1779.189 1786.583 1791.579 1792.607 1793.636 1794.665 1795.694 1789.089 1781.035 1772.982 1764.928 1754.836 1740.082 1725.328 1710.575 1695.821 1682.957 1670.663 1658.369 1646.075 1638.738 1647.82 1656.901 1665.983 1675.064 1690.787 1709.416 1728.045 1746.674 1763.656 1771.96 1780.264 1788.568 1796.871 1800.0 1800.0 1800.0 1800.0 1799.951 1799.385 1798.82 1798.255 1797.689 1794.677 1789.669 1784.66 1779.652 1774.53 1761.703 1748.875 1736.048 1723.22
1753.228 1751.36 1749.492 1747.624 1748.629 1753.157 1757.684 1762.212 1766.739 1772.368 1778.101 1783.835 1789.568 1793.045 1792.789 1792.534 1792.278 1792.023 1784.594 1775.804 1767.014 1758.225 1747.73 1733.336 1718.942 1704.549 1690.155 1677.143 1664.548 1651.954 1639.359 1631.992 1641.944 1651.896 1661.849 1671.801 1688.248 1707.539 1726.828 1746.118 1763.656 1771.96 1780.264 1788.568 1796.871 1800.0 1800.0 1800.0 1800.0 1799.915 1798.942 1797.968 1796.994 1796.02 1792.108 1785.799 1779.49 1773.181 1766.778 1753.962 1741.145 1728.328 1715.512
1764.779 1763.674 1762.569 1761.464 1762.416 1765.89 1769.365 1772.839 1776.313 1780.334 1784.407 1788.48 1792.553 1794.511 1792.971 1791.431 1789.891 1788.352 1780.099 1770.573 1761.047 1751.521 1740.624 1726.59 1712.557 1698.523 1684.489 1671.33 1658.434 1645.538 1632.642 1625.247 1636.07 1646.892 1657.715 1668.538 1685.71 1705.661 1725.611 1745.563 1763.656 1771.96 1780.264 1788.568 1796.871 1800.0 1800.0 1800.0 1800.0 1799.88 1798.498 1797.115 1795.733 1794.351 1789.539 1781.93 1774.321 1766.711 1759.026 1746.221 1733.415 1720.609 1707.803
1776.33 1775.988 1775.646 1775.304 1776.204 1778.625 1781.046 1783.466 1785.887 1788.301 1790.713 1793.126 1795.538 1795.977 1793.153 1790.329 1787.505 1784.68 1775.604 1765.342 1755.08 1744.818 1733.518 1719.844 1706.171 1692.497 1678.823 1665.516 1652.319 1639.123 1625.926 1618.501 1630.195 1641.888 1653.581 1665.274 1683.171 1703.783 1724.395 1745.007 1763.656 1771.96 1780.264 1788.568 1796.871 1800.0 1800.0 1800.0 1800.0 1799.844 1798.054 1796.263 1794.473 1792.682 1786.971 1778.061 1769.151 1760.241 1751.274 1738.48 1725.684 1712.89 1700.094
1786.183 1786.547 1786.911 1787.275 1788.143 1789.63 1791.117 1792.604 1794.09 1794.931 1795.709 1796.488 1797.267 1796.167 1791.958 1787.749 1783.54 1779.331 1769.526 1758.66 1747.795 1736.929 1725.338 1712.089 1698.84 1685.591 1672.342 1659.232 1646.163 1633.095 1620.026 1612.885 1625.378 1637.871 1650.364 1662.857 1681.282 1702.302 1723.322 1744.343 1763.336 1771.646 1779.956 1788.266 1796.576 1799.682 1799.641 1799.599 1799.558 1799.324 1797.07 1794.816 1792.561 1790.307 1783.735 1773.643 1763.551 1753.459 1743.329 1730.624 1717.92 1705.215 1692.51
1787.547 1788.33 1789.113 1789.896 1790.843 1791.991 1793.14 1794.288 1795.436 1794.878 1794.158 1793.437 1792.717 1789.971 1783.876 1777.781 1771.686 1765.59 1755.535 1744.728 1733.922 1723.115 1711.793 1699.291 1686.789 1674.287 1661.784 1650.593 1639.798 1629.002 1618.207 1612.915 1625.854 1638.793 1651.733 1664.672 1682.638 1702.804 1722.969 1743.135 1761.417 1769.764 1778.112 1786.459 1794.807 1797.773 1797.484 1797.196 1796.907 1796.384 1793.387 1790.391 1787.395 1784.399 1777.17 1766.486 1755.803 1745.12 1734.414 1722.199 1709.983 1697.767 1685.552
1788.911 1790.113 1791.315 1792.518 1793.543 1794.353 1795.163 1795.972 1796.782 1794.826 1792.606 1790.386 1788.167 1783.776 1775.794 1767.813 1759.831 1751.85 1741.543 1730.796 1720.048 1709.301 1698.247 1686.492 1674.736 1662.982 1651.226 1641.955 1633.432 1624.91 1616.388 1612.945 1626.331 1639.716 1653.101 1666.486 1683.993 1703.305 1722.616 1741.927 1759.497 1767.882 1776.267 1784.652 1793.037 1795.863 1795.328 1794.792 1794.257 1793.443 1789.705 1785.967 1782.229 1778.492 1770.603 1759.329 1748.054 1736.78 1725.499 1713.772 1702.046 1690.319 1678.593
1790.275 1791.896 1793.518 1795.139 1796.243 1796.714 1797.186 1797.657 1798.128 1794.773 1791.054 1787.335 1783.616 1777.58 1767.713 1757.844 1747.977 1738.109 1727.552 1716.863 1706.175 1695.486 1684.701 1673.693 1662.684 1651.677 1640.668 1633.316 1627.067 1620.818 1614.568 1612.976 1626.807 1640.638 1654.469 1668.301 1685.349 1703.806 1722.263 1740.72 1757.577 1766.0 1774.422 1782.845 1791.268 1793.954 1793.171 1792.389 1791.606 1790.501 1786.022 1781.543 1777.064 1772.585 1764.037 1752.172 1740.306 1728.441 1716.584 1705.346 1694.109 1682.871 1671.634
1791.639 1793.679 1795.72 1797.76 1798.943 1799.076 1799.208 1799.341 1799.473 1794.72 1789.502 1784.284 1779.066 1771.385 1759.631 1747.877 1736.123 1724.369 1713.56 1702.931 1692.302 1681.672 1671.155 1660.894 1650.633 1640.372 1630.11 1624.677 1620.701 1616.725 1612.749 1613.006 1627.283 1641.56 1655.838 1670.115 1686.705 1704.308 1721.91 1739.512 1755.657 1764.118 1772.578 1781.039 1789.499 1792.045 1791.015 1789.985 1788.955 1787.56 1782.34 1777.119 1771.898 1766.677 1757.471 1745.015 1732.558 1720.101 1707.669 1696.921 1686.172 1675.424 1664.675
1788.981 1791.319 1793.658 1795.997 1797.458 1797.844 1798.23 1798.616 1799.002 1793.266 1786.948 1780.63 1774.311 1765.433 1752.323 1739.213 1726.102 1712.992 1701.904 1691.2 1680.496 1669.791 1659.456 1649.965 1640.474 1630.982 1621.491 1617.517 1615.209 1612.901 1610.594 1612.124 1626.37 1640.615 1654.861 1669.107 1684.997 1701.608 1718.219 1734.829 1750.143 1758.618 1767.093 1775.568 1784.043 1786.527 1785.387 1784.247 1783.107 1781.578 1775.959 1770.34 1764.721 1759.102 1749.656 1737.09 1724.522 1711.955 1699.42 1689.069 1678.718 1668.367 1658.016
1783.737 1786.296 1788.855 1791.414 1793.282 1794.302 1795.322 1796.342 1797.362 1790.911 1783.75 1776.587 1769.425 1759.639 1745.513 1731.386 1717.261 1703.134 1691.749 1680.884 1670.018 1659.153 1648.944 1640.238 1631.531 1622.824 1614.117 1611.308 1610.279 1609.25 1608.222 1610.656 1624.563 1638.47 1652.378 1666.285 1681.321 1696.851 1712.381 1727.912 1742.318 1750.793 1759.268 1767.743 1776.218 1778.688 1777.527 1776.365 1775.204 1773.639 1767.843 1762.047 1756.251 1750.454 1741.039 1728.671 1716.302 1703.934 1691.6 1681.588 1671.575 1661.563 1651.55
1778.494 1781.273 1784.052 1786.832 1789.106 1790.76 1792.414 1794.068 1795.723 1788.557 1780.551 1772.545 1764.539 1753.844 1738.703 1723.561 1708.419 1693.277 1681.595 1670.568 1659.541 1648.515 1638.433 1630.511 1622.589 1614.667 1606.744 1605.099 1605.349 1605.599 1605.85 1609.188 1622.757 1636.325 1649.894 1663.462 1677.644 1692.094 1706.544 1720.995 1734.493 1742.968 1751.443 1759.918 1768.393 1770.849 1769.667 1768.484 1767.301 1765.701 1759.728 1753.754 1747.781 1741.807 1732.421 1720.252 1708.082 1695.913 1683.78 1674.106 1664.432 1654.758 1645.084
1773.25 1776.25 1779.25 1782.249 1784.929 1787.218 1789.506 1791.795 1794.083 1786.202 1777.352 1768.503 1759.653 1748.05 1731.893 1715.735 1699.578 1683.42 1671.44 1660.252 1649.064 1637.876 1627.921 1620.784 1613.646 1606.508 1599.371 1598.89 1600.419 1601.948 1603.478 1607.72 1620.95 1634.18 1647.41 1660.64 1673.967 1687.338 1700.707 1714.078 1726.667 1735.143 1743.618 1752.093 1760.568 1763.011 1761.806 1760.602 1759.398 1757.763 1751.612 1745.461 1739.31 1733.16 1723.803 1711.833 1699.862 1687.892 1675.959 1666.624 1657.289 1647.953 1638.618
1767.601 1770.815 1774.029 1777.243 1780.353 1783.333 1786.314 1789.295 1792.276 1783.776 1774.184 1764.591 1754.998 1742.581 1725.494 1708.406 1691.319 1674.231 1661.951 1650.581 1639.212 1627.843 1617.977 1611.549 1605.12 1598.691 1592.262 1592.841 1595.536 1598.231 1600.926 1605.97 1618.8 1631.63 1644.459 1657.288 1669.778 1682.119 1694.459 1706.8 1718.525 1727.002 1735.479 1743.957 1752.434 1754.866 1753.644 1752.421 1751.198 1749.534 1743.227 1736.92 1730.613 1724.306 1714.991 1703.224 1691.456 1679.688 1667.961 1658.948 1649.935 1640.923 1631.91
1754.368 1757.684 1761.0 1764.316 1768.283 1773.048 1777.813 1782.578 1787.343 1780.034 1771.575 1763.116 1754.657 1743.201 1726.792 1710.381 1693.971 1677.561 1664.918 1652.99 1641.062 1629.134 1618.663 1611.525 1604.387 1597.249 1590.111 1589.791 1591.529 1593.267 1595.006 1598.954 1610.226 1621.496 1632.768 1644.039 1655.997 1668.258 1680.518 1692.778 1704.442 1712.962 1721.482 1730.003 1738.523 1740.998 1739.819 1738.639 1737.459 1735.855 1729.79 1723.725 1717.659 1711.594 1702.542 1691.054 1679.566 1668.078 1656.626 1647.64 1638.654 1629.669 1620.683
