data/zism_data/00874_02_D.txt
ncols         224
nrows         224
[rows 56 to 83 of 224, columns 126 to 188 of 224]
737.5262 738.2164 738.9065 739.5966 740.072 733.3516 726.6309 719.9105 713.1898 707.1009 701.7006 696.3004 690.9003 685.4999 683.8567 682.5068 681.1571 679.8073 679.9267 682.4758 685.0249 687.574 690.1231 690.7861 691.052 691.3179 691.5839 690.7489 687.0167 683.2847 679.5526 675.8204 670.2614 664.0079 657.7546 651.5011 646.007 644.1193 642.2316 640.3438 638.4561 646.6638 660.9764 675.2885 689.601 703.6559 714.4188 725.1813 735.9439 746.7068 755.2077 761.6355 768.063 774.4908 780.9184 784.5466 788.0911 791.6356 795.1801 796.8881 796.0628 795.2375 794.4122
745.5541 745.4534 745.3528 745.2521 744.9196 736.8206 728.7213 720.6223 712.523 704.9609 697.9843 691.0079 684.0316 677.0549 674.7226 672.7529 670.7833 668.8137 668.9515 672.5746 676.1978 679.8208 683.444 684.6954 685.4476 686.1998 686.9519 686.2559 681.749 677.2421 672.7353 668.2283 662.6379 656.6356 650.6334 644.631 639.4095 637.8958 636.3821 634.8684 633.3547 641.4236 655.2874 669.1506 683.0143 696.6618 707.5476 718.433 729.3185 740.2043 749.1626 756.3545 763.5461 770.738 777.9297 782.1974 786.3777 790.5581 794.7385 796.6647 795.4813 794.2981 793.1148
753.5823 752.6907 751.7993 750.9078 749.7673 740.2897 730.8118 721.3342 711.8562 702.821 694.268 685.7153 677.1627 668.6097 665.5881 662.9986 660.4092 657.8196 657.9758 662.6732 667.3702 672.0674 676.7647 678.6046 679.843 681.0814 682.3198 681.7629 676.481 671.1993 665.9177 660.6359 655.0141 649.2629 643.512 637.7607 632.8118 631.6721 630.5324 629.3928 628.2531 636.1833 649.5981 663.0126 676.4274 689.6675 700.6762 711.6846 722.6929 733.7017 743.1174 751.0734 759.0291 766.9851 774.9408 779.8482 784.6644 789.4806 794.2969 796.4412 794.8999 793.3586 791.8173
761.6102 759.9279 758.2455 756.5632 754.6149 743.7587 732.9022 722.046 711.1894 700.681 690.5518 680.4229 670.294 660.1647 656.454 653.2446 650.0353 646.8259 647.0006 652.772 658.5431 664.3143 670.0856 672.5139 674.2386 675.9633 677.6879 677.2699 671.2133 665.1568 659.1003 653.0437 647.3906 641.8906 636.3907 630.8907 626.2142 625.4485 624.683 623.9174 623.1517 630.9432 643.9092 656.8747 669.8407 682.6733 693.805 704.9363 716.0675 727.1992 737.0723 745.7924 754.5122 763.2323 771.9521 777.4991 782.9511 788.4031 793.8554 796.2178 794.3184 792.4192 790.5198
765.2405 762.2247 759.209 756.1934 752.9068 740.551 728.1947 715.8389 703.4826 692.0148 681.5153 671.0162 660.5172 650.0177 646.3711 643.2596 640.1484 637.0369 637.5264 643.9712 650.4157 656.8602 663.305 666.7555 669.5757 672.3959 675.2162 675.666 669.8779 664.09 658.3022 652.5141 647.7399 643.3508 638.9619 634.5728 630.879 630.4874 630.0958 629.7042 629.3126 636.3047 647.7617 659.2184 670.6755 682.054 692.4321 702.8098 713.1876 723.5656 733.3986 742.7326 752.0663 761.4002 770.7339 776.4055 781.9676 787.5297 793.0919 795.1431 792.3515 789.56 786.7684
767.638 763.1367 758.6355 754.1343 749.3608 735.4714 721.5815 707.692 693.8021 681.5189 670.9873 660.4562 649.925 639.3935 636.0221 633.2099 630.3978 627.5857 628.473 635.4789 642.4846 649.4902 656.496 661.0902 665.1769 669.2634 673.3501 674.8721 669.6451 664.4183 659.1914 653.9644 650.3244 647.2872 644.2502 641.213 638.7011 638.6835 638.666 638.6485 638.6309 644.6384 654.2894 663.9399 673.5908 683.2217 692.6005 701.9791 711.3575 720.7364 730.3898 740.2955 750.2009 760.1067 770.0121 775.6639 781.1886 786.7133 792.2382 793.8298 789.9962 786.1627 782.329
770.0355 764.0486 758.062 752.0753 745.8148 730.3918 714.9682 699.5452 684.1216 671.0229 660.4594 649.8961 639.3329 628.7693 625.6731 623.1602 620.6473 618.1344 619.4197 626.9866 634.5533 642.1201 649.687 655.4249 660.778 666.1309 671.4839 674.0781 669.4122 664.7465 660.0807 655.4148 652.9089 651.2237 649.5385 647.8533 646.5233 646.8798 647.2363 647.5928 647.9493 652.9722 660.817 668.6614 676.5062 684.3894 692.769 701.1483 709.5276 717.9072 727.381 737.8585 748.3356 758.8131 769.2902 774.9224 780.4097 785.897 791.3845 792.5164 787.6408 782.7653 777.8897
772.433 764.9606 757.4883 750.0162 742.2687 725.3121 708.355 691.3984 674.4412 660.527 649.9313 639.336 628.7407 618.1451 615.3241 613.1104 610.8968 608.6831 610.3663 618.4944 626.6221 634.7499 642.878 649.7596 656.3791 662.9984 669.6179 673.2842 669.1793 665.0746 660.97 656.8651 655.4934 655.1602 654.8269 654.4937 654.3454 655.076 655.8065 656.537 657.2676 661.3059 667.3445 673.3829 679.4215 685.5571 692.9374 700.3176 707.6976 715.0779 724.3721 735.4214 746.4703 757.5195 768.5684 774.1808 779.6307 785.0806 790.5307 791.2031 785.2855 779.368 773.4504
771.5845 763.1718 754.7592 746.3467 737.6678 720.0757 702.483 684.891 667.2983 653.2325 643.0131 632.794 622.575 612.3555 609.874 607.9969 606.1199 604.2427 606.2849 614.8088 623.3326 631.8563 640.3803 647.9658 655.354 662.7419 670.1302 674.4672 670.7753 667.0835 663.3917 659.6998 659.2386 660.005 660.7714 661.5379 662.3663 663.489 664.6117 665.7344 666.8571 670.1164 674.6678 679.2191 683.7706 688.4717 695.0927 701.7133 708.3339 714.9548 723.9888 735.2354 746.4816 757.7282 768.9744 774.1927 779.2308 784.2689 789.3072 789.2987 782.3289 775.3593 768.3894
758.6476 751.325 744.0026 736.6801 729.1382 714.2554 699.3719 684.489 669.6056 657.8604 649.538 641.2158 632.8936 624.5712 622.6682 621.2667 619.8652 618.4636 620.7195 629.0245 637.3291 645.6337 653.9386 660.5899 666.8934 673.1967 679.5001 683.0128 679.1819 675.3513 671.5205 667.6896 667.3063 668.2331 669.1599 670.0866 671.1273 672.7096 674.2918 675.874 677.4562 680.7023 684.9545 689.2065 693.4587 697.8921 704.6465 711.4008 718.155 724.9095 733.3829 743.4326 753.4818 763.5315 773.5808 777.0106 780.2426 783.4745 786.7067 785.193 777.133 769.0733 761.0134
745.7108 739.4782 733.2458 727.0135 720.6087 708.435 696.2608 684.087 671.9129 662.4884 656.0629 649.6376 643.2123 636.7867 635.4623 634.5364 633.6105 632.6846 635.1543 643.2401 651.3256 659.4111 667.4969 673.2141 678.4327 683.6513 688.8701 691.5585 687.5887 683.619 679.6493 675.6795 675.3741 676.4612 677.5482 678.6353 679.8884 681.9302 683.9719 686.0137 688.0555 691.2881 695.2411 699.194 703.147 707.3124 714.2005 721.0883 727.9761 734.8642 742.777 751.6297 760.4821 769.3348 778.1871 779.8284 781.2543 782.6802 784.1061 781.0873 771.9372 762.7874 753.6373
732.7739 727.6315 722.4892 717.3469 712.0792 702.6146 693.1497 683.6851 674.2202 667.1164 662.5878 658.0594 653.5309 649.0023 648.2565 647.8062 647.3558 646.9055 649.589 657.4557 665.3221 673.1885 681.0552 685.8382 689.9722 694.106 698.2399 700.1041 695.9954 691.8867 687.7781 683.6694 683.4419 684.6893 685.9366 687.184 688.6494 691.1508 693.652 696.1533 698.6547 701.8741 705.5278 709.1814 712.8351 716.7328 723.7545 730.7758 737.7972 744.8189 752.1711 759.8268 767.4823 775.1381 782.7935 782.6462 782.2661 781.8858 781.5056 776.9816 766.7413 756.5015 746.2614
719.837 715.7847 711.7325 707.6803 703.5496 696.7942 690.0385 683.2831 676.5275 671.7444 669.1127 666.4811 663.8496 661.218 661.0507 661.0759 661.1011 661.1263 664.0237 671.6713 679.3186 686.9659 694.6135 698.4623 701.5115 704.5607 707.6099 708.6498 704.402 700.1545 695.9069 691.6592 691.5096 692.9174 694.325 695.7327 697.4105 700.3714 703.3322 706.293 709.2539 712.46 715.8145 719.1688 722.5234 726.1531 733.3083 740.4634 747.6183 754.7736 761.5652 768.024 774.4825 780.9413 787.3998 785.4641 783.2778 781.0914 778.905 772.8759 761.5455 750.2156 738.8853
714.1727 711.5502 708.9279 706.3055 703.6262 699.0445 694.4626 689.8809 685.299 682.3749 681.2592 680.1436 679.0279 677.9122 678.2385 678.6776 679.1166 679.5556 682.3036 688.8706 695.4374 702.0042 708.5712 710.837 712.1974 713.5579 714.9183 714.649 710.0907 705.5326 700.9745 696.4163 696.3595 698.0133 699.6671 701.3209 703.3081 706.8796 710.4509 714.0222 717.5937 721.2476 724.9515 728.6554 732.3594 736.27 742.8277 749.3853 755.9427 762.5005 767.868 772.1448 776.4216 780.6984 784.975 781.3089 777.4058 773.5026 769.5993 762.2869 750.2715 738.2565 726.2411
712.558 711.5546 710.5513 709.548 708.4954 705.7892 703.0829 700.3768 697.6705 696.3486 696.5367 696.7247 696.9128 697.101 697.8737 698.6921 699.5106 700.329 702.7255 707.7321 712.7386 717.745 722.7516 723.0732 722.4084 721.7438 721.079 719.2303 714.266 709.3018 704.3375 699.3732 699.4175 701.3652 703.3129 705.2606 707.6115 711.8775 716.1435 720.4094 724.6755 729.0341 733.4488 737.8633 742.278 746.775 752.3281 757.8811 763.434 768.9871 772.4496 773.9959 775.5422 777.0884 778.6347 773.2705 767.7001 762.1298 756.5593 748.0873 735.6123 723.1378 710.6628
710.9433 711.5591 712.1748 712.7905 713.3643 712.5336 711.7029 710.8723 710.0416 710.3217 711.8136 713.3054 714.7972 716.2891 717.5082 718.706 719.9038 721.1016 723.1467 726.593 730.0391 733.4854 736.9316 735.309 732.6191 729.9294 727.2395 723.8116 718.4411 713.0708 707.7004 702.33 702.4755 704.717 706.9586 709.2002 711.9146 716.8753 721.8359 726.7964 731.7571 736.8203 741.9457 747.0709 752.1963 757.2797 761.8282 766.3766 770.925 775.4735 777.0311 775.8469 774.6628 773.4786 772.2946 765.2324 757.9949 750.7574 743.5197 733.8881 720.9536 708.0196 695.0851
709.3287 711.5635 713.7982 716.033 718.2333 719.2781 720.323 721.3679 722.4127 724.2949 727.0905 729.886 732.6815 735.4772 737.1426 738.7198 740.2971 741.8743 743.5678 745.4538 747.3397 749.2256 751.1116 747.5447 742.8298 738.115 733.4 728.3928 722.6162 716.8398 711.0634 705.2867 705.5334 708.0688 710.6042 713.1398 716.2177 721.8731 727.5283 733.1834 738.8388 744.6066 750.4426 756.2785 762.1146 767.7844 771.3284 774.8721 778.416 781.9599 781.6125 777.6979 773.7834 769.8689 765.9544 757.1942 748.2896 739.3851 730.4802 719.689 706.2949 692.9014 679.5073
708.2675 712.0839 715.9002 719.7166 723.5025 726.2684 729.0344 731.8002 734.5662 737.9177 741.9083 745.8987 749.8892 753.8798 755.9327 757.8343 759.7358 761.6375 762.9414 763.257 763.5724 763.888 764.2035 758.7645 752.1136 745.4631 738.8123 732.3162 726.2263 720.1367 714.0469 707.957 708.368 711.2492 714.1304 717.0117 720.4954 726.8414 733.1873 739.5332 745.8793 752.289 758.7375 765.1857 771.6342 777.792 780.2319 782.6716 785.1114 787.5513 785.2766 778.6799 772.0835 765.4868 758.8904 748.5082 738.0134 727.5185 717.0233 705.1959 691.5299 677.8644 664.1985
714.2339 719.1566 724.079 729.0014 733.8546 736.3799 738.9055 741.4309 743.9564 747.093 750.8966 754.7 758.5034 762.307 763.9995 765.527 767.0546 768.5822 769.0126 767.6289 766.2452 764.8615 763.4777 757.081 749.6287 742.1766 734.7243 727.8857 722.6615 717.4374 712.2134 706.9892 708.3664 712.2523 716.138 720.0239 724.449 731.4363 738.4234 745.4105 752.3978 758.6528 764.4654 770.2778 776.0904 781.4869 781.5595 781.6321 781.7047 781.7773 777.2916 768.627 759.9627 751.2981 742.6338 731.595 720.4856 709.3762 698.2664 686.9698 675.4147 663.8599 652.3047
720.2004 726.2292 732.2578 738.2863 744.2065 746.4915 748.7766 751.0615 753.3466 756.2683 759.8848 763.5013 767.1177 770.7343 772.0662 773.2197 774.3732 775.5267 775.0839 772.0009 768.9179 765.8349 762.7519 755.3975 747.1437 738.8901 730.6362 723.4553 719.0967 714.7383 710.3799 706.0213 708.3649 713.2553 718.1456 723.0361 728.4026 736.0311 743.6594 751.2877 758.9163 765.0167 770.1934 775.3699 780.5466 785.1818 782.8871 780.5926 778.298 776.0034 769.3066 758.5741 747.8419 737.1094 726.3773 714.6817 702.9578 691.2339 679.5096 668.7439 659.2994 649.8553 640.4109
726.167 733.3019 740.4365 747.5712 754.5585 756.603 758.6476 760.6921 762.7368 765.4436 768.8731 772.3026 775.7319 779.1615 780.1329 780.9125 781.6919 782.4714 781.1552 776.3728 771.5906 766.8084 762.0261 753.7141 744.6587 735.6036 726.5482 719.0248 715.5319 712.0391 708.5463 705.0534 708.3633 714.2584 720.1533 726.0483 732.3562 740.626 748.8955 757.165 765.4348 771.3805 775.9213 780.462 785.0028 788.8766 784.2148 779.553 774.8914 770.2294 761.3217 748.5212 735.7212 722.9207 710.1207 697.7684 685.4301 673.0916 660.7527 650.5179 643.1842 635.8508 628.5171
732.1335 740.3745 748.6153 756.8561 764.9105 766.7146 768.5187 770.3228 772.1269 774.6189 777.8614 781.1038 784.3462 787.5887 788.1997 788.6052 789.0106 789.416 787.2264 780.7448 774.2633 767.7819 761.3002 752.0306 742.1737 732.3171 722.4601 714.5943 711.967 709.3399 706.7128 704.0855 708.3617 715.2614 722.1609 729.0606 736.3099 745.2208 754.1315 763.0422 771.9532 777.7443 781.6493 785.5541 789.459 792.5715 785.5424 778.5135 771.4846 764.4555 753.3367 738.4683 723.6004 708.732 693.8641 680.8552 667.9023 654.9493 641.9959 632.2919 627.069 621.8462 616.6233
737.894 746.7379 755.5815 764.4252 773.0568 774.5746 776.0925 777.6104 779.1282 781.2193 783.9357 786.652 789.3683 792.0848 791.754 791.1852 790.6165 790.0477 786.8227 779.2042 771.586 763.9678 756.3494 747.2582 737.8565 728.4552 719.0535 711.8907 710.619 709.3473 708.0756 706.8038 711.9609 719.561 727.161 734.7612 742.5396 751.166 759.7922 768.4183 777.0447 781.7957 784.2036 786.6113 789.0191 790.6105 781.7524 772.8947 764.0368 755.1787 742.7733 727.1152 711.4578 695.7997 680.1423 667.5016 654.9514 642.4012 629.8506 621.3237 618.3461 615.3686 612.391
743.4515 752.4023 761.3528 770.3033 779.0291 780.2156 781.4022 782.5888 783.7754 785.2821 787.1382 788.9943 790.8503 792.7064 790.8612 788.7267 786.5923 784.4579 780.0377 771.8367 763.6362 755.4355 747.2347 739.4414 731.7336 724.0261 716.3184 710.8892 711.4557 712.0222 712.5886 713.1551 719.1086 727.1096 735.1103 743.1112 751.0125 758.442 765.8713 773.3005 780.73 783.5681 783.63 783.692 783.7539 783.0754 772.9189 762.7626 752.6063 742.4498 729.6686 714.4808 699.2936 684.1058 668.9186 657.6561 646.5114 635.3665 624.2213 617.5084 616.9088 616.3091 615.7094
749.009 758.0667 767.1241 776.1815 785.0013 785.8566 786.7119 787.5672 788.4225 789.345 790.3408 791.3365 792.3323 793.3281 789.9683 786.2682 782.5682 778.868 773.2526 764.4693 755.6863 746.9033 738.1199 731.6246 725.6108 719.5971 713.5833 709.8877 712.2924 714.697 717.1016 719.5063 726.2564 734.6581 743.0596 751.4612 759.4855 765.718 771.9503 778.1827 784.4152 785.3404 783.0565 780.7726 778.4887 775.5403 764.0853 752.6306 741.1758 729.7208 716.564 701.8464 687.1295 672.4119 657.6949 647.8107 638.0712 628.3317 618.5919 613.6931 615.4714 617.2496 619.0278
754.5664 763.731 772.8953 782.0596 790.9737 791.4977 792.0217 792.5456 793.0696 793.4078 793.5433 793.6788 793.8143 793.9498 789.0755 783.8096 778.544 773.2781 766.4676 757.1019 747.7364 738.371 729.0052 723.8079 719.4879 715.1681 710.8481 708.8861 713.129 717.3718 721.6146 725.8575 733.4042 742.2067 751.0089 759.8113 767.9584 772.994 778.0294 783.0649 788.1005 787.1128 782.483 777.8533 773.2235 768.0052 755.2517 742.4985 729.7454 716.9918 703.4594 689.212 674.9653 660.718 646.4711 637.9653 629.6311 621.297 612.9625 609.8778 614.034 618.1901 622.3463
760.1241 769.3956 778.6667 787.9379 796.9462 797.1389 797.3315 797.5242 797.7169 797.4708 796.7459 796.0211 795.2963 794.5715 788.1826 781.351 774.5197 767.688 759.6824 749.7341 739.7863 729.8384 719.8901 715.9908 713.3649 710.7389 708.1129 707.8845 713.9658 720.0468 726.1277 732.209 740.5522 749.7555 758.9584 768.1616 776.4316 780.2703 784.1087 787.9472 791.7858 788.8852 781.9094 774.9339 767.9582 760.4699 746.4178 732.3661 718.3145 704.2624 690.3542 676.5772 662.8007 649.0236 635.2471 628.1195 621.1907 614.262 607.3329 606.0624 612.5966 619.1306 625.6648
756.815 766.418 776.0207 785.6234 794.9633 795.4886 796.014 796.5393 797.0647 796.8864 795.9403 794.9942 794.0482 793.1021 786.7731 780.0234 773.274 766.5242 758.9276 749.9297 740.932 731.9344 722.9365 719.7768 717.8461 715.9155 713.9849 714.4297 721.1259 727.8219 734.5179 741.2141 748.9897 757.1758 765.3616 773.5477 780.6704 782.743 784.8155 786.888 788.9606 784.1816 775.2595 766.3376 757.4155 748.1342 734.2514 720.3691 706.4868 692.604 679.5067 667.1284 654.7505 642.3723 629.9944 625.072 620.3723 615.6725 610.9726 611.406 618.9202 626.4341 633.9482
