data/zism_data/00875_01_D.txt
ncols         224
nrows         224
[rows 29 to 57 of 224, columns 64 to 127 of 224]
1673.988 1664.964 1655.941 1646.917 1643.011 1640.649 1638.287 1635.926 1633.168 1629.098 1625.029 1620.959 1616.89 1613.229 1609.748 1606.266 1602.785 1599.766 1599.184 1598.603 1598.021 1597.44 1597.118 1596.955 1596.791 1596.627 1596.498 1596.735 1596.972 1597.208 1597.445 1597.646 1597.818 1597.99 1598.161 1598.333 1598.496 1598.659 1598.823 1598.986 1599.324 1599.853 1600.383 1600.912 1601.442 1602.452 1603.491 1604.531 1605.571 1606.604 1607.626 1608.648 1609.67 1610.693 1611.94 1613.221 1614.502 1615.783 1618.655 1624.71 1630.764 1636.819 1642.874 1651.575
1673.956 1666.141 1658.327 1650.513 1647.791 1646.606 1645.421 1644.236 1642.16 1637.134 1632.108 1627.082 1622.056 1617.439 1613.001 1608.563 1604.125 1600.278 1599.546 1598.814 1598.082 1597.35 1596.949 1596.747 1596.546 1596.345 1596.18 1596.406 1596.632 1596.858 1597.084 1597.298 1597.502 1597.706 1597.91 1598.114 1598.266 1598.418 1598.571 1598.723 1599.005 1599.426 1599.848 1600.27 1600.692 1601.276 1601.87 1602.463 1603.057 1603.609 1604.099 1604.589 1605.08 1605.57 1606.687 1607.898 1609.109 1610.32 1613.497 1620.605 1627.713 1634.821 1641.929 1651.482
1679.128 1672.433 1665.737 1659.042 1657.03 1656.431 1655.833 1655.234 1653.34 1647.154 1640.967 1634.781 1628.594 1622.813 1617.209 1611.605 1606.002 1601.138 1600.176 1599.214 1598.252 1597.29 1596.781 1596.544 1596.308 1596.072 1595.875 1596.093 1596.31 1596.528 1596.746 1596.971 1597.202 1597.433 1597.664 1597.895 1598.103 1598.311 1598.519 1598.726 1599.026 1599.425 1599.824 1600.223 1600.622 1600.964 1601.303 1601.641 1601.979 1602.367 1602.829 1603.29 1603.752 1604.213 1605.83 1607.62 1609.41 1611.2 1615.066 1623.084 1631.102 1639.121 1647.139 1657.289
1689.657 1683.988 1678.319 1672.65 1670.86 1670.24 1669.62 1669.0 1666.771 1659.214 1651.658 1644.101 1636.544 1629.385 1622.4 1615.415 1608.43 1602.356 1601.082 1599.809 1598.535 1597.262 1596.614 1596.346 1596.077 1595.809 1595.582 1595.794 1596.007 1596.219 1596.432 1596.666 1596.919 1597.171 1597.424 1597.677 1598.009 1598.34 1598.672 1599.003 1599.398 1599.862 1600.325 1600.789 1601.253 1601.542 1601.822 1602.101 1602.38 1602.932 1603.882 1604.832 1605.783 1606.733 1609.498 1612.535 1615.571 1618.608 1623.56 1632.341 1641.122 1649.904 1658.685 1669.17
1700.186 1695.543 1690.901 1686.258 1684.689 1684.048 1683.406 1682.765 1680.202 1671.275 1662.348 1653.42 1644.493 1635.956 1627.591 1619.225 1610.859 1603.574 1601.989 1600.403 1598.818 1597.233 1596.448 1596.147 1595.846 1595.545 1595.289 1595.496 1595.703 1595.91 1596.117 1596.361 1596.635 1596.909 1597.183 1597.46 1597.915 1598.37 1598.825 1599.28 1599.77 1600.298 1600.826 1601.354 1601.883 1602.12 1602.341 1602.561 1602.781 1603.496 1604.935 1606.375 1607.814 1609.254 1613.166 1617.449 1621.733 1626.016 1632.053 1641.598 1651.142 1660.687 1670.231 1681.051
1710.715 1707.099 1703.483 1699.867 1698.519 1697.856 1697.193 1696.53 1693.633 1683.336 1673.038 1662.74 1652.443 1642.528 1632.781 1623.034 1613.287 1604.792 1602.895 1600.998 1599.101 1597.204 1596.282 1595.948 1595.615 1595.282 1594.996 1595.198 1595.399 1595.601 1595.802 1596.056 1596.351 1596.647 1596.943 1597.242 1597.821 1598.399 1598.978 1599.557 1600.142 1600.735 1601.327 1601.92 1602.513 1602.699 1602.86 1603.021 1603.182 1604.06 1605.988 1607.917 1609.845 1611.774 1616.834 1622.364 1627.894 1633.425 1640.547 1650.855 1661.162 1671.47 1681.778 1692.932
1721.244 1718.654 1716.065 1713.475 1712.349 1711.664 1710.98 1710.296 1707.064 1695.396 1683.728 1672.06 1660.392 1649.1 1637.972 1626.844 1615.716 1606.01 1603.801 1601.593 1599.384 1597.175 1596.115 1595.75 1595.385 1595.019 1594.703 1594.899 1595.095 1595.292 1595.488 1595.751 1596.068 1596.385 1596.702 1597.025 1597.727 1598.429 1599.131 1599.834 1600.514 1601.171 1601.828 1602.486 1603.143 1603.277 1603.379 1603.48 1603.582 1604.624 1607.041 1609.459 1611.876 1614.294 1620.502 1627.279 1634.056 1640.833 1649.041 1660.112 1671.182 1682.253 1693.324 1704.813
1734.888 1732.481 1730.073 1727.666 1725.412 1723.204 1720.996 1718.788 1714.146 1701.439 1688.732 1676.026 1663.319 1651.417 1639.868 1628.318 1616.768 1606.681 1604.301 1601.921 1599.541 1597.162 1596.002 1595.579 1595.156 1594.734 1594.364 1594.55 1594.736 1594.922 1595.107 1595.411 1595.809 1596.208 1596.607 1597.017 1598.179 1599.342 1600.504 1601.667 1602.883 1604.157 1605.431 1606.705 1607.979 1608.363 1608.692 1609.021 1609.35 1610.695 1613.526 1616.357 1619.188 1622.02 1628.724 1636.009 1643.294 1650.579 1659.119 1670.17 1681.22 1692.27 1703.32 1714.468
1748.75 1746.466 1744.182 1741.899 1738.422 1734.586 1730.75 1726.914 1720.785 1707.063 1693.34 1679.618 1665.895 1653.438 1641.533 1629.629 1617.725 1607.313 1604.772 1602.231 1599.69 1597.149 1595.892 1595.41 1594.928 1594.446 1594.022 1594.197 1594.372 1594.547 1594.722 1595.068 1595.553 1596.037 1596.522 1597.024 1598.67 1600.316 1601.962 1603.608 1605.39 1607.32 1609.25 1611.18 1613.109 1613.764 1614.34 1614.917 1615.493 1617.15 1620.39 1623.629 1626.869 1630.109 1637.263 1645.005 1652.747 1660.489 1669.309 1680.284 1691.258 1702.233 1713.208 1723.969
1762.611 1760.451 1758.291 1756.131 1751.433 1745.968 1740.504 1735.039 1727.424 1712.686 1697.948 1683.21 1668.471 1655.458 1643.199 1630.94 1618.681 1607.946 1605.243 1602.541 1599.839 1597.137 1595.782 1595.241 1594.7 1594.159 1593.679 1593.844 1594.008 1594.173 1594.337 1594.725 1595.296 1595.867 1596.438 1597.031 1599.161 1601.29 1603.42 1605.55 1607.898 1610.483 1613.069 1615.654 1618.239 1619.165 1619.989 1620.812 1621.635 1623.605 1627.253 1630.901 1634.549 1638.198 1645.803 1654.001 1662.2 1670.399 1679.498 1690.398 1701.297 1712.197 1723.097 1733.469
1776.473 1774.436 1772.4 1770.363 1764.443 1757.35 1750.257 1743.164 1734.063 1718.309 1702.555 1686.801 1671.048 1657.478 1644.865 1632.251 1619.637 1608.578 1605.715 1602.851 1599.988 1597.125 1595.672 1595.072 1594.472 1593.872 1593.337 1593.491 1593.644 1593.798 1593.952 1594.382 1595.039 1595.696 1596.353 1597.038 1599.651 1602.265 1604.878 1607.492 1610.405 1613.646 1616.887 1620.128 1623.369 1624.566 1625.636 1626.707 1627.778 1630.06 1634.117 1638.173 1642.23 1646.286 1654.342 1662.997 1671.653 1680.308 1689.687 1700.511 1711.336 1722.16 1732.984 1742.969
1786.088 1784.096 1782.105 1780.113 1773.317 1765.072 1756.827 1748.581 1738.488 1722.271 1706.054 1689.838 1673.621 1659.81 1647.053 1634.295 1621.537 1610.293 1607.027 1603.762 1600.496 1597.231 1595.587 1594.924 1594.26 1593.597 1593.003 1593.138 1593.273 1593.408 1593.543 1594.005 1594.736 1595.467 1596.197 1596.962 1600.018 1603.075 1606.131 1609.188 1612.628 1616.486 1620.344 1624.203 1628.061 1629.652 1631.103 1632.555 1634.006 1636.688 1641.171 1645.654 1650.138 1654.621 1662.918 1671.787 1680.656 1689.526 1698.973 1709.577 1720.18 1730.783 1741.387 1750.852
1788.682 1786.604 1784.526 1782.448 1775.353 1766.742 1758.131 1749.52 1739.251 1723.485 1707.72 1691.955 1676.189 1662.658 1650.105 1637.551 1624.998 1613.797 1609.731 1605.665 1601.599 1597.532 1595.543 1594.81 1594.077 1593.344 1592.684 1592.786 1592.889 1592.991 1593.094 1593.572 1594.356 1595.141 1595.925 1596.748 1600.18 1603.613 1607.046 1610.479 1614.38 1618.791 1623.203 1627.615 1632.026 1634.216 1636.27 1638.323 1640.377 1643.601 1648.541 1653.481 1658.421 1663.361 1671.554 1680.236 1688.917 1697.598 1706.766 1716.907 1727.048 1737.19 1747.331 1756.06
1791.276 1789.112 1786.948 1784.784 1777.388 1768.411 1759.435 1750.459 1740.013 1724.7 1709.386 1694.072 1678.758 1665.506 1653.157 1640.808 1628.458 1617.302 1612.435 1607.568 1602.701 1597.834 1595.5 1594.697 1593.894 1593.091 1592.364 1592.434 1592.505 1592.575 1592.645 1593.138 1593.976 1594.815 1595.653 1596.534 1600.343 1604.152 1607.961 1611.77 1616.131 1621.097 1626.062 1631.027 1635.992 1638.781 1641.437 1644.092 1646.747 1650.515 1655.912 1661.308 1666.705 1672.102 1680.191 1688.684 1697.177 1705.671 1714.559 1724.238 1733.917 1743.596 1753.275 1761.268
1793.869 1791.62 1789.37 1787.12 1779.423 1770.081 1760.74 1751.398 1740.776 1725.914 1711.051 1696.189 1681.327 1668.354 1656.209 1644.064 1631.919 1620.807 1615.139 1609.471 1603.803 1598.136 1595.456 1594.583 1593.711 1592.838 1592.044 1592.082 1592.12 1592.158 1592.197 1592.705 1593.597 1594.488 1595.38 1596.32 1600.505 1604.69 1608.875 1613.06 1617.883 1623.402 1628.921 1634.439 1639.958 1643.346 1646.603 1649.86 1653.118 1657.428 1663.282 1669.135 1674.989 1680.843 1688.828 1697.133 1705.438 1713.743 1722.352 1731.569 1740.786 1750.003 1759.22 1766.476
1796.463 1794.127 1791.792 1789.456 1781.458 1771.751 1762.044 1752.337 1741.539 1727.128 1712.717 1698.306 1683.895 1671.202 1659.261 1647.321 1635.38 1624.311 1617.843 1611.374 1604.906 1598.438 1595.413 1594.47 1593.527 1592.585 1591.725 1591.73 1591.736 1591.742 1591.748 1592.271 1593.217 1594.162 1595.108 1596.106 1600.667 1605.229 1609.79 1614.351 1619.635 1625.707 1631.779 1637.851 1643.923 1647.911 1651.77 1655.629 1659.488 1664.342 1670.652 1676.962 1683.273 1689.583 1697.464 1705.581 1713.698 1721.815 1730.145 1738.899 1747.654 1756.409 1765.164 1771.684
1790.583 1788.338 1786.092 1783.846 1776.268 1767.08 1757.892 1748.704 1738.481 1724.829 1711.178 1697.526 1683.875 1671.595 1659.916 1648.236 1636.557 1625.659 1618.882 1612.106 1605.33 1598.553 1595.339 1594.278 1593.217 1592.156 1591.181 1591.101 1591.022 1590.943 1590.864 1591.398 1592.432 1593.467 1594.501 1595.584 1599.923 1604.262 1608.601 1612.94 1618.164 1624.354 1630.544 1636.734 1642.924 1647.788 1652.57 1657.352 1662.135 1667.737 1674.539 1681.341 1688.143 1694.946 1702.701 1710.599 1718.497 1726.395 1734.388 1742.571 1750.753 1758.936 1767.118 1773.031
1782.829 1780.712 1778.595 1776.479 1769.479 1761.006 1752.533 1744.06 1734.578 1721.754 1708.93 1696.106 1683.282 1671.444 1660.039 1648.634 1637.228 1626.529 1619.554 1612.579 1605.604 1598.628 1595.259 1594.069 1592.879 1591.689 1590.587 1590.411 1590.235 1590.059 1589.883 1590.427 1591.559 1592.69 1593.821 1594.994 1598.978 1602.962 1606.947 1610.931 1615.981 1622.192 1628.404 1634.615 1640.827 1646.628 1652.405 1658.181 1663.957 1670.353 1677.655 1684.957 1692.259 1699.561 1707.185 1714.857 1722.53 1730.202 1737.846 1745.432 1753.018 1760.604 1768.19 1773.523
1775.075 1773.087 1771.099 1769.111 1762.691 1754.932 1747.174 1739.415 1730.674 1718.678 1706.681 1694.685 1682.688 1671.294 1660.162 1649.031 1637.9 1627.399 1620.225 1613.051 1605.877 1598.703 1595.178 1593.859 1592.54 1591.222 1589.994 1589.721 1589.448 1589.176 1588.903 1589.457 1590.685 1591.913 1593.141 1594.403 1598.033 1601.663 1605.292 1608.922 1613.797 1620.03 1626.263 1632.496 1638.729 1645.468 1652.239 1659.009 1665.78 1672.969 1680.771 1688.572 1696.374 1704.176 1711.669 1719.116 1726.563 1734.009 1741.303 1748.293 1755.283 1762.272 1769.262 1774.015
1767.32 1765.462 1763.603 1761.744 1755.902 1748.859 1741.815 1734.771 1726.771 1715.602 1704.433 1693.264 1682.095 1671.143 1660.286 1649.429 1638.571 1628.27 1620.897 1613.524 1606.151 1598.778 1595.098 1593.65 1592.202 1590.754 1589.4 1589.031 1588.661 1588.292 1587.923 1588.486 1589.811 1591.136 1592.46 1593.813 1597.088 1600.363 1603.638 1606.913 1611.613 1617.868 1624.122 1630.377 1636.631 1644.308 1652.073 1659.838 1667.602 1675.585 1683.887 1692.188 1700.49 1708.791 1716.153 1723.374 1730.595 1737.816 1744.761 1751.154 1757.547 1763.94 1770.333 1774.508
1757.618 1755.59 1753.561 1751.533 1746.203 1739.877 1733.551 1727.224 1719.99 1709.749 1699.507 1689.265 1679.024 1668.716 1658.38 1648.043 1637.707 1627.848 1620.51 1613.173 1605.835 1598.498 1594.769 1593.221 1591.674 1590.127 1588.673 1588.201 1587.729 1587.258 1586.786 1587.334 1588.715 1590.096 1591.477 1592.88 1595.838 1598.797 1601.755 1604.713 1609.256 1615.528 1621.799 1628.071 1634.343 1642.851 1651.496 1660.141 1668.787 1677.432 1686.078 1694.724 1703.369 1712.015 1719.22 1726.208 1733.196 1740.184 1746.803 1752.682 1758.562 1764.441 1770.32 1774.003
1742.399 1739.354 1736.31 1733.266 1728.258 1722.657 1717.057 1711.456 1705.059 1696.027 1686.994 1677.962 1668.929 1659.838 1650.722 1641.605 1632.488 1623.767 1617.128 1610.489 1603.85 1597.211 1593.735 1592.171 1590.608 1589.044 1587.566 1586.976 1586.386 1585.796 1585.206 1585.669 1586.99 1588.312 1589.633 1590.976 1593.724 1596.473 1599.221 1601.97 1606.406 1612.683 1618.96 1625.238 1631.515 1640.549 1649.754 1658.958 1668.162 1677.1 1685.649 1694.198 1702.747 1711.297 1718.269 1725.004 1731.74 1738.476 1744.833 1750.433 1756.033 1761.632 1767.232 1770.674
1727.178 1723.119 1719.059 1714.999 1710.313 1705.437 1700.562 1695.687 1690.128 1682.305 1674.481 1666.658 1658.834 1650.96 1643.063 1635.167 1627.27 1619.685 1613.745 1607.804 1601.864 1595.924 1592.701 1591.121 1589.542 1587.962 1586.458 1585.75 1585.042 1584.334 1583.625 1584.003 1585.265 1586.528 1587.79 1589.071 1591.61 1594.149 1596.688 1599.227 1603.557 1609.839 1616.122 1622.404 1628.687 1638.248 1648.011 1657.774 1667.537 1676.769 1685.221 1693.673 1702.125 1710.578 1717.318 1723.801 1730.284 1736.767 1742.863 1748.183 1753.503 1758.824 1764.144 1767.345
1711.958 1706.883 1701.807 1696.732 1692.367 1688.217 1684.068 1679.918 1675.197 1668.582 1661.968 1655.354 1648.74 1642.082 1635.405 1628.728 1622.051 1615.603 1610.361 1605.12 1599.878 1594.636 1591.667 1590.071 1588.475 1586.88 1585.351 1584.525 1583.698 1582.872 1582.045 1582.337 1583.54 1584.744 1585.947 1587.167 1589.496 1591.825 1594.155 1596.484 1600.707 1606.995 1613.283 1619.57 1625.858 1635.947 1646.269 1656.591 1666.913 1676.437 1684.792 1693.148 1701.503 1709.859 1716.367 1722.597 1728.828 1735.058 1740.892 1745.933 1750.974 1756.015 1761.056 1764.016
1696.738 1690.647 1684.556 1678.465 1674.422 1670.998 1667.574 1664.149 1660.266 1654.861 1649.456 1644.051 1638.645 1633.204 1627.747 1622.29 1616.833 1611.522 1606.979 1602.435 1597.892 1593.349 1590.633 1589.021 1587.409 1585.797 1584.244 1583.299 1582.354 1581.41 1580.465 1580.671 1581.815 1582.96 1584.104 1585.262 1587.382 1589.502 1591.622 1593.741 1597.857 1604.151 1610.444 1616.737 1623.03 1633.645 1644.526 1655.407 1666.288 1676.105 1684.364 1692.623 1700.881 1709.14 1715.416 1721.394 1727.372 1733.35 1738.922 1743.684 1748.445 1753.207 1757.968 1760.688
1692.243 1684.4 1676.557 1668.713 1663.783 1659.732 1655.681 1651.63 1647.494 1643.079 1638.664 1634.249 1629.834 1625.367 1620.876 1616.386 1611.896 1607.492 1603.542 1599.591 1595.641 1591.691 1589.181 1587.542 1585.902 1584.263 1582.675 1581.631 1580.588 1579.544 1578.5 1578.599 1579.631 1580.664 1581.696 1582.744 1584.835 1586.927 1589.018 1591.11 1595.159 1601.344 1607.53 1613.715 1619.9 1630.545 1641.463 1652.382 1663.3 1673.155 1681.453 1689.751 1698.05 1706.348 1712.52 1718.374 1724.228 1730.082 1735.511 1740.091 1744.672 1749.252 1753.832 1756.496
1692.282 1682.375 1672.468 1662.561 1656.232 1650.982 1645.733 1640.483 1635.635 1632.118 1628.6 1625.083 1621.565 1617.969 1614.339 1610.708 1607.078 1603.484 1600.082 1596.68 1593.277 1589.875 1587.552 1585.88 1584.209 1582.537 1580.912 1579.777 1578.642 1577.506 1576.371 1576.355 1577.253 1578.151 1579.049 1579.965 1582.105 1584.245 1586.385 1588.525 1592.525 1598.554 1604.584 1610.613 1616.643 1627.106 1637.842 1648.578 1659.313 1669.099 1677.494 1685.889 1694.284 1702.678 1708.803 1714.587 1720.371 1726.155 1731.491 1735.932 1740.372 1744.813 1749.253 1751.94
1692.321 1680.35 1668.38 1656.41 1648.681 1642.233 1635.785 1629.338 1623.777 1621.157 1618.537 1615.917 1613.297 1610.572 1607.801 1605.03 1602.26 1599.476 1596.622 1593.768 1590.914 1588.06 1585.923 1584.219 1582.515 1580.812 1579.149 1577.922 1576.696 1575.469 1574.243 1574.112 1574.876 1575.639 1576.403 1577.187 1579.375 1581.563 1583.752 1585.94 1589.891 1595.765 1601.638 1607.512 1613.385 1623.667 1634.22 1644.774 1655.327 1665.043 1673.535 1682.026 1690.518 1699.009 1705.086 1710.8 1716.514 1722.228 1727.471 1731.772 1736.073 1740.374 1744.674 1747.385
1692.359 1678.325 1664.292 1650.258 1641.13 1633.484 1625.838 1618.191 1611.918 1610.196 1608.473 1606.75 1605.028 1603.174 1601.263 1599.352 1597.442 1595.468 1593.162 1590.856 1588.55 1586.245 1584.294 1582.558 1580.822 1579.086 1577.386 1576.068 1574.75 1573.432 1572.114 1571.868 1572.498 1573.127 1573.756 1574.409 1576.645 1578.882 1581.119 1583.355 1587.257 1592.974 1598.692 1604.41 1610.128 1620.229 1630.599 1640.969 1651.34 1660.987 1669.575 1678.163 1686.752 1695.34 1701.368 1707.013 1712.657 1718.301 1723.451 1727.612 1731.773 1735.934 1740.095 1742.828
