data/zism_data/00872_03_D.txt
ncols         224
nrows         224
[rows 90 to 119 of 224, columns 132 to 197 of 224]
1324.276 1326.32 1329.216 1332.112 1335.008 1337.972 1341.537 1345.102 1348.667 1352.232 1354.84 1356.609 1358.377 1360.145 1361.914 1361.779 1361.572 1361.365 1361.159 1359.406 1355.276 1351.147 1347.018 1342.889 1338.027 1333.009 1327.992 1322.974 1318.385 1315.044 1311.704 1308.363 1305.023 1303.378 1302.508 1301.638 1300.768 1300.161 1301.544 1302.927 1304.31 1305.692 1308.919 1313.67 1318.421 1323.171 1327.922 1332.558 1337.192 1341.825 1346.458 1351.545 1357.288 1363.031 1368.774 1374.517 1379.034 1383.318 1387.601 1391.884 1394.667 1393.393 1392.12 1390.846 1389.572 1384.857
1328.325 1330.44 1333.363 1336.285 1339.208 1342.19 1345.696 1349.203 1352.709 1356.215 1358.989 1361.121 1363.253 1365.385 1367.516 1367.549 1367.503 1367.456 1367.41 1365.396 1360.358 1355.321 1350.283 1345.245 1339.546 1333.705 1327.865 1322.024 1316.858 1313.656 1310.455 1307.253 1304.052 1302.589 1301.922 1301.256 1300.589 1300.164 1301.568 1302.972 1304.376 1305.78 1308.657 1312.75 1316.844 1320.937 1325.031 1328.942 1332.848 1336.755 1340.662 1345.422 1351.416 1357.41 1363.404 1369.398 1374.373 1379.153 1383.933 1388.714 1391.756 1390.104 1388.45 1386.797 1385.144 1379.825
1332.374 1334.56 1337.509 1340.458 1343.408 1346.408 1349.855 1353.303 1356.751 1360.198 1363.138 1365.633 1368.129 1370.624 1373.119 1373.319 1373.433 1373.547 1373.661 1371.386 1365.44 1359.494 1353.548 1347.602 1341.064 1334.401 1327.738 1321.074 1315.331 1312.268 1309.205 1306.143 1303.08 1301.801 1301.337 1300.873 1300.41 1300.167 1301.592 1303.017 1304.443 1305.868 1308.395 1311.831 1315.267 1318.703 1322.14 1325.325 1328.505 1331.685 1334.865 1339.298 1345.543 1351.788 1358.034 1364.279 1369.711 1374.989 1380.266 1385.543 1388.846 1386.814 1384.781 1382.749 1380.717 1374.793
1336.424 1338.68 1341.656 1344.632 1347.608 1350.626 1354.015 1357.404 1360.792 1364.181 1367.287 1370.146 1373.004 1375.863 1378.721 1379.09 1379.364 1379.638 1379.912 1377.376 1370.522 1363.668 1356.813 1349.959 1342.583 1335.097 1327.611 1320.124 1313.804 1310.88 1307.956 1305.032 1302.109 1301.012 1300.751 1300.491 1300.23 1300.169 1301.616 1303.063 1304.51 1305.956 1308.132 1310.911 1313.69 1316.469 1319.248 1321.709 1324.162 1326.615 1329.069 1333.175 1339.671 1346.167 1352.663 1359.16 1365.05 1370.824 1376.598 1382.372 1385.936 1383.524 1381.112 1378.7 1376.289 1369.761
1340.307 1342.621 1345.58 1348.539 1351.497 1354.496 1357.854 1361.212 1364.57 1367.928 1371.11 1374.136 1377.163 1380.19 1383.216 1383.371 1383.418 1383.464 1383.511 1380.459 1372.645 1364.831 1357.017 1349.203 1341.469 1333.753 1326.036 1318.319 1311.905 1309.285 1306.665 1304.045 1301.425 1300.536 1300.439 1300.342 1300.245 1300.321 1301.708 1303.095 1304.482 1305.869 1307.675 1309.826 1311.978 1314.13 1316.282 1318.109 1319.928 1321.748 1323.568 1327.205 1333.471 1339.738 1346.004 1352.271 1358.235 1364.141 1370.048 1375.954 1379.655 1377.396 1375.137 1372.878 1370.619 1364.019
1343.976 1346.331 1349.215 1352.099 1354.983 1357.915 1361.279 1364.642 1368.005 1371.368 1374.507 1377.448 1380.389 1383.33 1386.271 1385.718 1385.032 1384.347 1383.661 1379.761 1370.922 1362.082 1353.242 1344.402 1336.934 1329.757 1322.58 1315.402 1309.522 1307.421 1305.319 1303.218 1301.116 1300.467 1300.482 1300.497 1300.512 1300.668 1301.889 1303.111 1304.332 1305.553 1306.962 1308.526 1310.09 1311.654 1313.219 1314.531 1315.837 1317.144 1318.45 1321.435 1326.847 1332.258 1337.67 1343.081 1348.621 1354.186 1359.75 1365.314 1368.994 1367.579 1366.164 1364.749 1363.334 1357.354
1347.645 1350.041 1352.85 1355.659 1358.468 1361.334 1364.703 1368.071 1371.44 1374.809 1377.904 1380.76 1383.615 1386.471 1389.327 1388.065 1386.647 1385.229 1383.811 1379.064 1369.198 1359.332 1349.466 1339.601 1332.398 1325.76 1319.123 1312.486 1307.14 1305.556 1303.973 1302.39 1300.807 1300.397 1300.525 1300.652 1300.779 1301.015 1302.071 1303.126 1304.182 1305.238 1306.25 1307.226 1308.202 1309.179 1310.155 1310.953 1311.746 1312.54 1313.333 1315.665 1320.222 1324.778 1329.335 1333.892 1339.007 1344.229 1349.452 1354.674 1358.332 1357.761 1357.191 1356.62 1356.05 1350.689
1351.314 1353.751 1356.485 1359.219 1361.953 1364.753 1368.127 1371.501 1374.875 1378.249 1381.301 1384.071 1386.841 1389.612 1392.382 1390.411 1388.261 1386.112 1383.962 1378.366 1367.474 1356.583 1345.691 1334.799 1327.862 1321.764 1315.667 1309.569 1304.757 1303.692 1302.627 1301.563 1300.498 1300.328 1300.567 1300.807 1301.047 1301.362 1302.252 1303.142 1304.032 1304.922 1305.537 1305.926 1306.314 1306.703 1307.091 1307.374 1307.655 1307.936 1308.216 1309.895 1313.597 1317.299 1321.0 1324.702 1329.393 1334.273 1339.154 1344.034 1347.671 1347.944 1348.218 1348.491 1348.765 1344.024
1354.983 1357.461 1360.12 1362.78 1365.439 1368.172 1371.551 1374.93 1378.31 1381.689 1384.698 1387.383 1390.068 1392.752 1395.437 1392.758 1389.876 1386.994 1384.112 1377.669 1365.751 1353.833 1341.916 1329.998 1323.326 1317.768 1312.21 1306.652 1302.374 1301.828 1301.281 1300.735 1300.188 1300.258 1300.61 1300.962 1301.314 1301.709 1302.433 1303.158 1303.882 1304.606 1304.825 1304.626 1304.426 1304.227 1304.028 1303.796 1303.564 1303.331 1303.099 1304.125 1306.972 1309.819 1312.666 1315.512 1319.779 1324.317 1328.856 1333.394 1337.009 1338.127 1339.245 1340.363 1341.48 1337.359
1357.363 1360.021 1362.79 1365.558 1368.327 1371.151 1374.46 1377.769 1381.078 1384.387 1387.182 1389.526 1391.87 1394.215 1396.559 1393.312 1389.854 1386.396 1382.938 1375.97 1363.607 1351.245 1338.882 1326.52 1320.281 1315.343 1310.405 1305.467 1301.691 1301.299 1300.907 1300.515 1300.123 1300.221 1300.543 1300.866 1301.188 1301.54 1302.118 1302.695 1303.273 1303.85 1303.973 1303.72 1303.466 1303.213 1302.96 1302.724 1302.489 1302.254 1302.019 1302.785 1304.999 1307.213 1309.426 1311.64 1315.177 1318.967 1322.758 1326.548 1329.676 1331.014 1332.353 1333.692 1335.03 1331.63
1359.573 1362.43 1365.332 1368.235 1371.137 1374.073 1377.302 1380.531 1383.76 1386.989 1389.547 1391.517 1393.487 1395.457 1397.427 1393.631 1389.617 1385.604 1381.59 1374.14 1361.409 1348.678 1335.946 1323.215 1317.432 1313.125 1308.817 1304.509 1301.229 1300.944 1300.659 1300.375 1300.089 1300.188 1300.462 1300.736 1301.011 1301.303 1301.737 1302.17 1302.603 1303.037 1303.103 1302.866 1302.628 1302.391 1302.154 1301.981 1301.81 1301.639 1301.468 1302.025 1303.635 1305.245 1306.856 1308.466 1311.233 1314.221 1317.21 1320.199 1322.779 1324.257 1325.734 1327.212 1328.689 1326.024
1361.784 1364.839 1367.875 1370.911 1373.947 1376.995 1380.143 1383.292 1386.441 1389.59 1391.911 1393.507 1395.103 1396.699 1398.295 1393.951 1389.381 1384.811 1380.242 1372.31 1359.21 1346.11 1333.01 1319.91 1314.583 1310.906 1307.229 1303.552 1300.768 1300.59 1300.412 1300.234 1300.056 1300.155 1300.381 1300.607 1300.833 1301.067 1301.356 1301.645 1301.934 1302.223 1302.233 1302.011 1301.79 1301.569 1301.348 1301.238 1301.131 1301.025 1300.918 1301.266 1302.272 1303.278 1304.285 1305.291 1307.288 1309.476 1311.663 1313.85 1315.883 1317.499 1319.116 1320.732 1322.349 1320.417
1363.995 1367.248 1370.418 1373.587 1376.757 1379.916 1382.985 1386.053 1389.122 1392.191 1394.275 1395.497 1396.719 1397.941 1399.163 1394.27 1389.144 1384.019 1378.893 1370.48 1357.011 1343.543 1330.074 1316.606 1311.733 1308.687 1305.64 1302.594 1300.307 1300.236 1300.165 1300.094 1300.022 1300.122 1300.3 1300.478 1300.656 1300.83 1300.975 1301.12 1301.265 1301.409 1301.363 1301.157 1300.952 1300.747 1300.542 1300.495 1300.453 1300.41 1300.367 1300.506 1300.909 1301.311 1301.714 1302.116 1303.344 1304.73 1306.115 1307.501 1308.986 1310.741 1312.497 1314.252 1316.008 1314.81
1365.628 1369.112 1372.463 1375.814 1379.166 1382.475 1385.413 1388.352 1391.29 1394.229 1396.079 1396.975 1397.871 1398.768 1399.664 1394.387 1388.877 1383.367 1377.857 1369.151 1355.533 1341.915 1328.297 1314.679 1310.105 1307.452 1304.799 1302.146 1300.164 1300.137 1300.111 1300.084 1300.057 1300.134 1300.259 1300.383 1300.508 1300.623 1300.668 1300.713 1300.758 1300.803 1300.725 1300.545 1300.365 1300.184 1300.004 1300.0 1300.0 1300.0 1300.0 1300.0 1300.0 1300.0 1300.0 1300.0 1300.662 1301.451 1302.24 1303.029 1304.067 1305.78 1307.492 1309.205 1310.918 1310.262
1366.109 1369.885 1373.514 1377.143 1380.772 1384.307 1387.016 1389.724 1392.433 1395.142 1396.763 1397.429 1398.095 1398.762 1399.428 1394.102 1388.549 1382.996 1377.443 1368.825 1355.496 1342.166 1328.837 1315.507 1310.918 1308.185 1305.452 1302.719 1300.656 1300.549 1300.443 1300.336 1300.229 1300.237 1300.297 1300.358 1300.418 1300.475 1300.51 1300.544 1300.578 1300.613 1300.553 1300.416 1300.278 1300.141 1300.003 1300.0 1300.0 1300.0 1300.0 1300.0 1300.0 1300.0 1300.0 1300.0 1300.505 1301.107 1301.709 1302.31 1303.103 1304.409 1305.716 1307.022 1308.329 1307.828
1366.59 1370.657 1374.564 1378.471 1382.378 1386.139 1388.618 1391.097 1393.576 1396.055 1397.446 1397.882 1398.319 1398.756 1399.192 1393.817 1388.221 1382.625 1377.03 1368.5 1355.458 1342.418 1329.376 1316.335 1311.731 1308.917 1306.104 1303.291 1301.149 1300.962 1300.775 1300.588 1300.401 1300.339 1300.336 1300.332 1300.328 1300.328 1300.351 1300.375 1300.399 1300.422 1300.381 1300.286 1300.192 1300.097 1300.002 1300.0 1300.0 1300.0 1300.0 1300.0 1300.0 1300.0 1300.0 1300.0 1300.348 1300.763 1301.178 1301.592 1302.138 1303.039 1303.939 1304.84 1305.74 1305.395
1367.07 1371.43 1375.615 1379.799 1383.984 1387.971 1390.22 1392.47 1394.719 1396.968 1398.129 1398.336 1398.543 1398.75 1398.956 1393.531 1387.893 1382.255 1376.616 1368.174 1355.421 1342.669 1329.916 1317.164 1312.543 1309.65 1306.757 1303.863 1301.641 1301.374 1301.107 1300.839 1300.572 1300.442 1300.374 1300.306 1300.238 1300.18 1300.193 1300.206 1300.219 1300.232 1300.209 1300.157 1300.105 1300.053 1300.001 1300.0 1300.0 1300.0 1300.0 1300.0 1300.0 1300.0 1300.0 1300.0 1300.191 1300.419 1300.646 1300.874 1301.174 1301.668 1302.163 1302.657 1303.151 1302.962
1367.551 1372.202 1376.665 1381.128 1385.59 1389.803 1391.823 1393.842 1395.862 1397.881 1398.813 1398.79 1398.767 1398.744 1398.721 1393.246 1387.565 1381.884 1376.203 1367.848 1355.384 1342.92 1330.456 1317.992 1313.356 1310.383 1307.409 1304.436 1302.133 1301.786 1301.438 1301.091 1300.744 1300.544 1300.412 1300.28 1300.148 1300.032 1300.034 1300.037 1300.039 1300.041 1300.037 1300.028 1300.019 1300.01 1300.0 1300.0 1300.0 1300.0 1300.0 1300.0 1300.0 1300.0 1300.0 1300.0 1300.034 1300.075 1300.115 1300.156 1300.21 1300.298 1300.386 1300.474 1300.563 1300.529
1366.936 1371.8 1376.469 1381.139 1385.808 1390.205 1392.213 1394.22 1396.227 1398.234 1398.881 1398.336 1397.79 1397.245 1396.699 1390.822 1384.743 1378.663 1372.584 1364.288 1352.585 1340.883 1329.18 1317.477 1313.07 1310.213 1307.356 1304.499 1302.272 1301.882 1301.492 1301.102 1300.713 1300.502 1300.372 1300.243 1300.114 1300.0 1300.0 1300.0 1300.0 1300.0 1300.0 1300.0 1300.0 1300.0 1300.0 1300.0 1300.0 1300.0 1300.0 1300.0 1300.0 1300.0 1300.0 1300.0 1300.0 1300.0 1300.0 1300.0 1300.0 1300.0 1300.0 1300.0 1300.0 1300.0
1366.016 1371.071 1375.927 1380.784 1385.64 1390.21 1392.266 1394.321 1396.376 1398.432 1398.779 1397.63 1396.481 1395.332 1394.182 1387.804 1381.228 1374.651 1368.075 1359.83 1349.02 1338.209 1327.398 1316.588 1312.479 1309.793 1307.106 1304.42 1302.313 1301.891 1301.469 1301.047 1300.625 1300.419 1300.311 1300.203 1300.095 1300.0 1300.0 1300.0 1300.0 1300.0 1300.0 1300.0 1300.0 1300.0 1300.0 1300.0 1300.0 1300.0 1300.0 1300.0 1300.0 1300.0 1300.0 1300.0 1300.0 1300.0 1300.0 1300.0 1300.0 1300.0 1300.0 1300.0 1300.0 1300.0
1365.097 1370.342 1375.385 1380.429 1385.472 1390.215 1392.319 1394.422 1396.526 1398.629 1398.677 1396.924 1395.171 1393.418 1391.665 1384.786 1377.713 1370.639 1363.566 1355.372 1345.454 1335.536 1325.617 1315.699 1311.887 1309.372 1306.857 1304.342 1302.353 1301.899 1301.445 1300.991 1300.537 1300.336 1300.249 1300.163 1300.076 1300.0 1300.0 1300.0 1300.0 1300.0 1300.0 1300.0 1300.0 1300.0 1300.0 1300.0 1300.0 1300.0 1300.0 1300.0 1300.0 1300.0 1300.0 1300.0 1300.0 1300.0 1300.0 1300.0 1300.0 1300.0 1300.0 1300.0 1300.0 1300.0
1364.177 1369.613 1374.843 1380.074 1385.304 1390.22 1392.372 1394.523 1396.675 1398.826 1398.575 1396.219 1393.862 1391.505 1389.148 1381.768 1374.198 1366.627 1359.057 1350.913 1341.888 1332.862 1323.836 1314.81 1311.296 1308.952 1306.608 1304.263 1302.394 1301.908 1301.422 1300.936 1300.45 1300.253 1300.188 1300.122 1300.057 1300.0 1300.0 1300.0 1300.0 1300.0 1300.0 1300.0 1300.0 1300.0 1300.0 1300.0 1300.0 1300.0 1300.0 1300.0 1300.0 1300.0 1300.0 1300.0 1300.0 1300.0 1300.0 1300.0 1300.0 1300.0 1300.0 1300.0 1300.0 1300.0
1363.627 1369.182 1374.531 1379.879 1385.227 1390.252 1392.434 1394.616 1396.798 1398.981 1398.451 1395.543 1392.636 1389.729 1386.821 1378.937 1370.863 1362.79 1354.716 1346.567 1338.301 1330.035 1321.769 1313.503 1310.317 1308.209 1306.102 1303.995 1302.302 1301.817 1301.332 1300.848 1300.363 1300.179 1300.133 1300.087 1300.041 1300.0 1300.0 1300.0 1300.0 1300.0 1300.0 1300.0 1300.0 1300.0 1300.0 1300.0 1300.0 1300.0 1300.0 1300.0 1300.0 1300.0 1300.0 1300.0 1300.0 1300.0 1300.0 1300.0 1300.0 1300.0 1300.0 1300.0 1300.0 1300.0
1364.301 1369.742 1374.978 1380.214 1385.45 1390.371 1392.526 1394.682 1396.838 1398.993 1398.251 1394.97 1391.689 1388.407 1385.126 1376.723 1368.126 1359.529 1350.932 1342.592 1334.646 1326.701 1318.755 1310.81 1308.054 1306.401 1304.748 1303.095 1301.769 1301.396 1301.024 1300.651 1300.279 1300.138 1300.102 1300.067 1300.031 1300.0 1300.0 1300.0 1300.0 1300.0 1300.0 1300.0 1300.0 1300.0 1300.0 1300.0 1300.0 1300.0 1300.0 1300.0 1300.0 1300.0 1300.0 1300.0 1300.0 1300.0 1300.0 1300.0 1300.0 1300.0 1300.0 1300.0 1300.0 1300.0
1364.974 1370.301 1375.425 1380.549 1385.673 1390.49 1392.619 1394.748 1396.877 1399.005 1398.052 1394.397 1390.741 1387.086 1383.431 1374.509 1365.389 1356.268 1347.147 1338.616 1330.991 1323.367 1315.742 1308.117 1305.792 1304.593 1303.394 1302.195 1301.236 1300.976 1300.715 1300.455 1300.195 1300.096 1300.071 1300.047 1300.022 1300.0 1300.0 1300.0 1300.0 1300.0 1300.0 1300.0 1300.0 1300.0 1300.0 1300.0 1300.0 1300.0 1300.0 1300.0 1300.0 1300.0 1300.0 1300.0 1300.0 1300.0 1300.0 1300.0 1300.0 1300.0 1300.0 1300.0 1300.0 1300.0
1365.647 1370.861 1375.872 1380.884 1385.895 1390.61 1392.712 1394.814 1396.916 1399.018 1397.853 1393.823 1389.794 1385.765 1381.735 1372.296 1362.651 1353.007 1343.363 1334.641 1327.337 1320.032 1312.728 1305.424 1303.53 1302.785 1302.04 1301.295 1300.703 1300.555 1300.407 1300.259 1300.111 1300.055 1300.041 1300.026 1300.012 1300.0 1300.0 1300.0 1300.0 1300.0 1300.0 1300.0 1300.0 1300.0 1300.0 1300.0 1300.0 1300.0 1300.0 1300.0 1300.0 1300.0 1300.0 1300.0 1300.0 1300.0 1300.0 1300.0 1300.0 1300.0 1300.0 1300.0 1300.0 1300.0
1366.321 1371.42 1376.32 1381.219 1386.118 1390.729 1392.804 1394.88 1396.955 1399.031 1397.654 1393.25 1388.847 1384.443 1380.04 1370.082 1359.914 1349.746 1339.578 1330.665 1323.682 1316.698 1309.714 1302.731 1301.268 1300.977 1300.686 1300.396 1300.17 1300.134 1300.098 1300.063 1300.027 1300.013 1300.01 1300.006 1300.003 1300.0 1300.0 1300.0 1300.0 1300.0 1300.0 1300.0 1300.0 1300.0 1300.0 1300.0 1300.0 1300.0 1300.0 1300.0 1300.0 1300.0 1300.0 1300.0 1300.0 1300.0 1300.0 1300.0 1300.0 1300.0 1300.0 1300.0 1300.0 1300.0
1368.671 1373.513 1378.108 1382.702 1387.296 1391.613 1393.49 1395.368 1397.245 1399.123 1397.375 1392.448 1387.521 1382.595 1377.668 1367.359 1356.845 1346.332 1335.818 1326.958 1320.637 1314.316 1307.995 1301.674 1300.465 1300.341 1300.216 1300.092 1300.0 1300.0 1300.0 1300.0 1300.0 1300.0 1300.0 1300.0 1300.0 1300.0 1300.0 1300.0 1300.0 1300.0 1300.0 1300.0 1300.0 1300.0 1300.0 1300.0 1300.0 1300.0 1300.0 1300.0 1300.0 1300.0 1300.0 1300.0 1300.0 1300.0 1300.0 1300.0 1300.0 1300.0 1300.0 1300.0 1300.0 1300.0
1371.805 1376.324 1380.523 1384.722 1388.921 1392.854 1394.453 1396.053 1397.653 1399.253 1397.059 1391.539 1386.019 1380.499 1374.98 1364.396 1353.621 1342.846 1332.071 1323.376 1317.878 1312.38 1306.882 1301.384 1300.344 1300.253 1300.161 1300.068 1300.0 1300.0 1300.0 1300.0 1300.0 1300.0 1300.0 1300.0 1300.0 1300.0 1300.0 1300.0 1300.0 1300.0 1300.0 1300.0 1300.0 1300.0 1300.0 1300.0 1300.0 1300.0 1300.0 1300.0 1300.0 1300.0 1300.0 1300.0 1300.0 1300.0 1300.0 1300.0 1300.0 1300.0 1300.0 1300.0 1300.0 1300.0
1374.939 1379.135 1382.939 1386.742 1390.545 1394.095 1395.417 1396.739 1398.061 1399.382 1396.743 1390.63 1384.517 1378.404 1372.291 1361.434 1350.397 1339.36 1328.323 1319.793 1315.118 1310.443 1305.768 1301.093 1300.224 1300.165 1300.105 1300.045 1300.0 1300.0 1300.0 1300.0 1300.0 1300.0 1300.0 1300.0 1300.0 1300.0 1300.0 1300.0 1300.0 1300.0 1300.0 1300.0 1300.0 1300.0 1300.0 1300.0 1300.0 1300.0 1300.0 1300.0 1300.0 1300.0 1300.0 1300.0 1300.0 1300.0 1300.0 1300.0 1300.0 1300.0 1300.0 1300.0 1300.0 1300.0
