data/zism_data/00871_01_D.txt
ncols         224
nrows         224
[rows 196 to 223 of 224, columns 0 to 62 of 224]
1493.467 1486.587 1479.707 1472.827 1464.241 1455.63 1447.019 1438.408 1430.703 1424.173 1417.644 1411.115 1404.586 1403.085 1402.244 1401.402 1400.561 1404.199 1416.795 1429.391 1441.987 1454.583 1465.953 1476.984 1488.014 1499.044 1507.509 1507.477 1507.446 1507.415 1507.383 1506.13 1504.305 1502.48 1500.654 1499.771 1505.163 1510.556 1515.949 1521.342 1530.881 1543.427 1555.973 1568.519 1580.816 1584.782 1588.749 1592.716 1596.683 1598.884 1599.158 1599.432 1599.706 1599.98 1599.907 1599.806 1599.706 1599.605 1599.543 1599.543 1599.543 1599.543 1599.543
1486.963 1480.192 1473.422 1466.652 1458.614 1450.557 1442.5 1434.443 1427.342 1421.482 1415.621 1409.761 1403.901 1402.596 1401.888 1401.18 1400.472 1404.358 1417.43 1430.503 1443.576 1456.648 1468.311 1479.583 1490.854 1502.126 1510.855 1511.163 1511.471 1511.778 1512.086 1510.53 1508.103 1505.675 1503.248 1501.79 1506.796 1511.802 1516.808 1521.814 1531.321 1544.092 1556.862 1569.633 1582.141 1585.871 1589.6 1593.329 1597.058 1599.088 1599.266 1599.443 1599.62 1599.797 1599.694 1599.569 1599.444 1599.319 1599.259 1599.307 1599.354 1599.402 1599.449
1474.522 1468.024 1461.527 1455.03 1448.256 1441.479 1434.701 1427.924 1422.029 1417.282 1412.535 1407.788 1403.041 1402.007 1401.46 1400.912 1400.365 1404.379 1417.516 1430.653 1443.79 1456.927 1468.935 1480.629 1492.323 1504.018 1513.242 1514.283 1515.324 1516.365 1517.405 1516.146 1513.809 1511.473 1509.136 1507.675 1512.049 1516.424 1520.798 1525.173 1534.048 1546.187 1558.326 1570.465 1582.359 1586.046 1589.732 1593.418 1597.105 1598.98 1598.878 1598.777 1598.676 1598.575 1598.139 1597.677 1597.214 1596.752 1596.599 1596.957 1597.315 1597.673 1598.031
1462.081 1455.857 1449.632 1443.408 1437.899 1432.401 1426.902 1421.404 1416.716 1413.083 1409.449 1405.815 1402.182 1401.418 1401.031 1400.645 1400.258 1404.4 1417.602 1430.803 1444.004 1457.205 1469.558 1481.675 1493.792 1505.909 1515.628 1517.402 1519.177 1520.951 1522.725 1521.761 1519.515 1517.27 1515.024 1513.56 1517.303 1521.046 1524.789 1528.531 1536.776 1548.283 1559.791 1571.298 1582.577 1586.221 1589.865 1593.508 1597.151 1598.871 1598.491 1598.112 1597.732 1597.353 1596.584 1595.784 1594.985 1594.186 1593.939 1594.608 1595.276 1595.945 1596.613
1449.64 1443.689 1437.737 1431.786 1427.542 1423.322 1419.103 1414.884 1411.404 1408.883 1406.363 1403.842 1401.322 1400.829 1400.603 1400.377 1400.151 1404.422 1417.687 1430.953 1444.218 1457.483 1470.181 1482.721 1495.261 1507.801 1518.015 1520.522 1523.03 1525.537 1528.045 1527.376 1525.222 1523.067 1520.912 1519.445 1522.556 1525.667 1528.779 1531.89 1539.503 1550.379 1561.255 1572.13 1582.795 1586.396 1589.997 1593.598 1597.198 1598.762 1598.104 1597.446 1596.789 1596.131 1595.029 1593.892 1592.756 1591.619 1591.28 1592.259 1593.238 1594.216 1595.195
1437.199 1431.521 1425.842 1420.164 1417.184 1414.244 1411.304 1408.364 1406.091 1404.683 1403.276 1401.869 1400.462 1400.241 1400.175 1400.109 1400.044 1404.443 1417.773 1431.102 1444.432 1457.762 1470.804 1483.767 1496.73 1509.693 1520.401 1523.642 1526.883 1530.123 1533.364 1532.992 1530.928 1528.864 1526.801 1525.33 1527.81 1530.289 1532.769 1535.249 1542.23 1552.474 1562.719 1572.963 1583.013 1586.571 1590.129 1593.687 1597.245 1598.653 1597.717 1596.781 1595.845 1594.909 1593.474 1592.0 1590.526 1589.053 1588.62 1589.909 1591.199 1592.488 1593.777
1432.002 1426.587 1421.172 1415.757 1413.493 1411.275 1409.057 1406.839 1405.077 1403.906 1402.736 1401.565 1400.395 1400.209 1400.152 1400.095 1400.038 1404.473 1417.892 1431.311 1444.731 1458.15 1471.649 1485.171 1498.693 1512.214 1523.531 1527.543 1531.555 1535.567 1539.578 1539.773 1538.18 1536.587 1534.994 1533.863 1535.816 1537.769 1539.722 1541.674 1547.671 1556.601 1565.53 1574.459 1583.225 1586.525 1589.825 1593.125 1596.425 1597.414 1595.883 1594.352 1592.821 1591.291 1589.218 1587.103 1584.989 1582.874 1582.253 1584.103 1585.953 1587.802 1589.652
1431.812 1426.654 1421.496 1416.338 1414.41 1412.529 1410.648 1408.768 1407.035 1405.496 1403.956 1402.416 1400.876 1400.562 1400.409 1400.255 1400.102 1404.509 1418.035 1431.561 1445.087 1458.614 1472.647 1486.822 1500.996 1515.171 1527.174 1531.983 1536.793 1541.602 1546.411 1547.359 1546.5 1545.64 1544.78 1544.228 1545.726 1547.224 1548.722 1550.219 1554.989 1562.131 1569.272 1576.414 1583.433 1586.326 1589.219 1592.112 1595.005 1595.393 1593.049 1590.704 1588.36 1586.016 1583.095 1580.129 1577.164 1574.198 1573.323 1575.906 1578.489 1581.072 1583.655
1431.622 1426.721 1421.82 1416.919 1415.327 1413.783 1412.24 1410.696 1408.994 1407.085 1405.176 1403.266 1401.357 1400.915 1400.666 1400.416 1400.166 1404.544 1418.178 1431.811 1445.444 1459.077 1473.645 1488.473 1503.3 1518.128 1530.817 1536.424 1542.031 1547.638 1553.245 1554.946 1554.82 1554.693 1554.567 1554.593 1555.635 1556.678 1557.721 1558.764 1562.307 1567.661 1573.015 1578.369 1583.64 1586.126 1588.613 1591.099 1593.585 1593.372 1590.215 1587.057 1583.899 1580.741 1576.972 1573.155 1569.339 1565.522 1564.393 1567.709 1571.026 1574.342 1577.658
1431.433 1426.788 1422.144 1417.5 1416.244 1415.037 1413.831 1412.625 1410.952 1408.674 1406.395 1404.117 1401.839 1401.269 1400.923 1400.577 1400.231 1404.58 1418.32 1432.061 1445.801 1459.541 1474.643 1490.124 1505.604 1521.085 1534.46 1540.865 1547.269 1553.673 1560.078 1562.533 1563.14 1563.746 1564.353 1564.957 1565.545 1566.133 1566.721 1567.31 1569.624 1573.191 1576.757 1580.324 1583.847 1585.927 1588.007 1590.086 1592.166 1591.352 1587.38 1583.409 1579.438 1575.466 1570.849 1566.181 1561.514 1556.846 1555.463 1559.513 1563.562 1567.611 1571.661
1431.638 1427.241 1422.844 1418.448 1417.476 1416.555 1415.634 1414.713 1413.03 1410.356 1407.682 1405.009 1402.336 1401.632 1401.187 1400.742 1400.297 1404.616 1418.464 1432.313 1446.161 1460.009 1475.645 1491.777 1507.909 1524.042 1538.1 1545.287 1552.474 1559.662 1566.849 1570.04 1571.359 1572.678 1573.998 1575.164 1575.306 1575.449 1575.592 1575.735 1576.834 1578.627 1580.419 1582.212 1584.001 1585.646 1587.29 1588.935 1590.58 1589.155 1584.383 1579.611 1574.839 1570.067 1564.628 1559.137 1553.646 1548.155 1546.528 1551.292 1556.056 1560.819 1565.583
1444.967 1440.511 1436.056 1431.6 1429.204 1426.838 1424.471 1422.105 1419.061 1415.135 1411.209 1407.283 1403.358 1402.339 1401.701 1401.063 1400.425 1404.662 1418.65 1432.637 1446.625 1460.612 1476.76 1493.508 1510.255 1527.003 1541.604 1549.097 1556.589 1564.082 1571.574 1574.884 1576.235 1577.587 1578.938 1580.115 1580.13 1580.144 1580.158 1580.173 1580.455 1580.931 1581.407 1581.883 1582.354 1582.628 1582.903 1583.177 1583.452 1581.131 1575.979 1570.827 1565.675 1560.523 1555.146 1549.751 1544.357 1538.962 1537.427 1542.277 1547.126 1551.975 1556.825
1458.296 1453.782 1449.267 1444.753 1440.931 1437.12 1433.309 1429.498 1425.092 1419.914 1414.736 1409.558 1404.38 1403.045 1402.215 1401.384 1400.554 1404.709 1418.835 1432.962 1447.089 1461.215 1477.875 1495.238 1512.601 1529.964 1545.109 1552.907 1560.704 1568.502 1576.299 1579.728 1581.112 1582.495 1583.879 1585.067 1584.953 1584.839 1584.725 1584.611 1584.075 1583.235 1582.395 1581.554 1580.707 1579.611 1578.516 1577.42 1576.325 1573.107 1567.575 1562.043 1556.511 1550.979 1545.664 1540.365 1535.067 1529.769 1528.326 1533.261 1538.197 1543.132 1548.067
1471.625 1467.052 1462.479 1457.906 1452.659 1447.403 1442.146 1436.89 1431.123 1424.693 1418.262 1411.832 1405.402 1403.752 1402.728 1401.705 1400.682 1404.755 1419.021 1433.287 1447.552 1461.818 1478.99 1496.968 1514.947 1532.926 1548.614 1556.717 1564.819 1572.922 1581.024 1584.572 1585.988 1587.404 1588.819 1590.019 1589.776 1589.534 1589.291 1589.049 1587.696 1585.539 1583.382 1581.225 1579.059 1576.594 1574.128 1571.663 1569.197 1565.083 1559.171 1553.259 1547.347 1541.435 1536.181 1530.979 1525.777 1520.575 1519.226 1524.246 1529.267 1534.288 1539.308
1484.955 1480.323 1475.69 1471.058 1464.387 1457.685 1450.984 1444.283 1437.155 1429.472 1421.789 1414.106 1406.424 1404.458 1403.242 1402.026 1400.811 1404.802 1419.207 1433.611 1448.016 1462.421 1480.105 1498.699 1517.293 1535.887 1552.119 1560.527 1568.934 1577.342 1585.75 1589.416 1590.864 1592.312 1593.76 1594.971 1594.6 1594.229 1593.858 1593.487 1591.317 1587.844 1584.37 1580.896 1577.412 1573.577 1569.741 1565.905 1562.07 1557.059 1550.767 1544.475 1538.183 1531.891 1526.699 1521.594 1516.488 1511.382 1510.125 1515.231 1520.337 1525.444 1530.55
1494.302 1489.811 1485.32 1480.829 1473.167 1465.458 1457.749 1450.04 1441.911 1433.236 1424.561 1415.886 1407.211 1405.0 1403.636 1402.272 1400.909 1404.727 1418.909 1433.09 1447.272 1461.453 1479.233 1498.013 1516.792 1535.572 1551.98 1560.532 1569.085 1577.638 1586.191 1589.875 1591.279 1592.684 1594.089 1595.248 1594.766 1594.284 1593.802 1593.32 1590.5 1585.985 1581.47 1576.955 1572.437 1567.816 1563.195 1558.575 1553.954 1548.591 1542.419 1536.247 1530.075 1523.903 1518.979 1514.152 1509.325 1504.499 1503.323 1508.185 1513.047 1517.908 1522.77
1499.107 1494.986 1490.864 1486.742 1478.584 1470.367 1462.149 1453.932 1445.213 1435.842 1426.472 1417.101 1407.73 1405.353 1403.893 1402.433 1400.973 1404.515 1418.059 1431.604 1445.149 1458.693 1476.096 1494.57 1513.045 1531.519 1547.684 1556.199 1564.715 1573.23 1581.745 1585.33 1586.606 1587.883 1589.159 1590.194 1589.621 1589.049 1588.476 1587.903 1584.622 1579.38 1574.136 1568.893 1563.665 1558.927 1554.188 1549.449 1544.711 1539.617 1534.135 1528.654 1523.172 1517.691 1513.268 1508.929 1504.589 1500.249 1499.143 1503.384 1507.625 1511.866 1516.107
1503.913 1500.16 1496.408 1492.656 1484.002 1475.276 1466.55 1457.824 1448.516 1438.449 1428.382 1418.316 1408.249 1405.706 1404.15 1402.594 1401.037 1404.302 1417.21 1430.118 1443.025 1455.933 1472.958 1491.128 1509.297 1527.467 1543.389 1551.866 1560.344 1568.822 1577.3 1580.785 1581.933 1583.081 1584.229 1585.141 1584.477 1583.813 1583.149 1582.485 1578.745 1572.774 1566.803 1560.832 1554.893 1550.037 1545.181 1540.324 1535.468 1530.643 1525.852 1521.061 1516.269 1511.478 1507.558 1503.705 1499.852 1496.0 1494.963 1498.583 1502.203 1505.824 1509.444
1508.718 1505.335 1501.952 1498.569 1489.419 1480.185 1470.951 1461.716 1451.818 1441.055 1430.293 1419.53 1408.768 1406.059 1404.407 1402.754 1401.102 1404.09 1416.361 1428.632 1440.902 1453.173 1469.821 1487.686 1505.55 1523.414 1539.093 1547.534 1555.974 1564.414 1572.854 1576.24 1577.26 1578.279 1579.299 1580.087 1579.332 1578.577 1577.822 1577.067 1572.867 1566.168 1559.469 1552.77 1546.121 1541.147 1536.173 1531.199 1526.225 1521.669 1517.568 1513.467 1509.367 1505.266 1501.847 1498.481 1495.116 1491.75 1490.783 1493.783 1496.782 1499.781 1502.781
1513.524 1510.51 1507.496 1504.482 1494.837 1485.094 1475.351 1465.609 1455.12 1443.662 1432.203 1420.745 1409.287 1406.413 1404.664 1402.915 1401.166 1403.878 1415.512 1427.145 1438.779 1450.413 1466.684 1484.243 1501.802 1519.362 1534.798 1543.201 1551.603 1560.006 1568.409 1571.695 1572.586 1573.478 1574.369 1575.033 1574.187 1573.341 1572.496 1571.65 1566.989 1559.562 1552.135 1544.708 1537.349 1532.258 1527.166 1522.074 1516.982 1512.695 1509.285 1505.874 1502.464 1499.053 1496.136 1493.258 1490.379 1487.501 1486.603 1488.982 1491.36 1493.739 1496.117
1515.502 1511.821 1508.14 1504.458 1494.694 1484.84 1474.986 1465.132 1454.636 1443.305 1431.975 1420.644 1409.314 1406.446 1404.688 1402.93 1401.172 1403.364 1413.455 1423.546 1433.637 1443.728 1458.374 1474.287 1490.199 1506.112 1520.155 1528.007 1535.859 1543.711 1551.562 1554.546 1555.25 1555.955 1556.66 1557.166 1556.35 1555.534 1554.719 1553.903 1549.445 1542.346 1535.248 1528.149 1521.126 1516.643 1512.16 1507.678 1503.195 1499.58 1496.914 1494.247 1491.58 1488.914 1486.965 1485.073 1483.18 1481.288 1481.105 1483.749 1486.393 1489.037 1491.681
1517.184 1512.726 1508.269 1503.812 1493.968 1484.044 1474.12 1464.197 1453.755 1442.638 1431.522 1420.405 1409.289 1406.446 1404.688 1402.93 1401.172 1402.818 1411.271 1419.724 1428.177 1436.631 1449.523 1463.648 1477.772 1491.897 1504.427 1511.674 1518.922 1526.169 1533.416 1536.075 1536.587 1537.099 1537.611 1537.955 1537.182 1536.409 1535.636 1534.863 1530.678 1524.018 1517.358 1510.699 1504.122 1500.324 1496.526 1492.728 1488.931 1486.032 1484.115 1482.197 1480.28 1478.362 1477.431 1476.577 1475.723 1474.868 1475.468 1478.47 1481.473 1484.476 1487.479
1518.865 1513.632 1508.399 1503.166 1493.241 1483.248 1473.255 1463.262 1452.873 1441.971 1431.069 1420.167 1409.264 1406.446 1404.688 1402.93 1401.172 1402.272 1409.087 1415.903 1422.719 1429.534 1440.671 1453.008 1465.346 1477.683 1488.7 1495.342 1501.984 1508.627 1515.269 1517.604 1517.924 1518.243 1518.562 1518.745 1518.014 1517.284 1516.554 1515.824 1511.911 1505.69 1499.469 1493.248 1487.118 1484.005 1480.892 1477.779 1474.666 1472.484 1471.315 1470.147 1468.979 1467.811 1467.897 1468.081 1468.265 1468.449 1469.831 1473.192 1476.553 1479.915 1483.276
1520.547 1514.538 1508.528 1502.519 1492.515 1482.452 1472.39 1462.327 1451.992 1441.304 1430.616 1419.928 1409.24 1406.446 1404.688 1402.93 1401.172 1401.726 1406.904 1412.082 1417.259 1422.437 1431.819 1442.369 1452.919 1463.469 1472.972 1479.01 1485.047 1491.085 1497.123 1499.134 1499.26 1499.387 1499.513 1499.534 1498.847 1498.159 1497.472 1496.785 1493.144 1487.362 1481.58 1475.798 1470.113 1467.685 1465.258 1462.83 1460.402 1458.935 1458.516 1458.097 1457.678 1457.259 1458.363 1459.585 1460.808 1462.03 1464.193 1467.913 1471.633 1475.353 1479.073
1522.109 1515.305 1508.501 1501.698 1491.409 1481.069 1470.729 1460.39 1450.065 1439.76 1429.454 1419.149 1408.844 1406.163 1404.482 1402.802 1401.121 1401.272 1405.09 1408.907 1412.725 1416.542 1424.209 1432.946 1441.682 1450.419 1458.35 1463.614 1468.878 1474.142 1479.406 1481.084 1481.084 1481.084 1481.084 1481.004 1480.387 1479.77 1479.153 1478.536 1475.304 1470.175 1465.047 1459.919 1454.887 1453.089 1451.292 1449.494 1447.696 1446.941 1447.325 1447.708 1448.092 1448.475 1450.612 1452.886 1455.159 1457.433 1460.368 1464.399 1468.43 1472.461 1476.491
1523.44 1515.807 1508.174 1500.541 1489.575 1478.561 1467.547 1456.533 1446.134 1436.536 1426.937 1417.338 1407.739 1405.339 1403.883 1402.427 1400.971 1400.996 1403.984 1406.972 1409.959 1412.947 1418.976 1425.851 1432.725 1439.599 1445.845 1450.012 1454.179 1458.345 1462.512 1463.841 1463.841 1463.841 1463.841 1463.776 1463.282 1462.788 1462.295 1461.801 1459.238 1455.174 1451.111 1447.048 1443.066 1441.792 1440.519 1439.246 1437.972 1437.924 1439.212 1440.5 1441.788 1443.076 1446.276 1449.625 1452.974 1456.324 1460.013 1464.263 1468.513 1472.763 1477.013
1524.772 1516.309 1507.846 1499.384 1487.742 1476.053 1464.365 1452.677 1442.204 1433.311 1424.419 1415.527 1406.635 1404.515 1403.284 1402.052 1400.821 1400.719 1402.878 1405.036 1407.194 1409.352 1413.744 1418.756 1423.767 1428.779 1433.34 1436.41 1439.479 1442.549 1445.618 1446.597 1446.597 1446.597 1446.597 1446.549 1446.178 1445.807 1445.436 1445.066 1443.172 1440.173 1437.175 1434.177 1431.244 1430.495 1429.746 1428.998 1428.249 1428.907 1431.099 1433.292 1435.484 1437.676 1441.94 1446.365 1450.79 1455.215 1459.657 1464.126 1468.596 1473.066 1477.535
1526.104 1516.811 1507.519 1498.226 1485.908 1473.545 1461.183 1448.82 1438.273 1430.087 1421.901 1413.715 1405.53 1403.691 1402.684 1401.678 1400.671 1400.443 1401.772 1403.1 1404.429 1405.758 1408.511 1411.66 1414.81 1417.959 1420.835 1422.808 1424.78 1426.752 1428.725 1429.354 1429.354 1429.354 1429.354 1429.321 1429.073 1428.826 1428.578 1428.33 1427.106 1425.172 1423.239 1421.306 1419.423 1419.198 1418.974 1418.75 1418.525 1419.889 1422.986 1426.083 1429.18 1432.277 1437.604 1443.104 1448.605 1454.106 1459.301 1463.99 1468.679 1473.368 1478.057
