data/zism_data/00871_03_D.txt
ncols         224
nrows         224
[rows 84 to 111 of 224, columns 0 to 63 of 224]
1420.612 1428.904 1437.196 1445.489 1454.388 1463.297 1472.205 1481.113 1490.156 1499.372 1508.589 1517.805 1527.022 1538.1 1549.422 1560.743 1572.065 1580.921 1584.846 1588.77 1592.695 1596.619 1597.852 1598.336 1598.821 1599.306 1599.457 1598.504 1597.552 1596.599 1595.646 1593.898 1591.778 1589.657 1587.537 1585.949 1587.915 1589.88 1591.845 1593.811 1595.32 1596.499 1597.677 1598.856 1600.0 1600.0 1600.0 1600.0 1600.0 1600.0 1600.0 1600.0 1600.0 1600.0 1600.0 1600.0 1600.0 1600.0 1599.944 1599.796 1599.648 1599.5 1599.352 1596.467
1426.259 1436.071 1445.884 1455.696 1464.396 1473.079 1481.763 1490.446 1499.087 1507.672 1516.257 1524.842 1533.427 1543.897 1554.615 1565.332 1576.049 1584.293 1587.591 1590.889 1594.188 1597.486 1598.406 1598.666 1598.926 1599.186 1599.057 1597.638 1596.22 1594.802 1593.383 1591.746 1590.005 1588.265 1586.524 1585.309 1587.596 1589.882 1592.169 1594.455 1596.0 1597.007 1598.015 1599.022 1600.0 1600.0 1600.0 1600.0 1600.0 1600.0 1600.0 1600.0 1600.0 1600.0 1600.0 1600.0 1600.0 1600.0 1599.96 1599.855 1599.75 1599.644 1599.539 1596.649
1431.906 1443.239 1454.571 1465.903 1474.403 1482.862 1491.321 1499.78 1508.019 1515.972 1523.926 1531.88 1539.833 1549.695 1559.807 1569.92 1580.032 1587.664 1590.336 1593.008 1595.68 1598.353 1598.961 1598.996 1599.031 1599.066 1598.656 1596.773 1594.889 1593.005 1591.121 1589.593 1588.233 1586.872 1585.512 1584.669 1587.277 1589.884 1592.492 1595.1 1596.68 1597.516 1598.352 1599.188 1600.0 1600.0 1600.0 1600.0 1600.0 1600.0 1600.0 1600.0 1600.0 1600.0 1600.0 1600.0 1600.0 1600.0 1599.976 1599.914 1599.851 1599.789 1599.726 1596.831
1437.553 1450.406 1463.258 1476.11 1484.411 1492.645 1500.879 1509.113 1516.95 1524.272 1531.594 1538.917 1546.239 1555.493 1565.0 1574.508 1584.015 1591.036 1593.082 1595.127 1597.173 1599.219 1599.516 1599.326 1599.136 1598.947 1598.256 1595.907 1593.557 1591.208 1588.858 1587.441 1586.461 1585.48 1584.5 1584.029 1586.958 1589.886 1592.815 1595.744 1597.36 1598.025 1598.69 1599.354 1600.0 1600.0 1600.0 1600.0 1600.0 1600.0 1600.0 1600.0 1600.0 1600.0 1600.0 1600.0 1600.0 1600.0 1599.993 1599.973 1599.953 1599.933 1599.914 1597.012
1441.035 1454.751 1468.467 1482.182 1490.5 1498.737 1506.975 1515.212 1522.83 1529.642 1536.454 1543.266 1550.078 1558.506 1567.146 1575.785 1584.425 1590.739 1592.401 1594.064 1595.726 1597.389 1597.354 1596.847 1596.34 1595.833 1594.696 1591.47 1588.244 1585.019 1581.793 1580.491 1580.09 1579.689 1579.288 1579.431 1583.202 1586.972 1590.742 1594.512 1596.574 1597.397 1598.22 1599.043 1599.843 1599.878 1599.912 1599.947 1599.982 1600.0 1600.0 1600.0 1600.0 1600.0 1600.0 1600.0 1600.0 1600.0 1600.0 1600.0 1600.0 1600.0 1600.0 1596.709
1442.673 1456.694 1470.715 1484.735 1493.252 1501.688 1510.123 1518.559 1526.112 1532.517 1538.922 1545.328 1551.733 1559.148 1566.696 1574.244 1581.792 1587.319 1588.805 1590.291 1591.777 1593.263 1592.879 1591.976 1591.073 1590.171 1588.445 1583.993 1579.542 1575.091 1570.639 1569.457 1569.806 1570.154 1570.502 1571.465 1576.519 1581.574 1586.628 1591.683 1594.539 1595.801 1597.063 1598.325 1599.553 1599.652 1599.751 1599.849 1599.948 1600.0 1600.0 1600.0 1600.0 1600.0 1600.0 1600.0 1600.0 1600.0 1600.0 1600.0 1600.0 1600.0 1600.0 1595.993
1444.31 1458.636 1472.962 1487.288 1496.005 1504.638 1513.272 1521.905 1529.393 1535.392 1541.39 1547.389 1553.387 1559.79 1566.247 1572.703 1579.159 1583.899 1585.208 1586.518 1587.827 1589.137 1588.405 1587.106 1585.807 1584.508 1582.194 1576.517 1570.84 1565.163 1559.486 1558.424 1559.521 1560.619 1561.716 1563.498 1569.837 1576.176 1582.515 1588.854 1592.504 1594.205 1595.905 1597.606 1599.262 1599.426 1599.589 1599.752 1599.915 1600.0 1600.0 1600.0 1600.0 1600.0 1600.0 1600.0 1600.0 1600.0 1600.0 1600.0 1600.0 1600.0 1600.0 1595.276
1445.948 1460.579 1475.21 1489.841 1498.757 1507.589 1516.42 1525.252 1532.675 1538.267 1543.859 1549.45 1555.042 1560.433 1565.797 1571.161 1576.526 1580.479 1581.612 1582.745 1583.878 1585.01 1583.93 1582.235 1580.54 1578.845 1575.943 1569.04 1562.138 1555.235 1548.333 1547.39 1549.237 1551.083 1552.93 1555.531 1563.154 1570.778 1578.401 1586.025 1590.469 1592.609 1594.748 1596.888 1598.972 1599.199 1599.427 1599.654 1599.881 1600.0 1600.0 1600.0 1600.0 1600.0 1600.0 1600.0 1600.0 1600.0 1600.0 1600.0 1600.0 1600.0 1600.0 1594.56
1447.586 1462.522 1477.458 1492.394 1501.509 1510.539 1519.569 1528.599 1535.957 1541.142 1546.327 1551.512 1556.697 1561.075 1565.348 1569.62 1573.893 1577.06 1578.016 1578.972 1579.928 1580.884 1579.455 1577.365 1575.274 1573.182 1569.692 1561.563 1553.435 1545.307 1537.179 1536.356 1538.952 1541.548 1544.144 1547.564 1556.472 1565.38 1574.287 1583.195 1588.434 1591.012 1593.591 1596.169 1598.682 1598.973 1599.265 1599.556 1599.848 1600.0 1600.0 1600.0 1600.0 1600.0 1600.0 1600.0 1600.0 1600.0 1600.0 1600.0 1600.0 1600.0 1600.0 1593.844
1447.588 1462.044 1476.5 1490.956 1499.904 1508.77 1517.637 1526.503 1533.579 1538.325 1543.072 1547.819 1552.566 1556.206 1559.701 1563.195 1566.69 1569.28 1570.059 1570.839 1571.618 1572.398 1570.801 1568.544 1566.288 1564.031 1560.483 1552.658 1544.833 1537.007 1529.182 1528.303 1530.675 1533.047 1535.418 1538.631 1547.452 1556.273 1565.094 1573.914 1579.574 1582.942 1586.311 1589.679 1592.959 1593.315 1593.671 1594.027 1594.383 1594.718 1595.032 1595.347 1595.661 1595.975 1596.536 1597.118 1597.699 1598.28 1598.741 1599.002 1599.264 1599.526 1599.788 1593.787
1447.554 1461.513 1475.471 1489.429 1498.2 1506.896 1515.591 1524.286 1531.074 1535.382 1539.69 1543.998 1548.306 1551.214 1553.938 1556.661 1559.385 1561.402 1562.005 1562.608 1563.211 1563.814 1562.053 1559.636 1557.219 1554.801 1551.208 1543.72 1536.232 1528.744 1521.256 1520.317 1522.442 1524.568 1526.693 1529.677 1538.38 1547.083 1555.786 1564.489 1570.562 1574.727 1578.893 1583.059 1587.116 1587.536 1587.956 1588.376 1588.796 1589.319 1589.954 1590.589 1591.224 1591.859 1592.995 1594.171 1595.346 1596.521 1597.453 1597.982 1598.512 1599.041 1599.571 1593.745
1447.52 1460.981 1474.441 1487.902 1496.497 1505.021 1513.545 1522.069 1528.569 1532.438 1536.307 1540.177 1544.046 1546.221 1548.174 1550.128 1552.081 1553.525 1553.951 1554.378 1554.804 1555.23 1553.305 1550.727 1548.15 1545.572 1541.934 1534.783 1527.632 1520.481 1513.33 1512.33 1514.21 1516.089 1517.969 1520.723 1529.308 1537.893 1546.479 1555.064 1561.549 1566.512 1571.475 1576.439 1581.272 1581.756 1582.24 1582.724 1583.209 1583.919 1584.875 1585.831 1586.788 1587.744 1589.455 1591.224 1592.993 1594.762 1596.165 1596.963 1597.76 1598.557 1599.354 1593.702
1447.486 1460.449 1473.412 1486.374 1494.794 1503.147 1511.499 1519.852 1526.064 1529.495 1532.925 1536.355 1539.785 1541.229 1542.411 1543.594 1544.776 1545.648 1545.897 1546.147 1546.397 1546.646 1544.557 1541.819 1539.081 1536.342 1532.659 1525.845 1519.031 1512.218 1505.404 1504.344 1505.977 1507.61 1509.244 1511.768 1520.236 1528.703 1537.171 1545.639 1552.537 1558.297 1564.058 1569.818 1575.428 1575.976 1576.525 1577.073 1577.622 1578.519 1579.796 1581.074 1582.351 1583.629 1585.914 1588.277 1590.64 1593.004 1594.878 1595.943 1597.007 1598.072 1599.137 1593.66
1447.317 1459.595 1471.873 1484.151 1492.194 1500.175 1508.156 1516.137 1521.946 1524.93 1527.915 1530.9 1533.885 1534.784 1535.409 1536.035 1536.66 1537.102 1537.175 1537.248 1537.321 1537.394 1535.291 1532.583 1529.876 1527.168 1523.632 1517.352 1511.071 1504.791 1498.51 1497.543 1499.064 1500.585 1502.105 1504.465 1512.418 1520.372 1528.326 1536.279 1543.037 1548.93 1554.822 1560.714 1566.451 1567.004 1567.557 1568.109 1568.662 1569.635 1571.066 1572.498 1573.929 1575.361 1578.177 1581.101 1584.025 1586.949 1589.539 1591.578 1593.616 1595.654 1597.692 1593.085
1446.958 1458.289 1469.619 1480.95 1488.336 1495.664 1502.992 1510.32 1515.562 1518.092 1520.621 1523.151 1525.681 1526.3 1526.669 1527.038 1527.406 1527.618 1527.514 1527.41 1527.307 1527.203 1525.296 1522.889 1520.481 1518.073 1514.955 1509.482 1504.01 1498.537 1493.065 1492.407 1494.003 1495.598 1497.194 1499.479 1506.362 1513.245 1520.128 1527.011 1532.855 1537.944 1543.033 1548.123 1553.078 1553.551 1554.023 1554.495 1554.968 1555.86 1557.212 1558.563 1559.914 1561.266 1564.552 1567.99 1571.428 1574.866 1578.516 1582.519 1586.521 1590.523 1594.526 1591.763
1446.599 1456.982 1467.365 1477.749 1484.477 1491.153 1497.828 1504.503 1509.178 1511.253 1513.328 1515.403 1517.477 1517.817 1517.929 1518.041 1518.152 1518.133 1517.853 1517.573 1517.293 1517.013 1515.302 1513.194 1511.086 1508.978 1506.277 1501.613 1496.948 1492.284 1487.62 1487.27 1488.941 1490.611 1492.282 1494.493 1500.305 1506.118 1511.931 1517.744 1522.672 1526.958 1531.245 1535.531 1539.705 1540.097 1540.489 1540.881 1541.273 1542.086 1543.357 1544.628 1545.899 1547.17 1550.927 1554.879 1558.83 1562.782 1567.493 1573.459 1579.426 1585.392 1591.359 1590.441
1446.239 1455.675 1465.111 1474.547 1480.619 1486.641 1492.664 1498.686 1502.794 1504.414 1506.034 1507.654 1509.274 1509.333 1509.188 1509.043 1508.898 1508.649 1508.192 1507.735 1507.279 1506.822 1505.307 1503.499 1501.69 1499.882 1497.599 1493.743 1489.887 1486.031 1482.174 1482.134 1483.879 1485.625 1487.37 1489.506 1494.249 1498.991 1503.734 1508.476 1512.489 1515.973 1519.456 1522.94 1526.332 1526.644 1526.955 1527.267 1527.579 1528.311 1529.502 1530.693 1531.883 1533.074 1537.302 1541.767 1546.233 1550.698 1556.469 1564.4 1572.331 1580.261 1588.192 1589.119
1445.88 1454.369 1462.858 1471.346 1476.761 1482.13 1487.499 1492.869 1496.41 1497.575 1498.74 1499.905 1501.07 1500.85 1500.448 1500.046 1499.644 1499.165 1498.531 1497.898 1497.265 1496.631 1495.313 1493.804 1492.295 1490.787 1488.921 1485.873 1482.825 1479.777 1476.729 1476.997 1478.818 1480.638 1482.458 1484.52 1488.192 1491.864 1495.536 1499.208 1502.306 1504.987 1507.668 1510.349 1512.959 1513.19 1513.422 1513.653 1513.885 1514.536 1515.647 1516.757 1517.868 1518.978 1523.677 1528.656 1533.635 1538.615 1545.446 1555.341 1565.236 1575.13 1585.025 1587.797
1443.916 1451.617 1459.318 1467.02 1471.653 1476.242 1480.83 1485.418 1488.376 1489.214 1490.052 1490.891 1491.729 1491.134 1490.352 1489.57 1488.787 1487.914 1486.857 1485.8 1484.743 1483.686 1483.125 1482.703 1482.28 1481.857 1481.066 1479.054 1477.043 1475.032 1473.021 1473.904 1476.142 1478.38 1480.618 1483.021 1486.523 1490.025 1493.527 1497.029 1499.879 1502.255 1504.631 1507.008 1509.322 1509.56 1509.798 1510.036 1510.274 1510.83 1511.732 1512.634 1513.536 1514.438 1518.797 1523.427 1528.056 1532.685 1539.466 1549.808 1560.15 1570.491 1580.833 1584.635
1441.677 1448.618 1455.559 1462.501 1466.332 1470.118 1473.903 1477.689 1480.06 1480.593 1481.126 1481.659 1482.193 1481.208 1480.024 1478.841 1477.657 1476.36 1474.838 1473.315 1471.793 1470.27 1470.563 1471.361 1472.158 1472.955 1473.351 1472.415 1471.48 1470.544 1469.609 1471.159 1473.874 1476.588 1479.302 1482.117 1485.604 1489.09 1492.576 1496.062 1498.777 1500.934 1503.091 1505.248 1507.35 1507.609 1507.869 1508.128 1508.388 1508.844 1509.516 1510.188 1510.86 1511.532 1515.413 1519.545 1523.676 1527.807 1534.349 1544.878 1555.407 1565.936 1576.465 1581.157
1439.437 1445.619 1451.8 1457.982 1461.011 1463.994 1466.976 1469.959 1471.744 1471.972 1472.2 1472.428 1472.656 1471.282 1469.697 1468.111 1466.526 1464.807 1462.819 1460.831 1458.843 1456.854 1458.001 1460.019 1462.036 1464.054 1465.636 1465.776 1465.917 1466.057 1466.197 1468.415 1471.606 1474.796 1477.987 1481.214 1484.684 1488.154 1491.624 1495.094 1497.676 1499.613 1501.551 1503.488 1505.378 1505.658 1505.939 1506.22 1506.501 1506.859 1507.301 1507.743 1508.185 1508.626 1512.029 1515.662 1519.296 1522.93 1529.232 1539.948 1550.665 1561.381 1572.097 1577.68
1437.198 1442.62 1448.041 1453.463 1455.69 1457.87 1460.05 1462.23 1463.428 1463.351 1463.274 1463.197 1463.12 1461.355 1459.369 1457.382 1455.396 1453.254 1450.8 1448.346 1445.892 1443.439 1445.439 1448.677 1451.915 1455.152 1457.922 1459.137 1460.353 1461.569 1462.785 1465.671 1469.338 1473.005 1476.672 1480.311 1483.765 1487.219 1490.673 1494.127 1496.574 1498.292 1500.01 1501.728 1503.405 1503.708 1504.01 1504.312 1504.614 1504.873 1505.085 1505.297 1505.509 1505.72 1508.644 1511.78 1514.916 1518.052 1524.115 1535.019 1545.922 1556.826 1567.73 1574.202
1434.208 1438.871 1443.534 1448.197 1449.76 1451.278 1452.796 1454.314 1455.022 1454.677 1454.333 1453.988 1453.644 1451.663 1449.467 1447.271 1445.076 1442.816 1440.428 1438.04 1435.652 1433.264 1436.11 1440.41 1444.71 1449.01 1452.798 1454.89 1456.982 1459.074 1461.165 1464.515 1468.454 1472.392 1476.331 1480.209 1483.681 1487.153 1490.625 1494.098 1496.568 1498.312 1500.056 1501.8 1503.505 1503.905 1504.305 1504.705 1505.106 1505.324 1505.343 1505.362 1505.381 1505.4 1507.925 1510.646 1513.367 1516.088 1521.865 1532.695 1543.525 1554.355 1565.185 1572.158
1429.395 1433.303 1437.212 1441.12 1442.356 1443.553 1444.749 1445.946 1446.396 1445.875 1445.354 1444.832 1444.311 1442.537 1440.598 1438.659 1436.721 1435.083 1434.05 1433.016 1431.982 1430.948 1434.62 1439.6 1444.58 1449.56 1453.961 1456.443 1458.926 1461.408 1463.89 1467.212 1470.925 1474.639 1478.353 1482.049 1485.623 1489.197 1492.771 1496.344 1499.217 1501.582 1503.947 1506.312 1508.628 1509.312 1509.996 1510.68 1511.364 1511.681 1511.598 1511.516 1511.433 1511.351 1513.67 1516.177 1518.684 1521.19 1526.567 1536.691 1546.814 1556.938 1567.061 1573.589
1424.582 1427.736 1430.89 1434.043 1434.952 1435.827 1436.703 1437.578 1437.77 1437.072 1436.374 1435.677 1434.979 1433.411 1431.729 1430.047 1428.366 1427.351 1427.671 1427.991 1428.312 1428.632 1433.131 1438.79 1444.45 1450.109 1455.123 1457.996 1460.869 1463.742 1466.615 1469.908 1473.397 1476.886 1480.375 1483.889 1487.564 1491.24 1494.916 1498.591 1501.867 1504.852 1507.838 1510.824 1513.751 1514.719 1515.686 1516.654 1517.621 1518.038 1517.854 1517.669 1517.485 1517.301 1519.414 1521.707 1524.0 1526.293 1531.27 1540.687 1550.104 1559.521 1568.938 1575.019
1419.769 1422.168 1424.568 1426.967 1427.548 1428.102 1428.656 1429.211 1429.144 1428.27 1427.395 1426.521 1425.646 1424.285 1422.86 1421.435 1420.01 1419.619 1421.293 1422.967 1424.642 1426.316 1431.641 1437.98 1444.32 1450.659 1456.285 1459.549 1462.813 1466.077 1469.341 1472.605 1475.869 1479.133 1482.397 1485.729 1489.506 1493.283 1497.061 1500.838 1504.516 1508.123 1511.729 1515.336 1518.874 1520.125 1521.376 1522.628 1523.879 1524.395 1524.109 1523.823 1523.537 1523.251 1525.159 1527.237 1529.316 1531.395 1535.972 1544.683 1553.393 1562.104 1570.814 1576.45
1414.957 1416.601 1418.245 1419.89 1420.143 1420.377 1420.61 1420.843 1420.518 1419.467 1418.416 1417.365 1416.314 1415.16 1413.991 1412.823 1411.655 1411.886 1414.915 1417.943 1420.972 1424.0 1430.151 1437.171 1444.19 1451.209 1457.447 1461.102 1464.757 1468.411 1472.066 1475.301 1478.341 1481.38 1484.42 1487.568 1491.448 1495.327 1499.206 1503.085 1507.166 1511.393 1515.62 1519.848 1523.997 1525.532 1527.067 1528.602 1530.137 1530.752 1530.365 1529.977 1529.589 1529.202 1530.903 1532.768 1534.632 1536.497 1540.675 1548.679 1556.683 1564.687 1572.691 1577.881
1411.472 1412.682 1413.892 1415.102 1415.241 1415.364 1415.487 1415.61 1415.278 1414.355 1413.432 1412.509 1411.587 1411.099 1410.668 1410.238 1409.807 1411.072 1415.728 1420.384 1425.04 1429.696 1436.213 1443.248 1450.282 1457.317 1463.507 1466.9 1470.293 1473.686 1477.079 1479.833 1482.288 1484.743 1487.199 1489.832 1493.652 1497.473 1501.294 1505.114 1509.655 1514.718 1519.781 1524.844 1529.82 1531.877 1533.934 1535.991 1538.048 1538.836 1538.242 1537.647 1537.052 1536.457 1537.822 1539.339 1540.857 1542.375 1546.138 1553.615 1561.093 1568.57 1576.047 1580.697
