data/zism_data/00872_04_D.txt
ncols         224
nrows         224
[rows 0 to 27 of 224, columns 126 to 188 of 224]
1318.762 1318.629 1318.495 1318.391 1318.294 1318.198 1318.102 1317.984 1317.779 1317.575 1317.37 1317.166 1316.88 1316.547 1316.215 1315.882 1315.551 1315.251 1314.95 1314.65 1314.349 1314.166 1314.102 1314.037 1313.973 1313.909 1313.491 1313.044 1312.598 1312.151 1311.812 1311.666 1311.52 1311.374 1311.228 1311.262 1311.344 1311.425 1311.507 1311.693 1312.252 1312.811 1313.369 1313.928 1314.716 1315.629 1316.541 1317.454 1318.389 1319.587 1320.784 1321.981 1323.179 1324.422 1325.71 1326.998 1328.286 1329.575 1330.656 1331.726 1332.795 1333.864 1334.704
1319.399 1319.309 1319.218 1319.086 1318.942 1318.797 1318.653 1318.513 1318.389 1318.264 1318.14 1318.016 1317.769 1317.453 1317.136 1316.819 1316.506 1316.237 1315.969 1315.7 1315.431 1315.248 1315.152 1315.056 1314.96 1314.864 1314.473 1314.058 1313.644 1313.229 1312.911 1312.765 1312.619 1312.473 1312.327 1312.335 1312.385 1312.435 1312.484 1312.627 1313.1 1313.573 1314.046 1314.519 1315.219 1316.04 1316.862 1317.684 1318.534 1319.71 1320.886 1322.062 1323.238 1324.427 1325.63 1326.833 1328.035 1329.238 1330.234 1331.218 1332.201 1333.185 1333.948
1320.036 1319.989 1319.941 1319.781 1319.589 1319.396 1319.204 1319.042 1318.998 1318.954 1318.91 1318.865 1318.658 1318.358 1318.057 1317.756 1317.46 1317.224 1316.987 1316.75 1316.514 1316.331 1316.203 1316.075 1315.947 1315.818 1315.455 1315.072 1314.69 1314.307 1314.009 1313.864 1313.718 1313.572 1313.426 1313.409 1313.427 1313.444 1313.462 1313.56 1313.948 1314.336 1314.723 1315.111 1315.721 1316.452 1317.183 1317.914 1318.679 1319.833 1320.988 1322.143 1323.297 1324.433 1325.55 1326.667 1327.784 1328.901 1329.812 1330.71 1331.608 1332.506 1333.192
1320.657 1320.645 1320.632 1320.466 1320.254 1320.042 1319.831 1319.661 1319.657 1319.652 1319.647 1319.642 1319.463 1319.183 1318.903 1318.623 1318.349 1318.152 1317.955 1317.757 1317.56 1317.381 1317.221 1317.061 1316.9 1316.74 1316.397 1316.039 1315.682 1315.324 1315.047 1314.916 1314.784 1314.653 1314.521 1314.494 1314.494 1314.494 1314.494 1314.561 1314.868 1315.175 1315.481 1315.788 1316.327 1316.991 1317.655 1318.319 1319.018 1320.115 1321.213 1322.31 1323.407 1324.467 1325.491 1326.516 1327.54 1328.564 1329.389 1330.202 1331.015 1331.827 1332.437
1321.257 1321.271 1321.286 1321.137 1320.942 1320.746 1320.551 1320.392 1320.376 1320.361 1320.345 1320.33 1320.163 1319.91 1319.657 1319.404 1319.158 1319.009 1318.86 1318.71 1318.561 1318.391 1318.198 1318.006 1317.814 1317.621 1317.291 1316.949 1316.608 1316.266 1316.011 1315.912 1315.812 1315.713 1315.613 1315.592 1315.592 1315.592 1315.592 1315.643 1315.875 1316.107 1316.339 1316.571 1317.06 1317.686 1318.313 1318.94 1319.596 1320.592 1321.587 1322.583 1323.579 1324.537 1325.46 1326.383 1327.306 1328.229 1328.967 1329.694 1330.421 1331.149 1331.685
1321.856 1321.898 1321.939 1321.809 1321.629 1321.45 1321.27 1321.122 1321.096 1321.07 1321.044 1321.017 1320.864 1320.638 1320.411 1320.185 1319.967 1319.866 1319.765 1319.664 1319.563 1319.4 1319.176 1318.951 1318.727 1318.503 1318.184 1317.859 1317.534 1317.208 1316.975 1316.907 1316.84 1316.773 1316.705 1316.691 1316.691 1316.691 1316.691 1316.725 1316.883 1317.04 1317.197 1317.354 1317.792 1318.381 1318.971 1319.56 1320.174 1321.068 1321.962 1322.856 1323.75 1324.607 1325.429 1326.25 1327.071 1327.893 1328.545 1329.187 1329.828 1330.47 1330.932
1322.456 1322.524 1322.592 1322.481 1322.317 1322.154 1321.99 1321.852 1321.815 1321.779 1321.742 1321.705 1321.565 1321.365 1321.165 1320.966 1320.776 1320.723 1320.67 1320.617 1320.564 1320.41 1320.153 1319.897 1319.64 1319.384 1319.078 1318.769 1318.459 1318.15 1317.939 1317.903 1317.868 1317.833 1317.797 1317.79 1317.79 1317.79 1317.79 1317.808 1317.89 1317.973 1318.055 1318.137 1318.525 1319.077 1319.629 1320.18 1320.751 1321.544 1322.337 1323.13 1323.922 1324.678 1325.397 1326.117 1326.837 1327.557 1328.122 1328.679 1329.235 1329.791 1330.18
1323.056 1323.15 1323.245 1323.152 1323.005 1322.857 1322.71 1322.583 1322.535 1322.488 1322.44 1322.392 1322.265 1322.092 1321.919 1321.746 1321.585 1321.58 1321.575 1321.57 1321.565 1321.419 1321.131 1320.842 1320.554 1320.265 1319.972 1319.679 1319.385 1319.092 1318.902 1318.899 1318.896 1318.892 1318.889 1318.889 1318.889 1318.889 1318.889 1318.89 1318.898 1318.905 1318.913 1318.921 1319.257 1319.772 1320.286 1320.801 1321.329 1322.021 1322.712 1323.403 1324.094 1324.748 1325.366 1325.984 1326.603 1327.221 1327.7 1328.171 1328.641 1329.112 1329.428
1323.622 1323.729 1323.836 1323.769 1323.652 1323.535 1323.418 1323.311 1323.243 1323.175 1323.107 1323.04 1322.919 1322.768 1322.617 1322.466 1322.325 1322.325 1322.325 1322.325 1322.325 1322.208 1321.974 1321.74 1321.506 1321.272 1321.024 1320.776 1320.527 1320.279 1320.093 1320.021 1319.949 1319.877 1319.805 1319.79 1319.79 1319.79 1319.79 1319.78 1319.737 1319.694 1319.651 1319.608 1319.859 1320.268 1320.678 1321.088 1321.515 1322.133 1322.751 1323.37 1323.988 1324.547 1325.05 1325.552 1326.054 1326.557 1326.976 1327.39 1327.804 1328.218 1328.492
1324.184 1324.302 1324.419 1324.38 1324.295 1324.21 1324.125 1324.039 1323.95 1323.861 1323.771 1323.682 1323.567 1323.438 1323.308 1323.178 1323.057 1323.057 1323.057 1323.057 1323.057 1322.973 1322.803 1322.633 1322.463 1322.293 1322.094 1321.894 1321.693 1321.493 1321.31 1321.157 1321.005 1320.853 1320.701 1320.669 1320.669 1320.669 1320.669 1320.649 1320.557 1320.466 1320.375 1320.284 1320.445 1320.743 1321.04 1321.338 1321.656 1322.204 1322.753 1323.302 1323.851 1324.317 1324.701 1325.086 1325.471 1325.855 1326.217 1326.578 1326.939 1327.299 1327.536
1324.746 1324.875 1325.003 1324.991 1324.938 1324.885 1324.832 1324.767 1324.657 1324.546 1324.435 1324.325 1324.216 1324.108 1323.999 1323.891 1323.79 1323.79 1323.79 1323.79 1323.79 1323.737 1323.631 1323.525 1323.419 1323.313 1323.164 1323.012 1322.86 1322.707 1322.526 1322.294 1322.062 1321.829 1321.597 1321.548 1321.548 1321.548 1321.548 1321.517 1321.378 1321.238 1321.099 1320.96 1321.031 1321.217 1321.402 1321.587 1321.796 1322.276 1322.755 1323.235 1323.714 1324.085 1324.353 1324.62 1324.887 1325.154 1325.459 1325.766 1326.073 1326.38 1326.58
1325.309 1325.448 1325.586 1325.602 1325.581 1325.56 1325.539 1325.495 1325.363 1325.231 1325.099 1324.968 1324.864 1324.777 1324.69 1324.604 1324.522 1324.522 1324.522 1324.522 1324.522 1324.502 1324.46 1324.418 1324.376 1324.334 1324.234 1324.13 1324.026 1323.922 1323.743 1323.43 1323.118 1322.805 1322.493 1322.427 1322.427 1322.427 1322.427 1322.386 1322.198 1322.011 1321.823 1321.636 1321.618 1321.691 1321.764 1321.837 1321.937 1322.347 1322.757 1323.167 1323.578 1323.854 1324.004 1324.154 1324.303 1324.453 1324.701 1324.954 1325.208 1325.462 1325.624
1325.858 1326.006 1326.153 1326.198 1326.213 1326.228 1326.243 1326.229 1326.106 1325.982 1325.859 1325.735 1325.647 1325.58 1325.512 1325.445 1325.382 1325.382 1325.382 1325.382 1325.382 1325.382 1325.382 1325.382 1325.382 1325.382 1325.304 1325.22 1325.136 1325.052 1324.865 1324.495 1324.125 1323.754 1323.384 1323.288 1323.266 1323.244 1323.221 1323.151 1322.91 1322.669 1322.427 1322.186 1322.08 1322.047 1322.013 1321.98 1321.974 1322.287 1322.6 1322.912 1323.225 1323.405 1323.457 1323.51 1323.562 1323.615 1323.808 1324.01 1324.212 1324.415 1324.541
1326.383 1326.536 1326.689 1326.769 1326.826 1326.884 1326.941 1326.975 1326.916 1326.856 1326.797 1326.737 1326.683 1326.632 1326.58 1326.529 1326.481 1326.481 1326.481 1326.481 1326.481 1326.481 1326.481 1326.481 1326.481 1326.481 1326.373 1326.257 1326.141 1326.025 1325.812 1325.426 1325.039 1324.653 1324.266 1324.117 1324.03 1323.944 1323.857 1323.723 1323.418 1323.112 1322.807 1322.502 1322.311 1322.181 1322.051 1321.922 1321.816 1321.979 1322.142 1322.305 1322.468 1322.545 1322.538 1322.532 1322.526 1322.519 1322.664 1322.818 1322.972 1323.126 1323.223
1326.908 1327.067 1327.225 1327.339 1327.439 1327.54 1327.64 1327.721 1327.725 1327.73 1327.735 1327.739 1327.719 1327.683 1327.648 1327.613 1327.58 1327.58 1327.58 1327.58 1327.58 1327.58 1327.58 1327.58 1327.58 1327.58 1327.442 1327.294 1327.146 1326.998 1326.758 1326.356 1325.954 1325.551 1325.149 1324.945 1324.794 1324.644 1324.493 1324.295 1323.926 1323.556 1323.187 1322.817 1322.541 1322.315 1322.089 1321.864 1321.657 1321.671 1321.684 1321.698 1321.711 1321.684 1321.619 1321.554 1321.489 1321.424 1321.52 1321.626 1321.732 1321.838 1321.904
1327.434 1327.598 1327.761 1327.909 1328.052 1328.195 1328.338 1328.466 1328.535 1328.604 1328.673 1328.741 1328.754 1328.735 1328.716 1328.696 1328.678 1328.678 1328.678 1328.678 1328.678 1328.678 1328.678 1328.678 1328.678 1328.678 1328.511 1328.331 1328.151 1327.97 1327.705 1327.286 1326.868 1326.45 1326.031 1325.773 1325.559 1325.344 1325.13 1324.867 1324.433 1324.0 1323.566 1323.133 1322.772 1322.45 1322.128 1321.806 1321.499 1321.362 1321.226 1321.09 1320.954 1320.824 1320.7 1320.577 1320.453 1320.329 1320.376 1320.434 1320.492 1320.55 1320.586
1327.959 1328.128 1328.297 1328.479 1328.665 1328.851 1329.037 1329.212 1329.345 1329.478 1329.611 1329.743 1329.79 1329.787 1329.783 1329.78 1329.777 1329.777 1329.777 1329.777 1329.777 1329.777 1329.777 1329.777 1329.777 1329.777 1329.58 1329.368 1329.156 1328.943 1328.651 1328.217 1327.782 1327.348 1326.914 1326.602 1326.323 1326.044 1325.766 1325.439 1324.941 1324.443 1323.946 1323.448 1323.002 1322.584 1322.166 1321.748 1321.34 1321.054 1320.769 1320.483 1320.197 1319.964 1319.781 1319.599 1319.416 1319.234 1319.232 1319.242 1319.252 1319.261 1319.268
1328.494 1328.673 1328.852 1329.066 1329.29 1329.514 1329.739 1329.955 1330.139 1330.323 1330.508 1330.692 1330.775 1330.801 1330.826 1330.852 1330.876 1330.876 1330.876 1330.876 1330.876 1330.876 1330.876 1330.876 1330.876 1330.876 1330.649 1330.405 1330.16 1329.916 1329.593 1329.13 1328.667 1328.203 1327.74 1327.372 1327.029 1326.686 1326.343 1325.952 1325.385 1324.819 1324.253 1323.687 1323.141 1322.605 1322.07 1321.534 1321.011 1320.64 1320.269 1319.897 1319.526 1319.221 1318.979 1318.738 1318.496 1318.255 1318.217 1318.191 1318.166 1318.14 1318.124
1329.032 1329.221 1329.411 1329.656 1329.918 1330.18 1330.441 1330.697 1330.929 1331.162 1331.394 1331.626 1331.748 1331.805 1331.863 1331.921 1331.974 1331.974 1331.974 1331.974 1331.974 1331.974 1331.974 1331.974 1331.974 1331.974 1331.718 1331.442 1331.165 1330.889 1330.534 1330.039 1329.543 1329.048 1328.553 1328.127 1327.72 1327.313 1326.906 1326.449 1325.813 1325.178 1324.542 1323.907 1323.256 1322.598 1321.939 1321.281 1320.64 1320.199 1319.758 1319.317 1318.876 1318.507 1318.207 1317.907 1317.606 1317.306 1317.234 1317.177 1317.119 1317.062 1317.026
1329.57 1329.77 1329.97 1330.247 1330.546 1330.845 1331.144 1331.439 1331.72 1332.0 1332.281 1332.561 1332.72 1332.81 1332.9 1332.989 1333.073 1333.073 1333.073 1333.073 1333.073 1333.073 1333.073 1333.073 1333.073 1333.073 1332.787 1332.479 1332.17 1331.862 1331.475 1330.947 1330.42 1329.893 1329.365 1328.882 1328.411 1327.94 1327.469 1326.947 1326.242 1325.536 1324.832 1324.127 1323.372 1322.591 1321.809 1321.028 1320.268 1319.758 1319.247 1318.737 1318.226 1317.793 1317.434 1317.075 1316.716 1316.358 1316.252 1316.162 1316.073 1315.983 1315.927
1330.108 1330.318 1330.529 1330.837 1331.174 1331.51 1331.847 1332.182 1332.51 1332.839 1333.167 1333.496 1333.693 1333.815 1333.937 1334.058 1334.172 1334.172 1334.172 1334.172 1334.172 1334.172 1334.172 1334.172 1334.172 1334.172 1333.856 1333.516 1333.175 1332.834 1332.416 1331.856 1331.297 1330.737 1330.178 1329.637 1329.102 1328.567 1328.032 1327.444 1326.67 1325.895 1325.121 1324.346 1323.487 1322.583 1321.679 1320.774 1319.896 1319.316 1318.736 1318.156 1317.577 1317.08 1316.662 1316.244 1315.826 1315.409 1315.27 1315.148 1315.026 1314.904 1314.828
1330.622 1330.848 1331.075 1331.409 1331.773 1332.138 1332.503 1332.87 1333.246 1333.623 1334.0 1334.376 1334.614 1334.772 1334.929 1335.087 1335.235 1335.243 1335.251 1335.259 1335.267 1335.267 1335.259 1335.251 1335.243 1335.235 1334.882 1334.501 1334.121 1333.74 1333.284 1332.693 1332.101 1331.51 1330.918 1330.32 1329.721 1329.122 1328.522 1327.869 1327.024 1326.179 1325.333 1324.488 1323.536 1322.526 1321.516 1320.505 1319.525 1318.888 1318.25 1317.613 1316.975 1316.42 1315.944 1315.467 1314.991 1314.514 1314.33 1314.165 1313.999 1313.833 1313.729
1331.063 1331.322 1331.581 1331.921 1332.286 1332.651 1333.016 1333.392 1333.817 1334.242 1334.667 1335.091 1335.377 1335.583 1335.789 1335.995 1336.189 1336.229 1336.269 1336.309 1336.349 1336.35 1336.31 1336.27 1336.23 1336.19 1335.775 1335.33 1334.885 1334.441 1333.932 1333.308 1332.685 1332.061 1331.438 1330.783 1330.119 1329.456 1328.792 1328.073 1327.152 1326.232 1325.312 1324.392 1323.379 1322.316 1321.252 1320.188 1319.157 1318.499 1317.84 1317.181 1316.522 1315.926 1315.391 1314.856 1314.32 1313.785 1313.522 1313.276 1313.031 1312.785 1312.631
1331.504 1331.795 1332.086 1332.434 1332.799 1333.163 1333.528 1333.915 1334.388 1334.861 1335.333 1335.806 1336.14 1336.394 1336.648 1336.902 1337.144 1337.216 1337.288 1337.36 1337.432 1337.432 1337.36 1337.288 1337.216 1337.144 1336.667 1336.159 1335.65 1335.141 1334.58 1333.924 1333.268 1332.613 1331.957 1331.245 1330.517 1329.79 1329.062 1328.276 1327.281 1326.286 1325.291 1324.296 1323.222 1322.105 1320.988 1319.871 1318.789 1318.109 1317.429 1316.749 1316.068 1315.432 1314.838 1314.244 1313.65 1313.056 1312.714 1312.388 1312.062 1311.736 1311.532
1331.946 1332.269 1332.592 1332.947 1333.312 1333.676 1334.041 1334.438 1334.958 1335.479 1336.0 1336.521 1336.903 1337.205 1337.507 1337.809 1338.098 1338.202 1338.306 1338.41 1338.514 1338.515 1338.411 1338.307 1338.203 1338.099 1337.56 1336.987 1336.414 1335.841 1335.227 1334.54 1333.852 1333.164 1332.477 1331.707 1330.915 1330.124 1329.332 1328.479 1327.41 1326.34 1325.27 1324.201 1323.065 1321.895 1320.725 1319.554 1318.421 1317.72 1317.018 1316.317 1315.615 1314.938 1314.285 1313.633 1312.98 1312.327 1311.906 1311.5 1311.094 1310.688 1310.433
1332.387 1332.742 1333.097 1333.459 1333.824 1334.189 1334.554 1334.96 1335.529 1336.098 1336.667 1337.236 1337.666 1338.016 1338.366 1338.716 1339.052 1339.189 1339.325 1339.461 1339.597 1339.598 1339.462 1339.326 1339.19 1339.053 1338.453 1337.816 1337.179 1336.542 1335.875 1335.156 1334.436 1333.716 1332.996 1332.169 1331.313 1330.458 1329.602 1328.683 1327.538 1326.394 1325.249 1324.105 1322.909 1321.685 1320.461 1319.237 1318.053 1317.33 1316.607 1315.885 1315.161 1314.444 1313.733 1313.021 1312.309 1311.598 1311.098 1310.612 1310.126 1309.64 1309.334
1332.601 1333.014 1333.427 1333.84 1334.253 1334.666 1335.079 1335.529 1336.124 1336.719 1337.313 1337.908 1338.371 1338.758 1339.145 1339.532 1339.905 1340.073 1340.241 1340.41 1340.578 1340.579 1340.411 1340.243 1340.074 1339.906 1339.254 1338.564 1337.874 1337.184 1336.476 1335.735 1334.995 1334.254 1333.513 1332.661 1331.778 1330.895 1330.012 1329.064 1327.882 1326.7 1325.518 1324.335 1323.13 1321.912 1320.695 1319.477 1318.291 1317.476 1316.661 1315.846 1315.031 1314.226 1313.429 1312.633 1311.837 1311.04 1310.446 1309.865 1309.284 1308.703 1308.329
1332.714 1333.197 1333.68 1334.162 1334.645 1335.127 1335.61 1336.119 1336.729 1337.34 1337.951 1338.562 1339.051 1339.47 1339.889 1340.308 1340.713 1340.913 1341.113 1341.314 1341.514 1341.515 1341.315 1341.115 1340.915 1340.714 1340.015 1339.277 1338.539 1337.801 1337.056 1336.3 1335.543 1334.786 1334.03 1333.165 1332.272 1331.378 1330.485 1329.523 1328.32 1327.116 1325.913 1324.709 1323.517 1322.332 1321.146 1319.96 1318.794 1317.856 1316.918 1315.98 1315.043 1314.128 1313.235 1312.343 1311.45 1310.557 1309.862 1309.18 1308.497 1307.814 1307.365
