data/zism_data/00875_03_D.txt
ncols         224
nrows         224
[rows 87 to 115 of 224, columns 128 to 191 of 224]
1588.187 1591.259 1594.331 1596.706 1597.106 1597.506 1597.906 1598.306 1598.199 1597.899 1597.599 1597.299 1597.187 1597.885 1598.583 1599.281 1599.979 1600.789 1601.658 1602.527 1603.397 1604.113 1603.66 1603.207 1602.754 1602.301 1604.64 1609.004 1613.369 1617.733 1622.302 1631.395 1640.488 1649.581 1658.674 1665.988 1671.575 1677.162 1682.749 1688.336 1690.629 1692.823 1695.018 1697.212 1698.861 1699.8 1700.739 1701.678 1702.617 1703.21 1703.763 1704.316 1704.869 1705.419 1705.962 1706.505 1707.048 1707.591 1708.613 1709.735 1710.858 1711.98 1714.354 1719.791
1588.727 1591.611 1594.495 1596.742 1597.185 1597.628 1598.071 1598.514 1598.5 1598.313 1598.126 1597.938 1597.936 1598.731 1599.526 1600.321 1601.115 1602.106 1603.201 1604.296 1605.391 1606.288 1605.674 1605.06 1604.445 1603.831 1606.097 1610.45 1614.803 1619.157 1623.748 1633.566 1643.384 1653.203 1663.021 1670.608 1676.029 1681.449 1686.869 1692.29 1694.072 1695.745 1697.418 1699.092 1700.352 1701.076 1701.8 1702.524 1703.249 1703.756 1704.24 1704.723 1705.206 1705.707 1706.24 1706.772 1707.304 1707.836 1708.759 1709.763 1710.767 1711.772 1714.286 1720.497
1589.266 1591.962 1594.658 1596.777 1597.263 1597.75 1598.235 1598.722 1598.801 1598.727 1598.653 1598.578 1598.686 1599.577 1600.469 1601.36 1602.252 1603.423 1604.744 1606.065 1607.386 1608.463 1607.688 1606.912 1606.137 1605.361 1607.553 1611.896 1616.238 1620.581 1625.193 1635.737 1646.281 1656.825 1667.368 1675.229 1680.482 1685.736 1690.99 1696.244 1697.515 1698.667 1699.819 1700.971 1701.843 1702.352 1702.861 1703.371 1703.88 1704.303 1704.716 1705.13 1705.543 1705.996 1706.517 1707.039 1707.56 1708.082 1708.905 1709.791 1710.677 1711.563 1714.217 1721.202
1588.653 1591.282 1593.91 1596.016 1596.64 1597.264 1597.888 1598.513 1598.755 1598.852 1598.949 1599.046 1599.329 1600.414 1601.5 1602.585 1603.67 1605.075 1606.651 1608.227 1609.802 1611.106 1610.334 1609.562 1608.79 1608.018 1610.108 1614.274 1618.439 1622.605 1627.066 1638.046 1649.026 1660.006 1670.986 1678.936 1683.94 1688.945 1693.95 1698.955 1699.863 1700.65 1701.436 1702.222 1702.819 1703.17 1703.521 1703.872 1704.223 1704.569 1704.914 1705.26 1705.605 1705.95 1706.295 1706.639 1706.983 1707.327 1707.926 1708.579 1709.231 1709.884 1712.524 1720.032
1585.808 1588.603 1591.398 1593.711 1594.658 1595.604 1596.551 1597.497 1598.035 1598.417 1598.798 1599.18 1599.767 1601.233 1602.7 1604.167 1605.634 1607.375 1609.262 1611.15 1613.037 1614.654 1614.204 1613.755 1613.305 1612.856 1614.792 1618.457 1622.123 1625.788 1629.767 1640.623 1651.479 1662.336 1673.193 1680.874 1685.47 1690.066 1694.663 1699.259 1700.093 1700.815 1701.537 1702.259 1702.798 1703.101 1703.403 1703.706 1704.008 1704.292 1704.573 1704.854 1705.135 1705.257 1705.102 1704.946 1704.791 1704.635 1704.77 1704.966 1705.161 1705.357 1707.684 1715.229
1582.962 1585.924 1588.886 1591.406 1592.675 1593.944 1595.213 1596.482 1597.315 1597.982 1598.648 1599.315 1600.204 1602.052 1603.901 1605.749 1607.598 1609.675 1611.874 1614.073 1616.272 1618.201 1618.074 1617.947 1617.82 1617.693 1619.475 1622.641 1625.807 1628.972 1632.467 1643.2 1653.933 1664.666 1675.399 1682.812 1687.0 1691.188 1695.375 1699.563 1700.323 1700.98 1701.638 1702.295 1702.777 1703.031 1703.286 1703.54 1703.794 1704.014 1704.231 1704.447 1704.664 1704.564 1703.909 1703.254 1702.598 1701.943 1701.613 1701.352 1701.092 1700.831 1702.844 1710.427
1580.117 1583.245 1586.374 1589.101 1590.693 1592.284 1593.876 1595.467 1596.595 1597.546 1598.498 1599.449 1600.642 1602.872 1605.101 1607.331 1609.561 1611.974 1614.485 1616.996 1619.507 1621.749 1621.944 1622.14 1622.335 1622.531 1624.158 1626.824 1629.49 1632.156 1635.168 1645.777 1656.386 1666.995 1677.605 1684.75 1688.529 1692.309 1696.088 1699.868 1700.553 1701.146 1701.739 1702.332 1702.756 1702.962 1703.168 1703.374 1703.58 1703.737 1703.889 1704.041 1704.193 1703.871 1702.716 1701.561 1700.406 1699.25 1698.457 1697.739 1697.022 1696.304 1698.003 1705.624
1577.272 1580.567 1583.862 1586.797 1588.71 1590.624 1592.538 1594.452 1595.875 1597.111 1598.348 1599.584 1601.079 1603.691 1606.302 1608.914 1611.525 1614.274 1617.097 1619.919 1622.741 1625.297 1625.815 1626.332 1626.85 1627.368 1628.841 1631.008 1633.174 1635.34 1637.868 1648.354 1658.839 1669.325 1679.811 1686.688 1690.059 1693.43 1696.801 1700.172 1700.783 1701.311 1701.84 1702.368 1702.735 1702.893 1703.05 1703.208 1703.365 1703.46 1703.547 1703.635 1703.722 1703.178 1701.523 1699.868 1698.213 1696.558 1695.3 1694.126 1692.952 1691.777 1693.163 1700.822
1575.192 1578.507 1581.821 1584.822 1586.937 1589.051 1591.165 1593.28 1594.995 1596.558 1598.121 1599.684 1601.53 1604.595 1607.659 1610.724 1613.788 1616.901 1620.039 1623.178 1626.316 1629.205 1630.197 1631.189 1632.18 1633.172 1634.743 1636.733 1638.723 1640.714 1643.031 1652.539 1662.047 1671.556 1681.064 1687.354 1690.519 1693.684 1696.848 1700.013 1700.608 1701.127 1701.645 1702.164 1702.51 1702.631 1702.753 1702.875 1702.997 1702.856 1702.685 1702.515 1702.344 1701.204 1698.355 1695.506 1692.658 1689.809 1688.536 1687.594 1686.653 1685.711 1687.352 1695.317
1573.325 1576.618 1579.911 1582.94 1585.221 1587.502 1589.783 1592.064 1594.07 1595.972 1597.873 1599.775 1601.985 1605.522 1609.06 1612.597 1616.135 1619.619 1623.074 1626.529 1629.985 1633.214 1634.722 1636.229 1637.737 1639.245 1640.982 1642.886 1644.791 1646.695 1648.877 1657.171 1665.465 1673.759 1682.052 1687.668 1690.682 1693.696 1696.71 1699.724 1700.321 1700.845 1701.369 1701.893 1702.228 1702.317 1702.407 1702.496 1702.586 1702.161 1701.679 1701.197 1700.715 1698.873 1694.638 1690.403 1686.167 1681.932 1680.769 1680.252 1679.735 1679.218 1681.27 1689.617
1571.458 1574.73 1578.001 1581.058 1583.505 1585.953 1588.4 1590.848 1593.145 1595.385 1597.626 1599.866 1602.44 1606.45 1610.46 1614.471 1618.481 1622.336 1626.109 1629.881 1633.654 1637.223 1639.247 1641.27 1643.294 1645.317 1647.222 1649.04 1650.858 1652.676 1654.724 1661.803 1668.882 1675.962 1683.041 1687.982 1690.846 1693.709 1696.573 1699.436 1700.033 1700.563 1701.092 1701.621 1701.945 1702.003 1702.06 1702.117 1702.174 1701.467 1700.673 1699.879 1699.085 1696.542 1690.921 1685.299 1679.677 1674.056 1673.002 1672.909 1672.817 1672.725 1675.189 1683.917
1569.591 1572.841 1576.091 1579.175 1581.789 1584.404 1587.018 1589.632 1592.22 1594.799 1597.378 1599.957 1602.895 1607.378 1611.861 1616.344 1620.827 1625.054 1629.143 1633.233 1637.322 1641.232 1643.771 1646.311 1648.85 1651.39 1653.461 1655.193 1656.926 1658.658 1660.57 1666.435 1672.3 1678.165 1684.03 1688.296 1691.009 1693.722 1696.435 1699.148 1699.746 1700.281 1700.815 1701.35 1701.663 1701.688 1701.713 1701.738 1701.763 1700.772 1699.667 1698.561 1697.456 1694.212 1687.204 1680.196 1673.188 1666.179 1665.235 1665.567 1665.899 1666.231 1669.108 1678.218
1567.941 1571.152 1574.364 1577.458 1580.222 1582.986 1585.75 1588.514 1591.374 1594.271 1597.167 1600.064 1603.341 1608.252 1613.164 1618.075 1622.987 1627.558 1631.948 1636.337 1640.727 1644.963 1648.025 1651.088 1654.15 1657.213 1659.495 1661.213 1662.93 1664.648 1666.497 1671.235 1675.974 1680.713 1685.451 1689.045 1691.528 1694.011 1696.494 1698.977 1699.554 1700.073 1700.593 1701.112 1701.397 1701.375 1701.353 1701.332 1701.31 1699.887 1698.305 1696.724 1695.142 1691.15 1682.915 1674.68 1666.444 1658.209 1657.512 1658.401 1659.291 1660.18 1663.595 1673.196
1567.035 1570.15 1573.265 1576.312 1579.167 1582.022 1584.877 1587.733 1590.797 1593.941 1597.085 1600.229 1603.758 1608.944 1614.129 1619.315 1624.5 1629.324 1633.956 1638.587 1643.219 1647.732 1651.343 1654.953 1658.564 1662.175 1664.822 1666.77 1668.719 1670.667 1672.702 1676.618 1680.534 1684.451 1688.367 1691.3 1693.278 1695.256 1697.234 1699.211 1699.69 1700.123 1700.557 1700.99 1701.184 1701.066 1700.947 1700.829 1700.71 1698.34 1695.717 1693.093 1690.469 1685.566 1676.654 1667.742 1658.829 1649.917 1649.941 1651.846 1653.751 1655.656 1660.044 1670.516
1566.13 1569.148 1572.166 1575.166 1578.112 1581.059 1584.005 1586.952 1590.221 1593.612 1597.003 1600.394 1604.175 1609.635 1615.095 1620.554 1626.014 1631.091 1635.964 1640.838 1645.711 1650.501 1654.66 1658.819 1662.978 1667.136 1670.148 1672.328 1674.507 1676.687 1678.907 1682.001 1685.095 1688.189 1691.283 1693.555 1695.027 1696.5 1697.973 1699.445 1699.826 1700.173 1700.521 1700.868 1700.971 1700.756 1700.541 1700.326 1700.111 1696.794 1693.128 1689.461 1685.795 1679.982 1670.393 1660.803 1651.214 1641.624 1642.37 1645.29 1648.211 1651.132 1656.494 1667.836
1565.225 1568.146 1571.068 1574.019 1577.057 1580.095 1583.133 1586.171 1589.644 1593.282 1596.921 1600.559 1604.593 1610.326 1616.06 1621.794 1627.527 1632.858 1637.973 1643.088 1648.203 1653.271 1657.978 1662.685 1667.392 1672.099 1675.474 1677.885 1680.296 1682.707 1685.111 1687.383 1689.655 1691.927 1694.199 1695.809 1696.777 1697.745 1698.712 1699.679 1699.962 1700.223 1700.485 1700.746 1700.759 1700.447 1700.135 1699.823 1699.511 1695.248 1690.539 1685.83 1681.121 1674.398 1664.132 1653.865 1643.598 1633.332 1634.798 1638.735 1642.671 1646.608 1652.943 1665.156
1564.32 1567.145 1569.969 1572.873 1576.002 1579.132 1582.261 1585.39 1589.067 1592.953 1596.839 1600.724 1605.01 1611.018 1617.026 1623.033 1629.041 1634.624 1639.981 1645.338 1650.695 1656.04 1661.295 1666.55 1671.806 1677.061 1680.801 1683.443 1686.084 1688.726 1691.316 1692.766 1694.216 1695.666 1697.115 1698.064 1698.526 1698.989 1699.451 1699.913 1700.097 1700.273 1700.449 1700.624 1700.546 1700.137 1699.729 1699.32 1698.911 1693.702 1687.95 1682.199 1676.447 1668.814 1657.871 1646.927 1635.983 1625.039 1627.227 1632.179 1637.131 1642.083 1649.392 1662.476
1562.945 1565.601 1568.257 1571.023 1574.1 1577.178 1580.255 1583.332 1587.042 1590.992 1594.942 1598.893 1603.247 1609.343 1615.438 1621.534 1627.629 1633.284 1638.703 1644.123 1649.543 1654.943 1660.198 1665.453 1670.708 1675.964 1680.008 1683.175 1686.341 1689.508 1692.597 1693.962 1695.328 1696.693 1698.059 1698.873 1699.153 1699.433 1699.712 1699.992 1700.038 1700.078 1700.117 1700.157 1699.863 1699.135 1698.408 1697.68 1696.953 1690.913 1684.273 1677.633 1670.993 1662.914 1652.303 1641.693 1631.082 1620.472 1623.565 1629.544 1635.522 1641.501 1649.554 1662.692
1561.334 1563.786 1566.238 1568.821 1571.775 1574.729 1577.682 1580.636 1584.292 1588.216 1592.139 1596.062 1600.394 1606.484 1612.574 1618.664 1624.755 1630.39 1635.782 1641.175 1646.568 1651.913 1656.894 1661.875 1666.856 1671.837 1676.156 1679.994 1683.833 1687.671 1691.414 1693.065 1694.715 1696.366 1698.016 1698.96 1699.218 1699.476 1699.734 1699.993 1699.882 1699.76 1699.638 1699.517 1698.945 1697.787 1696.63 1695.472 1694.315 1687.502 1680.051 1672.599 1665.147 1656.855 1647.083 1637.311 1627.539 1617.766 1621.858 1628.868 1635.879 1642.889 1651.572 1664.355
1559.724 1561.972 1564.22 1566.619 1569.449 1572.28 1575.11 1577.94 1581.543 1585.439 1589.335 1593.232 1597.541 1603.625 1609.71 1615.795 1621.88 1627.496 1632.862 1638.228 1643.594 1648.883 1653.59 1658.297 1663.004 1667.711 1672.303 1676.814 1681.324 1685.834 1690.232 1692.168 1694.103 1696.038 1697.973 1699.047 1699.283 1699.52 1699.756 1699.993 1699.725 1699.442 1699.159 1698.876 1698.026 1696.439 1694.852 1693.265 1691.677 1684.091 1675.828 1667.565 1659.302 1650.796 1641.863 1632.929 1623.995 1615.061 1620.151 1628.193 1636.235 1644.277 1653.59 1666.018
1558.114 1560.158 1562.201 1564.418 1567.124 1569.831 1572.537 1575.244 1578.793 1582.662 1586.532 1590.402 1594.688 1600.767 1606.846 1612.926 1619.005 1624.602 1629.941 1635.28 1640.619 1645.853 1650.286 1654.719 1659.151 1663.584 1668.451 1673.633 1678.815 1683.997 1689.05 1691.27 1693.49 1695.71 1697.93 1699.133 1699.348 1699.563 1699.779 1699.994 1699.569 1699.125 1698.68 1698.236 1697.108 1695.091 1693.074 1691.057 1689.039 1680.681 1671.606 1662.532 1653.457 1644.738 1636.642 1628.547 1620.451 1612.356 1618.444 1627.518 1636.591 1645.665 1655.608 1667.682
1556.443 1558.271 1560.098 1562.121 1564.696 1567.272 1569.847 1572.422 1575.88 1579.674 1583.468 1587.261 1591.479 1597.521 1603.562 1609.604 1615.646 1621.223 1626.551 1631.88 1637.208 1642.4 1646.548 1650.697 1654.845 1658.993 1664.113 1669.938 1675.762 1681.587 1687.27 1689.84 1692.41 1694.98 1697.551 1698.914 1699.104 1699.295 1699.486 1699.677 1699.04 1698.378 1697.717 1697.055 1695.619 1693.176 1690.733 1688.29 1685.847 1676.79 1666.986 1657.182 1647.377 1638.526 1631.353 1624.179 1617.006 1609.832 1616.932 1627.036 1637.141 1647.245 1657.799 1669.457
1554.274 1555.79 1557.306 1559.048 1561.43 1563.812 1566.193 1568.575 1571.633 1574.949 1578.264 1581.58 1585.352 1591.093 1596.834 1602.575 1608.316 1613.868 1619.32 1624.773 1630.225 1635.483 1639.26 1643.038 1646.815 1650.592 1655.79 1662.018 1668.245 1674.473 1680.58 1684.037 1687.494 1690.951 1694.408 1696.183 1696.326 1696.468 1696.61 1696.753 1695.457 1694.118 1692.78 1691.441 1689.452 1686.617 1683.781 1680.946 1678.111 1668.961 1659.097 1649.234 1639.371 1631.064 1625.497 1619.931 1614.364 1608.797 1617.02 1628.145 1639.271 1650.396 1661.409 1672.148
1552.105 1553.309 1554.514 1555.975 1558.163 1560.351 1562.54 1564.728 1567.387 1570.224 1573.061 1575.898 1579.225 1584.665 1590.105 1595.545 1600.985 1606.514 1612.09 1617.665 1623.241 1628.565 1631.972 1635.379 1638.785 1642.192 1647.468 1654.098 1660.729 1667.359 1673.891 1678.234 1682.578 1686.921 1691.265 1693.453 1693.547 1693.641 1693.735 1693.829 1691.874 1689.859 1687.843 1685.827 1683.285 1680.057 1676.829 1673.602 1670.374 1661.131 1651.209 1641.286 1631.364 1623.602 1619.642 1615.682 1611.722 1607.762 1617.107 1629.254 1641.4 1653.547 1665.019 1674.838
1549.936 1550.829 1551.721 1552.901 1554.896 1556.891 1558.886 1560.881 1563.14 1565.499 1567.857 1570.216 1573.099 1578.238 1583.377 1588.516 1593.655 1599.16 1604.859 1610.558 1616.258 1621.648 1624.684 1627.72 1630.756 1633.791 1639.145 1646.179 1653.212 1660.246 1667.201 1672.431 1677.662 1682.892 1688.122 1690.722 1690.768 1690.814 1690.859 1690.905 1688.292 1685.599 1682.906 1680.213 1677.117 1673.497 1669.878 1666.258 1662.638 1653.302 1643.32 1633.339 1623.357 1616.14 1613.786 1611.433 1609.08 1606.727 1617.195 1630.363 1643.53 1656.698 1668.628 1677.529
1547.767 1548.348 1548.929 1549.828 1551.63 1553.431 1555.233 1557.034 1558.893 1560.773 1562.654 1564.534 1566.972 1571.81 1576.648 1581.487 1586.325 1591.805 1597.628 1603.451 1609.274 1614.731 1617.396 1620.061 1622.726 1625.391 1630.822 1638.259 1645.696 1653.132 1660.512 1666.628 1672.745 1678.862 1684.979 1687.992 1687.989 1687.987 1687.984 1687.981 1684.709 1681.339 1677.969 1674.599 1670.95 1666.938 1662.926 1658.913 1654.901 1645.472 1635.432 1625.391 1615.35 1608.677 1607.931 1607.185 1606.438 1605.692 1617.283 1631.472 1645.66 1659.849 1672.238 1680.22
1545.135 1545.461 1545.786 1546.436 1548.006 1549.575 1551.145 1552.714 1554.092 1555.396 1556.701 1558.005 1559.905 1564.368 1568.832 1573.295 1577.758 1583.191 1589.14 1595.09 1601.039 1606.582 1609.027 1611.473 1613.918 1616.363 1621.556 1628.742 1635.928 1643.113 1650.25 1656.316 1662.381 1668.447 1674.512 1677.476 1677.428 1677.38 1677.332 1677.284 1673.939 1670.496 1667.052 1663.609 1659.9 1655.845 1651.79 1647.734 1643.679 1634.333 1624.391 1614.448 1604.505 1598.636 1599.937 1601.239 1602.54 1603.842 1616.657 1631.896 1647.135 1662.374 1675.285 1682.49
1542.126 1542.242 1542.357 1542.784 1544.09 1545.396 1546.703 1548.009 1548.839 1549.488 1550.137 1550.786 1552.071 1556.099 1560.127 1564.155 1568.183 1573.548 1579.627 1585.705 1591.784 1597.43 1599.778 1602.126 1604.475 1606.823 1611.521 1617.922 1624.323 1630.724 1637.075 1642.324 1647.573 1652.821 1658.07 1660.61 1660.519 1660.428 1660.337 1660.245 1657.306 1654.282 1651.258 1648.234 1644.867 1641.053 1637.24 1633.427 1629.613 1620.495 1610.778 1601.061 1591.344 1586.491 1590.2 1593.909 1597.618 1601.327 1615.449 1631.763 1648.076 1664.39 1677.872 1684.416
1539.116 1539.022 1538.929 1539.132 1540.175 1541.217 1542.26 1543.303 1543.586 1543.579 1543.572 1543.566 1544.237 1547.83 1551.422 1555.015 1558.608 1563.906 1570.113 1576.321 1582.528 1588.277 1590.528 1592.78 1595.032 1597.284 1601.486 1607.102 1612.719 1618.335 1623.9 1628.332 1632.764 1637.196 1641.628 1643.743 1643.609 1643.475 1643.341 1643.207 1640.673 1638.068 1635.464 1632.859 1629.833 1626.262 1622.69 1619.119 1615.547 1606.656 1597.165 1587.673 1578.182 1574.345 1580.462 1586.579 1592.695 1598.812 1614.24 1631.629 1649.018 1666.406 1680.46 1686.343
