data/zism_data/00870_04_D.txt
ncols         224
nrows         224
[rows 168 to 195 of 224, columns 63 to 125 of 224]
1684.624 1686.908 1689.008 1691.109 1693.209 1695.31 1694.954 1694.525 1694.096 1693.668 1691.906 1688.535 1685.164 1681.794 1678.423 1675.636 1672.89 1670.143 1667.397 1665.126 1663.519 1661.912 1660.306 1658.699 1656.144 1653.482 1650.82 1648.159 1646.001 1644.662 1643.323 1641.983 1640.644 1639.61 1638.624 1637.638 1636.652 1635.117 1632.54 1629.962 1627.385 1624.808 1621.999 1619.14 1616.282 1613.423 1610.885 1609.063 1607.241 1605.419 1603.597 1602.728 1602.111 1601.494 1600.877 1600.451 1600.531 1600.612 1600.693 1600.773 1601.333 1602.047 1602.762
1681.098 1683.465 1685.814 1688.163 1690.512 1692.861 1692.565 1692.19 1691.815 1691.441 1689.632 1686.094 1682.556 1679.018 1675.48 1672.247 1669.036 1665.825 1662.613 1659.943 1658.028 1656.114 1654.199 1652.284 1649.858 1647.375 1644.892 1642.408 1640.497 1639.515 1638.532 1637.549 1636.566 1635.763 1634.988 1634.213 1633.438 1632.057 1629.529 1627.0 1624.472 1621.943 1619.227 1616.471 1613.715 1610.96 1608.581 1607.046 1605.51 1603.974 1602.438 1601.796 1601.39 1600.984 1600.578 1600.343 1600.564 1600.785 1601.006 1601.227 1601.947 1602.829 1603.712
1677.572 1680.021 1682.619 1685.217 1687.815 1690.412 1690.176 1689.855 1689.534 1689.214 1687.359 1683.653 1679.948 1676.242 1672.536 1668.858 1665.182 1661.506 1657.83 1654.76 1652.537 1650.315 1648.092 1645.87 1643.573 1641.268 1638.963 1636.658 1634.993 1634.367 1633.741 1633.115 1632.489 1631.916 1631.352 1630.787 1630.223 1628.997 1626.518 1624.038 1621.558 1619.078 1616.455 1613.802 1611.149 1608.496 1606.277 1605.028 1603.778 1602.529 1601.28 1600.864 1600.669 1600.473 1600.278 1600.235 1600.596 1600.958 1601.319 1601.681 1602.562 1603.612 1604.661
1673.953 1676.469 1679.288 1682.107 1684.926 1687.745 1687.568 1687.301 1687.035 1686.769 1684.879 1681.029 1677.18 1673.331 1669.482 1665.387 1661.276 1657.165 1653.054 1649.605 1647.082 1644.559 1642.036 1639.512 1637.344 1635.215 1633.086 1630.957 1629.536 1629.266 1628.996 1628.726 1628.456 1628.115 1627.762 1627.409 1627.056 1625.989 1623.566 1621.144 1618.722 1616.3 1613.776 1611.232 1608.687 1606.142 1604.084 1603.114 1602.143 1601.173 1600.203 1600.002 1600.006 1600.009 1600.012 1600.151 1600.653 1601.155 1601.656 1602.158 1603.191 1604.396 1605.601
1669.15 1671.523 1674.212 1676.901 1679.59 1682.279 1682.156 1681.949 1681.742 1681.536 1679.751 1676.064 1672.377 1668.69 1665.003 1660.869 1656.703 1652.538 1648.373 1644.807 1642.079 1639.35 1636.621 1633.893 1631.835 1629.852 1627.869 1625.885 1624.687 1624.763 1624.839 1624.915 1624.99 1624.888 1624.756 1624.625 1624.494 1623.631 1621.382 1619.133 1616.883 1614.634 1612.288 1609.922 1607.555 1605.188 1603.311 1602.524 1601.737 1600.951 1600.164 1600.037 1600.083 1600.129 1600.176 1600.384 1601.02 1601.657 1602.294 1602.931 1603.997 1605.202 1606.407
1664.347 1666.576 1669.135 1671.695 1674.254 1676.814 1676.744 1676.597 1676.45 1676.302 1674.624 1671.099 1667.574 1664.049 1660.524 1656.35 1652.131 1647.911 1643.692 1640.009 1637.075 1634.141 1631.207 1628.273 1626.326 1624.489 1622.651 1620.814 1619.838 1620.26 1620.682 1621.103 1621.525 1621.661 1621.751 1621.841 1621.931 1621.274 1619.197 1617.121 1615.045 1612.969 1610.8 1608.611 1606.423 1604.235 1602.537 1601.934 1601.332 1600.729 1600.126 1600.071 1600.161 1600.25 1600.34 1600.616 1601.388 1602.16 1602.932 1603.703 1604.802 1606.007 1607.213
1659.543 1661.629 1664.059 1666.489 1668.919 1671.348 1671.333 1671.245 1671.157 1671.069 1669.497 1666.134 1662.771 1659.408 1656.045 1651.831 1647.558 1643.285 1639.011 1635.211 1632.072 1628.932 1625.793 1622.654 1620.817 1619.125 1617.434 1615.743 1614.989 1615.757 1616.524 1617.292 1618.059 1618.434 1618.745 1619.057 1619.369 1618.916 1617.013 1615.109 1613.206 1611.303 1609.311 1607.302 1605.292 1603.282 1601.764 1601.345 1600.926 1600.507 1600.087 1600.105 1600.238 1600.371 1600.504 1600.848 1601.755 1602.662 1603.569 1604.476 1605.608 1606.813 1608.018
1654.74 1656.682 1658.983 1661.283 1663.583 1665.883 1665.921 1665.893 1665.864 1665.836 1664.37 1661.169 1657.968 1654.768 1651.567 1647.312 1642.985 1638.658 1634.33 1630.413 1627.068 1623.724 1620.379 1617.034 1615.308 1613.762 1612.217 1610.672 1610.14 1611.253 1612.367 1613.48 1614.594 1615.207 1615.74 1616.273 1616.807 1616.558 1614.828 1613.098 1611.367 1609.637 1607.823 1605.991 1604.16 1602.328 1600.991 1600.755 1600.52 1600.285 1600.049 1600.139 1600.315 1600.491 1600.667 1601.08 1602.122 1603.165 1604.207 1605.249 1606.414 1607.619 1608.824
1649.336 1651.018 1653.126 1655.234 1657.343 1659.451 1659.684 1659.862 1660.039 1660.217 1658.965 1655.988 1653.012 1650.035 1647.059 1642.858 1638.572 1634.287 1630.001 1626.109 1622.764 1619.42 1616.076 1612.732 1611.288 1610.058 1608.828 1607.598 1607.313 1608.564 1609.815 1611.065 1612.316 1613.049 1613.699 1614.35 1615.001 1614.882 1613.305 1611.728 1610.151 1608.573 1606.917 1605.244 1603.571 1601.898 1600.692 1600.528 1600.363 1600.199 1600.034 1600.178 1600.403 1600.628 1600.853 1601.312 1602.393 1603.474 1604.556 1605.637 1606.784 1607.953 1609.121
1643.38 1644.694 1646.554 1648.414 1650.274 1652.133 1652.69 1653.208 1653.726 1654.244 1653.306 1650.61 1647.915 1645.219 1642.523 1638.462 1634.306 1630.151 1625.995 1622.257 1619.101 1615.946 1612.791 1609.636 1608.635 1607.875 1607.115 1606.354 1606.34 1607.537 1608.734 1609.93 1611.127 1611.871 1612.543 1613.216 1613.888 1613.83 1612.388 1610.946 1609.504 1608.062 1606.545 1605.013 1603.48 1601.948 1600.829 1600.632 1600.435 1600.238 1600.041 1600.221 1600.5 1600.779 1601.058 1601.543 1602.575 1603.608 1604.641 1605.674 1606.756 1607.854 1608.952
1637.424 1638.371 1639.982 1641.594 1643.205 1644.816 1645.696 1646.554 1647.413 1648.271 1647.646 1645.232 1642.817 1640.403 1637.988 1634.066 1630.04 1626.014 1621.988 1618.405 1615.439 1612.473 1609.507 1606.541 1605.981 1605.691 1605.401 1605.111 1605.368 1606.51 1607.653 1608.795 1609.938 1610.693 1611.387 1612.081 1612.775 1612.778 1611.471 1610.164 1608.857 1607.55 1606.173 1604.781 1603.389 1601.997 1600.965 1600.736 1600.506 1600.277 1600.048 1600.264 1600.597 1600.93 1601.263 1601.774 1602.758 1603.742 1604.726 1605.71 1606.727 1607.755 1608.783
1631.468 1632.048 1633.411 1634.773 1636.135 1637.498 1638.702 1639.901 1641.1 1642.299 1641.987 1639.854 1637.72 1635.587 1633.453 1629.671 1625.774 1621.878 1617.982 1614.552 1611.776 1608.999 1606.222 1603.445 1603.328 1603.508 1603.688 1603.868 1604.395 1605.483 1606.572 1607.66 1608.749 1609.516 1610.231 1610.947 1611.662 1611.726 1610.554 1609.382 1608.21 1607.038 1605.801 1604.549 1603.298 1602.047 1601.102 1600.84 1600.578 1600.316 1600.055 1600.306 1600.693 1601.08 1601.467 1602.004 1602.94 1603.875 1604.811 1605.746 1606.698 1607.656 1608.614
1625.512 1625.725 1626.839 1627.953 1629.067 1630.18 1631.708 1633.247 1634.787 1636.326 1636.328 1634.475 1632.623 1630.77 1628.918 1625.275 1621.508 1617.742 1613.975 1610.7 1608.113 1605.525 1602.937 1600.35 1600.674 1601.324 1601.975 1602.625 1603.422 1604.456 1605.491 1606.526 1607.56 1608.338 1609.075 1609.812 1610.549 1610.674 1609.637 1608.6 1607.563 1606.527 1605.429 1604.318 1603.207 1602.096 1601.238 1600.944 1600.65 1600.356 1600.061 1600.349 1600.79 1601.231 1601.672 1602.235 1603.122 1604.009 1604.896 1605.782 1606.67 1607.557 1608.444
1621.061 1621.1 1622.191 1623.282 1624.373 1625.464 1627.189 1628.932 1630.676 1632.419 1632.601 1630.898 1629.195 1627.493 1625.79 1622.44 1618.976 1615.513 1612.049 1609.104 1606.884 1604.664 1602.444 1600.224 1600.569 1601.201 1601.834 1602.466 1603.211 1604.14 1605.068 1605.995 1606.923 1607.601 1608.239 1608.877 1609.515 1609.595 1608.614 1607.634 1606.653 1605.673 1604.697 1603.721 1602.745 1601.77 1601.021 1600.778 1600.536 1600.293 1600.051 1600.309 1600.699 1601.089 1601.479 1601.985 1602.797 1603.609 1604.421 1605.233 1606.076 1606.93 1607.784
1616.656 1616.527 1617.601 1618.676 1619.751 1620.826 1622.744 1624.688 1626.631 1628.574 1628.931 1627.375 1625.818 1624.261 1622.704 1619.652 1616.496 1613.34 1610.185 1607.575 1605.728 1603.88 1602.033 1600.186 1600.54 1601.14 1601.74 1602.34 1603.024 1603.844 1604.664 1605.484 1606.303 1606.878 1607.413 1607.948 1608.484 1608.515 1607.588 1606.662 1605.735 1604.809 1603.954 1603.113 1602.273 1601.432 1600.794 1600.605 1600.417 1600.228 1600.039 1600.266 1600.602 1600.938 1601.274 1601.72 1602.456 1603.193 1603.929 1604.665 1605.466 1606.287 1607.109
1612.25 1611.953 1613.011 1614.07 1615.129 1616.187 1618.299 1620.443 1622.586 1624.729 1625.262 1623.851 1622.44 1621.029 1619.618 1616.864 1614.016 1611.168 1608.321 1606.046 1604.572 1603.097 1601.623 1600.148 1600.51 1601.078 1601.646 1602.214 1602.836 1603.548 1604.26 1604.972 1605.683 1606.154 1606.587 1607.02 1607.452 1607.434 1606.562 1605.69 1604.818 1603.945 1603.211 1602.506 1601.8 1601.095 1600.566 1600.432 1600.297 1600.163 1600.028 1600.223 1600.505 1600.787 1601.069 1601.455 1602.116 1602.776 1603.437 1604.098 1604.855 1605.644 1606.433
1607.844 1607.379 1608.422 1609.464 1610.506 1611.549 1613.854 1616.198 1618.541 1620.885 1621.592 1620.327 1619.062 1617.797 1616.532 1614.075 1611.536 1608.996 1606.456 1604.517 1603.415 1602.314 1601.212 1600.111 1600.481 1601.017 1601.552 1602.087 1602.648 1603.252 1603.856 1604.46 1605.063 1605.431 1605.761 1606.091 1606.421 1606.354 1605.536 1604.718 1603.9 1603.081 1602.468 1601.898 1601.328 1600.758 1600.339 1600.258 1600.178 1600.097 1600.017 1600.18 1600.409 1600.637 1600.865 1601.19 1601.775 1602.36 1602.945 1603.53 1604.245 1605.001 1605.758
1604.858 1604.358 1605.391 1606.424 1607.457 1608.49 1610.769 1613.085 1615.402 1617.718 1618.453 1617.282 1616.111 1614.939 1613.768 1611.599 1609.36 1607.122 1604.884 1603.249 1602.456 1601.664 1600.872 1600.08 1600.446 1600.942 1601.438 1601.934 1602.436 1602.948 1603.459 1603.971 1604.482 1604.746 1604.971 1605.197 1605.422 1605.312 1604.568 1603.825 1603.081 1602.337 1601.83 1601.372 1600.914 1600.456 1600.13 1600.099 1600.068 1600.037 1600.006 1600.141 1600.32 1600.498 1600.677 1600.947 1601.458 1601.97 1602.481 1602.993 1603.665 1604.389 1605.113
1603.83 1603.479 1604.512 1605.545 1606.578 1607.611 1609.56 1611.535 1613.511 1615.487 1616.046 1614.896 1613.746 1612.597 1611.447 1609.552 1607.605 1605.659 1603.712 1602.34 1601.769 1601.199 1600.628 1600.057 1600.402 1600.85 1601.297 1601.744 1602.189 1602.631 1603.072 1603.513 1603.955 1604.116 1604.233 1604.35 1604.467 1604.322 1603.681 1603.04 1602.399 1601.758 1601.335 1600.958 1600.582 1600.205 1599.949 1599.961 1599.973 1599.985 1599.997 1600.107 1600.242 1600.378 1600.513 1600.732 1601.173 1601.615 1602.056 1602.497 1603.128 1603.819 1604.511
1602.802 1602.6 1603.633 1604.666 1605.699 1606.732 1608.35 1609.985 1611.62 1613.256 1613.638 1612.51 1611.382 1610.254 1609.126 1607.505 1605.851 1604.196 1602.541 1601.431 1601.082 1600.733 1600.384 1600.035 1600.359 1600.757 1601.156 1601.555 1601.943 1602.314 1602.685 1603.056 1603.427 1603.485 1603.494 1603.503 1603.512 1603.332 1602.794 1602.255 1601.717 1601.178 1600.841 1600.545 1600.249 1599.954 1599.767 1599.822 1599.878 1599.933 1599.988 1600.073 1600.165 1600.257 1600.349 1600.518 1600.889 1601.26 1601.631 1602.002 1602.59 1603.25 1603.909
1601.774 1601.721 1602.754 1603.787 1604.82 1605.853 1607.14 1608.435 1609.73 1611.025 1611.231 1610.125 1609.018 1607.911 1606.805 1605.459 1604.096 1602.733 1601.37 1600.523 1600.395 1600.268 1600.14 1600.013 1600.315 1600.665 1601.015 1601.365 1601.696 1601.997 1602.298 1602.599 1602.899 1602.855 1602.756 1602.657 1602.557 1602.342 1601.906 1601.47 1601.035 1600.599 1600.346 1600.132 1599.917 1599.702 1599.585 1599.683 1599.782 1599.881 1599.979 1600.039 1600.088 1600.136 1600.185 1600.303 1600.604 1600.905 1601.205 1601.506 1602.053 1602.68 1603.307
1600.746 1600.842 1601.875 1602.908 1603.941 1604.974 1605.931 1606.885 1607.839 1608.793 1608.824 1607.739 1606.654 1605.569 1604.484 1603.412 1602.341 1601.27 1600.199 1599.614 1599.708 1599.802 1599.896 1599.99 1600.271 1600.573 1600.874 1601.175 1601.45 1601.68 1601.911 1602.141 1602.372 1602.224 1602.017 1601.81 1601.603 1601.352 1601.019 1600.686 1600.353 1600.02 1599.852 1599.718 1599.585 1599.451 1599.403 1599.545 1599.687 1599.828 1599.97 1600.005 1600.01 1600.016 1600.021 1600.089 1600.319 1600.549 1600.78 1601.01 1601.516 1602.11 1602.705
1600.417 1600.58 1601.528 1602.477 1603.425 1604.373 1605.102 1605.824 1606.546 1607.268 1607.215 1606.226 1605.238 1604.25 1603.262 1602.404 1601.554 1600.704 1599.855 1599.419 1599.56 1599.702 1599.844 1599.986 1600.215 1600.453 1600.692 1600.931 1601.147 1601.326 1601.505 1601.684 1601.863 1601.696 1601.475 1601.254 1601.032 1600.793 1600.521 1600.248 1599.975 1599.702 1599.585 1599.499 1599.414 1599.329 1599.32 1599.481 1599.643 1599.805 1599.966 1600.0 1600.0 1600.0 1600.0 1600.053 1600.246 1600.439 1600.632 1600.825 1601.286 1601.834 1602.382
1600.193 1600.41 1601.261 1602.112 1602.964 1603.815 1604.33 1604.836 1605.342 1605.848 1605.725 1604.845 1603.965 1603.085 1602.205 1601.551 1600.912 1600.273 1599.634 1599.33 1599.493 1599.657 1599.82 1599.984 1600.156 1600.33 1600.504 1600.678 1600.835 1600.966 1601.096 1601.226 1601.357 1601.184 1600.962 1600.741 1600.52 1600.299 1600.081 1599.862 1599.643 1599.425 1599.352 1599.31 1599.268 1599.225 1599.251 1599.429 1599.607 1599.785 1599.963 1600.0 1600.0 1600.0 1600.0 1600.044 1600.205 1600.365 1600.526 1600.687 1601.103 1601.603 1602.102
1599.968 1600.241 1600.995 1601.748 1602.502 1603.256 1603.559 1603.848 1604.138 1604.428 1604.236 1603.464 1602.692 1601.92 1601.148 1600.698 1600.27 1599.842 1599.414 1599.241 1599.426 1599.611 1599.796 1599.981 1600.098 1600.207 1600.316 1600.425 1600.524 1600.605 1600.687 1600.769 1600.851 1600.671 1600.45 1600.228 1600.007 1599.805 1599.641 1599.476 1599.311 1599.147 1599.119 1599.12 1599.121 1599.122 1599.183 1599.377 1599.571 1599.765 1599.959 1600.0 1600.0 1600.0 1600.0 1600.035 1600.163 1600.292 1600.42 1600.548 1600.92 1601.371 1601.821
1599.744 1600.071 1600.728 1601.384 1602.041 1602.697 1602.787 1602.861 1602.934 1603.008 1602.747 1602.083 1601.419 1600.755 1600.092 1599.845 1599.628 1599.411 1599.193 1599.153 1599.359 1599.566 1599.773 1599.979 1600.04 1600.084 1600.128 1600.172 1600.212 1600.245 1600.278 1600.312 1600.345 1600.158 1599.937 1599.715 1599.494 1599.311 1599.2 1599.09 1598.979 1598.869 1598.886 1598.931 1598.975 1599.019 1599.115 1599.325 1599.536 1599.746 1599.956 1600.0 1600.0 1600.0 1600.0 1600.026 1600.122 1600.218 1600.314 1600.41 1600.737 1601.139 1601.541
1599.537 1599.895 1600.458 1601.021 1601.583 1602.146 1602.087 1602.01 1601.933 1601.855 1601.556 1600.988 1600.42 1599.852 1599.285 1599.19 1599.128 1599.067 1599.005 1599.06 1599.278 1599.496 1599.714 1599.931 1599.95 1599.947 1599.943 1599.94 1599.933 1599.921 1599.909 1599.897 1599.885 1599.692 1599.471 1599.25 1599.028 1598.859 1598.791 1598.722 1598.654 1598.585 1598.646 1598.733 1598.821 1598.908 1599.035 1599.247 1599.46 1599.673 1599.885 1599.938 1599.948 1599.959 1599.969 1599.997 1600.073 1600.148 1600.224 1600.299 1600.58 1600.926 1601.272
1599.365 1599.706 1600.183 1600.659 1601.135 1601.611 1601.539 1601.451 1601.363 1601.275 1601.002 1600.504 1600.006 1599.509 1599.011 1598.957 1598.933 1598.909 1598.885 1598.958 1599.165 1599.372 1599.579 1599.786 1599.794 1599.78 1599.766 1599.751 1599.723 1599.673 1599.624 1599.574 1599.524 1599.326 1599.105 1598.883 1598.662 1598.499 1598.447 1598.394 1598.342 1598.289 1598.388 1598.519 1598.65 1598.781 1598.929 1599.114 1599.3 1599.486 1599.671 1599.744 1599.787 1599.83 1599.872 1599.926 1600.006 1600.087 1600.168 1600.249 1600.478 1600.754 1601.03
