data/zism_data/00889_03_D.txt
ncols         224
nrows         224
[rows 168 to 195 of 224, columns 63 to 125 of 224]
1267.637 1264.273 1260.909 1257.545 1254.181 1249.004 1243.279 1237.554 1231.829 1226.196 1220.866 1215.536 1210.207 1204.877 1202.756 1202.039 1201.321 1200.603 1200.0 1200.0 1200.0 1200.0 1200.0 1200.676 1201.761 1202.846 1203.931 1205.554 1212.822 1220.09 1227.358 1234.626 1242.646 1251.281 1259.916 1268.551 1277.128 1281.818 1286.508 1291.198 1295.887 1298.464 1298.737 1299.009 1299.281 1299.553 1299.577 1299.586 1299.594 1299.603 1299.622 1299.657 1299.691 1299.726 1299.76 1299.795 1299.83 1299.864 1299.899 1299.911 1299.879 1299.848 1299.816
1261.095 1258.287 1255.479 1252.671 1249.863 1245.475 1240.61 1235.746 1230.881 1225.952 1220.808 1215.664 1210.52 1205.376 1203.227 1202.386 1201.546 1200.706 1200.0 1200.0 1200.0 1200.0 1200.0 1200.707 1201.841 1202.976 1204.11 1205.792 1213.23 1220.667 1228.104 1235.542 1243.671 1252.365 1261.059 1269.754 1278.388 1282.959 1287.531 1292.103 1296.674 1299.157 1299.361 1299.565 1299.77 1299.974 1299.989 1299.992 1299.995 1299.998 1300.0 1300.0 1300.0 1300.0 1300.0 1300.0 1300.0 1300.0 1300.0 1299.977 1299.908 1299.839 1299.77
1252.665 1250.771 1248.877 1246.983 1245.089 1241.81 1238.112 1234.414 1230.717 1226.684 1221.54 1216.396 1211.252 1206.108 1203.846 1202.845 1201.843 1200.842 1200.0 1200.0 1200.0 1200.0 1200.0 1200.576 1201.501 1202.426 1203.35 1204.794 1211.688 1218.582 1225.476 1232.37 1240.253 1248.942 1257.63 1266.319 1274.955 1279.978 1285.001 1290.025 1295.048 1297.905 1298.4 1298.895 1299.389 1299.884 1299.931 1299.95 1299.969 1299.989 1300.0 1300.0 1300.0 1300.0 1300.0 1300.0 1300.0 1300.0 1300.0 1299.943 1299.772 1299.6 1299.429
1244.234 1243.255 1242.275 1241.295 1240.316 1238.144 1235.614 1233.083 1230.552 1227.415 1222.272 1217.128 1211.984 1206.84 1204.466 1203.303 1202.14 1200.977 1200.0 1200.0 1200.0 1200.0 1200.0 1200.446 1201.16 1201.875 1202.59 1203.795 1210.146 1216.497 1222.848 1229.199 1236.835 1245.518 1254.201 1262.885 1271.522 1276.997 1282.472 1287.947 1293.422 1296.654 1297.439 1298.224 1299.009 1299.794 1299.873 1299.908 1299.943 1299.979 1300.0 1300.0 1300.0 1300.0 1300.0 1300.0 1300.0 1300.0 1300.0 1299.909 1299.635 1299.362 1299.089
1235.804 1235.738 1235.673 1235.607 1235.542 1234.479 1233.115 1231.751 1230.388 1228.147 1223.003 1217.86 1212.716 1207.572 1205.085 1203.761 1202.437 1201.113 1200.0 1200.0 1200.0 1200.0 1200.0 1200.315 1200.82 1201.325 1201.83 1202.797 1208.604 1214.412 1220.22 1226.028 1233.417 1242.094 1250.772 1259.451 1268.089 1274.015 1279.942 1285.869 1291.796 1295.402 1296.478 1297.553 1298.628 1299.704 1299.815 1299.866 1299.918 1299.969 1300.0 1300.0 1300.0 1300.0 1300.0 1300.0 1300.0 1300.0 1300.0 1299.875 1299.499 1299.124 1298.748
1227.373 1228.222 1229.071 1229.919 1230.768 1230.814 1230.617 1230.42 1230.223 1228.879 1223.735 1218.591 1213.448 1208.304 1205.705 1204.219 1202.734 1201.249 1200.0 1200.0 1200.0 1200.0 1200.0 1200.184 1200.48 1200.775 1201.071 1201.798 1207.063 1212.327 1217.592 1222.857 1229.998 1238.671 1247.344 1256.016 1264.656 1271.034 1277.412 1283.791 1290.169 1294.151 1295.516 1296.882 1298.248 1299.614 1299.757 1299.824 1299.892 1299.96 1300.0 1300.0 1300.0 1300.0 1300.0 1300.0 1300.0 1300.0 1300.0 1299.841 1299.363 1298.885 1298.407
1221.275 1222.517 1223.758 1224.999 1226.241 1226.876 1227.328 1227.78 1228.231 1227.475 1222.719 1217.962 1213.205 1208.448 1205.934 1204.401 1202.868 1201.335 1200.045 1200.035 1200.025 1200.014 1200.004 1200.118 1200.307 1200.497 1200.686 1201.287 1206.209 1211.131 1216.052 1220.974 1227.87 1236.375 1244.879 1253.384 1261.859 1268.289 1274.718 1281.148 1287.577 1291.76 1293.492 1295.224 1296.957 1298.689 1298.995 1299.214 1299.432 1299.651 1299.8 1299.849 1299.897 1299.945 1299.994 1299.904 1299.793 1299.683 1299.572 1299.143 1298.076 1297.009 1295.942
1216.476 1217.82 1219.163 1220.507 1221.85 1222.786 1223.598 1224.41 1225.222 1224.883 1220.728 1216.574 1212.419 1208.264 1205.945 1204.428 1202.912 1201.395 1200.116 1200.089 1200.063 1200.036 1200.01 1200.088 1200.229 1200.37 1200.511 1201.047 1205.738 1210.429 1215.119 1219.81 1226.459 1234.706 1242.953 1251.199 1259.417 1265.675 1271.932 1278.189 1284.447 1288.735 1290.876 1293.017 1295.158 1297.299 1297.842 1298.286 1298.731 1299.175 1299.489 1299.613 1299.737 1299.86 1299.984 1299.754 1299.472 1299.189 1298.906 1298.075 1296.148 1294.221 1292.293
1211.677 1213.123 1214.569 1216.014 1217.46 1218.696 1219.869 1221.041 1222.214 1222.29 1218.738 1215.186 1211.633 1208.081 1205.956 1204.456 1202.955 1201.455 1200.187 1200.144 1200.101 1200.059 1200.016 1200.058 1200.15 1200.243 1200.335 1200.808 1205.267 1209.726 1214.186 1218.645 1225.048 1233.037 1241.026 1249.014 1256.975 1263.061 1269.146 1275.231 1281.317 1285.711 1288.26 1290.81 1293.36 1295.909 1296.689 1297.359 1298.029 1298.699 1299.178 1299.377 1299.576 1299.775 1299.974 1299.605 1299.15 1298.695 1298.24 1297.008 1294.22 1291.432 1288.645
1206.878 1208.426 1209.974 1211.522 1213.07 1214.606 1216.139 1217.672 1219.205 1219.698 1216.748 1213.798 1210.848 1207.898 1205.967 1204.483 1202.999 1201.514 1200.257 1200.198 1200.14 1200.081 1200.022 1200.027 1200.072 1200.116 1200.16 1200.568 1204.796 1209.024 1213.252 1217.48 1223.638 1231.368 1239.099 1246.829 1254.533 1260.447 1266.36 1272.273 1278.186 1282.686 1285.645 1288.603 1291.561 1294.52 1295.535 1296.431 1297.328 1298.224 1298.867 1299.142 1299.416 1299.69 1299.964 1299.455 1298.828 1298.201 1297.575 1295.941 1292.292 1288.644 1284.996
1202.452 1204.063 1205.675 1207.286 1208.898 1210.679 1212.511 1214.344 1216.176 1217.036 1214.676 1212.316 1209.956 1207.596 1205.874 1204.429 1202.985 1201.541 1200.315 1200.243 1200.171 1200.099 1200.027 1200.0 1200.0 1200.0 1200.0 1200.347 1204.334 1208.322 1212.309 1216.297 1222.196 1229.655 1237.113 1244.572 1252.006 1257.745 1263.484 1269.222 1274.961 1279.554 1282.896 1286.238 1289.58 1292.922 1294.166 1295.28 1296.394 1297.509 1298.307 1298.642 1298.978 1299.313 1299.649 1298.953 1298.102 1297.251 1296.401 1294.333 1289.832 1285.331 1280.83
1201.91 1203.182 1204.455 1205.728 1207.0 1208.447 1209.946 1211.445 1212.944 1213.655 1211.758 1209.86 1207.963 1206.065 1204.685 1203.531 1202.377 1201.224 1200.245 1200.189 1200.133 1200.077 1200.021 1200.0 1200.0 1200.0 1200.0 1200.317 1203.966 1207.615 1211.263 1214.912 1220.431 1227.476 1234.52 1241.565 1248.588 1254.128 1259.667 1265.207 1270.747 1275.295 1278.761 1282.226 1285.692 1289.158 1290.54 1291.795 1293.049 1294.303 1295.15 1295.399 1295.648 1295.898 1296.147 1294.776 1293.161 1291.547 1289.932 1287.098 1281.822 1276.547 1271.271
1201.368 1202.301 1203.235 1204.169 1205.103 1206.215 1207.38 1208.546 1209.711 1210.274 1208.839 1207.404 1205.969 1204.534 1203.497 1202.633 1201.77 1200.906 1200.174 1200.134 1200.095 1200.055 1200.015 1200.0 1200.0 1200.0 1200.0 1200.288 1203.598 1206.907 1210.217 1213.527 1218.666 1225.297 1231.927 1238.558 1245.17 1250.51 1255.851 1261.192 1266.533 1271.036 1274.626 1278.215 1281.804 1285.394 1286.915 1288.309 1289.703 1291.098 1291.992 1292.155 1292.319 1292.482 1292.645 1290.599 1288.221 1285.843 1283.465 1279.863 1273.813 1267.763 1261.713
1200.825 1201.42 1202.016 1202.61 1203.206 1203.983 1204.815 1205.647 1206.479 1206.893 1205.92 1204.948 1203.975 1203.003 1202.308 1201.735 1201.162 1200.589 1200.104 1200.08 1200.056 1200.033 1200.009 1200.0 1200.0 1200.0 1200.0 1200.258 1203.229 1206.2 1209.172 1212.142 1216.901 1223.117 1229.334 1235.551 1241.752 1246.893 1252.035 1257.177 1262.319 1266.777 1270.49 1274.204 1277.917 1281.63 1283.29 1284.824 1286.358 1287.892 1288.835 1288.912 1288.989 1289.066 1289.144 1286.422 1283.28 1280.138 1276.997 1272.628 1265.803 1258.979 1252.155
1200.283 1200.539 1200.796 1201.052 1201.308 1201.751 1202.249 1202.748 1203.247 1203.511 1203.001 1202.491 1201.981 1201.471 1201.12 1200.837 1200.554 1200.272 1200.033 1200.025 1200.018 1200.01 1200.003 1200.0 1200.0 1200.0 1200.0 1200.229 1202.861 1205.493 1208.126 1210.758 1215.136 1220.938 1226.741 1232.543 1238.333 1243.276 1248.219 1253.162 1258.105 1262.519 1266.355 1270.192 1274.029 1277.866 1279.665 1281.339 1283.013 1284.686 1285.677 1285.668 1285.66 1285.651 1285.642 1282.245 1278.34 1274.434 1270.529 1265.392 1257.794 1250.195 1242.596
1200.026 1200.113 1200.199 1200.286 1200.372 1200.625 1200.928 1201.231 1201.533 1201.706 1201.446 1201.187 1200.927 1200.668 1200.498 1200.369 1200.239 1200.109 1200.0 1200.0 1200.0 1200.0 1200.0 1200.0 1200.0 1200.0 1200.0 1200.197 1202.468 1204.738 1207.009 1209.279 1213.321 1218.807 1224.292 1229.778 1235.255 1240.105 1244.954 1249.804 1254.654 1258.916 1262.535 1266.155 1269.774 1273.394 1275.002 1276.486 1277.97 1279.454 1280.171 1279.767 1279.363 1278.958 1278.554 1274.683 1270.292 1265.901 1261.51 1256.148 1248.844 1241.54 1234.235
1200.02 1200.085 1200.15 1200.215 1200.28 1200.47 1200.697 1200.925 1201.152 1201.282 1201.087 1200.892 1200.697 1200.502 1200.375 1200.277 1200.179 1200.082 1200.0 1200.0 1200.0 1200.0 1200.0 1200.0 1200.0 1200.0 1200.0 1200.164 1202.053 1203.942 1205.83 1207.719 1211.461 1216.716 1221.97 1227.225 1232.474 1237.324 1242.174 1247.023 1251.873 1255.888 1258.991 1262.094 1265.198 1268.301 1269.428 1270.433 1271.439 1272.444 1272.607 1271.536 1270.465 1269.393 1268.322 1264.154 1259.521 1254.888 1250.255 1245.142 1239.069 1232.996 1226.924
1200.013 1200.057 1200.1 1200.144 1200.187 1200.314 1200.466 1200.619 1200.771 1200.858 1200.727 1200.597 1200.466 1200.336 1200.25 1200.185 1200.12 1200.055 1200.0 1200.0 1200.0 1200.0 1200.0 1200.0 1200.0 1200.0 1200.0 1200.131 1201.638 1203.145 1204.652 1206.158 1209.602 1214.625 1219.649 1224.672 1229.693 1234.543 1239.393 1244.243 1249.092 1252.86 1255.447 1258.034 1260.621 1263.208 1263.854 1264.381 1264.908 1265.435 1265.042 1263.304 1261.566 1259.828 1258.09 1253.625 1248.75 1243.875 1239.0 1234.136 1229.295 1224.453 1219.612
1200.007 1200.029 1200.051 1200.073 1200.095 1200.159 1200.236 1200.313 1200.39 1200.433 1200.367 1200.302 1200.236 1200.17 1200.127 1200.094 1200.061 1200.028 1200.0 1200.0 1200.0 1200.0 1200.0 1200.0 1200.0 1200.0 1200.0 1200.098 1201.223 1202.348 1203.473 1204.598 1207.743 1212.535 1217.327 1222.119 1226.912 1231.762 1236.612 1241.462 1246.311 1249.832 1251.903 1253.974 1256.044 1258.115 1258.281 1258.329 1258.377 1258.425 1257.478 1255.073 1252.668 1250.263 1247.859 1243.095 1237.978 1232.861 1227.744 1223.13 1219.52 1215.91 1212.3
1200.0 1200.001 1200.001 1200.002 1200.002 1200.003 1200.005 1200.007 1200.008 1200.009 1200.008 1200.006 1200.005 1200.004 1200.003 1200.002 1200.001 1200.001 1200.0 1200.0 1200.0 1200.0 1200.0 1200.0 1200.0 1200.0 1200.0 1200.065 1200.808 1201.551 1202.294 1203.037 1205.883 1210.444 1215.005 1219.566 1224.131 1228.981 1233.831 1238.681 1243.531 1246.804 1248.359 1249.913 1251.468 1253.022 1252.707 1252.276 1251.846 1251.416 1249.913 1246.842 1243.77 1240.698 1237.627 1232.566 1227.207 1221.848 1216.489 1212.124 1209.745 1207.367 1204.989
1200.0 1200.0 1200.0 1200.0 1200.0 1200.0 1200.0 1200.0 1200.0 1200.0 1200.0 1200.0 1200.0 1200.0 1200.0 1200.0 1200.0 1200.0 1200.0 1200.0 1200.0 1200.0 1200.0 1200.0 1200.0 1200.0 1200.0 1200.053 1200.661 1201.27 1201.879 1202.487 1204.995 1209.051 1213.107 1217.163 1221.228 1225.899 1230.57 1235.241 1239.912 1243.007 1244.382 1245.757 1247.131 1248.506 1247.71 1246.78 1245.85 1244.92 1243.087 1239.932 1236.777 1233.623 1230.468 1226.215 1221.798 1217.38 1212.963 1209.397 1207.535 1205.673 1203.811
1200.0 1200.0 1200.0 1200.0 1200.0 1200.0 1200.0 1200.0 1200.0 1200.0 1200.0 1200.0 1200.0 1200.0 1200.0 1200.0 1200.0 1200.0 1200.0 1200.0 1200.0 1200.0 1200.0 1200.0 1200.0 1200.0 1200.0 1200.042 1200.521 1201.001 1201.48 1201.96 1204.128 1207.673 1211.218 1214.764 1218.323 1222.811 1227.299 1231.787 1236.275 1239.192 1240.395 1241.598 1242.8 1244.003 1242.726 1241.295 1239.865 1238.435 1236.277 1233.052 1229.828 1226.603 1223.378 1219.958 1216.509 1213.059 1209.61 1206.856 1205.494 1204.132 1202.77
1200.0 1200.0 1200.0 1200.0 1200.0 1200.0 1200.0 1200.0 1200.0 1200.0 1200.0 1200.0 1200.0 1200.0 1200.0 1200.0 1200.0 1200.0 1200.0 1200.0 1200.0 1200.0 1200.0 1200.0 1200.0 1200.0 1200.0 1200.031 1200.381 1200.731 1201.082 1201.432 1203.261 1206.295 1209.33 1212.364 1215.417 1219.722 1224.028 1228.333 1232.638 1235.378 1236.408 1237.439 1238.469 1239.5 1237.741 1235.811 1233.881 1231.951 1229.467 1226.172 1222.878 1219.583 1216.289 1213.701 1211.22 1208.738 1206.257 1204.315 1203.453 1202.591 1201.729
1200.0 1200.0 1200.0 1200.0 1200.0 1200.0 1200.0 1200.0 1200.0 1200.0 1200.0 1200.0 1200.0 1200.0 1200.0 1200.0 1200.0 1200.0 1200.0 1200.0 1200.0 1200.0 1200.0 1200.0 1200.0 1200.0 1200.0 1200.019 1200.241 1200.462 1200.683 1200.905 1202.394 1204.918 1207.441 1209.965 1212.511 1216.634 1220.756 1224.879 1229.001 1231.563 1232.422 1233.28 1234.139 1234.997 1232.757 1230.327 1227.896 1225.466 1222.657 1219.292 1215.928 1212.563 1209.199 1207.444 1205.931 1204.417 1202.904 1201.774 1201.412 1201.05 1200.688
1200.004 1200.018 1200.031 1200.045 1200.059 1200.052 1200.038 1200.024 1200.01 1200.0 1200.0 1200.0 1200.0 1200.0 1200.0 1200.0 1200.0 1200.0 1200.0 1200.0 1200.0 1200.0 1200.0 1200.0 1200.0 1200.0 1200.0 1200.012 1200.145 1200.278 1200.411 1200.545 1201.74 1203.8 1205.86 1207.921 1210.007 1213.81 1217.613 1221.416 1225.219 1227.542 1228.251 1228.961 1229.67 1230.379 1227.947 1225.322 1222.696 1220.071 1217.233 1214.086 1210.938 1207.791 1204.644 1203.479 1202.613 1201.747 1200.88 1200.28 1200.214 1200.147 1200.08
1200.014 1200.06 1200.106 1200.152 1200.198 1200.173 1200.127 1200.081 1200.035 1200.0 1200.0 1200.0 1200.0 1200.0 1200.0 1200.0 1200.0 1200.0 1200.0 1200.0 1200.0 1200.0 1200.0 1200.0 1200.0 1200.0 1200.0 1200.009 1200.11 1200.211 1200.312 1200.413 1201.374 1203.036 1204.699 1206.362 1208.048 1211.345 1214.643 1217.94 1221.238 1223.241 1223.832 1224.423 1225.014 1225.605 1223.373 1220.968 1218.563 1216.158 1213.699 1211.159 1208.619 1206.079 1203.54 1202.637 1201.981 1201.324 1200.667 1200.212 1200.162 1200.111 1200.061
1200.024 1200.102 1200.18 1200.258 1200.337 1200.295 1200.216 1200.138 1200.06 1200.0 1200.0 1200.0 1200.0 1200.0 1200.0 1200.0 1200.0 1200.0 1200.0 1200.0 1200.0 1200.0 1200.0 1200.0 1200.0 1200.0 1200.0 1200.006 1200.075 1200.144 1200.212 1200.281 1201.008 1202.273 1203.538 1204.802 1206.089 1208.881 1211.673 1214.465 1217.257 1218.94 1219.412 1219.885 1220.357 1220.83 1218.8 1216.615 1214.431 1212.246 1210.164 1208.232 1206.3 1204.368 1202.436 1201.795 1201.348 1200.901 1200.454 1200.145 1200.11 1200.076 1200.041
1200.034 1200.144 1200.255 1200.365 1200.475 1200.416 1200.306 1200.195 1200.085 1200.0 1200.0 1200.0 1200.0 1200.0 1200.0 1200.0 1200.0 1200.0 1200.0 1200.0 1200.0 1200.0 1200.0 1200.0 1200.0 1200.0 1200.0 1200.003 1200.04 1200.076 1200.113 1200.149 1200.643 1201.51 1202.376 1203.243 1204.13 1206.416 1208.703 1210.99 1213.276 1214.638 1214.993 1215.347 1215.701 1216.056 1214.226 1212.262 1210.298 1208.334 1206.63 1205.305 1203.981 1202.656 1201.332 1200.953 1200.716 1200.478 1200.241 1200.077 1200.058 1200.04 1200.022
