data/zism_data/00885_02_D.txt
ncols         224
nrows         224
[rows 196 to 223 of 224, columns 128 to 191 of 224]
1893.487 1892.932 1892.376 1891.816 1891.257 1890.697 1890.138 1890.455 1890.856 1891.257 1891.658 1892.331 1893.454 1894.576 1895.699 1896.821 1897.48 1898.051 1898.623 1899.194 1899.575 1899.523 1899.472 1899.42 1899.368 1898.667 1897.77 1896.872 1895.975 1894.243 1889.746 1885.248 1880.751 1876.254 1869.426 1861.578 1853.731 1845.883 1838.503 1833.586 1828.669 1823.751 1818.834 1817.57 1818.515 1819.46 1820.405 1821.16 1819.914 1818.668 1817.422 1816.176 1814.857 1813.478 1812.098 1810.719 1809.354 1808.958 1808.563 1808.167 1807.772 1808.315 1809.884 1811.452
1892.044 1891.425 1890.84 1890.297 1889.753 1889.21 1888.667 1889.144 1889.717 1890.291 1890.865 1891.702 1892.976 1894.25 1895.523 1896.797 1897.507 1898.111 1898.715 1899.318 1899.688 1899.522 1899.357 1899.192 1899.027 1898.121 1896.992 1895.862 1894.733 1892.824 1888.332 1883.84 1879.348 1874.856 1868.026 1860.173 1852.32 1844.467 1837.028 1831.765 1826.502 1821.239 1815.976 1814.387 1815.019 1815.651 1816.282 1816.746 1815.446 1814.146 1812.847 1811.547 1810.316 1809.142 1807.968 1806.794 1805.634 1805.46 1805.286 1805.112 1804.937 1805.63 1807.269 1808.907
1890.602 1889.918 1889.304 1888.777 1888.25 1887.723 1887.196 1887.832 1888.578 1889.325 1890.071 1891.073 1892.498 1893.923 1895.348 1896.773 1897.535 1898.171 1898.807 1899.443 1899.8 1899.521 1899.243 1898.964 1898.686 1897.575 1896.214 1894.852 1893.491 1891.405 1886.918 1882.431 1877.945 1873.458 1866.626 1858.768 1850.91 1843.051 1835.552 1829.943 1824.335 1818.727 1813.118 1811.204 1811.522 1811.841 1812.159 1812.333 1810.979 1809.625 1808.271 1806.917 1805.775 1804.806 1803.837 1802.869 1801.914 1801.962 1802.009 1802.056 1802.103 1802.945 1804.653 1806.362
1889.142 1888.37 1887.714 1887.201 1886.688 1886.174 1885.661 1886.43 1887.321 1888.213 1889.104 1890.243 1891.793 1893.344 1894.894 1896.444 1897.278 1897.975 1898.673 1899.371 1899.733 1899.33 1898.926 1898.522 1898.118 1896.827 1895.267 1893.707 1892.148 1889.947 1885.623 1881.299 1876.975 1872.651 1865.953 1858.214 1850.477 1842.738 1835.297 1829.418 1823.539 1817.66 1811.781 1809.469 1809.312 1809.156 1808.999 1808.735 1807.336 1805.938 1804.539 1803.141 1802.086 1801.312 1800.537 1799.763 1799.003 1799.213 1799.423 1799.633 1799.843 1800.773 1802.49 1804.206
1887.622 1886.677 1885.928 1885.421 1884.913 1884.405 1883.897 1884.706 1885.641 1886.575 1887.509 1888.688 1890.271 1891.853 1893.436 1895.018 1895.998 1896.863 1897.728 1898.593 1899.021 1898.45 1897.879 1897.308 1896.736 1895.348 1893.713 1892.077 1890.442 1888.353 1884.757 1881.163 1877.568 1873.973 1867.894 1860.728 1853.563 1846.397 1839.436 1833.557 1827.679 1821.8 1815.921 1812.949 1811.734 1810.519 1809.304 1808.072 1806.663 1805.254 1803.844 1802.435 1801.462 1800.844 1800.226 1799.609 1799.002 1799.164 1799.325 1799.486 1799.647 1800.449 1801.95 1803.45
1886.102 1884.984 1884.143 1883.64 1883.138 1882.636 1882.133 1882.982 1883.96 1884.937 1885.915 1887.133 1888.748 1890.363 1891.978 1893.593 1894.718 1895.75 1896.783 1897.815 1898.309 1897.57 1896.832 1896.093 1895.355 1893.869 1892.158 1890.448 1888.737 1886.758 1883.892 1881.026 1878.16 1875.294 1869.835 1863.242 1856.648 1850.055 1843.576 1837.697 1831.818 1825.939 1820.06 1816.428 1814.155 1811.882 1809.609 1807.41 1805.99 1804.57 1803.15 1801.73 1800.838 1800.377 1799.916 1799.454 1799.002 1799.114 1799.227 1799.34 1799.452 1800.126 1801.41 1802.695
1884.582 1883.291 1882.357 1881.86 1881.363 1880.866 1880.369 1881.258 1882.279 1883.3 1884.32 1885.577 1887.225 1888.872 1890.519 1892.167 1893.438 1894.638 1895.838 1897.038 1897.597 1896.691 1895.785 1894.879 1893.973 1892.391 1890.604 1888.818 1887.031 1885.163 1883.026 1880.889 1878.752 1876.615 1871.776 1865.755 1859.734 1853.713 1847.715 1841.836 1835.957 1830.078 1824.2 1819.908 1816.577 1813.245 1809.914 1806.748 1805.317 1803.886 1802.455 1801.024 1800.214 1799.909 1799.605 1799.3 1799.001 1799.065 1799.129 1799.193 1799.257 1799.802 1800.87 1801.939
1883.062 1881.598 1880.572 1880.08 1879.588 1879.097 1878.605 1879.534 1880.598 1881.662 1882.726 1884.022 1885.702 1887.381 1889.061 1890.741 1892.158 1893.526 1894.893 1896.26 1896.884 1895.811 1894.738 1893.664 1892.591 1890.912 1889.05 1887.188 1885.326 1883.569 1882.161 1880.753 1879.344 1877.936 1873.717 1868.269 1862.82 1857.371 1851.854 1845.975 1840.097 1834.218 1828.339 1823.388 1818.998 1814.609 1810.219 1806.085 1804.644 1803.202 1801.76 1800.319 1799.589 1799.442 1799.294 1799.146 1799.0 1799.016 1799.031 1799.047 1799.062 1799.478 1800.331 1801.183
1881.477 1879.786 1878.621 1878.102 1877.582 1877.063 1876.544 1877.486 1878.567 1879.649 1880.73 1882.045 1883.746 1885.448 1887.149 1888.85 1890.368 1891.851 1893.334 1894.817 1895.553 1894.581 1893.609 1892.636 1891.664 1890.222 1888.637 1887.053 1885.468 1884.044 1883.151 1882.259 1881.366 1880.474 1876.68 1871.616 1866.552 1861.488 1856.251 1850.1 1843.949 1837.798 1831.647 1826.151 1821.053 1815.954 1810.855 1806.07 1804.573 1803.077 1801.58 1800.083 1799.359 1799.265 1799.171 1799.076 1798.983 1798.987 1798.991 1798.994 1798.998 1799.34 1800.05 1800.76
1879.862 1877.917 1876.593 1876.03 1875.468 1874.905 1874.343 1875.286 1876.373 1877.46 1878.547 1879.871 1881.589 1883.306 1885.023 1886.741 1888.338 1889.913 1891.488 1893.063 1893.932 1893.186 1892.441 1891.696 1890.95 1889.9 1888.759 1887.617 1886.475 1885.488 1885.011 1884.534 1884.057 1883.58 1880.119 1875.353 1870.586 1865.819 1860.768 1854.217 1847.666 1841.116 1834.565 1828.579 1822.935 1817.291 1811.647 1806.357 1804.785 1803.213 1801.641 1800.068 1799.313 1799.224 1799.135 1799.047 1798.959 1798.968 1798.977 1798.986 1798.995 1799.288 1799.89 1800.493
1878.247 1876.048 1874.565 1873.959 1873.353 1872.748 1872.142 1873.087 1874.179 1875.271 1876.363 1877.697 1879.431 1881.164 1882.898 1884.631 1886.309 1887.976 1889.642 1891.309 1892.311 1891.792 1891.273 1890.755 1890.236 1889.579 1888.88 1888.181 1887.482 1886.931 1886.87 1886.809 1886.748 1886.687 1883.559 1879.089 1874.62 1870.15 1865.285 1858.334 1851.384 1844.434 1837.484 1831.007 1824.818 1818.629 1812.439 1806.645 1804.997 1803.349 1801.701 1800.053 1799.267 1799.184 1799.1 1799.017 1798.935 1798.949 1798.964 1798.978 1798.992 1799.236 1799.731 1800.225
1876.632 1874.179 1872.537 1871.888 1871.239 1870.59 1869.941 1870.887 1871.985 1873.082 1874.18 1875.523 1877.273 1879.023 1880.773 1882.522 1884.279 1886.038 1887.797 1889.555 1890.69 1890.398 1890.106 1889.814 1889.522 1889.258 1889.002 1888.745 1888.489 1888.375 1888.73 1889.085 1889.439 1889.794 1886.999 1882.826 1878.654 1874.481 1869.802 1862.452 1855.102 1847.752 1840.402 1833.435 1826.701 1819.966 1813.231 1806.932 1805.209 1803.485 1801.762 1800.038 1799.221 1799.143 1799.065 1798.987 1798.91 1798.93 1798.95 1798.97 1798.99 1799.185 1799.571 1799.957
1874.808 1872.174 1870.419 1869.741 1869.063 1868.385 1867.707 1868.655 1869.757 1870.859 1871.961 1873.314 1875.08 1876.846 1878.612 1880.378 1882.211 1884.058 1885.904 1887.75 1889.026 1888.997 1888.968 1888.939 1888.91 1889.032 1889.2 1889.368 1889.536 1889.819 1890.483 1891.147 1891.811 1892.475 1889.95 1886.03 1882.109 1878.189 1873.673 1866.018 1858.364 1850.709 1843.054 1835.701 1828.531 1821.36 1814.189 1807.482 1805.636 1803.79 1801.944 1800.098 1799.219 1799.129 1799.039 1798.949 1798.861 1798.885 1798.908 1798.932 1798.956 1799.106 1799.396 1799.685
1871.753 1869.368 1867.774 1867.15 1866.526 1865.902 1865.278 1866.23 1867.332 1868.434 1869.536 1870.895 1872.677 1874.459 1876.241 1878.024 1879.914 1881.826 1883.737 1885.648 1887.113 1887.559 1888.005 1888.452 1888.898 1889.371 1889.852 1890.333 1890.814 1891.264 1891.609 1891.955 1892.3 1892.646 1890.016 1886.085 1882.154 1878.222 1873.738 1866.337 1858.936 1851.535 1844.134 1837.008 1830.048 1823.088 1816.128 1809.578 1807.332 1805.087 1802.841 1800.596 1799.475 1799.272 1799.068 1798.865 1798.665 1798.683 1798.701 1798.72 1798.738 1798.87 1799.127 1799.384
1868.698 1866.561 1865.128 1864.558 1863.988 1863.418 1862.848 1863.805 1864.907 1866.009 1867.112 1868.476 1870.275 1872.073 1873.871 1875.67 1877.617 1879.593 1881.569 1883.545 1885.2 1886.122 1887.043 1887.964 1888.885 1889.709 1890.503 1891.298 1892.092 1892.708 1892.735 1892.762 1892.789 1892.816 1890.082 1886.14 1882.198 1878.256 1873.803 1866.656 1859.509 1852.361 1845.214 1838.315 1831.566 1824.816 1818.067 1811.674 1809.029 1806.384 1803.739 1801.094 1799.731 1799.414 1799.097 1798.781 1798.469 1798.482 1798.495 1798.508 1798.52 1798.635 1798.859 1799.083
1865.643 1863.755 1862.483 1861.967 1861.451 1860.935 1860.419 1861.38 1862.482 1863.584 1864.687 1866.057 1867.872 1869.687 1871.501 1873.316 1875.321 1877.361 1879.402 1881.443 1883.288 1884.684 1886.08 1887.477 1888.873 1890.047 1891.155 1892.262 1893.37 1894.153 1893.861 1893.57 1893.278 1892.987 1890.148 1886.195 1882.242 1878.289 1873.868 1866.974 1860.081 1853.188 1846.294 1839.622 1833.083 1826.544 1820.005 1813.77 1810.726 1807.681 1804.636 1801.592 1799.987 1799.557 1799.127 1798.697 1798.273 1798.28 1798.288 1798.295 1798.303 1798.399 1798.591 1798.783
1862.588 1860.948 1859.837 1859.375 1858.913 1858.451 1857.989 1858.955 1860.057 1861.16 1862.262 1863.639 1865.469 1867.3 1869.131 1870.962 1873.024 1875.129 1877.235 1879.34 1881.375 1883.246 1885.118 1886.989 1888.861 1890.386 1891.807 1893.227 1894.648 1895.598 1894.987 1894.377 1893.767 1893.157 1890.214 1886.25 1882.287 1878.323 1873.933 1867.293 1860.654 1854.014 1847.375 1840.929 1834.601 1828.272 1821.944 1815.867 1812.422 1808.978 1805.534 1802.09 1800.243 1799.699 1799.156 1798.612 1798.077 1798.079 1798.081 1798.083 1798.085 1798.163 1798.322 1798.482
1859.041 1857.793 1856.95 1856.601 1856.252 1855.903 1855.554 1856.596 1857.771 1858.945 1860.12 1861.539 1863.363 1865.187 1867.011 1868.835 1870.901 1873.012 1875.123 1877.234 1879.318 1881.339 1883.361 1885.382 1887.403 1888.992 1890.449 1891.907 1893.365 1894.21 1893.025 1891.84 1890.655 1889.469 1886.477 1882.693 1878.909 1875.125 1870.964 1864.815 1858.666 1852.517 1846.368 1840.285 1834.243 1828.201 1822.159 1816.335 1812.804 1809.272 1805.74 1802.209 1800.311 1799.746 1799.181 1798.616 1798.059 1798.016 1797.974 1797.931 1797.888 1797.95 1798.127 1798.303
1855.177 1854.415 1853.907 1853.709 1853.512 1853.314 1853.116 1854.28 1855.573 1856.867 1858.16 1859.645 1861.447 1863.25 1865.052 1866.855 1868.889 1870.968 1873.047 1875.126 1877.169 1879.131 1881.093 1883.055 1885.017 1886.484 1887.801 1889.118 1890.436 1891.001 1889.076 1887.151 1885.227 1883.302 1880.294 1876.813 1873.331 1869.849 1866.045 1860.539 1855.032 1849.526 1844.019 1838.387 1832.68 1826.973 1821.266 1815.757 1812.339 1808.921 1805.503 1802.084 1800.258 1799.731 1799.204 1798.677 1798.156 1798.043 1797.93 1797.817 1797.704 1797.753 1797.978 1798.203
1851.312 1851.037 1850.864 1850.818 1850.771 1850.725 1850.678 1851.964 1853.376 1854.788 1856.2 1857.751 1859.532 1861.313 1863.093 1864.874 1866.878 1868.925 1870.971 1873.017 1875.02 1876.923 1878.825 1880.728 1882.63 1883.975 1885.152 1886.329 1887.506 1887.792 1885.128 1882.463 1879.799 1877.134 1874.112 1870.932 1867.753 1864.574 1861.126 1856.262 1851.398 1846.534 1841.671 1836.49 1831.117 1825.745 1820.372 1815.179 1811.874 1808.57 1805.265 1801.96 1800.206 1799.716 1799.227 1798.738 1798.253 1798.07 1797.887 1797.704 1797.521 1797.556 1797.83 1798.103
1847.448 1847.659 1847.822 1847.926 1848.031 1848.136 1848.24 1849.647 1851.178 1852.709 1854.24 1855.857 1857.616 1859.375 1861.134 1862.894 1864.867 1866.881 1868.895 1870.909 1872.871 1874.714 1876.557 1878.401 1880.244 1881.467 1882.504 1883.54 1884.577 1884.584 1881.179 1877.775 1874.371 1870.967 1867.929 1865.052 1862.176 1859.299 1856.208 1851.986 1847.765 1843.543 1839.322 1834.592 1829.554 1824.516 1819.479 1814.601 1811.41 1808.219 1805.027 1801.836 1800.153 1799.702 1799.25 1798.798 1798.35 1798.097 1797.843 1797.59 1797.337 1797.359 1797.681 1798.003
1843.619 1844.303 1844.797 1845.057 1845.318 1845.579 1845.839 1847.361 1849.003 1850.646 1852.288 1853.967 1855.706 1857.445 1859.184 1860.923 1862.855 1864.824 1866.793 1868.762 1870.669 1872.434 1874.199 1875.964 1877.73 1878.813 1879.689 1880.566 1881.442 1881.164 1877.059 1872.954 1868.849 1864.744 1861.685 1859.083 1856.481 1853.879 1851.12 1847.53 1843.941 1840.351 1836.761 1832.487 1827.799 1823.11 1818.422 1813.877 1810.828 1807.78 1804.732 1801.684 1800.087 1799.675 1799.264 1798.852 1798.441 1798.118 1797.794 1797.471 1797.147 1797.152 1797.516 1797.879
1840.243 1841.24 1842.004 1842.48 1842.957 1843.433 1843.91 1845.465 1847.124 1848.782 1850.441 1852.129 1853.869 1855.608 1857.347 1859.086 1860.841 1862.599 1864.358 1866.116 1867.781 1869.233 1870.685 1872.137 1873.589 1874.284 1874.75 1875.217 1875.683 1875.043 1870.738 1866.433 1862.129 1857.824 1854.651 1851.974 1849.297 1846.619 1843.875 1840.776 1837.678 1834.579 1831.481 1827.729 1823.58 1819.432 1815.284 1811.277 1808.752 1806.228 1803.703 1801.179 1799.853 1799.506 1799.16 1798.813 1798.465 1798.071 1797.677 1797.284 1796.89 1796.83 1797.134 1797.437
1836.867 1838.177 1839.21 1839.903 1840.595 1841.288 1841.98 1843.569 1845.244 1846.919 1848.593 1850.292 1852.031 1853.771 1855.51 1857.249 1858.827 1860.375 1861.922 1863.47 1864.893 1866.032 1867.171 1868.31 1869.449 1869.756 1869.812 1869.867 1869.923 1868.921 1864.417 1859.912 1855.408 1850.903 1847.617 1844.864 1842.111 1839.358 1836.629 1834.022 1831.415 1828.808 1826.201 1822.97 1819.362 1815.754 1812.145 1808.677 1806.676 1804.675 1802.675 1800.674 1799.62 1799.338 1799.055 1798.773 1798.488 1798.025 1797.561 1797.097 1796.633 1796.508 1796.752 1796.996
1833.491 1835.114 1836.417 1837.325 1838.234 1839.142 1840.051 1841.674 1843.365 1845.055 1846.746 1848.455 1850.194 1851.933 1853.673 1855.412 1856.813 1858.15 1859.487 1860.824 1862.005 1862.831 1863.657 1864.483 1865.308 1865.227 1864.873 1864.518 1864.163 1862.8 1858.096 1853.392 1848.687 1843.983 1840.584 1837.755 1834.927 1832.098 1829.383 1827.267 1825.152 1823.036 1820.921 1818.212 1815.143 1812.075 1809.007 1806.077 1804.6 1803.123 1801.646 1800.169 1799.386 1799.168 1798.951 1798.734 1798.512 1797.978 1797.444 1796.91 1796.375 1796.185 1796.37 1796.555
1830.115 1832.051 1833.623 1834.748 1835.872 1836.997 1838.121 1839.778 1841.485 1843.192 1844.899 1846.618 1848.357 1850.096 1851.835 1853.575 1854.799 1855.925 1857.051 1858.178 1859.117 1859.63 1860.143 1860.655 1861.168 1860.699 1859.934 1859.169 1858.404 1856.679 1851.775 1846.871 1841.967 1837.063 1833.55 1830.646 1827.741 1824.837 1822.137 1820.513 1818.889 1817.265 1815.641 1813.453 1810.925 1808.397 1805.868 1803.477 1802.524 1801.571 1800.618 1799.664 1799.152 1799.0 1798.847 1798.694 1798.535 1797.931 1797.327 1796.723 1796.118 1795.863 1795.988 1796.114
1827.134 1829.231 1830.988 1832.328 1833.669 1835.009 1836.35 1838.005 1839.691 1841.376 1843.062 1844.749 1846.439 1848.129 1849.819 1851.509 1852.614 1853.608 1854.602 1855.596 1856.341 1856.517 1856.693 1856.87 1857.046 1856.24 1855.136 1854.033 1852.93 1850.927 1845.938 1840.95 1835.962 1830.974 1827.472 1824.62 1821.767 1818.915 1816.313 1815.029 1813.746 1812.463 1811.179 1809.444 1807.436 1805.427 1803.418 1801.533 1800.941 1800.35 1799.758 1799.167 1798.841 1798.734 1798.625 1798.517 1798.402 1797.753 1797.105 1796.456 1795.808 1795.478 1795.495 1795.511
1824.496 1826.62 1828.488 1830.045 1831.601 1833.158 1834.714 1836.339 1837.971 1839.603 1841.234 1842.853 1844.451 1846.049 1847.647 1849.246 1850.281 1851.211 1852.14 1853.069 1853.661 1853.48 1853.3 1853.12 1852.94 1851.84 1850.461 1849.083 1847.704 1845.493 1840.521 1835.549 1830.577 1825.605 1822.221 1819.53 1816.84 1814.149 1811.717 1810.644 1809.571 1808.499 1807.426 1806.083 1804.577 1803.07 1801.564 1800.156 1799.786 1799.416 1799.046 1798.675 1798.464 1798.383 1798.302 1798.221 1798.132 1797.462 1796.792 1796.122 1795.452 1795.038 1794.904 1794.769
