data/zism_data/00884_02_D.txt
ncols         224
nrows         224
[rows 112 to 139 of 224, columns 0 to 62 of 224]
3329.65 3330.017 3330.385 3330.923 3331.657 3332.392 3333.127 3333.862 3334.579 3335.295 3336.011 3336.728 3337.337 3337.782 3338.227 3338.671 3339.116 3339.68 3340.264 3340.848 3341.432 3341.947 3342.315 3342.682 3343.049 3343.417 3343.554 3343.628 3343.701 3343.775 3343.83 3343.83 3343.83 3343.83 3343.83 3343.83 3343.83 3343.83 3343.83 3343.83 3343.83 3343.83 3343.83 3343.83 3343.83 3343.83 3343.83 3343.83 3343.866 3344.218 3344.571 3344.923 3345.275 3345.473 3345.552 3345.63 3345.708 3345.785 3345.795 3345.805 3345.815 3345.825 3345.903
3330.385 3330.74 3331.095 3331.632 3332.379 3333.126 3333.874 3334.621 3335.318 3336.012 3336.705 3337.399 3337.987 3338.411 3338.836 3339.26 3339.685 3340.245 3340.829 3341.413 3341.996 3342.52 3342.917 3343.313 3343.709 3344.105 3344.256 3344.337 3344.419 3344.501 3344.563 3344.563 3344.563 3344.563 3344.563 3344.563 3344.563 3344.563 3344.563 3344.563 3344.563 3344.563 3344.563 3344.563 3344.563 3344.563 3344.563 3344.563 3344.597 3344.94 3345.282 3345.625 3345.968 3346.172 3346.271 3346.369 3346.467 3346.563 3346.563 3346.563 3346.563 3346.563 3346.623
3331.232 3331.571 3331.91 3332.445 3333.209 3333.972 3334.735 3335.499 3336.147 3336.787 3337.427 3338.066 3338.613 3339.016 3339.419 3339.822 3340.225 3340.778 3341.356 3341.934 3342.513 3343.045 3343.479 3343.913 3344.347 3344.781 3344.948 3345.04 3345.133 3345.225 3345.295 3345.295 3345.295 3345.295 3345.295 3345.295 3345.295 3345.295 3345.295 3345.295 3345.295 3345.295 3345.295 3345.295 3345.295 3345.295 3345.295 3345.295 3345.327 3345.637 3345.947 3346.257 3346.568 3346.776 3346.907 3347.038 3347.168 3347.295 3347.295 3347.295 3347.295 3347.295 3347.339
3332.079 3332.401 3332.724 3333.259 3334.038 3334.818 3335.597 3336.377 3336.977 3337.562 3338.148 3338.734 3339.24 3339.621 3340.002 3340.384 3340.765 3341.31 3341.883 3342.456 3343.029 3343.57 3344.041 3344.513 3344.985 3345.456 3345.64 3345.743 3345.846 3345.95 3346.028 3346.028 3346.028 3346.028 3346.028 3346.028 3346.028 3346.028 3346.028 3346.028 3346.028 3346.028 3346.028 3346.028 3346.028 3346.028 3346.028 3346.028 3346.056 3346.334 3346.612 3346.89 3347.168 3347.381 3347.544 3347.707 3347.869 3348.028 3348.028 3348.028 3348.028 3348.028 3348.056
3332.925 3333.232 3333.538 3334.072 3334.867 3335.663 3336.459 3337.254 3337.806 3338.338 3338.87 3339.402 3339.866 3340.226 3340.586 3340.946 3341.305 3341.843 3342.41 3342.978 3343.545 3344.094 3344.604 3345.113 3345.623 3346.132 3346.332 3346.446 3346.56 3346.674 3346.76 3346.76 3346.76 3346.76 3346.76 3346.76 3346.76 3346.76 3346.76 3346.76 3346.76 3346.76 3346.76 3346.76 3346.76 3346.76 3346.76 3346.76 3346.785 3347.031 3347.276 3347.522 3347.768 3347.985 3348.18 3348.375 3348.571 3348.76 3348.76 3348.76 3348.76 3348.76 3348.772
3333.836 3334.145 3334.454 3334.983 3335.767 3336.551 3337.335 3338.118 3338.624 3339.108 3339.592 3340.076 3340.505 3340.85 3341.194 3341.538 3341.882 3342.406 3342.959 3343.513 3344.067 3344.618 3345.162 3345.705 3346.249 3346.792 3347.012 3347.141 3347.271 3347.4 3347.498 3347.501 3347.503 3347.505 3347.508 3347.508 3347.508 3347.508 3347.508 3347.508 3347.508 3347.508 3347.508 3347.508 3347.508 3347.508 3347.508 3347.508 3347.531 3347.752 3347.974 3348.196 3348.417 3348.642 3348.87 3349.097 3349.325 3349.546 3349.548 3349.55 3349.553 3349.555 3349.556
3334.977 3335.356 3335.735 3336.25 3336.92 3337.591 3338.262 3338.932 3339.405 3339.862 3340.319 3340.776 3341.191 3341.541 3341.89 3342.24 3342.589 3343.077 3343.588 3344.099 3344.609 3345.138 3345.703 3346.268 3346.833 3347.398 3347.647 3347.809 3347.971 3348.133 3348.258 3348.271 3348.284 3348.297 3348.31 3348.314 3348.314 3348.314 3348.314 3348.314 3348.314 3348.314 3348.314 3348.314 3348.314 3348.314 3348.314 3348.314 3348.337 3348.564 3348.791 3349.018 3349.245 3349.491 3349.75 3350.01 3350.27 3350.523 3350.536 3350.549 3350.562 3350.575 3350.582
3336.118 3336.567 3337.016 3337.516 3338.073 3338.631 3339.188 3339.746 3340.186 3340.616 3341.046 3341.476 3341.877 3342.232 3342.587 3342.942 3343.296 3343.748 3344.216 3344.684 3345.152 3345.657 3346.244 3346.831 3347.417 3348.004 3348.283 3348.477 3348.671 3348.865 3349.018 3349.042 3349.065 3349.089 3349.113 3349.12 3349.12 3349.12 3349.12 3349.12 3349.12 3349.12 3349.12 3349.12 3349.12 3349.12 3349.12 3349.12 3349.144 3349.376 3349.608 3349.841 3350.073 3350.339 3350.631 3350.923 3351.215 3351.5 3351.523 3351.547 3351.571 3351.595 3351.607
3337.259 3337.778 3338.297 3338.782 3339.226 3339.671 3340.115 3340.56 3340.967 3341.37 3341.773 3342.177 3342.563 3342.923 3343.283 3343.644 3344.004 3344.419 3344.844 3345.269 3345.694 3346.177 3346.785 3347.393 3348.001 3348.61 3348.919 3349.145 3349.372 3349.598 3349.777 3349.812 3349.846 3349.881 3349.916 3349.926 3349.926 3349.926 3349.926 3349.926 3349.926 3349.926 3349.926 3349.926 3349.926 3349.926 3349.926 3349.926 3349.95 3350.188 3350.425 3350.663 3350.901 3351.188 3351.512 3351.836 3352.161 3352.477 3352.511 3352.546 3352.581 3352.615 3352.633
3338.4 3338.989 3339.578 3340.048 3340.379 3340.711 3341.042 3341.374 3341.747 3342.124 3342.5 3342.876 3343.249 3343.614 3343.98 3344.345 3344.711 3345.09 3345.472 3345.854 3346.236 3346.697 3347.326 3347.956 3348.586 3349.215 3349.555 3349.813 3350.072 3350.331 3350.537 3350.582 3350.627 3350.673 3350.718 3350.731 3350.731 3350.731 3350.731 3350.731 3350.731 3350.731 3350.731 3350.731 3350.731 3350.731 3350.731 3350.731 3350.756 3350.999 3351.242 3351.486 3351.729 3352.036 3352.393 3352.749 3353.106 3353.454 3353.499 3353.544 3353.59 3353.635 3353.658
3339.202 3339.821 3340.441 3340.914 3341.219 3341.524 3341.828 3342.133 3342.496 3342.863 3343.231 3343.598 3343.961 3344.318 3344.675 3345.031 3345.388 3345.763 3346.141 3346.519 3346.897 3347.363 3348.014 3348.665 3349.316 3349.968 3350.314 3350.577 3350.839 3351.101 3351.322 3351.418 3351.513 3351.609 3351.705 3351.732 3351.732 3351.732 3351.732 3351.732 3351.732 3351.732 3351.732 3351.732 3351.732 3351.732 3351.732 3351.732 3351.754 3351.963 3352.172 3352.381 3352.59 3352.882 3353.239 3353.596 3353.952 3354.301 3354.364 3354.427 3354.49 3354.554 3354.586
3339.833 3340.464 3341.094 3341.581 3341.902 3342.223 3342.543 3342.864 3343.228 3343.596 3343.963 3344.331 3344.688 3345.028 3345.368 3345.709 3346.049 3346.436 3346.83 3347.225 3347.619 3348.102 3348.775 3349.448 3350.12 3350.793 3351.136 3351.387 3351.639 3351.891 3352.121 3352.286 3352.452 3352.618 3352.783 3352.831 3352.831 3352.831 3352.831 3352.831 3352.831 3352.831 3352.831 3352.831 3352.831 3352.831 3352.831 3352.831 3352.847 3353.002 3353.157 3353.313 3353.468 3353.728 3354.068 3354.409 3354.75 3355.083 3355.167 3355.252 3355.337 3355.422 3355.465
3340.466 3341.107 3341.748 3342.248 3342.585 3342.922 3343.259 3343.596 3343.961 3344.328 3344.696 3345.063 3345.414 3345.738 3346.062 3346.387 3346.711 3347.109 3347.52 3347.93 3348.34 3348.841 3349.536 3350.23 3350.924 3351.618 3351.958 3352.198 3352.439 3352.68 3352.919 3353.155 3353.391 3353.626 3353.862 3353.93 3353.93 3353.93 3353.93 3353.93 3353.93 3353.93 3353.93 3353.93 3353.93 3353.93 3353.93 3353.93 3353.94 3354.042 3354.143 3354.244 3354.346 3354.573 3354.898 3355.222 3355.546 3355.865 3355.971 3356.077 3356.184 3356.29 3356.344
3341.097 3341.749 3342.401 3342.915 3343.268 3343.621 3343.974 3344.327 3344.693 3345.061 3345.428 3345.795 3346.14 3346.448 3346.756 3347.064 3347.373 3347.782 3348.208 3348.635 3349.062 3349.581 3350.296 3351.012 3351.728 3352.444 3352.779 3353.01 3353.24 3353.469 3353.718 3354.023 3354.329 3354.635 3354.94 3355.029 3355.029 3355.029 3355.029 3355.029 3355.029 3355.029 3355.029 3355.029 3355.029 3355.029 3355.029 3355.029 3355.033 3355.081 3355.129 3355.176 3355.224 3355.419 3355.727 3356.035 3356.344 3356.646 3356.774 3356.902 3357.03 3357.158 3357.223
3341.733 3342.387 3343.042 3343.564 3343.933 3344.303 3344.672 3345.041 3345.407 3345.772 3346.138 3346.503 3346.842 3347.137 3347.433 3347.729 3348.025 3348.448 3348.893 3349.337 3349.782 3350.318 3351.049 3351.78 3352.511 3353.242 3353.577 3353.801 3354.025 3354.25 3354.509 3354.876 3355.244 3355.611 3355.979 3356.085 3356.085 3356.085 3356.085 3356.085 3356.085 3356.085 3356.085 3356.085 3356.085 3356.085 3356.085 3356.085 3356.085 3356.086 3356.088 3356.089 3356.09 3356.256 3356.549 3356.842 3357.134 3357.423 3357.57 3357.717 3357.864 3358.01 3358.085
3342.396 3342.991 3343.586 3344.084 3344.47 3344.855 3345.24 3345.626 3345.978 3346.327 3346.677 3347.026 3347.361 3347.673 3347.985 3348.297 3348.609 3349.062 3349.539 3350.016 3350.492 3351.04 3351.739 3352.438 3353.136 3353.835 3354.188 3354.445 3354.701 3354.958 3355.241 3355.609 3355.976 3356.344 3356.711 3356.817 3356.817 3356.817 3356.817 3356.817 3356.817 3356.817 3356.817 3356.817 3356.817 3356.817 3356.817 3356.817 3356.819 3356.831 3356.843 3356.855 3356.867 3357.031 3357.313 3357.595 3357.877 3358.155 3358.302 3358.449 3358.596 3358.743 3358.817
3343.059 3343.595 3344.131 3344.604 3345.006 3345.408 3345.809 3346.211 3346.549 3346.882 3347.215 3347.549 3347.88 3348.208 3348.536 3348.864 3349.192 3349.675 3350.185 3350.694 3351.203 3351.762 3352.429 3353.095 3353.762 3354.428 3354.799 3355.088 3355.377 3355.666 3355.974 3356.341 3356.708 3357.076 3357.443 3357.55 3357.55 3357.55 3357.55 3357.55 3357.55 3357.55 3357.55 3357.55 3357.55 3357.55 3357.55 3357.55 3357.552 3357.575 3357.598 3357.62 3357.643 3357.806 3358.078 3358.349 3358.62 3358.887 3359.034 3359.181 3359.328 3359.475 3359.55
3343.721 3344.198 3344.675 3345.125 3345.542 3345.96 3346.378 3346.795 3347.12 3347.437 3347.754 3348.071 3348.399 3348.743 3349.087 3349.432 3349.776 3350.289 3350.83 3351.372 3351.913 3352.485 3353.119 3353.753 3354.387 3355.021 3355.41 3355.731 3356.053 3356.374 3356.706 3357.073 3357.441 3357.808 3358.176 3358.282 3358.282 3358.282 3358.282 3358.282 3358.282 3358.282 3358.282 3358.282 3358.282 3358.282 3358.282 3358.282 3358.286 3358.319 3358.353 3358.386 3358.42 3358.582 3358.842 3359.103 3359.363 3359.62 3359.767 3359.914 3360.061 3360.208 3360.282
3344.384 3344.802 3345.22 3345.645 3346.079 3346.512 3346.947 3347.38 3347.691 3347.992 3348.293 3348.594 3348.918 3349.278 3349.639 3349.999 3350.36 3350.902 3351.476 3352.05 3352.624 3353.207 3353.809 3354.411 3355.012 3355.614 3356.022 3356.375 3356.729 3357.082 3357.438 3357.806 3358.173 3358.541 3358.908 3359.015 3359.015 3359.015 3359.015 3359.015 3359.015 3359.015 3359.015 3359.015 3359.015 3359.015 3359.015 3359.015 3359.019 3359.063 3359.108 3359.152 3359.197 3359.357 3359.606 3359.856 3360.106 3360.352 3360.499 3360.646 3360.793 3360.94 3361.015
3345.099 3345.47 3345.84 3346.24 3346.671 3347.103 3347.535 3347.967 3348.279 3348.582 3348.885 3349.188 3349.52 3349.896 3350.273 3350.649 3351.026 3351.575 3352.154 3352.733 3353.312 3353.891 3354.473 3355.055 3355.637 3356.219 3356.645 3357.027 3357.41 3357.792 3358.171 3358.539 3358.906 3359.273 3359.641 3359.752 3359.758 3359.764 3359.77 3359.775 3359.779 3359.781 3359.784 3359.788 3359.789 3359.789 3359.789 3359.789 3359.793 3359.836 3359.879 3359.922 3359.965 3360.118 3360.357 3360.596 3360.835 3361.072 3361.249 3361.427 3361.604 3361.781 3361.876
3345.854 3346.187 3346.52 3346.891 3347.307 3347.722 3348.138 3348.554 3348.88 3349.199 3349.518 3349.838 3350.186 3350.578 3350.971 3351.364 3351.756 3352.294 3352.857 3353.419 3353.982 3354.547 3355.118 3355.689 3356.26 3356.831 3357.276 3357.686 3358.095 3358.504 3358.904 3359.271 3359.638 3360.006 3360.373 3360.492 3360.509 3360.525 3360.542 3360.558 3360.566 3360.574 3360.583 3360.591 3360.594 3360.594 3360.594 3360.594 3360.598 3360.63 3360.662 3360.694 3360.726 3360.869 3361.097 3361.325 3361.553 3361.781 3362.013 3362.244 3362.475 3362.707 3362.836
3346.609 3346.904 3347.199 3347.543 3347.942 3348.342 3348.741 3349.141 3349.481 3349.816 3350.152 3350.487 3350.851 3351.26 3351.669 3352.078 3352.486 3353.013 3353.559 3354.106 3354.652 3355.203 3355.763 3356.323 3356.884 3357.444 3357.907 3358.344 3358.78 3359.217 3359.636 3360.003 3360.371 3360.738 3361.106 3361.232 3361.26 3361.287 3361.315 3361.34 3361.354 3361.368 3361.381 3361.395 3361.4 3361.4 3361.4 3361.4 3361.402 3361.424 3361.445 3361.467 3361.488 3361.62 3361.837 3362.055 3362.272 3362.491 3362.776 3363.061 3363.346 3363.631 3363.796
3347.364 3347.621 3347.879 3348.195 3348.578 3348.961 3349.345 3349.728 3350.082 3350.433 3350.785 3351.136 3351.517 3351.942 3352.366 3352.792 3353.217 3353.731 3354.262 3354.792 3355.323 3355.859 3356.408 3356.958 3357.507 3358.057 3358.539 3359.002 3359.466 3359.929 3360.369 3360.736 3361.104 3361.471 3361.838 3361.972 3362.01 3362.049 3362.087 3362.122 3362.141 3362.161 3362.18 3362.199 3362.206 3362.206 3362.206 3362.206 3362.207 3362.218 3362.228 3362.239 3362.25 3362.371 3362.577 3362.784 3362.99 3363.201 3363.54 3363.879 3364.218 3364.556 3364.757
3348.117 3348.337 3348.556 3348.844 3349.211 3349.578 3349.945 3350.312 3350.68 3351.048 3351.416 3351.784 3352.181 3352.622 3353.062 3353.503 3353.944 3354.448 3354.962 3355.477 3355.991 3356.514 3357.052 3357.591 3358.13 3358.669 3359.169 3359.659 3360.149 3360.639 3361.099 3361.466 3361.833 3362.2 3362.568 3362.71 3362.76 3362.81 3362.86 3362.905 3362.93 3362.955 3362.979 3363.004 3363.013 3363.013 3363.013 3363.013 3363.013 3363.013 3363.013 3363.013 3363.013 3363.123 3363.318 3363.514 3363.709 3363.91 3364.302 3364.693 3365.084 3365.476 3365.711
3348.752 3348.924 3349.095 3349.342 3349.677 3350.011 3350.346 3350.681 3351.091 3351.508 3351.924 3352.341 3352.76 3353.185 3353.61 3354.034 3354.459 3354.974 3355.505 3356.036 3356.566 3357.098 3357.631 3358.165 3358.698 3359.232 3359.735 3360.23 3360.726 3361.221 3361.681 3362.032 3362.383 3362.734 3363.085 3363.272 3363.392 3363.512 3363.632 3363.737 3363.773 3363.808 3363.844 3363.879 3363.892 3363.892 3363.892 3363.892 3363.892 3363.892 3363.892 3363.892 3363.892 3363.978 3364.13 3364.282 3364.435 3364.593 3364.947 3365.3 3365.654 3366.008 3366.28
3349.388 3349.511 3349.634 3349.84 3350.142 3350.445 3350.747 3351.049 3351.502 3351.968 3352.432 3352.897 3353.34 3353.749 3354.157 3354.565 3354.974 3355.501 3356.048 3356.594 3357.141 3357.682 3358.21 3358.738 3359.266 3359.794 3360.301 3360.802 3361.302 3361.803 3362.263 3362.598 3362.933 3363.268 3363.603 3363.834 3364.024 3364.214 3364.404 3364.569 3364.615 3364.662 3364.708 3364.754 3364.771 3364.771 3364.771 3364.771 3364.771 3364.771 3364.771 3364.771 3364.771 3364.833 3364.942 3365.051 3365.16 3365.275 3365.591 3365.907 3366.223 3366.539 3366.848
3350.024 3350.098 3350.172 3350.338 3350.608 3350.878 3351.148 3351.418 3351.914 3352.427 3352.94 3353.454 3353.92 3354.312 3354.704 3355.097 3355.489 3356.027 3356.59 3357.153 3357.716 3358.267 3358.789 3359.312 3359.834 3360.357 3360.867 3361.373 3361.879 3362.385 3362.845 3363.164 3363.482 3363.801 3364.12 3364.397 3364.657 3364.917 3365.177 3365.401 3365.458 3365.515 3365.572 3365.629 3365.65 3365.65 3365.65 3365.65 3365.65 3365.65 3365.65 3365.65 3365.65 3365.687 3365.753 3365.819 3365.885 3365.958 3366.236 3366.514 3366.793 3367.071 3367.417
3350.659 3350.685 3350.711 3350.835 3351.073 3351.311 3351.549 3351.786 3352.325 3352.887 3353.448 3354.01 3354.5 3354.876 3355.252 3355.628 3356.004 3356.554 3357.133 3357.712 3358.291 3358.851 3359.368 3359.885 3360.402 3360.92 3361.432 3361.944 3362.456 3362.967 3363.427 3363.73 3364.032 3364.335 3364.637 3364.959 3365.289 3365.619 3365.949 3366.233 3366.301 3366.369 3366.436 3366.504 3366.529 3366.529 3366.529 3366.529 3366.529 3366.529 3366.529 3366.529 3366.529 3366.542 3366.565 3366.588 3366.611 3366.64 3366.881 3367.122 3367.362 3367.603 3367.985
