data/zism_data/00881_04_D.txt
ncols         224
nrows         224
[rows 174 to 202 of 224, columns 130 to 194 of 224]
4581.385 4582.597 4583.809 4585.021 4586.233 4587.14 4587.712 4588.285 4588.857 4589.43 4589.191 4588.89 4588.588 4588.287 4587.54 4586.056 4584.572 4583.088 4581.604 4578.933 4576.012 4573.091 4570.169 4567.216 4564.178 4561.139 4558.101 4555.063 4552.606 4550.372 4548.137 4545.902 4543.83 4542.527 4541.225 4539.922 4538.62 4537.391 4536.207 4535.023 4533.839 4532.621 4530.955 4529.29 4527.625 4525.959 4523.472 4520.232 4516.992 4513.752 4510.512 4506.187 4501.829 4497.471 4493.113 4489.018 4485.284 4481.55 4477.816 4474.083 4469.944 4465.746 4461.547 4457.348 4453.089
4582.491 4583.514 4584.536 4585.559 4586.582 4587.295 4587.673 4588.051 4588.428 4588.806 4588.375 4587.88 4587.386 4586.892 4585.986 4584.399 4582.813 4581.228 4579.641 4577.093 4574.342 4571.591 4568.839 4566.06 4563.204 4560.349 4557.494 4554.638 4552.598 4550.868 4549.139 4547.409 4545.858 4545.163 4544.466 4543.771 4543.075 4542.298 4541.472 4540.646 4539.821 4538.936 4537.288 4535.64 4533.992 4532.344 4529.643 4525.976 4522.31 4518.643 4514.977 4510.132 4505.253 4500.374 4495.495 4490.979 4486.966 4482.953 4478.94 4474.927 4470.666 4466.366 4462.067 4457.768 4453.396
4583.959 4584.95 4585.94 4586.931 4587.921 4588.546 4588.773 4589.0 4589.227 4589.454 4588.947 4588.382 4587.818 4587.253 4586.308 4584.733 4583.157 4581.582 4580.007 4577.536 4574.876 4572.217 4569.557 4566.925 4564.366 4561.806 4559.247 4556.688 4554.963 4553.557 4552.149 4550.743 4549.532 4549.256 4548.98 4548.704 4548.428 4548.017 4547.525 4547.033 4546.542 4545.956 4544.167 4542.379 4540.592 4538.804 4535.718 4531.443 4527.169 4522.894 4518.62 4513.256 4507.86 4502.464 4497.068 4492.21 4488.095 4483.979 4479.864 4475.749 4471.698 4467.658 4463.617 4459.576 4455.437
4585.428 4586.386 4587.344 4588.302 4589.261 4589.797 4589.873 4589.949 4590.025 4590.101 4589.519 4588.884 4588.25 4587.615 4586.63 4585.066 4583.501 4581.937 4580.372 4577.979 4575.411 4572.843 4570.274 4567.791 4565.527 4563.264 4561.0 4558.737 4557.329 4556.245 4555.161 4554.077 4553.206 4553.35 4553.493 4553.637 4553.781 4553.736 4553.578 4553.42 4553.262 4552.976 4551.047 4549.12 4547.191 4545.264 4541.794 4536.911 4532.028 4527.145 4522.262 4516.379 4510.467 4504.554 4498.641 4493.441 4489.223 4485.006 4480.788 4476.57 4472.731 4468.949 4465.167 4461.384 4457.478
4586.897 4587.823 4588.749 4589.674 4590.6 4591.047 4590.973 4590.898 4590.824 4590.749 4590.09 4589.386 4588.682 4587.978 4586.953 4585.399 4583.845 4582.292 4580.738 4578.422 4575.945 4573.469 4570.992 4568.656 4566.688 4564.721 4562.754 4560.787 4559.693 4558.933 4558.171 4557.41 4556.88 4557.443 4558.007 4558.57 4559.134 4559.456 4559.631 4559.807 4559.982 4559.995 4557.927 4555.859 4553.792 4551.724 4547.87 4542.378 4536.888 4531.396 4525.905 4519.503 4513.073 4506.644 4500.214 4494.671 4490.352 4486.032 4481.712 4477.392 4473.764 4470.24 4466.716 4463.192 4459.519
4588.366 4589.259 4590.153 4591.046 4591.939 4592.298 4592.073 4591.847 4591.622 4591.397 4590.662 4589.888 4589.114 4588.339 4587.275 4585.732 4584.189 4582.646 4581.104 4578.865 4576.479 4574.095 4571.709 4569.521 4567.85 4566.179 4564.507 4562.836 4562.059 4561.621 4561.182 4560.744 4560.553 4561.537 4562.52 4563.503 4564.487 4565.175 4565.684 4566.193 4566.703 4567.015 4564.807 4562.6 4560.392 4558.184 4553.946 4547.846 4541.747 4535.647 4529.548 4522.626 4515.68 4508.734 4501.788 4495.902 4491.48 4487.058 4482.636 4478.214 4474.797 4471.531 4468.266 4465.0 4461.559
4589.807 4590.647 4591.488 4592.328 4593.168 4593.484 4593.227 4592.969 4592.711 4592.454 4591.746 4591.002 4590.259 4589.516 4588.486 4586.983 4585.48 4583.978 4582.476 4580.292 4577.966 4575.64 4573.314 4571.221 4569.742 4568.263 4566.785 4565.306 4564.811 4564.689 4564.568 4564.447 4564.562 4565.792 4567.024 4568.255 4569.486 4570.354 4571.001 4571.648 4572.296 4572.716 4570.22 4567.724 4565.228 4562.731 4558.068 4551.417 4544.765 4538.114 4531.463 4524.296 4517.115 4509.934 4502.752 4496.8 4492.542 4488.285 4484.027 4479.77 4476.694 4473.797 4470.899 4468.001 4464.899
4591.226 4591.996 4592.766 4593.537 4594.307 4594.617 4594.424 4594.231 4594.039 4593.846 4593.247 4592.617 4591.986 4591.355 4590.421 4588.983 4587.545 4586.107 4584.668 4582.523 4580.23 4577.936 4575.642 4573.602 4572.231 4570.86 4569.488 4568.117 4567.878 4568.069 4568.26 4568.451 4568.842 4570.181 4571.52 4572.859 4574.198 4575.092 4575.718 4576.344 4576.97 4577.34 4574.435 4571.53 4568.625 4565.72 4560.596 4553.439 4546.282 4539.125 4531.967 4524.781 4517.595 4510.408 4503.221 4497.426 4493.55 4489.675 4485.799 4481.924 4479.296 4476.856 4474.417 4471.976 4469.299
4592.644 4593.344 4594.045 4594.746 4595.446 4595.75 4595.622 4595.494 4595.365 4595.237 4594.748 4594.23 4593.713 4593.196 4592.356 4590.982 4589.609 4588.235 4586.862 4584.755 4582.493 4580.231 4577.97 4575.983 4574.72 4573.456 4572.192 4570.929 4570.945 4571.449 4571.952 4572.456 4573.123 4574.569 4576.016 4577.462 4578.909 4579.831 4580.435 4581.04 4581.644 4581.964 4578.65 4575.336 4572.022 4568.708 4563.125 4555.461 4547.798 4540.135 4532.472 4525.266 4518.074 4510.882 4503.689 4498.052 4494.559 4491.065 4487.572 4484.079 4481.899 4479.917 4477.934 4475.951 4473.698
4594.063 4594.693 4595.324 4595.954 4596.585 4596.883 4596.82 4596.756 4596.692 4596.628 4596.249 4595.845 4595.44 4595.036 4594.291 4592.982 4591.673 4590.364 4589.055 4586.986 4584.757 4582.527 4580.298 4578.364 4577.208 4576.052 4574.896 4573.74 4574.013 4574.829 4575.644 4576.459 4577.403 4578.958 4580.512 4582.066 4583.621 4584.569 4585.152 4585.735 4586.317 4586.588 4582.865 4579.142 4575.419 4571.696 4565.653 4557.484 4549.315 4541.146 4532.977 4525.751 4518.553 4511.356 4504.158 4498.678 4495.567 4492.456 4489.344 4486.233 4484.501 4482.976 4481.451 4479.926 4478.098
4595.475 4596.036 4596.597 4597.158 4597.719 4598.012 4598.013 4598.014 4598.014 4598.015 4597.744 4597.452 4597.159 4596.867 4596.216 4594.972 4593.728 4592.483 4591.239 4589.208 4587.013 4584.817 4582.621 4580.741 4579.692 4578.643 4577.594 4576.545 4577.072 4578.197 4579.322 4580.447 4581.665 4583.323 4584.981 4586.639 4588.297 4589.27 4589.829 4590.387 4590.946 4591.165 4587.036 4582.907 4578.778 4574.649 4568.151 4559.482 4550.813 4542.144 4533.474 4526.23 4519.029 4511.828 4504.626 4499.305 4496.576 4493.848 4491.119 4488.39 4487.105 4486.038 4484.97 4483.902 4482.499
4596.478 4596.996 4597.514 4598.032 4598.55 4598.843 4598.893 4598.942 4598.991 4599.04 4598.813 4598.563 4598.314 4598.064 4597.467 4596.292 4595.118 4593.944 4592.77 4590.845 4588.762 4586.679 4584.597 4582.818 4581.839 4580.86 4579.881 4578.902 4579.538 4580.786 4582.035 4583.284 4584.578 4586.085 4587.592 4589.1 4590.607 4591.402 4591.768 4592.132 4592.498 4592.523 4588.206 4583.888 4579.571 4575.253 4568.609 4559.833 4551.056 4542.279 4533.502 4526.359 4519.266 4512.172 4505.079 4499.989 4497.664 4495.339 4493.014 4490.689 4489.85 4489.234 4488.619 4488.003 4486.977
4597.481 4597.956 4598.431 4598.906 4599.38 4599.675 4599.772 4599.87 4599.968 4600.065 4599.881 4599.675 4599.469 4599.263 4598.718 4597.614 4596.509 4595.405 4594.301 4592.481 4590.512 4588.542 4586.572 4584.895 4583.986 4583.077 4582.168 4581.259 4582.003 4583.375 4584.748 4586.121 4587.491 4588.847 4590.204 4591.561 4592.917 4593.535 4593.707 4593.877 4594.049 4593.881 4589.375 4584.87 4580.364 4575.858 4569.068 4560.183 4551.299 4542.414 4533.529 4526.488 4519.502 4512.517 4505.53 4500.673 4498.751 4496.83 4494.909 4492.987 4492.595 4492.431 4492.268 4492.104 4491.454
4598.484 4598.916 4599.348 4599.779 4600.211 4600.506 4600.652 4600.798 4600.944 4601.09 4600.95 4600.787 4600.624 4600.46 4599.969 4598.935 4597.9 4596.866 4595.832 4594.118 4592.261 4590.405 4588.548 4586.971 4586.132 4585.293 4584.455 4583.615 4584.469 4585.965 4587.461 4588.958 4590.403 4591.609 4592.815 4594.021 4595.228 4595.668 4595.645 4595.623 4595.6 4595.239 4590.545 4585.851 4581.157 4576.462 4569.526 4560.534 4551.542 4542.549 4533.557 4526.617 4519.739 4512.861 4505.982 4501.357 4499.839 4498.322 4496.804 4495.286 4495.339 4495.628 4495.917 4496.205 4495.932
4599.487 4599.876 4600.265 4600.653 4601.042 4601.338 4601.532 4601.727 4601.921 4602.116 4602.019 4601.898 4601.778 4601.658 4601.22 4600.255 4599.291 4598.327 4597.363 4595.754 4594.011 4592.267 4590.523 4589.048 4588.279 4587.51 4586.741 4585.972 4586.935 4588.555 4590.174 4591.795 4593.316 4594.372 4595.427 4596.482 4597.538 4597.8 4597.584 4597.368 4597.151 4596.597 4591.714 4586.832 4581.949 4577.067 4569.984 4560.884 4551.784 4542.684 4533.584 4526.746 4519.976 4513.205 4506.435 4502.041 4500.927 4499.813 4498.699 4497.585 4498.084 4498.825 4499.565 4500.306 4500.409
4600.257 4600.623 4600.989 4601.355 4601.722 4602.025 4602.26 4602.496 4602.73 4602.966 4602.895 4602.799 4602.705 4602.609 4602.208 4601.301 4600.394 4599.487 4598.58 4597.113 4595.529 4593.944 4592.36 4591.019 4590.317 4589.616 4588.914 4588.212 4589.184 4590.792 4592.399 4594.006 4595.487 4596.369 4597.25 4598.132 4599.013 4599.115 4598.747 4598.377 4598.009 4597.306 4592.325 4587.344 4582.363 4577.382 4570.247 4561.137 4552.028 4542.918 4533.809 4527.172 4520.609 4514.047 4507.484 4503.356 4502.587 4501.817 4501.048 4500.278 4501.105 4502.172 4503.239 4504.306 4504.715
4600.771 4601.137 4601.503 4601.87 4602.236 4602.555 4602.822 4603.09 4603.357 4603.625 4603.561 4603.471 4603.382 4603.292 4602.911 4602.046 4601.182 4600.318 4599.454 4598.168 4596.794 4595.419 4594.045 4592.874 4592.237 4591.6 4590.962 4590.326 4591.198 4592.644 4594.09 4595.536 4596.849 4597.531 4598.213 4598.896 4599.578 4599.538 4599.062 4598.585 4598.108 4597.306 4592.325 4587.344 4582.363 4577.382 4570.298 4561.285 4552.272 4543.259 4534.247 4527.921 4521.676 4515.431 4509.186 4505.36 4504.871 4504.381 4503.891 4503.401 4504.429 4505.684 4506.939 4508.194 4508.833
4601.286 4601.652 4602.018 4602.384 4602.75 4603.084 4603.384 4603.684 4603.984 4604.284 4604.228 4604.143 4604.059 4603.975 4603.613 4602.792 4601.97 4601.149 4600.328 4599.223 4598.059 4596.895 4595.73 4594.729 4594.156 4593.583 4593.011 4592.438 4593.212 4594.497 4595.781 4597.065 4598.21 4598.694 4599.177 4599.66 4600.143 4599.961 4599.377 4598.792 4598.208 4597.306 4592.325 4587.344 4582.363 4577.382 4570.348 4561.432 4552.517 4543.601 4534.685 4528.67 4522.743 4516.816 4510.888 4507.364 4507.154 4506.944 4506.734 4506.524 4507.752 4509.196 4510.64 4512.083 4512.951
4601.8 4602.166 4602.532 4602.898 4603.265 4603.615 4603.947 4604.279 4604.611 4604.943 4604.894 4604.815 4604.736 4604.657 4604.314 4603.537 4602.758 4601.98 4601.203 4600.278 4599.324 4598.369 4597.415 4596.583 4596.075 4595.567 4595.06 4594.552 4595.226 4596.349 4597.472 4598.595 4599.572 4599.856 4600.14 4600.424 4600.708 4600.384 4599.692 4599.0 4598.308 4597.306 4592.325 4587.344 4582.363 4577.382 4570.399 4561.58 4552.761 4543.941 4535.123 4529.42 4523.81 4518.2 4512.59 4509.368 4509.438 4509.508 4509.578 4509.648 4511.076 4512.708 4514.34 4515.972 4517.07
4602.314 4602.681 4603.047 4603.413 4603.779 4604.145 4604.509 4604.873 4605.237 4605.602 4605.56 4605.486 4605.413 4605.339 4605.017 4604.282 4603.547 4602.812 4602.077 4601.333 4600.589 4599.844 4599.1 4598.438 4597.995 4597.551 4597.108 4596.665 4597.24 4598.202 4599.163 4600.125 4600.934 4601.019 4601.104 4601.188 4601.273 4600.807 4600.007 4599.208 4598.408 4597.306 4592.325 4587.344 4582.363 4577.382 4570.449 4561.727 4553.005 4544.283 4535.561 4530.169 4524.877 4519.584 4514.292 4511.371 4511.721 4512.071 4512.421 4512.771 4514.4 4516.22 4518.041 4519.861 4521.188
4602.691 4603.104 4603.515 4603.927 4604.339 4604.729 4605.095 4605.461 4605.828 4606.194 4606.181 4606.138 4606.095 4606.052 4605.761 4605.059 4604.357 4603.655 4602.953 4602.305 4601.669 4601.033 4600.396 4599.83 4599.446 4599.063 4598.679 4598.295 4598.747 4599.517 4600.287 4601.057 4601.688 4601.665 4601.642 4601.619 4601.596 4600.997 4600.049 4599.101 4598.153 4596.919 4592.025 4587.13 4582.236 4577.341 4570.765 4562.646 4554.528 4546.41 4538.292 4533.235 4528.271 4523.307 4518.342 4515.556 4515.775 4515.994 4516.213 4516.433 4518.054 4519.885 4521.716 4523.547 4524.949
4603.06 4603.521 4603.981 4604.441 4604.901 4605.317 4605.683 4606.049 4606.416 4606.782 4606.798 4606.788 4606.777 4606.767 4606.508 4605.838 4605.168 4604.499 4603.829 4603.271 4602.737 4602.204 4601.67 4601.193 4600.869 4600.544 4600.22 4599.896 4600.224 4600.799 4601.375 4601.951 4602.405 4602.28 4602.155 4602.029 4601.904 4601.172 4600.074 4598.975 4597.877 4596.51 4591.707 4586.903 4582.101 4577.297 4571.096 4563.613 4556.13 4548.646 4541.164 4536.445 4531.809 4527.172 4522.536 4519.875 4519.938 4520.001 4520.064 4520.127 4521.728 4523.559 4525.39 4527.221 4528.689
4603.429 4603.938 4604.446 4604.955 4605.464 4605.905 4606.271 4606.637 4607.003 4607.37 4607.417 4607.438 4607.46 4607.481 4607.255 4606.618 4605.98 4605.343 4604.705 4604.238 4603.806 4603.375 4602.943 4602.557 4602.292 4602.026 4601.761 4601.496 4601.7 4602.082 4602.464 4602.846 4603.123 4602.895 4602.667 4602.439 4602.212 4601.348 4600.099 4598.85 4597.6 4596.1 4591.388 4586.677 4581.965 4577.253 4571.427 4564.579 4557.731 4550.883 4544.036 4539.654 4535.346 4531.038 4526.73 4524.193 4524.101 4524.008 4523.915 4523.822 4525.402 4527.233 4529.064 4530.896 4532.428
4603.798 4604.355 4604.912 4605.469 4606.026 4606.492 4606.859 4607.225 4607.591 4607.958 4608.034 4608.088 4608.142 4608.196 4608.002 4607.396 4606.792 4606.187 4605.581 4605.204 4604.875 4604.545 4604.216 4603.92 4603.714 4603.508 4603.302 4603.096 4603.176 4603.364 4603.553 4603.741 4603.839 4603.51 4603.18 4602.85 4602.52 4601.523 4600.124 4598.724 4597.324 4595.69 4591.07 4586.45 4581.83 4577.209 4571.759 4565.546 4559.333 4553.12 4546.907 4542.863 4538.883 4534.904 4530.924 4528.512 4528.263 4528.014 4527.765 4527.516 4529.076 4530.907 4532.738 4534.569 4536.167
4604.057 4604.661 4605.264 4605.868 4606.471 4606.966 4607.343 4607.721 4608.098 4608.475 4608.586 4608.677 4608.768 4608.858 4608.703 4608.141 4607.58 4607.018 4606.456 4606.156 4605.911 4605.667 4605.422 4605.2 4605.038 4604.876 4604.714 4604.552 4604.527 4604.554 4604.582 4604.609 4604.558 4604.132 4603.707 4603.281 4602.855 4601.758 4600.256 4598.753 4597.251 4595.533 4591.062 4586.589 4582.118 4577.646 4572.54 4566.853 4561.166 4555.479 4549.792 4546.04 4542.345 4538.649 4534.955 4532.66 4532.296 4531.933 4531.569 4531.205 4532.75 4534.582 4536.413 4538.244 4539.892
4604.156 4604.803 4605.449 4606.096 4606.743 4607.273 4607.677 4608.081 4608.485 4608.89 4609.043 4609.177 4609.31 4609.444 4609.338 4608.835 4608.333 4607.83 4607.327 4607.086 4606.901 4606.716 4606.53 4606.357 4606.217 4606.076 4605.936 4605.795 4605.694 4605.608 4605.523 4605.437 4605.277 4604.766 4604.254 4603.742 4603.23 4602.082 4600.546 4599.012 4597.477 4595.746 4591.505 4587.265 4583.024 4578.784 4573.98 4568.659 4563.338 4558.017 4552.696 4549.168 4545.694 4542.22 4538.746 4536.556 4536.139 4535.721 4535.304 4534.886 4536.424 4538.255 4540.086 4541.917 4543.595
4604.256 4604.945 4605.635 4606.324 4607.014 4607.58 4608.011 4608.442 4608.873 4609.304 4609.499 4609.676 4609.853 4610.03 4609.973 4609.529 4609.085 4608.642 4608.199 4608.017 4607.891 4607.765 4607.639 4607.515 4607.396 4607.276 4607.157 4607.038 4606.861 4606.663 4606.464 4606.265 4605.997 4605.399 4604.802 4604.204 4603.606 4602.404 4600.837 4599.27 4597.703 4595.958 4591.95 4587.94 4583.932 4579.922 4575.42 4570.465 4565.51 4560.555 4555.601 4552.297 4549.044 4545.791 4542.537 4540.452 4539.981 4539.51 4539.039 4538.567 4540.098 4541.929 4543.761 4545.592 4547.298
4604.355 4605.087 4605.82 4606.553 4607.286 4607.887 4608.345 4608.803 4609.26 4609.718 4609.956 4610.175 4610.395 4610.615 4610.607 4610.223 4609.839 4609.455 4609.07 4608.948 4608.881 4608.814 4608.747 4608.672 4608.574 4608.477 4608.379 4608.281 4608.028 4607.717 4607.405 4607.093 4606.717 4606.033 4605.349 4604.665 4603.981 4602.727 4601.127 4599.528 4597.929 4596.171 4592.394 4588.616 4584.839 4581.061 4576.86 4572.271 4567.683 4563.093 4558.505 4555.427 4552.394 4549.361 4546.328 4544.349 4543.824 4543.298 4542.773 4542.249 4543.772 4545.604 4547.435 4549.266 4551.002
4604.454 4605.23 4606.005 4606.781 4607.557 4608.193 4608.678 4609.163 4609.648 4610.133 4610.412 4610.675 4610.938 4611.201 4611.242 4610.917 4610.592 4610.267 4609.941 4609.878 4609.871 4609.863 4609.855 4609.829 4609.753 4609.677 4609.601 4609.524 4609.196 4608.771 4608.346 4607.921 4607.437 4606.667 4605.897 4605.127 4604.357 4603.05 4601.418 4599.786 4598.154 4596.384 4592.838 4589.292 4585.746 4582.2 4578.3 4574.078 4569.854 4565.632 4561.409 4558.556 4555.743 4552.931 4550.119 4548.245 4547.666 4547.087 4546.508 4545.929 4547.446 4549.277 4551.109 4552.94 4554.705
