data/zism_data/00882_02_D.txt
ncols         224
nrows         224
[rows 196 to 223 of 224, columns 64 to 127 of 224]
1215.396 1211.195 1206.994 1204.291 1202.96 1201.63 1200.3 1198.969 1199.01 1199.112 1199.215 1199.318 1203.064 1212.478 1221.892 1231.306 1240.72 1250.42 1260.18 1269.94 1279.7 1287.457 1289.537 1291.618 1293.698 1295.778 1293.387 1289.04 1284.693 1280.345 1275.239 1265.07 1254.902 1244.734 1234.565 1225.624 1217.627 1209.63 1201.632 1193.635 1193.581 1193.526 1193.472 1193.418 1193.971 1195.316 1196.66 1198.005 1199.349 1199.776 1200.065 1200.354 1200.643 1200.75 1200.443 1200.136 1199.83 1199.523 1200.371 1201.628 1202.884 1204.141 1205.932 1210.261
1211.52 1208.319 1205.117 1203.044 1202.004 1200.963 1199.923 1198.883 1198.844 1198.849 1198.855 1198.861 1201.882 1209.593 1217.303 1225.014 1232.724 1242.128 1251.888 1261.648 1271.408 1279.5 1282.864 1286.229 1289.594 1292.958 1291.048 1286.83 1282.611 1278.393 1273.465 1263.807 1254.15 1244.492 1234.834 1226.291 1218.605 1210.92 1203.234 1195.549 1195.328 1195.107 1194.886 1194.665 1195.047 1196.214 1197.381 1198.548 1199.716 1200.082 1200.328 1200.574 1200.82 1200.912 1200.654 1200.395 1200.137 1199.878 1200.898 1202.37 1203.841 1205.313 1207.333 1211.964
1207.644 1205.443 1203.241 1201.797 1201.047 1200.297 1199.547 1198.797 1198.677 1198.587 1198.496 1198.405 1200.7 1206.707 1212.714 1218.721 1224.728 1233.835 1243.595 1253.355 1263.115 1271.542 1276.191 1280.84 1285.49 1290.139 1288.709 1284.619 1280.53 1276.441 1271.692 1262.544 1253.397 1244.25 1235.103 1226.958 1219.584 1212.21 1204.836 1197.463 1197.075 1196.687 1196.3 1195.912 1196.123 1197.113 1198.103 1199.093 1200.082 1200.388 1200.591 1200.794 1200.997 1201.074 1200.864 1200.654 1200.444 1200.234 1201.425 1203.112 1204.798 1206.485 1208.735 1213.666
1203.768 1202.566 1201.364 1200.55 1200.09 1199.63 1199.17 1198.711 1198.511 1198.324 1198.136 1197.949 1199.519 1203.822 1208.125 1212.428 1216.732 1225.543 1235.303 1245.063 1254.823 1263.585 1269.518 1275.452 1281.385 1287.319 1286.37 1282.409 1278.449 1274.488 1269.918 1261.281 1252.645 1244.008 1235.372 1227.625 1220.563 1213.501 1206.438 1199.376 1198.822 1198.268 1197.714 1197.16 1197.199 1198.012 1198.824 1199.636 1200.449 1200.694 1200.854 1201.014 1201.174 1201.236 1201.074 1200.913 1200.751 1200.589 1201.952 1203.854 1205.755 1207.656 1210.137 1215.369
1203.646 1202.769 1201.893 1201.221 1200.737 1200.252 1199.767 1199.283 1198.907 1198.536 1198.165 1197.793 1198.803 1201.961 1205.118 1208.276 1211.433 1219.105 1227.728 1236.351 1244.974 1253.033 1259.494 1265.955 1272.416 1278.876 1278.53 1275.206 1271.881 1268.557 1264.664 1256.976 1249.288 1241.6 1233.912 1226.932 1220.497 1214.062 1207.626 1201.191 1200.423 1199.655 1198.887 1198.119 1197.988 1198.685 1199.381 1200.078 1200.774 1201.002 1201.158 1201.315 1201.472 1201.553 1201.462 1201.37 1201.278 1201.187 1202.548 1204.421 1206.295 1208.169 1210.608 1215.731
1205.338 1204.462 1203.586 1202.822 1202.16 1201.498 1200.836 1200.174 1199.574 1198.977 1198.38 1197.784 1198.313 1200.595 1202.876 1205.158 1207.44 1213.566 1220.501 1227.437 1234.372 1241.226 1247.848 1254.47 1261.092 1267.714 1268.03 1265.587 1263.144 1260.701 1257.725 1251.198 1244.671 1238.144 1231.617 1225.582 1219.926 1214.27 1208.613 1202.957 1201.953 1200.948 1199.944 1198.94 1198.638 1199.248 1199.859 1200.469 1201.08 1201.31 1201.483 1201.656 1201.829 1201.946 1201.935 1201.924 1201.913 1201.902 1203.176 1204.905 1206.634 1208.362 1210.628 1215.445
1207.031 1206.155 1205.279 1204.422 1203.583 1202.743 1201.904 1201.065 1200.241 1199.419 1198.596 1197.774 1197.823 1199.229 1200.635 1202.04 1203.446 1208.026 1213.274 1218.522 1223.77 1229.418 1236.202 1242.985 1249.768 1256.552 1257.53 1255.968 1254.406 1252.844 1250.786 1245.42 1240.054 1234.688 1229.321 1224.232 1219.354 1214.477 1209.6 1204.723 1203.483 1202.242 1201.001 1199.76 1199.287 1199.812 1200.336 1200.861 1201.385 1201.618 1201.807 1201.997 1202.186 1202.339 1202.408 1202.478 1202.547 1202.617 1203.805 1205.389 1206.972 1208.556 1210.648 1215.159
1208.724 1207.848 1206.972 1206.022 1205.005 1203.989 1202.972 1201.956 1200.909 1199.86 1198.812 1197.764 1197.333 1197.863 1198.393 1198.923 1199.453 1202.486 1206.047 1209.607 1213.168 1217.611 1224.555 1231.5 1238.445 1245.389 1247.029 1246.349 1245.668 1244.988 1243.848 1239.642 1235.437 1231.231 1227.026 1222.881 1218.783 1214.685 1210.588 1206.49 1205.012 1203.535 1202.058 1200.581 1199.937 1200.375 1200.814 1201.252 1201.691 1201.927 1202.132 1202.337 1202.543 1202.731 1202.881 1203.031 1203.181 1203.332 1204.434 1205.872 1207.311 1208.749 1210.669 1214.873
1211.73 1210.757 1209.784 1208.642 1207.346 1206.049 1204.752 1203.455 1202.119 1200.78 1199.441 1198.103 1197.184 1196.918 1196.652 1196.387 1196.121 1197.739 1199.754 1201.769 1203.784 1207.067 1213.946 1220.826 1227.705 1234.584 1236.769 1236.902 1237.034 1237.166 1236.88 1233.8 1230.72 1227.641 1224.561 1221.325 1217.97 1214.615 1211.259 1207.904 1206.256 1204.608 1202.959 1201.311 1200.536 1200.894 1201.253 1201.612 1201.971 1202.215 1202.442 1202.669 1202.896 1203.122 1203.348 1203.574 1203.8 1204.026 1205.047 1206.348 1207.649 1208.95 1210.7 1214.579
1222.483 1220.844 1219.205 1217.282 1215.098 1212.915 1210.731 1208.547 1206.53 1204.519 1202.509 1200.499 1199.045 1198.457 1197.869 1197.28 1196.692 1197.668 1198.974 1200.279 1201.584 1203.978 1209.455 1214.931 1220.408 1225.884 1227.927 1228.468 1229.009 1229.549 1229.738 1227.577 1225.416 1223.255 1221.095 1218.557 1215.728 1212.899 1210.07 1207.242 1205.808 1204.375 1202.942 1201.509 1200.836 1201.152 1201.468 1201.783 1202.099 1202.384 1202.665 1202.946 1203.226 1203.505 1203.779 1204.054 1204.328 1204.603 1205.568 1206.778 1207.988 1209.198 1210.795 1214.233
1233.236 1230.931 1228.625 1225.921 1222.851 1219.78 1216.71 1213.64 1210.941 1208.259 1205.577 1202.895 1200.906 1199.995 1199.085 1198.174 1197.263 1197.597 1198.193 1198.789 1199.385 1200.889 1204.963 1209.037 1213.111 1217.185 1219.085 1220.034 1220.983 1221.932 1222.595 1221.354 1220.112 1218.87 1217.629 1215.788 1213.485 1211.183 1208.881 1206.579 1205.361 1204.143 1202.924 1201.706 1201.136 1201.409 1201.682 1201.955 1202.228 1202.554 1202.888 1203.222 1203.557 1203.888 1204.21 1204.533 1204.856 1205.179 1206.09 1207.208 1208.326 1209.445 1210.89 1213.888
1243.989 1241.017 1238.046 1234.56 1230.603 1226.646 1222.689 1218.732 1215.352 1211.998 1208.644 1205.291 1202.767 1201.534 1200.301 1199.068 1197.835 1197.527 1197.413 1197.3 1197.187 1197.8 1200.471 1203.143 1205.814 1208.486 1210.243 1211.6 1212.958 1214.315 1215.454 1215.131 1214.808 1214.485 1214.163 1213.019 1211.243 1209.468 1207.692 1205.917 1204.914 1203.91 1202.907 1201.903 1201.436 1201.666 1201.896 1202.126 1202.356 1202.723 1203.111 1203.499 1203.887 1204.27 1204.641 1205.013 1205.384 1205.755 1206.611 1207.638 1208.665 1209.692 1210.985 1213.542
1254.742 1251.104 1247.466 1243.199 1238.355 1233.511 1228.668 1223.824 1219.763 1215.738 1211.712 1207.687 1204.628 1203.072 1201.517 1199.961 1198.406 1197.456 1196.633 1195.81 1194.988 1194.71 1195.979 1197.248 1198.517 1199.786 1201.401 1203.167 1204.932 1206.698 1208.312 1208.908 1209.504 1210.1 1210.697 1210.25 1209.001 1207.752 1206.503 1205.255 1204.466 1203.678 1202.889 1202.101 1201.736 1201.923 1202.11 1202.297 1202.484 1202.893 1203.334 1203.776 1204.218 1204.653 1205.073 1205.492 1205.911 1206.331 1207.132 1208.068 1209.003 1209.939 1211.08 1213.196
1263.936 1260.035 1256.135 1251.452 1246.052 1240.653 1235.254 1229.854 1225.449 1221.09 1216.73 1212.371 1208.936 1206.939 1204.942 1202.945 1200.948 1199.299 1197.724 1196.149 1194.573 1193.494 1193.821 1194.147 1194.473 1194.8 1196.055 1197.716 1199.377 1201.038 1202.609 1203.578 1204.547 1205.516 1206.485 1206.508 1205.802 1205.097 1204.391 1203.685 1203.175 1202.664 1202.154 1201.643 1201.455 1201.685 1201.915 1202.145 1202.375 1202.801 1203.257 1203.712 1204.168 1204.603 1204.988 1205.373 1205.758 1206.143 1206.845 1207.66 1208.474 1209.289 1210.273 1212.061
1272.157 1268.245 1264.334 1259.464 1253.715 1247.966 1242.218 1236.469 1231.931 1227.448 1222.964 1218.481 1214.769 1212.256 1209.743 1207.23 1204.717 1202.335 1199.981 1197.626 1195.272 1193.446 1193.116 1192.787 1192.458 1192.129 1192.889 1194.125 1195.362 1196.599 1197.805 1198.806 1199.807 1200.809 1201.81 1202.159 1202.007 1201.855 1201.703 1201.551 1201.357 1201.164 1200.97 1200.777 1200.81 1201.136 1201.463 1201.79 1202.117 1202.546 1202.991 1203.436 1203.881 1204.282 1204.581 1204.88 1205.179 1205.479 1206.055 1206.73 1207.405 1208.08 1208.903 1210.433
1280.378 1276.456 1272.534 1267.476 1261.378 1255.28 1249.182 1243.084 1238.412 1233.806 1229.199 1224.592 1220.603 1217.574 1214.545 1211.516 1208.487 1205.372 1202.238 1199.104 1195.97 1193.397 1192.412 1191.427 1190.443 1189.458 1189.723 1190.535 1191.347 1192.159 1193.0 1194.034 1195.067 1196.101 1197.134 1197.811 1198.212 1198.614 1199.015 1199.416 1199.54 1199.663 1199.787 1199.911 1200.165 1200.588 1201.012 1201.435 1201.859 1202.291 1202.726 1203.16 1203.594 1203.961 1204.175 1204.388 1204.601 1204.814 1205.265 1205.8 1206.335 1206.87 1207.533 1208.806
1288.599 1284.667 1280.734 1275.489 1269.041 1262.594 1256.146 1249.699 1244.894 1240.164 1235.433 1230.703 1226.436 1222.892 1219.347 1215.802 1212.257 1208.408 1204.495 1200.582 1196.669 1193.349 1191.708 1190.068 1188.427 1186.787 1186.557 1186.944 1187.332 1187.72 1188.196 1189.261 1190.327 1191.393 1192.459 1193.462 1194.417 1195.372 1196.327 1197.282 1197.722 1198.163 1198.604 1199.045 1199.52 1200.04 1200.56 1201.08 1201.601 1202.037 1202.46 1202.884 1203.307 1203.641 1203.768 1203.895 1204.022 1204.149 1204.475 1204.87 1205.265 1205.661 1206.164 1207.178
1296.523 1292.608 1288.693 1283.307 1276.573 1269.838 1263.104 1256.369 1251.422 1246.557 1241.692 1236.827 1232.275 1228.21 1224.145 1220.08 1216.015 1211.446 1206.769 1202.093 1197.417 1193.363 1191.072 1188.78 1186.489 1184.197 1183.461 1183.405 1183.349 1183.292 1183.379 1184.415 1185.451 1186.488 1187.524 1188.792 1190.239 1191.685 1193.131 1194.577 1195.372 1196.167 1196.962 1197.756 1198.484 1199.124 1199.764 1200.405 1201.045 1201.492 1201.911 1202.329 1202.748 1203.054 1203.103 1203.152 1203.201 1203.25 1203.45 1203.703 1203.955 1204.208 1204.553 1205.333
1301.317 1297.725 1294.132 1289.091 1282.722 1276.353 1269.984 1263.615 1258.442 1253.325 1248.207 1243.089 1238.162 1233.533 1228.904 1224.275 1219.646 1214.49 1209.223 1203.955 1198.688 1194.04 1191.147 1188.254 1185.36 1182.467 1181.099 1180.398 1179.697 1178.996 1178.433 1178.792 1179.152 1179.511 1179.87 1180.753 1182.038 1183.323 1184.608 1185.893 1187.429 1188.966 1190.502 1192.038 1193.344 1194.349 1195.355 1196.361 1197.367 1197.908 1198.38 1198.853 1199.325 1199.67 1199.724 1199.779 1199.833 1199.888 1199.962 1200.043 1200.124 1200.204 1200.411 1201.213
1306.111 1302.841 1299.572 1294.875 1288.872 1282.868 1276.864 1270.86 1265.463 1260.092 1254.722 1249.351 1244.05 1238.857 1233.664 1228.47 1223.277 1217.534 1211.676 1205.818 1199.959 1194.717 1191.222 1187.727 1184.232 1180.737 1178.737 1177.391 1176.045 1174.699 1173.487 1173.169 1172.851 1172.534 1172.216 1172.713 1173.837 1174.96 1176.084 1177.208 1179.486 1181.764 1184.042 1186.32 1188.203 1189.574 1190.946 1192.317 1193.688 1194.324 1194.85 1195.376 1195.902 1196.286 1196.346 1196.406 1196.466 1196.526 1196.474 1196.383 1196.291 1196.2 1196.268 1197.092
1310.906 1307.958 1305.011 1300.659 1295.021 1289.383 1283.745 1278.106 1272.483 1266.86 1261.237 1255.614 1249.938 1244.181 1238.423 1232.665 1226.908 1220.579 1214.129 1207.68 1201.23 1195.395 1191.297 1187.2 1183.103 1179.006 1176.375 1174.384 1172.393 1170.402 1168.542 1167.547 1166.551 1165.556 1164.561 1164.673 1165.635 1166.598 1167.561 1168.523 1171.543 1174.562 1177.582 1180.601 1183.063 1184.8 1186.536 1188.273 1190.009 1190.74 1191.32 1191.899 1192.479 1192.902 1192.967 1193.032 1193.098 1193.163 1192.986 1192.722 1192.459 1192.196 1192.126 1192.971
1315.7 1313.075 1310.45 1306.443 1301.171 1295.898 1290.625 1285.352 1279.503 1273.627 1267.752 1261.876 1255.826 1249.504 1243.182 1236.86 1230.539 1223.623 1216.582 1209.542 1202.501 1196.072 1191.373 1186.674 1181.975 1177.276 1174.012 1171.377 1168.741 1166.106 1163.596 1161.924 1160.252 1158.579 1156.907 1156.633 1157.435 1158.236 1159.037 1159.839 1163.6 1167.361 1171.122 1174.883 1177.923 1180.025 1182.127 1184.229 1186.331 1187.156 1187.789 1188.423 1189.056 1189.518 1189.589 1189.659 1189.73 1189.801 1189.498 1189.063 1188.627 1188.192 1187.984 1188.85
1318.17 1315.679 1313.187 1309.432 1304.519 1299.605 1294.692 1289.778 1283.734 1277.639 1271.544 1265.449 1259.015 1252.054 1245.093 1238.132 1231.171 1223.926 1216.621 1209.316 1202.011 1195.314 1190.337 1185.36 1180.383 1175.406 1171.753 1168.68 1165.606 1162.533 1159.564 1157.296 1155.027 1152.759 1150.491 1149.632 1149.859 1150.085 1150.312 1150.538 1154.381 1158.224 1162.067 1165.91 1168.98 1171.046 1173.112 1175.177 1177.243 1178.024 1178.612 1179.2 1179.788 1180.328 1180.758 1181.188 1181.618 1182.048 1181.966 1181.704 1181.442 1181.179 1181.113 1181.977
1318.799 1316.291 1313.784 1310.206 1305.647 1301.088 1296.53 1291.971 1285.758 1279.469 1273.18 1266.892 1260.067 1252.407 1244.748 1237.088 1229.428 1222.057 1214.747 1207.437 1200.126 1193.419 1188.421 1183.422 1178.424 1173.425 1169.575 1166.228 1162.88 1159.533 1156.256 1153.456 1150.656 1147.855 1145.055 1143.455 1142.778 1142.102 1141.426 1140.75 1144.152 1147.554 1150.956 1154.359 1157.026 1158.737 1160.448 1162.159 1163.87 1164.497 1164.961 1165.426 1165.891 1166.539 1167.609 1168.678 1169.747 1170.816 1171.231 1171.415 1171.599 1171.783 1172.081 1172.924
1319.427 1316.904 1314.38 1310.98 1306.776 1302.572 1298.368 1294.163 1287.781 1281.298 1274.816 1268.334 1261.118 1252.76 1244.402 1236.044 1227.685 1220.188 1212.873 1205.557 1198.241 1191.525 1186.505 1181.485 1176.465 1171.445 1167.398 1163.776 1160.154 1156.533 1152.949 1149.616 1146.284 1142.951 1139.619 1137.277 1135.698 1134.119 1132.54 1130.961 1133.923 1136.885 1139.846 1142.808 1145.072 1146.428 1147.784 1149.141 1150.497 1150.97 1151.311 1151.652 1151.993 1152.75 1154.459 1156.168 1157.877 1159.586 1160.497 1161.127 1161.757 1162.387 1163.05 1163.871
1320.056 1317.516 1314.977 1311.754 1307.904 1304.055 1300.205 1296.356 1289.803 1283.128 1276.453 1269.777 1262.17 1253.113 1244.056 1234.999 1225.943 1218.32 1210.998 1203.677 1196.356 1189.63 1184.589 1179.547 1174.506 1169.464 1165.22 1161.324 1157.428 1153.533 1149.641 1145.776 1141.912 1138.047 1134.183 1131.1 1128.618 1126.136 1123.654 1121.172 1123.693 1126.214 1128.735 1131.257 1133.117 1134.119 1135.12 1136.122 1137.124 1137.443 1137.661 1137.878 1138.095 1138.961 1141.31 1143.658 1146.006 1148.354 1149.762 1150.838 1151.914 1152.99 1154.018 1154.818
1320.523 1317.957 1315.392 1312.327 1308.804 1305.281 1301.759 1298.236 1291.517 1284.653 1277.789 1270.924 1262.947 1253.238 1243.529 1233.82 1224.11 1216.388 1209.083 1201.779 1194.474 1187.758 1182.706 1177.655 1172.604 1167.552 1163.128 1158.978 1154.828 1150.678 1146.498 1142.116 1137.733 1133.351 1128.968 1125.157 1121.784 1118.411 1115.038 1111.665 1113.729 1115.793 1117.857 1119.921 1121.371 1122.022 1122.674 1123.326 1123.977 1124.146 1124.243 1124.34 1124.437 1125.404 1128.36 1131.316 1134.272 1137.228 1139.11 1140.613 1142.116 1143.62 1144.996 1145.77
1315.547 1312.643 1309.739 1306.19 1302.049 1297.908 1293.767 1289.626 1282.855 1275.964 1269.073 1262.182 1254.539 1245.728 1236.916 1228.104 1219.293 1212.348 1205.796 1199.243 1192.691 1186.63 1181.961 1177.291 1172.621 1167.952 1163.928 1160.186 1156.444 1152.703 1148.872 1144.447 1140.021 1135.596 1131.171 1127.061 1123.193 1119.326 1115.459 1111.592 1112.645 1113.699 1114.752 1115.806 1116.6 1117.059 1117.517 1117.975 1118.433 1118.558 1118.634 1118.709 1118.784 1119.599 1122.103 1124.608 1127.113 1129.617 1131.231 1132.53 1133.829 1135.128 1136.306 1136.914
