data/zism_data/00882_03_D.txt
ncols         224
nrows         224
[rows 56 to 83 of 224, columns 126 to 188 of 224]
1171.084 1172.493 1173.901 1175.31 1176.718 1179.702 1182.922 1186.141 1189.361 1192.028 1193.429 1194.831 1196.233 1197.634 1197.385 1196.553 1195.722 1194.89 1194.11 1193.578 1193.046 1192.513 1191.981 1192.11 1192.665 1193.219 1193.774 1194.337 1195.102 1195.868 1196.633 1197.398 1197.958 1198.295 1198.631 1198.968 1199.304 1199.588 1199.867 1200.147 1200.426 1203.11 1210.302 1217.495 1224.688 1231.88 1240.731 1250.041 1259.352 1268.663 1276.233 1277.534 1278.835 1280.137 1281.438 1281.349 1280.52 1279.69 1278.86 1277.888 1275.418 1272.949 1270.479
1167.126 1168.572 1170.018 1171.464 1172.911 1176.263 1179.903 1183.542 1187.181 1190.265 1192.08 1193.896 1195.711 1197.526 1197.361 1196.497 1195.633 1194.769 1193.956 1193.386 1192.817 1192.247 1191.677 1191.804 1192.38 1192.956 1193.532 1194.12 1194.966 1195.812 1196.657 1197.503 1198.09 1198.394 1198.698 1199.003 1199.307 1199.5 1199.682 1199.865 1200.047 1202.511 1209.252 1215.994 1222.735 1229.476 1237.875 1246.734 1255.594 1264.453 1271.648 1272.853 1274.057 1275.262 1276.467 1276.254 1275.284 1274.314 1273.345 1272.217 1269.419 1266.622 1263.825
1163.452 1164.745 1166.038 1167.331 1168.623 1172.155 1176.022 1179.89 1183.757 1187.116 1189.316 1191.515 1193.714 1195.913 1195.948 1195.219 1194.49 1193.761 1193.076 1192.599 1192.122 1191.645 1191.168 1191.396 1192.078 1192.759 1193.44 1194.13 1195.002 1195.875 1196.748 1197.621 1198.213 1198.498 1198.784 1199.069 1199.354 1199.476 1199.582 1199.688 1199.793 1201.953 1207.965 1213.977 1219.989 1226.001 1233.624 1241.693 1249.763 1257.832 1264.37 1265.391 1266.411 1267.432 1268.453 1268.065 1266.926 1265.786 1264.647 1263.384 1260.825 1258.266 1255.707
1159.95 1160.974 1161.998 1163.022 1164.046 1167.641 1171.621 1175.601 1179.581 1183.131 1185.695 1188.26 1190.824 1193.389 1193.694 1193.201 1192.709 1192.217 1191.757 1191.452 1191.147 1190.842 1190.537 1190.927 1191.764 1192.601 1193.438 1194.277 1195.144 1196.012 1196.879 1197.746 1198.33 1198.605 1198.88 1199.154 1199.429 1199.491 1199.532 1199.573 1199.615 1201.421 1206.535 1211.65 1216.764 1221.879 1228.528 1235.603 1242.679 1249.754 1255.462 1256.246 1257.031 1257.815 1258.6 1258.007 1256.679 1255.352 1254.024 1252.64 1250.662 1248.683 1246.704
1156.448 1157.203 1157.958 1158.714 1159.469 1163.127 1167.22 1171.313 1175.406 1179.145 1182.075 1185.005 1187.935 1190.865 1191.44 1191.184 1190.928 1190.672 1190.438 1190.304 1190.171 1190.038 1189.905 1190.458 1191.451 1192.443 1193.436 1194.424 1195.286 1196.148 1197.01 1197.872 1198.448 1198.712 1198.976 1199.24 1199.503 1199.505 1199.482 1199.459 1199.436 1200.888 1205.105 1209.322 1213.539 1217.756 1223.432 1229.513 1235.595 1241.676 1246.554 1247.102 1247.65 1248.198 1248.746 1247.948 1246.433 1244.917 1243.401 1241.896 1240.498 1239.1 1237.702
1152.945 1153.432 1153.919 1154.405 1154.892 1158.613 1162.819 1167.025 1171.231 1175.159 1178.455 1181.75 1185.045 1188.341 1189.186 1189.166 1189.147 1189.127 1189.118 1189.157 1189.196 1189.235 1189.274 1189.988 1191.137 1192.286 1193.435 1194.571 1195.427 1196.284 1197.141 1197.997 1198.565 1198.819 1199.072 1199.325 1199.578 1199.52 1199.432 1199.345 1199.257 1200.355 1203.674 1206.994 1210.314 1213.634 1218.337 1223.424 1228.511 1233.598 1237.647 1237.958 1238.27 1238.581 1238.893 1237.89 1236.186 1234.483 1232.779 1231.152 1230.334 1229.517 1228.699
1149.027 1149.373 1149.718 1150.064 1150.409 1154.214 1158.537 1162.86 1167.184 1171.293 1174.915 1178.536 1182.157 1185.778 1186.884 1187.102 1187.32 1187.538 1187.755 1187.969 1188.182 1188.396 1188.609 1189.482 1190.778 1192.075 1193.371 1194.648 1195.505 1196.361 1197.218 1198.074 1198.639 1198.887 1199.135 1199.383 1199.631 1199.522 1199.379 1199.236 1199.093 1199.855 1202.314 1204.773 1207.232 1209.69 1213.447 1217.564 1221.681 1225.798 1229.042 1229.141 1229.241 1229.34 1229.44 1228.27 1226.424 1224.578 1222.732 1221.021 1220.736 1220.45 1220.164
1141.108 1142.539 1143.971 1145.402 1146.833 1150.919 1155.404 1159.888 1164.373 1168.578 1172.146 1175.713 1179.281 1182.848 1184.123 1184.588 1185.053 1185.518 1185.974 1186.386 1186.799 1187.211 1187.623 1188.616 1189.983 1191.349 1192.715 1194.062 1194.966 1195.871 1196.776 1197.681 1198.295 1198.591 1198.887 1199.183 1199.48 1199.404 1199.294 1199.183 1199.072 1199.678 1201.626 1203.574 1205.522 1207.471 1210.54 1213.921 1217.302 1220.683 1223.355 1223.476 1223.597 1223.717 1223.838 1222.869 1221.318 1219.768 1218.217 1216.783 1216.567 1216.351 1216.136
1133.19 1135.706 1138.223 1140.74 1143.256 1147.624 1152.27 1156.916 1161.562 1165.863 1169.377 1172.891 1176.404 1179.918 1181.361 1182.074 1182.786 1183.498 1184.193 1184.804 1185.416 1186.027 1186.638 1187.751 1189.187 1190.624 1192.06 1193.475 1194.428 1195.381 1196.334 1197.288 1197.95 1198.294 1198.639 1198.984 1199.328 1199.287 1199.208 1199.13 1199.051 1199.5 1200.938 1202.375 1203.813 1205.251 1207.633 1210.278 1212.922 1215.567 1217.667 1217.81 1217.952 1218.095 1218.237 1217.468 1216.213 1214.958 1213.703 1212.544 1212.398 1212.253 1212.107
1125.271 1128.873 1132.475 1136.078 1139.68 1144.33 1149.137 1153.944 1158.751 1163.148 1166.608 1170.068 1173.528 1176.988 1178.6 1179.559 1180.519 1181.479 1182.412 1183.222 1184.032 1184.842 1185.652 1186.886 1188.392 1189.898 1191.404 1192.888 1193.89 1194.891 1195.893 1196.894 1197.605 1197.998 1198.391 1198.784 1199.177 1199.169 1199.123 1199.076 1199.03 1199.323 1200.25 1201.177 1202.104 1203.031 1204.726 1206.635 1208.543 1210.451 1211.98 1212.144 1212.308 1212.472 1212.636 1212.067 1211.107 1210.148 1209.188 1208.306 1208.23 1208.154 1208.078
1117.352 1122.04 1126.728 1131.416 1136.103 1141.035 1146.003 1150.972 1155.94 1160.433 1163.839 1167.245 1170.652 1174.058 1175.839 1177.045 1178.252 1179.459 1180.631 1181.64 1182.649 1183.658 1184.667 1186.021 1187.597 1189.173 1190.749 1192.302 1193.351 1194.401 1195.451 1196.501 1197.26 1197.701 1198.143 1198.584 1199.026 1199.051 1199.037 1199.023 1199.009 1199.145 1199.562 1199.978 1200.395 1200.812 1201.819 1202.991 1204.163 1205.335 1206.293 1206.478 1206.664 1206.849 1207.034 1206.666 1206.002 1205.338 1204.674 1204.068 1204.061 1204.055 1204.049
1113.027 1118.646 1124.264 1129.882 1135.501 1140.821 1146.096 1151.371 1156.647 1161.226 1164.214 1167.202 1170.19 1173.178 1174.842 1176.037 1177.233 1178.429 1179.606 1180.692 1181.778 1182.864 1183.951 1185.342 1186.93 1188.518 1190.106 1191.673 1192.775 1193.876 1194.977 1196.078 1196.899 1197.413 1197.927 1198.441 1198.955 1199.0 1199.0 1199.0 1199.0 1199.088 1199.34 1199.593 1199.845 1200.097 1200.95 1201.969 1202.988 1204.006 1204.912 1205.411 1205.909 1206.408 1206.906 1206.792 1206.351 1205.909 1205.468 1205.053 1204.91 1204.767 1204.624
1111.467 1117.896 1124.326 1130.756 1137.186 1142.976 1148.671 1154.365 1160.06 1164.718 1167.007 1169.297 1171.586 1173.876 1175.202 1176.188 1177.174 1178.161 1179.161 1180.231 1181.302 1182.372 1183.442 1184.807 1186.363 1187.919 1189.475 1191.013 1192.168 1193.323 1194.478 1195.633 1196.526 1197.131 1197.736 1198.342 1198.947 1199.0 1199.0 1199.0 1199.0 1199.123 1199.478 1199.832 1200.187 1200.541 1201.647 1202.962 1204.276 1205.591 1206.845 1207.88 1208.916 1209.952 1210.988 1211.169 1210.895 1210.62 1210.345 1210.056 1209.618 1209.18 1208.741
1109.906 1117.147 1124.388 1131.629 1138.871 1145.131 1151.245 1157.359 1163.472 1168.21 1169.8 1171.391 1172.982 1174.573 1175.562 1176.339 1177.115 1177.892 1178.717 1179.771 1180.825 1181.879 1182.933 1184.273 1185.796 1187.32 1188.843 1190.353 1191.562 1192.771 1193.979 1195.188 1196.152 1196.849 1197.546 1198.243 1198.939 1199.0 1199.0 1199.0 1199.0 1199.159 1199.615 1200.072 1200.529 1200.985 1202.345 1203.955 1205.565 1207.175 1208.777 1210.35 1211.923 1213.497 1215.07 1215.547 1215.438 1215.33 1215.222 1215.06 1214.326 1213.592 1212.858
1108.345 1116.398 1124.45 1132.503 1140.556 1147.287 1153.819 1160.352 1166.885 1171.701 1172.594 1173.486 1174.378 1175.271 1175.923 1176.49 1177.057 1177.624 1178.273 1179.31 1180.348 1181.386 1182.424 1183.738 1185.229 1186.72 1188.212 1189.693 1190.956 1192.218 1193.481 1194.743 1195.779 1196.567 1197.355 1198.143 1198.932 1199.0 1199.0 1199.0 1199.0 1199.194 1199.753 1200.312 1200.87 1201.429 1203.042 1204.948 1206.854 1208.759 1210.709 1212.82 1214.931 1217.041 1219.152 1219.924 1219.983 1220.041 1220.1 1220.063 1219.034 1218.005 1216.975
1107.163 1115.953 1124.743 1133.532 1142.322 1149.502 1156.441 1163.38 1170.319 1175.215 1175.441 1175.667 1175.893 1176.12 1176.438 1176.788 1177.138 1177.488 1177.953 1178.964 1179.975 1180.985 1181.996 1183.278 1184.736 1186.194 1187.651 1189.102 1190.41 1191.718 1193.026 1194.334 1195.434 1196.307 1197.179 1198.052 1198.924 1199.0 1199.0 1199.0 1199.0 1199.235 1199.911 1200.587 1201.263 1201.939 1203.82 1206.036 1208.253 1210.469 1212.778 1215.426 1218.073 1220.72 1223.367 1224.437 1224.666 1224.894 1225.123 1225.218 1223.913 1222.608 1221.302
1116.046 1123.6 1131.154 1138.708 1146.261 1153.327 1160.32 1167.312 1174.305 1179.299 1179.724 1180.149 1180.574 1180.999 1181.067 1181.009 1180.951 1180.892 1180.964 1181.652 1182.34 1183.028 1183.717 1184.827 1186.21 1187.592 1188.974 1190.346 1191.482 1192.618 1193.754 1194.89 1195.851 1196.622 1197.392 1198.163 1198.933 1199.0 1199.0 1199.0 1199.0 1199.416 1200.614 1201.811 1203.008 1204.205 1206.751 1209.671 1212.591 1215.511 1218.484 1221.647 1224.81 1227.973 1231.136 1232.557 1233.049 1233.541 1234.033 1234.391 1233.338 1232.286 1231.233
1124.929 1131.247 1137.565 1143.883 1150.201 1157.152 1164.198 1171.245 1178.291 1183.383 1184.006 1184.63 1185.254 1185.878 1185.696 1185.229 1184.763 1184.296 1183.975 1184.34 1184.706 1185.072 1185.437 1186.376 1187.683 1188.99 1190.297 1191.59 1192.554 1193.518 1194.482 1195.446 1196.269 1196.937 1197.605 1198.274 1198.942 1199.0 1199.0 1199.0 1199.0 1199.598 1201.316 1203.035 1204.753 1206.472 1209.682 1213.306 1216.93 1220.554 1224.19 1227.869 1231.548 1235.227 1238.906 1240.678 1241.433 1242.188 1242.943 1243.563 1242.763 1241.963 1241.163
1133.812 1138.894 1143.976 1149.058 1154.14 1160.977 1168.077 1175.177 1182.277 1187.466 1188.289 1189.112 1189.935 1190.757 1190.325 1189.45 1188.575 1187.7 1186.985 1187.028 1187.072 1187.115 1187.158 1187.925 1189.157 1190.389 1191.62 1192.833 1193.625 1194.418 1195.21 1196.002 1196.686 1197.252 1197.818 1198.385 1198.951 1199.0 1199.0 1199.0 1199.0 1199.779 1202.019 1204.259 1206.498 1208.738 1212.612 1216.94 1221.268 1225.596 1229.896 1234.09 1238.285 1242.48 1246.675 1248.798 1249.817 1250.835 1251.854 1252.736 1252.189 1251.641 1251.094
1142.695 1146.541 1150.387 1154.233 1158.079 1164.802 1171.955 1179.109 1186.263 1191.55 1192.572 1193.594 1194.615 1195.636 1194.954 1193.671 1192.388 1191.104 1189.996 1189.716 1189.437 1189.158 1188.879 1189.474 1190.63 1191.787 1192.944 1194.077 1194.697 1195.317 1195.938 1196.558 1197.103 1197.567 1198.031 1198.495 1198.96 1199.0 1199.0 1199.0 1199.0 1199.96 1202.721 1205.482 1208.243 1211.004 1215.543 1220.575 1225.607 1230.639 1235.601 1240.312 1245.023 1249.733 1254.444 1256.918 1258.2 1259.482 1260.764 1261.909 1261.614 1261.319 1261.024
1152.46 1155.294 1158.127 1160.961 1163.794 1170.031 1176.777 1183.524 1190.271 1195.331 1196.535 1197.739 1198.943 1200.147 1199.39 1197.941 1196.491 1195.042 1193.74 1193.136 1192.531 1191.927 1191.323 1191.638 1192.545 1193.452 1194.359 1195.246 1195.706 1196.165 1196.624 1197.083 1197.496 1197.858 1198.22 1198.582 1198.944 1199.047 1199.126 1199.205 1199.284 1200.46 1203.69 1206.921 1210.151 1213.381 1218.449 1224.027 1229.605 1235.183 1240.666 1245.808 1250.951 1256.093 1261.235 1263.969 1265.418 1266.868 1268.318 1269.629 1269.486 1269.343 1269.2
1163.081 1165.119 1167.158 1169.196 1171.234 1176.624 1182.516 1188.408 1194.3 1198.816 1200.187 1201.557 1202.928 1204.299 1203.637 1202.258 1200.878 1199.499 1198.197 1197.265 1196.333 1195.401 1194.469 1194.401 1194.889 1195.376 1195.864 1196.344 1196.653 1196.961 1197.27 1197.579 1197.864 1198.124 1198.384 1198.644 1198.903 1199.141 1199.375 1199.61 1199.845 1201.268 1204.917 1208.567 1212.217 1215.866 1221.332 1227.303 1233.273 1239.243 1245.11 1250.601 1256.092 1261.584 1267.075 1269.98 1271.505 1273.03 1274.555 1275.939 1275.85 1275.761 1275.671
1173.702 1174.945 1176.188 1177.431 1178.674 1183.216 1188.254 1193.292 1198.329 1202.302 1203.839 1205.376 1206.913 1208.451 1207.884 1206.574 1205.265 1203.956 1202.655 1201.395 1200.135 1198.875 1197.615 1197.163 1197.232 1197.3 1197.369 1197.442 1197.6 1197.758 1197.916 1198.074 1198.232 1198.39 1198.548 1198.705 1198.863 1199.234 1199.625 1200.015 1200.406 1202.076 1206.145 1210.214 1214.283 1218.351 1224.215 1230.578 1236.941 1243.303 1249.553 1255.393 1261.234 1267.075 1272.916 1275.991 1277.591 1279.191 1280.791 1282.249 1282.214 1282.178 1282.142
1184.323 1184.771 1185.218 1185.666 1186.113 1189.809 1193.992 1198.176 1202.359 1205.787 1207.491 1209.195 1210.899 1212.603 1212.131 1210.891 1209.652 1208.412 1207.112 1205.524 1203.936 1202.348 1200.76 1199.926 1199.575 1199.225 1198.874 1198.539 1198.547 1198.554 1198.562 1198.57 1198.6 1198.656 1198.712 1198.767 1198.823 1199.327 1199.874 1200.42 1200.967 1202.884 1207.372 1211.86 1216.348 1220.836 1227.099 1233.854 1240.609 1247.364 1253.996 1260.186 1266.376 1272.566 1278.756 1282.002 1283.677 1285.353 1287.028 1288.559 1288.578 1288.596 1288.614
1194.944 1194.597 1194.249 1193.901 1193.553 1196.402 1199.731 1203.059 1206.388 1209.273 1211.143 1213.014 1214.884 1216.755 1216.378 1215.208 1214.038 1212.869 1211.569 1209.654 1207.738 1205.822 1203.906 1202.688 1201.919 1201.149 1200.379 1199.637 1199.494 1199.351 1199.208 1199.065 1198.969 1198.922 1198.876 1198.829 1198.783 1199.42 1200.123 1200.825 1201.528 1203.693 1208.6 1213.507 1218.414 1223.321 1229.982 1237.129 1244.276 1251.424 1258.439 1264.978 1271.518 1278.057 1284.596 1288.013 1289.763 1291.514 1293.265 1294.87 1294.941 1295.013 1295.085
1200.86 1200.321 1199.782 1199.244 1198.705 1201.125 1203.988 1206.851 1209.714 1212.249 1214.034 1215.819 1217.603 1219.388 1219.013 1217.877 1216.74 1215.604 1214.323 1212.358 1210.393 1208.428 1206.463 1204.987 1203.824 1202.661 1201.499 1200.372 1200.037 1199.702 1199.366 1199.031 1198.838 1198.8 1198.761 1198.723 1198.685 1199.518 1200.434 1201.35 1202.267 1204.742 1210.142 1215.542 1220.942 1226.342 1233.277 1240.638 1247.999 1255.359 1262.466 1268.655 1274.845 1281.034 1287.223 1290.334 1291.802 1293.271 1294.739 1296.085 1296.142 1296.2 1296.257
1206.67 1205.954 1205.239 1204.523 1203.807 1205.806 1208.212 1210.619 1213.025 1215.215 1216.908 1218.601 1220.294 1221.988 1221.613 1220.509 1219.404 1218.3 1217.038 1215.031 1213.023 1211.015 1209.007 1207.275 1205.72 1204.165 1202.61 1201.1 1200.571 1200.042 1199.513 1198.985 1198.696 1198.668 1198.641 1198.613 1198.586 1199.616 1200.747 1201.879 1203.01 1205.797 1211.692 1217.586 1223.48 1229.375 1236.581 1244.151 1251.722 1259.292 1266.483 1272.307 1278.131 1283.955 1289.779 1292.573 1293.752 1294.93 1296.108 1297.188 1297.229 1297.27 1297.311
1212.481 1211.588 1210.695 1209.802 1208.908 1210.487 1212.437 1214.386 1216.336 1218.18 1219.782 1221.384 1222.986 1224.588 1224.213 1223.141 1222.069 1220.996 1219.754 1217.703 1215.652 1213.601 1211.55 1209.563 1207.616 1205.668 1203.721 1201.827 1201.105 1200.383 1199.661 1198.938 1198.554 1198.537 1198.52 1198.504 1198.487 1199.714 1201.061 1202.407 1203.753 1206.853 1213.241 1219.63 1226.019 1232.407 1239.885 1247.665 1255.445 1263.225 1270.501 1275.959 1281.418 1286.876 1292.335 1294.813 1295.701 1296.589 1297.477 1298.29 1298.315 1298.34 1298.365
