data/zism_data/00885_01_D.txt
ncols         224
nrows         224
[rows 168 to 195 of 224, columns 0 to 62 of 224]
1390.424 1391.203 1391.982 1392.761 1392.864 1391.185 1389.507 1387.829 1386.15 1382.976 1379.273 1375.57 1371.867 1367.624 1361.254 1354.885 1348.516 1342.146 1329.566 1313.88 1298.194 1282.508 1267.38 1255.977 1244.573 1233.17 1221.766 1218.056 1219.6 1221.145 1222.689 1224.995 1239.688 1254.381 1269.074 1283.767 1300.772 1319.897 1339.022 1358.147 1377.272 1385.005 1392.57 1400.135 1407.7 1408.954 1402.474 1395.994 1389.514 1383.034 1385.891 1389.637 1393.384 1397.13 1404.449 1417.678 1430.907 1444.136 1457.365 1466.043 1473.858 1481.672 1489.487
1385.092 1387.177 1389.263 1391.349 1392.534 1391.347 1390.16 1388.973 1387.786 1383.953 1379.187 1374.42 1369.654 1364.281 1356.524 1348.766 1341.01 1333.252 1319.9 1303.75 1287.599 1271.449 1256.149 1246.522 1236.895 1227.268 1217.641 1216.256 1220.5 1224.744 1228.988 1233.937 1250.341 1266.746 1283.15 1299.554 1316.902 1335.115 1353.327 1371.54 1389.753 1396.275 1402.625 1408.975 1415.325 1415.847 1409.227 1402.606 1395.986 1389.365 1391.495 1394.459 1397.422 1400.386 1407.341 1420.9 1434.458 1448.016 1461.574 1470.454 1478.447 1486.44 1494.433
1379.759 1383.152 1386.544 1389.937 1392.204 1391.508 1390.812 1390.117 1389.421 1384.93 1379.1 1373.27 1367.44 1360.937 1351.793 1342.648 1333.503 1324.358 1310.234 1293.619 1277.004 1260.389 1244.918 1237.067 1229.216 1221.366 1213.515 1214.455 1221.399 1228.343 1235.287 1242.879 1260.995 1279.111 1297.227 1315.343 1333.033 1350.333 1367.633 1384.933 1402.234 1407.545 1412.68 1417.815 1422.95 1422.741 1415.98 1409.219 1402.458 1395.697 1397.1 1399.28 1401.461 1403.641 1410.233 1424.121 1438.008 1451.896 1465.783 1474.866 1483.037 1491.208 1499.38
1374.427 1379.126 1383.825 1388.525 1391.874 1391.669 1391.465 1391.261 1391.057 1385.908 1379.014 1372.12 1365.226 1357.594 1347.062 1336.529 1325.997 1315.464 1300.568 1283.489 1266.409 1249.33 1233.687 1227.613 1221.538 1215.464 1209.389 1212.655 1222.299 1231.942 1241.586 1251.82 1271.648 1291.475 1311.303 1331.131 1349.163 1365.551 1381.939 1398.326 1414.714 1418.815 1422.735 1426.655 1430.575 1429.634 1422.732 1415.831 1408.93 1402.028 1402.704 1404.102 1405.5 1406.897 1413.125 1427.342 1441.559 1455.776 1469.993 1479.277 1487.627 1495.976 1504.326
1368.957 1374.571 1380.185 1385.799 1389.847 1389.775 1389.703 1389.631 1389.559 1384.028 1376.571 1369.113 1361.656 1353.356 1341.748 1330.14 1318.532 1306.924 1291.743 1274.774 1257.806 1240.838 1225.559 1221.54 1217.522 1213.503 1209.484 1214.99 1227.001 1239.011 1251.021 1263.549 1284.48 1305.411 1326.343 1347.274 1365.364 1380.851 1396.338 1411.825 1427.312 1430.542 1433.593 1436.643 1439.693 1438.087 1430.773 1423.459 1416.145 1408.831 1408.362 1408.544 1408.727 1408.91 1414.322 1428.382 1442.443 1456.503 1470.563 1480.65 1489.982 1499.315 1508.648
1363.309 1369.328 1375.347 1381.366 1385.616 1385.209 1384.802 1384.395 1383.988 1378.434 1371.063 1363.692 1356.321 1347.954 1335.677 1323.399 1311.122 1298.844 1284.012 1267.902 1251.792 1235.683 1221.466 1219.866 1218.266 1216.667 1215.067 1222.703 1236.646 1250.59 1264.533 1278.9 1300.144 1321.389 1342.633 1363.877 1381.656 1396.257 1410.859 1425.46 1440.061 1442.864 1445.493 1448.122 1450.751 1448.568 1440.488 1432.407 1424.326 1416.245 1414.088 1412.494 1410.9 1409.307 1413.315 1426.587 1439.859 1453.131 1466.403 1478.07 1489.433 1500.796 1512.159
1357.662 1364.086 1370.51 1376.933 1381.384 1380.643 1379.901 1379.159 1378.418 1372.84 1365.555 1358.271 1350.986 1342.552 1329.605 1316.658 1303.711 1290.764 1276.281 1261.029 1245.778 1230.527 1217.372 1218.191 1219.011 1219.83 1220.649 1230.416 1246.292 1262.169 1278.046 1294.251 1315.809 1337.366 1358.924 1380.482 1397.948 1411.663 1425.379 1439.095 1452.811 1455.186 1457.394 1459.602 1461.809 1459.05 1450.203 1441.355 1432.508 1423.66 1419.814 1416.444 1413.074 1409.704 1412.307 1424.791 1437.275 1449.758 1462.242 1475.49 1488.883 1502.277 1515.67
1352.014 1358.843 1365.672 1372.501 1377.153 1376.076 1375.0 1373.924 1372.847 1367.246 1360.048 1352.849 1345.651 1337.15 1323.534 1309.917 1296.3 1282.684 1268.55 1254.157 1239.764 1225.372 1213.279 1216.517 1219.755 1222.993 1226.231 1238.128 1255.938 1273.748 1291.557 1309.603 1331.473 1353.344 1375.214 1397.085 1414.239 1427.069 1439.9 1452.73 1465.561 1467.507 1469.294 1471.081 1472.867 1469.532 1459.917 1450.303 1440.689 1431.075 1425.54 1420.393 1415.247 1410.101 1411.3 1422.996 1434.691 1446.386 1458.082 1472.911 1488.334 1503.757 1519.181
1346.366 1353.6 1360.834 1368.068 1372.921 1371.51 1370.099 1368.688 1367.276 1361.652 1354.54 1347.428 1340.316 1331.748 1317.462 1303.176 1288.89 1274.603 1260.818 1247.284 1233.75 1220.216 1209.185 1214.843 1220.5 1226.157 1231.814 1245.841 1265.584 1285.327 1305.07 1324.954 1347.138 1369.322 1391.505 1413.689 1430.531 1442.476 1454.421 1466.365 1478.31 1479.829 1481.195 1482.56 1483.925 1480.014 1469.633 1459.251 1448.87 1438.49 1431.266 1424.343 1417.42 1410.498 1410.293 1421.2 1432.107 1443.014 1453.921 1470.331 1487.784 1505.238 1522.692
1339.596 1346.124 1352.652 1359.179 1363.364 1361.38 1359.396 1357.412 1355.429 1349.736 1342.735 1335.734 1328.733 1320.387 1306.761 1293.134 1279.508 1265.882 1254.102 1243.246 1232.39 1221.534 1213.122 1220.999 1228.876 1236.753 1244.631 1259.782 1279.901 1300.019 1320.137 1340.389 1362.793 1385.198 1407.603 1430.008 1446.759 1458.328 1469.896 1481.465 1493.034 1493.989 1494.787 1495.586 1496.385 1491.882 1480.879 1469.877 1458.875 1447.873 1438.871 1430.061 1421.25 1412.439 1410.525 1420.017 1429.51 1439.003 1448.495 1465.146 1483.155 1501.164 1519.173
1332.7 1338.396 1344.092 1349.788 1353.204 1350.621 1348.038 1345.455 1342.872 1337.107 1330.219 1323.331 1316.443 1308.353 1295.536 1282.72 1269.904 1257.087 1247.5 1239.528 1231.555 1223.583 1217.964 1228.04 1238.115 1248.19 1258.265 1274.426 1294.745 1315.063 1335.382 1355.833 1378.449 1401.064 1423.679 1446.295 1462.98 1474.231 1485.481 1496.731 1507.981 1508.356 1508.572 1508.787 1509.003 1503.907 1492.3 1480.693 1469.086 1457.479 1446.689 1435.978 1425.266 1414.554 1410.896 1418.904 1426.911 1434.919 1442.926 1459.667 1478.065 1496.463 1514.861
1325.803 1330.668 1335.532 1340.396 1343.045 1339.863 1336.68 1333.498 1330.316 1324.478 1317.704 1310.929 1304.155 1296.318 1284.312 1272.306 1260.3 1248.293 1240.899 1235.81 1230.721 1225.632 1222.807 1235.08 1247.353 1259.625 1271.898 1289.071 1309.589 1330.107 1350.625 1371.277 1394.103 1416.929 1439.755 1462.581 1479.201 1490.133 1501.064 1511.996 1522.928 1522.724 1522.356 1521.988 1521.62 1515.931 1503.72 1491.508 1479.296 1467.084 1454.507 1441.895 1429.282 1416.67 1411.268 1417.79 1424.313 1430.835 1437.358 1454.189 1472.975 1491.762 1510.548
1318.906 1322.939 1326.972 1331.005 1332.886 1329.104 1325.322 1321.541 1317.759 1311.849 1305.188 1298.526 1291.865 1284.284 1273.088 1261.892 1250.695 1239.499 1234.297 1232.091 1229.886 1227.68 1227.65 1242.121 1256.591 1271.062 1285.532 1303.715 1324.433 1345.151 1365.869 1386.722 1409.758 1432.795 1455.832 1478.868 1495.423 1506.036 1516.649 1527.262 1537.875 1537.091 1536.14 1535.189 1534.238 1527.956 1515.14 1502.323 1489.507 1476.69 1462.325 1447.812 1433.299 1418.785 1411.639 1416.677 1421.714 1426.751 1431.789 1448.71 1467.885 1487.061 1506.236
1315.79 1318.608 1321.426 1324.243 1325.033 1320.486 1315.938 1311.391 1306.843 1300.582 1293.715 1286.849 1279.982 1272.49 1262.54 1252.59 1242.64 1232.69 1230.025 1231.002 1231.979 1232.957 1235.916 1252.087 1268.258 1284.429 1300.601 1319.411 1340.024 1360.636 1381.249 1401.991 1424.837 1447.683 1470.53 1493.376 1509.688 1520.012 1530.336 1540.66 1550.983 1549.557 1547.959 1546.36 1544.761 1538.022 1524.983 1511.943 1498.903 1485.863 1470.27 1454.433 1438.597 1422.76 1414.088 1417.265 1420.441 1423.618 1426.795 1442.738 1461.103 1479.468 1497.833
1319.327 1320.255 1321.182 1322.11 1321.239 1315.633 1310.028 1304.422 1298.816 1291.712 1284.079 1276.445 1268.812 1261.117 1253.181 1245.246 1237.31 1229.374 1229.853 1234.54 1239.226 1243.913 1250.205 1267.202 1284.2 1301.197 1318.194 1336.958 1356.928 1376.898 1396.869 1416.953 1438.903 1460.853 1482.803 1504.753 1520.513 1530.599 1540.685 1550.771 1560.858 1558.678 1556.318 1553.958 1551.598 1544.641 1532.049 1519.458 1506.866 1494.274 1478.439 1462.295 1446.15 1430.006 1420.192 1420.847 1421.502 1422.157 1422.812 1435.898 1451.342 1466.786 1482.23
1322.864 1321.901 1320.939 1319.977 1317.445 1310.781 1304.117 1297.453 1290.789 1282.842 1274.442 1266.042 1257.642 1249.744 1243.823 1237.901 1231.979 1226.058 1229.681 1238.077 1246.473 1254.869 1264.495 1282.318 1300.142 1317.965 1335.789 1354.506 1373.833 1393.161 1412.488 1431.916 1452.97 1474.023 1495.077 1516.13 1531.337 1541.186 1551.035 1560.883 1570.732 1567.798 1564.677 1561.556 1558.434 1551.26 1539.116 1526.973 1514.829 1502.686 1486.608 1470.156 1453.704 1437.252 1426.296 1424.429 1422.563 1420.696 1418.829 1429.058 1441.581 1454.104 1466.626
1326.4 1323.548 1320.696 1317.844 1313.651 1305.929 1298.207 1290.484 1282.762 1273.972 1264.805 1255.638 1246.472 1238.372 1234.464 1230.557 1226.649 1222.742 1229.509 1241.615 1253.72 1265.825 1278.784 1297.434 1316.083 1334.733 1353.382 1372.053 1390.738 1409.423 1428.108 1446.878 1467.035 1487.193 1507.35 1527.507 1542.162 1551.773 1561.384 1570.995 1580.606 1576.919 1573.036 1569.153 1565.271 1557.878 1546.183 1534.487 1522.792 1511.097 1494.777 1478.018 1461.258 1444.498 1432.4 1428.012 1423.624 1419.235 1414.847 1422.218 1431.82 1441.422 1451.023
1329.937 1325.195 1320.453 1315.711 1309.857 1301.077 1292.296 1283.515 1274.735 1265.102 1255.168 1245.235 1235.301 1226.999 1225.106 1223.212 1221.319 1219.426 1229.338 1245.152 1260.967 1276.782 1293.074 1312.55 1332.025 1351.501 1370.977 1389.601 1407.643 1425.685 1443.728 1461.841 1481.102 1500.363 1519.623 1538.884 1552.986 1562.36 1571.734 1581.107 1590.481 1586.04 1581.396 1576.751 1572.107 1564.497 1553.25 1542.003 1530.755 1519.508 1502.947 1485.88 1468.812 1451.745 1438.505 1431.594 1424.684 1417.774 1410.864 1415.378 1422.059 1428.739 1435.42
1335.134 1328.654 1322.174 1315.694 1308.109 1297.619 1287.129 1276.639 1266.149 1256.941 1248.185 1239.43 1230.674 1223.986 1225.418 1226.85 1228.282 1229.714 1241.679 1258.911 1276.142 1293.374 1310.81 1329.613 1348.416 1367.219 1386.022 1403.578 1420.282 1436.986 1453.69 1470.455 1488.218 1505.98 1523.743 1541.505 1554.825 1564.072 1573.32 1582.567 1591.814 1587.975 1583.944 1579.912 1575.881 1568.875 1558.223 1547.571 1536.92 1526.268 1510.679 1494.619 1478.56 1462.5 1449.663 1442.153 1434.644 1427.135 1419.626 1421.757 1425.718 1429.678 1433.638
1340.681 1332.495 1324.308 1316.122 1306.793 1294.456 1282.119 1269.782 1257.446 1248.929 1241.761 1234.593 1227.424 1222.732 1227.766 1232.8 1237.833 1242.867 1256.656 1274.821 1292.987 1311.152 1329.272 1347.087 1364.902 1382.717 1400.532 1416.805 1432.024 1447.242 1462.461 1477.734 1493.871 1510.008 1526.145 1542.282 1554.771 1563.916 1573.061 1582.206 1591.351 1588.399 1585.269 1582.139 1579.009 1572.781 1562.756 1552.731 1542.705 1532.68 1518.318 1503.544 1488.77 1473.995 1461.885 1454.182 1446.478 1438.774 1431.071 1430.92 1432.202 1433.484 1434.766
1346.228 1336.336 1326.443 1316.55 1305.476 1291.292 1277.109 1262.926 1248.742 1240.917 1235.336 1229.756 1224.175 1221.478 1230.114 1238.749 1247.385 1256.02 1271.631 1290.731 1309.831 1328.93 1347.733 1364.56 1381.387 1398.214 1415.041 1430.031 1443.765 1457.498 1471.233 1485.012 1499.524 1514.036 1528.548 1543.06 1554.718 1563.76 1572.802 1581.844 1590.887 1588.822 1586.594 1584.366 1582.138 1576.688 1567.289 1557.89 1548.491 1539.092 1525.958 1512.469 1498.979 1485.49 1474.107 1466.209 1458.311 1450.413 1442.515 1440.083 1438.686 1437.29 1435.894
1351.776 1340.176 1328.577 1316.978 1304.159 1288.129 1272.099 1256.069 1240.039 1232.905 1228.912 1224.918 1220.925 1220.225 1232.462 1244.699 1256.936 1269.173 1286.608 1306.642 1326.675 1346.709 1366.195 1382.034 1397.873 1413.712 1429.551 1443.257 1455.506 1467.755 1480.004 1492.29 1505.177 1518.063 1530.95 1543.837 1554.664 1563.604 1572.543 1581.483 1590.423 1589.245 1587.919 1586.593 1585.266 1580.594 1571.822 1563.049 1554.276 1545.504 1533.598 1521.394 1509.189 1496.985 1486.33 1478.238 1470.145 1462.052 1453.96 1449.245 1445.171 1441.097 1437.022
1352.597 1339.75 1326.903 1314.057 1300.087 1283.161 1266.236 1249.312 1232.386 1226.432 1224.35 1222.268 1220.186 1221.637 1236.969 1252.3 1267.632 1282.964 1301.658 1322.034 1342.411 1362.787 1382.428 1397.174 1411.92 1426.666 1441.412 1453.961 1465.01 1476.059 1487.108 1498.187 1509.757 1521.327 1532.897 1544.467 1554.602 1563.424 1572.245 1581.067 1589.888 1589.51 1588.996 1588.482 1587.968 1584.028 1575.888 1567.748 1559.608 1551.468 1540.693 1529.667 1518.642 1507.616 1497.717 1489.682 1481.648 1473.613 1465.578 1459.225 1453.191 1447.156 1441.122
1341.841 1328.87 1315.899 1302.928 1289.263 1273.775 1258.286 1242.797 1227.308 1223.729 1224.352 1224.975 1225.598 1229.582 1246.766 1263.949 1281.133 1298.317 1316.891 1336.161 1355.43 1374.699 1393.202 1406.598 1419.994 1433.39 1446.786 1458.489 1469.036 1479.582 1490.129 1500.702 1511.711 1522.719 1533.727 1544.735 1554.521 1563.186 1571.85 1580.515 1589.18 1589.385 1589.465 1589.545 1589.625 1586.303 1578.811 1571.319 1563.827 1556.335 1546.455 1536.347 1526.24 1516.132 1507.06 1499.7 1492.34 1484.98 1477.62 1471.207 1464.973 1458.739 1452.505
1331.085 1317.99 1304.895 1291.799 1278.44 1264.388 1250.336 1236.283 1222.231 1221.025 1224.354 1227.682 1231.011 1237.526 1256.562 1275.598 1294.635 1313.671 1332.124 1350.286 1368.449 1386.611 1403.975 1416.021 1428.067 1440.113 1452.159 1463.016 1473.061 1483.105 1493.15 1503.217 1513.664 1524.111 1534.557 1545.004 1554.439 1562.947 1571.455 1579.964 1588.472 1589.26 1589.934 1590.608 1591.282 1588.579 1581.735 1574.89 1568.046 1561.202 1552.216 1543.027 1533.837 1524.647 1516.401 1509.717 1503.032 1496.347 1489.662 1483.188 1476.754 1470.321 1463.887
1320.329 1307.109 1293.89 1280.671 1267.617 1255.001 1242.385 1229.769 1217.153 1218.321 1224.355 1230.389 1236.423 1245.471 1266.359 1287.248 1308.136 1329.024 1347.357 1364.413 1381.468 1398.523 1414.749 1425.445 1436.141 1446.837 1457.533 1467.543 1477.086 1486.628 1496.17 1505.732 1515.617 1525.502 1535.387 1545.272 1554.357 1562.709 1571.06 1579.412 1587.764 1589.135 1590.403 1591.671 1592.939 1590.854 1584.658 1578.462 1572.266 1566.069 1557.978 1549.706 1541.435 1533.163 1525.744 1519.734 1513.724 1507.714 1501.704 1495.17 1488.537 1481.903 1475.27
1309.573 1296.23 1282.886 1269.542 1256.794 1245.614 1234.435 1223.255 1212.075 1215.618 1224.357 1233.096 1241.835 1253.415 1276.156 1298.896 1321.637 1344.378 1362.59 1378.538 1394.487 1410.435 1425.522 1434.868 1444.214 1453.56 1462.906 1472.071 1481.111 1490.151 1499.191 1508.247 1517.571 1526.894 1536.218 1545.541 1554.276 1562.471 1570.666 1578.861 1587.056 1589.01 1590.872 1592.734 1594.596 1593.129 1587.581 1582.033 1576.485 1570.937 1563.74 1556.386 1549.032 1541.678 1535.085 1529.751 1524.416 1519.081 1513.746 1507.152 1500.318 1493.485 1486.652
1300.94 1287.859 1274.778 1261.696 1249.573 1239.972 1230.371 1220.77 1211.169 1216.952 1228.164 1239.376 1250.589 1264.266 1287.625 1310.985 1334.345 1357.705 1375.239 1389.861 1404.483 1419.104 1432.907 1441.253 1449.599 1457.946 1466.292 1474.764 1483.322 1491.88 1500.438 1509.022 1518.024 1527.026 1536.028 1545.03 1553.578 1561.71 1569.842 1577.974 1586.106 1588.44 1590.689 1592.938 1595.186 1594.258 1589.435 1584.612 1579.789 1574.966 1568.34 1561.542 1554.744 1547.946 1541.833 1536.851 1531.87 1526.889 1521.907 1516.156 1510.258 1504.36 1498.462
