data/zism_data/00896_04_D.txt
ncols         224
nrows         224
[rows 84 to 111 of 224, columns 0 to 62 of 224]
1381.09 1385.03 1388.97 1392.409 1395.268 1398.126 1400.985 1403.844 1405.859 1407.808 1409.758 1411.707 1413.894 1416.45 1419.006 1421.562 1424.117 1428.857 1433.967 1439.077 1444.186 1450.042 1457.491 1464.94 1472.388 1479.837 1484.656 1488.744 1492.831 1496.919 1500.0 1500.0 1500.0 1500.0 1500.0 1499.85 1499.639 1499.427 1499.216 1499.004 1498.79 1498.576 1498.361 1498.147 1497.56 1496.76 1495.961 1495.162 1494.231 1492.131 1490.031 1487.93 1485.83 1484.227 1483.005 1481.784 1480.563 1479.442 1481.689 1483.936 1486.183 1488.43 1486.425
1383.619 1386.859 1390.098 1393.119 1395.889 1398.658 1401.428 1404.197 1406.128 1407.994 1409.859 1411.725 1413.718 1415.907 1418.097 1420.286 1422.476 1426.32 1430.445 1434.57 1438.695 1443.889 1451.369 1458.848 1466.328 1473.807 1479.589 1484.9 1490.21 1495.521 1499.54 1499.61 1499.68 1499.75 1499.821 1499.681 1499.456 1499.232 1499.007 1498.783 1498.562 1498.342 1498.121 1497.901 1497.353 1496.619 1495.885 1495.152 1494.308 1492.487 1490.666 1488.845 1487.024 1485.62 1484.535 1483.45 1482.365 1481.375 1483.564 1485.752 1487.94 1490.129 1488.691
1386.237 1388.85 1391.463 1394.093 1396.744 1399.394 1402.045 1404.695 1406.483 1408.203 1409.923 1411.642 1413.326 1414.954 1416.583 1418.211 1419.839 1422.683 1425.733 1428.783 1431.833 1436.348 1443.989 1451.631 1459.272 1466.914 1473.813 1480.506 1487.198 1493.891 1498.974 1499.13 1499.287 1499.443 1499.6 1499.482 1499.251 1499.021 1498.791 1498.562 1498.342 1498.121 1497.901 1497.681 1497.191 1496.549 1495.907 1495.265 1494.533 1493.004 1491.475 1489.945 1488.416 1487.15 1486.087 1485.024 1483.961 1482.984 1484.88 1486.777 1488.674 1490.57 1489.682
1388.854 1390.841 1392.827 1395.067 1397.599 1400.13 1402.662 1405.194 1406.838 1408.411 1409.986 1411.56 1412.935 1414.002 1415.068 1416.135 1417.201 1419.045 1421.021 1422.996 1424.972 1428.806 1436.609 1444.413 1452.217 1460.02 1468.036 1476.111 1484.187 1492.261 1498.407 1498.65 1498.893 1499.136 1499.379 1499.282 1499.046 1498.81 1498.575 1498.342 1498.121 1497.901 1497.681 1497.46 1497.029 1496.479 1495.929 1495.379 1494.759 1493.521 1492.283 1491.046 1489.808 1488.681 1487.64 1486.598 1485.557 1484.592 1486.197 1487.802 1489.407 1491.012 1490.673
1391.471 1392.832 1394.192 1396.04 1398.453 1400.866 1403.279 1405.692 1407.192 1408.62 1410.049 1411.477 1412.544 1413.049 1413.554 1414.059 1414.564 1415.407 1416.309 1417.21 1418.111 1421.265 1429.23 1437.196 1445.161 1453.127 1462.26 1471.717 1481.175 1490.632 1497.84 1498.17 1498.499 1498.828 1499.158 1499.082 1498.841 1498.6 1498.359 1498.121 1497.901 1497.681 1497.46 1497.24 1496.867 1496.409 1495.951 1495.492 1494.984 1494.038 1493.092 1492.146 1491.2 1490.212 1489.192 1488.172 1487.152 1486.2 1487.513 1488.827 1490.141 1491.454 1491.664
1394.452 1395.505 1396.559 1398.165 1400.412 1402.659 1404.906 1407.152 1408.345 1409.455 1410.565 1411.675 1412.322 1412.249 1412.176 1412.103 1412.03 1412.095 1412.183 1412.271 1412.36 1414.957 1422.915 1430.873 1438.831 1446.789 1456.853 1467.503 1478.152 1488.802 1496.948 1497.435 1497.922 1498.409 1498.896 1498.849 1498.585 1498.321 1498.056 1497.804 1497.611 1497.417 1497.223 1497.03 1496.738 1496.391 1496.043 1495.696 1495.313 1494.616 1493.918 1493.22 1492.523 1491.608 1490.526 1489.445 1488.363 1487.341 1488.293 1489.245 1490.197 1491.149 1491.715
1398.387 1399.975 1401.563 1403.321 1405.276 1407.231 1409.186 1411.141 1411.596 1411.934 1412.272 1412.61 1412.544 1411.85 1411.156 1410.462 1409.768 1409.637 1409.601 1409.565 1409.529 1411.898 1419.402 1426.907 1434.411 1441.915 1452.422 1463.763 1475.103 1486.444 1495.196 1496.028 1496.861 1497.693 1498.526 1498.53 1498.195 1497.861 1497.526 1497.234 1497.137 1497.041 1496.944 1496.848 1496.694 1496.509 1496.324 1496.138 1495.915 1495.352 1494.79 1494.227 1493.664 1492.65 1491.287 1489.925 1488.563 1487.251 1487.658 1488.065 1488.472 1488.878 1489.296
1402.322 1404.444 1406.567 1408.477 1410.14 1411.804 1413.467 1415.131 1414.848 1414.414 1413.98 1413.546 1412.767 1411.452 1410.137 1408.822 1407.507 1407.179 1407.019 1406.859 1406.699 1408.838 1415.889 1422.94 1429.991 1437.042 1447.99 1460.023 1472.054 1484.086 1493.444 1494.622 1495.8 1496.978 1498.156 1498.211 1497.806 1497.401 1496.997 1496.662 1496.663 1496.664 1496.665 1496.665 1496.651 1496.627 1496.604 1496.581 1496.516 1496.089 1495.661 1495.233 1494.806 1493.691 1492.048 1490.405 1488.762 1487.162 1487.023 1486.885 1486.746 1486.607 1486.876
1406.257 1408.914 1411.571 1413.632 1415.004 1416.376 1417.748 1419.12 1418.1 1416.894 1415.687 1414.481 1412.989 1411.053 1409.117 1407.181 1405.245 1404.722 1404.438 1404.153 1403.869 1405.779 1412.376 1418.973 1425.571 1432.168 1443.559 1456.282 1469.005 1481.728 1491.692 1493.215 1494.739 1496.263 1497.787 1497.891 1497.417 1496.942 1496.467 1496.092 1496.189 1496.287 1496.385 1496.483 1496.607 1496.746 1496.884 1497.023 1497.118 1496.825 1496.533 1496.24 1495.947 1494.733 1492.809 1490.885 1488.961 1487.073 1486.389 1485.705 1485.021 1484.337 1484.456
1410.192 1413.383 1416.575 1418.788 1419.868 1420.948 1422.029 1423.109 1421.352 1419.374 1417.395 1415.416 1413.212 1410.655 1408.098 1405.541 1402.984 1402.264 1401.856 1401.447 1401.039 1402.719 1408.863 1415.007 1421.15 1427.294 1439.128 1452.542 1465.956 1479.37 1489.94 1491.809 1493.678 1495.548 1497.417 1497.572 1497.027 1496.482 1495.937 1495.521 1495.716 1495.911 1496.106 1496.301 1496.563 1496.864 1497.165 1497.465 1497.72 1497.562 1497.404 1497.246 1497.089 1495.774 1493.569 1491.365 1489.16 1486.984 1485.754 1484.525 1483.295 1482.066 1482.036
1416.025 1420.502 1424.979 1427.592 1428.049 1428.506 1428.964 1429.421 1426.44 1423.191 1419.941 1416.692 1413.645 1410.914 1408.183 1405.453 1402.722 1401.99 1401.597 1401.204 1400.811 1402.418 1408.3 1414.182 1420.064 1425.945 1437.713 1451.116 1464.519 1477.921 1488.521 1490.544 1492.568 1494.591 1496.614 1496.806 1496.251 1495.696 1495.14 1494.724 1494.968 1495.213 1495.457 1495.702 1496.019 1496.378 1496.737 1497.096 1497.404 1497.266 1497.127 1496.989 1496.85 1495.509 1493.244 1490.977 1488.712 1486.455 1484.529 1482.602 1480.676 1478.75 1478.032
1422.529 1428.556 1434.582 1437.683 1437.401 1437.118 1436.836 1436.554 1432.177 1427.48 1422.783 1418.087 1414.153 1411.406 1408.659 1405.912 1403.165 1402.486 1402.158 1401.83 1401.501 1403.091 1408.779 1414.466 1420.153 1425.841 1437.363 1450.507 1463.651 1476.794 1487.219 1489.329 1491.439 1493.549 1495.659 1495.883 1495.339 1494.794 1494.25 1493.848 1494.125 1494.401 1494.678 1494.955 1495.298 1495.678 1496.059 1496.439 1496.765 1496.605 1496.445 1496.285 1496.125 1494.784 1492.534 1490.284 1488.034 1485.772 1483.095 1480.418 1477.741 1475.064 1473.469
1429.033 1436.609 1444.186 1447.774 1446.752 1445.73 1444.708 1443.686 1437.913 1431.77 1425.626 1419.482 1414.661 1411.898 1409.135 1406.371 1403.608 1402.982 1402.719 1402.456 1402.192 1403.764 1409.257 1414.75 1420.243 1425.736 1437.014 1449.898 1462.782 1475.667 1485.918 1488.114 1490.31 1492.507 1494.703 1494.96 1494.426 1493.893 1493.359 1492.972 1493.281 1493.59 1493.899 1494.208 1494.577 1494.979 1495.381 1495.783 1496.126 1495.944 1495.763 1495.581 1495.4 1494.058 1491.825 1489.591 1487.357 1485.089 1481.662 1478.234 1474.806 1471.379 1468.905
1435.537 1444.663 1453.789 1457.866 1456.104 1454.342 1452.58 1450.818 1443.65 1436.059 1428.468 1420.877 1415.169 1412.39 1409.61 1406.831 1404.051 1403.479 1403.28 1403.081 1402.883 1404.437 1409.735 1415.034 1420.333 1425.631 1436.664 1449.289 1461.914 1474.539 1484.617 1486.899 1489.182 1491.464 1493.747 1494.037 1493.514 1492.991 1492.468 1492.096 1492.437 1492.779 1493.12 1493.462 1493.856 1494.28 1494.703 1495.127 1495.487 1495.284 1495.081 1494.877 1494.674 1493.332 1491.115 1488.898 1486.68 1484.406 1480.228 1476.05 1471.872 1467.693 1464.341
1441.771 1452.101 1462.43 1466.917 1464.647 1462.378 1460.109 1457.839 1449.611 1440.917 1432.223 1423.529 1417.113 1414.241 1411.369 1408.496 1405.624 1405.048 1404.862 1404.675 1404.489 1405.971 1411.017 1416.063 1421.109 1426.156 1436.762 1448.914 1461.065 1473.216 1482.969 1485.386 1487.804 1490.221 1492.638 1493.027 1492.588 1492.149 1491.711 1491.413 1491.783 1492.154 1492.525 1492.896 1493.306 1493.739 1494.172 1494.606 1494.969 1494.716 1494.463 1494.209 1493.956 1492.574 1490.325 1488.076 1485.826 1483.503 1478.692 1473.882 1469.072 1464.261 1460.121
1446.945 1457.118 1467.291 1471.881 1470.016 1468.152 1466.288 1464.423 1456.455 1448.009 1439.564 1431.118 1424.699 1421.433 1418.166 1414.9 1411.633 1410.834 1410.453 1410.072 1409.692 1410.888 1415.453 1420.019 1424.585 1429.15 1438.621 1449.455 1460.289 1471.123 1479.963 1482.704 1485.445 1488.186 1490.927 1491.675 1491.609 1491.543 1491.476 1491.489 1491.876 1492.263 1492.65 1493.037 1493.429 1493.824 1494.22 1494.615 1494.928 1494.513 1494.098 1493.682 1493.267 1491.69 1489.219 1486.749 1484.278 1481.734 1476.757 1471.779 1466.801 1461.823 1457.25
1452.118 1462.134 1472.151 1476.845 1475.386 1473.926 1472.467 1471.007 1463.298 1455.101 1446.904 1438.707 1432.285 1428.625 1424.964 1421.303 1417.642 1416.62 1416.045 1415.469 1414.894 1415.805 1419.89 1423.975 1428.06 1432.145 1440.481 1449.997 1459.513 1469.029 1476.956 1480.022 1483.087 1486.152 1489.217 1490.323 1490.629 1490.936 1491.242 1491.565 1491.968 1492.371 1492.775 1493.178 1493.552 1493.909 1494.267 1494.625 1494.887 1494.31 1493.733 1493.156 1492.578 1490.806 1488.114 1485.421 1482.729 1479.966 1474.821 1469.676 1464.53 1459.385 1454.378
1457.292 1467.151 1477.011 1481.809 1480.755 1479.7 1478.646 1477.591 1470.142 1462.194 1454.245 1446.296 1439.871 1435.816 1431.761 1427.706 1423.651 1422.406 1421.636 1420.867 1420.097 1420.722 1424.327 1427.931 1431.535 1435.14 1442.34 1450.539 1458.737 1466.936 1473.95 1477.339 1480.728 1484.117 1487.507 1488.971 1489.65 1490.329 1491.008 1491.642 1492.061 1492.48 1492.899 1493.319 1493.675 1493.995 1494.314 1494.634 1494.847 1494.107 1493.368 1492.629 1491.89 1489.921 1487.008 1484.094 1481.181 1478.197 1472.885 1467.572 1462.26 1456.947 1451.507
1462.465 1472.168 1481.871 1486.773 1486.124 1485.474 1484.825 1484.176 1476.986 1469.286 1461.585 1453.885 1447.457 1443.008 1438.559 1434.11 1429.661 1428.192 1427.228 1426.264 1425.3 1425.639 1428.763 1431.887 1435.011 1438.135 1444.199 1451.081 1457.962 1464.843 1470.944 1474.657 1478.37 1482.083 1485.796 1487.619 1488.671 1489.722 1490.774 1491.718 1492.153 1492.589 1493.024 1493.46 1493.797 1494.08 1494.362 1494.644 1494.806 1493.904 1493.003 1492.102 1491.201 1489.037 1485.902 1482.767 1479.632 1476.429 1470.949 1465.469 1459.989 1454.509 1448.635
1467.358 1475.972 1484.586 1488.964 1488.442 1487.92 1487.399 1486.877 1480.214 1473.072 1465.929 1458.787 1452.726 1448.347 1443.969 1439.589 1435.211 1433.779 1432.848 1431.916 1430.985 1431.19 1433.822 1436.455 1439.087 1441.72 1447.128 1453.307 1459.487 1465.666 1471.248 1475.004 1478.761 1482.517 1486.273 1488.141 1489.237 1490.334 1491.43 1492.38 1492.63 1492.88 1493.13 1493.38 1493.695 1494.047 1494.4 1494.752 1494.975 1494.048 1493.122 1492.195 1491.269 1488.934 1485.517 1482.099 1478.682 1475.195 1469.385 1463.576 1457.767 1451.958 1445.921
1472.111 1479.17 1486.229 1489.767 1489.234 1488.702 1488.17 1487.637 1481.635 1475.205 1468.776 1462.346 1456.837 1452.761 1448.684 1444.608 1440.531 1439.268 1438.483 1437.697 1436.911 1437.057 1439.193 1441.328 1443.464 1445.6 1450.592 1456.377 1462.162 1467.947 1473.208 1476.867 1480.526 1484.186 1487.845 1489.6 1490.577 1491.555 1492.533 1493.334 1493.298 1493.262 1493.226 1493.19 1493.481 1493.957 1494.433 1494.91 1495.248 1494.365 1493.482 1492.599 1491.715 1489.223 1485.492 1481.761 1478.03 1474.227 1468.008 1461.788 1455.568 1449.349 1443.285
1476.863 1482.367 1487.871 1490.57 1490.027 1489.484 1488.941 1488.397 1483.055 1477.339 1471.621 1465.905 1460.948 1457.174 1453.4 1449.626 1445.852 1444.757 1444.117 1443.477 1442.837 1442.924 1444.563 1446.202 1447.841 1449.48 1454.055 1459.446 1464.837 1470.228 1475.168 1478.73 1482.292 1485.854 1489.416 1491.058 1491.917 1492.776 1493.635 1494.289 1493.966 1493.644 1493.322 1493.0 1493.266 1493.866 1494.467 1495.068 1495.522 1494.682 1493.842 1493.002 1492.162 1489.511 1485.467 1481.423 1477.379 1473.26 1466.63 1460.0 1453.37 1446.74 1440.649
1481.616 1485.564 1489.513 1491.374 1490.819 1490.266 1489.711 1489.157 1484.476 1479.472 1474.468 1469.464 1465.059 1461.587 1458.116 1454.644 1451.172 1450.246 1449.752 1449.258 1448.764 1448.791 1449.934 1451.076 1452.218 1453.36 1457.519 1462.516 1467.513 1472.509 1477.129 1480.593 1484.058 1487.523 1490.987 1492.517 1493.257 1493.997 1494.738 1495.243 1494.635 1494.026 1493.418 1492.809 1493.051 1493.776 1494.501 1495.225 1495.796 1494.999 1494.202 1493.405 1492.609 1489.799 1485.442 1481.085 1476.728 1472.293 1465.253 1458.212 1451.172 1444.131 1438.013
1486.016 1488.514 1491.013 1492.072 1491.468 1490.864 1490.26 1489.655 1485.617 1481.31 1477.003 1472.696 1468.859 1465.753 1462.647 1459.541 1456.435 1455.675 1455.312 1454.948 1454.585 1454.541 1455.178 1455.815 1456.452 1457.089 1460.846 1465.47 1470.093 1474.717 1479.032 1482.401 1485.771 1489.141 1492.51 1493.911 1494.508 1495.106 1495.703 1496.035 1495.105 1494.175 1493.245 1492.316 1492.455 1493.203 1493.95 1494.698 1495.284 1494.439 1493.594 1492.748 1491.903 1488.936 1484.336 1479.736 1475.136 1470.456 1463.105 1455.754 1448.402 1441.051 1434.98
1488.066 1489.814 1491.562 1492.074 1491.157 1490.239 1489.322 1488.404 1484.894 1481.181 1477.468 1473.755 1470.588 1468.271 1465.953 1463.635 1461.318 1460.699 1460.368 1460.038 1459.707 1459.505 1459.581 1459.656 1459.732 1459.807 1463.261 1467.652 1472.044 1476.435 1480.555 1483.843 1487.132 1490.421 1493.709 1494.872 1495.167 1495.462 1495.757 1495.742 1494.256 1492.77 1491.284 1489.798 1489.32 1489.414 1489.508 1489.603 1489.535 1488.031 1486.527 1485.023 1483.519 1480.393 1476.02 1471.647 1467.274 1462.824 1455.824 1448.824 1441.823 1434.823 1429.297
1490.117 1491.114 1492.112 1492.076 1490.845 1489.615 1488.384 1487.153 1484.171 1481.052 1477.933 1474.814 1472.317 1470.788 1469.259 1467.73 1466.2 1465.724 1465.425 1465.127 1464.828 1464.47 1463.984 1463.498 1463.012 1462.526 1465.675 1469.835 1473.994 1478.153 1482.078 1485.286 1488.493 1491.701 1494.909 1495.833 1495.826 1495.818 1495.811 1495.45 1493.407 1491.365 1489.323 1487.281 1486.184 1485.625 1485.066 1484.507 1483.785 1481.622 1479.46 1477.297 1475.134 1471.85 1467.704 1463.558 1459.411 1455.193 1448.543 1441.894 1435.244 1428.594 1423.614
1492.167 1492.414 1492.661 1492.078 1490.534 1488.99 1487.446 1485.902 1483.448 1480.923 1478.398 1475.873 1474.046 1473.306 1472.565 1471.824 1471.083 1470.748 1470.482 1470.216 1469.95 1469.435 1468.387 1467.339 1466.292 1465.244 1468.09 1472.017 1475.944 1479.871 1483.601 1486.728 1489.854 1492.981 1496.108 1496.794 1496.484 1496.175 1495.865 1495.157 1492.559 1489.96 1487.362 1484.764 1483.049 1481.836 1480.624 1479.411 1478.036 1475.214 1472.393 1469.571 1466.75 1463.308 1459.388 1455.469 1451.549 1447.561 1441.262 1434.964 1428.665 1422.367 1417.931
1494.218 1493.714 1493.21 1492.079 1490.222 1488.365 1486.508 1484.651 1482.726 1480.795 1478.863 1476.932 1475.776 1475.823 1475.87 1475.918 1475.965 1475.773 1475.539 1475.305 1475.072 1474.399 1472.79 1471.181 1469.572 1467.963 1470.505 1474.199 1477.894 1481.589 1485.124 1488.17 1491.216 1494.261 1497.307 1497.755 1497.143 1496.531 1495.919 1494.864 1491.71 1488.555 1485.401 1482.246 1479.914 1478.048 1476.182 1474.316 1472.286 1468.806 1465.326 1461.846 1458.365 1454.765 1451.072 1447.38 1443.687 1439.929 1433.981 1428.034 1422.086 1416.139 1412.248
