data/zism_data/00895_04_D.txt
ncols         224
nrows         224
[rows 84 to 111 of 224, columns 0 to 62 of 224]
1534.537 1538.608 1542.679 1544.73 1544.444 1544.158 1543.872 1543.587 1539.405 1534.919 1530.433 1525.947 1521.597 1517.46 1513.323 1509.185 1505.048 1507.557 1511.193 1514.829 1518.464 1523.599 1531.935 1540.271 1548.607 1556.943 1562.453 1567.177 1571.902 1576.626 1580.302 1580.772 1581.242 1581.711 1582.181 1582.312 1582.305 1582.297 1582.29 1582.09 1580.971 1579.853 1578.734 1577.616 1575.416 1572.601 1569.787 1566.972 1564.074 1560.443 1556.812 1553.18 1549.549 1546.368 1543.534 1540.7 1537.865 1535.099 1534.593 1534.086 1533.58 1533.074 1532.421
1530.333 1534.157 1537.981 1539.96 1539.804 1539.649 1539.493 1539.338 1535.591 1531.564 1527.537 1523.511 1519.57 1515.765 1511.959 1508.154 1504.348 1506.345 1509.325 1512.306 1515.286 1519.814 1527.651 1535.487 1543.324 1551.16 1556.551 1561.262 1565.974 1570.685 1574.36 1574.868 1575.375 1575.883 1576.39 1576.537 1576.537 1576.537 1576.537 1576.369 1575.398 1574.427 1573.456 1572.486 1570.538 1568.035 1565.531 1563.028 1560.407 1556.74 1553.073 1549.406 1545.738 1542.546 1539.72 1536.894 1534.068 1531.315 1531.052 1530.788 1530.524 1530.26 1529.845
1526.184 1529.77 1533.357 1535.273 1535.258 1535.243 1535.228 1535.213 1531.857 1528.241 1524.624 1521.007 1517.454 1514.0 1510.545 1507.09 1503.636 1505.185 1507.582 1509.979 1512.376 1516.334 1523.625 1530.916 1538.207 1545.498 1550.661 1555.232 1559.802 1564.373 1567.948 1568.478 1569.007 1569.536 1570.065 1570.218 1570.218 1570.218 1570.218 1570.077 1569.269 1568.46 1567.651 1566.842 1565.18 1563.034 1560.887 1558.74 1556.437 1552.748 1549.059 1545.371 1541.682 1538.508 1535.73 1532.953 1530.175 1527.477 1527.462 1527.446 1527.431 1527.416 1527.241
1522.035 1525.383 1528.733 1530.586 1530.712 1530.837 1530.962 1531.088 1528.123 1524.917 1521.71 1518.504 1515.338 1512.235 1509.131 1506.027 1502.924 1504.025 1505.839 1507.653 1509.467 1512.854 1519.599 1526.345 1533.091 1539.837 1544.77 1549.201 1553.631 1558.062 1561.536 1562.087 1562.638 1563.188 1563.739 1563.899 1563.899 1563.899 1563.899 1563.786 1563.139 1562.493 1561.846 1561.199 1559.823 1558.033 1556.242 1554.452 1552.467 1548.756 1545.046 1541.336 1537.625 1534.469 1531.74 1529.011 1526.282 1523.639 1523.872 1524.105 1524.338 1524.571 1524.636
1517.885 1520.997 1524.108 1525.9 1526.166 1526.431 1526.697 1526.963 1524.389 1521.593 1518.797 1516.001 1513.222 1510.47 1507.717 1504.964 1502.212 1502.865 1504.096 1505.327 1506.558 1509.373 1515.573 1521.774 1527.974 1534.175 1538.88 1543.17 1547.46 1551.75 1555.125 1555.697 1556.269 1556.841 1557.413 1557.579 1557.579 1557.579 1557.579 1557.495 1557.01 1556.525 1556.041 1555.556 1554.466 1553.032 1551.598 1550.164 1548.497 1544.765 1541.033 1537.301 1533.569 1530.431 1527.75 1525.07 1522.389 1519.801 1520.282 1520.763 1521.245 1521.726 1522.032
1514.16 1516.987 1519.813 1521.512 1521.91 1522.307 1522.704 1523.101 1520.899 1518.495 1516.09 1513.685 1511.276 1508.861 1506.446 1504.031 1501.616 1501.924 1502.694 1503.463 1504.233 1506.538 1512.125 1517.712 1523.298 1528.885 1533.311 1537.415 1541.518 1545.622 1548.859 1549.447 1550.035 1550.623 1551.211 1551.381 1551.381 1551.381 1551.381 1551.321 1550.976 1550.631 1550.286 1549.941 1549.092 1547.956 1546.821 1545.685 1544.29 1540.596 1536.902 1533.207 1529.513 1526.474 1523.939 1521.404 1518.868 1516.427 1517.125 1517.824 1518.522 1519.221 1519.734
1511.552 1513.967 1516.383 1517.913 1518.418 1518.923 1519.428 1519.934 1518.055 1515.991 1513.926 1511.861 1509.778 1507.665 1505.553 1503.44 1501.327 1501.559 1502.188 1502.818 1503.447 1505.404 1510.196 1514.989 1519.782 1524.575 1528.588 1532.384 1536.18 1539.975 1542.981 1543.569 1544.157 1544.745 1545.332 1545.503 1545.503 1545.503 1545.503 1545.457 1545.193 1544.929 1544.665 1544.401 1543.674 1542.684 1541.694 1540.704 1539.46 1535.96 1532.46 1528.961 1525.461 1522.732 1520.596 1518.461 1516.325 1514.275 1515.109 1515.942 1516.776 1517.609 1518.241
1508.943 1510.948 1512.954 1514.314 1514.927 1515.54 1516.153 1516.766 1515.211 1513.487 1511.762 1510.038 1508.28 1506.469 1504.659 1502.849 1501.038 1501.194 1501.683 1502.172 1502.661 1504.269 1508.268 1512.267 1516.266 1520.265 1523.865 1527.353 1530.841 1534.329 1537.102 1537.69 1538.278 1538.866 1539.454 1539.624 1539.624 1539.624 1539.624 1539.593 1539.409 1539.226 1539.043 1538.86 1538.255 1537.411 1536.568 1535.724 1534.63 1531.324 1528.019 1524.714 1521.408 1518.99 1517.254 1515.518 1513.781 1512.124 1513.092 1514.061 1515.029 1515.998 1516.749
1506.334 1507.929 1509.524 1510.714 1511.435 1512.156 1512.878 1513.599 1512.367 1510.983 1509.599 1508.214 1506.781 1505.274 1503.766 1502.258 1500.75 1500.829 1501.178 1501.526 1501.875 1503.134 1506.339 1509.545 1512.75 1515.956 1519.141 1522.322 1525.502 1528.682 1531.224 1531.812 1532.4 1532.988 1533.576 1533.746 1533.746 1533.746 1533.746 1533.728 1533.626 1533.524 1533.422 1533.32 1532.837 1532.139 1531.441 1530.743 1529.8 1526.689 1523.578 1520.467 1517.356 1515.248 1513.911 1512.575 1511.238 1509.972 1511.076 1512.179 1513.282 1514.386 1515.256
1503.725 1504.91 1506.095 1507.115 1507.944 1508.773 1509.602 1510.431 1509.523 1508.479 1507.435 1506.391 1505.283 1504.078 1502.872 1501.667 1500.461 1500.464 1500.672 1500.88 1501.088 1501.999 1504.411 1506.822 1509.234 1511.646 1514.418 1517.291 1520.163 1523.036 1525.346 1525.933 1526.521 1527.109 1527.697 1527.867 1527.867 1527.867 1527.867 1527.864 1527.843 1527.822 1527.8 1527.779 1527.419 1526.867 1526.315 1525.762 1524.97 1522.053 1519.137 1516.22 1513.303 1511.506 1510.569 1509.632 1508.694 1507.82 1509.059 1510.297 1511.536 1512.774 1513.764
1502.548 1503.451 1504.353 1505.181 1505.922 1506.664 1507.405 1508.147 1507.444 1506.628 1505.813 1504.997 1504.128 1503.177 1502.226 1501.275 1500.324 1500.309 1500.452 1500.596 1500.739 1501.431 1503.292 1505.153 1507.015 1508.876 1511.185 1513.618 1516.051 1518.484 1520.447 1520.971 1521.495 1522.019 1522.543 1522.695 1522.695 1522.695 1522.695 1522.695 1522.695 1522.695 1522.695 1522.695 1522.413 1521.97 1521.528 1521.085 1520.443 1518.032 1515.621 1513.21 1510.799 1509.429 1508.86 1508.29 1507.721 1507.203 1508.405 1509.606 1510.808 1512.01 1512.988
1501.877 1502.542 1503.207 1503.834 1504.419 1505.004 1505.589 1506.174 1505.635 1505.009 1504.382 1503.755 1503.095 1502.381 1501.668 1500.954 1500.24 1500.227 1500.333 1500.439 1500.545 1501.062 1502.459 1503.856 1505.253 1506.65 1508.477 1510.425 1512.372 1514.319 1515.894 1516.332 1516.769 1517.207 1517.645 1517.771 1517.771 1517.771 1517.771 1517.771 1517.771 1517.771 1517.771 1517.771 1517.551 1517.206 1516.86 1516.515 1516.023 1514.227 1512.432 1510.637 1508.841 1507.94 1507.727 1507.514 1507.301 1507.126 1508.231 1509.336 1510.44 1511.545 1512.466
1501.206 1501.633 1502.06 1502.488 1502.916 1503.344 1503.773 1504.201 1503.826 1503.389 1502.951 1502.513 1502.061 1501.585 1501.109 1500.633 1500.157 1500.146 1500.214 1500.282 1500.35 1500.694 1501.626 1502.559 1503.491 1504.424 1505.77 1507.231 1508.692 1510.153 1511.341 1511.692 1512.044 1512.395 1512.746 1512.848 1512.848 1512.848 1512.848 1512.848 1512.848 1512.848 1512.848 1512.848 1512.69 1512.442 1512.193 1511.945 1511.603 1510.423 1509.243 1508.063 1506.884 1506.452 1506.595 1506.738 1506.882 1507.05 1508.058 1509.065 1510.073 1511.08 1511.943
1500.535 1500.724 1500.914 1501.141 1501.413 1501.685 1501.957 1502.229 1502.018 1501.769 1501.52 1501.272 1501.027 1500.789 1500.55 1500.312 1500.074 1500.065 1500.095 1500.125 1500.155 1500.325 1500.793 1501.261 1501.729 1502.198 1503.063 1504.038 1505.013 1505.988 1506.788 1507.053 1507.318 1507.583 1507.848 1507.924 1507.924 1507.924 1507.924 1507.924 1507.924 1507.924 1507.924 1507.924 1507.828 1507.677 1507.526 1507.375 1507.182 1506.618 1506.054 1505.49 1504.926 1504.963 1505.463 1505.963 1506.462 1506.974 1507.884 1508.794 1509.705 1510.615 1511.421
1500.0 1500.0 1500.0 1500.065 1500.205 1500.346 1500.486 1500.627 1500.55 1500.456 1500.363 1500.269 1500.194 1500.147 1500.1 1500.054 1500.007 1500.0 1500.0 1500.0 1500.0 1500.03 1500.123 1500.217 1500.311 1500.404 1500.864 1501.426 1501.987 1502.549 1503.018 1503.205 1503.392 1503.579 1503.767 1503.821 1503.821 1503.821 1503.821 1503.821 1503.825 1503.828 1503.831 1503.835 1503.802 1503.748 1503.694 1503.64 1503.587 1503.533 1503.479 1503.425 1503.372 1503.783 1504.551 1505.32 1506.088 1506.858 1507.687 1508.515 1509.343 1510.172 1510.926
1500.0 1500.0 1500.0 1500.05 1500.158 1500.266 1500.374 1500.482 1500.423 1500.351 1500.279 1500.207 1500.149 1500.113 1500.077 1500.041 1500.005 1500.0 1500.0 1500.0 1500.0 1500.023 1500.095 1500.167 1500.239 1500.311 1500.665 1501.097 1501.528 1501.96 1502.321 1502.465 1502.609 1502.753 1502.897 1502.939 1502.939 1502.939 1502.939 1502.943 1502.962 1502.981 1503.001 1503.02 1503.055 1503.099 1503.142 1503.186 1503.229 1503.272 1503.316 1503.359 1503.403 1503.813 1504.506 1505.199 1505.892 1506.588 1507.395 1508.202 1509.009 1509.815 1510.54
1500.0 1500.0 1500.0 1500.035 1500.111 1500.186 1500.262 1500.337 1500.296 1500.246 1500.195 1500.145 1500.104 1500.079 1500.054 1500.029 1500.004 1500.0 1500.0 1500.0 1500.0 1500.016 1500.066 1500.117 1500.167 1500.218 1500.465 1500.768 1501.07 1501.372 1501.625 1501.726 1501.827 1501.927 1502.028 1502.057 1502.057 1502.057 1502.057 1502.064 1502.099 1502.135 1502.171 1502.206 1502.309 1502.45 1502.59 1502.731 1502.871 1503.012 1503.153 1503.293 1503.434 1503.844 1504.461 1505.079 1505.696 1506.318 1507.103 1507.889 1508.674 1509.459 1510.154
1500.0 1500.0 1500.0 1500.02 1500.063 1500.106 1500.15 1500.193 1500.169 1500.14 1500.112 1500.083 1500.06 1500.045 1500.031 1500.016 1500.002 1500.0 1500.0 1500.0 1500.0 1500.009 1500.038 1500.067 1500.096 1500.124 1500.266 1500.439 1500.611 1500.784 1500.929 1500.986 1501.044 1501.101 1501.159 1501.176 1501.176 1501.176 1501.176 1501.185 1501.237 1501.288 1501.34 1501.392 1501.563 1501.8 1502.038 1502.276 1502.514 1502.752 1502.99 1503.228 1503.465 1503.875 1504.417 1504.958 1505.5 1506.048 1506.812 1507.575 1508.339 1509.103 1509.768
1500.0 1500.0 1500.0 1500.005 1500.016 1500.027 1500.037 1500.048 1500.042 1500.035 1500.028 1500.021 1500.015 1500.011 1500.008 1500.004 1500.0 1500.0 1500.0 1500.0 1500.0 1500.002 1500.01 1500.017 1500.024 1500.031 1500.066 1500.11 1500.153 1500.196 1500.232 1500.247 1500.261 1500.275 1500.29 1500.294 1500.294 1500.294 1500.294 1500.306 1500.374 1500.442 1500.51 1500.578 1500.816 1501.151 1501.486 1501.821 1502.156 1502.491 1502.827 1503.161 1503.497 1503.906 1504.372 1504.838 1505.304 1505.778 1506.52 1507.262 1508.004 1508.746 1509.382
1500.137 1500.173 1500.209 1500.235 1500.25 1500.264 1500.278 1500.293 1500.247 1500.197 1500.146 1500.096 1500.06 1500.045 1500.031 1500.016 1500.002 1500.0 1500.0 1500.0 1500.0 1500.0 1500.0 1500.0 1500.0 1500.0 1500.034 1500.077 1500.12 1500.163 1500.217 1500.304 1500.39 1500.476 1500.563 1500.567 1500.539 1500.51 1500.481 1500.454 1500.434 1500.413 1500.393 1500.373 1500.561 1500.867 1501.174 1501.48 1501.792 1502.16 1502.527 1502.895 1503.262 1503.667 1504.101 1504.534 1504.968 1505.41 1506.119 1506.829 1507.538 1508.248 1508.856
1500.343 1500.433 1500.523 1500.588 1500.624 1500.66 1500.696 1500.732 1500.618 1500.492 1500.366 1500.24 1500.149 1500.113 1500.077 1500.041 1500.005 1500.0 1500.0 1500.0 1500.0 1500.0 1500.0 1500.0 1500.0 1500.0 1500.084 1500.193 1500.301 1500.408 1500.543 1500.759 1500.975 1501.191 1501.407 1501.418 1501.346 1501.274 1501.202 1501.115 1500.955 1500.794 1500.634 1500.473 1500.552 1500.766 1500.981 1501.195 1501.425 1501.792 1502.16 1502.527 1502.895 1503.293 1503.716 1504.139 1504.562 1504.992 1505.664 1506.336 1507.008 1507.679 1508.26
1500.549 1500.693 1500.837 1500.941 1500.999 1501.056 1501.114 1501.172 1500.989 1500.787 1500.585 1500.384 1500.239 1500.181 1500.124 1500.066 1500.008 1500.0 1500.0 1500.0 1500.0 1500.0 1500.0 1500.0 1500.0 1500.0 1500.135 1500.308 1500.481 1500.654 1500.869 1501.214 1501.56 1501.906 1502.251 1502.27 1502.154 1502.039 1501.924 1501.776 1501.476 1501.175 1500.874 1500.573 1500.542 1500.665 1500.787 1500.91 1501.057 1501.425 1501.792 1502.16 1502.527 1502.92 1503.332 1503.744 1504.156 1504.575 1505.209 1505.843 1506.477 1507.111 1507.665
1500.755 1500.953 1501.151 1501.294 1501.373 1501.452 1501.532 1501.611 1501.359 1501.082 1500.805 1500.528 1500.328 1500.249 1500.17 1500.091 1500.011 1500.0 1500.0 1500.0 1500.0 1500.0 1500.0 1500.0 1500.0 1500.0 1500.186 1500.423 1500.661 1500.899 1501.195 1501.67 1502.145 1502.62 1503.095 1503.121 1502.962 1502.804 1502.645 1502.438 1501.997 1501.555 1501.114 1500.673 1500.533 1500.563 1500.594 1500.625 1500.69 1501.057 1501.425 1501.792 1502.16 1502.546 1502.948 1503.349 1503.75 1504.157 1504.753 1505.35 1505.946 1506.542 1507.069
1501.2 1501.49 1501.78 1501.982 1502.083 1502.184 1502.285 1502.386 1502.037 1501.653 1501.269 1500.886 1500.597 1500.456 1500.315 1500.174 1500.033 1500.01 1500.008 1500.005 1500.002 1500.005 1500.02 1500.034 1500.049 1500.064 1500.359 1500.733 1501.106 1501.48 1501.926 1502.592 1503.259 1503.926 1504.593 1504.643 1504.441 1504.239 1504.038 1503.761 1503.127 1502.494 1501.86 1501.226 1500.952 1500.882 1500.812 1500.741 1500.711 1501.029 1501.347 1501.665 1501.983 1502.32 1502.672 1503.024 1503.376 1503.733 1504.291 1504.849 1505.406 1505.964 1506.463
1503.239 1503.874 1504.51 1504.907 1505.03 1505.152 1505.275 1505.397 1504.759 1504.062 1503.365 1502.668 1502.06 1501.59 1501.12 1500.649 1500.179 1500.09 1500.065 1500.041 1500.017 1500.041 1500.169 1500.297 1500.425 1500.554 1501.351 1502.335 1503.319 1504.302 1505.357 1506.628 1507.9 1509.172 1510.443 1510.638 1510.393 1510.148 1509.903 1509.497 1508.323 1507.15 1505.976 1504.802 1504.229 1503.997 1503.765 1503.533 1503.318 1503.258 1503.198 1503.138 1503.078 1503.077 1503.121 1503.165 1503.209 1503.267 1503.781 1504.296 1504.81 1505.325 1505.788
1505.277 1506.258 1507.239 1507.832 1507.976 1508.12 1508.264 1508.408 1507.482 1506.472 1505.461 1504.451 1503.523 1502.724 1501.924 1501.124 1500.325 1500.169 1500.123 1500.077 1500.031 1500.077 1500.319 1500.56 1500.802 1501.043 1502.343 1503.937 1505.531 1507.125 1508.788 1510.665 1512.541 1514.417 1516.294 1516.633 1516.345 1516.057 1515.769 1515.233 1513.519 1511.806 1510.092 1508.378 1507.506 1507.112 1506.718 1506.324 1505.925 1505.487 1505.049 1504.611 1504.173 1503.834 1503.57 1503.306 1503.042 1502.8 1503.271 1503.743 1504.214 1504.685 1505.113
1507.315 1508.642 1509.969 1510.757 1510.923 1511.088 1511.254 1511.42 1510.204 1508.881 1507.557 1506.234 1504.987 1503.858 1502.729 1501.599 1500.47 1500.249 1500.181 1500.114 1500.046 1500.113 1500.468 1500.823 1501.178 1501.533 1503.335 1505.539 1507.743 1509.947 1512.22 1514.701 1517.182 1519.663 1522.144 1522.628 1522.297 1521.966 1521.634 1520.969 1518.715 1516.462 1514.208 1511.954 1510.783 1510.227 1509.671 1509.115 1508.532 1507.716 1506.901 1506.085 1505.269 1504.591 1504.019 1503.448 1502.876 1502.333 1502.761 1503.19 1503.618 1504.046 1504.439
1509.354 1511.026 1512.699 1513.682 1513.869 1514.057 1514.244 1514.431 1512.927 1511.29 1509.653 1508.017 1506.45 1504.991 1503.533 1502.075 1500.616 1500.328 1500.239 1500.15 1500.061 1500.149 1500.618 1501.086 1501.555 1502.023 1504.327 1507.141 1509.956 1512.77 1515.651 1518.737 1521.823 1524.909 1527.995 1528.623 1528.249 1527.874 1527.5 1526.705 1523.911 1521.117 1518.324 1515.53 1514.06 1513.342 1512.624 1511.906 1511.139 1509.946 1508.752 1507.558 1506.364 1505.348 1504.468 1503.589 1502.709 1501.867 1502.252 1502.636 1503.021 1503.406 1503.764
