data/zism_data/00898_04_D.txt
ncols         224
nrows         224
[rows 56 to 83 of 224, columns 64 to 127 of 224]
1376.332 1369.767 1363.202 1356.886 1350.58 1344.275 1337.969 1337.566 1345.304 1353.041 1360.778 1368.516 1374.204 1379.624 1385.044 1390.464 1394.459 1395.782 1397.105 1398.428 1399.751 1396.601 1392.412 1388.224 1384.036 1378.067 1367.411 1356.756 1346.1 1335.445 1327.343 1320.142 1312.941 1305.74 1300.0 1300.0 1300.0 1300.0 1300.0 1300.0 1300.0 1300.0 1300.0 1300.0 1300.0 1300.0 1300.0 1300.0 1300.0 1300.0 1300.0 1300.0 1300.254 1304.627 1309.001 1313.374 1317.748 1325.431 1336.147 1346.863 1357.58 1368.296 1377.195 1386.067
1380.257 1374.497 1368.736 1362.788 1356.831 1350.874 1344.917 1344.481 1351.661 1358.841 1366.021 1373.201 1378.218 1382.952 1387.685 1392.419 1395.851 1396.841 1397.832 1398.823 1399.813 1396.601 1392.412 1388.224 1384.036 1378.067 1367.411 1356.756 1346.1 1335.445 1327.343 1320.142 1312.941 1305.74 1300.0 1300.0 1300.0 1300.0 1300.0 1300.0 1300.0 1300.0 1300.0 1300.0 1300.0 1300.0 1300.0 1300.0 1300.0 1300.0 1300.0 1300.0 1300.256 1304.673 1309.089 1313.505 1317.922 1325.661 1336.448 1347.233 1358.02 1368.805 1377.684 1386.535
1384.183 1379.226 1374.27 1368.69 1363.081 1357.472 1351.864 1351.396 1358.018 1364.641 1371.263 1377.886 1382.232 1386.279 1390.327 1394.374 1397.243 1397.901 1398.559 1399.218 1399.876 1396.601 1392.412 1388.224 1384.036 1378.067 1367.411 1356.756 1346.1 1335.445 1327.343 1320.142 1312.941 1305.74 1300.0 1300.0 1300.0 1300.0 1300.0 1300.0 1300.0 1300.0 1300.0 1300.0 1300.0 1300.0 1300.0 1300.0 1300.0 1300.0 1300.0 1300.0 1300.259 1304.718 1309.177 1313.637 1318.096 1325.892 1336.748 1347.604 1358.459 1369.315 1378.174 1387.003
1388.109 1383.956 1379.804 1374.592 1369.331 1364.071 1358.811 1358.311 1364.376 1370.441 1376.506 1382.571 1386.245 1389.607 1392.968 1396.329 1398.635 1398.961 1399.287 1399.613 1399.939 1396.601 1392.412 1388.224 1384.036 1378.067 1367.411 1356.756 1346.1 1335.445 1327.343 1320.142 1312.941 1305.74 1300.0 1300.0 1300.0 1300.0 1300.0 1300.0 1300.0 1300.0 1300.0 1300.0 1300.0 1300.0 1300.0 1300.0 1300.0 1300.0 1300.0 1300.0 1300.261 1304.763 1309.266 1313.768 1318.27 1326.123 1337.049 1347.974 1358.899 1369.824 1378.663 1387.471
1391.291 1387.88 1384.47 1379.667 1374.8 1369.934 1365.068 1364.534 1369.976 1375.418 1380.859 1386.301 1389.398 1392.188 1394.977 1397.767 1399.614 1399.696 1399.777 1399.858 1399.939 1396.539 1392.33 1388.121 1383.913 1377.933 1367.291 1356.649 1346.007 1335.365 1327.279 1320.095 1312.911 1305.727 1300.0 1300.0 1300.0 1300.0 1300.0 1300.0 1300.0 1300.0 1300.0 1300.0 1300.0 1300.0 1300.0 1300.0 1300.0 1300.0 1300.0 1300.0 1300.253 1304.618 1308.983 1313.348 1317.714 1325.4 1336.131 1346.861 1357.592 1368.323 1377.144 1385.938
1392.85 1390.045 1387.24 1382.935 1378.562 1374.189 1369.815 1369.245 1373.921 1378.596 1383.271 1387.947 1390.67 1393.138 1395.606 1398.074 1399.693 1399.721 1399.748 1399.776 1399.803 1396.34 1392.068 1387.795 1383.522 1377.507 1366.908 1356.309 1345.71 1335.111 1327.075 1319.945 1312.814 1305.684 1300.0 1300.0 1300.0 1300.0 1300.0 1300.0 1300.0 1300.0 1300.0 1300.0 1300.0 1300.0 1300.0 1300.0 1300.0 1300.0 1300.0 1300.0 1300.222 1304.057 1307.891 1311.725 1315.56 1322.59 1332.549 1342.507 1352.467 1362.425 1371.236 1380.029
1394.408 1392.209 1390.01 1386.203 1382.323 1378.443 1374.563 1373.957 1377.865 1381.774 1385.683 1389.592 1391.942 1394.089 1396.235 1398.381 1399.772 1399.745 1399.719 1399.693 1399.667 1396.142 1391.805 1387.468 1383.131 1377.081 1366.525 1355.969 1345.413 1334.857 1326.872 1319.795 1312.718 1305.641 1300.0 1300.0 1300.0 1300.0 1300.0 1300.0 1300.0 1300.0 1300.0 1300.0 1300.0 1300.0 1300.0 1300.0 1300.0 1300.0 1300.0 1300.0 1300.192 1303.495 1306.799 1310.103 1313.406 1319.779 1328.967 1338.154 1347.341 1356.528 1365.327 1374.12
1395.967 1394.374 1392.78 1389.471 1386.084 1382.698 1379.311 1378.668 1381.81 1384.952 1388.094 1391.237 1393.214 1395.039 1396.863 1398.688 1399.85 1399.771 1399.691 1399.611 1399.531 1395.944 1391.543 1387.141 1382.74 1376.656 1366.142 1355.629 1345.115 1334.602 1326.668 1319.645 1312.622 1305.598 1300.0 1300.0 1300.0 1300.0 1300.0 1300.0 1300.0 1300.0 1300.0 1300.0 1300.0 1300.0 1300.0 1300.0 1300.0 1300.0 1300.0 1300.0 1300.161 1302.934 1305.707 1308.48 1311.253 1316.969 1325.385 1333.8 1342.215 1350.63 1359.418 1368.211
1397.526 1396.538 1395.55 1392.739 1389.846 1386.952 1384.058 1383.379 1385.755 1388.13 1390.506 1392.882 1394.486 1395.989 1397.492 1398.995 1399.929 1399.796 1399.662 1399.529 1399.396 1395.746 1391.28 1386.814 1382.349 1376.23 1365.759 1355.289 1344.818 1334.348 1326.465 1319.495 1312.525 1305.556 1300.0 1300.0 1300.0 1300.0 1300.0 1300.0 1300.0 1300.0 1300.0 1300.0 1300.0 1300.0 1300.0 1300.0 1300.0 1300.0 1300.0 1300.0 1300.13 1302.372 1304.615 1306.857 1309.099 1314.159 1321.803 1329.446 1337.089 1344.733 1353.509 1362.302
1398.104 1397.431 1396.758 1394.364 1391.891 1389.419 1386.946 1386.325 1388.258 1390.19 1392.123 1394.055 1395.394 1396.655 1397.916 1399.177 1399.895 1399.592 1399.29 1398.987 1398.684 1394.669 1389.792 1384.914 1380.037 1373.676 1363.412 1353.149 1342.885 1332.621 1325.064 1318.463 1311.862 1305.262 1300.0 1300.0 1300.0 1300.0 1300.0 1300.0 1300.0 1300.0 1300.0 1300.0 1300.0 1300.0 1300.0 1300.0 1300.0 1300.0 1300.0 1300.0 1300.105 1301.916 1303.728 1305.539 1307.35 1311.781 1318.612 1325.444 1332.275 1339.107 1347.604 1356.126
1398.347 1397.888 1397.43 1395.424 1393.348 1391.273 1389.197 1388.666 1390.266 1391.866 1393.466 1395.067 1396.177 1397.224 1398.271 1399.317 1399.822 1399.31 1398.799 1398.287 1397.775 1393.29 1387.882 1382.474 1377.066 1370.393 1360.392 1350.391 1340.389 1330.388 1323.253 1317.129 1311.005 1304.881 1300.0 1300.0 1300.0 1300.0 1300.0 1300.0 1300.0 1300.0 1300.0 1300.0 1300.0 1300.0 1300.0 1300.0 1300.0 1300.0 1300.0 1300.0 1300.082 1301.497 1302.911 1304.326 1305.74 1309.55 1315.557 1321.563 1327.569 1333.574 1341.701 1349.858
1398.59 1398.346 1398.101 1396.485 1394.805 1393.126 1391.447 1391.007 1392.275 1393.542 1394.81 1396.078 1396.961 1397.793 1398.625 1399.457 1399.749 1399.029 1398.308 1397.587 1396.866 1391.911 1385.972 1380.033 1374.094 1367.11 1357.371 1347.633 1337.894 1328.156 1321.441 1315.795 1310.148 1304.501 1300.0 1300.0 1300.0 1300.0 1300.0 1300.0 1300.0 1300.0 1300.0 1300.0 1300.0 1300.0 1300.0 1300.0 1300.0 1300.0 1300.0 1300.0 1300.059 1301.077 1302.095 1303.113 1304.131 1307.32 1312.501 1317.681 1322.862 1328.042 1335.797 1343.59
1398.833 1398.803 1398.773 1397.545 1396.262 1394.98 1393.698 1393.347 1394.283 1395.218 1396.154 1397.089 1397.744 1398.361 1398.979 1399.597 1399.677 1398.747 1397.817 1396.887 1395.957 1390.532 1384.062 1377.593 1371.123 1363.826 1354.35 1344.875 1335.399 1325.923 1319.63 1314.46 1309.29 1304.121 1300.0 1300.0 1300.0 1300.0 1300.0 1300.0 1300.0 1300.0 1300.0 1300.0 1300.0 1300.0 1300.0 1300.0 1300.0 1300.0 1300.0 1300.0 1300.036 1300.657 1301.278 1301.9 1302.521 1305.09 1309.445 1313.8 1318.155 1322.51 1329.894 1337.322
1399.025 1399.187 1399.348 1398.466 1397.537 1396.608 1395.679 1395.409 1396.047 1396.684 1397.322 1397.96 1398.414 1398.844 1399.273 1399.703 1399.587 1398.449 1397.311 1396.173 1395.036 1389.189 1382.25 1375.311 1368.372 1360.806 1351.589 1342.372 1333.155 1323.938 1318.025 1313.278 1308.531 1303.784 1300.0 1300.0 1300.0 1300.0 1300.0 1300.0 1300.0 1300.0 1300.0 1300.0 1300.0 1300.0 1300.0 1300.0 1300.0 1300.0 1300.0 1300.0 1300.016 1300.3 1300.584 1300.867 1301.151 1303.156 1306.739 1310.322 1313.905 1317.488 1324.518 1331.599
1398.983 1399.224 1399.466 1398.731 1397.952 1397.173 1396.395 1396.155 1396.659 1397.162 1397.666 1398.17 1398.552 1398.917 1399.282 1399.647 1399.419 1398.077 1396.736 1395.394 1394.052 1388.02 1380.899 1373.777 1366.656 1359.024 1350.048 1341.073 1332.097 1323.121 1317.394 1312.813 1308.232 1303.651 1300.0 1300.0 1300.0 1300.0 1300.0 1300.0 1300.0 1300.0 1300.0 1300.0 1300.0 1300.0 1300.0 1300.0 1300.0 1300.0 1300.0 1300.0 1300.013 1300.238 1300.462 1300.687 1300.912 1302.617 1305.68 1308.743 1311.806 1314.869 1321.628 1328.44
1398.94 1399.262 1399.584 1398.996 1398.368 1397.739 1397.11 1396.901 1397.271 1397.641 1398.01 1398.38 1398.689 1398.99 1399.291 1399.592 1399.251 1397.706 1396.16 1394.615 1393.07 1386.851 1379.547 1372.244 1364.94 1357.243 1348.508 1339.774 1331.039 1322.305 1316.763 1312.348 1307.934 1303.519 1300.0 1300.0 1300.0 1300.0 1300.0 1300.0 1300.0 1300.0 1300.0 1300.0 1300.0 1300.0 1300.0 1300.0 1300.0 1300.0 1300.0 1300.0 1300.01 1300.175 1300.341 1300.507 1300.672 1302.078 1304.621 1307.164 1309.708 1312.251 1318.737 1325.282
1398.897 1399.3 1399.702 1399.261 1398.783 1398.304 1397.825 1397.647 1397.883 1398.119 1398.354 1398.59 1398.827 1399.063 1399.3 1399.537 1399.083 1397.334 1395.585 1393.836 1392.087 1385.682 1378.196 1370.71 1363.224 1355.461 1346.968 1338.475 1329.981 1321.488 1316.132 1311.884 1307.635 1303.387 1300.0 1300.0 1300.0 1300.0 1300.0 1300.0 1300.0 1300.0 1300.0 1300.0 1300.0 1300.0 1300.0 1300.0 1300.0 1300.0 1300.0 1300.0 1300.006 1300.113 1300.22 1300.326 1300.433 1301.54 1303.563 1305.586 1307.609 1309.632 1315.847 1322.123
1398.854 1399.337 1399.82 1399.527 1399.198 1398.87 1398.541 1398.393 1398.495 1398.597 1398.699 1398.8 1398.965 1399.137 1399.309 1399.481 1398.915 1396.962 1395.009 1393.056 1391.104 1384.512 1376.844 1369.176 1361.508 1353.679 1345.427 1337.175 1328.923 1320.671 1315.501 1311.419 1307.336 1303.254 1300.0 1300.0 1300.0 1300.0 1300.0 1300.0 1300.0 1300.0 1300.0 1300.0 1300.0 1300.0 1300.0 1300.0 1300.0 1300.0 1300.0 1300.0 1300.003 1300.051 1300.098 1300.146 1300.194 1301.001 1302.504 1304.007 1305.51 1307.013 1312.957 1318.965
1398.965 1399.424 1399.884 1399.68 1399.446 1399.213 1398.979 1398.856 1398.885 1398.915 1398.944 1398.974 1398.889 1398.789 1398.689 1398.589 1397.662 1395.184 1392.707 1390.229 1387.751 1381.11 1373.503 1365.896 1358.29 1350.62 1342.785 1334.949 1327.114 1319.279 1314.426 1310.627 1306.828 1303.028 1300.022 1300.133 1300.243 1300.354 1300.464 1300.488 1300.468 1300.449 1300.429 1300.401 1300.31 1300.219 1300.128 1300.037 1300.0 1300.0 1300.0 1300.0 1300.001 1300.022 1300.044 1300.065 1300.086 1300.694 1301.84 1302.985 1304.131 1305.276 1310.63 1316.046
1399.176 1399.544 1399.912 1399.761 1399.586 1399.411 1399.237 1399.134 1399.131 1399.129 1399.126 1399.124 1398.675 1398.167 1397.66 1397.153 1395.705 1392.492 1389.28 1386.068 1382.856 1376.255 1368.868 1361.481 1354.094 1346.73 1339.425 1332.12 1324.816 1317.511 1313.063 1309.623 1306.182 1302.742 1300.059 1300.352 1300.645 1300.937 1301.23 1301.293 1301.241 1301.19 1301.138 1301.062 1300.821 1300.58 1300.339 1300.098 1300.0 1300.0 1300.0 1300.0 1300.001 1300.017 1300.033 1300.049 1300.064 1300.538 1301.432 1302.325 1303.219 1304.113 1308.671 1313.282
1399.386 1399.663 1399.94 1399.842 1399.726 1399.61 1399.494 1399.412 1399.378 1399.343 1399.308 1399.273 1398.461 1397.546 1396.631 1395.716 1393.747 1389.8 1385.854 1381.907 1377.961 1371.4 1364.233 1357.065 1349.898 1342.839 1336.065 1329.291 1322.517 1315.743 1311.699 1308.618 1305.537 1302.456 1300.096 1300.571 1301.046 1301.521 1301.996 1302.098 1302.015 1301.931 1301.847 1301.723 1301.332 1300.941 1300.55 1300.159 1300.0 1300.0 1300.0 1300.0 1300.001 1300.011 1300.022 1300.032 1300.043 1300.382 1301.024 1301.666 1302.307 1302.949 1306.711 1310.519
1399.597 1399.783 1399.969 1399.922 1399.865 1399.809 1399.752 1399.691 1399.624 1399.557 1399.49 1399.423 1398.246 1396.924 1395.602 1394.28 1391.79 1387.108 1382.427 1377.746 1373.065 1366.545 1359.597 1352.65 1345.702 1338.949 1332.706 1326.462 1320.219 1313.976 1310.335 1307.613 1304.891 1302.17 1300.133 1300.791 1301.448 1302.105 1302.762 1302.904 1302.788 1302.672 1302.556 1302.384 1301.843 1301.302 1300.761 1300.22 1300.0 1300.0 1300.0 1300.0 1300.0 1300.005 1300.011 1300.016 1300.021 1300.227 1300.616 1301.006 1301.396 1301.786 1304.751 1307.755
1399.801 1399.899 1399.996 1400.0 1400.0 1400.0 1400.0 1399.957 1399.854 1399.751 1399.648 1399.545 1397.99 1396.245 1394.5 1392.755 1389.737 1384.332 1378.927 1373.522 1368.118 1361.64 1354.913 1348.185 1341.458 1335.012 1329.305 1323.599 1317.892 1312.185 1308.959 1306.608 1304.257 1301.906 1300.203 1301.046 1301.889 1302.732 1303.576 1303.755 1303.603 1303.451 1303.298 1303.075 1302.379 1301.683 1300.987 1300.291 1300.007 1300.005 1300.003 1300.002 1300.0 1300.0 1300.0 1300.0 1300.0 1300.076 1300.222 1300.368 1300.514 1300.659 1302.841 1305.052
1399.845 1399.921 1399.997 1400.0 1400.0 1400.0 1400.0 1399.898 1399.656 1399.413 1399.171 1398.928 1396.623 1394.047 1391.471 1388.895 1385.181 1379.331 1373.481 1367.632 1361.782 1355.411 1348.92 1342.429 1335.938 1329.853 1324.838 1319.823 1314.807 1309.792 1307.249 1305.579 1303.909 1302.239 1301.136 1302.263 1303.391 1304.518 1305.645 1305.823 1305.526 1305.229 1304.932 1304.546 1303.565 1302.585 1301.605 1300.625 1300.197 1300.147 1300.097 1300.047 1300.0 1300.0 1300.0 1300.0 1300.0 1300.059 1300.173 1300.287 1300.4 1300.514 1302.214 1303.937
1399.889 1399.943 1399.998 1400.0 1400.0 1400.0 1400.0 1399.84 1399.458 1399.076 1398.694 1398.312 1395.256 1391.849 1388.443 1385.036 1380.625 1374.33 1368.035 1361.741 1355.446 1349.183 1342.928 1336.672 1330.417 1324.693 1320.37 1316.046 1311.723 1307.399 1305.54 1304.55 1303.561 1302.571 1302.069 1303.48 1304.892 1306.303 1307.714 1307.891 1307.449 1307.007 1306.565 1306.016 1304.752 1303.487 1302.223 1300.959 1300.387 1300.289 1300.191 1300.093 1300.0 1300.0 1300.0 1300.0 1300.0 1300.042 1300.124 1300.205 1300.287 1300.368 1301.587 1302.823
1399.933 1399.966 1399.999 1400.0 1400.0 1400.0 1400.0 1399.781 1399.26 1398.739 1398.218 1397.696 1393.89 1389.652 1385.414 1381.176 1376.068 1369.329 1362.589 1355.85 1349.11 1342.955 1336.935 1330.916 1324.896 1319.534 1315.902 1312.27 1308.638 1305.006 1303.83 1303.522 1303.213 1302.904 1303.002 1304.698 1306.393 1308.089 1309.784 1309.958 1309.372 1308.785 1308.199 1307.487 1305.938 1304.39 1302.841 1301.293 1300.578 1300.431 1300.285 1300.138 1300.0 1300.0 1300.0 1300.0 1300.0 1300.026 1300.075 1300.124 1300.174 1300.223 1300.961 1301.708
1399.977 1399.988 1400.0 1400.0 1400.0 1400.0 1400.0 1399.722 1399.062 1398.401 1397.741 1397.08 1392.523 1387.454 1382.385 1377.317 1371.512 1364.328 1357.143 1349.959 1342.774 1336.727 1330.943 1325.159 1319.376 1314.375 1311.434 1308.494 1305.553 1302.613 1302.121 1302.493 1302.865 1303.237 1303.935 1305.915 1307.894 1309.874 1311.854 1312.026 1311.295 1310.563 1309.832 1308.957 1307.125 1305.292 1303.46 1301.627 1300.768 1300.573 1300.378 1300.183 1300.0 1300.0 1300.0 1300.0 1300.0 1300.009 1300.026 1300.043 1300.06 1300.078 1300.334 1300.594
1400.0 1400.0 1400.0 1400.0 1400.0 1400.0 1400.0 1399.599 1398.643 1397.688 1396.733 1395.778 1390.562 1384.788 1379.014 1373.239 1366.869 1359.383 1351.896 1344.409 1336.923 1331.164 1325.807 1320.449 1315.091 1310.582 1308.306 1306.029 1303.753 1301.476 1301.646 1302.679 1303.712 1304.744 1306.007 1308.17 1310.334 1312.497 1314.661 1314.763 1313.834 1312.906 1311.977 1310.896 1308.797 1306.698 1304.599 1302.499 1301.438 1301.084 1300.731 1300.378 1300.045 1300.035 1300.025 1300.015 1300.005 1300.0 1300.0 1300.0 1300.0 1300.0 1300.0 1300.0
