data/zism_data/00899_02_D.txt
ncols         224
nrows         224
[rows 140 to 167 of 224, columns 126 to 188 of 224]
949.0367 947.2764 945.5161 943.7558 945.4454 951.3635 957.2819 963.2 969.1182 983.7156 999.1393 1014.563 1029.987 1044.511 1057.544 1070.578 1083.611 1096.645 1107.093 1117.052 1127.011 1136.969 1146.458 1154.871 1163.285 1171.699 1180.113 1184.379 1187.393 1190.407 1193.421 1193.431 1183.489 1173.547 1163.605 1153.663 1138.368 1120.73 1103.093 1085.455 1067.36 1046.85 1026.341 1005.831 985.321 967.4723 951.2333 934.9937 918.7548 903.8249 902.6448 901.4646 900.2844 899.1042 900.0805 902.8159 905.5514 908.2868 911.1365 921.747 932.3578 942.9684 953.5793
949.4585 945.7653 942.0718 938.3785 938.397 942.9653 947.5337 952.1019 956.6702 970.2825 984.7559 999.2297 1013.703 1027.689 1040.868 1054.048 1067.227 1080.406 1091.487 1102.169 1112.851 1123.533 1134.059 1144.228 1154.396 1164.565 1174.734 1180.311 1184.502 1188.693 1192.884 1193.952 1184.674 1175.396 1166.118 1156.841 1142.105 1124.98 1107.856 1090.731 1073.205 1053.559 1033.913 1014.267 994.6216 976.4523 959.1766 941.9003 924.6246 908.6557 906.4118 904.168 901.924 899.6801 899.8692 902.043 904.217 906.3909 908.6743 918.3992 928.1246 937.8495 947.5748
949.8803 944.254 938.6274 933.0011 931.3484 934.5667 937.7852 941.0034 944.2217 956.8489 970.3719 983.8953 997.4183 1010.867 1024.192 1037.517 1050.842 1064.168 1075.879 1087.285 1098.691 1110.097 1121.66 1133.583 1145.507 1157.431 1169.354 1176.243 1181.611 1186.979 1192.348 1194.474 1185.86 1177.246 1168.632 1160.019 1145.842 1129.23 1112.619 1096.007 1079.05 1060.268 1041.486 1022.704 1003.922 985.4326 967.1202 948.8071 930.4947 913.4866 910.179 906.8714 903.5637 900.256 899.6579 901.2702 902.8826 904.4949 906.212 915.0514 923.8911 932.7305 941.5703
950.3021 942.7428 935.1832 927.6239 924.3001 926.1685 928.0369 929.9053 931.7737 943.4158 955.9885 968.5615 981.1342 994.0457 1007.516 1020.987 1034.458 1047.929 1060.272 1072.402 1084.531 1096.66 1109.261 1122.939 1136.618 1150.297 1163.975 1172.175 1178.72 1185.265 1191.811 1194.995 1187.045 1179.096 1171.146 1163.197 1149.579 1133.48 1117.382 1101.283 1084.895 1066.977 1049.059 1031.141 1013.223 994.4127 975.0635 955.7137 936.3646 918.3174 913.9461 909.5748 905.2032 900.8319 899.4466 900.4974 901.5482 902.5989 903.7498 911.7037 919.6578 927.6117 935.5659
950.7239 941.2316 931.7388 922.2465 917.2515 917.77 918.2884 918.8068 919.3253 929.9822 941.6045 953.2272 964.8495 977.2236 990.8401 1004.457 1018.073 1031.69 1044.665 1057.518 1070.371 1083.224 1096.862 1112.295 1127.729 1143.162 1158.596 1168.107 1175.829 1183.552 1191.274 1195.516 1188.231 1180.946 1173.66 1166.375 1153.316 1137.73 1122.145 1106.559 1090.74 1073.686 1056.632 1039.578 1022.524 1003.393 983.0071 962.6205 942.2347 923.1484 917.7133 912.2782 906.843 901.4078 899.2353 899.7245 900.2137 900.7029 901.2875 908.3558 915.4244 922.4927 929.5612
957.8521 946.6345 935.4164 924.1988 917.5081 916.3667 915.2253 914.0839 912.9426 922.1052 932.249 942.3931 952.5368 964.0206 977.7194 991.4188 1005.118 1018.817 1032.51 1046.203 1059.896 1073.589 1088.246 1105.111 1121.975 1138.84 1155.704 1166.067 1174.466 1182.865 1191.265 1196.235 1189.847 1183.458 1177.069 1170.68 1158.214 1143.089 1127.964 1112.838 1097.496 1081.006 1064.517 1048.027 1031.538 1012.549 992.0486 971.5479 951.048 931.7178 924.6768 917.6356 910.5943 903.5532 900.3246 900.2065 900.0884 899.9703 899.9429 906.0799 912.2171 918.3541 924.4913
968.5571 955.725 942.8926 930.0605 921.6606 918.6941 915.7275 912.761 909.7946 917.1912 925.5746 933.9584 942.3418 952.7468 966.4943 980.2423 993.9897 1007.738 1022.197 1036.792 1051.386 1065.98 1081.648 1099.771 1117.894 1136.016 1154.139 1165.108 1173.918 1182.728 1191.538 1197.06 1191.692 1186.323 1180.955 1175.587 1163.732 1149.039 1134.345 1119.652 1104.737 1088.652 1072.568 1056.483 1040.399 1021.798 1001.676 981.5534 961.4314 942.2816 933.3452 924.4088 915.4721 906.5357 902.1076 901.3578 900.608 899.8581 899.1943 904.3755 909.5569 914.7382 919.9196
979.2618 964.8154 950.3684 935.9219 925.8129 921.0214 916.2297 911.4382 906.6467 912.2773 918.9006 925.524 932.1472 941.4736 955.2697 969.0662 982.8623 996.6588 1011.884 1027.38 1042.876 1058.373 1075.051 1094.431 1113.812 1133.193 1152.574 1164.15 1173.37 1182.59 1191.81 1197.884 1193.537 1189.189 1184.841 1180.494 1169.25 1154.988 1140.727 1126.465 1111.978 1096.298 1080.619 1064.939 1049.26 1031.047 1011.303 991.5585 971.8145 952.845 942.0134 931.1817 920.3497 909.5181 903.8906 902.509 901.1274 899.7459 898.4456 902.6712 906.8969 911.1224 915.3481
989.9669 973.906 957.8445 941.7836 929.9655 923.3488 916.7319 910.1154 903.4987 907.3633 912.2263 917.0894 921.9522 930.1998 944.0446 957.8897 971.7344 985.5796 1001.57 1017.969 1034.366 1050.764 1068.453 1089.091 1109.73 1130.369 1151.008 1163.191 1172.822 1182.452 1192.083 1198.709 1195.382 1192.055 1188.727 1185.4 1174.768 1160.938 1147.109 1133.279 1119.22 1103.945 1088.671 1073.396 1058.121 1040.297 1020.931 1001.564 982.198 963.4088 950.6818 937.9549 925.2275 912.5005 905.6736 903.6603 901.647 899.6337 897.697 900.9668 904.2367 907.5065 910.7764
1000.748 983.2059 965.6627 948.1201 934.6723 926.2451 917.8175 909.3903 900.963 903.1429 906.3333 909.5237 912.7139 919.9022 933.7015 947.5014 961.3008 975.1006 991.8142 1009.081 1026.347 1043.614 1062.23 1083.933 1105.636 1127.339 1149.042 1161.754 1171.753 1181.751 1191.749 1198.877 1196.495 1194.114 1191.732 1189.35 1179.383 1166.098 1152.813 1139.527 1126.004 1111.226 1096.448 1081.669 1066.891 1049.538 1030.628 1011.718 992.8078 974.2776 959.74 945.2023 930.6642 916.1265 908.0706 905.3029 902.5351 899.7674 897.0738 899.4223 901.7709 904.1194 906.468
1012.116 994.1039 976.091 958.0786 943.608 933.4798 923.3513 913.2231 903.0949 904.21 906.3959 908.582 910.7679 917.0433 930.0813 943.1198 956.1579 969.1964 986.306 1004.188 1022.07 1039.953 1058.871 1080.157 1101.445 1122.732 1144.019 1156.668 1166.71 1176.751 1186.793 1194.04 1192.031 1190.022 1188.012 1186.003 1177.123 1165.236 1153.349 1141.463 1129.305 1115.72 1102.135 1088.55 1074.966 1058.718 1040.861 1023.004 1005.147 987.4767 971.7727 956.0687 940.3641 924.6601 915.1493 910.6916 906.2337 901.7759 897.4072 899.097 900.7867 902.4765 904.1663
1023.484 1005.002 986.519 968.0369 952.5433 940.7143 928.8849 917.0558 905.2268 905.2769 906.4586 907.6403 908.8219 914.1845 926.4612 938.7384 951.0151 963.2923 980.798 999.2959 1017.793 1036.291 1055.511 1076.382 1097.254 1118.125 1138.996 1151.582 1161.667 1171.751 1181.836 1189.203 1187.567 1185.93 1184.293 1182.657 1174.863 1164.374 1153.886 1143.398 1132.606 1120.214 1107.823 1095.431 1083.04 1067.898 1051.094 1034.289 1017.486 1000.675 983.8049 966.9346 950.0637 933.1934 922.2278 916.0801 909.9321 903.7844 897.7406 898.7716 899.8026 900.8336 901.8647
1034.851 1015.899 996.947 977.9951 961.4787 947.9488 934.4185 920.8886 907.3587 906.3439 906.5212 906.6985 906.8759 911.3257 922.8411 934.357 945.8724 957.3882 975.29 994.4034 1013.516 1032.63 1052.151 1072.606 1093.062 1113.518 1133.974 1146.496 1156.624 1166.752 1176.88 1184.366 1183.102 1181.838 1180.574 1179.31 1172.602 1163.513 1154.423 1145.333 1135.907 1124.709 1113.51 1102.312 1091.114 1077.078 1061.327 1045.575 1029.824 1013.874 995.8372 977.8006 959.7633 941.7267 929.3063 921.4686 913.6306 905.7929 898.074 898.4462 898.8185 899.1908 899.563
1046.219 1026.798 1007.375 987.9537 970.4144 955.1836 939.9523 924.7215 909.4907 907.4109 906.5839 905.7568 904.9299 908.4669 919.2209 929.9754 940.7295 951.4839 969.7817 989.5109 1009.239 1028.968 1048.792 1068.831 1088.871 1108.91 1128.951 1141.41 1151.581 1161.752 1171.923 1179.529 1178.638 1177.746 1176.855 1175.964 1170.342 1162.651 1154.96 1147.268 1139.208 1129.203 1119.198 1109.193 1099.188 1086.258 1071.56 1056.861 1042.163 1027.073 1007.87 988.6669 969.4633 950.2603 936.3851 926.8574 917.3292 907.8015 898.4073 898.1208 897.8344 897.5479 897.2614
1056.975 1037.256 1017.536 997.8172 979.5396 963.0306 946.5209 930.0118 913.5027 910.2662 908.294 906.3218 904.3495 906.7539 916.3961 926.0386 935.6808 945.3234 963.3246 982.9117 1002.498 1022.085 1041.615 1061.017 1080.419 1099.82 1119.223 1131.615 1141.892 1152.169 1162.446 1170.291 1170.083 1169.874 1169.665 1169.456 1164.875 1158.382 1151.889 1145.396 1138.556 1129.881 1121.207 1112.533 1103.859 1092.36 1079.153 1065.946 1052.739 1038.992 1019.577 1000.162 980.747 961.3324 946.4107 935.1554 923.8997 912.6443 901.5312 900.1102 898.689 897.268 895.8469
1067.289 1047.397 1027.504 1007.612 988.8029 971.3219 953.8403 936.3592 918.8782 914.4182 911.1986 907.979 904.7595 905.8716 914.1477 922.4241 930.7002 938.9766 956.179 975.075 993.9702 1012.866 1031.672 1050.275 1068.877 1087.48 1106.083 1118.406 1128.834 1139.262 1149.691 1157.862 1158.561 1159.259 1159.957 1160.655 1157.084 1151.643 1146.203 1140.763 1135.036 1127.793 1120.55 1113.306 1106.063 1096.231 1084.833 1073.434 1062.036 1049.983 1031.048 1012.114 993.1797 974.2457 958.5735 945.5632 932.5526 919.5424 906.6783 903.7776 900.877 897.9764 895.0757
1077.602 1057.537 1037.472 1017.407 998.0659 979.6129 961.1593 942.7064 924.2534 918.57 914.1031 909.6362 905.1693 904.9894 911.8994 918.8097 925.7197 932.63 949.0338 967.2385 985.4426 1003.647 1021.729 1039.532 1057.336 1075.139 1092.943 1105.197 1115.777 1126.356 1136.935 1145.434 1147.039 1148.645 1150.25 1151.855 1149.292 1144.905 1140.518 1136.131 1131.517 1125.704 1119.892 1114.08 1108.267 1100.101 1090.512 1080.923 1071.333 1060.973 1042.52 1024.066 1005.612 987.1586 970.7358 955.9708 941.2052 926.4401 911.8252 907.4451 903.0648 898.6847 894.3044
1087.916 1067.678 1047.44 1027.202 1007.329 987.9042 968.4786 949.0538 929.6288 922.722 917.0078 911.2934 905.5792 904.1072 909.6511 915.1952 920.7391 926.2832 941.8882 959.4017 976.9147 994.4282 1011.786 1028.79 1045.795 1062.799 1079.803 1091.988 1102.719 1113.449 1124.18 1133.005 1135.517 1138.03 1140.542 1143.055 1141.5 1138.166 1134.832 1131.498 1127.997 1123.616 1119.234 1114.853 1110.472 1103.972 1096.192 1088.411 1080.631 1071.964 1053.991 1036.018 1018.045 1000.072 982.8986 966.3786 949.8581 933.3382 916.9722 911.1126 905.2527 899.3931 893.5332
1098.027 1077.614 1057.201 1036.788 1016.396 996.0304 975.6646 955.2994 934.9343 926.8267 919.887 912.9471 906.0074 903.2639 907.4606 911.6573 915.854 920.0508 934.8288 951.6141 968.3988 985.1841 1001.787 1017.973 1034.161 1050.347 1066.535 1078.616 1089.459 1100.302 1111.145 1120.27 1123.708 1127.145 1130.582 1134.02 1133.482 1131.206 1128.929 1126.653 1124.265 1121.293 1118.32 1115.348 1112.375 1107.52 1101.526 1095.533 1089.54 1082.551 1065.114 1047.677 1030.239 1012.802 994.9421 976.7377 958.5327 940.3284 922.2808 914.9271 907.5731 900.2194 892.8654
1103.701 1083.056 1062.411 1041.766 1021.136 1000.528 979.9193 959.3112 938.703 929.8939 922.2091 914.524 906.8392 903.2793 906.5419 909.8045 913.067 916.3297 929.6606 944.9016 960.142 975.3828 990.5414 1005.513 1020.485 1035.457 1050.43 1061.657 1071.755 1081.852 1091.95 1100.807 1105.557 1110.307 1115.056 1119.806 1120.475 1119.359 1118.244 1117.128 1115.864 1113.815 1111.766 1109.716 1107.667 1103.971 1099.279 1094.587 1089.895 1084.246 1068.564 1052.882 1037.2 1021.518 1004.372 986.0323 967.6923 949.353 931.1461 921.978 912.8097 903.6417 894.4734
1109.375 1088.498 1067.62 1046.743 1025.877 1005.026 984.1739 963.3228 942.4717 932.9611 924.5311 916.1009 907.6709 903.2947 905.6232 907.9517 910.2802 912.6087 924.4927 938.1893 951.8854 965.582 979.2966 993.0534 1006.811 1020.568 1034.325 1044.698 1054.051 1063.403 1072.756 1081.345 1087.407 1093.469 1099.53 1105.592 1107.468 1107.514 1107.559 1107.604 1107.463 1106.337 1105.211 1104.085 1102.959 1100.422 1097.031 1093.64 1090.249 1085.942 1072.015 1058.088 1044.16 1030.233 1013.801 995.3265 976.8516 958.3773 940.011 929.0287 918.0461 907.0639 896.0812
1115.05 1093.94 1072.83 1051.721 1030.618 1009.523 988.4286 967.3345 946.2405 936.0284 926.8533 917.6778 908.5027 903.3101 904.7045 906.0989 907.4932 908.8876 919.3245 931.4767 943.6285 955.7807 968.0513 980.5931 993.1355 1005.677 1018.22 1027.739 1036.347 1044.954 1053.561 1061.882 1069.256 1076.63 1084.004 1091.377 1094.461 1095.667 1096.874 1098.08 1099.062 1098.859 1098.656 1098.454 1098.251 1096.873 1094.783 1092.694 1090.604 1087.638 1075.466 1063.293 1051.121 1038.948 1023.23 1004.621 986.0112 967.4019 948.8763 936.0798 923.2828 910.4862 897.6892
1120.724 1099.382 1078.04 1056.698 1035.358 1014.021 992.6832 971.3462 950.0091 939.0955 929.1753 919.2547 909.3344 903.3255 903.7858 904.2461 904.7064 905.1666 914.1566 924.7645 935.3719 945.9799 956.8063 968.1334 979.4608 990.7878 1002.115 1010.781 1018.643 1026.505 1034.367 1042.42 1051.106 1059.792 1068.478 1077.164 1081.454 1083.821 1086.189 1088.556 1090.661 1091.381 1092.102 1092.823 1093.543 1093.324 1092.536 1091.747 1090.959 1089.334 1078.916 1068.499 1058.081 1047.663 1032.66 1013.915 995.1705 976.4263 957.7413 943.1305 928.5192 913.9084 899.2971
1118.65 1097.925 1077.199 1056.475 1035.631 1014.642 993.6532 972.6647 951.6763 940.4879 930.2333 919.9784 909.7238 903.2969 903.2011 903.1052 903.0094 902.9135 910.4269 919.3835 928.3399 937.2966 946.5755 956.5917 966.6083 976.6245 986.6411 994.5817 1001.896 1009.21 1016.525 1024.176 1032.948 1041.718 1050.489 1059.26 1064.292 1067.689 1071.086 1074.483 1077.616 1079.358 1081.101 1082.844 1084.586 1085.46 1085.809 1086.158 1086.507 1086.031 1076.894 1067.758 1058.621 1049.485 1035.364 1017.178 998.9907 980.8044 962.6564 947.1627 931.6683 916.1744 900.6801
1109.048 1089.765 1070.481 1051.198 1031.563 1011.498 991.4323 971.3672 951.3021 940.2531 930.0633 919.8732 909.6834 903.2258 902.9409 902.6561 902.3713 902.0864 908.0945 915.2963 922.4979 929.6996 937.3305 945.9429 954.5555 963.1678 971.7805 979.1219 986.08 993.0377 999.9957 1007.117 1014.781 1022.445 1030.109 1037.773 1043.096 1047.394 1051.693 1055.991 1060.061 1062.921 1065.781 1068.642 1071.502 1073.406 1074.732 1076.058 1077.385 1077.872 1069.557 1061.241 1052.925 1044.609 1031.535 1014.58 997.624 980.6688 963.7344 948.2622 932.7895 917.3173 901.8445
1099.447 1081.605 1063.763 1045.922 1027.495 1008.354 989.2114 970.0696 950.9279 940.0183 929.8934 919.768 909.6431 903.1545 902.6807 902.2069 901.7331 901.2593 905.7621 911.2089 916.6556 922.1024 928.0852 935.2936 942.5023 949.7108 956.9194 963.6616 970.2632 976.8647 983.4663 990.0574 996.6146 1003.171 1009.729 1016.285 1021.899 1027.099 1032.299 1037.5 1042.505 1046.483 1050.461 1054.439 1058.417 1061.352 1063.655 1065.959 1068.262 1069.714 1062.219 1054.724 1047.229 1039.734 1027.706 1011.982 996.2574 980.5332 964.8125 949.3619 933.9107 918.4601 903.009
1089.845 1073.446 1057.045 1040.646 1023.428 1005.21 986.9905 968.7721 950.5536 939.7836 929.7234 919.6628 909.6027 903.0833 902.4205 901.7578 901.095 900.4322 903.4298 907.1217 910.8135 914.5054 918.8402 924.6448 930.4496 936.2542 942.0589 948.2018 954.4471 960.6922 966.9375 972.9982 978.4484 983.8984 989.3486 994.7986 1000.702 1006.804 1012.906 1019.008 1024.95 1030.046 1035.141 1040.237 1045.333 1049.297 1052.578 1055.859 1059.14 1061.555 1054.881 1048.207 1041.532 1034.858 1023.878 1009.384 994.8907 980.3976 965.8904 950.4615 935.0319 919.603 904.1734
1080.244 1065.286 1050.327 1035.369 1019.36 1002.065 984.7697 967.4745 950.1794 939.5488 929.5534 919.5577 909.5623 903.0121 902.1604 901.3086 900.4568 899.6051 901.0975 903.0345 904.9714 906.9084 909.5952 913.9959 918.3968 922.7975 927.1984 932.7421 938.631 944.5197 950.4086 955.939 960.2822 964.6253 968.9686 973.3116 979.5056 986.5094 993.5131 1000.517 1007.395 1013.608 1019.821 1026.035 1032.248 1037.243 1041.501 1045.76 1050.018 1053.397 1047.543 1041.69 1035.836 1029.983 1020.049 1006.787 993.5242 980.2621 966.9684 951.5611 936.1531 920.7458 905.3378
