data/zism_data/00891_02_D.txt
ncols         224
nrows         224
[rows 56 to 83 of 224, columns 63 to 125 of 224]
1107.171 1106.739 1106.307 1105.874 1105.725 1105.675 1105.625 1105.575 1105.558 1105.683 1105.807 1105.932 1106.056 1106.365 1106.779 1107.193 1107.607 1108.073 1109.079 1110.086 1111.093 1112.1 1113.285 1114.625 1115.964 1117.303 1118.643 1120.09 1121.538 1122.987 1124.436 1125.977 1127.64 1129.303 1130.965 1132.628 1134.172 1135.701 1137.23 1138.759 1140.241 1141.63 1143.018 1144.406 1145.794 1147.368 1148.993 1150.619 1152.244 1153.907 1155.692 1157.477 1159.261 1161.046 1162.883 1164.743 1166.603 1168.463 1170.189 1171.018 1171.847 1172.676 1173.505
1105.562 1105.42 1105.279 1105.137 1105.222 1105.388 1105.553 1105.719 1105.902 1106.161 1106.42 1106.679 1106.938 1107.361 1107.877 1108.394 1108.91 1109.464 1110.411 1111.359 1112.307 1113.254 1114.395 1115.702 1117.009 1118.316 1119.623 1121.032 1122.443 1123.854 1125.265 1126.795 1128.479 1130.163 1131.847 1133.532 1135.102 1136.658 1138.214 1139.77 1141.259 1142.615 1143.971 1145.327 1146.683 1148.351 1150.105 1151.86 1153.615 1155.408 1157.327 1159.247 1161.166 1163.086 1164.994 1166.897 1168.801 1170.704 1172.466 1173.284 1174.102 1174.92 1175.739
1103.953 1104.102 1104.251 1104.4 1104.72 1105.101 1105.482 1105.862 1106.246 1106.639 1107.033 1107.427 1107.82 1108.357 1108.976 1109.594 1110.213 1110.855 1111.743 1112.632 1113.52 1114.408 1115.504 1116.779 1118.054 1119.328 1120.603 1121.975 1123.348 1124.722 1126.095 1127.613 1129.318 1131.024 1132.73 1134.435 1136.032 1137.615 1139.198 1140.781 1142.277 1143.601 1144.925 1146.248 1147.572 1149.334 1151.218 1153.102 1154.985 1156.909 1158.963 1161.017 1163.071 1165.125 1167.105 1169.052 1170.998 1172.945 1174.742 1175.55 1176.357 1177.165 1177.972
1103.398 1103.666 1103.934 1104.202 1104.642 1105.143 1105.644 1106.145 1106.651 1107.179 1107.708 1108.236 1108.764 1109.372 1110.025 1110.678 1111.33 1112.003 1112.882 1113.761 1114.64 1115.519 1116.598 1117.849 1119.101 1120.352 1121.604 1122.947 1124.292 1125.637 1126.981 1128.453 1130.09 1131.726 1133.363 1135.0 1136.584 1138.163 1139.741 1141.319 1142.824 1144.183 1145.542 1146.901 1148.26 1150.227 1152.362 1154.497 1156.632 1158.775 1160.941 1163.107 1165.273 1167.439 1169.435 1171.352 1173.269 1175.186 1176.964 1177.81 1178.656 1179.503 1180.349
1103.044 1103.398 1103.752 1104.106 1104.644 1105.247 1105.851 1106.454 1107.068 1107.731 1108.394 1109.057 1109.719 1110.39 1111.064 1111.739 1112.413 1113.105 1113.984 1114.863 1115.742 1116.621 1117.688 1118.918 1120.148 1121.379 1122.609 1123.925 1125.243 1126.561 1127.878 1129.297 1130.848 1132.398 1133.949 1135.5 1137.065 1138.632 1140.199 1141.767 1143.281 1144.688 1146.096 1147.504 1148.911 1151.103 1153.513 1155.922 1158.332 1160.71 1162.984 1165.258 1167.531 1169.805 1171.806 1173.68 1175.554 1177.428 1179.174 1180.069 1180.964 1181.859 1182.754
1102.69 1103.13 1103.57 1104.01 1104.646 1105.352 1106.057 1106.763 1107.486 1108.283 1109.08 1109.878 1110.675 1111.408 1112.104 1112.8 1113.496 1114.208 1115.086 1115.965 1116.844 1117.723 1118.779 1119.988 1121.196 1122.405 1123.613 1124.903 1126.194 1127.484 1128.775 1130.142 1131.606 1133.07 1134.535 1135.999 1137.545 1139.102 1140.658 1142.215 1143.738 1145.194 1146.65 1148.106 1149.562 1151.979 1154.663 1157.348 1160.032 1162.646 1165.027 1167.408 1169.79 1172.171 1174.177 1176.008 1177.839 1179.67 1181.385 1182.328 1183.272 1184.215 1185.158
1102.336 1102.862 1103.388 1103.914 1104.648 1105.456 1106.264 1107.072 1107.903 1108.835 1109.767 1110.699 1111.63 1112.426 1113.143 1113.861 1114.578 1115.31 1116.189 1117.068 1117.947 1118.826 1119.87 1121.057 1122.244 1123.431 1124.618 1125.88 1127.144 1128.408 1129.672 1130.986 1132.364 1133.743 1135.121 1136.499 1138.026 1139.571 1141.117 1142.663 1144.195 1145.699 1147.204 1148.708 1150.213 1152.855 1155.814 1158.773 1161.731 1164.581 1167.07 1169.559 1172.048 1174.537 1176.548 1178.336 1180.124 1181.912 1183.596 1184.588 1185.579 1186.571 1187.563
1102.482 1103.044 1103.605 1104.167 1104.966 1105.85 1106.734 1107.618 1108.527 1109.542 1110.558 1111.574 1112.589 1113.425 1114.157 1114.89 1115.622 1116.367 1117.239 1118.111 1118.984 1119.856 1120.875 1122.021 1123.167 1124.313 1125.458 1126.71 1127.964 1129.217 1130.47 1131.754 1133.078 1134.401 1135.724 1137.048 1138.557 1140.09 1141.623 1143.157 1144.71 1146.302 1147.894 1149.487 1151.079 1153.905 1157.074 1160.244 1163.413 1166.448 1169.036 1171.624 1174.213 1176.801 1178.834 1180.607 1182.379 1184.152 1185.822 1186.812 1187.801 1188.791 1189.78
1103.774 1104.255 1104.736 1105.216 1106.007 1106.907 1107.807 1108.707 1109.623 1110.606 1111.59 1112.573 1113.556 1114.38 1115.112 1115.845 1116.577 1117.32 1118.171 1119.022 1119.873 1120.724 1121.686 1122.746 1123.806 1124.865 1125.925 1127.202 1128.483 1129.763 1131.043 1132.349 1133.689 1135.028 1136.368 1137.707 1139.204 1140.721 1142.238 1143.755 1145.357 1147.127 1148.897 1150.666 1152.436 1155.352 1158.586 1161.82 1165.053 1168.156 1170.825 1173.495 1176.164 1178.833 1180.924 1182.745 1184.567 1186.388 1188.085 1188.956 1189.827 1190.698 1191.569
1105.066 1105.466 1105.866 1106.266 1107.048 1107.964 1108.88 1109.796 1110.719 1111.67 1112.621 1113.572 1114.523 1115.335 1116.068 1116.8 1117.532 1118.273 1119.103 1119.932 1120.761 1121.591 1122.497 1123.471 1124.445 1125.418 1126.392 1127.694 1129.001 1130.309 1131.616 1132.944 1134.3 1135.655 1137.011 1138.367 1139.851 1141.352 1142.853 1144.354 1146.004 1147.951 1149.899 1151.846 1153.794 1156.799 1160.097 1163.395 1166.694 1169.865 1172.615 1175.365 1178.115 1180.865 1183.015 1184.884 1186.754 1188.623 1190.347 1191.1 1191.853 1192.605 1193.358
1106.358 1106.677 1106.997 1107.316 1108.088 1109.021 1109.953 1110.885 1111.815 1112.734 1113.653 1114.572 1115.49 1116.29 1117.023 1117.755 1118.488 1119.227 1120.035 1120.842 1121.65 1122.458 1123.309 1124.196 1125.083 1125.971 1126.858 1128.186 1129.52 1130.854 1132.188 1133.539 1134.911 1136.282 1137.654 1139.026 1140.498 1141.983 1143.468 1144.953 1146.651 1148.776 1150.901 1153.026 1155.151 1158.245 1161.608 1164.971 1168.334 1171.574 1174.404 1177.235 1180.066 1182.896 1185.105 1187.023 1188.941 1190.859 1192.61 1193.244 1193.878 1194.512 1195.146
1107.65 1107.889 1108.127 1108.366 1109.129 1110.078 1111.026 1111.974 1112.911 1113.798 1114.684 1115.571 1116.457 1117.246 1117.978 1118.711 1119.443 1120.18 1120.966 1121.753 1122.539 1123.325 1124.12 1124.921 1125.722 1126.524 1127.325 1128.678 1130.039 1131.4 1132.761 1134.134 1135.522 1136.91 1138.298 1139.686 1141.145 1142.614 1144.083 1145.551 1147.298 1149.601 1151.903 1154.206 1156.509 1159.692 1163.119 1166.547 1169.975 1173.283 1176.194 1179.105 1182.017 1184.928 1187.196 1189.162 1191.129 1193.095 1194.872 1195.388 1195.904 1196.42 1196.935
1108.786 1109.026 1109.266 1109.507 1110.264 1111.204 1112.144 1113.084 1114.004 1114.837 1115.671 1116.504 1117.338 1118.152 1118.954 1119.757 1120.56 1121.361 1122.147 1122.932 1123.717 1124.503 1125.26 1125.991 1126.723 1127.455 1128.187 1129.455 1130.731 1132.008 1133.284 1134.603 1135.978 1137.354 1138.729 1140.104 1141.551 1143.008 1144.465 1145.921 1147.715 1150.183 1152.651 1155.119 1157.587 1160.895 1164.437 1167.979 1171.521 1174.92 1177.846 1180.772 1183.698 1186.623 1188.822 1190.68 1192.537 1194.395 1196.066 1196.488 1196.91 1197.332 1197.754
1109.874 1110.141 1110.408 1110.676 1111.428 1112.352 1113.276 1114.199 1115.095 1115.869 1116.643 1117.418 1118.192 1119.043 1119.937 1120.831 1121.726 1122.611 1123.402 1124.193 1124.983 1125.774 1126.499 1127.166 1127.833 1128.5 1129.167 1130.318 1131.476 1132.634 1133.792 1135.035 1136.388 1137.742 1139.096 1140.449 1141.885 1143.33 1144.776 1146.223 1148.063 1150.692 1153.322 1155.951 1158.581 1162.025 1165.696 1169.367 1173.038 1176.535 1179.456 1182.376 1185.297 1188.217 1190.308 1192.009 1193.711 1195.413 1196.936 1197.272 1197.608 1197.944 1198.28
1110.962 1111.256 1111.55 1111.844 1112.592 1113.5 1114.407 1115.314 1116.186 1116.901 1117.616 1118.331 1119.046 1119.934 1120.92 1121.906 1122.891 1123.861 1124.657 1125.453 1126.249 1127.045 1127.738 1128.34 1128.943 1129.545 1130.148 1131.181 1132.221 1133.26 1134.3 1135.466 1136.798 1138.13 1139.463 1140.795 1142.218 1143.653 1145.088 1146.524 1148.411 1151.202 1153.993 1156.783 1159.574 1163.155 1166.955 1170.755 1174.556 1178.151 1181.066 1183.981 1186.896 1189.811 1191.793 1193.339 1194.885 1196.43 1197.807 1198.057 1198.307 1198.557 1198.807
1112.05 1112.371 1112.692 1113.013 1113.756 1114.647 1115.539 1116.43 1117.277 1117.933 1118.589 1119.245 1119.901 1120.825 1121.902 1122.98 1124.057 1125.11 1125.912 1126.714 1127.515 1128.317 1128.977 1129.515 1130.053 1130.591 1131.129 1132.044 1132.965 1133.886 1134.807 1135.898 1137.208 1138.519 1139.829 1141.14 1142.551 1143.976 1145.4 1146.825 1148.759 1151.711 1154.663 1157.616 1160.568 1164.285 1168.214 1172.144 1176.073 1179.766 1182.676 1185.586 1188.495 1191.405 1193.279 1194.669 1196.058 1197.448 1198.677 1198.841 1199.005 1199.169 1199.333
1113.0 1113.37 1113.739 1114.108 1114.863 1115.753 1116.643 1117.533 1118.372 1118.993 1119.613 1120.234 1120.854 1121.804 1122.942 1124.079 1125.217 1126.326 1127.14 1127.953 1128.766 1129.579 1130.217 1130.703 1131.189 1131.675 1132.16 1132.973 1133.791 1134.609 1135.426 1136.438 1137.704 1138.969 1140.234 1141.5 1142.901 1144.319 1145.738 1147.157 1149.128 1152.204 1155.281 1158.357 1161.433 1165.243 1169.257 1173.271 1177.284 1181.039 1183.939 1186.838 1189.738 1192.637 1194.423 1195.688 1196.952 1198.217 1199.327 1199.408 1199.49 1199.571 1199.653
1113.496 1113.984 1114.471 1114.959 1115.78 1116.719 1117.657 1118.596 1119.483 1120.146 1120.81 1121.473 1122.137 1123.075 1124.17 1125.264 1126.359 1127.432 1128.277 1129.122 1129.968 1130.813 1131.46 1131.935 1132.411 1132.886 1133.361 1134.12 1134.884 1135.648 1136.412 1137.34 1138.481 1139.623 1140.764 1141.906 1143.302 1144.731 1146.161 1147.59 1149.569 1152.645 1155.722 1158.798 1161.874 1165.634 1169.583 1173.532 1177.481 1181.18 1184.053 1186.925 1189.798 1192.67 1194.433 1195.676 1196.919 1198.162 1199.244 1199.256 1199.267 1199.279 1199.29
1113.992 1114.598 1115.204 1115.81 1116.698 1117.685 1118.672 1119.659 1120.593 1121.3 1122.006 1122.713 1123.419 1124.346 1125.397 1126.449 1127.5 1128.536 1129.414 1130.292 1131.17 1132.048 1132.704 1133.168 1133.632 1134.097 1134.561 1135.267 1135.977 1136.688 1137.397 1138.241 1139.259 1140.277 1141.294 1142.312 1143.703 1145.144 1146.584 1148.024 1150.01 1153.086 1156.162 1159.239 1162.315 1166.024 1169.908 1173.793 1177.677 1181.321 1184.166 1187.012 1189.858 1192.703 1194.443 1195.664 1196.886 1198.107 1199.162 1199.103 1199.045 1198.986 1198.928
1114.487 1115.212 1115.936 1116.661 1117.615 1118.651 1119.686 1120.722 1121.703 1122.453 1123.203 1123.952 1124.702 1125.617 1126.625 1127.633 1128.642 1129.641 1130.552 1131.462 1132.372 1133.282 1133.947 1134.401 1134.854 1135.308 1135.761 1136.415 1137.071 1137.727 1138.383 1139.143 1140.037 1140.931 1141.824 1142.718 1144.105 1145.556 1147.007 1148.458 1150.451 1153.527 1156.603 1159.68 1162.756 1166.414 1170.234 1174.054 1177.874 1181.462 1184.28 1187.099 1189.918 1192.736 1194.452 1195.652 1196.852 1198.052 1199.079 1198.951 1198.822 1198.694 1198.565
1114.983 1115.826 1116.669 1117.512 1118.533 1119.617 1120.701 1121.785 1122.814 1123.606 1124.399 1125.192 1125.984 1126.887 1127.853 1128.818 1129.783 1130.746 1131.689 1132.631 1133.574 1134.516 1135.191 1135.633 1136.076 1136.519 1136.962 1137.562 1138.164 1138.766 1139.369 1140.044 1140.814 1141.584 1142.354 1143.125 1144.506 1145.968 1147.43 1148.891 1150.891 1153.968 1157.044 1160.121 1163.197 1166.805 1170.56 1174.315 1178.07 1181.602 1184.394 1187.186 1189.978 1192.769 1194.462 1195.641 1196.819 1197.998 1198.996 1198.798 1198.6 1198.401 1198.203
1115.408 1116.406 1117.405 1118.404 1119.507 1120.647 1121.787 1122.927 1124.006 1124.823 1125.64 1126.457 1127.274 1128.158 1129.08 1130.002 1130.925 1131.85 1132.802 1133.754 1134.706 1135.658 1136.336 1136.775 1137.215 1137.654 1138.094 1138.678 1139.264 1139.85 1140.436 1141.08 1141.802 1142.523 1143.244 1143.965 1145.4 1146.929 1148.458 1149.986 1151.999 1154.978 1157.957 1160.936 1163.915 1167.313 1170.828 1174.342 1177.857 1181.171 1183.82 1186.468 1189.117 1191.766 1193.46 1194.707 1195.953 1197.2 1198.268 1198.142 1198.016 1197.89 1197.763
1115.801 1116.972 1118.143 1119.314 1120.506 1121.705 1122.904 1124.103 1125.234 1126.067 1126.9 1127.733 1128.566 1129.429 1130.308 1131.187 1132.066 1132.952 1133.904 1134.856 1135.808 1136.761 1137.438 1137.877 1138.317 1138.756 1139.196 1139.78 1140.366 1140.952 1141.538 1142.176 1142.881 1143.586 1144.291 1144.996 1146.51 1148.13 1149.75 1151.37 1153.397 1156.236 1159.075 1161.914 1164.753 1167.873 1171.07 1174.267 1177.464 1180.489 1182.944 1185.399 1187.854 1190.309 1192.014 1193.369 1194.723 1196.078 1197.257 1197.265 1197.274 1197.282 1197.291
1116.195 1117.538 1118.881 1120.225 1121.505 1122.763 1124.022 1125.28 1126.461 1127.311 1128.16 1129.009 1129.858 1130.699 1131.535 1132.372 1133.208 1134.054 1135.006 1135.958 1136.911 1137.863 1138.54 1138.98 1139.419 1139.859 1140.298 1140.882 1141.468 1142.054 1142.64 1143.271 1143.96 1144.649 1145.338 1146.026 1147.62 1149.331 1151.043 1152.755 1154.796 1157.495 1160.194 1162.893 1165.592 1168.432 1171.312 1174.192 1177.071 1179.807 1182.069 1184.33 1186.591 1188.852 1190.569 1192.031 1193.493 1194.956 1196.246 1196.389 1196.532 1196.675 1196.818
1116.589 1118.104 1119.62 1121.135 1122.504 1123.822 1125.139 1126.457 1127.689 1128.554 1129.42 1130.285 1131.151 1131.97 1132.763 1133.556 1134.349 1135.156 1136.108 1137.061 1138.013 1138.965 1139.642 1140.082 1140.521 1140.961 1141.4 1141.984 1142.57 1143.156 1143.742 1144.366 1145.039 1145.711 1146.384 1147.057 1148.729 1150.532 1152.336 1154.139 1156.194 1158.753 1161.313 1163.872 1166.431 1168.992 1171.554 1174.116 1176.678 1179.126 1181.193 1183.26 1185.328 1187.395 1189.124 1190.694 1192.263 1193.833 1195.234 1195.512 1195.79 1196.067 1196.345
1116.94 1118.619 1120.298 1121.977 1123.439 1124.824 1126.21 1127.595 1128.886 1129.771 1130.656 1131.541 1132.426 1133.227 1133.981 1134.734 1135.488 1136.258 1137.199 1138.141 1139.083 1140.025 1140.703 1141.153 1141.603 1142.053 1142.502 1143.086 1143.672 1144.258 1144.844 1145.468 1146.141 1146.814 1147.487 1148.16 1149.888 1151.754 1153.621 1155.487 1157.537 1159.953 1162.368 1164.784 1167.2 1169.49 1171.745 1173.999 1176.254 1178.422 1180.301 1182.179 1184.058 1185.937 1187.647 1189.278 1190.909 1192.54 1194.007 1194.381 1194.754 1195.128 1195.501
1117.068 1118.866 1120.663 1122.461 1124.037 1125.535 1127.034 1128.532 1129.922 1130.845 1131.767 1132.69 1133.613 1134.414 1135.146 1135.878 1136.61 1137.354 1138.232 1139.109 1139.986 1140.864 1141.546 1142.061 1142.575 1143.089 1143.604 1144.189 1144.775 1145.361 1145.947 1146.608 1147.367 1148.126 1148.885 1149.644 1151.306 1153.086 1154.867 1156.647 1158.585 1160.839 1163.094 1165.348 1167.603 1169.659 1171.661 1173.663 1175.665 1177.6 1179.318 1181.035 1182.752 1184.47 1186.004 1187.452 1188.9 1190.348 1191.642 1191.908 1192.173 1192.439 1192.705
1117.196 1119.112 1121.028 1122.944 1124.635 1126.246 1127.858 1129.469 1130.958 1131.918 1132.879 1133.839 1134.799 1135.6 1136.311 1137.021 1137.732 1138.451 1139.264 1140.076 1140.889 1141.702 1142.389 1142.968 1143.547 1144.126 1144.705 1145.291 1145.877 1146.463 1147.049 1147.748 1148.593 1149.438 1150.283 1151.128 1152.724 1154.418 1156.112 1157.807 1159.634 1161.726 1163.819 1165.912 1168.005 1169.829 1171.578 1173.326 1175.075 1176.779 1178.335 1179.891 1181.447 1183.003 1184.36 1185.625 1186.89 1188.156 1189.276 1189.434 1189.593 1189.751 1189.909
