data/zism_data/00894_04_D.txt
ncols         224
nrows         224
[rows 196 to 223 of 224, columns 63 to 125 of 224]
3148.915 3160.721 3172.529 3184.335 3192.986 3200.521 3208.058 3215.594 3223.051 3230.17 3237.29 3244.41 3251.529 3259.9 3268.981 3278.062 3287.143 3296.315 3306.437 3316.559 3326.681 3336.803 3346.896 3356.963 3367.03 3377.097 3387.164 3395.087 3402.979 3410.87 3418.762 3426.793 3435.004 3443.216 3451.427 3459.638 3465.85 3471.8 3477.749 3483.698 3488.307 3490.234 3492.161 3494.087 3496.014 3490.569 3483.075 3475.581 3468.088 3458.467 3441.802 3425.136 3408.471 3391.805 3374.438 3356.741 3339.046 3321.35 3304.341 3291.917 3279.492 3267.068 3254.643
3140.089 3151.66 3163.231 3174.802 3183.66 3191.561 3199.462 3207.362 3215.072 3221.955 3228.838 3235.722 3242.605 3250.87 3259.919 3268.968 3278.017 3287.187 3297.631 3308.075 3318.519 3328.963 3339.444 3349.956 3360.468 3370.98 3381.493 3389.269 3397.005 3404.741 3412.478 3420.376 3428.485 3436.595 3444.704 3452.814 3459.588 3466.186 3472.785 3479.384 3484.597 3487.039 3489.48 3491.922 3494.364 3489.064 3481.613 3474.163 3466.712 3457.121 3440.439 3423.757 3407.076 3390.394 3373.102 3355.524 3337.946 3320.368 3303.435 3290.802 3278.167 3265.534 3252.9
3131.264 3142.598 3153.933 3165.268 3174.334 3182.6 3190.866 3199.131 3207.092 3213.739 3220.387 3227.034 3233.681 3241.84 3250.857 3259.874 3268.89 3278.059 3288.825 3299.591 3310.357 3321.122 3331.991 3342.949 3353.907 3364.864 3375.822 3383.452 3391.032 3398.613 3406.193 3413.959 3421.967 3429.974 3437.982 3445.99 3453.325 3460.573 3467.821 3475.069 3480.886 3483.843 3486.8 3489.757 3492.714 3487.559 3480.152 3472.744 3465.336 3455.774 3439.077 3422.379 3405.681 3388.983 3371.767 3354.306 3336.846 3319.387 3302.529 3289.686 3276.843 3264.0 3251.157
3137.749 3147.879 3158.009 3168.139 3176.193 3183.512 3190.833 3198.152 3205.268 3211.502 3217.736 3223.97 3230.204 3238.045 3246.799 3255.553 3264.307 3273.184 3283.352 3293.521 3303.69 3313.859 3324.334 3335.073 3345.813 3356.552 3367.292 3375.398 3383.466 3391.534 3399.601 3407.663 3415.717 3423.771 3431.825 3439.879 3447.182 3454.387 3461.592 3468.796 3474.617 3477.668 3480.72 3483.771 3486.823 3481.887 3474.733 3467.578 3460.423 3451.199 3435.12 3419.041 3402.962 3386.883 3370.025 3352.802 3335.58 3318.357 3301.611 3288.04 3274.468 3260.897 3247.325
3148.856 3157.489 3166.123 3174.756 3181.427 3187.406 3193.384 3199.363 3205.302 3211.069 3216.836 3222.604 3228.371 3235.831 3244.252 3252.673 3261.094 3269.592 3278.886 3288.18 3297.475 3306.769 3316.614 3326.935 3337.256 3347.577 3357.898 3366.67 3375.419 3384.168 3392.917 3401.404 3409.549 3417.694 3425.839 3433.984 3441.075 3448.028 3454.98 3461.933 3467.574 3470.594 3473.613 3476.632 3479.652 3474.957 3468.119 3461.281 3454.442 3445.649 3430.38 3415.111 3399.843 3384.573 3368.16 3351.211 3334.262 3317.314 3300.69 3286.233 3271.776 3257.32 3242.863
3159.963 3167.099 3174.236 3181.372 3186.661 3191.299 3195.936 3200.573 3205.336 3210.636 3215.937 3221.238 3226.538 3233.617 3241.705 3249.794 3257.882 3266.0 3274.419 3282.839 3291.259 3299.679 3308.894 3318.796 3328.699 3338.602 3348.504 3357.941 3367.372 3376.802 3386.233 3395.144 3403.38 3411.617 3419.853 3428.09 3434.968 3441.668 3448.369 3455.069 3460.532 3463.519 3466.506 3469.493 3472.481 3468.026 3461.505 3454.983 3448.462 3440.099 3425.641 3411.182 3396.723 3382.264 3366.296 3349.62 3332.945 3316.27 3299.769 3284.427 3269.085 3253.743 3238.401
3171.07 3176.709 3182.349 3187.988 3191.896 3195.192 3198.488 3201.784 3205.37 3210.204 3215.037 3219.871 3224.705 3231.402 3239.158 3246.914 3254.67 3262.408 3269.953 3277.498 3285.044 3292.589 3301.174 3310.658 3320.142 3329.626 3339.11 3349.213 3359.325 3369.437 3379.549 3388.885 3397.212 3405.54 3413.867 3422.195 3428.861 3435.309 3441.757 3448.205 3453.489 3456.444 3459.399 3462.354 3465.31 3461.096 3454.891 3448.686 3442.481 3434.55 3420.901 3407.252 3393.604 3379.955 3364.431 3348.03 3331.628 3315.227 3298.847 3282.62 3266.393 3250.166 3233.939
3183.017 3187.551 3192.086 3196.621 3199.41 3201.584 3203.759 3205.933 3208.514 3212.849 3217.185 3221.521 3225.856 3232.05 3239.299 3246.549 3253.798 3260.985 3267.515 3274.044 3280.574 3287.104 3294.878 3303.729 3312.58 3321.431 3330.282 3340.887 3351.518 3362.15 3372.781 3382.47 3390.934 3399.398 3407.862 3416.327 3422.849 3429.115 3435.383 3441.65 3446.796 3449.7 3452.604 3455.509 3458.413 3454.491 3448.672 3442.854 3437.035 3429.585 3416.732 3403.878 3391.025 3378.171 3363.047 3346.861 3330.675 3314.489 3298.219 3281.396 3264.572 3247.75 3230.926
3197.989 3202.829 3207.669 3212.51 3215.133 3216.975 3218.816 3220.658 3222.854 3226.577 3230.301 3234.025 3237.749 3242.999 3249.116 3255.234 3261.351 3267.372 3272.378 3277.384 3282.39 3287.396 3293.709 3301.155 3308.6 3316.045 3323.49 3334.011 3344.578 3355.145 3365.712 3375.495 3384.26 3393.024 3401.789 3410.554 3417.177 3423.519 3429.862 3436.204 3441.361 3444.147 3446.933 3449.719 3452.505 3449.057 3443.877 3438.697 3433.517 3426.729 3414.616 3402.503 3390.39 3378.277 3363.393 3347.211 3331.031 3314.85 3298.643 3282.265 3265.887 3249.51 3233.132
3212.96 3218.106 3223.253 3228.399 3230.856 3232.365 3233.874 3235.383 3237.194 3240.306 3243.417 3246.53 3249.642 3253.948 3258.934 3263.919 3268.904 3273.759 3277.241 3280.723 3284.205 3287.687 3292.541 3298.58 3304.619 3310.658 3316.698 3327.135 3337.638 3348.14 3358.643 3368.52 3377.585 3386.651 3395.716 3404.781 3411.505 3417.923 3424.34 3430.757 3435.925 3438.593 3441.261 3443.929 3446.598 3443.623 3439.082 3434.54 3429.999 3423.873 3412.5 3401.128 3389.755 3378.382 3363.738 3347.562 3331.387 3315.211 3299.067 3283.135 3267.202 3251.27 3235.337
3227.932 3233.384 3238.836 3244.288 3246.579 3247.756 3248.932 3250.108 3251.533 3254.034 3256.534 3259.034 3261.535 3264.898 3268.751 3272.604 3276.457 3280.146 3282.104 3284.062 3286.021 3287.979 3291.372 3296.005 3300.639 3305.272 3309.906 3320.26 3330.698 3341.136 3351.573 3361.545 3370.911 3380.277 3389.642 3399.008 3405.833 3412.326 3418.819 3425.311 3430.49 3433.04 3435.59 3438.14 3440.69 3438.189 3434.286 3430.383 3426.48 3421.017 3410.385 3399.752 3389.12 3378.488 3364.084 3347.913 3331.743 3315.573 3299.491 3284.005 3268.517 3253.03 3237.543
3242.904 3248.661 3254.419 3260.177 3262.302 3263.146 3263.99 3264.833 3265.873 3267.762 3269.65 3271.539 3273.428 3275.847 3278.568 3281.289 3284.01 3286.533 3286.967 3287.402 3287.836 3288.271 3290.203 3293.431 3296.658 3299.886 3303.114 3313.384 3323.757 3334.131 3344.504 3354.571 3364.237 3373.903 3383.569 3393.235 3400.162 3406.729 3413.297 3419.865 3425.054 3427.486 3429.918 3432.35 3434.782 3432.756 3429.491 3426.227 3422.962 3418.16 3408.269 3398.377 3388.486 3378.594 3364.429 3348.264 3332.099 3315.935 3299.916 3284.874 3269.832 3254.791 3239.749
3257.018 3263.629 3270.24 3276.85 3279.664 3281.137 3282.61 3284.083 3285.551 3287.0 3288.448 3289.897 3291.346 3292.804 3294.268 3295.732 3297.195 3298.463 3297.671 3296.878 3296.086 3295.294 3295.993 3297.983 3299.973 3301.963 3303.954 3313.451 3323.059 3332.668 3342.276 3351.769 3361.113 3370.458 3379.802 3389.146 3395.982 3402.489 3408.995 3415.502 3420.653 3423.092 3425.531 3427.971 3430.41 3428.776 3426.01 3423.244 3420.479 3416.224 3407.037 3397.85 3388.663 3379.476 3365.718 3349.819 3333.921 3318.022 3302.306 3287.802 3273.299 3258.795 3244.292
3270.703 3278.441 3286.178 3293.916 3297.844 3300.427 3303.011 3305.594 3307.897 3308.992 3310.087 3311.181 3312.276 3312.764 3312.908 3313.052 3313.196 3313.165 3311.294 3309.424 3307.553 3305.682 3305.263 3306.1 3306.936 3307.773 3308.609 3316.99 3325.483 3333.975 3342.467 3351.055 3359.766 3368.477 3377.188 3385.899 3392.548 3398.926 3405.303 3411.681 3416.77 3419.279 3421.788 3424.297 3426.806 3425.523 3423.186 3420.85 3418.513 3414.747 3406.247 3397.747 3389.247 3380.746 3367.478 3351.976 3336.475 3320.973 3305.678 3291.76 3277.841 3263.922 3250.003
3284.389 3293.253 3302.117 3310.981 3316.024 3319.718 3323.413 3327.107 3330.244 3330.985 3331.725 3332.466 3333.206 3332.725 3331.549 3330.373 3329.197 3327.867 3324.918 3321.969 3319.02 3316.071 3314.533 3314.216 3313.899 3313.582 3313.265 3320.53 3327.906 3335.282 3342.658 3350.34 3358.418 3366.496 3374.574 3382.652 3389.113 3395.362 3401.612 3407.861 3412.887 3415.465 3418.044 3420.623 3423.201 3422.269 3420.362 3418.455 3416.547 3413.271 3405.457 3397.644 3389.831 3382.017 3369.237 3354.133 3339.029 3323.924 3309.051 3295.717 3282.383 3269.049 3255.715
3298.074 3308.065 3318.056 3328.047 3334.205 3339.009 3343.814 3348.619 3352.591 3352.977 3353.364 3353.75 3354.136 3352.685 3350.189 3347.694 3345.198 3342.569 3338.542 3334.515 3330.487 3326.46 3323.803 3322.333 3320.862 3319.391 3317.92 3324.069 3330.329 3336.59 3342.85 3349.625 3357.07 3364.515 3371.96 3379.405 3385.679 3391.799 3397.92 3404.04 3409.003 3411.652 3414.3 3416.949 3419.597 3419.016 3417.538 3416.06 3414.582 3411.794 3404.667 3397.541 3390.414 3383.287 3370.997 3356.29 3341.582 3326.875 3312.423 3299.674 3286.925 3274.176 3261.426
3310.224 3321.284 3332.344 3343.404 3350.611 3356.459 3362.308 3368.156 3372.921 3373.02 3373.118 3373.217 3373.316 3371.065 3367.48 3363.895 3360.31 3356.612 3351.74 3346.867 3341.995 3337.122 3333.536 3331.063 3328.59 3326.117 3323.644 3328.667 3333.8 3338.934 3344.067 3349.905 3356.659 3363.414 3370.168 3376.923 3382.93 3388.839 3394.748 3400.657 3405.49 3408.171 3410.852 3413.532 3416.213 3415.952 3414.873 3413.794 3412.716 3410.4 3403.99 3397.579 3391.169 3384.758 3373.033 3358.82 3344.608 3330.395 3316.442 3304.218 3291.993 3279.769 3267.545
3310.668 3322.355 3334.043 3345.73 3353.494 3359.874 3366.253 3372.632 3377.87 3378.188 3378.507 3378.826 3379.145 3377.398 3374.478 3371.558 3368.638 3365.63 3361.691 3357.752 3353.813 3349.874 3346.801 3344.479 3342.156 3339.833 3337.51 3341.34 3345.261 3349.181 3353.102 3357.765 3363.393 3369.021 3374.649 3380.277 3385.408 3390.475 3395.542 3400.608 3404.795 3407.224 3409.653 3412.082 3414.51 3414.328 3413.421 3412.514 3411.607 3409.642 3404.17 3398.698 3393.227 3387.755 3377.174 3364.2 3351.227 3338.254 3325.387 3313.233 3301.078 3288.924 3276.769
3311.112 3323.427 3335.742 3348.057 3356.378 3363.288 3370.198 3377.109 3382.819 3383.357 3383.896 3384.435 3384.974 3383.731 3381.477 3379.222 3376.967 3374.647 3371.642 3368.636 3365.631 3362.625 3360.066 3357.894 3355.721 3353.548 3351.376 3354.013 3356.721 3359.429 3362.138 3365.625 3370.126 3374.628 3379.129 3383.63 3387.886 3392.111 3396.335 3400.559 3404.101 3406.277 3408.454 3410.631 3412.807 3412.705 3411.969 3411.234 3410.499 3408.883 3404.35 3399.817 3395.285 3390.752 3381.314 3369.58 3357.846 3346.112 3334.332 3322.248 3310.163 3298.078 3285.993
3311.555 3324.498 3337.441 3350.384 3359.261 3366.702 3374.144 3381.585 3387.768 3388.527 3389.285 3390.044 3390.803 3390.064 3388.475 3386.885 3385.296 3383.665 3381.593 3379.521 3377.449 3375.377 3373.331 3371.309 3369.286 3367.264 3365.241 3366.686 3368.182 3369.677 3371.173 3373.486 3376.86 3380.235 3383.609 3386.984 3390.365 3393.747 3397.129 3400.51 3403.406 3405.331 3407.255 3409.179 3411.104 3411.081 3410.517 3409.954 3409.39 3408.124 3404.53 3400.936 3397.343 3393.749 3385.455 3374.96 3364.465 3353.97 3343.277 3331.262 3319.247 3307.233 3295.218
3311.999 3325.569 3339.14 3352.711 3362.144 3370.116 3378.089 3386.062 3392.717 3393.696 3394.674 3395.653 3396.632 3396.397 3395.473 3394.549 3393.625 3392.682 3391.543 3390.405 3389.267 3388.128 3386.596 3384.724 3382.852 3380.98 3379.107 3379.359 3379.642 3379.926 3380.208 3381.346 3383.594 3385.842 3388.09 3390.337 3392.843 3395.383 3397.922 3400.461 3402.712 3404.384 3406.056 3407.729 3409.401 3409.458 3409.065 3408.673 3408.281 3407.365 3404.71 3402.055 3399.401 3396.746 3389.595 3380.339 3371.084 3361.829 3352.223 3340.278 3328.332 3316.387 3304.442
3307.638 3321.824 3336.01 3350.196 3360.129 3368.56 3376.991 3385.422 3392.497 3393.729 3394.961 3396.193 3397.425 3397.465 3396.827 3396.189 3395.551 3394.939 3394.604 3394.269 3393.934 3393.598 3392.653 3391.18 3389.706 3388.233 3386.76 3386.576 3386.41 3386.245 3386.08 3386.664 3388.222 3389.78 3391.337 3392.895 3394.804 3396.759 3398.714 3400.669 3402.45 3403.885 3405.321 3406.756 3408.191 3408.243 3407.91 3407.578 3407.245 3406.465 3404.204 3401.942 3399.68 3397.419 3390.614 3381.682 3372.75 3363.818 3354.56 3343.131 3331.701 3320.271 3308.842
3299.581 3314.373 3329.166 3343.958 3354.346 3363.18 3372.013 3380.847 3388.301 3389.812 3391.323 3392.834 3394.345 3394.482 3393.839 3393.196 3392.553 3391.997 3392.365 3392.733 3393.1 3393.468 3393.165 3392.282 3391.399 3390.516 3389.633 3389.594 3389.569 3389.543 3389.517 3390.026 3391.229 3392.433 3393.637 3394.841 3396.367 3397.936 3399.504 3401.073 3402.522 3403.731 3404.941 3406.151 3407.361 3407.343 3406.984 3406.624 3406.265 3405.458 3403.17 3400.881 3398.593 3396.304 3389.231 3379.918 3370.605 3361.293 3351.816 3341.245 3330.673 3320.102 3309.531
3291.524 3306.923 3322.322 3337.72 3348.564 3357.8 3367.036 3376.271 3384.105 3385.895 3387.685 3389.475 3391.265 3391.5 3390.852 3390.203 3389.554 3389.055 3390.126 3391.196 3392.267 3393.337 3393.677 3393.384 3393.091 3392.798 3392.505 3392.613 3392.727 3392.841 3392.954 3393.388 3394.238 3395.087 3395.937 3396.786 3397.93 3399.112 3400.294 3401.477 3402.593 3403.578 3404.562 3405.547 3406.531 3406.443 3406.057 3405.671 3405.284 3404.451 3402.135 3399.82 3397.505 3395.189 3387.848 3378.154 3368.461 3358.767 3349.071 3339.358 3329.645 3319.933 3310.219
3283.467 3299.472 3315.477 3331.482 3342.781 3352.42 3362.058 3371.696 3379.908 3381.978 3384.047 3386.116 3388.185 3388.518 3387.864 3387.21 3386.556 3386.113 3387.886 3389.66 3391.433 3393.207 3394.188 3394.486 3394.783 3395.081 3395.378 3395.632 3395.885 3396.138 3396.392 3396.75 3397.246 3397.741 3398.237 3398.732 3399.493 3400.289 3401.085 3401.881 3402.664 3403.424 3404.183 3404.942 3405.701 3405.543 3405.13 3404.717 3404.304 3403.443 3401.101 3398.759 3396.417 3394.075 3386.466 3376.391 3366.316 3356.242 3346.326 3337.472 3328.617 3319.763 3310.909
3275.426 3292.027 3308.629 3325.231 3336.976 3347.006 3357.037 3367.068 3375.649 3377.989 3380.328 3382.667 3385.007 3385.428 3384.758 3384.089 3383.419 3383.023 3385.5 3387.977 3390.454 3392.931 3394.559 3395.453 3396.348 3397.242 3398.136 3398.541 3398.939 3399.336 3399.734 3400.024 3400.176 3400.327 3400.479 3400.63 3401.017 3401.435 3401.854 3402.272 3402.729 3403.264 3403.798 3404.333 3404.868 3404.633 3404.184 3403.736 3403.287 3402.39 3400.005 3397.621 3395.237 3392.852 3384.975 3374.526 3364.077 3353.628 3343.497 3335.484 3327.47 3319.457 3311.444
3268.44 3284.983 3301.526 3318.068 3329.583 3339.324 3349.065 3358.806 3367.092 3369.109 3371.127 3373.145 3375.162 3375.014 3373.637 3372.259 3370.881 3369.904 3373.126 3376.349 3379.572 3382.794 3385.329 3387.27 3389.21 3391.151 3393.092 3393.982 3394.857 3395.732 3396.607 3397.315 3397.804 3398.293 3398.783 3399.272 3399.888 3400.521 3401.154 3401.787 3402.332 3402.7 3403.068 3403.437 3403.805 3403.043 3401.967 3400.89 3399.814 3398.182 3394.708 3391.235 3387.761 3384.288 3376.125 3365.767 3355.41 3345.052 3334.955 3326.593 3318.231 3309.869 3301.507
3261.455 3277.938 3294.422 3310.905 3322.191 3331.642 3341.094 3350.545 3358.535 3360.23 3361.926 3363.621 3365.317 3364.601 3362.515 3360.429 3358.344 3356.784 3360.752 3364.721 3368.689 3372.657 3376.1 3379.086 3382.073 3385.06 3388.047 3389.423 3390.776 3392.128 3393.481 3394.605 3395.432 3396.26 3397.087 3397.915 3398.76 3399.607 3400.455 3401.302 3401.934 3402.136 3402.339 3402.541 3402.743 3401.453 3399.749 3398.045 3396.341 3393.974 3389.411 3384.848 3380.286 3375.723 3367.275 3357.009 3346.743 3336.477 3326.413 3317.702 3308.991 3300.281 3291.57
