data/zism_data/00892_01_D.txt
ncols         224
nrows         224
[rows 0 to 27 of 224, columns 0 to 63 of 224]
1389.663 1391.757 1393.485 1395.214 1396.942 1397.598 1396.776 1395.954 1395.133 1394.311 1394.222 1394.222 1394.222 1394.222 1394.507 1395.293 1396.08 1396.867 1397.654 1398.066 1398.402 1398.739 1399.075 1399.16 1398.671 1398.182 1397.694 1397.205 1395.085 1392.494 1389.902 1387.31 1383.739 1377.171 1370.604 1364.036 1357.468 1350.024 1342.234 1334.444 1326.654 1319.525 1315.244 1310.963 1306.682 1302.401 1300.806 1300.598 1300.389 1300.181 1300.338 1302.927 1305.517 1308.107 1310.697 1316.109 1323.392 1330.675 1337.958 1345.134 1350.953 1356.772 1362.591 1368.409
1390.386 1391.996 1393.223 1394.45 1395.677 1395.929 1394.838 1393.748 1392.657 1391.566 1391.447 1391.447 1391.447 1391.447 1391.851 1392.964 1394.077 1395.19 1396.303 1397.073 1397.774 1398.475 1399.177 1399.586 1399.33 1399.073 1398.816 1398.559 1396.67 1394.308 1391.947 1389.585 1386.06 1378.976 1371.893 1364.809 1357.726 1349.847 1341.655 1333.463 1325.271 1317.873 1313.893 1309.914 1305.934 1301.955 1300.512 1300.38 1300.247 1300.115 1300.355 1303.079 1305.802 1308.526 1311.25 1316.98 1324.702 1332.424 1340.147 1347.753 1353.87 1359.987 1366.104 1372.222
1390.058 1391.124 1391.818 1392.511 1393.205 1393.003 1391.568 1390.132 1388.697 1387.261 1387.105 1387.105 1387.105 1387.105 1387.651 1389.157 1390.664 1392.17 1393.676 1394.893 1396.052 1397.211 1398.37 1399.156 1399.088 1399.019 1398.951 1398.883 1397.149 1394.933 1392.716 1390.5 1386.917 1379.155 1371.393 1363.63 1355.868 1347.724 1339.43 1331.136 1322.841 1315.458 1312.001 1308.544 1305.087 1301.63 1300.387 1300.287 1300.187 1300.087 1300.369 1303.201 1306.032 1308.863 1311.695 1317.685 1325.768 1333.851 1341.934 1349.892 1356.241 1362.59 1368.938 1375.287
1389.73 1390.252 1390.412 1390.573 1390.733 1390.078 1388.297 1386.517 1384.737 1382.956 1382.763 1382.763 1382.763 1382.763 1383.451 1385.351 1387.25 1389.15 1391.049 1392.713 1394.33 1395.947 1397.564 1398.725 1398.846 1398.966 1399.086 1399.207 1397.628 1395.557 1393.486 1391.415 1387.774 1379.333 1370.893 1362.452 1354.011 1345.602 1337.205 1328.808 1320.412 1313.044 1310.11 1307.175 1304.241 1301.306 1300.262 1300.194 1300.127 1300.059 1300.383 1303.322 1306.261 1309.2 1312.14 1318.39 1326.834 1335.278 1343.722 1352.031 1358.611 1365.192 1371.772 1378.353
1389.401 1389.38 1389.007 1388.634 1388.261 1387.152 1385.027 1382.902 1380.777 1378.652 1378.421 1378.421 1378.421 1378.421 1379.251 1381.544 1383.837 1386.13 1388.422 1390.533 1392.608 1394.683 1396.758 1398.295 1398.604 1398.912 1399.221 1399.53 1398.106 1396.181 1394.255 1392.329 1388.631 1379.512 1370.393 1361.273 1352.154 1343.479 1334.98 1326.481 1317.982 1310.63 1308.218 1305.806 1303.394 1300.982 1300.137 1300.102 1300.066 1300.031 1300.397 1303.444 1306.491 1309.538 1312.584 1319.094 1327.899 1336.704 1345.509 1354.17 1360.982 1367.794 1374.606 1381.418
1389.073 1388.508 1387.602 1386.695 1385.789 1384.226 1381.756 1379.286 1376.817 1374.347 1374.079 1374.079 1374.079 1374.079 1375.052 1377.738 1380.424 1383.109 1385.795 1388.354 1390.886 1393.419 1395.951 1397.864 1398.362 1398.859 1399.356 1399.854 1398.585 1396.805 1395.025 1393.244 1389.489 1379.691 1369.892 1360.094 1350.296 1341.357 1332.755 1324.154 1315.553 1308.216 1306.326 1304.437 1302.547 1300.657 1300.012 1300.009 1300.006 1300.003 1300.411 1303.566 1306.72 1309.875 1313.029 1319.799 1328.965 1338.131 1347.297 1356.309 1363.353 1370.396 1377.44 1384.484
1383.038 1382.436 1381.542 1380.649 1379.755 1378.219 1375.794 1373.37 1370.945 1368.521 1368.335 1368.423 1368.511 1368.599 1369.793 1372.936 1376.078 1379.221 1382.363 1385.387 1388.387 1391.387 1394.387 1396.7 1397.439 1398.178 1398.918 1399.657 1398.269 1396.263 1394.258 1392.253 1388.186 1377.811 1367.437 1357.062 1346.688 1338.037 1330.064 1322.092 1314.119 1307.386 1305.99 1304.593 1303.197 1301.8 1301.312 1301.292 1301.273 1301.253 1301.692 1305.183 1308.674 1312.166 1315.657 1322.863 1332.531 1342.2 1351.868 1361.302 1367.739 1374.175 1380.612 1387.049
1376.404 1375.818 1374.995 1374.171 1373.348 1371.888 1369.55 1367.211 1364.873 1362.535 1362.445 1362.63 1362.815 1362.999 1364.424 1368.029 1371.635 1375.241 1378.846 1382.338 1385.807 1389.276 1392.744 1395.458 1396.445 1397.432 1398.419 1399.406 1397.869 1395.6 1393.33 1391.061 1386.656 1375.716 1364.776 1353.836 1342.896 1334.591 1327.324 1320.057 1312.79 1306.722 1305.816 1304.909 1304.003 1303.097 1302.761 1302.72 1302.679 1302.638 1303.105 1306.957 1310.809 1314.661 1318.514 1326.175 1336.36 1346.545 1356.73 1366.594 1372.336 1378.078 1383.819 1389.561
1369.77 1369.201 1368.447 1367.694 1366.941 1365.557 1363.305 1361.053 1358.801 1356.549 1356.555 1356.837 1357.118 1357.4 1359.054 1363.123 1367.192 1371.261 1375.33 1379.289 1383.226 1387.164 1391.101 1394.216 1395.451 1396.686 1397.921 1399.156 1397.469 1394.936 1392.403 1389.87 1385.126 1373.62 1362.115 1350.609 1339.104 1331.145 1324.584 1318.023 1311.461 1306.058 1305.642 1305.226 1304.81 1304.394 1304.211 1304.148 1304.085 1304.023 1304.518 1308.731 1312.944 1317.157 1321.37 1329.486 1340.188 1350.891 1361.593 1371.886 1376.933 1381.98 1387.027 1392.074
1363.136 1362.583 1361.9 1361.217 1360.533 1359.227 1357.061 1354.895 1352.729 1350.563 1350.665 1351.044 1351.422 1351.801 1353.684 1358.216 1362.749 1367.281 1371.813 1376.24 1380.646 1385.052 1389.458 1392.974 1394.457 1395.939 1397.422 1398.905 1397.069 1394.272 1391.475 1388.678 1383.596 1371.525 1359.454 1347.383 1335.312 1327.699 1321.844 1315.988 1310.132 1305.394 1305.468 1305.542 1305.616 1305.69 1305.66 1305.576 1305.492 1305.408 1305.931 1310.505 1315.079 1319.653 1324.227 1332.798 1344.017 1355.236 1366.456 1377.177 1381.53 1385.882 1390.234 1394.587
1356.497 1355.831 1355.076 1354.322 1353.567 1352.299 1350.325 1348.351 1346.377 1344.403 1344.673 1345.216 1345.76 1346.303 1348.448 1353.411 1358.375 1363.338 1368.301 1373.159 1377.996 1382.833 1387.67 1391.561 1393.292 1395.022 1396.753 1398.483 1396.51 1393.464 1390.418 1387.373 1382.1 1370.016 1357.932 1345.849 1333.765 1326.673 1321.547 1316.422 1311.296 1307.251 1307.861 1308.47 1309.08 1309.689 1309.795 1309.64 1309.485 1309.331 1309.814 1314.548 1319.283 1324.018 1328.753 1337.385 1348.601 1359.817 1371.032 1381.7 1385.354 1389.007 1392.661 1396.315
1349.847 1348.83 1347.741 1346.652 1345.563 1344.266 1342.679 1341.093 1339.507 1337.921 1338.492 1339.326 1340.16 1340.995 1343.46 1348.795 1354.13 1359.465 1364.8 1370.02 1375.218 1380.416 1385.613 1389.831 1391.81 1393.788 1395.766 1397.744 1395.656 1392.389 1389.122 1385.856 1380.666 1369.595 1358.524 1347.453 1336.382 1330.132 1325.783 1321.433 1317.083 1313.784 1315.013 1316.242 1317.471 1318.7 1318.91 1318.594 1318.277 1317.961 1318.276 1322.801 1327.325 1331.85 1336.375 1344.341 1354.587 1364.833 1375.079 1384.796 1387.744 1390.692 1393.64 1396.588
1343.198 1341.828 1340.405 1338.983 1337.56 1336.231 1335.033 1333.834 1332.636 1331.438 1332.31 1333.436 1334.561 1335.686 1338.471 1344.178 1349.885 1355.591 1361.298 1366.881 1372.44 1377.998 1383.557 1388.101 1390.328 1392.554 1394.78 1397.006 1394.802 1391.314 1387.826 1384.339 1379.232 1369.174 1359.116 1349.057 1338.999 1333.592 1330.018 1326.444 1322.87 1320.317 1322.165 1324.014 1325.862 1327.711 1328.025 1327.547 1327.069 1326.591 1326.738 1331.053 1335.368 1339.682 1343.997 1351.296 1360.572 1369.849 1379.125 1387.892 1390.134 1392.377 1394.619 1396.861
1336.548 1334.827 1333.07 1331.313 1329.556 1328.197 1327.387 1326.576 1325.766 1324.955 1326.129 1327.545 1328.961 1330.377 1333.483 1339.561 1345.639 1351.718 1357.796 1363.742 1369.662 1375.581 1381.501 1386.372 1388.845 1391.319 1393.793 1396.267 1393.947 1390.239 1386.53 1382.822 1377.799 1368.753 1359.707 1350.661 1341.616 1337.052 1334.253 1331.455 1328.656 1326.85 1329.318 1331.786 1334.253 1336.721 1337.14 1336.5 1335.861 1335.221 1335.201 1339.305 1343.41 1347.514 1351.619 1358.251 1366.558 1374.865 1383.172 1390.988 1392.525 1394.061 1395.598 1397.135
1329.899 1327.825 1325.735 1323.644 1321.553 1320.163 1319.741 1319.318 1318.895 1318.473 1319.948 1321.655 1323.362 1325.069 1328.494 1334.944 1341.394 1347.844 1354.294 1360.603 1366.884 1373.164 1379.444 1384.642 1387.363 1390.085 1392.807 1395.528 1393.093 1389.164 1385.234 1381.305 1376.365 1368.332 1360.299 1352.266 1344.233 1340.511 1338.488 1336.465 1334.443 1333.382 1336.47 1339.557 1342.644 1345.732 1346.255 1345.454 1344.653 1343.852 1343.663 1347.557 1351.452 1355.346 1359.241 1365.206 1372.543 1379.881 1387.218 1394.084 1394.915 1395.746 1396.577 1397.408
1324.977 1322.852 1320.723 1318.594 1316.465 1315.133 1314.901 1314.669 1314.437 1314.205 1316.018 1318.08 1320.142 1322.204 1325.945 1332.643 1339.34 1346.038 1352.735 1359.154 1365.516 1371.879 1378.242 1383.545 1386.424 1389.303 1392.183 1395.062 1392.857 1389.178 1385.499 1381.82 1377.257 1369.988 1362.719 1355.45 1348.181 1345.161 1343.816 1342.47 1341.124 1340.684 1344.146 1347.609 1351.071 1354.534 1355.115 1354.208 1353.301 1352.394 1352.05 1355.46 1358.87 1362.281 1365.691 1370.795 1377.021 1383.248 1389.474 1395.245 1395.195 1395.145 1395.095 1395.044
1320.498 1318.399 1316.308 1314.217 1312.125 1310.874 1310.782 1310.69 1310.598 1310.506 1312.666 1315.099 1317.533 1319.967 1324.023 1330.936 1337.849 1344.762 1351.675 1358.138 1364.512 1370.885 1377.259 1382.61 1385.624 1388.638 1391.652 1394.666 1392.779 1389.472 1386.165 1382.858 1378.747 1372.178 1365.609 1359.041 1352.472 1350.118 1349.423 1348.729 1348.035 1348.183 1351.958 1355.733 1359.508 1363.282 1363.91 1362.911 1361.912 1360.914 1360.418 1363.273 1366.129 1368.984 1371.84 1376.033 1381.112 1386.191 1391.27 1395.91 1394.933 1393.957 1392.98 1392.003
1316.02 1313.947 1311.893 1309.839 1307.786 1306.615 1306.664 1306.712 1306.76 1306.808 1309.313 1312.119 1314.924 1317.729 1322.101 1329.229 1336.358 1343.486 1350.614 1357.122 1363.507 1369.891 1376.275 1381.675 1384.824 1387.972 1391.121 1394.27 1392.701 1389.766 1386.83 1383.895 1380.237 1374.368 1368.5 1362.631 1356.763 1355.073 1355.031 1354.989 1354.946 1355.682 1359.769 1363.856 1367.944 1372.031 1372.704 1371.614 1370.524 1369.434 1368.786 1371.087 1373.387 1375.688 1377.989 1381.27 1385.202 1389.134 1393.066 1396.575 1394.672 1392.769 1390.865 1388.962
1311.542 1309.494 1307.478 1305.462 1303.446 1302.357 1302.545 1302.733 1302.921 1303.109 1305.961 1309.138 1312.315 1315.492 1320.179 1327.523 1334.866 1342.21 1349.554 1356.107 1362.502 1368.897 1375.292 1380.74 1384.024 1387.307 1390.59 1393.873 1392.623 1390.06 1387.496 1384.932 1381.727 1376.558 1371.39 1366.221 1361.053 1360.03 1360.639 1361.248 1361.857 1363.181 1367.58 1371.98 1376.38 1380.78 1381.499 1380.317 1379.135 1377.954 1377.154 1378.9 1380.646 1382.392 1384.137 1386.508 1389.293 1392.077 1394.862 1397.24 1394.41 1391.58 1388.751 1385.921
1307.956 1305.959 1304.0 1302.041 1300.083 1299.104 1299.476 1299.848 1300.22 1300.593 1303.768 1307.286 1310.803 1314.321 1319.233 1326.6 1333.967 1341.334 1348.702 1355.158 1361.433 1367.708 1373.983 1379.375 1382.749 1386.123 1389.496 1392.87 1391.898 1389.667 1387.436 1385.205 1382.372 1377.698 1373.023 1368.349 1363.674 1363.2 1364.381 1365.561 1366.742 1368.593 1373.331 1378.069 1382.807 1387.545 1388.41 1387.274 1386.138 1385.003 1384.177 1385.417 1386.658 1387.898 1389.138 1390.613 1392.242 1393.872 1395.501 1396.745 1393.054 1389.363 1385.672 1381.981
1307.183 1305.315 1303.475 1301.635 1299.794 1299.02 1299.715 1300.411 1301.106 1301.802 1305.228 1308.988 1312.748 1316.508 1321.364 1328.15 1334.935 1341.72 1348.506 1354.421 1360.163 1365.905 1371.646 1376.652 1379.978 1383.303 1386.629 1389.954 1389.134 1387.113 1385.092 1383.071 1380.358 1375.527 1370.697 1365.866 1361.035 1360.745 1362.243 1363.742 1365.24 1367.428 1372.586 1377.744 1382.902 1388.061 1389.385 1388.728 1388.072 1387.415 1386.961 1387.851 1388.741 1389.632 1390.522 1391.148 1391.598 1392.047 1392.497 1392.6 1388.251 1383.903 1379.555 1375.206
1306.411 1304.671 1302.949 1301.228 1299.506 1298.936 1299.955 1300.973 1301.992 1303.011 1306.688 1310.691 1314.693 1318.695 1323.495 1329.699 1335.903 1342.106 1348.31 1353.684 1358.893 1364.101 1369.309 1373.93 1377.207 1380.484 1383.761 1387.037 1386.37 1384.559 1382.748 1380.937 1378.344 1373.357 1368.37 1363.383 1358.396 1358.29 1360.106 1361.922 1363.738 1366.263 1371.841 1377.42 1382.998 1388.576 1390.359 1390.182 1390.005 1389.828 1389.745 1390.285 1390.825 1391.366 1391.906 1391.682 1390.953 1390.223 1389.493 1388.454 1383.448 1378.443 1373.438 1368.432
1305.638 1304.027 1302.424 1300.821 1299.218 1298.852 1300.194 1301.536 1302.878 1304.22 1308.149 1312.393 1316.638 1320.883 1325.626 1331.248 1336.87 1342.492 1348.114 1352.947 1357.622 1362.297 1366.973 1371.207 1374.436 1377.664 1380.893 1384.121 1383.605 1382.004 1380.404 1378.803 1376.329 1371.186 1366.043 1360.9 1355.757 1355.834 1357.968 1360.102 1362.236 1365.098 1371.097 1377.095 1383.094 1389.092 1391.334 1391.636 1391.939 1392.241 1392.529 1392.719 1392.909 1393.099 1393.29 1392.217 1390.308 1388.399 1386.489 1384.308 1378.646 1372.983 1367.32 1361.658
1304.865 1303.384 1301.899 1300.414 1298.93 1298.769 1300.434 1302.099 1303.764 1305.429 1309.609 1314.096 1318.583 1323.07 1327.757 1332.798 1337.838 1342.878 1347.919 1352.21 1356.352 1360.494 1364.636 1368.485 1371.665 1374.845 1378.025 1381.205 1380.841 1379.45 1378.059 1376.669 1374.315 1369.016 1363.717 1358.417 1353.118 1353.379 1355.831 1358.283 1360.734 1363.933 1370.352 1376.77 1383.189 1389.608 1392.309 1393.091 1393.872 1394.654 1395.313 1395.153 1394.993 1394.833 1394.673 1392.752 1389.663 1386.574 1383.485 1380.162 1373.843 1367.523 1361.203 1354.884
1303.942 1302.537 1301.115 1299.693 1298.272 1298.271 1300.229 1302.188 1304.147 1306.105 1310.323 1314.815 1319.308 1323.801 1328.334 1332.937 1337.539 1342.142 1346.745 1350.654 1354.426 1358.197 1361.968 1365.475 1368.377 1371.28 1374.182 1377.084 1376.563 1375.05 1373.536 1372.023 1369.558 1364.18 1358.802 1353.424 1348.046 1348.246 1350.642 1353.038 1355.434 1358.715 1365.805 1372.895 1379.985 1387.075 1390.479 1391.981 1393.482 1394.984 1396.223 1395.713 1395.202 1394.692 1394.182 1391.541 1387.487 1383.432 1379.378 1375.14 1368.548 1361.955 1355.363 1348.771
1302.95 1301.597 1300.213 1298.829 1297.445 1297.583 1299.822 1302.061 1304.3 1306.538 1310.695 1315.085 1319.476 1323.866 1328.199 1332.43 1336.661 1340.892 1345.123 1348.724 1352.199 1355.674 1359.149 1362.333 1364.853 1367.373 1369.893 1372.413 1371.593 1369.805 1368.017 1366.229 1363.546 1358.125 1352.704 1347.283 1341.862 1341.887 1344.057 1346.227 1348.397 1351.642 1359.518 1367.395 1375.271 1383.148 1387.367 1389.698 1392.029 1394.36 1396.274 1395.414 1394.554 1393.694 1392.834 1389.531 1384.61 1379.688 1374.767 1369.718 1363.028 1356.339 1349.649 1342.96
1301.958 1300.656 1299.31 1297.964 1296.618 1296.896 1299.415 1301.934 1304.453 1306.971 1311.067 1315.355 1319.644 1323.932 1328.065 1331.924 1335.783 1339.643 1343.502 1346.794 1349.973 1353.151 1356.33 1359.192 1361.329 1363.467 1365.604 1367.742 1366.623 1364.56 1362.497 1360.435 1357.534 1352.07 1346.606 1341.142 1335.678 1335.528 1337.472 1339.416 1341.359 1344.569 1353.232 1361.895 1370.557 1379.22 1384.255 1387.415 1390.576 1393.736 1396.326 1395.116 1393.906 1392.696 1391.485 1387.521 1381.733 1375.944 1370.156 1364.295 1357.508 1350.722 1343.936 1337.149
1300.965 1299.716 1298.408 1297.099 1295.791 1296.209 1299.008 1301.807 1304.606 1307.404 1311.44 1315.625 1319.811 1323.997 1327.93 1331.418 1334.905 1338.393 1341.881 1344.864 1347.746 1350.629 1353.511 1356.05 1357.806 1359.561 1361.316 1363.071 1361.653 1359.315 1356.978 1354.64 1351.522 1346.015 1340.508 1335.0 1329.493 1329.169 1330.887 1332.604 1334.322 1337.496 1346.945 1356.395 1365.844 1375.293 1381.142 1385.132 1389.122 1393.112 1396.378 1394.818 1393.258 1391.697 1390.137 1385.512 1378.856 1372.2 1365.544 1358.872 1351.988 1345.105 1338.222 1331.338
