data/zism_data/00896_03_D.txt
ncols         224
nrows         224
[rows 30 to 59 of 224, columns 0 to 66 of 224]
1397.091 1397.091 1397.091 1397.091 1397.109 1397.176 1397.243 1397.309 1397.376 1397.498 1397.64 1397.782 1397.923 1398.079 1398.292 1398.504 1398.717 1398.929 1399.005 1399.013 1399.021 1399.029 1399.037 1399.041 1399.045 1399.049 1399.053 1399.054 1399.054 1399.054 1399.054 1399.054 1399.054 1399.054 1399.054 1399.054 1399.054 1399.054 1399.054 1399.054 1399.054 1399.26 1399.468 1399.677 1399.885 1400.0 1400.0 1400.0 1400.0 1400.0 1400.0 1400.0 1400.0 1400.0 1400.0 1400.0 1400.0 1400.0 1400.0 1400.0 1400.0 1400.0 1400.0 1400.0 1400.0 1400.0 1400.0
1397.458 1397.458 1397.458 1397.458 1397.469 1397.509 1397.549 1397.588 1397.628 1397.727 1397.847 1397.967 1398.088 1398.22 1398.4 1398.58 1398.76 1398.94 1399.027 1399.067 1399.108 1399.148 1399.186 1399.206 1399.226 1399.246 1399.267 1399.275 1399.275 1399.275 1399.275 1399.275 1399.275 1399.275 1399.275 1399.275 1399.275 1399.275 1399.275 1399.275 1399.275 1399.432 1399.592 1399.752 1399.912 1400.0 1400.0 1400.0 1400.0 1400.0 1400.0 1400.0 1400.0 1400.0 1400.0 1400.0 1400.0 1400.0 1400.0 1400.0 1400.0 1400.0 1400.0 1400.0 1400.0 1400.0 1400.0
1397.825 1397.825 1397.825 1397.825 1397.829 1397.842 1397.854 1397.867 1397.88 1397.956 1398.055 1398.153 1398.252 1398.36 1398.508 1398.655 1398.803 1398.951 1399.048 1399.121 1399.194 1399.267 1399.335 1399.371 1399.408 1399.444 1399.48 1399.495 1399.495 1399.495 1399.495 1399.495 1399.495 1399.495 1399.495 1399.495 1399.495 1399.495 1399.495 1399.495 1399.495 1399.605 1399.716 1399.827 1399.939 1400.0 1400.0 1400.0 1400.0 1400.0 1400.0 1400.0 1400.0 1400.0 1400.0 1400.0 1400.0 1400.0 1400.0 1400.0 1400.0 1400.0 1400.0 1400.0 1400.0 1400.0 1400.0
1398.193 1398.193 1398.193 1398.193 1398.189 1398.175 1398.161 1398.146 1398.132 1398.185 1398.262 1398.339 1398.416 1398.5 1398.616 1398.731 1398.846 1398.962 1399.07 1399.175 1399.28 1399.386 1399.484 1399.536 1399.589 1399.642 1399.694 1399.716 1399.716 1399.716 1399.716 1399.716 1399.716 1399.716 1399.716 1399.716 1399.716 1399.716 1399.716 1399.716 1399.716 1399.777 1399.84 1399.903 1399.965 1400.0 1400.0 1400.0 1400.0 1400.0 1400.0 1400.0 1400.0 1400.0 1400.0 1400.0 1400.0 1400.0 1400.0 1400.0 1400.0 1400.0 1400.0 1400.0 1400.0 1400.0 1400.0
1398.56 1398.56 1398.56 1398.56 1398.549 1398.508 1398.467 1398.425 1398.384 1398.414 1398.469 1398.525 1398.58 1398.641 1398.724 1398.807 1398.89 1398.972 1399.092 1399.229 1399.367 1399.504 1399.633 1399.702 1399.771 1399.839 1399.908 1399.936 1399.936 1399.936 1399.936 1399.936 1399.936 1399.936 1399.936 1399.936 1399.936 1399.936 1399.936 1399.936 1399.936 1399.95 1399.964 1399.978 1399.992 1400.0 1400.0 1400.0 1400.0 1400.0 1400.0 1400.0 1400.0 1400.0 1400.0 1400.0 1400.0 1400.0 1400.0 1400.0 1400.0 1400.0 1400.0 1400.0 1400.0 1400.0 1400.0
1399.041 1398.987 1398.933 1398.88 1398.822 1398.754 1398.686 1398.617 1398.549 1398.562 1398.603 1398.645 1398.686 1398.731 1398.793 1398.855 1398.917 1398.979 1399.083 1399.207 1399.331 1399.454 1399.575 1399.671 1399.768 1399.864 1399.961 1400.032 1400.086 1400.139 1400.193 1400.242 1400.211 1400.18 1400.15 1400.119 1400.092 1400.069 1400.046 1400.023 1400.0 1400.0 1400.0 1400.0 1400.0 1400.0 1400.0 1400.0 1400.0 1400.0 1400.0 1400.0 1400.0 1400.0 1400.0 1400.0 1400.0 1400.0 1400.0 1400.0 1400.0 1400.0 1400.0 1400.0 1400.0 1400.0 1400.0
1399.567 1399.438 1399.308 1399.179 1399.059 1398.964 1398.869 1398.774 1398.679 1398.676 1398.707 1398.737 1398.768 1398.802 1398.847 1398.893 1398.939 1398.985 1399.061 1399.153 1399.244 1399.336 1399.432 1399.561 1399.69 1399.819 1399.948 1400.077 1400.206 1400.335 1400.465 1400.582 1400.508 1400.434 1400.361 1400.287 1400.222 1400.167 1400.112 1400.056 1400.001 1400.0 1400.0 1400.0 1400.0 1400.0 1400.0 1400.0 1400.0 1400.0 1400.0 1400.0 1400.0 1400.0 1400.0 1400.0 1400.0 1400.0 1400.0 1400.0 1400.0 1400.0 1400.0 1400.0 1400.0 1400.0 1400.0
1400.094 1399.889 1399.684 1399.479 1399.297 1399.175 1399.052 1398.93 1398.808 1398.791 1398.811 1398.83 1398.85 1398.872 1398.901 1398.931 1398.961 1398.99 1399.039 1399.099 1399.158 1399.217 1399.289 1399.451 1399.612 1399.773 1399.935 1400.122 1400.327 1400.531 1400.736 1400.923 1400.806 1400.688 1400.571 1400.454 1400.353 1400.265 1400.177 1400.089 1400.001 1400.0 1400.0 1400.0 1400.0 1400.0 1400.0 1400.0 1400.0 1400.0 1400.0 1400.0 1400.0 1400.0 1400.0 1400.0 1400.0 1400.0 1400.0 1400.0 1400.0 1400.0 1400.0 1400.0 1400.0 1400.0 1400.0
1400.62 1400.34 1400.059 1399.779 1399.534 1399.385 1399.236 1399.087 1398.938 1398.905 1398.914 1398.923 1398.932 1398.942 1398.955 1398.969 1398.982 1398.995 1399.018 1399.045 1399.071 1399.098 1399.147 1399.34 1399.534 1399.728 1399.921 1400.167 1400.447 1400.728 1401.008 1401.263 1401.103 1400.943 1400.782 1400.622 1400.483 1400.362 1400.242 1400.122 1400.002 1400.0 1400.0 1400.0 1400.0 1400.0 1400.0 1400.0 1400.0 1400.0 1400.0 1400.0 1400.0 1400.0 1400.0 1400.0 1400.0 1400.0 1400.0 1400.0 1400.0 1400.0 1400.0 1400.0 1400.0 1400.0 1400.0
1401.287 1400.915 1400.543 1400.171 1399.848 1399.655 1399.462 1399.269 1399.076 1399.021 1399.016 1399.01 1399.005 1399.0 1399.0 1399.0 1399.0 1399.0 1399.0 1399.0 1399.0 1399.0 1399.03 1399.259 1399.488 1399.717 1399.945 1400.249 1400.604 1400.96 1401.315 1401.637 1401.426 1401.215 1401.004 1400.793 1400.613 1400.46 1400.307 1400.155 1400.002 1400.0 1400.0 1400.0 1400.0 1400.0 1400.0 1400.0 1400.0 1400.0 1400.0 1400.0 1400.0 1400.0 1400.0 1400.0 1400.0 1400.0 1400.0 1400.0 1400.0 1400.0 1400.0 1400.0 1400.0 1400.0 1400.0
1402.621 1402.081 1401.542 1401.002 1400.524 1400.207 1399.89 1399.573 1399.255 1399.144 1399.106 1399.068 1399.03 1399.0 1399.0 1399.0 1399.0 1399.0 1399.0 1399.0 1399.0 1399.0 1399.036 1399.314 1399.591 1399.869 1400.146 1400.511 1400.937 1401.362 1401.787 1402.171 1401.874 1401.576 1401.279 1400.981 1400.743 1400.558 1400.373 1400.188 1400.003 1400.0 1400.0 1400.0 1400.0 1400.0 1400.0 1400.0 1400.0 1400.0 1400.0 1400.0 1400.0 1400.0 1400.0 1400.0 1400.0 1400.0 1400.0 1400.0 1400.0 1400.0 1400.0 1400.0 1400.0 1400.0 1400.0
1403.955 1403.248 1402.541 1401.834 1401.2 1400.759 1400.318 1399.876 1399.435 1399.267 1399.197 1399.127 1399.056 1399.0 1399.0 1399.0 1399.0 1399.0 1399.0 1399.0 1399.0 1399.0 1399.042 1399.369 1399.695 1400.021 1400.347 1400.774 1401.269 1401.765 1402.26 1402.705 1402.321 1401.937 1401.553 1401.17 1400.873 1400.655 1400.438 1400.221 1400.003 1400.0 1400.0 1400.0 1400.0 1400.0 1400.0 1400.0 1400.0 1400.0 1400.0 1400.0 1400.0 1400.0 1400.0 1400.0 1400.0 1400.0 1400.0 1400.0 1400.0 1400.0 1400.0 1400.0 1400.0 1400.0 1400.0
1405.288 1404.414 1403.54 1402.666 1401.877 1401.311 1400.745 1400.18 1399.614 1399.391 1399.288 1399.185 1399.082 1399.0 1399.0 1399.0 1399.0 1399.0 1399.0 1399.0 1399.0 1399.0 1399.049 1399.424 1399.798 1400.173 1400.548 1401.036 1401.602 1402.167 1402.733 1403.239 1402.768 1402.298 1401.828 1401.358 1401.003 1400.753 1400.503 1400.253 1400.004 1400.0 1400.0 1400.0 1400.0 1400.0 1400.0 1400.0 1400.0 1400.0 1400.0 1400.0 1400.0 1400.0 1400.0 1400.0 1400.0 1400.0 1400.0 1400.0 1400.0 1400.0 1400.0 1400.0 1400.0 1400.0 1400.0
1406.622 1405.581 1404.539 1403.497 1402.553 1401.863 1401.173 1400.483 1399.793 1399.514 1399.378 1399.243 1399.108 1399.0 1399.0 1399.0 1399.0 1399.0 1399.0 1399.0 1399.0 1399.0 1399.055 1399.479 1399.902 1400.325 1400.748 1401.298 1401.934 1402.57 1403.206 1403.772 1403.216 1402.659 1402.103 1401.546 1401.133 1400.851 1400.568 1400.286 1400.004 1400.0 1400.0 1400.0 1400.0 1400.0 1400.0 1400.0 1400.0 1400.0 1400.0 1400.0 1400.0 1400.0 1400.0 1400.0 1400.0 1400.0 1400.0 1400.0 1400.0 1400.0 1400.0 1400.0 1400.0 1400.0 1400.0
1408.157 1406.906 1405.656 1404.406 1403.273 1402.448 1401.624 1400.8 1399.975 1399.637 1399.469 1399.301 1399.134 1399.022 1399.133 1399.243 1399.353 1399.463 1399.863 1400.406 1400.951 1401.495 1402.026 1402.474 1402.922 1403.369 1403.817 1404.171 1404.46 1404.75 1405.039 1405.262 1404.399 1403.535 1402.672 1401.809 1401.268 1401.022 1400.776 1400.53 1400.285 1400.814 1401.354 1401.895 1402.436 1402.644 1402.444 1402.244 1402.045 1401.845 1401.46 1401.057 1400.654 1400.251 1400.0 1400.0 1400.0 1400.0 1400.0 1400.012 1400.025 1400.039 1400.053 1400.09 1400.179 1400.269 1400.358
1409.805 1408.323 1406.84 1405.358 1404.018 1403.053 1402.089 1401.124 1400.159 1399.76 1399.56 1399.359 1399.159 1399.057 1399.34 1399.623 1399.906 1400.189 1401.215 1402.612 1404.009 1405.406 1406.681 1407.14 1407.599 1408.057 1408.516 1408.527 1408.234 1407.94 1407.646 1407.294 1405.999 1404.704 1403.409 1402.113 1401.405 1401.235 1401.065 1400.895 1400.724 1402.09 1403.479 1404.867 1406.255 1406.789 1406.277 1405.764 1405.251 1404.738 1403.749 1402.714 1401.679 1400.645 1400.0 1400.0 1400.0 1400.0 1400.0 1400.03 1400.065 1400.1 1400.136 1400.23 1400.46 1400.69 1400.92
1411.454 1409.739 1408.025 1406.31 1404.763 1403.658 1402.553 1401.448 1400.343 1399.883 1399.65 1399.418 1399.185 1399.093 1399.548 1400.004 1400.46 1400.916 1402.568 1404.818 1407.068 1409.318 1411.336 1411.806 1412.275 1412.745 1413.214 1412.884 1412.007 1411.13 1410.253 1409.327 1407.6 1405.872 1404.145 1402.418 1401.542 1401.448 1401.353 1401.259 1401.164 1403.367 1405.603 1407.839 1410.075 1410.935 1410.109 1409.283 1408.457 1407.631 1406.038 1404.371 1402.705 1401.038 1400.0 1400.0 1400.0 1400.0 1400.0 1400.048 1400.105 1400.162 1400.219 1400.371 1400.741 1401.112 1401.482
1413.103 1411.156 1409.209 1407.262 1405.508 1404.263 1403.017 1401.772 1400.526 1400.006 1399.741 1399.476 1399.211 1399.128 1399.756 1400.385 1401.013 1401.642 1403.92 1407.024 1410.127 1413.23 1415.992 1416.472 1416.952 1417.432 1417.913 1417.24 1415.78 1414.32 1412.86 1411.359 1409.2 1407.041 1404.882 1402.722 1401.68 1401.661 1401.642 1401.623 1401.604 1404.643 1407.727 1410.811 1413.895 1415.081 1413.942 1412.803 1411.663 1410.524 1408.327 1406.029 1403.73 1401.432 1400.0 1400.0 1400.0 1400.0 1400.0 1400.066 1400.145 1400.223 1400.302 1400.512 1401.023 1401.533 1402.044
1414.829 1412.618 1410.406 1408.195 1406.212 1404.829 1403.446 1402.062 1400.679 1400.104 1399.813 1399.522 1399.232 1399.163 1399.968 1400.773 1401.577 1402.382 1405.316 1409.315 1413.313 1417.312 1420.857 1421.38 1421.903 1422.426 1422.948 1421.912 1419.812 1417.711 1415.61 1413.481 1410.882 1408.284 1405.686 1403.088 1401.918 1402.06 1402.201 1402.342 1402.483 1406.372 1410.316 1414.26 1418.204 1419.693 1418.171 1416.65 1415.129 1413.607 1410.767 1407.802 1404.836 1401.87 1400.021 1400.016 1400.011 1400.006 1400.001 1400.09 1400.198 1400.305 1400.412 1400.685 1401.335 1401.986 1402.636
1417.248 1414.486 1411.724 1408.962 1406.548 1405.052 1403.555 1402.058 1400.562 1399.981 1399.722 1399.464 1399.206 1399.205 1400.215 1401.225 1402.234 1403.244 1407.093 1412.36 1417.628 1422.896 1427.587 1428.433 1429.28 1430.127 1430.974 1429.386 1426.135 1422.884 1419.633 1416.391 1413.29 1410.19 1407.089 1403.989 1403.053 1404.101 1405.149 1406.198 1407.246 1412.106 1417.022 1421.938 1426.854 1428.432 1425.917 1423.402 1420.887 1418.372 1414.548 1410.6 1406.652 1402.703 1400.223 1400.169 1400.116 1400.062 1400.009 1400.167 1400.366 1400.566 1400.765 1401.142 1401.928 1402.713 1403.499
1419.667 1416.354 1413.041 1409.728 1406.884 1405.274 1403.664 1402.054 1400.445 1399.858 1399.632 1399.406 1399.18 1399.247 1400.462 1401.677 1402.892 1404.107 1408.869 1415.406 1421.943 1428.479 1434.316 1435.486 1436.657 1437.828 1438.999 1436.859 1432.458 1428.057 1423.656 1419.301 1415.698 1412.096 1408.493 1404.891 1404.188 1406.143 1408.098 1410.054 1412.009 1417.84 1423.728 1429.616 1435.504 1437.171 1433.662 1430.154 1426.645 1423.137 1418.33 1413.398 1408.467 1403.536 1400.425 1400.323 1400.221 1400.118 1400.016 1400.245 1400.535 1400.826 1401.117 1401.6 1402.52 1403.441 1404.361
1422.086 1418.222 1414.358 1410.495 1407.22 1405.497 1403.774 1402.05 1400.327 1399.735 1399.541 1399.348 1399.154 1399.288 1400.708 1402.129 1403.549 1404.969 1410.646 1418.452 1426.257 1434.063 1441.045 1442.54 1444.034 1445.529 1447.024 1444.332 1438.781 1433.23 1427.678 1422.211 1418.106 1414.002 1409.897 1405.792 1405.322 1408.185 1411.047 1413.91 1416.772 1423.574 1430.434 1437.294 1444.154 1445.91 1441.408 1436.906 1432.404 1427.902 1422.111 1416.197 1410.283 1404.369 1400.627 1400.476 1400.325 1400.175 1400.024 1400.322 1400.704 1401.087 1401.47 1402.057 1403.113 1404.168 1405.224
1424.505 1420.09 1415.676 1411.261 1407.557 1405.72 1403.883 1402.047 1400.21 1399.612 1399.451 1399.289 1399.128 1399.33 1400.955 1402.581 1404.206 1405.832 1412.423 1421.497 1430.572 1439.646 1447.774 1449.593 1451.411 1453.23 1455.049 1451.805 1445.104 1438.402 1431.701 1425.121 1420.514 1415.907 1411.301 1406.694 1406.457 1410.227 1413.996 1417.766 1421.536 1429.309 1437.141 1444.973 1452.805 1454.649 1449.153 1443.658 1438.162 1432.667 1425.892 1418.995 1412.099 1405.202 1400.829 1400.63 1400.43 1400.231 1400.032 1400.399 1400.873 1401.348 1401.822 1402.515 1403.705 1404.896 1406.086
1427.243 1422.263 1417.282 1412.302 1408.147 1406.167 1404.186 1402.206 1400.225 1399.613 1399.484 1399.356 1399.227 1399.474 1401.194 1402.915 1404.636 1406.357 1413.531 1423.432 1433.332 1443.233 1452.157 1454.568 1456.979 1459.391 1461.802 1458.115 1450.264 1442.412 1434.561 1426.886 1422.076 1417.266 1412.456 1407.646 1407.887 1412.759 1417.632 1422.504 1427.376 1435.497 1443.666 1451.835 1460.004 1461.786 1455.736 1449.686 1443.637 1437.587 1430.003 1422.274 1414.544 1406.814 1401.831 1401.391 1400.951 1400.51 1400.07 1400.525 1401.149 1401.773 1402.397 1403.237 1404.569 1405.9 1407.232
1430.228 1424.67 1419.112 1413.553 1408.934 1406.786 1404.638 1402.49 1400.342 1399.711 1399.614 1399.518 1399.422 1399.696 1401.428 1403.159 1404.891 1406.623 1414.124 1424.511 1434.898 1445.284 1454.735 1457.945 1461.156 1464.366 1467.577 1463.531 1454.529 1445.528 1436.526 1427.769 1422.986 1418.203 1413.42 1408.637 1409.545 1415.67 1421.795 1427.92 1434.044 1442.035 1450.053 1458.071 1466.089 1467.689 1461.424 1455.158 1448.893 1442.627 1434.369 1425.921 1417.473 1409.025 1403.448 1402.619 1401.79 1400.961 1400.132 1400.688 1401.507 1402.325 1403.144 1404.163 1405.641 1407.118 1408.595
1433.213 1427.077 1420.941 1414.805 1409.721 1407.405 1405.09 1402.775 1400.459 1399.808 1399.744 1399.68 1399.616 1399.919 1401.661 1403.404 1405.146 1406.888 1414.718 1425.59 1436.463 1447.336 1457.313 1461.323 1465.332 1469.342 1473.352 1468.947 1458.795 1448.643 1438.491 1428.652 1423.896 1419.14 1414.384 1409.628 1411.203 1418.58 1425.958 1433.336 1440.713 1448.573 1456.44 1464.306 1472.173 1473.594 1467.112 1460.63 1454.149 1447.667 1438.735 1429.568 1420.402 1411.236 1405.065 1403.847 1402.63 1401.412 1400.194 1400.852 1401.865 1402.878 1403.891 1405.089 1406.712 1408.336 1409.959
1436.198 1429.484 1422.77 1416.056 1410.507 1408.025 1405.542 1403.059 1400.576 1399.905 1399.874 1399.843 1399.811 1400.142 1401.895 1403.648 1405.401 1407.154 1415.311 1426.67 1438.028 1449.387 1459.891 1464.7 1469.509 1474.318 1479.126 1474.362 1463.06 1451.758 1440.457 1429.536 1424.807 1420.078 1415.349 1410.62 1412.861 1421.491 1430.121 1438.752 1447.382 1455.111 1462.826 1470.542 1478.257 1479.497 1472.8 1466.102 1459.405 1452.707 1443.1 1433.216 1423.332 1413.447 1406.682 1405.076 1403.469 1401.863 1400.256 1401.015 1402.222 1403.43 1404.637 1406.015 1407.784 1409.553 1411.322
1439.115 1431.826 1424.538 1417.249 1411.241 1408.603 1405.965 1403.327 1400.688 1400.0 1400.0 1400.0 1400.0 1400.357 1402.119 1403.881 1405.643 1407.404 1415.877 1427.705 1439.533 1451.361 1462.376 1467.975 1473.575 1479.174 1484.773 1479.662 1467.239 1454.815 1442.391 1430.415 1425.726 1421.036 1416.347 1411.657 1414.562 1424.426 1434.291 1444.156 1454.021 1461.592 1469.13 1476.667 1484.205 1485.252 1478.343 1471.433 1464.524 1457.614 1447.351 1436.768 1426.185 1415.602 1408.259 1406.276 1404.293 1402.31 1400.328 1401.194 1402.602 1404.009 1405.416 1406.978 1408.893 1410.807 1412.722
1439.762 1432.004 1424.246 1416.487 1410.206 1407.811 1405.415 1403.02 1400.625 1400.0 1400.0 1400.0 1400.0 1400.344 1402.041 1403.738 1405.435 1407.132 1415.526 1427.267 1439.009 1450.75 1461.755 1467.845 1473.936 1480.026 1486.116 1481.1 1468.498 1455.896 1443.294 1431.177 1426.946 1422.716 1418.485 1414.255 1417.705 1428.196 1438.688 1449.179 1459.67 1466.192 1472.655 1479.118 1485.581 1486.002 1479.017 1472.032 1465.047 1458.062 1447.747 1437.116 1426.484 1415.852 1408.494 1406.549 1404.604 1402.658 1400.713 1401.908 1403.699 1405.49 1407.28 1409.153 1411.214 1413.274 1415.335
1440.41 1432.182 1423.954 1415.726 1409.171 1407.018 1404.866 1402.714 1400.562 1400.0 1400.0 1400.0 1400.0 1400.331 1401.963 1403.595 1405.228 1406.86 1415.174 1426.829 1438.484 1450.14 1461.133 1467.715 1474.297 1480.878 1487.46 1482.537 1469.757 1456.976 1444.196 1431.938 1428.167 1424.395 1420.623 1416.852 1420.849 1431.966 1443.084 1454.202 1465.319 1470.791 1476.179 1481.568 1486.956 1486.752 1479.691 1472.63 1465.57 1458.509 1448.144 1437.464 1426.783 1416.103 1408.729 1406.821 1404.914 1403.007 1401.099 1402.623 1404.797 1406.971 1409.145 1411.328 1413.535 1415.741 1417.948
