data/zism_data/00897_03_D.txt
ncols         224
nrows         224
[rows 0 to 27 of 224, columns 0 to 62 of 224]
1541.508 1535.883 1530.259 1524.634 1522.225 1519.863 1517.501 1515.139 1513.533 1512.911 1512.288 1511.666 1511.043 1510.383 1509.719 1509.054 1508.389 1507.734 1507.102 1506.469 1505.836 1505.203 1504.644 1504.104 1503.565 1503.026 1502.524 1502.143 1501.763 1501.382 1501.001 1500.406 1499.711 1499.016 1498.322 1497.495 1495.793 1494.091 1492.389 1490.687 1490.594 1491.667 1492.741 1493.815 1494.88 1495.667 1496.453 1497.24 1498.026 1498.289 1497.979 1497.67 1497.361 1497.051 1494.758 1492.31 1489.863 1487.415 1484.196 1479.703 1475.21 1470.717 1466.224
1544.17 1538.551 1532.932 1527.312 1524.725 1522.183 1519.641 1517.099 1515.292 1514.442 1513.591 1512.741 1511.89 1511.129 1510.379 1509.629 1508.88 1508.164 1507.515 1506.866 1506.217 1505.569 1505.018 1504.495 1503.972 1503.448 1502.94 1502.48 1502.019 1501.559 1501.099 1500.363 1499.499 1498.634 1497.769 1496.737 1494.59 1492.442 1490.295 1488.147 1488.021 1489.359 1490.698 1492.037 1493.366 1494.37 1495.374 1496.378 1497.382 1497.728 1497.354 1496.981 1496.608 1496.235 1493.382 1490.335 1487.288 1484.241 1480.161 1474.375 1468.588 1462.801 1457.014
1545.042 1539.451 1533.86 1528.27 1525.701 1523.176 1520.652 1518.127 1516.274 1515.292 1514.311 1513.33 1512.349 1511.504 1510.676 1509.849 1509.022 1508.257 1507.62 1506.982 1506.345 1505.707 1505.159 1504.635 1504.112 1503.588 1503.052 1502.474 1501.897 1501.319 1500.742 1499.757 1498.583 1497.408 1496.233 1494.859 1492.16 1489.461 1486.762 1484.063 1483.766 1485.212 1486.657 1488.103 1489.546 1490.911 1492.277 1493.642 1495.008 1495.464 1494.928 1494.392 1493.857 1493.321 1489.929 1486.313 1482.697 1479.082 1474.331 1467.704 1461.077 1454.45 1447.823
1542.429 1536.913 1531.396 1525.88 1523.709 1521.588 1519.466 1517.344 1515.744 1514.821 1513.898 1512.975 1512.053 1511.158 1510.267 1509.376 1508.485 1507.7 1507.126 1506.552 1505.978 1505.404 1504.844 1504.289 1503.734 1503.178 1502.573 1501.805 1501.036 1500.268 1499.5 1498.057 1496.299 1494.541 1492.783 1490.803 1487.346 1483.889 1480.432 1476.974 1476.242 1477.486 1478.73 1479.974 1481.24 1483.247 1485.254 1487.261 1489.268 1489.889 1488.998 1488.107 1487.216 1486.325 1482.435 1478.31 1474.186 1470.061 1465.01 1458.425 1451.84 1445.256 1438.671
1539.816 1534.374 1528.932 1523.49 1521.718 1519.999 1518.28 1516.562 1515.214 1514.35 1513.485 1512.621 1511.756 1510.812 1509.857 1508.903 1507.948 1507.142 1506.631 1506.121 1505.61 1505.1 1504.53 1503.943 1503.355 1502.768 1502.095 1501.135 1500.176 1499.217 1498.257 1496.357 1494.016 1491.674 1489.333 1486.747 1482.532 1478.316 1474.101 1469.885 1468.718 1469.76 1470.803 1471.845 1472.934 1475.583 1478.231 1480.88 1483.528 1484.314 1483.068 1481.822 1480.576 1479.33 1474.941 1470.308 1465.674 1461.041 1455.688 1449.146 1442.604 1436.061 1429.519
1537.204 1531.836 1526.468 1521.1 1519.726 1518.41 1517.095 1515.779 1514.685 1513.879 1513.072 1512.266 1511.46 1510.466 1509.448 1508.43 1507.411 1506.584 1506.137 1505.69 1505.244 1504.797 1504.215 1503.596 1502.977 1502.358 1501.616 1500.466 1499.316 1498.166 1497.015 1494.657 1491.732 1488.807 1485.883 1482.691 1477.718 1472.744 1467.77 1462.797 1461.194 1462.034 1462.875 1463.716 1464.628 1467.918 1471.208 1474.499 1477.789 1478.74 1477.138 1475.537 1473.935 1472.334 1467.448 1462.305 1457.162 1452.02 1446.366 1439.866 1433.367 1426.867 1420.367
1534.591 1529.298 1524.004 1518.71 1517.734 1516.822 1515.909 1514.996 1514.155 1513.407 1512.659 1511.911 1511.164 1510.12 1509.039 1507.957 1506.875 1506.026 1505.643 1505.26 1504.876 1504.493 1503.901 1503.25 1502.599 1501.948 1501.138 1499.797 1498.455 1497.114 1495.773 1492.956 1489.448 1485.941 1482.433 1478.635 1472.903 1467.171 1461.439 1455.708 1453.669 1454.309 1454.948 1455.588 1456.322 1460.254 1464.186 1468.118 1472.049 1473.165 1471.208 1469.251 1467.295 1465.338 1459.954 1454.302 1448.651 1442.999 1437.044 1430.587 1424.13 1417.672 1411.215
1531.401 1526.232 1521.063 1515.894 1515.225 1514.622 1514.019 1513.416 1512.793 1512.147 1511.5 1510.853 1510.206 1509.153 1508.047 1506.94 1505.834 1504.926 1504.415 1503.905 1503.395 1502.884 1501.98 1500.966 1499.953 1498.939 1497.744 1495.951 1494.158 1492.365 1490.573 1487.334 1483.418 1479.502 1475.586 1471.405 1465.448 1459.492 1453.535 1447.579 1445.291 1445.663 1446.034 1446.406 1446.879 1450.751 1454.623 1458.496 1462.368 1463.461 1461.523 1459.585 1457.647 1455.709 1450.678 1445.406 1440.133 1434.861 1429.499 1423.988 1418.477 1412.966 1407.455
1528.001 1522.976 1517.95 1512.924 1512.529 1512.201 1511.874 1511.547 1511.131 1510.601 1510.071 1509.541 1509.01 1507.961 1506.844 1505.727 1504.61 1503.63 1502.923 1502.217 1501.51 1500.803 1499.479 1497.983 1496.487 1494.99 1493.299 1490.96 1488.62 1486.281 1483.942 1480.294 1476.034 1471.774 1467.513 1463.027 1457.039 1451.051 1445.063 1439.075 1436.604 1436.684 1436.764 1436.844 1437.025 1440.585 1444.144 1447.703 1451.262 1452.266 1450.482 1448.698 1446.914 1445.129 1440.759 1436.186 1431.614 1427.041 1422.594 1418.356 1414.118 1409.879 1405.641
1524.602 1519.719 1514.837 1509.954 1509.833 1509.781 1509.729 1509.678 1509.469 1509.055 1508.642 1508.228 1507.815 1506.77 1505.642 1504.514 1503.387 1502.334 1501.431 1500.528 1499.625 1498.723 1496.978 1494.999 1493.021 1491.042 1488.853 1485.968 1483.083 1480.197 1477.312 1473.255 1468.65 1464.045 1459.44 1454.651 1448.631 1442.611 1436.591 1430.571 1427.918 1427.706 1427.495 1427.283 1427.172 1430.418 1433.665 1436.911 1440.157 1441.072 1439.441 1437.811 1436.18 1434.55 1430.84 1426.967 1423.094 1419.221 1415.691 1412.725 1409.759 1406.793 1403.827
1521.203 1516.463 1511.724 1506.985 1507.137 1507.361 1507.585 1507.809 1507.806 1507.509 1507.213 1506.916 1506.619 1505.578 1504.44 1503.301 1502.163 1501.038 1499.939 1498.84 1497.741 1496.642 1494.477 1492.016 1489.555 1487.094 1484.408 1480.976 1477.545 1474.113 1470.682 1466.216 1461.267 1456.317 1451.367 1446.274 1440.222 1434.17 1428.118 1422.067 1419.231 1418.728 1418.225 1417.722 1417.318 1420.252 1423.185 1426.119 1429.053 1429.877 1428.4 1426.924 1425.447 1423.97 1420.92 1417.747 1414.575 1411.402 1408.786 1407.093 1405.4 1403.707 1402.013
1517.958 1513.379 1508.8 1504.221 1504.592 1505.036 1505.48 1505.924 1506.085 1505.877 1505.669 1505.462 1505.254 1504.187 1503.008 1501.829 1500.649 1499.409 1498.045 1496.681 1495.317 1493.953 1491.37 1488.449 1485.528 1482.607 1479.456 1475.541 1471.626 1467.711 1463.797 1459.011 1453.817 1448.623 1443.429 1438.136 1432.174 1426.212 1420.25 1414.289 1411.355 1410.616 1409.878 1409.14 1408.498 1411.084 1413.671 1416.257 1418.843 1419.569 1418.264 1416.959 1415.654 1414.349 1411.949 1409.463 1406.978 1404.493 1402.732 1402.169 1401.607 1401.044 1400.481
1515.751 1511.448 1507.145 1502.842 1503.065 1503.356 1503.646 1503.936 1503.968 1503.665 1503.362 1503.058 1502.755 1501.462 1500.039 1498.616 1497.193 1495.547 1493.456 1491.366 1489.276 1487.185 1484.204 1480.976 1477.747 1474.519 1471.116 1467.138 1463.159 1459.181 1455.202 1450.689 1445.924 1441.16 1436.396 1431.594 1426.539 1421.484 1416.429 1411.374 1408.904 1408.309 1407.714 1407.119 1406.599 1408.607 1410.616 1412.624 1414.632 1415.196 1414.182 1413.169 1412.156 1411.142 1409.324 1407.443 1405.563 1403.682 1402.365 1401.983 1401.601 1401.219 1400.836
1513.545 1509.517 1505.49 1501.462 1501.538 1501.675 1501.811 1501.948 1501.851 1501.453 1501.054 1500.655 1500.257 1498.737 1497.07 1495.403 1493.735 1491.685 1488.868 1486.051 1483.234 1480.417 1477.038 1473.502 1469.966 1466.43 1462.777 1458.734 1454.692 1450.65 1446.608 1442.367 1438.032 1433.697 1429.363 1425.052 1420.904 1416.755 1412.607 1408.459 1406.453 1406.001 1405.549 1405.097 1404.7 1406.13 1407.561 1408.991 1410.422 1410.823 1410.101 1409.379 1408.657 1407.936 1406.7 1405.423 1404.147 1402.871 1401.999 1401.797 1401.595 1401.393 1401.191
1511.338 1507.586 1503.835 1500.083 1500.011 1499.994 1499.977 1499.959 1499.735 1499.241 1498.746 1498.252 1497.758 1496.012 1494.101 1492.19 1490.279 1487.823 1484.28 1480.737 1477.193 1473.65 1469.872 1466.028 1462.185 1458.341 1454.437 1450.331 1446.225 1442.12 1438.014 1434.045 1430.14 1426.234 1422.329 1418.51 1415.269 1412.027 1408.786 1405.544 1404.003 1403.694 1403.385 1403.076 1402.801 1403.653 1404.506 1405.358 1406.211 1406.45 1406.02 1405.589 1405.159 1404.729 1404.075 1403.403 1402.731 1402.059 1401.633 1401.611 1401.589 1401.567 1401.546
1509.131 1505.655 1502.179 1498.703 1498.484 1498.313 1498.142 1497.971 1497.618 1497.028 1496.439 1495.849 1495.26 1493.286 1491.131 1488.976 1486.822 1483.962 1479.692 1475.422 1471.152 1466.883 1462.706 1458.555 1454.404 1450.252 1446.097 1441.928 1437.758 1433.589 1429.42 1425.723 1422.247 1418.771 1415.296 1411.969 1409.634 1407.299 1404.964 1402.629 1401.552 1401.386 1401.22 1401.055 1400.902 1401.176 1401.451 1401.725 1402.0 1402.077 1401.938 1401.8 1401.661 1401.523 1401.45 1401.383 1401.316 1401.248 1401.266 1401.425 1401.583 1401.742 1401.9
1506.906 1503.8 1500.694 1497.589 1497.207 1496.865 1496.524 1496.182 1495.636 1494.823 1494.01 1493.197 1492.384 1489.979 1487.366 1484.753 1482.139 1478.748 1473.799 1468.85 1463.901 1458.952 1454.609 1450.434 1446.26 1442.085 1437.987 1434.141 1430.295 1426.449 1422.603 1419.385 1416.461 1413.538 1410.614 1407.852 1406.164 1404.477 1402.79 1401.103 1400.344 1400.257 1400.171 1400.084 1400.0 1400.0 1400.0 1400.0 1400.0 1400.012 1400.037 1400.062 1400.087 1400.112 1400.667 1401.262 1401.858 1402.453 1403.0 1403.467 1403.934 1404.401 1404.868
1504.662 1502.013 1499.363 1496.714 1496.156 1495.628 1495.101 1494.574 1493.775 1492.623 1491.47 1490.318 1489.166 1486.145 1482.88 1479.614 1476.349 1472.31 1466.725 1461.14 1455.555 1449.97 1445.671 1441.73 1437.788 1433.847 1430.084 1426.911 1423.739 1420.566 1417.394 1414.842 1412.581 1410.32 1408.059 1405.927 1404.653 1403.38 1402.106 1400.833 1400.259 1400.194 1400.129 1400.063 1400.0 1400.0 1400.0 1400.0 1400.0 1400.035 1400.108 1400.18 1400.253 1400.326 1401.548 1402.859 1404.17 1405.482 1406.635 1407.526 1408.417 1409.308 1410.199
1502.419 1500.225 1498.032 1495.838 1495.104 1494.391 1493.678 1492.966 1491.914 1490.423 1488.931 1487.439 1485.948 1482.311 1478.394 1474.476 1470.559 1465.873 1459.652 1453.43 1447.209 1440.987 1436.733 1433.025 1429.317 1425.609 1422.181 1419.682 1417.183 1414.683 1412.184 1410.299 1408.701 1407.103 1405.504 1404.003 1403.142 1402.282 1401.422 1400.562 1400.175 1400.131 1400.087 1400.043 1400.0 1400.0 1400.0 1400.0 1400.0 1400.058 1400.178 1400.299 1400.419 1400.54 1402.429 1404.456 1406.483 1408.51 1410.269 1411.585 1412.9 1414.215 1415.53
1500.176 1498.438 1496.701 1494.963 1494.052 1493.154 1492.256 1491.358 1490.054 1488.223 1486.392 1484.561 1482.73 1478.477 1473.908 1469.338 1464.768 1459.436 1452.578 1445.72 1438.863 1432.005 1427.795 1424.32 1420.845 1417.37 1414.278 1412.452 1410.627 1408.801 1406.975 1405.756 1404.82 1403.885 1402.95 1402.078 1401.631 1401.185 1400.738 1400.292 1400.091 1400.068 1400.045 1400.022 1400.0 1400.0 1400.0 1400.0 1400.0 1400.08 1400.249 1400.417 1400.585 1400.753 1403.31 1406.053 1408.796 1411.539 1413.904 1415.643 1417.383 1419.122 1420.862
1497.933 1496.651 1495.369 1494.088 1493.001 1491.917 1490.833 1489.749 1488.193 1486.023 1483.852 1481.682 1479.512 1474.643 1469.422 1464.2 1458.978 1452.998 1445.504 1438.01 1430.516 1423.023 1418.857 1415.615 1412.374 1409.132 1406.375 1405.223 1404.071 1402.918 1401.766 1401.213 1400.94 1400.667 1400.395 1400.153 1400.12 1400.088 1400.055 1400.022 1400.007 1400.005 1400.003 1400.002 1400.0 1400.0 1400.0 1400.0 1400.0 1400.103 1400.319 1400.535 1400.751 1400.967 1404.191 1407.65 1411.109 1414.568 1417.538 1419.702 1421.865 1424.029 1426.193
1497.708 1496.765 1495.822 1494.88 1493.956 1493.033 1492.11 1491.187 1489.687 1487.436 1485.184 1482.933 1480.682 1475.47 1469.869 1464.268 1458.667 1452.64 1445.759 1438.877 1431.996 1425.115 1421.636 1419.101 1416.566 1414.031 1411.889 1411.049 1410.209 1409.369 1408.529 1408.115 1407.9 1407.685 1407.47 1407.26 1407.084 1406.909 1406.733 1406.557 1406.099 1405.435 1404.772 1404.108 1403.444 1402.746 1402.048 1401.35 1400.653 1400.669 1401.465 1402.26 1403.056 1403.851 1408.573 1413.601 1418.63 1423.659 1427.499 1429.374 1431.25 1433.125 1435.0
1497.658 1497.044 1496.43 1495.816 1495.085 1494.353 1493.621 1492.889 1491.471 1489.161 1486.852 1484.543 1482.233 1476.7 1470.744 1464.788 1458.832 1452.808 1446.648 1440.488 1434.328 1428.168 1425.43 1423.642 1421.855 1420.068 1418.565 1418.006 1417.447 1416.888 1416.329 1416.008 1415.798 1415.589 1415.379 1415.149 1414.783 1414.416 1414.05 1413.683 1412.726 1411.342 1409.957 1408.572 1407.186 1405.73 1404.274 1402.818 1401.362 1401.282 1402.703 1404.124 1405.545 1406.966 1413.258 1419.93 1426.603 1433.275 1438.008 1439.533 1441.059 1442.584 1444.11
1497.608 1497.323 1497.037 1496.752 1496.214 1495.673 1495.132 1494.591 1493.255 1490.887 1488.52 1486.152 1483.784 1477.93 1471.619 1465.307 1458.996 1452.975 1447.537 1442.098 1436.659 1431.22 1429.224 1428.184 1427.144 1426.105 1425.242 1424.964 1424.685 1424.407 1424.129 1423.902 1423.697 1423.493 1423.289 1423.038 1422.481 1421.924 1421.366 1420.809 1419.354 1417.248 1415.142 1413.037 1410.928 1408.714 1406.5 1404.285 1402.071 1401.895 1403.942 1405.988 1408.035 1410.082 1417.943 1426.259 1434.575 1442.891 1448.517 1449.692 1450.868 1452.043 1453.219
1497.558 1497.601 1497.645 1497.688 1497.344 1496.993 1496.643 1496.292 1495.039 1492.613 1490.187 1487.761 1485.335 1479.16 1472.494 1465.827 1459.16 1453.143 1448.426 1443.708 1438.99 1434.272 1433.018 1432.726 1432.434 1432.142 1431.918 1431.921 1431.924 1431.927 1431.93 1431.795 1431.596 1431.397 1431.198 1430.928 1430.179 1429.431 1428.683 1427.935 1425.981 1423.155 1420.328 1417.501 1414.67 1411.697 1408.725 1405.753 1402.78 1402.508 1405.18 1407.852 1410.525 1413.197 1422.629 1432.589 1442.548 1452.508 1459.026 1459.851 1460.677 1461.502 1462.328
1498.041 1498.418 1498.795 1499.172 1498.955 1498.728 1498.502 1498.275 1497.086 1494.645 1492.204 1489.764 1487.323 1481.048 1474.27 1467.492 1460.715 1454.874 1450.905 1446.937 1442.969 1439.001 1438.472 1438.899 1439.326 1439.753 1440.13 1440.338 1440.547 1440.756 1440.964 1440.889 1440.68 1440.471 1440.263 1439.957 1439.003 1438.048 1437.094 1436.14 1433.706 1430.198 1426.69 1423.182 1419.666 1415.868 1412.071 1408.273 1404.476 1404.054 1407.313 1410.573 1413.832 1417.092 1427.611 1438.698 1449.784 1460.871 1467.97 1468.474 1468.978 1469.482 1469.986
1499.68 1500.402 1501.124 1501.846 1501.612 1501.365 1501.117 1500.869 1499.703 1497.341 1494.98 1492.619 1490.257 1484.362 1478.003 1471.645 1465.286 1459.994 1456.837 1453.68 1450.523 1447.367 1447.529 1448.614 1449.698 1450.783 1451.674 1451.925 1452.176 1452.427 1452.678 1452.587 1452.336 1452.085 1451.834 1451.46 1450.267 1449.074 1447.882 1446.689 1443.81 1439.708 1435.606 1431.505 1427.384 1422.616 1417.848 1413.08 1408.312 1407.625 1411.388 1415.151 1418.915 1422.678 1433.239 1444.33 1455.422 1466.514 1473.519 1473.763 1474.007 1474.251 1474.495
1501.32 1502.386 1503.453 1504.52 1504.27 1504.001 1503.732 1503.463 1502.319 1500.037 1497.756 1495.474 1493.192 1487.676 1481.736 1475.797 1469.857 1465.115 1462.769 1460.424 1458.078 1455.732 1456.586 1458.328 1460.07 1461.812 1463.218 1463.511 1463.805 1464.099 1464.392 1464.286 1463.992 1463.699 1463.405 1462.963 1461.532 1460.1 1458.669 1457.238 1453.914 1449.218 1444.523 1439.827 1435.101 1429.363 1423.625 1417.887 1412.149 1411.195 1415.463 1419.73 1423.997 1428.264 1438.866 1449.963 1461.06 1472.157 1479.067 1479.052 1479.036 1479.02 1479.005
