data/zism_data/00901_04_D.txt
ncols         224
nrows         224
[rows 196 to 223 of 224, columns 126 to 188 of 224]
3600.0 3600.0 3600.0 3600.0 3600.0 3600.0 3600.0 3600.0 3600.0 3600.0 3600.0 3600.0 3600.0 3600.0 3600.0 3600.0 3600.0 3600.0 3600.0 3600.0 3600.0 3600.0 3600.0 3600.0 3600.0 3600.0 3600.0 3600.0 3600.0 3600.0 3600.0 3600.0 3600.0 3600.0 3600.0 3600.0 3600.0 3600.0 3600.0 3600.0 3600.0 3600.0 3600.0 3600.0 3600.0 3600.023 3600.061 3600.098 3600.136 3600.248 3601.145 3602.042 3602.939 3603.837 3606.198 3609.755 3613.312 3616.868 3620.439 3625.006 3629.573 3634.139 3638.706
3600.0 3600.0 3600.0 3600.0 3600.0 3600.0 3600.0 3600.0 3600.0 3600.0 3600.0 3600.0 3600.0 3600.0 3600.0 3600.0 3600.0 3600.0 3600.0 3600.0 3600.0 3600.0 3600.0 3600.0 3600.0 3600.0 3600.0 3600.0 3600.0 3600.0 3600.0 3600.0 3600.0 3600.0 3600.0 3600.0 3600.0 3600.0 3600.0 3600.0 3600.0 3600.0 3600.0 3600.0 3600.0 3600.033 3600.087 3600.141 3600.194 3600.352 3601.604 3602.857 3604.109 3605.362 3608.257 3612.491 3616.726 3620.961 3625.2 3629.729 3634.258 3638.787 3643.316
3600.0 3600.0 3600.0 3600.0 3600.0 3600.0 3600.0 3600.0 3600.0 3600.0 3600.0 3600.0 3600.0 3600.0 3600.0 3600.0 3600.0 3600.0 3600.0 3600.0 3600.0 3600.0 3600.0 3600.0 3600.0 3600.0 3600.0 3600.0 3600.0 3600.0 3600.0 3600.0 3600.0 3600.0 3600.0 3600.0 3600.0 3600.0 3600.0 3600.0 3600.0 3600.0 3600.0 3600.0 3600.0 3600.043 3600.113 3600.183 3600.253 3600.456 3602.064 3603.672 3605.279 3606.887 3610.315 3615.228 3620.141 3625.054 3629.961 3634.452 3638.943 3643.435 3647.926
3600.0 3600.0 3600.0 3600.0 3600.0 3600.0 3600.0 3600.0 3600.0 3600.0 3600.0 3600.0 3600.0 3600.009 3600.034 3600.059 3600.084 3600.109 3600.092 3600.067 3600.042 3600.017 3600.0 3600.0 3600.0 3600.0 3600.0 3600.0 3600.0 3600.0 3600.0 3600.0 3600.0 3600.0 3600.0 3600.0 3600.0 3600.0 3600.0 3600.0 3600.003 3600.019 3600.036 3600.052 3600.069 3600.319 3600.711 3601.103 3601.495 3602.047 3604.283 3606.519 3608.754 3610.99 3614.782 3619.844 3624.906 3629.968 3635.021 3639.454 3643.887 3648.32 3652.753
3600.0 3600.0 3600.0 3600.0 3600.0 3600.0 3600.0 3600.0 3600.0 3600.0 3600.0 3600.0 3600.0 3600.021 3600.079 3600.136 3600.193 3600.25 3600.211 3600.154 3600.097 3600.04 3600.0 3600.0 3600.0 3600.0 3600.0 3600.0 3600.0 3600.0 3600.0 3600.0 3600.0 3600.0 3600.0 3600.0 3600.0 3600.0 3600.0 3600.0 3600.006 3600.044 3600.082 3600.12 3600.158 3600.675 3601.481 3602.288 3603.094 3604.087 3607.033 3609.979 3612.926 3615.872 3619.977 3625.028 3630.08 3635.131 3640.172 3644.54 3648.909 3653.277 3657.646
3600.0 3600.0 3600.0 3600.0 3600.0 3600.0 3600.0 3600.0 3600.0 3600.0 3600.0 3600.0 3600.0 3600.034 3600.123 3600.212 3600.302 3600.391 3600.33 3600.241 3600.152 3600.062 3600.0 3600.0 3600.0 3600.0 3600.0 3600.0 3600.0 3600.0 3600.0 3600.0 3600.0 3600.0 3600.0 3600.0 3600.0 3600.0 3600.0 3600.0 3600.01 3600.069 3600.129 3600.188 3600.248 3601.031 3602.252 3603.473 3604.694 3606.126 3609.783 3613.44 3617.096 3620.753 3625.172 3630.212 3635.253 3640.293 3645.323 3649.626 3653.93 3658.234 3662.538
3600.0 3600.0 3600.0 3600.0 3600.0 3600.0 3600.0 3600.0 3600.0 3600.0 3600.0 3600.0 3600.0 3600.046 3600.167 3600.289 3600.411 3600.533 3600.45 3600.328 3600.206 3600.085 3600.0 3600.0 3600.0 3600.0 3600.0 3600.0 3600.0 3600.0 3600.0 3600.0 3600.0 3600.0 3600.0 3600.0 3600.0 3600.0 3600.0 3600.0 3600.013 3600.094 3600.175 3600.256 3600.337 3601.387 3603.022 3604.658 3606.293 3608.166 3612.533 3616.9 3621.268 3625.635 3630.367 3635.396 3640.426 3645.456 3650.474 3654.713 3658.952 3663.191 3667.431
3600.024 3600.049 3600.073 3600.098 3600.134 3600.183 3600.232 3600.281 3600.33 3600.379 3600.428 3600.478 3600.527 3600.598 3600.705 3600.812 3600.919 3601.027 3600.864 3600.65 3600.437 3600.223 3600.069 3600.053 3600.037 3600.02 3600.004 3600.0 3600.0 3600.0 3600.0 3600.0 3600.0 3600.0 3600.0 3600.0 3600.0 3600.0 3600.0 3600.0 3600.022 3600.158 3600.295 3600.431 3600.568 3601.934 3604.043 3606.153 3608.262 3610.624 3615.633 3620.641 3625.65 3630.659 3635.661 3640.659 3645.657 3650.655 3655.64 3659.803 3663.966 3668.129 3672.292
3600.135 3600.273 3600.411 3600.548 3600.748 3601.023 3601.298 3601.573 3601.849 3602.124 3602.399 3602.674 3602.949 3603.092 3603.017 3602.941 3602.865 3602.789 3602.34 3601.819 3601.299 3600.778 3600.388 3600.296 3600.205 3600.113 3600.021 3600.0 3600.0 3600.0 3600.0 3600.0 3600.0 3600.0 3600.0 3600.0 3600.0 3600.0 3600.0 3600.0 3600.05 3600.364 3600.678 3600.993 3601.307 3603.169 3605.968 3608.766 3611.564 3614.589 3619.991 3625.392 3630.794 3636.195 3641.315 3646.205 3651.096 3655.986 3660.864 3664.908 3668.953 3672.997 3677.042
3600.247 3600.498 3600.748 3600.999 3601.362 3601.863 3602.365 3602.866 3603.367 3603.868 3604.37 3604.871 3605.372 3605.587 3605.328 3605.07 3604.811 3604.552 3603.815 3602.988 3602.161 3601.333 3600.707 3600.54 3600.373 3600.206 3600.039 3600.0 3600.0 3600.0 3600.0 3600.0 3600.0 3600.0 3600.0 3600.0 3600.0 3600.0 3600.0 3600.0 3600.078 3600.57 3601.062 3601.554 3602.046 3604.404 3607.892 3611.379 3614.866 3618.554 3624.349 3630.143 3635.938 3641.732 3646.969 3651.752 3656.534 3661.317 3666.087 3670.013 3673.939 3677.865 3681.791
3600.358 3600.722 3601.086 3601.449 3601.976 3602.704 3603.431 3604.158 3604.885 3605.613 3606.34 3607.068 3607.795 3608.082 3607.64 3607.198 3606.757 3606.315 3605.291 3604.157 3603.023 3601.889 3601.026 3600.783 3600.541 3600.299 3600.056 3600.0 3600.0 3600.0 3600.0 3600.0 3600.0 3600.0 3600.0 3600.0 3600.0 3600.0 3600.0 3600.0 3600.107 3600.776 3601.446 3602.115 3602.784 3605.639 3609.816 3613.992 3618.168 3622.52 3628.707 3634.894 3641.082 3647.269 3652.623 3657.298 3661.973 3666.648 3671.31 3675.118 3678.926 3682.733 3686.541
3600.47 3600.946 3601.423 3601.9 3602.591 3603.544 3604.497 3605.451 3606.404 3607.358 3608.311 3609.264 3610.218 3610.576 3609.952 3609.327 3608.702 3608.077 3606.767 3605.326 3603.885 3602.444 3601.345 3601.027 3600.709 3600.391 3600.074 3600.0 3600.0 3600.0 3600.0 3600.0 3600.0 3600.0 3600.0 3600.0 3600.0 3600.0 3600.0 3600.0 3600.135 3600.982 3601.829 3602.676 3603.523 3606.874 3611.74 3616.605 3621.47 3626.485 3633.065 3639.645 3646.226 3652.806 3658.277 3662.844 3667.412 3671.979 3676.533 3680.223 3683.912 3687.601 3691.291
3602.534 3603.619 3604.704 3605.789 3606.998 3608.361 3609.723 3611.086 3612.448 3613.133 3613.752 3614.372 3614.992 3614.881 3613.564 3612.247 3610.929 3609.612 3607.942 3606.205 3604.468 3602.731 3601.421 3601.085 3600.749 3600.414 3600.078 3600.0 3600.0 3600.0 3600.0 3600.0 3600.0 3600.0 3600.0 3600.0 3600.0 3600.0 3600.0 3600.0 3600.192 3601.396 3602.6 3603.804 3605.008 3608.782 3614.111 3619.439 3624.767 3630.229 3637.098 3643.967 3650.837 3657.706 3663.283 3667.807 3672.332 3676.856 3681.368 3685.032 3688.696 3692.36 3696.024
3605.575 3607.516 3609.456 3611.397 3613.303 3615.166 3617.029 3618.892 3620.755 3620.923 3620.929 3620.935 3620.941 3620.091 3617.827 3615.562 3613.298 3611.033 3608.968 3606.94 3604.912 3602.885 3601.375 3601.05 3600.725 3600.4 3600.075 3600.0 3600.0 3600.0 3600.0 3600.0 3600.0 3600.0 3600.0 3600.0 3600.0 3600.0 3600.0 3600.0 3600.263 3601.914 3603.565 3605.216 3606.866 3611.027 3616.705 3622.383 3628.061 3633.864 3640.969 3648.075 3655.181 3662.287 3667.965 3672.479 3676.992 3681.506 3686.007 3689.693 3693.378 3697.064 3700.75
3608.616 3611.412 3614.209 3617.005 3619.607 3621.971 3624.334 3626.698 3629.062 3628.713 3628.105 3627.498 3626.89 3625.301 3622.089 3618.877 3615.666 3612.454 3609.993 3607.675 3605.356 3603.038 3601.33 3601.015 3600.701 3600.387 3600.073 3600.0 3600.0 3600.0 3600.0 3600.0 3600.0 3600.0 3600.0 3600.0 3600.0 3600.0 3600.0 3600.0 3600.334 3602.432 3604.529 3606.627 3608.724 3613.271 3619.299 3625.327 3631.355 3637.498 3644.841 3652.183 3659.526 3666.869 3672.647 3677.15 3681.653 3686.155 3690.646 3694.354 3698.061 3701.768 3705.475
3611.657 3615.309 3618.961 3622.614 3625.912 3628.776 3631.64 3634.504 3637.369 3636.503 3635.282 3634.061 3632.84 3630.511 3626.352 3622.193 3618.034 3613.875 3611.018 3608.409 3605.8 3603.191 3601.284 3600.981 3600.677 3600.374 3600.07 3600.0 3600.0 3600.0 3600.0 3600.0 3600.0 3600.0 3600.0 3600.0 3600.0 3600.0 3600.0 3600.0 3600.406 3602.95 3605.494 3608.038 3610.583 3615.516 3621.894 3628.272 3634.649 3641.132 3648.711 3656.291 3663.871 3671.45 3677.329 3681.821 3686.313 3690.805 3695.286 3699.015 3702.743 3706.472 3710.201
3615.637 3620.047 3624.457 3628.867 3632.754 3636.0 3639.246 3642.491 3645.737 3644.337 3642.495 3640.653 3638.811 3635.733 3630.613 3625.493 3620.372 3615.252 3612.002 3609.106 3606.21 3603.314 3601.212 3600.926 3600.639 3600.353 3600.066 3600.0 3600.0 3600.0 3600.0 3600.0 3600.0 3600.0 3600.0 3600.0 3600.0 3600.0 3600.0 3600.0 3600.473 3603.441 3606.409 3609.377 3612.345 3617.658 3624.39 3631.123 3637.855 3644.68 3652.479 3660.279 3668.078 3675.878 3681.852 3686.336 3690.82 3695.304 3699.778 3703.533 3707.289 3711.044 3714.799
3626.781 3631.202 3635.623 3640.044 3643.7 3646.418 3649.136 3651.854 3654.573 3652.508 3649.987 3647.467 3644.947 3641.045 3634.859 3628.673 3622.487 3616.301 3612.664 3609.509 3606.355 3603.2 3600.939 3600.717 3600.495 3600.273 3600.052 3600.0 3600.0 3600.0 3600.0 3600.0 3600.0 3600.0 3600.0 3600.0 3600.0 3600.0 3600.0 3600.0 3600.512 3603.728 3606.944 3610.159 3613.375 3619.023 3626.143 3633.262 3640.382 3647.569 3655.46 3663.351 3671.242 3679.133 3685.157 3689.657 3694.158 3698.658 3703.148 3706.968 3710.788 3714.608 3718.428
3637.926 3642.358 3646.789 3651.221 3654.646 3656.836 3659.027 3661.218 3663.408 3660.678 3657.48 3654.281 3651.083 3646.357 3639.105 3631.853 3624.602 3617.35 3613.325 3609.913 3606.5 3603.087 3600.666 3600.508 3600.351 3600.194 3600.036 3600.0 3600.0 3600.0 3600.0 3600.0 3600.0 3600.0 3600.0 3600.0 3600.0 3600.0 3600.0 3600.0 3600.552 3604.015 3607.478 3610.941 3614.404 3620.388 3627.895 3635.402 3642.909 3650.458 3658.44 3666.423 3674.406 3682.388 3688.462 3692.978 3697.495 3702.011 3706.519 3710.403 3714.288 3718.172 3722.057
3649.071 3653.513 3657.955 3662.398 3665.592 3667.255 3668.918 3670.581 3672.244 3668.849 3664.972 3661.095 3657.219 3651.668 3643.351 3635.034 3626.717 3618.399 3613.987 3610.316 3606.645 3602.974 3600.392 3600.3 3600.207 3600.114 3600.021 3600.0 3600.0 3600.0 3600.0 3600.0 3600.0 3600.0 3600.0 3600.0 3600.0 3600.0 3600.0 3600.0 3600.592 3604.302 3608.013 3611.723 3615.434 3621.752 3629.647 3637.542 3645.437 3653.347 3661.421 3669.495 3677.569 3685.643 3691.767 3696.3 3700.832 3705.365 3709.889 3713.838 3717.787 3721.736 3725.686
3660.215 3664.668 3669.122 3673.575 3676.537 3677.673 3678.809 3679.944 3681.08 3677.02 3672.465 3667.91 3663.355 3656.98 3647.597 3638.214 3628.831 3619.448 3614.649 3610.72 3606.79 3602.861 3600.119 3600.091 3600.063 3600.035 3600.007 3600.0 3600.0 3600.0 3600.0 3600.0 3600.0 3600.0 3600.0 3600.0 3600.0 3600.0 3600.0 3600.0 3600.631 3604.589 3608.547 3612.506 3616.464 3623.117 3631.399 3639.682 3647.964 3656.236 3664.402 3672.567 3680.733 3688.898 3695.072 3699.621 3704.17 3708.719 3713.26 3717.273 3721.287 3725.301 3729.314
3668.675 3672.768 3676.861 3680.954 3683.533 3684.256 3684.98 3685.704 3686.427 3681.787 3676.636 3671.485 3666.334 3659.366 3649.392 3639.417 3629.443 3619.469 3614.566 3610.625 3606.683 3602.742 3600.0 3600.0 3600.0 3600.0 3600.0 3600.0 3600.0 3600.0 3600.0 3600.0 3600.0 3600.0 3600.0 3600.0 3600.0 3600.0 3600.0 3600.0 3600.643 3604.679 3608.714 3612.75 3616.785 3623.578 3632.038 3640.498 3648.958 3657.398 3665.624 3673.851 3682.077 3690.304 3696.486 3700.999 3705.512 3710.025 3714.53 3718.456 3722.382 3726.308 3730.235
3675.07 3678.517 3681.964 3685.411 3687.49 3687.89 3688.291 3688.692 3689.093 3683.938 3678.254 3672.57 3666.886 3659.5 3649.3 3639.1 3628.9 3618.699 3613.91 3610.146 3606.382 3602.618 3600.0 3600.0 3600.0 3600.0 3600.0 3600.0 3600.0 3600.0 3600.0 3600.0 3600.0 3600.0 3600.0 3600.0 3600.0 3600.0 3600.0 3600.0 3600.635 3604.616 3608.598 3612.58 3616.561 3623.344 3631.82 3640.296 3648.772 3657.23 3665.494 3673.758 3682.023 3690.287 3696.444 3700.882 3705.32 3709.758 3714.185 3717.907 3721.628 3725.35 3729.072
3681.466 3684.267 3687.068 3689.869 3691.446 3691.524 3691.602 3691.68 3691.757 3686.088 3679.872 3673.655 3667.438 3659.635 3649.209 3638.782 3628.356 3617.93 3613.253 3609.667 3606.081 3602.495 3600.0 3600.0 3600.0 3600.0 3600.0 3600.0 3600.0 3600.0 3600.0 3600.0 3600.0 3600.0 3600.0 3600.0 3600.0 3600.0 3600.0 3600.0 3600.626 3604.554 3608.482 3612.41 3616.337 3623.11 3631.602 3640.094 3648.587 3657.063 3665.364 3673.666 3681.968 3690.27 3696.403 3700.765 3705.128 3709.49 3713.841 3717.358 3720.875 3724.392 3727.909
3687.861 3690.016 3692.171 3694.326 3695.403 3695.158 3694.913 3694.667 3694.422 3688.239 3681.489 3674.74 3667.99 3659.77 3649.117 3638.465 3627.813 3617.16 3612.597 3609.188 3605.78 3602.371 3600.0 3600.0 3600.0 3600.0 3600.0 3600.0 3600.0 3600.0 3600.0 3600.0 3600.0 3600.0 3600.0 3600.0 3600.0 3600.0 3600.0 3600.0 3600.617 3604.492 3608.365 3612.24 3616.114 3622.876 3631.384 3639.893 3648.401 3656.895 3665.234 3673.574 3681.914 3690.253 3696.361 3700.648 3704.936 3709.223 3713.496 3716.808 3720.121 3723.433 3726.746
3694.182 3695.696 3697.209 3698.723 3699.302 3698.736 3698.17 3697.604 3697.037 3690.338 3683.055 3675.771 3668.488 3659.853 3648.981 3638.11 3627.239 3616.367 3611.922 3608.696 3605.47 3602.244 3600.0 3600.0 3600.0 3600.0 3600.0 3600.0 3600.0 3600.0 3600.0 3600.0 3600.0 3600.0 3600.0 3600.0 3600.0 3600.0 3600.0 3600.0 3600.608 3604.422 3608.235 3612.049 3615.863 3622.609 3631.127 3639.646 3648.165 3656.671 3665.047 3673.422 3681.798 3690.173 3696.258 3700.474 3704.69 3708.906 3713.107 3716.219 3719.33 3722.442 3725.554
3695.464 3696.645 3697.824 3699.005 3699.311 3698.545 3697.78 3697.014 3696.249 3688.987 3681.106 3673.225 3665.345 3656.434 3645.821 3635.208 3624.595 3613.981 3610.012 3607.303 3604.594 3601.885 3600.0 3600.0 3600.0 3600.0 3600.0 3600.0 3600.0 3600.0 3600.0 3600.0 3600.0 3600.0 3600.0 3600.0 3600.0 3600.0 3600.0 3600.0 3600.528 3603.841 3607.155 3610.468 3613.781 3620.096 3628.228 3636.359 3644.49 3652.635 3660.93 3669.225 3677.52 3685.815 3691.985 3696.422 3700.858 3705.295 3709.714 3712.885 3716.056 3719.227 3722.398
3696.747 3697.593 3698.44 3699.286 3699.319 3698.354 3697.39 3696.425 3695.46 3687.635 3679.157 3670.679 3662.201 3653.015 3642.661 3632.306 3621.951 3611.596 3608.103 3605.91 3603.718 3601.525 3600.0 3600.0 3600.0 3600.0 3600.0 3600.0 3600.0 3600.0 3600.0 3600.0 3600.0 3600.0 3600.0 3600.0 3600.0 3600.0 3600.0 3600.0 3600.448 3603.261 3606.073 3608.886 3611.699 3617.584 3625.328 3633.072 3640.815 3648.6 3656.814 3665.028 3673.242 3681.456 3687.711 3692.369 3697.026 3701.684 3706.321 3709.551 3712.781 3716.011 3719.242
