data/zism_data/00903_04_D.txt
ncols         224
nrows         224
[rows 0 to 27 of 224, columns 128 to 191 of 224]
4287.897 4289.874 4292.165 4294.456 4296.747 4299.422 4303.597 4307.772 4311.947 4316.122 4318.42 4319.641 4320.862 4322.082 4323.063 4320.634 4318.206 4315.777 4313.348 4311.317 4309.691 4308.064 4306.438 4304.811 4305.446 4306.259 4307.072 4307.885 4310.181 4315.137 4320.093 4325.05 4330.006 4336.833 4344.162 4351.49 4358.819 4366.127 4373.361 4380.596 4387.83 4395.064 4401.256 4406.886 4412.516 4418.146 4423.614 4427.232 4430.85 4434.468 4438.086 4443.199 4449.742 4456.285 4462.827 4469.37 4478.922 4488.661 4498.399 4508.138 4518.255 4529.011 4539.768 4550.523
4278.371 4280.719 4283.389 4286.059 4288.729 4291.604 4295.277 4298.949 4302.622 4306.294 4308.427 4309.674 4310.921 4312.169 4313.229 4311.628 4310.028 4308.428 4306.827 4305.516 4304.499 4303.481 4302.463 4301.446 4302.13 4302.949 4303.767 4304.586 4307.079 4312.581 4318.083 4323.584 4329.085 4336.731 4344.952 4353.173 4361.394 4369.544 4377.441 4385.338 4393.235 4401.131 4408.128 4414.64 4421.151 4427.663 4433.979 4438.056 4442.134 4446.212 4450.29 4455.286 4461.16 4467.035 4472.91 4478.785 4487.8 4497.009 4506.219 4515.429 4524.989 4535.141 4545.293 4555.446
4268.844 4271.563 4274.612 4277.662 4280.711 4283.786 4286.956 4290.126 4293.296 4296.467 4298.433 4299.707 4300.981 4302.255 4303.395 4302.623 4301.85 4301.078 4300.306 4299.714 4299.306 4298.897 4298.489 4298.081 4298.814 4299.638 4300.462 4301.286 4303.978 4310.024 4316.071 4322.118 4328.164 4336.628 4345.742 4354.855 4363.969 4372.961 4381.521 4390.08 4398.64 4407.199 4415.0 4422.394 4429.787 4437.18 4444.344 4448.881 4453.418 4457.956 4462.493 4467.373 4472.579 4477.786 4482.993 4488.2 4496.678 4505.358 4514.039 4522.719 4531.723 4541.271 4550.82 4560.369
4260.669 4263.776 4267.188 4270.601 4274.013 4277.331 4280.279 4283.228 4286.177 4289.126 4291.098 4292.509 4293.921 4295.332 4296.643 4296.531 4296.419 4296.307 4296.195 4296.191 4296.299 4296.406 4296.513 4296.62 4297.579 4298.605 4299.631 4300.657 4303.6 4309.985 4316.371 4322.755 4329.141 4338.024 4347.579 4357.133 4366.688 4376.17 4385.395 4394.619 4403.843 4413.068 4421.542 4429.613 4437.684 4445.755 4453.581 4458.607 4463.632 4468.658 4473.684 4478.727 4483.787 4488.847 4493.906 4498.966 4506.96 4515.136 4523.311 4531.487 4539.853 4548.541 4557.229 4565.917
4254.15 4257.668 4261.423 4265.177 4268.931 4272.545 4275.617 4278.689 4281.761 4284.833 4287.023 4288.707 4290.39 4292.074 4293.67 4294.012 4294.354 4294.696 4295.039 4295.463 4295.971 4296.479 4296.986 4297.495 4298.894 4300.363 4301.833 4303.302 4306.561 4313.031 4319.502 4325.973 4332.443 4341.256 4350.699 4360.141 4369.583 4379.124 4389.016 4398.909 4408.801 4418.694 4427.68 4436.179 4444.677 4453.175 4461.437 4466.986 4472.535 4478.084 4483.633 4489.184 4494.735 4500.287 4505.838 4511.39 4518.964 4526.665 4534.365 4542.064 4549.695 4557.207 4564.719 4572.231
4247.631 4251.561 4255.657 4259.753 4263.849 4267.761 4270.956 4274.15 4277.345 4280.54 4282.948 4284.904 4286.86 4288.816 4290.697 4291.493 4292.289 4293.085 4293.882 4294.734 4295.643 4296.551 4297.46 4298.369 4300.208 4302.122 4304.034 4305.948 4309.521 4316.078 4322.634 4329.19 4335.746 4344.489 4353.819 4363.148 4372.479 4382.078 4392.638 4403.199 4413.759 4424.319 4433.818 4442.744 4451.669 4460.595 4469.292 4475.364 4481.437 4487.51 4493.583 4499.641 4505.684 4511.727 4517.77 4523.813 4530.969 4538.193 4545.417 4552.642 4559.536 4565.873 4572.209 4578.546
4241.113 4245.453 4249.891 4254.329 4258.767 4262.976 4266.293 4269.611 4272.928 4276.246 4278.872 4281.101 4283.33 4285.559 4287.723 4288.974 4290.225 4291.475 4292.726 4294.005 4295.314 4296.624 4297.934 4299.243 4301.523 4303.879 4306.236 4308.593 4312.482 4319.124 4325.765 4332.407 4339.048 4347.721 4356.938 4366.156 4375.374 4385.032 4396.26 4407.489 4418.717 4429.945 4439.956 4449.309 4458.662 4468.015 4477.146 4483.743 4490.34 4496.936 4503.533 4510.098 4516.633 4523.167 4529.702 4536.237 4542.973 4549.722 4556.471 4563.22 4569.378 4574.539 4579.7 4584.861
4234.594 4239.345 4244.125 4248.905 4253.685 4258.191 4261.631 4265.072 4268.512 4271.953 4274.797 4277.298 4279.8 4282.301 4284.75 4286.455 4288.16 4289.864 4291.569 4293.276 4294.987 4296.697 4298.407 4300.117 4302.837 4305.638 4308.438 4311.238 4315.442 4322.169 4328.896 4335.624 4342.351 4350.953 4360.059 4369.164 4378.27 4387.986 4399.882 4411.779 4423.675 4435.571 4446.093 4455.874 4465.654 4475.435 4485.001 4492.122 4499.242 4506.362 4513.482 4520.555 4527.581 4534.607 4541.634 4548.66 4554.977 4561.25 4567.524 4573.797 4579.219 4583.205 4587.19 4591.176
4235.728 4240.424 4245.138 4249.852 4254.566 4258.995 4262.313 4265.631 4268.95 4272.268 4275.034 4277.481 4279.928 4282.376 4284.81 4287.05 4289.291 4291.531 4293.772 4296.141 4298.641 4301.141 4303.641 4306.14 4309.174 4312.249 4315.325 4318.4 4322.567 4328.693 4334.819 4340.945 4347.071 4355.041 4363.506 4371.971 4380.437 4389.627 4401.403 4413.181 4424.957 4436.734 4447.423 4457.525 4467.628 4477.73 4487.672 4495.777 4503.882 4511.986 4520.091 4527.847 4535.269 4542.691 4550.113 4557.535 4563.093 4568.535 4573.978 4579.42 4584.002 4587.134 4590.266 4593.397
4237.726 4242.315 4246.917 4251.519 4256.12 4260.429 4263.598 4266.767 4269.936 4273.104 4275.757 4278.114 4280.47 4282.827 4285.212 4287.998 4290.783 4293.568 4296.354 4299.412 4302.745 4306.078 4309.412 4312.745 4316.077 4319.409 4322.741 4326.073 4330.162 4335.609 4341.057 4346.504 4351.952 4359.226 4366.991 4374.756 4382.521 4391.12 4402.688 4414.256 4425.825 4437.393 4448.21 4458.623 4469.035 4479.447 4489.758 4498.899 4508.041 4517.182 4526.323 4534.783 4542.589 4550.396 4558.203 4566.009 4570.77 4575.341 4579.913 4584.484 4588.215 4590.529 4592.844 4595.158
4239.725 4244.206 4248.695 4253.185 4257.675 4261.864 4264.883 4267.902 4270.921 4273.94 4276.481 4278.747 4281.012 4283.278 4285.614 4288.944 4292.275 4295.605 4298.936 4302.682 4306.849 4311.016 4315.183 4319.35 4322.98 4326.569 4330.157 4333.746 4337.757 4342.525 4347.294 4352.063 4356.832 4363.411 4370.476 4377.541 4384.606 4392.612 4403.972 4415.332 4426.692 4438.052 4448.998 4459.72 4470.442 4481.165 4491.843 4502.021 4512.199 4522.377 4532.555 4541.718 4549.909 4558.101 4566.292 4574.483 4578.446 4582.146 4585.847 4589.548 4592.428 4593.924 4595.421 4596.917
4241.723 4246.097 4250.474 4254.852 4259.229 4263.298 4266.167 4269.037 4271.907 4274.776 4277.205 4279.379 4281.554 4283.729 4286.016 4289.892 4293.767 4297.643 4301.519 4305.953 4310.953 4315.954 4320.954 4325.955 4329.884 4333.729 4337.574 4341.419 4345.352 4349.442 4353.532 4357.622 4361.712 4367.596 4373.961 4380.326 4386.691 4394.104 4405.256 4416.408 4427.56 4438.711 4449.785 4460.817 4471.85 4482.882 4493.929 4505.143 4516.357 4527.572 4538.787 4548.653 4557.229 4565.806 4574.382 4582.958 4586.123 4588.953 4591.782 4594.611 4596.641 4597.319 4597.999 4598.678
4247.605 4251.508 4255.416 4259.324 4263.232 4266.866 4269.428 4271.99 4274.551 4277.113 4279.409 4281.55 4283.692 4285.833 4288.134 4292.696 4297.258 4301.82 4306.382 4311.464 4317.076 4322.687 4328.297 4333.909 4338.113 4342.208 4346.301 4350.396 4354.267 4357.738 4361.209 4364.68 4368.151 4373.413 4379.156 4384.9 4390.643 4397.5 4408.328 4419.156 4429.983 4440.812 4451.775 4462.813 4473.85 4484.888 4495.987 4507.804 4519.62 4531.436 4543.252 4553.512 4562.282 4571.051 4579.82 4588.59 4591.214 4593.457 4595.7 4597.942 4599.403 4599.545 4599.688 4599.83
4260.772 4263.519 4266.289 4269.059 4271.829 4274.434 4276.392 4278.35 4280.308 4282.266 4284.388 4286.604 4288.821 4291.038 4293.47 4298.984 4304.497 4310.01 4315.523 4321.18 4326.983 4332.787 4338.59 4344.394 4348.831 4353.16 4357.489 4361.818 4365.659 4368.622 4371.585 4374.549 4377.512 4382.292 4387.56 4392.828 4398.095 4404.462 4414.75 4425.039 4435.327 4445.615 4456.022 4466.493 4476.964 4487.435 4497.997 4509.6 4521.202 4532.804 4544.407 4554.478 4563.081 4571.685 4580.289 4588.893 4591.457 4593.646 4595.835 4598.025 4599.448 4599.58 4599.711 4599.843
4273.938 4275.53 4277.162 4278.794 4280.426 4282.001 4283.355 4284.709 4286.064 4287.418 4289.368 4291.659 4293.95 4296.241 4298.807 4305.271 4311.735 4318.2 4324.664 4330.896 4336.891 4342.887 4348.882 4354.878 4359.547 4364.111 4368.675 4373.24 4377.05 4379.506 4381.961 4384.417 4386.873 4391.17 4395.963 4400.755 4405.547 4411.425 4421.173 4430.922 4440.67 4450.419 4460.269 4470.173 4480.078 4489.982 4500.006 4511.395 4522.784 4534.172 4545.562 4555.442 4563.881 4572.319 4580.757 4589.195 4591.699 4593.835 4595.971 4598.107 4599.493 4599.614 4599.735 4599.855
4287.104 4287.542 4288.035 4288.529 4289.022 4289.568 4290.319 4291.07 4291.82 4292.571 4294.347 4296.713 4299.08 4301.445 4304.143 4311.559 4318.974 4326.39 4333.805 4340.611 4346.799 4352.987 4359.175 4365.363 4370.264 4375.063 4379.863 4384.662 4388.442 4390.39 4392.338 4394.286 4396.234 4400.049 4404.366 4408.683 4413.0 4418.387 4427.596 4436.805 4446.014 4455.223 4464.516 4473.854 4483.192 4492.53 4502.016 4513.19 4524.366 4535.541 4546.716 4556.408 4564.68 4572.953 4581.226 4589.498 4591.942 4594.024 4596.107 4598.189 4599.538 4599.648 4599.758 4599.868
4300.27 4299.552 4298.908 4298.263 4297.619 4297.136 4297.283 4297.43 4297.576 4297.723 4299.327 4301.768 4304.208 4306.649 4309.479 4317.846 4326.213 4334.579 4342.946 4350.326 4356.707 4363.087 4369.467 4375.848 4380.98 4386.015 4391.049 4396.084 4399.833 4401.273 4402.714 4404.154 4405.595 4408.928 4412.769 4416.61 4420.452 4425.35 4434.019 4442.688 4451.357 4460.026 4468.762 4477.534 4486.306 4495.078 4504.025 4514.986 4525.947 4536.909 4547.871 4557.373 4565.48 4573.587 4581.694 4589.801 4592.185 4594.214 4596.243 4598.272 4599.583 4599.682 4599.782 4599.881
4314.742 4313.544 4312.208 4310.873 4309.538 4308.348 4307.725 4307.102 4306.479 4305.855 4307.315 4309.971 4312.627 4315.284 4318.335 4327.01 4335.684 4344.359 4353.033 4360.836 4367.753 4374.671 4381.589 4388.507 4394.611 4400.652 4406.692 4412.733 4417.125 4418.556 4419.987 4421.418 4422.849 4425.819 4429.202 4432.584 4435.967 4440.282 4447.921 4455.561 4463.201 4470.84 4478.74 4486.779 4494.818 4502.857 4511.043 4520.914 4530.784 4540.654 4550.524 4559.178 4566.668 4574.158 4581.647 4589.137 4591.607 4593.766 4595.925 4598.083 4599.485 4599.607 4599.73 4599.853
4329.548 4328.041 4326.128 4324.215 4322.303 4320.488 4319.053 4317.617 4316.182 4314.747 4316.069 4318.977 4321.884 4324.791 4328.087 4336.906 4345.725 4354.543 4363.362 4371.548 4379.091 4386.633 4394.176 4401.719 4408.984 4416.227 4423.47 4430.713 4435.919 4437.468 4439.017 4440.565 4442.114 4444.75 4447.679 4450.607 4453.536 4457.243 4463.729 4470.214 4476.699 4483.185 4490.176 4497.44 4504.705 4511.969 4519.337 4527.893 4536.449 4545.004 4553.56 4561.197 4567.955 4574.712 4581.47 4588.228 4590.821 4593.156 4595.491 4597.827 4599.35 4599.505 4599.66 4599.814
4344.353 4342.537 4340.047 4337.558 4335.068 4332.627 4330.38 4328.133 4325.885 4323.638 4324.823 4327.981 4331.14 4334.298 4337.838 4346.802 4355.765 4364.728 4373.691 4382.259 4390.427 4398.595 4406.763 4414.931 4423.356 4431.801 4440.247 4448.692 4454.712 4456.379 4458.045 4459.711 4461.377 4463.681 4466.155 4468.629 4471.104 4474.204 4479.535 4484.866 4490.197 4495.528 4501.612 4508.102 4514.591 4521.081 4527.631 4534.872 4542.113 4549.354 4556.596 4563.216 4569.242 4575.267 4581.292 4587.318 4590.035 4592.546 4595.058 4597.569 4599.215 4599.402 4599.589 4599.776
4359.158 4357.033 4353.966 4350.9 4347.833 4344.768 4341.708 4338.648 4335.588 4332.529 4333.577 4336.987 4340.396 4343.806 4347.59 4356.698 4365.805 4374.913 4384.02 4392.971 4401.764 4410.558 4419.351 4428.144 4437.729 4447.376 4457.024 4466.672 4473.507 4475.291 4477.074 4478.858 4480.642 4482.612 4484.632 4486.652 4488.672 4491.165 4495.342 4499.519 4503.696 4507.873 4513.049 4518.763 4524.478 4530.193 4535.924 4541.851 4547.778 4553.705 4559.632 4565.235 4570.528 4575.822 4581.115 4586.409 4589.249 4591.937 4594.625 4597.312 4599.081 4599.3 4599.519 4599.738
4373.972 4371.517 4367.833 4364.15 4360.467 4356.756 4352.94 4349.123 4345.307 4341.49 4342.336 4345.863 4349.389 4352.916 4356.821 4366.124 4375.425 4384.727 4394.028 4403.396 4412.83 4422.264 4431.698 4441.133 4451.514 4461.97 4472.427 4482.883 4490.287 4492.208 4494.128 4496.05 4497.971 4499.744 4501.477 4503.21 4504.943 4507.028 4510.37 4513.711 4517.052 4520.394 4524.807 4529.798 4534.79 4539.781 4544.75 4549.466 4554.183 4558.899 4563.615 4568.24 4572.776 4577.312 4581.849 4586.385 4589.184 4591.876 4594.568 4597.26 4599.035 4599.265 4599.495 4599.725
4388.814 4385.962 4381.541 4377.121 4372.7 4368.282 4363.878 4359.474 4355.069 4350.665 4351.11 4354.343 4357.575 4360.808 4364.462 4374.111 4383.76 4393.409 4403.058 4412.943 4423.066 4433.19 4443.313 4453.437 4463.502 4473.563 4483.624 4493.685 4500.905 4503.023 4505.142 4507.261 4509.38 4511.372 4513.329 4515.287 4517.244 4519.535 4523.015 4526.496 4529.976 4533.456 4537.55 4541.975 4546.4 4550.825 4555.201 4559.025 4562.849 4566.673 4570.497 4574.259 4577.962 4581.665 4585.368 4589.07 4591.328 4593.496 4595.664 4597.833 4599.259 4599.436 4599.612 4599.789
4403.658 4400.407 4395.249 4390.091 4384.933 4379.809 4374.816 4369.824 4364.833 4359.84 4359.884 4362.823 4365.762 4368.7 4372.103 4382.099 4392.096 4402.092 4412.088 4422.49 4433.303 4444.115 4454.928 4465.741 4475.49 4485.155 4494.821 4504.486 4511.523 4513.839 4516.156 4518.473 4520.789 4523.0 4525.182 4527.364 4529.545 4532.042 4535.661 4539.281 4542.9 4546.519 4550.293 4554.152 4558.01 4561.869 4565.653 4568.584 4571.516 4574.448 4577.379 4580.279 4583.148 4586.018 4588.887 4591.756 4593.472 4595.116 4596.761 4598.405 4599.483 4599.606 4599.729 4599.853
4418.5 4414.853 4408.957 4403.062 4397.166 4391.334 4385.755 4380.175 4374.595 4369.016 4368.659 4371.303 4373.948 4376.593 4379.743 4390.087 4400.431 4410.774 4421.118 4432.037 4443.539 4455.041 4466.543 4478.045 4487.478 4496.748 4506.018 4515.288 4522.142 4524.656 4527.17 4529.684 4532.199 4534.628 4537.034 4539.44 4541.847 4544.549 4548.307 4552.065 4555.823 4559.582 4563.037 4566.329 4569.621 4572.913 4576.104 4578.144 4580.183 4582.222 4584.262 4586.299 4588.334 4590.37 4592.406 4594.441 4595.616 4596.736 4597.857 4598.978 4599.708 4599.777 4599.847 4599.917
4433.344 4429.298 4422.665 4416.032 4409.399 4402.861 4396.693 4390.526 4384.358 4378.191 4377.433 4379.784 4382.134 4384.485 4387.384 4398.075 4408.766 4419.457 4430.148 4441.584 4453.775 4465.967 4478.158 4490.35 4499.466 4508.34 4517.215 4526.089 4532.76 4535.472 4538.184 4540.896 4543.608 4546.256 4548.887 4551.517 4554.148 4557.056 4560.953 4564.85 4568.747 4572.644 4575.78 4578.506 4581.231 4583.958 4586.556 4587.703 4588.85 4589.997 4591.144 4592.319 4593.521 4594.723 4595.925 4597.127 4597.76 4598.357 4598.954 4599.551 4599.932 4599.948 4599.964 4599.98
4444.802 4440.447 4433.426 4426.405 4419.384 4412.434 4405.76 4399.086 4392.413 4385.739 4384.655 4386.783 4388.91 4391.038 4393.738 4404.591 4415.443 4426.296 4437.148 4448.583 4460.609 4472.635 4484.661 4496.687 4505.676 4514.426 4523.177 4531.927 4538.715 4541.978 4545.24 4548.503 4551.766 4554.587 4557.29 4559.993 4562.696 4565.588 4569.156 4572.723 4576.291 4579.858 4582.545 4584.756 4586.967 4589.179 4591.273 4592.021 4592.771 4593.52 4594.269 4595.045 4595.849 4596.652 4597.456 4598.259 4598.655 4599.026 4599.396 4599.767 4599.995 4599.979 4599.965 4599.95
4454.78 4450.153 4442.897 4435.641 4428.385 4421.152 4414.008 4406.864 4399.72 4392.577 4391.198 4393.133 4395.069 4397.004 4399.53 4410.463 4421.396 4432.328 4443.261 4454.468 4465.955 4477.44 4488.927 4500.413 4509.358 4518.103 4526.848 4535.593 4542.629 4546.598 4550.566 4554.534 4558.502 4561.477 4564.185 4566.893 4569.602 4572.381 4575.414 4578.447 4581.48 4584.514 4586.694 4588.414 4590.133 4591.853 4593.48 4594.047 4594.614 4595.182 4595.749 4596.331 4596.925 4597.521 4598.115 4598.71 4599.004 4599.278 4599.553 4599.828 4599.986 4599.95 4599.914 4599.878
