data/zism_data/00907_04_D.txt
ncols         224
nrows         224
[rows 0 to 27 of 224, columns 126 to 188 of 224]
959.4465 959.0571 958.7433 958.4294 958.1155 957.8016 957.4706 957.1329 956.7952 956.4575 955.9415 954.7184 953.4953 952.2722 951.0491 949.6747 948.2304 946.7861 945.3417 943.8814 942.3408 940.8002 939.2596 937.719 935.9152 933.968 932.0208 930.0735 928.0811 925.7839 923.4868 921.1896 918.8925 916.6801 914.5218 912.3635 910.2052 907.9327 904.5535 901.1741 897.7949 894.4156 889.4898 883.4233 877.3569 871.2902 865.1609 858.0032 850.8455 843.6878 836.5301 829.654 823.0186 816.3832 809.7478 803.1351 797.5482 791.9612 786.3741 780.7872 775.3701 770.1205 764.871
961.3544 960.84 960.5045 960.1689 959.8333 959.4977 959.11 958.7018 958.2936 957.8854 957.299 956.0054 954.7118 953.4182 952.1246 950.6798 949.165 947.6501 946.1353 944.6108 943.0377 941.4645 939.8914 938.3183 936.4539 934.4308 932.4077 930.3846 928.319 925.9676 923.6163 921.2649 918.9135 916.6669 914.4869 912.3069 910.1269 907.8124 904.1946 900.5767 896.9589 893.3412 888.0333 881.4789 874.9245 868.3699 861.7758 854.5313 847.2869 840.0425 832.798 825.8966 819.2883 812.6801 806.0718 799.4879 794.0093 788.5308 783.0522 777.5737 772.1395 766.749 761.3584
963.2625 962.623 962.2657 961.9085 961.5512 961.194 960.7494 960.2708 959.7921 959.3134 958.6564 957.2924 955.9283 954.5643 953.2001 951.6849 950.0995 948.5143 946.929 945.3403 943.7346 942.129 940.5233 938.9177 936.9926 934.8936 932.7946 930.6956 928.5569 926.1513 923.7457 921.3401 918.9346 916.6536 914.4519 912.2502 910.0486 907.6921 903.8358 899.9793 896.123 892.2666 886.5766 879.5343 872.492 865.4495 858.3905 851.0593 843.7281 836.397 829.0658 822.139 815.5579 808.9767 802.3956 795.8405 790.4705 785.1004 779.7301 774.36 768.9087 763.3772 757.8457
965.2853 964.5601 964.1611 963.762 963.363 962.9639 962.4207 961.8214 961.2219 960.6225 959.8513 958.3992 956.947 955.4949 954.0427 952.441 950.7702 949.0994 947.4285 945.7539 944.0604 942.3669 940.6733 938.9799 936.9796 934.8123 932.6448 930.4775 928.2765 925.8494 923.4223 920.9952 918.5681 916.2025 913.876 911.5496 909.2231 906.7224 902.5319 898.3413 894.1509 889.9604 883.9187 876.5117 869.1047 861.6974 854.2915 846.9037 839.516 832.1282 824.7405 817.8661 811.4302 804.9943 798.5584 792.1481 786.8965 781.6449 776.3931 771.1415 765.7363 760.1794 754.6227
967.4412 966.6757 966.2116 965.7475 965.2834 964.8193 964.1291 963.3508 962.5724 961.7942 960.8583 959.2977 957.7371 956.1765 954.6159 952.9095 951.1357 949.3618 947.588 945.8022 943.9569 942.1116 940.2664 938.421 936.3286 934.1016 931.8746 929.6476 927.3968 924.986 922.5751 920.1643 917.7535 915.2449 912.6746 910.1041 907.5338 904.7703 900.1353 895.5001 890.865 886.23 879.8716 872.2424 864.613 856.9835 849.3668 841.9574 834.548 827.1385 819.7291 812.9968 806.8428 800.6889 794.535 788.4033 783.2818 778.1603 773.0386 767.9172 762.631 757.1827 751.7344
969.5969 968.7912 968.262 967.7328 967.2037 966.6746 965.8375 964.8802 963.923 962.9658 961.8652 960.1962 958.5272 956.8582 955.189 953.378 951.5011 949.6242 947.7474 945.8506 943.8535 941.8564 939.8593 937.8622 935.6777 933.3911 931.1044 928.8177 926.5172 924.1226 921.728 919.3334 916.9388 914.2875 911.4731 908.6588 905.8444 902.8182 897.7386 892.6589 887.5793 882.4996 875.8247 867.9731 860.1216 852.2697 844.4424 837.0112 829.5801 822.1489 814.7178 808.1277 802.2557 796.3836 790.5116 784.6586 779.6672 774.6758 769.6843 764.6929 759.5259 754.186 748.8461
971.7527 970.9068 970.3126 969.7183 969.1241 968.5299 967.5458 966.4097 965.2736 964.1375 962.8721 961.0947 959.3172 957.5398 955.7623 953.8464 951.8666 949.8867 947.9068 945.899 943.75 941.6011 939.4523 937.3034 935.0267 932.6805 930.3341 927.9879 925.6375 923.2592 920.8809 918.5025 916.1242 913.33 910.2717 907.2134 904.155 900.8661 895.3419 889.8176 884.2934 878.7692 871.7776 863.7037 855.6299 847.5558 839.5177 832.0649 824.6121 817.1592 809.7064 803.2584 797.6683 792.0782 786.4881 780.9137 776.0524 771.1912 766.3298 761.4685 756.4208 751.1893 745.9578
973.9085 973.0223 972.363 971.7037 971.0444 970.3852 969.2542 967.9391 966.6241 965.3091 963.879 961.9932 960.1072 958.2214 956.3354 954.3149 952.232 950.1491 948.0662 945.9473 943.6466 941.3459 939.0452 936.7446 934.3758 931.9698 929.5639 927.158 924.7578 922.3958 920.0337 917.6716 915.3096 912.3725 909.0703 905.768 902.4657 898.9141 892.9453 886.9764 881.0076 875.0389 867.7307 859.4345 851.1384 842.842 834.5932 827.1187 819.6442 812.1697 804.6951 798.3893 793.0811 787.7729 782.4647 777.169 772.4379 767.7067 762.9753 758.2442 753.3157 748.1926 743.0696
975.8407 974.937 974.2277 973.5185 972.8092 972.1 970.942 969.6089 968.2759 966.9429 965.4808 963.5065 961.5323 959.5581 957.5839 955.4237 953.1775 950.9313 948.685 946.4146 944.0225 941.6303 939.2382 936.8461 934.3575 931.8166 929.2755 926.7346 924.2032 921.7368 919.2703 916.8038 914.3374 911.0199 907.1619 903.3039 899.4459 895.3461 888.9026 882.4589 876.0154 869.5718 862.2004 854.1447 846.0889 838.0329 830.0366 823.0131 815.9895 808.966 801.9425 795.9557 790.854 785.7523 780.6506 775.558 770.8765 766.195 761.5134 756.8318 751.9193 746.7789 741.6386
977.7553 976.8359 976.0779 975.3198 974.5618 973.8037 972.6282 971.2897 969.9512 968.6129 967.1288 965.0679 963.007 960.946 958.8849 956.5825 954.1682 951.754 949.3397 946.9147 944.4357 941.9568 939.478 936.9991 934.3887 931.7068 929.0248 926.3428 923.6741 921.0938 918.5135 915.9332 913.3528 909.6364 905.1983 900.7603 896.3222 891.652 884.7314 877.8105 870.89 863.9694 856.5546 848.7753 840.996 833.2165 825.5088 818.9732 812.4376 805.902 799.3663 793.7125 788.8114 783.9103 779.0092 774.1138 769.4757 764.8376 760.1993 755.5612 750.6565 745.489 740.3216
979.67 978.7349 977.9281 977.1212 976.3144 975.5076 974.3144 972.9705 971.6266 970.2828 968.777 966.6293 964.4816 962.3339 960.1862 957.7414 955.159 952.5767 949.9943 947.4147 944.849 942.2834 939.7178 937.1522 934.42 931.597 928.774 925.9512 923.1449 920.4507 917.7566 915.0624 912.3683 908.2529 903.2347 898.2166 893.1984 887.9578 880.56 873.162 865.7643 858.3666 850.9084 843.4057 835.9029 828.3999 820.9809 814.9332 808.8855 802.8378 796.7902 791.4692 786.7687 782.0682 777.3678 772.6696 768.0748 763.48 758.8851 754.2904 749.3936 744.199 739.0045
981.5847 980.6339 979.7782 978.9226 978.067 977.2113 976.0005 974.6513 973.302 971.9527 970.4251 968.1907 965.9562 963.7218 961.4873 958.9002 956.1498 953.3994 950.6489 947.9147 945.2623 942.6099 939.9576 937.3052 934.4512 931.4873 928.5233 925.5594 922.6158 919.8078 916.9998 914.1918 911.3838 906.8694 901.2712 895.673 890.0747 884.2636 876.3888 868.5137 860.6389 852.7641 845.2626 838.0363 830.81 823.5835 816.4531 810.8934 805.3336 799.7738 794.2141 789.226 784.7261 780.2263 775.7264 771.2253 766.674 762.1226 757.571 753.0197 748.1307 742.9091 737.6874
983.5444 982.5661 981.6808 980.7955 979.9102 979.0248 977.814 976.4763 975.1385 973.8008 972.2616 969.9234 967.5853 965.2471 962.9088 960.1436 957.1805 954.2175 951.2545 948.3148 945.4929 942.671 939.8492 937.0274 934.0347 930.9489 927.8631 924.7773 921.7062 918.7335 915.7607 912.7879 909.8151 904.9339 898.8405 892.747 886.6536 880.3608 872.1362 863.9113 855.6866 847.462 839.9662 833.0079 826.0497 819.0912 812.2438 807.2123 802.1808 797.1492 792.1177 787.4846 783.1917 778.8987 774.6058 770.3081 765.7916 761.2751 756.7585 752.242 747.3685 742.1431 736.9176
985.5738 984.5501 983.6648 982.7794 981.8941 981.0088 979.8253 978.5256 977.2257 975.926 974.3908 971.9225 969.4542 966.986 964.5176 961.5185 958.2736 955.0286 951.7837 948.5594 945.4393 942.3193 939.1993 936.0793 932.9218 929.7439 926.5659 923.3879 920.205 916.9883 913.7715 910.5548 907.3381 902.14 895.6833 889.2266 882.7699 876.1337 867.7573 859.3806 851.0042 842.6277 835.2141 828.5107 821.8072 815.1035 808.5303 804.0897 799.6491 795.2085 790.7678 786.5238 782.4478 778.3717 774.2957 770.2106 765.7158 761.221 756.726 752.2312 747.3848 742.192 736.9991
987.6033 986.5341 985.6487 984.7634 983.8781 982.9928 981.8366 980.5748 979.3129 978.0511 976.5201 973.9216 971.3232 968.7249 966.1263 962.8934 959.3665 955.8397 952.3129 948.804 945.3857 941.9675 938.5494 935.1312 931.8089 928.5388 925.2686 921.9985 918.7038 915.2431 911.7824 908.3217 904.861 899.346 892.5261 885.7062 878.8863 871.9066 863.3784 854.8499 846.3216 837.7934 830.462 824.0134 817.5647 811.1158 804.8168 800.9671 797.1174 793.2677 789.418 785.563 781.7039 777.8447 773.9855 770.1131 765.64 761.1669 756.6936 752.2205 747.4012 742.2408 737.0805
989.6328 988.5181 987.6328 986.7475 985.8622 984.9769 983.848 982.6241 981.4002 980.1763 978.6494 975.9208 973.1923 970.4638 967.7352 964.2683 960.4596 956.6508 952.842 949.0486 945.3321 941.6158 937.8994 934.183 930.696 927.3337 923.9714 920.6091 917.2025 913.4979 909.7932 906.0886 902.3839 896.5519 889.3688 882.1857 875.0025 867.6794 858.9993 850.319 841.639 832.9589 825.7098 819.5159 813.3221 807.1281 801.1031 797.8444 794.5856 791.3268 788.0681 784.6023 780.96 777.3177 773.6754 770.0156 765.5641 761.1127 756.6611 752.2097 747.4176 742.2898 737.1619
991.6623 990.5021 989.6168 988.7315 987.8461 986.9608 985.8593 984.6733 983.4874 982.3015 980.7786 977.92 975.0613 972.2026 969.3439 965.6432 961.5526 957.4619 953.3712 949.2932 945.2785 941.264 937.2495 933.235 929.5831 926.1287 922.6741 919.2197 915.7013 911.7527 907.8041 903.8555 899.9069 893.758 886.2116 878.6652 871.1189 863.4523 854.6205 845.7883 836.9564 828.1246 820.9576 815.0186 809.0796 803.1403 797.3896 794.7217 792.0539 789.386 786.7183 783.6415 780.2161 776.7906 773.3652 769.9182 765.4883 761.0586 756.6287 752.1989 747.434 742.3387 737.2433
994.9468 993.561 992.5273 991.4937 990.46 989.4263 988.2004 986.8995 985.5984 984.2975 982.651 979.6344 976.6179 973.6013 970.5845 966.8693 962.8305 958.7917 954.7529 950.704 946.6044 942.505 938.4056 934.3061 930.5016 926.8576 923.2136 919.5696 915.8594 911.7039 907.5484 903.3929 899.2374 892.9874 885.4069 877.8264 870.246 862.5724 853.9967 845.4207 836.845 828.2693 821.2937 815.4982 809.7027 803.907 798.2973 795.729 793.1608 790.5925 788.0242 785.0278 781.6662 778.3047 774.9431 771.5588 767.1415 762.7241 758.3066 753.8893 749.1749 744.1677 739.1605
998.4439 996.8019 995.5948 994.3876 993.1805 991.9734 990.5974 989.1555 987.7135 986.2716 984.4798 981.3005 978.1213 974.9421 971.7628 968.0701 964.1398 960.2094 956.279 952.3126 948.1642 944.0159 939.8677 935.7194 931.7643 927.9144 924.0643 920.2143 916.2988 911.9427 907.5866 903.2305 898.8745 892.5597 885.0009 877.4421 869.8834 862.2599 854.0095 845.7588 837.5084 829.2579 822.4922 816.8214 811.1506 805.4796 799.9883 797.4363 794.8843 792.3322 789.7802 786.8118 783.4882 780.1646 776.841 773.4941 769.0875 764.681 760.2744 755.8679 751.208 746.2984 741.3889
1001.941 1000.043 998.6624 997.2817 995.9011 994.5205 992.9944 991.4116 989.8287 988.2458 986.3086 982.9667 979.6249 976.283 972.941 969.271 965.449 961.6271 957.8051 953.9211 949.7239 945.5269 941.3299 937.1329 933.0272 928.9711 924.915 920.859 916.7382 912.1815 907.6248 903.0682 898.5115 892.1321 884.595 877.0579 869.5208 861.9474 854.0223 846.0969 838.1718 830.2466 823.6907 818.1447 812.5985 807.0522 801.6794 799.1436 796.6078 794.0721 791.5363 788.5958 785.3102 782.0246 778.739 775.4294 771.0337 766.6381 762.2422 757.8466 753.2412 748.4292 743.6172
1005.438 1003.284 1001.73 1000.176 998.6216 997.0676 995.3914 993.6675 991.9437 990.2199 988.1374 984.6329 981.1284 977.6238 974.1192 970.4719 966.7583 963.0448 959.3312 955.5297 951.2837 947.0378 942.7921 938.5462 934.2899 930.0279 925.7657 921.5037 917.1776 912.4203 907.663 902.9058 898.1486 891.7045 884.189 876.6736 869.1582 861.6349 854.035 846.435 838.8351 831.2354 824.8893 819.4678 814.0464 808.6248 803.3704 800.8508 798.3314 795.8119 793.2924 790.3799 787.1322 783.8845 780.6368 777.3646 772.9798 768.595 764.21 759.8251 755.2744 750.5599 745.8455
1009.447 1007.104 1005.351 1003.597 1001.844 1000.09 998.2321 996.3327 994.4333 992.534 990.2914 986.6882 983.085 979.4819 975.8785 972.261 968.6369 965.0128 961.3887 957.6682 953.4616 949.2551 945.0486 940.8422 936.5067 932.1009 927.6949 923.2891 918.8185 913.9125 909.0065 904.1006 899.1946 892.7335 885.2847 877.8359 870.3871 862.9492 855.6177 848.2858 840.9543 833.6227 827.4274 822.0702 816.713 811.3555 806.1564 803.546 800.9355 798.3251 795.7148 792.7902 789.5978 786.4053 783.2129 779.9954 775.6386 771.2819 766.925 762.5684 758.0659 753.4196 748.7734
1014.55 1012.163 1010.155 1008.147 1006.138 1004.13 1002.021 999.872 997.7232 995.5745 993.1404 989.5752 986.0099 982.4446 978.8793 975.3071 971.7318 968.1565 964.5812 960.9391 956.9602 952.9814 949.0027 945.0239 940.7616 936.345 931.9282 927.5115 923.0266 918.0826 913.1387 908.1948 903.2509 896.8745 889.5883 882.3021 875.016 867.7393 860.5541 853.3687 846.1835 838.9983 832.8277 827.4054 821.9831 816.5606 811.2817 808.3515 805.4212 802.491 799.5607 796.5386 793.4383 790.3381 787.2378 784.1118 779.8201 775.5285 771.2367 766.945 762.4775 757.8367 753.1959
1019.653 1017.222 1014.959 1012.696 1010.433 1008.17 1005.809 1003.411 1001.013 998.615 995.9894 992.4621 988.9348 985.4075 981.8801 978.3533 974.8267 971.3002 967.7737 964.21 960.4588 956.7078 952.9567 949.2056 945.0166 940.5891 936.1614 931.7339 927.2347 922.2528 917.2709 912.2891 907.3072 901.0154 893.892 886.7684 879.6449 872.5293 865.4905 858.4515 851.4127 844.3739 838.228 832.7407 827.2533 821.7657 816.4072 813.157 809.9069 806.6567 803.4066 800.287 797.2789 794.2708 791.2626 788.2282 784.0016 779.775 775.5483 771.3217 766.8892 762.2538 757.6185
1024.756 1022.281 1019.763 1017.245 1014.727 1012.209 1009.598 1006.951 1004.303 1001.655 998.8384 995.349 991.8597 988.3703 984.8808 981.3994 977.9216 974.4439 970.9662 967.4809 963.9574 960.4341 956.9107 953.3873 949.2715 944.8332 940.3947 935.9564 931.4427 926.423 921.4031 916.3833 911.3635 905.1564 898.1956 891.2347 884.2739 877.3193 870.4269 863.5343 856.6419 849.7495 843.6283 838.0759 832.5234 826.9708 821.5325 817.9625 814.3926 810.8226 807.2526 804.0353 801.1194 798.2034 795.2875 792.3447 788.1831 784.0216 779.8599 775.6984 771.3009 766.671 762.041
1029.858 1027.34 1024.567 1021.794 1019.021 1016.249 1013.387 1010.49 1007.593 1004.696 1001.687 998.236 994.7845 991.3331 987.8816 984.4455 981.0166 977.5876 974.1587 970.7518 967.4561 964.1603 960.8647 957.569 953.5265 949.0773 944.628 940.1788 935.6509 930.5931 925.5353 920.4775 915.4197 909.2975 902.4992 895.701 888.9028 882.1094 875.3634 868.6171 861.8711 855.1251 849.0286 843.4111 837.7936 832.176 826.6579 822.7681 818.8782 814.9883 811.0985 807.7838 804.96 802.1362 799.3124 796.4611 792.3646 788.2681 784.1715 780.075 775.7126 771.0881 766.4635
1034.667 1032.15 1029.288 1026.426 1023.564 1020.702 1017.693 1014.628 1011.562 1008.496 1005.364 1001.968 998.571 995.1746 991.7779 988.3433 984.8911 981.4388 977.9865 974.5852 971.4407 968.2964 965.152 962.0077 958.0197 953.5724 949.125 944.6777 940.1498 935.0795 930.0092 924.939 919.8687 913.7761 907.0345 900.2928 893.5511 886.8228 880.2231 873.6232 867.0236 860.424 854.3546 848.6763 842.998 837.3195 831.7326 827.6417 823.5508 819.4598 815.369 811.9106 808.9923 806.074 803.1556 800.2126 796.1472 792.0818 788.0163 783.9509 779.6088 774.994 770.3791
1039.394 1036.892 1033.986 1031.081 1028.175 1025.27 1022.144 1018.932 1015.72 1012.508 1009.271 1005.934 1002.597 999.26 995.923 992.4777 988.982 985.4864 981.9907 978.5748 975.5604 972.5462 969.5319 966.5177 962.5791 958.1373 953.6953 949.2534 944.7295 939.6538 934.5781 929.5024 924.4267 918.3486 911.6341 904.9195 898.205 891.5148 885.0616 878.6081 872.1548 865.7015 859.66 853.9221 848.1841 842.446 836.7932 832.5342 828.2753 824.0163 819.7573 816.1426 813.0779 810.0132 806.9485 803.8627 799.819 795.7753 791.7315 787.6878 783.3619 778.7579 774.1539
