data/zism_data/00903_03_D.txt
ncols         224
nrows         224
[rows 140 to 167 of 224, columns 0 to 62 of 224]
4273.271 4264.167 4255.063 4245.959 4236.855 4229.352 4222.86 4216.368 4209.875 4203.626 4202.707 4201.787 4200.866 4199.946 4201.347 4205.319 4209.292 4213.264 4217.236 4223.957 4230.965 4237.974 4244.982 4251.522 4257.135 4262.747 4268.359 4273.971 4279.127 4284.145 4289.161 4294.178 4299.59 4306.611 4313.633 4320.654 4327.675 4335.444 4343.655 4351.867 4360.079 4367.733 4366.396 4365.059 4363.722 4362.385 4359.244 4354.218 4349.191 4344.165 4339.139 4332.059 4324.799 4317.54 4310.281 4303.559 4297.834 4292.11 4286.385 4280.661 4275.163 4269.729 4264.294
4273.2 4264.112 4255.024 4245.937 4236.849 4229.352 4222.86 4216.368 4209.875 4203.625 4202.656 4201.688 4200.72 4199.752 4200.958 4204.572 4208.186 4211.8 4215.414 4221.893 4228.672 4235.451 4242.229 4248.615 4254.222 4259.829 4265.436 4271.042 4276.103 4280.997 4285.891 4290.785 4296.03 4302.704 4309.378 4316.052 4322.726 4330.097 4337.881 4345.665 4353.45 4360.703 4359.393 4358.082 4356.772 4355.462 4352.261 4347.085 4341.909 4336.733 4331.557 4324.814 4317.934 4311.054 4304.174 4297.787 4292.313 4286.84 4281.367 4275.893 4270.584 4265.321 4260.058
4273.13 4264.058 4254.986 4245.915 4236.843 4229.352 4222.86 4216.368 4209.875 4203.623 4202.606 4201.59 4200.574 4199.557 4200.568 4203.824 4207.08 4210.336 4213.592 4219.829 4226.378 4232.928 4239.477 4245.708 4251.31 4256.911 4262.513 4268.114 4273.079 4277.85 4282.621 4287.393 4292.47 4298.797 4305.124 4311.45 4317.777 4324.75 4332.107 4339.463 4346.82 4353.672 4352.389 4351.105 4349.822 4348.539 4345.278 4339.953 4334.627 4329.301 4323.976 4317.57 4311.069 4304.568 4298.068 4292.015 4286.793 4281.57 4276.348 4271.126 4266.005 4260.913 4255.821
4273.06 4264.004 4254.948 4245.892 4236.836 4229.352 4222.86 4216.368 4209.875 4203.621 4202.556 4201.492 4200.427 4199.363 4200.178 4203.077 4205.975 4208.873 4211.771 4217.766 4224.085 4230.404 4236.724 4242.801 4248.396 4253.993 4259.589 4265.185 4270.055 4274.703 4279.351 4284.0 4288.91 4294.889 4300.869 4306.848 4312.828 4319.403 4326.333 4333.262 4340.191 4346.642 4345.385 4344.128 4342.872 4341.615 4338.295 4332.82 4327.345 4321.87 4316.395 4310.325 4304.204 4298.083 4291.961 4286.243 4281.272 4276.301 4271.33 4266.358 4261.426 4256.505 4251.584
4272.4 4263.457 4254.514 4245.57 4236.627 4229.198 4222.724 4216.249 4209.775 4203.536 4202.429 4201.323 4200.216 4199.11 4199.741 4202.297 4204.854 4207.41 4209.966 4215.833 4222.048 4228.262 4234.477 4240.546 4246.328 4252.11 4257.893 4263.675 4268.559 4273.168 4277.778 4282.388 4287.196 4292.814 4298.433 4304.05 4309.668 4315.751 4322.11 4328.469 4334.828 4340.741 4339.477 4338.212 4336.948 4335.684 4332.351 4326.857 4321.363 4315.87 4310.376 4304.576 4298.75 4292.923 4287.097 4281.593 4276.688 4271.783 4266.877 4261.972 4257.09 4252.215 4247.34
4270.765 4262.094 4253.423 4244.753 4236.083 4228.788 4222.362 4215.936 4209.509 4203.314 4202.176 4201.038 4199.899 4198.761 4199.226 4201.466 4203.707 4205.948 4208.189 4214.118 4220.435 4226.75 4233.066 4239.372 4245.656 4251.941 4258.225 4264.51 4269.588 4274.3 4279.011 4283.723 4288.537 4293.77 4299.003 4304.237 4309.47 4314.903 4320.455 4326.007 4331.559 4336.709 4335.38 4334.052 4332.724 4331.395 4328.126 4322.83 4317.534 4312.238 4306.941 4301.3 4295.629 4289.958 4284.286 4278.799 4273.653 4268.507 4263.361 4258.216 4253.156 4248.121 4243.085
4269.13 4260.732 4252.333 4243.936 4235.538 4228.378 4222.0 4215.622 4209.244 4203.093 4201.923 4200.752 4199.582 4198.411 4198.709 4200.635 4202.561 4204.486 4206.412 4212.403 4218.821 4225.239 4231.656 4238.198 4244.984 4251.771 4258.558 4265.345 4270.619 4275.432 4280.244 4285.057 4289.877 4294.726 4299.574 4304.423 4309.271 4314.055 4318.8 4323.545 4328.29 4332.676 4331.284 4329.892 4328.499 4327.106 4323.901 4318.803 4313.705 4308.606 4303.507 4298.024 4292.508 4286.992 4281.475 4276.004 4270.618 4265.232 4259.846 4254.459 4249.222 4244.026 4238.831
4267.495 4259.369 4251.244 4243.118 4234.993 4227.968 4221.638 4215.308 4208.978 4202.872 4201.67 4200.467 4199.265 4198.062 4198.194 4199.804 4201.415 4203.025 4204.635 4210.688 4217.208 4223.727 4230.246 4237.023 4244.313 4251.602 4258.891 4266.18 4271.648 4276.563 4281.478 4286.392 4291.217 4295.681 4300.145 4304.609 4309.073 4313.207 4317.145 4321.083 4325.021 4328.644 4327.188 4325.731 4324.274 4322.817 4319.676 4314.776 4309.875 4304.974 4300.073 4294.749 4289.387 4284.026 4278.665 4273.21 4267.583 4261.957 4256.33 4250.703 4245.288 4239.932 4234.576
4265.86 4258.007 4250.154 4242.301 4234.448 4227.558 4221.276 4214.994 4208.712 4202.651 4201.417 4200.182 4198.947 4197.712 4197.678 4198.973 4200.268 4201.563 4202.858 4208.974 4215.594 4222.215 4228.835 4235.849 4243.641 4251.432 4259.223 4267.015 4272.679 4277.695 4282.71 4287.727 4292.558 4296.637 4300.716 4304.795 4308.874 4312.358 4315.489 4318.621 4321.752 4324.612 4323.091 4321.57 4320.049 4318.529 4315.452 4310.749 4306.045 4301.342 4296.639 4291.473 4286.267 4281.06 4275.854 4270.416 4264.548 4258.681 4252.814 4246.947 4241.354 4235.837 4230.321
4262.401 4254.771 4247.143 4239.513 4231.884 4225.313 4219.411 4213.508 4207.605 4201.911 4200.759 4199.607 4198.455 4197.303 4197.313 4198.611 4199.908 4201.206 4202.503 4208.655 4215.315 4221.976 4228.636 4235.728 4243.672 4251.618 4259.563 4267.507 4273.231 4278.278 4283.325 4288.372 4293.172 4296.968 4300.764 4304.56 4308.355 4311.449 4314.127 4316.804 4319.482 4321.918 4320.466 4319.013 4317.561 4316.108 4313.115 4308.513 4303.91 4299.308 4294.705 4289.511 4284.266 4279.02 4273.774 4268.339 4262.554 4256.768 4250.983 4245.197 4239.59 4234.033 4228.476
4258.558 4251.142 4243.727 4236.312 4228.896 4222.683 4217.229 4211.775 4206.321 4201.061 4200.016 4198.971 4197.925 4196.88 4196.98 4198.347 4199.714 4201.081 4202.448 4208.63 4215.317 4222.004 4228.691 4235.828 4243.853 4251.878 4259.903 4267.928 4273.683 4278.746 4283.809 4288.872 4293.633 4297.167 4300.701 4304.235 4307.769 4310.527 4312.826 4315.124 4317.422 4319.507 4318.15 4316.794 4315.438 4314.082 4311.177 4306.654 4302.132 4297.61 4293.087 4287.826 4282.5 4277.174 4271.848 4266.414 4260.778 4255.142 4249.506 4243.871 4238.284 4232.71 4227.137
4254.715 4247.513 4240.311 4233.109 4225.908 4220.053 4215.048 4210.043 4205.038 4200.21 4199.272 4198.334 4197.396 4196.458 4196.646 4198.083 4199.52 4200.956 4202.393 4208.606 4215.319 4222.033 4228.747 4235.928 4244.033 4252.139 4260.244 4268.349 4274.135 4279.213 4284.292 4289.371 4294.094 4297.366 4300.639 4303.911 4307.183 4309.605 4311.524 4313.443 4315.362 4317.095 4315.835 4314.575 4313.315 4312.055 4309.238 4304.796 4300.354 4295.912 4291.469 4286.141 4280.735 4275.329 4269.923 4264.489 4259.002 4253.516 4248.03 4242.544 4236.977 4231.388 4225.798
4250.872 4243.884 4236.896 4229.908 4222.92 4217.423 4212.866 4208.31 4203.754 4199.361 4198.529 4197.698 4196.867 4196.036 4196.313 4197.819 4199.325 4200.832 4202.337 4208.581 4215.322 4222.062 4228.803 4236.028 4244.213 4252.399 4260.584 4268.77 4274.586 4279.681 4284.776 4289.871 4294.555 4297.565 4300.576 4303.586 4306.597 4308.684 4310.223 4311.763 4313.302 4314.684 4313.52 4312.356 4311.192 4310.028 4307.3 4302.938 4298.576 4294.213 4289.852 4284.456 4278.969 4273.483 4267.997 4262.563 4257.227 4251.89 4246.554 4241.217 4235.67 4230.065 4224.46
4247.073 4240.326 4233.578 4226.83 4220.083 4214.922 4210.763 4206.604 4202.445 4198.437 4197.702 4196.967 4196.232 4195.498 4195.864 4197.45 4199.036 4200.621 4202.207 4208.441 4215.163 4221.884 4228.606 4235.824 4244.023 4252.222 4260.422 4268.621 4274.462 4279.585 4284.708 4289.831 4294.498 4297.31 4300.122 4302.933 4305.745 4307.525 4308.694 4309.863 4311.032 4312.063 4310.864 4309.665 4308.466 4307.268 4304.52 4300.154 4295.789 4291.423 4287.057 4281.651 4276.153 4270.656 4265.159 4259.779 4254.616 4249.452 4244.289 4239.125 4233.674 4228.143 4222.611
4243.394 4236.957 4230.519 4224.081 4217.643 4212.763 4208.866 4204.969 4201.072 4197.316 4196.651 4195.986 4195.321 4194.655 4195.109 4196.801 4198.494 4200.187 4201.879 4207.998 4214.581 4221.164 4227.746 4234.818 4242.856 4250.896 4258.935 4266.974 4272.823 4278.004 4283.186 4288.367 4293.075 4295.855 4298.635 4301.415 4304.194 4305.745 4306.566 4307.388 4308.209 4308.891 4307.313 4305.734 4304.156 4302.578 4299.527 4294.937 4290.347 4285.756 4281.167 4275.899 4270.573 4265.247 4259.921 4254.734 4249.806 4244.877 4239.949 4235.021 4229.863 4224.642 4219.42
4239.715 4233.587 4227.459 4221.332 4215.204 4210.604 4206.969 4203.333 4199.698 4196.196 4195.6 4195.004 4194.409 4193.813 4194.354 4196.153 4197.953 4199.752 4201.552 4207.555 4213.999 4220.442 4226.886 4233.812 4241.69 4249.569 4257.448 4265.326 4271.183 4276.423 4281.664 4286.904 4291.653 4294.4 4297.148 4299.896 4302.644 4303.964 4304.438 4304.913 4305.387 4305.719 4303.761 4301.804 4299.846 4297.889 4294.534 4289.719 4284.905 4280.09 4275.275 4270.147 4264.993 4259.837 4254.682 4249.689 4244.996 4240.303 4235.609 4230.916 4226.052 4221.14 4216.229
4236.036 4230.218 4224.4 4218.582 4212.764 4208.445 4205.072 4201.698 4198.325 4195.076 4194.55 4194.023 4193.497 4192.971 4193.599 4195.505 4197.411 4199.318 4201.224 4207.111 4213.417 4219.721 4226.026 4232.806 4240.524 4248.242 4255.96 4263.679 4269.543 4274.842 4280.141 4285.44 4290.23 4292.946 4295.662 4298.377 4301.093 4302.184 4302.311 4302.437 4302.564 4302.547 4300.21 4297.873 4295.536 4293.199 4289.541 4284.502 4279.463 4274.424 4269.385 4264.396 4259.412 4254.428 4249.444 4244.644 4240.186 4235.728 4231.27 4226.812 4222.241 4217.639 4213.037
4232.356 4226.849 4221.341 4215.833 4210.325 4206.286 4203.174 4200.063 4196.951 4193.956 4193.499 4193.042 4192.585 4192.128 4192.844 4194.857 4196.87 4198.883 4200.896 4206.668 4212.834 4219.0 4225.166 4231.799 4239.357 4246.916 4254.474 4262.032 4267.903 4273.261 4278.619 4283.977 4288.808 4291.492 4294.175 4296.858 4299.542 4300.403 4300.182 4299.962 4299.741 4299.375 4296.659 4293.942 4291.226 4288.51 4284.548 4279.285 4274.021 4268.757 4263.494 4258.645 4253.832 4249.019 4244.205 4239.599 4235.376 4231.153 4226.93 4222.707 4218.43 4214.138 4209.846
4228.006 4222.913 4217.819 4212.726 4207.632 4203.881 4200.978 4198.074 4195.169 4192.374 4191.948 4191.522 4191.096 4190.669 4191.42 4193.475 4195.529 4197.583 4199.637 4205.147 4211.02 4216.892 4222.764 4229.156 4236.577 4243.998 4251.418 4258.839 4264.686 4270.052 4275.418 4280.785 4285.603 4288.189 4290.774 4293.36 4295.946 4296.479 4295.795 4295.111 4294.427 4293.597 4290.413 4287.228 4284.043 4280.858 4276.701 4271.526 4266.352 4261.178 4256.003 4251.369 4246.78 4242.192 4237.604 4233.273 4229.417 4225.561 4221.704 4217.848 4214.069 4210.312 4206.554
4223.401 4218.762 4214.123 4209.484 4204.844 4201.384 4198.667 4195.95 4193.233 4190.617 4190.207 4189.797 4189.387 4188.977 4189.743 4191.813 4193.884 4195.954 4198.024 4203.217 4208.736 4214.255 4219.775 4225.89 4233.183 4240.475 4247.768 4255.061 4260.869 4266.225 4271.58 4276.936 4281.721 4284.184 4286.647 4289.109 4291.572 4291.741 4290.55 4289.358 4288.167 4286.829 4283.142 4279.455 4275.768 4272.081 4267.769 4262.803 4257.837 4252.871 4247.905 4243.513 4239.17 4234.829 4230.486 4226.46 4223.021 4219.582 4216.142 4212.703 4209.499 4206.361 4203.224
4218.797 4214.612 4210.426 4206.241 4202.056 4198.886 4196.356 4193.826 4191.296 4188.86 4188.466 4188.072 4187.678 4187.284 4188.066 4190.152 4192.239 4194.325 4196.412 4201.286 4206.453 4211.62 4216.787 4222.624 4229.789 4236.953 4244.117 4251.282 4257.052 4262.397 4267.742 4273.086 4277.839 4280.179 4282.519 4284.859 4287.199 4287.003 4285.304 4283.605 4281.906 4280.061 4275.872 4271.683 4267.493 4263.304 4258.836 4254.079 4249.322 4244.564 4239.807 4235.657 4231.561 4227.464 4223.368 4219.648 4216.625 4213.603 4210.58 4207.558 4204.929 4202.411 4199.894
4214.192 4210.461 4206.73 4202.999 4199.268 4196.388 4194.045 4191.702 4189.359 4187.103 4186.725 4186.347 4185.968 4185.59 4186.389 4188.492 4190.594 4192.696 4194.799 4199.355 4204.169 4208.983 4213.798 4219.358 4226.394 4233.431 4240.467 4247.503 4253.235 4258.569 4263.903 4269.237 4273.958 4276.174 4278.392 4280.608 4282.825 4282.266 4280.059 4277.852 4275.645 4273.293 4268.601 4263.91 4259.218 4254.526 4249.905 4245.355 4240.807 4236.257 4231.708 4227.802 4223.951 4220.101 4216.25 4212.835 4210.229 4207.624 4205.018 4202.412 4200.359 4198.461 4196.563
4209.531 4206.226 4202.921 4199.617 4196.313 4193.724 4191.587 4189.451 4187.315 4185.257 4184.923 4184.589 4184.255 4183.921 4184.752 4186.874 4188.996 4191.119 4193.241 4197.488 4201.959 4206.43 4210.9 4216.178 4223.05 4229.923 4236.796 4243.668 4249.335 4254.635 4259.934 4265.233 4269.893 4271.945 4273.998 4276.05 4278.102 4277.174 4274.478 4271.782 4269.086 4266.25 4261.144 4256.039 4250.933 4245.827 4241.12 4236.829 4232.537 4228.246 4223.954 4220.339 4216.784 4213.229 4209.673 4206.587 4204.371 4202.155 4199.939 4197.723 4196.178 4194.82 4193.463
4204.604 4201.593 4198.582 4195.571 4192.561 4190.27 4188.432 4186.595 4184.758 4182.995 4182.836 4182.679 4182.521 4182.363 4183.305 4185.464 4187.624 4189.783 4191.943 4195.923 4200.095 4204.267 4208.438 4213.405 4219.947 4226.488 4233.029 4239.571 4245.045 4250.195 4255.345 4260.495 4264.962 4266.651 4268.34 4270.029 4271.718 4270.403 4267.307 4264.21 4261.113 4257.899 4252.799 4247.699 4242.599 4237.499 4233.034 4229.234 4225.435 4221.635 4217.835 4214.747 4211.72 4208.693 4205.667 4203.016 4201.062 4199.108 4197.154 4195.2 4193.841 4192.649 4191.458
4199.676 4196.959 4194.243 4191.526 4188.809 4186.815 4185.277 4183.739 4182.201 4180.731 4180.75 4180.769 4180.787 4180.806 4181.858 4184.055 4186.251 4188.448 4190.645 4194.358 4198.231 4202.103 4205.976 4210.633 4216.843 4223.053 4229.263 4235.473 4240.756 4245.756 4250.756 4255.756 4260.032 4261.358 4262.684 4264.009 4265.334 4263.633 4260.135 4256.638 4253.14 4249.55 4244.455 4239.36 4234.265 4229.17 4224.949 4221.641 4218.333 4215.024 4211.716 4209.153 4206.656 4204.158 4201.661 4199.445 4197.753 4196.061 4194.369 4192.676 4191.504 4190.479 4189.453
4194.749 4192.326 4189.903 4187.48 4185.058 4183.36 4182.122 4180.883 4179.645 4178.468 4178.663 4178.858 4179.053 4179.248 4180.411 4182.645 4184.879 4187.113 4189.348 4192.793 4196.367 4199.94 4203.513 4207.86 4213.739 4219.618 4225.497 4231.375 4236.466 4241.316 4246.167 4251.018 4255.102 4256.064 4257.026 4257.989 4258.951 4256.862 4252.964 4249.065 4245.167 4241.2 4236.11 4231.021 4225.931 4220.841 4216.863 4214.047 4211.23 4208.414 4205.597 4203.56 4201.592 4199.623 4197.655 4195.875 4194.444 4193.014 4191.583 4190.153 4189.167 4188.308 4187.447
4189.822 4187.693 4185.564 4183.435 4181.306 4179.906 4178.966 4178.027 4177.087 4176.206 4176.577 4176.948 4177.319 4177.69 4178.963 4181.235 4183.507 4185.778 4188.05 4191.229 4194.502 4197.776 4201.05 4205.087 4210.635 4216.183 4221.73 4227.277 4232.176 4236.877 4241.578 4246.279 4250.171 4250.771 4251.369 4251.968 4252.567 4250.091 4245.792 4241.493 4237.194 4232.85 4227.765 4222.681 4217.597 4212.513 4208.778 4206.453 4204.128 4201.803 4199.478 4197.967 4196.527 4195.088 4193.648 4192.304 4191.135 4189.967 4188.798 4187.629 4186.831 4186.136 4185.442
4184.523 4182.655 4180.787 4178.918 4177.05 4175.957 4175.353 4174.75 4174.146 4173.602 4174.355 4175.109 4175.864 4176.618 4178.133 4180.492 4182.851 4185.21 4187.569 4190.579 4193.657 4196.735 4199.813 4203.59 4208.753 4213.917 4219.079 4224.242 4228.862 4233.317 4237.771 4242.227 4245.863 4246.165 4246.467 4246.769 4247.071 4244.372 4239.892 4235.412 4230.932 4226.435 4221.655 4216.876 4212.097 4207.318 4203.875 4201.828 4199.782 4197.735 4195.688 4194.368 4193.111 4191.854 4190.598 4189.436 4188.449 4187.462 4186.476 4185.489 4184.81 4184.218 4183.625
