data/zism_data/00904_04_D.txt
ncols         224
nrows         224
[rows 140 to 167 of 224, columns 126 to 188 of 224]
1662.647 1648.464 1634.281 1620.098 1605.442 1590.207 1574.972 1559.737 1544.503 1539.428 1535.322 1531.215 1527.109 1527.738 1536.198 1544.659 1553.119 1561.579 1570.066 1578.557 1587.049 1595.541 1601.932 1603.524 1605.116 1606.708 1608.3 1607.438 1605.835 1604.232 1602.63 1601.246 1600.591 1599.935 1599.279 1598.623 1601.28 1605.388 1609.495 1613.602 1618.408 1626.897 1635.385 1643.874 1652.363 1662.643 1674.007 1685.371 1696.735 1707.607 1713.321 1719.035 1724.749 1730.463 1731.288 1728.125 1724.962 1721.799 1718.625 1714.682 1710.74 1706.797 1702.854
1667.217 1653.452 1639.687 1625.922 1611.041 1594.793 1578.545 1562.298 1546.05 1540.016 1534.956 1529.895 1524.834 1525.182 1534.473 1543.764 1553.055 1562.346 1570.947 1579.418 1587.888 1596.358 1602.554 1603.55 1604.547 1605.544 1606.541 1605.652 1604.194 1602.736 1601.278 1600.059 1599.628 1599.197 1598.766 1598.336 1601.144 1605.369 1609.594 1613.819 1618.836 1628.027 1637.218 1646.409 1655.6 1666.295 1677.9 1689.505 1701.11 1712.177 1717.597 1723.016 1728.435 1733.854 1734.234 1730.503 1726.771 1723.04 1719.296 1714.656 1710.017 1705.377 1700.738
1671.33 1657.964 1644.598 1631.232 1616.158 1598.993 1581.828 1564.663 1547.498 1540.563 1534.603 1528.642 1522.682 1522.734 1532.729 1542.724 1552.719 1562.714 1571.419 1579.88 1588.341 1596.803 1602.836 1603.321 1603.806 1604.291 1604.776 1603.878 1602.563 1601.248 1599.933 1598.873 1598.654 1598.436 1598.218 1597.999 1600.965 1605.323 1609.682 1614.041 1619.277 1629.141 1639.005 1648.869 1658.733 1669.814 1681.632 1693.45 1705.267 1716.503 1721.628 1726.753 1731.878 1737.003 1736.955 1732.686 1728.417 1724.147 1719.863 1714.55 1709.236 1703.923 1698.609
1668.948 1655.705 1642.461 1629.219 1614.413 1597.693 1580.972 1564.252 1547.532 1540.523 1534.44 1528.356 1522.273 1521.832 1530.722 1539.613 1548.504 1557.394 1566.063 1574.691 1583.318 1591.946 1598.298 1599.453 1600.608 1601.763 1602.918 1602.267 1601.07 1599.873 1598.676 1597.713 1597.527 1597.341 1597.154 1596.968 1600.19 1604.902 1609.614 1614.327 1619.901 1630.023 1640.144 1650.265 1660.387 1671.445 1683.07 1694.694 1706.319 1717.354 1722.195 1727.036 1731.877 1736.718 1736.482 1732.106 1727.73 1723.353 1718.958 1713.297 1707.635 1701.973 1696.311
1666.565 1653.445 1640.325 1627.205 1612.668 1596.392 1580.117 1563.842 1547.566 1540.484 1534.277 1528.07 1521.864 1520.93 1528.716 1536.502 1544.289 1552.075 1560.708 1569.501 1578.295 1587.088 1593.761 1595.586 1597.411 1599.236 1601.061 1600.655 1599.576 1598.497 1597.418 1596.553 1596.399 1596.245 1596.091 1595.937 1599.415 1604.481 1609.547 1614.613 1620.526 1630.905 1641.283 1651.662 1662.04 1673.076 1684.507 1695.939 1707.371 1718.205 1722.761 1727.318 1731.875 1736.432 1736.01 1731.527 1727.043 1722.559 1718.054 1712.043 1706.033 1700.023 1694.012
1664.182 1651.185 1638.189 1625.192 1610.922 1595.092 1579.261 1563.431 1547.601 1540.444 1534.114 1527.784 1521.454 1520.027 1526.709 1533.391 1540.073 1546.756 1555.352 1564.312 1573.271 1582.231 1589.223 1591.718 1594.213 1596.708 1599.203 1599.043 1598.082 1597.121 1596.16 1595.394 1595.272 1595.15 1595.028 1594.906 1598.639 1604.059 1609.479 1614.899 1621.15 1631.786 1642.422 1653.058 1663.694 1674.706 1685.945 1697.184 1708.422 1719.055 1723.328 1727.601 1731.874 1736.146 1735.538 1730.947 1726.356 1721.765 1717.149 1710.79 1704.431 1698.073 1691.714
1661.799 1648.926 1636.052 1623.179 1609.177 1593.792 1578.406 1563.02 1547.635 1540.405 1533.951 1527.498 1521.045 1519.125 1524.703 1530.281 1535.858 1541.436 1549.996 1559.122 1568.248 1577.374 1584.685 1587.85 1591.016 1594.181 1597.346 1597.432 1596.589 1595.745 1594.902 1594.234 1594.144 1594.054 1593.965 1593.875 1597.864 1603.638 1609.411 1615.185 1621.775 1632.668 1643.561 1654.455 1665.348 1676.337 1687.382 1698.428 1709.474 1719.906 1723.895 1727.883 1731.872 1735.861 1735.065 1730.367 1725.669 1720.971 1716.244 1709.537 1702.83 1696.123 1689.416
1658.821 1645.688 1632.555 1619.422 1605.397 1590.281 1575.165 1560.049 1544.932 1537.968 1531.78 1525.591 1519.403 1517.267 1521.831 1526.395 1530.959 1535.523 1543.813 1552.81 1561.806 1570.803 1578.209 1581.98 1585.751 1589.523 1593.294 1593.654 1592.985 1592.316 1591.646 1591.183 1591.405 1591.627 1591.849 1592.071 1596.571 1602.944 1609.316 1615.688 1622.806 1633.855 1644.905 1655.954 1667.004 1677.767 1688.356 1698.946 1709.535 1719.514 1723.089 1726.663 1730.237 1733.811 1732.696 1727.755 1722.814 1717.873 1712.903 1706.002 1699.101 1692.2 1685.298
1655.239 1641.458 1627.676 1613.894 1599.554 1584.529 1569.503 1554.478 1539.453 1533.098 1527.57 1522.041 1516.512 1514.439 1518.081 1521.723 1525.365 1529.007 1536.789 1545.357 1553.925 1562.493 1569.765 1574.078 1578.391 1582.703 1587.016 1587.679 1587.24 1586.801 1586.362 1586.215 1587.032 1587.849 1588.666 1589.482 1594.753 1601.972 1609.191 1616.411 1624.249 1635.352 1646.455 1657.558 1668.661 1678.994 1688.859 1698.725 1708.591 1717.862 1720.889 1723.917 1726.944 1729.971 1728.401 1723.079 1717.758 1712.436 1707.091 1700.152 1693.213 1686.275 1679.336
1651.657 1637.227 1622.797 1608.366 1593.71 1578.776 1563.842 1548.908 1533.974 1528.229 1523.36 1518.49 1513.621 1511.611 1514.331 1517.051 1519.771 1522.49 1529.765 1537.905 1546.043 1554.183 1561.322 1566.176 1571.03 1575.884 1580.738 1581.704 1581.495 1581.287 1581.079 1581.246 1582.658 1584.07 1585.482 1586.894 1592.935 1601.001 1609.067 1617.133 1625.692 1636.849 1648.005 1659.162 1670.319 1680.22 1689.362 1698.505 1707.646 1716.209 1718.69 1721.171 1723.651 1726.132 1724.106 1718.404 1712.701 1706.999 1701.279 1694.302 1687.326 1680.35 1673.373
1648.076 1632.997 1617.918 1602.839 1587.866 1573.023 1558.18 1543.337 1528.495 1523.36 1519.15 1514.939 1510.729 1508.783 1510.581 1512.379 1514.176 1515.974 1522.742 1530.452 1538.162 1545.872 1552.878 1558.273 1563.669 1569.064 1574.46 1575.728 1575.75 1575.773 1575.795 1576.277 1578.284 1580.291 1582.298 1584.305 1591.116 1600.03 1608.943 1617.856 1627.135 1638.346 1649.556 1660.766 1671.976 1681.447 1689.865 1698.284 1706.702 1714.557 1716.491 1718.424 1720.358 1722.292 1719.811 1713.728 1707.645 1701.563 1695.466 1688.452 1681.438 1674.425 1667.411
1644.494 1628.766 1613.039 1597.311 1582.022 1567.27 1552.518 1537.767 1523.015 1518.49 1514.94 1511.389 1507.838 1505.955 1506.831 1507.707 1508.582 1509.458 1515.718 1523.0 1530.281 1537.562 1544.434 1550.371 1556.308 1562.245 1568.182 1569.753 1570.006 1570.258 1570.511 1571.309 1573.911 1576.513 1579.115 1581.717 1589.298 1599.058 1608.818 1618.579 1628.578 1639.842 1651.106 1662.37 1673.634 1682.674 1690.369 1698.063 1705.758 1712.904 1714.291 1715.678 1717.065 1718.453 1715.516 1709.053 1702.589 1696.126 1689.654 1682.602 1675.551 1668.5 1661.448
1643.047 1627.326 1611.606 1595.886 1580.514 1565.57 1550.626 1535.683 1520.739 1516.278 1512.815 1509.352 1505.889 1503.963 1504.577 1505.192 1505.806 1506.421 1511.891 1518.281 1524.671 1531.062 1537.297 1543.179 1549.061 1554.943 1560.826 1562.858 1563.729 1564.6 1565.471 1566.871 1570.023 1573.176 1576.328 1579.48 1586.995 1596.42 1605.844 1615.269 1625.041 1636.647 1648.252 1659.858 1671.464 1680.683 1688.459 1696.235 1704.011 1711.189 1712.084 1712.979 1713.874 1714.769 1711.426 1704.627 1697.828 1691.028 1684.224 1677.096 1669.967 1662.838 1655.71
1641.767 1626.106 1610.445 1594.783 1579.348 1564.19 1549.031 1533.873 1518.715 1514.274 1510.854 1507.434 1504.015 1502.036 1502.441 1502.847 1503.252 1503.658 1508.315 1513.778 1519.241 1524.704 1530.263 1536.043 1541.824 1547.604 1553.384 1555.892 1557.411 1558.931 1560.45 1562.475 1566.174 1569.873 1573.572 1577.271 1584.655 1593.65 1602.646 1611.641 1621.111 1633.081 1645.052 1657.022 1668.992 1678.439 1686.36 1694.281 1702.201 1709.469 1709.876 1710.283 1710.69 1711.097 1707.353 1700.221 1693.089 1685.958 1678.825 1671.616 1664.407 1657.198 1649.989
1640.488 1624.886 1609.283 1593.681 1578.182 1562.809 1547.436 1532.064 1516.691 1512.271 1508.894 1505.517 1502.14 1500.109 1500.306 1500.502 1500.698 1500.895 1504.739 1509.275 1513.81 1518.346 1523.229 1528.908 1534.586 1540.264 1545.943 1548.925 1551.093 1553.261 1555.429 1558.079 1562.325 1566.571 1570.817 1575.062 1582.314 1590.881 1599.447 1608.014 1617.181 1629.516 1641.851 1654.186 1666.52 1676.195 1684.26 1692.326 1700.391 1707.749 1707.668 1707.587 1707.507 1707.426 1703.279 1695.815 1688.351 1680.887 1673.425 1666.136 1658.847 1651.557 1644.268
1639.209 1623.666 1608.122 1592.579 1577.015 1561.429 1545.841 1530.254 1514.668 1510.268 1506.933 1503.599 1500.265 1498.182 1498.17 1498.157 1498.144 1498.132 1501.163 1504.771 1508.38 1511.988 1516.195 1521.772 1527.349 1532.925 1538.501 1541.958 1544.775 1547.592 1550.409 1553.683 1558.476 1563.268 1568.061 1572.853 1579.973 1588.111 1596.249 1604.387 1613.252 1625.951 1638.65 1651.35 1664.049 1673.951 1682.161 1690.371 1698.581 1706.028 1705.46 1704.891 1704.323 1703.755 1699.206 1691.409 1683.613 1675.817 1668.026 1660.656 1653.286 1645.917 1638.547
1638.387 1622.882 1607.376 1591.871 1576.259 1560.517 1544.774 1529.033 1513.291 1508.843 1505.471 1502.099 1498.728 1496.575 1496.44 1496.304 1496.169 1496.033 1498.522 1501.508 1504.493 1507.479 1511.234 1516.747 1522.26 1527.773 1533.286 1537.126 1540.461 1543.796 1547.132 1550.878 1555.987 1561.096 1566.206 1571.315 1578.256 1586.0 1593.743 1601.487 1610.041 1622.867 1635.693 1648.519 1661.345 1671.286 1679.481 1687.677 1695.873 1703.278 1702.375 1701.472 1700.569 1699.667 1694.832 1686.789 1678.747 1670.704 1662.67 1655.21 1647.75 1640.291 1632.831
1638.387 1622.882 1607.376 1591.871 1576.237 1560.447 1544.656 1528.866 1513.076 1508.458 1504.904 1501.35 1497.796 1495.542 1495.438 1495.335 1495.232 1495.129 1497.559 1500.47 1503.38 1506.291 1509.996 1515.514 1521.033 1526.551 1532.069 1536.129 1539.748 1543.367 1546.986 1550.929 1555.941 1560.954 1565.967 1570.979 1577.66 1585.072 1592.483 1599.894 1608.12 1620.646 1633.172 1645.698 1658.224 1667.865 1675.76 1683.656 1691.552 1698.677 1697.715 1696.754 1695.792 1694.83 1689.918 1681.785 1673.651 1665.518 1657.392 1649.825 1642.258 1634.691 1627.124
1638.387 1622.882 1607.376 1591.871 1576.215 1560.377 1544.538 1528.7 1512.862 1508.073 1504.336 1500.6 1496.864 1494.508 1494.437 1494.366 1494.295 1494.224 1496.596 1499.432 1502.268 1505.104 1508.757 1514.281 1519.805 1525.328 1530.852 1535.131 1539.034 1542.938 1546.841 1550.979 1555.895 1560.812 1565.728 1570.644 1577.064 1584.143 1591.222 1598.301 1606.2 1618.426 1630.652 1642.878 1655.103 1664.443 1672.039 1679.634 1687.23 1694.076 1693.055 1692.035 1691.014 1689.993 1685.005 1676.78 1668.555 1660.331 1652.114 1644.44 1636.765 1629.091 1621.417
1638.387 1622.882 1607.376 1591.871 1576.193 1560.307 1544.42 1528.533 1512.647 1507.687 1503.769 1499.85 1495.932 1493.475 1493.436 1493.397 1493.358 1493.319 1495.633 1498.394 1501.155 1503.916 1507.519 1513.048 1518.577 1524.106 1529.635 1534.134 1538.321 1542.508 1546.696 1551.03 1555.849 1560.669 1565.489 1570.309 1576.469 1583.215 1589.961 1596.708 1604.28 1616.206 1628.131 1640.057 1651.982 1661.022 1668.318 1675.613 1682.908 1689.475 1688.396 1687.316 1686.236 1685.156 1680.092 1671.776 1663.46 1655.144 1646.836 1639.054 1631.273 1623.491 1615.71
1638.387 1622.882 1607.376 1591.871 1576.172 1560.237 1544.302 1528.367 1512.432 1507.302 1503.201 1499.1 1495.0 1492.441 1492.434 1492.428 1492.421 1492.414 1494.671 1497.356 1500.042 1502.728 1506.28 1511.815 1517.349 1522.884 1528.418 1533.136 1537.608 1542.079 1546.551 1551.08 1555.804 1560.527 1565.25 1569.973 1575.873 1582.287 1588.701 1595.115 1602.36 1613.985 1625.61 1637.236 1648.861 1657.601 1664.596 1671.592 1678.587 1684.875 1683.736 1682.597 1681.458 1680.32 1675.178 1666.771 1658.364 1649.957 1641.558 1633.669 1625.78 1617.892 1610.003
1638.145 1622.686 1607.227 1591.768 1576.075 1560.097 1544.117 1528.138 1512.16 1506.84 1502.536 1498.231 1493.927 1491.254 1491.28 1491.305 1491.33 1491.356 1493.647 1496.367 1499.088 1501.808 1505.265 1510.403 1515.541 1520.68 1525.818 1530.25 1534.469 1538.688 1542.907 1547.25 1552.003 1556.757 1561.51 1566.264 1572.341 1578.997 1585.654 1592.31 1599.664 1610.698 1621.732 1632.765 1643.799 1652.015 1658.529 1665.042 1671.555 1677.415 1676.416 1675.417 1674.418 1673.419 1668.481 1660.329 1652.178 1644.026 1635.877 1627.881 1619.885 1611.889 1603.893
1637.839 1622.439 1607.038 1591.639 1575.959 1559.937 1543.915 1527.893 1511.872 1506.357 1501.844 1497.331 1492.817 1490.026 1490.084 1490.141 1490.199 1490.256 1492.606 1495.391 1498.176 1500.961 1504.309 1508.943 1513.578 1518.212 1522.847 1526.857 1530.679 1534.501 1538.324 1542.377 1547.195 1552.012 1556.83 1561.648 1568.021 1575.074 1582.127 1589.18 1596.761 1607.125 1617.488 1627.852 1638.215 1645.848 1651.831 1657.813 1663.796 1669.188 1668.382 1667.576 1666.77 1665.964 1661.305 1653.501 1645.698 1637.895 1630.088 1621.984 1613.881 1605.778 1597.675
1637.532 1622.191 1606.85 1591.509 1575.842 1559.778 1543.713 1527.648 1511.583 1505.875 1501.152 1496.43 1491.708 1488.798 1488.888 1488.978 1489.067 1489.157 1491.566 1494.416 1497.265 1500.114 1503.353 1507.483 1511.614 1515.745 1519.875 1523.464 1526.89 1530.315 1533.741 1537.504 1542.386 1547.268 1552.15 1557.032 1563.701 1571.151 1578.6 1586.05 1593.858 1603.551 1613.244 1622.938 1632.631 1639.681 1645.133 1650.585 1656.037 1660.961 1660.348 1659.735 1659.122 1658.509 1654.128 1646.674 1639.219 1631.764 1624.298 1616.088 1607.878 1599.667 1591.457
1637.225 1621.943 1606.661 1591.379 1575.726 1559.618 1543.51 1527.403 1511.295 1505.392 1500.46 1495.529 1490.598 1487.57 1487.692 1487.814 1487.936 1488.058 1490.526 1493.44 1496.353 1499.267 1502.397 1506.024 1509.65 1513.277 1516.904 1520.071 1523.1 1526.129 1529.157 1532.631 1537.577 1542.524 1547.47 1552.417 1559.38 1567.227 1575.074 1582.92 1590.954 1599.978 1609.001 1618.024 1627.047 1633.514 1638.435 1643.356 1648.277 1652.734 1652.314 1651.894 1651.474 1651.054 1646.952 1639.845 1632.739 1625.633 1618.509 1610.192 1601.874 1593.557 1585.239
1636.43 1621.312 1606.193 1591.075 1575.502 1559.374 1543.245 1527.117 1510.99 1504.869 1499.701 1494.533 1489.366 1486.229 1486.45 1486.671 1486.892 1487.113 1489.647 1492.62 1495.593 1498.566 1501.574 1504.659 1507.744 1510.829 1513.914 1516.629 1519.232 1521.834 1524.437 1527.601 1532.622 1537.643 1542.665 1547.686 1554.896 1563.063 1571.229 1579.397 1587.602 1596.012 1604.421 1612.83 1621.24 1627.142 1631.527 1635.913 1640.299 1644.281 1644.025 1643.768 1643.512 1643.255 1639.448 1632.745 1626.041 1619.337 1612.609 1604.237 1595.865 1587.493 1579.121
1633.895 1619.313 1604.73 1590.147 1574.896 1558.827 1542.758 1526.689 1510.62 1504.2 1498.701 1493.201 1487.701 1484.484 1485.042 1485.601 1486.16 1486.719 1489.343 1492.359 1495.375 1498.391 1501.222 1503.632 1506.042 1508.452 1510.861 1513.012 1515.084 1517.156 1519.228 1522.01 1527.144 1532.278 1537.412 1542.546 1549.823 1558.038 1566.253 1574.469 1582.649 1590.646 1598.642 1606.639 1614.635 1620.038 1623.871 1627.705 1631.539 1635.022 1634.824 1634.627 1634.43 1634.232 1630.779 1624.67 1618.562 1612.453 1606.313 1598.075 1589.837 1581.599 1573.361
1631.359 1617.313 1603.266 1589.22 1574.291 1558.281 1542.27 1526.26 1510.25 1503.532 1497.7 1491.868 1486.036 1482.739 1483.635 1484.531 1485.428 1486.324 1489.038 1492.097 1495.156 1498.215 1500.871 1502.605 1504.34 1506.074 1507.808 1509.394 1510.936 1512.477 1514.018 1516.419 1521.666 1526.912 1532.159 1537.405 1544.75 1553.014 1561.277 1569.541 1577.695 1585.279 1592.863 1600.447 1608.031 1612.934 1616.215 1619.497 1622.779 1625.763 1625.624 1625.486 1625.347 1625.209 1622.11 1616.596 1611.082 1605.569 1600.017 1591.913 1583.809 1575.706 1567.601
