data/zism_data/00900_03_D.txt
ncols         224
nrows         224
[rows 145 to 173 of 224, columns 65 to 129 of 224]
1482.17 1482.38 1482.59 1482.801 1483.011 1483.222 1483.432 1483.645 1483.866 1484.086 1484.307 1484.527 1484.755 1484.985 1485.215 1485.446 1485.673 1485.883 1486.094 1486.304 1486.515 1486.732 1486.952 1487.172 1487.393 1487.616 1487.866 1488.117 1488.367 1488.617 1488.834 1489.025 1489.216 1489.406 1489.598 1489.834 1490.071 1490.307 1490.543 1490.732 1490.869 1491.006 1491.143 1491.28 1491.436 1491.593 1491.75 1491.907 1492.06 1492.207 1492.354 1492.501 1492.648 1492.748 1492.841 1492.935 1493.028 1493.157 1493.358 1493.558 1493.759 1493.959 1494.101 1494.228 1494.355
1481.986 1482.191 1482.396 1482.601 1482.806 1483.011 1483.216 1483.425 1483.645 1483.866 1484.086 1484.307 1484.538 1484.774 1485.009 1485.245 1485.476 1485.681 1485.886 1486.091 1486.297 1486.511 1486.732 1486.952 1487.172 1487.397 1487.663 1487.93 1488.196 1488.463 1488.679 1488.853 1489.027 1489.202 1489.378 1489.663 1489.948 1490.233 1490.518 1490.73 1490.861 1490.993 1491.125 1491.256 1491.417 1491.579 1491.741 1491.904 1492.06 1492.207 1492.354 1492.501 1492.648 1492.757 1492.861 1492.966 1493.07 1493.202 1493.392 1493.582 1493.772 1493.962 1494.093 1494.209 1494.325
1481.802 1482.001 1482.201 1482.401 1482.6 1482.8 1483.0 1483.204 1483.425 1483.645 1483.866 1484.086 1484.321 1484.562 1484.803 1485.045 1485.279 1485.479 1485.679 1485.878 1486.078 1486.291 1486.511 1486.732 1486.952 1487.178 1487.461 1487.743 1488.026 1488.308 1488.523 1488.681 1488.839 1488.997 1489.158 1489.492 1489.825 1490.159 1490.493 1490.727 1490.853 1490.979 1491.106 1491.232 1491.397 1491.565 1491.733 1491.9 1492.06 1492.207 1492.354 1492.501 1492.648 1492.767 1492.882 1492.997 1493.111 1493.248 1493.427 1493.606 1493.785 1493.964 1494.084 1494.19 1494.295
1481.614 1481.81 1482.006 1482.201 1482.395 1482.589 1482.784 1482.986 1483.213 1483.44 1483.667 1483.894 1484.131 1484.372 1484.614 1484.856 1485.09 1485.282 1485.475 1485.668 1485.86 1486.076 1486.307 1486.537 1486.767 1487.004 1487.302 1487.601 1487.9 1488.199 1488.417 1488.569 1488.721 1488.873 1489.028 1489.39 1489.753 1490.115 1490.478 1490.731 1490.865 1490.999 1491.133 1491.267 1491.43 1491.595 1491.76 1491.924 1492.083 1492.234 1492.384 1492.534 1492.684 1492.815 1492.942 1493.07 1493.197 1493.339 1493.513 1493.686 1493.859 1494.032 1494.14 1494.231 1494.323
1481.418 1481.614 1481.81 1482.001 1482.19 1482.378 1482.567 1482.77 1483.019 1483.267 1483.516 1483.765 1484.001 1484.232 1484.463 1484.693 1484.916 1485.098 1485.28 1485.462 1485.644 1485.876 1486.139 1486.402 1486.664 1486.932 1487.247 1487.562 1487.877 1488.192 1488.426 1488.594 1488.762 1488.93 1489.101 1489.447 1489.793 1490.14 1490.486 1490.749 1490.921 1491.092 1491.264 1491.436 1491.581 1491.724 1491.867 1492.011 1492.161 1492.322 1492.483 1492.644 1492.805 1492.951 1493.095 1493.239 1493.382 1493.537 1493.716 1493.894 1494.073 1494.251 1494.343 1494.413 1494.483
1481.222 1481.418 1481.614 1481.801 1481.984 1482.167 1482.351 1482.555 1482.825 1483.095 1483.365 1483.635 1483.871 1484.091 1484.311 1484.531 1484.743 1484.914 1485.085 1485.256 1485.427 1485.676 1485.971 1486.266 1486.561 1486.859 1487.191 1487.522 1487.853 1488.184 1488.435 1488.619 1488.803 1488.988 1489.174 1489.504 1489.834 1490.164 1490.495 1490.767 1490.977 1491.186 1491.396 1491.605 1491.732 1491.854 1491.975 1492.097 1492.239 1492.411 1492.583 1492.755 1492.927 1493.088 1493.248 1493.407 1493.567 1493.735 1493.919 1494.103 1494.287 1494.471 1494.546 1494.595 1494.643
1481.026 1481.222 1481.418 1481.6 1481.779 1481.957 1482.135 1482.339 1482.631 1482.923 1483.215 1483.506 1483.741 1483.95 1484.159 1484.369 1484.57 1484.73 1484.891 1485.051 1485.211 1485.476 1485.803 1486.131 1486.458 1486.787 1487.135 1487.482 1487.83 1488.177 1488.444 1488.644 1488.845 1489.045 1489.247 1489.561 1489.875 1490.189 1490.503 1490.785 1491.032 1491.28 1491.527 1491.774 1491.883 1491.983 1492.083 1492.183 1492.317 1492.5 1492.682 1492.865 1493.048 1493.224 1493.4 1493.576 1493.752 1493.933 1494.122 1494.311 1494.501 1494.69 1494.75 1494.776 1494.803
1480.83 1481.026 1481.222 1481.4 1481.573 1481.746 1481.918 1482.124 1482.437 1482.751 1483.064 1483.377 1483.611 1483.809 1484.008 1484.206 1484.397 1484.546 1484.696 1484.845 1484.995 1485.275 1485.635 1485.995 1486.355 1486.715 1487.079 1487.443 1487.806 1488.17 1488.453 1488.669 1488.886 1489.103 1489.321 1489.618 1489.916 1490.214 1490.511 1490.803 1491.088 1491.373 1491.659 1491.944 1492.034 1492.113 1492.191 1492.27 1492.395 1492.588 1492.782 1492.975 1493.169 1493.361 1493.553 1493.745 1493.938 1494.13 1494.325 1494.52 1494.715 1494.909 1494.953 1494.958 1494.963
1480.597 1480.81 1481.022 1481.2 1481.368 1481.535 1481.702 1481.906 1482.233 1482.56 1482.887 1483.213 1483.469 1483.694 1483.919 1484.144 1484.357 1484.504 1484.651 1484.798 1484.945 1485.229 1485.596 1485.964 1486.331 1486.699 1487.066 1487.433 1487.801 1488.168 1488.468 1488.714 1488.959 1489.204 1489.45 1489.732 1490.013 1490.295 1490.576 1490.864 1491.158 1491.452 1491.745 1492.039 1492.137 1492.223 1492.309 1492.395 1492.527 1492.728 1492.928 1493.128 1493.328 1493.528 1493.728 1493.928 1494.128 1494.316 1494.479 1494.641 1494.804 1494.967 1495.02 1495.045 1495.07
1480.353 1480.587 1480.821 1481.0 1481.162 1481.324 1481.486 1481.688 1482.026 1482.364 1482.701 1483.039 1483.324 1483.587 1483.85 1484.112 1484.357 1484.504 1484.651 1484.798 1484.945 1485.229 1485.596 1485.964 1486.331 1486.699 1487.066 1487.433 1487.801 1488.168 1488.486 1488.764 1489.042 1489.319 1489.597 1489.862 1490.128 1490.393 1490.658 1490.937 1491.231 1491.525 1491.819 1492.113 1492.226 1492.328 1492.43 1492.532 1492.677 1492.882 1493.088 1493.293 1493.499 1493.704 1493.91 1494.115 1494.321 1494.497 1494.617 1494.737 1494.856 1494.976 1495.046 1495.103 1495.16
1480.109 1480.365 1480.62 1480.8 1480.957 1481.113 1481.27 1481.471 1481.819 1482.167 1482.516 1482.864 1483.179 1483.479 1483.78 1484.081 1484.357 1484.504 1484.651 1484.798 1484.945 1485.229 1485.596 1485.964 1486.331 1486.699 1487.066 1487.433 1487.801 1488.168 1488.504 1488.814 1489.124 1489.435 1489.744 1489.993 1490.242 1490.491 1490.74 1491.011 1491.305 1491.599 1491.892 1492.186 1492.315 1492.433 1492.552 1492.67 1492.826 1493.037 1493.248 1493.458 1493.669 1493.88 1494.091 1494.302 1494.513 1494.679 1494.755 1494.832 1494.908 1494.984 1495.072 1495.161 1495.251
1479.865 1480.142 1480.419 1480.6 1480.751 1480.902 1481.053 1481.253 1481.612 1481.971 1482.33 1482.689 1483.034 1483.372 1483.71 1484.049 1484.357 1484.504 1484.651 1484.798 1484.945 1485.229 1485.596 1485.964 1486.331 1486.699 1487.066 1487.433 1487.801 1488.168 1488.522 1488.865 1489.207 1489.55 1489.891 1490.123 1490.356 1490.589 1490.822 1491.084 1491.378 1491.672 1491.966 1492.26 1492.404 1492.538 1492.673 1492.807 1492.975 1493.191 1493.407 1493.624 1493.84 1494.056 1494.273 1494.489 1494.705 1494.861 1494.894 1494.927 1494.96 1494.993 1495.097 1495.219 1495.342
1479.632 1479.923 1480.215 1480.404 1480.562 1480.72 1480.878 1481.084 1481.446 1481.809 1482.171 1482.534 1482.898 1483.263 1483.628 1483.992 1484.324 1484.478 1484.633 1484.787 1484.942 1485.229 1485.596 1485.964 1486.331 1486.699 1487.066 1487.433 1487.801 1488.168 1488.536 1488.903 1489.271 1489.638 1490.003 1490.231 1490.459 1490.687 1490.915 1491.175 1491.469 1491.762 1492.056 1492.35 1492.509 1492.66 1492.811 1492.962 1493.14 1493.359 1493.578 1493.798 1494.017 1494.236 1494.455 1494.674 1494.894 1495.041 1495.043 1495.046 1495.048 1495.051 1495.162 1495.302 1495.441
1479.435 1479.716 1479.997 1480.221 1480.427 1480.634 1480.841 1481.079 1481.42 1481.761 1482.101 1482.442 1482.792 1483.146 1483.5 1483.855 1484.182 1484.369 1484.556 1484.743 1484.93 1485.229 1485.596 1485.964 1486.331 1486.699 1487.066 1487.433 1487.801 1488.168 1488.536 1488.903 1489.271 1489.638 1490.004 1490.264 1490.525 1490.785 1491.045 1491.322 1491.616 1491.909 1492.203 1492.497 1492.672 1492.839 1493.005 1493.172 1493.358 1493.572 1493.786 1494.0 1494.214 1494.427 1494.641 1494.855 1495.069 1495.216 1495.229 1495.242 1495.256 1495.269 1495.357 1495.464 1495.571
1479.239 1479.509 1479.779 1480.037 1480.293 1480.548 1480.804 1481.074 1481.393 1481.713 1482.032 1482.351 1482.687 1483.03 1483.373 1483.717 1484.04 1484.26 1484.479 1484.698 1484.917 1485.229 1485.596 1485.964 1486.331 1486.699 1487.066 1487.433 1487.801 1488.168 1488.536 1488.903 1489.271 1489.638 1490.004 1490.297 1490.59 1490.883 1491.175 1491.469 1491.763 1492.056 1492.35 1492.644 1492.834 1493.017 1493.2 1493.383 1493.577 1493.785 1493.993 1494.202 1494.41 1494.619 1494.827 1495.035 1495.244 1495.391 1495.415 1495.439 1495.463 1495.487 1495.552 1495.626 1495.701
1479.043 1479.302 1479.561 1479.854 1480.158 1480.462 1480.766 1481.069 1481.367 1481.664 1481.962 1482.26 1482.581 1482.914 1483.246 1483.579 1483.899 1484.15 1484.402 1484.654 1484.905 1485.229 1485.596 1485.964 1486.331 1486.699 1487.066 1487.433 1487.801 1488.168 1488.536 1488.903 1489.271 1489.638 1490.005 1490.33 1490.655 1490.98 1491.305 1491.616 1491.91 1492.203 1492.497 1492.791 1492.996 1493.195 1493.395 1493.594 1493.795 1493.998 1494.201 1494.404 1494.607 1494.81 1495.013 1495.216 1495.419 1495.566 1495.601 1495.635 1495.67 1495.705 1495.746 1495.788 1495.831
1478.846 1479.095 1479.343 1479.671 1480.024 1480.376 1480.729 1481.064 1481.34 1481.616 1481.892 1482.168 1482.476 1482.798 1483.119 1483.441 1483.757 1484.041 1484.325 1484.609 1484.893 1485.229 1485.596 1485.964 1486.331 1486.699 1487.066 1487.433 1487.801 1488.168 1488.536 1488.903 1489.271 1489.638 1490.005 1490.363 1490.72 1491.078 1491.435 1491.763 1492.057 1492.35 1492.644 1492.938 1493.158 1493.374 1493.589 1493.805 1494.013 1494.211 1494.408 1494.606 1494.803 1495.001 1495.199 1495.396 1495.594 1495.741 1495.786 1495.832 1495.878 1495.924 1495.941 1495.951 1495.96
1478.701 1478.946 1479.191 1479.519 1479.871 1480.224 1480.576 1480.913 1481.197 1481.482 1481.766 1482.051 1482.364 1482.69 1483.016 1483.342 1483.664 1483.969 1484.275 1484.58 1484.885 1485.229 1485.596 1485.964 1486.331 1486.7 1487.078 1487.457 1487.836 1488.214 1488.587 1488.954 1489.322 1489.689 1490.057 1490.432 1490.806 1491.181 1491.556 1491.889 1492.175 1492.462 1492.748 1493.035 1493.28 1493.523 1493.766 1494.009 1494.231 1494.424 1494.616 1494.808 1495.0 1495.192 1495.385 1495.577 1495.769 1495.916 1495.972 1496.029 1496.085 1496.142 1496.153 1496.153 1496.153
1478.579 1478.824 1479.069 1479.38 1479.71 1480.041 1480.372 1480.697 1481.003 1481.309 1481.615 1481.922 1482.249 1482.586 1482.922 1483.259 1483.593 1483.915 1484.236 1484.557 1484.879 1485.229 1485.596 1485.964 1486.331 1486.701 1487.096 1487.491 1487.886 1488.281 1488.66 1489.028 1489.395 1489.763 1490.13 1490.516 1490.902 1491.287 1491.673 1492.006 1492.282 1492.557 1492.833 1493.109 1493.384 1493.659 1493.935 1494.21 1494.45 1494.636 1494.823 1495.01 1495.197 1495.384 1495.57 1495.757 1495.944 1496.091 1496.158 1496.225 1496.293 1496.36 1496.374 1496.374 1496.374
1478.457 1478.701 1478.946 1479.241 1479.55 1479.859 1480.168 1480.482 1480.809 1481.137 1481.465 1481.792 1482.134 1482.481 1482.829 1483.177 1483.522 1483.86 1484.198 1484.535 1484.873 1485.229 1485.596 1485.964 1486.331 1486.703 1487.114 1487.525 1487.936 1488.347 1488.734 1489.101 1489.469 1489.836 1490.204 1490.6 1490.997 1491.393 1491.79 1492.124 1492.388 1492.653 1492.918 1493.183 1493.488 1493.796 1494.104 1494.411 1494.668 1494.849 1495.031 1495.212 1495.393 1495.575 1495.756 1495.938 1496.119 1496.266 1496.344 1496.422 1496.5 1496.578 1496.594 1496.594 1496.594
1478.334 1478.579 1478.824 1479.102 1479.389 1479.677 1479.964 1480.266 1480.616 1480.965 1481.314 1481.663 1482.019 1482.377 1482.736 1483.094 1483.451 1483.805 1484.159 1484.513 1484.867 1485.229 1485.596 1485.964 1486.331 1486.704 1487.131 1487.558 1487.986 1488.413 1488.807 1489.175 1489.542 1489.91 1490.277 1490.685 1491.092 1491.5 1491.907 1492.241 1492.495 1492.749 1493.003 1493.257 1493.592 1493.932 1494.272 1494.613 1494.886 1495.062 1495.238 1495.414 1495.59 1495.766 1495.942 1496.118 1496.294 1496.441 1496.53 1496.619 1496.708 1496.797 1496.815 1496.815 1496.815
1478.206 1478.455 1478.704 1478.972 1479.245 1479.517 1479.79 1480.085 1480.453 1480.82 1481.188 1481.555 1481.922 1482.29 1482.657 1483.024 1483.392 1483.759 1484.127 1484.494 1484.862 1485.229 1485.596 1485.964 1486.331 1486.706 1487.152 1487.598 1488.044 1488.49 1488.892 1489.26 1489.627 1489.995 1490.363 1490.777 1491.192 1491.607 1492.022 1492.357 1492.606 1492.855 1493.105 1493.354 1493.714 1494.082 1494.449 1494.817 1495.104 1495.275 1495.446 1495.616 1495.787 1495.962 1496.138 1496.313 1496.489 1496.638 1496.732 1496.827 1496.921 1497.016 1497.035 1497.035 1497.035
1478.048 1478.324 1478.6 1478.89 1479.185 1479.479 1479.774 1480.085 1480.453 1480.82 1481.188 1481.555 1481.922 1482.29 1482.657 1483.024 1483.392 1483.759 1484.127 1484.494 1484.862 1485.229 1485.596 1485.964 1486.331 1486.708 1487.187 1487.665 1488.144 1488.622 1489.039 1489.407 1489.774 1490.142 1490.51 1490.913 1491.317 1491.721 1492.125 1492.468 1492.744 1493.02 1493.297 1493.573 1493.935 1494.302 1494.67 1495.037 1495.323 1495.488 1495.653 1495.818 1495.984 1496.181 1496.384 1496.587 1496.79 1496.949 1497.022 1497.095 1497.168 1497.241 1497.256 1497.256 1497.256
1477.889 1478.193 1478.496 1478.809 1479.125 1479.441 1479.757 1480.085 1480.453 1480.82 1481.188 1481.555 1481.922 1482.29 1482.657 1483.024 1483.392 1483.759 1484.127 1484.494 1484.862 1485.229 1485.596 1485.964 1486.331 1486.711 1487.222 1487.733 1488.244 1488.755 1489.186 1489.554 1489.921 1490.289 1490.656 1491.049 1491.443 1491.836 1492.229 1492.579 1492.882 1493.185 1493.489 1493.792 1494.155 1494.523 1494.89 1495.258 1495.541 1495.701 1495.86 1496.02 1496.18 1496.401 1496.63 1496.86 1497.09 1497.26 1497.312 1497.363 1497.414 1497.466 1497.476 1497.476 1497.476
1477.731 1478.061 1478.392 1478.728 1479.065 1479.403 1479.741 1480.085 1480.453 1480.82 1481.188 1481.555 1481.922 1482.29 1482.657 1483.024 1483.392 1483.759 1484.127 1484.494 1484.862 1485.229 1485.596 1485.964 1486.331 1486.714 1487.257 1487.8 1488.344 1488.887 1489.333 1489.701 1490.068 1490.436 1490.803 1491.186 1491.568 1491.95 1492.332 1492.69 1493.02 1493.35 1493.68 1494.011 1494.376 1494.743 1495.111 1495.478 1495.759 1495.914 1496.068 1496.222 1496.377 1496.62 1496.877 1497.134 1497.39 1497.572 1497.601 1497.631 1497.661 1497.69 1497.697 1497.697 1497.697
1477.573 1477.93 1478.287 1478.646 1479.005 1479.365 1479.724 1480.085 1480.453 1480.82 1481.188 1481.555 1481.922 1482.29 1482.657 1483.024 1483.392 1483.759 1484.127 1484.494 1484.862 1485.229 1485.596 1485.964 1486.331 1486.717 1487.292 1487.868 1488.444 1489.019 1489.48 1489.848 1490.215 1490.583 1490.95 1491.322 1491.693 1492.064 1492.436 1492.801 1493.158 1493.515 1493.872 1494.229 1494.596 1494.964 1495.331 1495.699 1495.977 1496.126 1496.275 1496.424 1496.573 1496.84 1497.123 1497.407 1497.691 1497.883 1497.891 1497.899 1497.907 1497.915 1497.917 1497.917 1497.917
1477.398 1477.756 1478.113 1478.478 1478.846 1479.213 1479.58 1479.948 1480.315 1480.683 1481.05 1481.417 1481.797 1482.181 1482.565 1482.949 1483.333 1483.714 1484.095 1484.476 1484.856 1485.229 1485.596 1485.964 1486.331 1486.718 1487.306 1487.894 1488.481 1489.069 1489.536 1489.903 1490.271 1490.638 1491.005 1491.373 1491.74 1492.108 1492.475 1492.857 1493.255 1493.652 1494.05 1494.448 1494.807 1495.165 1495.522 1495.879 1496.164 1496.341 1496.518 1496.695 1496.873 1497.125 1497.389 1497.652 1497.916 1498.092 1498.092 1498.092 1498.092 1498.092 1498.092 1498.092 1498.092
1477.214 1477.555 1477.896 1478.258 1478.625 1478.993 1479.36 1479.727 1480.095 1480.462 1480.83 1481.197 1481.595 1482.006 1482.417 1482.829 1483.238 1483.641 1484.043 1484.446 1484.848 1485.229 1485.596 1485.964 1486.331 1486.718 1487.306 1487.894 1488.481 1489.069 1489.536 1489.903 1490.271 1490.638 1491.005 1491.373 1491.74 1492.108 1492.475 1492.88 1493.326 1493.773 1494.219 1494.665 1495.012 1495.354 1495.695 1496.036 1496.33 1496.556 1496.782 1497.008 1497.234 1497.45 1497.665 1497.88 1498.095 1498.239 1498.239 1498.239 1498.239 1498.239 1498.239 1498.239 1498.239
1477.03 1477.355 1477.68 1478.037 1478.405 1478.772 1479.14 1479.507 1479.874 1480.242 1480.609 1480.977 1481.393 1481.832 1482.27 1482.708 1483.144 1483.568 1483.992 1484.416 1484.84 1485.229 1485.596 1485.964 1486.331 1486.718 1487.306 1487.894 1488.481 1489.069 1489.536 1489.903 1490.271 1490.638 1491.005 1491.373 1491.74 1492.108 1492.475 1492.903 1493.398 1493.893 1494.388 1494.883 1495.218 1495.543 1495.867 1496.192 1496.497 1496.771 1497.046 1497.32 1497.595 1497.775 1497.942 1498.108 1498.275 1498.385 1498.385 1498.385 1498.385 1498.385 1498.385 1498.385 1498.385
