data/zism_data/00902_03_D.txt
ncols         224
nrows         224
[rows 112 to 139 of 224, columns 126 to 188 of 224]
1685.217 1676.722 1666.804 1656.885 1646.967 1638.663 1634.936 1631.208 1627.48 1623.752 1625.381 1629.047 1632.712 1636.377 1639.325 1639.182 1639.039 1638.896 1638.754 1632.952 1624.132 1615.312 1606.492 1598.351 1595.39 1592.429 1589.468 1586.507 1587.988 1592.689 1597.39 1602.091 1606.788 1611.388 1615.988 1620.587 1625.187 1626.463 1624.508 1622.554 1620.6 1618.646 1612.24 1605.702 1599.164 1592.626 1585.45 1577.444 1569.438 1561.433 1553.427 1552.06 1551.442 1550.825 1550.207 1551.242 1555.187 1559.131 1563.076 1567.02 1566.714 1565.512 1564.311
1683.915 1676.47 1667.955 1659.441 1650.926 1644.056 1641.845 1639.635 1637.424 1635.214 1637.429 1641.327 1645.224 1649.121 1652.096 1651.095 1650.093 1649.092 1648.09 1641.127 1630.984 1620.842 1610.699 1601.375 1598.295 1595.215 1592.135 1589.055 1590.58 1595.443 1600.306 1605.169 1610.028 1614.784 1619.541 1624.297 1629.054 1630.62 1629.087 1627.554 1626.021 1624.488 1619.578 1614.568 1609.558 1604.548 1598.884 1592.368 1585.853 1579.338 1572.822 1572.043 1571.911 1571.78 1571.648 1572.964 1576.827 1580.691 1584.554 1588.417 1587.04 1584.559 1582.078
1682.614 1676.217 1669.106 1661.996 1654.885 1649.449 1648.755 1648.062 1647.369 1646.676 1649.477 1653.607 1657.736 1661.866 1664.867 1663.007 1661.147 1659.287 1657.427 1649.303 1637.837 1626.371 1614.906 1604.398 1601.2 1598.001 1594.802 1591.604 1593.173 1598.198 1603.223 1608.248 1613.268 1618.181 1623.094 1628.007 1632.92 1634.777 1633.665 1632.553 1631.442 1630.33 1626.917 1623.435 1619.953 1616.471 1612.318 1607.293 1602.267 1597.242 1592.217 1592.026 1592.38 1592.735 1593.089 1594.686 1598.468 1602.25 1606.033 1609.815 1607.366 1603.606 1599.845
1681.312 1675.965 1670.258 1664.551 1658.844 1654.841 1655.665 1656.489 1657.313 1658.137 1661.525 1665.887 1670.249 1674.61 1677.638 1674.92 1672.201 1669.483 1666.765 1657.479 1644.69 1631.901 1619.113 1607.422 1604.105 1600.787 1597.47 1594.152 1595.765 1600.952 1606.139 1611.326 1616.508 1621.578 1626.647 1631.717 1636.787 1638.934 1638.244 1637.553 1636.862 1636.172 1634.255 1632.301 1630.347 1628.393 1625.752 1622.217 1618.682 1615.147 1611.612 1612.009 1612.849 1613.69 1614.53 1616.407 1620.108 1623.81 1627.511 1631.213 1627.693 1622.652 1617.612
1680.173 1675.909 1671.639 1667.369 1663.099 1660.538 1662.823 1665.108 1667.393 1669.677 1673.552 1678.031 1682.51 1686.988 1689.944 1686.341 1682.738 1679.135 1675.531 1665.124 1651.087 1637.05 1623.013 1610.21 1606.807 1603.405 1600.002 1596.6 1598.267 1603.61 1608.953 1614.295 1619.634 1624.876 1630.119 1635.361 1640.604 1643.065 1642.823 1642.582 1642.341 1642.1 1641.646 1641.186 1640.726 1640.266 1639.105 1637.032 1634.96 1632.887 1630.814 1631.761 1633.048 1634.335 1635.623 1637.721 1641.246 1644.771 1648.296 1651.822 1647.173 1640.805 1634.436
1681.672 1679.047 1676.748 1674.449 1672.15 1671.187 1674.012 1676.837 1679.661 1682.486 1685.238 1687.962 1690.685 1693.409 1694.694 1689.778 1684.863 1679.948 1675.032 1664.147 1650.078 1636.009 1621.94 1609.161 1606.223 1603.285 1600.347 1597.409 1599.302 1604.699 1610.096 1615.493 1620.902 1626.582 1632.262 1637.942 1643.621 1646.758 1647.424 1648.09 1648.756 1649.422 1649.907 1650.386 1650.866 1651.346 1651.152 1650.084 1649.015 1647.947 1646.878 1647.757 1648.855 1649.953 1651.052 1652.405 1654.208 1656.011 1657.814 1659.616 1652.916 1644.425 1635.934
1683.171 1682.186 1681.858 1681.53 1681.201 1681.836 1685.201 1688.566 1691.93 1695.295 1696.923 1697.892 1698.861 1699.83 1699.443 1693.216 1686.988 1680.761 1674.533 1663.171 1649.069 1634.968 1620.866 1608.113 1605.639 1603.165 1600.692 1598.218 1600.338 1605.789 1611.24 1616.69 1622.17 1628.287 1634.405 1640.522 1646.639 1650.451 1652.024 1653.598 1655.171 1656.744 1658.167 1659.586 1661.006 1662.425 1663.199 1663.135 1663.071 1663.007 1662.943 1663.753 1664.662 1665.572 1666.481 1667.09 1667.17 1667.25 1667.331 1667.411 1658.658 1648.045 1637.432
1684.669 1685.325 1686.967 1688.61 1690.252 1692.485 1696.39 1700.294 1704.199 1708.104 1708.609 1707.823 1707.037 1706.251 1704.193 1696.653 1689.114 1681.574 1674.035 1662.194 1648.06 1633.926 1619.792 1607.064 1605.055 1603.046 1601.036 1599.027 1601.374 1606.878 1612.383 1617.888 1623.438 1629.993 1636.547 1643.102 1649.657 1654.145 1656.625 1659.105 1661.585 1664.066 1666.428 1668.787 1671.145 1673.504 1675.246 1676.186 1677.126 1678.067 1679.007 1679.749 1680.47 1681.19 1681.91 1681.775 1680.132 1678.49 1676.848 1675.206 1664.4 1651.665 1638.93
1686.168 1688.464 1692.077 1695.69 1699.304 1703.134 1707.579 1712.023 1716.468 1720.912 1720.295 1717.754 1715.213 1712.672 1708.942 1700.09 1691.239 1682.387 1673.536 1661.218 1647.052 1632.885 1618.719 1606.016 1604.471 1602.926 1601.381 1599.836 1602.409 1607.968 1613.527 1619.086 1624.707 1631.698 1638.69 1645.682 1652.674 1657.838 1661.225 1664.613 1668.0 1671.388 1674.689 1677.987 1681.285 1684.583 1687.293 1689.237 1691.182 1693.126 1695.071 1695.746 1696.277 1696.808 1697.34 1696.459 1693.095 1689.73 1686.365 1683.0 1670.142 1655.285 1640.428
1692.879 1696.205 1700.958 1705.711 1710.464 1715.061 1719.215 1723.368 1727.522 1731.675 1729.794 1725.619 1721.444 1717.269 1711.903 1701.401 1690.899 1680.397 1669.896 1657.455 1643.98 1630.505 1617.031 1604.986 1603.846 1602.707 1601.567 1600.427 1603.316 1609.126 1614.936 1620.746 1626.633 1634.218 1641.802 1649.386 1656.97 1662.81 1666.956 1671.101 1675.246 1679.391 1683.178 1686.953 1690.729 1694.505 1697.501 1699.484 1701.466 1703.449 1705.431 1705.553 1705.464 1705.375 1705.286 1703.412 1698.396 1693.379 1688.362 1683.345 1668.97 1652.625 1636.28
1704.369 1708.166 1713.297 1718.428 1723.559 1728.16 1731.261 1734.362 1737.462 1740.563 1737.288 1731.59 1725.893 1720.195 1713.223 1700.761 1688.299 1675.838 1663.376 1651.138 1639.018 1626.899 1614.779 1603.973 1603.184 1602.396 1601.607 1600.818 1604.106 1610.348 1616.589 1622.831 1629.164 1637.482 1645.801 1654.119 1662.438 1668.955 1673.721 1678.487 1683.254 1688.02 1691.877 1695.706 1699.536 1703.366 1706.024 1707.159 1708.293 1709.428 1710.563 1709.686 1708.582 1707.479 1706.375 1703.278 1696.674 1690.069 1683.465 1676.861 1661.461 1644.208 1626.956
1715.858 1720.126 1725.635 1731.144 1736.653 1741.26 1743.307 1745.355 1747.403 1749.45 1744.782 1737.562 1730.341 1723.121 1714.544 1700.122 1685.7 1671.278 1656.856 1644.82 1634.056 1623.292 1612.527 1602.96 1602.523 1602.085 1601.648 1601.21 1604.895 1611.569 1618.243 1624.917 1631.694 1640.747 1649.8 1658.853 1667.906 1675.099 1680.486 1685.874 1691.261 1696.648 1700.576 1704.459 1708.343 1712.227 1714.547 1714.834 1715.121 1715.408 1715.695 1713.82 1711.701 1709.582 1707.463 1703.143 1694.952 1686.76 1678.568 1670.377 1653.951 1635.791 1617.632
1727.348 1732.087 1737.974 1743.861 1749.748 1754.359 1755.353 1756.348 1757.343 1758.338 1752.276 1743.533 1734.79 1726.047 1715.864 1699.482 1683.1 1666.719 1650.337 1638.503 1629.094 1619.685 1610.276 1601.948 1601.861 1601.775 1601.688 1601.601 1605.684 1612.79 1619.896 1627.002 1634.224 1644.011 1653.799 1663.586 1673.373 1681.244 1687.252 1693.26 1699.269 1705.277 1709.275 1713.212 1717.15 1721.088 1723.069 1722.509 1721.948 1721.388 1720.827 1717.954 1714.819 1711.685 1708.551 1703.009 1693.23 1683.451 1673.672 1663.892 1646.441 1627.375 1608.308
1738.837 1744.047 1750.312 1756.577 1762.842 1767.458 1767.399 1767.341 1767.283 1767.225 1759.77 1749.504 1739.238 1728.972 1717.185 1698.843 1680.501 1662.159 1643.817 1632.185 1624.132 1616.078 1608.024 1600.935 1601.199 1601.464 1601.728 1601.993 1606.474 1614.011 1621.549 1629.087 1636.755 1647.276 1657.798 1668.319 1678.841 1687.388 1694.017 1700.647 1707.276 1713.905 1717.973 1721.965 1725.957 1729.948 1731.592 1730.184 1728.775 1727.367 1725.959 1722.088 1717.938 1713.788 1709.639 1702.875 1691.508 1680.141 1668.775 1657.408 1638.931 1618.958 1598.984
1750.527 1754.929 1760.098 1765.267 1770.436 1774.029 1773.158 1772.286 1771.415 1770.543 1762.501 1751.734 1740.967 1730.2 1717.847 1698.662 1679.478 1660.294 1641.109 1629.555 1622.069 1614.583 1607.097 1600.536 1601.035 1601.533 1602.031 1602.53 1607.754 1616.405 1625.056 1633.707 1642.468 1653.649 1664.831 1676.012 1687.194 1696.111 1702.829 1709.547 1716.266 1722.984 1726.89 1730.712 1734.534 1738.356 1739.466 1737.05 1734.635 1732.219 1729.804 1724.483 1718.834 1713.185 1707.536 1699.323 1686.598 1673.872 1661.147 1648.422 1630.577 1611.655 1592.732
1762.219 1765.796 1769.847 1773.898 1777.949 1780.505 1778.823 1777.142 1775.46 1773.779 1765.161 1753.908 1742.655 1731.402 1718.499 1698.489 1678.478 1658.468 1638.457 1626.978 1620.048 1613.118 1606.189 1600.147 1600.878 1601.608 1602.339 1603.069 1609.042 1618.816 1628.59 1638.365 1648.228 1660.068 1671.909 1683.749 1695.589 1704.872 1711.671 1718.47 1725.269 1732.069 1735.809 1739.459 1743.108 1746.757 1747.331 1743.905 1740.48 1737.055 1733.629 1726.852 1719.697 1712.541 1705.385 1695.721 1681.64 1667.56 1653.479 1639.399 1622.21 1604.368 1586.525
1773.912 1776.662 1779.595 1782.529 1785.462 1786.98 1784.489 1781.998 1779.506 1777.015 1767.822 1756.083 1744.344 1732.605 1719.152 1698.315 1677.479 1656.642 1635.805 1624.401 1618.028 1611.654 1605.281 1599.757 1600.72 1601.683 1602.646 1603.608 1610.33 1621.227 1632.125 1643.022 1653.989 1666.487 1678.986 1691.485 1703.984 1713.633 1720.513 1727.393 1734.273 1741.154 1744.729 1748.205 1751.682 1755.158 1755.195 1750.76 1746.325 1741.89 1737.455 1729.222 1720.559 1711.897 1703.235 1692.119 1676.683 1661.247 1645.811 1630.376 1613.844 1597.081 1580.318
1785.604 1787.528 1789.344 1791.16 1792.975 1793.456 1790.155 1786.853 1783.552 1780.251 1770.483 1758.258 1746.033 1733.808 1719.804 1698.142 1676.479 1654.816 1633.153 1621.825 1616.007 1610.19 1604.372 1599.368 1600.563 1601.758 1602.953 1604.148 1611.618 1623.639 1635.659 1647.679 1659.749 1672.906 1686.064 1699.222 1712.38 1722.394 1729.355 1736.316 1743.277 1750.239 1753.648 1756.952 1760.256 1763.56 1763.06 1757.615 1752.17 1746.725 1741.281 1731.591 1721.422 1711.254 1701.085 1688.517 1671.726 1654.935 1638.144 1621.352 1605.477 1589.794 1574.111
1792.994 1794.336 1795.395 1796.455 1797.514 1797.304 1793.499 1789.693 1785.887 1782.082 1771.992 1759.514 1747.035 1734.557 1720.288 1698.301 1676.314 1654.327 1632.341 1621.014 1615.371 1609.729 1604.087 1599.281 1600.851 1602.422 1603.992 1605.562 1613.87 1627.062 1640.254 1653.446 1666.654 1680.233 1693.812 1707.39 1720.969 1731.161 1738.062 1744.964 1751.865 1758.766 1761.752 1764.621 1767.49 1770.359 1768.988 1762.104 1755.22 1748.336 1741.453 1730.222 1718.5 1706.779 1695.057 1681.428 1664.442 1647.455 1630.468 1613.481 1598.834 1584.68 1570.526
1795.11 1796.168 1796.914 1797.661 1798.407 1797.932 1793.997 1790.061 1786.126 1782.191 1772.089 1759.643 1747.197 1734.751 1720.563 1698.868 1677.173 1655.478 1633.782 1622.367 1616.433 1610.499 1604.565 1599.565 1601.687 1603.808 1605.929 1608.05 1617.302 1631.726 1646.149 1660.572 1674.964 1688.672 1702.38 1716.088 1729.797 1739.934 1746.604 1753.273 1759.942 1766.611 1768.856 1770.969 1773.082 1775.195 1772.542 1763.693 1754.844 1745.995 1737.145 1724.269 1710.939 1697.608 1684.277 1670.066 1654.305 1638.544 1622.783 1607.022 1594.306 1582.23 1570.155
1797.226 1798.0 1798.433 1798.867 1799.3 1798.559 1794.495 1790.43 1786.365 1782.3 1772.186 1759.772 1747.359 1734.946 1720.838 1699.435 1678.031 1656.628 1635.224 1623.72 1617.494 1611.269 1605.044 1599.85 1602.522 1605.194 1607.865 1610.537 1620.735 1636.389 1652.043 1667.698 1683.273 1697.11 1710.948 1724.786 1738.624 1748.708 1755.145 1761.582 1768.019 1774.456 1775.96 1777.318 1778.675 1780.032 1776.097 1765.282 1754.467 1743.653 1732.838 1718.317 1703.377 1688.437 1673.497 1658.704 1644.169 1629.634 1615.098 1600.563 1589.777 1579.781 1569.784
1799.342 1799.833 1799.953 1800.073 1800.193 1799.187 1794.993 1790.798 1786.604 1782.409 1772.283 1759.902 1747.521 1735.14 1721.114 1700.002 1678.89 1657.778 1636.666 1625.073 1618.556 1612.039 1605.522 1600.134 1603.357 1606.579 1609.802 1613.025 1624.168 1641.053 1657.938 1674.823 1691.582 1705.549 1719.517 1733.484 1747.452 1757.482 1763.687 1769.891 1776.096 1782.301 1783.064 1783.666 1784.267 1784.868 1779.651 1766.871 1754.091 1741.311 1728.531 1712.364 1695.815 1679.266 1662.717 1647.342 1634.033 1620.723 1607.413 1594.104 1585.248 1577.331 1569.413
1801.458 1801.665 1801.472 1801.279 1801.085 1799.815 1795.49 1791.167 1786.842 1782.518 1772.38 1760.031 1747.682 1735.334 1721.389 1700.569 1679.748 1658.928 1638.108 1626.426 1619.617 1612.809 1606.0 1600.418 1604.192 1607.965 1611.739 1615.512 1627.601 1645.717 1663.833 1681.949 1699.891 1713.988 1728.085 1742.182 1756.279 1766.255 1772.228 1778.2 1784.173 1790.146 1790.168 1790.014 1789.859 1789.704 1783.205 1768.46 1753.715 1738.969 1724.224 1706.412 1688.254 1670.095 1651.938 1635.98 1623.896 1611.812 1599.729 1587.645 1580.72 1574.881 1569.042
1801.926 1802.069 1801.819 1801.569 1801.319 1799.954 1795.432 1790.909 1786.386 1781.864 1771.78 1759.582 1747.384 1735.186 1721.644 1702.308 1682.972 1663.636 1644.3 1632.871 1625.657 1618.444 1611.23 1605.359 1609.717 1614.076 1618.435 1622.794 1635.141 1653.281 1671.42 1689.56 1707.5 1721.066 1734.632 1748.198 1761.765 1771.144 1776.455 1781.766 1787.078 1792.389 1791.238 1789.893 1788.549 1787.204 1779.618 1763.917 1748.217 1732.517 1716.817 1699.921 1682.89 1665.859 1648.828 1634.128 1623.531 1612.934 1602.338 1591.741 1585.928 1581.123 1576.318
1802.236 1802.337 1802.055 1801.772 1801.49 1800.048 1795.32 1790.592 1785.864 1781.137 1771.113 1759.077 1747.042 1735.006 1721.896 1704.158 1686.421 1668.683 1650.946 1639.801 1632.172 1624.542 1616.913 1610.742 1615.689 1620.637 1625.584 1630.531 1643.073 1661.121 1679.169 1697.216 1715.043 1728.015 1740.987 1753.96 1766.932 1775.662 1780.271 1784.881 1789.49 1794.1 1791.732 1789.157 1786.581 1784.005 1775.35 1758.791 1742.232 1725.673 1709.115 1693.378 1677.735 1662.092 1646.449 1633.182 1624.097 1615.012 1605.927 1596.842 1592.064 1588.193 1584.322
1802.546 1802.605 1802.29 1801.976 1801.661 1800.141 1795.208 1790.275 1785.342 1780.409 1770.447 1758.573 1746.699 1734.826 1722.148 1706.009 1689.87 1673.73 1657.591 1646.731 1638.686 1630.641 1622.596 1616.126 1621.662 1627.198 1632.733 1638.269 1651.005 1668.961 1686.917 1704.873 1722.586 1734.964 1747.342 1759.721 1772.099 1780.18 1784.088 1787.995 1791.903 1795.81 1792.227 1788.42 1784.613 1780.807 1771.082 1753.665 1736.247 1718.83 1701.412 1686.836 1672.581 1658.325 1644.07 1632.236 1624.663 1617.089 1609.516 1601.943 1598.2 1595.263 1592.326
1802.857 1802.873 1802.526 1802.179 1801.832 1800.235 1795.097 1789.958 1784.82 1779.682 1769.78 1758.069 1746.357 1734.645 1722.4 1707.859 1693.318 1678.777 1664.237 1653.661 1645.2 1636.74 1628.279 1621.509 1627.634 1633.758 1639.883 1646.007 1658.937 1676.801 1694.665 1712.529 1730.129 1741.913 1753.697 1765.482 1777.266 1784.699 1787.904 1791.109 1794.315 1797.521 1792.722 1787.684 1782.646 1777.608 1766.814 1748.538 1730.262 1711.986 1693.71 1680.294 1667.426 1654.559 1641.691 1631.29 1625.228 1619.167 1613.106 1607.044 1604.336 1602.333 1600.33
1803.263 1803.238 1802.84 1802.442 1802.044 1800.31 1794.792 1789.274 1783.755 1778.237 1768.301 1756.686 1745.071 1733.456 1721.625 1708.861 1696.098 1683.334 1670.57 1660.684 1652.333 1643.981 1635.63 1628.937 1634.886 1640.836 1646.786 1652.736 1665.207 1682.406 1699.604 1716.803 1733.76 1745.41 1757.06 1768.71 1780.36 1787.359 1789.841 1792.322 1794.803 1797.284 1791.383 1785.232 1779.081 1772.93 1761.621 1743.605 1725.59 1707.574 1689.559 1677.856 1666.867 1655.878 1644.888 1636.255 1631.769 1627.282 1622.796 1618.31 1616.159 1614.5 1612.842
