data/zism_data/00906_03_D.txt
ncols         224
nrows         224
[rows 84 to 111 of 224, columns 126 to 188 of 224]
1258.927 1260.401 1261.857 1263.314 1264.77 1266.187 1267.491 1268.796 1270.1 1271.404 1272.758 1274.131 1275.504 1276.876 1278.257 1279.67 1281.084 1282.497 1283.911 1285.346 1286.792 1288.238 1289.684 1291.145 1292.714 1294.284 1295.854 1297.423 1299.663 1302.388 1305.113 1307.838 1310.569 1313.432 1316.296 1319.16 1322.023 1324.763 1327.382 1330.001 1332.62 1335.238 1337.277 1339.299 1341.321 1343.343 1344.175 1343.459 1342.743 1342.028 1341.312 1337.643 1333.64 1329.637 1325.634 1321.588 1317.467 1313.346 1309.224 1305.103 1303.851 1303.202 1302.553
1257.829 1259.379 1260.917 1262.455 1263.993 1265.488 1266.859 1268.229 1269.6 1270.971 1272.349 1273.729 1275.11 1276.49 1277.885 1279.341 1280.796 1282.252 1283.708 1285.168 1286.631 1288.093 1289.556 1291.03 1292.594 1294.157 1295.72 1297.283 1299.478 1302.132 1304.785 1307.438 1310.097 1312.89 1315.683 1318.476 1321.269 1323.928 1326.457 1328.986 1331.515 1334.044 1335.959 1337.857 1339.754 1341.651 1342.33 1341.426 1340.522 1339.618 1338.714 1334.955 1330.873 1326.792 1322.71 1318.741 1314.973 1311.204 1307.435 1303.666 1302.612 1302.129 1301.647
1256.92 1258.516 1260.108 1261.7 1263.292 1264.842 1266.272 1267.702 1269.133 1270.563 1271.965 1273.356 1274.747 1276.139 1277.55 1279.049 1280.548 1282.047 1283.546 1285.035 1286.519 1288.004 1289.488 1290.981 1292.539 1294.096 1295.654 1297.212 1299.358 1301.93 1304.502 1307.074 1309.653 1312.387 1315.121 1317.854 1320.588 1323.161 1325.576 1327.991 1330.407 1332.823 1334.572 1336.302 1338.032 1339.761 1340.269 1339.187 1338.104 1337.022 1335.94 1332.172 1328.101 1324.03 1319.959 1316.152 1312.81 1309.468 1306.126 1302.784 1301.911 1301.558 1301.204
1256.012 1257.653 1259.299 1260.945 1262.591 1264.196 1265.686 1267.175 1268.665 1270.155 1271.581 1272.983 1274.385 1275.787 1277.215 1278.757 1280.3 1281.842 1283.384 1284.902 1286.408 1287.914 1289.42 1290.931 1292.484 1294.036 1295.589 1297.141 1299.238 1301.729 1304.22 1306.711 1309.21 1311.884 1314.559 1317.233 1319.907 1322.393 1324.695 1326.997 1329.299 1331.601 1333.185 1334.747 1336.31 1337.872 1338.207 1336.947 1335.687 1334.426 1333.166 1329.39 1325.33 1321.269 1317.209 1313.564 1310.648 1307.732 1304.817 1301.901 1301.209 1300.986 1300.762
1255.103 1256.79 1258.49 1260.189 1261.889 1263.55 1265.099 1266.648 1268.197 1269.746 1271.197 1272.609 1274.022 1275.435 1276.88 1278.466 1280.051 1281.636 1283.222 1284.769 1286.297 1287.824 1289.352 1290.881 1292.429 1293.976 1295.523 1297.07 1299.117 1301.527 1303.937 1306.347 1308.766 1311.381 1313.996 1316.611 1319.226 1321.625 1323.813 1326.002 1328.191 1330.38 1331.798 1333.193 1334.588 1335.983 1336.146 1334.707 1333.269 1331.83 1330.392 1326.607 1322.558 1318.508 1314.459 1310.975 1308.486 1305.997 1303.508 1301.019 1300.508 1300.414 1300.32
1254.277 1256.007 1257.761 1259.515 1261.269 1262.979 1264.563 1266.148 1267.733 1269.318 1270.789 1272.217 1273.645 1275.073 1276.537 1278.153 1279.77 1281.387 1283.003 1284.583 1286.144 1287.705 1289.266 1290.825 1292.368 1293.912 1295.455 1296.998 1298.994 1301.319 1303.643 1305.968 1308.302 1310.852 1313.402 1315.951 1318.501 1320.824 1322.928 1325.031 1327.135 1329.238 1330.509 1331.754 1332.999 1334.245 1334.262 1332.683 1331.103 1329.524 1327.944 1324.236 1320.289 1316.341 1312.393 1309.091 1306.928 1304.764 1302.601 1300.437 1300.05 1300.036 1300.023
1253.669 1255.438 1257.246 1259.054 1260.862 1262.604 1264.162 1265.72 1267.277 1268.835 1270.318 1271.774 1273.229 1274.684 1276.169 1277.786 1279.403 1281.019 1282.636 1284.258 1285.884 1287.51 1289.136 1290.752 1292.295 1293.838 1295.381 1296.924 1298.864 1301.092 1303.319 1305.547 1307.785 1310.253 1312.722 1315.19 1317.659 1319.937 1322.03 1324.122 1326.215 1328.308 1329.478 1330.621 1331.764 1332.907 1332.847 1331.224 1329.602 1327.979 1326.356 1322.95 1319.342 1315.735 1312.127 1309.064 1306.96 1304.855 1302.751 1300.647 1300.23 1300.168 1300.106
1253.062 1254.869 1256.731 1258.593 1260.454 1262.23 1263.761 1265.291 1266.822 1268.353 1269.848 1271.33 1272.812 1274.295 1275.802 1277.419 1279.035 1280.652 1282.268 1283.933 1285.624 1287.314 1289.005 1290.678 1292.221 1293.765 1295.308 1296.851 1298.734 1300.865 1302.995 1305.125 1307.267 1309.654 1312.042 1314.429 1316.817 1319.05 1321.132 1323.214 1325.295 1327.377 1328.448 1329.488 1330.528 1331.569 1331.432 1329.766 1328.1 1326.435 1324.769 1321.664 1318.396 1315.129 1311.861 1309.036 1306.992 1304.947 1302.902 1300.857 1300.41 1300.3 1300.189
1252.453 1254.299 1256.215 1258.131 1260.047 1261.855 1263.359 1264.863 1266.367 1267.87 1269.378 1270.887 1272.396 1273.905 1275.435 1277.051 1278.668 1280.284 1281.901 1283.608 1285.363 1287.119 1288.874 1290.605 1292.148 1293.691 1295.234 1296.777 1298.605 1300.638 1302.671 1304.704 1306.749 1309.055 1311.362 1313.669 1315.975 1318.162 1320.234 1322.305 1324.376 1326.447 1327.417 1328.355 1329.293 1330.23 1330.017 1328.308 1326.599 1324.89 1323.181 1320.377 1317.45 1314.522 1311.595 1309.009 1307.024 1305.038 1303.053 1301.067 1300.591 1300.431 1300.272
1251.845 1253.73 1255.7 1257.67 1259.64 1261.481 1262.958 1264.434 1265.911 1267.388 1268.908 1270.444 1271.98 1273.516 1275.067 1276.684 1278.3 1279.917 1281.534 1283.283 1285.103 1286.923 1288.743 1290.531 1292.074 1293.618 1295.161 1296.704 1298.475 1300.411 1302.347 1304.282 1306.231 1308.457 1310.682 1312.908 1315.133 1317.275 1319.335 1321.396 1323.456 1325.516 1326.387 1327.222 1328.057 1328.892 1328.602 1326.85 1325.098 1323.345 1321.593 1319.091 1316.504 1313.916 1311.329 1308.982 1307.056 1305.13 1303.203 1301.277 1300.771 1300.563 1300.355
1251.264 1253.147 1255.131 1257.115 1259.099 1260.972 1262.529 1264.087 1265.644 1267.202 1268.815 1270.45 1272.085 1273.72 1275.352 1276.968 1278.585 1280.201 1281.818 1283.542 1285.323 1287.104 1288.885 1290.637 1292.164 1293.691 1295.219 1296.746 1298.551 1300.557 1302.563 1304.57 1306.588 1308.868 1311.149 1313.429 1315.709 1317.858 1319.88 1321.901 1323.923 1325.945 1326.68 1327.376 1328.073 1328.769 1328.419 1326.707 1324.995 1323.284 1321.572 1319.196 1316.746 1314.295 1311.845 1309.549 1307.527 1305.505 1303.483 1301.46 1300.907 1300.662 1300.418
1250.691 1252.559 1254.543 1256.527 1258.511 1260.415 1262.091 1263.767 1265.444 1267.12 1268.856 1270.615 1272.374 1274.134 1275.866 1277.482 1279.099 1280.716 1282.332 1284.007 1285.712 1287.418 1289.124 1290.806 1292.312 1293.817 1295.323 1296.828 1298.699 1300.835 1302.971 1305.107 1307.254 1309.637 1312.02 1314.402 1316.785 1318.96 1320.933 1322.906 1324.879 1326.852 1327.439 1327.984 1328.53 1329.075 1328.67 1327.028 1325.387 1323.745 1322.104 1319.793 1317.408 1315.022 1312.636 1310.327 1308.154 1305.98 1303.807 1301.634 1301.027 1300.75 1300.473
1250.119 1251.971 1253.955 1255.939 1257.923 1259.858 1261.653 1263.448 1265.243 1267.038 1268.897 1270.781 1272.664 1274.547 1276.38 1277.997 1279.613 1281.23 1282.847 1284.472 1286.102 1287.732 1289.362 1290.975 1292.459 1293.943 1295.427 1296.911 1298.848 1301.114 1303.379 1305.645 1307.92 1310.405 1312.891 1315.376 1317.861 1320.062 1321.987 1323.911 1325.836 1327.76 1328.198 1328.593 1328.987 1329.381 1328.921 1327.349 1325.778 1324.207 1322.635 1320.391 1318.07 1315.749 1313.428 1311.105 1308.781 1306.456 1304.131 1301.807 1301.147 1300.838 1300.529
1249.546 1251.383 1253.367 1255.351 1257.335 1259.301 1261.215 1263.129 1265.043 1266.956 1268.938 1270.946 1272.953 1274.961 1276.895 1278.511 1280.128 1281.744 1283.361 1284.937 1286.491 1288.046 1289.6 1291.144 1292.606 1294.069 1295.531 1296.994 1298.997 1301.392 1303.787 1306.182 1308.585 1311.173 1313.761 1316.349 1318.938 1321.164 1323.04 1324.916 1326.792 1328.668 1328.958 1329.201 1329.444 1329.687 1329.172 1327.671 1326.169 1324.668 1323.167 1320.988 1318.732 1316.475 1314.219 1311.883 1309.408 1306.932 1304.456 1301.98 1301.267 1300.926 1300.584
1249.011 1250.852 1252.857 1254.862 1256.866 1258.882 1260.926 1262.971 1265.016 1267.06 1269.155 1271.269 1273.384 1275.498 1277.517 1279.13 1280.742 1282.354 1283.966 1285.484 1286.952 1288.42 1289.888 1291.352 1292.787 1294.223 1295.658 1297.093 1299.162 1301.69 1304.218 1306.746 1309.282 1311.998 1314.714 1317.43 1320.145 1322.418 1324.261 1326.104 1327.946 1329.789 1329.952 1330.066 1330.18 1330.294 1329.726 1328.273 1326.821 1325.368 1323.915 1321.789 1319.586 1317.384 1315.182 1312.83 1310.216 1307.602 1304.989 1302.375 1301.573 1301.153 1300.733
1248.62 1250.542 1252.649 1254.757 1256.864 1259.002 1261.224 1263.447 1265.67 1267.893 1270.064 1272.216 1274.368 1276.52 1278.567 1280.157 1281.748 1283.339 1284.929 1286.355 1287.693 1289.032 1290.37 1291.714 1293.101 1294.487 1295.874 1297.261 1299.394 1302.067 1304.741 1307.415 1310.1 1313.043 1315.985 1318.928 1321.871 1324.269 1326.139 1328.008 1329.878 1331.747 1331.87 1331.941 1332.011 1332.082 1331.473 1329.983 1328.492 1327.001 1325.511 1323.391 1321.199 1319.007 1316.816 1314.44 1311.74 1309.04 1306.339 1303.639 1302.608 1301.929 1301.25
1248.229 1250.232 1252.442 1254.652 1256.862 1259.122 1261.523 1263.924 1266.325 1268.726 1270.974 1273.163 1275.353 1277.543 1279.616 1281.185 1282.754 1284.323 1285.892 1287.226 1288.435 1289.643 1290.852 1292.076 1293.414 1294.752 1296.09 1297.428 1299.625 1302.445 1305.264 1308.084 1310.918 1314.088 1317.257 1320.427 1323.596 1326.12 1328.016 1329.913 1331.81 1333.706 1333.788 1333.815 1333.842 1333.87 1333.22 1331.692 1330.164 1328.635 1327.107 1324.992 1322.812 1320.631 1318.45 1316.05 1313.263 1310.477 1307.69 1304.903 1303.643 1302.705 1301.767
1247.838 1249.922 1252.234 1254.547 1256.859 1259.241 1261.821 1264.4 1266.979 1269.558 1271.883 1274.11 1276.338 1278.566 1280.665 1282.213 1283.76 1285.307 1286.855 1288.097 1289.176 1290.255 1291.334 1292.437 1293.727 1295.016 1296.306 1297.595 1299.856 1302.822 1305.787 1308.753 1311.737 1315.133 1318.529 1321.925 1325.322 1327.971 1329.894 1331.818 1333.741 1335.665 1335.705 1335.689 1335.673 1335.658 1334.968 1333.401 1331.835 1330.269 1328.703 1326.594 1324.424 1322.254 1320.084 1317.66 1314.787 1311.914 1309.041 1306.167 1304.678 1303.481 1302.283
1247.447 1249.611 1252.027 1254.442 1256.857 1259.361 1262.119 1264.876 1267.634 1270.391 1272.792 1275.057 1277.323 1279.588 1281.714 1283.24 1284.766 1286.292 1287.818 1288.968 1289.917 1290.866 1291.816 1292.799 1294.04 1295.281 1296.522 1297.763 1300.088 1303.199 1306.31 1309.421 1312.555 1316.178 1319.801 1323.424 1327.047 1329.822 1331.772 1333.723 1335.673 1337.624 1337.623 1337.564 1337.505 1337.446 1336.715 1335.111 1333.507 1331.903 1330.299 1328.196 1326.037 1323.878 1321.719 1319.27 1316.31 1313.351 1310.391 1307.432 1305.714 1304.257 1302.8
1246.997 1249.118 1251.489 1253.859 1256.229 1258.754 1261.719 1264.683 1267.647 1270.612 1273.196 1275.636 1278.076 1280.516 1282.797 1284.395 1285.993 1287.591 1289.189 1290.27 1291.075 1291.881 1292.686 1293.533 1294.697 1295.86 1297.024 1298.187 1300.658 1304.077 1307.496 1310.915 1314.35 1318.131 1321.913 1325.694 1329.475 1332.285 1334.151 1336.017 1337.883 1339.749 1339.7 1339.594 1339.488 1339.383 1338.667 1337.158 1335.65 1334.141 1332.632 1330.662 1328.64 1326.618 1324.595 1322.214 1319.2 1316.187 1313.173 1310.16 1308.031 1306.088 1304.146
1246.517 1248.534 1250.785 1253.036 1255.288 1257.783 1260.969 1264.155 1267.34 1270.526 1273.348 1276.031 1278.714 1281.397 1283.897 1285.614 1287.331 1289.047 1290.764 1291.788 1292.442 1293.096 1293.751 1294.453 1295.525 1296.597 1297.669 1298.74 1301.398 1305.206 1309.013 1312.821 1316.633 1320.539 1324.444 1328.35 1332.255 1335.055 1336.781 1338.506 1340.232 1341.958 1341.858 1341.703 1341.548 1341.394 1340.721 1339.375 1338.028 1336.681 1335.335 1333.561 1331.738 1329.916 1328.093 1325.825 1322.774 1319.723 1316.671 1313.62 1310.99 1308.447 1305.905
1246.037 1247.949 1250.082 1252.214 1254.347 1256.812 1260.219 1263.626 1267.034 1270.441 1273.499 1276.425 1279.351 1282.277 1284.998 1286.833 1288.668 1290.504 1292.339 1293.306 1293.809 1294.312 1294.815 1295.374 1296.353 1297.333 1298.313 1299.293 1302.138 1306.334 1310.531 1314.727 1318.917 1322.946 1326.976 1331.006 1335.036 1337.825 1339.411 1340.996 1342.581 1344.166 1344.015 1343.812 1343.609 1343.406 1342.776 1341.591 1340.406 1339.222 1338.037 1336.459 1334.836 1333.213 1331.591 1329.437 1326.348 1323.259 1320.169 1317.08 1313.948 1310.807 1307.665
1245.557 1247.365 1249.378 1251.392 1253.406 1255.841 1259.47 1263.098 1266.727 1270.355 1273.651 1276.82 1279.989 1283.158 1286.098 1288.052 1290.006 1291.96 1293.915 1294.824 1295.176 1295.528 1295.88 1296.294 1297.182 1298.07 1298.958 1299.846 1302.878 1307.463 1312.048 1316.633 1321.2 1325.354 1329.508 1333.662 1337.816 1340.595 1342.04 1343.485 1344.93 1346.375 1346.172 1345.92 1345.669 1345.417 1344.83 1343.807 1342.785 1341.762 1340.74 1339.357 1337.934 1336.511 1335.088 1333.048 1329.921 1326.794 1323.667 1320.541 1316.907 1313.166 1309.425
1245.101 1246.815 1248.721 1250.627 1252.533 1254.94 1258.764 1262.588 1266.412 1270.236 1273.745 1277.134 1280.523 1283.913 1287.054 1289.125 1291.195 1293.266 1295.337 1296.215 1296.457 1296.698 1296.94 1297.252 1298.106 1298.959 1299.813 1300.666 1303.897 1308.851 1313.805 1318.76 1323.681 1327.885 1332.09 1336.294 1340.498 1343.228 1344.526 1345.824 1347.122 1348.42 1348.183 1347.899 1347.616 1347.333 1346.799 1345.939 1345.079 1344.219 1343.359 1342.178 1340.961 1339.745 1338.528 1336.62 1333.497 1330.374 1327.251 1324.128 1320.056 1315.785 1311.514
1244.804 1246.495 1248.369 1250.243 1252.116 1254.505 1258.35 1262.196 1266.041 1269.887 1273.453 1276.912 1280.372 1283.831 1287.049 1289.222 1291.396 1293.569 1295.742 1296.762 1297.165 1297.569 1297.972 1298.468 1299.667 1300.866 1302.065 1303.264 1306.778 1311.97 1317.161 1322.353 1327.483 1331.244 1335.006 1338.767 1342.529 1344.945 1346.054 1347.163 1348.272 1349.381 1349.217 1349.014 1348.812 1348.61 1348.194 1347.502 1346.809 1346.116 1345.424 1344.483 1343.515 1342.547 1341.578 1339.931 1337.088 1334.246 1331.404 1328.561 1324.481 1320.139 1315.798
1244.506 1246.175 1248.017 1249.858 1251.7 1254.069 1257.937 1261.804 1265.671 1269.538 1273.161 1276.69 1280.22 1283.75 1287.043 1289.319 1291.596 1293.872 1296.148 1297.308 1297.874 1298.439 1299.005 1299.684 1301.228 1302.773 1304.318 1305.862 1309.659 1315.088 1320.518 1325.947 1331.285 1334.604 1337.922 1341.241 1344.56 1346.661 1347.582 1348.502 1349.422 1350.342 1350.251 1350.129 1350.008 1349.886 1349.59 1349.064 1348.539 1348.014 1347.489 1346.789 1346.068 1345.349 1344.628 1343.241 1340.68 1338.118 1335.557 1332.995 1328.905 1324.494 1320.082
1244.209 1245.855 1247.664 1249.474 1251.283 1253.634 1257.523 1261.412 1265.3 1269.189 1272.868 1276.468 1280.068 1283.668 1287.038 1289.417 1291.796 1294.174 1296.553 1297.855 1298.582 1299.31 1300.037 1300.9 1302.79 1304.68 1306.57 1308.46 1312.54 1318.207 1323.874 1329.541 1335.087 1337.963 1340.838 1343.714 1346.59 1348.378 1349.109 1349.84 1350.571 1351.302 1351.285 1351.244 1351.204 1351.163 1350.985 1350.627 1350.269 1349.912 1349.554 1349.094 1348.622 1348.15 1347.679 1346.552 1344.271 1341.99 1339.709 1337.428 1333.33 1328.848 1324.366
1243.912 1245.536 1247.312 1249.089 1250.866 1253.199 1257.109 1261.02 1264.93 1268.84 1272.576 1276.247 1279.917 1283.587 1287.033 1289.514 1291.996 1294.477 1296.958 1298.401 1299.291 1300.18 1301.07 1302.115 1304.351 1306.587 1308.823 1311.058 1315.421 1321.325 1327.23 1333.135 1338.888 1341.322 1343.755 1346.188 1348.621 1350.095 1350.637 1351.179 1351.721 1352.263 1352.318 1352.359 1352.4 1352.44 1352.38 1352.19 1352.0 1351.809 1351.619 1351.399 1351.176 1350.952 1350.729 1349.862 1347.862 1345.862 1343.862 1341.862 1337.754 1333.202 1328.65
