data/zism_data/00904_01_D.txt
ncols         224
nrows         224
[rows 112 to 139 of 224, columns 0 to 62 of 224]
1737.042 1734.798 1732.554 1730.311 1727.128 1721.474 1715.821 1710.167 1704.514 1699.208 1694.026 1688.843 1683.66 1679.881 1681.614 1683.348 1685.081 1686.815 1692.394 1699.897 1707.399 1714.902 1721.208 1719.542 1717.876 1716.21 1714.544 1710.21 1704.053 1697.897 1691.741 1685.662 1680.847 1676.032 1671.217 1666.402 1664.702 1665.857 1667.012 1668.166 1669.321 1669.852 1670.375 1670.897 1671.419 1671.992 1672.628 1673.264 1673.9 1674.536 1675.173 1675.811 1676.448 1677.086 1678.18 1680.029 1681.878 1683.727 1685.577 1688.096 1690.743 1693.39 1696.037
1732.705 1730.242 1727.778 1725.315 1721.949 1716.21 1710.471 1704.731 1698.992 1693.696 1688.556 1683.416 1678.276 1674.452 1675.794 1677.136 1678.479 1679.821 1685.116 1692.388 1699.66 1706.932 1712.99 1710.954 1708.918 1706.882 1704.846 1700.435 1694.402 1688.369 1682.336 1676.407 1672.16 1667.913 1663.666 1659.419 1658.108 1659.488 1660.868 1662.248 1663.628 1664.712 1665.792 1666.871 1667.951 1668.971 1669.918 1670.864 1671.811 1672.758 1673.76 1674.767 1675.775 1676.782 1678.185 1680.244 1682.302 1684.36 1686.419 1689.242 1692.211 1695.179 1698.148
1728.369 1725.686 1723.002 1720.319 1716.771 1710.946 1705.12 1699.295 1693.47 1688.183 1683.087 1677.99 1672.893 1669.023 1669.974 1670.925 1671.876 1672.827 1677.838 1684.88 1691.921 1698.963 1704.772 1702.366 1699.96 1697.554 1695.148 1690.66 1684.751 1678.841 1672.931 1667.151 1663.472 1659.794 1656.115 1652.436 1651.515 1653.12 1654.725 1656.33 1657.935 1659.571 1661.208 1662.846 1664.483 1665.949 1667.207 1668.465 1669.723 1670.98 1672.347 1673.724 1675.101 1676.479 1678.191 1680.459 1682.726 1684.993 1687.261 1690.388 1693.678 1696.968 1700.258
1720.187 1717.579 1714.971 1712.363 1708.97 1703.512 1698.054 1692.596 1687.138 1682.276 1677.623 1672.971 1668.319 1664.743 1665.394 1666.045 1666.696 1667.347 1671.43 1677.229 1683.028 1688.827 1693.585 1691.404 1689.223 1687.043 1684.862 1680.832 1675.539 1670.246 1664.953 1659.765 1656.283 1652.802 1649.32 1645.838 1645.022 1646.649 1648.275 1649.902 1651.529 1653.72 1655.92 1658.12 1660.319 1662.208 1663.716 1665.223 1666.731 1668.239 1669.974 1671.731 1673.489 1675.246 1677.351 1680.031 1682.711 1685.391 1688.07 1691.79 1695.707 1699.624 1703.541
1711.798 1709.282 1706.765 1704.248 1701.029 1695.962 1690.895 1685.828 1680.762 1676.346 1672.16 1667.974 1663.789 1660.525 1660.881 1661.237 1661.593 1661.949 1665.069 1669.571 1674.072 1678.574 1682.237 1680.314 1678.391 1676.467 1674.544 1671.0 1666.351 1661.701 1657.052 1652.48 1649.175 1645.87 1642.565 1639.261 1638.534 1640.172 1641.809 1643.447 1645.084 1647.83 1650.593 1653.356 1656.118 1658.428 1660.182 1661.936 1663.691 1665.445 1667.549 1669.687 1671.825 1673.963 1676.465 1679.568 1682.672 1685.775 1688.878 1693.206 1697.767 1702.327 1706.887
1703.41 1700.984 1698.558 1696.133 1693.088 1688.412 1683.737 1679.061 1674.386 1670.417 1666.697 1662.978 1659.259 1656.306 1656.368 1656.429 1656.49 1656.552 1658.708 1661.913 1665.117 1668.321 1670.89 1669.224 1667.558 1665.892 1664.226 1661.169 1657.163 1653.157 1649.15 1645.195 1642.067 1638.939 1635.811 1632.683 1632.047 1633.695 1635.343 1636.992 1638.64 1641.941 1645.266 1648.592 1651.918 1654.648 1656.649 1658.65 1660.65 1662.651 1665.125 1667.643 1670.161 1672.68 1675.578 1679.105 1682.632 1686.159 1689.686 1694.623 1699.826 1705.03 1710.233
1695.021 1692.687 1690.352 1688.018 1685.146 1680.862 1676.578 1672.294 1668.01 1664.488 1661.234 1657.982 1654.729 1652.088 1651.855 1651.621 1651.388 1651.154 1652.348 1654.255 1656.162 1658.069 1659.543 1658.134 1656.726 1655.317 1653.908 1651.338 1647.975 1644.612 1641.249 1637.91 1634.959 1632.008 1629.057 1626.106 1625.56 1627.219 1628.878 1630.536 1632.195 1636.051 1639.94 1643.828 1647.717 1650.868 1653.115 1655.363 1657.61 1659.857 1662.7 1665.599 1668.498 1671.397 1674.692 1678.643 1682.593 1686.544 1690.494 1696.039 1701.886 1707.732 1713.579
1686.953 1684.797 1682.641 1680.485 1677.871 1674.049 1670.227 1666.406 1662.584 1659.511 1656.702 1653.893 1651.084 1648.755 1648.312 1647.869 1647.426 1646.983 1647.453 1648.378 1649.303 1650.228 1650.861 1649.551 1648.241 1646.931 1645.621 1643.336 1640.387 1637.437 1634.487 1631.547 1628.752 1625.958 1623.163 1620.369 1619.874 1621.486 1623.099 1624.712 1626.324 1630.454 1634.62 1638.786 1642.953 1646.376 1648.889 1651.401 1653.913 1656.425 1659.737 1663.124 1666.512 1669.899 1673.648 1677.993 1682.339 1686.684 1691.03 1697.04 1703.365 1709.69 1716.015
1679.409 1677.574 1675.74 1673.906 1671.684 1668.441 1665.198 1661.956 1658.713 1656.092 1653.69 1651.289 1648.887 1646.869 1646.356 1645.843 1645.331 1644.818 1644.953 1645.412 1645.871 1646.33 1646.537 1645.066 1643.595 1642.124 1640.653 1638.325 1635.413 1632.501 1629.589 1626.691 1624.02 1621.348 1618.677 1616.006 1615.497 1616.97 1618.444 1619.917 1621.39 1625.333 1629.312 1633.29 1637.269 1640.721 1643.529 1646.336 1649.143 1651.95 1655.894 1659.946 1663.998 1668.05 1672.344 1677.038 1681.732 1686.426 1691.12 1697.361 1703.896 1710.43 1716.964
1671.865 1670.352 1668.839 1667.326 1665.497 1662.833 1660.169 1657.505 1654.842 1652.673 1650.678 1648.684 1646.69 1644.982 1644.4 1643.818 1643.235 1642.653 1642.454 1642.446 1642.439 1642.431 1642.212 1640.58 1638.948 1637.316 1635.684 1633.314 1630.44 1627.565 1624.69 1621.835 1619.287 1616.739 1614.191 1611.643 1611.12 1612.454 1613.788 1615.122 1616.456 1620.212 1624.003 1627.794 1631.585 1635.067 1638.169 1641.271 1644.373 1647.474 1652.051 1656.768 1661.485 1666.201 1671.041 1676.083 1681.126 1686.168 1691.211 1697.683 1704.426 1711.17 1717.913
1664.32 1663.129 1661.938 1660.747 1659.31 1657.225 1655.14 1653.055 1650.97 1649.253 1647.667 1646.08 1644.493 1643.096 1642.444 1641.792 1641.14 1640.488 1639.954 1639.481 1639.007 1638.533 1637.887 1636.094 1634.302 1632.509 1630.716 1628.303 1625.466 1622.629 1619.792 1616.979 1614.554 1612.129 1609.705 1607.28 1606.744 1607.938 1609.133 1610.328 1611.522 1615.091 1618.694 1622.298 1625.901 1629.412 1632.809 1636.205 1639.602 1642.999 1648.208 1653.589 1658.971 1664.353 1669.738 1675.128 1680.519 1685.91 1691.301 1698.004 1704.957 1711.909 1718.862
1656.776 1655.906 1655.037 1654.168 1653.123 1651.617 1650.111 1648.605 1647.099 1645.834 1644.655 1643.475 1642.296 1641.209 1640.487 1639.766 1639.044 1638.323 1637.455 1636.515 1635.575 1634.634 1633.562 1631.609 1629.655 1627.702 1625.748 1623.292 1620.492 1617.693 1614.893 1612.123 1609.821 1607.52 1605.219 1602.917 1602.367 1603.422 1604.478 1605.533 1606.588 1609.97 1613.386 1616.802 1620.217 1623.757 1627.449 1631.14 1634.832 1638.524 1644.365 1650.411 1656.457 1662.504 1668.434 1674.173 1679.913 1685.652 1691.391 1698.326 1705.488 1712.649 1719.81
1654.524 1653.798 1653.073 1652.347 1651.464 1650.168 1648.871 1647.575 1646.279 1645.139 1644.054 1642.969 1641.885 1640.865 1640.099 1639.334 1638.569 1637.803 1636.802 1635.682 1634.562 1633.442 1632.222 1630.333 1628.445 1626.556 1624.668 1622.449 1620.004 1617.559 1615.114 1612.691 1610.621 1608.552 1606.482 1604.413 1603.622 1604.004 1604.385 1604.767 1605.149 1607.873 1610.633 1613.392 1616.151 1619.292 1622.901 1626.509 1630.118 1633.726 1639.989 1646.504 1653.02 1659.535 1665.903 1672.025 1678.148 1684.27 1690.393 1697.601 1705.015 1712.429 1719.843
1653.513 1652.889 1652.265 1651.641 1650.866 1649.693 1648.52 1647.347 1646.174 1645.082 1644.019 1642.955 1641.892 1640.881 1640.078 1639.276 1638.473 1637.67 1636.581 1635.348 1634.116 1632.883 1631.581 1629.81 1628.04 1626.269 1624.499 1622.582 1620.566 1618.55 1616.534 1614.529 1612.717 1610.905 1609.093 1607.281 1606.196 1605.779 1605.362 1604.945 1604.528 1606.486 1608.479 1610.471 1612.464 1615.105 1618.542 1621.979 1625.417 1628.854 1635.488 1642.427 1649.366 1656.305 1663.084 1669.597 1676.111 1682.625 1689.139 1696.63 1704.307 1711.983 1719.66
1652.501 1651.979 1651.457 1650.935 1650.267 1649.218 1648.168 1647.118 1646.069 1645.025 1643.983 1642.941 1641.899 1640.898 1640.057 1639.217 1638.377 1637.537 1636.36 1635.015 1633.67 1632.324 1630.939 1629.287 1627.634 1625.982 1624.329 1622.715 1621.128 1619.541 1617.953 1616.368 1614.813 1613.258 1611.703 1610.148 1608.771 1607.555 1606.339 1605.123 1603.907 1605.098 1606.324 1607.55 1608.776 1610.919 1614.184 1617.45 1620.715 1623.981 1630.987 1638.349 1645.712 1653.074 1660.264 1667.17 1674.075 1680.98 1687.885 1695.659 1703.599 1711.538 1719.477
1651.49 1651.069 1650.649 1650.229 1649.669 1648.743 1647.816 1646.89 1645.964 1644.968 1643.947 1642.927 1641.906 1640.915 1640.037 1639.159 1638.281 1637.403 1636.139 1634.681 1633.224 1631.766 1630.298 1628.763 1627.229 1625.694 1624.159 1622.848 1621.69 1620.531 1619.373 1618.206 1616.909 1615.611 1614.314 1613.016 1611.345 1609.33 1607.316 1605.301 1603.287 1603.711 1604.17 1604.63 1605.089 1606.732 1609.826 1612.92 1616.014 1619.108 1626.486 1634.272 1642.058 1649.844 1657.445 1664.742 1672.038 1679.335 1686.631 1694.689 1702.891 1711.092 1719.294
1651.285 1650.857 1650.429 1650.0 1649.451 1648.584 1647.716 1646.849 1645.981 1645.042 1644.078 1643.113 1642.149 1641.203 1640.331 1639.458 1638.585 1637.712 1636.408 1634.888 1633.369 1631.849 1630.355 1629.034 1627.712 1626.391 1625.07 1624.136 1623.468 1622.799 1622.13 1621.431 1620.25 1619.069 1617.888 1616.707 1614.651 1611.793 1608.934 1606.076 1603.218 1602.947 1602.715 1602.483 1602.251 1603.443 1606.383 1609.322 1612.261 1615.201 1622.905 1631.062 1639.22 1647.378 1655.326 1662.929 1670.531 1678.134 1685.736 1693.986 1702.359 1710.732 1719.105
1653.624 1652.842 1652.06 1651.278 1650.433 1649.42 1648.408 1647.396 1646.383 1645.529 1644.731 1643.933 1643.135 1642.35 1641.617 1640.884 1640.15 1639.417 1638.224 1636.8 1635.377 1633.953 1632.61 1631.804 1630.997 1630.191 1629.384 1629.064 1629.076 1629.088 1629.1 1629.024 1627.516 1626.008 1624.5 1622.991 1620.264 1616.42 1612.575 1608.73 1604.886 1604.152 1603.464 1602.776 1602.088 1602.984 1605.822 1608.659 1611.497 1614.334 1622.22 1630.587 1638.953 1647.32 1655.413 1663.053 1670.693 1678.334 1685.974 1694.13 1702.385 1710.64 1718.895
1655.963 1654.828 1653.692 1652.556 1651.414 1650.257 1649.1 1647.943 1646.786 1646.017 1645.385 1644.753 1644.121 1643.497 1642.903 1642.309 1641.715 1641.121 1640.039 1638.712 1637.385 1636.058 1634.866 1634.574 1634.282 1633.99 1633.698 1633.991 1634.684 1635.377 1636.07 1636.616 1634.781 1632.946 1631.111 1629.276 1625.878 1621.047 1616.216 1611.385 1606.554 1605.357 1604.213 1603.069 1601.926 1602.525 1605.261 1607.996 1610.732 1613.468 1621.536 1630.111 1638.687 1647.263 1655.5 1663.178 1670.856 1678.533 1686.211 1694.275 1702.412 1710.549 1718.686
1658.302 1656.813 1655.323 1653.834 1652.396 1651.094 1649.792 1648.49 1647.188 1646.505 1646.039 1645.573 1645.108 1644.644 1644.19 1643.735 1643.28 1642.826 1641.854 1640.624 1639.393 1638.163 1637.122 1637.344 1637.567 1637.79 1638.012 1638.919 1640.293 1641.666 1643.04 1644.209 1642.047 1639.884 1637.722 1635.56 1631.491 1625.674 1619.856 1614.039 1608.222 1606.561 1604.962 1603.363 1601.763 1602.066 1604.7 1607.333 1609.967 1612.601 1620.851 1629.636 1638.421 1647.206 1655.587 1663.303 1671.018 1678.733 1686.448 1694.419 1702.438 1710.457 1718.476
1660.642 1658.798 1656.955 1655.111 1653.377 1651.931 1650.484 1649.037 1647.591 1646.992 1646.693 1646.393 1646.094 1645.791 1645.476 1645.161 1644.845 1644.53 1643.669 1642.535 1641.401 1640.267 1639.378 1640.115 1640.852 1641.589 1642.327 1643.847 1645.901 1647.956 1650.01 1651.801 1649.312 1646.823 1644.334 1641.845 1637.104 1630.301 1623.497 1616.693 1609.89 1607.766 1605.711 1603.656 1601.601 1601.607 1604.139 1606.671 1609.203 1611.734 1620.167 1629.16 1638.154 1647.148 1655.675 1663.427 1671.18 1678.933 1686.685 1694.563 1702.464 1710.365 1718.266
1662.395 1660.14 1657.885 1655.631 1653.616 1652.233 1650.851 1649.468 1648.086 1647.667 1647.587 1647.508 1647.429 1647.299 1646.972 1646.645 1646.318 1645.991 1645.19 1644.153 1643.115 1642.078 1641.364 1642.807 1644.249 1645.692 1647.135 1649.221 1651.748 1654.274 1656.801 1658.991 1655.718 1652.445 1649.171 1645.898 1640.456 1633.026 1625.596 1618.166 1610.736 1608.477 1606.294 1604.111 1601.928 1602.149 1605.317 1608.485 1611.653 1614.821 1623.515 1632.736 1641.957 1651.178 1659.677 1666.981 1674.286 1681.59 1688.894 1696.159 1703.417 1710.674 1717.932
1663.862 1661.168 1658.473 1655.779 1653.491 1652.275 1651.059 1649.843 1648.626 1648.432 1648.6 1648.767 1648.934 1648.984 1648.571 1648.158 1647.745 1647.333 1646.568 1645.627 1644.686 1643.745 1643.219 1645.46 1647.702 1649.943 1652.184 1654.815 1657.711 1660.608 1663.504 1665.984 1661.703 1657.422 1653.141 1648.86 1642.701 1634.821 1626.941 1619.06 1611.18 1608.946 1606.795 1604.644 1602.494 1603.18 1607.345 1611.51 1615.675 1619.84 1628.837 1638.294 1647.751 1657.208 1665.595 1672.213 1678.831 1685.449 1692.067 1698.466 1704.823 1711.18 1717.537
1665.329 1662.195 1659.061 1655.927 1653.367 1652.317 1651.267 1650.217 1649.166 1649.198 1649.612 1650.026 1650.44 1650.668 1650.17 1649.671 1649.173 1648.674 1647.945 1647.101 1646.256 1645.412 1645.074 1648.114 1651.154 1654.194 1657.234 1660.408 1663.675 1666.941 1670.207 1672.977 1667.689 1662.4 1657.111 1651.822 1644.947 1636.616 1628.285 1619.955 1611.624 1609.416 1607.297 1605.178 1603.059 1604.212 1609.374 1614.536 1619.698 1624.86 1634.159 1643.852 1653.544 1663.237 1671.513 1677.445 1683.377 1689.308 1695.24 1700.773 1706.229 1711.686 1717.142
1666.796 1663.223 1659.649 1656.075 1653.243 1652.359 1651.475 1650.591 1649.707 1649.964 1650.625 1651.285 1651.945 1652.353 1651.769 1651.185 1650.6 1650.016 1649.322 1648.574 1647.827 1647.078 1646.929 1650.767 1654.606 1658.445 1662.284 1666.002 1669.638 1673.274 1676.91 1679.97 1673.674 1667.377 1661.081 1654.785 1647.192 1638.411 1629.63 1620.849 1612.068 1609.885 1607.798 1605.712 1603.625 1605.243 1611.403 1617.562 1623.721 1629.88 1639.481 1649.409 1659.338 1669.266 1677.431 1682.676 1687.922 1693.168 1698.413 1703.079 1707.635 1712.192 1716.748
1667.935 1664.01 1660.085 1656.16 1653.137 1652.488 1651.839 1651.191 1650.542 1651.031 1651.921 1652.811 1653.701 1654.264 1653.547 1652.829 1652.111 1651.393 1650.753 1650.151 1649.55 1648.948 1649.016 1653.544 1658.073 1662.602 1667.131 1671.296 1675.212 1679.128 1683.044 1686.316 1679.11 1671.903 1664.697 1657.491 1649.247 1640.052 1630.857 1621.662 1612.467 1610.308 1608.252 1606.196 1604.14 1606.193 1613.284 1620.374 1627.464 1634.555 1644.444 1654.6 1664.755 1674.911 1682.962 1687.533 1692.103 1696.674 1701.244 1705.084 1708.785 1712.486 1716.187
1666.187 1662.686 1659.184 1655.683 1653.199 1653.391 1653.584 1653.777 1653.97 1654.737 1655.708 1656.678 1657.649 1658.164 1656.895 1655.625 1654.355 1653.085 1652.65 1652.633 1652.615 1652.598 1653.139 1657.406 1661.672 1665.938 1670.204 1673.96 1677.367 1680.774 1684.181 1686.969 1679.715 1672.461 1665.206 1657.952 1649.635 1640.343 1631.052 1621.76 1612.469 1610.324 1608.284 1606.244 1604.204 1606.425 1613.87 1621.314 1628.758 1636.202 1646.259 1656.565 1666.871 1677.176 1685.103 1689.094 1693.086 1697.078 1701.069 1704.433 1707.679 1710.924 1714.169
1664.44 1661.362 1658.284 1655.206 1653.26 1654.295 1655.329 1656.363 1657.398 1658.444 1659.495 1660.546 1661.597 1662.065 1660.243 1658.421 1656.599 1654.776 1654.547 1655.114 1655.681 1656.248 1657.263 1661.267 1665.27 1669.274 1673.278 1676.624 1679.522 1682.419 1685.317 1687.623 1680.321 1673.018 1665.715 1658.413 1650.022 1640.634 1631.246 1621.858 1612.47 1610.34 1608.316 1606.292 1604.268 1606.657 1614.455 1622.253 1630.051 1637.849 1648.074 1658.53 1668.986 1679.442 1687.244 1690.656 1694.069 1697.481 1700.894 1703.783 1706.573 1709.362 1712.152
