data/zism_data/00905_04_D.txt
ncols         224
nrows         224
[rows 112 to 139 of 224, columns 63 to 125 of 224]
1416.151 1411.335 1407.602 1405.876 1404.15 1402.424 1400.699 1400.785 1401.358 1401.931 1402.504 1403.724 1407.156 1410.589 1414.021 1417.453 1421.248 1425.225 1429.203 1433.18 1436.859 1437.914 1438.97 1440.026 1441.081 1440.383 1438.192 1436.001 1433.81 1431.619 1429.164 1426.704 1424.243 1421.782 1419.712 1418.192 1416.671 1415.15 1413.629 1412.782 1412.051 1411.319 1410.588 1409.78 1408.789 1407.798 1406.806 1405.815 1403.969 1401.805 1399.642 1397.479 1394.549 1387.812 1381.074 1374.337 1367.6 1359.546 1350.635 1341.724 1332.813 1324.08 1319.214
1412.36 1408.58 1405.68 1404.411 1403.141 1401.871 1400.602 1401.157 1402.203 1403.248 1404.294 1405.99 1409.911 1413.832 1417.753 1421.674 1425.668 1429.699 1433.73 1437.761 1441.439 1442.017 1442.595 1443.173 1443.75 1442.612 1440.013 1437.414 1434.815 1432.216 1429.39 1426.559 1423.727 1420.896 1418.586 1417.006 1415.426 1413.846 1412.266 1411.48 1410.829 1410.177 1409.526 1408.756 1407.695 1406.634 1405.572 1404.511 1402.113 1399.22 1396.327 1393.433 1389.767 1382.267 1374.768 1367.268 1359.769 1351.889 1343.762 1335.635 1327.508 1319.567 1315.695
1408.568 1405.825 1403.758 1402.945 1402.132 1401.319 1400.505 1401.53 1403.048 1404.566 1406.083 1408.256 1412.665 1417.075 1421.484 1425.894 1430.088 1434.172 1438.257 1442.342 1446.02 1446.12 1446.22 1446.32 1446.42 1444.841 1441.834 1438.827 1435.82 1432.813 1429.615 1426.414 1423.212 1420.01 1417.459 1415.82 1414.181 1412.542 1410.903 1410.177 1409.606 1409.036 1408.465 1407.731 1406.6 1405.469 1404.338 1403.208 1400.257 1396.634 1393.011 1389.387 1384.985 1376.723 1368.461 1360.199 1351.938 1344.232 1336.889 1329.546 1322.203 1315.055 1312.176
1404.777 1403.07 1401.836 1401.479 1401.122 1400.766 1400.409 1401.902 1403.893 1405.883 1407.873 1410.522 1415.42 1420.318 1425.216 1430.114 1434.508 1438.646 1442.785 1446.923 1450.6 1450.222 1449.844 1449.467 1449.089 1447.07 1443.655 1440.24 1436.825 1433.409 1429.841 1426.269 1422.697 1419.124 1416.332 1414.634 1412.936 1411.238 1409.54 1408.874 1408.384 1407.894 1407.404 1406.707 1405.506 1404.305 1403.104 1401.904 1398.402 1394.048 1389.695 1385.341 1380.204 1371.179 1362.155 1353.131 1344.106 1336.575 1330.016 1323.457 1316.897 1310.543 1308.657
1401.19 1400.469 1400.031 1400.12 1400.209 1400.298 1400.387 1402.38 1404.884 1407.388 1409.892 1413.046 1418.419 1423.792 1429.165 1434.538 1439.107 1443.27 1447.432 1451.595 1455.244 1454.384 1453.523 1452.663 1451.803 1449.339 1445.512 1441.684 1437.857 1434.029 1430.07 1426.109 1422.147 1418.186 1415.14 1413.381 1411.622 1409.863 1408.104 1407.499 1407.091 1406.683 1406.275 1405.602 1404.286 1402.971 1401.655 1400.339 1396.258 1391.153 1386.048 1380.944 1375.069 1365.38 1355.691 1346.002 1336.313 1329.009 1323.257 1317.505 1311.753 1306.213 1305.316
1400.924 1400.364 1400.127 1400.49 1400.853 1401.215 1401.578 1404.564 1408.255 1411.946 1415.637 1419.765 1425.391 1431.016 1436.641 1442.267 1446.617 1450.324 1454.03 1457.736 1460.919 1459.5 1458.081 1456.662 1455.244 1452.263 1447.952 1443.641 1439.33 1435.019 1430.367 1425.708 1421.048 1416.389 1412.896 1411.04 1409.184 1407.328 1405.472 1404.945 1404.644 1404.344 1404.043 1403.199 1401.035 1398.871 1396.707 1394.543 1389.433 1383.233 1377.033 1370.833 1364.202 1355.436 1346.671 1337.905 1329.14 1322.919 1318.353 1313.787 1309.222 1304.857 1304.861
1400.659 1400.259 1400.223 1400.86 1401.496 1402.133 1402.769 1406.749 1411.626 1416.504 1421.381 1426.485 1432.362 1438.24 1444.118 1449.996 1454.128 1457.378 1460.628 1463.878 1466.593 1464.616 1462.639 1460.662 1458.685 1455.186 1450.392 1445.598 1440.804 1436.01 1430.664 1425.307 1419.949 1414.592 1410.651 1408.698 1406.746 1404.794 1402.841 1402.391 1402.198 1402.005 1401.812 1400.796 1397.783 1394.771 1391.759 1388.746 1382.608 1375.312 1368.017 1360.722 1353.334 1345.492 1337.65 1329.808 1321.966 1316.828 1313.449 1310.07 1306.691 1303.5 1304.406
1400.393 1400.155 1400.319 1401.229 1402.14 1403.05 1403.961 1408.934 1414.997 1421.061 1427.125 1433.204 1439.334 1445.464 1451.595 1457.725 1461.639 1464.432 1467.226 1470.019 1472.268 1469.732 1467.197 1464.661 1462.126 1458.109 1452.832 1447.555 1442.277 1437.0 1430.961 1424.906 1418.85 1412.795 1408.406 1406.357 1404.308 1402.259 1400.21 1399.837 1399.752 1399.666 1399.58 1398.392 1394.532 1390.671 1386.811 1382.95 1375.783 1367.392 1359.001 1350.611 1342.467 1335.549 1328.63 1321.711 1314.793 1310.738 1308.545 1306.353 1304.16 1302.143 1303.951
1400.127 1400.05 1400.415 1401.599 1402.783 1403.968 1405.152 1411.118 1418.369 1425.619 1432.87 1439.923 1446.306 1452.689 1459.071 1465.454 1469.149 1471.486 1473.823 1476.161 1477.943 1474.849 1471.755 1468.661 1465.567 1461.033 1455.272 1449.511 1443.751 1437.99 1431.258 1424.505 1417.751 1410.998 1406.161 1404.016 1401.87 1399.724 1397.578 1397.284 1397.305 1397.327 1397.349 1395.989 1391.28 1386.571 1381.862 1377.153 1368.958 1359.471 1349.986 1340.5 1331.6 1325.605 1319.61 1313.615 1307.62 1304.647 1303.641 1302.635 1301.63 1300.786 1303.497
1403.629 1403.8 1404.398 1405.789 1407.18 1408.57 1409.961 1416.397 1424.187 1431.976 1439.766 1447.201 1453.421 1459.642 1465.862 1472.082 1475.405 1477.264 1479.122 1480.98 1482.296 1478.845 1475.395 1471.944 1468.494 1463.566 1457.381 1451.196 1445.011 1438.826 1431.55 1424.25 1416.95 1409.649 1404.304 1401.703 1399.102 1396.501 1393.9 1393.346 1393.142 1392.938 1392.733 1390.986 1385.499 1380.012 1374.525 1369.038 1360.677 1351.252 1341.828 1332.404 1323.748 1318.903 1314.059 1309.214 1304.37 1302.286 1301.999 1301.712 1301.425 1301.302 1304.769
1410.584 1411.082 1411.944 1413.48 1415.016 1416.552 1418.087 1424.511 1432.247 1439.983 1447.72 1454.99 1460.668 1466.346 1472.024 1477.702 1480.511 1481.87 1483.229 1484.588 1485.438 1481.816 1478.193 1474.571 1470.949 1465.742 1459.186 1452.631 1446.075 1439.52 1431.837 1424.128 1416.42 1408.712 1402.802 1399.418 1396.033 1392.648 1389.263 1388.14 1387.404 1386.668 1385.933 1383.601 1377.4 1371.198 1364.997 1358.796 1351.061 1342.759 1334.457 1326.154 1318.661 1315.174 1311.688 1308.202 1304.716 1303.344 1303.346 1303.349 1303.352 1303.534 1307.623
1417.539 1418.365 1419.49 1421.171 1422.852 1424.533 1426.213 1432.625 1440.308 1447.99 1455.673 1462.779 1467.915 1473.05 1478.186 1483.322 1485.617 1486.477 1487.337 1488.196 1488.58 1484.786 1480.992 1477.198 1473.404 1467.918 1460.992 1454.066 1447.14 1440.214 1432.123 1424.007 1415.891 1407.775 1401.301 1397.132 1392.963 1388.794 1384.626 1382.935 1381.667 1380.4 1379.132 1376.215 1369.3 1362.385 1355.469 1348.554 1341.445 1334.265 1327.085 1319.905 1313.573 1311.445 1309.318 1307.19 1305.063 1304.401 1304.694 1304.987 1305.279 1305.766 1310.478
1424.494 1425.647 1427.036 1428.862 1430.688 1432.514 1434.339 1440.74 1448.369 1455.997 1463.626 1470.568 1475.161 1479.755 1484.348 1488.942 1490.723 1491.084 1491.444 1491.804 1491.723 1487.757 1483.791 1479.825 1475.859 1470.094 1462.797 1455.5 1448.204 1440.907 1432.41 1423.886 1415.361 1406.837 1399.799 1394.846 1389.893 1384.941 1379.988 1377.729 1375.93 1374.13 1372.331 1368.83 1361.2 1353.571 1345.942 1338.312 1331.83 1325.772 1319.714 1313.656 1308.486 1307.717 1306.947 1306.178 1305.409 1305.459 1306.041 1306.624 1307.207 1307.997 1313.332
1431.449 1432.93 1434.583 1436.553 1438.524 1440.495 1442.465 1448.854 1456.429 1464.004 1471.579 1478.357 1482.408 1486.459 1490.51 1494.561 1495.829 1495.69 1495.551 1495.412 1494.865 1490.727 1486.589 1482.451 1478.313 1472.269 1464.602 1456.935 1449.268 1441.601 1432.697 1423.764 1414.832 1405.9 1398.297 1392.56 1386.824 1381.087 1375.351 1372.523 1370.192 1367.862 1365.531 1361.445 1353.101 1344.758 1336.414 1328.071 1322.214 1317.279 1312.343 1307.407 1303.398 1303.988 1304.577 1305.166 1305.755 1306.516 1307.389 1308.261 1309.134 1310.229 1316.187
1442.916 1444.052 1445.426 1447.24 1449.054 1450.868 1452.682 1458.049 1464.369 1470.69 1477.01 1482.643 1485.924 1489.205 1492.486 1495.767 1496.751 1496.573 1496.395 1496.217 1495.628 1491.418 1487.209 1483.0 1478.791 1472.609 1464.746 1456.883 1449.02 1441.157 1432.201 1423.22 1414.24 1405.259 1397.348 1390.939 1384.53 1378.12 1371.711 1367.861 1364.449 1361.036 1357.624 1352.988 1345.385 1337.783 1330.18 1322.578 1317.841 1314.165 1310.489 1306.813 1304.14 1306.442 1308.744 1311.046 1313.349 1315.345 1317.142 1318.94 1320.737 1322.656 1327.242
1454.449 1455.231 1456.318 1457.971 1459.624 1461.277 1462.93 1467.26 1472.308 1477.355 1482.403 1486.877 1489.385 1491.893 1494.401 1496.909 1497.611 1497.401 1497.191 1496.981 1496.355 1492.076 1487.797 1483.519 1479.24 1472.921 1464.864 1456.808 1448.752 1440.696 1431.693 1422.67 1413.646 1404.623 1396.408 1389.327 1382.247 1375.167 1368.086 1363.208 1358.705 1354.203 1349.7 1344.515 1337.675 1330.835 1323.995 1317.155 1313.545 1311.13 1308.716 1306.301 1304.967 1308.987 1313.008 1317.028 1321.048 1324.288 1327.02 1329.751 1332.483 1335.234 1338.419
1465.982 1466.41 1467.211 1468.703 1470.194 1471.686 1473.178 1476.47 1480.246 1484.021 1487.797 1491.111 1492.846 1494.58 1496.315 1498.05 1498.472 1498.229 1497.987 1497.745 1497.083 1492.734 1488.385 1484.037 1479.688 1473.233 1464.983 1456.734 1448.484 1440.235 1431.186 1422.12 1413.053 1403.987 1395.467 1387.716 1379.964 1372.213 1364.461 1358.554 1352.961 1347.369 1341.776 1336.042 1329.965 1323.887 1317.809 1311.732 1309.249 1308.096 1306.943 1305.79 1305.794 1311.533 1317.271 1323.01 1328.748 1333.231 1336.897 1340.562 1344.228 1347.811 1349.595
1477.515 1477.589 1478.103 1479.434 1480.765 1482.095 1483.426 1485.681 1488.184 1490.687 1493.19 1495.345 1496.306 1497.268 1498.23 1499.192 1499.332 1499.057 1498.783 1498.509 1497.811 1493.392 1488.974 1484.555 1480.137 1473.545 1465.102 1456.659 1448.216 1439.774 1430.679 1421.569 1412.46 1403.35 1394.527 1386.104 1377.682 1369.259 1360.836 1353.9 1347.218 1340.535 1333.853 1327.57 1322.255 1316.939 1311.624 1306.309 1304.953 1305.061 1305.17 1305.279 1306.621 1314.078 1321.535 1328.991 1336.448 1342.174 1346.774 1351.374 1355.974 1360.389 1360.771
1485.465 1485.355 1485.676 1486.795 1487.914 1489.033 1490.153 1491.67 1493.293 1494.917 1496.541 1497.907 1498.39 1498.872 1499.355 1499.838 1499.753 1499.381 1499.009 1498.637 1497.821 1493.096 1488.371 1483.647 1478.922 1472.081 1463.438 1454.794 1446.151 1437.508 1428.442 1419.367 1410.292 1401.216 1392.242 1383.409 1374.576 1365.742 1356.909 1349.435 1342.194 1334.952 1327.71 1321.348 1317.119 1312.889 1308.659 1304.43 1304.186 1305.416 1306.647 1307.877 1310.342 1318.926 1327.51 1336.094 1344.678 1351.063 1356.018 1360.974 1365.929 1370.647 1370.195
1489.021 1488.938 1489.181 1490.026 1490.871 1491.717 1492.562 1493.708 1494.934 1496.161 1497.387 1498.419 1498.784 1499.148 1499.513 1499.878 1499.635 1499.086 1498.537 1497.988 1496.952 1491.631 1486.31 1480.99 1475.669 1468.441 1459.588 1450.735 1441.883 1433.03 1424.086 1415.139 1406.193 1397.246 1388.309 1379.385 1370.46 1361.536 1352.612 1345.202 1338.052 1330.902 1323.751 1317.886 1315.139 1312.391 1309.643 1306.895 1307.745 1309.926 1312.107 1314.288 1317.611 1326.598 1335.584 1344.571 1353.557 1359.887 1364.488 1369.089 1373.69 1378.063 1377.471
1492.578 1492.522 1492.686 1493.257 1493.829 1494.4 1494.972 1495.746 1496.575 1497.405 1498.234 1498.931 1499.178 1499.424 1499.671 1499.917 1499.518 1498.791 1498.065 1497.339 1496.082 1490.166 1484.249 1478.333 1472.416 1464.8 1455.738 1446.676 1437.614 1428.552 1419.729 1410.912 1402.094 1393.277 1384.377 1375.361 1366.345 1357.33 1348.314 1340.969 1333.91 1326.851 1319.792 1314.425 1313.159 1311.893 1310.627 1309.361 1311.305 1314.436 1317.567 1320.698 1324.88 1334.269 1343.659 1353.048 1362.437 1368.711 1372.957 1377.204 1381.45 1385.479 1384.747
1496.134 1496.105 1496.19 1496.488 1496.786 1497.083 1497.381 1497.784 1498.216 1498.648 1499.08 1499.443 1499.572 1499.7 1499.828 1499.957 1499.4 1498.496 1497.593 1496.69 1495.213 1488.701 1482.188 1475.676 1469.163 1461.16 1451.889 1442.617 1433.346 1424.074 1415.373 1406.684 1397.995 1389.307 1380.444 1371.337 1362.23 1353.123 1344.016 1336.736 1329.769 1322.801 1315.833 1310.963 1311.179 1311.395 1311.611 1311.827 1314.864 1318.946 1323.027 1327.109 1332.149 1341.941 1351.733 1361.525 1371.317 1377.534 1381.427 1385.319 1389.211 1392.895 1392.023
1499.691 1499.688 1499.695 1499.719 1499.743 1499.767 1499.791 1499.823 1499.857 1499.892 1499.926 1499.955 1499.966 1499.976 1499.986 1499.997 1499.282 1498.202 1497.121 1496.04 1494.344 1487.235 1480.127 1473.018 1465.91 1457.52 1448.039 1438.558 1429.077 1419.596 1411.016 1402.457 1393.897 1385.337 1376.512 1367.313 1358.115 1348.917 1339.719 1332.503 1325.627 1318.75 1311.874 1307.501 1309.199 1310.897 1312.594 1314.292 1318.424 1323.456 1328.487 1333.519 1339.418 1349.612 1359.807 1370.002 1380.196 1386.358 1389.896 1393.434 1396.972 1400.31 1399.3
1499.971 1499.962 1499.917 1499.81 1499.702 1499.594 1499.486 1499.494 1499.533 1499.573 1499.612 1499.627 1499.558 1499.489 1499.421 1499.352 1498.21 1496.526 1494.842 1493.157 1490.88 1483.391 1475.902 1468.414 1460.925 1452.419 1443.047 1433.676 1424.304 1414.933 1406.908 1398.913 1390.919 1382.924 1374.758 1366.351 1357.943 1349.536 1341.129 1335.305 1329.922 1324.539 1319.156 1316.099 1318.686 1321.272 1323.859 1326.445 1330.219 1334.431 1338.644 1342.856 1347.872 1356.871 1365.87 1374.87 1383.869 1389.264 1392.316 1395.367 1398.418 1401.298 1400.442
1499.94 1499.92 1499.827 1499.601 1499.375 1499.149 1498.923 1498.94 1499.022 1499.104 1499.187 1499.218 1499.074 1498.93 1498.786 1498.642 1497.047 1494.719 1492.39 1490.062 1487.169 1479.321 1471.472 1463.624 1455.775 1447.179 1437.947 1428.715 1419.483 1410.251 1402.823 1395.435 1388.047 1380.659 1373.211 1365.679 1358.147 1350.615 1343.083 1338.776 1335.02 1331.264 1327.508 1325.847 1329.265 1332.684 1336.103 1339.521 1342.798 1346.023 1349.247 1352.472 1356.439 1364.091 1371.742 1379.394 1387.045 1391.607 1394.159 1396.711 1399.263 1401.673 1401.0
1499.909 1499.878 1499.737 1499.393 1499.048 1498.704 1498.36 1498.386 1498.511 1498.636 1498.761 1498.809 1498.59 1498.371 1498.152 1497.933 1495.885 1492.912 1489.939 1486.966 1483.458 1475.25 1467.042 1458.833 1450.625 1441.939 1432.847 1423.755 1414.662 1405.57 1398.738 1391.957 1385.175 1378.394 1371.665 1365.008 1358.351 1351.694 1345.038 1342.247 1340.118 1337.989 1335.86 1335.594 1339.844 1344.095 1348.346 1352.597 1355.378 1357.614 1359.851 1362.087 1365.007 1371.311 1377.614 1383.918 1390.222 1393.95 1396.003 1398.055 1400.108 1402.049 1401.558
1499.878 1499.836 1499.646 1499.184 1498.722 1498.26 1497.797 1497.832 1498.0 1498.168 1498.336 1498.4 1498.106 1497.812 1497.517 1497.223 1494.722 1491.105 1487.487 1483.87 1479.747 1471.179 1462.611 1454.043 1445.475 1436.7 1427.747 1418.794 1409.841 1400.888 1394.653 1388.478 1382.304 1376.129 1370.118 1364.337 1358.555 1352.773 1346.992 1345.719 1345.217 1344.714 1344.212 1345.341 1350.424 1355.507 1360.59 1365.673 1367.957 1369.206 1370.454 1371.703 1373.574 1378.53 1383.486 1388.442 1393.398 1396.293 1397.846 1399.399 1400.953 1402.424 1402.116
1499.734 1499.643 1499.311 1498.532 1497.754 1496.975 1496.197 1495.905 1495.744 1495.582 1495.421 1495.208 1494.816 1494.425 1494.033 1493.641 1490.853 1486.852 1482.852 1478.851 1474.374 1465.707 1457.041 1448.374 1439.707 1431.119 1422.597 1414.075 1405.553 1397.031 1391.405 1385.843 1380.281 1374.719 1369.49 1364.727 1359.964 1355.201 1350.439 1350.412 1351.195 1351.977 1352.76 1354.846 1360.091 1365.337 1370.582 1375.828 1377.614 1378.119 1378.625 1379.131 1380.202 1384.08 1387.957 1391.834 1395.712 1397.983 1399.209 1400.435 1401.661 1402.826 1402.676
