data/zism_data/00901_02_D.txt
ncols         224
nrows         224
[rows 140 to 167 of 224, columns 63 to 125 of 224]
3804.897 3810.014 3815.131 3820.248 3818.757 3816.966 3815.175 3813.384 3808.887 3800.659 3792.431 3784.202 3775.974 3771.132 3766.733 3762.335 3757.937 3756.238 3759.601 3762.963 3766.325 3769.687 3774.634 3779.949 3785.264 3790.578 3796.285 3803.022 3809.76 3816.497 3823.235 3830.54 3838.045 3845.551 3853.056 3860.888 3870.002 3879.116 3888.231 3897.345 3906.285 3915.137 3923.989 3932.841 3941.292 3947.063 3952.834 3958.605 3964.376 3965.523 3963.512 3961.502 3959.491 3957.304 3952.255 3947.206 3942.157 3937.108 3930.527 3922.542 3914.557 3906.572 3898.587
3802.748 3807.015 3811.281 3815.548 3812.903 3809.944 3806.985 3804.026 3798.92 3790.853 3782.786 3774.719 3766.653 3762.69 3759.266 3755.843 3752.418 3751.617 3755.733 3759.849 3763.964 3768.08 3773.597 3779.439 3785.282 3791.124 3797.33 3804.492 3811.655 3818.818 3825.98 3833.647 3841.491 3849.336 3857.18 3865.348 3874.785 3884.223 3893.66 3903.097 3912.299 3921.382 3930.466 3939.55 3948.171 3953.711 3959.25 3964.79 3970.33 3971.066 3968.523 3965.979 3963.436 3960.695 3954.741 3948.788 3942.835 3936.881 3929.565 3920.998 3912.432 3903.865 3895.299
3800.6 3804.016 3807.432 3810.848 3807.049 3802.922 3798.795 3794.668 3788.953 3781.047 3773.142 3765.237 3757.331 3754.249 3751.799 3749.35 3746.9 3746.996 3751.865 3756.735 3761.604 3766.473 3772.56 3778.93 3785.3 3791.669 3798.375 3805.963 3813.551 3821.138 3828.726 3836.755 3844.938 3853.122 3861.305 3869.809 3879.569 3889.329 3899.089 3908.85 3918.313 3927.628 3936.943 3946.258 3955.051 3960.359 3965.667 3970.975 3976.284 3976.61 3973.533 3970.457 3967.381 3964.085 3957.228 3950.37 3943.512 3936.655 3928.602 3919.454 3910.307 3901.159 3892.011
3798.451 3801.017 3803.582 3806.148 3801.195 3795.9 3790.605 3785.31 3778.986 3771.241 3763.498 3755.754 3748.01 3745.807 3744.332 3742.857 3741.381 3742.375 3747.998 3753.621 3759.243 3764.866 3771.523 3778.421 3785.318 3792.215 3799.419 3807.433 3815.446 3823.459 3831.472 3839.862 3848.385 3856.907 3865.43 3874.269 3884.352 3894.436 3904.519 3914.602 3924.327 3933.874 3943.42 3952.967 3961.931 3967.007 3972.084 3977.161 3982.237 3982.153 3978.544 3974.935 3971.325 3967.476 3959.713 3951.952 3944.19 3936.428 3927.64 3917.91 3908.182 3898.452 3888.724
3796.302 3798.018 3799.733 3801.448 3795.341 3788.877 3782.415 3775.952 3769.019 3761.436 3753.853 3746.271 3738.688 3737.366 3736.865 3736.364 3735.863 3737.754 3744.13 3750.507 3756.883 3763.259 3770.487 3777.911 3785.336 3792.76 3800.464 3808.903 3817.341 3825.78 3834.218 3842.969 3851.831 3860.693 3869.554 3878.729 3889.135 3899.542 3909.948 3920.354 3930.342 3940.119 3949.897 3959.675 3968.81 3973.655 3978.501 3983.346 3988.191 3987.696 3983.554 3979.412 3975.27 3970.866 3962.199 3953.533 3944.867 3936.201 3926.677 3916.366 3906.056 3895.746 3885.436
3791.512 3792.593 3793.674 3794.754 3787.667 3780.208 3772.749 3765.29 3758.128 3751.375 3744.623 3737.87 3731.117 3730.792 3731.309 3731.827 3732.344 3735.211 3742.484 3749.756 3757.028 3764.301 3771.989 3779.774 3787.559 3795.344 3803.359 3811.977 3820.594 3829.212 3837.83 3846.694 3855.644 3864.594 3873.544 3882.769 3893.07 3903.372 3913.673 3923.975 3933.849 3943.51 3953.17 3962.831 3971.844 3976.541 3981.239 3985.936 3990.633 3990.051 3985.863 3981.674 3977.486 3973.006 3963.789 3954.573 3945.356 3936.139 3926.126 3915.381 3904.637 3893.893 3883.149
3786.47 3786.937 3787.404 3787.872 3779.82 3771.382 3762.944 3754.505 3747.151 3741.291 3735.432 3729.573 3723.714 3724.396 3725.936 3727.476 3729.016 3732.866 3741.048 3749.23 3757.412 3765.594 3773.734 3781.863 3789.993 3798.122 3806.429 3815.203 3823.977 3832.751 3841.525 3850.477 3859.492 3868.507 3877.521 3886.768 3896.924 3907.08 3917.237 3927.393 3937.118 3946.628 3956.138 3965.647 3974.511 3979.069 3983.626 3988.184 3992.741 3992.102 3987.913 3983.725 3979.537 3975.027 3965.293 3955.56 3945.827 3936.093 3925.614 3914.449 3903.286 3892.122 3880.958
3781.427 3781.281 3781.135 3780.988 3771.973 3762.555 3753.138 3743.719 3736.173 3731.207 3726.241 3721.275 3716.309 3717.999 3720.562 3723.125 3725.688 3730.521 3739.613 3748.705 3757.796 3766.888 3775.478 3783.952 3792.426 3800.9 3809.5 3818.43 3827.36 3836.29 3845.22 3854.261 3863.34 3872.419 3881.499 3890.767 3900.778 3910.789 3920.8 3930.811 3940.387 3949.746 3959.105 3968.464 3977.179 3981.596 3986.014 3990.431 3994.849 3994.153 3989.964 3985.776 3981.588 3977.048 3966.798 3956.548 3946.298 3936.047 3925.102 3913.518 3901.934 3890.35 3878.767
3776.385 3775.625 3774.865 3774.105 3764.127 3753.729 3743.332 3732.934 3725.195 3721.123 3717.051 3712.978 3708.906 3711.603 3715.189 3718.774 3722.36 3728.177 3738.178 3748.179 3758.18 3768.181 3777.223 3786.041 3794.86 3803.678 3812.57 3821.656 3830.742 3839.829 3848.915 3858.044 3867.188 3876.332 3885.476 3894.766 3904.632 3914.497 3924.363 3934.229 3943.656 3952.864 3962.073 3971.281 3979.846 3984.124 3988.401 3992.679 3996.956 3996.203 3992.015 3987.827 3983.638 3979.069 3968.302 3957.535 3946.768 3936.001 3924.589 3912.586 3900.582 3888.579 3876.575
3769.821 3768.784 3767.748 3766.712 3756.477 3745.823 3735.169 3724.516 3716.968 3713.703 3710.438 3707.174 3703.909 3707.356 3711.683 3716.011 3720.338 3726.853 3737.469 3748.086 3758.702 3769.318 3778.663 3787.713 3796.763 3805.813 3814.9 3824.085 3833.271 3842.457 3851.643 3860.828 3870.013 3879.198 3888.383 3897.678 3907.404 3917.131 3926.857 3936.583 3945.876 3954.953 3964.031 3973.107 3981.547 3985.735 3989.924 3994.112 3998.301 3997.511 3993.323 3989.135 3984.946 3980.357 3969.261 3958.165 3947.069 3935.972 3924.263 3911.991 3899.72 3887.449 3875.178
3760.577 3759.859 3759.14 3758.421 3749.173 3739.536 3729.9 3720.264 3713.581 3710.973 3708.365 3705.757 3703.149 3706.891 3711.466 3716.041 3720.616 3727.326 3738.04 3748.753 3759.466 3770.179 3779.569 3788.65 3797.733 3806.815 3815.925 3825.111 3834.297 3843.483 3852.668 3861.854 3871.039 3880.224 3889.409 3898.678 3908.274 3917.872 3927.468 3937.065 3946.251 3955.231 3964.212 3973.192 3981.547 3985.735 3989.924 3994.112 3998.301 3997.511 3993.323 3989.135 3984.946 3980.357 3969.261 3958.165 3947.069 3935.972 3924.263 3911.991 3899.72 3887.449 3875.178
3751.333 3750.932 3750.531 3750.13 3741.868 3733.249 3724.63 3716.011 3710.195 3708.243 3706.292 3704.341 3702.389 3706.426 3711.249 3716.072 3720.894 3727.799 3738.61 3749.419 3760.23 3771.04 3780.474 3789.588 3798.702 3807.817 3816.951 3826.136 3835.322 3844.508 3853.694 3862.879 3872.064 3881.249 3890.434 3899.677 3909.145 3918.613 3928.08 3937.548 3946.626 3955.509 3964.393 3973.276 3981.547 3985.735 3989.924 3994.112 3998.301 3997.511 3993.323 3989.135 3984.946 3980.357 3969.261 3958.165 3947.069 3935.972 3924.263 3911.991 3899.72 3887.449 3875.178
3742.09 3742.006 3741.923 3741.839 3734.564 3726.963 3719.361 3711.759 3706.808 3705.513 3704.219 3702.924 3701.629 3705.961 3711.032 3716.102 3721.172 3728.272 3739.18 3750.086 3760.994 3771.9 3781.379 3790.525 3799.672 3808.819 3817.976 3827.162 3836.348 3845.534 3854.719 3863.905 3873.09 3882.275 3891.46 3900.676 3910.015 3919.353 3928.692 3938.031 3947.001 3955.787 3964.574 3973.36 3981.547 3985.735 3989.924 3994.112 3998.301 3997.511 3993.323 3989.135 3984.946 3980.357 3969.261 3958.165 3947.069 3935.972 3924.263 3911.991 3899.72 3887.449 3875.178
3732.846 3733.08 3733.314 3733.548 3727.26 3720.676 3714.092 3707.507 3703.422 3702.784 3702.146 3701.508 3700.869 3705.497 3710.814 3716.132 3721.45 3728.746 3739.75 3750.753 3761.758 3772.761 3782.284 3791.463 3800.642 3809.821 3819.001 3828.188 3837.373 3846.559 3855.745 3864.93 3874.115 3883.3 3892.485 3901.676 3910.885 3920.094 3929.303 3938.513 3947.376 3956.065 3964.755 3973.444 3981.547 3985.735 3989.924 3994.112 3998.301 3997.511 3993.323 3989.135 3984.946 3980.357 3969.261 3958.165 3947.069 3935.972 3924.263 3911.991 3899.72 3887.449 3875.178
3726.295 3726.62 3726.944 3727.269 3722.05 3716.579 3711.108 3705.636 3702.331 3702.013 3701.696 3701.378 3701.06 3705.87 3711.353 3716.835 3722.317 3729.658 3740.484 3751.309 3762.135 3772.96 3782.713 3792.217 3801.721 3811.225 3820.705 3830.123 3839.54 3848.957 3858.375 3867.591 3876.737 3885.883 3895.028 3904.115 3912.968 3921.821 3930.674 3939.527 3948.134 3956.617 3965.101 3973.584 3981.505 3985.676 3989.847 3994.018 3998.189 3997.408 3993.246 3989.084 3984.922 3980.357 3969.261 3958.165 3947.069 3935.972 3924.263 3911.991 3899.72 3887.449 3875.178
3720.37 3720.732 3721.094 3721.456 3717.325 3712.99 3708.655 3704.319 3701.774 3701.698 3701.623 3701.547 3701.471 3706.438 3712.066 3717.693 3723.321 3730.673 3741.256 3751.839 3762.423 3773.006 3783.032 3792.929 3802.826 3812.723 3822.566 3832.269 3841.971 3851.674 3861.376 3870.632 3879.729 3888.826 3897.924 3906.889 3915.333 3923.777 3932.22 3940.665 3948.98 3957.232 3965.485 3973.737 3981.454 3985.603 3989.752 3993.901 3998.051 3997.281 3993.151 3989.021 3984.891 3980.357 3969.261 3958.165 3947.069 3935.972 3924.263 3911.991 3899.72 3887.449 3875.178
3714.444 3714.844 3715.244 3715.644 3712.601 3709.401 3706.201 3703.001 3701.217 3701.383 3701.55 3701.716 3701.883 3707.006 3712.779 3718.552 3724.325 3731.687 3742.028 3752.369 3762.711 3773.052 3783.351 3793.641 3803.931 3814.22 3824.427 3834.415 3844.403 3854.391 3864.378 3873.673 3882.721 3891.77 3900.819 3909.662 3917.697 3925.732 3933.767 3941.802 3949.827 3957.848 3965.868 3973.889 3981.402 3985.53 3989.657 3993.785 3997.913 3997.153 3993.056 3988.958 3984.861 3980.357 3969.261 3958.165 3947.069 3935.972 3924.263 3911.991 3899.72 3887.449 3875.178
3708.519 3708.956 3709.394 3709.831 3707.876 3705.812 3703.748 3701.684 3700.659 3701.068 3701.477 3701.885 3702.294 3707.574 3713.492 3719.411 3725.329 3732.701 3742.801 3752.899 3762.999 3773.097 3783.67 3794.353 3805.036 3815.718 3826.288 3836.561 3846.834 3857.107 3867.381 3876.713 3885.713 3894.714 3903.714 3912.436 3920.062 3927.688 3935.314 3942.94 3950.674 3958.463 3966.252 3974.042 3981.35 3985.457 3989.563 3993.669 3997.775 3997.026 3992.961 3988.896 3984.83 3980.357 3969.261 3958.165 3947.069 3935.972 3924.263 3911.991 3899.72 3887.449 3875.178
3703.902 3704.34 3704.779 3705.218 3704.133 3702.978 3701.824 3700.669 3700.236 3700.799 3701.362 3701.924 3702.487 3707.808 3713.754 3719.7 3725.646 3732.969 3742.877 3752.784 3762.691 3772.598 3783.382 3794.369 3805.357 3816.344 3827.229 3837.85 3848.47 3859.09 3869.71 3879.167 3888.213 3897.26 3906.305 3914.989 3922.246 3929.504 3936.761 3944.019 3951.45 3958.969 3966.487 3974.005 3981.072 3985.13 3989.188 3993.246 3997.304 3996.517 3992.421 3988.325 3984.229 3979.731 3968.702 3957.673 3946.644 3935.615 3924.008 3911.872 3899.736 3887.599 3875.463
3702.992 3703.329 3703.665 3704.001 3703.169 3702.284 3701.398 3700.513 3700.196 3700.661 3701.127 3701.593 3702.058 3707.097 3712.737 3718.375 3724.015 3731.121 3740.98 3750.839 3760.698 3770.557 3781.375 3792.416 3803.457 3814.498 3825.566 3836.709 3847.851 3858.994 3870.136 3879.96 3889.318 3898.676 3908.034 3916.915 3923.92 3930.924 3937.929 3944.934 3952.026 3959.162 3966.298 3973.434 3980.153 3984.087 3988.021 3991.955 3995.89 3994.927 3990.622 3986.315 3982.01 3977.329 3966.558 3955.788 3945.017 3934.246 3923.033 3911.413 3899.793 3888.173 3876.554
3702.083 3702.317 3702.551 3702.785 3702.206 3701.59 3700.973 3700.357 3700.155 3700.524 3700.893 3701.261 3701.63 3706.387 3711.719 3717.051 3722.383 3729.273 3739.084 3748.894 3758.704 3768.515 3779.368 3790.462 3801.557 3812.652 3823.904 3835.568 3847.232 3858.897 3870.561 3880.752 3890.422 3900.093 3909.763 3918.842 3925.593 3932.345 3939.096 3945.848 3952.601 3959.355 3966.109 3972.863 3979.233 3983.043 3986.854 3990.665 3994.475 3993.338 3988.822 3984.306 3979.79 3974.927 3964.414 3953.902 3943.39 3932.877 3922.057 3910.954 3899.851 3888.748 3877.645
3701.173 3701.305 3701.437 3701.569 3701.242 3700.896 3700.548 3700.201 3700.114 3700.386 3700.658 3700.93 3701.202 3705.676 3710.701 3715.727 3720.752 3727.425 3737.187 3746.949 3756.711 3766.473 3777.361 3788.509 3799.658 3810.806 3822.24 3834.427 3846.614 3858.8 3870.987 3881.544 3891.527 3901.51 3911.492 3920.768 3927.266 3933.765 3940.264 3946.762 3953.177 3959.548 3965.92 3972.292 3978.314 3982.0 3985.687 3989.374 3993.061 3991.748 3987.022 3982.297 3977.571 3972.524 3962.271 3952.017 3941.763 3931.509 3921.082 3910.495 3899.909 3889.323 3878.736
3700.264 3700.293 3700.323 3700.353 3700.279 3700.201 3700.123 3700.045 3700.073 3700.249 3700.424 3700.599 3700.774 3704.965 3709.684 3714.403 3719.121 3725.577 3735.291 3745.004 3754.718 3764.431 3775.353 3786.555 3797.758 3808.96 3820.577 3833.286 3845.995 3858.704 3871.412 3882.337 3892.631 3902.926 3913.221 3922.694 3928.94 3935.186 3941.431 3947.677 3953.752 3959.741 3965.731 3971.721 3977.394 3980.957 3984.52 3988.083 3991.646 3990.159 3985.223 3980.287 3975.351 3970.122 3960.127 3950.131 3940.136 3930.14 3920.106 3910.036 3899.967 3889.897 3879.828
3700.0 3700.0 3700.0 3700.0 3700.0 3700.0 3700.0 3700.0 3700.11 3700.372 3700.633 3700.895 3701.156 3705.533 3710.449 3715.366 3720.282 3726.786 3736.268 3745.75 3755.231 3764.713 3775.114 3785.728 3796.342 3806.956 3818.185 3831.034 3843.882 3856.731 3869.579 3880.621 3891.025 3901.43 3911.834 3921.35 3927.373 3933.396 3939.419 3945.443 3951.309 3957.096 3962.883 3968.67 3974.137 3977.469 3980.801 3984.133 3987.466 3985.781 3980.669 3975.558 3970.447 3965.083 3955.621 3946.159 3936.698 3927.235 3917.852 3908.539 3899.228 3889.915 3880.603
3700.0 3700.0 3700.0 3700.0 3700.0 3700.0 3700.0 3700.0 3700.178 3700.601 3701.024 3701.447 3701.87 3706.622 3711.942 3717.262 3722.583 3729.243 3738.418 3747.593 3756.768 3765.942 3775.595 3785.359 3795.123 3804.886 3815.495 3828.327 3841.16 3853.992 3866.824 3877.882 3888.313 3898.745 3909.176 3918.67 3924.483 3930.297 3936.11 3941.924 3947.634 3953.291 3958.949 3964.607 3969.926 3972.984 3976.041 3979.099 3982.156 3980.264 3974.991 3969.719 3964.446 3958.968 3950.152 3941.336 3932.52 3923.704 3915.075 3906.619 3898.163 3889.706 3881.25
3700.0 3700.0 3700.0 3700.0 3700.0 3700.0 3700.0 3700.0 3700.246 3700.83 3701.415 3701.999 3702.584 3707.712 3713.436 3719.159 3724.883 3731.7 3740.568 3749.436 3758.304 3767.172 3776.077 3784.99 3793.904 3802.817 3812.805 3825.621 3838.437 3851.254 3864.07 3875.143 3885.601 3896.059 3906.517 3915.99 3921.594 3927.198 3932.801 3938.405 3943.958 3949.487 3955.016 3960.544 3965.715 3968.498 3971.281 3974.064 3976.847 3974.748 3969.313 3963.879 3958.445 3952.852 3944.682 3936.512 3928.342 3920.172 3912.299 3904.698 3897.098 3889.497 3881.897
3700.0 3700.0 3700.0 3700.0 3700.0 3700.0 3700.0 3700.0 3700.313 3701.06 3701.806 3702.552 3703.298 3708.801 3714.928 3721.056 3727.183 3734.157 3742.719 3751.28 3759.841 3768.402 3776.559 3784.622 3792.685 3800.747 3810.115 3822.915 3835.715 3848.515 3861.315 3872.404 3882.889 3893.374 3903.859 3913.311 3918.705 3924.098 3929.492 3934.885 3940.283 3945.682 3951.082 3956.481 3961.504 3964.013 3966.521 3969.03 3971.538 3969.231 3963.635 3958.04 3952.444 3946.737 3939.212 3931.688 3924.164 3916.64 3909.523 3902.778 3896.033 3889.288 3882.544
3700.042 3700.026 3700.009 3699.993 3699.989 3699.986 3699.982 3699.979 3700.36 3701.273 3702.186 3703.098 3704.011 3709.973 3716.598 3723.222 3729.847 3737.065 3745.396 3753.727 3762.057 3770.388 3777.829 3785.064 3792.299 3799.534 3808.236 3820.799 3833.362 3845.926 3858.489 3869.453 3879.851 3890.25 3900.648 3909.999 3915.229 3920.46 3925.691 3930.922 3936.197 3941.494 3946.791 3952.088 3956.99 3959.258 3961.527 3963.795 3966.063 3963.59 3957.877 3952.164 3946.452 3940.664 3933.655 3926.647 3919.638 3912.63 3906.149 3900.153 3894.157 3888.16 3882.164
