data/zism_data/00900_04_D.txt
ncols         224
nrows         224
[rows 120 to 149 of 224, columns 68 to 135 of 224]
1499.884 1499.929 1499.974 1500.0 1500.0 1500.0 1500.0 1500.0 1500.0 1500.0 1500.0 1500.0 1500.0 1500.0 1500.0 1500.0 1500.0 1500.0 1500.0 1500.0 1500.0 1500.0 1500.0 1500.0 1500.0 1500.0 1500.0 1500.0 1500.0 1500.0 1500.0 1500.0 1500.0 1500.0 1500.0 1500.0 1500.0 1500.0 1500.0 1499.988 1499.899 1499.81 1499.722 1499.633 1499.518 1499.387 1499.255 1499.124 1499.0 1499.0 1499.0 1499.0 1499.0 1499.0 1499.0 1499.0 1499.0 1499.0 1498.783 1498.562 1498.342 1498.121 1498.0 1498.0 1498.0 1498.0 1498.0 1498.0
1499.944 1499.966 1499.987 1500.0 1500.0 1500.0 1500.0 1500.0 1500.0 1500.0 1500.0 1500.0 1500.0 1500.0 1500.0 1500.0 1500.0 1500.0 1500.0 1500.0 1500.0 1500.0 1500.0 1500.0 1500.0 1500.0 1500.0 1500.0 1500.0 1500.0 1500.0 1500.0 1500.0 1500.0 1500.0 1500.0 1500.0 1500.0 1500.0 1499.992 1499.927 1499.861 1499.797 1499.731 1499.613 1499.457 1499.302 1499.146 1499.0 1499.0 1499.0 1499.0 1499.0 1499.0 1499.0 1499.0 1499.0 1499.0 1498.791 1498.579 1498.367 1498.155 1498.035 1498.026 1498.018 1498.009 1498.001 1498.0
1499.958 1499.974 1499.991 1500.0 1500.0 1500.0 1500.0 1500.0 1500.0 1500.0 1500.0 1500.0 1500.0 1500.0 1500.0 1500.0 1500.0 1500.0 1500.0 1500.0 1500.0 1500.0 1500.0 1500.0 1500.0 1500.0 1500.0 1500.0 1500.0 1500.0 1500.0 1500.0 1500.0 1500.0 1500.0 1500.0 1500.0 1500.0 1500.0 1499.994 1499.945 1499.896 1499.847 1499.798 1499.677 1499.505 1499.333 1499.162 1499.0 1499.0 1499.0 1499.0 1499.0 1499.0 1499.0 1499.0 1499.0 1499.0 1498.807 1498.611 1498.415 1498.22 1498.101 1498.076 1498.051 1498.027 1498.002 1498.0
1499.972 1499.983 1499.994 1500.0 1500.0 1500.0 1500.0 1500.0 1500.0 1500.0 1500.0 1500.0 1500.0 1500.0 1500.0 1500.0 1500.0 1500.0 1500.0 1500.0 1500.0 1500.0 1500.0 1500.0 1500.0 1500.0 1500.0 1500.0 1500.0 1500.0 1500.0 1500.0 1500.0 1500.0 1500.0 1500.0 1500.0 1500.0 1500.0 1499.996 1499.963 1499.931 1499.898 1499.865 1499.74 1499.553 1499.365 1499.177 1499.0 1499.0 1499.0 1499.0 1499.0 1499.0 1499.0 1499.0 1499.0 1499.0 1498.823 1498.643 1498.464 1498.284 1498.167 1498.126 1498.085 1498.044 1498.004 1498.0
1499.986 1499.991 1499.997 1500.0 1500.0 1500.0 1500.0 1500.0 1500.0 1500.0 1500.0 1500.0 1500.0 1500.0 1500.0 1500.0 1500.0 1500.0 1500.0 1500.0 1500.0 1500.0 1500.0 1500.0 1500.0 1500.0 1500.0 1500.0 1500.0 1500.0 1500.0 1500.0 1500.0 1500.0 1500.0 1500.0 1500.0 1500.0 1500.0 1499.998 1499.981 1499.965 1499.949 1499.932 1499.804 1499.6 1499.396 1499.192 1499.0 1499.0 1499.0 1499.0 1499.0 1499.0 1499.0 1499.0 1499.0 1499.0 1498.839 1498.676 1498.512 1498.349 1498.233 1498.176 1498.119 1498.062 1498.005 1498.0
1500.0 1500.0 1500.0 1500.0 1500.0 1500.0 1500.0 1500.0 1500.0 1500.0 1500.0 1500.0 1500.0 1500.0 1500.0 1500.0 1500.0 1500.0 1500.0 1500.0 1500.0 1500.0 1500.0 1500.0 1500.0 1500.0 1500.0 1500.0 1500.0 1500.0 1500.0 1500.0 1500.0 1500.0 1500.0 1500.0 1500.0 1500.0 1500.0 1500.0 1500.0 1500.0 1499.999 1499.999 1499.868 1499.648 1499.428 1499.207 1499.0 1499.0 1499.0 1499.0 1499.0 1499.0 1499.0 1499.0 1499.0 1499.0 1498.855 1498.708 1498.561 1498.413 1498.299 1498.226 1498.153 1498.08 1498.006 1498.0
1500.0 1500.0 1500.0 1500.0 1500.0 1500.0 1500.0 1500.0 1500.0 1500.0 1500.0 1500.0 1500.0 1500.0 1500.0 1500.0 1500.0 1500.0 1500.0 1500.0 1500.0 1500.0 1500.0 1500.0 1500.0 1500.0 1500.0 1500.0 1500.0 1500.0 1500.0 1500.0 1500.0 1500.0 1500.0 1500.0 1500.0 1500.0 1500.0 1499.998 1499.982 1499.966 1499.95 1499.934 1499.806 1499.602 1499.397 1499.193 1499.0 1499.0 1499.0 1499.0 1499.0 1499.0 1499.0 1499.0 1499.0 1499.0 1498.839 1498.677 1498.514 1498.351 1498.235 1498.178 1498.12 1498.063 1498.005 1498.0
1500.0 1500.0 1500.0 1500.0 1500.0 1500.0 1500.0 1500.0 1500.0 1500.0 1500.0 1500.0 1500.0 1500.0 1500.0 1500.0 1500.0 1500.0 1500.0 1500.0 1500.0 1500.0 1500.0 1500.0 1500.0 1500.0 1500.0 1500.0 1500.0 1500.0 1500.0 1500.0 1500.0 1500.0 1500.0 1500.0 1500.0 1500.0 1500.0 1499.996 1499.964 1499.932 1499.899 1499.867 1499.742 1499.554 1499.366 1499.177 1499.0 1499.0 1499.0 1499.0 1499.0 1499.0 1499.0 1499.0 1499.0 1499.0 1498.823 1498.644 1498.465 1498.286 1498.169 1498.128 1498.086 1498.045 1498.004 1498.0
1500.0 1500.0 1500.0 1500.0 1500.0 1500.0 1500.0 1500.0 1500.0 1500.0 1500.0 1500.0 1500.0 1500.0 1500.0 1500.0 1500.0 1500.0 1500.0 1500.0 1500.0 1500.0 1500.0 1500.0 1500.0 1500.0 1500.0 1500.0 1500.0 1500.0 1500.0 1500.0 1500.0 1500.0 1500.0 1500.0 1500.0 1500.0 1500.0 1499.994 1499.945 1499.897 1499.849 1499.8 1499.678 1499.506 1499.334 1499.162 1499.0 1499.0 1499.0 1499.0 1499.0 1499.0 1499.0 1499.0 1499.0 1499.0 1498.807 1498.612 1498.417 1498.222 1498.103 1498.078 1498.052 1498.027 1498.002 1498.0
1500.0 1500.0 1500.0 1500.0 1500.0 1500.0 1500.0 1500.0 1500.0 1500.0 1500.0 1500.0 1500.0 1500.0 1500.0 1500.0 1500.0 1500.0 1500.0 1500.0 1500.0 1500.0 1500.0 1500.0 1500.0 1500.0 1500.0 1500.0 1500.0 1500.0 1500.0 1500.0 1500.0 1500.0 1500.0 1500.0 1500.0 1500.0 1500.0 1499.992 1499.927 1499.863 1499.798 1499.733 1499.615 1499.459 1499.303 1499.147 1499.0 1499.0 1499.0 1499.0 1499.0 1499.0 1499.0 1499.0 1499.0 1499.0 1498.792 1498.58 1498.369 1498.157 1498.036 1498.028 1498.019 1498.01 1498.001 1498.0
1499.981 1499.989 1499.996 1500.0 1500.0 1500.0 1500.0 1500.0 1500.0 1500.0 1500.0 1500.0 1500.0 1500.0 1500.0 1500.0 1500.0 1500.0 1500.0 1500.0 1500.0 1500.0 1500.0 1500.0 1500.0 1500.0 1500.0 1500.0 1500.0 1500.0 1500.0 1500.0 1500.0 1500.0 1500.0 1500.0 1500.0 1500.0 1500.0 1499.989 1499.906 1499.823 1499.74 1499.656 1499.541 1499.404 1499.267 1499.129 1499.0 1499.0 1499.0 1499.0 1499.0 1499.0 1499.0 1499.0 1499.0 1499.0 1498.783 1498.562 1498.342 1498.121 1498.0 1498.0 1498.0 1498.0 1498.0 1498.0
1499.939 1499.963 1499.986 1500.0 1500.0 1500.0 1500.0 1500.0 1500.0 1500.0 1500.0 1500.0 1500.0 1500.0 1500.0 1500.0 1500.0 1500.0 1500.0 1500.0 1500.0 1500.0 1500.0 1500.0 1500.0 1500.0 1500.0 1500.0 1500.0 1500.0 1500.0 1500.0 1500.0 1500.0 1500.0 1500.0 1500.0 1500.0 1500.0 1499.986 1499.882 1499.777 1499.672 1499.567 1499.456 1499.34 1499.225 1499.109 1499.0 1499.0 1499.0 1499.0 1499.0 1499.0 1499.0 1499.0 1499.0 1499.0 1498.783 1498.562 1498.342 1498.121 1498.0 1498.0 1498.0 1498.0 1498.0 1498.0
1499.898 1499.937 1499.977 1500.0 1500.0 1500.0 1500.0 1500.0 1500.0 1500.0 1500.0 1500.0 1500.0 1500.0 1500.0 1500.0 1500.0 1500.0 1500.0 1500.0 1500.0 1500.0 1500.0 1500.0 1500.0 1500.0 1500.0 1500.0 1500.0 1500.0 1500.0 1500.0 1500.0 1500.0 1500.0 1500.0 1500.0 1500.0 1500.0 1499.984 1499.857 1499.731 1499.604 1499.478 1499.371 1499.277 1499.183 1499.089 1499.0 1499.0 1499.0 1499.0 1499.0 1499.0 1499.0 1499.0 1499.0 1499.0 1498.783 1498.562 1498.342 1498.121 1498.0 1498.0 1498.0 1498.0 1498.0 1498.0
1499.856 1499.912 1499.968 1500.0 1500.0 1500.0 1500.0 1500.0 1500.0 1500.0 1500.0 1500.0 1500.0 1500.0 1500.0 1500.0 1500.0 1500.0 1500.0 1500.0 1500.0 1500.0 1500.0 1500.0 1500.0 1500.0 1500.0 1500.0 1500.0 1500.0 1500.0 1500.0 1500.0 1500.0 1500.0 1500.0 1500.0 1500.0 1500.0 1499.981 1499.833 1499.685 1499.537 1499.389 1499.286 1499.213 1499.141 1499.068 1499.0 1499.0 1499.0 1499.0 1499.0 1499.0 1499.0 1499.0 1499.0 1499.0 1498.783 1498.562 1498.342 1498.121 1498.0 1498.0 1498.0 1498.0 1498.0 1498.0
1499.814 1499.886 1499.958 1500.0 1500.0 1500.0 1500.0 1500.0 1500.0 1500.0 1500.0 1500.0 1500.0 1500.0 1500.0 1500.0 1500.0 1500.0 1500.0 1500.0 1500.0 1500.0 1500.0 1500.0 1500.0 1500.0 1500.0 1500.0 1500.0 1500.0 1500.0 1500.0 1500.0 1500.0 1500.0 1500.0 1500.0 1500.0 1500.0 1499.978 1499.808 1499.639 1499.469 1499.3 1499.201 1499.15 1499.099 1499.048 1499.0 1499.0 1499.0 1499.0 1499.0 1499.0 1499.0 1499.0 1499.0 1499.0 1498.783 1498.562 1498.342 1498.121 1498.0 1498.0 1498.0 1498.0 1498.0 1498.0
1499.81 1499.884 1499.957 1500.0 1500.0 1500.0 1500.0 1500.0 1500.0 1500.0 1500.0 1500.0 1500.0 1500.0 1500.0 1500.0 1500.0 1500.0 1500.0 1500.0 1500.0 1500.004 1500.019 1500.034 1500.048 1500.063 1500.063 1500.058 1500.054 1500.049 1500.043 1500.033 1500.023 1500.013 1500.003 1499.98 1499.951 1499.921 1499.891 1499.846 1499.694 1499.543 1499.391 1499.239 1499.154 1499.115 1499.076 1499.037 1499.0 1499.0 1499.0 1499.0 1499.0 1499.0 1499.0 1499.0 1499.0 1499.0 1498.797 1498.592 1498.386 1498.18 1498.06 1498.046 1498.031 1498.016 1498.001 1498.0
1499.81 1499.884 1499.957 1500.0 1500.0 1500.0 1500.0 1500.0 1500.0 1500.0 1500.0 1500.0 1500.0 1500.0 1500.0 1500.0 1500.0 1500.0 1500.0 1500.0 1500.0 1500.009 1500.04 1500.071 1500.102 1500.132 1500.133 1500.123 1500.112 1500.102 1500.09 1500.069 1500.048 1500.028 1500.007 1499.959 1499.897 1499.835 1499.773 1499.702 1499.572 1499.442 1499.312 1499.181 1499.112 1499.083 1499.055 1499.027 1499.0 1499.0 1499.0 1499.0 1499.0 1499.0 1499.0 1499.0 1499.0 1499.0 1498.813 1498.624 1498.434 1498.245 1498.127 1498.096 1498.065 1498.034 1498.003 1498.0
1499.81 1499.884 1499.957 1500.0 1500.0 1500.0 1500.0 1500.0 1500.0 1500.0 1500.0 1500.0 1500.0 1500.0 1500.0 1500.0 1500.0 1500.0 1500.0 1500.0 1500.0 1500.013 1500.06 1500.107 1500.155 1500.202 1500.203 1500.187 1500.171 1500.155 1500.136 1500.105 1500.073 1500.042 1500.01 1499.937 1499.843 1499.748 1499.654 1499.558 1499.449 1499.341 1499.232 1499.124 1499.069 1499.052 1499.034 1499.016 1499.0 1499.0 1499.0 1499.0 1499.0 1499.0 1499.0 1499.0 1499.0 1499.0 1498.829 1498.656 1498.483 1498.309 1498.193 1498.146 1498.099 1498.051 1498.004 1498.0
1499.81 1499.884 1499.957 1500.0 1500.0 1500.0 1500.0 1500.0 1500.0 1500.0 1500.0 1500.0 1500.0 1500.0 1500.0 1500.0 1500.0 1500.0 1500.0 1500.0 1500.0 1500.017 1500.081 1500.144 1500.208 1500.271 1500.272 1500.251 1500.23 1500.209 1500.183 1500.141 1500.099 1500.056 1500.014 1499.916 1499.789 1499.662 1499.535 1499.413 1499.327 1499.24 1499.153 1499.066 1499.026 1499.02 1499.013 1499.006 1499.0 1499.0 1499.0 1499.0 1499.0 1499.0 1499.0 1499.0 1499.0 1499.0 1498.845 1498.688 1498.531 1498.374 1498.259 1498.196 1498.132 1498.069 1498.005 1498.0
1499.826 1499.894 1499.961 1500.0 1500.0 1500.0 1500.0 1500.0 1500.0 1500.0 1500.0 1500.0 1500.0 1500.0 1500.0 1500.0 1500.0 1500.0 1500.0 1500.0 1500.0 1500.024 1500.109 1500.195 1500.281 1500.366 1500.372 1500.35 1500.327 1500.305 1500.274 1500.211 1500.148 1500.084 1500.021 1499.91 1499.775 1499.641 1499.506 1499.377 1499.292 1499.206 1499.12 1499.035 1499.0 1499.0 1499.0 1499.0 1499.0 1499.0 1499.0 1499.0 1499.0 1499.0 1499.0 1499.0 1499.0 1499.0 1498.867 1498.732 1498.598 1498.463 1498.353 1498.273 1498.194 1498.114 1498.035 1498.022
1499.868 1499.919 1499.97 1500.0 1500.0 1500.0 1500.0 1500.0 1500.0 1500.0 1500.0 1500.0 1500.0 1500.0 1500.0 1500.0 1500.0 1500.0 1500.0 1500.0 1500.0 1500.032 1500.151 1500.269 1500.387 1500.505 1500.523 1500.506 1500.489 1500.472 1500.438 1500.337 1500.236 1500.135 1500.034 1499.932 1499.829 1499.727 1499.625 1499.52 1499.402 1499.284 1499.166 1499.048 1499.0 1499.0 1499.0 1499.0 1499.0 1499.0 1499.0 1499.0 1499.0 1499.0 1499.0 1499.0 1499.0 1499.0 1498.899 1498.797 1498.694 1498.592 1498.493 1498.397 1498.301 1498.205 1498.109 1498.081
1499.91 1499.945 1499.98 1500.0 1500.0 1500.0 1500.0 1500.0 1500.0 1500.0 1500.0 1500.0 1500.0 1500.0 1500.0 1500.0 1500.0 1500.0 1500.0 1500.0 1500.0 1500.041 1500.192 1500.342 1500.493 1500.643 1500.674 1500.662 1500.651 1500.639 1500.602 1500.463 1500.324 1500.185 1500.046 1499.953 1499.883 1499.813 1499.743 1499.663 1499.512 1499.362 1499.212 1499.061 1499.0 1499.0 1499.0 1499.0 1499.0 1499.0 1499.0 1499.0 1499.0 1499.0 1499.0 1499.0 1499.0 1499.0 1498.931 1498.861 1498.791 1498.721 1498.632 1498.52 1498.408 1498.296 1498.184 1498.139
1499.952 1499.97 1499.989 1500.0 1500.0 1500.0 1500.0 1500.0 1500.0 1500.0 1500.0 1500.0 1500.0 1500.0 1500.0 1500.0 1500.0 1500.0 1500.0 1500.0 1500.0 1500.05 1500.233 1500.416 1500.599 1500.782 1500.825 1500.819 1500.813 1500.806 1500.765 1500.589 1500.412 1500.235 1500.059 1499.975 1499.937 1499.9 1499.862 1499.806 1499.623 1499.44 1499.257 1499.074 1499.0 1499.0 1499.0 1499.0 1499.0 1499.0 1499.0 1499.0 1499.0 1499.0 1499.0 1499.0 1499.0 1499.0 1498.963 1498.925 1498.888 1498.85 1498.772 1498.644 1498.516 1498.387 1498.259 1498.198
1499.993 1499.996 1499.999 1500.0 1500.0 1500.0 1500.0 1500.0 1500.0 1500.0 1500.0 1500.0 1500.0 1500.0 1500.0 1500.0 1500.0 1500.0 1500.0 1500.0 1500.0 1500.059 1500.275 1500.49 1500.705 1500.92 1500.976 1500.975 1500.974 1500.973 1500.929 1500.715 1500.5 1500.286 1500.071 1499.997 1499.991 1499.986 1499.981 1499.948 1499.733 1499.518 1499.303 1499.087 1499.0 1499.0 1499.0 1499.0 1499.0 1499.0 1499.0 1499.0 1499.0 1499.0 1499.0 1499.0 1499.0 1499.0 1498.995 1498.99 1498.985 1498.979 1498.912 1498.767 1498.623 1498.479 1498.334 1498.257
1500.0 1500.0 1500.0 1500.0 1500.0 1500.0 1500.0 1500.0 1500.0 1500.0 1500.0 1500.0 1500.0 1500.0 1500.0 1500.0 1500.0 1500.033 1500.074 1500.115 1500.156 1500.235 1500.414 1500.594 1500.774 1500.953 1501.007 1501.016 1501.025 1501.034 1501.003 1500.814 1500.625 1500.437 1500.248 1500.164 1500.132 1500.101 1500.069 1500.016 1499.823 1499.63 1499.436 1499.243 1499.159 1499.15 1499.141 1499.132 1499.122 1499.104 1499.086 1499.068 1499.05 1499.036 1499.027 1499.018 1499.009 1499.0 1499.0 1499.0 1499.0 1499.0 1498.942 1498.813 1498.684 1498.556 1498.427 1498.332
1500.0 1500.0 1500.0 1500.0 1500.0 1500.0 1500.0 1500.0 1500.0 1500.0 1500.0 1500.0 1500.0 1500.0 1500.0 1500.0 1500.0 1500.073 1500.162 1500.251 1500.341 1500.442 1500.573 1500.704 1500.835 1500.966 1501.015 1501.035 1501.054 1501.074 1501.06 1500.909 1500.758 1500.607 1500.456 1500.359 1500.29 1500.22 1500.151 1500.069 1499.908 1499.748 1499.587 1499.426 1499.349 1499.329 1499.309 1499.289 1499.268 1499.228 1499.189 1499.149 1499.109 1499.08 1499.06 1499.04 1499.02 1499.0 1499.0 1499.0 1499.0 1499.0 1498.952 1498.845 1498.737 1498.63 1498.523 1498.41
1500.0 1500.0 1500.0 1500.0 1500.0 1500.0 1500.0 1500.0 1500.0 1500.0 1500.0 1500.0 1500.0 1500.0 1500.0 1500.0 1500.0 1500.112 1500.25 1500.388 1500.526 1500.649 1500.731 1500.814 1500.896 1500.979 1501.023 1501.053 1501.084 1501.115 1501.116 1501.003 1500.89 1500.777 1500.664 1500.555 1500.447 1500.34 1500.233 1500.122 1499.994 1499.866 1499.737 1499.609 1499.538 1499.508 1499.477 1499.446 1499.414 1499.353 1499.291 1499.23 1499.168 1499.123 1499.092 1499.062 1499.031 1499.0 1499.0 1499.0 1499.0 1499.0 1498.962 1498.876 1498.79 1498.705 1498.619 1498.489
1500.0 1500.0 1500.0 1500.0 1500.0 1500.0 1500.0 1500.0 1500.0 1500.0 1500.0 1500.0 1500.0 1500.0 1500.0 1500.0 1500.0 1500.151 1500.338 1500.525 1500.711 1500.856 1500.89 1500.924 1500.957 1500.991 1501.031 1501.072 1501.114 1501.155 1501.173 1501.098 1501.022 1500.947 1500.872 1500.75 1500.605 1500.459 1500.314 1500.176 1500.08 1499.984 1499.888 1499.792 1499.728 1499.686 1499.645 1499.604 1499.56 1499.477 1499.394 1499.311 1499.228 1499.167 1499.125 1499.083 1499.042 1499.001 1499.0 1499.0 1499.0 1499.0 1498.971 1498.907 1498.843 1498.779 1498.715 1498.567
1500.0 1500.0 1500.0 1500.0 1500.0 1500.0 1500.0 1500.0 1500.0 1500.0 1500.0 1500.0 1500.0 1500.0 1500.0 1500.0 1500.0 1500.175 1500.39 1500.606 1500.821 1500.98 1500.988 1500.996 1501.005 1501.013 1501.058 1501.117 1501.176 1501.235 1501.273 1501.231 1501.188 1501.146 1501.104 1500.975 1500.804 1500.632 1500.461 1500.301 1500.221 1500.141 1500.061 1499.981 1499.915 1499.857 1499.8 1499.743 1499.683 1499.582 1499.481 1499.379 1499.278 1499.203 1499.153 1499.102 1499.051 1499.001 1499.0 1499.0 1499.0 1499.0 1498.979 1498.934 1498.888 1498.842 1498.797 1498.638
1500.0 1500.0 1500.0 1500.0 1500.0 1500.0 1500.0 1500.0 1500.0 1500.0 1500.0 1500.0 1500.0 1500.0 1500.0 1500.0 1500.0 1500.162 1500.361 1500.56 1500.76 1500.914 1500.949 1500.984 1501.02 1501.055 1501.131 1501.223 1501.314 1501.405 1501.474 1501.453 1501.432 1501.411 1501.39 1501.269 1501.098 1500.926 1500.755 1500.592 1500.491 1500.389 1500.287 1500.186 1500.094 1500.01 1499.926 1499.842 1499.756 1499.644 1499.532 1499.42 1499.308 1499.225 1499.169 1499.113 1499.057 1499.001 1499.0 1499.0 1499.0 1499.0 1498.984 1498.949 1498.914 1498.88 1498.845 1498.692
