data/zism_data/00914_03_D.txt
ncols         224
nrows         224
[rows 0 to 27 of 224, columns 126 to 188 of 224]
4067.217 4071.581 4075.945 4080.309 4084.673 4089.568 4094.872 4100.175 4105.479 4110.825 4119.035 4127.244 4135.454 4143.664 4152.702 4162.699 4172.695 4182.692 4192.688 4204.587 4216.667 4228.748 4240.828 4252.588 4263.788 4274.987 4286.186 4297.385 4308.325 4319.205 4330.085 4340.965 4350.889 4358.103 4365.317 4372.531 4379.745 4385.469 4390.584 4395.7 4400.816 4405.111 4405.079 4405.045 4405.012 4404.979 4401.889 4396.833 4391.776 4386.72 4381.835 4379.736 4377.638 4375.539 4373.439 4372.006 4371.218 4370.431 4369.644 4368.856 4370.697 4372.659 4374.62
4076.634 4080.091 4083.549 4087.006 4090.463 4094.551 4099.125 4103.699 4108.273 4112.895 4120.729 4128.563 4136.397 4144.231 4152.969 4162.75 4172.533 4182.314 4192.097 4203.874 4215.841 4227.809 4239.776 4251.508 4262.825 4274.142 4285.459 4296.776 4308.379 4320.048 4331.717 4343.385 4354.263 4362.898 4371.534 4380.17 4388.806 4395.475 4401.342 4407.209 4413.077 4417.987 4417.852 4417.717 4417.582 4417.447 4413.862 4408.061 4402.258 4396.457 4390.797 4387.454 4384.11 4380.766 4377.422 4374.6 4372.283 4369.966 4367.65 4365.333 4365.851 4366.498 4367.145
4086.052 4088.602 4091.152 4093.703 4096.253 4099.535 4103.379 4107.224 4111.068 4114.965 4122.423 4129.882 4137.34 4144.799 4153.235 4162.803 4172.37 4181.938 4191.505 4203.161 4215.016 4226.87 4238.725 4250.428 4261.863 4273.298 4284.733 4296.168 4308.433 4320.891 4333.348 4345.806 4357.637 4367.695 4377.752 4387.81 4397.867 4405.482 4412.101 4418.719 4425.337 4430.862 4430.625 4430.389 4430.152 4429.915 4425.837 4419.289 4412.741 4406.193 4399.759 4395.171 4390.583 4385.994 4381.405 4377.193 4373.348 4369.502 4365.656 4361.811 4361.004 4360.336 4359.668
4093.472 4095.491 4097.511 4099.531 4101.55 4104.38 4107.832 4111.284 4114.736 4118.242 4125.341 4132.441 4139.541 4146.641 4154.685 4163.821 4172.957 4182.092 4191.228 4202.486 4213.946 4225.406 4236.866 4248.292 4259.657 4271.022 4282.388 4293.752 4306.261 4319.035 4331.809 4344.582 4356.917 4368.008 4379.1 4390.19 4401.282 4409.822 4417.322 4424.822 4432.321 4438.608 4438.503 4438.398 4438.293 4438.188 4433.794 4426.643 4419.492 4412.34 4405.278 4399.662 4394.046 4388.429 4382.813 4377.498 4372.475 4367.452 4362.429 4357.406 4355.448 4353.63 4351.812
4098.445 4100.395 4102.345 4104.294 4106.245 4109.056 4112.529 4116.003 4119.477 4122.998 4129.76 4136.521 4143.283 4150.045 4157.584 4166.022 4174.461 4182.899 4191.337 4201.859 4212.579 4223.298 4234.018 4244.862 4255.927 4266.992 4278.057 4289.121 4301.36 4313.871 4326.381 4338.892 4351.178 4362.828 4374.477 4386.126 4397.775 4407.216 4415.757 4424.297 4432.838 4440.067 4440.38 4440.694 4441.007 4441.321 4436.829 4429.249 4421.668 4414.088 4406.577 4400.199 4393.821 4387.442 4381.064 4374.995 4369.227 4363.458 4357.689 4351.92 4349.021 4346.253 4343.485
4103.417 4105.298 4107.178 4109.058 4110.938 4113.731 4117.226 4120.721 4124.216 4127.754 4134.178 4140.602 4147.025 4153.449 4160.484 4168.225 4175.965 4183.706 4191.447 4201.231 4211.211 4221.19 4231.169 4241.433 4252.197 4262.961 4273.726 4284.49 4296.458 4308.707 4320.955 4333.202 4345.439 4357.647 4369.854 4382.061 4394.268 4404.611 4414.192 4423.773 4433.354 4441.525 4442.257 4442.989 4443.721 4444.453 4439.864 4431.854 4423.845 4415.835 4407.875 4400.735 4393.596 4386.456 4379.315 4372.493 4365.978 4359.463 4352.949 4346.435 4342.595 4338.877 4335.16
4108.39 4110.201 4112.011 4113.822 4115.632 4118.407 4121.923 4125.44 4128.957 4132.511 4138.596 4144.682 4150.768 4156.854 4163.383 4170.426 4177.47 4184.513 4191.557 4200.604 4209.843 4219.082 4228.321 4238.003 4248.467 4258.931 4269.395 4279.858 4291.557 4303.542 4315.527 4327.512 4339.701 4352.466 4365.231 4377.996 4390.761 4402.005 4412.627 4423.249 4433.871 4442.983 4444.134 4445.285 4446.435 4447.586 4442.899 4434.46 4426.021 4417.582 4409.174 4401.272 4393.371 4385.469 4377.567 4369.99 4362.73 4355.469 4348.209 4340.949 4336.168 4331.501 4326.834
4113.363 4115.104 4116.844 4118.585 4120.326 4123.083 4126.621 4130.159 4133.697 4137.267 4143.015 4148.762 4154.51 4160.257 4166.283 4172.628 4178.974 4185.32 4191.666 4199.977 4208.476 4216.974 4225.473 4234.574 4244.738 4254.901 4265.064 4275.228 4286.656 4298.378 4310.1 4321.822 4333.962 4347.285 4360.608 4373.931 4387.254 4399.399 4411.062 4422.725 4434.388 4444.442 4446.011 4447.58 4449.149 4450.718 4445.934 4437.066 4428.197 4419.329 4410.473 4401.809 4393.146 4384.482 4375.818 4367.488 4359.481 4351.476 4343.469 4335.463 4329.742 4324.125 4318.508
4115.743 4117.756 4119.769 4121.782 4123.795 4126.754 4130.438 4134.124 4137.809 4141.521 4147.128 4152.736 4158.343 4163.951 4169.812 4175.966 4182.121 4188.275 4194.43 4202.414 4210.572 4218.73 4226.889 4235.561 4245.14 4254.718 4264.296 4273.875 4284.283 4294.884 4305.485 4316.086 4327.232 4339.923 4352.613 4365.304 4377.994 4389.972 4401.658 4413.345 4425.032 4435.206 4437.406 4439.605 4441.805 4444.005 4439.772 4431.405 4423.039 4414.671 4406.286 4397.598 4388.91 4380.222 4371.534 4363.08 4354.854 4346.627 4338.4 4330.174 4324.149 4318.223 4312.298
4117.83 4120.154 4122.479 4124.803 4127.127 4130.312 4134.158 4138.003 4141.85 4145.719 4151.208 4156.698 4162.187 4167.676 4173.412 4179.432 4185.453 4191.473 4197.494 4205.196 4213.06 4220.923 4228.786 4237.047 4246.008 4254.97 4263.931 4272.892 4282.196 4291.579 4300.962 4310.345 4320.391 4332.314 4344.237 4356.161 4368.083 4379.774 4391.37 4402.965 4414.561 4424.763 4427.617 4430.471 4433.325 4436.18 4432.572 4424.812 4417.051 4409.29 4401.479 4392.85 4384.221 4375.592 4366.963 4358.457 4350.069 4341.682 4333.294 4324.907 4318.649 4312.487 4306.326
4119.917 4122.553 4125.188 4127.824 4130.459 4133.87 4137.876 4141.883 4145.89 4149.917 4155.288 4160.66 4166.031 4171.402 4177.012 4182.898 4188.785 4194.671 4200.557 4207.979 4215.547 4223.115 4230.683 4238.532 4246.877 4255.221 4263.565 4271.91 4280.109 4288.274 4296.439 4304.604 4313.55 4324.706 4335.862 4347.018 4358.173 4369.577 4381.081 4392.585 4404.09 4414.319 4417.828 4421.337 4424.846 4428.354 4425.373 4418.218 4411.063 4403.909 4396.673 4388.103 4379.533 4370.963 4362.393 4353.834 4345.286 4336.737 4328.188 4319.64 4313.149 4306.752 4300.354
4122.004 4124.951 4127.897 4130.844 4133.791 4137.428 4141.596 4145.764 4149.931 4154.115 4159.368 4164.622 4169.875 4175.128 4180.612 4186.365 4192.117 4197.869 4203.621 4210.762 4218.035 4225.308 4232.581 4240.018 4247.745 4255.473 4263.2 4270.927 4278.021 4284.969 4291.916 4298.863 4306.708 4317.097 4327.486 4337.875 4348.263 4359.379 4370.792 4382.206 4393.619 4403.876 4408.04 4412.203 4416.366 4420.529 4418.172 4411.625 4405.076 4398.528 4391.866 4383.355 4374.844 4366.333 4357.822 4349.211 4340.501 4331.792 4323.083 4314.374 4307.649 4301.016 4294.382
4122.762 4125.985 4129.207 4132.43 4135.652 4139.543 4143.948 4148.354 4152.759 4157.178 4162.546 4167.915 4173.284 4178.652 4184.219 4190.017 4195.813 4201.61 4207.408 4214.348 4221.396 4228.445 4235.494 4242.586 4249.754 4256.922 4264.09 4271.259 4277.353 4283.198 4289.043 4294.888 4301.738 4311.436 4321.134 4330.832 4340.53 4351.225 4362.327 4373.429 4384.53 4394.556 4398.907 4403.258 4407.61 4411.961 4409.977 4403.919 4397.861 4391.804 4385.61 4377.209 4368.808 4360.406 4352.004 4343.448 4334.742 4326.036 4317.33 4308.624 4301.633 4294.721 4287.808
4121.028 4124.46 4127.892 4131.324 4134.755 4138.953 4143.739 4148.525 4153.311 4158.114 4164.035 4169.956 4175.877 4181.798 4187.839 4194.017 4200.195 4206.373 4212.551 4219.441 4226.398 4233.356 4240.313 4247.184 4253.901 4260.619 4267.336 4274.054 4279.345 4284.305 4289.264 4294.224 4300.277 4309.428 4318.579 4327.729 4336.88 4346.902 4357.279 4367.657 4378.034 4387.341 4391.006 4394.67 4398.335 4402.0 4399.913 4394.129 4388.345 4382.561 4376.637 4368.439 4360.242 4352.044 4343.846 4335.549 4327.154 4318.759 4310.364 4301.969 4294.648 4287.376 4280.104
4119.295 4122.936 4126.577 4130.218 4133.859 4138.362 4143.529 4148.696 4153.863 4159.049 4165.523 4171.997 4178.471 4184.945 4191.458 4198.017 4204.576 4211.135 4217.694 4224.534 4231.4 4238.266 4245.133 4251.782 4258.048 4264.315 4270.582 4276.849 4281.336 4285.411 4289.485 4293.56 4298.816 4307.419 4316.023 4324.626 4333.23 4342.579 4352.232 4361.885 4371.538 4380.126 4383.104 4386.082 4389.06 4392.038 4389.849 4384.339 4378.828 4373.318 4367.664 4359.67 4351.676 4343.683 4335.688 4327.649 4319.565 4311.482 4303.398 4295.314 4287.663 4280.032 4272.4
4117.561 4121.411 4125.262 4129.112 4132.962 4137.772 4143.32 4148.868 4154.416 4159.985 4167.012 4174.038 4181.065 4188.091 4195.077 4202.017 4208.957 4215.897 4222.837 4229.626 4236.402 4243.177 4249.952 4256.38 4262.196 4268.012 4273.828 4279.644 4283.328 4286.518 4289.707 4292.896 4297.354 4305.411 4313.467 4321.523 4329.58 4338.255 4347.184 4356.113 4365.042 4372.912 4375.203 4377.494 4379.785 4382.076 4379.785 4374.548 4369.312 4364.075 4358.69 4350.9 4343.11 4335.321 4327.531 4319.75 4311.977 4304.205 4296.432 4288.66 4280.678 4272.687 4264.696
4115.827 4119.887 4123.946 4128.006 4132.065 4137.182 4143.11 4149.04 4154.968 4160.921 4168.5 4176.079 4183.658 4191.237 4198.697 4206.018 4213.338 4220.659 4227.98 4234.72 4241.403 4248.087 4254.771 4260.978 4266.343 4271.708 4277.074 4282.439 4285.32 4287.624 4289.928 4292.231 4295.894 4303.402 4310.911 4318.42 4325.929 4333.932 4342.137 4350.341 4358.545 4365.697 4367.302 4368.906 4370.51 4372.114 4369.721 4364.758 4359.795 4354.833 4349.717 4342.131 4334.545 4326.959 4319.373 4311.85 4304.389 4296.927 4289.466 4282.005 4273.693 4265.342 4256.992
4109.799 4114.29 4118.781 4123.272 4127.764 4133.408 4139.94 4146.473 4153.005 4159.559 4167.566 4175.574 4183.582 4191.589 4199.487 4207.257 4215.027 4222.797 4230.568 4237.712 4244.796 4251.881 4258.965 4265.438 4270.831 4276.225 4281.619 4287.012 4290.093 4292.636 4295.18 4297.723 4301.582 4309.168 4316.754 4324.34 4331.926 4339.379 4346.778 4354.177 4361.576 4367.853 4368.214 4368.576 4368.938 4369.299 4365.729 4359.633 4353.537 4347.44 4341.241 4333.358 4325.476 4317.593 4309.71 4302.013 4294.495 4286.977 4279.459 4271.941 4263.847 4255.728 4247.607
4102.677 4107.656 4112.636 4117.615 4122.595 4128.825 4136.017 4143.209 4150.401 4157.611 4166.016 4174.42 4182.825 4191.23 4199.557 4207.794 4216.031 4224.268 4232.505 4240.17 4247.78 4255.391 4263.001 4269.862 4275.406 4280.95 4286.494 4292.038 4295.574 4298.643 4301.712 4304.781 4309.09 4316.913 4324.735 4332.557 4340.379 4347.314 4353.887 4360.459 4367.032 4372.394 4371.371 4370.348 4369.325 4368.302 4363.283 4355.695 4348.107 4340.52 4332.89 4324.583 4316.277 4307.971 4299.664 4291.681 4284.013 4276.345 4268.677 4261.009 4253.273 4245.534 4237.795
4095.555 4101.023 4106.491 4111.958 4117.426 4124.241 4132.093 4139.945 4147.797 4155.664 4164.465 4173.267 4182.069 4190.871 4199.627 4208.331 4217.034 4225.738 4234.442 4242.627 4250.764 4258.9 4267.036 4274.288 4279.981 4285.676 4291.37 4297.064 4301.055 4304.649 4308.245 4311.84 4316.599 4324.657 4332.715 4340.774 4348.832 4355.249 4360.995 4366.741 4372.487 4376.934 4374.527 4372.12 4369.713 4367.306 4360.837 4351.758 4342.678 4333.599 4324.54 4315.809 4307.079 4298.349 4289.618 4281.351 4273.532 4265.713 4257.895 4250.077 4242.699 4235.341 4227.983
4088.434 4094.389 4100.345 4106.301 4112.257 4119.658 4128.17 4136.682 4145.194 4153.716 4162.915 4172.113 4181.313 4190.511 4199.697 4208.867 4218.038 4227.208 4236.379 4245.085 4253.748 4262.409 4271.071 4278.712 4284.557 4290.401 4296.246 4302.09 4306.536 4310.656 4314.777 4318.898 4324.107 4332.402 4340.696 4348.991 4357.285 4363.183 4368.103 4373.023 4377.943 4381.475 4377.683 4373.892 4370.101 4366.309 4358.391 4347.82 4337.249 4326.678 4316.189 4307.035 4297.88 4288.726 4279.572 4271.019 4263.05 4255.082 4247.113 4239.145 4232.125 4225.148 4218.171
4080.954 4087.427 4093.901 4100.374 4106.847 4114.789 4123.86 4132.932 4142.003 4151.082 4160.642 4170.202 4179.763 4189.323 4198.887 4208.458 4218.027 4227.597 4237.167 4246.318 4255.429 4264.541 4273.651 4281.667 4287.754 4293.841 4299.928 4306.016 4310.939 4315.592 4320.246 4324.899 4330.541 4338.982 4347.424 4355.866 4364.308 4369.796 4374.079 4378.362 4382.645 4385.502 4380.843 4376.185 4371.526 4366.867 4357.94 4346.269 4334.597 4322.925 4311.359 4301.504 4291.648 4281.792 4271.937 4262.816 4254.411 4246.005 4237.599 4229.194 4222.596 4216.081 4209.565
4072.381 4079.461 4086.541 4093.62 4100.699 4109.047 4118.371 4127.695 4137.018 4146.349 4156.161 4165.974 4175.786 4185.598 4195.388 4205.151 4214.914 4224.677 4234.44 4243.804 4253.13 4262.456 4271.781 4280.124 4286.737 4293.35 4299.963 4306.576 4312.047 4317.252 4322.458 4327.665 4333.682 4342.0 4350.319 4358.637 4366.956 4372.367 4376.59 4380.814 4385.038 4387.959 4384.014 4380.069 4376.124 4372.179 4363.59 4352.015 4340.44 4328.865 4317.3 4305.894 4294.488 4283.082 4271.675 4261.125 4251.404 4241.684 4231.964 4222.244 4216.266 4210.459 4204.652
4063.808 4071.494 4079.18 4086.866 4094.552 4103.306 4112.881 4122.457 4132.033 4141.616 4151.681 4161.745 4171.81 4181.874 4191.888 4201.844 4211.801 4221.757 4231.713 4241.29 4250.83 4260.371 4269.911 4278.581 4285.72 4292.858 4299.997 4307.136 4313.154 4318.913 4324.671 4330.43 4336.824 4345.019 4353.214 4361.409 4369.604 4374.937 4379.102 4383.267 4387.432 4390.417 4387.186 4383.954 4380.723 4377.491 4369.24 4357.762 4346.283 4334.805 4323.241 4310.285 4297.328 4284.371 4271.414 4259.432 4248.397 4237.363 4226.328 4215.293 4209.937 4204.837 4199.738
4055.235 4063.527 4071.82 4080.112 4088.404 4097.564 4107.392 4117.22 4127.048 4136.883 4147.2 4157.516 4167.833 4178.149 4188.389 4198.538 4208.688 4218.837 4228.986 4238.775 4248.53 4258.286 4268.04 4277.038 4284.702 4292.367 4300.032 4307.696 4314.262 4320.573 4326.885 4333.196 4339.966 4348.038 4356.109 4364.181 4372.252 4377.508 4381.613 4385.719 4389.825 4392.875 4390.357 4387.839 4385.321 4382.803 4374.89 4363.508 4352.126 4340.745 4329.183 4314.675 4300.167 4285.66 4271.153 4257.74 4245.391 4233.042 4220.692 4208.343 4203.606 4199.215 4194.825
4046.662 4055.561 4064.459 4073.358 4082.256 4091.822 4101.902 4111.982 4122.063 4132.15 4142.719 4153.288 4163.856 4174.425 4184.889 4195.231 4205.574 4215.917 4226.259 4236.261 4246.231 4256.2 4266.17 4275.495 4283.685 4291.875 4300.066 4308.256 4315.37 4322.234 4329.098 4335.961 4343.108 4351.056 4359.004 4366.953 4374.9 4380.078 4384.125 4388.172 4392.218 4395.333 4393.528 4391.724 4389.919 4388.115 4380.54 4369.255 4357.97 4346.685 4335.124 4319.065 4303.007 4286.949 4270.891 4256.048 4242.384 4228.72 4215.057 4201.393 4197.276 4193.594 4189.911
4045.689 4054.38 4063.071 4071.762 4080.453 4089.943 4100.048 4110.152 4120.257 4130.372 4141.159 4151.947 4162.734 4173.521 4184.005 4194.138 4204.271 4214.403 4224.536 4234.293 4244.014 4253.735 4263.457 4272.588 4280.681 4288.773 4296.866 4304.959 4312.146 4319.122 4326.098 4333.074 4340.2 4347.752 4355.305 4362.857 4370.409 4375.34 4379.201 4383.062 4386.922 4390.014 4389.05 4388.086 4387.123 4386.159 4379.201 4368.389 4357.578 4346.767 4335.629 4319.196 4302.764 4286.331 4269.897 4254.547 4240.248 4225.949 4211.65 4197.352 4193.385 4189.888 4186.391
4048.041 4056.169 4064.296 4072.424 4080.552 4089.754 4099.784 4109.813 4119.843 4129.886 4140.877 4151.869 4162.86 4173.851 4184.265 4194.012 4203.758 4213.504 4223.251 4232.563 4241.833 4251.104 4260.375 4269.084 4276.807 4284.529 4292.252 4299.975 4307.026 4313.922 4320.817 4327.713 4334.645 4341.683 4348.72 4355.757 4362.794 4367.404 4371.023 4374.643 4378.262 4381.294 4381.226 4381.158 4381.091 4381.023 4374.804 4364.631 4354.458 4344.285 4333.757 4317.464 4301.17 4284.877 4268.583 4253.13 4238.494 4223.856 4209.22 4194.583 4190.561 4187.021 4183.481
