data/zism_data/00914_01_D.txt
ncols         224
nrows         224
[rows 140 to 167 of 224, columns 0 to 63 of 224]
3700.0 3700.0 3700.0 3700.0 3700.005 3700.01 3700.015 3700.02 3700.331 3701.04 3701.75 3702.459 3703.168 3705.757 3708.592 3711.427 3714.263 3717.236 3720.486 3723.736 3726.985 3730.235 3733.042 3735.725 3738.409 3741.093 3743.304 3743.951 3744.598 3745.245 3745.891 3748.784 3752.728 3756.672 3760.615 3765.293 3774.863 3784.432 3794.002 3803.572 3816.328 3831.396 3846.463 3861.531 3876.484 3887.617 3898.751 3909.885 3921.018 3930.513 3938.22 3945.927 3953.634 3961.341 3967.773 3974.106 3980.44 3986.773 3992.33 3996.604 4000.878 4005.152 4009.426 4011.837
3700.0 3700.0 3700.0 3700.0 3700.015 3700.031 3700.047 3700.063 3700.564 3701.697 3702.83 3703.964 3705.097 3708.531 3712.268 3716.005 3719.741 3723.405 3726.923 3730.441 3733.959 3737.477 3740.38 3743.112 3745.844 3748.576 3750.818 3751.438 3752.058 3752.678 3753.298 3755.842 3759.287 3762.732 3766.177 3770.365 3779.511 3788.656 3797.802 3806.948 3819.53 3834.603 3849.676 3864.748 3879.698 3890.515 3901.332 3912.149 3922.966 3932.236 3939.82 3947.403 3954.987 3962.57 3969.208 3975.772 3982.336 3988.9 3994.86 3999.82 4004.781 4009.742 4014.703 4017.699
3700.0 3700.0 3700.0 3700.0 3700.026 3700.052 3700.079 3700.105 3700.797 3702.354 3703.911 3705.468 3707.025 3711.306 3715.944 3720.582 3725.22 3729.574 3733.361 3737.147 3740.933 3744.719 3747.718 3750.499 3753.279 3756.059 3758.332 3758.925 3759.519 3760.112 3760.705 3762.901 3765.846 3768.792 3771.738 3775.437 3784.159 3792.881 3801.603 3810.325 3822.731 3837.81 3852.888 3867.966 3882.911 3893.412 3903.912 3914.413 3924.913 3933.96 3941.42 3948.88 3956.34 3963.8 3970.643 3977.438 3984.232 3991.027 3997.389 4003.037 4008.684 4014.332 4019.979 4023.56
3700.0 3700.0 3700.0 3700.0 3700.037 3700.074 3700.111 3700.148 3701.03 3703.011 3704.992 3706.973 3708.954 3714.081 3719.62 3725.159 3730.699 3735.743 3739.798 3743.852 3747.907 3751.961 3755.056 3757.885 3760.714 3763.542 3765.846 3766.412 3766.979 3767.545 3768.111 3769.959 3772.406 3774.853 3777.299 3780.509 3788.807 3797.105 3805.404 3813.701 3825.933 3841.017 3856.1 3871.184 3886.125 3896.309 3906.493 3916.677 3926.861 3935.683 3943.02 3950.356 3957.693 3965.03 3972.078 3979.103 3986.128 3993.154 3999.919 4006.253 4012.587 4018.921 4025.256 4029.422
3700.0 3700.0 3700.0 3700.0 3700.047 3700.095 3700.143 3700.191 3701.263 3703.668 3706.073 3708.478 3710.882 3716.855 3723.296 3729.737 3736.177 3741.912 3746.235 3750.558 3754.881 3759.203 3762.395 3765.271 3768.148 3771.025 3773.36 3773.899 3774.439 3774.979 3775.518 3777.017 3778.965 3780.913 3782.861 3785.581 3793.456 3801.33 3809.204 3817.078 3829.135 3844.224 3859.313 3874.401 3889.339 3899.206 3909.074 3918.941 3928.808 3937.406 3944.62 3951.833 3959.046 3966.26 3973.512 3980.769 3988.025 3995.281 4002.448 4009.469 4016.49 4023.511 4030.532 4035.283
3700.0 3700.0 3700.0 3700.0 3700.212 3700.428 3700.643 3700.858 3702.391 3705.636 3708.881 3712.126 3715.371 3721.939 3728.943 3735.948 3742.952 3749.122 3753.625 3758.128 3762.631 3767.134 3770.156 3772.768 3775.38 3777.991 3780.145 3780.78 3781.415 3782.05 3782.685 3783.885 3785.348 3786.812 3788.275 3790.38 3796.763 3803.145 3809.528 3815.91 3826.854 3841.106 3855.358 3869.609 3883.751 3894.203 3904.655 3915.107 3925.56 3934.603 3942.109 3949.615 3957.122 3964.628 3972.312 3980.009 3987.706 3995.404 4003.087 4010.745 4018.404 4026.063 4033.722 4039.207
3700.0 3700.0 3700.0 3700.0 3700.392 3700.79 3701.188 3701.585 3703.604 3707.729 3711.853 3715.978 3720.103 3727.243 3734.778 3742.314 3749.849 3756.431 3761.105 3765.78 3770.455 3775.129 3777.958 3780.275 3782.591 3784.908 3786.859 3787.602 3788.344 3789.087 3789.829 3790.734 3791.715 3792.695 3793.676 3795.153 3799.942 3804.731 3809.52 3814.309 3824.052 3837.386 3850.72 3864.054 3877.324 3888.447 3899.57 3910.693 3921.816 3931.368 3939.207 3947.046 3954.885 3962.724 3970.859 3979.018 3987.177 3995.336 4003.545 4011.837 4020.129 4028.421 4036.713 4042.946
3700.0 3700.0 3700.0 3700.0 3700.572 3701.152 3701.732 3702.313 3704.816 3709.821 3714.826 3719.831 3724.835 3732.547 3740.614 3748.68 3756.747 3763.74 3768.586 3773.432 3778.279 3783.125 3785.76 3787.782 3789.803 3791.824 3793.574 3794.424 3795.274 3796.124 3796.973 3797.583 3798.081 3798.579 3799.077 3799.926 3803.122 3806.317 3809.513 3812.708 3821.25 3833.666 3846.083 3858.5 3870.898 3882.691 3894.485 3906.279 3918.072 3928.133 3936.305 3944.477 3952.648 3960.82 3969.407 3978.028 3986.648 3995.268 4004.003 4012.928 4021.853 4030.779 4039.704 4046.685
3700.0 3700.0 3700.0 3700.0 3700.752 3701.514 3702.277 3703.04 3706.029 3711.914 3717.798 3723.683 3729.568 3737.851 3746.448 3755.046 3763.644 3771.048 3776.066 3781.084 3786.102 3791.12 3793.562 3795.288 3797.015 3798.741 3800.289 3801.246 3802.203 3803.16 3804.117 3804.433 3804.448 3804.462 3804.477 3804.699 3806.301 3807.903 3809.506 3811.108 3818.447 3829.946 3841.446 3852.945 3864.472 3876.936 3889.4 3901.864 3914.328 3924.899 3933.403 3941.907 3950.411 3958.915 3967.955 3977.037 3986.119 3995.2 4004.461 4014.02 4023.578 4033.136 4042.694 4050.424
3700.0 3700.0 3700.0 3700.0 3700.927 3701.869 3702.81 3703.751 3707.214 3713.955 3720.697 3727.438 3734.179 3742.947 3751.98 3761.014 3770.048 3777.801 3782.995 3788.188 3793.382 3798.575 3801.115 3802.918 3804.72 3806.523 3808.198 3809.453 3810.708 3811.963 3813.218 3813.499 3813.325 3813.15 3812.976 3812.874 3813.258 3813.642 3814.025 3814.409 3820.486 3830.691 3840.895 3851.1 3861.369 3873.818 3886.267 3898.715 3911.164 3921.821 3930.524 3939.226 3947.929 3956.632 3965.944 3975.305 3984.665 3994.026 4003.663 4013.759 4023.855 4033.951 4044.047 4052.557
3700.0 3700.0 3700.0 3700.0 3701.097 3702.21 3703.323 3704.435 3708.35 3715.907 3723.463 3731.02 3738.577 3747.677 3756.978 3766.28 3775.582 3783.575 3788.951 3794.327 3799.703 3805.079 3808.229 3810.762 3813.294 3815.826 3818.209 3820.097 3821.985 3823.873 3825.761 3826.467 3826.62 3826.773 3826.926 3827.036 3826.862 3826.687 3826.513 3826.339 3831.046 3839.292 3847.539 3855.785 3864.117 3875.343 3886.568 3897.793 3909.019 3919.02 3927.685 3936.35 3945.015 3953.68 3962.95 3972.268 3981.585 3990.903 4000.653 4011.119 4021.585 4032.052 4042.518 4051.863
3700.0 3700.0 3700.0 3700.0 3701.266 3702.551 3703.835 3705.12 3709.486 3717.858 3726.23 3734.603 3742.975 3752.406 3761.976 3771.547 3781.117 3789.35 3794.908 3800.467 3806.025 3811.583 3815.344 3818.606 3821.868 3825.13 3828.22 3830.741 3833.262 3835.783 3838.304 3839.435 3839.916 3840.396 3840.876 3841.198 3840.466 3839.733 3839.001 3838.269 3841.606 3847.894 3854.182 3860.47 3866.865 3876.867 3886.869 3896.871 3906.873 3916.218 3924.846 3933.473 3942.101 3950.729 3959.956 3969.231 3978.505 3987.78 3997.643 4008.479 4019.316 4030.152 4040.989 4051.169
3700.0 3700.0 3700.0 3700.0 3701.435 3702.891 3704.348 3705.804 3710.622 3719.81 3728.997 3738.185 3747.373 3757.136 3766.974 3776.813 3786.651 3795.124 3800.865 3806.605 3812.346 3818.087 3822.459 3826.45 3830.442 3834.433 3838.231 3841.385 3844.539 3847.693 3850.848 3852.403 3853.211 3854.018 3854.825 3855.359 3854.069 3852.779 3851.489 3850.199 3852.166 3856.496 3860.825 3865.155 3869.613 3878.392 3887.171 3895.949 3904.728 3913.417 3922.007 3930.597 3939.187 3947.777 3956.962 3966.194 3975.425 3984.657 3994.633 4005.839 4017.046 4028.253 4039.459 4050.476
3700.0 3700.0 3700.0 3700.0 3701.604 3703.232 3704.86 3706.488 3711.758 3721.761 3731.764 3741.768 3751.771 3761.865 3771.972 3782.079 3792.186 3800.898 3806.821 3812.744 3818.667 3824.591 3829.573 3834.294 3839.016 3843.737 3848.241 3852.029 3855.816 3859.603 3863.391 3865.371 3866.506 3867.641 3868.775 3869.521 3867.673 3865.825 3863.977 3862.128 3862.726 3865.097 3867.469 3869.84 3872.361 3879.917 3887.472 3895.028 3902.583 3910.615 3919.168 3927.72 3936.273 3944.825 3953.968 3963.156 3972.345 3981.534 3991.623 4003.199 4014.776 4026.353 4037.93 4049.782
3700.0 3700.0 3700.0 3700.0 3702.052 3704.135 3706.218 3708.301 3713.987 3724.357 3734.727 3745.098 3755.468 3765.758 3776.037 3786.316 3796.595 3805.501 3811.658 3817.816 3823.974 3830.132 3835.519 3840.691 3845.863 3851.035 3855.919 3859.847 3863.776 3867.704 3871.633 3873.84 3875.24 3876.642 3878.043 3879.073 3877.634 3876.194 3874.755 3873.315 3873.621 3875.192 3876.763 3878.334 3880.051 3886.631 3893.211 3899.792 3906.372 3913.696 3921.833 3929.969 3938.105 3946.241 3954.671 3963.125 3971.578 3980.031 3989.376 4000.196 4011.015 4021.834 4032.654 4044.854
3700.0 3700.0 3700.0 3700.0 3702.565 3705.169 3707.772 3710.375 3716.469 3727.103 3737.736 3748.369 3759.002 3769.455 3779.885 3790.314 3800.743 3809.831 3816.236 3822.641 3829.045 3835.45 3841.193 3846.751 3852.31 3857.868 3863.055 3867.01 3870.965 3874.92 3878.875 3881.263 3882.916 3884.569 3886.222 3887.555 3886.749 3885.942 3885.136 3884.329 3884.593 3885.633 3886.673 3887.713 3888.887 3894.55 3900.213 3905.876 3911.539 3918.143 3925.775 3933.407 3941.039 3948.67 3956.233 3963.79 3971.348 3978.905 3987.307 3997.107 4006.907 4016.707 4026.507 4038.942
3700.0 3700.0 3700.0 3700.0 3703.078 3706.202 3709.326 3712.449 3718.952 3729.848 3740.744 3751.641 3762.537 3773.153 3783.733 3794.312 3804.892 3814.162 3820.814 3827.465 3834.117 3840.768 3846.867 3852.812 3858.756 3864.701 3870.191 3874.173 3878.155 3882.137 3886.119 3888.686 3890.592 3892.497 3894.403 3896.037 3895.864 3895.69 3895.517 3895.344 3895.566 3896.075 3896.583 3897.092 3897.724 3902.469 3907.214 3911.96 3916.705 3922.59 3929.717 3936.845 3943.972 3951.1 3957.795 3964.456 3971.117 3977.779 3985.239 3994.019 4002.799 4011.58 4020.36 4033.03
3700.0 3700.0 3700.0 3700.0 3703.591 3707.235 3710.88 3714.524 3721.435 3732.594 3743.753 3754.912 3766.071 3776.85 3787.58 3798.31 3809.04 3818.493 3825.391 3832.29 3839.188 3846.086 3852.541 3858.872 3865.203 3871.534 3877.326 3881.335 3885.344 3889.353 3893.362 3896.11 3898.267 3900.425 3902.583 3904.519 3904.979 3905.438 3905.898 3906.358 3906.538 3906.516 3906.493 3906.471 3906.56 3910.388 3914.216 3918.044 3921.872 3927.037 3933.66 3940.283 3946.906 3953.529 3959.356 3965.122 3970.887 3976.652 3983.17 3990.931 3998.692 4006.453 4014.214 4027.119
3700.0 3700.0 3700.0 3700.0 3704.148 3708.358 3712.567 3716.776 3724.086 3735.427 3746.768 3758.108 3769.449 3780.251 3790.983 3801.715 3812.447 3821.98 3829.117 3836.253 3843.39 3850.527 3857.272 3863.908 3870.544 3877.181 3883.207 3887.215 3891.223 3895.23 3899.238 3902.107 3904.442 3906.778 3909.114 3911.277 3912.295 3913.312 3914.329 3915.347 3915.669 3915.488 3915.307 3915.125 3915.047 3918.419 3921.792 3925.164 3928.536 3933.22 3939.335 3945.449 3951.564 3957.678 3962.669 3967.572 3972.475 3977.378 3983.093 3990.153 3997.212 4004.271 4011.331 4024.432
3700.0 3700.0 3700.0 3700.0 3704.83 3709.732 3714.633 3719.535 3727.215 3738.507 3749.8 3761.092 3772.385 3782.811 3793.125 3803.438 3813.751 3823.077 3830.428 3837.78 3845.131 3852.482 3859.333 3866.044 3872.755 3879.467 3885.532 3889.46 3893.387 3897.314 3901.241 3904.063 3906.366 3908.669 3910.973 3913.153 3914.514 3915.875 3917.235 3918.596 3919.582 3920.297 3921.012 3921.727 3922.543 3926.768 3930.994 3935.219 3939.445 3944.325 3949.919 3955.513 3961.107 3966.701 3970.943 3975.078 3979.214 3983.349 3988.662 3995.919 4003.177 4010.435 4017.693 4030.882
3700.0 3700.0 3700.0 3700.0 3705.512 3711.106 3716.7 3722.293 3730.344 3741.588 3752.832 3764.076 3775.32 3785.371 3795.266 3805.161 3815.055 3824.174 3831.74 3839.306 3846.872 3854.438 3861.394 3868.18 3874.967 3881.753 3887.858 3891.705 3895.551 3899.398 3903.245 3906.018 3908.29 3910.561 3912.832 3915.029 3916.733 3918.438 3920.142 3921.846 3923.496 3925.106 3926.717 3928.328 3930.039 3935.118 3940.196 3945.275 3950.353 3955.429 3960.503 3965.577 3970.651 3975.724 3979.216 3982.585 3985.953 3989.321 3994.23 4001.687 4009.143 4016.599 4024.056 4037.332
3700.0 3700.0 3700.0 3700.0 3706.195 3712.48 3718.766 3725.052 3733.472 3744.668 3755.864 3767.06 3778.256 3787.931 3797.407 3806.884 3816.36 3825.271 3833.052 3840.832 3848.613 3856.393 3863.455 3870.316 3877.178 3884.039 3890.183 3893.949 3897.716 3901.482 3905.248 3907.974 3910.213 3912.452 3914.691 3916.905 3918.953 3921.0 3923.048 3925.095 3927.409 3929.916 3932.422 3934.929 3937.535 3943.467 3949.398 3955.33 3961.261 3966.534 3971.087 3975.64 3980.194 3984.747 3987.49 3990.091 3992.692 3995.293 3999.798 4007.453 4015.108 4022.763 4030.418 4043.782
3700.0 3700.0 3700.0 3700.0 3706.877 3713.854 3720.833 3727.81 3736.601 3747.749 3758.896 3770.043 3781.191 3790.491 3799.549 3808.606 3817.664 3826.368 3834.363 3842.358 3850.354 3858.349 3865.515 3872.452 3879.389 3886.325 3892.508 3896.194 3899.88 3903.566 3907.251 3909.93 3912.137 3914.344 3916.55 3918.781 3921.172 3923.563 3925.954 3928.345 3931.322 3934.725 3938.127 3941.53 3945.031 3951.816 3958.6 3965.385 3972.17 3977.638 3981.671 3985.704 3989.737 3993.77 3995.763 3997.597 3999.431 4001.265 4005.367 4013.22 4021.074 4028.927 4036.781 4050.233
3700.0 3700.0 3700.0 3700.0 3706.691 3713.481 3720.271 3727.061 3735.598 3746.408 3757.218 3768.028 3778.837 3788.105 3797.171 3806.237 3815.303 3823.958 3831.791 3839.623 3847.456 3855.288 3862.392 3869.293 3876.195 3883.096 3889.338 3893.397 3897.456 3901.514 3905.573 3908.445 3910.76 3913.076 3915.391 3917.735 3920.263 3922.792 3925.32 3927.849 3931.209 3935.173 3939.136 3943.099 3947.159 3954.431 3961.703 3968.975 3976.247 3982.123 3986.478 3990.832 3995.187 3999.541 4001.761 4003.815 4005.868 4007.922 4012.246 4020.324 4028.403 4036.482 4044.56 4057.324
3700.0 3700.0 3700.0 3700.0 3706.152 3712.395 3718.637 3724.88 3732.91 3743.263 3753.617 3763.971 3774.324 3783.701 3792.949 3802.198 3811.446 3820.117 3827.633 3835.149 3842.665 3850.181 3857.153 3863.974 3870.795 3877.615 3883.925 3888.542 3893.159 3897.775 3902.392 3905.555 3908.037 3910.519 3913.0 3915.495 3918.078 3920.66 3923.242 3925.824 3929.453 3933.84 3938.227 3942.615 3947.095 3954.705 3962.315 3969.925 3977.535 3983.906 3988.926 3993.946 3998.966 4003.986 4006.831 4009.507 4012.183 4014.859 4019.659 4027.974 4036.289 4044.604 4052.918 4064.677
3700.0 3700.0 3700.0 3700.0 3705.613 3711.308 3717.003 3722.699 3730.221 3740.119 3750.016 3759.914 3769.811 3779.296 3788.727 3798.158 3807.589 3816.276 3823.475 3830.675 3837.874 3845.073 3851.914 3858.654 3865.395 3872.135 3878.512 3883.687 3888.862 3894.036 3899.211 3902.665 3905.313 3907.961 3910.61 3913.256 3915.892 3918.528 3921.164 3923.799 3927.696 3932.508 3937.319 3942.13 3947.032 3954.98 3962.928 3970.876 3978.824 3985.69 3991.375 3997.06 4002.745 4008.43 4011.901 4015.199 4018.498 4021.796 4027.073 4035.624 4044.175 4052.726 4061.276 4072.031
3700.0 3700.0 3700.0 3700.0 3705.073 3710.221 3715.37 3720.518 3727.532 3736.974 3746.416 3755.857 3765.298 3774.892 3784.505 3794.118 3803.731 3812.435 3819.318 3826.2 3833.083 3839.966 3846.675 3853.334 3859.994 3866.654 3873.099 3878.832 3884.565 3890.297 3896.03 3899.775 3902.59 3905.404 3908.219 3911.017 3913.707 3916.396 3919.085 3921.775 3925.94 3931.175 3936.41 3941.645 3946.969 3955.254 3963.541 3971.827 3980.113 3987.473 3993.823 4000.174 4006.524 4012.874 4016.971 4020.892 4024.812 4028.733 4034.487 4043.274 4052.061 4060.848 4069.634 4079.384
3700.0 3700.0 3700.0 3700.0 3704.48 3709.026 3713.572 3718.118 3724.549 3733.43 3742.311 3751.192 3760.073 3769.763 3779.559 3789.354 3799.15 3807.904 3814.575 3821.246 3827.916 3834.587 3841.2 3847.798 3854.395 3860.992 3867.501 3873.716 3879.93 3886.145 3892.359 3896.406 3899.438 3902.471 3905.503 3908.495 3911.219 3913.944 3916.668 3919.392 3923.736 3929.255 3934.773 3940.292 3945.899 3954.479 3963.059 3971.638 3980.218 3988.045 3995.051 4002.057 4009.064 4016.07 4020.689 4025.122 4029.554 4033.987 4040.112 4049.037 4057.961 4066.886 4075.81 4084.666
