data/zism_data/00919_04_D.txt
ncols         224
nrows         224
[rows 28 to 55 of 224, columns 126 to 188 of 224]
1505.915 1505.863 1505.81 1505.758 1505.587 1505.269 1504.951 1504.634 1504.316 1504.022 1503.731 1503.439 1503.148 1502.865 1502.598 1502.33 1502.062 1501.794 1501.606 1501.433 1501.26 1501.087 1500.945 1500.874 1500.803 1500.732 1500.661 1500.462 1500.226 1499.989 1499.752 1499.413 1498.736 1498.058 1497.38 1496.703 1495.708 1494.575 1493.442 1492.308 1491.115 1489.604 1488.094 1486.583 1485.073 1483.841 1482.777 1481.714 1480.651 1479.634 1479.111 1478.589 1478.066 1477.543 1476.778 1475.815 1474.853 1473.89 1472.94 1472.824 1472.708 1472.592 1472.476
1506.097 1506.007 1505.917 1505.827 1505.637 1505.323 1505.009 1504.695 1504.381 1504.081 1503.783 1503.484 1503.186 1502.905 1502.654 1502.403 1502.152 1501.9 1501.716 1501.545 1501.373 1501.202 1501.055 1500.963 1500.871 1500.78 1500.688 1500.461 1500.193 1499.926 1499.658 1499.286 1498.568 1497.851 1497.133 1496.415 1495.451 1494.379 1493.307 1492.235 1491.129 1489.849 1488.568 1487.288 1486.007 1484.983 1484.113 1483.244 1482.374 1481.545 1481.146 1480.747 1480.348 1479.949 1479.259 1478.331 1477.403 1476.475 1475.557 1475.321 1475.085 1474.849 1474.613
1506.269 1506.13 1505.992 1505.854 1505.639 1505.331 1505.022 1504.714 1504.405 1504.101 1503.797 1503.493 1503.189 1502.913 1502.684 1502.454 1502.224 1501.994 1501.814 1501.642 1501.471 1501.299 1501.146 1501.032 1500.919 1500.806 1500.693 1500.44 1500.146 1499.851 1499.557 1499.156 1498.4 1497.645 1496.89 1496.134 1495.204 1494.196 1493.188 1492.18 1491.169 1490.141 1489.113 1488.085 1487.057 1486.245 1485.563 1484.881 1484.199 1483.552 1483.26 1482.969 1482.677 1482.385 1481.761 1480.865 1479.97 1479.074 1478.186 1477.815 1477.445 1477.075 1476.704
1506.44 1506.254 1506.067 1505.881 1505.642 1505.339 1505.035 1504.732 1504.429 1504.12 1503.811 1503.502 1503.193 1502.922 1502.713 1502.505 1502.297 1502.088 1501.911 1501.74 1501.568 1501.397 1501.236 1501.102 1500.967 1500.833 1500.698 1500.42 1500.098 1499.777 1499.456 1499.025 1498.232 1497.439 1496.646 1495.854 1494.956 1494.013 1493.07 1492.126 1491.21 1490.434 1489.658 1488.882 1488.107 1487.507 1487.013 1486.519 1486.025 1485.558 1485.374 1485.19 1485.006 1484.821 1484.263 1483.4 1482.536 1481.672 1480.814 1480.31 1479.805 1479.3 1478.796
1506.612 1506.377 1506.142 1505.907 1505.644 1505.346 1505.048 1504.751 1504.453 1504.14 1503.825 1503.511 1503.196 1502.93 1502.743 1502.556 1502.369 1502.182 1502.008 1501.837 1501.666 1501.494 1501.327 1501.171 1501.015 1500.859 1500.703 1500.399 1500.051 1499.703 1499.355 1498.895 1498.064 1497.234 1496.403 1495.573 1494.709 1493.83 1492.951 1492.072 1491.25 1490.727 1490.203 1489.68 1489.156 1488.768 1488.463 1488.157 1487.851 1487.565 1487.488 1487.411 1487.334 1487.257 1486.765 1485.934 1485.102 1484.271 1483.443 1482.804 1482.165 1481.526 1480.887
1506.666 1506.391 1506.115 1505.839 1505.556 1505.262 1504.968 1504.674 1504.38 1504.069 1503.757 1503.445 1503.132 1502.874 1502.704 1502.534 1502.364 1502.194 1502.024 1501.854 1501.684 1501.514 1501.344 1501.174 1501.004 1500.834 1500.664 1500.332 1499.951 1499.57 1499.189 1498.704 1497.878 1497.051 1496.224 1495.397 1494.596 1493.806 1493.016 1492.226 1491.515 1491.216 1490.917 1490.619 1490.32 1490.125 1489.991 1489.858 1489.725 1489.606 1489.638 1489.67 1489.702 1489.734 1489.296 1488.474 1487.652 1486.83 1486.009 1485.246 1484.484 1483.722 1482.959
1506.426 1506.129 1505.832 1505.535 1505.239 1504.945 1504.651 1504.357 1504.063 1503.772 1503.481 1503.19 1502.9 1502.656 1502.492 1502.327 1502.163 1501.998 1501.834 1501.669 1501.505 1501.34 1501.175 1501.011 1500.846 1500.682 1500.517 1500.149 1499.719 1499.29 1498.861 1498.364 1497.645 1496.925 1496.206 1495.486 1494.823 1494.183 1493.543 1492.904 1492.343 1492.2 1492.057 1491.914 1491.772 1491.718 1491.719 1491.72 1491.721 1491.735 1491.88 1492.024 1492.169 1492.314 1491.9 1491.03 1490.159 1489.289 1488.419 1487.56 1486.701 1485.842 1484.982
1506.185 1505.867 1505.548 1505.23 1504.922 1504.628 1504.334 1504.041 1503.747 1503.475 1503.206 1502.936 1502.667 1502.439 1502.28 1502.121 1501.962 1501.802 1501.643 1501.484 1501.325 1501.166 1501.006 1500.847 1500.688 1500.529 1500.37 1499.966 1499.488 1499.01 1498.532 1498.023 1497.411 1496.799 1496.188 1495.575 1495.049 1494.56 1494.07 1493.581 1493.172 1493.184 1493.197 1493.21 1493.223 1493.312 1493.447 1493.582 1493.718 1493.864 1494.121 1494.379 1494.636 1494.894 1494.504 1493.585 1492.666 1491.748 1490.828 1489.873 1488.917 1487.961 1487.006
1505.945 1505.605 1505.265 1504.925 1504.606 1504.312 1504.018 1503.724 1503.43 1503.178 1502.93 1502.682 1502.434 1502.222 1502.068 1501.914 1501.761 1501.607 1501.453 1501.299 1501.145 1500.991 1500.838 1500.684 1500.53 1500.376 1500.222 1499.783 1499.256 1498.73 1498.204 1497.683 1497.178 1496.674 1496.169 1495.665 1495.275 1494.936 1494.597 1494.258 1494.0 1494.169 1494.337 1494.506 1494.674 1494.906 1495.175 1495.445 1495.714 1495.992 1496.363 1496.733 1497.103 1497.474 1497.107 1496.141 1495.173 1494.207 1493.238 1492.186 1491.134 1490.081 1489.029
1505.705 1505.343 1504.982 1504.62 1504.289 1503.995 1503.701 1503.407 1503.113 1502.881 1502.655 1502.428 1502.202 1502.005 1501.856 1501.708 1501.56 1501.411 1501.263 1501.114 1500.966 1500.817 1500.669 1500.52 1500.372 1500.223 1500.075 1499.599 1499.025 1498.45 1497.876 1497.343 1496.945 1496.548 1496.151 1495.754 1495.502 1495.313 1495.124 1494.936 1494.829 1495.153 1495.477 1495.801 1496.126 1496.499 1496.903 1497.307 1497.71 1498.121 1498.604 1499.087 1499.57 1500.053 1499.711 1498.696 1497.681 1496.665 1495.648 1494.499 1493.35 1492.201 1491.052
1505.133 1504.789 1504.445 1504.1 1503.795 1503.536 1503.277 1503.018 1502.759 1502.567 1502.381 1502.196 1502.01 1501.832 1501.665 1501.499 1501.333 1501.166 1501.026 1500.891 1500.755 1500.62 1500.48 1500.329 1500.178 1500.027 1499.877 1499.429 1498.891 1498.354 1497.817 1497.332 1497.023 1496.714 1496.404 1496.095 1496.001 1496.002 1496.002 1496.003 1496.088 1496.623 1497.157 1497.691 1498.225 1498.752 1499.275 1499.797 1500.319 1500.856 1501.541 1502.226 1502.911 1503.596 1503.372 1502.405 1501.438 1500.472 1499.499 1498.133 1496.767 1495.402 1494.036
1504.434 1504.122 1503.81 1503.498 1503.232 1503.021 1502.81 1502.6 1502.389 1502.245 1502.108 1501.971 1501.834 1501.675 1501.482 1501.289 1501.096 1500.903 1500.772 1500.652 1500.533 1500.414 1500.283 1500.127 1499.971 1499.815 1499.659 1499.263 1498.796 1498.328 1497.86 1497.448 1497.219 1496.991 1496.762 1496.533 1496.606 1496.811 1497.015 1497.22 1497.513 1498.279 1499.044 1499.809 1500.574 1501.258 1501.893 1502.528 1503.163 1503.823 1504.745 1505.666 1506.587 1507.509 1507.438 1506.557 1505.676 1504.795 1503.904 1502.275 1500.646 1499.017 1497.388
1503.735 1503.455 1503.176 1502.896 1502.669 1502.507 1502.344 1502.182 1502.02 1501.924 1501.835 1501.746 1501.658 1501.519 1501.299 1501.079 1500.859 1500.639 1500.517 1500.414 1500.311 1500.208 1500.087 1499.925 1499.764 1499.602 1499.441 1499.098 1498.7 1498.302 1497.904 1497.564 1497.416 1497.268 1497.12 1496.972 1497.211 1497.619 1498.028 1498.436 1498.938 1499.934 1500.93 1501.926 1502.922 1503.764 1504.512 1505.26 1506.008 1506.791 1507.949 1509.106 1510.264 1511.421 1511.504 1510.709 1509.914 1509.119 1508.308 1506.416 1504.524 1502.632 1500.74
1503.036 1502.789 1502.541 1502.294 1502.106 1501.992 1501.878 1501.764 1501.65 1501.603 1501.562 1501.522 1501.481 1501.363 1501.116 1500.869 1500.622 1500.375 1500.263 1500.176 1500.089 1500.002 1499.891 1499.724 1499.557 1499.39 1499.223 1498.932 1498.604 1498.276 1497.948 1497.68 1497.613 1497.545 1497.478 1497.41 1497.815 1498.428 1499.041 1499.653 1500.364 1501.59 1502.817 1504.044 1505.271 1506.27 1507.13 1507.991 1508.852 1509.759 1511.152 1512.546 1513.94 1515.334 1515.57 1514.861 1514.152 1513.443 1512.713 1510.558 1508.403 1506.247 1504.092
1502.351 1502.139 1501.926 1501.713 1501.564 1501.494 1501.423 1501.352 1501.281 1501.275 1501.275 1501.275 1501.275 1501.175 1500.912 1500.649 1500.385 1500.122 1500.019 1499.946 1499.874 1499.801 1499.7 1499.535 1499.369 1499.204 1499.038 1498.796 1498.531 1498.266 1498.001 1497.8 1497.812 1497.824 1497.836 1497.849 1498.433 1499.267 1500.102 1500.937 1501.873 1503.342 1504.81 1506.279 1507.748 1508.909 1509.883 1510.857 1511.832 1512.86 1514.457 1516.055 1517.652 1519.249 1519.632 1519.025 1518.417 1517.81 1517.176 1514.782 1512.388 1509.994 1507.6
1501.741 1501.577 1501.413 1501.248 1501.133 1501.078 1501.024 1500.969 1500.914 1500.909 1500.909 1500.909 1500.909 1500.824 1500.598 1500.373 1500.147 1499.921 1499.828 1499.761 1499.694 1499.627 1499.541 1499.413 1499.285 1499.157 1499.03 1498.817 1498.579 1498.34 1498.102 1497.939 1498.027 1498.114 1498.201 1498.288 1499.116 1500.267 1501.419 1502.57 1503.82 1505.59 1507.359 1509.129 1510.898 1512.246 1513.339 1514.431 1515.523 1516.662 1518.292 1519.921 1521.551 1523.18 1523.678 1523.254 1522.828 1522.404 1521.948 1519.442 1516.935 1514.428 1511.921
1501.131 1501.015 1500.899 1500.783 1500.702 1500.663 1500.625 1500.586 1500.547 1500.544 1500.544 1500.544 1500.544 1500.473 1500.285 1500.097 1499.908 1499.72 1499.638 1499.576 1499.514 1499.452 1499.382 1499.292 1499.201 1499.111 1499.021 1498.838 1498.626 1498.415 1498.203 1498.079 1498.241 1498.403 1498.566 1498.728 1499.799 1501.267 1502.735 1504.204 1505.768 1507.838 1509.908 1511.979 1514.049 1515.583 1516.794 1518.004 1519.215 1520.465 1522.126 1523.788 1525.45 1527.111 1527.725 1527.482 1527.24 1526.997 1526.721 1524.101 1521.481 1518.862 1516.242
1500.521 1500.454 1500.386 1500.318 1500.271 1500.248 1500.226 1500.203 1500.181 1500.179 1500.179 1500.179 1500.179 1500.122 1499.971 1499.821 1499.67 1499.519 1499.448 1499.391 1499.335 1499.278 1499.223 1499.17 1499.118 1499.065 1499.012 1498.858 1498.674 1498.489 1498.304 1498.218 1498.455 1498.693 1498.931 1499.168 1500.482 1502.267 1504.052 1505.837 1507.716 1510.086 1512.457 1514.828 1517.199 1518.921 1520.249 1521.578 1522.907 1524.267 1525.961 1527.655 1529.349 1531.043 1531.771 1531.711 1531.651 1531.591 1531.493 1528.76 1526.028 1523.295 1520.563
1499.911 1499.892 1499.873 1499.853 1499.84 1499.833 1499.827 1499.82 1499.814 1499.813 1499.813 1499.813 1499.813 1499.771 1499.658 1499.545 1499.432 1499.318 1499.257 1499.206 1499.155 1499.104 1499.064 1499.049 1499.034 1499.019 1499.004 1498.879 1498.721 1498.563 1498.406 1498.357 1498.67 1498.983 1499.295 1499.608 1501.165 1503.267 1505.369 1507.471 1509.663 1512.335 1515.006 1517.678 1520.349 1522.258 1523.705 1525.151 1526.598 1528.069 1529.795 1531.522 1533.248 1534.974 1535.817 1535.94 1536.062 1536.185 1536.265 1533.42 1530.574 1527.729 1524.884
1499.579 1499.579 1499.579 1499.579 1499.579 1499.579 1499.579 1499.579 1499.579 1499.579 1499.579 1499.579 1499.579 1499.547 1499.462 1499.377 1499.292 1499.207 1499.157 1499.115 1499.072 1499.03 1499.0 1499.0 1499.0 1499.0 1499.0 1498.902 1498.774 1498.647 1498.519 1498.499 1498.835 1499.172 1499.508 1499.845 1501.529 1503.803 1506.077 1508.351 1510.738 1513.723 1516.708 1519.694 1522.679 1524.829 1526.474 1528.119 1529.765 1531.412 1533.087 1534.762 1536.437 1538.112 1538.953 1539.113 1539.274 1539.434 1539.552 1536.761 1533.971 1531.18 1528.389
1499.433 1499.433 1499.433 1499.433 1499.433 1499.433 1499.433 1499.433 1499.433 1499.433 1499.433 1499.433 1499.433 1499.409 1499.345 1499.282 1499.218 1499.155 1499.118 1499.086 1499.054 1499.022 1499.0 1499.0 1499.0 1499.0 1499.0 1498.927 1498.831 1498.736 1498.64 1498.642 1498.968 1499.294 1499.62 1499.946 1501.679 1504.028 1506.377 1508.726 1511.228 1514.535 1517.842 1521.15 1524.457 1526.886 1528.783 1530.681 1532.579 1534.448 1536.015 1537.582 1539.15 1540.717 1541.477 1541.579 1541.68 1541.782 1541.844 1539.22 1536.595 1533.971 1531.347
1499.287 1499.287 1499.287 1499.287 1499.287 1499.287 1499.287 1499.287 1499.287 1499.287 1499.287 1499.287 1499.287 1499.271 1499.229 1499.187 1499.145 1499.102 1499.078 1499.057 1499.036 1499.015 1499.0 1499.0 1499.0 1499.0 1499.0 1498.951 1498.888 1498.825 1498.762 1498.786 1499.101 1499.416 1499.731 1500.046 1501.829 1504.253 1506.677 1509.101 1511.718 1515.347 1518.976 1522.606 1526.235 1528.943 1531.093 1533.243 1535.393 1537.483 1538.943 1540.403 1541.863 1543.323 1544.002 1544.045 1544.087 1544.13 1544.136 1541.678 1539.22 1536.762 1534.304
1499.141 1499.141 1499.141 1499.141 1499.141 1499.141 1499.141 1499.141 1499.141 1499.141 1499.141 1499.141 1499.141 1499.133 1499.112 1499.092 1499.071 1499.05 1499.038 1499.028 1499.018 1499.007 1499.0 1499.0 1499.0 1499.0 1499.0 1498.976 1498.945 1498.914 1498.883 1498.93 1499.234 1499.538 1499.843 1500.147 1501.978 1504.478 1506.977 1509.477 1512.208 1516.159 1520.11 1524.062 1528.014 1531.0 1533.402 1535.804 1538.207 1540.518 1541.87 1543.223 1544.576 1545.928 1546.527 1546.51 1546.494 1546.477 1546.428 1544.136 1541.845 1539.553 1537.262
1499.0 1499.0 1499.0 1499.0 1499.0 1499.0 1499.0 1499.0 1499.0 1499.0 1499.0 1499.0 1499.0 1499.0 1499.0 1499.0 1499.0 1499.0 1499.0 1499.0 1499.0 1499.0 1499.0 1499.0 1499.0 1499.0 1499.0 1499.0 1499.0 1499.0 1499.0 1499.068 1499.362 1499.656 1499.95 1500.244 1502.123 1504.694 1507.266 1509.838 1512.68 1516.945 1521.209 1525.474 1529.739 1532.997 1535.647 1538.296 1540.946 1543.473 1544.717 1545.961 1547.205 1548.449 1548.967 1548.891 1548.816 1548.741 1548.636 1546.506 1544.375 1542.245 1540.115
1499.0 1499.0 1499.0 1499.0 1499.0 1499.0 1499.0 1499.0 1499.0 1499.0 1499.0 1499.0 1499.0 1499.0 1499.0 1499.0 1499.0 1499.0 1499.0 1499.0 1499.0 1499.0 1499.0 1499.0 1499.0 1499.0 1499.0 1499.0 1499.0 1499.0 1499.0 1499.068 1499.362 1499.656 1499.95 1500.244 1502.123 1504.694 1507.266 1509.838 1512.693 1517.038 1521.383 1525.729 1530.074 1533.43 1536.186 1538.943 1541.7 1544.313 1545.418 1546.522 1547.626 1548.731 1549.159 1549.036 1548.912 1548.788 1548.636 1546.527 1544.418 1542.31 1540.201
1499.0 1499.0 1499.0 1499.0 1499.0 1499.0 1499.0 1499.0 1499.0 1499.0 1499.0 1499.0 1499.0 1499.0 1499.0 1499.0 1499.0 1499.0 1499.0 1499.0 1499.0 1499.0 1499.0 1499.0 1499.0 1499.0 1499.0 1499.0 1499.0 1499.0 1499.0 1499.068 1499.362 1499.656 1499.95 1500.244 1502.123 1504.694 1507.266 1509.838 1512.706 1517.131 1521.557 1525.983 1530.409 1533.862 1536.726 1539.59 1542.454 1545.153 1546.118 1547.083 1548.048 1549.013 1549.352 1549.18 1549.008 1548.836 1548.636 1546.549 1544.462 1542.375 1540.287
1499.0 1499.0 1499.0 1499.0 1499.0 1499.0 1499.0 1499.0 1499.0 1499.0 1499.0 1499.0 1499.0 1499.0 1499.0 1499.0 1499.0 1499.0 1499.0 1499.0 1499.0 1499.0 1499.0 1499.0 1499.0 1499.0 1499.0 1499.0 1499.0 1499.0 1499.0 1499.068 1499.362 1499.656 1499.95 1500.244 1502.123 1504.694 1507.266 1509.838 1512.718 1517.225 1521.731 1526.238 1530.744 1534.294 1537.266 1540.237 1543.209 1545.994 1546.819 1547.644 1548.47 1549.295 1549.544 1549.324 1549.104 1548.884 1548.637 1546.571 1544.505 1542.439 1540.373
1499.0 1499.0 1499.0 1499.0 1499.0 1499.0 1499.0 1499.0 1499.0 1499.0 1499.0 1499.0 1499.0 1499.0 1499.0 1499.0 1499.0 1499.0 1499.0 1499.0 1499.0 1499.0 1499.0 1499.0 1499.0 1499.0 1499.0 1499.0 1499.0 1499.0 1499.0 1499.068 1499.362 1499.656 1499.95 1500.244 1502.123 1504.694 1507.266 1509.838 1512.731 1517.318 1521.905 1526.492 1531.079 1534.726 1537.805 1540.884 1543.963 1546.834 1547.52 1548.205 1548.891 1549.577 1549.737 1549.468 1549.2 1548.931 1548.637 1546.593 1544.548 1542.504 1540.459
