data/zism_data/00917_02_D.txt
ncols         224
nrows         224
[rows 168 to 195 of 224, columns 0 to 64 of 224]
1377.882 1379.814 1381.747 1383.389 1384.696 1386.003 1387.31 1388.617 1388.868 1389.036 1389.205 1389.373 1388.731 1386.827 1384.924 1383.02 1381.117 1377.713 1374.056 1370.398 1366.741 1363.775 1362.286 1360.797 1359.307 1357.818 1358.007 1358.661 1359.315 1359.97 1360.816 1362.25 1363.683 1365.117 1366.551 1366.137 1364.969 1363.8 1362.632 1361.369 1359.654 1357.939 1356.224 1354.509 1354.786 1356.194 1357.603 1359.012 1360.384 1361.428 1362.473 1363.517 1364.562 1365.35 1365.942 1366.533 1367.124 1367.694 1367.546 1367.397 1367.249 1367.101 1366.59 1365.707 1364.824
1379.693 1381.518 1383.343 1384.98 1386.4 1387.82 1389.24 1390.659 1391.053 1391.367 1391.681 1391.995 1391.567 1389.987 1388.406 1386.826 1385.245 1382.063 1378.611 1375.158 1371.705 1368.771 1366.949 1365.126 1363.303 1361.48 1361.343 1361.675 1362.006 1362.337 1362.948 1364.414 1365.88 1367.346 1368.812 1368.457 1367.359 1366.261 1365.163 1363.954 1362.217 1360.48 1358.744 1357.007 1357.283 1358.703 1360.122 1361.541 1362.911 1363.843 1364.775 1365.706 1366.638 1367.307 1367.775 1368.242 1368.709 1369.157 1368.944 1368.731 1368.518 1368.305 1367.73 1366.783 1365.835
1381.504 1383.221 1384.939 1386.571 1388.104 1389.636 1391.169 1392.702 1393.239 1393.698 1394.157 1394.616 1394.404 1393.146 1391.889 1390.631 1389.373 1386.413 1383.165 1379.917 1376.668 1373.768 1371.611 1369.455 1367.298 1365.142 1364.68 1364.688 1364.696 1364.705 1365.08 1366.578 1368.077 1369.575 1371.073 1370.777 1369.749 1368.721 1367.693 1366.538 1364.78 1363.022 1361.263 1359.505 1359.78 1361.211 1362.641 1364.071 1365.439 1366.258 1367.076 1367.895 1368.713 1369.264 1369.607 1369.951 1370.295 1370.62 1370.343 1370.065 1369.788 1369.51 1368.87 1367.858 1366.846
1383.315 1384.925 1386.535 1388.161 1389.807 1391.453 1393.099 1394.745 1395.425 1396.029 1396.634 1397.238 1397.24 1396.306 1395.371 1394.436 1393.502 1390.763 1387.719 1384.676 1381.632 1378.764 1376.274 1373.784 1371.294 1368.803 1368.016 1367.701 1367.387 1367.072 1367.213 1368.743 1370.273 1371.804 1373.334 1373.098 1372.14 1371.181 1370.223 1369.122 1367.343 1365.563 1363.783 1362.004 1362.278 1363.719 1365.16 1366.6 1367.967 1368.672 1369.378 1370.083 1370.789 1371.22 1371.44 1371.66 1371.88 1372.083 1371.741 1371.399 1371.057 1370.715 1370.011 1368.934 1367.857
1384.9 1386.333 1387.766 1389.279 1390.884 1392.489 1394.094 1395.699 1396.407 1397.046 1397.684 1398.323 1398.422 1397.682 1396.943 1396.203 1395.464 1392.962 1390.162 1387.362 1384.562 1381.84 1379.285 1376.73 1374.174 1371.619 1370.716 1370.272 1369.828 1369.384 1369.435 1371.005 1372.574 1374.143 1375.713 1375.581 1374.755 1373.929 1373.103 1372.12 1370.387 1368.655 1366.923 1365.19 1365.398 1366.709 1368.02 1369.331 1370.564 1371.107 1371.651 1372.194 1372.738 1373.03 1373.129 1373.229 1373.328 1373.414 1373.047 1372.679 1372.312 1371.944 1371.213 1370.108 1369.002
1386.339 1387.551 1388.764 1390.093 1391.558 1393.023 1394.488 1395.953 1396.617 1397.217 1397.818 1398.419 1398.539 1397.913 1397.286 1396.66 1396.033 1393.778 1391.248 1388.717 1386.186 1383.682 1381.234 1378.786 1376.339 1373.891 1373.007 1372.557 1372.108 1371.658 1371.717 1373.329 1374.942 1376.554 1378.166 1378.17 1377.516 1376.862 1376.208 1375.383 1373.742 1372.101 1370.46 1368.82 1368.92 1370.01 1371.1 1372.191 1373.206 1373.555 1373.905 1374.255 1374.604 1374.745 1374.726 1374.707 1374.688 1374.659 1374.292 1373.924 1373.557 1373.189 1372.456 1371.345 1370.234
1387.777 1388.769 1389.761 1390.907 1392.233 1393.558 1394.883 1396.208 1396.826 1397.389 1397.952 1398.515 1398.657 1398.143 1397.63 1397.116 1396.603 1394.595 1392.333 1390.071 1387.809 1385.523 1383.183 1380.843 1378.503 1376.163 1375.298 1374.843 1374.388 1373.933 1373.998 1375.654 1377.309 1378.964 1380.62 1380.758 1380.276 1379.795 1379.314 1378.646 1377.097 1375.548 1373.998 1372.449 1372.442 1373.311 1374.181 1375.05 1375.847 1376.003 1376.159 1376.315 1376.471 1376.461 1376.323 1376.186 1376.049 1375.904 1375.537 1375.17 1374.802 1374.435 1373.698 1372.582 1371.466
1389.216 1389.987 1390.758 1391.722 1392.907 1394.092 1395.277 1396.462 1397.035 1397.56 1398.086 1398.611 1398.774 1398.374 1397.974 1397.573 1397.173 1395.411 1393.418 1391.426 1389.433 1387.364 1385.131 1382.899 1380.667 1378.434 1377.589 1377.129 1376.668 1376.208 1376.279 1377.978 1379.677 1381.375 1383.074 1383.346 1383.037 1382.728 1382.419 1381.91 1380.452 1378.994 1377.536 1376.078 1375.964 1376.612 1377.261 1377.91 1378.489 1378.451 1378.413 1378.375 1378.338 1378.176 1377.921 1377.665 1377.409 1377.15 1376.782 1376.415 1376.047 1375.68 1374.941 1373.819 1372.698
1390.657 1391.207 1391.756 1392.535 1393.58 1394.624 1395.669 1396.714 1397.241 1397.729 1398.216 1398.703 1398.885 1398.592 1398.299 1398.006 1397.713 1396.192 1394.462 1392.731 1391.001 1389.147 1387.026 1384.906 1382.785 1380.664 1379.845 1379.387 1378.93 1378.472 1378.556 1380.293 1382.031 1383.768 1385.506 1385.911 1385.772 1385.634 1385.495 1385.145 1383.786 1382.427 1381.068 1379.709 1379.491 1379.92 1380.35 1380.78 1381.142 1380.907 1380.673 1380.438 1380.204 1379.891 1379.517 1379.143 1378.769 1378.395 1378.026 1377.656 1377.287 1376.918 1376.176 1375.052 1373.927
1392.137 1392.449 1392.762 1393.344 1394.238 1395.132 1396.026 1396.92 1397.397 1397.841 1398.285 1398.729 1398.892 1398.615 1398.338 1398.061 1397.784 1396.398 1394.824 1393.25 1391.676 1389.985 1388.042 1386.099 1384.156 1382.213 1381.537 1381.214 1380.891 1380.568 1380.746 1382.457 1384.168 1385.878 1387.589 1388.089 1388.096 1388.103 1388.11 1387.918 1386.779 1385.641 1384.503 1383.365 1383.103 1383.339 1383.574 1383.81 1383.974 1383.497 1383.021 1382.544 1382.067 1381.585 1381.098 1380.611 1380.124 1379.639 1379.238 1378.836 1378.434 1378.033 1377.293 1376.207 1375.12
1393.616 1393.692 1393.768 1394.154 1394.897 1395.64 1396.383 1397.126 1397.552 1397.953 1398.354 1398.756 1398.898 1398.637 1398.377 1398.116 1397.855 1396.605 1395.187 1393.769 1392.351 1390.823 1389.057 1387.292 1385.526 1383.761 1383.23 1383.041 1382.853 1382.664 1382.937 1384.621 1386.305 1387.988 1389.672 1390.268 1390.42 1390.572 1390.724 1390.691 1389.773 1388.855 1387.938 1387.021 1386.715 1386.757 1386.799 1386.841 1386.806 1386.087 1385.368 1384.649 1383.931 1383.279 1382.679 1382.079 1381.479 1380.883 1380.45 1380.016 1379.582 1379.148 1378.411 1377.362 1376.313
1395.096 1394.935 1394.774 1394.963 1395.555 1396.147 1396.74 1397.332 1397.707 1398.066 1398.424 1398.782 1398.904 1398.66 1398.415 1398.171 1397.926 1396.812 1395.55 1394.288 1393.026 1391.661 1390.073 1388.485 1386.897 1385.309 1384.922 1384.868 1384.814 1384.76 1385.128 1386.785 1388.442 1390.098 1391.755 1392.447 1392.744 1393.042 1393.339 1393.464 1392.767 1392.07 1391.373 1390.676 1390.327 1390.175 1390.024 1389.872 1389.638 1388.677 1387.716 1386.755 1385.794 1384.973 1384.26 1383.547 1382.834 1382.128 1381.661 1381.195 1380.729 1380.263 1379.528 1378.517 1377.505
1396.575 1396.178 1395.78 1395.772 1396.213 1396.655 1397.097 1397.538 1397.863 1398.178 1398.493 1398.808 1398.911 1398.682 1398.454 1398.225 1397.997 1397.018 1395.913 1394.807 1393.701 1392.499 1391.089 1389.678 1388.268 1386.858 1386.615 1386.695 1386.776 1386.856 1387.319 1388.949 1390.579 1392.208 1393.838 1394.625 1395.068 1395.511 1395.953 1396.236 1395.76 1395.284 1394.808 1394.332 1393.939 1393.594 1393.248 1392.903 1392.47 1391.267 1390.064 1388.86 1387.657 1386.667 1385.841 1385.015 1384.189 1383.372 1382.873 1382.375 1381.877 1381.378 1380.645 1379.672 1378.698
1398.21 1397.69 1397.171 1397.046 1397.378 1397.709 1398.042 1398.373 1398.637 1398.896 1399.154 1399.412 1399.466 1399.202 1398.938 1398.674 1398.41 1397.506 1396.494 1395.481 1394.469 1393.37 1392.085 1390.801 1389.516 1388.232 1388.044 1388.161 1388.278 1388.395 1388.862 1390.403 1391.943 1393.483 1395.023 1395.843 1396.368 1396.893 1397.419 1397.799 1397.489 1397.178 1396.868 1396.558 1396.177 1395.755 1395.333 1394.911 1394.401 1393.109 1391.816 1390.523 1389.231 1388.17 1387.289 1386.407 1385.525 1384.653 1384.114 1383.575 1383.036 1382.497 1381.763 1380.827 1379.89
1399.995 1399.465 1398.934 1398.771 1399.033 1399.295 1399.557 1399.819 1400.013 1400.201 1400.39 1400.578 1400.556 1400.206 1399.855 1399.505 1399.155 1398.266 1397.286 1396.306 1395.326 1394.273 1393.063 1391.854 1390.645 1389.436 1389.219 1389.276 1389.334 1389.392 1389.778 1391.167 1392.557 1393.946 1395.336 1396.127 1396.673 1397.22 1397.767 1398.184 1397.987 1397.79 1397.593 1397.396 1397.08 1396.696 1396.312 1395.928 1395.457 1394.224 1392.99 1391.757 1390.524 1389.489 1388.607 1387.725 1386.844 1385.97 1385.383 1384.795 1384.208 1383.621 1382.88 1381.981 1381.083
1401.781 1401.239 1400.698 1400.497 1400.689 1400.881 1401.073 1401.265 1401.388 1401.507 1401.625 1401.744 1401.645 1401.209 1400.772 1400.336 1399.9 1399.026 1398.078 1397.13 1396.183 1395.176 1394.042 1392.908 1391.774 1390.641 1390.393 1390.392 1390.39 1390.389 1390.693 1391.931 1393.17 1394.409 1395.648 1396.41 1396.979 1397.547 1398.115 1398.57 1398.486 1398.402 1398.318 1398.234 1397.983 1397.636 1397.29 1396.944 1396.513 1395.339 1394.165 1392.99 1391.816 1390.807 1389.926 1389.044 1388.162 1387.287 1386.651 1386.016 1385.38 1384.744 1383.997 1383.136 1382.276
1403.566 1403.014 1402.462 1402.222 1402.344 1402.466 1402.588 1402.71 1402.764 1402.813 1402.861 1402.91 1402.735 1402.212 1401.69 1401.167 1400.645 1399.786 1398.871 1397.955 1397.04 1396.079 1395.02 1393.962 1392.903 1391.845 1391.568 1391.507 1391.446 1391.385 1391.608 1392.696 1393.784 1394.872 1395.96 1396.694 1397.284 1397.874 1398.464 1398.956 1398.985 1399.014 1399.043 1399.072 1398.886 1398.577 1398.268 1397.96 1397.569 1396.454 1395.339 1394.224 1393.109 1392.126 1391.244 1390.362 1389.48 1388.604 1387.92 1387.236 1386.552 1385.867 1385.115 1384.291 1383.468
1405.351 1404.788 1404.225 1403.948 1404.0 1404.052 1404.104 1404.156 1404.14 1404.118 1404.097 1404.075 1403.824 1403.215 1402.607 1401.998 1401.39 1400.546 1399.663 1398.78 1397.897 1396.982 1395.999 1395.016 1394.033 1393.05 1392.742 1392.622 1392.502 1392.382 1392.523 1393.46 1394.398 1395.335 1396.272 1396.978 1397.589 1398.201 1398.812 1399.342 1399.484 1399.626 1399.768 1399.91 1399.789 1399.518 1399.247 1398.976 1398.625 1397.569 1396.513 1395.458 1394.402 1393.444 1392.563 1391.681 1390.799 1389.921 1389.189 1388.456 1387.723 1386.991 1386.232 1385.446 1384.661
1407.283 1406.817 1406.352 1406.115 1406.143 1406.172 1406.2 1406.229 1406.103 1405.965 1405.827 1405.69 1405.31 1404.553 1403.797 1403.04 1402.284 1401.332 1400.347 1399.362 1398.378 1397.434 1396.578 1395.722 1394.865 1394.009 1393.687 1393.513 1393.339 1393.165 1393.228 1394.014 1394.801 1395.588 1396.374 1397.012 1397.588 1398.164 1398.74 1399.238 1399.365 1399.491 1399.618 1399.744 1399.654 1399.441 1399.229 1399.016 1398.729 1397.789 1396.849 1395.909 1394.969 1394.097 1393.277 1392.457 1391.637 1390.821 1390.143 1389.465 1388.786 1388.108 1387.386 1386.617 1385.849
1409.221 1408.857 1408.494 1408.303 1408.309 1408.316 1408.323 1408.33 1408.093 1407.837 1407.581 1407.324 1406.813 1405.906 1404.999 1404.092 1403.185 1402.119 1401.027 1399.934 1398.842 1397.866 1397.139 1396.412 1395.685 1394.958 1394.621 1394.394 1394.166 1393.938 1393.923 1394.559 1395.195 1395.831 1396.467 1397.034 1397.572 1398.111 1398.65 1399.113 1399.218 1399.322 1399.427 1399.532 1399.472 1399.318 1399.165 1399.011 1398.79 1397.968 1397.147 1396.325 1395.504 1394.72 1393.964 1393.209 1392.453 1391.702 1391.083 1390.464 1389.845 1389.226 1388.541 1387.789 1387.037
1411.159 1410.898 1410.637 1410.49 1410.475 1410.461 1410.446 1410.431 1410.083 1409.708 1409.334 1408.959 1408.317 1407.259 1406.201 1405.143 1404.085 1402.906 1401.706 1400.506 1399.306 1398.298 1397.7 1397.102 1396.504 1395.906 1395.556 1395.274 1394.993 1394.711 1394.619 1395.104 1395.589 1396.074 1396.559 1397.056 1397.557 1398.058 1398.558 1398.987 1399.07 1399.153 1399.237 1399.32 1399.29 1399.196 1399.101 1399.007 1398.851 1398.148 1397.445 1396.741 1396.038 1395.342 1394.651 1393.96 1393.27 1392.583 1392.023 1391.463 1390.903 1390.343 1389.697 1388.961 1388.225
1413.097 1412.938 1412.779 1412.677 1412.641 1412.605 1412.569 1412.533 1412.073 1411.58 1411.087 1410.594 1409.821 1408.612 1407.404 1406.195 1404.986 1403.693 1402.385 1401.077 1399.77 1398.729 1398.261 1397.792 1397.324 1396.855 1396.491 1396.155 1395.82 1395.484 1395.314 1395.648 1395.983 1396.317 1396.652 1397.078 1397.541 1398.004 1398.468 1398.861 1398.923 1398.985 1399.046 1399.108 1399.108 1399.073 1399.038 1399.003 1398.912 1398.327 1397.742 1397.157 1396.573 1395.965 1395.338 1394.712 1394.086 1393.463 1392.963 1392.462 1391.962 1391.461 1390.852 1390.132 1389.412
1415.174 1415.098 1415.022 1414.933 1414.829 1414.726 1414.622 1414.519 1413.938 1413.32 1412.702 1412.084 1411.186 1409.853 1408.52 1407.187 1405.854 1404.491 1403.124 1401.757 1400.389 1399.329 1398.927 1398.524 1398.121 1397.718 1397.343 1396.976 1396.608 1396.241 1396.014 1396.218 1396.421 1396.624 1396.828 1397.177 1397.585 1397.993 1398.401 1398.748 1398.806 1398.864 1398.921 1398.979 1399.0 1399.0 1399.0 1399.0 1398.95 1398.455 1397.96 1397.466 1396.971 1396.457 1395.928 1395.399 1394.87 1394.344 1393.907 1393.47 1393.033 1392.596 1392.036 1391.35 1390.664
1417.455 1417.432 1417.41 1417.288 1417.049 1416.811 1416.573 1416.335 1415.62 1414.867 1414.115 1413.362 1412.349 1410.93 1409.51 1408.091 1406.672 1405.306 1403.95 1402.593 1401.236 1400.175 1399.746 1399.316 1398.886 1398.457 1398.076 1397.708 1397.341 1396.973 1396.721 1396.823 1396.924 1397.025 1397.126 1397.388 1397.715 1398.043 1398.37 1398.654 1398.734 1398.813 1398.892 1398.971 1399.0 1399.0 1399.0 1399.0 1398.955 1398.508 1398.062 1397.616 1397.17 1396.759 1396.375 1395.992 1395.608 1395.225 1394.858 1394.491 1394.124 1393.757 1393.262 1392.635 1392.008
1419.735 1419.767 1419.798 1419.642 1419.27 1418.897 1418.524 1418.152 1417.302 1416.415 1415.528 1414.641 1413.511 1412.006 1410.501 1408.995 1407.49 1406.121 1404.775 1403.429 1402.084 1401.021 1400.565 1400.108 1399.651 1399.195 1398.808 1398.441 1398.073 1397.706 1397.429 1397.428 1397.427 1397.425 1397.424 1397.599 1397.846 1398.092 1398.339 1398.56 1398.661 1398.762 1398.863 1398.964 1399.0 1399.0 1399.0 1399.0 1398.96 1398.562 1398.164 1397.766 1397.368 1397.061 1396.823 1396.584 1396.346 1396.106 1395.809 1395.512 1395.215 1394.918 1394.487 1393.919 1393.352
1422.016 1422.101 1422.187 1421.997 1421.49 1420.983 1420.475 1419.968 1418.984 1417.962 1416.94 1415.919 1414.674 1413.083 1411.491 1409.9 1408.308 1406.936 1405.601 1404.266 1402.931 1401.867 1401.384 1400.9 1400.417 1399.933 1399.541 1399.173 1398.806 1398.438 1398.136 1398.033 1397.929 1397.826 1397.722 1397.81 1397.976 1398.142 1398.308 1398.466 1398.589 1398.711 1398.833 1398.956 1399.0 1399.0 1399.0 1399.0 1398.965 1398.615 1398.266 1397.916 1397.567 1397.363 1397.27 1397.177 1397.084 1396.987 1396.76 1396.533 1396.306 1396.079 1395.713 1395.204 1394.696
1424.297 1424.436 1424.575 1424.352 1423.71 1423.068 1422.427 1421.785 1420.666 1419.51 1418.353 1417.197 1415.837 1414.159 1412.482 1410.804 1409.126 1407.751 1406.427 1405.102 1403.778 1402.713 1402.203 1401.693 1401.182 1400.672 1400.273 1399.906 1399.538 1399.171 1398.843 1398.638 1398.432 1398.226 1398.021 1398.022 1398.107 1398.192 1398.277 1398.372 1398.516 1398.66 1398.804 1398.948 1399.0 1399.0 1399.0 1399.0 1398.969 1398.669 1398.368 1398.067 1397.766 1397.665 1397.717 1397.769 1397.822 1397.868 1397.711 1397.554 1397.397 1397.24 1396.938 1396.489 1396.04
1426.264 1426.457 1426.65 1426.415 1425.685 1424.954 1424.224 1423.493 1422.273 1421.015 1419.756 1418.498 1417.076 1415.399 1413.723 1412.047 1410.37 1408.933 1407.537 1406.141 1404.745 1403.559 1402.824 1402.088 1401.353 1400.618 1400.142 1399.737 1399.333 1398.929 1398.6 1398.504 1398.408 1398.312 1398.216 1398.224 1398.274 1398.325 1398.375 1398.439 1398.568 1398.696 1398.825 1398.953 1399.009 1399.023 1399.036 1399.05 1399.036 1398.779 1398.522 1398.265 1398.008 1397.933 1397.997 1398.061 1398.125 1398.185 1398.084 1397.983 1397.882 1397.781 1397.535 1397.141 1396.746
