data/zism_data/00911_01_D.txt
ncols         224
nrows         224
[rows 56 to 83 of 224, columns 65 to 129 of 224]
1498.447 1498.473 1498.499 1498.526 1498.631 1498.736 1498.841 1498.946 1499.07 1499.213 1499.357 1499.501 1499.644 1499.724 1499.802 1499.879 1499.956 1500.0 1500.0 1500.0 1500.0 1500.0 1500.135 1500.286 1500.437 1500.588 1500.737 1500.884 1501.031 1501.179 1501.326 1501.247 1501.126 1501.004 1500.883 1500.76 1500.635 1500.51 1500.385 1500.26 1500.193 1500.141 1500.09 1500.038 1499.973 1499.868 1499.763 1499.658 1499.553 1499.6 1499.705 1499.81 1499.915 1500.0 1500.0 1500.0 1500.0 1500.0 1500.0 1500.0 1500.0 1500.0 1500.0 1500.0 1500.0
1498.635 1498.672 1498.708 1498.745 1498.802 1498.858 1498.915 1498.971 1499.054 1499.165 1499.276 1499.388 1499.499 1499.609 1499.718 1499.828 1499.937 1500.0 1500.0 1500.0 1500.0 1500.0 1500.165 1500.348 1500.531 1500.714 1500.884 1501.031 1501.178 1501.326 1501.473 1501.403 1501.293 1501.182 1501.071 1500.949 1500.803 1500.656 1500.509 1500.363 1500.274 1500.201 1500.128 1500.055 1499.986 1499.929 1499.873 1499.816 1499.76 1499.785 1499.842 1499.898 1499.955 1500.0 1500.0 1500.0 1500.0 1500.0 1500.0 1500.0 1500.0 1500.0 1500.0 1500.0 1500.0
1498.823 1498.871 1498.918 1498.965 1498.973 1498.98 1498.988 1498.996 1499.038 1499.117 1499.196 1499.275 1499.353 1499.493 1499.635 1499.777 1499.919 1500.0 1500.0 1500.0 1500.0 1500.0 1500.194 1500.409 1500.625 1500.841 1501.031 1501.178 1501.325 1501.473 1501.62 1501.559 1501.459 1501.36 1501.26 1501.139 1500.97 1500.802 1500.634 1500.465 1500.355 1500.26 1500.165 1500.071 1499.998 1499.99 1499.983 1499.975 1499.967 1499.97 1499.978 1499.986 1499.994 1500.0 1500.0 1500.0 1500.0 1500.0 1500.0 1500.0 1500.0 1500.0 1500.0 1500.0 1500.0
1499.046 1499.114 1499.181 1499.247 1499.219 1499.192 1499.165 1499.138 1499.146 1499.192 1499.239 1499.285 1499.331 1499.474 1499.621 1499.769 1499.916 1500.0 1500.0 1500.0 1500.0 1500.0 1500.203 1500.428 1500.653 1500.879 1501.078 1501.235 1501.391 1501.547 1501.703 1501.673 1501.606 1501.54 1501.474 1501.37 1501.185 1501.0 1500.814 1500.629 1500.497 1500.381 1500.265 1500.149 1500.058 1500.045 1500.031 1500.017 1500.004 1500.0 1500.0 1500.0 1500.0 1500.0 1500.0 1500.0 1500.0 1500.0 1500.0 1500.0 1500.0 1500.0 1500.0 1500.0 1500.0
1499.276 1499.365 1499.453 1499.54 1499.48 1499.421 1499.361 1499.301 1499.277 1499.291 1499.305 1499.319 1499.333 1499.474 1499.621 1499.769 1499.916 1500.0 1500.0 1500.0 1500.0 1500.0 1500.207 1500.438 1500.669 1500.9 1501.107 1501.274 1501.441 1501.608 1501.775 1501.778 1501.75 1501.721 1501.693 1501.61 1501.409 1501.207 1501.005 1500.804 1500.652 1500.514 1500.376 1500.238 1500.128 1500.098 1500.068 1500.038 1500.008 1500.0 1500.0 1500.0 1500.0 1500.0 1500.0 1500.0 1500.0 1500.0 1500.0 1500.0 1500.0 1500.0 1500.0 1500.0 1500.0
1499.505 1499.615 1499.726 1499.834 1499.741 1499.649 1499.557 1499.465 1499.408 1499.39 1499.371 1499.353 1499.334 1499.474 1499.621 1499.769 1499.916 1500.0 1500.0 1500.0 1500.0 1500.0 1500.212 1500.448 1500.685 1500.921 1501.135 1501.313 1501.491 1501.669 1501.847 1501.883 1501.893 1501.902 1501.912 1501.85 1501.632 1501.415 1501.197 1500.979 1500.807 1500.647 1500.487 1500.328 1500.197 1500.151 1500.105 1500.059 1500.013 1500.0 1500.0 1500.0 1500.0 1500.0 1500.0 1500.0 1500.0 1500.0 1500.0 1500.0 1500.0 1500.0 1500.0 1500.0 1500.0
1499.734 1499.867 1499.999 1500.127 1500.002 1499.878 1499.753 1499.629 1499.54 1499.489 1499.438 1499.387 1499.336 1499.474 1499.621 1499.769 1499.916 1500.0 1500.0 1500.0 1500.0 1500.0 1500.217 1500.459 1500.7 1500.942 1501.164 1501.353 1501.541 1501.73 1501.919 1501.989 1502.036 1502.083 1502.13 1502.09 1501.856 1501.622 1501.388 1501.154 1500.961 1500.78 1500.599 1500.417 1500.266 1500.204 1500.142 1500.079 1500.017 1500.0 1500.0 1500.0 1500.0 1500.0 1500.0 1500.0 1500.0 1500.0 1500.0 1500.0 1500.0 1500.0 1500.0 1500.0 1500.0
1500.006 1500.153 1500.3 1500.443 1500.306 1500.169 1500.031 1499.894 1499.79 1499.721 1499.653 1499.584 1499.515 1499.63 1499.752 1499.875 1499.997 1500.061 1500.046 1500.031 1500.016 1500.001 1500.223 1500.472 1500.721 1500.969 1501.203 1501.411 1501.618 1501.826 1502.034 1502.129 1502.203 1502.276 1502.35 1502.321 1502.068 1501.814 1501.561 1501.307 1501.089 1500.882 1500.674 1500.466 1500.294 1500.225 1500.156 1500.088 1500.019 1500.0 1500.0 1500.0 1500.0 1500.0 1500.0 1500.0 1500.0 1500.0 1500.0 1500.0 1500.0 1500.0 1500.0 1500.0 1500.0
1500.373 1500.52 1500.667 1500.811 1500.706 1500.601 1500.496 1500.392 1500.312 1500.26 1500.207 1500.155 1500.102 1500.14 1500.181 1500.222 1500.264 1500.26 1500.197 1500.133 1500.07 1500.006 1500.233 1500.493 1500.752 1501.011 1501.266 1501.511 1501.757 1502.003 1502.248 1502.349 1502.423 1502.497 1502.57 1502.533 1502.253 1501.972 1501.692 1501.411 1501.158 1500.912 1500.667 1500.421 1500.224 1500.172 1500.119 1500.067 1500.014 1500.0 1500.0 1500.0 1500.0 1500.0 1500.0 1500.0 1500.0 1500.0 1500.0 1500.0 1500.0 1500.0 1500.0 1500.0 1500.0
1500.741 1500.888 1501.035 1501.179 1501.107 1501.034 1500.962 1500.889 1500.834 1500.798 1500.762 1500.726 1500.69 1500.65 1500.61 1500.57 1500.531 1500.46 1500.348 1500.236 1500.124 1500.011 1500.243 1500.513 1500.783 1501.054 1501.329 1501.612 1501.896 1502.179 1502.463 1502.57 1502.643 1502.717 1502.791 1502.745 1502.438 1502.13 1501.823 1501.515 1501.226 1500.943 1500.659 1500.376 1500.155 1500.119 1500.082 1500.046 1500.01 1500.0 1500.0 1500.0 1500.0 1500.0 1500.0 1500.0 1500.0 1500.0 1500.0 1500.0 1500.0 1500.0 1500.0 1500.0 1500.0
1501.108 1501.255 1501.402 1501.547 1501.507 1501.467 1501.427 1501.387 1501.357 1501.337 1501.317 1501.297 1501.277 1501.16 1501.039 1500.918 1500.798 1500.66 1500.499 1500.338 1500.177 1500.016 1500.253 1500.534 1500.815 1501.096 1501.392 1501.713 1502.035 1502.356 1502.677 1502.79 1502.864 1502.938 1503.011 1502.958 1502.623 1502.288 1501.953 1501.619 1501.294 1500.973 1500.652 1500.33 1500.085 1500.065 1500.046 1500.026 1500.005 1500.0 1500.0 1500.0 1500.0 1500.0 1500.0 1500.0 1500.0 1500.0 1500.0 1500.0 1500.0 1500.0 1500.0 1500.0 1500.0
1501.475 1501.623 1501.77 1501.915 1501.907 1501.9 1501.892 1501.885 1501.879 1501.875 1501.871 1501.868 1501.864 1501.671 1501.469 1501.266 1501.065 1500.859 1500.65 1500.44 1500.231 1500.021 1500.262 1500.554 1500.846 1501.138 1501.455 1501.814 1502.173 1502.532 1502.892 1503.011 1503.084 1503.158 1503.232 1503.17 1502.808 1502.446 1502.084 1501.723 1501.363 1501.004 1500.644 1500.285 1500.016 1500.012 1500.009 1500.005 1500.001 1500.0 1500.0 1500.0 1500.0 1500.0 1500.0 1500.0 1500.0 1500.0 1500.0 1500.0 1500.0 1500.0 1500.0 1500.0 1500.0
1501.881 1502.053 1502.225 1502.396 1502.425 1502.454 1502.483 1502.512 1502.531 1502.539 1502.547 1502.556 1502.564 1502.413 1502.254 1502.096 1501.937 1501.752 1501.531 1501.311 1501.09 1500.869 1501.096 1501.374 1501.652 1501.93 1502.224 1502.546 1502.868 1503.191 1503.513 1503.574 1503.585 1503.597 1503.608 1503.489 1503.084 1502.678 1502.273 1501.868 1501.472 1501.079 1500.686 1500.293 1500.0 1500.0 1500.0 1500.0 1500.0 1500.0 1500.0 1500.0 1500.0 1500.0 1500.0 1500.0 1500.0 1500.0 1500.0 1500.0 1500.0 1500.0 1500.0 1500.0 1500.0
1502.299 1502.503 1502.708 1502.91 1502.977 1503.044 1503.111 1503.178 1503.222 1503.241 1503.26 1503.279 1503.298 1503.225 1503.148 1503.071 1502.993 1502.854 1502.634 1502.413 1502.192 1501.971 1502.179 1502.435 1502.691 1502.948 1503.206 1503.469 1503.732 1503.995 1504.257 1504.24 1504.171 1504.101 1504.031 1503.842 1503.387 1502.933 1502.479 1502.025 1501.594 1501.168 1500.743 1500.318 1500.0 1500.0 1500.0 1500.0 1500.0 1500.0 1500.0 1500.0 1500.0 1500.0 1500.0 1500.0 1500.0 1500.0 1500.0 1500.0 1500.0 1500.0 1500.0 1500.0 1500.0
1502.716 1502.953 1503.19 1503.425 1503.53 1503.635 1503.74 1503.844 1503.913 1503.943 1503.973 1504.003 1504.033 1504.038 1504.041 1504.045 1504.049 1503.957 1503.736 1503.515 1503.294 1503.073 1503.262 1503.496 1503.731 1503.965 1504.188 1504.392 1504.595 1504.798 1505.002 1504.907 1504.756 1504.605 1504.454 1504.194 1503.691 1503.188 1502.685 1502.183 1501.715 1501.257 1500.8 1500.342 1500.0 1500.0 1500.0 1500.0 1500.0 1500.0 1500.0 1500.0 1500.0 1500.0 1500.0 1500.0 1500.0 1500.0 1500.0 1500.0 1500.0 1500.0 1500.0 1500.0 1500.0
1503.134 1503.403 1503.673 1503.94 1504.083 1504.225 1504.368 1504.511 1504.604 1504.645 1504.686 1504.726 1504.767 1504.85 1504.935 1505.02 1505.105 1505.059 1504.838 1504.617 1504.396 1504.176 1504.345 1504.557 1504.77 1504.983 1505.171 1505.314 1505.458 1505.602 1505.746 1505.574 1505.342 1505.11 1504.878 1504.546 1503.995 1503.443 1502.892 1502.34 1501.837 1501.346 1500.856 1500.366 1500.0 1500.0 1500.0 1500.0 1500.0 1500.0 1500.0 1500.0 1500.0 1500.0 1500.0 1500.0 1500.0 1500.0 1500.0 1500.0 1500.0 1500.0 1500.0 1500.0 1500.0
1503.534 1503.836 1504.138 1504.438 1504.612 1504.786 1504.961 1505.135 1505.255 1505.318 1505.381 1505.444 1505.507 1505.656 1505.81 1505.963 1506.116 1506.121 1505.925 1505.729 1505.534 1505.338 1505.482 1505.664 1505.847 1506.029 1506.172 1506.248 1506.323 1506.399 1506.475 1506.228 1505.919 1505.611 1505.303 1504.906 1504.314 1503.721 1503.129 1502.536 1502.003 1501.486 1500.97 1500.454 1500.064 1500.049 1500.034 1500.019 1500.004 1500.003 1500.006 1500.01 1500.014 1500.017 1500.017 1500.017 1500.017 1500.017 1500.017 1500.017 1500.017 1500.017 1500.017 1500.017 1500.017
1503.878 1504.213 1504.547 1504.879 1505.064 1505.249 1505.434 1505.619 1505.774 1505.896 1506.019 1506.141 1506.263 1506.441 1506.622 1506.802 1506.983 1507.049 1506.961 1506.874 1506.786 1506.699 1506.8 1506.923 1507.046 1507.169 1507.239 1507.217 1507.195 1507.173 1507.151 1506.839 1506.471 1506.104 1505.736 1505.293 1504.684 1504.075 1503.467 1502.858 1502.317 1501.795 1501.273 1500.752 1500.342 1500.262 1500.182 1500.102 1500.022 1500.015 1500.034 1500.054 1500.074 1500.091 1500.091 1500.091 1500.091 1500.091 1500.091 1500.091 1500.091 1500.091 1500.091 1500.091 1500.091
1504.222 1504.589 1504.956 1505.32 1505.516 1505.712 1505.908 1506.104 1506.293 1506.475 1506.656 1506.838 1507.02 1507.227 1507.434 1507.642 1507.849 1507.977 1507.997 1508.018 1508.039 1508.059 1508.119 1508.182 1508.245 1508.309 1508.305 1508.186 1508.067 1507.948 1507.828 1507.45 1507.023 1506.596 1506.169 1505.68 1505.055 1504.43 1503.805 1503.18 1502.631 1502.104 1501.577 1501.05 1500.619 1500.474 1500.33 1500.185 1500.04 1500.026 1500.063 1500.099 1500.135 1500.164 1500.164 1500.164 1500.164 1500.164 1500.164 1500.164 1500.164 1500.164 1500.164 1500.164 1500.164
1504.566 1504.965 1505.365 1505.761 1505.968 1506.175 1506.381 1506.588 1506.812 1507.053 1507.294 1507.536 1507.777 1508.012 1508.246 1508.481 1508.716 1508.905 1509.034 1509.163 1509.291 1509.42 1509.437 1509.441 1509.445 1509.449 1509.371 1509.155 1508.938 1508.722 1508.505 1508.062 1507.575 1507.088 1506.602 1506.067 1505.426 1504.784 1504.143 1503.502 1502.946 1502.413 1501.88 1501.348 1500.897 1500.687 1500.477 1500.267 1500.058 1500.038 1500.09 1500.143 1500.195 1500.238 1500.238 1500.238 1500.238 1500.238 1500.238 1500.238 1500.238 1500.238 1500.238 1500.238 1500.238
1504.91 1505.342 1505.774 1506.202 1506.42 1506.637 1506.855 1507.072 1507.33 1507.631 1507.932 1508.233 1508.534 1508.797 1509.059 1509.32 1509.582 1509.833 1510.07 1510.307 1510.544 1510.781 1510.755 1510.7 1510.644 1510.589 1510.438 1510.124 1509.81 1509.496 1509.182 1508.673 1508.127 1507.581 1507.035 1506.454 1505.796 1505.139 1504.481 1503.824 1503.26 1502.722 1502.184 1501.646 1501.174 1500.9 1500.625 1500.35 1500.076 1500.05 1500.118 1500.187 1500.256 1500.311 1500.311 1500.311 1500.311 1500.311 1500.311 1500.311 1500.311 1500.311 1500.311 1500.311 1500.311
1505.05 1505.514 1505.978 1506.439 1506.682 1506.926 1507.169 1507.413 1507.713 1508.073 1508.433 1508.794 1509.154 1509.475 1509.793 1510.112 1510.431 1510.75 1511.069 1511.387 1511.706 1512.025 1511.961 1511.853 1511.746 1511.638 1511.421 1511.018 1510.614 1510.21 1509.807 1509.265 1508.697 1508.129 1507.561 1506.963 1506.301 1505.638 1504.976 1504.314 1503.724 1503.154 1502.584 1502.014 1501.511 1501.206 1500.9 1500.594 1500.289 1500.241 1500.292 1500.344 1500.395 1500.436 1500.436 1500.436 1500.436 1500.436 1500.436 1500.436 1500.436 1500.436 1500.436 1500.436 1500.436
1505.1 1505.597 1506.093 1506.587 1506.862 1507.138 1507.414 1507.69 1508.036 1508.455 1508.875 1509.295 1509.715 1510.105 1510.494 1510.883 1511.273 1511.662 1512.051 1512.44 1512.829 1513.218 1513.117 1512.961 1512.805 1512.649 1512.369 1511.879 1511.389 1510.899 1510.408 1509.848 1509.275 1508.701 1508.128 1507.527 1506.864 1506.202 1505.539 1504.877 1504.253 1503.64 1503.027 1502.414 1501.875 1501.553 1501.231 1500.909 1500.587 1500.512 1500.531 1500.549 1500.568 1500.583 1500.583 1500.583 1500.583 1500.583 1500.583 1500.583 1500.583 1500.583 1500.583 1500.583 1500.583
1505.15 1505.679 1506.208 1506.734 1507.042 1507.35 1507.659 1507.967 1508.358 1508.838 1509.317 1509.796 1510.276 1510.736 1511.195 1511.655 1512.114 1512.573 1513.033 1513.492 1513.952 1514.411 1514.274 1514.069 1513.864 1513.659 1513.317 1512.74 1512.163 1511.587 1511.01 1510.431 1509.853 1509.274 1508.695 1508.09 1507.428 1506.765 1506.103 1505.44 1504.783 1504.126 1503.47 1502.814 1502.238 1501.9 1501.562 1501.224 1500.885 1500.782 1500.768 1500.755 1500.741 1500.729 1500.729 1500.729 1500.729 1500.729 1500.729 1500.729 1500.729 1500.729 1500.729 1500.729 1500.729
1505.2 1505.762 1506.323 1506.881 1507.222 1507.563 1507.904 1508.244 1508.681 1509.22 1509.759 1510.298 1510.836 1511.366 1511.896 1512.426 1512.956 1513.485 1514.015 1514.545 1515.074 1515.604 1515.43 1515.177 1514.923 1514.67 1514.265 1513.601 1512.938 1512.275 1511.612 1511.015 1510.431 1509.846 1509.262 1508.653 1507.991 1507.329 1506.666 1506.004 1505.312 1504.613 1503.913 1503.213 1502.601 1502.247 1501.893 1501.538 1501.184 1501.053 1501.006 1500.96 1500.914 1500.876 1500.876 1500.876 1500.876 1500.876 1500.876 1500.876 1500.876 1500.876 1500.876 1500.876 1500.876
1505.178 1505.761 1506.344 1506.923 1507.297 1507.67 1508.043 1508.416 1508.896 1509.49 1510.084 1510.678 1511.272 1511.871 1512.47 1513.07 1513.669 1514.263 1514.852 1515.441 1516.03 1516.619 1516.414 1516.119 1515.825 1515.531 1515.075 1514.344 1513.613 1512.882 1512.152 1511.542 1510.956 1510.37 1509.784 1509.175 1508.518 1507.861 1507.204 1506.546 1505.832 1505.101 1504.37 1503.639 1503.0 1502.629 1502.259 1501.888 1501.517 1501.358 1501.28 1501.201 1501.122 1501.059 1501.059 1501.059 1501.059 1501.059 1501.056 1501.053 1501.049 1501.046 1501.043 1501.04 1501.037
1504.777 1505.322 1505.867 1506.41 1506.815 1507.221 1507.626 1508.032 1508.545 1509.171 1509.798 1510.424 1511.051 1511.713 1512.377 1513.041 1513.705 1514.337 1514.926 1515.515 1516.103 1516.692 1516.487 1516.193 1515.898 1515.604 1515.16 1514.462 1513.764 1513.065 1512.367 1511.776 1511.207 1510.636 1510.067 1509.479 1508.855 1508.23 1507.605 1506.98 1506.298 1505.599 1504.901 1504.203 1503.583 1503.197 1502.81 1502.423 1502.036 1501.849 1501.738 1501.627 1501.516 1501.426 1501.426 1501.426 1501.426 1501.426 1501.409 1501.384 1501.359 1501.334 1501.31 1501.291 1501.272
1504.375 1504.883 1505.39 1505.896 1506.334 1506.772 1507.21 1507.648 1508.193 1508.852 1509.511 1510.17 1510.829 1511.555 1512.284 1513.012 1513.741 1514.41 1514.999 1515.588 1516.177 1516.766 1516.561 1516.266 1515.972 1515.678 1515.246 1514.58 1513.914 1513.248 1512.582 1512.011 1511.457 1510.903 1510.349 1509.784 1509.191 1508.599 1508.006 1507.414 1506.764 1506.098 1505.432 1504.766 1504.167 1503.764 1503.361 1502.958 1502.555 1502.34 1502.196 1502.053 1501.909 1501.793 1501.793 1501.793 1501.793 1501.793 1501.762 1501.716 1501.669 1501.622 1501.577 1501.542 1501.507
