data/zism_data/00915_02_D.txt
ncols         224
nrows         224
[rows 140 to 167 of 224, columns 0 to 62 of 224]
1581.928 1580.825 1579.721 1578.743 1577.92 1577.096 1576.272 1575.449 1574.963 1574.515 1574.067 1573.619 1573.23 1572.951 1572.672 1572.393 1572.114 1572.286 1572.573 1572.86 1573.147 1573.543 1574.272 1575.001 1575.73 1576.459 1577.473 1578.61 1579.748 1580.885 1582.1 1583.767 1585.434 1587.1 1588.767 1590.318 1591.789 1593.26 1594.731 1596.101 1595.248 1594.395 1593.542 1592.689 1592.588 1593.262 1593.936 1594.61 1595.285 1598.317 1601.494 1604.672 1607.849 1610.846 1613.563 1616.279 1618.995 1621.711 1623.021 1624.064 1625.107 1626.15 1626.653
1582.2 1581.086 1579.971 1578.947 1578.032 1577.117 1576.202 1575.287 1574.681 1574.11 1573.538 1572.967 1572.471 1572.117 1571.763 1571.409 1571.055 1571.118 1571.287 1571.456 1571.625 1571.904 1572.521 1573.137 1573.753 1574.37 1575.334 1576.45 1577.566 1578.682 1579.865 1581.441 1583.016 1584.592 1586.168 1587.595 1588.921 1590.247 1591.573 1592.8 1591.845 1590.891 1589.936 1588.981 1588.974 1589.943 1590.912 1591.881 1592.85 1596.006 1599.296 1602.586 1605.876 1608.885 1611.457 1614.028 1616.599 1619.171 1620.268 1621.086 1621.903 1622.721 1622.994
1582.472 1581.346 1580.221 1579.15 1578.144 1577.137 1576.131 1575.125 1574.399 1573.704 1573.01 1572.315 1571.713 1571.283 1570.854 1570.425 1569.996 1569.949 1570.0 1570.051 1570.102 1570.265 1570.769 1571.272 1571.776 1572.28 1573.195 1574.289 1575.384 1576.479 1577.63 1579.114 1580.599 1582.083 1583.568 1584.872 1586.053 1587.234 1588.416 1589.5 1588.443 1587.386 1586.329 1585.272 1585.359 1586.623 1587.888 1589.152 1590.416 1593.695 1597.098 1600.501 1603.903 1606.924 1609.351 1611.777 1614.203 1616.63 1617.515 1618.107 1618.699 1619.292 1619.335
1582.743 1581.607 1580.471 1579.353 1578.255 1577.158 1576.061 1574.964 1574.117 1573.299 1572.481 1571.663 1570.954 1570.45 1569.945 1569.441 1568.937 1568.781 1568.714 1568.647 1568.58 1568.626 1569.017 1569.408 1569.799 1570.19 1571.056 1572.129 1573.202 1574.275 1575.395 1576.788 1578.181 1579.575 1580.968 1582.149 1583.185 1584.222 1585.258 1586.199 1585.041 1583.882 1582.723 1581.564 1581.745 1583.304 1584.863 1586.423 1587.982 1591.384 1594.899 1598.415 1601.93 1604.963 1607.245 1609.526 1611.808 1614.089 1614.762 1615.129 1615.496 1615.863 1615.676
1583.015 1581.868 1580.721 1579.556 1578.367 1577.179 1575.99 1574.802 1573.835 1572.894 1571.953 1571.011 1570.196 1569.616 1569.037 1568.457 1567.878 1567.613 1567.428 1567.243 1567.057 1566.987 1567.265 1567.543 1567.822 1568.1 1568.917 1569.968 1571.02 1572.072 1573.16 1574.462 1575.764 1577.066 1578.368 1579.426 1580.318 1581.209 1582.101 1582.899 1581.638 1580.377 1579.117 1577.856 1578.13 1579.984 1581.839 1583.693 1585.548 1589.073 1592.701 1596.329 1599.957 1603.002 1605.139 1607.275 1609.412 1611.549 1612.009 1612.15 1612.292 1612.434 1612.017
1583.333 1582.166 1580.999 1579.795 1578.544 1577.294 1576.044 1574.793 1573.758 1572.747 1571.736 1570.725 1569.836 1569.177 1568.518 1567.858 1567.199 1566.812 1566.494 1566.176 1565.858 1565.639 1565.721 1565.804 1565.886 1565.969 1566.649 1567.591 1568.533 1569.475 1570.442 1571.55 1572.657 1573.765 1574.873 1575.688 1576.302 1576.917 1577.531 1578.062 1576.753 1575.445 1574.136 1572.827 1573.157 1575.174 1577.192 1579.209 1581.226 1584.913 1588.703 1592.493 1596.282 1599.461 1601.688 1603.915 1606.142 1608.369 1608.472 1608.173 1607.874 1607.575 1606.765
1583.657 1582.468 1581.28 1580.037 1578.727 1577.418 1576.109 1574.799 1573.7 1572.625 1571.55 1570.474 1569.516 1568.776 1568.036 1567.296 1566.556 1566.045 1565.593 1565.141 1564.689 1564.319 1564.198 1564.076 1563.955 1563.833 1564.37 1565.194 1566.018 1566.842 1567.677 1568.581 1569.485 1570.39 1571.294 1571.854 1572.178 1572.503 1572.828 1573.079 1571.728 1570.376 1569.024 1567.672 1568.055 1570.222 1572.39 1574.557 1576.725 1580.577 1584.533 1588.49 1592.446 1595.769 1598.109 1600.449 1602.788 1605.128 1604.862 1604.101 1603.34 1602.58 1601.361
1583.98 1582.77 1581.56 1580.279 1578.91 1577.542 1576.174 1574.805 1573.642 1572.503 1571.363 1570.223 1569.194 1568.374 1567.554 1566.733 1565.913 1565.279 1564.693 1564.107 1563.521 1562.999 1562.674 1562.348 1562.023 1561.698 1562.09 1562.796 1563.502 1564.208 1564.913 1565.613 1566.313 1567.014 1567.714 1568.019 1568.054 1568.089 1568.124 1568.097 1566.702 1565.307 1563.913 1562.518 1562.953 1565.27 1567.588 1569.906 1572.224 1576.241 1580.364 1584.486 1588.609 1592.078 1594.53 1596.982 1599.435 1601.887 1601.251 1600.029 1598.807 1597.584 1595.957
1584.303 1583.072 1581.84 1580.521 1579.094 1577.666 1576.239 1574.811 1573.585 1572.38 1571.176 1569.972 1568.874 1567.973 1567.072 1566.171 1565.27 1564.513 1563.793 1563.073 1562.352 1561.679 1561.15 1560.621 1560.092 1559.562 1559.81 1560.398 1560.986 1561.574 1562.149 1562.645 1563.142 1563.638 1564.134 1564.184 1563.929 1563.675 1563.42 1563.114 1561.676 1560.239 1558.801 1557.363 1557.85 1560.318 1562.786 1565.254 1567.722 1571.906 1576.194 1580.483 1584.772 1588.386 1590.951 1593.516 1596.081 1598.646 1597.64 1595.956 1594.273 1592.589 1590.554
1584.586 1583.353 1582.119 1580.807 1579.398 1577.99 1576.581 1575.172 1573.917 1572.68 1571.443 1570.205 1569.054 1568.065 1567.076 1566.087 1565.097 1564.199 1563.323 1562.447 1561.571 1560.724 1559.961 1559.199 1558.437 1557.675 1557.719 1558.118 1558.516 1558.914 1559.296 1559.589 1559.881 1560.173 1560.466 1560.279 1559.766 1559.253 1558.739 1558.183 1556.683 1555.183 1553.683 1552.183 1552.65 1555.142 1557.634 1560.126 1562.618 1566.937 1571.369 1575.801 1580.232 1583.972 1586.636 1589.301 1591.965 1594.629 1593.255 1591.116 1588.977 1586.838 1584.414
1584.797 1583.596 1582.394 1581.17 1579.917 1578.664 1577.41 1576.157 1574.938 1573.722 1572.506 1571.29 1570.117 1569.026 1567.935 1566.844 1565.753 1564.68 1563.611 1562.542 1561.473 1560.409 1559.363 1558.316 1557.27 1556.223 1555.961 1556.043 1556.124 1556.206 1556.288 1556.377 1556.465 1556.553 1556.642 1556.252 1555.535 1554.817 1554.1 1553.345 1551.748 1550.151 1548.555 1546.958 1547.279 1549.572 1551.865 1554.159 1556.452 1560.856 1565.389 1569.923 1574.457 1578.288 1581.028 1583.767 1586.506 1589.245 1587.51 1584.925 1582.341 1579.756 1576.978
1585.008 1583.839 1582.669 1581.533 1580.435 1579.338 1578.24 1577.143 1575.958 1574.764 1573.569 1572.375 1571.181 1569.988 1568.795 1567.602 1566.409 1565.161 1563.898 1562.636 1561.374 1560.095 1558.764 1557.433 1556.102 1554.771 1554.203 1553.968 1553.733 1553.497 1553.28 1553.164 1553.049 1552.933 1552.818 1552.224 1551.303 1550.382 1549.46 1548.506 1546.813 1545.12 1543.427 1541.733 1541.907 1544.002 1546.096 1548.191 1550.286 1554.774 1559.41 1564.046 1568.681 1572.604 1575.419 1578.233 1581.047 1583.862 1581.764 1578.734 1575.704 1572.674 1569.543
1585.219 1584.082 1582.945 1581.895 1580.954 1580.012 1579.07 1578.128 1576.978 1575.805 1574.632 1573.459 1572.244 1570.949 1569.654 1568.359 1567.064 1565.641 1564.186 1562.731 1561.276 1559.781 1558.166 1556.55 1554.935 1553.32 1552.444 1551.893 1551.341 1550.789 1550.271 1549.952 1549.633 1549.313 1548.994 1548.196 1547.071 1545.946 1544.821 1543.667 1541.878 1540.088 1538.298 1536.509 1536.535 1538.431 1540.328 1542.224 1544.12 1548.693 1553.431 1558.168 1562.906 1566.92 1569.81 1572.699 1575.589 1578.478 1576.018 1572.543 1569.067 1565.592 1562.107
1585.43 1584.325 1583.22 1582.258 1581.472 1580.686 1579.9 1579.113 1577.999 1576.847 1575.696 1574.544 1573.307 1571.91 1570.513 1569.116 1567.72 1566.122 1564.474 1562.825 1561.177 1559.467 1557.567 1555.667 1553.768 1551.868 1550.686 1549.818 1548.95 1548.081 1547.263 1546.74 1546.217 1545.693 1545.17 1544.168 1542.839 1541.511 1540.182 1538.829 1536.942 1535.056 1533.17 1531.284 1531.163 1532.861 1534.559 1536.257 1537.954 1542.612 1547.451 1552.291 1557.13 1561.236 1564.201 1567.165 1570.13 1573.095 1570.272 1566.351 1562.431 1558.51 1554.672
1586.083 1585.023 1583.964 1583.068 1582.371 1581.676 1580.979 1580.284 1579.245 1578.167 1577.089 1576.011 1574.794 1573.317 1571.84 1570.363 1568.886 1567.163 1565.378 1563.594 1561.808 1559.964 1557.937 1555.909 1553.882 1551.855 1550.456 1549.332 1548.208 1547.085 1546.001 1545.152 1544.303 1543.454 1542.605 1541.269 1539.601 1537.934 1536.266 1534.581 1532.524 1530.468 1528.411 1526.354 1526.049 1527.549 1529.048 1530.547 1532.046 1536.686 1541.518 1546.351 1551.183 1555.27 1558.197 1561.123 1564.05 1566.976 1564.198 1560.337 1556.476 1552.615 1548.793
1586.839 1585.827 1584.816 1583.98 1583.359 1582.738 1582.118 1581.497 1580.542 1579.55 1578.558 1577.566 1576.379 1574.827 1573.275 1571.723 1570.171 1568.335 1566.426 1564.518 1562.609 1560.649 1558.531 1556.412 1554.294 1552.176 1550.581 1549.216 1547.851 1546.485 1545.144 1543.941 1542.738 1541.534 1540.331 1538.632 1536.594 1534.556 1532.518 1530.471 1528.227 1525.982 1523.737 1521.493 1520.995 1522.296 1523.597 1524.897 1526.198 1530.796 1535.596 1540.396 1545.197 1549.239 1552.101 1554.963 1557.825 1560.687 1558.047 1554.364 1550.68 1546.996 1543.277
1587.594 1586.631 1585.668 1584.893 1584.347 1583.801 1583.256 1582.71 1581.84 1580.934 1580.028 1579.122 1577.965 1576.337 1574.71 1573.083 1571.456 1569.506 1567.474 1565.442 1563.411 1561.335 1559.125 1556.916 1554.706 1552.496 1550.706 1549.099 1547.493 1545.886 1544.287 1542.729 1541.172 1539.615 1538.058 1535.995 1533.587 1531.179 1528.771 1526.361 1523.929 1521.497 1519.064 1516.632 1515.941 1517.043 1518.145 1519.248 1520.35 1524.906 1529.674 1534.442 1539.21 1543.207 1546.005 1548.803 1551.601 1554.398 1551.897 1548.39 1544.884 1541.377 1537.76
1588.35 1587.435 1586.521 1585.806 1585.335 1584.864 1584.394 1583.923 1583.138 1582.318 1581.498 1580.677 1579.55 1577.848 1576.145 1574.443 1572.74 1570.677 1568.522 1566.367 1564.212 1562.021 1559.72 1557.419 1555.118 1552.817 1550.831 1548.983 1547.135 1545.287 1543.43 1541.518 1539.607 1537.696 1535.784 1533.358 1530.579 1527.801 1525.023 1522.251 1519.631 1517.011 1514.391 1511.771 1510.887 1511.791 1512.694 1513.598 1514.502 1519.016 1523.751 1528.488 1533.224 1537.176 1539.909 1542.643 1545.376 1548.109 1545.746 1542.417 1539.087 1535.758 1532.243
1589.133 1588.271 1587.409 1586.757 1586.361 1585.966 1585.57 1585.175 1584.471 1583.732 1582.993 1582.255 1581.169 1579.432 1577.695 1575.958 1574.221 1572.08 1569.837 1567.593 1565.349 1563.072 1560.693 1558.313 1555.934 1553.554 1551.384 1549.306 1547.228 1545.15 1543.048 1540.806 1538.564 1536.322 1534.081 1531.309 1528.176 1525.043 1521.91 1518.794 1516.055 1513.315 1510.576 1507.837 1506.794 1507.5 1508.205 1508.91 1509.615 1513.943 1518.495 1523.046 1527.597 1531.426 1534.13 1536.833 1539.537 1542.241 1540.06 1536.953 1533.845 1530.737 1527.381
1589.995 1589.197 1588.399 1587.816 1587.495 1587.175 1586.855 1586.534 1585.901 1585.232 1584.563 1583.894 1582.881 1581.225 1579.568 1577.912 1576.256 1574.14 1571.907 1569.674 1567.441 1565.161 1562.739 1560.317 1557.894 1555.472 1553.151 1550.874 1548.597 1546.32 1544.011 1541.506 1539.001 1536.497 1533.992 1530.929 1527.485 1524.041 1520.596 1517.186 1514.521 1511.857 1509.193 1506.529 1505.427 1505.933 1506.44 1506.947 1507.453 1511.189 1515.123 1519.058 1522.992 1526.472 1529.246 1532.019 1534.793 1537.567 1535.69 1532.931 1530.172 1527.413 1524.375
1590.856 1590.123 1589.389 1588.875 1588.63 1588.385 1588.139 1587.894 1587.331 1586.731 1586.132 1585.533 1584.594 1583.018 1581.442 1579.866 1578.29 1576.199 1573.977 1571.755 1569.533 1567.251 1564.785 1562.32 1559.855 1557.389 1554.917 1552.442 1549.967 1547.491 1544.974 1542.206 1539.438 1536.671 1533.903 1530.549 1526.793 1523.038 1519.282 1515.578 1512.988 1510.399 1507.81 1505.221 1504.059 1504.367 1504.676 1504.984 1505.292 1508.435 1511.752 1515.069 1518.386 1521.518 1524.362 1527.205 1530.049 1532.892 1531.319 1528.909 1526.499 1524.089 1521.368
1591.717 1591.048 1590.379 1589.934 1589.764 1589.594 1589.424 1589.254 1588.761 1588.231 1587.702 1587.172 1586.307 1584.811 1583.316 1581.82 1580.325 1578.259 1576.047 1573.836 1571.625 1569.34 1566.832 1564.323 1561.815 1559.307 1556.683 1554.01 1551.336 1548.662 1545.937 1542.906 1539.876 1536.845 1533.815 1530.169 1526.102 1522.035 1517.968 1513.969 1511.455 1508.941 1506.427 1503.913 1502.692 1502.801 1502.911 1503.021 1503.13 1505.68 1508.38 1511.081 1513.781 1516.565 1519.478 1522.391 1525.304 1528.217 1526.949 1524.888 1522.826 1520.765 1518.362
1592.578 1591.974 1591.369 1590.993 1590.898 1590.803 1590.708 1590.613 1590.191 1589.731 1589.271 1588.811 1588.02 1586.604 1585.189 1583.774 1582.359 1580.318 1578.118 1575.917 1573.716 1571.429 1568.878 1566.327 1563.776 1561.224 1558.45 1555.578 1552.705 1549.833 1546.9 1543.606 1540.313 1537.019 1533.726 1529.788 1525.41 1521.033 1516.655 1512.361 1509.922 1507.483 1505.044 1502.605 1501.324 1501.235 1501.146 1501.057 1500.969 1502.926 1505.009 1507.092 1509.176 1511.611 1514.594 1517.577 1520.56 1523.543 1522.579 1520.866 1519.154 1517.441 1515.355
1593.452 1592.866 1592.28 1591.945 1591.918 1591.89 1591.863 1591.835 1591.509 1591.15 1590.79 1590.431 1589.738 1588.418 1587.099 1585.78 1584.46 1582.45 1580.264 1578.078 1575.892 1573.612 1571.044 1568.477 1565.909 1563.342 1560.44 1557.392 1554.344 1551.296 1548.182 1544.679 1541.177 1537.673 1534.171 1530.149 1525.772 1521.395 1517.019 1512.725 1510.246 1507.768 1505.29 1502.812 1501.417 1501.137 1500.857 1500.578 1500.298 1501.828 1503.469 1505.111 1506.752 1508.843 1511.633 1514.423 1517.213 1520.002 1519.205 1517.726 1516.248 1514.77 1512.957
1594.331 1593.745 1593.159 1592.853 1592.89 1592.927 1592.964 1593.001 1592.782 1592.536 1592.289 1592.042 1591.458 1590.24 1589.023 1587.806 1586.588 1584.612 1582.442 1580.272 1578.101 1575.832 1573.259 1570.687 1568.114 1565.541 1562.522 1559.308 1556.093 1552.879 1549.596 1545.905 1542.214 1538.523 1534.833 1530.811 1526.563 1522.315 1518.067 1513.893 1511.329 1508.765 1506.201 1503.637 1502.106 1501.638 1501.171 1500.703 1500.235 1501.406 1502.677 1503.948 1505.22 1506.968 1509.457 1511.946 1514.436 1516.925 1516.237 1514.947 1513.656 1512.366 1510.808
1595.21 1594.624 1594.038 1593.761 1593.862 1593.964 1594.065 1594.166 1594.056 1593.922 1593.787 1593.653 1593.178 1592.063 1590.947 1589.832 1588.716 1586.773 1584.619 1582.465 1580.311 1578.053 1575.475 1572.896 1570.318 1567.74 1564.604 1561.223 1557.843 1554.462 1551.009 1547.13 1543.252 1539.373 1535.495 1531.474 1527.354 1523.235 1519.116 1515.061 1512.411 1509.761 1507.112 1504.462 1502.795 1502.139 1501.484 1500.828 1500.173 1500.984 1501.885 1502.786 1503.687 1505.092 1507.281 1509.47 1511.659 1513.848 1513.27 1512.167 1511.065 1509.962 1508.659
1596.089 1595.503 1594.917 1594.669 1594.835 1595.0 1595.166 1595.332 1595.329 1595.307 1595.286 1595.265 1594.898 1593.885 1592.871 1591.858 1590.844 1588.935 1586.797 1584.659 1582.521 1580.273 1577.69 1575.106 1572.523 1569.939 1566.686 1563.139 1559.592 1556.045 1552.422 1548.356 1544.29 1540.223 1536.157 1532.136 1528.146 1524.155 1520.165 1516.229 1513.494 1510.758 1508.022 1505.287 1503.484 1502.64 1501.797 1500.954 1500.11 1500.562 1501.093 1501.624 1502.155 1503.217 1505.105 1506.993 1508.882 1510.77 1510.302 1509.388 1508.473 1507.558 1506.509
1596.945 1596.359 1595.773 1595.547 1595.761 1595.976 1596.191 1596.405 1596.495 1596.571 1596.647 1596.722 1596.457 1595.55 1594.644 1593.737 1592.831 1590.977 1588.882 1586.787 1584.691 1582.475 1579.888 1577.301 1574.713 1572.126 1568.784 1565.111 1561.438 1557.764 1554.014 1549.808 1545.602 1541.395 1537.189 1533.172 1529.284 1525.396 1521.508 1517.666 1514.842 1512.018 1509.194 1506.37 1504.418 1503.364 1502.31 1501.255 1500.201 1500.311 1500.492 1500.673 1500.855 1501.584 1503.166 1504.748 1506.33 1507.912 1507.547 1506.813 1506.079 1505.346 1504.538
