data/zism_data/00918_04_D.txt
ncols         224
nrows         224
[rows 87 to 115 of 224, columns 0 to 63 of 224]
3829.94 3832.504 3835.067 3834.99 3831.859 3828.728 3825.597 3822.467 3817.891 3813.203 3808.514 3803.826 3799.063 3794.183 3789.303 3784.423 3779.543 3773.68 3767.651 3761.622 3755.593 3748.84 3740.541 3732.243 3723.945 3715.646 3703.133 3689.449 3675.766 3662.083 3649.271 3639.126 3628.98 3618.835 3608.689 3606.402 3607.322 3608.242 3609.163 3611.205 3618.58 3625.955 3633.329 3640.704 3648.897 3657.557 3666.216 3674.875 3683.093 3687.411 3691.728 3696.045 3700.363 3702.433 3702.773 3703.115 3703.456 3703.676 3699.856 3696.036 3692.216 3688.396 3682.504 3674.48
3833.438 3836.297 3839.157 3839.181 3835.926 3832.671 3829.417 3826.162 3821.368 3816.454 3811.539 3806.625 3801.716 3796.814 3791.913 3787.011 3782.11 3776.152 3770.015 3763.878 3757.741 3750.786 3742.084 3733.382 3724.68 3715.978 3703.184 3689.252 3675.322 3661.391 3648.411 3638.341 3628.27 3618.2 3608.13 3606.369 3608.0 3609.631 3611.261 3613.99 3621.936 3629.881 3637.826 3645.771 3654.082 3662.601 3671.12 3679.64 3687.678 3691.457 3695.236 3699.015 3702.794 3704.493 3704.592 3704.691 3704.789 3704.788 3701.442 3698.096 3694.749 3691.403 3685.863 3678.065
3836.935 3840.091 3843.246 3843.372 3839.993 3836.615 3833.236 3829.858 3824.845 3819.705 3814.564 3809.424 3804.368 3799.446 3794.522 3789.599 3784.676 3778.623 3772.379 3766.134 3759.89 3752.733 3743.627 3734.521 3725.416 3716.31 3703.234 3689.055 3674.877 3660.698 3647.55 3637.556 3627.561 3617.566 3607.571 3606.337 3608.678 3611.019 3613.36 3616.775 3625.291 3633.807 3642.323 3650.838 3659.267 3667.646 3676.025 3684.404 3692.262 3695.503 3698.744 3701.985 3705.226 3706.553 3706.41 3706.267 3706.123 3705.901 3703.028 3700.155 3697.283 3694.41 3689.222 3681.65
3835.082 3838.253 3841.423 3841.74 3838.758 3835.775 3832.793 3829.811 3824.956 3819.956 3814.955 3809.955 3804.86 3799.618 3794.377 3789.135 3783.894 3777.593 3771.114 3764.634 3758.155 3750.914 3742.046 3733.179 3724.311 3715.444 3702.981 3689.52 3676.06 3662.599 3650.145 3640.772 3631.399 3622.026 3612.653 3611.964 3614.819 3617.674 3620.53 3624.369 3632.883 3641.396 3649.909 3658.423 3666.362 3673.975 3681.588 3689.202 3696.32 3699.049 3701.778 3704.507 3707.236 3708.238 3707.911 3707.583 3707.256 3706.857 3704.05 3701.242 3698.435 3695.627 3690.526 3683.063
3833.151 3836.332 3839.513 3840.023 3837.444 3834.865 3832.287 3829.708 3825.018 3820.163 3815.307 3810.452 3805.32 3799.755 3794.191 3788.626 3783.062 3776.512 3769.796 3763.079 3756.363 3749.04 3740.42 3731.8 3723.18 3714.56 3702.724 3689.995 3677.266 3664.538 3652.791 3644.047 3635.304 3626.561 3617.817 3617.674 3621.04 3624.407 3627.774 3632.033 3640.536 3649.039 3657.542 3666.044 3673.485 3680.324 3687.162 3694.0 3700.369 3702.587 3704.805 3707.023 3709.241 3709.917 3709.407 3708.896 3708.386 3707.811 3705.063 3702.314 3699.566 3696.818 3691.8 3684.445
3831.219 3834.411 3837.603 3838.306 3836.131 3833.956 3831.781 3829.605 3825.079 3820.37 3815.66 3810.95 3805.779 3799.892 3794.004 3788.117 3782.229 3775.43 3768.478 3761.524 3754.571 3747.166 3738.793 3730.421 3722.048 3713.676 3702.467 3690.47 3678.473 3666.476 3655.436 3647.323 3639.209 3631.095 3622.982 3623.384 3627.262 3631.14 3635.018 3639.698 3648.19 3656.682 3665.174 3673.666 3680.609 3686.672 3692.735 3698.798 3704.419 3706.126 3707.833 3709.539 3711.246 3711.596 3710.903 3710.209 3709.516 3708.765 3706.076 3703.387 3700.698 3698.009 3693.073 3685.826
3829.287 3832.49 3835.693 3836.588 3834.817 3833.046 3831.274 3829.503 3825.141 3820.576 3816.012 3811.448 3806.239 3800.029 3793.818 3787.608 3781.397 3774.349 3767.159 3759.969 3752.779 3745.291 3737.167 3729.042 3720.917 3712.792 3702.21 3690.945 3679.68 3668.415 3658.082 3650.598 3643.114 3635.63 3628.146 3629.094 3633.483 3637.872 3642.262 3647.363 3655.844 3664.325 3672.806 3681.287 3687.732 3693.02 3698.308 3703.596 3708.469 3709.665 3710.86 3712.055 3713.25 3713.275 3712.399 3711.522 3710.646 3709.719 3707.089 3704.459 3701.829 3699.199 3694.347 3687.208
3827.087 3830.293 3833.5 3834.535 3833.059 3831.584 3830.109 3828.633 3824.475 3820.108 3815.74 3811.372 3806.196 3799.76 3793.325 3786.89 3780.455 3773.132 3765.658 3758.185 3750.711 3743.07 3735.071 3727.072 3719.073 3711.074 3701.169 3690.735 3680.3 3669.866 3660.388 3653.838 3647.288 3640.739 3634.188 3635.702 3640.507 3645.311 3650.116 3655.534 3663.867 3672.199 3680.531 3688.864 3694.74 3699.22 3703.7 3708.18 3712.279 3713.003 3713.727 3714.45 3715.174 3714.866 3713.765 3712.663 3711.562 3710.412 3707.635 3704.859 3702.082 3699.306 3694.389 3687.271
3824.536 3827.738 3830.938 3832.043 3830.724 3829.405 3828.085 3826.766 3822.864 3818.76 3814.656 3810.552 3805.499 3798.967 3792.435 3785.902 3779.371 3771.739 3763.921 3756.103 3748.285 3740.398 3732.367 3724.336 3716.305 3708.273 3699.111 3689.635 3680.158 3670.682 3662.254 3657.034 3651.813 3646.593 3641.373 3643.478 3648.573 3653.668 3658.764 3664.365 3672.369 3680.373 3688.377 3696.381 3701.595 3705.225 3708.855 3712.485 3715.777 3716.081 3716.385 3716.689 3716.993 3716.344 3714.963 3713.581 3712.2 3710.766 3707.575 3704.384 3701.193 3698.002 3692.831 3685.621
3821.986 3825.182 3828.378 3829.552 3828.389 3827.226 3826.063 3824.899 3821.253 3817.413 3813.573 3809.733 3804.801 3798.172 3791.544 3784.915 3778.286 3770.345 3762.183 3754.02 3745.858 3737.727 3729.663 3721.6 3713.536 3705.472 3697.053 3688.535 3680.016 3671.498 3664.12 3660.229 3656.338 3652.448 3648.557 3651.254 3656.64 3662.026 3667.412 3673.196 3680.872 3688.547 3696.223 3703.898 3708.451 3711.231 3714.01 3716.789 3719.275 3719.159 3719.043 3718.927 3718.811 3717.822 3716.161 3714.499 3712.838 3711.12 3707.515 3703.909 3700.304 3696.698 3691.271 3683.97
3819.436 3822.626 3825.817 3827.061 3826.053 3825.046 3824.039 3823.032 3819.642 3816.066 3812.489 3808.913 3804.104 3797.378 3790.653 3783.927 3777.201 3768.952 3760.445 3751.938 3743.431 3735.055 3726.959 3718.863 3710.767 3702.671 3694.995 3687.435 3679.875 3672.314 3665.986 3663.425 3660.863 3658.302 3655.741 3659.03 3664.706 3670.383 3676.06 3682.027 3689.374 3696.721 3704.069 3711.416 3715.308 3717.236 3719.165 3721.094 3722.773 3722.237 3721.701 3721.166 3720.63 3719.3 3717.358 3715.417 3713.476 3711.475 3707.455 3703.435 3699.415 3695.395 3689.712 3682.32
3816.886 3820.071 3823.256 3824.569 3823.718 3822.867 3822.016 3821.165 3818.031 3814.718 3811.406 3808.093 3803.407 3796.584 3789.762 3782.939 3776.116 3767.559 3758.707 3749.855 3741.004 3732.383 3724.255 3716.127 3707.999 3699.871 3692.937 3686.335 3679.733 3673.131 3667.852 3666.62 3665.388 3664.156 3662.925 3666.805 3672.773 3678.74 3684.707 3690.857 3697.876 3704.895 3711.914 3718.933 3722.164 3723.242 3724.32 3725.399 3726.271 3725.315 3724.359 3723.404 3722.448 3720.777 3718.556 3716.335 3714.114 3711.829 3707.395 3702.96 3698.525 3694.091 3688.154 3680.669
3813.938 3817.274 3820.611 3822.069 3821.355 3820.641 3819.927 3819.213 3816.351 3813.322 3810.292 3807.262 3802.861 3796.326 3789.792 3783.258 3776.724 3768.15 3759.23 3750.31 3741.39 3732.701 3724.508 3716.314 3708.12 3699.926 3693.493 3687.55 3681.606 3675.662 3671.12 3670.866 3670.611 3670.357 3670.102 3674.314 3680.348 3686.383 3692.417 3698.534 3705.044 3711.553 3718.063 3724.573 3727.289 3727.85 3728.411 3728.972 3729.33 3727.893 3726.456 3725.019 3723.581 3721.494 3718.908 3716.321 3713.735 3711.079 3706.111 3701.143 3696.175 3691.207 3684.952 3677.371
3810.937 3814.446 3817.955 3819.568 3818.989 3818.409 3817.83 3817.25 3814.663 3811.918 3809.173 3806.429 3802.334 3796.139 3789.944 3783.749 3777.554 3769.001 3760.049 3751.096 3742.144 3733.411 3725.148 3716.884 3708.62 3700.356 3694.393 3689.068 3683.743 3678.419 3674.572 3675.249 3675.926 3676.603 3677.279 3681.787 3687.859 3693.931 3700.003 3706.059 3712.036 3718.013 3723.99 3729.967 3732.188 3732.275 3732.362 3732.45 3732.333 3730.406 3728.479 3726.551 3724.624 3722.112 3719.148 3716.185 3713.221 3710.184 3704.667 3699.15 3693.633 3688.116 3681.535 3673.857
3807.937 3811.618 3815.299 3817.066 3816.622 3816.177 3815.732 3815.288 3812.974 3810.515 3808.055 3805.596 3801.807 3795.952 3790.096 3784.24 3778.384 3769.853 3760.868 3751.883 3742.899 3734.121 3725.788 3717.454 3709.121 3700.787 3695.292 3690.586 3685.881 3681.175 3678.025 3679.633 3681.24 3682.848 3684.456 3689.261 3695.371 3701.48 3707.59 3713.584 3719.028 3724.472 3729.916 3735.36 3737.086 3736.7 3736.313 3735.927 3735.335 3732.918 3730.501 3728.084 3725.667 3722.729 3719.389 3716.048 3712.708 3709.289 3703.223 3697.157 3691.091 3685.026 3678.118 3670.343
3804.936 3808.79 3812.643 3814.565 3814.255 3813.945 3813.635 3813.325 3811.285 3809.111 3806.937 3804.763 3801.281 3795.764 3790.247 3784.73 3779.214 3770.704 3761.687 3752.67 3743.653 3734.832 3726.428 3718.024 3709.621 3701.217 3696.192 3692.105 3688.018 3683.931 3681.477 3684.016 3686.555 3689.094 3691.633 3696.734 3702.882 3709.029 3715.177 3721.109 3726.02 3730.931 3735.843 3740.754 3741.985 3741.125 3740.265 3739.405 3738.337 3735.43 3732.524 3729.617 3726.711 3723.346 3719.629 3715.912 3712.195 3708.394 3701.779 3695.165 3688.55 3681.935 3674.7 3666.829
3802.182 3806.216 3810.25 3812.338 3812.173 3812.008 3811.843 3811.678 3809.921 3808.039 3806.157 3804.276 3801.142 3796.059 3790.976 3785.894 3780.811 3772.398 3763.421 3754.443 3745.466 3736.615 3728.036 3719.456 3710.877 3702.297 3697.665 3694.129 3690.593 3687.057 3685.226 3688.614 3692.002 3695.389 3698.777 3704.1 3710.213 3716.326 3722.44 3728.259 3732.684 3737.109 3741.534 3745.959 3746.711 3745.375 3744.04 3742.705 3741.162 3737.786 3734.409 3731.032 3727.656 3723.812 3719.609 3715.406 3711.202 3706.915 3699.803 3692.691 3685.579 3678.468 3670.965 3663.062
3799.918 3804.152 3808.386 3810.657 3810.659 3810.661 3810.663 3810.665 3809.204 3807.63 3806.055 3804.48 3801.776 3797.318 3792.86 3788.402 3783.943 3775.777 3766.983 3758.188 3749.394 3740.544 3731.577 3722.61 3713.644 3704.676 3700.284 3697.162 3694.041 3690.919 3689.57 3693.641 3697.712 3701.783 3705.855 3711.25 3717.186 3723.121 3729.057 3734.661 3738.693 3742.725 3746.758 3750.79 3751.093 3749.279 3747.464 3745.65 3743.633 3739.826 3736.019 3732.212 3728.404 3723.975 3719.067 3714.158 3709.25 3704.267 3696.762 3689.257 3681.752 3674.248 3666.594 3658.787
3797.656 3802.088 3806.521 3808.976 3809.145 3809.314 3809.483 3809.652 3808.488 3807.22 3805.952 3804.684 3802.411 3798.577 3794.744 3790.91 3787.076 3779.156 3770.545 3761.934 3753.322 3744.474 3735.119 3725.765 3716.41 3707.055 3702.903 3700.196 3697.489 3694.782 3693.913 3698.668 3703.423 3708.177 3712.932 3718.399 3724.157 3729.915 3735.673 3741.063 3744.702 3748.341 3751.98 3755.62 3755.476 3753.182 3750.889 3748.595 3746.104 3741.866 3737.629 3733.391 3729.153 3724.138 3718.525 3712.911 3707.298 3701.618 3693.721 3685.823 3677.925 3670.028 3662.222 3654.513
3795.393 3800.024 3804.656 3807.296 3807.632 3807.967 3808.303 3808.639 3807.771 3806.81 3805.849 3804.887 3803.046 3799.837 3796.627 3793.418 3790.208 3782.536 3774.108 3765.679 3757.25 3748.403 3738.661 3728.919 3719.177 3709.435 3705.523 3703.23 3700.937 3698.645 3698.257 3703.695 3709.133 3714.572 3720.01 3725.549 3731.13 3736.71 3742.29 3747.465 3750.711 3753.957 3757.204 3760.45 3759.858 3757.085 3754.313 3751.54 3748.575 3743.907 3739.239 3734.57 3729.902 3724.301 3717.983 3711.664 3705.346 3698.97 3690.68 3682.389 3674.098 3665.808 3657.851 3650.238
3793.129 3797.96 3802.792 3805.615 3806.118 3806.621 3807.123 3807.626 3807.055 3806.4 3805.746 3805.091 3803.681 3801.096 3798.511 3795.926 3793.341 3785.915 3777.67 3769.424 3761.179 3752.333 3742.203 3732.073 3721.944 3711.814 3708.142 3706.264 3704.386 3702.507 3702.6 3708.722 3714.844 3720.966 3727.088 3732.699 3738.102 3743.504 3748.907 3753.866 3756.72 3759.573 3762.427 3765.28 3764.24 3760.989 3757.737 3754.486 3751.047 3745.948 3740.849 3735.75 3730.651 3724.464 3717.441 3710.417 3703.394 3696.322 3687.638 3678.955 3670.271 3661.588 3653.479 3645.963
3790.906 3795.966 3801.026 3804.071 3804.787 3805.502 3806.218 3806.934 3806.507 3805.991 3805.475 3804.958 3803.796 3801.629 3799.462 3797.294 3795.127 3788.268 3780.615 3772.961 3765.307 3756.902 3746.895 3736.887 3726.88 3716.873 3713.456 3711.87 3710.284 3708.698 3709.111 3715.638 3722.166 3728.693 3735.221 3740.728 3745.818 3750.908 3755.999 3760.609 3762.939 3765.269 3767.598 3769.928 3768.259 3764.318 3760.377 3756.436 3752.306 3746.511 3740.716 3734.921 3729.126 3722.379 3714.899 3707.419 3699.939 3692.419 3683.596 3674.772 3665.948 3657.125 3649.032 3641.693
3788.694 3793.99 3799.287 3802.564 3803.506 3804.448 3805.39 3806.332 3806.006 3805.581 3805.156 3804.732 3803.766 3801.96 3800.153 3798.346 3796.54 3790.336 3783.388 3776.439 3769.49 3761.65 3751.907 3742.163 3732.419 3722.676 3719.518 3718.191 3716.863 3715.536 3716.224 3723.08 3729.936 3736.792 3743.647 3749.001 3753.741 3758.482 3763.222 3767.446 3769.216 3770.986 3772.756 3774.526 3772.177 3767.488 3762.798 3758.109 3753.229 3746.665 3740.1 3733.535 3726.971 3719.669 3711.802 3703.934 3696.066 3688.169 3679.275 3670.382 3661.488 3652.594 3644.564 3637.425
3786.481 3792.015 3797.549 3801.057 3802.225 3803.393 3804.561 3805.729 3805.505 3805.171 3804.838 3804.505 3803.736 3802.291 3800.844 3799.399 3797.953 3792.404 3786.161 3779.917 3773.674 3766.398 3756.918 3747.438 3737.958 3728.478 3725.581 3724.511 3723.442 3722.373 3723.337 3730.521 3737.706 3744.89 3752.074 3757.274 3761.665 3766.055 3770.446 3774.283 3775.493 3776.704 3777.914 3779.124 3776.095 3770.657 3765.22 3759.782 3754.152 3746.818 3739.483 3732.149 3724.815 3716.96 3708.705 3700.449 3692.194 3683.918 3674.955 3665.991 3657.027 3648.063 3640.096 3633.156
3784.269 3790.04 3795.81 3799.551 3800.945 3802.339 3803.733 3805.127 3805.004 3804.762 3804.52 3804.278 3803.707 3802.621 3801.536 3800.451 3799.365 3794.472 3788.934 3783.396 3777.857 3771.146 3761.93 3752.713 3743.497 3734.281 3731.643 3730.832 3730.021 3729.21 3730.45 3737.963 3745.475 3752.988 3760.5 3765.547 3769.588 3773.629 3777.669 3781.12 3781.771 3782.421 3783.072 3783.722 3780.013 3773.827 3767.641 3761.456 3755.075 3746.971 3738.867 3730.763 3722.659 3714.25 3705.607 3696.965 3688.322 3679.667 3670.634 3661.6 3652.567 3643.533 3635.629 3628.887
3781.241 3787.241 3793.242 3797.274 3799.027 3800.781 3802.535 3804.288 3804.31 3804.196 3804.082 3803.968 3803.594 3802.815 3802.037 3801.259 3800.48 3796.236 3791.404 3786.572 3781.74 3775.635 3766.811 3757.987 3749.163 3740.339 3737.983 3737.425 3736.866 3736.307 3737.768 3745.407 3753.046 3760.684 3768.323 3773.114 3776.742 3780.37 3783.999 3787.012 3787.105 3787.198 3787.292 3787.385 3783.021 3776.126 3769.231 3762.335 3755.247 3746.444 3737.642 3728.839 3720.036 3711.157 3702.219 3693.281 3684.343 3675.402 3666.385 3657.368 3648.35 3639.333 3631.59 3625.162
3775.508 3781.719 3787.929 3792.445 3795.001 3797.556 3800.112 3802.667 3802.977 3803.11 3803.244 3803.377 3803.205 3802.555 3801.906 3801.257 3800.608 3796.99 3792.868 3788.746 3784.625 3779.265 3771.259 3763.253 3755.248 3747.241 3745.245 3744.918 3744.591 3744.263 3745.765 3752.86 3759.955 3767.05 3774.145 3778.338 3781.348 3784.357 3787.367 3789.773 3789.318 3788.862 3788.406 3787.95 3783.017 3775.54 3768.064 3760.587 3752.929 3743.663 3734.398 3725.132 3715.867 3706.793 3697.865 3688.938 3680.011 3671.09 3662.374 3653.658 3644.941 3636.225 3628.976 3623.236
3769.775 3776.196 3782.616 3787.616 3790.974 3794.332 3797.689 3801.047 3801.644 3802.025 3802.406 3802.787 3802.816 3802.296 3801.776 3801.256 3800.736 3797.744 3794.333 3790.921 3787.51 3782.895 3775.707 3768.52 3761.332 3754.144 3752.507 3752.411 3752.315 3752.219 3753.761 3760.312 3766.864 3773.415 3779.967 3783.563 3785.954 3788.344 3790.735 3792.535 3791.53 3790.525 3789.52 3788.515 3783.012 3774.955 3766.897 3758.839 3750.611 3740.883 3731.155 3721.426 3711.698 3702.428 3693.512 3684.595 3675.679 3666.777 3658.362 3649.948 3641.533 3633.118 3626.361 3621.31
3764.042 3770.672 3777.303 3782.788 3786.948 3791.107 3795.267 3799.426 3800.311 3800.939 3801.568 3802.197 3802.427 3802.036 3801.645 3801.254 3800.864 3798.498 3795.797 3793.096 3790.396 3786.525 3780.156 3773.786 3767.417 3761.047 3759.768 3759.904 3760.04 3760.175 3761.758 3767.765 3773.773 3779.781 3785.789 3788.788 3790.56 3792.331 3794.103 3795.296 3793.742 3792.188 3790.634 3789.08 3783.008 3774.369 3765.73 3757.09 3748.294 3738.102 3727.911 3717.72 3707.529 3698.064 3689.158 3680.253 3671.347 3662.464 3654.351 3646.238 3638.124 3630.011 3623.746 3619.384
