data/zism_data/00918_01_D.txt
ncols         224
nrows         224
[rows 0 to 28 of 224, columns 0 to 65 of 224]
3711.244 3708.855 3706.466 3704.077 3701.564 3698.726 3695.888 3693.05 3690.212 3685.991 3681.284 3676.576 3671.868 3666.934 3661.115 3655.295 3649.476 3643.656 3638.897 3634.669 3630.44 3626.212 3622.024 3618.103 3614.183 3610.263 3606.343 3602.616 3599.022 3595.429 3591.835 3588.3 3585.727 3583.153 3580.579 3578.006 3575.131 3571.979 3568.828 3565.677 3562.526 3558.859 3555.185 3551.511 3547.836 3544.162 3540.488 3536.814 3533.14 3529.466 3525.881 3522.304 3518.727 3515.151 3512.025 3509.645 3507.265 3504.885 3502.505 3501.731 3501.263 3500.794 3500.326 3500.0 3500.0 3500.0
3709.677 3707.886 3706.095 3704.303 3702.382 3700.12 3697.858 3695.595 3693.333 3689.697 3685.576 3681.454 3677.333 3672.888 3667.171 3661.454 3655.736 3650.019 3645.319 3641.129 3636.938 3632.747 3628.529 3624.13 3619.73 3615.331 3610.932 3606.72 3602.636 3598.553 3594.469 3590.468 3587.797 3585.126 3582.456 3579.785 3576.875 3573.746 3570.616 3567.486 3564.356 3560.69 3557.016 3553.342 3549.668 3545.994 3542.32 3538.646 3534.972 3531.298 3527.683 3524.074 3520.465 3516.855 3513.63 3511.04 3508.45 3505.861 3503.271 3502.328 3501.698 3501.068 3500.438 3500.0 3500.0 3500.0
3708.112 3706.918 3705.724 3704.53 3703.2 3701.514 3699.827 3698.141 3696.454 3693.402 3689.867 3686.333 3682.798 3678.842 3673.227 3667.612 3661.997 3656.382 3651.741 3647.588 3643.435 3639.282 3635.034 3630.156 3625.278 3620.399 3615.521 3610.824 3606.25 3601.677 3597.104 3592.635 3589.867 3587.1 3584.333 3581.565 3578.62 3575.512 3572.404 3569.295 3566.187 3562.521 3558.847 3555.173 3551.499 3547.825 3544.151 3540.477 3536.803 3533.129 3529.484 3525.843 3522.202 3518.56 3515.236 3512.436 3509.636 3506.836 3504.037 3502.925 3502.134 3501.342 3500.551 3500.0 3500.0 3500.0
3706.546 3705.949 3705.353 3704.756 3704.018 3702.907 3701.797 3700.686 3699.576 3697.107 3694.159 3691.212 3688.264 3684.796 3679.283 3673.77 3668.257 3662.745 3658.164 3654.048 3649.933 3645.817 3641.54 3636.182 3630.825 3625.468 3620.11 3614.928 3609.865 3604.801 3599.738 3594.802 3591.938 3589.074 3586.209 3583.345 3580.365 3577.278 3574.191 3571.105 3568.018 3564.353 3560.678 3557.004 3553.33 3549.656 3545.982 3542.308 3538.634 3534.96 3531.286 3527.613 3523.939 3520.265 3516.842 3513.832 3510.822 3507.812 3504.802 3503.522 3502.569 3501.616 3500.663 3500.0 3500.0 3500.0
3702.37 3702.535 3702.701 3702.866 3702.788 3702.067 3701.347 3700.627 3699.906 3697.895 3695.427 3692.96 3690.493 3687.528 3682.605 3677.683 3672.76 3667.838 3663.358 3659.1 3654.842 3650.584 3646.148 3640.53 3634.911 3629.292 3623.673 3618.203 3612.836 3607.469 3602.101 3596.87 3593.845 3590.82 3587.795 3584.77 3581.694 3578.571 3575.447 3572.324 3569.2 3565.44 3561.67 3557.901 3554.131 3550.449 3546.876 3543.303 3539.73 3536.157 3532.588 3529.02 3525.452 3521.884 3518.499 3515.417 3512.335 3509.254 3506.172 3504.664 3503.454 3502.244 3501.034 3500.18 3500.137 3500.095
3698.156 3699.086 3700.015 3700.945 3701.527 3701.194 3700.861 3700.529 3700.196 3698.639 3696.651 3694.663 3692.675 3690.213 3685.887 3681.563 3677.238 3672.912 3668.535 3664.132 3659.728 3655.325 3650.729 3644.852 3638.975 3633.097 3627.22 3621.467 3615.798 3610.129 3604.46 3598.936 3595.749 3592.563 3589.377 3586.19 3583.017 3579.856 3576.695 3573.534 3570.373 3566.516 3562.65 3558.783 3554.917 3551.228 3547.757 3544.286 3540.815 3537.344 3533.883 3530.422 3526.962 3523.501 3520.157 3517.006 3513.854 3510.702 3507.55 3505.814 3504.345 3502.877 3501.409 3500.362 3500.276 3500.191
3693.942 3695.636 3697.33 3699.024 3700.266 3700.321 3700.376 3700.431 3700.485 3699.384 3697.875 3696.366 3694.857 3692.897 3689.17 3685.442 3681.715 3677.987 3673.712 3669.163 3664.615 3660.066 3655.31 3649.175 3643.039 3636.903 3630.768 3624.73 3618.76 3612.79 3606.82 3601.001 3597.654 3594.306 3590.958 3587.61 3584.34 3581.142 3577.943 3574.744 3571.545 3567.593 3563.629 3559.666 3555.703 3552.007 3548.638 3545.269 3541.9 3538.531 3535.177 3531.825 3528.472 3525.119 3521.816 3518.594 3515.372 3512.15 3508.929 3506.964 3505.237 3503.511 3501.784 3500.544 3500.416 3500.287
3689.728 3692.187 3694.645 3697.103 3699.006 3699.448 3699.89 3700.333 3700.775 3700.129 3699.099 3698.069 3697.039 3695.582 3692.452 3689.322 3686.192 3683.062 3678.889 3674.195 3669.501 3664.807 3659.891 3653.497 3647.103 3640.709 3634.315 3627.994 3621.722 3615.45 3609.179 3603.067 3599.558 3596.049 3592.54 3589.031 3585.664 3582.427 3579.191 3575.954 3572.718 3568.669 3564.609 3560.549 3556.489 3552.785 3549.518 3546.252 3542.985 3539.719 3536.472 3533.227 3529.982 3526.737 3523.474 3520.182 3516.891 3513.599 3510.307 3508.114 3506.129 3504.144 3502.159 3500.726 3500.555 3500.383
3683.656 3686.944 3690.232 3693.521 3696.165 3697.117 3698.068 3699.02 3699.971 3699.829 3699.302 3698.774 3698.246 3697.305 3694.737 3692.169 3689.601 3687.034 3683.073 3678.416 3673.759 3669.103 3664.188 3657.557 3650.926 3644.294 3637.663 3631.052 3624.456 3617.86 3611.263 3604.835 3601.148 3597.461 3593.774 3590.087 3586.621 3583.359 3580.096 3576.834 3573.572 3569.499 3565.414 3561.33 3557.245 3553.558 3550.359 3547.16 3543.96 3540.761 3537.622 3534.49 3531.357 3528.224 3525.021 3521.701 3518.382 3515.062 3511.743 3509.359 3507.154 3504.948 3502.742 3501.126 3500.86 3500.594
3675.169 3679.373 3683.576 3687.779 3691.27 3692.889 3694.508 3696.127 3697.746 3698.172 3698.177 3698.183 3698.188 3697.776 3695.725 3693.674 3691.623 3689.572 3685.967 3681.584 3677.202 3672.819 3668.116 3661.275 3654.434 3647.593 3640.751 3633.844 3626.893 3619.941 3612.99 3606.215 3602.329 3598.443 3594.557 3590.67 3587.104 3583.831 3580.558 3577.284 3574.011 3570.007 3565.993 3561.978 3557.964 3554.325 3551.147 3547.969 3544.792 3541.614 3538.585 3535.571 3532.556 3529.542 3526.423 3523.13 3519.837 3516.545 3513.252 3510.728 3508.35 3505.972 3503.594 3501.81 3501.382 3500.954
3666.682 3671.8 3676.919 3682.037 3686.375 3688.662 3690.948 3693.234 3695.521 3696.515 3697.053 3697.591 3698.129 3698.247 3696.713 3695.178 3693.644 3692.11 3688.86 3684.752 3680.644 3676.536 3672.045 3664.993 3657.942 3650.891 3643.84 3636.637 3629.33 3622.023 3614.716 3607.596 3603.51 3599.425 3595.339 3591.254 3587.587 3584.303 3581.019 3577.735 3574.451 3570.516 3566.571 3562.626 3558.682 3555.092 3551.935 3548.779 3545.623 3542.466 3539.548 3536.652 3533.756 3530.86 3527.824 3524.559 3521.293 3518.027 3514.762 3512.097 3509.547 3506.997 3504.447 3502.493 3501.904 3501.315
3658.195 3664.229 3670.262 3676.295 3681.48 3684.434 3687.388 3690.342 3693.295 3694.858 3695.929 3697.0 3698.071 3698.718 3697.701 3696.683 3695.666 3694.648 3691.753 3687.92 3684.086 3680.253 3675.973 3668.712 3661.451 3654.189 3646.928 3639.429 3631.767 3624.104 3616.442 3608.976 3604.691 3600.407 3596.122 3591.838 3588.07 3584.775 3581.48 3578.186 3574.891 3571.024 3567.15 3563.275 3559.4 3555.858 3552.723 3549.589 3546.454 3543.319 3540.51 3537.733 3534.955 3532.178 3529.227 3525.988 3522.749 3519.51 3516.271 3513.467 3510.744 3508.021 3505.299 3503.177 3502.426 3501.675
3649.708 3656.656 3663.605 3670.553 3676.585 3680.207 3683.828 3687.449 3691.07 3693.2 3694.804 3696.408 3698.012 3699.189 3698.688 3698.188 3697.687 3697.186 3694.647 3691.088 3687.529 3683.97 3679.901 3672.43 3664.959 3657.488 3650.017 3642.221 3634.204 3626.186 3618.169 3610.356 3605.872 3601.389 3596.905 3592.421 3588.552 3585.247 3581.941 3578.636 3575.331 3571.533 3567.728 3563.923 3560.119 3556.625 3553.511 3550.398 3547.285 3544.172 3541.473 3538.814 3536.155 3533.496 3530.628 3527.417 3524.205 3520.993 3517.781 3514.835 3511.941 3509.046 3506.151 3503.86 3502.948 3502.036
3640.803 3647.672 3654.541 3661.41 3667.621 3672.099 3676.578 3681.057 3685.536 3688.625 3691.224 3693.822 3696.42 3698.463 3698.322 3698.181 3698.04 3697.898 3695.586 3692.187 3688.789 3685.39 3681.44 3673.817 3666.193 3658.569 3650.945 3643.001 3634.837 3626.674 3618.511 3610.559 3606.042 3601.526 3597.01 3592.493 3588.623 3585.345 3582.067 3578.789 3575.51 3571.885 3568.255 3564.625 3560.995 3557.594 3554.474 3551.354 3548.234 3545.113 3542.375 3539.672 3536.969 3534.267 3531.377 3528.178 3524.979 3521.78 3518.58 3515.628 3512.723 3509.818 3506.913 3504.563 3503.485 3502.407
3631.843 3638.502 3645.161 3651.82 3658.122 3663.483 3668.845 3674.207 3679.568 3683.667 3687.321 3690.974 3694.627 3697.579 3697.777 3697.975 3698.173 3698.371 3696.269 3693.015 3689.762 3686.509 3682.667 3674.897 3667.128 3659.359 3651.59 3643.516 3635.235 3626.953 3618.671 3610.607 3606.08 3601.553 3597.026 3592.499 3588.64 3585.394 3582.148 3578.902 3575.656 3572.218 3568.776 3565.334 3561.893 3558.59 3555.459 3552.328 3549.198 3546.066 3543.268 3540.501 3537.734 3534.967 3532.041 3528.852 3525.664 3522.475 3519.287 3516.345 3513.451 3510.556 3507.662 3505.27 3504.024 3502.779
3622.883 3629.332 3635.781 3642.23 3648.623 3654.867 3661.112 3667.356 3673.6 3678.709 3683.417 3688.126 3692.834 3696.696 3697.233 3697.77 3698.307 3698.844 3696.951 3693.844 3690.736 3687.628 3683.893 3675.979 3668.064 3660.149 3652.235 3644.032 3635.632 3627.232 3618.831 3610.655 3606.117 3601.579 3597.042 3592.504 3588.657 3585.443 3582.23 3579.016 3575.802 3572.55 3569.296 3566.043 3562.79 3559.587 3556.445 3553.303 3550.161 3547.02 3544.161 3541.329 3538.498 3535.666 3532.704 3529.526 3526.348 3523.171 3519.993 3517.063 3514.179 3511.295 3508.411 3505.976 3504.563 3503.151
3613.923 3620.162 3626.402 3632.641 3639.124 3646.251 3653.378 3660.505 3667.632 3673.751 3679.514 3685.278 3691.041 3695.813 3696.689 3697.565 3698.441 3699.317 3697.634 3694.672 3691.709 3688.747 3685.119 3677.059 3669.0 3660.94 3652.88 3644.548 3636.029 3627.51 3618.992 3610.703 3606.155 3601.606 3597.057 3592.509 3588.674 3585.492 3582.311 3579.13 3575.948 3572.882 3569.817 3566.752 3563.687 3560.583 3557.43 3554.278 3551.125 3547.973 3545.054 3542.158 3539.262 3536.365 3533.367 3530.2 3527.033 3523.866 3520.699 3517.78 3514.906 3512.034 3509.161 3506.682 3505.103 3503.524
3607.167 3612.963 3618.759 3624.554 3630.875 3638.576 3646.277 3653.979 3661.679 3668.592 3675.225 3681.858 3688.492 3694.039 3695.317 3696.595 3697.873 3699.151 3697.683 3694.843 3692.002 3689.161 3685.626 3677.463 3669.299 3661.135 3652.971 3644.569 3636.003 3627.438 3618.873 3610.542 3606.019 3601.495 3596.971 3592.448 3588.636 3585.476 3582.317 3579.157 3575.997 3573.047 3570.101 3567.154 3564.208 3561.166 3558.006 3554.846 3551.687 3548.527 3545.575 3542.643 3539.711 3536.779 3533.76 3530.601 3527.441 3524.281 3521.121 3518.203 3515.33 3512.457 3509.584 3507.076 3505.404 3503.732
3604.817 3609.703 3614.59 3619.476 3625.125 3632.784 3640.442 3648.1 3655.758 3663.029 3670.163 3677.297 3684.43 3690.483 3692.289 3694.094 3695.9 3697.705 3696.464 3693.698 3690.933 3688.168 3684.696 3676.51 3668.325 3660.14 3651.954 3643.601 3635.132 3626.664 3618.196 3609.962 3605.535 3601.108 3596.682 3592.255 3588.49 3585.33 3582.17 3579.01 3575.851 3572.88 3569.912 3566.944 3563.976 3560.921 3557.762 3554.602 3551.442 3548.283 3545.35 3542.44 3539.529 3536.619 3533.614 3530.454 3527.294 3524.135 3520.975 3518.038 3515.144 3512.249 3509.355 3506.849 3505.23 3503.612
3602.467 3606.444 3610.421 3614.397 3619.376 3626.991 3634.606 3642.221 3649.836 3657.466 3665.1 3672.735 3680.369 3686.928 3689.261 3691.594 3693.927 3696.26 3695.244 3692.554 3689.865 3687.175 3683.765 3675.558 3667.351 3659.145 3650.938 3642.633 3634.261 3625.89 3617.519 3609.381 3605.052 3600.722 3596.392 3592.063 3588.343 3585.183 3582.024 3578.864 3575.704 3572.712 3569.722 3566.733 3563.743 3560.677 3557.518 3554.358 3551.198 3548.039 3545.126 3542.237 3539.348 3536.459 3533.468 3530.308 3527.148 3523.988 3520.828 3517.874 3514.958 3512.042 3509.125 3506.621 3505.056 3503.492
3600.118 3603.185 3606.252 3609.319 3613.626 3621.198 3628.771 3636.342 3643.914 3651.903 3660.038 3668.173 3676.308 3683.373 3686.233 3689.094 3691.954 3694.815 3694.025 3691.411 3688.796 3686.181 3682.834 3674.606 3666.378 3658.149 3649.921 3641.665 3633.39 3625.116 3616.841 3608.801 3604.568 3600.335 3596.103 3591.87 3588.197 3585.037 3581.877 3578.717 3575.558 3572.544 3569.533 3566.522 3563.511 3560.433 3557.273 3554.114 3550.954 3547.794 3544.901 3542.034 3539.166 3536.299 3533.321 3530.161 3527.002 3523.842 3520.682 3517.709 3514.771 3511.834 3508.896 3506.393 3504.882 3503.372
3597.768 3599.925 3602.083 3604.24 3607.877 3615.406 3622.935 3630.464 3637.993 3646.34 3654.975 3663.611 3672.247 3679.817 3683.205 3686.594 3689.981 3693.369 3692.806 3690.267 3687.727 3685.188 3681.904 3673.654 3665.404 3657.154 3648.904 3640.697 3632.52 3624.342 3616.164 3608.221 3604.085 3599.949 3595.813 3591.677 3588.05 3584.89 3581.731 3578.571 3575.411 3572.377 3569.344 3566.311 3563.279 3560.189 3557.029 3553.87 3550.71 3547.55 3544.677 3541.831 3538.985 3536.139 3533.175 3530.015 3526.855 3523.695 3520.536 3517.544 3514.585 3511.626 3508.667 3506.165 3504.708 3503.251
3596.572 3598.182 3599.792 3601.402 3604.442 3611.246 3618.049 3624.853 3631.656 3639.72 3648.229 3656.737 3665.246 3672.799 3676.596 3680.394 3684.191 3687.989 3687.758 3685.513 3683.268 3681.023 3678.02 3669.964 3661.907 3653.851 3645.794 3637.853 3629.991 3622.129 3614.268 3606.635 3602.731 3598.827 3594.923 3591.018 3587.529 3584.42 3581.31 3578.201 3575.092 3571.908 3568.723 3565.539 3562.354 3559.186 3556.039 3552.892 3549.745 3546.598 3543.749 3540.929 3538.109 3535.289 3532.334 3529.157 3525.981 3522.804 3519.627 3516.669 3513.751 3510.834 3507.916 3505.492 3504.194 3502.896
3595.697 3596.86 3598.023 3599.187 3601.651 3607.539 3613.428 3619.316 3625.205 3632.807 3641.014 3649.221 3657.428 3664.817 3668.992 3673.166 3677.34 3681.514 3681.646 3679.757 3677.867 3675.978 3673.316 3665.513 3657.709 3649.906 3642.102 3634.488 3627.003 3619.518 3612.033 3604.771 3601.136 3597.5 3593.865 3590.23 3586.903 3583.859 3580.814 3577.769 3574.725 3571.356 3567.983 3564.61 3561.237 3557.973 3554.842 3551.711 3548.58 3545.449 3542.626 3539.833 3537.04 3534.246 3531.3 3528.102 3524.904 3521.706 3518.508 3515.595 3512.737 3509.879 3507.021 3504.695 3503.585 3502.476
3594.821 3595.538 3596.254 3596.971 3598.859 3603.833 3608.806 3613.78 3618.753 3625.894 3633.8 3641.705 3649.611 3656.836 3661.387 3665.938 3670.489 3675.04 3675.534 3674.0 3672.466 3670.931 3668.613 3661.062 3653.511 3645.961 3638.41 3631.122 3624.014 3616.906 3609.798 3602.906 3599.54 3596.174 3592.808 3589.442 3586.278 3583.298 3580.318 3577.337 3574.357 3570.804 3567.243 3563.681 3560.12 3556.759 3553.644 3550.53 3547.415 3544.3 3541.503 3538.737 3535.97 3533.204 3530.267 3527.047 3523.827 3520.607 3517.388 3514.522 3511.723 3508.924 3506.125 3503.897 3502.977 3502.055
3593.946 3594.216 3594.485 3594.755 3596.068 3600.126 3604.185 3608.243 3612.302 3618.981 3626.585 3634.189 3641.793 3648.855 3653.783 3658.71 3663.638 3668.566 3669.423 3668.244 3667.065 3665.886 3663.909 3656.611 3649.313 3642.016 3634.718 3627.757 3621.025 3614.294 3607.563 3601.042 3597.945 3594.848 3591.751 3588.654 3585.652 3582.737 3579.821 3576.906 3573.99 3570.252 3566.502 3562.752 3559.003 3555.545 3552.447 3549.348 3546.25 3543.151 3540.38 3537.641 3534.901 3532.162 3529.233 3525.992 3522.75 3519.509 3516.268 3513.448 3510.708 3507.969 3505.229 3503.1 3502.368 3501.635
3593.004 3592.871 3592.737 3592.604 3593.396 3596.621 3599.847 3603.073 3606.298 3612.453 3619.641 3626.829 3634.017 3640.815 3646.081 3651.347 3656.613 3661.879 3663.128 3662.369 3661.61 3660.851 3659.286 3652.342 3645.399 3638.455 3631.512 3624.926 3618.583 3612.241 3605.899 3599.757 3596.864 3593.971 3591.079 3588.186 3585.294 3582.402 3579.51 3576.617 3573.725 3569.827 3565.914 3562.0 3558.087 3554.537 3551.432 3548.327 3545.222 3542.117 3539.327 3536.567 3533.807 3531.047 3528.097 3524.833 3521.569 3518.305 3515.041 3512.299 3509.656 3507.013 3504.37 3502.361 3501.803 3501.245
3591.842 3591.45 3591.059 3590.667 3591.117 3593.783 3596.449 3599.115 3601.781 3607.201 3613.592 3619.984 3626.375 3632.581 3638.056 3643.532 3649.008 3654.484 3656.227 3656.103 3655.979 3655.855 3654.932 3648.677 3642.423 3636.168 3629.914 3623.863 3617.951 3612.04 3606.128 3600.391 3597.488 3594.584 3591.681 3588.777 3585.821 3582.816 3579.811 3576.805 3573.8 3569.821 3565.827 3561.833 3557.838 3554.208 3551.022 3547.836 3544.651 3541.465 3538.506 3535.568 3532.63 3529.693 3526.622 3523.331 3520.04 3516.749 3513.458 3510.897 3508.475 3506.052 3503.63 3501.814 3501.386 3500.957
3590.68 3590.03 3589.38 3588.73 3588.839 3590.945 3593.051 3595.157 3597.264 3601.948 3607.543 3613.138 3618.733 3624.346 3630.032 3635.718 3641.404 3647.09 3649.326 3649.837 3650.348 3650.86 3650.578 3645.012 3639.447 3633.881 3628.316 3622.8 3617.319 3611.839 3606.358 3601.025 3598.111 3595.197 3592.283 3589.368 3586.348 3583.23 3580.112 3576.993 3573.875 3569.814 3565.74 3561.665 3557.59 3553.878 3550.612 3547.346 3544.079 3540.813 3537.684 3534.569 3531.454 3528.338 3525.147 3521.829 3518.511 3515.193 3511.875 3509.496 3507.294 3505.092 3502.89 3501.268 3500.968 3500.668
