data/zism_data/00919_03_D.txt
ncols         224
nrows         224
[rows 29 to 57 of 224, columns 0 to 64 of 224]
1550.0 1550.0 1550.0 1550.0 1550.0 1550.0 1550.0 1550.0 1550.0 1550.0 1550.0 1550.0 1550.0 1550.0 1550.0 1550.0 1550.0 1550.0 1550.0 1550.0 1550.0 1550.0 1549.998 1549.985 1549.971 1549.957 1549.944 1549.844 1549.687 1549.529 1549.371 1549.215 1549.093 1548.97 1548.848 1548.725 1548.506 1548.199 1547.891 1547.583 1547.276 1546.909 1546.542 1546.175 1545.807 1545.434 1545.053 1544.672 1544.29 1543.909 1543.474 1543.033 1542.592 1542.151 1541.691 1541.201 1540.71 1540.219 1539.729 1539.223 1538.714 1538.205 1537.697 1537.379 1537.5
1550.0 1550.0 1550.0 1550.0 1550.0 1550.0 1550.0 1550.0 1550.0 1550.0 1550.0 1550.0 1550.0 1550.0 1550.0 1550.0 1550.0 1550.0 1550.0 1550.0 1550.0 1550.0 1549.996 1549.966 1549.937 1549.907 1549.877 1549.781 1549.639 1549.497 1549.356 1549.215 1549.093 1548.97 1548.848 1548.725 1548.498 1548.174 1547.85 1547.527 1547.203 1546.836 1546.469 1546.102 1545.734 1545.353 1544.956 1544.559 1544.162 1543.765 1543.328 1542.887 1542.446 1542.005 1541.578 1541.173 1540.768 1540.364 1539.959 1539.521 1539.076 1538.632 1538.188 1537.923 1538.071
1550.0 1550.0 1550.0 1550.0 1550.0 1550.0 1550.0 1550.0 1550.0 1550.0 1550.0 1550.0 1550.0 1550.0 1550.0 1550.0 1550.0 1550.0 1550.0 1550.0 1550.0 1550.0 1549.994 1549.948 1549.902 1549.856 1549.811 1549.717 1549.592 1549.466 1549.341 1549.215 1549.093 1548.97 1548.848 1548.725 1548.489 1548.15 1547.81 1547.47 1547.13 1546.763 1546.396 1546.028 1545.661 1545.273 1544.86 1544.446 1544.033 1543.62 1543.181 1542.74 1542.3 1541.859 1541.464 1541.145 1540.826 1540.507 1540.189 1539.818 1539.438 1539.058 1538.679 1538.467 1538.642
1550.0 1550.0 1550.0 1550.0 1550.0 1550.0 1550.0 1550.0 1550.0 1550.0 1550.0 1550.0 1550.0 1550.0 1550.0 1550.0 1550.0 1550.0 1550.0 1550.0 1550.0 1550.0 1549.992 1549.93 1549.868 1549.806 1549.744 1549.654 1549.544 1549.435 1549.325 1549.215 1549.093 1548.97 1548.848 1548.725 1548.481 1548.125 1547.769 1547.413 1547.057 1546.69 1546.323 1545.955 1545.588 1545.193 1544.763 1544.334 1543.905 1543.475 1543.035 1542.594 1542.154 1541.713 1541.35 1541.117 1540.884 1540.651 1540.418 1540.116 1539.801 1539.485 1539.17 1539.011 1539.213
1550.0 1550.0 1550.0 1550.0 1549.999 1549.994 1549.99 1549.985 1549.98 1549.972 1549.963 1549.954 1549.945 1549.938 1549.938 1549.938 1549.938 1549.938 1549.938 1549.938 1549.938 1549.938 1549.929 1549.86 1549.791 1549.722 1549.653 1549.57 1549.479 1549.387 1549.295 1549.201 1549.068 1548.934 1548.801 1548.668 1548.413 1548.045 1547.678 1547.31 1546.943 1546.589 1546.235 1545.882 1545.528 1545.137 1544.701 1544.265 1543.828 1543.392 1542.956 1542.519 1542.083 1541.647 1541.314 1541.154 1540.993 1540.832 1540.671 1540.433 1540.181 1539.928 1539.676 1539.563 1539.769
1550.0 1550.0 1550.0 1550.0 1549.994 1549.974 1549.953 1549.932 1549.911 1549.875 1549.834 1549.793 1549.751 1549.718 1549.718 1549.718 1549.718 1549.718 1549.718 1549.718 1549.718 1549.718 1549.712 1549.659 1549.606 1549.553 1549.5 1549.437 1549.367 1549.296 1549.226 1549.15 1548.979 1548.808 1548.637 1548.467 1548.193 1547.826 1547.458 1547.091 1546.724 1546.417 1546.112 1545.807 1545.501 1545.145 1544.724 1544.304 1543.884 1543.464 1543.043 1542.623 1542.203 1541.783 1541.475 1541.351 1541.228 1541.105 1540.982 1540.8 1540.606 1540.412 1540.219 1540.132 1540.291
1550.0 1550.0 1550.0 1550.0 1549.99 1549.953 1549.916 1549.879 1549.843 1549.779 1549.705 1549.631 1549.558 1549.499 1549.499 1549.499 1549.499 1549.499 1549.499 1549.499 1549.499 1549.499 1549.494 1549.458 1549.421 1549.384 1549.348 1549.304 1549.255 1549.206 1549.157 1549.099 1548.891 1548.682 1548.474 1548.266 1547.974 1547.607 1547.239 1546.872 1546.505 1546.246 1545.989 1545.732 1545.475 1545.152 1544.748 1544.344 1543.939 1543.535 1543.131 1542.727 1542.323 1541.919 1541.635 1541.549 1541.464 1541.378 1541.293 1541.166 1541.031 1540.897 1540.762 1540.702 1540.812
1550.0 1550.0 1550.0 1550.0 1549.985 1549.932 1549.88 1549.827 1549.774 1549.682 1549.576 1549.47 1549.364 1549.28 1549.28 1549.28 1549.28 1549.28 1549.28 1549.28 1549.28 1549.28 1549.277 1549.257 1549.236 1549.216 1549.195 1549.17 1549.143 1549.115 1549.088 1549.048 1548.802 1548.556 1548.31 1548.064 1547.755 1547.388 1547.02 1546.653 1546.285 1546.074 1545.866 1545.657 1545.448 1545.159 1544.771 1544.383 1543.995 1543.607 1543.219 1542.831 1542.443 1542.055 1541.795 1541.747 1541.699 1541.651 1541.603 1541.532 1541.457 1541.381 1541.306 1541.272 1541.334
1550.0 1550.0 1550.0 1550.0 1549.981 1549.912 1549.843 1549.774 1549.705 1549.585 1549.447 1549.309 1549.171 1549.061 1549.061 1549.061 1549.061 1549.061 1549.061 1549.061 1549.061 1549.061 1549.06 1549.056 1549.051 1549.047 1549.042 1549.037 1549.031 1549.025 1549.019 1548.997 1548.714 1548.43 1548.146 1547.863 1547.536 1547.168 1546.801 1546.433 1546.066 1545.903 1545.742 1545.582 1545.422 1545.166 1544.794 1544.422 1544.051 1543.679 1543.307 1542.935 1542.563 1542.191 1541.956 1541.945 1541.935 1541.924 1541.914 1541.898 1541.882 1541.866 1541.849 1541.842 1541.855
1550.0 1550.0 1550.0 1550.0 1549.98 1549.906 1549.833 1549.759 1549.686 1549.558 1549.411 1549.264 1549.117 1549.0 1549.0 1549.0 1549.0 1549.0 1549.0 1549.0 1549.0 1549.0 1549.0 1549.0 1549.0 1549.0 1549.0 1548.982 1548.951 1548.919 1548.888 1548.843 1548.556 1548.27 1547.984 1547.698 1547.381 1547.037 1546.693 1546.349 1546.005 1545.836 1545.67 1545.503 1545.337 1545.093 1544.752 1544.412 1544.072 1543.731 1543.434 1543.14 1542.846 1542.553 1542.374 1542.386 1542.397 1542.409 1542.421 1542.442 1542.465 1542.489 1542.512 1542.528 1542.528
1550.0 1550.0 1550.0 1550.0 1549.98 1549.906 1549.833 1549.759 1549.686 1549.558 1549.411 1549.264 1549.117 1549.0 1549.0 1549.0 1549.0 1549.0 1549.0 1549.0 1549.0 1549.0 1549.0 1549.0 1549.0 1549.0 1549.0 1548.956 1548.882 1548.808 1548.734 1548.648 1548.373 1548.098 1547.822 1547.547 1547.252 1546.94 1546.628 1546.316 1546.005 1545.81 1545.616 1545.423 1545.23 1544.988 1544.685 1544.382 1544.08 1543.777 1543.576 1543.384 1543.192 1543.0 1542.891 1542.919 1542.947 1542.975 1543.002 1543.054 1543.109 1543.165 1543.22 1543.259 1543.259
1550.0 1550.0 1550.0 1550.0 1549.98 1549.906 1549.833 1549.759 1549.686 1549.558 1549.411 1549.264 1549.117 1549.0 1549.0 1549.0 1549.0 1549.0 1549.0 1549.0 1549.0 1549.0 1549.0 1549.0 1549.0 1549.0 1549.0 1548.931 1548.814 1548.697 1548.58 1548.454 1548.189 1547.925 1547.66 1547.395 1547.123 1546.843 1546.563 1546.284 1546.004 1545.783 1545.563 1545.343 1545.123 1544.883 1544.618 1544.353 1544.087 1543.822 1543.717 1543.628 1543.538 1543.448 1543.409 1543.453 1543.497 1543.541 1543.584 1543.665 1543.753 1543.841 1543.928 1543.989 1543.989
1550.0 1550.0 1550.0 1550.0 1549.98 1549.906 1549.833 1549.759 1549.686 1549.558 1549.411 1549.264 1549.117 1549.0 1549.0 1549.0 1549.0 1549.0 1549.0 1549.0 1549.0 1549.0 1549.0 1549.0 1549.0 1549.0 1549.0 1548.905 1548.745 1548.585 1548.425 1548.26 1548.006 1547.752 1547.498 1547.244 1546.994 1546.746 1546.499 1546.251 1546.004 1545.757 1545.51 1545.263 1545.016 1544.778 1544.55 1544.323 1544.095 1543.868 1543.859 1543.872 1543.884 1543.896 1543.927 1543.987 1544.047 1544.106 1544.166 1544.277 1544.397 1544.517 1544.637 1544.72 1544.72
1550.0 1550.0 1550.0 1550.0 1549.98 1549.91 1549.839 1549.768 1549.697 1549.57 1549.423 1549.276 1549.129 1549.011 1549.009 1549.006 1549.003 1549.001 1549.0 1549.0 1549.0 1549.0 1548.999 1548.991 1548.984 1548.976 1548.968 1548.851 1548.661 1548.47 1548.279 1548.085 1547.84 1547.595 1547.35 1547.105 1546.875 1546.657 1546.439 1546.221 1546.003 1545.737 1545.47 1545.203 1544.937 1544.705 1544.518 1544.331 1544.143 1543.956 1544.031 1544.13 1544.23 1544.33 1544.422 1544.5 1544.579 1544.658 1544.736 1544.871 1545.016 1545.161 1545.307 1545.408 1545.41
1550.0 1550.0 1550.0 1550.0 1549.985 1549.93 1549.875 1549.821 1549.766 1549.643 1549.496 1549.349 1549.202 1549.081 1549.062 1549.044 1549.025 1549.006 1549.0 1549.0 1549.0 1549.0 1548.993 1548.937 1548.88 1548.824 1548.768 1548.651 1548.493 1548.334 1548.176 1548.012 1547.767 1547.522 1547.277 1547.032 1546.81 1546.608 1546.406 1546.205 1546.003 1545.753 1545.502 1545.251 1545.001 1544.803 1544.669 1544.535 1544.402 1544.268 1544.357 1544.468 1544.578 1544.688 1544.799 1544.91 1545.021 1545.132 1545.243 1545.373 1545.508 1545.642 1545.777 1545.874 1545.887
1550.0 1550.0 1550.0 1550.0 1549.989 1549.951 1549.912 1549.873 1549.835 1549.716 1549.569 1549.422 1549.275 1549.151 1549.116 1549.081 1549.046 1549.012 1549.0 1549.0 1549.0 1549.0 1548.986 1548.882 1548.778 1548.673 1548.569 1548.451 1548.325 1548.199 1548.072 1547.939 1547.694 1547.449 1547.204 1546.959 1546.745 1546.56 1546.374 1546.188 1546.003 1545.769 1545.534 1545.3 1545.065 1544.9 1544.82 1544.74 1544.66 1544.58 1544.684 1544.805 1544.926 1545.047 1545.177 1545.32 1545.463 1545.606 1545.749 1545.876 1546.0 1546.123 1546.247 1546.34 1546.363
1550.0 1550.0 1550.0 1550.0 1549.994 1549.971 1549.949 1549.926 1549.903 1549.789 1549.642 1549.495 1549.348 1549.221 1549.17 1549.119 1549.068 1549.017 1549.0 1549.0 1549.0 1549.0 1548.98 1548.827 1548.675 1548.522 1548.369 1548.251 1548.157 1548.063 1547.969 1547.866 1547.621 1547.376 1547.131 1546.886 1546.681 1546.511 1546.342 1546.172 1546.002 1545.785 1545.566 1545.348 1545.129 1544.997 1544.971 1544.944 1544.918 1544.892 1545.01 1545.142 1545.274 1545.406 1545.554 1545.729 1545.905 1546.08 1546.255 1546.378 1546.491 1546.604 1546.717 1546.806 1546.84
1550.0 1550.0 1550.0 1550.0 1549.998 1549.992 1549.985 1549.979 1549.972 1549.862 1549.715 1549.568 1549.421 1549.29 1549.223 1549.156 1549.089 1549.022 1549.0 1549.0 1549.0 1549.0 1548.974 1548.773 1548.572 1548.371 1548.17 1548.051 1547.989 1547.927 1547.865 1547.793 1547.548 1547.303 1547.058 1546.813 1546.616 1546.463 1546.309 1546.156 1546.002 1545.801 1545.598 1545.396 1545.193 1545.094 1545.122 1545.149 1545.176 1545.204 1545.337 1545.479 1545.622 1545.764 1545.932 1546.139 1546.347 1546.554 1546.762 1546.881 1546.983 1547.085 1547.188 1547.272 1547.317
1550.0 1550.0 1550.0 1550.0 1550.0 1550.0 1550.0 1550.0 1550.0 1549.906 1549.778 1549.65 1549.523 1549.404 1549.321 1549.238 1549.155 1549.071 1549.037 1549.028 1549.018 1549.008 1548.971 1548.751 1548.53 1548.31 1548.089 1547.963 1547.901 1547.84 1547.778 1547.706 1547.474 1547.242 1547.01 1546.778 1546.59 1546.443 1546.296 1546.149 1546.002 1545.832 1545.662 1545.492 1545.321 1545.251 1545.303 1545.356 1545.408 1545.46 1545.599 1545.746 1545.893 1546.04 1546.222 1546.461 1546.701 1546.941 1547.18 1547.298 1547.393 1547.488 1547.583 1547.67 1547.742
1550.0 1550.0 1550.0 1550.0 1550.0 1550.0 1550.0 1550.0 1550.0 1549.929 1549.834 1549.739 1549.643 1549.547 1549.448 1549.348 1549.249 1549.15 1549.1 1549.074 1549.048 1549.022 1548.971 1548.751 1548.53 1548.31 1548.089 1547.95 1547.867 1547.784 1547.701 1547.61 1547.399 1547.189 1546.978 1546.767 1546.59 1546.443 1546.296 1546.149 1546.002 1545.875 1545.747 1545.62 1545.493 1545.448 1545.506 1545.564 1545.621 1545.679 1545.818 1545.965 1546.112 1546.259 1546.453 1546.725 1546.997 1547.269 1547.541 1547.659 1547.749 1547.838 1547.927 1548.023 1548.132
1550.0 1550.0 1550.0 1550.0 1550.0 1550.0 1550.0 1550.0 1550.0 1549.953 1549.89 1549.827 1549.764 1549.69 1549.574 1549.459 1549.344 1549.228 1549.162 1549.12 1549.078 1549.036 1548.971 1548.751 1548.53 1548.31 1548.089 1547.938 1547.833 1547.728 1547.623 1547.514 1547.325 1547.135 1546.946 1546.757 1546.59 1546.443 1546.296 1546.149 1546.002 1545.917 1545.833 1545.748 1545.664 1545.646 1545.709 1545.772 1545.835 1545.897 1546.037 1546.184 1546.331 1546.478 1546.684 1546.988 1547.292 1547.597 1547.901 1548.02 1548.104 1548.188 1548.272 1548.375 1548.522
1550.0 1550.0 1550.0 1550.0 1550.0 1550.0 1550.0 1550.0 1550.0 1549.977 1549.946 1549.915 1549.884 1549.833 1549.701 1549.57 1549.438 1549.307 1549.224 1549.166 1549.108 1549.05 1548.971 1548.751 1548.53 1548.31 1548.089 1547.925 1547.799 1547.672 1547.546 1547.417 1547.25 1547.082 1546.915 1546.747 1546.59 1546.443 1546.296 1546.149 1546.002 1545.959 1545.918 1545.876 1545.835 1545.843 1545.911 1545.98 1546.048 1546.116 1546.256 1546.403 1546.55 1546.697 1546.916 1547.252 1547.588 1547.925 1548.261 1548.381 1548.459 1548.538 1548.617 1548.728 1548.912
1550.0 1550.0 1550.0 1550.0 1550.0 1550.0 1550.0 1550.0 1550.0 1550.0 1550.0 1550.0 1550.0 1549.97 1549.823 1549.675 1549.527 1549.38 1549.282 1549.209 1549.136 1549.063 1548.971 1548.751 1548.53 1548.31 1548.089 1547.913 1547.767 1547.621 1547.475 1547.328 1547.182 1547.036 1546.889 1546.743 1546.596 1546.45 1546.303 1546.157 1546.01 1546.008 1546.008 1546.008 1546.008 1546.041 1546.114 1546.188 1546.261 1546.334 1546.475 1546.622 1546.769 1546.916 1547.146 1547.513 1547.88 1548.247 1548.614 1548.734 1548.809 1548.884 1548.958 1549.077 1549.298
1550.0 1550.0 1550.0 1550.0 1550.0 1550.0 1550.0 1550.0 1550.0 1550.0 1550.0 1550.0 1550.0 1549.967 1549.803 1549.64 1549.476 1549.312 1549.22 1549.163 1549.106 1549.049 1548.971 1548.751 1548.53 1548.31 1548.089 1547.926 1547.801 1547.677 1547.552 1547.427 1547.297 1547.166 1547.036 1546.906 1546.772 1546.637 1546.501 1546.365 1546.229 1546.227 1546.227 1546.227 1546.227 1546.258 1546.326 1546.394 1546.462 1546.529 1546.675 1546.827 1546.98 1547.132 1547.359 1547.71 1548.061 1548.411 1548.762 1548.903 1549.005 1549.106 1549.207 1549.352 1549.594
1550.0 1550.0 1550.0 1550.0 1550.0 1550.0 1550.0 1550.0 1550.0 1550.0 1550.0 1550.0 1550.0 1549.964 1549.784 1549.604 1549.424 1549.245 1549.157 1549.117 1549.076 1549.035 1548.971 1548.751 1548.53 1548.31 1548.089 1547.939 1547.835 1547.732 1547.629 1547.525 1547.411 1547.297 1547.183 1547.068 1546.949 1546.823 1546.698 1546.573 1546.448 1546.446 1546.446 1546.446 1546.446 1546.474 1546.537 1546.6 1546.662 1546.725 1546.874 1547.032 1547.19 1547.348 1547.573 1547.907 1548.242 1548.576 1548.911 1549.072 1549.2 1549.328 1549.456 1549.626 1549.89
1550.0 1550.0 1550.0 1550.0 1550.0 1550.0 1550.0 1550.0 1550.0 1550.0 1550.0 1550.0 1550.0 1549.96 1549.764 1549.568 1549.373 1549.177 1549.095 1549.071 1549.046 1549.021 1548.971 1548.751 1548.53 1548.31 1548.089 1547.951 1547.87 1547.788 1547.706 1547.624 1547.526 1547.427 1547.329 1547.231 1547.125 1547.01 1546.896 1546.782 1546.667 1546.666 1546.666 1546.666 1546.666 1546.691 1546.749 1546.806 1546.863 1546.92 1547.074 1547.237 1547.401 1547.564 1547.786 1548.104 1548.423 1548.741 1549.06 1549.241 1549.396 1549.551 1549.706 1549.901 1550.186
1550.0 1550.0 1550.0 1550.0 1550.0 1550.0 1550.0 1550.0 1550.0 1550.0 1550.0 1550.0 1550.0 1549.957 1549.745 1549.533 1549.321 1549.109 1549.033 1549.024 1549.016 1549.007 1548.971 1548.751 1548.53 1548.31 1548.089 1547.964 1547.904 1547.844 1547.783 1547.722 1547.64 1547.558 1547.476 1547.394 1547.301 1547.197 1547.094 1546.99 1546.886 1546.885 1546.885 1546.885 1546.885 1546.908 1546.96 1547.012 1547.064 1547.115 1547.274 1547.443 1547.611 1547.78 1547.999 1548.301 1548.604 1548.906 1549.208 1549.409 1549.591 1549.773 1549.955 1550.175 1550.482
1550.0 1550.0 1550.0 1550.0 1550.0 1550.0 1550.0 1550.0 1550.0 1550.0 1550.0 1550.0 1550.0 1549.957 1549.744 1549.531 1549.318 1549.106 1549.03 1549.022 1549.014 1549.007 1548.974 1548.777 1548.579 1548.382 1548.184 1548.069 1548.01 1547.951 1547.891 1547.832 1547.763 1547.695 1547.626 1547.558 1547.477 1547.384 1547.291 1547.198 1547.105 1547.104 1547.104 1547.104 1547.104 1547.125 1547.171 1547.218 1547.264 1547.311 1547.474 1547.648 1547.822 1547.996 1548.209 1548.488 1548.766 1549.045 1549.323 1549.548 1549.761 1549.975 1550.189 1550.436 1550.76
1550.0 1550.0 1550.0 1550.0 1550.0 1550.0 1550.0 1550.0 1550.0 1550.0 1550.0 1550.0 1550.0 1549.96 1549.763 1549.567 1549.37 1549.173 1549.092 1549.068 1549.044 1549.021 1548.981 1548.831 1548.682 1548.533 1548.384 1548.275 1548.195 1548.114 1548.033 1547.954 1547.896 1547.839 1547.781 1547.723 1547.653 1547.571 1547.489 1547.406 1547.324 1547.323 1547.323 1547.323 1547.323 1547.342 1547.383 1547.424 1547.465 1547.506 1547.673 1547.853 1548.032 1548.211 1548.416 1548.662 1548.909 1549.155 1549.402 1549.652 1549.904 1550.155 1550.406 1550.683 1551.017
