data/zism_data/00923_04_D.txt
ncols         224
nrows         224
[rows 84 to 111 of 224, columns 0 to 62 of 224]
897.7368 897.8022 898.0615 898.3209 898.5802 898.8396 900.0017 901.3517 902.7017 904.0517 907.0375 915.2141 923.3906 931.5675 939.7441 948.8435 958.437 968.0302 977.6234 986.4681 984.2234 981.9788 979.734 977.4894 971.8082 962.3293 952.8508 943.3719 933.8934 927.1465 920.7478 914.3494 907.9509 903.2381 902.4832 901.7283 900.9734 900.2185 900.6175 901.4865 902.3555 903.2245 904.5111 908.7917 913.0724 917.353 921.6335 923.5656 923.4496 923.3336 923.2177 923.1017 914.8671 906.1689 897.471 888.7731 878.9336 867.0463 855.159 843.2712 831.3839 826.4047 823.4928
897.6202 897.7194 898.1331 898.5468 898.9605 899.3742 901.0926 903.0825 905.0723 907.0621 910.5775 918.9336 927.2896 935.646 944.0021 952.8121 961.8654 970.9183 979.9712 988.3448 986.6539 984.963 983.272 981.5811 976.6173 968.0367 959.4564 950.8758 942.2955 934.57 926.9532 919.3368 911.7203 905.9752 904.624 903.2727 901.9214 900.5701 901.2563 902.7728 904.2891 905.8055 907.8582 913.7562 919.6545 925.5526 931.4507 934.6409 935.4698 936.2987 937.1277 937.9565 928.1257 917.6863 907.2473 896.8082 885.2626 871.7326 858.2025 844.672 831.1419 825.3408 821.8527
897.5106 897.6479 898.2432 898.8383 899.4335 900.0287 902.4987 905.3588 908.2189 911.0789 915.3494 924.0951 932.8409 941.5869 950.3326 958.7117 966.8948 975.0775 983.2603 990.8512 989.6728 988.4944 987.3159 986.1375 981.9626 974.4764 966.9905 959.5043 952.0183 943.1856 934.1809 925.1765 916.1721 909.2415 907.1802 905.1188 903.0574 900.9961 901.9775 904.1987 906.4197 908.6407 911.4928 918.8696 926.2466 933.6234 941.0002 945.2814 946.863 948.4446 950.0263 951.608 940.2067 928.0643 915.9224 903.7803 890.7171 876.002 861.2867 846.5711 831.8559 825.4367 821.5001
897.4011 897.5765 898.3532 899.1299 899.9066 900.6832 903.9048 907.6352 911.3655 915.0957 920.1212 929.2567 938.3921 947.5278 956.6633 964.6113 971.9242 979.2368 986.5494 993.3576 992.6917 992.0258 991.3598 990.6939 987.308 980.9161 974.5245 968.1327 961.7411 951.8013 941.4085 931.0162 920.6238 912.5078 909.7364 906.965 904.1935 901.4221 902.6987 905.6245 908.5502 911.4759 915.1274 923.9829 932.8387 941.6942 950.5497 955.9218 958.2562 960.5906 962.925 965.2593 952.2878 938.4424 924.5974 910.7525 896.1716 880.2713 864.371 848.4702 832.5699 825.5326 821.1475
897.2915 897.505 898.4633 899.4214 900.3796 901.3378 905.3109 909.9116 914.512 919.1125 924.8931 934.4182 943.9433 953.4688 962.9939 970.5109 976.9536 983.3961 989.8385 995.864 995.7106 995.5571 995.4037 995.2504 992.6533 987.3559 982.0586 976.7612 971.4639 960.4169 948.6362 936.8558 925.0756 915.774 912.2925 908.8111 905.3295 901.8481 903.4199 907.0504 910.6808 914.3112 918.762 929.0963 939.4308 949.765 960.0992 966.5623 969.6494 972.7365 975.8237 978.9108 964.3688 948.8204 933.2725 917.7246 901.626 884.5406 867.4553 850.3693 833.2839 825.6284 820.7949
897.6934 897.6883 898.6133 899.5384 900.4634 901.3885 905.7977 910.9319 916.0659 921.1999 927.4374 937.1758 946.9142 956.6529 966.3913 973.4915 979.1801 984.8685 990.5569 995.9196 996.4551 996.9907 997.5262 998.0617 996.2491 991.8417 987.4345 983.0271 978.6199 966.7072 953.8369 940.967 928.0972 917.9186 914.0594 910.2001 906.3408 902.4814 904.5355 908.9985 913.4615 917.9244 923.2177 934.4647 945.7121 956.959 968.2061 975.2883 978.7385 982.1888 985.6392 989.0895 973.7139 957.2637 940.8141 924.3644 907.4693 889.7766 872.0837 854.3904 836.6976 828.2346 822.5336
899.441 898.5418 898.869 899.1962 899.5233 899.8505 903.865 908.6468 913.4285 918.2101 924.1195 933.6071 943.0945 952.5824 962.0699 968.7905 974.0307 979.2706 984.5106 989.5262 991.2148 992.9034 994.5922 996.2808 995.2409 991.1859 987.1309 983.0759 979.0209 966.8782 953.7036 940.5294 927.3553 917.1117 913.749 910.3862 907.0233 903.6605 906.6889 912.3212 917.9532 923.5852 929.834 940.5045 951.1753 961.8458 972.5162 978.9763 981.7645 984.5528 987.3412 990.1295 975.8596 960.6159 945.3727 930.1295 914.3359 897.556 880.7761 863.9957 847.2158 837.4468 829.7758
901.1887 899.3953 899.1246 898.8539 898.5831 898.3124 901.9323 906.3617 910.791 915.2203 920.8017 930.0383 939.2749 948.5118 957.7485 964.0895 968.8812 973.6728 978.4644 983.1327 985.9745 988.8162 991.6581 994.4999 994.2327 990.53 986.8273 983.1246 979.422 967.0493 953.5703 940.0919 926.6134 916.3047 913.4385 910.5722 907.7059 904.8396 908.8424 915.6437 922.4449 929.246 936.4503 946.5443 956.6385 966.7325 976.8264 982.6642 984.7905 986.9168 989.0432 991.1695 978.0052 963.9681 949.9314 935.8947 921.2025 905.3355 889.4685 873.601 857.7339 846.6591 837.0181
902.9363 900.2489 899.3802 898.5116 897.643 896.7744 899.9995 904.0767 908.1536 912.2306 917.4839 926.4696 935.4553 944.4413 953.4271 959.3885 963.7318 968.0749 972.418 976.7393 980.7341 984.7291 988.7241 992.719 993.2245 989.8741 986.5237 983.1733 979.8231 967.2203 953.437 939.6543 925.8716 915.4978 913.1281 910.7583 908.3884 906.0187 910.9958 918.9664 926.9366 934.9068 943.0667 952.584 962.1018 971.6192 981.1366 986.3522 987.8165 989.2808 990.7452 992.2095 980.1509 967.3203 954.49 941.6598 928.0691 913.115 898.1608 883.2062 868.2521 855.8713 844.2603
904.6839 901.1024 899.6359 898.1694 896.7028 895.2363 898.0668 901.7916 905.5162 909.2408 914.1661 922.9009 931.6357 940.3708 949.1057 954.6876 958.5823 962.4771 966.3717 970.3458 975.4938 980.6418 985.79 990.938 992.2162 989.2181 986.2202 983.2221 980.2241 967.3913 953.3038 939.2167 925.1297 914.6909 912.8176 910.9443 909.071 907.1977 913.1494 922.2889 931.4283 940.5676 949.6829 958.6238 967.5651 976.5059 985.4468 990.0402 990.8426 991.6449 992.4472 993.2495 982.2965 970.6724 959.0486 947.4249 934.9357 920.8945 906.8532 892.8115 878.7703 865.0836 851.5025
909.4521 904.5771 901.7629 898.9488 896.1346 893.3204 895.0229 897.6653 900.3075 902.9497 906.901 915.0062 923.1113 931.2167 939.3218 945.2661 950.054 954.8418 959.6296 964.5131 970.8104 977.1075 983.405 989.7023 991.678 988.8784 986.0788 983.2792 980.4797 967.7668 953.7894 939.8123 925.8353 915.6432 914.3375 913.0317 911.726 910.4202 916.9883 926.7643 936.5401 946.3158 955.8419 963.5749 971.3082 979.0412 986.7742 990.1415 989.7017 989.262 988.8222 988.3824 978.4067 967.8866 957.3668 946.8469 935.389 922.2488 909.1086 895.968 882.8278 868.9319 854.8093
915.2863 908.9768 904.5504 900.1241 895.6978 891.2713 891.587 892.8892 894.1915 895.4937 898.2431 905.5848 912.9266 920.2686 927.6104 934.1787 940.3333 946.4877 952.6422 958.8784 966.3235 973.7685 981.2138 988.6589 991.3056 988.6501 985.9947 983.3392 980.6838 968.2145 954.4933 940.7725 927.0518 917.2164 916.5032 915.7901 915.0769 914.3638 921.422 931.6465 941.8706 952.0947 961.8393 968.1417 974.4442 980.7466 987.049 988.9769 987.0904 985.2039 983.3173 981.4308 972.387 962.9346 953.4824 944.0303 933.579 921.3356 909.0923 896.8486 884.6052 870.8871 856.7271
921.1205 913.3766 907.3379 901.2994 895.2609 889.2222 888.1509 888.1131 888.0753 888.0375 889.585 896.1633 902.7418 909.3204 915.8987 923.0912 930.6125 938.1335 945.6545 953.2437 961.8365 970.4294 979.0226 987.6155 990.9332 988.4219 985.9106 983.3992 980.8879 968.6623 955.1973 941.7328 928.2682 918.7896 918.6691 918.5485 918.428 918.3074 925.8558 936.5287 947.2012 957.8738 967.8368 972.7084 977.5803 982.452 987.3237 987.8123 984.479 981.1457 977.8123 974.4789 966.3672 957.9825 949.5981 941.2136 931.7689 920.4224 909.076 897.7291 886.3826 872.8423 858.645
926.9548 917.7764 910.1254 902.4747 894.824 887.173 884.7148 883.337 881.9591 880.5812 880.9269 886.7419 892.5569 898.3721 904.1871 912.0037 920.8916 929.7793 938.6669 947.6088 957.3495 967.0903 976.8313 986.572 990.5608 988.1936 985.8265 983.4592 981.0921 969.11 955.9013 942.693 929.4847 920.3629 920.8349 921.3069 921.7791 922.2511 930.2896 941.4109 952.5319 963.6528 973.8343 977.2753 980.7164 984.1574 987.5984 986.6476 981.8676 977.0875 972.3073 967.5272 960.3474 953.0304 945.7137 938.397 929.9589 919.5092 909.0596 898.6097 888.16 874.7975 860.5628
931.431 921.1777 912.2026 903.2279 894.2531 885.278 881.6152 879.0576 876.5001 873.9425 873.3008 878.7391 884.1774 889.6158 895.0541 903.6219 913.8646 924.1069 934.3493 944.5981 954.9364 965.2747 975.6133 985.9516 990.3689 988.2433 986.1178 983.9922 981.8667 970.4879 957.9286 945.3698 932.8109 924.2117 924.9092 925.6067 926.3042 927.0016 934.9461 945.8432 956.7399 967.6367 977.474 979.7107 981.9474 984.1841 986.4208 984.2421 978.2135 972.1848 966.156 960.1273 953.8021 947.4597 941.1176 934.7754 927.2585 917.6342 908.01 898.3854 888.7612 875.7267 861.6713
930.5723 920.6569 911.4896 902.3228 893.1558 883.9886 879.8375 876.73 873.6226 870.5151 869.729 876.3097 882.8904 889.4714 896.0521 905.8701 917.4207 928.971 940.5213 951.8964 960.6705 969.4445 978.2189 986.993 990.8859 989.385 987.8841 986.3832 984.8823 975.52 965.1549 954.7901 944.4254 937.0013 936.4815 935.9618 935.442 934.9222 940.4775 948.5078 956.5379 964.568 971.8508 973.7725 975.6943 977.6161 979.5378 976.9614 970.463 963.9645 957.4659 950.9675 945.1926 939.4589 933.7253 927.9916 921.0604 911.9807 902.9009 893.8209 884.7411 872.6251 859.6
929.7136 920.136 910.7767 901.4175 892.0585 882.6991 878.0598 874.4023 870.7451 867.0878 866.1572 873.8804 881.6035 889.3269 897.05 908.1182 920.9769 933.8351 946.6932 959.1946 966.4045 973.6144 980.8246 988.0345 991.403 990.5267 989.6505 988.7742 987.8979 980.5522 972.3812 964.2105 956.0398 949.7908 948.0538 946.3168 944.5798 942.8428 946.0089 951.1724 956.3358 961.4992 966.2275 967.8344 969.4412 971.048 972.6548 969.6807 962.7125 955.7443 948.7759 941.8077 936.5831 931.4579 926.3329 921.2079 914.8624 906.3271 897.7919 889.2563 880.7211 869.5235 857.5288
928.8549 919.6152 910.0637 900.5124 890.9612 881.4096 876.282 872.0748 867.8676 863.6604 862.5855 871.451 880.3166 889.1824 898.048 910.3665 924.533 938.6991 952.8652 966.4929 972.1385 977.7843 983.4302 989.0759 991.92 991.6684 991.4167 991.1651 990.9135 985.5844 979.6075 973.6309 967.6542 962.5803 959.6262 956.6719 953.7177 950.7635 951.5403 953.8371 956.1338 958.4305 960.6043 961.8962 963.188 964.4799 965.7717 962.4 954.962 947.524 940.0858 932.6478 927.9737 923.4571 918.9407 914.4242 908.6643 900.6736 892.6828 884.6918 876.701 866.4219 855.4575
927.9961 919.0944 909.3506 899.6072 889.8639 880.1201 874.5043 869.7471 864.9901 860.233 859.0137 869.0217 879.0297 889.038 899.046 912.6146 928.0892 943.5632 959.0372 973.7911 977.8726 981.9542 986.0358 990.1174 992.4371 992.8101 993.1831 993.5561 993.9291 990.6165 986.8338 983.0513 979.2687 975.3698 971.1984 967.027 962.8555 958.6841 957.0717 956.5017 955.9318 955.3618 954.9811 955.958 956.9349 957.9118 958.8887 955.1193 947.2115 939.3038 931.3958 923.488 919.3642 915.4562 911.5483 907.6405 902.4662 895.02 887.5737 880.1272 872.681 863.3203 853.3863
921.9788 913.545 904.1216 894.6985 885.2755 875.8521 869.9894 864.8674 859.7456 854.6238 853.3027 864.0438 874.785 885.5264 896.2676 909.8101 924.8522 939.8939 954.9355 969.2484 972.7623 976.2762 979.7902 983.304 986.057 987.9693 989.8815 991.7938 993.706 991.8127 989.4341 987.0555 984.6769 981.3906 975.9735 970.5565 965.1392 959.722 956.3469 953.8035 951.2601 948.7167 946.7023 948.4818 950.2612 952.0406 953.8199 951.4378 945.427 939.4163 933.4053 927.3945 923.3799 919.4789 915.5782 911.6774 906.2161 897.9548 889.6936 881.4321 873.1708 863.443 853.2759
913.3823 905.4813 896.6345 887.788 878.9415 870.0946 864.106 858.7117 853.3176 847.9235 846.5221 857.7917 869.0613 880.3313 891.601 904.4792 918.2188 931.9579 945.697 958.7853 962.2298 965.6743 969.1188 972.5633 976.2283 980.1372 984.046 987.9548 991.8636 991.091 989.7214 988.3517 986.9822 984.027 977.35 970.673 963.9957 957.3187 952.494 948.4238 944.3537 940.2836 937.0958 940.2364 943.3771 946.5178 949.6584 949.5559 946.6255 943.6951 940.7646 937.8343 933.7081 929.5135 925.3192 921.1248 914.9399 905.184 895.428 885.6717 875.9157 865.1779 854.1459
904.7857 897.4177 889.1474 880.8774 872.6075 864.3372 858.2225 852.556 846.8896 841.2233 839.7415 851.5396 863.3377 875.1362 886.9343 899.1483 911.5853 924.0219 936.4584 948.3222 951.6973 955.0723 958.4475 961.8226 966.3996 972.3051 978.2104 984.1159 990.0212 990.3693 990.0086 989.648 989.2874 986.6634 978.7265 970.7896 962.8523 954.9154 948.6412 943.0441 937.4473 931.8504 927.4893 931.9911 936.4931 940.995 945.4968 947.674 947.824 947.974 948.124 948.274 944.0363 939.5481 935.0601 930.572 923.6638 912.413 901.1624 889.9113 878.6606 866.9129 855.016
896.1891 889.3539 881.6603 873.9669 866.2735 858.5798 852.339 846.4002 840.4616 834.523 832.9608 845.2874 857.6141 869.9411 882.2677 893.8174 904.9518 916.0859 927.2198 937.8591 941.1647 944.4704 947.7761 951.0818 956.5709 964.473 972.3748 980.2769 988.1788 989.6475 990.2959 990.9442 991.5926 989.2998 980.103 970.9061 961.7089 952.512 944.7883 937.6644 930.5408 923.4172 917.8827 923.7458 929.6091 935.4722 941.3353 945.7921 949.0225 952.2529 955.4834 958.7137 954.3646 949.5827 944.801 940.0193 932.3876 919.6422 906.8967 894.1509 881.4055 868.6478 855.886
887.8921 881.4609 874.247 867.0333 859.8197 852.6058 846.3248 840.2377 834.1509 828.064 826.467 839.1196 851.772 864.4249 877.0775 888.0197 898.0472 908.0743 918.1015 927.7023 930.9838 934.2653 937.5469 940.8285 947.1935 956.9662 966.7385 976.5112 986.2835 988.7796 990.3478 991.916 993.4842 991.4999 981.1761 970.8524 960.5282 950.2044 941.2077 932.7513 924.2952 915.8392 909.2734 916.2658 923.2585 930.251 937.2434 943.7391 949.8013 955.8635 961.9258 967.988 963.7688 958.9628 954.1569 949.3511 941.2155 927.1056 912.9957 898.8853 884.7753 870.9622 857.2373
881.5917 874.7051 867.3256 859.9465 852.5673 845.1879 839.4397 834.0306 828.6217 823.2128 821.8859 833.5134 845.1409 856.7688 868.3963 879.1099 889.335 899.5596 909.7842 919.5876 923.1468 926.7059 930.2652 933.8243 940.8246 951.6276 962.4303 973.2333 984.0359 986.9374 988.8313 990.7252 992.619 990.7913 980.2273 969.6633 959.0989 948.5349 939.4421 930.9483 922.4548 913.9614 907.3118 913.8879 920.4641 927.0402 933.6162 940.5454 947.7821 955.0188 962.2557 969.4924 967.0133 963.9797 960.9462 957.9127 950.7376 936.1313 921.5249 906.918 892.3117 877.1392 861.7966
875.2914 867.9492 860.4043 852.8596 845.3149 837.77 832.5545 827.8234 823.0925 818.3616 817.3046 827.9072 838.5097 849.1126 859.7151 870.2001 880.6227 891.0448 901.467 911.473 915.3098 919.1465 922.9834 926.8202 934.4556 946.2891 958.122 969.9554 981.7884 985.0952 987.3148 989.5343 991.7538 990.0828 979.2785 968.4742 957.6696 946.8654 937.6765 929.1453 920.6144 912.0836 905.3503 911.5099 917.6697 923.8294 929.989 937.3517 945.7629 954.1741 962.5857 970.9969 970.2579 968.9966 967.7355 966.4743 960.2598 945.157 930.0542 914.9509 899.8481 883.3162 866.356
868.9911 861.1935 853.4831 845.7729 838.0627 830.3522 825.6694 821.6164 817.5634 813.5105 812.7235 822.3011 831.8786 841.4565 851.0341 861.2905 871.9105 882.5302 893.1498 903.3584 907.4728 911.5872 915.7018 919.8162 928.0869 940.9506 953.8139 966.6776 979.5409 983.2531 985.7983 988.3435 990.8886 989.3741 978.3297 967.2852 956.2403 945.1958 935.9108 927.3423 918.7741 910.2059 903.3888 909.132 914.8754 920.6187 926.3619 934.1581 943.7438 953.3295 962.9156 972.5013 973.5023 974.0135 974.5247 975.0358 969.7817 954.1825 938.5833 922.9835 907.3843 889.493 870.9152
862.6908 854.4377 846.5617 838.686 830.8103 822.9343 818.7842 815.4092 812.0343 808.6594 808.1423 816.6949 825.2474 833.8004 842.3529 852.3807 863.1982 874.0154 884.8326 895.2437 899.6358 904.0278 908.42 912.8121 921.7179 935.612 949.5056 963.3997 977.2934 981.4109 984.2818 987.1526 990.0234 988.6656 977.3809 966.0961 954.811 943.5263 934.1452 925.5393 916.9337 908.3281 901.4272 906.754 912.0811 917.4079 922.7347 930.9644 941.7246 952.4849 963.2455 974.0058 976.7468 979.0305 981.314 983.5974 979.3038 963.2082 947.1125 931.0164 914.9207 895.67 875.4745
