data/zism_data/00929_02_D.txt
ncols         224
nrows         224
[rows 112 to 139 of 224, columns 128 to 191 of 224]
3817.821 3818.748 3819.256 3819.253 3819.249 3819.246 3819.242 3818.444 3817.571 3816.697 3815.823 3815.559 3816.302 3817.045 3817.788 3818.531 3819.091 3819.617 3820.143 3820.669 3820.616 3819.237 3817.858 3816.479 3815.1 3813.415 3811.637 3809.859 3808.081 3806.503 3805.585 3804.667 3803.749 3802.831 3805.728 3810.293 3814.858 3819.424 3824.829 3834.663 3844.496 3854.329 3864.162 3871.804 3878.122 3884.439 3890.756 3896.602 3897.496 3898.39 3899.284 3900.178 3900.702 3900.924 3901.147 3901.369 3901.591 3901.781 3901.97 3902.16 3902.35 3902.234 3901.785 3901.337
3819.012 3819.982 3820.581 3820.725 3820.869 3821.012 3821.156 3820.521 3819.811 3819.102 3818.393 3818.27 3819.118 3819.967 3820.815 3821.663 3822.264 3822.818 3823.372 3823.927 3823.891 3822.508 3821.124 3819.741 3818.357 3816.592 3814.712 3812.832 3810.952 3809.211 3807.932 3806.653 3805.374 3804.094 3806.386 3810.24 3814.094 3817.948 3822.731 3832.417 3842.102 3851.788 3861.473 3869.291 3875.979 3882.668 3889.356 3895.562 3896.693 3897.825 3898.957 3900.089 3900.747 3901.018 3901.289 3901.56 3901.83 3902.029 3902.227 3902.425 3902.623 3902.55 3902.182 3901.814
3820.227 3821.235 3821.933 3822.249 3822.565 3822.882 3823.198 3822.746 3822.22 3821.694 3821.169 3821.175 3822.061 3822.947 3823.833 3824.719 3825.357 3825.949 3826.542 3827.134 3827.152 3825.861 3824.569 3823.277 3821.986 3820.346 3818.6 3816.855 3815.11 3813.428 3811.954 3810.481 3809.007 3807.534 3809.361 3812.631 3815.902 3819.173 3823.374 3832.482 3841.589 3850.697 3859.805 3867.482 3874.295 3881.108 3887.92 3894.261 3895.646 3897.032 3898.418 3899.803 3900.611 3900.947 3901.283 3901.619 3901.953 3902.156 3902.36 3902.563 3902.767 3902.754 3902.505 3902.255
3821.442 3822.488 3823.284 3823.773 3824.262 3824.751 3825.241 3824.971 3824.629 3824.287 3823.944 3824.079 3825.003 3825.927 3826.851 3827.774 3828.451 3829.081 3829.71 3830.34 3830.413 3829.213 3828.014 3826.814 3825.614 3824.099 3822.489 3820.878 3819.268 3817.645 3815.977 3814.309 3812.641 3810.973 3812.335 3815.022 3817.71 3820.398 3824.017 3832.547 3841.077 3849.607 3858.136 3865.674 3872.611 3879.548 3886.484 3892.96 3894.6 3896.239 3897.878 3899.518 3900.475 3900.876 3901.277 3901.677 3902.075 3902.284 3902.493 3902.702 3902.911 3902.958 3902.827 3902.697
3822.657 3823.741 3824.635 3825.297 3825.959 3826.621 3827.283 3827.196 3827.037 3826.879 3826.72 3826.984 3827.945 3828.907 3829.868 3830.83 3831.544 3832.212 3832.88 3833.547 3833.675 3832.566 3831.458 3830.35 3829.242 3827.852 3826.377 3824.902 3823.426 3821.861 3819.999 3818.137 3816.274 3814.412 3815.309 3817.414 3819.518 3821.623 3824.659 3832.612 3840.564 3848.516 3856.468 3863.865 3870.926 3877.987 3885.048 3891.66 3893.553 3895.446 3897.339 3899.232 3900.339 3900.805 3901.27 3901.736 3902.198 3902.412 3902.627 3902.841 3903.055 3903.162 3903.15 3903.138
3823.872 3824.994 3825.987 3826.821 3827.656 3828.491 3829.325 3829.421 3829.446 3829.471 3829.496 3829.888 3830.888 3831.887 3832.886 3833.886 3834.638 3835.343 3836.049 3836.754 3836.936 3835.919 3834.903 3833.887 3832.87 3831.605 3830.265 3828.925 3827.584 3826.078 3824.021 3821.965 3819.908 3817.852 3818.284 3819.805 3821.326 3822.848 3825.302 3832.677 3840.051 3847.426 3854.8 3862.057 3869.242 3876.427 3883.612 3890.359 3892.506 3894.653 3896.8 3898.947 3900.203 3900.734 3901.264 3901.795 3902.321 3902.54 3902.76 3902.98 3903.199 3903.365 3903.472 3903.579
3824.993 3826.186 3827.281 3828.255 3829.23 3830.205 3831.179 3831.48 3831.717 3831.954 3832.191 3832.697 3833.65 3834.602 3835.555 3836.508 3837.32 3838.105 3838.891 3839.676 3839.967 3839.127 3838.287 3837.447 3836.607 3835.537 3834.397 3833.258 3832.118 3830.768 3828.719 3826.67 3824.62 3822.571 3822.829 3824.096 3825.363 3826.629 3828.74 3835.302 3841.864 3848.426 3854.988 3861.615 3868.281 3874.947 3881.613 3887.913 3890.365 3892.817 3895.27 3897.722 3899.234 3899.98 3900.725 3901.471 3902.21 3902.529 3902.848 3903.167 3903.486 3903.734 3903.903 3904.073
3826.101 3827.369 3828.566 3829.676 3830.785 3831.895 3833.005 3833.514 3833.967 3834.42 3834.873 3835.492 3836.385 3837.278 3838.171 3839.064 3839.94 3840.812 3841.683 3842.555 3842.964 3842.313 3841.662 3841.011 3840.36 3839.495 3838.566 3837.637 3836.708 3835.529 3833.517 3831.506 3829.494 3827.483 3827.609 3828.671 3829.733 3830.794 3832.597 3838.312 3844.026 3849.74 3855.454 3861.378 3867.429 3873.479 3879.53 3885.295 3888.06 3890.826 3893.591 3896.357 3898.141 3899.124 3900.107 3901.09 3902.065 3902.497 3902.93 3903.362 3903.795 3904.127 3904.351 3904.574
3827.208 3828.552 3829.851 3831.096 3832.341 3833.585 3834.83 3835.549 3836.218 3836.886 3837.555 3838.286 3839.12 3839.954 3840.788 3841.621 3842.56 3843.518 3844.476 3845.435 3845.96 3845.499 3845.037 3844.575 3844.113 3843.454 3842.735 3842.017 3841.299 3840.289 3838.316 3836.342 3834.369 3832.395 3832.39 3833.247 3834.103 3834.959 3836.455 3841.322 3846.188 3851.054 3855.921 3861.142 3866.577 3872.012 3877.447 3882.677 3885.755 3888.834 3891.913 3894.991 3897.047 3898.267 3899.488 3900.708 3901.919 3902.465 3903.011 3903.557 3904.103 3904.52 3904.798 3905.075
3828.316 3829.735 3831.137 3832.516 3833.896 3835.276 3836.655 3837.583 3838.468 3839.353 3840.237 3841.081 3841.855 3842.629 3843.404 3844.178 3845.18 3846.224 3847.269 3848.314 3848.957 3848.684 3848.411 3848.138 3847.865 3847.412 3846.904 3846.396 3845.889 3845.05 3843.114 3841.178 3839.243 3837.307 3837.171 3837.822 3838.473 3839.124 3840.313 3844.331 3848.35 3852.369 3856.387 3860.905 3865.724 3870.544 3875.363 3880.059 3883.45 3886.842 3890.234 3893.626 3895.953 3897.411 3898.869 3900.327 3901.774 3902.433 3903.093 3903.752 3904.411 3904.914 3905.245 3905.576
3829.329 3830.864 3832.393 3833.914 3835.436 3836.958 3838.48 3839.58 3840.639 3841.698 3842.758 3843.708 3844.479 3845.25 3846.021 3846.792 3847.867 3849.0 3850.132 3851.265 3852.032 3851.965 3851.897 3851.829 3851.761 3851.492 3851.163 3850.833 3850.504 3849.825 3847.992 3846.159 3844.326 3842.493 3842.257 3842.719 3843.181 3843.643 3844.552 3847.815 3851.077 3854.34 3857.603 3861.473 3865.709 3869.945 3874.181 3878.356 3881.883 3885.409 3888.936 3892.463 3894.953 3896.596 3898.24 3899.884 3901.514 3902.291 3903.067 3903.843 3904.619 3905.219 3905.626 3906.033
3830.155 3831.884 3833.59 3835.268 3836.947 3838.625 3840.303 3841.5 3842.652 3843.803 3844.954 3846.003 3846.881 3847.76 3848.639 3849.518 3850.687 3851.912 3853.136 3854.361 3855.265 3855.435 3855.604 3855.774 3855.944 3855.817 3855.601 3855.385 3855.169 3854.631 3853.03 3851.429 3849.828 3848.228 3847.953 3848.259 3848.564 3848.87 3849.555 3852.246 3854.936 3857.627 3860.317 3863.648 3867.366 3871.084 3874.802 3878.483 3881.789 3885.094 3888.4 3891.705 3894.14 3895.865 3897.589 3899.314 3901.026 3901.927 3902.827 3903.728 3904.628 3905.349 3905.875 3906.401
3830.98 3832.903 3834.787 3836.622 3838.457 3840.292 3842.127 3843.421 3844.664 3845.907 3847.15 3848.297 3849.283 3850.27 3851.257 3852.244 3853.508 3854.824 3856.141 3857.457 3858.497 3858.904 3859.312 3859.719 3860.126 3860.142 3860.039 3859.936 3859.833 3859.437 3858.068 3856.699 3855.331 3853.962 3853.649 3853.798 3853.947 3854.096 3854.559 3856.677 3858.795 3860.913 3863.031 3865.823 3869.023 3872.222 3875.422 3878.611 3881.695 3884.779 3887.864 3890.948 3893.327 3895.133 3896.938 3898.744 3900.538 3901.563 3902.588 3903.612 3904.637 3905.48 3906.124 3906.769
3831.805 3833.923 3835.984 3837.976 3839.967 3841.959 3843.95 3845.342 3846.677 3848.012 3849.347 3850.591 3851.686 3852.781 3853.875 3854.97 3856.328 3857.737 3859.145 3860.553 3861.729 3862.374 3863.019 3863.664 3864.309 3864.467 3864.477 3864.488 3864.498 3864.243 3863.106 3861.97 3860.833 3859.697 3859.345 3859.338 3859.33 3859.323 3859.563 3861.108 3862.654 3864.2 3865.746 3867.999 3870.68 3873.361 3876.042 3878.739 3881.602 3884.464 3887.327 3890.19 3892.515 3894.401 3896.288 3898.174 3900.05 3901.199 3902.348 3903.497 3904.646 3905.61 3906.374 3907.137
3832.631 3834.942 3837.181 3839.329 3841.478 3843.626 3845.774 3847.263 3848.69 3850.116 3851.543 3852.885 3854.088 3855.291 3856.493 3857.696 3859.149 3860.649 3862.149 3863.649 3864.961 3865.844 3866.726 3867.609 3868.491 3868.791 3868.915 3869.039 3869.163 3869.049 3868.144 3867.24 3866.335 3865.431 3865.042 3864.877 3864.713 3864.549 3864.566 3865.54 3866.513 3867.486 3868.46 3870.174 3872.337 3874.5 3876.662 3878.867 3881.508 3884.149 3886.791 3889.432 3891.702 3893.67 3895.637 3897.605 3899.562 3900.835 3902.108 3903.381 3904.654 3905.74 3906.623 3907.505
3833.647 3836.081 3838.414 3840.624 3842.834 3845.044 3847.254 3848.872 3850.433 3851.995 3853.556 3855.023 3856.334 3857.645 3858.955 3860.266 3861.755 3863.278 3864.801 3866.324 3867.722 3868.833 3869.945 3871.057 3872.168 3872.648 3872.937 3873.226 3873.515 3873.577 3872.887 3872.198 3871.509 3870.819 3870.443 3870.204 3869.965 3869.726 3869.615 3870.175 3870.735 3871.295 3871.856 3873.199 3875.015 3876.832 3878.648 3880.501 3882.731 3884.962 3887.192 3889.423 3891.449 3893.308 3895.167 3897.026 3898.878 3900.215 3901.552 3902.889 3904.226 3905.418 3906.454 3907.489
3834.713 3837.249 3839.655 3841.903 3844.151 3846.399 3848.647 3850.401 3852.108 3853.815 3855.523 3857.121 3858.54 3859.959 3861.377 3862.796 3864.307 3865.835 3867.364 3868.892 3870.363 3871.701 3873.039 3874.378 3875.716 3876.385 3876.852 3877.32 3877.787 3878.034 3877.556 3877.077 3876.598 3876.119 3875.77 3875.477 3875.184 3874.891 3874.674 3874.862 3875.05 3875.238 3875.425 3876.439 3877.954 3879.468 3880.982 3882.518 3884.29 3886.061 3887.833 3889.604 3891.338 3893.041 3894.743 3896.446 3898.144 3899.53 3900.915 3902.301 3903.686 3904.982 3906.179 3907.376
3835.779 3838.417 3840.897 3843.183 3845.468 3847.754 3850.04 3851.93 3853.783 3855.636 3857.489 3859.219 3860.746 3862.273 3863.8 3865.326 3866.859 3868.393 3869.927 3871.46 3873.004 3874.569 3876.134 3877.699 3879.264 3880.123 3880.768 3881.413 3882.059 3882.492 3882.224 3881.956 3881.688 3881.419 3881.096 3880.749 3880.402 3880.055 3879.734 3879.549 3879.365 3879.18 3878.995 3879.68 3880.892 3882.104 3883.315 3884.536 3885.848 3887.161 3888.474 3889.786 3891.227 3892.773 3894.319 3895.865 3897.41 3898.844 3900.278 3901.712 3903.146 3904.545 3905.904 3907.263
3836.844 3839.585 3842.138 3844.462 3846.786 3849.109 3851.433 3853.459 3855.458 3857.457 3859.456 3861.317 3862.952 3864.587 3866.222 3867.856 3869.411 3870.95 3872.489 3874.028 3875.645 3877.436 3879.228 3881.02 3882.812 3883.86 3884.684 3885.507 3886.331 3886.95 3886.892 3886.834 3886.777 3886.719 3886.423 3886.022 3885.621 3885.22 3884.794 3884.236 3883.679 3883.122 3882.564 3882.921 3883.83 3884.74 3885.649 3886.553 3887.407 3888.261 3889.114 3889.968 3891.117 3892.506 3893.896 3895.285 3896.676 3898.158 3899.641 3901.124 3902.607 3904.108 3905.629 3907.151
3838.054 3840.908 3843.541 3845.905 3848.27 3850.634 3852.998 3855.139 3857.26 3859.381 3861.501 3863.467 3865.176 3866.885 3868.594 3870.302 3871.872 3873.415 3874.958 3876.502 3878.173 3880.138 3882.104 3884.069 3886.034 3887.246 3888.231 3889.216 3890.2 3890.987 3891.117 3891.248 3891.378 3891.509 3891.248 3890.815 3890.383 3889.95 3889.454 3888.623 3887.791 3886.96 3886.128 3886.202 3886.823 3887.445 3888.065 3888.671 3889.118 3889.565 3890.012 3890.458 3891.323 3892.527 3893.732 3894.937 3896.145 3897.623 3899.101 3900.579 3902.056 3903.634 3905.32 3907.006
3839.674 3842.667 3845.4 3847.813 3850.226 3852.638 3855.051 3857.246 3859.421 3861.595 3863.77 3865.761 3867.448 3869.136 3870.823 3872.51 3874.076 3875.62 3877.163 3878.706 3880.384 3882.371 3884.358 3886.344 3888.331 3889.635 3890.734 3891.832 3892.93 3893.833 3894.087 3894.342 3894.596 3894.851 3894.65 3894.25 3893.85 3893.45 3892.982 3892.156 3891.33 3890.504 3889.678 3889.599 3889.972 3890.344 3890.717 3891.074 3891.261 3891.449 3891.636 3891.824 3892.426 3893.366 3894.306 3895.246 3896.192 3897.513 3898.834 3900.156 3901.477 3903.055 3904.914 3906.773
3841.293 3844.427 3847.259 3849.72 3852.182 3854.643 3857.104 3859.353 3861.582 3863.81 3866.039 3868.055 3869.721 3871.387 3873.053 3874.719 3876.281 3877.824 3879.367 3880.911 3882.595 3884.604 3886.612 3888.62 3890.629 3892.025 3893.237 3894.448 3895.66 3896.678 3897.057 3897.436 3897.815 3898.194 3898.053 3897.685 3897.318 3896.95 3896.51 3895.69 3894.869 3894.048 3893.228 3892.996 3893.12 3893.245 3893.369 3893.476 3893.405 3893.333 3893.261 3893.19 3893.53 3894.205 3894.881 3895.556 3896.239 3897.403 3898.568 3899.732 3900.897 3902.477 3904.508 3906.54
3842.912 3846.187 3849.118 3851.628 3854.138 3856.648 3859.157 3861.46 3863.742 3866.025 3868.308 3870.35 3871.994 3873.638 3875.282 3876.926 3878.486 3880.029 3881.572 3883.115 3884.806 3886.836 3888.866 3890.896 3892.926 3894.415 3895.74 3897.065 3898.39 3899.524 3900.027 3900.53 3901.033 3901.536 3901.456 3901.12 3900.785 3900.45 3900.038 3899.223 3898.408 3897.593 3896.777 3896.393 3896.269 3896.145 3896.021 3895.879 3895.548 3895.217 3894.886 3894.555 3894.633 3895.044 3895.455 3895.866 3896.285 3897.293 3898.302 3899.31 3900.318 3901.898 3904.103 3906.307
3844.532 3847.947 3850.977 3853.535 3856.094 3858.652 3861.211 3863.567 3865.903 3868.24 3870.577 3872.644 3874.267 3875.889 3877.512 3879.134 3880.69 3882.233 3883.776 3885.32 3887.017 3889.069 3891.121 3893.172 3895.224 3896.804 3898.243 3899.681 3901.12 3902.37 3902.997 3903.624 3904.251 3904.878 3904.859 3904.556 3904.253 3903.95 3903.566 3902.756 3901.947 3901.137 3900.327 3899.79 3899.417 3899.045 3898.672 3898.281 3897.691 3897.101 3896.511 3895.921 3895.737 3895.883 3896.029 3896.176 3896.332 3897.184 3898.035 3898.886 3899.738 3901.319 3903.697 3906.074
3846.654 3850.057 3853.113 3855.743 3858.374 3861.004 3863.635 3865.996 3868.332 3870.668 3873.004 3875.063 3876.664 3878.265 3879.865 3881.467 3882.976 3884.468 3885.961 3887.453 3889.092 3891.068 3893.043 3895.018 3896.994 3898.553 3899.988 3901.422 3902.857 3904.125 3904.845 3905.565 3906.286 3907.006 3907.104 3906.932 3906.759 3906.587 3906.339 3905.695 3905.051 3904.407 3903.763 3903.243 3902.798 3902.354 3901.909 3901.438 3900.695 3899.951 3899.208 3898.464 3898.102 3898.05 3897.998 3897.946 3897.905 3898.568 3899.232 3899.896 3900.559 3902.123 3904.669 3907.216
3848.967 3852.3 3855.354 3858.065 3860.777 3863.488 3866.2 3868.549 3870.863 3873.177 3875.491 3877.529 3879.108 3880.687 3882.267 3883.846 3885.293 3886.715 3888.137 3889.559 3891.115 3892.977 3894.839 3896.701 3898.563 3900.059 3901.445 3902.831 3904.217 3905.467 3906.268 3907.069 3907.87 3908.671 3908.911 3908.906 3908.901 3908.895 3908.824 3908.407 3907.99 3907.573 3907.156 3906.718 3906.268 3905.818 3905.367 3904.882 3904.025 3903.168 3902.311 3901.454 3900.946 3900.721 3900.497 3900.272 3900.057 3900.521 3900.985 3901.449 3901.913 3903.452 3906.166 3908.88
3851.281 3854.543 3857.594 3860.387 3863.179 3865.972 3868.765 3871.101 3873.393 3875.686 3877.979 3879.994 3881.552 3883.11 3884.667 3886.225 3887.61 3888.962 3890.314 3891.666 3893.138 3894.887 3896.635 3898.384 3900.133 3901.565 3902.902 3904.24 3905.577 3906.808 3907.69 3908.573 3909.455 3910.336 3910.718 3910.88 3911.042 3911.204 3911.31 3911.12 3910.929 3910.739 3910.549 3910.193 3909.737 3909.282 3908.826 3908.326 3907.355 3906.385 3905.415 3904.445 3903.79 3903.393 3902.995 3902.598 3902.21 3902.474 3902.738 3903.002 3903.266 3904.781 3907.663 3910.544
3853.594 3856.786 3859.835 3862.709 3865.582 3868.456 3871.329 3873.653 3875.924 3878.195 3880.466 3882.46 3883.996 3885.532 3887.068 3888.605 3889.927 3891.208 3892.49 3893.772 3895.161 3896.796 3898.432 3900.067 3901.702 3903.071 3904.359 3905.648 3906.937 3908.15 3909.113 3910.076 3911.039 3912.002 3912.524 3912.854 3913.183 3913.513 3913.796 3913.832 3913.868 3913.905 3913.941 3913.668 3913.207 3912.746 3912.285 3911.77 3910.686 3909.602 3908.519 3907.435 3906.634 3906.064 3905.494 3904.924 3904.363 3904.427 3904.491 3904.555 3904.619 3906.111 3909.159 3912.208
