data/zism_data/00923_02_D.txt
ncols         224
nrows         224
[rows 145 to 173 of 224, columns 0 to 63 of 224]
800.314 800.2629 800.2037 800.1445 800.0854 800.0262 805.6317 812.416 819.2001 825.9842 835.4885 853.6243 871.7601 889.8965 908.0322 921.9424 933.5917 945.2406 956.8895 967.9515 970.316 972.6804 975.0449 977.4093 978.2083 977.2772 976.3463 975.4153 974.4844 970.5154 966.1588 961.8024 957.4459 952.3881 945.684 938.9799 932.2756 925.5715 922.6839 921.3509 920.0179 918.685 917.4226 916.6667 915.9107 915.1548 914.3989 913.2482 911.7535 910.2588 908.764 907.2692 904.666 901.9995 899.333 896.6666 892.4738 885.5424 878.611 871.6794 864.748 856.6898 848.294 839.8985
800.7954 800.6661 800.5162 800.3662 800.2162 800.0663 806.2749 813.8067 821.3382 828.8698 839.0307 857.5348 876.0389 894.5437 913.0478 926.1439 936.3464 946.5486 956.7508 966.3721 967.3859 968.3996 969.4133 970.4271 971.2676 971.9169 972.5662 973.2155 973.8647 971.3292 968.3874 965.4456 962.5039 958.7396 953.0446 947.3495 941.6543 935.9593 933.1778 931.5832 929.9886 928.3941 926.7467 924.7202 922.6936 920.6671 918.6406 916.4276 914.0519 911.6763 909.3005 906.9249 904.4458 901.9608 899.4758 896.9909 893.3235 887.5346 881.7457 875.9565 870.1676 863.2107 855.9041 848.5977
801.2769 801.0693 800.8286 800.5878 800.3472 800.1064 806.9181 815.1973 823.4763 831.7552 842.5728 861.4452 880.3176 899.1907 918.0632 930.3453 939.1011 947.8566 956.6121 964.7928 964.4559 964.119 963.782 963.4451 964.3273 966.5568 968.7863 971.0157 973.2452 972.143 970.6158 969.0888 967.5617 965.0909 960.4048 955.7188 951.0327 946.3466 943.6713 941.8152 939.959 938.1029 936.0704 932.7734 929.4763 926.1793 922.8823 919.6068 916.3502 913.0937 909.837 906.5805 904.2256 901.9221 899.6187 897.3152 894.1732 889.5267 884.8802 880.2335 875.5869 869.7314 863.5139 857.2966
801.7583 801.4724 801.1409 800.8095 800.478 800.1465 807.5613 816.588 825.6143 834.6407 846.1149 865.3557 884.5965 903.838 923.0787 934.5468 941.8558 949.1647 956.4734 963.2134 961.5258 959.8382 958.1505 956.4628 957.3868 961.1965 965.0062 968.816 972.6256 972.9568 972.8444 972.7321 972.6197 971.4424 967.7654 964.0884 960.4113 956.7343 954.1653 952.0475 949.9297 947.8121 945.3945 940.8269 936.2592 931.6916 927.124 922.7861 918.6486 914.5112 910.3736 906.2361 904.0054 901.8834 899.7615 897.6396 895.023 891.5189 888.0148 884.5106 881.0065 876.2523 871.124 865.9957
802.8192 802.3677 801.8384 801.3091 800.7799 800.2506 808.1331 817.7661 827.3987 837.0314 849.008 868.4215 887.8351 907.2493 926.6628 937.2867 943.2072 949.1275 955.0478 960.4216 957.699 954.9764 952.2537 949.531 950.6752 956.0924 961.5095 966.9267 972.3438 974.0192 975.2175 976.4158 977.6141 977.6426 974.9251 972.2076 969.49 966.7725 964.2988 961.9244 959.55 957.1757 954.3741 948.5094 942.6445 936.7798 930.9151 925.5516 920.6255 915.6994 910.7731 905.847 903.8871 902.0965 900.3058 898.5153 896.5334 894.2089 891.8843 889.5597 887.2351 883.4327 879.188 874.9434
808.298 807.0162 805.4726 803.929 802.3854 800.8417 808.1606 817.3238 826.4866 835.6494 846.9528 865.0478 883.1427 901.2383 919.3333 928.8819 933.8574 938.8328 943.8082 948.3837 947.0331 945.6826 944.3319 942.9814 945.7081 952.9404 960.1725 967.4048 974.6369 976.9769 978.6931 980.4092 982.1252 982.6908 980.5552 978.4196 976.2839 974.1483 971.6876 969.0942 966.501 963.9078 960.7305 953.3657 946.0007 938.6359 931.2711 925.1632 920.1517 915.1401 910.1285 905.1169 904.5463 904.2291 903.9119 903.5947 903.0826 902.2208 901.3589 900.497 899.6352 895.6438 890.7156 885.7877
813.7766 811.6646 809.1066 806.5487 803.9908 801.4329 808.1882 816.8815 825.5745 834.2675 844.8978 861.6741 878.4505 895.2275 912.0039 920.4774 924.5081 928.5386 932.5691 936.3461 936.3676 936.389 936.4105 936.4319 940.7411 949.7885 958.8355 967.8829 976.9299 979.9344 982.1685 984.4023 986.6363 987.7388 986.1851 984.6314 983.0776 981.5239 979.0761 976.2639 973.4518 970.6396 967.0867 958.2219 949.3568 940.4919 931.6271 924.7748 919.6779 914.5809 909.4838 904.3868 905.2054 906.3617 907.5178 908.674 909.6315 910.2323 910.8331 911.434 912.0349 907.8544 902.243 896.6317
819.2552 816.3129 812.7406 809.1685 805.5963 802.024 808.2157 816.4392 824.6624 832.8856 842.8427 858.3005 873.7583 889.2167 904.6746 912.0729 915.1587 918.2443 921.33 924.3087 925.7021 927.0955 928.4891 929.8825 935.7741 946.6365 957.4985 968.361 979.223 982.892 985.6439 988.3956 991.1473 992.7868 991.815 990.8432 989.8713 988.8995 986.4646 983.4335 980.4025 977.3715 973.4429 963.0781 952.7128 942.348 931.9831 924.3864 919.204 914.0217 908.8391 903.6567 905.8646 908.4942 911.1237 913.7533 916.1804 918.2439 920.3074 922.371 924.4346 920.0651 913.7703 907.4756
824.7341 820.9614 816.3747 811.7883 807.2018 802.6151 808.2433 815.9969 823.7503 831.5037 840.7875 854.9267 869.066 883.2057 897.345 903.6682 905.809 907.9496 910.0904 912.2707 915.0362 917.8018 920.5673 923.3328 930.8069 943.4844 956.1616 968.8391 981.5162 985.8497 989.1194 992.3889 995.6585 997.835 997.4451 997.0552 996.6653 996.2754 993.8534 990.6034 987.3535 984.1036 979.7993 967.9344 956.069 944.204 932.3391 923.998 918.7302 913.4624 908.1945 902.9266 906.5237 910.6268 914.7298 918.8327 922.7294 926.2557 929.782 933.3084 936.8347 932.2762 925.298 918.3199
832.9353 828.634 823.0331 817.4324 811.8316 806.2307 810.9647 817.8493 824.7336 831.618 839.8761 852.4926 865.109 877.7259 890.3423 896.0776 898.1308 900.1838 902.2369 904.4034 908.2501 912.0967 915.9434 919.79 928.191 941.6252 955.059 968.4932 981.9269 986.4704 989.8804 993.2902 996.7 998.9083 998.2957 997.683 997.0704 996.4578 993.7388 990.1616 986.5845 983.0075 978.4029 966.4305 954.4576 942.4852 930.5127 922.5901 918.1994 913.8087 909.4178 905.027 910.1034 915.7202 921.3367 926.9532 931.7097 934.9224 938.135 941.3478 944.5604 938.6797 930.0772 921.4751
843.1107 838.4998 831.8846 825.2695 818.6545 812.0392 815.6395 821.3655 827.0914 832.8171 839.7939 850.7394 861.685 872.6309 883.5765 889.0771 891.664 894.2509 896.8378 899.5595 904.2763 908.9932 913.7101 918.427 927.2798 940.7032 954.1263 967.5497 980.9728 985.3968 988.6732 991.9496 995.226 997.0999 995.6811 994.2623 992.8434 991.4247 988.1841 984.2012 980.2184 976.2357 971.3854 960.3152 949.2445 938.1743 927.1039 920.443 917.6272 914.8115 911.9955 909.1798 915.8007 922.9603 930.1196 937.2789 942.453 944.0642 945.6754 947.2866 948.8978 940.873 929.9641 919.0556
853.2858 848.3653 840.7357 833.1064 825.4771 817.8475 820.3142 824.8817 829.449 834.0162 839.7117 848.9864 858.2611 867.5361 876.8108 882.0767 885.1975 888.3182 891.4389 894.7157 900.3027 905.8898 911.477 917.064 926.3685 939.7813 953.1936 966.6064 980.0187 984.3232 987.4662 990.6091 993.752 995.2914 993.0666 990.8417 988.6167 986.3918 982.6296 978.241 973.8526 969.4642 964.3683 954.2001 944.0316 933.8635 923.6954 918.296 917.0551 915.8142 914.5732 913.3324 921.4977 930.2001 938.9022 947.6042 953.196 953.2057 953.2155 953.2252 953.2349 943.0662 929.851 916.6362
863.4612 858.2311 849.5872 840.9435 832.2999 823.6559 824.989 828.3979 831.8066 835.2154 839.6295 847.2333 854.837 862.4411 870.0449 875.0761 878.7308 882.3853 886.0398 889.8718 896.329 902.7863 909.2437 915.7009 925.4572 938.8593 952.2609 965.6631 979.0647 983.2495 986.2591 989.2686 992.278 993.483 990.452 987.421 984.3898 981.3588 977.075 972.2807 967.4865 962.6924 957.3508 948.0848 938.8185 929.5526 920.2866 916.1489 916.4829 916.817 917.1511 917.4851 927.195 937.4402 947.6851 957.93 963.9393 962.3476 960.7558 959.164 957.5723 945.2595 929.7379 914.2167
873.3596 867.9148 858.3573 848.8001 839.2429 829.6854 829.9123 832.1749 834.4375 836.7001 839.8441 845.7852 851.7263 857.6675 863.6086 868.3836 872.5347 876.6857 880.8367 885.1847 892.4478 899.711 906.9744 914.2375 924.3926 937.7436 951.0942 964.4453 977.7958 981.8688 984.7589 987.6488 990.5387 991.421 987.5901 983.7592 979.9282 976.0974 971.318 966.1521 960.9863 955.8206 950.2746 942.0029 933.731 925.4592 917.1876 914.3364 916.2119 918.0875 919.9631 921.8386 932.9243 944.5359 956.1472 967.7585 974.0594 970.8305 967.6016 964.3725 961.1436 946.7626 929.0437 911.3253
877.169 873.6005 865.3457 857.0911 848.8365 840.5817 840.3082 841.6952 843.0822 844.4692 846.5918 851.0488 855.5058 859.9629 864.4199 868.4654 872.2908 876.1162 879.9415 883.9459 890.6005 897.2549 903.9097 910.5642 919.9534 932.3649 944.7759 957.1873 969.5983 973.7308 976.8077 979.8845 982.9612 983.7768 979.2839 974.791 970.298 965.8051 961.1035 956.3167 951.53 946.7433 941.8997 936.6497 931.3994 926.1492 920.8992 919.8862 922.5679 925.2496 927.9313 930.613 939.3636 948.4607 957.5575 966.6543 970.4731 964.8206 959.1679 953.5151 947.8625 933.0794 915.5633 898.0479
880.9783 879.2861 872.3338 865.3818 858.4298 851.4775 850.7036 851.2151 851.7265 852.238 853.3392 856.3122 859.2852 862.2582 865.2311 868.5472 872.047 875.5467 879.0464 882.7073 888.7532 894.7991 900.8452 906.8911 915.5144 926.9863 938.4578 949.9297 961.4012 965.5931 968.8568 972.1204 975.384 976.1329 970.978 965.8231 960.6681 955.5132 950.8893 946.4815 942.0739 937.6663 933.5251 931.2966 929.0679 926.8392 924.6107 925.4358 928.9236 932.4114 935.8994 939.3872 945.8026 952.3853 958.9677 965.5501 966.887 958.8108 950.7346 942.658 934.5818 919.3967 902.0834 884.7708
884.7877 884.9718 879.3222 873.6728 868.0234 862.3738 861.0994 860.7353 860.3712 860.0071 860.0869 861.5758 863.0646 864.5535 866.0424 868.629 871.8032 874.9772 878.1512 881.4685 886.9058 892.343 897.7805 903.2178 911.0753 921.6075 932.1395 942.6718 953.2037 957.4551 960.9056 964.3561 967.8066 968.4886 962.6718 956.8549 951.0378 945.221 940.6748 936.6461 932.6175 928.5889 925.1503 925.9433 926.7363 927.5292 928.3223 930.9855 935.2795 939.5735 943.8677 948.1616 952.2418 956.3099 960.3779 964.4459 963.3008 952.8008 942.3009 931.8006 921.3007 905.7134 888.6031 871.4933
888.5969 890.6573 886.3104 881.9635 877.6167 873.2697 871.4949 870.2552 869.0156 867.7759 866.8344 866.8392 866.844 866.8488 866.8536 868.7108 871.5593 874.4077 877.2561 880.2299 885.0585 889.8871 894.7159 899.5446 906.6363 916.229 925.8214 935.4141 945.0065 949.3173 952.9548 956.592 960.2294 960.8447 954.3658 947.887 941.408 934.9291 930.4606 926.811 923.1614 919.512 916.7758 920.5902 924.4048 928.2192 932.0338 936.5352 941.6353 946.7354 951.8357 956.9358 958.6808 960.2345 961.7881 963.3417 959.7146 946.7911 933.8676 920.9435 908.02 892.0306 875.1232 858.2163
887.6992 891.4077 888.6856 885.9636 883.2416 880.5195 878.8221 877.3378 875.8536 874.3694 873.0317 872.1589 871.2863 870.4135 869.5408 870.8447 873.3134 875.782 878.2505 880.8293 885.0385 889.2477 893.457 897.6662 903.8899 912.3399 920.7896 929.2396 937.6894 941.7341 945.2172 948.7001 952.183 952.7181 946.3328 939.9475 933.562 927.1767 923.5414 921.0264 918.5114 915.9965 914.5376 920.6534 926.7693 932.8851 939.0008 944.228 948.68 953.132 957.5842 962.0363 961.2498 960.1644 959.079 957.9937 952.417 938.7812 925.1454 911.5091 897.8733 882.4492 866.4893 850.53
882.2289 887.364 886.5797 885.7955 885.0113 884.2271 883.1683 882.0524 880.9366 879.8207 878.6941 877.5331 876.3721 875.2111 874.0501 874.9719 877.0081 879.0443 881.0805 883.2144 886.7936 890.3728 893.9521 897.5314 902.7878 909.8979 917.0078 924.1179 931.2277 934.6899 937.6872 940.6844 943.6815 944.1231 938.5653 933.0075 927.4495 921.8917 919.8235 919.1769 918.5303 917.8837 918.2607 925.9779 933.6954 941.4127 949.1299 954.0022 956.3936 958.7849 961.1763 963.5677 960.0591 956.2138 952.3687 948.5234 941.5145 928.8289 916.1432 903.4572 890.7715 876.8524 862.5635 848.2752
876.7585 883.32 884.4737 885.6274 886.781 887.9347 887.5147 886.7672 886.0198 885.2723 884.3567 882.9074 881.4582 880.0089 878.5596 879.0992 880.703 882.3068 883.9106 885.5995 888.5488 891.498 894.4473 897.3965 901.6858 907.4559 913.2258 918.9958 924.7657 927.6456 930.157 932.6684 935.1797 935.5278 930.7975 926.0672 921.3367 916.6064 916.1054 917.3273 918.5493 919.7711 921.9839 931.3027 940.6218 949.9406 959.2593 963.7768 964.1074 964.438 964.7686 965.0992 958.8685 952.2631 945.658 939.0529 930.6116 918.8762 907.1407 895.405 883.6696 871.2554 858.6376 846.0203
871.2883 879.2762 882.3678 885.4592 888.5507 891.6422 891.8609 891.4818 891.1027 890.7237 890.0191 888.2816 886.5441 884.8065 883.069 883.2263 884.3978 885.5692 886.7405 887.9846 890.3039 892.6232 894.9425 897.2618 900.5837 905.0139 909.4439 913.874 918.304 920.6015 922.6271 924.6527 926.6782 926.9329 923.03 919.1272 915.2242 911.3214 912.3875 915.4778 918.5681 921.6584 925.707 936.6273 947.5479 958.4681 969.3884 973.551 971.8209 970.0909 968.3607 966.6306 957.6778 948.3125 938.9475 929.5826 919.709 908.9238 898.1386 887.353 876.5678 865.6586 854.7119 843.7655
865.8181 875.2325 880.2619 885.2911 890.3204 895.3497 896.2071 896.1964 896.1857 896.175 895.6815 893.6557 891.6299 889.6041 887.5783 887.3535 888.0925 888.8315 889.5706 890.3696 892.059 893.7483 895.4376 897.127 899.4817 902.5719 905.662 908.7522 911.8423 913.5574 915.0972 916.637 918.1768 918.3378 915.2625 912.1872 909.1118 906.0364 908.6696 913.6284 918.587 923.5457 929.4301 941.9518 954.4741 966.9958 979.5175 983.3253 979.5345 975.7438 971.9528 968.1621 956.4871 944.3619 932.2371 920.1123 908.8065 898.9715 889.1365 879.3011 869.4661 860.0618 850.7861 841.5107
864.6757 873.6534 878.8271 884.0007 889.1743 894.348 895.4793 895.7697 896.0599 896.3503 896.1718 894.5057 892.8396 891.1734 889.5073 889.3525 890.0064 890.6603 891.3141 892.0124 893.3672 894.722 896.0769 897.4317 899.2304 901.5197 903.809 906.0983 908.3875 909.7789 911.0557 912.3326 913.6094 913.9247 911.9828 910.0408 908.0988 906.1567 909.6279 915.3044 920.9808 926.6571 933.0166 944.2733 955.5305 966.7872 978.0439 980.7431 975.9802 971.2173 966.4542 961.6913 950.5944 939.1356 927.6772 916.2188 906.0483 898.1898 890.3314 882.4727 874.6143 866.9155 859.2642 851.6132
863.6625 872.148 877.4125 882.6768 887.9412 893.2056 894.6 895.1893 895.7786 896.3679 896.5076 895.2205 893.9334 892.6462 891.3592 891.2878 891.8669 892.4461 893.0253 893.6329 894.662 895.6912 896.7204 897.7496 899.0045 900.5091 902.0136 903.5181 905.0226 906.098 907.1187 908.1392 909.1598 909.6367 908.8372 908.0377 907.2381 906.4386 910.7259 917.0858 923.4454 929.805 936.5988 946.505 956.4116 966.3177 976.2239 977.792 972.0895 966.387 960.6843 954.9818 944.5613 933.8713 923.1816 912.4919 903.5334 897.6821 891.8309 885.9794 880.1282 874.1408 868.1125 862.0845
862.6494 870.6426 875.9979 881.3529 886.7079 892.0632 893.7208 894.6091 895.4973 896.3856 896.8434 895.9354 895.0273 894.1192 893.2111 893.2231 893.7276 894.2321 894.7365 895.2535 895.957 896.6605 897.364 898.0674 898.7786 899.4984 900.2181 900.9379 901.6577 902.417 903.1813 903.9457 904.71 905.3485 905.6915 906.0344 906.3774 906.7204 911.8239 918.8671 925.91 932.9529 940.1812 948.7368 957.2927 965.8482 974.4037 974.8408 968.1986 961.5565 954.9141 948.272 938.5281 928.6068 918.6859 908.765 901.0184 897.1744 893.3304 889.4863 885.6422 881.3664 876.9611 872.5561
861.6364 869.1372 874.5832 880.0291 885.4749 890.9208 892.8415 894.0287 895.216 896.4032 897.1792 896.6501 896.1211 895.592 895.063 895.1585 895.5882 896.0179 896.4476 896.874 897.2518 897.6296 898.0074 898.3853 898.5527 898.4877 898.4228 898.3578 898.2928 898.7361 899.2442 899.7523 900.2604 901.0605 902.5459 904.0313 905.5168 907.0022 912.9219 920.6484 928.3746 936.1008 943.7635 950.9685 958.1737 965.3787 972.5837 971.8896 964.3079 956.7261 949.1442 941.5624 932.4951 923.3425 914.1904 905.0382 898.5035 896.6667 894.8299 892.993 891.1561 888.5917 885.8094 883.0273
863.6995 870.6008 875.671 880.741 885.811 890.8812 892.7675 893.9915 895.2153 896.4392 897.3084 897.0516 896.7948 896.538 896.2812 896.4078 896.7396 897.0713 897.403 897.7186 897.7939 897.8693 897.9446 898.02 897.8047 897.2684 896.732 896.1956 895.6592 895.9969 896.446 896.8951 897.3442 898.3423 900.629 902.9158 905.2025 907.4892 913.7982 921.7461 929.6937 937.6414 945.4061 951.8569 958.308 964.7589 971.2098 970.1411 962.5157 954.8904 947.2647 939.6393 930.8665 922.0278 913.1894 904.351 898.3691 897.5136 896.6581 895.8026 894.9471 893.7256 892.3947 891.0638
869.7615 875.9238 880.0117 884.0995 888.1873 892.2751 893.7404 894.66 895.5796 896.4992 897.1689 897.0456 896.9222 896.7989 896.6756 896.7652 896.9689 897.1725 897.3761 897.5544 897.3575 897.1606 896.9637 896.7668 896.3782 895.7777 895.1772 894.5768 893.9764 894.4819 895.1286 895.7753 896.4219 897.6653 900.3098 902.9541 905.5986 908.243 914.3862 921.955 929.5236 937.0922 944.5269 950.9991 957.4715 963.9437 970.416 969.9561 963.4518 956.9476 950.4431 943.9388 934.9638 925.8475 916.7315 907.6155 901.3293 900.1214 898.9136 897.7057 896.4979 896.1404 896.0374 895.9343
