data/zism_data/00926_04_D.txt
ncols         224
nrows         224
[rows 84 to 111 of 224, columns 126 to 188 of 224]
3928.927 3921.142 3913.357 3903.083 3892.08 3881.077 3870.073 3859.089 3848.177 3837.265 3826.354 3815.442 3805.229 3795.418 3785.607 3775.796 3765.809 3753.306 3740.803 3728.301 3715.798 3702.12 3687.248 3672.376 3657.505 3642.634 3633.666 3625.163 3616.659 3608.156 3602.405 3601.597 3600.788 3599.98 3599.171 3598.897 3598.766 3598.635 3598.504 3598.59 3599.452 3600.315 3601.177 3602.04 3605.357 3610.0 3614.642 3619.284 3623.906 3628.288 3632.671 3637.053 3641.436 3646.016 3650.785 3655.554 3660.323 3665.093 3671.273 3677.542 3683.81 3690.078 3699.8
3942.976 3936.017 3929.057 3918.943 3907.907 3896.87 3885.833 3874.767 3863.583 3852.401 3841.218 3830.034 3819.352 3808.956 3798.561 3788.165 3777.569 3764.115 3750.661 3737.207 3723.753 3709.184 3693.484 3677.784 3662.083 3646.383 3636.759 3627.613 3618.466 3609.32 3603.102 3602.14 3601.179 3600.217 3599.256 3598.922 3598.756 3598.59 3598.424 3598.445 3599.134 3599.823 3600.513 3601.202 3603.843 3607.537 3611.231 3614.926 3618.624 3622.371 3626.118 3629.865 3633.612 3637.935 3642.81 3647.685 3652.559 3657.434 3664.298 3671.284 3678.271 3685.258 3695.291
3953.883 3947.639 3941.396 3931.799 3921.222 3910.645 3900.068 3889.294 3877.753 3866.212 3854.671 3843.13 3831.668 3820.252 3808.836 3797.42 3785.81 3771.437 3757.064 3742.691 3728.318 3713.023 3696.794 3680.565 3664.336 3648.106 3638.27 3628.937 3619.604 3610.27 3603.874 3602.752 3601.631 3600.509 3599.387 3598.99 3598.786 3598.583 3598.38 3598.335 3598.859 3599.383 3599.906 3600.43 3602.51 3605.429 3608.348 3611.268 3614.203 3617.319 3620.436 3623.552 3626.669 3630.695 3635.591 3640.487 3645.383 3650.279 3657.884 3665.656 3673.428 3681.2 3691.503
3964.79 3959.262 3953.735 3944.656 3934.538 3924.421 3914.303 3903.821 3891.922 3880.023 3868.124 3856.225 3843.985 3831.548 3819.112 3806.675 3794.051 3778.758 3763.466 3748.175 3732.883 3716.863 3700.104 3683.346 3666.588 3649.83 3639.781 3630.261 3620.741 3611.22 3604.647 3603.365 3602.083 3600.801 3599.519 3599.058 3598.817 3598.576 3598.335 3598.226 3598.584 3598.942 3599.3 3599.658 3601.177 3603.321 3605.465 3607.61 3609.782 3612.268 3614.754 3617.24 3619.726 3623.454 3628.372 3633.289 3638.207 3643.124 3651.469 3660.027 3668.585 3677.143 3687.716
3975.696 3970.885 3966.073 3957.512 3947.854 3938.196 3928.538 3918.348 3906.091 3893.834 3881.577 3869.32 3856.301 3842.844 3829.387 3815.93 3802.292 3786.08 3769.869 3753.658 3737.447 3720.702 3703.415 3686.127 3668.84 3651.553 3641.292 3631.585 3621.878 3612.171 3605.42 3603.977 3602.535 3601.093 3599.651 3599.126 3598.848 3598.57 3598.292 3598.116 3598.309 3598.501 3598.693 3598.886 3599.843 3601.213 3602.582 3603.952 3605.361 3607.216 3609.072 3610.927 3612.783 3616.214 3621.153 3626.092 3631.03 3635.969 3645.055 3654.399 3663.742 3673.085 3683.928
3986.603 3982.508 3978.412 3970.368 3961.17 3951.971 3942.772 3932.876 3920.261 3907.646 3895.031 3882.416 3868.618 3854.14 3839.662 3825.185 3810.533 3793.402 3776.272 3759.142 3742.012 3724.541 3706.725 3688.909 3671.093 3653.276 3642.804 3632.909 3623.015 3613.121 3606.192 3604.59 3602.987 3601.385 3599.782 3599.194 3598.879 3598.563 3598.248 3598.007 3598.034 3598.06 3598.087 3598.114 3598.51 3599.104 3599.699 3600.294 3600.939 3602.165 3603.389 3604.615 3605.84 3608.973 3613.933 3618.894 3623.854 3628.814 3638.641 3648.77 3658.899 3669.027 3680.141
3989.81 3985.393 3980.976 3972.633 3963.14 3953.648 3944.156 3934.041 3921.5 3908.958 3896.417 3883.876 3869.872 3855.026 3840.181 3825.336 3810.368 3793.667 3776.966 3760.265 3743.564 3726.731 3709.766 3692.8 3675.835 3658.869 3648.891 3639.462 3630.034 3620.606 3613.648 3611.127 3608.606 3606.084 3603.563 3602.274 3601.315 3600.357 3599.398 3598.605 3598.403 3598.201 3597.999 3597.797 3597.972 3598.35 3598.728 3599.106 3599.528 3600.449 3601.37 3602.291 3603.212 3605.923 3610.346 3614.77 3619.193 3623.617 3633.393 3643.502 3653.61 3663.719 3674.563
3992.903 3988.15 3983.396 3974.741 3964.944 3955.148 3945.351 3935.01 3922.549 3910.088 3897.626 3885.166 3870.963 3855.76 3840.556 3825.353 3810.081 3793.828 3777.576 3761.323 3745.071 3728.897 3712.803 3696.708 3680.614 3664.519 3655.045 3646.092 3637.14 3628.187 3621.202 3617.751 3614.3 3610.849 3607.398 3605.398 3603.788 3602.177 3600.567 3599.214 3598.782 3598.351 3597.919 3597.487 3597.446 3597.616 3597.785 3597.955 3598.161 3598.783 3599.405 3600.027 3600.648 3602.934 3606.813 3610.691 3614.569 3618.448 3628.162 3638.239 3648.315 3658.392 3668.96
3995.997 3990.907 3985.816 3976.849 3966.748 3956.647 3946.546 3935.979 3923.598 3911.217 3898.836 3886.455 3872.054 3856.493 3840.931 3825.37 3809.792 3793.989 3778.185 3762.382 3746.579 3731.063 3715.84 3700.616 3685.392 3670.169 3661.199 3652.722 3644.245 3635.768 3628.756 3624.375 3619.994 3615.614 3611.233 3608.522 3606.26 3603.998 3601.735 3599.823 3599.162 3598.5 3597.838 3597.177 3596.92 3596.881 3596.843 3596.804 3596.794 3597.117 3597.439 3597.762 3598.084 3599.945 3603.279 3606.612 3609.946 3613.279 3622.931 3632.976 3643.02 3653.064 3663.356
3999.09 3993.664 3988.237 3978.958 3968.552 3958.146 3947.74 3936.947 3924.646 3912.346 3900.045 3887.744 3873.145 3857.226 3841.306 3825.387 3809.505 3794.15 3778.795 3763.441 3748.086 3733.229 3718.876 3704.524 3690.171 3675.818 3667.353 3659.352 3651.35 3643.349 3636.31 3630.999 3625.689 3620.378 3615.068 3611.646 3608.732 3605.818 3602.904 3600.432 3599.541 3598.649 3597.758 3596.866 3596.394 3596.147 3595.9 3595.653 3595.428 3595.451 3595.474 3595.497 3595.521 3596.957 3599.745 3602.533 3605.322 3608.11 3617.7 3627.713 3637.725 3647.737 3657.752
3997.809 3991.579 3985.348 3975.794 3965.267 3954.74 3944.213 3933.393 3921.428 3909.463 3897.498 3885.532 3871.299 3855.763 3840.227 3824.69 3809.244 3795.077 3780.91 3766.743 3752.576 3738.804 3725.431 3712.059 3698.687 3685.314 3677.131 3669.356 3661.582 3653.807 3646.673 3640.688 3634.703 3628.719 3622.734 3618.513 3614.766 3611.018 3607.271 3603.991 3602.377 3600.763 3599.149 3597.536 3596.622 3596.085 3595.548 3595.012 3594.501 3594.283 3594.065 3593.847 3593.629 3594.709 3597.031 3599.354 3601.676 3603.998 3613.045 3622.51 3631.974 3641.439 3650.87
3990.842 3983.2 3975.559 3965.777 3955.367 3944.958 3934.549 3923.958 3912.661 3901.364 3890.067 3878.77 3865.635 3851.446 3837.256 3823.066 3809.019 3797.0 3784.981 3772.962 3760.944 3748.81 3736.56 3724.309 3712.059 3699.808 3691.618 3683.747 3675.877 3668.006 3660.688 3654.361 3648.034 3641.708 3635.381 3630.245 3625.429 3620.613 3615.797 3611.383 3608.407 3605.431 3602.454 3599.478 3597.83 3596.898 3595.966 3595.033 3594.146 3593.762 3593.378 3592.995 3592.611 3593.425 3595.384 3597.342 3599.301 3601.26 3609.139 3617.385 3625.632 3633.878 3642.328
3983.874 3974.822 3965.77 3955.759 3945.468 3935.176 3924.884 3914.523 3903.894 3893.265 3882.636 3872.007 3859.971 3847.128 3834.285 3821.442 3808.794 3798.923 3789.052 3779.182 3769.311 3758.816 3747.688 3736.56 3725.431 3714.303 3706.105 3698.139 3690.172 3682.205 3674.702 3668.034 3661.365 3654.696 3648.028 3641.977 3636.092 3630.207 3624.323 3618.776 3614.437 3610.098 3605.759 3601.42 3599.038 3597.71 3596.383 3595.055 3593.79 3593.241 3592.692 3592.143 3591.594 3592.14 3593.736 3595.331 3596.927 3598.522 3605.233 3612.261 3619.289 3626.317 3633.785
3976.906 3966.443 3955.981 3945.742 3935.568 3925.394 3915.219 3905.089 3895.127 3885.166 3875.205 3865.244 3854.307 3842.811 3831.314 3819.817 3808.569 3800.846 3793.123 3785.401 3777.678 3768.822 3758.816 3748.81 3738.804 3728.798 3720.593 3712.53 3704.467 3696.404 3688.717 3681.707 3674.696 3667.685 3660.675 3653.709 3646.755 3639.802 3632.848 3626.169 3620.468 3614.766 3609.064 3603.363 3600.246 3598.523 3596.8 3595.077 3593.435 3592.72 3592.005 3591.291 3590.576 3590.856 3592.088 3593.32 3594.552 3595.785 3601.327 3607.136 3612.946 3618.755 3625.242
3969.938 3958.065 3946.192 3935.724 3925.668 3915.611 3905.554 3895.654 3886.361 3877.067 3867.774 3858.481 3848.643 3838.493 3828.343 3818.193 3808.343 3802.769 3797.194 3791.62 3786.046 3778.829 3769.945 3761.061 3752.177 3743.293 3735.081 3726.921 3718.762 3710.603 3702.732 3695.379 3688.027 3680.674 3673.321 3665.441 3657.419 3649.396 3641.374 3633.562 3626.498 3619.434 3612.369 3605.305 3601.454 3599.336 3597.218 3595.099 3593.08 3592.199 3591.319 3590.438 3589.558 3589.571 3590.44 3591.309 3592.178 3593.047 3597.421 3602.012 3606.603 3611.194 3616.699
3965.45 3953.971 3942.491 3932.73 3923.472 3914.213 3904.954 3895.859 3887.399 3878.938 3870.479 3862.019 3853.136 3844.011 3834.886 3825.762 3816.902 3811.808 3806.714 3801.62 3796.526 3789.85 3781.569 3773.287 3765.006 3756.724 3748.318 3739.902 3731.486 3723.07 3714.949 3707.358 3699.767 3692.177 3684.586 3676.706 3668.749 3660.792 3652.835 3644.774 3636.343 3627.911 3619.48 3611.048 3605.995 3602.763 3599.531 3596.299 3593.24 3592.151 3591.062 3589.974 3588.885 3588.563 3588.973 3589.385 3589.796 3590.207 3593.535 3597.045 3600.555 3604.065 3608.479
3961.287 3950.439 3939.59 3930.658 3922.286 3913.915 3905.542 3897.327 3889.722 3882.117 3874.512 3866.907 3858.961 3850.82 3842.678 3834.536 3826.612 3821.78 3816.948 3812.115 3807.283 3801.005 3793.257 3785.51 3777.763 3770.016 3761.391 3752.698 3744.004 3735.309 3726.93 3719.115 3711.3 3703.484 3695.669 3687.911 3680.167 3672.424 3664.681 3656.487 3646.688 3636.888 3627.089 3617.29 3610.972 3606.533 3602.094 3597.654 3593.467 3592.164 3590.862 3589.559 3588.257 3587.59 3587.531 3587.471 3587.412 3587.353 3589.653 3592.1 3594.546 3596.993 3600.302
3957.125 3946.906 3936.688 3928.585 3921.1 3913.616 3906.131 3898.796 3892.046 3885.296 3878.546 3871.795 3864.786 3857.628 3850.469 3843.311 3836.322 3831.752 3827.181 3822.611 3818.041 3812.159 3804.946 3797.734 3790.521 3783.308 3774.465 3765.493 3756.521 3747.549 3738.911 3730.871 3722.832 3714.792 3706.753 3699.115 3691.585 3684.056 3676.526 3668.2 3657.033 3645.865 3634.698 3623.531 3615.95 3610.303 3604.656 3599.009 3593.694 3592.177 3590.661 3589.145 3587.629 3586.617 3586.088 3585.558 3585.029 3584.5 3585.771 3587.154 3588.537 3589.92 3592.125
3952.962 3943.374 3933.787 3926.512 3919.915 3913.317 3906.719 3900.265 3894.37 3888.475 3882.579 3876.684 3870.611 3864.436 3858.26 3852.085 3846.032 3841.724 3837.415 3833.107 3828.799 3823.314 3816.635 3809.957 3803.278 3796.6 3787.538 3778.288 3769.039 3759.789 3750.892 3742.628 3734.364 3726.1 3717.836 3710.319 3703.003 3695.688 3688.372 3679.913 3667.378 3654.843 3642.308 3629.772 3620.928 3614.073 3607.218 3600.364 3593.92 3592.191 3590.461 3588.731 3587.001 3585.644 3584.645 3583.645 3582.646 3581.646 3581.889 3582.208 3582.528 3582.848 3583.947
3951.691 3942.843 3933.994 3927.424 3921.521 3915.618 3909.715 3903.941 3898.669 3893.397 3888.125 3882.854 3877.471 3872.024 3866.577 3861.13 3855.768 3851.605 3847.443 3843.281 3839.118 3833.869 3827.519 3821.168 3814.817 3808.466 3799.105 3789.506 3779.907 3770.309 3761.114 3752.643 3744.172 3735.702 3727.231 3719.81 3712.67 3705.531 3698.391 3689.886 3676.51 3663.134 3649.758 3636.383 3626.516 3618.541 3610.565 3602.591 3595.09 3593.029 3590.968 3588.907 3586.846 3585.101 3583.66 3582.219 3580.777 3579.336 3578.656 3578.022 3577.389 3576.756 3576.814
3956.203 3948.311 3940.419 3934.305 3928.712 3923.119 3917.526 3912.031 3906.92 3901.808 3896.697 3891.585 3886.4 3881.172 3875.944 3870.717 3865.553 3861.305 3857.057 3852.809 3848.562 3843.227 3836.791 3830.355 3823.918 3817.482 3807.659 3797.569 3787.478 3777.388 3767.816 3759.174 3750.532 3741.891 3733.249 3725.872 3718.834 3711.796 3704.758 3696.379 3683.217 3670.054 3656.892 3643.73 3633.324 3624.403 3615.482 3606.561 3598.146 3595.518 3592.891 3590.263 3587.635 3585.417 3583.591 3581.765 3579.939 3578.113 3576.721 3575.356 3573.991 3572.626 3571.768
3960.714 3953.779 3946.843 3941.186 3935.903 3930.62 3925.337 3920.121 3915.17 3910.219 3905.268 3900.316 3895.329 3890.32 3885.311 3880.303 3875.338 3871.005 3866.671 3862.338 3858.005 3852.585 3846.063 3839.542 3833.02 3826.498 3816.213 3805.631 3795.049 3784.467 3774.518 3765.705 3756.893 3748.08 3739.267 3731.934 3724.997 3718.061 3711.124 3702.871 3689.923 3676.975 3664.026 3651.078 3640.132 3630.265 3620.398 3610.532 3601.201 3598.007 3594.813 3591.619 3588.425 3585.733 3583.523 3581.312 3579.101 3576.89 3574.786 3572.689 3570.592 3568.495 3566.722
3965.226 3959.247 3953.268 3948.067 3943.094 3938.121 3933.147 3928.212 3923.421 3918.63 3913.839 3909.048 3904.258 3899.468 3894.678 3889.889 3885.124 3880.705 3876.286 3871.867 3867.448 3861.943 3855.336 3848.729 3842.121 3835.514 3824.767 3813.693 3802.62 3791.546 3781.22 3772.236 3763.253 3754.269 3745.286 3737.996 3731.161 3724.326 3717.491 3709.364 3696.63 3683.895 3671.16 3658.426 3646.94 3636.127 3625.315 3614.503 3604.256 3600.496 3596.736 3592.975 3589.215 3586.05 3583.454 3580.859 3578.263 3575.667 3572.852 3570.023 3567.193 3564.364 3561.676
3969.738 3964.715 3959.693 3954.948 3950.285 3945.622 3940.958 3936.302 3931.671 3927.041 3922.41 3917.779 3913.187 3908.616 3904.046 3899.475 3894.909 3890.405 3885.9 3881.396 3876.892 3871.301 3864.608 3857.916 3851.223 3844.53 3833.321 3821.756 3810.19 3798.625 3787.922 3778.768 3769.613 3760.458 3751.304 3744.058 3737.324 3730.591 3723.858 3715.857 3703.336 3690.815 3678.294 3665.774 3653.748 3641.99 3630.232 3618.473 3607.312 3602.985 3598.658 3594.332 3590.004 3586.366 3583.385 3580.405 3577.425 3574.445 3570.917 3567.356 3563.795 3560.233 3556.631
3980.387 3975.075 3969.763 3964.794 3959.927 3955.059 3950.191 3945.372 3940.743 3936.114 3931.484 3926.855 3922.195 3917.518 3912.84 3908.163 3903.491 3898.901 3894.311 3889.721 3885.131 3879.486 3872.771 3866.055 3859.34 3852.624 3840.911 3828.804 3816.697 3804.59 3793.393 3783.829 3774.265 3764.701 3755.137 3747.597 3740.602 3733.606 3726.61 3718.544 3706.659 3694.774 3682.89 3671.005 3659.313 3647.726 3636.138 3624.551 3613.508 3608.707 3603.906 3599.105 3594.303 3590.3 3587.061 3583.821 3580.582 3577.342 3573.248 3569.101 3564.954 3560.807 3556.425
3992.742 3986.793 3980.845 3975.464 3970.249 3965.034 3959.819 3954.715 3950.043 3945.371 3940.699 3936.027 3931.226 3926.351 3921.475 3916.6 3911.738 3907.062 3902.387 3897.712 3893.036 3887.345 3880.625 3873.904 3867.183 3860.462 3848.233 3835.571 3822.908 3810.245 3798.521 3788.481 3778.442 3768.402 3758.363 3750.436 3743.077 3735.718 3728.359 3720.174 3709.043 3697.911 3686.78 3675.649 3664.533 3653.427 3642.32 3631.214 3620.577 3615.327 3610.077 3604.827 3599.577 3595.24 3591.776 3588.312 3584.848 3581.384 3576.764 3572.072 3567.38 3562.688 3557.563
4005.096 3998.512 3991.928 3986.134 3980.572 3975.01 3969.447 3964.058 3959.343 3954.628 3949.914 3945.199 3940.257 3935.184 3930.111 3925.037 3919.985 3915.224 3910.463 3905.702 3900.941 3895.205 3888.479 3881.752 3875.026 3868.3 3855.556 3842.338 3829.119 3815.901 3803.649 3793.134 3782.619 3772.104 3761.589 3753.275 3745.553 3737.83 3730.108 3721.804 3711.426 3701.048 3690.67 3680.292 3669.754 3659.128 3648.502 3637.877 3627.646 3621.948 3616.249 3610.55 3604.851 3600.179 3596.491 3592.802 3589.114 3585.426 3580.279 3575.042 3569.805 3564.568 3558.701
4017.45 4010.23 4003.01 3996.804 3990.894 3984.985 3979.075 3973.401 3968.643 3963.885 3959.128 3954.371 3949.287 3944.016 3938.746 3933.475 3928.232 3923.385 3918.539 3913.693 3908.846 3903.064 3896.333 3889.601 3882.87 3876.138 3862.878 3849.104 3835.33 3821.556 3808.777 3797.787 3786.796 3775.805 3764.815 3756.114 3748.028 3739.942 3731.857 3723.434 3713.81 3704.185 3694.561 3684.936 3674.974 3664.829 3654.684 3644.54 3634.716 3628.568 3622.42 3616.273 3610.125 3605.119 3601.206 3597.293 3593.381 3589.468 3583.795 3578.012 3572.23 3566.448 3559.84
