data/zism_data/00921_01_D.txt
ncols         224
nrows         224
[rows 140 to 167 of 224, columns 63 to 125 of 224]
3656.09 3665.122 3674.153 3683.184 3692.822 3704.056 3715.289 3726.523 3737.757 3748.44 3758.914 3769.387 3779.861 3789.96 3798.279 3806.597 3814.915 3823.233 3830.207 3836.367 3842.528 3848.689 3854.697 3858.755 3862.813 3866.871 3870.929 3873.546 3874.842 3876.137 3877.432 3878.728 3872.481 3866.009 3859.536 3853.064 3849.02 3848.325 3847.631 3846.937 3846.242 3852.572 3859.956 3867.339 3874.723 3885.5 3903.525 3921.55 3939.575 3957.601 3975.941 3994.377 4012.812 4031.248 4047.887 4058.061 4068.235 4078.408 4088.582 4097.251 4105.168 4113.086 4121.003
3663.146 3672.712 3682.277 3691.843 3701.959 3713.524 3725.089 3736.654 3748.219 3758.668 3768.693 3778.718 3788.743 3798.397 3806.288 3814.178 3822.069 3829.96 3836.769 3842.924 3849.08 3855.235 3861.266 3865.703 3870.141 3874.578 3879.016 3881.978 3883.589 3885.2 3886.81 3888.421 3882.007 3875.353 3868.699 3862.045 3857.57 3856.101 3854.631 3853.162 3851.693 3857.192 3863.737 3870.281 3876.826 3887.253 3905.973 3924.693 3943.413 3962.133 3980.761 3999.363 4017.964 4036.565 4053.335 4063.514 4073.693 4083.872 4094.051 4103.285 4112.047 4120.809 4129.57
3669.749 3679.678 3689.607 3699.537 3709.903 3721.421 3732.938 3744.456 3755.973 3766.204 3775.945 3785.686 3795.428 3804.838 3812.677 3820.517 3828.356 3836.195 3843.096 3849.432 3855.767 3862.102 3868.314 3872.957 3877.6 3882.244 3886.887 3890.022 3891.774 3893.526 3895.278 3897.031 3890.685 3884.097 3877.509 3870.921 3866.223 3864.133 3862.042 3859.952 3857.862 3862.766 3868.72 3874.673 3880.627 3890.643 3909.337 3928.031 3946.725 3965.419 3983.809 4002.106 4020.403 4038.7 4055.286 4065.712 4076.138 4086.565 4096.991 4106.908 4116.571 4126.234 4135.897
3675.956 3686.099 3696.242 3706.385 3716.802 3727.94 3739.078 3750.216 3761.354 3771.38 3780.982 3790.584 3800.187 3809.531 3817.648 3825.765 3833.882 3841.999 3849.219 3855.896 3862.573 3869.25 3875.783 3880.48 3885.176 3889.873 3894.57 3897.724 3899.466 3901.208 3902.949 3904.691 3898.619 3892.314 3886.01 3879.705 3874.967 3872.391 3869.814 3867.238 3864.661 3869.177 3874.756 3880.336 3885.915 3895.467 3913.504 3931.541 3949.577 3967.615 3985.301 4002.882 4020.463 4038.044 4054.17 4065.056 4075.942 4086.827 4097.713 4108.418 4119.032 4129.646 4140.26
3682.163 3692.52 3702.876 3713.233 3723.7 3734.459 3745.218 3755.977 3766.736 3776.556 3786.019 3795.483 3804.946 3814.224 3822.619 3831.013 3839.408 3847.803 3855.341 3862.36 3869.378 3876.397 3883.252 3888.002 3892.752 3897.502 3902.252 3905.427 3907.158 3908.889 3910.62 3912.351 3906.554 3900.532 3894.511 3888.489 3883.711 3880.648 3877.586 3874.523 3871.46 3875.587 3880.792 3885.998 3891.203 3900.291 3917.67 3935.05 3952.43 3969.81 3986.794 4003.659 4020.524 4037.389 4053.054 4064.399 4075.745 4087.09 4098.436 4109.927 4121.492 4133.058 4144.623
3688.37 3698.941 3709.511 3720.081 3730.599 3740.979 3751.358 3761.737 3772.117 3781.732 3791.056 3800.381 3809.706 3818.917 3827.589 3836.262 3844.935 3853.607 3861.463 3868.823 3876.185 3883.545 3890.721 3895.525 3900.328 3905.132 3909.935 3913.13 3914.85 3916.57 3918.291 3920.011 3914.489 3908.75 3903.012 3897.274 3892.455 3888.906 3885.357 3881.808 3878.259 3881.997 3886.829 3891.66 3896.492 3905.115 3921.837 3938.56 3955.282 3972.005 3988.287 4004.436 4020.584 4036.733 4051.938 4063.743 4075.548 4087.353 4099.158 4111.437 4123.953 4136.469 4148.985
3694.577 3705.362 3716.146 3726.929 3737.498 3747.498 3757.498 3767.498 3777.498 3786.908 3796.094 3805.279 3814.465 3823.609 3832.56 3841.51 3850.461 3859.411 3867.584 3875.288 3882.99 3890.694 3898.19 3903.047 3907.904 3912.761 3917.618 3920.833 3922.542 3924.252 3925.961 3927.671 3922.423 3916.968 3911.513 3906.058 3901.199 3897.164 3893.129 3889.094 3885.058 3888.408 3892.865 3897.323 3901.78 3909.939 3926.004 3942.069 3958.134 3974.199 3989.779 4005.212 4020.645 4036.078 4050.822 4063.087 4075.351 4087.615 4099.88 4112.946 4126.414 4139.881 4153.348
3701.073 3711.654 3722.234 3732.815 3743.201 3753.074 3762.947 3772.82 3782.693 3792.06 3801.236 3810.411 3819.586 3828.729 3837.715 3846.702 3855.688 3864.674 3872.853 3880.542 3888.232 3895.922 3903.418 3908.431 3913.444 3918.458 3923.471 3926.87 3928.791 3930.711 3932.631 3934.551 3930.02 3925.296 3920.572 3915.848 3911.133 3906.431 3901.729 3897.028 3892.326 3894.601 3897.922 3901.244 3904.565 3911.645 3926.754 3941.864 3956.973 3972.083 3986.946 4001.735 4016.524 4031.313 4045.759 4058.972 4072.186 4085.398 4098.611 4112.549 4126.849 4141.149 4155.449
3707.579 3717.941 3728.302 3738.664 3748.859 3758.614 3768.369 3778.125 3787.88 3797.211 3806.381 3815.551 3824.721 3833.864 3842.877 3851.891 3860.904 3869.917 3878.089 3885.751 3893.415 3901.077 3908.56 3913.734 3918.907 3924.081 3929.255 3932.845 3934.984 3937.124 3939.263 3941.402 3937.604 3933.628 3929.652 3925.676 3921.112 3915.737 3910.362 3904.987 3899.612 3900.786 3902.942 3905.099 3907.255 3913.233 3927.376 3941.518 3955.66 3969.802 3983.949 3998.096 4012.244 4026.392 4040.547 4054.727 4068.907 4083.088 4097.268 4112.08 4127.208 4142.337 4157.465
3714.085 3724.228 3734.37 3744.513 3754.516 3764.154 3773.792 3783.43 3793.068 3802.363 3811.527 3820.692 3829.857 3839.0 3848.04 3857.08 3866.119 3875.159 3883.324 3890.961 3898.597 3906.233 3913.703 3919.036 3924.37 3929.704 3935.038 3938.82 3941.178 3943.537 3945.895 3948.253 3945.187 3941.959 3938.732 3935.504 3931.091 3925.042 3918.994 3912.946 3906.897 3906.97 3907.962 3908.954 3909.945 3914.822 3927.997 3941.172 3954.347 3967.522 3980.952 3994.458 4007.965 4021.471 4035.334 4050.482 4065.629 4080.777 4095.924 4111.611 4127.567 4143.524 4159.48
3720.591 3730.515 3740.438 3750.362 3760.174 3769.695 3779.215 3788.735 3798.255 3807.514 3816.673 3825.833 3834.992 3844.135 3853.202 3862.268 3871.335 3880.402 3888.56 3896.17 3903.779 3911.389 3918.845 3924.339 3929.833 3935.328 3940.822 3944.794 3947.372 3949.949 3952.527 3955.104 3952.771 3950.291 3947.812 3945.332 3941.069 3934.348 3927.626 3920.904 3914.183 3913.155 3912.982 3912.809 3912.635 3916.41 3928.618 3940.826 3953.034 3965.242 3977.955 3990.82 4003.685 4016.55 4030.122 4046.237 4062.352 4078.466 4094.581 4111.142 4127.927 4144.711 4161.496
3727.897 3737.665 3747.433 3757.2 3766.851 3776.192 3785.534 3794.875 3804.217 3813.401 3822.526 3831.65 3840.775 3849.89 3858.96 3868.03 3877.1 3886.17 3894.271 3901.784 3909.297 3916.81 3924.189 3929.841 3935.494 3941.146 3946.799 3950.992 3953.847 3956.703 3959.558 3962.414 3960.686 3958.822 3956.958 3955.094 3951.038 3943.961 3936.884 3929.808 3922.731 3920.768 3919.573 3918.379 3917.184 3919.844 3930.742 3941.639 3952.536 3963.434 3975.276 3987.403 3999.53 4011.657 4024.808 4041.641 4058.474 4075.307 4092.141 4109.297 4126.615 4143.934 4161.251
3736.433 3746.142 3755.85 3765.559 3775.092 3784.161 3793.23 3802.299 3811.368 3820.419 3829.464 3838.508 3847.552 3856.596 3865.634 3874.672 3883.71 3892.748 3900.709 3908.02 3915.33 3922.64 3929.841 3935.649 3941.456 3947.264 3953.071 3957.531 3960.755 3963.979 3967.203 3970.427 3969.11 3967.657 3966.205 3964.752 3960.991 3954.048 3947.104 3940.161 3933.218 3930.576 3928.58 3926.583 3924.587 3926.115 3935.175 3944.234 3953.293 3962.353 3973.087 3984.327 3995.567 4006.807 4019.337 4036.507 4053.677 4070.846 4088.016 4105.338 4122.737 4140.135 4157.533
3744.968 3754.618 3764.268 3773.918 3783.333 3792.129 3800.926 3809.723 3818.519 3827.437 3836.401 3845.365 3854.33 3863.301 3872.307 3881.313 3890.32 3899.325 3907.148 3914.255 3921.363 3928.47 3935.494 3941.457 3947.419 3953.381 3959.344 3964.07 3967.663 3971.256 3974.848 3978.441 3977.534 3976.493 3975.451 3974.41 3970.944 3964.134 3957.324 3950.515 3943.705 3940.384 3937.586 3934.788 3931.99 3932.387 3939.608 3946.829 3954.05 3961.271 3970.898 3981.251 3991.604 4001.958 4013.866 4031.372 4048.879 4066.385 4083.892 4101.379 4118.858 4136.336 4153.815
3753.503 3763.094 3772.685 3782.277 3791.574 3800.098 3808.622 3817.146 3825.67 3834.455 3843.339 3852.223 3861.107 3870.007 3878.981 3887.955 3896.929 3905.903 3913.587 3920.491 3927.396 3934.3 3941.147 3947.264 3953.382 3959.499 3965.616 3970.609 3974.57 3978.532 3982.493 3986.455 3985.958 3985.328 3984.698 3984.068 3980.897 3974.221 3967.545 3960.869 3954.192 3950.192 3946.592 3942.993 3939.393 3938.658 3944.041 3949.424 3954.807 3960.19 3968.709 3978.175 3987.641 3997.108 4008.395 4026.238 4044.081 4061.924 4079.767 4097.421 4114.979 4132.538 4150.097
3762.038 3771.571 3781.103 3790.635 3799.815 3808.067 3816.318 3824.57 3832.821 3841.473 3850.277 3859.081 3867.885 3876.713 3885.655 3894.597 3903.539 3912.48 3920.026 3926.727 3933.428 3940.129 3946.8 3953.072 3959.344 3965.616 3971.889 3977.148 3981.478 3985.808 3990.138 3994.469 3994.382 3994.164 3993.945 3993.727 3990.85 3984.307 3977.765 3971.222 3964.68 3960.0 3955.598 3951.198 3946.796 3944.929 3948.474 3952.019 3955.564 3959.109 3966.52 3975.099 3983.678 3992.258 4002.924 4021.104 4039.283 4057.463 4075.643 4093.462 4111.101 4128.74 4146.378
3770.054 3779.36 3788.666 3797.972 3806.912 3814.887 3822.861 3830.836 3838.81 3847.322 3856.037 3864.751 3873.466 3882.174 3890.846 3899.518 3908.189 3916.861 3924.374 3931.185 3937.995 3944.806 3951.597 3958.126 3964.654 3971.183 3977.711 3983.256 3987.897 3992.539 3997.181 4001.822 4002.037 4002.12 4002.203 4002.285 3999.786 3993.725 3987.664 3981.604 3975.543 3970.573 3965.767 3960.962 3956.156 3953.609 3955.889 3958.169 3960.448 3962.728 3969.033 3976.553 3984.073 3991.594 4001.133 4017.939 4034.745 4051.552 4068.358 4085.899 4103.808 4121.716 4139.625
3777.959 3787.004 3796.048 3805.092 3813.766 3821.462 3829.159 3836.856 3844.553 3852.921 3861.546 3870.17 3878.794 3887.371 3895.722 3904.073 3912.424 3920.775 3928.277 3935.264 3942.251 3949.239 3956.213 3963.02 3969.826 3976.632 3983.439 3989.272 3994.213 3999.154 4004.095 4009.036 4009.529 4009.889 4010.25 4010.611 4008.506 4003.001 3997.496 3991.991 3986.486 3981.31 3976.183 3971.057 3965.931 3962.801 3963.937 3965.073 3966.21 3967.346 3972.544 3978.969 3985.394 3991.819 4000.123 4015.193 4030.262 4045.332 4060.402 4077.571 4095.789 4114.007 4132.226
3785.865 3794.647 3803.43 3812.212 3820.619 3828.038 3835.457 3842.876 3850.295 3858.521 3867.055 3875.588 3884.121 3892.567 3900.598 3908.628 3916.659 3924.69 3932.18 3939.344 3946.507 3953.671 3960.829 3967.913 3974.998 3982.082 3989.166 3995.288 4000.529 4005.769 4011.009 4016.249 4017.021 4017.659 4018.298 4018.936 4017.226 4012.276 4007.327 4002.378 3997.428 3992.046 3986.599 3981.152 3975.705 3971.993 3971.986 3971.978 3971.971 3971.964 3976.056 3981.385 3986.714 3992.044 3999.113 4012.446 4025.779 4039.112 4052.446 4069.242 4087.77 4106.298 4124.827
3793.77 3802.291 3810.811 3819.332 3827.473 3834.614 3841.755 3848.896 3856.037 3864.121 3872.564 3881.006 3889.449 3897.764 3905.474 3913.184 3920.894 3928.604 3936.083 3943.423 3950.763 3958.103 3965.445 3972.807 3980.169 3987.531 3994.894 4001.305 4006.844 4012.384 4017.923 4023.462 4024.512 4025.429 4026.345 4027.261 4025.946 4021.552 4017.158 4012.765 4008.371 4002.783 3997.015 3991.248 3985.48 3981.185 3980.034 3978.883 3977.732 3976.582 3979.567 3983.801 3988.035 3992.269 3998.103 4009.7 4021.296 4032.893 4044.489 4060.914 4079.752 4098.59 4117.428
3800.882 3809.174 3817.466 3825.758 3833.695 3840.698 3847.702 3854.706 3861.71 3869.71 3878.089 3886.468 3894.847 3903.066 3910.525 3917.984 3925.443 3932.902 3940.399 3947.919 3955.44 3962.96 3970.483 3978.037 3985.591 3993.145 4000.699 4007.303 4013.035 4018.767 4024.499 4030.231 4031.558 4032.754 4033.949 4035.145 4034.282 4030.581 4026.879 4023.178 4019.477 4013.825 4007.882 4001.938 3995.995 3991.249 3989.061 3986.873 3984.686 3982.498 3984.437 3987.622 3990.807 3993.992 3998.668 4008.715 4018.762 4028.809 4038.856 4054.71 4073.468 4092.226 4110.983
3805.684 3813.842 3822.0 3830.158 3838.074 3845.35 3852.626 3859.903 3867.179 3875.266 3883.661 3892.056 3900.451 3908.675 3916.085 3923.496 3930.907 3938.318 3945.917 3953.63 3961.343 3969.055 3976.753 3984.248 3991.743 3999.239 4006.734 4013.248 4018.862 4024.477 4030.091 4035.706 4037.305 4038.783 4040.262 4041.741 4041.5 4038.889 4036.278 4033.667 4031.055 4025.76 4020.062 4014.365 4008.667 4003.856 4000.942 3998.028 3995.113 3992.199 3993.267 3995.538 3997.81 4000.081 4003.824 4012.866 4021.909 4030.951 4039.993 4054.7 4072.24 4089.779 4107.318
3810.486 3818.51 3826.535 3834.559 3842.453 3850.002 3857.551 3865.099 3872.648 3880.822 3889.233 3897.644 3906.054 3914.283 3921.646 3929.009 3936.372 3943.735 3951.436 3959.341 3967.246 3975.151 3983.022 3990.458 3997.895 4005.332 4012.768 4019.193 4024.69 4030.187 4035.684 4041.181 4043.051 4044.813 4046.575 4048.337 4048.719 4047.198 4045.676 4044.155 4042.634 4037.694 4032.242 4026.791 4021.339 4016.464 4012.823 4009.182 4005.541 4001.899 4002.098 4003.455 4004.813 4006.17 4008.979 4017.017 4025.055 4033.093 4041.131 4054.691 4071.012 4087.333 4103.654
3815.288 3823.178 3831.069 3838.96 3846.832 3854.654 3862.475 3870.296 3878.117 3886.378 3894.805 3903.232 3911.659 3919.892 3927.207 3934.522 3941.836 3949.151 3956.954 3965.052 3973.149 3981.246 3989.292 3996.669 4004.047 4011.425 4018.803 4025.138 4030.517 4035.897 4041.276 4046.656 4048.797 4050.843 4052.888 4054.933 4055.937 4055.506 4055.075 4054.644 4054.213 4049.629 4044.423 4039.217 4034.011 4029.072 4024.704 4020.336 4015.968 4011.6 4010.928 4011.372 4011.816 4012.259 4014.135 4021.168 4028.202 4035.235 4042.268 4054.681 4069.784 4084.886 4099.989
3820.089 3827.847 3835.604 3843.361 3851.211 3859.305 3867.399 3875.493 3883.587 3891.934 3900.376 3908.82 3917.262 3925.501 3932.768 3940.034 3947.301 3954.568 3962.472 3970.762 3979.052 3987.342 3995.561 4002.88 4010.199 4017.518 4024.837 4031.083 4036.344 4041.606 4046.868 4052.13 4054.544 4056.872 4059.2 4061.529 4063.156 4063.814 4064.473 4065.132 4065.791 4061.564 4056.604 4051.643 4046.683 4041.68 4036.585 4031.49 4026.396 4021.301 4019.759 4019.289 4018.818 4018.348 4019.291 4025.32 4031.348 4037.377 4043.405 4054.671 4068.556 4082.44 4096.324
3824.031 3831.764 3839.498 3847.232 3855.053 3863.104 3871.155 3879.206 3887.257 3895.609 3904.076 3912.542 3921.008 3929.313 3936.851 3944.388 3951.926 3959.464 3967.521 3975.894 3984.266 3992.638 4000.928 4008.166 4015.405 4022.643 4029.881 4036.073 4041.305 4046.537 4051.769 4057.002 4059.757 4062.438 4065.119 4067.801 4069.897 4071.188 4072.479 4073.769 4075.06 4071.496 4067.203 4062.91 4058.617 4054.061 4048.944 4043.826 4038.709 4033.592 4031.387 4030.062 4028.737 4027.411 4027.399 4032.111 4036.823 4041.536 4046.248 4056.07 4068.447 4080.823 4093.199
3827.579 3835.339 3843.1 3850.86 3858.649 3866.513 3874.377 3882.241 3890.105 3898.425 3906.918 3915.411 3923.904 3932.304 3940.258 3948.212 3956.167 3964.121 3972.356 3980.76 3989.165 3997.569 4005.882 4013.029 4020.177 4027.324 4034.471 4040.625 4045.868 4051.111 4056.354 4061.597 4064.726 4067.792 4070.858 4073.924 4076.421 4078.134 4079.847 4081.56 4083.273 4080.511 4077.079 4073.646 4070.213 4066.339 4061.521 4056.703 4051.885 4047.066 4044.295 4042.142 4039.988 4037.835 4036.857 4040.11 4043.364 4046.618 4049.871 4058.113 4068.849 4079.585 4090.322
3831.126 3838.914 3846.701 3854.488 3862.245 3869.922 3877.599 3885.276 3892.953 3901.241 3909.76 3918.28 3926.8 3935.294 3943.665 3952.036 3960.407 3968.779 3977.19 3985.627 3994.063 4002.5 4010.836 4017.893 4024.949 4032.006 4039.062 4045.178 4050.432 4055.685 4060.939 4066.193 4069.696 4073.146 4076.597 4080.048 4082.945 4085.08 4087.215 4089.35 4091.485 4089.527 4086.955 4084.382 4081.81 4078.617 4074.098 4069.579 4065.06 4060.541 4057.203 4054.221 4051.24 4048.258 4046.315 4048.11 4049.905 4051.699 4053.494 4060.156 4069.252 4078.348 4087.443
