data/zism_data/00926_01_D.txt
ncols         224
nrows         224
[rows 168 to 195 of 224, columns 0 to 62 of 224]
4241.216 4248.044 4254.873 4261.702 4268.53 4274.058 4278.765 4283.473 4288.18 4292.65 4291.941 4291.233 4290.524 4289.815 4286.158 4279.234 4272.31 4265.386 4258.461 4247.951 4237.063 4226.176 4215.289 4205.807 4199.106 4192.405 4185.704 4179.002 4172.04 4164.997 4157.955 4150.912 4143.572 4135.02 4126.467 4117.915 4109.362 4097.87 4084.634 4071.398 4058.162 4045.204 4036.728 4028.252 4019.777 4011.301 4007.499 4008.58 4009.662 4010.743 4011.824 4017.225 4023.002 4028.78 4034.558 4039.937 4044.577 4049.216 4053.856 4058.495 4057.233 4054.317 4051.4
4247.58 4254.761 4261.942 4269.124 4276.305 4282.028 4286.832 4291.635 4296.438 4301.006 4300.42 4299.834 4299.249 4298.663 4294.804 4287.319 4279.833 4272.349 4264.863 4253.563 4241.864 4230.165 4218.465 4208.32 4201.25 4194.181 4187.111 4180.041 4172.885 4165.704 4158.522 4151.341 4143.733 4134.39 4125.047 4115.704 4106.36 4094.174 4080.302 4066.431 4052.559 4039.064 4031.646 4024.228 4016.811 4009.393 4007.07 4010.07 4013.069 4016.069 4019.068 4026.023 4033.324 4040.625 4047.926 4054.116 4058.248 4062.38 4066.512 4070.644 4068.666 4064.974 4061.283
4253.944 4261.478 4269.011 4276.545 4284.079 4289.998 4294.897 4299.797 4304.697 4309.362 4308.899 4308.436 4307.973 4307.51 4303.45 4295.403 4287.357 4279.311 4271.265 4259.177 4246.665 4234.153 4221.642 4210.833 4203.395 4195.957 4188.518 4181.079 4173.731 4166.411 4159.09 4151.77 4143.895 4133.761 4123.626 4113.493 4103.359 4090.479 4075.971 4061.464 4046.956 4032.924 4026.564 4020.204 4013.845 4007.485 4006.641 4011.559 4016.476 4021.394 4026.312 4034.822 4043.646 4052.469 4061.293 4068.295 4071.919 4075.544 4079.168 4082.792 4080.098 4075.631 4071.165
4260.308 4268.194 4276.081 4283.967 4291.854 4297.967 4302.963 4307.959 4312.955 4317.717 4317.377 4317.038 4316.698 4316.358 4312.095 4303.488 4294.881 4286.273 4277.666 4264.79 4251.466 4238.142 4224.818 4213.347 4205.54 4197.732 4189.925 4182.118 4174.577 4167.117 4159.658 4152.199 4144.056 4133.131 4122.207 4111.282 4100.357 4086.784 4071.64 4056.496 4041.353 4026.784 4021.482 4016.18 4010.879 4005.577 4006.212 4013.048 4019.884 4026.72 4033.556 4043.621 4053.967 4064.314 4074.66 4082.474 4085.591 4088.707 4091.824 4094.94 4091.53 4086.289 4081.048
4264.167 4272.53 4280.893 4289.255 4297.618 4304.257 4309.808 4315.358 4320.909 4326.206 4325.953 4325.7 4325.447 4325.194 4320.799 4311.816 4302.833 4293.851 4284.868 4271.562 4257.803 4244.044 4230.286 4218.399 4210.217 4202.034 4193.852 4185.669 4178.316 4171.215 4164.114 4157.014 4149.101 4137.879 4126.658 4115.437 4104.216 4090.255 4074.671 4059.087 4043.502 4028.559 4023.948 4019.336 4014.725 4010.114 4011.761 4019.946 4028.132 4036.317 4044.502 4055.235 4066.191 4077.146 4088.102 4096.146 4098.794 4101.443 4104.091 4106.739 4102.717 4096.824 4090.932
4266.417 4275.336 4284.254 4293.173 4302.091 4309.466 4315.866 4322.266 4328.667 4334.778 4334.59 4334.401 4334.212 4334.024 4329.541 4320.301 4311.062 4301.822 4292.583 4279.079 4265.128 4251.177 4237.226 4225.084 4216.522 4207.96 4199.398 4190.836 4183.915 4177.492 4171.07 4164.648 4157.285 4146.084 4134.885 4123.685 4112.485 4098.334 4082.435 4066.535 4050.636 4035.422 4031.265 4027.108 4022.951 4018.794 4021.154 4030.322 4039.491 4048.659 4057.828 4068.659 4079.636 4090.613 4101.59 4109.493 4111.698 4113.902 4116.107 4118.312 4113.746 4107.282 4100.818
4268.667 4278.142 4287.616 4297.09 4306.564 4314.675 4321.925 4329.175 4336.425 4343.352 4343.227 4343.103 4342.978 4342.854 4338.283 4328.787 4319.291 4309.794 4300.299 4286.596 4272.453 4258.309 4244.166 4231.769 4222.828 4213.886 4204.945 4196.003 4189.513 4183.77 4178.026 4172.283 4165.468 4154.29 4143.111 4131.933 4120.754 4106.414 4090.199 4073.984 4057.769 4042.285 4038.582 4034.88 4031.177 4027.474 4030.547 4040.698 4050.85 4061.002 4071.154 4082.084 4093.082 4104.081 4115.079 4122.84 4124.602 4126.362 4128.124 4129.884 4124.775 4117.739 4110.704
4270.917 4280.947 4290.978 4301.007 4311.037 4319.883 4327.983 4336.083 4344.182 4351.924 4351.864 4351.804 4351.743 4351.683 4347.024 4337.271 4327.519 4317.767 4308.014 4294.113 4279.777 4265.441 4251.105 4238.454 4229.133 4219.812 4210.491 4201.171 4195.112 4190.047 4184.982 4179.917 4173.652 4162.495 4151.337 4140.181 4129.023 4114.493 4097.963 4081.433 4064.903 4049.148 4045.9 4042.651 4039.403 4036.154 4039.94 4051.074 4062.209 4073.344 4084.479 4095.508 4106.528 4117.547 4128.567 4136.187 4137.505 4138.822 4140.14 4141.457 4135.804 4128.196 4120.589
4273.298 4283.885 4294.471 4305.058 4315.644 4325.202 4334.109 4343.017 4351.925 4360.442 4360.437 4360.431 4360.425 4360.419 4355.675 4345.681 4335.687 4325.693 4315.699 4301.618 4287.109 4272.601 4258.092 4245.208 4235.537 4225.866 4216.196 4206.525 4200.872 4196.444 4192.016 4187.587 4181.843 4170.734 4159.626 4148.518 4137.41 4122.747 4105.976 4089.204 4072.432 4056.48 4053.733 4050.987 4048.24 4045.493 4049.999 4062.081 4074.163 4086.244 4098.326 4109.362 4120.307 4131.251 4142.196 4149.599 4150.433 4151.268 4152.102 4152.937 4146.743 4138.579 4130.415
4277.797 4288.955 4300.114 4311.272 4322.43 4332.291 4341.332 4350.373 4359.415 4368.055 4367.954 4367.852 4367.75 4367.648 4362.853 4352.859 4342.865 4332.871 4322.876 4308.927 4294.563 4280.198 4265.833 4253.088 4243.546 4234.003 4224.461 4214.918 4209.259 4204.782 4200.306 4195.83 4190.144 4179.533 4168.921 4158.311 4147.699 4133.825 4118.015 4102.206 4086.396 4071.424 4069.954 4068.484 4067.015 4065.545 4070.878 4083.318 4095.758 4108.198 4120.637 4130.193 4139.498 4148.802 4158.106 4164.05 4163.762 4163.475 4163.187 4162.9 4156.214 4147.734 4139.255
4282.296 4294.026 4305.756 4317.486 4329.216 4339.38 4348.555 4357.729 4366.904 4375.669 4375.471 4375.273 4375.075 4374.877 4370.031 4360.037 4350.043 4340.049 4330.055 4316.236 4302.016 4287.795 4273.575 4260.969 4251.555 4242.14 4232.726 4223.312 4217.646 4213.121 4208.596 4204.072 4198.446 4188.332 4178.217 4168.103 4157.989 4144.903 4130.055 4115.208 4100.359 4086.367 4086.175 4085.982 4085.79 4085.597 4091.758 4104.556 4117.354 4130.151 4142.949 4151.025 4158.689 4166.353 4174.017 4178.501 4177.092 4175.682 4174.272 4172.863 4165.686 4156.891 4148.096
4286.795 4299.097 4311.399 4323.701 4336.002 4346.469 4355.777 4365.086 4374.395 4383.282 4382.988 4382.694 4382.4 4382.106 4377.209 4367.215 4357.221 4347.227 4337.233 4323.544 4309.468 4295.393 4281.316 4268.849 4259.563 4250.277 4240.991 4231.705 4226.032 4221.459 4216.887 4212.314 4206.747 4197.13 4187.512 4177.895 4168.278 4155.98 4142.095 4128.208 4114.323 4101.311 4102.396 4103.48 4104.564 4105.649 4112.637 4125.793 4138.949 4152.105 4165.261 4171.856 4177.88 4183.903 4189.927 4192.953 4190.421 4187.889 4185.358 4182.826 4175.156 4166.046 4156.936
4291.294 4304.168 4317.042 4329.915 4342.789 4353.558 4363.0 4372.442 4381.884 4390.896 4390.505 4390.115 4389.725 4389.334 4384.388 4374.394 4364.399 4354.405 4344.411 4330.853 4316.921 4302.99 4289.058 4276.729 4267.572 4258.414 4249.256 4240.099 4234.418 4229.797 4225.177 4220.556 4215.049 4205.928 4196.808 4187.688 4178.567 4167.059 4154.134 4141.21 4128.286 4116.254 4118.616 4120.978 4123.339 4125.701 4133.516 4147.03 4160.544 4174.058 4187.572 4192.688 4197.071 4201.454 4205.837 4207.404 4203.75 4200.096 4196.443 4192.789 4184.627 4175.202 4165.776
4294.518 4307.76 4321.002 4334.244 4347.486 4358.526 4368.178 4377.83 4387.481 4396.693 4396.304 4395.915 4395.526 4395.137 4390.307 4380.557 4370.807 4361.057 4351.306 4337.902 4324.115 4310.327 4296.54 4284.319 4275.197 4266.076 4256.954 4247.833 4241.916 4236.976 4232.037 4227.097 4221.384 4212.522 4203.66 4194.798 4185.936 4175.539 4164.233 4152.926 4141.62 4131.176 4134.638 4138.101 4141.563 4145.026 4153.436 4167.015 4180.594 4194.173 4207.752 4211.876 4215.174 4218.473 4221.771 4222.21 4217.351 4212.491 4207.631 4202.771 4193.934 4183.981 4174.03
4296.502 4309.916 4323.329 4336.742 4350.154 4361.435 4371.37 4381.304 4391.239 4400.726 4400.433 4400.141 4399.848 4399.555 4395.003 4385.734 4376.465 4367.195 4357.926 4344.698 4331.055 4317.412 4303.769 4291.626 4282.451 4273.276 4264.101 4254.926 4248.55 4243.028 4237.506 4231.983 4225.809 4216.973 4208.138 4199.302 4190.467 4181.496 4172.445 4163.393 4154.341 4146.075 4150.467 4154.86 4159.252 4163.645 4172.422 4185.782 4199.143 4212.502 4225.863 4229.467 4232.22 4234.974 4237.727 4237.361 4231.213 4225.066 4218.918 4212.771 4203.08 4192.396 4181.711
4298.487 4312.071 4325.655 4339.239 4352.823 4364.343 4374.561 4384.779 4394.997 4404.759 4404.563 4404.366 4404.169 4403.973 4399.7 4390.912 4382.123 4373.334 4364.546 4351.495 4337.996 4324.497 4310.998 4298.933 4289.705 4280.476 4271.248 4262.019 4255.185 4249.08 4242.976 4236.871 4230.233 4221.425 4212.616 4203.807 4194.999 4187.453 4180.657 4173.86 4167.064 4160.975 4166.297 4171.619 4176.941 4182.263 4191.409 4204.55 4217.691 4230.832 4243.973 4247.059 4249.267 4251.475 4253.683 4252.512 4245.077 4237.641 4230.206 4222.771 4212.226 4200.81 4189.394
4300.472 4314.227 4327.982 4341.737 4355.492 4367.251 4377.752 4388.254 4398.755 4408.792 4408.691 4408.591 4408.491 4408.39 4404.396 4396.088 4387.781 4379.474 4371.167 4358.291 4344.936 4331.582 4318.227 4306.24 4296.958 4287.676 4278.394 4269.112 4261.819 4255.132 4248.445 4241.758 4234.658 4225.876 4217.094 4208.312 4199.53 4193.41 4188.869 4184.327 4179.786 4175.874 4182.126 4188.378 4194.63 4200.882 4210.396 4223.317 4236.239 4249.161 4262.083 4264.65 4266.313 4267.976 4269.639 4267.663 4258.94 4250.216 4241.493 4232.77 4221.372 4209.223 4197.075
4302.457 4316.382 4330.308 4344.234 4358.16 4370.16 4380.944 4391.729 4402.513 4412.825 4412.82 4412.816 4412.812 4412.808 4409.092 4401.266 4393.439 4385.613 4377.787 4365.087 4351.877 4338.667 4325.456 4313.547 4304.212 4294.876 4285.541 4276.206 4268.454 4261.184 4253.915 4246.645 4239.083 4230.327 4221.572 4212.817 4204.062 4199.367 4197.081 4194.794 4192.508 4190.774 4197.956 4205.137 4212.319 4219.5 4229.382 4242.085 4254.788 4267.491 4280.193 4282.242 4283.36 4284.478 4285.596 4282.814 4272.803 4262.792 4252.781 4242.77 4230.518 4217.637 4204.757
4307.083 4321.073 4335.063 4349.053 4363.042 4374.958 4385.565 4396.173 4406.781 4416.936 4417.207 4417.477 4417.748 4418.019 4414.383 4406.419 4398.455 4390.491 4382.526 4370.134 4357.278 4344.421 4331.565 4319.758 4310.027 4300.296 4290.564 4280.833 4273.196 4266.198 4259.2 4252.201 4244.969 4236.788 4228.606 4220.425 4212.243 4208.366 4207.041 4205.716 4204.392 4203.591 4211.232 4218.873 4226.514 4234.155 4243.939 4255.963 4267.987 4280.011 4292.035 4293.898 4294.875 4295.852 4296.829 4294.052 4284.317 4274.583 4264.848 4255.113 4242.537 4229.165 4215.792
4311.832 4325.88 4339.928 4353.977 4368.025 4379.842 4390.252 4400.662 4411.072 4421.05 4421.604 4422.158 4422.712 4423.266 4419.7 4411.571 4403.441 4395.311 4387.182 4375.103 4362.609 4350.116 4337.624 4325.919 4315.777 4305.634 4295.492 4285.349 4277.854 4271.165 4264.477 4257.788 4250.923 4243.34 4235.757 4228.174 4220.591 4217.503 4217.082 4216.66 4216.238 4216.313 4224.392 4232.472 4240.551 4248.63 4258.296 4269.62 4280.944 4292.268 4303.591 4305.286 4306.14 4306.993 4307.847 4305.113 4295.725 4286.337 4276.95 4267.563 4254.688 4240.834 4226.981
4316.579 4330.686 4344.793 4358.9 4373.008 4384.727 4394.938 4405.151 4415.363 4425.164 4426.001 4426.839 4427.676 4428.513 4425.018 4416.722 4408.427 4400.132 4391.836 4380.07 4367.941 4355.811 4343.681 4332.081 4321.527 4310.973 4300.418 4289.864 4282.511 4276.132 4269.753 4263.375 4256.876 4249.892 4242.907 4235.923 4228.938 4226.64 4227.122 4227.603 4228.084 4229.035 4237.552 4246.07 4254.587 4263.104 4272.652 4283.276 4293.9 4304.523 4315.147 4316.672 4317.403 4318.134 4318.865 4316.173 4307.132 4298.092 4289.052 4280.012 4266.837 4252.503 4238.169
4321.327 4335.493 4349.659 4363.824 4377.99 4389.611 4399.625 4409.64 4419.654 4429.279 4430.399 4431.52 4432.64 4433.761 4430.335 4421.874 4413.413 4404.952 4396.491 4385.039 4373.272 4361.506 4349.74 4338.242 4327.277 4316.311 4305.346 4294.38 4287.167 4281.099 4275.03 4268.961 4262.83 4256.444 4250.058 4243.672 4237.286 4235.777 4237.162 4238.546 4239.931 4241.757 4250.713 4259.668 4268.624 4277.58 4287.009 4296.933 4306.856 4316.78 4326.704 4328.06 4328.668 4329.276 4329.884 4327.233 4318.541 4309.848 4301.155 4292.462 4278.988 4264.172 4249.357
4326.722 4340.86 4354.998 4369.136 4383.274 4394.838 4404.778 4414.719 4424.659 4434.227 4435.661 4437.095 4438.529 4439.962 4436.602 4427.93 4419.257 4410.585 4401.913 4390.536 4378.875 4367.214 4355.553 4344.084 4332.996 4321.907 4310.818 4299.73 4292.719 4286.952 4281.185 4275.417 4269.616 4263.679 4257.741 4251.804 4245.867 4244.801 4246.625 4248.448 4250.271 4252.535 4261.887 4271.24 4280.592 4289.945 4299.361 4308.842 4318.324 4327.806 4337.288 4338.518 4339.026 4339.535 4340.044 4337.419 4328.982 4320.546 4312.109 4303.673 4290.018 4274.899 4259.782
4333.066 4347.049 4361.032 4375.015 4388.998 4400.568 4410.615 4420.662 4430.709 4440.395 4442.187 4443.979 4445.771 4447.563 4444.258 4435.309 4426.358 4417.408 4408.458 4396.808 4384.875 4372.941 4361.007 4349.458 4338.669 4327.879 4317.09 4306.301 4299.582 4294.103 4288.624 4283.145 4277.621 4271.913 4266.206 4260.498 4254.791 4253.659 4255.242 4256.825 4258.408 4260.465 4270.154 4279.843 4289.532 4299.222 4308.778 4318.196 4327.613 4337.031 4346.449 4347.614 4348.059 4348.504 4348.949 4346.325 4338.011 4329.697 4321.384 4313.07 4299.409 4284.248 4269.087
4339.41 4353.238 4367.066 4380.895 4394.723 4406.298 4416.452 4426.606 4436.76 4446.563 4448.713 4450.863 4453.014 4455.164 4451.916 4442.688 4433.459 4424.231 4415.004 4403.081 4390.875 4378.668 4366.462 4354.833 4344.342 4333.852 4323.362 4312.872 4306.444 4301.253 4296.063 4290.873 4285.625 4280.147 4274.67 4269.192 4263.714 4262.518 4263.86 4265.203 4266.545 4268.395 4278.421 4288.447 4298.473 4308.499 4318.196 4327.549 4336.903 4346.256 4355.61 4356.711 4357.092 4357.473 4357.854 4355.231 4347.04 4338.849 4330.659 4322.468 4308.8 4293.596 4278.393
4345.754 4359.427 4373.101 4386.773 4400.447 4412.028 4422.289 4432.549 4442.81 4452.731 4455.24 4457.748 4460.256 4462.764 4459.572 4450.066 4440.561 4431.055 4421.549 4409.353 4396.874 4384.396 4371.917 4360.207 4350.016 4339.825 4329.634 4319.443 4313.306 4308.404 4303.502 4298.6 4293.63 4288.382 4283.134 4277.886 4272.638 4271.376 4272.479 4273.581 4274.683 4276.325 4286.688 4297.05 4307.413 4317.775 4327.613 4336.902 4346.192 4355.481 4364.771 4365.808 4366.125 4366.441 4366.758 4364.137 4356.069 4348.001 4339.933 4331.865 4318.191 4302.944 4287.698
4352.099 4365.617 4379.135 4392.653 4406.171 4417.758 4428.125 4438.493 4448.861 4458.9 4461.766 4464.632 4467.499 4470.365 4467.229 4457.445 4447.662 4437.878 4428.095 4415.625 4402.874 4390.123 4377.372 4365.581 4355.689 4345.797 4335.906 4326.014 4320.168 4315.555 4310.941 4306.328 4301.635 4296.617 4291.599 4286.58 4281.562 4280.235 4281.096 4281.958 4282.82 4284.256 4294.955 4305.654 4316.353 4327.052 4337.031 4346.256 4355.481 4364.707 4373.932 4374.905 4375.157 4375.41 4375.663 4373.043 4365.098 4357.153 4349.208 4341.263 4327.582 4312.292 4297.004
4359.958 4373.276 4386.594 4399.911 4413.229 4424.66 4434.902 4445.143 4455.385 4465.295 4467.98 4470.666 4473.351 4476.035 4472.764 4462.894 4453.025 4443.155 4433.286 4420.243 4406.868 4393.492 4380.117 4368.165 4359.029 4349.894 4340.758 4331.623 4326.097 4321.672 4317.247 4312.821 4308.292 4303.339 4298.386 4293.433 4288.48 4287.626 4289.202 4290.778 4292.354 4294.465 4305.209 4315.952 4326.696 4337.439 4347.252 4356.093 4364.935 4373.776 4382.618 4382.992 4382.628 4382.263 4381.899 4378.874 4370.915 4362.955 4354.996 4347.037 4333.687 4318.826 4303.964
