data/zism_data/00928_02_D.txt
ncols         224
nrows         224
[rows 140 to 167 of 224, columns 0 to 62 of 224]
1026.994 1031.127 1035.26 1040.239 1046.255 1052.271 1058.286 1064.302 1076.224 1088.813 1101.401 1113.99 1126.432 1138.6 1150.767 1162.934 1175.102 1175.102 1172.006 1168.909 1165.813 1162.37 1157.867 1153.364 1148.861 1144.359 1145.895 1150.073 1154.252 1158.43 1162.283 1164.214 1166.145 1168.076 1170.007 1167.382 1161.644 1155.906 1150.169 1144.811 1147.801 1150.791 1153.781 1156.772 1161.276 1167.338 1173.4 1179.463 1185.525 1187.992 1190.237 1192.483 1194.728 1196.108 1196.143 1196.178 1196.213 1196.247 1190.226 1183.056 1175.885 1168.715 1160.147
1034.732 1040.512 1046.293 1052.661 1059.75 1066.839 1073.928 1081.016 1092.555 1104.597 1116.638 1128.68 1139.708 1148.839 1157.97 1167.1 1176.231 1174.195 1169.317 1164.439 1159.562 1154.758 1150.18 1145.602 1141.024 1136.446 1138.624 1143.757 1148.891 1154.025 1158.939 1162.56 1166.181 1169.802 1173.423 1172.172 1167.594 1163.015 1158.436 1154.158 1156.488 1158.819 1161.149 1163.479 1167.215 1172.397 1177.579 1182.762 1187.944 1190.011 1191.886 1193.762 1195.637 1196.595 1196.125 1195.655 1195.186 1194.716 1187.523 1179.054 1170.586 1162.117 1152.944
1042.471 1049.898 1057.326 1065.083 1073.246 1081.407 1089.57 1097.731 1108.887 1120.382 1131.876 1143.37 1152.985 1159.079 1165.173 1171.266 1177.36 1173.288 1166.629 1159.97 1153.31 1147.145 1142.492 1137.839 1133.186 1128.533 1131.353 1137.441 1143.53 1149.619 1155.594 1160.906 1166.217 1171.529 1176.84 1176.963 1173.543 1170.124 1166.704 1163.506 1165.176 1166.846 1168.517 1170.187 1173.154 1177.457 1181.759 1186.061 1190.364 1192.031 1193.536 1195.041 1196.546 1197.081 1196.107 1195.133 1194.159 1193.185 1184.82 1175.053 1165.286 1155.519 1145.741
1050.209 1059.284 1068.359 1077.505 1086.741 1095.976 1105.211 1114.446 1125.219 1136.166 1147.113 1158.06 1166.262 1169.319 1172.375 1175.432 1178.489 1172.381 1163.94 1155.5 1147.059 1139.533 1134.805 1130.077 1125.349 1120.621 1124.081 1131.125 1138.169 1145.213 1152.25 1159.252 1166.253 1173.255 1180.256 1181.754 1179.493 1177.232 1174.972 1172.853 1173.864 1174.874 1175.884 1176.895 1179.094 1182.516 1185.938 1189.361 1192.783 1194.051 1195.185 1196.32 1197.455 1197.567 1196.089 1194.611 1193.132 1191.654 1182.117 1171.052 1159.986 1148.921 1138.538
1057.947 1068.669 1079.391 1089.927 1100.236 1110.544 1120.852 1131.16 1141.55 1151.95 1162.35 1172.749 1179.539 1179.558 1179.578 1179.598 1179.618 1171.474 1161.252 1151.03 1140.808 1131.921 1127.118 1122.315 1117.511 1112.708 1116.81 1124.809 1132.808 1140.807 1148.906 1157.598 1166.289 1174.981 1183.672 1186.545 1185.443 1184.341 1183.239 1182.2 1182.551 1182.901 1183.252 1183.602 1185.033 1187.575 1190.118 1192.66 1195.203 1196.07 1196.835 1197.599 1198.364 1198.054 1196.071 1194.088 1192.106 1190.123 1179.414 1167.05 1154.686 1142.322 1131.335
1070.591 1081.377 1092.165 1102.739 1113.052 1123.365 1133.679 1143.992 1152.83 1161.502 1170.174 1178.846 1184.336 1183.862 1183.387 1182.913 1182.438 1174.887 1165.533 1156.18 1146.827 1138.69 1134.272 1129.854 1125.436 1121.018 1124.689 1131.899 1139.109 1146.319 1153.648 1161.683 1169.719 1177.754 1185.789 1188.688 1188.079 1187.469 1186.86 1186.289 1186.553 1186.816 1187.08 1187.344 1188.448 1190.42 1192.391 1194.362 1196.333 1196.999 1197.585 1198.17 1198.755 1198.34 1196.367 1194.395 1192.422 1190.449 1180.096 1168.153 1156.21 1144.267 1133.545
1083.701 1094.402 1105.103 1115.586 1125.803 1136.02 1146.237 1156.453 1163.628 1170.46 1177.291 1184.123 1188.326 1187.599 1186.872 1186.146 1185.419 1178.71 1170.479 1162.247 1154.015 1146.829 1142.84 1138.851 1134.862 1130.874 1134.011 1140.266 1146.52 1152.775 1159.161 1166.316 1173.471 1180.627 1187.782 1190.578 1190.399 1190.219 1190.039 1189.877 1190.108 1190.339 1190.571 1190.802 1191.624 1193.053 1194.483 1195.912 1197.341 1197.824 1198.249 1198.673 1199.098 1198.607 1196.693 1194.78 1192.866 1190.953 1181.1 1169.742 1158.384 1147.026 1136.653
1096.812 1107.427 1118.042 1128.435 1138.555 1148.675 1158.795 1168.915 1174.427 1179.418 1184.409 1189.401 1192.315 1191.337 1190.358 1189.379 1188.4 1182.534 1175.424 1168.313 1161.203 1154.968 1151.408 1147.848 1144.289 1140.729 1143.333 1148.633 1153.932 1159.232 1164.673 1170.948 1177.224 1183.499 1189.775 1192.469 1192.719 1192.968 1193.217 1193.464 1193.664 1193.863 1194.062 1194.261 1194.8 1195.687 1196.574 1197.462 1198.349 1198.649 1198.913 1199.176 1199.44 1198.874 1197.02 1195.165 1193.311 1191.456 1182.104 1171.331 1160.558 1149.785 1139.76
1109.922 1120.451 1130.981 1141.282 1151.306 1161.329 1171.353 1181.376 1185.225 1188.376 1191.527 1194.678 1196.305 1195.074 1193.843 1192.612 1191.381 1186.358 1180.369 1174.38 1168.391 1163.106 1159.976 1156.845 1153.715 1150.585 1152.654 1156.999 1161.344 1165.688 1170.185 1175.581 1180.976 1186.372 1191.767 1194.36 1195.039 1195.717 1196.396 1197.052 1197.219 1197.386 1197.553 1197.72 1197.975 1198.321 1198.666 1199.012 1199.357 1199.474 1199.577 1199.679 1199.782 1199.142 1197.346 1195.551 1193.755 1191.959 1183.109 1172.921 1162.732 1152.544 1142.867
1122.517 1132.455 1142.393 1152.121 1161.591 1171.061 1180.531 1190.001 1192.625 1194.477 1196.328 1198.179 1198.941 1197.66 1196.379 1195.098 1193.817 1189.62 1184.68 1179.741 1174.801 1170.37 1167.492 1164.614 1161.736 1158.858 1160.407 1163.894 1167.381 1170.868 1174.529 1179.217 1183.906 1188.595 1193.283 1195.725 1196.633 1197.54 1198.448 1199.322 1199.46 1199.599 1199.738 1199.877 1199.951 1199.958 1199.966 1199.974 1199.982 1199.946 1199.907 1199.868 1199.829 1199.07 1197.192 1195.313 1193.435 1191.556 1182.954 1173.076 1163.199 1153.321 1143.861
1134.205 1142.662 1151.119 1159.422 1167.534 1175.647 1183.76 1191.872 1194.045 1195.548 1197.05 1198.553 1199.194 1198.219 1197.244 1196.268 1195.293 1191.894 1187.877 1183.86 1179.844 1176.093 1173.156 1170.219 1167.282 1164.345 1165.399 1168.199 1170.999 1173.799 1176.814 1181.101 1185.387 1189.673 1193.959 1196.165 1196.949 1197.733 1198.517 1199.272 1199.389 1199.506 1199.624 1199.741 1199.815 1199.844 1199.873 1199.903 1199.932 1199.796 1199.65 1199.503 1199.357 1198.403 1196.192 1193.981 1191.77 1189.559 1180.759 1170.71 1160.66 1150.611 1141.137
1145.893 1152.869 1159.846 1166.723 1173.478 1180.233 1186.988 1193.743 1195.465 1196.619 1197.773 1198.927 1199.447 1198.777 1198.108 1197.439 1196.77 1194.168 1191.074 1187.98 1184.886 1181.816 1178.82 1175.824 1172.828 1169.832 1170.39 1172.503 1174.617 1176.73 1179.1 1182.984 1186.868 1190.751 1194.635 1196.604 1197.265 1197.925 1198.586 1199.222 1199.318 1199.414 1199.51 1199.605 1199.679 1199.73 1199.78 1199.831 1199.882 1199.646 1199.392 1199.139 1198.885 1197.736 1195.192 1192.648 1190.104 1187.561 1178.564 1168.343 1158.122 1147.901 1138.412
1157.58 1163.076 1168.572 1174.023 1179.421 1184.819 1190.217 1195.615 1196.886 1197.691 1198.496 1199.301 1199.699 1199.336 1198.973 1198.609 1198.246 1196.441 1194.27 1192.099 1189.928 1187.539 1184.484 1181.429 1178.374 1175.319 1175.381 1176.808 1178.234 1179.661 1181.385 1184.867 1188.348 1191.83 1195.311 1197.043 1197.581 1198.118 1198.655 1199.172 1199.247 1199.321 1199.395 1199.47 1199.543 1199.615 1199.687 1199.76 1199.832 1199.496 1199.135 1198.774 1198.414 1197.068 1194.192 1191.316 1188.439 1185.563 1176.369 1165.976 1155.583 1145.191 1135.687
1169.268 1173.283 1177.298 1181.324 1185.365 1189.405 1193.445 1197.486 1198.306 1198.762 1199.218 1199.675 1199.952 1199.895 1199.837 1199.78 1199.722 1198.715 1197.467 1196.219 1194.97 1193.262 1190.148 1187.034 1183.92 1180.806 1180.373 1181.113 1181.852 1182.592 1183.671 1186.75 1189.829 1192.908 1195.987 1197.483 1197.897 1198.31 1198.724 1199.123 1199.175 1199.228 1199.281 1199.334 1199.407 1199.501 1199.594 1199.688 1199.782 1199.346 1198.878 1198.41 1197.942 1196.401 1193.192 1189.983 1186.774 1183.565 1174.173 1163.609 1153.045 1142.481 1132.962
1175.467 1178.615 1181.763 1184.978 1188.275 1191.571 1194.868 1198.165 1198.796 1199.126 1199.455 1199.785 1199.986 1199.947 1199.908 1199.869 1199.83 1199.083 1198.157 1197.231 1196.304 1194.937 1192.221 1189.505 1186.789 1184.073 1183.556 1184.001 1184.446 1184.891 1185.649 1188.251 1190.854 1193.457 1196.059 1197.368 1197.794 1198.219 1198.645 1199.053 1199.089 1199.125 1199.161 1199.196 1199.252 1199.328 1199.404 1199.479 1199.555 1198.788 1197.969 1197.15 1196.33 1194.25 1190.207 1186.165 1182.123 1178.08 1168.726 1158.365 1148.003 1137.641 1128.487
1180.391 1182.814 1185.238 1187.784 1190.48 1193.176 1195.872 1198.568 1199.07 1199.325 1199.579 1199.834 1199.97 1199.882 1199.795 1199.707 1199.62 1199.009 1198.265 1197.521 1196.777 1195.672 1193.46 1191.249 1189.037 1186.825 1186.32 1186.561 1186.802 1187.043 1187.555 1189.664 1191.773 1193.882 1195.991 1197.125 1197.594 1198.062 1198.53 1198.979 1198.999 1199.019 1199.038 1199.058 1199.092 1199.141 1199.19 1199.239 1199.288 1198.135 1196.908 1195.681 1194.454 1191.754 1186.762 1181.77 1176.778 1171.786 1162.523 1152.452 1142.38 1132.308 1123.605
1185.315 1187.014 1188.714 1190.591 1192.686 1194.781 1196.876 1198.971 1199.345 1199.524 1199.703 1199.883 1199.953 1199.817 1199.681 1199.546 1199.41 1198.935 1198.373 1197.812 1197.25 1196.407 1194.699 1192.992 1191.285 1189.578 1189.084 1189.121 1189.158 1189.195 1189.461 1191.076 1192.692 1194.307 1195.923 1196.882 1197.393 1197.905 1198.416 1198.905 1198.909 1198.912 1198.916 1198.92 1198.932 1198.955 1198.977 1198.999 1199.021 1197.483 1195.848 1194.213 1192.578 1189.258 1183.316 1177.375 1171.433 1165.491 1156.321 1146.539 1136.757 1126.975 1118.723
1190.239 1191.214 1192.189 1193.397 1194.891 1196.385 1197.88 1199.374 1199.619 1199.723 1199.828 1199.932 1199.936 1199.752 1199.568 1199.384 1199.2 1198.86 1198.481 1198.102 1197.723 1197.141 1195.938 1194.735 1193.533 1192.33 1191.848 1191.681 1191.514 1191.347 1191.367 1192.489 1193.611 1194.733 1195.854 1196.639 1197.193 1197.747 1198.302 1198.831 1198.819 1198.806 1198.794 1198.781 1198.773 1198.768 1198.763 1198.759 1198.754 1196.83 1194.787 1192.745 1190.702 1186.762 1179.871 1172.979 1166.088 1159.196 1150.118 1140.626 1131.134 1121.642 1113.842
1193.551 1194.141 1194.732 1195.525 1196.565 1197.605 1198.645 1199.685 1199.821 1199.854 1199.887 1199.921 1199.871 1199.663 1199.456 1199.249 1199.042 1198.817 1198.586 1198.356 1198.126 1197.739 1196.873 1196.006 1195.14 1194.273 1193.658 1193.153 1192.648 1192.143 1191.827 1192.624 1193.422 1194.219 1195.017 1195.776 1196.509 1197.242 1197.975 1198.675 1198.665 1198.655 1198.644 1198.634 1198.559 1198.418 1198.278 1198.137 1197.997 1195.689 1193.249 1190.808 1188.368 1183.961 1176.497 1169.032 1161.567 1154.103 1145.303 1136.25 1127.197 1118.145 1110.795
1192.292 1193.463 1194.633 1195.728 1196.73 1197.733 1198.735 1199.738 1199.816 1199.791 1199.765 1199.74 1199.668 1199.509 1199.35 1199.191 1199.032 1198.859 1198.683 1198.506 1198.33 1197.949 1196.943 1195.937 1194.931 1193.925 1192.767 1191.543 1190.319 1189.095 1188.187 1189.14 1190.093 1191.046 1191.999 1193.156 1194.453 1195.749 1197.045 1198.287 1198.33 1198.374 1198.417 1198.46 1198.193 1197.607 1197.021 1196.435 1195.849 1193.168 1190.357 1187.546 1184.736 1180.297 1173.326 1166.355 1159.384 1152.413 1144.418 1136.229 1128.04 1119.851 1112.948
1191.034 1192.784 1194.533 1195.93 1196.895 1197.86 1198.825 1199.79 1199.812 1199.728 1199.643 1199.558 1199.465 1199.354 1199.244 1199.133 1199.022 1198.902 1198.779 1198.656 1198.534 1198.159 1197.013 1195.868 1194.722 1193.577 1191.876 1189.933 1187.991 1186.048 1184.547 1185.656 1186.764 1187.873 1188.982 1190.537 1192.396 1194.256 1196.116 1197.899 1197.996 1198.093 1198.189 1198.286 1197.827 1196.796 1195.765 1194.734 1193.702 1190.646 1187.465 1184.284 1181.103 1176.632 1170.155 1163.678 1157.2 1150.723 1143.532 1136.207 1128.882 1121.557 1115.101
1189.776 1192.105 1194.434 1196.133 1197.061 1197.988 1198.916 1199.843 1199.808 1199.664 1199.521 1199.377 1199.262 1199.199 1199.137 1199.075 1199.013 1198.945 1198.876 1198.806 1198.737 1198.369 1197.083 1195.798 1194.513 1193.229 1190.986 1188.324 1185.662 1183.0 1180.907 1182.172 1183.436 1184.7 1185.964 1187.917 1190.34 1192.763 1195.186 1197.51 1197.661 1197.812 1197.962 1198.113 1197.461 1195.985 1194.508 1193.032 1191.555 1188.124 1184.573 1181.022 1177.471 1172.968 1166.984 1161.0 1155.016 1149.032 1142.647 1136.186 1129.724 1123.263 1117.254
1188.518 1191.426 1194.335 1196.336 1197.226 1198.116 1199.006 1199.896 1199.804 1199.601 1199.398 1199.196 1199.059 1199.045 1199.031 1199.017 1199.003 1198.988 1198.972 1198.957 1198.941 1198.578 1197.154 1195.729 1194.305 1192.88 1190.095 1186.714 1183.333 1179.952 1177.267 1178.687 1180.107 1181.527 1182.947 1185.298 1188.284 1191.27 1194.257 1197.122 1197.326 1197.531 1197.735 1197.939 1197.095 1195.174 1193.252 1191.33 1189.408 1185.602 1181.681 1177.76 1173.839 1169.303 1163.813 1158.323 1152.833 1147.342 1141.762 1136.164 1130.567 1124.969 1119.407
1182.982 1186.923 1190.865 1193.637 1194.977 1196.317 1197.657 1198.997 1199.018 1198.89 1198.761 1198.633 1198.564 1198.606 1198.648 1198.689 1198.731 1198.749 1198.76 1198.772 1198.783 1198.294 1196.273 1194.252 1192.23 1190.209 1186.602 1182.3 1177.998 1173.696 1170.253 1171.87 1173.487 1175.105 1176.722 1179.671 1183.53 1187.388 1191.246 1194.96 1195.508 1196.055 1196.603 1197.15 1196.032 1193.2 1190.368 1187.536 1184.704 1180.465 1176.139 1171.813 1167.488 1162.956 1158.104 1153.252 1148.4 1143.549 1138.287 1132.947 1127.608 1122.268 1116.607
1175.7 1180.859 1186.019 1189.754 1191.743 1193.732 1195.721 1197.711 1197.913 1197.913 1197.914 1197.914 1197.949 1198.05 1198.151 1198.252 1198.353 1198.396 1198.423 1198.451 1198.478 1197.808 1195.004 1192.199 1189.395 1186.59 1182.046 1176.741 1171.436 1166.131 1161.86 1163.693 1165.525 1167.357 1169.189 1172.818 1177.674 1182.53 1187.386 1192.075 1193.084 1194.093 1195.102 1196.11 1194.685 1190.753 1186.821 1182.889 1178.957 1174.26 1169.516 1164.771 1160.027 1155.514 1151.359 1147.205 1143.051 1138.896 1133.755 1128.426 1123.097 1117.768 1111.785
1168.419 1174.796 1181.173 1185.87 1188.509 1191.147 1193.786 1196.424 1196.808 1196.937 1197.066 1197.195 1197.335 1197.495 1197.655 1197.815 1197.975 1198.042 1198.086 1198.13 1198.173 1197.322 1193.734 1190.146 1186.559 1182.971 1177.491 1171.182 1164.874 1158.566 1153.468 1155.515 1157.561 1159.608 1161.655 1165.964 1171.818 1177.672 1183.526 1189.19 1190.66 1192.13 1193.6 1195.071 1193.337 1188.305 1183.273 1178.242 1173.21 1168.055 1162.892 1157.729 1152.566 1148.071 1144.614 1141.157 1137.7 1134.244 1129.222 1123.904 1118.586 1113.268 1106.963
1161.137 1168.732 1176.327 1181.987 1185.275 1188.562 1191.85 1195.137 1195.703 1195.961 1196.219 1196.477 1196.721 1196.94 1197.159 1197.378 1197.597 1197.689 1197.749 1197.808 1197.868 1196.836 1192.465 1188.094 1183.723 1179.352 1172.935 1165.624 1158.312 1151.0 1145.076 1147.337 1149.599 1151.86 1154.121 1159.11 1165.962 1172.814 1179.666 1186.304 1188.236 1190.168 1192.099 1194.031 1191.989 1185.858 1179.726 1173.594 1167.463 1161.849 1156.268 1150.687 1145.106 1140.629 1137.87 1135.11 1132.351 1129.591 1124.69 1119.383 1114.075 1108.768 1102.141
1153.925 1162.541 1171.158 1177.699 1181.698 1185.696 1189.694 1193.693 1194.497 1194.94 1195.383 1195.826 1196.209 1196.479 1196.75 1197.02 1197.29 1197.36 1197.38 1197.399 1197.419 1196.147 1190.927 1185.707 1180.486 1175.266 1167.996 1159.829 1151.662 1143.495 1136.859 1139.258 1141.657 1144.056 1146.455 1152.011 1159.723 1167.435 1175.148 1182.63 1185.05 1187.471 1189.891 1192.312 1189.937 1182.626 1175.315 1168.003 1160.692 1154.67 1148.726 1142.783 1136.84 1132.364 1130.172 1127.979 1125.786 1123.593 1118.802 1113.518 1108.234 1102.951 1096.105
