data/zism_data/00927_03_D.txt
ncols         224
nrows         224
[rows 56 to 83 of 224, columns 0 to 62 of 224]
1485.184 1477.433 1469.682 1461.931 1454.149 1446.285 1438.422 1430.559 1422.695 1417.79 1413.929 1410.067 1406.206 1403.5 1405.335 1407.169 1409.004 1410.839 1413.202 1415.829 1418.456 1421.083 1423.512 1424.621 1425.731 1426.84 1427.95 1427.695 1426.509 1425.323 1424.137 1422.923 1421.259 1419.595 1417.931 1416.267 1414.404 1412.358 1410.311 1408.265 1406.219 1404.91 1403.611 1402.313 1401.015 1401.312 1403.566 1405.82 1408.073 1410.327 1416.831 1423.739 1430.648 1437.556 1444.402 1451.146 1457.89 1464.634 1471.378 1477.439 1483.372 1489.304 1495.236
1481.739 1472.555 1463.37 1454.186 1445.38 1437.571 1429.762 1421.953 1414.143 1410.391 1408.071 1405.752 1403.432 1402.175 1405.097 1408.019 1410.94 1413.862 1416.987 1420.215 1423.442 1426.67 1429.604 1430.584 1431.563 1432.543 1433.523 1432.913 1431.219 1429.524 1427.83 1426.116 1424.095 1422.074 1420.053 1418.032 1415.883 1413.615 1411.347 1409.079 1406.811 1405.376 1403.953 1402.53 1401.108 1401.448 1403.951 1406.453 1408.956 1411.459 1418.552 1426.082 1433.613 1441.143 1448.469 1455.456 1462.443 1469.43 1476.417 1482.291 1487.952 1493.614 1499.276
1476.034 1466.192 1456.349 1446.507 1437.467 1430.537 1423.608 1416.678 1409.749 1407.348 1406.546 1405.744 1404.942 1405.113 1409.108 1413.104 1417.099 1421.094 1424.647 1427.98 1431.312 1434.644 1437.596 1438.015 1438.433 1438.852 1439.27 1438.053 1435.719 1433.384 1431.05 1428.708 1426.243 1423.777 1421.312 1418.846 1416.393 1413.95 1411.508 1409.065 1406.623 1405.219 1403.83 1402.441 1401.052 1401.457 1404.06 1406.663 1409.266 1411.869 1419.151 1426.879 1434.606 1442.334 1449.82 1456.906 1463.991 1471.077 1478.162 1484.104 1489.83 1495.555 1501.28
1468.962 1458.93 1448.899 1438.867 1430.07 1424.519 1418.969 1413.418 1407.868 1406.938 1407.64 1408.341 1409.042 1410.628 1415.689 1420.75 1425.81 1430.871 1434.65 1437.787 1440.925 1444.063 1446.738 1446.335 1445.931 1445.527 1445.124 1443.146 1440.092 1437.038 1433.985 1430.936 1427.973 1425.01 1422.047 1419.084 1416.316 1413.728 1411.139 1408.551 1405.962 1404.684 1403.425 1402.166 1400.907 1401.388 1404.002 1406.616 1409.23 1411.844 1419.072 1426.74 1434.409 1442.077 1449.53 1456.626 1463.722 1470.819 1477.915 1484.082 1490.072 1496.062 1502.052
1461.89 1451.669 1441.448 1431.227 1422.672 1418.501 1414.33 1410.158 1405.987 1406.529 1408.733 1410.938 1413.143 1416.144 1422.27 1428.396 1434.522 1440.648 1444.652 1447.595 1450.538 1453.481 1455.88 1454.654 1453.429 1452.203 1450.977 1448.238 1444.465 1440.692 1436.919 1433.164 1429.704 1426.243 1422.783 1419.322 1416.24 1413.506 1410.771 1408.037 1405.302 1404.15 1403.02 1401.891 1400.762 1401.319 1403.944 1406.569 1409.193 1411.818 1418.993 1426.602 1434.211 1441.819 1449.239 1456.346 1463.454 1470.561 1477.668 1484.059 1490.314 1496.57 1502.825
1454.818 1444.408 1433.998 1423.588 1415.275 1412.483 1409.691 1406.898 1404.106 1406.119 1409.827 1413.536 1417.244 1421.659 1428.851 1436.042 1443.234 1450.425 1454.655 1457.403 1460.151 1462.899 1465.022 1462.974 1460.926 1458.879 1456.831 1453.331 1448.838 1444.346 1439.854 1435.393 1431.434 1427.476 1423.518 1419.56 1416.164 1413.283 1410.403 1407.522 1404.642 1403.615 1402.616 1401.616 1400.617 1401.251 1403.886 1406.522 1409.157 1411.793 1418.915 1426.464 1434.013 1441.562 1448.949 1456.067 1463.185 1470.303 1477.421 1484.037 1490.557 1497.077 1503.597
1447.891 1437.435 1426.98 1416.525 1408.573 1407.21 1405.846 1404.482 1403.118 1406.585 1411.756 1416.927 1422.098 1427.853 1435.899 1443.945 1451.991 1460.037 1464.394 1466.907 1469.42 1471.932 1473.745 1470.89 1468.035 1465.18 1462.325 1458.054 1452.816 1447.578 1442.34 1437.149 1432.738 1428.326 1423.914 1419.502 1415.842 1412.871 1409.901 1406.93 1403.96 1403.066 1402.202 1401.339 1400.475 1401.174 1403.788 1406.402 1409.015 1411.629 1418.646 1426.083 1433.52 1440.956 1448.282 1455.424 1462.565 1469.707 1476.849 1483.696 1490.487 1497.278 1504.069
1442.355 1433.241 1424.127 1415.013 1408.558 1409.098 1409.638 1410.178 1410.718 1415.472 1421.714 1427.956 1434.198 1440.568 1447.441 1454.313 1461.186 1468.058 1471.606 1473.491 1475.377 1477.262 1478.442 1474.922 1471.402 1467.882 1464.361 1459.226 1452.987 1446.749 1440.51 1434.375 1429.931 1425.487 1421.042 1416.598 1413.157 1410.635 1408.113 1405.592 1403.07 1402.375 1401.706 1401.037 1400.368 1401.024 1403.302 1405.58 1407.859 1410.137 1416.557 1423.372 1430.187 1437.002 1443.995 1451.282 1458.57 1465.858 1473.145 1480.293 1487.414 1494.535 1501.656
1436.82 1429.047 1421.275 1413.502 1408.542 1410.986 1413.43 1415.873 1418.317 1424.359 1431.672 1438.985 1446.298 1453.284 1458.982 1464.681 1470.38 1476.079 1478.817 1480.075 1481.333 1482.591 1483.139 1478.954 1474.769 1470.583 1466.398 1460.398 1453.158 1445.919 1438.68 1431.601 1427.124 1422.648 1418.171 1413.694 1410.471 1408.399 1406.326 1404.253 1402.18 1401.683 1401.209 1400.735 1400.261 1400.873 1402.816 1404.759 1406.702 1408.645 1414.469 1420.661 1426.854 1433.047 1439.707 1447.141 1454.575 1462.008 1469.442 1476.89 1484.341 1491.793 1499.244
1431.284 1424.853 1418.422 1411.99 1408.527 1412.874 1417.221 1421.569 1425.916 1433.247 1441.631 1450.014 1458.398 1465.999 1470.524 1475.05 1479.575 1484.1 1486.029 1486.66 1487.29 1487.921 1487.837 1482.986 1478.135 1473.285 1468.434 1461.57 1453.33 1445.09 1436.85 1428.827 1424.318 1419.808 1415.299 1410.79 1407.786 1406.162 1404.538 1402.915 1401.291 1400.992 1400.713 1400.433 1400.154 1400.722 1402.33 1403.938 1405.546 1407.153 1412.38 1417.95 1423.521 1429.092 1435.42 1443.0 1450.579 1458.159 1465.739 1473.488 1481.269 1489.05 1496.831
1425.749 1420.659 1415.569 1410.479 1408.511 1414.762 1421.013 1427.264 1433.515 1442.134 1451.589 1461.043 1470.498 1478.714 1482.066 1485.418 1488.769 1492.121 1493.24 1493.244 1493.247 1493.25 1492.534 1487.018 1481.502 1475.986 1470.47 1462.741 1453.501 1444.261 1435.021 1426.053 1421.511 1416.969 1412.428 1407.886 1405.101 1403.926 1402.751 1401.576 1400.401 1400.301 1400.216 1400.131 1400.047 1400.572 1401.844 1403.117 1404.389 1405.662 1410.291 1415.24 1420.188 1425.137 1431.133 1438.858 1446.584 1454.31 1462.036 1470.085 1478.196 1486.307 1494.418
1423.354 1419.424 1415.495 1411.566 1410.808 1418.394 1425.98 1433.566 1441.152 1450.068 1459.453 1468.839 1478.224 1486.204 1488.667 1491.129 1493.591 1496.054 1496.436 1495.778 1495.121 1494.463 1493.06 1486.683 1480.306 1473.929 1467.552 1459.423 1450.096 1440.769 1431.442 1422.417 1418.279 1414.142 1410.005 1405.868 1403.443 1402.585 1401.727 1400.87 1400.012 1400.0 1400.0 1400.0 1400.0 1400.446 1401.438 1402.43 1403.422 1404.415 1408.334 1412.533 1416.731 1420.93 1426.31 1433.643 1440.977 1448.311 1455.645 1463.644 1471.77 1479.896 1488.022
1423.374 1420.467 1417.56 1414.653 1414.882 1423.366 1431.85 1440.334 1448.818 1457.268 1465.707 1474.146 1482.585 1489.675 1491.466 1493.258 1495.05 1496.842 1496.542 1495.198 1493.853 1492.509 1490.376 1482.988 1475.6 1468.212 1460.824 1452.65 1443.94 1435.229 1426.519 1418.117 1414.721 1411.325 1407.929 1404.533 1402.574 1401.933 1401.292 1400.651 1400.009 1400.0 1400.0 1400.0 1400.0 1400.339 1401.093 1401.847 1402.602 1403.356 1406.479 1409.829 1413.178 1416.528 1421.075 1427.603 1434.131 1440.658 1447.186 1454.867 1462.765 1470.664 1478.563
1423.394 1421.509 1419.624 1417.739 1418.957 1428.338 1437.72 1447.102 1456.483 1464.468 1471.961 1479.453 1486.946 1493.145 1494.266 1495.387 1496.508 1497.629 1496.649 1494.617 1492.586 1490.555 1487.693 1479.293 1470.894 1462.494 1454.095 1445.877 1437.783 1429.69 1421.596 1413.818 1411.163 1408.507 1405.852 1403.197 1401.706 1401.281 1400.856 1400.431 1400.006 1400.0 1400.0 1400.0 1400.0 1400.232 1400.748 1401.265 1401.781 1402.297 1404.625 1407.125 1409.625 1412.126 1415.84 1421.562 1427.284 1433.006 1438.728 1446.089 1453.761 1461.432 1469.104
1423.414 1422.551 1421.688 1420.826 1423.031 1433.311 1443.59 1453.87 1464.149 1471.669 1478.215 1484.761 1491.307 1496.616 1497.066 1497.516 1497.967 1498.417 1496.755 1494.037 1491.319 1488.601 1485.01 1475.599 1466.188 1456.777 1447.366 1439.104 1431.627 1424.15 1416.673 1409.518 1407.604 1405.69 1403.776 1401.861 1400.837 1400.629 1400.42 1400.212 1400.003 1400.0 1400.0 1400.0 1400.0 1400.125 1400.403 1400.682 1400.96 1401.238 1402.77 1404.421 1406.072 1407.724 1410.605 1415.521 1420.437 1425.354 1430.27 1437.311 1444.756 1452.2 1459.645
1423.679 1423.832 1423.984 1424.137 1427.305 1438.407 1449.51 1460.612 1471.715 1478.748 1484.345 1489.942 1495.539 1499.956 1499.736 1499.517 1499.298 1499.079 1496.716 1493.281 1489.845 1486.41 1482.07 1471.704 1461.337 1450.97 1440.604 1432.337 1425.504 1418.671 1411.838 1405.332 1404.145 1402.959 1401.773 1400.586 1400.02 1400.023 1400.026 1400.029 1400.032 1400.026 1400.02 1400.014 1400.009 1400.027 1400.074 1400.121 1400.169 1400.216 1400.975 1401.801 1402.627 1403.453 1405.517 1409.627 1413.737 1417.846 1421.956 1428.679 1435.896 1443.114 1450.332
1430.464 1431.449 1432.435 1433.42 1436.872 1446.811 1456.751 1466.691 1476.631 1482.609 1487.189 1491.769 1496.349 1499.826 1498.969 1498.111 1497.254 1496.397 1492.804 1487.844 1482.883 1477.923 1472.325 1462.483 1452.641 1442.799 1432.957 1425.719 1420.26 1414.801 1409.341 1404.152 1403.344 1402.536 1401.728 1400.92 1400.578 1400.662 1400.746 1400.83 1400.914 1400.75 1400.581 1400.413 1400.245 1400.154 1400.159 1400.163 1400.167 1400.171 1400.758 1401.4 1402.042 1402.685 1404.326 1407.619 1410.912 1414.206 1417.499 1423.909 1430.911 1437.912 1444.913
1437.248 1439.067 1440.885 1442.704 1446.438 1455.215 1463.992 1472.769 1481.546 1486.47 1490.033 1493.596 1497.16 1499.697 1498.201 1496.706 1495.21 1493.715 1488.892 1482.407 1475.921 1469.436 1462.581 1453.263 1443.946 1434.628 1425.311 1419.102 1415.017 1410.931 1406.845 1402.972 1402.542 1402.113 1401.684 1401.254 1401.135 1401.3 1401.466 1401.631 1401.796 1401.473 1401.142 1400.812 1400.482 1400.282 1400.243 1400.204 1400.165 1400.126 1400.541 1400.999 1401.458 1401.916 1403.135 1405.611 1408.088 1410.565 1413.041 1419.14 1425.925 1432.71 1439.495
1444.033 1446.684 1449.336 1451.987 1456.005 1463.619 1471.233 1478.848 1486.462 1490.33 1492.877 1495.424 1497.97 1499.567 1497.433 1495.3 1493.166 1491.032 1484.981 1476.97 1468.959 1460.949 1452.836 1444.043 1435.25 1426.457 1417.665 1412.485 1409.773 1407.061 1404.349 1401.792 1401.741 1401.69 1401.639 1401.589 1401.693 1401.939 1402.185 1402.432 1402.678 1402.196 1401.703 1401.211 1400.718 1400.41 1400.328 1400.245 1400.163 1400.08 1400.324 1400.598 1400.873 1401.147 1401.944 1403.604 1405.264 1406.924 1408.584 1414.37 1420.939 1427.508 1434.076
1450.818 1454.302 1457.786 1461.27 1465.572 1472.023 1478.475 1484.926 1491.378 1494.191 1495.721 1497.251 1498.781 1499.438 1496.666 1493.894 1491.122 1488.35 1481.069 1471.533 1461.997 1452.461 1443.091 1434.823 1426.555 1418.286 1410.018 1405.868 1404.529 1403.191 1401.853 1400.611 1400.939 1401.267 1401.595 1401.923 1402.25 1402.578 1402.905 1403.233 1403.56 1402.919 1402.265 1401.61 1400.955 1400.538 1400.412 1400.286 1400.161 1400.035 1400.107 1400.198 1400.288 1400.379 1400.753 1401.596 1402.44 1403.283 1404.126 1409.6 1415.953 1422.305 1428.658
1457.649 1461.426 1465.202 1468.979 1473.172 1478.461 1483.75 1489.038 1494.327 1496.151 1496.751 1497.352 1497.953 1497.642 1493.746 1489.85 1485.955 1482.059 1474.118 1464.155 1454.191 1444.227 1434.62 1427.383 1420.147 1412.911 1405.675 1402.491 1402.074 1401.656 1401.239 1400.882 1401.504 1402.125 1402.746 1403.368 1403.798 1404.053 1404.308 1404.563 1404.818 1403.97 1403.106 1402.243 1401.379 1400.814 1400.615 1400.416 1400.216 1400.017 1400.0 1400.0 1400.0 1400.0 1400.293 1401.072 1401.85 1402.628 1403.407 1409.055 1415.628 1422.2 1428.772
1464.526 1468.07 1471.614 1475.158 1478.863 1482.989 1487.115 1491.24 1495.366 1496.263 1496.02 1495.777 1495.534 1494.227 1488.736 1483.245 1477.753 1472.262 1464.215 1454.89 1445.564 1436.239 1427.385 1421.674 1415.963 1410.252 1404.541 1402.262 1402.326 1402.39 1402.454 1402.563 1403.395 1404.227 1405.06 1405.892 1406.307 1406.34 1406.374 1406.407 1406.44 1405.339 1404.221 1403.103 1401.985 1401.234 1400.932 1400.63 1400.328 1400.026 1400.0 1400.0 1400.0 1400.0 1400.544 1401.988 1403.431 1404.875 1406.318 1412.614 1419.83 1427.046 1434.262
1471.403 1474.714 1478.026 1481.337 1484.553 1487.516 1490.479 1493.443 1496.406 1496.375 1495.289 1494.202 1493.116 1490.812 1483.725 1476.639 1469.552 1462.466 1454.312 1445.625 1436.937 1428.25 1420.15 1415.964 1411.778 1407.593 1403.407 1402.032 1402.578 1403.123 1403.669 1404.243 1405.286 1406.33 1407.373 1408.416 1408.817 1408.628 1408.439 1408.251 1408.062 1406.707 1405.335 1403.963 1402.591 1401.654 1401.249 1400.844 1400.44 1400.035 1400.0 1400.0 1400.0 1400.0 1400.795 1402.903 1405.012 1407.121 1409.23 1416.172 1424.032 1431.891 1439.751
1478.28 1481.359 1484.438 1487.516 1490.243 1492.044 1493.844 1495.645 1497.445 1496.488 1494.558 1492.627 1490.697 1487.397 1478.715 1470.033 1461.351 1452.669 1444.409 1436.36 1428.311 1420.261 1412.915 1410.255 1407.594 1404.933 1402.273 1401.803 1402.83 1403.857 1404.884 1405.924 1407.178 1408.432 1409.686 1410.94 1411.326 1410.916 1410.505 1410.095 1409.685 1408.076 1406.45 1404.823 1403.197 1402.073 1401.566 1401.059 1400.552 1400.044 1400.0 1400.0 1400.0 1400.0 1401.045 1403.819 1406.593 1409.367 1412.141 1419.731 1428.234 1436.737 1445.24
1485.156 1488.003 1490.849 1493.696 1495.934 1496.572 1497.209 1497.847 1498.484 1496.6 1493.826 1491.052 1488.278 1483.982 1473.705 1463.427 1453.15 1442.872 1434.506 1427.095 1419.684 1412.273 1405.68 1404.545 1403.409 1402.274 1401.139 1401.574 1403.082 1404.59 1406.099 1407.604 1409.069 1410.534 1411.999 1413.464 1413.835 1413.203 1412.571 1411.939 1411.307 1409.445 1407.564 1405.684 1403.803 1402.494 1401.883 1401.273 1400.663 1400.053 1400.0 1400.0 1400.0 1400.0 1401.296 1404.735 1408.174 1411.614 1415.053 1423.29 1432.436 1441.583 1450.73
1486.433 1488.979 1491.524 1494.069 1495.915 1495.925 1495.934 1495.943 1495.952 1492.726 1488.357 1483.988 1479.619 1474.183 1464.559 1454.935 1445.31 1435.686 1428.499 1422.53 1416.562 1410.593 1405.343 1404.886 1404.43 1403.973 1403.516 1404.422 1406.258 1408.094 1409.93 1411.729 1412.918 1414.107 1415.296 1416.485 1416.603 1415.739 1414.875 1414.01 1413.146 1411.019 1408.874 1406.729 1404.583 1403.065 1402.315 1401.565 1400.815 1400.065 1400.0 1400.0 1400.0 1400.0 1401.567 1405.724 1409.881 1414.039 1418.196 1426.764 1436.168 1445.572 1454.976
1487.586 1489.828 1492.07 1494.313 1495.77 1495.163 1494.556 1493.948 1493.341 1488.762 1482.781 1476.801 1470.82 1464.243 1455.322 1446.4 1437.479 1428.558 1422.579 1418.07 1413.562 1409.053 1405.159 1405.362 1405.565 1405.768 1405.971 1407.338 1409.498 1411.659 1413.819 1415.907 1416.81 1417.712 1418.615 1419.517 1419.377 1418.28 1417.183 1416.086 1414.989 1412.598 1410.188 1407.777 1405.367 1403.639 1402.749 1401.858 1400.968 1400.077 1400.0 1400.0 1400.0 1400.0 1401.838 1406.714 1411.591 1416.468 1421.344 1430.236 1439.889 1449.541 1459.194
1488.739 1490.678 1492.617 1494.557 1495.625 1494.401 1493.177 1491.953 1490.73 1484.799 1477.206 1469.614 1462.021 1454.302 1446.084 1437.866 1429.648 1421.43 1416.658 1413.61 1410.562 1407.514 1404.976 1405.839 1406.701 1407.564 1408.427 1410.254 1412.739 1415.224 1417.709 1420.086 1420.702 1421.318 1421.934 1422.55 1422.151 1420.821 1419.492 1418.162 1416.833 1414.177 1411.501 1408.826 1406.151 1404.214 1403.183 1402.152 1401.121 1400.09 1400.0 1400.0 1400.0 1400.0 1402.109 1407.705 1413.301 1418.897 1424.493 1433.708 1443.61 1453.511 1463.413
