data/zism_data/00932_04_D.txt
ncols         224
nrows         224
[rows 120 to 149 of 224, columns 136 to 203 of 224]
1498.0 1498.0 1498.0 1498.0 1498.0 1498.0 1498.0 1498.0 1498.0 1498.0 1498.0 1498.0 1498.0 1498.0 1498.0 1498.0 1498.0 1498.0 1498.0 1498.0 1498.0 1498.0 1498.0 1498.0 1498.0 1498.0 1498.0 1498.0 1498.0 1498.0 1497.999 1497.994 1497.989 1497.984 1497.979 1497.98 1497.985 1497.99 1497.995 1497.982 1497.78 1497.578 1497.375 1497.173 1496.999 1496.848 1496.697 1496.546 1496.393 1496.054 1495.714 1495.375 1495.036 1494.716 1494.415 1494.115 1493.815 1493.514 1493.456 1493.412 1493.368 1493.324 1493.298 1493.298 1493.298 1493.298 1493.298 1493.298
1498.0 1498.0 1498.0 1498.0 1498.0 1498.0 1498.0 1498.0 1498.0 1498.0 1498.0 1498.0 1498.0 1498.0 1498.0 1498.0 1498.0 1498.006 1498.015 1498.023 1498.032 1498.042 1498.059 1498.076 1498.093 1498.11 1498.115 1498.115 1498.115 1498.115 1498.111 1498.086 1498.06 1498.035 1498.01 1497.984 1497.959 1497.933 1497.908 1497.868 1497.673 1497.478 1497.283 1497.088 1496.926 1496.793 1496.659 1496.525 1496.389 1496.082 1495.775 1495.467 1495.16 1494.857 1494.558 1494.26 1493.961 1493.662 1493.596 1493.544 1493.493 1493.441 1493.41 1493.41 1493.41 1493.41 1493.41 1493.41
1498.0 1498.0 1498.0 1498.0 1498.0 1498.0 1498.0 1498.0 1498.0 1498.0 1498.0 1498.0 1498.0 1498.0 1498.0 1498.0 1498.0 1498.019 1498.044 1498.068 1498.093 1498.123 1498.172 1498.222 1498.271 1498.32 1498.335 1498.335 1498.335 1498.335 1498.324 1498.25 1498.176 1498.102 1498.028 1497.954 1497.88 1497.806 1497.732 1497.652 1497.505 1497.359 1497.212 1497.066 1496.914 1496.759 1496.604 1496.448 1496.291 1496.006 1495.72 1495.435 1495.149 1494.875 1494.614 1494.353 1494.093 1493.832 1493.763 1493.705 1493.648 1493.591 1493.557 1493.557 1493.557 1493.557 1493.557 1493.557
1498.0 1498.0 1498.0 1498.0 1498.0 1498.0 1498.0 1498.0 1498.0 1498.0 1498.0 1498.0 1498.0 1498.0 1498.0 1498.0 1498.0 1498.031 1498.072 1498.113 1498.154 1498.204 1498.286 1498.368 1498.449 1498.531 1498.556 1498.556 1498.556 1498.556 1498.536 1498.414 1498.291 1498.169 1498.046 1497.924 1497.801 1497.679 1497.556 1497.436 1497.338 1497.24 1497.142 1497.044 1496.903 1496.726 1496.549 1496.372 1496.194 1495.93 1495.666 1495.402 1495.138 1494.893 1494.67 1494.447 1494.224 1494.001 1493.929 1493.866 1493.804 1493.741 1493.704 1493.704 1493.704 1493.704 1493.704 1493.704
1498.0 1498.0 1498.0 1498.0 1498.0 1498.0 1498.0 1498.0 1498.0 1498.0 1498.0 1498.0 1498.0 1498.0 1498.0 1498.0 1498.0 1498.044 1498.101 1498.158 1498.215 1498.285 1498.399 1498.513 1498.628 1498.742 1498.776 1498.776 1498.776 1498.776 1498.749 1498.578 1498.407 1498.236 1498.064 1497.893 1497.722 1497.551 1497.38 1497.219 1497.17 1497.121 1497.071 1497.022 1496.891 1496.692 1496.494 1496.295 1496.096 1495.854 1495.611 1495.369 1495.126 1494.911 1494.726 1494.541 1494.355 1494.17 1494.095 1494.027 1493.959 1493.891 1493.851 1493.851 1493.851 1493.851 1493.851 1493.851
1498.0 1498.0 1498.0 1498.0 1498.0 1498.0 1498.0 1498.0 1498.0 1498.0 1498.0 1498.0 1498.0 1498.0 1498.0 1498.0 1498.0 1498.056 1498.13 1498.203 1498.276 1498.366 1498.513 1498.659 1498.806 1498.952 1498.997 1498.997 1498.997 1498.997 1498.962 1498.742 1498.522 1498.302 1498.083 1497.863 1497.643 1497.424 1497.204 1497.003 1497.002 1497.002 1497.001 1497.0 1496.879 1496.659 1496.438 1496.218 1495.998 1495.777 1495.557 1495.336 1495.115 1494.929 1494.782 1494.634 1494.487 1494.339 1494.262 1494.188 1494.115 1494.042 1493.998 1493.998 1493.998 1493.998 1493.998 1493.998
1498.061 1498.093 1498.125 1498.147 1498.152 1498.157 1498.163 1498.168 1498.178 1498.189 1498.199 1498.21 1498.217 1498.217 1498.217 1498.217 1498.217 1498.261 1498.319 1498.376 1498.434 1498.505 1498.62 1498.735 1498.85 1498.965 1499.0 1499.0 1499.0 1499.0 1498.965 1498.744 1498.524 1498.303 1498.083 1497.863 1497.642 1497.422 1497.201 1496.997 1496.965 1496.933 1496.901 1496.87 1496.751 1496.563 1496.374 1496.186 1495.997 1495.776 1495.556 1495.335 1495.115 1494.945 1494.83 1494.715 1494.6 1494.485 1494.409 1494.335 1494.262 1494.188 1494.145 1494.145 1494.145 1494.145 1494.145 1494.145
1498.123 1498.187 1498.252 1498.296 1498.307 1498.317 1498.328 1498.339 1498.358 1498.38 1498.401 1498.423 1498.438 1498.438 1498.438 1498.438 1498.438 1498.469 1498.511 1498.552 1498.593 1498.644 1498.727 1498.81 1498.892 1498.975 1499.0 1499.0 1499.0 1499.0 1498.965 1498.744 1498.524 1498.303 1498.083 1497.863 1497.642 1497.422 1497.201 1496.994 1496.93 1496.866 1496.801 1496.737 1496.622 1496.466 1496.31 1496.154 1495.997 1495.776 1495.556 1495.335 1495.115 1494.96 1494.878 1494.795 1494.713 1494.63 1494.556 1494.482 1494.409 1494.335 1494.292 1494.292 1494.292 1494.292 1494.292 1494.292
1498.185 1498.282 1498.378 1498.445 1498.461 1498.477 1498.493 1498.509 1498.539 1498.571 1498.604 1498.636 1498.658 1498.658 1498.658 1498.658 1498.658 1498.677 1498.703 1498.728 1498.753 1498.784 1498.834 1498.884 1498.934 1498.985 1499.0 1499.0 1499.0 1499.0 1498.965 1498.744 1498.524 1498.303 1498.083 1497.863 1497.642 1497.422 1497.201 1496.992 1496.895 1496.798 1496.701 1496.605 1496.493 1496.369 1496.246 1496.122 1495.997 1495.776 1495.556 1495.335 1495.115 1494.976 1494.926 1494.875 1494.825 1494.775 1494.703 1494.629 1494.556 1494.482 1494.439 1494.439 1494.439 1494.439 1494.439 1494.439
1498.247 1498.376 1498.505 1498.594 1498.615 1498.637 1498.658 1498.68 1498.719 1498.763 1498.806 1498.849 1498.879 1498.879 1498.879 1498.879 1498.879 1498.885 1498.894 1498.903 1498.912 1498.923 1498.941 1498.959 1498.977 1498.995 1499.0 1499.0 1499.0 1499.0 1498.965 1498.744 1498.524 1498.303 1498.083 1497.863 1497.642 1497.422 1497.201 1496.989 1496.86 1496.73 1496.601 1496.472 1496.364 1496.273 1496.181 1496.09 1495.997 1495.776 1495.556 1495.335 1495.115 1494.991 1494.974 1494.956 1494.938 1494.92 1494.85 1494.776 1494.703 1494.629 1494.586 1494.586 1494.586 1494.586 1494.586 1494.586
1498.352 1498.485 1498.617 1498.708 1498.73 1498.752 1498.774 1498.796 1498.837 1498.881 1498.925 1498.969 1499.0 1499.0 1499.0 1499.0 1499.0 1499.0 1499.0 1499.0 1499.0 1499.0 1499.0 1499.0 1499.0 1499.0 1499.0 1499.0 1499.0 1499.0 1498.966 1498.75 1498.534 1498.319 1498.103 1497.886 1497.668 1497.45 1497.232 1497.02 1496.865 1496.711 1496.557 1496.403 1496.293 1496.219 1496.146 1496.072 1495.997 1495.798 1495.6 1495.401 1495.203 1495.099 1495.099 1495.099 1495.099 1495.099 1495.023 1494.942 1494.861 1494.781 1494.733 1494.733 1494.733 1494.733 1494.733 1494.728
1498.511 1498.611 1498.711 1498.779 1498.796 1498.813 1498.829 1498.846 1498.877 1498.91 1498.943 1498.977 1499.0 1499.0 1499.0 1499.0 1499.0 1499.0 1499.0 1499.0 1499.0 1499.0 1499.0 1499.0 1499.0 1499.0 1499.0 1499.0 1499.0 1499.0 1498.967 1498.763 1498.558 1498.353 1498.148 1497.938 1497.726 1497.513 1497.301 1497.092 1496.921 1496.751 1496.58 1496.41 1496.293 1496.219 1496.146 1496.072 1495.998 1495.848 1495.698 1495.548 1495.398 1495.319 1495.319 1495.319 1495.319 1495.319 1495.228 1495.131 1495.034 1494.937 1494.88 1494.88 1494.88 1494.88 1494.88 1494.866
1498.669 1498.737 1498.804 1498.851 1498.862 1498.873 1498.885 1498.896 1498.917 1498.939 1498.962 1498.984 1499.0 1499.0 1499.0 1499.0 1499.0 1499.0 1499.0 1499.0 1499.0 1499.0 1499.0 1499.0 1499.0 1499.0 1499.0 1499.0 1499.0 1499.0 1498.969 1498.775 1498.581 1498.387 1498.193 1497.991 1497.784 1497.576 1497.369 1497.164 1496.977 1496.79 1496.604 1496.417 1496.293 1496.219 1496.146 1496.072 1495.999 1495.897 1495.796 1495.694 1495.593 1495.54 1495.54 1495.54 1495.54 1495.54 1495.433 1495.32 1495.207 1495.094 1495.027 1495.027 1495.027 1495.027 1495.027 1495.004
1498.828 1498.863 1498.898 1498.922 1498.928 1498.934 1498.94 1498.946 1498.957 1498.968 1498.98 1498.992 1499.0 1499.0 1499.0 1499.0 1499.0 1499.0 1499.0 1499.0 1499.0 1499.0 1499.0 1499.0 1499.0 1499.0 1499.0 1499.0 1499.0 1499.0 1498.971 1498.788 1498.604 1498.421 1498.238 1498.043 1497.841 1497.64 1497.438 1497.236 1497.033 1496.83 1496.627 1496.424 1496.293 1496.219 1496.146 1496.072 1495.999 1495.946 1495.894 1495.841 1495.788 1495.76 1495.76 1495.76 1495.76 1495.76 1495.639 1495.509 1495.38 1495.25 1495.174 1495.174 1495.174 1495.174 1495.174 1495.141
1498.986 1498.989 1498.992 1498.994 1498.994 1498.995 1498.995 1498.996 1498.997 1498.997 1498.998 1498.999 1499.0 1499.0 1499.0 1499.0 1499.0 1499.0 1499.0 1499.0 1499.0 1499.0 1499.0 1499.0 1499.0 1499.0 1499.0 1499.0 1499.0 1499.0 1498.973 1498.8 1498.628 1498.455 1498.283 1498.096 1497.899 1497.703 1497.506 1497.308 1497.089 1496.87 1496.651 1496.432 1496.293 1496.219 1496.146 1496.072 1496.0 1495.996 1495.991 1495.987 1495.983 1495.981 1495.981 1495.981 1495.981 1495.981 1495.844 1495.698 1495.553 1495.407 1495.321 1495.321 1495.321 1495.321 1495.321 1495.279
1499.0 1499.0 1499.0 1499.0 1499.0 1499.0 1499.0 1499.0 1499.0 1499.0 1499.0 1499.0 1499.0 1499.0 1499.0 1499.0 1499.0 1499.0 1499.0 1499.0 1499.0 1499.0 1499.0 1499.0 1499.0 1499.0 1499.0 1499.0 1499.0 1499.0 1498.978 1498.841 1498.704 1498.567 1498.43 1498.254 1498.053 1497.852 1497.651 1497.446 1497.196 1496.946 1496.696 1496.446 1496.293 1496.219 1496.146 1496.072 1496.0 1496.0 1496.0 1496.0 1496.0 1496.0 1496.0 1496.0 1496.0 1496.0 1495.889 1495.772 1495.655 1495.537 1495.468 1495.468 1495.468 1495.468 1495.468 1495.433
1499.0 1499.0 1499.0 1499.0 1499.0 1499.0 1499.0 1499.0 1499.0 1499.0 1499.0 1499.0 1499.0 1499.0 1499.0 1499.0 1499.0 1499.0 1499.0 1499.0 1499.0 1499.0 1499.0 1499.0 1499.0 1499.0 1499.0 1499.0 1499.0 1499.0 1498.984 1498.885 1498.786 1498.687 1498.588 1498.422 1498.215 1498.009 1497.803 1497.59 1497.307 1497.025 1496.743 1496.46 1496.293 1496.219 1496.146 1496.072 1496.0 1496.0 1496.0 1496.0 1496.0 1496.0 1496.0 1496.0 1496.0 1496.0 1495.92 1495.835 1495.75 1495.665 1495.615 1495.615 1495.615 1495.615 1495.615 1495.59
1499.0 1499.0 1499.0 1499.0 1499.0 1499.0 1499.0 1499.0 1499.0 1499.0 1499.0 1499.0 1499.0 1499.0 1499.0 1499.0 1499.0 1499.0 1499.0 1499.0 1499.0 1499.0 1499.0 1499.0 1499.0 1499.0 1499.0 1499.0 1499.0 1499.0 1498.99 1498.929 1498.868 1498.806 1498.745 1498.59 1498.378 1498.166 1497.955 1497.734 1497.419 1497.104 1496.79 1496.475 1496.293 1496.219 1496.146 1496.072 1496.0 1496.0 1496.0 1496.0 1496.0 1496.0 1496.0 1496.0 1496.0 1496.0 1495.95 1495.898 1495.845 1495.793 1495.761 1495.761 1495.761 1495.761 1495.761 1495.746
1499.0 1499.0 1499.0 1499.0 1499.0 1499.0 1499.0 1499.0 1499.0 1499.0 1499.0 1499.0 1499.0 1499.0 1499.0 1499.0 1499.0 1499.0 1499.0 1499.0 1499.0 1499.0 1499.0 1499.0 1499.0 1499.0 1499.0 1499.0 1499.0 1499.0 1498.996 1498.973 1498.949 1498.926 1498.902 1498.758 1498.541 1498.324 1498.107 1497.878 1497.531 1497.184 1496.837 1496.489 1496.293 1496.219 1496.146 1496.072 1496.0 1496.0 1496.0 1496.0 1496.0 1496.0 1496.0 1496.0 1496.0 1496.0 1495.981 1495.961 1495.941 1495.92 1495.908 1495.908 1495.908 1495.908 1495.908 1495.903
1499.0 1499.0 1499.0 1499.0 1499.0 1499.0 1499.0 1499.0 1499.0 1499.0 1499.0 1499.0 1499.0 1499.0 1499.0 1499.0 1499.0 1499.0 1499.0 1499.0 1499.0 1499.0 1499.0 1499.0 1499.0 1499.0 1499.0 1499.0 1499.0 1499.0 1498.999 1498.993 1498.987 1498.981 1498.975 1498.839 1498.624 1498.41 1498.196 1497.969 1497.614 1497.259 1496.903 1496.548 1496.346 1496.268 1496.191 1496.113 1496.037 1496.029 1496.021 1496.012 1496.004 1496.0 1496.0 1496.0 1496.0 1496.0 1496.0 1496.0 1496.0 1496.0 1496.0 1496.0 1496.0 1496.0 1496.0 1496.0
1499.0 1499.0 1499.0 1499.0 1499.0 1499.0 1499.0 1499.0 1499.0 1499.0 1499.0 1499.0 1499.0 1499.0 1499.0 1499.0 1499.0 1499.0 1499.0 1499.0 1499.0 1499.0 1499.0 1499.0 1499.0 1499.0 1499.0 1499.0 1499.0 1499.0 1498.996 1498.974 1498.952 1498.93 1498.907 1498.775 1498.577 1498.379 1498.181 1497.972 1497.649 1497.326 1497.003 1496.681 1496.487 1496.399 1496.31 1496.222 1496.135 1496.105 1496.075 1496.045 1496.016 1496.0 1496.0 1496.0 1496.0 1496.0 1496.0 1496.0 1496.0 1496.0 1496.0 1496.0 1496.0 1496.0 1496.0 1496.0
1499.0 1499.0 1499.0 1499.0 1499.0 1499.0 1499.0 1499.0 1499.0 1499.0 1499.0 1499.0 1499.0 1499.0 1499.0 1499.0 1499.0 1499.0 1499.0 1499.0 1499.0 1499.0 1499.0 1499.0 1499.0 1499.0 1499.0 1499.0 1499.0 1499.0 1498.994 1498.955 1498.917 1498.878 1498.84 1498.712 1498.53 1498.348 1498.166 1497.975 1497.684 1497.394 1497.104 1496.813 1496.628 1496.529 1496.43 1496.331 1496.232 1496.181 1496.13 1496.078 1496.027 1496.0 1496.0 1496.0 1496.0 1496.0 1496.0 1496.0 1496.0 1496.0 1496.0 1496.0 1496.0 1496.0 1496.0 1496.0
1499.0 1499.0 1499.0 1499.0 1499.0 1499.0 1499.0 1499.0 1499.0 1499.0 1499.0 1499.0 1499.0 1499.0 1499.0 1499.0 1499.0 1499.0 1499.0 1499.0 1499.0 1499.0 1499.0 1499.0 1499.0 1499.0 1499.0 1499.0 1499.0 1499.0 1498.991 1498.937 1498.882 1498.827 1498.773 1498.649 1498.483 1498.317 1498.151 1497.978 1497.72 1497.462 1497.203 1496.946 1496.769 1496.659 1496.549 1496.439 1496.33 1496.257 1496.184 1496.111 1496.038 1496.0 1496.0 1496.0 1496.0 1496.0 1496.0 1496.0 1496.0 1496.0 1496.0 1496.0 1496.0 1496.0 1496.0 1496.0
1499.0 1499.0 1499.0 1499.0 1499.0 1499.0 1499.0 1499.0 1499.0 1499.0 1499.0 1499.0 1499.0 1499.0 1499.0 1499.0 1499.0 1499.0 1499.0 1499.0 1499.0 1499.0 1499.0 1499.0 1499.0 1499.0 1499.0 1499.0 1499.0 1499.0 1498.989 1498.918 1498.847 1498.776 1498.705 1498.585 1498.436 1498.286 1498.137 1497.98 1497.755 1497.529 1497.304 1497.078 1496.91 1496.789 1496.669 1496.548 1496.427 1496.333 1496.238 1496.144 1496.049 1496.0 1496.0 1496.0 1496.0 1496.0 1496.0 1496.0 1496.0 1496.0 1496.0 1496.0 1496.0 1496.0 1496.0 1496.0
1499.0 1499.0 1499.0 1499.0 1499.0 1499.0 1499.0 1499.0 1499.0 1499.0 1499.0 1499.0 1499.0 1499.0 1499.0 1499.0 1499.0 1499.0 1499.0 1499.0 1499.0 1499.0 1499.0 1499.0 1499.0 1499.0 1499.0 1499.0 1499.0 1499.0 1498.988 1498.915 1498.841 1498.768 1498.694 1498.575 1498.428 1498.281 1498.134 1497.981 1497.76 1497.54 1497.319 1497.099 1496.945 1496.845 1496.745 1496.646 1496.546 1496.466 1496.387 1496.307 1496.227 1496.185 1496.185 1496.185 1496.185 1496.185 1496.185 1496.185 1496.185 1496.185 1496.185 1496.185 1496.185 1496.185 1496.185 1496.162
1499.0 1499.0 1499.0 1499.0 1499.0 1499.0 1499.0 1499.0 1499.0 1499.0 1499.0 1499.0 1499.0 1499.0 1499.0 1499.0 1499.0 1499.0 1499.0 1499.0 1499.0 1499.0 1499.0 1499.0 1499.0 1499.0 1499.0 1499.0 1499.0 1499.0 1498.988 1498.915 1498.841 1498.768 1498.694 1498.575 1498.428 1498.281 1498.134 1497.981 1497.76 1497.54 1497.319 1497.099 1496.96 1496.887 1496.814 1496.742 1496.669 1496.611 1496.553 1496.494 1496.436 1496.406 1496.406 1496.406 1496.406 1496.406 1496.406 1496.406 1496.406 1496.406 1496.406 1496.406 1496.406 1496.406 1496.406 1496.354
1499.0 1499.0 1499.0 1499.0 1499.0 1499.0 1499.0 1499.0 1499.0 1499.0 1499.0 1499.0 1499.0 1499.0 1499.0 1499.0 1499.0 1499.0 1499.0 1499.0 1499.0 1499.0 1499.0 1499.0 1499.0 1499.0 1499.0 1499.0 1499.0 1499.0 1498.988 1498.915 1498.841 1498.768 1498.694 1498.575 1498.428 1498.281 1498.134 1497.981 1497.76 1497.54 1497.319 1497.099 1496.975 1496.929 1496.883 1496.837 1496.792 1496.755 1496.719 1496.682 1496.645 1496.626 1496.626 1496.626 1496.626 1496.626 1496.626 1496.626 1496.626 1496.626 1496.626 1496.626 1496.626 1496.626 1496.626 1496.546
1499.0 1499.0 1499.0 1499.0 1499.0 1499.0 1499.0 1499.0 1499.0 1499.0 1499.0 1499.0 1499.0 1499.0 1499.0 1499.0 1499.0 1499.0 1499.0 1499.0 1499.0 1499.0 1499.0 1499.0 1499.0 1499.0 1499.0 1499.0 1499.0 1499.0 1498.988 1498.915 1498.841 1498.768 1498.694 1498.575 1498.428 1498.281 1498.134 1497.981 1497.76 1497.54 1497.319 1497.099 1496.99 1496.971 1496.952 1496.933 1496.915 1496.9 1496.885 1496.87 1496.854 1496.847 1496.847 1496.847 1496.847 1496.847 1496.847 1496.847 1496.847 1496.847 1496.847 1496.847 1496.847 1496.847 1496.847 1496.738
1499.0 1499.0 1499.0 1499.0 1499.0 1499.0 1499.0 1499.0 1499.0 1499.0 1499.0 1499.0 1499.0 1499.0 1499.0 1499.0 1499.0 1499.0 1499.0 1499.0 1499.0 1499.0 1499.0 1499.0 1499.0 1499.0 1499.0 1499.0 1499.0 1499.0 1498.988 1498.915 1498.841 1498.768 1498.694 1498.575 1498.428 1498.281 1498.134 1497.982 1497.776 1497.571 1497.365 1497.16 1497.059 1497.044 1497.029 1497.015 1497.0 1497.0 1497.0 1497.0 1497.0 1497.0 1497.0 1497.0 1497.0 1497.0 1497.0 1497.0 1497.0 1497.0 1497.0 1497.0 1497.0 1497.0 1497.0 1496.881
1499.0 1499.0 1499.0 1499.0 1499.0 1499.0 1499.0 1499.0 1499.0 1499.0 1499.0 1499.0 1499.0 1499.0 1499.0 1499.0 1499.0 1499.0 1499.0 1499.0 1499.0 1499.0 1499.0 1499.0 1499.0 1499.0 1499.0 1499.0 1499.0 1499.0 1498.988 1498.915 1498.841 1498.768 1498.694 1498.575 1498.428 1498.281 1498.134 1497.986 1497.829 1497.672 1497.515 1497.358 1497.253 1497.189 1497.126 1497.063 1497.0 1497.0 1497.0 1497.0 1497.0 1497.0 1497.0 1497.0 1497.0 1497.0 1497.0 1497.0 1497.0 1497.0 1497.0 1497.0 1497.0 1497.0 1497.0 1496.909
