data/zism_data/00937_03_D.txt
ncols         224
nrows         224
[rows 87 to 115 of 224, columns 0 to 64 of 224]
1195.16 1195.16 1195.207 1195.276 1195.346 1195.415 1195.479 1195.479 1195.479 1195.479 1195.479 1195.503 1195.554 1195.604 1195.655 1195.705 1195.744 1195.782 1195.82 1195.858 1195.892 1195.917 1195.942 1195.967 1195.993 1196.0 1196.0 1196.0 1196.0 1196.0 1196.0 1196.0 1196.0 1196.0 1196.0 1196.0 1196.0 1196.0 1196.0 1195.977 1195.952 1195.926 1195.901 1195.856 1195.767 1195.679 1195.591 1195.502 1195.428 1195.359 1195.289 1195.22 1195.16 1195.16 1195.16 1195.16 1195.16 1195.134 1195.087 1195.039 1194.992 1194.945 1194.847 1194.746 1194.645
1195.233 1195.233 1195.302 1195.404 1195.505 1195.606 1195.699 1195.699 1195.699 1195.699 1195.699 1195.713 1195.742 1195.771 1195.8 1195.83 1195.852 1195.874 1195.896 1195.918 1195.937 1195.952 1195.967 1195.981 1195.996 1196.0 1196.0 1196.0 1196.0 1196.0 1196.0 1196.0 1196.0 1196.0 1196.0 1196.0 1196.0 1196.0 1196.0 1195.987 1195.972 1195.958 1195.943 1195.917 1195.865 1195.814 1195.763 1195.712 1195.625 1195.523 1195.422 1195.321 1195.233 1195.233 1195.233 1195.233 1195.233 1195.202 1195.144 1195.086 1195.028 1194.97 1194.912 1194.853 1194.795
1195.306 1195.306 1195.397 1195.531 1195.664 1195.797 1195.919 1195.919 1195.919 1195.919 1195.919 1195.922 1195.93 1195.938 1195.946 1195.954 1195.96 1195.966 1195.972 1195.978 1195.983 1195.987 1195.991 1195.995 1195.999 1196.0 1196.0 1196.0 1196.0 1196.0 1196.0 1196.0 1196.0 1196.0 1196.0 1196.0 1196.0 1196.0 1196.0 1195.996 1195.992 1195.989 1195.985 1195.977 1195.964 1195.95 1195.936 1195.922 1195.822 1195.688 1195.555 1195.422 1195.306 1195.306 1195.306 1195.306 1195.306 1195.269 1195.201 1195.132 1195.064 1194.995 1194.976 1194.96 1194.945
1195.426 1195.426 1195.511 1195.636 1195.761 1195.886 1196.0 1196.0 1196.0 1196.0 1196.0 1196.0 1196.0 1196.0 1196.0 1196.0 1196.0 1196.0 1196.0 1196.0 1196.0 1196.0 1196.0 1196.0 1196.0 1196.0 1196.0 1196.0 1196.0 1196.0 1196.0 1196.0 1196.0 1196.0 1196.0 1196.0 1196.0 1196.0 1196.0 1196.0 1196.0 1196.0 1196.0 1196.0 1196.0 1196.0 1196.0 1196.0 1195.909 1195.784 1195.659 1195.534 1195.426 1195.426 1195.426 1195.426 1195.426 1195.387 1195.314 1195.242 1195.169 1195.097 1195.074 1195.053 1195.033
1195.573 1195.573 1195.636 1195.729 1195.822 1195.915 1196.0 1196.0 1196.0 1196.0 1196.0 1196.0 1196.0 1196.0 1196.0 1196.0 1196.0 1196.0 1196.0 1196.0 1196.0 1196.0 1196.0 1196.0 1196.0 1196.0 1196.0 1196.0 1196.0 1196.0 1196.0 1196.0 1196.0 1196.0 1196.0 1196.0 1196.0 1196.0 1196.0 1196.0 1196.0 1196.0 1196.0 1196.0 1196.0 1196.0 1196.0 1196.0 1195.932 1195.839 1195.746 1195.653 1195.573 1195.573 1195.573 1195.573 1195.573 1195.534 1195.461 1195.389 1195.316 1195.244 1195.19 1195.138 1195.086
1195.719 1195.719 1195.761 1195.822 1195.883 1195.944 1196.0 1196.0 1196.0 1196.0 1196.0 1196.0 1196.0 1196.0 1196.0 1196.0 1196.0 1196.0 1196.0 1196.0 1196.0 1196.0 1196.0 1196.0 1196.0 1196.0 1196.0 1196.0 1196.0 1196.0 1196.0 1196.0 1196.0 1196.0 1196.0 1196.0 1196.0 1196.0 1196.0 1196.0 1196.0 1196.0 1196.0 1196.0 1196.0 1196.0 1196.0 1196.0 1195.956 1195.894 1195.833 1195.772 1195.719 1195.719 1195.719 1195.719 1195.719 1195.68 1195.608 1195.535 1195.463 1195.39 1195.307 1195.223 1195.139
1195.866 1195.866 1195.886 1195.915 1195.944 1195.973 1196.0 1196.0 1196.0 1196.0 1196.0 1196.0 1196.0 1196.0 1196.0 1196.0 1196.0 1196.0 1196.0 1196.0 1196.0 1196.0 1196.0 1196.0 1196.0 1196.0 1196.0 1196.0 1196.0 1196.0 1196.0 1196.0 1196.0 1196.0 1196.0 1196.0 1196.0 1196.0 1196.0 1196.0 1196.0 1196.0 1196.0 1196.0 1196.0 1196.0 1196.0 1196.0 1195.979 1195.95 1195.921 1195.891 1195.866 1195.866 1195.866 1195.866 1195.866 1195.827 1195.755 1195.682 1195.609 1195.537 1195.424 1195.308 1195.192
1196.0 1196.0 1196.0 1196.0 1196.0 1196.0 1196.0 1196.0 1196.0 1196.0 1196.0 1196.0 1196.0 1196.0 1196.0 1196.0 1196.0 1196.0 1196.0 1196.0 1196.001 1196.004 1196.006 1196.009 1196.012 1196.013 1196.014 1196.015 1196.016 1196.017 1196.018 1196.018 1196.018 1196.019 1196.019 1196.019 1196.019 1196.019 1196.019 1196.019 1196.019 1196.019 1196.019 1196.019 1196.017 1196.016 1196.015 1196.013 1196.013 1196.013 1196.013 1196.013 1196.012 1196.01 1196.007 1196.004 1196.001 1195.962 1195.891 1195.819 1195.748 1195.677 1195.538 1195.394 1195.25
1196.0 1196.0 1196.0 1196.0 1196.0 1196.0 1196.0 1196.0 1196.0 1196.0 1196.0 1196.0 1196.0 1196.0 1196.0 1196.0 1196.0 1196.0 1196.0 1196.0 1196.01 1196.045 1196.08 1196.115 1196.149 1196.168 1196.179 1196.191 1196.202 1196.213 1196.219 1196.225 1196.231 1196.236 1196.239 1196.239 1196.239 1196.239 1196.239 1196.239 1196.239 1196.239 1196.239 1196.234 1196.216 1196.199 1196.182 1196.164 1196.159 1196.159 1196.159 1196.159 1196.155 1196.12 1196.085 1196.051 1196.016 1195.97 1195.915 1195.86 1195.805 1195.75 1195.626 1195.498 1195.371
1196.0 1196.0 1196.0 1196.0 1196.0 1196.0 1196.0 1196.0 1196.0 1196.0 1196.0 1196.0 1196.0 1196.0 1196.0 1196.0 1196.0 1196.0 1196.0 1196.0 1196.02 1196.087 1196.153 1196.22 1196.287 1196.322 1196.344 1196.366 1196.389 1196.41 1196.421 1196.432 1196.443 1196.454 1196.459 1196.459 1196.459 1196.459 1196.459 1196.459 1196.459 1196.459 1196.459 1196.449 1196.415 1196.382 1196.349 1196.315 1196.306 1196.306 1196.306 1196.306 1196.297 1196.231 1196.164 1196.098 1196.031 1195.979 1195.94 1195.901 1195.861 1195.822 1195.715 1195.603 1195.491
1196.0 1196.0 1196.0 1196.0 1196.0 1196.0 1196.0 1196.0 1196.0 1196.0 1196.0 1196.0 1196.0 1196.0 1196.0 1196.0 1196.0 1196.0 1196.0 1196.0 1196.03 1196.128 1196.227 1196.325 1196.424 1196.476 1196.509 1196.542 1196.575 1196.606 1196.622 1196.639 1196.655 1196.672 1196.679 1196.679 1196.679 1196.679 1196.679 1196.679 1196.679 1196.679 1196.679 1196.663 1196.614 1196.565 1196.516 1196.466 1196.453 1196.453 1196.453 1196.453 1196.44 1196.341 1196.243 1196.144 1196.046 1195.988 1195.964 1195.941 1195.918 1195.895 1195.803 1195.707 1195.611
1196.0 1196.0 1196.0 1196.0 1196.0 1196.0 1196.0 1196.0 1196.0 1196.0 1196.0 1196.0 1196.0 1196.0 1196.0 1196.0 1196.0 1196.0 1196.0 1196.0 1196.039 1196.17 1196.3 1196.431 1196.561 1196.63 1196.674 1196.717 1196.761 1196.802 1196.824 1196.845 1196.867 1196.889 1196.9 1196.9 1196.9 1196.9 1196.9 1196.9 1196.9 1196.9 1196.9 1196.878 1196.813 1196.748 1196.683 1196.617 1196.6 1196.6 1196.6 1196.6 1196.582 1196.452 1196.321 1196.191 1196.06 1195.996 1195.989 1195.982 1195.974 1195.967 1195.891 1195.812 1195.732
1196.04 1196.04 1196.04 1196.04 1196.04 1196.04 1196.041 1196.059 1196.076 1196.094 1196.111 1196.12 1196.12 1196.12 1196.12 1196.12 1196.12 1196.12 1196.12 1196.12 1196.158 1196.286 1196.414 1196.541 1196.669 1196.737 1196.779 1196.822 1196.864 1196.905 1196.926 1196.947 1196.968 1196.99 1197.0 1197.0 1197.0 1197.0 1197.0 1197.0 1197.0 1197.0 1197.0 1196.979 1196.916 1196.852 1196.788 1196.724 1196.707 1196.707 1196.707 1196.707 1196.69 1196.562 1196.434 1196.307 1196.179 1196.12 1196.12 1196.12 1196.12 1196.12 1196.043 1195.962 1195.881
1196.113 1196.113 1196.113 1196.113 1196.113 1196.113 1196.118 1196.167 1196.216 1196.265 1196.315 1196.34 1196.34 1196.34 1196.34 1196.34 1196.34 1196.34 1196.34 1196.34 1196.369 1196.464 1196.56 1196.656 1196.752 1196.802 1196.834 1196.866 1196.898 1196.928 1196.944 1196.96 1196.976 1196.992 1197.0 1197.0 1197.0 1197.0 1197.0 1197.0 1197.0 1197.0 1197.0 1196.984 1196.937 1196.889 1196.841 1196.793 1196.78 1196.78 1196.78 1196.78 1196.767 1196.671 1196.576 1196.48 1196.384 1196.34 1196.34 1196.34 1196.34 1196.34 1196.248 1196.151 1196.054
1196.187 1196.187 1196.187 1196.187 1196.187 1196.187 1196.194 1196.275 1196.356 1196.437 1196.519 1196.56 1196.56 1196.56 1196.56 1196.56 1196.56 1196.56 1196.56 1196.56 1196.579 1196.643 1196.707 1196.771 1196.834 1196.868 1196.89 1196.911 1196.932 1196.952 1196.963 1196.974 1196.984 1196.995 1197.0 1197.0 1197.0 1197.0 1197.0 1197.0 1197.0 1197.0 1197.0 1196.99 1196.958 1196.926 1196.894 1196.862 1196.853 1196.853 1196.853 1196.853 1196.845 1196.781 1196.717 1196.653 1196.589 1196.56 1196.56 1196.56 1196.56 1196.56 1196.453 1196.34 1196.227
1196.26 1196.26 1196.26 1196.26 1196.26 1196.26 1196.27 1196.383 1196.496 1196.609 1196.723 1196.78 1196.78 1196.78 1196.78 1196.78 1196.78 1196.78 1196.78 1196.78 1196.79 1196.821 1196.853 1196.885 1196.917 1196.934 1196.945 1196.955 1196.966 1196.976 1196.981 1196.987 1196.992 1196.997 1197.0 1197.0 1197.0 1197.0 1197.0 1197.0 1197.0 1197.0 1197.0 1196.995 1196.979 1196.963 1196.947 1196.931 1196.927 1196.927 1196.927 1196.927 1196.922 1196.891 1196.859 1196.827 1196.795 1196.78 1196.78 1196.78 1196.78 1196.78 1196.658 1196.529 1196.4
1196.333 1196.333 1196.333 1196.333 1196.333 1196.333 1196.346 1196.491 1196.636 1196.781 1196.926 1197.0 1197.0 1197.0 1197.0 1197.0 1197.0 1197.0 1197.0 1197.0 1197.0 1197.0 1197.0 1197.0 1197.0 1197.0 1197.0 1197.0 1197.0 1197.0 1197.0 1197.0 1197.0 1197.0 1197.0 1197.0 1197.0 1197.0 1197.0 1197.0 1197.0 1197.0 1197.0 1197.0 1197.0 1197.0 1197.0 1197.0 1197.0 1197.0 1197.0 1197.0 1197.0 1197.0 1197.0 1197.0 1197.0 1197.0 1197.0 1197.0 1197.0 1197.0 1196.864 1196.718 1196.573
1196.48 1196.48 1196.48 1196.48 1196.48 1196.48 1196.49 1196.603 1196.716 1196.829 1196.943 1197.0 1197.0 1197.0 1197.0 1197.0 1197.0 1197.0 1197.0 1197.0 1197.0 1197.0 1197.0 1197.0 1197.0 1197.0 1197.0 1197.0 1197.0 1197.0 1197.0 1197.0 1197.0 1197.0 1197.0 1197.0 1197.0 1197.0 1197.0 1197.0 1197.0 1197.0 1197.0 1197.0 1197.0 1197.0 1197.0 1197.0 1197.0 1197.0 1197.0 1197.0 1197.0 1197.0 1197.0 1197.0 1197.0 1197.0 1197.0 1197.0 1197.0 1197.0 1196.894 1196.78 1196.667
1196.627 1196.627 1196.627 1196.627 1196.627 1196.627 1196.634 1196.715 1196.796 1196.878 1196.959 1197.0 1197.0 1197.0 1197.0 1197.0 1197.0 1197.0 1197.0 1197.0 1197.0 1197.0 1197.0 1197.0 1197.0 1197.0 1197.0 1197.0 1197.0 1197.0 1197.0 1197.0 1197.0 1197.0 1197.0 1197.0 1197.0 1197.0 1197.0 1197.0 1197.0 1197.0 1197.0 1197.0 1197.0 1197.0 1197.0 1197.0 1197.0 1197.0 1197.0 1197.0 1197.0 1197.0 1197.0 1197.0 1197.0 1197.0 1197.0 1197.0 1197.0 1197.0 1196.924 1196.842 1196.761
1196.774 1196.774 1196.774 1196.774 1196.774 1196.774 1196.778 1196.827 1196.876 1196.926 1196.975 1197.0 1197.0 1197.0 1197.0 1197.0 1197.0 1197.0 1197.0 1197.0 1197.0 1197.0 1197.0 1197.0 1197.0 1197.0 1197.0 1197.0 1197.0 1197.0 1197.0 1197.0 1197.0 1197.0 1197.0 1197.0 1197.0 1197.0 1197.0 1197.0 1197.0 1197.0 1197.0 1197.0 1197.0 1197.0 1197.0 1197.0 1197.0 1197.0 1197.0 1197.0 1197.0 1197.0 1197.0 1197.0 1197.0 1197.0 1197.0 1197.0 1197.0 1197.0 1196.954 1196.904 1196.855
1196.92 1196.92 1196.92 1196.92 1196.92 1196.92 1196.922 1196.939 1196.957 1196.974 1196.991 1197.0 1197.0 1197.0 1197.0 1197.0 1197.0 1197.0 1197.0 1197.0 1197.0 1197.0 1197.0 1197.0 1197.0 1197.0 1197.0 1197.0 1197.0 1197.0 1197.0 1197.0 1197.0 1197.0 1197.0 1197.0 1197.0 1197.0 1197.0 1197.0 1197.0 1197.0 1197.0 1197.0 1197.0 1197.0 1197.0 1197.0 1197.0 1197.0 1197.0 1197.0 1197.0 1197.0 1197.0 1197.0 1197.0 1197.0 1197.0 1197.0 1197.0 1197.0 1196.984 1196.966 1196.949
1197.0 1197.0 1197.0 1197.0 1197.0 1197.0 1197.0 1197.0 1197.0 1197.0 1197.0 1197.0 1197.0 1197.0 1197.0 1197.0 1197.0 1197.0 1197.0 1197.0 1197.0 1197.0 1197.0 1197.0 1197.0 1197.0 1197.0 1197.0 1197.0 1197.0 1197.0 1197.0 1197.0 1197.0 1197.0 1197.0 1197.0 1197.0 1197.0 1197.013 1197.028 1197.043 1197.057 1197.067 1197.067 1197.067 1197.067 1197.067 1197.067 1197.067 1197.067 1197.067 1197.066 1197.056 1197.046 1197.036 1197.027 1197.02 1197.015 1197.01 1197.005 1197.0 1197.0 1197.0 1197.0
1197.0 1197.0 1197.0 1197.0 1197.0 1197.0 1197.0 1197.0 1197.0 1197.0 1197.0 1197.0 1197.0 1197.0 1197.0 1197.0 1197.0 1197.0 1197.0 1197.0 1197.0 1197.0 1197.0 1197.0 1197.0 1197.0 1197.0 1197.0 1197.0 1197.0 1197.0 1197.0 1197.0 1197.0 1197.0 1197.0 1197.0 1197.0 1197.0 1197.043 1197.089 1197.136 1197.182 1197.214 1197.214 1197.214 1197.214 1197.214 1197.214 1197.214 1197.214 1197.214 1197.21 1197.179 1197.148 1197.117 1197.086 1197.063 1197.047 1197.032 1197.016 1197.001 1197.0 1197.0 1197.0
1197.0 1197.0 1197.0 1197.0 1197.0 1197.0 1197.0 1197.0 1197.0 1197.0 1197.0 1197.0 1197.0 1197.0 1197.0 1197.0 1197.0 1197.0 1197.0 1197.0 1197.0 1197.0 1197.0 1197.0 1197.0 1197.0 1197.0 1197.0 1197.0 1197.0 1197.0 1197.0 1197.0 1197.0 1197.0 1197.0 1197.0 1197.0 1197.0 1197.072 1197.151 1197.229 1197.307 1197.36 1197.36 1197.36 1197.36 1197.36 1197.36 1197.36 1197.36 1197.36 1197.354 1197.301 1197.249 1197.197 1197.144 1197.106 1197.08 1197.054 1197.028 1197.002 1197.0 1197.0 1197.0
1197.0 1197.0 1197.0 1197.0 1197.0 1197.0 1197.0 1197.0 1197.0 1197.0 1197.0 1197.0 1197.0 1197.0 1197.0 1197.0 1197.0 1197.0 1197.0 1197.0 1197.0 1197.0 1197.0 1197.0 1197.0 1197.0 1197.0 1197.0 1197.0 1197.0 1197.0 1197.0 1197.0 1197.0 1197.0 1197.0 1197.0 1197.0 1197.0 1197.101 1197.212 1197.322 1197.432 1197.507 1197.507 1197.507 1197.507 1197.507 1197.507 1197.507 1197.507 1197.507 1197.497 1197.424 1197.35 1197.277 1197.203 1197.149 1197.113 1197.076 1197.039 1197.002 1197.0 1197.0 1197.0
1197.0 1197.0 1197.0 1197.0 1197.0 1197.0 1197.0 1197.0 1197.0 1197.0 1197.0 1197.0 1197.0 1197.0 1197.0 1197.0 1197.0 1197.0 1197.0 1197.0 1197.0 1197.0 1197.0 1197.0 1197.0 1197.0 1197.0 1197.0 1197.0 1197.0 1197.0 1197.0 1197.0 1197.0 1197.0 1197.0 1197.0 1197.0 1197.0 1197.131 1197.273 1197.415 1197.558 1197.654 1197.654 1197.654 1197.654 1197.654 1197.654 1197.654 1197.654 1197.654 1197.641 1197.547 1197.452 1197.357 1197.262 1197.193 1197.145 1197.098 1197.05 1197.003 1197.0 1197.0 1197.0
1197.067 1197.067 1197.067 1197.067 1197.067 1197.067 1197.067 1197.067 1197.067 1197.067 1197.067 1197.067 1197.067 1197.067 1197.067 1197.067 1197.067 1197.067 1197.067 1197.067 1197.067 1197.067 1197.067 1197.067 1197.067 1197.088 1197.117 1197.146 1197.175 1197.201 1197.201 1197.201 1197.201 1197.201 1197.201 1197.201 1197.201 1197.201 1197.201 1197.307 1197.423 1197.539 1197.655 1197.734 1197.734 1197.734 1197.734 1197.734 1197.734 1197.734 1197.734 1197.734 1197.721 1197.624 1197.527 1197.431 1197.334 1197.255 1197.193 1197.13 1197.067 1197.004 1197.0 1197.0 1197.0
1197.14 1197.14 1197.14 1197.14 1197.14 1197.14 1197.14 1197.14 1197.14 1197.14 1197.14 1197.14 1197.14 1197.14 1197.14 1197.14 1197.14 1197.14 1197.14 1197.14 1197.14 1197.14 1197.14 1197.14 1197.14 1197.183 1197.245 1197.306 1197.367 1197.421 1197.421 1197.421 1197.421 1197.421 1197.421 1197.421 1197.421 1197.421 1197.421 1197.498 1197.582 1197.666 1197.75 1197.807 1197.807 1197.807 1197.807 1197.807 1197.807 1197.807 1197.807 1197.807 1197.794 1197.698 1197.601 1197.504 1197.407 1197.32 1197.241 1197.162 1197.083 1197.005 1197.0 1197.0 1197.0
1197.214 1197.214 1197.214 1197.214 1197.214 1197.214 1197.214 1197.214 1197.214 1197.214 1197.214 1197.214 1197.214 1197.214 1197.214 1197.214 1197.214 1197.214 1197.214 1197.214 1197.214 1197.214 1197.214 1197.214 1197.214 1197.279 1197.372 1197.465 1197.558 1197.641 1197.641 1197.641 1197.641 1197.641 1197.641 1197.641 1197.641 1197.641 1197.641 1197.689 1197.741 1197.793 1197.845 1197.88 1197.88 1197.88 1197.88 1197.88 1197.88 1197.88 1197.88 1197.88 1197.868 1197.771 1197.674 1197.578 1197.481 1197.385 1197.29 1197.195 1197.1 1197.006 1197.0 1197.0 1197.0
