data/zism_data/00931_03_D.txt
ncols         224
nrows         224
[rows 116 to 144 of 224, columns 64 to 127 of 224]
1396.596 1396.377 1396.159 1396.039 1396.182 1396.325 1396.468 1396.61 1396.703 1396.776 1396.849 1396.922 1397.021 1397.24 1397.459 1397.677 1397.896 1398.115 1398.332 1398.55 1398.768 1398.949 1398.658 1398.367 1398.076 1397.785 1397.456 1397.092 1396.729 1396.365 1396.002 1395.846 1395.697 1395.548 1395.399 1395.281 1395.209 1395.136 1395.064 1394.991 1394.985 1394.989 1394.993 1394.997 1395.116 1395.481 1395.845 1396.209 1396.574 1396.94 1397.306 1397.672 1398.038 1398.357 1398.505 1398.654 1398.802 1398.951 1399.145 1399.363 1399.581 1399.799 1399.992 1399.994
1396.552 1396.349 1396.147 1396.021 1396.1 1396.178 1396.256 1396.334 1396.409 1396.482 1396.555 1396.629 1396.724 1396.927 1397.13 1397.332 1397.535 1397.727 1397.912 1398.098 1398.284 1398.437 1398.178 1397.919 1397.661 1397.402 1397.114 1396.799 1396.484 1396.169 1395.854 1395.652 1395.455 1395.257 1395.059 1394.919 1394.857 1394.795 1394.733 1394.671 1394.728 1394.802 1394.875 1394.95 1395.106 1395.438 1395.77 1396.102 1396.434 1396.793 1397.159 1397.525 1397.891 1398.217 1398.398 1398.578 1398.759 1398.94 1399.124 1399.309 1399.495 1399.68 1399.849 1399.883
1396.508 1396.322 1396.135 1396.004 1396.017 1396.031 1396.045 1396.058 1396.115 1396.188 1396.261 1396.335 1396.428 1396.614 1396.801 1396.987 1397.174 1397.339 1397.493 1397.646 1397.799 1397.925 1397.698 1397.472 1397.245 1397.019 1396.771 1396.505 1396.238 1395.972 1395.705 1395.458 1395.212 1394.966 1394.72 1394.556 1394.505 1394.453 1394.402 1394.351 1394.47 1394.614 1394.758 1394.902 1395.096 1395.395 1395.695 1395.995 1396.295 1396.646 1397.012 1397.378 1397.744 1398.077 1398.29 1398.503 1398.716 1398.929 1399.102 1399.255 1399.409 1399.562 1399.705 1399.772
1396.464 1396.294 1396.123 1395.986 1395.935 1395.884 1395.833 1395.782 1395.821 1395.894 1395.967 1396.041 1396.131 1396.301 1396.472 1396.642 1396.812 1396.952 1397.073 1397.194 1397.315 1397.413 1397.219 1397.025 1396.83 1396.636 1396.429 1396.211 1395.993 1395.775 1395.557 1395.265 1394.97 1394.675 1394.381 1394.193 1394.153 1394.112 1394.072 1394.031 1394.212 1394.426 1394.64 1394.854 1395.085 1395.353 1395.62 1395.888 1396.155 1396.499 1396.865 1397.231 1397.597 1397.937 1398.182 1398.428 1398.673 1398.918 1399.081 1399.202 1399.323 1399.444 1399.562 1399.661
1396.42 1396.266 1396.112 1395.968 1395.853 1395.737 1395.621 1395.506 1395.527 1395.6 1395.674 1395.747 1395.834 1395.988 1396.143 1396.297 1396.451 1396.564 1396.653 1396.742 1396.83 1396.901 1396.739 1396.577 1396.415 1396.253 1396.087 1395.918 1395.748 1395.578 1395.409 1395.071 1394.727 1394.384 1394.041 1393.83 1393.8 1393.771 1393.741 1393.712 1393.955 1394.239 1394.523 1394.807 1395.075 1395.31 1395.545 1395.781 1396.016 1396.352 1396.718 1397.084 1397.45 1397.797 1398.075 1398.352 1398.63 1398.907 1399.059 1399.148 1399.237 1399.325 1399.419 1399.55
1396.422 1396.267 1396.112 1395.953 1395.781 1395.609 1395.437 1395.266 1395.257 1395.311 1395.364 1395.418 1395.487 1395.628 1395.769 1395.909 1396.05 1396.144 1396.209 1396.273 1396.338 1396.389 1396.253 1396.118 1395.983 1395.847 1395.709 1395.568 1395.427 1395.287 1395.146 1394.802 1394.453 1394.104 1393.754 1393.544 1393.525 1393.506 1393.487 1393.469 1393.737 1394.049 1394.361 1394.673 1394.96 1395.197 1395.434 1395.67 1395.907 1396.243 1396.609 1396.975 1397.342 1397.69 1397.975 1398.259 1398.544 1398.828 1398.978 1399.059 1399.141 1399.223 1399.312 1399.462
1396.466 1396.295 1396.124 1395.939 1395.719 1395.499 1395.279 1395.058 1395.009 1395.025 1395.041 1395.057 1395.093 1395.223 1395.353 1395.483 1395.613 1395.693 1395.741 1395.79 1395.839 1395.876 1395.762 1395.648 1395.534 1395.421 1395.298 1395.168 1395.038 1394.908 1394.778 1394.466 1394.149 1393.832 1393.515 1393.328 1393.32 1393.312 1393.304 1393.296 1393.556 1393.857 1394.158 1394.459 1394.75 1395.019 1395.288 1395.557 1395.826 1396.17 1396.536 1396.902 1397.268 1397.613 1397.882 1398.15 1398.418 1398.687 1398.842 1398.939 1399.037 1399.135 1399.24 1399.394
1396.51 1396.323 1396.136 1395.926 1395.657 1395.389 1395.12 1394.851 1394.762 1394.74 1394.718 1394.696 1394.699 1394.818 1394.938 1395.057 1395.177 1395.242 1395.274 1395.307 1395.339 1395.363 1395.271 1395.178 1395.086 1394.994 1394.888 1394.768 1394.649 1394.53 1394.41 1394.13 1393.845 1393.561 1393.276 1393.112 1393.115 1393.117 1393.12 1393.123 1393.375 1393.666 1393.956 1394.246 1394.54 1394.841 1395.142 1395.444 1395.745 1396.096 1396.462 1396.828 1397.195 1397.536 1397.788 1398.041 1398.293 1398.545 1398.705 1398.819 1398.933 1399.047 1399.167 1399.327
1396.554 1396.351 1396.147 1395.913 1395.596 1395.278 1394.961 1394.644 1394.514 1394.454 1394.395 1394.336 1394.305 1394.414 1394.522 1394.631 1394.74 1394.791 1394.807 1394.823 1394.84 1394.85 1394.779 1394.709 1394.638 1394.567 1394.477 1394.368 1394.26 1394.151 1394.042 1393.794 1393.542 1393.289 1393.037 1392.896 1392.909 1392.923 1392.936 1392.95 1393.195 1393.474 1393.754 1394.033 1394.33 1394.663 1394.997 1395.33 1395.664 1396.023 1396.389 1396.755 1397.121 1397.459 1397.695 1397.932 1398.168 1398.404 1398.569 1398.699 1398.829 1398.959 1399.094 1399.259
1396.598 1396.379 1396.159 1395.899 1395.534 1395.168 1394.803 1394.437 1394.266 1394.169 1394.072 1393.975 1393.911 1394.009 1394.107 1394.205 1394.303 1394.34 1394.34 1394.34 1394.34 1394.337 1394.288 1394.239 1394.19 1394.141 1394.066 1393.968 1393.87 1393.773 1393.675 1393.458 1393.238 1393.018 1392.797 1392.68 1392.704 1392.729 1392.753 1392.777 1393.014 1393.283 1393.551 1393.82 1394.12 1394.486 1394.851 1395.217 1395.583 1395.949 1396.315 1396.682 1397.048 1397.382 1397.602 1397.822 1398.042 1398.262 1398.433 1398.579 1398.725 1398.872 1399.021 1399.192
1396.685 1396.434 1396.182 1395.899 1395.533 1395.167 1394.8 1394.434 1394.232 1394.092 1393.952 1393.811 1393.701 1393.729 1393.758 1393.787 1393.816 1393.826 1393.826 1393.826 1393.826 1393.824 1393.785 1393.747 1393.709 1393.671 1393.613 1393.536 1393.46 1393.383 1393.307 1393.091 1392.871 1392.652 1392.432 1392.319 1392.354 1392.389 1392.424 1392.459 1392.716 1393.006 1393.296 1393.585 1393.91 1394.308 1394.706 1395.104 1395.502 1395.888 1396.27 1396.652 1397.034 1397.388 1397.64 1397.891 1398.143 1398.394 1398.555 1398.669 1398.784 1398.899 1399.016 1399.149
1396.773 1396.49 1396.206 1395.899 1395.533 1395.167 1394.8 1394.434 1394.201 1394.017 1393.834 1393.651 1393.493 1393.451 1393.41 1393.369 1393.328 1393.312 1393.312 1393.312 1393.312 1393.31 1393.283 1393.255 1393.228 1393.2 1393.158 1393.104 1393.049 1392.994 1392.939 1392.724 1392.504 1392.284 1392.065 1391.956 1392.002 1392.048 1392.094 1392.14 1392.416 1392.728 1393.039 1393.35 1393.7 1394.13 1394.56 1394.991 1395.421 1395.827 1396.225 1396.623 1397.022 1397.395 1397.679 1397.963 1398.247 1398.531 1398.68 1398.762 1398.845 1398.927 1399.011 1399.107
1396.861 1396.545 1396.229 1395.899 1395.533 1395.167 1394.8 1394.434 1394.169 1393.943 1393.717 1393.491 1393.285 1393.173 1393.062 1392.951 1392.84 1392.798 1392.798 1392.798 1392.798 1392.796 1392.78 1392.763 1392.746 1392.73 1392.704 1392.671 1392.637 1392.604 1392.571 1392.356 1392.137 1391.917 1391.697 1391.594 1391.65 1391.707 1391.763 1391.82 1392.116 1392.449 1392.782 1393.115 1393.489 1393.952 1394.415 1394.877 1395.34 1395.766 1396.18 1396.594 1397.009 1397.402 1397.718 1398.034 1398.351 1398.667 1398.806 1398.856 1398.906 1398.956 1399.007 1399.065
1396.949 1396.601 1396.253 1395.899 1395.533 1395.167 1394.8 1394.434 1394.138 1393.869 1393.6 1393.33 1393.076 1392.895 1392.714 1392.533 1392.352 1392.283 1392.283 1392.283 1392.283 1392.283 1392.277 1392.271 1392.265 1392.259 1392.25 1392.238 1392.226 1392.215 1392.203 1391.989 1391.769 1391.549 1391.33 1391.231 1391.298 1391.365 1391.432 1391.5 1391.817 1392.171 1392.526 1392.88 1393.279 1393.774 1394.269 1394.764 1395.259 1395.705 1396.135 1396.566 1396.996 1397.409 1397.757 1398.106 1398.454 1398.803 1398.931 1398.949 1398.967 1398.984 1399.002 1399.023
1396.998 1396.632 1396.265 1395.899 1395.533 1395.167 1394.8 1394.434 1394.116 1393.815 1393.515 1393.215 1392.926 1392.692 1392.458 1392.224 1391.989 1391.88 1391.846 1391.812 1391.778 1391.747 1391.744 1391.742 1391.74 1391.737 1391.736 1391.736 1391.736 1391.736 1391.736 1391.544 1391.346 1391.148 1390.95 1390.87 1390.953 1391.036 1391.119 1391.201 1391.541 1391.92 1392.298 1392.676 1393.096 1393.604 1394.112 1394.62 1395.128 1395.587 1396.031 1396.475 1396.92 1397.35 1397.731 1398.112 1398.492 1398.873 1399.011 1399.028 1399.045 1399.062 1399.078 1399.082
1396.998 1396.632 1396.265 1395.899 1395.533 1395.167 1394.8 1394.434 1394.104 1393.788 1393.471 1393.155 1392.847 1392.581 1392.314 1392.047 1391.781 1391.612 1391.503 1391.394 1391.285 1391.183 1391.175 1391.167 1391.16 1391.152 1391.148 1391.148 1391.148 1391.148 1391.148 1391.003 1390.853 1390.704 1390.554 1390.511 1390.616 1390.72 1390.825 1390.929 1391.295 1391.7 1392.106 1392.511 1392.946 1393.443 1393.94 1394.437 1394.934 1395.399 1395.854 1396.309 1396.764 1397.21 1397.623 1398.036 1398.449 1398.862 1399.036 1399.091 1399.146 1399.2 1399.25 1399.266
1396.998 1396.632 1396.265 1395.899 1395.533 1395.167 1394.8 1394.434 1394.092 1393.76 1393.427 1393.095 1392.768 1392.469 1392.17 1391.872 1391.573 1391.345 1391.161 1390.976 1390.791 1390.619 1390.606 1390.593 1390.58 1390.567 1390.56 1390.56 1390.56 1390.56 1390.56 1390.462 1390.361 1390.26 1390.159 1390.153 1390.279 1390.405 1390.531 1390.657 1391.049 1391.481 1391.913 1392.346 1392.795 1393.281 1393.768 1394.254 1394.741 1395.211 1395.677 1396.143 1396.609 1397.07 1397.516 1397.961 1398.406 1398.852 1399.062 1399.154 1399.246 1399.338 1399.423 1399.449
1396.998 1396.632 1396.265 1395.899 1395.533 1395.167 1394.8 1394.434 1394.081 1393.732 1393.383 1393.035 1392.689 1392.358 1392.027 1391.696 1391.364 1391.078 1390.818 1390.558 1390.298 1390.055 1390.037 1390.018 1390.0 1389.981 1389.972 1389.972 1389.972 1389.972 1389.972 1389.921 1389.869 1389.816 1389.763 1389.795 1389.942 1390.09 1390.237 1390.385 1390.803 1391.262 1391.721 1392.18 1392.645 1393.12 1393.596 1394.072 1394.547 1395.024 1395.5 1395.977 1396.453 1396.93 1397.408 1397.885 1398.363 1398.841 1399.087 1399.217 1399.347 1399.477 1399.596 1399.633
1396.998 1396.632 1396.265 1395.899 1395.533 1395.167 1394.8 1394.434 1394.069 1393.704 1393.339 1392.974 1392.61 1392.246 1391.883 1391.52 1391.156 1390.81 1390.475 1390.14 1389.804 1389.492 1389.468 1389.444 1389.42 1389.396 1389.385 1389.385 1389.385 1389.385 1389.385 1389.38 1389.376 1389.372 1389.368 1389.436 1389.605 1389.774 1389.943 1390.112 1390.557 1391.043 1391.529 1392.015 1392.494 1392.959 1393.424 1393.889 1394.354 1394.836 1395.323 1395.811 1396.298 1396.79 1397.3 1397.81 1398.32 1398.83 1399.112 1399.279 1399.447 1399.615 1399.768 1399.816
1397.173 1396.841 1396.509 1396.163 1395.782 1395.401 1395.021 1394.639 1394.237 1393.827 1393.416 1393.006 1392.595 1392.185 1391.774 1391.364 1390.953 1390.577 1390.22 1389.863 1389.507 1389.171 1389.097 1389.024 1388.95 1388.877 1388.836 1388.826 1388.817 1388.807 1388.797 1388.825 1388.855 1388.884 1388.914 1389.011 1389.201 1389.392 1389.583 1389.773 1390.231 1390.729 1391.228 1391.726 1392.219 1392.703 1393.186 1393.67 1394.153 1394.648 1395.146 1395.644 1396.143 1396.641 1397.139 1397.637 1398.135 1398.633 1398.932 1399.133 1399.333 1399.534 1399.718 1399.782
1397.364 1397.07 1396.776 1396.453 1396.056 1395.659 1395.261 1394.864 1394.422 1393.964 1393.505 1393.046 1392.587 1392.128 1391.669 1391.21 1390.751 1390.346 1389.973 1389.601 1389.228 1388.873 1388.745 1388.618 1388.491 1388.363 1388.292 1388.271 1388.25 1388.23 1388.209 1388.269 1388.33 1388.392 1388.454 1388.579 1388.791 1389.003 1389.215 1389.427 1389.898 1390.406 1390.916 1391.424 1391.932 1392.437 1392.942 1393.447 1393.952 1394.46 1394.969 1395.478 1395.987 1396.49 1396.972 1397.454 1397.936 1398.418 1398.733 1398.966 1399.199 1399.432 1399.646 1399.726
1397.555 1397.299 1397.042 1396.742 1396.329 1395.916 1395.503 1395.089 1394.608 1394.1 1393.593 1393.086 1392.578 1392.071 1391.564 1391.056 1390.549 1390.115 1389.727 1389.338 1388.949 1388.575 1388.394 1388.213 1388.031 1387.85 1387.747 1387.716 1387.684 1387.653 1387.622 1387.712 1387.806 1387.9 1387.994 1388.147 1388.381 1388.614 1388.848 1389.082 1389.564 1390.084 1390.603 1391.123 1391.645 1392.172 1392.698 1393.225 1393.751 1394.273 1394.792 1395.312 1395.832 1396.34 1396.806 1397.271 1397.737 1398.203 1398.535 1398.799 1399.064 1399.329 1399.575 1399.671
1397.746 1397.528 1397.309 1397.032 1396.603 1396.173 1395.744 1395.314 1394.793 1394.237 1393.682 1393.126 1392.57 1392.014 1391.458 1390.903 1390.347 1389.885 1389.48 1389.075 1388.67 1388.277 1388.042 1387.807 1387.572 1387.337 1387.203 1387.161 1387.119 1387.076 1387.034 1387.156 1387.282 1387.408 1387.535 1387.715 1387.97 1388.226 1388.481 1388.736 1389.23 1389.761 1390.291 1390.822 1391.358 1391.906 1392.454 1393.002 1393.551 1394.085 1394.616 1395.146 1395.676 1396.189 1396.639 1397.088 1397.538 1397.988 1398.336 1398.633 1398.93 1399.227 1399.503 1399.615
1397.927 1397.729 1397.532 1397.264 1396.813 1396.361 1395.909 1395.458 1394.917 1394.344 1393.77 1393.196 1392.621 1392.041 1391.461 1390.881 1390.302 1389.808 1389.366 1388.925 1388.484 1388.054 1387.771 1387.488 1387.205 1386.923 1386.758 1386.701 1386.644 1386.587 1386.53 1386.67 1386.817 1386.963 1387.11 1387.311 1387.588 1387.865 1388.141 1388.418 1388.925 1389.466 1390.007 1390.548 1391.097 1391.66 1392.224 1392.787 1393.351 1393.897 1394.439 1394.98 1395.521 1396.043 1396.495 1396.946 1397.398 1397.849 1398.206 1398.516 1398.825 1399.134 1399.423 1399.553
1398.088 1397.885 1397.683 1397.402 1396.918 1396.434 1395.95 1395.467 1394.941 1394.399 1393.858 1393.316 1392.771 1392.207 1391.643 1391.08 1390.516 1389.985 1389.473 1388.962 1388.451 1387.953 1387.633 1387.312 1386.992 1386.671 1386.477 1386.399 1386.32 1386.242 1386.163 1386.303 1386.45 1386.596 1386.743 1386.953 1387.251 1387.549 1387.847 1388.146 1388.665 1389.217 1389.769 1390.321 1390.878 1391.447 1392.016 1392.585 1393.154 1393.71 1394.262 1394.814 1395.366 1395.903 1396.387 1396.871 1397.355 1397.839 1398.192 1398.48 1398.767 1399.055 1399.327 1399.479
1398.25 1398.042 1397.833 1397.541 1397.024 1396.508 1395.992 1395.475 1394.964 1394.455 1393.946 1393.437 1392.921 1392.373 1391.826 1391.278 1390.73 1390.162 1389.58 1388.999 1388.417 1387.852 1387.494 1387.136 1386.778 1386.42 1386.196 1386.096 1385.996 1385.896 1385.796 1385.936 1386.082 1386.229 1386.375 1386.594 1386.914 1387.234 1387.554 1387.873 1388.404 1388.967 1389.53 1390.093 1390.659 1391.234 1391.808 1392.382 1392.957 1393.522 1394.085 1394.648 1395.21 1395.763 1396.279 1396.795 1397.312 1397.828 1398.177 1398.444 1398.71 1398.976 1399.232 1399.405
1398.411 1398.198 1397.984 1397.679 1397.13 1396.581 1396.033 1395.484 1394.988 1394.511 1394.034 1393.557 1393.071 1392.539 1392.008 1391.476 1390.945 1390.339 1389.687 1389.036 1388.384 1387.752 1387.356 1386.96 1386.564 1386.168 1385.916 1385.794 1385.673 1385.551 1385.429 1385.568 1385.715 1385.861 1386.008 1386.236 1386.577 1386.919 1387.26 1387.601 1388.144 1388.718 1389.291 1389.865 1390.44 1391.02 1391.6 1392.18 1392.76 1393.334 1393.908 1394.481 1395.055 1395.623 1396.172 1396.72 1397.269 1397.817 1398.163 1398.408 1398.653 1398.897 1399.136 1399.331
1398.573 1398.354 1398.135 1397.817 1397.236 1396.655 1396.074 1395.493 1395.011 1394.566 1394.122 1393.677 1393.22 1392.705 1392.19 1391.674 1391.159 1390.515 1389.794 1389.073 1388.351 1387.651 1387.217 1386.784 1386.35 1385.917 1385.635 1385.492 1385.349 1385.206 1385.063 1385.201 1385.347 1385.494 1385.64 1385.878 1386.241 1386.603 1386.966 1387.329 1387.884 1388.469 1389.053 1389.637 1390.222 1390.807 1391.392 1391.977 1392.562 1393.147 1393.731 1394.315 1394.899 1395.483 1396.064 1396.645 1397.225 1397.806 1398.149 1398.372 1398.595 1398.818 1399.041 1399.257
1398.722 1398.503 1398.283 1397.973 1397.428 1396.883 1396.338 1395.792 1395.297 1394.822 1394.346 1393.87 1393.383 1392.838 1392.294 1391.75 1391.205 1390.543 1389.811 1389.078 1388.346 1387.633 1387.166 1386.7 1386.233 1385.766 1385.446 1385.258 1385.071 1384.884 1384.697 1384.873 1385.06 1385.247 1385.435 1385.701 1386.076 1386.451 1386.827 1387.202 1387.776 1388.38 1388.984 1389.589 1390.193 1390.797 1391.401 1392.005 1392.609 1393.192 1393.769 1394.346 1394.923 1395.5 1396.077 1396.654 1397.231 1397.808 1398.141 1398.351 1398.562 1398.773 1398.983 1399.194
