data/zism_data/00933_01_D.txt
ncols         224
nrows         224
[rows 0 to 27 of 224, columns 63 to 125 of 224]
1188.146 1188.107 1188.068 1188.028 1188.007 1188.033 1188.06 1188.086 1188.112 1188.119 1188.119 1188.119 1188.119 1188.094 1187.947 1187.801 1187.654 1187.508 1187.453 1187.453 1187.453 1187.453 1187.453 1187.453 1187.453 1187.453 1187.453 1187.453 1187.453 1187.453 1187.453 1187.453 1187.453 1187.453 1187.453 1187.453 1187.509 1187.642 1187.776 1187.909 1188.042 1188.082 1188.109 1188.135 1188.161 1188.179 1188.179 1188.179 1188.179 1188.179 1188.179 1188.179 1188.179 1188.179 1188.179 1188.179 1188.179 1188.179 1188.179 1188.179 1188.179 1188.179 1188.179
1188.327 1188.239 1188.151 1188.064 1188.016 1188.075 1188.133 1188.192 1188.25 1188.266 1188.266 1188.266 1188.266 1188.241 1188.094 1187.948 1187.801 1187.655 1187.6 1187.6 1187.6 1187.6 1187.6 1187.6 1187.6 1187.6 1187.6 1187.6 1187.6 1187.6 1187.6 1187.6 1187.6 1187.6 1187.6 1187.6 1187.649 1187.766 1187.883 1188.001 1188.118 1188.184 1188.243 1188.301 1188.359 1188.399 1188.399 1188.399 1188.399 1188.399 1188.399 1188.399 1188.399 1188.399 1188.399 1188.399 1188.399 1188.399 1188.399 1188.399 1188.399 1188.399 1188.399
1188.507 1188.371 1188.235 1188.099 1188.025 1188.116 1188.207 1188.297 1188.388 1188.413 1188.413 1188.413 1188.413 1188.388 1188.241 1188.095 1187.948 1187.802 1187.747 1187.747 1187.747 1187.747 1187.747 1187.747 1187.747 1187.747 1187.747 1187.747 1187.747 1187.747 1187.747 1187.747 1187.747 1187.747 1187.747 1187.747 1187.789 1187.89 1187.991 1188.092 1188.193 1188.286 1188.376 1188.467 1188.558 1188.62 1188.62 1188.62 1188.62 1188.62 1188.62 1188.62 1188.62 1188.62 1188.62 1188.62 1188.62 1188.62 1188.62 1188.62 1188.62 1188.62 1188.62
1188.688 1188.503 1188.318 1188.134 1188.034 1188.157 1188.28 1188.403 1188.526 1188.56 1188.56 1188.56 1188.56 1188.535 1188.388 1188.242 1188.095 1187.949 1187.894 1187.894 1187.894 1187.894 1187.894 1187.894 1187.894 1187.894 1187.894 1187.894 1187.894 1187.894 1187.894 1187.894 1187.894 1187.894 1187.894 1187.894 1187.929 1188.014 1188.099 1188.184 1188.269 1188.387 1188.51 1188.633 1188.756 1188.84 1188.84 1188.84 1188.84 1188.84 1188.84 1188.84 1188.84 1188.84 1188.84 1188.84 1188.84 1188.84 1188.84 1188.84 1188.84 1188.84 1188.84
1188.829 1188.623 1188.417 1188.21 1188.099 1188.236 1188.374 1188.511 1188.649 1188.687 1188.687 1188.687 1188.687 1188.663 1188.525 1188.388 1188.25 1188.113 1188.061 1188.061 1188.061 1188.061 1188.061 1188.061 1188.061 1188.061 1188.061 1188.061 1188.061 1188.061 1188.061 1188.061 1188.061 1188.061 1188.061 1188.061 1188.09 1188.158 1188.227 1188.296 1188.365 1188.501 1188.648 1188.794 1188.941 1189.04 1189.04 1189.04 1189.04 1189.04 1189.04 1189.04 1189.04 1189.04 1189.04 1189.04 1189.04 1189.04 1189.04 1189.04 1189.04 1189.04 1189.04
1188.87 1188.712 1188.554 1188.396 1188.31 1188.415 1188.521 1188.626 1188.731 1188.76 1188.76 1188.76 1188.76 1188.742 1188.637 1188.531 1188.426 1188.321 1188.281 1188.281 1188.281 1188.281 1188.281 1188.281 1188.281 1188.281 1188.281 1188.281 1188.281 1188.281 1188.281 1188.281 1188.281 1188.281 1188.281 1188.281 1188.303 1188.356 1188.409 1188.461 1188.514 1188.648 1188.795 1188.941 1189.088 1189.187 1189.187 1189.187 1189.187 1189.187 1189.187 1189.187 1189.187 1189.187 1189.187 1189.187 1189.187 1189.187 1189.187 1189.187 1189.187 1189.187 1189.187
1188.91 1188.8 1188.69 1188.581 1188.522 1188.595 1188.668 1188.741 1188.814 1188.834 1188.834 1188.834 1188.834 1188.821 1188.748 1188.675 1188.602 1188.529 1188.502 1188.502 1188.502 1188.502 1188.502 1188.502 1188.502 1188.502 1188.502 1188.502 1188.502 1188.502 1188.502 1188.502 1188.502 1188.502 1188.502 1188.502 1188.517 1188.553 1188.59 1188.626 1188.663 1188.795 1188.942 1189.088 1189.235 1189.334 1189.334 1189.334 1189.334 1189.334 1189.334 1189.334 1189.334 1189.334 1189.334 1189.334 1189.334 1189.334 1189.334 1189.334 1189.334 1189.334 1189.334
1188.95 1188.888 1188.827 1188.766 1188.733 1188.774 1188.815 1188.855 1188.896 1188.907 1188.907 1188.907 1188.907 1188.9 1188.859 1188.819 1188.778 1188.737 1188.722 1188.722 1188.722 1188.722 1188.722 1188.722 1188.722 1188.722 1188.722 1188.722 1188.722 1188.722 1188.722 1188.722 1188.722 1188.722 1188.722 1188.722 1188.731 1188.751 1188.771 1188.792 1188.812 1188.942 1189.089 1189.235 1189.382 1189.481 1189.481 1189.481 1189.481 1189.481 1189.481 1189.481 1189.481 1189.481 1189.481 1189.481 1189.481 1189.481 1189.481 1189.481 1189.481 1189.481 1189.481
1188.99 1188.977 1188.964 1188.952 1188.945 1188.953 1188.962 1188.97 1188.979 1188.981 1188.981 1188.981 1188.981 1188.979 1188.971 1188.963 1188.954 1188.946 1188.943 1188.943 1188.943 1188.943 1188.943 1188.943 1188.943 1188.943 1188.943 1188.943 1188.943 1188.943 1188.943 1188.943 1188.943 1188.943 1188.943 1188.943 1188.944 1188.948 1188.953 1188.957 1188.961 1189.089 1189.235 1189.382 1189.529 1189.628 1189.628 1189.628 1189.628 1189.628 1189.628 1189.628 1189.628 1189.628 1189.628 1189.628 1189.628 1189.628 1189.628 1189.628 1189.628 1189.628 1189.628
1189.163 1189.163 1189.163 1189.163 1189.163 1189.163 1189.163 1189.163 1189.163 1189.163 1189.163 1189.163 1189.163 1189.163 1189.163 1189.163 1189.163 1189.163 1189.163 1189.163 1189.163 1189.163 1189.163 1189.163 1189.163 1189.163 1189.163 1189.163 1189.163 1189.163 1189.163 1189.163 1189.163 1189.163 1189.163 1189.163 1189.163 1189.163 1189.163 1189.163 1189.163 1189.28 1189.415 1189.549 1189.684 1189.775 1189.775 1189.775 1189.775 1189.775 1189.775 1189.775 1189.775 1189.775 1189.775 1189.775 1189.775 1189.775 1189.775 1189.775 1189.775 1189.775 1189.775
1189.383 1189.383 1189.383 1189.383 1189.383 1189.383 1189.383 1189.383 1189.383 1189.383 1189.383 1189.383 1189.383 1189.383 1189.383 1189.383 1189.383 1189.383 1189.383 1189.383 1189.383 1189.383 1189.383 1189.383 1189.383 1189.383 1189.383 1189.383 1189.383 1189.383 1189.383 1189.383 1189.383 1189.383 1189.383 1189.383 1189.383 1189.383 1189.383 1189.383 1189.383 1189.486 1189.605 1189.723 1189.842 1189.922 1189.922 1189.922 1189.922 1189.922 1189.922 1189.922 1189.922 1189.922 1189.922 1189.922 1189.922 1189.922 1189.922 1189.922 1189.922 1189.922 1189.922
1189.604 1189.604 1189.604 1189.604 1189.604 1189.604 1189.604 1189.604 1189.604 1189.604 1189.604 1189.604 1189.604 1189.604 1189.604 1189.604 1189.604 1189.604 1189.604 1189.604 1189.604 1189.604 1189.604 1189.604 1189.604 1189.604 1189.604 1189.604 1189.604 1189.604 1189.604 1189.604 1189.604 1189.604 1189.604 1189.604 1189.604 1189.604 1189.604 1189.604 1189.604 1189.693 1189.795 1189.897 1190.0 1190.069 1190.069 1190.069 1190.069 1190.069 1190.069 1190.069 1190.069 1190.069 1190.069 1190.069 1190.069 1190.069 1190.069 1190.069 1190.069 1190.069 1190.069
1189.824 1189.824 1189.824 1189.824 1189.824 1189.824 1189.824 1189.824 1189.824 1189.824 1189.824 1189.824 1189.824 1189.824 1189.824 1189.824 1189.824 1189.824 1189.824 1189.824 1189.824 1189.824 1189.824 1189.824 1189.824 1189.824 1189.824 1189.824 1189.824 1189.824 1189.824 1189.824 1189.824 1189.824 1189.824 1189.824 1189.824 1189.824 1189.824 1189.824 1189.824 1189.899 1189.985 1190.071 1190.158 1190.216 1190.216 1190.216 1190.216 1190.216 1190.216 1190.216 1190.216 1190.216 1190.216 1190.216 1190.216 1190.216 1190.216 1190.216 1190.216 1190.216 1190.216
1190.045 1190.045 1190.045 1190.045 1190.045 1190.045 1190.045 1190.045 1190.045 1190.045 1190.045 1190.045 1190.045 1190.045 1190.045 1190.045 1190.045 1190.045 1190.045 1190.045 1190.045 1190.045 1190.045 1190.045 1190.045 1190.045 1190.045 1190.045 1190.045 1190.045 1190.045 1190.045 1190.045 1190.045 1190.045 1190.045 1190.045 1190.045 1190.045 1190.045 1190.045 1190.106 1190.176 1190.246 1190.316 1190.366 1190.376 1190.386 1190.396 1190.406 1190.408 1190.408 1190.408 1190.408 1190.408 1190.408 1190.408 1190.408 1190.408 1190.408 1190.408 1190.408 1190.408
1190.265 1190.265 1190.265 1190.265 1190.265 1190.265 1190.265 1190.265 1190.265 1190.265 1190.265 1190.265 1190.265 1190.265 1190.265 1190.265 1190.265 1190.265 1190.265 1190.265 1190.265 1190.265 1190.265 1190.265 1190.265 1190.265 1190.265 1190.265 1190.265 1190.265 1190.265 1190.265 1190.265 1190.265 1190.265 1190.265 1190.265 1190.265 1190.265 1190.265 1190.265 1190.312 1190.366 1190.42 1190.474 1190.529 1190.587 1190.645 1190.703 1190.762 1190.775 1190.775 1190.775 1190.775 1190.775 1190.775 1190.775 1190.775 1190.775 1190.775 1190.775 1190.775 1190.775
1190.486 1190.486 1190.486 1190.486 1190.486 1190.486 1190.486 1190.486 1190.486 1190.486 1190.486 1190.486 1190.486 1190.486 1190.486 1190.486 1190.486 1190.486 1190.486 1190.486 1190.486 1190.486 1190.486 1190.486 1190.486 1190.486 1190.486 1190.486 1190.486 1190.486 1190.486 1190.486 1190.486 1190.486 1190.486 1190.486 1190.486 1190.486 1190.486 1190.486 1190.486 1190.518 1190.556 1190.594 1190.631 1190.691 1190.798 1190.905 1191.011 1191.118 1191.143 1191.143 1191.143 1191.143 1191.143 1191.143 1191.143 1191.143 1191.143 1191.143 1191.143 1191.143 1191.143
1190.706 1190.706 1190.706 1190.706 1190.706 1190.706 1190.706 1190.706 1190.706 1190.706 1190.706 1190.706 1190.706 1190.706 1190.706 1190.706 1190.706 1190.706 1190.706 1190.706 1190.706 1190.706 1190.706 1190.706 1190.706 1190.706 1190.706 1190.706 1190.706 1190.706 1190.706 1190.706 1190.706 1190.706 1190.706 1190.706 1190.706 1190.706 1190.706 1190.706 1190.706 1190.725 1190.746 1190.768 1190.789 1190.854 1191.009 1191.164 1191.319 1191.474 1191.51 1191.51 1191.51 1191.51 1191.51 1191.51 1191.51 1191.51 1191.51 1191.51 1191.51 1191.51 1191.51
1190.927 1190.927 1190.927 1190.927 1190.927 1190.927 1190.927 1190.927 1190.927 1190.927 1190.927 1190.927 1190.927 1190.927 1190.927 1190.927 1190.927 1190.927 1190.927 1190.927 1190.927 1190.927 1190.927 1190.927 1190.927 1190.927 1190.927 1190.927 1190.927 1190.927 1190.927 1190.927 1190.927 1190.927 1190.927 1190.927 1190.927 1190.927 1190.927 1190.927 1190.927 1190.931 1190.937 1190.942 1190.947 1191.016 1191.219 1191.423 1191.627 1191.83 1191.878 1191.878 1191.878 1191.878 1191.878 1191.878 1191.878 1191.878 1191.878 1191.878 1191.878 1191.878 1191.878
1191.098 1191.098 1191.098 1191.098 1191.098 1191.098 1191.098 1191.098 1191.098 1191.098 1191.098 1191.098 1191.098 1191.1 1191.111 1191.121 1191.132 1191.143 1191.147 1191.147 1191.147 1191.147 1191.147 1191.147 1191.147 1191.147 1191.147 1191.147 1191.147 1191.147 1191.147 1191.147 1191.147 1191.147 1191.147 1191.147 1191.147 1191.147 1191.147 1191.147 1191.147 1191.147 1191.147 1191.147 1191.147 1191.214 1191.423 1191.632 1191.841 1192.05 1192.098 1192.098 1192.098 1192.098 1192.098 1192.098 1192.098 1192.098 1192.098 1192.098 1192.098 1192.098 1192.098
1191.245 1191.245 1191.245 1191.245 1191.245 1191.245 1191.245 1191.245 1191.245 1191.245 1191.245 1191.245 1191.245 1191.25 1191.276 1191.303 1191.33 1191.357 1191.367 1191.367 1191.367 1191.367 1191.367 1191.367 1191.367 1191.367 1191.367 1191.367 1191.367 1191.367 1191.367 1191.367 1191.367 1191.367 1191.367 1191.367 1191.367 1191.367 1191.367 1191.367 1191.367 1191.367 1191.367 1191.367 1191.367 1191.429 1191.622 1191.815 1192.007 1192.2 1192.245 1192.245 1192.245 1192.245 1192.245 1192.245 1192.245 1192.245 1192.245 1192.245 1192.245 1192.245 1192.245
1191.392 1191.392 1191.392 1191.392 1191.392 1191.392 1191.392 1191.392 1191.392 1191.392 1191.392 1191.392 1191.392 1191.399 1191.442 1191.485 1191.529 1191.572 1191.588 1191.588 1191.588 1191.588 1191.588 1191.588 1191.588 1191.588 1191.588 1191.588 1191.588 1191.588 1191.588 1191.588 1191.588 1191.588 1191.588 1191.588 1191.588 1191.588 1191.588 1191.588 1191.588 1191.588 1191.588 1191.588 1191.588 1191.644 1191.821 1191.998 1192.174 1192.351 1192.392 1192.392 1192.392 1192.392 1192.392 1192.392 1192.392 1192.392 1192.392 1192.392 1192.392 1192.392 1192.392
1191.539 1191.539 1191.539 1191.539 1191.539 1191.539 1191.539 1191.539 1191.539 1191.539 1191.539 1191.539 1191.539 1191.549 1191.608 1191.668 1191.727 1191.786 1191.808 1191.808 1191.808 1191.808 1191.808 1191.808 1191.808 1191.808 1191.808 1191.808 1191.808 1191.808 1191.808 1191.808 1191.808 1191.808 1191.808 1191.808 1191.808 1191.808 1191.808 1191.808 1191.808 1191.808 1191.808 1191.808 1191.808 1191.859 1192.02 1192.181 1192.341 1192.502 1192.539 1192.539 1192.539 1192.539 1192.539 1192.539 1192.539 1192.539 1192.539 1192.539 1192.539 1192.539 1192.539
1191.686 1191.686 1191.686 1191.686 1191.686 1191.686 1191.686 1191.686 1191.686 1191.686 1191.686 1191.686 1191.686 1191.699 1191.774 1191.85 1191.925 1192.0 1192.029 1192.029 1192.029 1192.029 1192.029 1192.031 1192.033 1192.035 1192.037 1192.038 1192.038 1192.038 1192.038 1192.038 1192.038 1192.038 1192.038 1192.038 1192.038 1192.038 1192.038 1192.038 1192.038 1192.038 1192.038 1192.038 1192.038 1192.084 1192.226 1192.368 1192.51 1192.653 1192.687 1192.688 1192.69 1192.691 1192.693 1192.696 1192.698 1192.701 1192.704 1192.705 1192.705 1192.705 1192.705
1191.833 1191.833 1191.833 1191.833 1191.833 1191.833 1191.833 1191.833 1191.833 1191.833 1191.833 1191.833 1191.833 1191.849 1191.94 1192.032 1192.123 1192.215 1192.249 1192.249 1192.249 1192.249 1192.25 1192.269 1192.287 1192.305 1192.323 1192.332 1192.332 1192.332 1192.332 1192.332 1192.332 1192.332 1192.332 1192.332 1192.332 1192.332 1192.332 1192.332 1192.332 1192.332 1192.332 1192.332 1192.332 1192.367 1192.477 1192.587 1192.697 1192.807 1192.842 1192.854 1192.866 1192.879 1192.893 1192.918 1192.942 1192.966 1192.991 1192.999 1192.999 1192.999 1192.999
1191.98 1191.98 1191.98 1191.98 1191.98 1191.98 1191.98 1191.98 1191.98 1191.98 1191.98 1191.98 1191.98 1191.999 1192.106 1192.214 1192.321 1192.429 1192.47 1192.47 1192.47 1192.47 1192.472 1192.507 1192.541 1192.575 1192.61 1192.626 1192.626 1192.626 1192.626 1192.626 1192.626 1192.626 1192.626 1192.626 1192.626 1192.626 1192.626 1192.626 1192.626 1192.626 1192.626 1192.626 1192.626 1192.651 1192.729 1192.806 1192.884 1192.962 1192.997 1193.02 1193.043 1193.066 1193.094 1193.14 1193.186 1193.232 1193.278 1193.293 1193.293 1193.293 1193.293
1192.127 1192.127 1192.127 1192.127 1192.127 1192.127 1192.127 1192.127 1192.127 1192.127 1192.127 1192.127 1192.127 1192.148 1192.272 1192.396 1192.52 1192.643 1192.69 1192.69 1192.69 1192.69 1192.694 1192.744 1192.795 1192.845 1192.896 1192.92 1192.92 1192.92 1192.92 1192.92 1192.92 1192.92 1192.92 1192.92 1192.92 1192.92 1192.92 1192.92 1192.92 1192.92 1192.92 1192.92 1192.92 1192.935 1192.98 1193.025 1193.071 1193.116 1193.153 1193.186 1193.22 1193.254 1193.295 1193.362 1193.43 1193.497 1193.564 1193.587 1193.587 1193.587 1193.587
1192.274 1192.274 1192.274 1192.274 1192.274 1192.274 1192.274 1192.274 1192.274 1192.274 1192.274 1192.274 1192.274 1192.298 1192.438 1192.578 1192.718 1192.858 1192.911 1192.911 1192.911 1192.911 1192.915 1192.982 1193.049 1193.115 1193.182 1193.214 1193.214 1193.214 1193.214 1193.214 1193.214 1193.214 1193.214 1193.214 1193.214 1193.214 1193.214 1193.214 1193.214 1193.214 1193.214 1193.214 1193.214 1193.218 1193.231 1193.245 1193.258 1193.271 1193.308 1193.352 1193.397 1193.441 1193.495 1193.584 1193.673 1193.762 1193.851 1193.881 1193.881 1193.881 1193.881
1192.444 1192.473 1192.502 1192.531 1192.552 1192.552 1192.552 1192.552 1192.552 1192.552 1192.552 1192.552 1192.552 1192.574 1192.701 1192.828 1192.956 1193.083 1193.131 1193.131 1193.131 1193.131 1193.136 1193.199 1193.263 1193.327 1193.39 1193.421 1193.421 1193.421 1193.421 1193.421 1193.421 1193.421 1193.421 1193.421 1193.421 1193.421 1193.421 1193.421 1193.421 1193.421 1193.421 1193.421 1193.421 1193.421 1193.421 1193.421 1193.421 1193.421 1193.453 1193.496 1193.538 1193.581 1193.632 1193.717 1193.802 1193.887 1193.972 1194.013 1194.032 1194.051 1194.07
