data/zism_data/00937_01_D.txt
ncols         224
nrows         224
[rows 0 to 27 of 224, columns 0 to 63 of 224]
1158.0 1158.0 1158.0 1158.0 1158.0 1158.0 1158.0 1158.0 1158.0 1158.0 1158.0 1158.0 1158.0 1158.0 1158.0 1158.0 1158.0 1158.0 1158.0 1158.0 1158.0 1158.0 1158.0 1158.0 1158.0 1157.995 1157.988 1157.981 1157.973 1157.958 1157.871 1157.784 1157.697 1157.61 1157.504 1157.381 1157.257 1157.134 1157.01 1156.993 1156.986 1156.979 1156.972 1156.932 1156.824 1156.715 1156.607 1156.498 1156.213 1155.861 1155.509 1155.157 1154.827 1154.642 1154.457 1154.271 1154.086 1154.0 1154.0 1154.0 1154.0 1154.0 1153.932 1153.859
1158.0 1158.0 1158.0 1158.0 1158.0 1158.0 1158.0 1158.0 1158.0 1158.0 1158.0 1158.0 1158.0 1158.0 1158.0 1158.0 1158.0 1158.0 1158.0 1158.0 1158.0 1158.0 1158.0 1158.0 1158.0 1157.987 1157.97 1157.952 1157.934 1157.906 1157.798 1157.69 1157.582 1157.474 1157.374 1157.282 1157.191 1157.099 1157.007 1156.984 1156.966 1156.948 1156.93 1156.866 1156.704 1156.543 1156.381 1156.219 1155.931 1155.595 1155.259 1154.923 1154.613 1154.476 1154.339 1154.201 1154.064 1154.0 1154.0 1154.0 1154.0 1154.0 1153.932 1153.859
1158.0 1158.0 1158.0 1158.0 1158.0 1158.0 1158.0 1158.0 1158.0 1158.0 1158.0 1158.0 1158.0 1158.0 1158.0 1158.0 1158.0 1158.0 1158.0 1158.0 1158.0 1158.0 1158.0 1158.0 1158.0 1157.98 1157.951 1157.923 1157.895 1157.855 1157.725 1157.596 1157.467 1157.337 1157.244 1157.184 1157.124 1157.065 1157.005 1156.974 1156.945 1156.917 1156.889 1156.8 1156.585 1156.37 1156.155 1155.94 1155.649 1155.329 1155.009 1154.689 1154.4 1154.31 1154.221 1154.131 1154.042 1154.0 1154.0 1154.0 1154.0 1154.0 1153.932 1153.859
1158.0 1158.0 1158.0 1158.0 1158.0 1158.0 1158.0 1158.0 1158.0 1158.0 1158.0 1158.0 1158.0 1158.0 1158.0 1158.0 1158.0 1158.0 1158.0 1158.0 1158.0 1158.0 1158.0 1158.0 1158.0 1157.972 1157.933 1157.894 1157.855 1157.804 1157.653 1157.502 1157.351 1157.201 1157.113 1157.086 1157.058 1157.03 1157.002 1156.964 1156.925 1156.886 1156.847 1156.734 1156.466 1156.198 1155.929 1155.661 1155.367 1155.063 1154.759 1154.455 1154.186 1154.144 1154.103 1154.061 1154.019 1154.0 1154.0 1154.0 1154.0 1154.0 1153.932 1153.859
1158.0 1158.0 1158.0 1158.0 1158.0 1158.0 1158.0 1158.0 1158.0 1158.0 1158.0 1158.0 1158.0 1158.0 1158.0 1158.0 1158.0 1158.0 1158.0 1158.0 1158.0 1158.0 1158.0 1158.0 1158.0 1157.964 1157.913 1157.862 1157.811 1157.747 1157.58 1157.414 1157.247 1157.081 1157.0 1157.0 1157.0 1157.0 1157.0 1156.951 1156.898 1156.845 1156.792 1156.654 1156.34 1156.027 1155.713 1155.399 1155.106 1154.82 1154.534 1154.248 1154.0 1154.0 1154.0 1154.0 1154.0 1153.999 1153.997 1153.995 1153.993 1153.991 1153.92 1153.846
1158.0 1158.0 1158.0 1158.0 1158.0 1158.0 1158.0 1158.0 1158.0 1158.0 1158.0 1158.0 1158.0 1158.0 1158.0 1158.0 1158.0 1158.0 1158.0 1158.0 1158.0 1158.0 1158.0 1158.0 1158.0 1157.949 1157.876 1157.804 1157.732 1157.651 1157.506 1157.361 1157.216 1157.07 1157.0 1157.0 1157.0 1157.0 1157.0 1156.917 1156.826 1156.736 1156.646 1156.484 1156.176 1155.868 1155.56 1155.251 1154.982 1154.728 1154.474 1154.22 1154.0 1154.0 1154.0 1154.0 1154.0 1153.99 1153.972 1153.954 1153.936 1153.918 1153.832 1153.741
1158.0 1158.0 1158.0 1158.0 1158.0 1158.0 1158.0 1158.0 1158.0 1158.0 1158.0 1158.0 1158.0 1158.0 1158.0 1158.0 1158.0 1158.0 1158.0 1158.0 1158.0 1158.0 1158.0 1158.0 1158.0 1157.934 1157.84 1157.746 1157.653 1157.556 1157.432 1157.308 1157.184 1157.06 1157.0 1157.0 1157.0 1157.0 1157.0 1156.883 1156.755 1156.627 1156.5 1156.315 1156.012 1155.709 1155.406 1155.103 1154.859 1154.637 1154.415 1154.193 1154.0 1154.0 1154.0 1154.0 1154.0 1153.982 1153.948 1153.914 1153.88 1153.846 1153.743 1153.637
1158.0 1158.0 1158.0 1158.0 1158.0 1158.0 1158.0 1158.0 1158.0 1158.0 1158.0 1158.0 1158.0 1158.0 1158.0 1158.0 1158.0 1158.0 1158.0 1158.0 1158.0 1158.0 1158.0 1158.0 1158.0 1157.919 1157.804 1157.689 1157.574 1157.46 1157.358 1157.255 1157.152 1157.05 1157.0 1157.0 1157.0 1157.0 1157.0 1156.848 1156.683 1156.518 1156.354 1156.146 1155.848 1155.55 1155.253 1154.955 1154.735 1154.545 1154.355 1154.165 1154.0 1154.0 1154.0 1154.0 1154.0 1153.973 1153.923 1153.873 1153.823 1153.773 1153.655 1153.532
1158.0 1158.0 1158.0 1158.0 1158.0 1158.0 1158.0 1158.0 1158.0 1158.0 1158.0 1158.0 1158.0 1158.0 1158.0 1158.0 1158.0 1158.0 1158.0 1158.0 1158.0 1158.0 1158.0 1158.0 1158.0 1157.904 1157.768 1157.631 1157.495 1157.365 1157.283 1157.202 1157.121 1157.039 1157.0 1157.0 1157.0 1157.0 1157.0 1156.814 1156.612 1156.41 1156.208 1155.976 1155.684 1155.391 1155.099 1154.807 1154.612 1154.454 1154.296 1154.137 1154.0 1154.0 1154.0 1154.0 1154.0 1153.965 1153.899 1153.833 1153.767 1153.701 1153.567 1153.428
1158.0 1158.0 1158.0 1158.0 1158.0 1158.0 1158.0 1158.0 1158.0 1158.0 1158.0 1158.0 1158.0 1158.0 1158.0 1158.0 1158.0 1158.0 1158.0 1158.0 1158.0 1158.0 1158.0 1158.0 1158.0 1157.891 1157.737 1157.582 1157.428 1157.283 1157.213 1157.144 1157.074 1157.005 1156.96 1156.938 1156.916 1156.894 1156.873 1156.685 1156.483 1156.281 1156.079 1155.856 1155.588 1155.319 1155.051 1154.783 1154.597 1154.443 1154.288 1154.134 1154.0 1154.0 1154.0 1154.0 1154.0 1153.951 1153.86 1153.768 1153.677 1153.586 1153.462 1153.335
1158.0 1158.0 1158.0 1158.0 1158.0 1158.0 1158.0 1158.0 1158.0 1158.0 1158.0 1158.0 1158.0 1158.0 1158.0 1158.0 1158.0 1158.0 1158.0 1158.0 1158.0 1158.0 1158.0 1158.0 1158.0 1157.88 1157.709 1157.539 1157.369 1157.21 1157.146 1157.082 1157.018 1156.953 1156.892 1156.833 1156.774 1156.715 1156.656 1156.49 1156.314 1156.139 1155.963 1155.77 1155.539 1155.308 1155.077 1154.846 1154.659 1154.489 1154.318 1154.148 1154.0 1154.0 1154.0 1154.0 1154.0 1153.934 1153.811 1153.688 1153.564 1153.441 1153.345 1153.251
1158.0 1158.0 1158.0 1158.0 1158.0 1158.0 1158.0 1158.0 1158.0 1158.0 1158.0 1158.0 1158.0 1158.0 1158.0 1158.0 1158.0 1158.0 1158.0 1158.0 1158.0 1158.0 1158.0 1158.0 1158.0 1157.868 1157.682 1157.496 1157.309 1157.137 1157.078 1157.02 1156.961 1156.902 1156.824 1156.728 1156.631 1156.535 1156.438 1156.294 1156.145 1155.996 1155.848 1155.684 1155.49 1155.297 1155.103 1154.909 1154.721 1154.534 1154.348 1154.162 1154.0 1154.0 1154.0 1154.0 1154.0 1153.917 1153.762 1153.606 1153.451 1153.296 1153.228 1153.166
1158.0 1158.0 1158.0 1158.0 1158.0 1158.0 1158.0 1158.0 1158.0 1158.0 1158.0 1158.0 1158.0 1158.0 1158.0 1158.0 1158.0 1158.0 1158.0 1158.0 1158.0 1158.0 1158.0 1158.0 1158.0 1157.857 1157.655 1157.453 1157.25 1157.064 1157.011 1156.957 1156.904 1156.85 1156.756 1156.622 1156.489 1156.355 1156.221 1156.098 1155.976 1155.854 1155.732 1155.599 1155.442 1155.285 1155.129 1154.972 1154.783 1154.58 1154.378 1154.176 1154.0 1154.0 1154.0 1154.0 1154.0 1153.9 1153.713 1153.526 1153.338 1153.151 1153.112 1153.081
1158.0 1158.0 1158.0 1158.0 1158.0 1158.0 1158.0 1158.0 1158.0 1158.0 1158.0 1158.0 1158.0 1158.0 1158.0 1158.0 1158.0 1158.0 1158.0 1158.0 1158.0 1158.0 1158.0 1158.0 1158.0 1157.847 1157.629 1157.412 1157.194 1156.996 1156.947 1156.898 1156.849 1156.8 1156.69 1156.521 1156.352 1156.183 1156.014 1155.91 1155.812 1155.714 1155.616 1155.511 1155.392 1155.272 1155.152 1155.033 1154.842 1154.624 1154.406 1154.189 1154.0 1154.0 1154.0 1154.0 1154.0 1153.883 1153.666 1153.448 1153.23 1153.013 1153.0 1153.0
1158.0 1158.0 1158.0 1158.0 1158.0 1158.0 1158.0 1158.0 1158.0 1158.0 1158.0 1158.0 1158.0 1158.0 1158.0 1158.0 1158.0 1158.0 1158.0 1158.0 1158.0 1158.0 1158.0 1158.0 1158.0 1157.85 1157.638 1157.426 1157.214 1157.019 1156.959 1156.9 1156.841 1156.781 1156.668 1156.504 1156.341 1156.177 1156.013 1155.886 1155.761 1155.637 1155.512 1155.398 1155.305 1155.212 1155.118 1155.025 1154.842 1154.624 1154.406 1154.189 1154.0 1154.0 1154.0 1154.0 1154.0 1153.883 1153.666 1153.448 1153.23 1153.013 1153.0 1153.0
1158.0 1158.0 1158.0 1158.0 1158.0 1158.0 1158.0 1158.0 1158.0 1158.0 1158.0 1158.0 1158.0 1158.0 1158.0 1158.0 1158.0 1158.0 1158.0 1158.0 1158.0 1158.0 1158.0 1158.0 1158.0 1157.854 1157.647 1157.441 1157.234 1157.042 1156.972 1156.902 1156.832 1156.762 1156.646 1156.488 1156.329 1156.171 1156.013 1155.861 1155.71 1155.559 1155.408 1155.284 1155.218 1155.151 1155.085 1155.018 1154.842 1154.624 1154.406 1154.189 1154.0 1154.0 1154.0 1154.0 1154.0 1153.883 1153.666 1153.448 1153.23 1153.013 1153.0 1153.0
1158.0 1158.0 1158.0 1158.0 1158.0 1158.0 1158.0 1158.0 1158.0 1158.0 1158.0 1158.0 1158.0 1158.0 1158.0 1158.0 1158.0 1158.0 1158.0 1158.0 1158.0 1158.0 1158.0 1158.0 1158.0 1157.858 1157.656 1157.455 1157.254 1157.066 1156.985 1156.904 1156.823 1156.742 1156.625 1156.471 1156.318 1156.165 1156.012 1155.837 1155.659 1155.481 1155.304 1155.171 1155.131 1155.091 1155.051 1155.011 1154.842 1154.624 1154.406 1154.189 1154.0 1154.0 1154.0 1154.0 1154.0 1153.883 1153.666 1153.448 1153.23 1153.013 1153.0 1153.0
1158.0 1158.0 1158.0 1158.0 1158.0 1158.0 1158.0 1158.0 1158.0 1158.0 1158.0 1158.0 1158.0 1158.0 1158.0 1158.0 1158.0 1158.0 1158.0 1158.0 1158.0 1158.0 1158.0 1158.0 1158.0 1157.862 1157.666 1157.469 1157.273 1157.089 1156.997 1156.906 1156.815 1156.723 1156.603 1156.455 1156.307 1156.16 1156.012 1155.812 1155.608 1155.404 1155.199 1155.057 1155.044 1155.03 1155.017 1155.004 1154.842 1154.624 1154.406 1154.189 1154.0 1154.0 1154.0 1154.0 1154.0 1153.883 1153.666 1153.448 1153.23 1153.013 1153.0 1153.0
1158.0 1158.0 1158.0 1158.0 1158.0 1158.0 1158.0 1158.0 1158.0 1158.0 1158.0 1158.0 1158.0 1158.0 1158.0 1158.0 1158.0 1158.0 1158.0 1158.0 1157.993 1157.969 1157.945 1157.921 1157.897 1157.768 1157.596 1157.424 1157.252 1157.089 1156.994 1156.9 1156.806 1156.712 1156.592 1156.447 1156.302 1156.157 1156.012 1155.807 1155.598 1155.388 1155.178 1155.034 1155.026 1155.018 1155.01 1155.002 1154.842 1154.624 1154.406 1154.189 1154.0 1154.0 1154.0 1154.0 1154.0 1153.883 1153.666 1153.448 1153.23 1153.013 1153.0 1153.0
1158.0 1158.0 1158.0 1158.0 1158.0 1158.0 1158.0 1158.0 1158.0 1158.0 1158.0 1158.0 1158.0 1158.0 1158.0 1158.0 1158.0 1158.0 1158.0 1158.0 1157.978 1157.906 1157.835 1157.763 1157.691 1157.578 1157.449 1157.319 1157.19 1157.065 1156.976 1156.887 1156.798 1156.71 1156.592 1156.447 1156.302 1156.157 1156.012 1155.822 1155.628 1155.435 1155.241 1155.102 1155.078 1155.054 1155.031 1155.006 1154.842 1154.624 1154.406 1154.189 1154.0 1154.0 1154.0 1154.0 1154.0 1153.883 1153.666 1153.448 1153.23 1153.013 1153.0 1153.0
1158.0 1158.0 1158.0 1158.0 1158.0 1158.0 1158.0 1158.0 1158.0 1158.0 1158.0 1158.0 1158.0 1158.0 1158.0 1158.0 1158.0 1158.0 1158.0 1158.0 1157.964 1157.844 1157.724 1157.605 1157.485 1157.388 1157.301 1157.214 1157.127 1157.041 1156.957 1156.874 1156.791 1156.707 1156.592 1156.447 1156.302 1156.157 1156.012 1155.837 1155.659 1155.481 1155.304 1155.171 1155.131 1155.091 1155.051 1155.011 1154.842 1154.624 1154.406 1154.189 1154.0 1154.0 1154.0 1154.0 1154.0 1153.883 1153.666 1153.448 1153.23 1153.013 1153.0 1153.0
1158.0 1158.0 1158.0 1158.0 1158.0 1158.0 1158.0 1158.0 1158.0 1158.0 1158.0 1158.0 1158.0 1158.0 1158.0 1158.0 1158.0 1158.0 1158.0 1158.0 1157.949 1157.782 1157.614 1157.447 1157.279 1157.198 1157.154 1157.109 1157.065 1157.017 1156.939 1156.861 1156.783 1156.704 1156.592 1156.447 1156.302 1156.157 1156.012 1155.851 1155.69 1155.528 1155.366 1155.239 1155.183 1155.127 1155.071 1155.015 1154.842 1154.624 1154.406 1154.189 1154.0 1154.0 1154.0 1154.0 1154.0 1153.883 1153.666 1153.448 1153.23 1153.013 1153.0 1153.0
1158.0 1158.0 1158.0 1158.0 1158.0 1158.0 1158.0 1158.0 1158.0 1158.0 1158.0 1158.0 1158.0 1158.0 1158.0 1158.0 1158.0 1158.0 1158.0 1158.0 1157.935 1157.719 1157.504 1157.288 1157.073 1157.008 1157.006 1157.005 1157.003 1156.993 1156.92 1156.848 1156.775 1156.702 1156.592 1156.447 1156.302 1156.157 1156.012 1155.866 1155.72 1155.575 1155.429 1155.307 1155.235 1155.163 1155.091 1155.02 1154.842 1154.624 1154.406 1154.189 1154.0 1154.0 1154.0 1154.0 1154.0 1153.883 1153.666 1153.448 1153.23 1153.013 1153.0 1153.0
1158.04 1158.01 1158.0 1158.0 1158.0 1158.0 1158.0 1158.0 1158.0 1158.0 1158.0 1158.0 1158.0 1158.0 1158.0 1158.0 1157.986 1157.971 1157.956 1157.94 1157.869 1157.667 1157.464 1157.262 1157.059 1157.0 1157.0 1157.0 1157.0 1156.992 1156.919 1156.847 1156.774 1156.702 1156.592 1156.447 1156.302 1156.157 1156.012 1155.853 1155.692 1155.532 1155.372 1155.245 1155.187 1155.13 1155.073 1155.016 1154.842 1154.624 1154.406 1154.189 1154.0 1154.0 1154.0 1154.0 1154.0 1153.9 1153.713 1153.526 1153.338 1153.151 1153.112 1153.081
1158.082 1158.02 1158.0 1158.0 1158.0 1158.0 1158.0 1158.0 1158.0 1158.0 1158.0 1158.0 1158.0 1158.0 1158.0 1158.0 1157.972 1157.941 1157.91 1157.878 1157.8 1157.614 1157.427 1157.241 1157.055 1157.0 1157.0 1157.0 1157.0 1156.992 1156.919 1156.847 1156.774 1156.702 1156.592 1156.447 1156.302 1156.157 1156.012 1155.838 1155.662 1155.485 1155.309 1155.177 1155.135 1155.094 1155.052 1155.011 1154.842 1154.624 1154.406 1154.189 1154.0 1154.0 1154.0 1154.0 1154.0 1153.917 1153.762 1153.606 1153.451 1153.296 1153.228 1153.166
1158.124 1158.03 1158.0 1158.0 1158.0 1158.0 1158.0 1158.0 1158.0 1158.0 1158.0 1158.0 1158.0 1158.0 1158.0 1158.0 1157.958 1157.91 1157.863 1157.816 1157.732 1157.561 1157.391 1157.22 1157.05 1157.0 1157.0 1157.0 1157.0 1156.992 1156.919 1156.847 1156.774 1156.702 1156.592 1156.447 1156.302 1156.157 1156.012 1155.823 1155.631 1155.439 1155.246 1155.108 1155.083 1155.058 1155.032 1155.007 1154.842 1154.624 1154.406 1154.189 1154.0 1154.0 1154.0 1154.0 1154.0 1153.934 1153.811 1153.688 1153.564 1153.441 1153.345 1153.251
1158.166 1158.04 1158.0 1158.0 1158.0 1158.0 1158.0 1158.0 1158.0 1158.0 1158.0 1158.0 1158.0 1158.0 1158.0 1158.0 1157.943 1157.88 1157.817 1157.754 1157.663 1157.509 1157.354 1157.2 1157.045 1157.0 1157.0 1157.0 1157.0 1156.992 1156.919 1156.847 1156.774 1156.702 1156.592 1156.447 1156.302 1156.157 1156.012 1155.809 1155.6 1155.392 1155.184 1155.04 1155.031 1155.021 1155.012 1155.003 1154.842 1154.624 1154.406 1154.189 1154.0 1154.0 1154.0 1154.0 1154.0 1153.951 1153.86 1153.768 1153.677 1153.586 1153.462 1153.335
1158.207 1158.057 1158.009 1158.006 1158.004 1158.002 1158.0 1158.0 1158.0 1158.0 1158.0 1158.0 1158.0 1158.0 1158.0 1158.0 1157.923 1157.837 1157.752 1157.666 1157.566 1157.434 1157.302 1157.171 1157.039 1156.997 1156.993 1156.988 1156.984 1156.971 1156.89 1156.808 1156.727 1156.646 1156.538 1156.406 1156.274 1156.143 1156.011 1155.8 1155.582 1155.365 1155.147 1155.0 1155.0 1155.0 1155.0 1155.0 1154.846 1154.635 1154.424 1154.213 1154.029 1154.023 1154.016 1154.01 1154.003 1153.962 1153.892 1153.822 1153.751 1153.681 1153.538 1153.391
