data/zism_data/00930_03_D.txt
ncols         224
nrows         224
[rows 112 to 139 of 224, columns 0 to 63 of 224]
1193.463 1194.649 1195.834 1197.019 1198.204 1198.777 1198.964 1199.151 1199.338 1199.521 1199.627 1199.733 1199.839 1199.944 1200.023 1200.073 1200.122 1200.171 1200.22 1200.232 1200.24 1200.249 1200.257 1200.254 1200.229 1200.205 1200.18 1200.156 1200.481 1200.913 1201.345 1201.777 1202.119 1202.096 1202.073 1202.05 1202.027 1201.783 1201.406 1201.03 1200.654 1200.296 1200.23 1200.165 1200.099 1200.033 1200.024 1200.073 1200.122 1200.172 1200.221 1200.179 1200.13 1200.081 1200.032 1199.923 1199.704 1199.486 1199.267 1199.048 1198.627 1198.149 1197.671 1197.193
1194.144 1195.224 1196.303 1197.383 1198.463 1198.979 1199.139 1199.3 1199.46 1199.617 1199.702 1199.786 1199.871 1199.956 1200.008 1200.026 1200.043 1200.061 1200.078 1200.083 1200.085 1200.088 1200.091 1200.09 1200.082 1200.073 1200.064 1200.055 1200.279 1200.574 1200.868 1201.163 1201.379 1201.277 1201.175 1201.073 1200.97 1200.819 1200.638 1200.457 1200.277 1200.105 1200.082 1200.058 1200.035 1200.012 1200.009 1200.026 1200.043 1200.061 1200.078 1200.064 1200.046 1200.029 1200.011 1199.923 1199.704 1199.486 1199.267 1199.048 1198.61 1198.111 1197.612 1197.113
1194.78 1195.742 1196.704 1197.666 1198.628 1199.089 1199.235 1199.381 1199.527 1199.67 1199.743 1199.816 1199.889 1199.962 1200.0 1200.0 1200.0 1200.0 1200.0 1200.0 1200.0 1200.0 1200.0 1199.993 1199.971 1199.95 1199.929 1199.907 1200.043 1200.226 1200.41 1200.593 1200.714 1200.582 1200.451 1200.319 1200.187 1200.106 1200.054 1200.003 1199.951 1199.904 1199.925 1199.946 1199.968 1199.989 1200.0 1200.0 1200.0 1200.0 1200.0 1200.0 1200.0 1200.0 1200.0 1199.928 1199.724 1199.519 1199.314 1199.11 1198.659 1198.139 1197.619 1197.098
1195.359 1196.189 1197.019 1197.849 1198.679 1199.089 1199.235 1199.381 1199.527 1199.67 1199.743 1199.816 1199.889 1199.962 1200.0 1200.0 1200.0 1200.0 1200.0 1200.0 1200.0 1200.0 1200.0 1199.977 1199.908 1199.839 1199.77 1199.701 1199.765 1199.869 1199.973 1200.077 1200.141 1200.041 1199.941 1199.841 1199.741 1199.701 1199.697 1199.693 1199.689 1199.689 1199.758 1199.827 1199.896 1199.965 1200.0 1200.0 1200.0 1200.0 1200.0 1200.0 1200.0 1200.0 1200.0 1199.939 1199.766 1199.594 1199.421 1199.248 1198.787 1198.246 1197.705 1197.163
1195.939 1196.637 1197.334 1198.032 1198.73 1199.089 1199.235 1199.381 1199.527 1199.67 1199.743 1199.816 1199.889 1199.962 1200.0 1200.0 1200.0 1200.0 1200.0 1200.0 1200.0 1200.0 1200.0 1199.961 1199.844 1199.728 1199.612 1199.495 1199.487 1199.512 1199.536 1199.561 1199.568 1199.499 1199.431 1199.363 1199.295 1199.297 1199.34 1199.383 1199.427 1199.475 1199.591 1199.708 1199.824 1199.941 1200.0 1200.0 1200.0 1200.0 1200.0 1200.0 1200.0 1200.0 1200.0 1199.951 1199.809 1199.668 1199.527 1199.386 1198.916 1198.353 1197.791 1197.228
1196.518 1197.084 1197.65 1198.215 1198.781 1199.089 1199.235 1199.381 1199.527 1199.67 1199.743 1199.816 1199.889 1199.962 1200.0 1200.0 1200.0 1200.0 1200.0 1200.0 1200.0 1200.0 1200.0 1199.945 1199.781 1199.617 1199.453 1199.289 1199.209 1199.154 1199.1 1199.045 1198.994 1198.958 1198.921 1198.885 1198.848 1198.892 1198.983 1199.074 1199.165 1199.26 1199.424 1199.588 1199.752 1199.916 1200.0 1200.0 1200.0 1200.0 1200.0 1200.0 1200.0 1200.0 1200.0 1199.962 1199.852 1199.743 1199.633 1199.524 1199.044 1198.46 1197.877 1197.293
1197.098 1197.531 1197.965 1198.399 1198.832 1199.089 1199.235 1199.381 1199.527 1199.67 1199.743 1199.816 1199.889 1199.962 1200.0 1200.0 1200.0 1200.0 1200.0 1200.0 1200.0 1200.0 1200.0 1199.929 1199.717 1199.506 1199.294 1199.083 1198.931 1198.797 1198.663 1198.53 1198.421 1198.416 1198.411 1198.407 1198.402 1198.487 1198.626 1198.764 1198.903 1199.046 1199.257 1199.469 1199.68 1199.892 1200.0 1200.0 1200.0 1200.0 1200.0 1200.0 1200.0 1200.0 1200.0 1199.973 1199.895 1199.817 1199.739 1199.661 1199.172 1198.568 1197.963 1197.358
1196.438 1197.008 1197.578 1198.148 1198.718 1199.045 1199.217 1199.39 1199.563 1199.731 1199.79 1199.85 1199.909 1199.969 1200.0 1200.0 1200.0 1200.0 1200.0 1200.0 1200.0 1200.0 1200.0 1199.922 1199.69 1199.457 1199.225 1198.993 1198.786 1198.586 1198.386 1198.187 1198.026 1198.021 1198.017 1198.012 1198.008 1198.117 1198.295 1198.472 1198.649 1198.83 1199.076 1199.322 1199.567 1199.813 1199.945 1199.959 1199.972 1199.985 1199.999 1200.0 1200.0 1200.0 1200.0 1199.965 1199.865 1199.765 1199.666 1199.566 1199.066 1198.453 1197.841 1197.229
1195.554 1196.309 1197.064 1197.819 1198.574 1198.992 1199.196 1199.401 1199.605 1199.802 1199.846 1199.89 1199.933 1199.977 1200.0 1200.0 1200.0 1200.0 1200.0 1200.0 1200.0 1200.0 1200.0 1199.917 1199.669 1199.42 1199.172 1198.924 1198.665 1198.402 1198.139 1197.876 1197.663 1197.653 1197.643 1197.633 1197.624 1197.754 1197.969 1198.183 1198.397 1198.615 1198.892 1199.17 1199.447 1199.724 1199.88 1199.91 1199.939 1199.968 1199.998 1200.0 1200.0 1200.0 1200.0 1199.954 1199.822 1199.691 1199.559 1199.428 1198.917 1198.299 1197.681 1197.064
1194.671 1195.61 1196.55 1197.49 1198.43 1198.939 1199.175 1199.411 1199.647 1199.874 1199.902 1199.93 1199.958 1199.985 1200.0 1200.0 1200.0 1200.0 1200.0 1200.0 1200.0 1200.0 1200.0 1199.911 1199.647 1199.383 1199.119 1198.855 1198.544 1198.217 1197.891 1197.564 1197.299 1197.284 1197.269 1197.254 1197.239 1197.391 1197.642 1197.894 1198.145 1198.399 1198.708 1199.018 1199.327 1199.636 1199.816 1199.861 1199.906 1199.951 1199.996 1200.0 1200.0 1200.0 1200.0 1199.943 1199.78 1199.616 1199.453 1199.29 1198.768 1198.145 1197.522 1196.899
1193.787 1194.912 1196.036 1197.161 1198.286 1198.886 1199.153 1199.421 1199.689 1199.946 1199.958 1199.97 1199.982 1199.994 1200.0 1200.0 1200.0 1200.0 1200.0 1200.0 1200.0 1200.0 1200.0 1199.906 1199.626 1199.346 1199.067 1198.787 1198.423 1198.033 1197.643 1197.253 1196.936 1196.916 1196.896 1196.875 1196.855 1197.028 1197.316 1197.604 1197.893 1198.184 1198.525 1198.866 1199.206 1199.547 1199.751 1199.812 1199.873 1199.934 1199.995 1200.0 1200.0 1200.0 1200.0 1199.932 1199.737 1199.542 1199.347 1199.152 1198.619 1197.99 1197.362 1196.734
1192.713 1194.05 1195.387 1196.724 1198.061 1198.769 1199.08 1199.391 1199.702 1200.0 1200.0 1200.0 1200.0 1200.0 1200.0 1200.0 1200.0 1200.0 1200.0 1200.0 1200.0 1200.0 1200.0 1199.902 1199.61 1199.318 1199.027 1198.735 1198.325 1197.88 1197.434 1196.989 1196.624 1196.59 1196.555 1196.52 1196.486 1196.678 1197.004 1197.331 1197.657 1197.986 1198.351 1198.715 1199.08 1199.445 1199.671 1199.751 1199.832 1199.913 1199.994 1199.996 1199.993 1199.989 1199.985 1199.903 1199.676 1199.45 1199.223 1198.996 1198.428 1197.763 1197.099 1196.434
1191.053 1192.685 1194.318 1195.951 1197.584 1198.455 1198.846 1199.236 1199.627 1200.0 1200.0 1200.0 1200.0 1200.0 1200.0 1200.0 1200.0 1200.0 1200.0 1200.0 1200.0 1200.0 1200.0 1199.902 1199.61 1199.318 1199.027 1198.735 1198.301 1197.824 1197.347 1196.869 1196.471 1196.394 1196.317 1196.24 1196.163 1196.366 1196.735 1197.104 1197.472 1197.841 1198.206 1198.57 1198.935 1199.3 1199.541 1199.654 1199.766 1199.879 1199.991 1199.982 1199.962 1199.942 1199.923 1199.819 1199.561 1199.303 1199.044 1198.786 1198.107 1197.311 1196.514 1195.717
1189.392 1191.321 1193.25 1195.179 1197.107 1198.142 1198.611 1199.081 1199.551 1200.0 1200.0 1200.0 1200.0 1200.0 1200.0 1200.0 1200.0 1200.0 1200.0 1200.0 1200.0 1200.0 1200.0 1199.902 1199.61 1199.318 1199.027 1198.735 1198.277 1197.768 1197.259 1196.75 1196.318 1196.199 1196.079 1195.96 1195.841 1196.055 1196.466 1196.877 1197.288 1197.696 1198.061 1198.426 1198.79 1199.155 1199.412 1199.556 1199.7 1199.844 1199.988 1199.967 1199.932 1199.896 1199.86 1199.736 1199.446 1199.156 1198.866 1198.576 1197.787 1196.858 1195.929 1195.0
1187.732 1189.957 1192.182 1194.406 1196.631 1197.828 1198.377 1198.926 1199.475 1200.0 1200.0 1200.0 1200.0 1200.0 1200.0 1200.0 1200.0 1200.0 1200.0 1200.0 1200.0 1200.0 1200.0 1199.902 1199.61 1199.318 1199.027 1198.735 1198.252 1197.712 1197.171 1196.631 1196.165 1196.003 1195.842 1195.68 1195.519 1195.743 1196.197 1196.65 1197.103 1197.551 1197.916 1198.281 1198.646 1199.01 1199.283 1199.458 1199.634 1199.81 1199.986 1199.953 1199.901 1199.85 1199.798 1199.652 1199.33 1199.009 1198.687 1198.365 1197.466 1196.405 1195.344 1194.284
1186.072 1188.593 1191.113 1193.634 1196.154 1197.515 1198.143 1198.771 1199.399 1200.0 1200.0 1200.0 1200.0 1200.0 1200.0 1200.0 1200.0 1200.0 1200.0 1200.0 1200.0 1200.0 1200.0 1199.902 1199.61 1199.318 1199.027 1198.735 1198.228 1197.656 1197.083 1196.511 1196.012 1195.808 1195.604 1195.4 1195.197 1195.432 1195.927 1196.423 1196.918 1197.406 1197.771 1198.136 1198.501 1198.865 1199.153 1199.361 1199.568 1199.776 1199.983 1199.938 1199.871 1199.803 1199.736 1199.569 1199.215 1198.862 1198.508 1198.155 1197.146 1195.953 1194.76 1193.567
1183.782 1186.721 1189.66 1192.598 1195.537 1197.12 1197.848 1198.576 1199.304 1200.0 1200.0 1200.0 1200.0 1200.0 1200.0 1200.0 1200.0 1200.0 1200.0 1199.988 1199.974 1199.961 1199.947 1199.822 1199.475 1199.129 1198.783 1198.437 1197.867 1197.229 1196.591 1195.953 1195.423 1195.33 1195.236 1195.143 1195.05 1195.362 1195.913 1196.464 1197.016 1197.555 1197.896 1198.237 1198.578 1198.919 1199.19 1199.389 1199.587 1199.786 1199.984 1199.933 1199.86 1199.787 1199.714 1199.521 1199.105 1198.69 1198.274 1197.858 1196.751 1195.449 1194.148 1192.847
1181.142 1184.567 1187.992 1191.417 1194.842 1196.681 1197.52 1198.359 1199.198 1200.0 1200.0 1200.0 1200.0 1200.0 1200.0 1200.0 1200.0 1200.0 1200.0 1199.969 1199.934 1199.899 1199.864 1199.697 1199.266 1198.835 1198.405 1197.974 1197.32 1196.597 1195.875 1195.152 1194.592 1194.694 1194.797 1194.899 1195.002 1195.426 1196.04 1196.655 1197.27 1197.867 1198.171 1198.475 1198.779 1199.083 1199.32 1199.486 1199.653 1199.82 1199.987 1199.933 1199.86 1199.787 1199.714 1199.493 1198.998 1198.503 1198.008 1197.513 1196.314 1194.918 1193.521 1192.125
1178.503 1182.414 1186.325 1190.236 1194.147 1196.242 1197.192 1198.142 1199.092 1200.0 1200.0 1200.0 1200.0 1200.0 1200.0 1200.0 1200.0 1200.0 1200.0 1199.949 1199.894 1199.838 1199.782 1199.572 1199.057 1198.541 1198.026 1197.511 1196.772 1195.965 1195.158 1194.351 1193.761 1194.059 1194.357 1194.655 1194.953 1195.49 1196.168 1196.846 1197.524 1198.178 1198.445 1198.712 1198.979 1199.246 1199.449 1199.584 1199.719 1199.854 1199.989 1199.933 1199.86 1199.787 1199.714 1199.465 1198.891 1198.317 1197.743 1197.169 1195.878 1194.386 1192.895 1191.403
1175.863 1180.26 1184.658 1189.055 1193.452 1195.803 1196.864 1197.925 1198.986 1200.0 1200.0 1200.0 1200.0 1200.0 1200.0 1200.0 1200.0 1200.0 1200.0 1199.93 1199.853 1199.776 1199.699 1199.447 1198.847 1198.247 1197.647 1197.048 1196.224 1195.333 1194.441 1193.549 1192.931 1193.424 1193.918 1194.411 1194.904 1195.553 1196.295 1197.037 1197.778 1198.49 1198.72 1198.95 1199.18 1199.41 1199.578 1199.682 1199.785 1199.888 1199.992 1199.933 1199.86 1199.787 1199.714 1199.438 1198.784 1198.131 1197.477 1196.824 1195.441 1193.855 1192.268 1190.682
1173.204 1178.09 1182.977 1187.863 1192.75 1195.359 1196.531 1197.704 1198.877 1199.998 1199.998 1199.999 1199.999 1200.0 1199.999 1199.998 1199.997 1199.995 1199.994 1199.902 1199.8 1199.698 1199.596 1199.297 1198.609 1197.92 1197.232 1196.543 1195.642 1194.675 1193.709 1192.743 1192.103 1192.793 1193.482 1194.172 1194.861 1195.621 1196.423 1197.225 1198.027 1198.794 1198.988 1199.182 1199.376 1199.57 1199.705 1199.777 1199.85 1199.922 1199.994 1199.931 1199.856 1199.781 1199.706 1199.399 1198.659 1197.92 1197.181 1196.442 1194.964 1193.28 1191.595 1189.91
1170.071 1175.523 1180.975 1186.427 1191.879 1194.788 1196.093 1197.397 1198.702 1199.95 1199.961 1199.972 1199.983 1199.994 1199.984 1199.951 1199.918 1199.885 1199.852 1199.657 1199.444 1199.231 1199.018 1198.582 1197.703 1196.824 1195.945 1195.066 1194.242 1193.434 1192.627 1191.819 1191.348 1192.249 1193.15 1194.051 1194.952 1195.784 1196.575 1197.367 1198.158 1198.914 1199.098 1199.281 1199.465 1199.648 1199.77 1199.826 1199.883 1199.939 1199.995 1199.887 1199.765 1199.642 1199.52 1199.098 1198.121 1197.144 1196.167 1195.19 1193.532 1191.684 1189.836 1187.987
1166.939 1172.956 1178.974 1184.991 1191.008 1194.217 1195.654 1197.091 1198.527 1199.902 1199.924 1199.946 1199.967 1199.989 1199.969 1199.905 1199.84 1199.775 1199.71 1199.411 1199.087 1198.764 1198.44 1197.866 1196.797 1195.728 1194.659 1193.589 1192.842 1192.193 1191.544 1190.895 1190.593 1191.705 1192.818 1193.93 1195.042 1195.946 1196.727 1197.508 1198.289 1199.034 1199.207 1199.38 1199.553 1199.726 1199.834 1199.875 1199.916 1199.956 1199.997 1199.844 1199.674 1199.504 1199.333 1198.797 1197.583 1196.368 1195.153 1193.938 1192.1 1190.088 1188.076 1186.064
1163.806 1170.389 1176.972 1183.555 1190.137 1193.646 1195.215 1196.784 1198.353 1199.854 1199.887 1199.919 1199.951 1199.983 1199.954 1199.858 1199.761 1199.665 1199.568 1199.166 1198.731 1198.296 1197.862 1197.15 1195.891 1194.631 1193.372 1192.113 1191.443 1190.952 1190.461 1189.971 1189.838 1191.161 1192.485 1193.809 1195.132 1196.109 1196.879 1197.649 1198.42 1199.154 1199.317 1199.479 1199.642 1199.804 1199.899 1199.924 1199.948 1199.973 1199.998 1199.8 1199.582 1199.365 1199.147 1198.497 1197.044 1195.592 1194.139 1192.686 1190.669 1188.493 1186.317 1184.141
1160.674 1167.822 1174.97 1182.119 1189.267 1193.075 1194.776 1196.477 1198.178 1199.807 1199.849 1199.892 1199.935 1199.978 1199.939 1199.811 1199.683 1199.555 1199.427 1198.921 1198.375 1197.829 1197.283 1196.434 1194.985 1193.535 1192.085 1190.636 1190.043 1189.711 1189.379 1189.047 1189.083 1190.618 1192.153 1193.688 1195.223 1196.271 1197.031 1197.791 1198.55 1199.275 1199.426 1199.578 1199.73 1199.882 1199.964 1199.973 1199.981 1199.99 1199.999 1199.756 1199.491 1199.226 1198.961 1198.196 1196.506 1194.815 1193.125 1191.434 1189.237 1186.897 1184.557 1182.217
1156.619 1164.159 1171.698 1179.238 1186.777 1190.871 1192.79 1194.709 1196.628 1198.466 1198.531 1198.595 1198.66 1198.725 1198.667 1198.472 1198.278 1198.083 1197.888 1197.221 1196.504 1195.787 1195.07 1194.119 1192.704 1191.289 1189.875 1188.46 1188.078 1188.011 1187.945 1187.878 1188.173 1189.94 1191.707 1193.474 1195.242 1196.38 1197.145 1197.911 1198.676 1199.405 1199.537 1199.669 1199.801 1199.933 1200.0 1200.0 1200.0 1200.0 1200.0 1199.616 1199.199 1198.782 1198.365 1197.372 1195.312 1193.251 1191.191 1189.13 1186.792 1184.377 1181.961 1179.546
1151.387 1159.095 1166.804 1174.513 1182.221 1186.581 1188.828 1191.074 1193.321 1195.473 1195.575 1195.677 1195.779 1195.881 1195.789 1195.484 1195.178 1194.873 1194.567 1193.664 1192.699 1191.734 1190.768 1189.76 1188.668 1187.575 1186.483 1185.391 1185.392 1185.727 1186.062 1186.397 1187.065 1189.091 1191.117 1193.143 1195.169 1196.421 1197.213 1198.004 1198.796 1199.548 1199.648 1199.748 1199.849 1199.949 1200.0 1200.0 1200.0 1200.0 1200.0 1199.354 1198.651 1197.949 1197.247 1195.88 1193.28 1190.681 1188.081 1185.482 1183.055 1180.676 1178.298 1175.919
1146.154 1154.032 1161.91 1169.787 1177.665 1182.291 1184.865 1187.439 1190.014 1192.481 1192.62 1192.759 1192.898 1193.037 1192.912 1192.495 1192.079 1191.662 1191.246 1190.108 1188.894 1187.68 1186.466 1185.402 1184.632 1183.862 1183.092 1182.322 1182.706 1183.442 1184.179 1184.915 1185.957 1188.242 1190.527 1192.812 1195.097 1196.461 1197.28 1198.098 1198.916 1199.691 1199.759 1199.828 1199.896 1199.965 1200.0 1200.0 1200.0 1200.0 1200.0 1199.092 1198.104 1197.116 1196.128 1194.387 1191.249 1188.11 1184.972 1181.833 1179.317 1176.976 1174.634 1172.293
