data/zism_data/00937_02_D.txt
ncols         224
nrows         224
[rows 58 to 86 of 224, columns 130 to 194 of 224]
1158.305 1158.305 1158.29 1158.223 1158.157 1158.091 1158.024 1158.138 1158.355 1158.573 1158.79 1159.005 1159.146 1159.287 1159.428 1159.569 1159.73 1159.917 1160.104 1160.292 1160.479 1160.593 1160.694 1160.795 1160.896 1160.969 1160.961 1160.953 1160.944 1160.936 1160.799 1160.594 1160.389 1160.183 1159.978 1159.762 1159.547 1159.331 1159.116 1158.932 1158.785 1158.638 1158.49 1158.343 1158.261 1158.188 1158.116 1158.043 1157.989 1157.985 1157.981 1157.977 1157.973 1157.963 1157.95 1157.938 1157.925 1157.903 1157.771 1157.638 1157.505 1157.373 1157.263 1157.178 1157.093
1158.423 1158.423 1158.406 1158.334 1158.261 1158.188 1158.116 1158.196 1158.365 1158.534 1158.703 1158.872 1159.047 1159.221 1159.395 1159.569 1159.762 1159.978 1160.194 1160.41 1160.626 1160.747 1160.85 1160.953 1161.057 1161.129 1161.11 1161.09 1161.071 1161.051 1160.896 1160.669 1160.441 1160.214 1159.987 1159.77 1159.552 1159.334 1159.117 1158.928 1158.774 1158.619 1158.464 1158.309 1158.243 1158.19 1158.136 1158.083 1158.05 1158.069 1158.089 1158.108 1158.128 1158.134 1158.134 1158.134 1158.134 1158.121 1157.967 1157.812 1157.657 1157.502 1157.392 1157.329 1157.267
1158.569 1158.569 1158.553 1158.48 1158.408 1158.335 1158.263 1158.292 1158.382 1158.471 1158.56 1158.654 1158.876 1159.098 1159.32 1159.542 1159.778 1160.032 1160.285 1160.538 1160.792 1160.927 1161.041 1161.155 1161.269 1161.341 1161.29 1161.239 1161.187 1161.136 1160.959 1160.716 1160.472 1160.229 1159.987 1159.77 1159.552 1159.334 1159.117 1158.921 1158.75 1158.579 1158.409 1158.238 1158.197 1158.176 1158.155 1158.133 1158.132 1158.183 1158.235 1158.286 1158.337 1158.354 1158.354 1158.354 1158.354 1158.34 1158.17 1157.999 1157.828 1157.657 1157.547 1157.5 1157.453
1158.716 1158.716 1158.7 1158.627 1158.555 1158.482 1158.409 1158.389 1158.398 1158.407 1158.417 1158.436 1158.706 1158.976 1159.246 1159.516 1159.795 1160.085 1160.376 1160.667 1160.957 1161.107 1161.232 1161.356 1161.481 1161.553 1161.47 1161.387 1161.303 1161.22 1161.022 1160.762 1160.503 1160.244 1159.987 1159.77 1159.552 1159.334 1159.117 1158.913 1158.727 1158.54 1158.353 1158.167 1158.151 1158.162 1158.173 1158.184 1158.214 1158.297 1158.381 1158.464 1158.547 1158.574 1158.574 1158.574 1158.574 1158.559 1158.372 1158.186 1157.999 1157.812 1157.701 1157.67 1157.639
1158.863 1158.863 1158.846 1158.774 1158.701 1158.629 1158.556 1158.485 1158.414 1158.344 1158.274 1158.217 1158.535 1158.853 1159.171 1159.489 1159.811 1160.139 1160.467 1160.795 1161.123 1161.288 1161.423 1161.558 1161.693 1161.766 1161.65 1161.535 1161.42 1161.305 1161.085 1160.809 1160.534 1160.259 1159.987 1159.77 1159.552 1159.334 1159.117 1158.906 1158.703 1158.501 1158.298 1158.095 1158.106 1158.148 1158.191 1158.234 1158.296 1158.411 1158.527 1158.642 1158.757 1158.794 1158.794 1158.794 1158.794 1158.778 1158.575 1158.373 1158.17 1157.967 1157.856 1157.841 1157.826
1159.01 1159.01 1158.993 1158.921 1158.849 1158.776 1158.704 1158.587 1158.442 1158.298 1158.153 1158.028 1158.392 1158.756 1159.12 1159.484 1159.847 1160.21 1160.572 1160.934 1161.297 1161.473 1161.616 1161.759 1161.902 1161.974 1161.829 1161.685 1161.54 1161.396 1161.156 1160.865 1160.574 1160.283 1159.997 1159.777 1159.557 1159.338 1159.118 1158.9 1158.684 1158.467 1158.251 1158.035 1158.07 1158.143 1158.216 1158.29 1158.382 1158.525 1158.668 1158.811 1158.954 1159.0 1159.0 1159.0 1159.0 1158.983 1158.768 1158.554 1158.339 1158.125 1158.015 1158.017 1158.02
1159.156 1159.156 1159.141 1159.074 1159.007 1158.94 1158.874 1158.764 1158.631 1158.497 1158.363 1158.249 1158.634 1159.019 1159.405 1159.79 1160.163 1160.52 1160.877 1161.234 1161.591 1161.74 1161.851 1161.962 1162.073 1162.123 1161.989 1161.855 1161.722 1161.588 1161.344 1161.043 1160.742 1160.44 1160.141 1159.89 1159.638 1159.387 1159.135 1158.91 1158.715 1158.52 1158.325 1158.13 1158.177 1158.261 1158.345 1158.429 1158.52 1158.631 1158.742 1158.853 1158.964 1159.0 1159.0 1159.0 1159.0 1158.987 1158.82 1158.653 1158.487 1158.32 1158.251 1158.285 1158.319
1159.303 1159.303 1159.289 1159.227 1159.166 1159.104 1159.043 1158.942 1158.819 1158.696 1158.573 1158.469 1158.876 1159.283 1159.689 1160.096 1160.478 1160.83 1161.182 1161.533 1161.885 1162.006 1162.085 1162.165 1162.244 1162.272 1162.149 1162.026 1161.903 1161.78 1161.533 1161.221 1160.909 1160.597 1160.286 1160.003 1159.719 1159.436 1159.152 1158.92 1158.746 1158.572 1158.399 1158.225 1158.284 1158.379 1158.473 1158.568 1158.658 1158.737 1158.816 1158.895 1158.974 1159.0 1159.0 1159.0 1159.0 1158.99 1158.872 1158.753 1158.634 1158.516 1158.487 1158.552 1158.618
1159.45 1159.45 1159.437 1159.381 1159.324 1159.268 1159.212 1159.12 1159.008 1158.895 1158.783 1158.69 1159.118 1159.546 1159.974 1160.402 1160.794 1161.14 1161.487 1161.833 1162.179 1162.273 1162.32 1162.367 1162.414 1162.422 1162.309 1162.197 1162.084 1161.972 1161.722 1161.399 1161.076 1160.754 1160.431 1160.116 1159.8 1159.485 1159.169 1158.929 1158.777 1158.625 1158.472 1158.32 1158.391 1158.496 1158.601 1158.707 1158.796 1158.843 1158.89 1158.938 1158.985 1159.0 1159.0 1159.0 1159.0 1158.994 1158.923 1158.853 1158.782 1158.711 1158.722 1158.82 1158.918
1159.596 1159.596 1159.585 1159.534 1159.483 1159.432 1159.381 1159.298 1159.196 1159.095 1158.993 1158.911 1159.36 1159.81 1160.259 1160.708 1161.109 1161.451 1161.792 1162.133 1162.474 1162.539 1162.554 1162.57 1162.585 1162.571 1162.469 1162.367 1162.266 1162.164 1161.911 1161.577 1161.244 1160.91 1160.576 1160.229 1159.881 1159.534 1159.187 1158.939 1158.808 1158.677 1158.546 1158.415 1158.498 1158.614 1158.73 1158.846 1158.934 1158.949 1158.964 1158.98 1158.995 1159.0 1159.0 1159.0 1159.0 1158.998 1158.975 1158.952 1158.929 1158.906 1158.958 1159.088 1159.217
1159.728 1159.737 1159.733 1159.691 1159.648 1159.605 1159.562 1159.492 1159.407 1159.321 1159.236 1159.17 1159.629 1160.089 1160.548 1161.007 1161.414 1161.752 1162.09 1162.429 1162.767 1162.82 1162.82 1162.82 1162.82 1162.794 1162.692 1162.59 1162.487 1162.385 1162.132 1161.799 1161.466 1161.133 1160.797 1160.409 1160.022 1159.634 1159.246 1158.987 1158.878 1158.768 1158.658 1158.548 1158.634 1158.749 1158.865 1158.98 1159.067 1159.078 1159.089 1159.1 1159.111 1159.115 1159.115 1159.115 1159.115 1159.115 1159.124 1159.132 1159.141 1159.149 1159.228 1159.381 1159.534
1159.847 1159.871 1159.883 1159.85 1159.818 1159.786 1159.754 1159.702 1159.637 1159.573 1159.509 1159.464 1159.923 1160.382 1160.842 1161.301 1161.707 1162.045 1162.384 1162.722 1163.061 1163.113 1163.113 1163.113 1163.113 1163.085 1162.972 1162.859 1162.746 1162.633 1162.384 1162.061 1161.739 1161.417 1161.088 1160.652 1160.217 1159.781 1159.345 1159.071 1158.982 1158.894 1158.805 1158.717 1158.796 1158.901 1159.005 1159.11 1159.195 1159.227 1159.26 1159.292 1159.324 1159.335 1159.335 1159.335 1159.335 1159.337 1159.361 1159.385 1159.41 1159.434 1159.529 1159.698 1159.867
1159.965 1160.006 1160.032 1160.01 1159.989 1159.967 1159.946 1159.911 1159.868 1159.825 1159.781 1159.757 1160.216 1160.676 1161.135 1161.594 1162.0 1162.339 1162.677 1163.016 1163.354 1163.407 1163.407 1163.407 1163.407 1163.376 1163.252 1163.129 1163.005 1162.882 1162.635 1162.323 1162.012 1161.7 1161.378 1160.895 1160.411 1159.928 1159.444 1159.154 1159.087 1159.019 1158.952 1158.885 1158.958 1159.052 1159.146 1159.24 1159.323 1159.377 1159.43 1159.484 1159.538 1159.555 1159.555 1159.555 1159.555 1159.558 1159.599 1159.639 1159.679 1159.719 1159.83 1160.015 1160.201
1160.084 1160.14 1160.181 1160.17 1160.159 1160.148 1160.137 1160.12 1160.098 1160.076 1160.054 1160.05 1160.51 1160.969 1161.428 1161.888 1162.294 1162.632 1162.971 1163.309 1163.648 1163.7 1163.7 1163.7 1163.7 1163.667 1163.532 1163.398 1163.264 1163.13 1162.886 1162.585 1162.284 1161.984 1161.669 1161.138 1160.606 1160.075 1159.544 1159.237 1159.191 1159.145 1159.099 1159.053 1159.12 1159.203 1159.286 1159.37 1159.451 1159.526 1159.601 1159.676 1159.751 1159.775 1159.775 1159.775 1159.775 1159.78 1159.836 1159.892 1159.948 1160.005 1160.131 1160.333 1160.534
1160.202 1160.274 1160.33 1160.33 1160.33 1160.329 1160.329 1160.329 1160.328 1160.328 1160.327 1160.344 1160.803 1161.263 1161.722 1162.181 1162.587 1162.926 1163.264 1163.603 1163.941 1163.994 1163.994 1163.994 1163.994 1163.957 1163.813 1163.668 1163.523 1163.378 1163.138 1162.848 1162.557 1162.267 1161.96 1161.38 1160.801 1160.222 1159.643 1159.32 1159.296 1159.271 1159.246 1159.222 1159.282 1159.354 1159.427 1159.5 1159.579 1159.675 1159.772 1159.868 1159.964 1159.995 1159.995 1159.995 1159.995 1160.001 1160.073 1160.145 1160.218 1160.29 1160.432 1160.65 1160.867
1160.376 1160.433 1160.48 1160.496 1160.512 1160.527 1160.543 1160.568 1160.6 1160.631 1160.662 1160.707 1161.098 1161.49 1161.882 1162.273 1162.616 1162.897 1163.179 1163.46 1163.741 1163.824 1163.871 1163.918 1163.965 1163.972 1163.858 1163.744 1163.63 1163.516 1163.287 1162.997 1162.707 1162.417 1162.112 1161.579 1161.045 1160.512 1159.979 1159.683 1159.664 1159.645 1159.626 1159.607 1159.614 1159.624 1159.634 1159.644 1159.672 1159.748 1159.824 1159.9 1159.975 1160.032 1160.078 1160.125 1160.172 1160.221 1160.294 1160.366 1160.439 1160.511 1160.669 1160.918 1161.167
1160.551 1160.592 1160.631 1160.662 1160.694 1160.726 1160.757 1160.809 1160.872 1160.935 1160.998 1161.071 1161.393 1161.716 1162.038 1162.361 1162.639 1162.862 1163.085 1163.307 1163.53 1163.645 1163.74 1163.834 1163.929 1163.979 1163.898 1163.816 1163.734 1163.652 1163.434 1163.144 1162.854 1162.563 1162.262 1161.776 1161.291 1160.805 1160.32 1160.053 1160.039 1160.025 1160.012 1159.998 1159.95 1159.896 1159.842 1159.788 1159.764 1159.818 1159.873 1159.928 1159.982 1160.064 1160.159 1160.254 1160.348 1160.441 1160.514 1160.586 1160.659 1160.731 1160.905 1161.186 1161.467
1160.726 1160.751 1160.781 1160.829 1160.876 1160.924 1160.971 1161.049 1161.144 1161.239 1161.334 1161.435 1161.688 1161.942 1162.195 1162.448 1162.662 1162.827 1162.991 1163.155 1163.319 1163.465 1163.608 1163.75 1163.893 1163.988 1163.938 1163.888 1163.838 1163.788 1163.58 1163.29 1163.0 1162.71 1162.411 1161.974 1161.536 1161.098 1160.661 1160.422 1160.414 1160.405 1160.397 1160.389 1160.286 1160.168 1160.05 1159.932 1159.856 1159.889 1159.923 1159.956 1159.989 1160.096 1160.239 1160.382 1160.524 1160.661 1160.734 1160.806 1160.879 1160.952 1161.141 1161.453 1161.766
1160.901 1160.91 1160.932 1160.995 1161.059 1161.122 1161.186 1161.289 1161.416 1161.543 1161.67 1161.799 1161.984 1162.168 1162.352 1162.536 1162.686 1162.791 1162.897 1163.002 1163.108 1163.286 1163.476 1163.667 1163.857 1163.995 1163.977 1163.959 1163.941 1163.923 1163.727 1163.437 1163.147 1162.857 1162.561 1162.171 1161.781 1161.392 1161.002 1160.791 1160.788 1160.785 1160.782 1160.779 1160.621 1160.44 1160.258 1160.077 1159.948 1159.96 1159.972 1159.984 1159.996 1160.129 1160.319 1160.51 1160.7 1160.881 1160.954 1161.026 1161.099 1161.172 1161.376 1161.721 1162.065
1161.064 1161.064 1161.08 1161.153 1161.225 1161.298 1161.37 1161.48 1161.611 1161.742 1161.874 1162.005 1162.15 1162.295 1162.441 1162.586 1162.699 1162.771 1162.844 1162.916 1162.989 1163.166 1163.363 1163.56 1163.757 1163.904 1163.904 1163.904 1163.904 1163.904 1163.728 1163.459 1163.189 1162.92 1162.646 1162.305 1161.963 1161.621 1161.279 1161.093 1161.086 1161.079 1161.072 1161.065 1160.889 1160.688 1160.486 1160.285 1160.14 1160.144 1160.149 1160.153 1160.158 1160.293 1160.489 1160.686 1160.883 1161.071 1161.16 1161.248 1161.337 1161.426 1161.643 1161.996 1162.35
1161.211 1161.211 1161.227 1161.3 1161.372 1161.445 1161.517 1161.607 1161.706 1161.805 1161.904 1162.005 1162.15 1162.295 1162.441 1162.586 1162.699 1162.771 1162.844 1162.916 1162.989 1163.126 1163.275 1163.424 1163.573 1163.684 1163.684 1163.684 1163.684 1163.684 1163.539 1163.318 1163.096 1162.875 1162.649 1162.355 1162.061 1161.767 1161.474 1161.305 1161.282 1161.259 1161.236 1161.214 1161.068 1160.904 1160.74 1160.576 1160.46 1160.476 1160.491 1160.506 1160.521 1160.627 1160.776 1160.925 1161.074 1161.221 1161.347 1161.473 1161.599 1161.725 1161.951 1162.283 1162.615
1161.357 1161.357 1161.374 1161.446 1161.519 1161.591 1161.664 1161.733 1161.801 1161.868 1161.935 1162.005 1162.15 1162.295 1162.441 1162.586 1162.699 1162.771 1162.844 1162.916 1162.989 1163.085 1163.186 1163.287 1163.388 1163.464 1163.464 1163.464 1163.464 1163.464 1163.351 1163.177 1163.004 1162.83 1162.652 1162.406 1162.16 1161.914 1161.668 1161.518 1161.479 1161.44 1161.401 1161.362 1161.247 1161.12 1160.993 1160.866 1160.781 1160.807 1160.833 1160.859 1160.885 1160.961 1161.062 1161.163 1161.264 1161.37 1161.534 1161.697 1161.86 1162.023 1162.258 1162.569 1162.88
1161.504 1161.504 1161.521 1161.593 1161.666 1161.738 1161.811 1161.86 1161.895 1161.931 1161.966 1162.005 1162.15 1162.295 1162.441 1162.586 1162.699 1162.771 1162.844 1162.916 1162.989 1163.045 1163.098 1163.151 1163.204 1163.244 1163.244 1163.244 1163.244 1163.244 1163.162 1163.036 1162.911 1162.785 1162.655 1162.457 1162.259 1162.061 1161.862 1161.731 1161.676 1161.621 1161.566 1161.511 1161.426 1161.337 1161.247 1161.157 1161.102 1161.138 1161.175 1161.212 1161.248 1161.296 1161.349 1161.402 1161.455 1161.52 1161.721 1161.921 1162.122 1162.322 1162.566 1162.855 1163.145
1161.651 1161.651 1161.667 1161.74 1161.812 1161.885 1161.957 1161.986 1161.99 1161.993 1161.997 1162.005 1162.15 1162.295 1162.441 1162.586 1162.699 1162.771 1162.844 1162.916 1162.989 1163.004 1163.01 1163.015 1163.02 1163.024 1163.024 1163.024 1163.024 1163.024 1162.973 1162.895 1162.818 1162.74 1162.658 1162.508 1162.357 1162.207 1162.057 1161.943 1161.872 1161.802 1161.731 1161.66 1161.605 1161.553 1161.5 1161.448 1161.423 1161.47 1161.517 1161.564 1161.611 1161.63 1161.635 1161.641 1161.646 1161.67 1161.908 1162.145 1162.383 1162.621 1162.873 1163.142 1163.41
1161.732 1161.732 1161.746 1161.809 1161.873 1161.936 1161.999 1162.028 1162.037 1162.047 1162.056 1162.07 1162.206 1162.342 1162.477 1162.613 1162.718 1162.786 1162.854 1162.922 1162.99 1163.0 1163.0 1163.0 1163.0 1163.0 1163.0 1163.0 1163.0 1163.0 1162.956 1162.888 1162.82 1162.752 1162.68 1162.53 1162.38 1162.23 1162.08 1161.977 1161.929 1161.88 1161.831 1161.782 1161.746 1161.712 1161.678 1161.644 1161.625 1161.65 1161.675 1161.699 1161.724 1161.732 1161.732 1161.732 1161.732 1161.752 1161.993 1162.235 1162.477 1162.719 1162.972 1163.238 1163.504
1161.805 1161.805 1161.817 1161.87 1161.922 1161.975 1162.027 1162.059 1162.079 1162.099 1162.119 1162.143 1162.268 1162.393 1162.518 1162.643 1162.74 1162.803 1162.865 1162.928 1162.99 1163.0 1163.0 1163.0 1163.0 1163.0 1163.0 1163.0 1163.0 1163.0 1162.959 1162.897 1162.834 1162.772 1162.704 1162.549 1162.394 1162.238 1162.083 1161.99 1161.968 1161.945 1161.923 1161.901 1161.882 1161.864 1161.846 1161.828 1161.814 1161.812 1161.81 1161.808 1161.806 1161.805 1161.805 1161.805 1161.805 1161.825 1162.067 1162.308 1162.55 1162.792 1163.046 1163.312 1163.578
1161.879 1161.879 1161.888 1161.93 1161.972 1162.014 1162.055 1162.09 1162.121 1162.152 1162.182 1162.216 1162.331 1162.445 1162.559 1162.673 1162.763 1162.82 1162.877 1162.934 1162.991 1163.0 1163.0 1163.0 1163.0 1163.0 1163.0 1163.0 1163.0 1163.0 1162.963 1162.905 1162.848 1162.791 1162.728 1162.567 1162.407 1162.247 1162.086 1162.002 1162.006 1162.011 1162.015 1162.02 1162.018 1162.016 1162.014 1162.012 1162.002 1161.974 1161.945 1161.917 1161.888 1161.879 1161.879 1161.879 1161.879 1161.898 1162.14 1162.382 1162.624 1162.865 1163.119 1163.385 1163.651
1161.952 1161.952 1161.959 1161.99 1162.021 1162.053 1162.084 1162.121 1162.163 1162.204 1162.246 1162.289 1162.393 1162.497 1162.6 1162.704 1162.785 1162.836 1162.888 1162.94 1162.992 1163.0 1163.0 1163.0 1163.0 1163.0 1163.0 1163.0 1163.0 1163.0 1162.966 1162.914 1162.862 1162.811 1162.752 1162.586 1162.421 1162.255 1162.089 1162.014 1162.045 1162.076 1162.107 1162.138 1162.154 1162.168 1162.182 1162.196 1162.191 1162.136 1162.08 1162.025 1161.97 1161.952 1161.952 1161.952 1161.952 1161.972 1162.214 1162.455 1162.697 1162.939 1163.192 1163.458 1163.724
1162.077 1162.077 1162.082 1162.104 1162.126 1162.149 1162.171 1162.207 1162.252 1162.297 1162.341 1162.388 1162.477 1162.566 1162.656 1162.745 1162.814 1162.859 1162.904 1162.948 1162.993 1163.0 1163.0 1163.0 1163.0 1163.0 1163.0 1163.0 1163.0 1163.0 1162.971 1162.926 1162.881 1162.837 1162.786 1162.629 1162.473 1162.317 1162.16 1162.097 1162.142 1162.187 1162.231 1162.276 1162.316 1162.355 1162.394 1162.433 1162.438 1162.355 1162.271 1162.187 1162.104 1162.077 1162.077 1162.077 1162.077 1162.095 1162.324 1162.553 1162.781 1163.01 1163.261 1163.534 1163.807
