data/zism_data/00930_02_D.txt
ncols         224
nrows         224
[rows 140 to 167 of 224, columns 0 to 63 of 224]
1203.35 1205.224 1207.712 1210.2 1212.687 1215.012 1216.38 1217.748 1219.116 1220.484 1220.257 1218.859 1217.462 1216.064 1214.653 1211.414 1208.175 1204.936 1201.697 1198.858 1196.53 1194.203 1191.876 1189.549 1188.927 1188.564 1188.201 1187.837 1187.867 1188.817 1189.768 1190.718 1191.668 1193.851 1196.49 1199.129 1201.767 1205.252 1213.159 1221.067 1228.974 1236.881 1242.69 1247.05 1251.409 1255.769 1259.917 1254.618 1249.318 1244.02 1238.72 1232.811 1226.164 1219.518 1212.871 1206.224 1201.308 1196.621 1191.934 1187.247 1183.175 1180.446 1177.718 1174.989
1201.647 1203.033 1204.955 1206.878 1208.8 1210.6 1211.688 1212.776 1213.864 1214.952 1214.75 1213.601 1212.452 1211.302 1210.141 1207.288 1204.434 1201.581 1198.728 1196.188 1194.051 1191.914 1189.777 1187.641 1187.136 1186.878 1186.62 1186.363 1186.514 1187.623 1188.732 1189.84 1190.949 1193.052 1195.521 1197.991 1200.46 1203.67 1210.747 1217.825 1224.903 1231.98 1237.316 1241.448 1245.581 1249.713 1253.651 1248.901 1244.152 1239.402 1234.653 1229.265 1223.104 1216.943 1210.782 1204.622 1199.861 1195.285 1190.709 1186.133 1182.004 1178.853 1175.701 1172.55
1199.945 1200.841 1202.198 1203.555 1204.912 1206.189 1206.997 1207.805 1208.613 1209.42 1209.243 1208.342 1207.441 1206.541 1205.628 1203.161 1200.693 1198.226 1195.758 1193.519 1191.572 1189.625 1187.679 1185.732 1185.344 1185.192 1185.04 1184.888 1185.161 1186.428 1187.696 1188.963 1190.23 1192.252 1194.552 1196.853 1199.154 1202.088 1208.336 1214.584 1220.832 1227.079 1231.942 1235.847 1239.752 1243.657 1247.385 1243.185 1238.985 1234.785 1230.585 1225.718 1220.043 1214.369 1208.694 1203.02 1198.413 1193.948 1189.484 1185.019 1180.833 1177.259 1173.685 1170.11
1198.242 1198.65 1199.442 1200.233 1201.025 1201.778 1202.306 1202.833 1203.361 1203.889 1203.736 1203.084 1202.431 1201.779 1201.116 1199.034 1196.952 1194.871 1192.789 1190.85 1189.093 1187.337 1185.58 1183.824 1183.553 1183.506 1183.46 1183.414 1183.808 1185.234 1186.66 1188.086 1189.511 1191.452 1193.584 1195.715 1197.847 1200.506 1205.924 1211.343 1216.761 1222.179 1226.568 1230.246 1233.924 1237.602 1241.119 1237.469 1233.818 1230.168 1226.518 1222.171 1216.983 1211.794 1206.606 1201.418 1196.966 1192.612 1188.258 1183.904 1179.662 1175.665 1171.668 1167.671
1196.687 1196.702 1197.033 1197.364 1197.695 1198.023 1198.328 1198.634 1198.939 1199.244 1199.101 1198.629 1198.157 1197.684 1197.202 1195.4 1193.597 1191.794 1189.991 1188.291 1186.721 1185.151 1183.582 1182.012 1181.894 1181.995 1182.096 1182.198 1182.746 1184.341 1185.936 1187.531 1189.125 1191.05 1193.096 1195.143 1197.189 1199.665 1204.388 1209.112 1213.835 1218.558 1222.43 1225.713 1228.995 1232.278 1235.42 1232.263 1229.106 1225.949 1222.793 1218.991 1214.409 1209.828 1205.246 1200.665 1196.492 1192.373 1188.254 1184.135 1179.962 1175.67 1171.378 1167.086
1195.428 1195.245 1195.328 1195.41 1195.493 1195.593 1195.793 1195.992 1196.192 1196.392 1196.228 1195.798 1195.368 1194.938 1194.499 1192.759 1191.02 1189.281 1187.541 1185.955 1184.565 1183.175 1181.785 1180.395 1180.502 1180.836 1181.17 1181.503 1182.272 1184.057 1185.842 1187.627 1189.412 1191.45 1193.581 1195.711 1197.842 1200.321 1204.622 1208.923 1213.223 1217.524 1220.789 1223.337 1225.885 1228.433 1230.865 1228.088 1225.312 1222.536 1219.76 1216.551 1212.82 1209.089 1205.359 1201.628 1197.984 1194.351 1190.718 1187.086 1183.234 1178.905 1174.576 1170.247
1194.17 1193.787 1193.622 1193.456 1193.291 1193.163 1193.257 1193.351 1193.445 1193.539 1193.356 1192.968 1192.58 1192.192 1191.795 1190.119 1188.443 1186.767 1185.091 1183.619 1182.409 1181.198 1179.988 1178.778 1179.11 1179.677 1180.243 1180.809 1181.797 1183.773 1185.748 1187.724 1189.699 1191.849 1194.065 1196.28 1198.496 1200.978 1204.856 1208.734 1212.612 1216.49 1219.147 1220.961 1222.775 1224.588 1226.31 1223.914 1221.518 1219.122 1216.726 1214.111 1211.231 1208.351 1205.471 1202.591 1199.475 1196.329 1193.182 1190.036 1186.506 1182.141 1177.774 1173.408
1192.911 1192.33 1191.916 1191.502 1191.088 1190.733 1190.722 1190.71 1190.698 1190.687 1190.483 1190.137 1189.792 1189.446 1189.091 1187.479 1185.866 1184.254 1182.641 1181.284 1180.253 1179.222 1178.191 1177.161 1177.719 1178.518 1179.317 1180.115 1181.323 1183.489 1185.654 1187.82 1189.985 1192.249 1194.549 1196.849 1199.149 1201.634 1205.089 1208.545 1212.0 1215.455 1217.506 1218.585 1219.664 1220.743 1221.755 1219.74 1217.724 1215.709 1213.693 1211.671 1209.642 1207.613 1205.583 1203.554 1200.967 1198.307 1195.646 1192.986 1189.778 1185.375 1180.972 1176.569
1191.652 1190.873 1190.211 1189.548 1188.886 1188.303 1188.186 1188.069 1187.952 1187.834 1187.61 1187.307 1187.003 1186.7 1186.388 1184.839 1183.289 1181.74 1180.191 1178.948 1178.097 1177.246 1176.395 1175.543 1176.327 1177.359 1178.39 1179.421 1180.849 1183.205 1185.561 1187.916 1190.272 1192.649 1195.033 1197.418 1199.802 1202.291 1205.323 1208.356 1211.388 1214.421 1215.864 1216.209 1216.554 1216.899 1217.2 1215.565 1213.93 1212.295 1210.66 1209.232 1208.053 1206.874 1205.695 1204.517 1202.459 1200.284 1198.11 1195.936 1193.05 1188.61 1184.171 1179.731
1190.978 1190.03 1189.165 1188.301 1187.437 1186.661 1186.403 1186.146 1185.888 1185.63 1185.293 1184.897 1184.501 1184.105 1183.702 1182.197 1180.692 1179.187 1177.682 1176.498 1175.726 1174.955 1174.183 1173.411 1174.441 1175.743 1177.046 1178.348 1180.025 1182.579 1185.132 1187.686 1190.24 1192.723 1195.181 1197.638 1200.096 1202.583 1205.228 1207.872 1210.516 1213.161 1214.23 1214.21 1214.191 1214.171 1214.116 1212.503 1210.891 1209.278 1207.665 1206.501 1205.88 1205.259 1204.638 1204.017 1202.468 1200.795 1199.122 1197.449 1195.089 1191.224 1187.36 1183.496
1190.521 1189.414 1188.365 1187.316 1186.266 1185.31 1184.9 1184.489 1184.078 1183.667 1183.183 1182.644 1182.106 1181.567 1181.022 1179.554 1178.086 1176.618 1175.15 1174.005 1173.276 1172.547 1171.817 1171.088 1172.371 1173.959 1175.546 1177.134 1179.071 1181.826 1184.58 1187.335 1190.089 1192.677 1195.203 1197.729 1200.255 1202.74 1205.009 1207.279 1209.548 1211.817 1212.599 1212.352 1212.105 1211.858 1211.579 1209.855 1208.131 1206.407 1204.683 1203.662 1203.49 1203.318 1203.147 1202.975 1201.926 1200.76 1199.595 1198.429 1196.669 1193.608 1190.546 1187.485
1190.063 1188.799 1187.565 1186.331 1185.097 1183.96 1183.396 1182.832 1182.268 1181.704 1181.072 1180.391 1179.71 1179.029 1178.342 1176.911 1175.48 1174.049 1172.618 1171.513 1170.826 1170.139 1169.452 1168.765 1170.301 1172.174 1174.047 1175.92 1178.117 1181.072 1184.028 1186.983 1189.938 1192.63 1195.225 1197.82 1200.415 1202.897 1204.791 1206.686 1208.58 1210.474 1210.968 1210.493 1210.019 1209.545 1209.041 1207.206 1205.372 1203.537 1201.702 1200.823 1201.1 1201.378 1201.655 1201.933 1201.384 1200.726 1200.067 1199.409 1198.249 1195.991 1193.733 1191.475
1189.606 1188.184 1186.765 1185.346 1183.927 1182.61 1181.893 1181.175 1180.458 1179.741 1178.962 1178.138 1177.314 1176.49 1175.662 1174.268 1172.874 1171.48 1170.086 1169.021 1168.376 1167.731 1167.086 1166.441 1168.231 1170.39 1172.548 1174.706 1177.163 1180.319 1183.475 1186.631 1189.788 1192.584 1195.248 1197.911 1200.575 1203.054 1204.573 1206.092 1207.611 1209.13 1209.336 1208.635 1207.934 1207.232 1206.504 1204.558 1202.612 1200.666 1198.721 1197.984 1198.711 1199.437 1200.164 1200.89 1200.842 1200.691 1200.54 1200.389 1199.829 1198.374 1196.919 1195.464
1189.308 1187.739 1186.149 1184.559 1182.969 1181.483 1180.603 1179.724 1178.845 1177.965 1177.026 1176.043 1175.06 1174.076 1173.09 1171.708 1170.325 1168.942 1167.56 1166.514 1165.899 1165.284 1164.67 1164.055 1166.041 1168.421 1170.801 1173.181 1175.847 1179.185 1182.523 1185.861 1189.199 1192.139 1194.932 1197.725 1200.517 1203.053 1204.242 1205.432 1206.621 1207.811 1207.751 1206.828 1205.905 1204.982 1204.032 1201.898 1199.764 1197.63 1195.496 1194.843 1195.983 1197.122 1198.261 1199.401 1199.866 1200.243 1200.619 1200.996 1201.026 1200.3 1199.573 1198.847
1190.1 1188.458 1186.795 1185.131 1183.467 1181.885 1180.784 1179.682 1178.581 1177.48 1176.288 1175.03 1173.772 1172.514 1171.254 1169.707 1168.161 1166.615 1165.068 1163.907 1163.239 1162.572 1161.904 1161.237 1163.028 1165.191 1167.354 1169.517 1172.048 1175.439 1178.83 1182.221 1185.612 1188.963 1192.3 1195.637 1198.974 1201.964 1203.137 1204.311 1205.485 1206.658 1206.483 1205.375 1204.267 1203.158 1202.012 1199.159 1196.307 1193.454 1190.601 1189.629 1190.932 1192.236 1193.539 1194.842 1195.915 1196.957 1197.999 1199.042 1199.597 1199.087 1198.578 1198.068
1190.892 1189.178 1187.44 1185.702 1183.964 1182.287 1180.964 1179.641 1178.318 1176.994 1175.55 1174.017 1172.484 1170.952 1169.417 1167.707 1165.997 1164.287 1162.577 1161.3 1160.58 1159.859 1159.139 1158.419 1160.015 1161.961 1163.908 1165.854 1168.249 1171.693 1175.136 1178.58 1182.024 1185.787 1189.668 1193.549 1197.431 1200.875 1202.032 1203.19 1204.348 1205.506 1205.215 1203.921 1202.628 1201.335 1199.992 1196.421 1192.849 1189.278 1185.707 1184.416 1185.883 1187.349 1188.817 1190.283 1191.963 1193.672 1195.38 1197.088 1198.168 1197.875 1197.582 1197.289
1191.684 1189.898 1188.086 1186.274 1184.462 1182.689 1181.144 1179.599 1178.054 1176.509 1174.812 1173.005 1171.197 1169.389 1167.581 1165.707 1163.833 1161.959 1160.085 1158.693 1157.92 1157.147 1156.374 1155.601 1157.002 1158.731 1160.461 1162.191 1164.45 1167.946 1171.443 1174.939 1178.436 1182.611 1187.036 1191.462 1195.887 1199.785 1200.927 1202.069 1203.211 1204.353 1203.946 1202.468 1200.99 1199.512 1197.972 1193.682 1189.392 1185.102 1180.812 1179.202 1180.833 1182.463 1184.094 1185.725 1188.012 1190.386 1192.76 1195.134 1196.739 1196.662 1196.586 1196.51
1192.477 1190.618 1188.732 1186.846 1184.96 1183.091 1181.324 1179.557 1177.79 1176.023 1174.074 1171.992 1169.91 1167.827 1165.745 1163.707 1161.669 1159.632 1157.594 1156.087 1155.261 1154.435 1153.609 1152.783 1153.988 1155.502 1157.015 1158.528 1160.651 1164.2 1167.749 1171.299 1174.848 1179.434 1184.404 1189.374 1194.344 1198.696 1199.823 1200.949 1202.075 1203.201 1202.678 1201.015 1199.352 1197.689 1195.952 1190.944 1185.935 1180.926 1175.918 1173.988 1175.783 1177.577 1179.372 1181.166 1184.061 1187.1 1190.14 1193.18 1195.31 1195.45 1195.59 1195.731
1193.725 1191.807 1189.847 1187.887 1185.927 1183.965 1181.99 1180.015 1178.04 1176.064 1173.906 1171.613 1169.319 1167.026 1164.733 1162.484 1160.235 1157.986 1155.738 1154.049 1153.078 1152.108 1151.137 1150.167 1151.016 1152.141 1153.265 1154.389 1156.137 1159.345 1162.554 1165.762 1168.97 1173.824 1179.289 1184.753 1190.217 1194.983 1196.099 1197.214 1198.33 1199.446 1198.626 1196.467 1194.308 1192.149 1189.917 1184.437 1178.957 1173.477 1167.996 1165.864 1167.781 1169.697 1171.614 1173.531 1176.763 1180.168 1183.574 1186.98 1189.395 1189.644 1189.892 1190.141
1195.387 1193.42 1191.386 1189.352 1187.318 1185.264 1183.094 1180.923 1178.752 1176.582 1174.252 1171.806 1169.359 1166.912 1164.465 1161.963 1159.461 1156.958 1154.456 1152.525 1151.327 1150.129 1148.932 1147.734 1148.081 1148.661 1149.241 1149.821 1150.979 1153.49 1156.0 1158.511 1161.021 1166.016 1171.929 1177.842 1183.755 1188.897 1190.008 1191.119 1192.229 1193.34 1192.058 1189.122 1186.187 1183.251 1180.254 1174.526 1168.797 1163.069 1157.34 1155.11 1157.111 1159.112 1161.114 1163.115 1166.441 1169.941 1173.442 1176.943 1179.427 1179.686 1179.945 1180.204
1197.048 1195.033 1192.925 1190.817 1188.709 1186.564 1184.198 1181.832 1179.465 1177.099 1174.598 1171.999 1169.399 1166.799 1164.198 1161.442 1158.686 1155.93 1153.174 1151.001 1149.576 1148.151 1146.726 1145.301 1145.145 1145.181 1145.217 1145.253 1145.821 1147.634 1149.447 1151.26 1153.073 1158.207 1164.569 1170.932 1177.294 1182.812 1183.917 1185.023 1186.128 1187.233 1185.49 1181.777 1178.065 1174.353 1170.591 1164.614 1158.637 1152.66 1146.683 1144.355 1146.441 1148.527 1150.613 1152.698 1156.118 1159.714 1163.31 1166.906 1169.458 1169.728 1169.998 1170.268
1198.71 1196.646 1194.464 1192.282 1190.1 1187.863 1185.302 1182.74 1180.178 1177.617 1174.945 1172.192 1169.439 1166.686 1163.931 1160.921 1157.911 1154.901 1151.892 1149.477 1147.825 1146.172 1144.52 1142.868 1142.21 1141.701 1141.193 1140.685 1140.662 1141.778 1142.894 1144.009 1145.125 1150.398 1157.21 1164.021 1170.833 1176.727 1177.827 1178.927 1180.027 1181.127 1178.922 1174.433 1169.944 1165.455 1160.928 1154.703 1148.477 1142.252 1136.027 1133.601 1135.771 1137.942 1140.112 1142.283 1145.796 1149.487 1153.178 1156.869 1159.49 1159.77 1160.051 1160.331
1200.371 1198.259 1196.003 1193.747 1191.491 1189.162 1186.405 1183.648 1180.891 1178.134 1175.291 1172.385 1169.478 1166.572 1163.663 1160.4 1157.136 1153.873 1150.61 1147.953 1146.073 1144.194 1142.315 1140.436 1139.274 1138.222 1137.169 1136.117 1135.504 1135.922 1136.34 1136.759 1137.177 1142.589 1149.85 1157.111 1164.371 1170.642 1171.736 1172.831 1173.926 1175.02 1172.354 1167.089 1161.823 1156.557 1151.265 1144.791 1138.318 1131.844 1125.37 1122.847 1125.102 1127.357 1129.612 1131.867 1135.474 1139.26 1143.046 1146.833 1149.522 1149.813 1150.104 1150.395
1201.518 1199.393 1197.141 1194.889 1192.638 1190.315 1187.577 1184.839 1182.101 1179.363 1176.423 1173.334 1170.245 1167.156 1164.066 1160.676 1157.285 1153.895 1150.505 1147.686 1145.599 1143.512 1141.425 1139.338 1137.795 1136.335 1134.875 1133.415 1132.309 1132.035 1131.76 1131.486 1131.212 1135.465 1141.394 1147.323 1153.251 1158.38 1159.328 1160.276 1161.224 1162.172 1159.817 1155.18 1150.543 1145.905 1141.253 1135.917 1130.58 1125.244 1119.908 1117.831 1119.698 1121.564 1123.43 1125.296 1128.257 1131.362 1134.468 1137.573 1139.777 1140.01 1140.244 1140.477
1202.623 1200.487 1198.245 1196.004 1193.763 1191.455 1188.754 1186.053 1183.352 1180.651 1177.62 1174.346 1171.073 1167.799 1164.523 1161.017 1157.511 1154.004 1150.498 1147.523 1145.23 1142.937 1140.644 1138.351 1136.437 1134.58 1132.724 1130.867 1129.277 1128.311 1127.344 1126.377 1125.411 1128.397 1132.847 1137.296 1141.745 1145.607 1146.396 1147.186 1147.975 1148.764 1146.786 1142.893 1139.001 1135.109 1131.212 1127.128 1123.044 1118.96 1114.877 1113.292 1114.73 1116.168 1117.606 1119.045 1121.297 1123.658 1126.018 1128.378 1130.051 1130.221 1130.391 1130.561
1203.727 1201.581 1199.35 1197.12 1194.889 1192.595 1189.931 1187.267 1184.603 1181.939 1178.817 1175.358 1171.9 1168.441 1164.981 1161.359 1157.736 1154.114 1150.491 1147.36 1144.861 1142.362 1139.863 1137.364 1135.079 1132.826 1130.573 1128.32 1126.245 1124.586 1122.927 1121.269 1119.61 1121.33 1124.299 1127.269 1130.239 1132.833 1133.464 1134.095 1134.726 1135.357 1133.754 1130.606 1127.459 1124.312 1121.171 1118.34 1115.508 1112.677 1109.845 1108.752 1109.762 1110.772 1111.783 1112.793 1114.338 1115.953 1117.568 1119.184 1120.325 1120.432 1120.538 1120.645
1204.832 1202.675 1200.455 1198.235 1196.015 1193.735 1191.108 1188.481 1185.854 1183.227 1180.014 1176.371 1172.727 1169.083 1165.439 1161.7 1157.961 1154.223 1150.484 1147.198 1144.493 1141.787 1139.082 1136.377 1133.72 1131.071 1128.422 1125.773 1123.213 1120.862 1118.511 1116.16 1113.809 1114.262 1115.752 1117.243 1118.733 1120.06 1120.532 1121.004 1121.477 1121.949 1120.722 1118.319 1115.917 1113.515 1111.13 1109.551 1107.972 1106.393 1104.813 1104.212 1104.795 1105.377 1105.959 1106.541 1107.378 1108.248 1109.119 1109.989 1110.599 1110.642 1110.686 1110.729
1205.581 1203.45 1201.26 1199.072 1196.882 1194.633 1192.029 1189.426 1186.822 1184.219 1180.932 1177.144 1173.357 1169.569 1165.781 1161.943 1158.104 1154.266 1150.428 1147.004 1144.112 1141.219 1138.327 1135.434 1132.503 1129.566 1126.63 1123.693 1120.796 1117.99 1115.185 1112.38 1109.574 1109.092 1109.47 1109.848 1110.225 1110.597 1110.936 1111.276 1111.615 1111.954 1111.056 1109.302 1107.547 1105.793 1104.064 1103.436 1102.809 1102.181 1101.553 1101.379 1101.752 1102.125 1102.499 1102.872 1103.167 1103.452 1103.737 1104.022 1104.19 1104.102 1104.013 1103.925
