data/zism_data/00932_02_D.txt
ncols         224
nrows         224
[rows 168 to 195 of 224, columns 63 to 125 of 224]
1472.99 1472.931 1472.871 1472.812 1472.627 1472.436 1472.246 1472.055 1471.873 1471.703 1471.533 1471.364 1471.194 1471.103 1471.023 1470.942 1470.862 1470.766 1470.64 1470.514 1470.388 1470.262 1470.161 1470.067 1469.972 1469.878 1469.821 1469.863 1469.905 1469.947 1469.989 1470.0 1470.0 1470.0 1470.0 1470.0 1470.0 1470.0 1470.0 1470.0 1470.0 1470.0 1470.0 1470.0 1470.0 1470.0 1470.0 1470.0 1470.0 1470.131 1470.351 1470.572 1470.792 1471.0 1471.0 1471.0 1471.0 1471.0 1471.0 1471.0 1471.0 1471.0 1471.0
1473.17 1473.1 1473.03 1472.959 1472.779 1472.594 1472.408 1472.223 1472.056 1471.913 1471.77 1471.628 1471.485 1471.368 1471.256 1471.143 1471.03 1470.92 1470.816 1470.711 1470.607 1470.502 1470.389 1470.273 1470.156 1470.04 1469.959 1469.969 1469.978 1469.988 1469.997 1470.0 1470.0 1470.0 1470.0 1470.0 1470.0 1470.0 1470.0 1470.0 1470.0 1470.0 1470.0 1470.0 1470.0 1470.0 1470.0 1470.0 1470.0 1470.131 1470.351 1470.572 1470.792 1471.0 1471.0 1471.0 1471.0 1471.0 1471.0 1471.0 1471.0 1471.0 1471.0
1473.35 1473.269 1473.188 1473.107 1472.931 1472.751 1472.571 1472.391 1472.239 1472.123 1472.007 1471.891 1471.776 1471.634 1471.489 1471.343 1471.198 1471.074 1470.992 1470.909 1470.826 1470.743 1470.616 1470.478 1470.341 1470.203 1470.097 1470.074 1470.052 1470.029 1470.006 1470.0 1470.0 1470.0 1470.0 1470.0 1470.0 1470.0 1470.0 1470.0 1470.0 1470.0 1470.0 1470.0 1470.0 1470.0 1470.0 1470.0 1470.0 1470.131 1470.351 1470.572 1470.792 1471.0 1471.0 1471.0 1471.0 1471.0 1471.0 1471.0 1471.0 1471.0 1471.0
1473.53 1473.438 1473.346 1473.254 1473.083 1472.909 1472.734 1472.56 1472.421 1472.333 1472.244 1472.155 1472.066 1471.899 1471.721 1471.544 1471.366 1471.229 1471.168 1471.107 1471.045 1470.984 1470.843 1470.684 1470.525 1470.366 1470.235 1470.18 1470.125 1470.07 1470.014 1470.0 1470.0 1470.0 1470.0 1470.0 1470.0 1470.0 1470.0 1470.0 1470.0 1470.0 1470.0 1470.0 1470.0 1470.0 1470.0 1470.0 1470.0 1470.131 1470.351 1470.572 1470.792 1471.0 1471.0 1471.0 1471.0 1471.0 1471.0 1471.0 1471.0 1471.0 1471.0
1473.731 1473.621 1473.512 1473.402 1473.235 1473.066 1472.897 1472.728 1472.599 1472.526 1472.452 1472.379 1472.305 1472.14 1471.963 1471.786 1471.609 1471.47 1471.405 1471.339 1471.274 1471.209 1471.065 1470.903 1470.741 1470.579 1470.439 1470.359 1470.278 1470.197 1470.117 1470.08 1470.059 1470.038 1470.017 1470.0 1470.0 1470.0 1470.0 1470.0 1470.0 1470.0 1470.0 1470.0 1470.0 1470.0 1470.0 1470.0 1470.0 1470.131 1470.351 1470.572 1470.792 1471.0 1471.0 1471.0 1471.0 1471.0 1471.0 1471.0 1471.0 1471.0 1471.0
1473.96 1473.824 1473.687 1473.55 1473.388 1473.224 1473.06 1472.896 1472.771 1472.697 1472.624 1472.55 1472.477 1472.35 1472.216 1472.082 1471.948 1471.825 1471.721 1471.618 1471.515 1471.412 1471.278 1471.138 1470.997 1470.857 1470.729 1470.632 1470.535 1470.438 1470.342 1470.265 1470.195 1470.125 1470.056 1470.0 1470.0 1470.0 1470.0 1470.0 1470.0 1470.0 1470.0 1470.0 1470.0 1470.0 1470.0 1470.0 1470.0 1470.131 1470.351 1470.572 1470.792 1471.0 1471.0 1471.0 1471.0 1471.0 1471.0 1471.0 1471.0 1471.0 1471.0
1474.189 1474.026 1473.862 1473.698 1473.54 1473.381 1473.223 1473.065 1472.942 1472.869 1472.795 1472.722 1472.648 1472.559 1472.469 1472.378 1472.287 1472.179 1472.038 1471.897 1471.756 1471.615 1471.492 1471.373 1471.254 1471.135 1471.018 1470.905 1470.792 1470.679 1470.566 1470.449 1470.331 1470.213 1470.094 1470.0 1470.0 1470.0 1470.0 1470.0 1470.0 1470.0 1470.0 1470.0 1470.0 1470.0 1470.0 1470.0 1470.0 1470.131 1470.351 1470.572 1470.792 1471.0 1471.0 1471.0 1471.0 1471.0 1471.0 1471.0 1471.0 1471.0 1471.0
1474.419 1474.228 1474.037 1473.846 1473.692 1473.539 1473.386 1473.233 1473.114 1473.04 1472.967 1472.893 1472.82 1472.769 1472.722 1472.674 1472.626 1472.533 1472.354 1472.176 1471.997 1471.818 1471.705 1471.608 1471.511 1471.413 1471.307 1471.178 1471.049 1470.92 1470.791 1470.634 1470.467 1470.3 1470.133 1470.0 1470.0 1470.0 1470.0 1470.0 1470.0 1470.0 1470.0 1470.0 1470.0 1470.0 1470.0 1470.0 1470.0 1470.131 1470.351 1470.572 1470.792 1471.0 1471.0 1471.0 1471.0 1471.0 1471.0 1471.0 1471.0 1471.0 1471.0
1474.648 1474.43 1474.212 1473.995 1473.844 1473.696 1473.549 1473.401 1473.285 1473.212 1473.138 1473.065 1472.991 1472.979 1472.974 1472.97 1472.966 1472.887 1472.671 1472.454 1472.238 1472.021 1471.919 1471.843 1471.767 1471.692 1471.597 1471.452 1471.306 1471.161 1471.016 1470.818 1470.603 1470.387 1470.172 1470.0 1470.0 1470.0 1470.0 1470.0 1470.0 1470.0 1470.0 1470.0 1470.0 1470.0 1470.0 1470.0 1470.0 1470.131 1470.351 1470.572 1470.792 1471.0 1471.0 1471.0 1471.0 1471.0 1471.0 1471.0 1471.0 1471.0 1471.0
1474.795 1474.599 1474.403 1474.207 1474.071 1473.939 1473.807 1473.674 1473.56 1473.472 1473.384 1473.296 1473.208 1473.185 1473.171 1473.156 1473.141 1473.064 1472.868 1472.671 1472.475 1472.279 1472.167 1472.074 1471.981 1471.888 1471.779 1471.627 1471.475 1471.323 1471.172 1470.955 1470.715 1470.475 1470.235 1470.042 1470.032 1470.023 1470.013 1470.003 1470.0 1470.0 1470.0 1470.0 1470.0 1470.0 1470.0 1470.0 1470.0 1470.114 1470.305 1470.496 1470.688 1470.87 1470.899 1470.928 1470.957 1470.986 1471.0 1471.0 1471.0 1471.0 1471.0
1474.933 1474.764 1474.595 1474.426 1474.307 1474.191 1474.075 1473.959 1473.848 1473.743 1473.639 1473.535 1473.431 1473.391 1473.361 1473.33 1473.299 1473.22 1473.051 1472.882 1472.713 1472.543 1472.419 1472.304 1472.19 1472.075 1471.949 1471.792 1471.635 1471.477 1471.32 1471.086 1470.824 1470.563 1470.301 1470.089 1470.068 1470.048 1470.027 1470.007 1470.0 1470.0 1470.0 1470.0 1470.0 1470.0 1470.0 1470.0 1470.0 1470.094 1470.253 1470.412 1470.571 1470.724 1470.786 1470.848 1470.909 1470.971 1471.0 1471.0 1471.0 1471.0 1471.0
1475.072 1474.93 1474.787 1474.645 1474.543 1474.443 1474.343 1474.243 1474.135 1474.014 1473.894 1473.773 1473.653 1473.597 1473.551 1473.504 1473.457 1473.376 1473.234 1473.092 1472.95 1472.808 1472.671 1472.534 1472.398 1472.262 1472.119 1471.956 1471.794 1471.631 1471.468 1471.217 1470.934 1470.651 1470.368 1470.136 1470.104 1470.073 1470.042 1470.01 1470.0 1470.0 1470.0 1470.0 1470.0 1470.0 1470.0 1470.0 1470.0 1470.075 1470.202 1470.328 1470.455 1470.579 1470.673 1470.767 1470.861 1470.955 1471.0 1471.0 1471.0 1471.0 1471.0
1475.21 1475.095 1474.98 1474.864 1474.779 1474.695 1474.612 1474.528 1474.422 1474.285 1474.149 1474.012 1473.875 1473.804 1473.74 1473.677 1473.614 1473.533 1473.418 1473.302 1473.187 1473.072 1472.922 1472.765 1472.607 1472.449 1472.289 1472.121 1471.953 1471.785 1471.617 1471.348 1471.043 1470.738 1470.434 1470.182 1470.14 1470.098 1470.056 1470.014 1470.0 1470.0 1470.0 1470.0 1470.0 1470.0 1470.0 1470.0 1470.0 1470.056 1470.15 1470.244 1470.338 1470.434 1470.561 1470.687 1470.813 1470.94 1471.0 1471.0 1471.0 1471.0 1471.0
1475.381 1475.291 1475.201 1475.11 1475.029 1474.947 1474.866 1474.785 1474.679 1474.54 1474.401 1474.262 1474.123 1474.047 1473.979 1473.911 1473.844 1473.761 1473.649 1473.538 1473.426 1473.314 1473.16 1472.997 1472.833 1472.67 1472.504 1472.332 1472.161 1471.989 1471.818 1471.539 1471.223 1470.906 1470.59 1470.323 1470.253 1470.182 1470.112 1470.041 1470.015 1470.011 1470.007 1470.003 1470.0 1470.0 1470.0 1470.0 1470.0 1470.044 1470.117 1470.191 1470.264 1470.342 1470.489 1470.636 1470.783 1470.93 1471.0 1471.0 1471.0 1471.0 1471.0
1475.609 1475.541 1475.472 1475.403 1475.302 1475.199 1475.096 1474.993 1474.884 1474.767 1474.649 1474.532 1474.414 1474.355 1474.304 1474.252 1474.201 1474.115 1473.966 1473.816 1473.667 1473.517 1473.374 1473.232 1473.09 1472.948 1472.798 1472.626 1472.455 1472.283 1472.112 1471.837 1471.526 1471.215 1470.904 1470.63 1470.5 1470.37 1470.24 1470.11 1470.057 1470.042 1470.027 1470.013 1470.0 1470.0 1470.0 1470.0 1470.0 1470.044 1470.117 1470.191 1470.264 1470.342 1470.489 1470.636 1470.783 1470.93 1471.0 1471.0 1471.0 1471.0 1471.0
1475.837 1475.79 1475.743 1475.696 1475.575 1475.451 1475.326 1475.202 1475.089 1474.993 1474.897 1474.801 1474.705 1474.663 1474.628 1474.593 1474.558 1474.469 1474.282 1474.095 1473.908 1473.72 1473.587 1473.467 1473.347 1473.226 1473.092 1472.92 1472.749 1472.577 1472.406 1472.135 1471.829 1471.524 1471.218 1470.936 1470.747 1470.557 1470.368 1470.179 1470.099 1470.073 1470.048 1470.022 1470.0 1470.0 1470.0 1470.0 1470.0 1470.044 1470.117 1470.191 1470.264 1470.342 1470.489 1470.636 1470.783 1470.93 1471.0 1471.0 1471.0 1471.0 1471.0
1476.065 1476.04 1476.015 1475.989 1475.849 1475.702 1475.556 1475.41 1475.294 1475.22 1475.146 1475.071 1474.997 1474.972 1474.953 1474.933 1474.914 1474.824 1474.599 1474.374 1474.149 1473.923 1473.801 1473.702 1473.603 1473.504 1473.385 1473.214 1473.043 1472.871 1472.7 1472.433 1472.133 1471.832 1471.532 1471.242 1470.994 1470.745 1470.496 1470.248 1470.141 1470.104 1470.068 1470.032 1470.0 1470.0 1470.0 1470.0 1470.0 1470.044 1470.117 1470.191 1470.264 1470.342 1470.489 1470.636 1470.783 1470.93 1471.0 1471.0 1471.0 1471.0 1471.0
1476.294 1476.29 1476.286 1476.282 1476.122 1475.954 1475.786 1475.619 1475.499 1475.447 1475.394 1475.341 1475.288 1475.28 1475.277 1475.274 1475.271 1475.178 1474.915 1474.652 1474.389 1474.127 1474.014 1473.937 1473.86 1473.783 1473.679 1473.508 1473.337 1473.165 1472.994 1472.731 1472.436 1472.141 1471.846 1471.549 1471.241 1470.932 1470.624 1470.316 1470.182 1470.135 1470.088 1470.041 1470.0 1470.0 1470.0 1470.0 1470.0 1470.044 1470.117 1470.191 1470.264 1470.342 1470.489 1470.636 1470.783 1470.93 1471.0 1471.0 1471.0 1471.0 1471.0
1476.536 1476.51 1476.483 1476.456 1476.321 1476.18 1476.04 1475.9 1475.802 1475.762 1475.722 1475.682 1475.641 1475.601 1475.561 1475.521 1475.481 1475.369 1475.122 1474.875 1474.627 1474.38 1474.274 1474.201 1474.127 1474.054 1473.951 1473.77 1473.59 1473.41 1473.229 1472.985 1472.717 1472.45 1472.183 1471.904 1471.576 1471.249 1470.922 1470.594 1470.414 1470.307 1470.2 1470.093 1470.0 1470.0 1470.0 1470.0 1470.0 1470.036 1470.096 1470.156 1470.216 1470.282 1470.442 1470.603 1470.763 1470.923 1471.0 1471.0 1471.0 1471.0 1471.0
1476.782 1476.723 1476.663 1476.604 1476.504 1476.401 1476.299 1476.196 1476.125 1476.095 1476.066 1476.037 1476.008 1475.926 1475.837 1475.748 1475.66 1475.525 1475.305 1475.085 1474.865 1474.645 1474.543 1474.47 1474.396 1474.323 1474.217 1474.026 1473.835 1473.644 1473.452 1473.229 1472.994 1472.76 1472.525 1472.269 1471.931 1471.593 1471.255 1470.916 1470.686 1470.508 1470.331 1470.154 1470.0 1470.0 1470.0 1470.0 1470.0 1470.026 1470.07 1470.114 1470.158 1470.209 1470.386 1470.563 1470.739 1470.916 1471.0 1471.0 1471.0 1471.0 1471.0
1477.027 1476.936 1476.844 1476.753 1476.687 1476.622 1476.558 1476.493 1476.448 1476.429 1476.411 1476.392 1476.374 1476.25 1476.113 1475.976 1475.838 1475.682 1475.488 1475.295 1475.102 1474.909 1474.813 1474.739 1474.666 1474.593 1474.484 1474.282 1474.08 1473.878 1473.676 1473.473 1473.271 1473.069 1472.866 1472.634 1472.285 1471.936 1471.587 1471.238 1470.957 1470.71 1470.463 1470.215 1470.0 1470.0 1470.0 1470.0 1470.0 1470.016 1470.044 1470.072 1470.099 1470.137 1470.33 1470.522 1470.715 1470.908 1471.0 1471.0 1471.0 1471.0 1471.0
1477.273 1477.149 1477.025 1476.901 1476.87 1476.843 1476.816 1476.789 1476.771 1476.763 1476.755 1476.748 1476.74 1476.575 1476.389 1476.203 1476.017 1475.838 1475.672 1475.505 1475.339 1475.173 1475.082 1475.009 1474.935 1474.862 1474.75 1474.537 1474.324 1474.112 1473.899 1473.718 1473.548 1473.378 1473.208 1472.999 1472.64 1472.28 1471.92 1471.561 1471.229 1470.911 1470.594 1470.276 1470.0 1470.0 1470.0 1470.0 1470.0 1470.007 1470.018 1470.03 1470.041 1470.064 1470.273 1470.482 1470.691 1470.9 1471.0 1471.0 1471.0 1471.0 1471.0
1477.511 1477.364 1477.217 1477.07 1477.061 1477.058 1477.055 1477.052 1477.049 1477.047 1477.046 1477.044 1477.043 1476.86 1476.654 1476.447 1476.241 1476.054 1475.904 1475.754 1475.604 1475.454 1475.368 1475.298 1475.228 1475.157 1475.046 1474.825 1474.605 1474.384 1474.164 1473.998 1473.851 1473.704 1473.557 1473.366 1473.002 1472.637 1472.273 1471.909 1471.547 1471.186 1470.824 1470.463 1470.146 1470.126 1470.106 1470.085 1470.065 1470.049 1470.037 1470.024 1470.012 1470.013 1470.233 1470.454 1470.674 1470.895 1471.0 1471.0 1471.0 1471.0 1471.0
1477.732 1477.585 1477.438 1477.291 1477.271 1477.257 1477.243 1477.229 1477.218 1477.211 1477.204 1477.197 1477.19 1477.05 1476.892 1476.734 1476.577 1476.418 1476.257 1476.096 1475.935 1475.774 1475.696 1475.636 1475.577 1475.517 1475.413 1475.193 1474.972 1474.752 1474.531 1474.365 1474.218 1474.071 1473.924 1473.735 1473.382 1473.029 1472.675 1472.322 1471.977 1471.638 1471.298 1470.959 1470.652 1470.561 1470.471 1470.38 1470.29 1470.22 1470.164 1470.108 1470.052 1470.013 1470.233 1470.454 1470.674 1470.895 1471.0 1471.0 1471.0 1471.0 1471.0
1477.952 1477.805 1477.658 1477.511 1477.481 1477.456 1477.432 1477.407 1477.387 1477.375 1477.363 1477.35 1477.338 1477.24 1477.131 1477.022 1476.912 1476.782 1476.61 1476.438 1476.266 1476.095 1476.023 1475.974 1475.925 1475.877 1475.781 1475.56 1475.34 1475.119 1474.899 1474.733 1474.586 1474.439 1474.292 1474.105 1473.762 1473.42 1473.077 1472.734 1472.408 1472.09 1471.772 1471.454 1471.157 1470.996 1470.835 1470.675 1470.514 1470.39 1470.291 1470.192 1470.093 1470.013 1470.233 1470.454 1470.674 1470.895 1471.0 1471.0 1471.0 1471.0 1471.0
1478.172 1478.026 1477.879 1477.732 1477.691 1477.656 1477.62 1477.585 1477.557 1477.539 1477.521 1477.503 1477.485 1477.43 1477.369 1477.309 1477.248 1477.145 1476.963 1476.78 1476.598 1476.415 1476.35 1476.312 1476.274 1476.236 1476.148 1475.928 1475.707 1475.487 1475.266 1475.1 1474.953 1474.806 1474.659 1474.475 1474.143 1473.811 1473.479 1473.147 1472.839 1472.543 1472.246 1471.95 1471.662 1471.431 1471.2 1470.969 1470.738 1470.56 1470.418 1470.276 1470.134 1470.013 1470.233 1470.454 1470.674 1470.895 1471.0 1471.0 1471.0 1471.0 1471.0
1478.393 1478.246 1478.099 1477.952 1477.901 1477.855 1477.809 1477.762 1477.726 1477.703 1477.679 1477.656 1477.633 1477.62 1477.608 1477.596 1477.584 1477.509 1477.316 1477.122 1476.929 1476.736 1476.677 1476.65 1476.623 1476.596 1476.515 1476.295 1476.074 1475.854 1475.634 1475.468 1475.321 1475.174 1475.027 1474.844 1474.523 1474.202 1473.881 1473.56 1473.27 1472.995 1472.72 1472.446 1472.167 1471.866 1471.565 1471.264 1470.963 1470.73 1470.545 1470.36 1470.175 1470.013 1470.233 1470.454 1470.674 1470.895 1471.0 1471.0 1471.0 1471.0 1471.0
1478.644 1478.505 1478.366 1478.228 1478.182 1478.142 1478.101 1478.06 1478.028 1478.007 1477.987 1477.966 1477.946 1477.943 1477.943 1477.943 1477.943 1477.874 1477.674 1477.474 1477.274 1477.074 1477.02 1476.999 1476.979 1476.958 1476.886 1476.678 1476.47 1476.261 1476.053 1475.887 1475.736 1475.585 1475.434 1475.254 1474.96 1474.666 1474.372 1474.078 1473.811 1473.558 1473.305 1473.052 1472.788 1472.449 1472.11 1471.771 1471.432 1471.152 1470.911 1470.671 1470.43 1470.212 1470.363 1470.514 1470.666 1470.817 1470.902 1470.926 1470.951 1470.975 1471.0
