data/zism_data/00936_04_D.txt
ncols         224
nrows         224
[rows 112 to 139 of 224, columns 0 to 62 of 224]
2203.471 2202.242 2201.013 2200.49 2200.785 2201.079 2201.374 2201.668 2205.694 2210.01 2214.326 2218.643 2224.142 2231.479 2238.816 2246.154 2253.491 2258.383 2262.859 2267.336 2271.812 2275.148 2276.047 2276.946 2277.845 2278.744 2280.04 2281.446 2282.852 2284.259 2284.912 2283.26 2281.609 2279.958 2278.307 2275.854 2273.074 2270.293 2267.513 2264.51 2260.445 2256.38 2252.316 2248.251 2243.711 2238.899 2234.088 2229.276 2224.472 2219.726 2214.98 2210.235 2205.489 2202.879 2201.913 2200.946 2199.979 2199.041 2199.06 2199.078 2199.097 2199.115 2199.22
2204.039 2202.615 2201.191 2200.524 2200.732 2200.94 2201.148 2201.356 2204.898 2208.701 2212.503 2216.306 2221.337 2228.28 2235.223 2242.166 2249.108 2254.076 2258.71 2263.343 2267.977 2271.666 2273.338 2275.01 2276.683 2278.355 2280.196 2282.083 2283.971 2285.859 2286.953 2285.621 2284.289 2282.957 2281.625 2279.422 2276.863 2274.304 2271.746 2268.927 2264.867 2260.808 2256.749 2252.69 2248.013 2242.985 2237.958 2232.93 2227.888 2222.72 2217.553 2212.385 2207.218 2204.25 2202.976 2201.701 2200.426 2199.188 2199.185 2199.181 2199.178 2199.175 2199.263
2204.606 2202.988 2201.369 2200.557 2200.678 2200.8 2200.922 2201.043 2204.103 2207.391 2210.68 2213.969 2218.533 2225.081 2231.629 2238.177 2244.725 2249.77 2254.56 2259.351 2264.141 2268.183 2270.629 2273.075 2275.52 2277.966 2280.352 2282.72 2285.09 2287.458 2288.994 2287.981 2286.968 2285.955 2284.942 2282.989 2280.652 2278.315 2275.979 2273.343 2269.289 2265.236 2261.182 2257.128 2252.315 2247.072 2241.828 2236.583 2231.304 2225.715 2220.126 2214.536 2208.947 2205.622 2204.039 2202.455 2200.872 2199.334 2199.309 2199.285 2199.26 2199.235 2199.307
2205.174 2203.36 2201.547 2200.591 2200.625 2200.66 2200.696 2200.73 2203.307 2206.082 2208.857 2211.632 2215.729 2221.882 2228.035 2234.189 2240.342 2245.464 2250.411 2255.358 2260.305 2264.701 2267.92 2271.139 2274.358 2277.577 2280.508 2283.358 2286.208 2289.058 2291.035 2290.342 2289.647 2288.954 2288.26 2286.557 2284.441 2282.326 2280.211 2277.76 2273.712 2269.663 2265.615 2261.567 2256.618 2251.158 2245.698 2240.237 2234.721 2228.709 2222.698 2216.687 2210.676 2206.993 2205.102 2203.21 2201.319 2199.481 2199.434 2199.388 2199.342 2199.295 2199.351
2205.741 2203.733 2201.725 2200.624 2200.573 2200.521 2200.469 2200.418 2202.512 2204.773 2207.034 2209.295 2212.925 2218.684 2224.442 2230.2 2235.958 2241.157 2246.261 2251.365 2256.469 2261.219 2265.211 2269.203 2273.196 2277.188 2280.663 2283.995 2287.327 2290.658 2293.077 2292.702 2292.327 2291.952 2291.577 2290.124 2288.231 2286.337 2284.444 2282.177 2278.134 2274.091 2270.048 2266.005 2260.92 2255.244 2249.567 2243.89 2238.137 2231.704 2225.271 2218.838 2212.405 2208.365 2206.165 2203.965 2201.765 2199.627 2199.559 2199.491 2199.423 2199.355 2199.395
2206.96 2204.615 2202.271 2200.939 2200.777 2200.615 2200.452 2200.29 2201.997 2203.849 2205.702 2207.554 2210.845 2216.374 2221.903 2227.432 2232.961 2238.482 2244.001 2249.52 2255.039 2260.283 2264.94 2269.597 2274.253 2278.91 2282.446 2285.669 2288.893 2292.116 2294.489 2294.26 2294.031 2293.801 2293.572 2292.301 2290.605 2288.909 2287.214 2285.087 2280.917 2276.746 2272.575 2268.405 2263.177 2257.348 2251.52 2245.691 2239.804 2233.393 2226.982 2220.572 2214.161 2209.917 2207.34 2204.763 2202.187 2199.682 2199.58 2199.479 2199.377 2199.275 2199.308
2208.4 2205.672 2202.943 2201.35 2201.069 2200.788 2200.506 2200.225 2201.577 2203.056 2204.535 2206.015 2209.011 2214.367 2219.723 2225.079 2230.435 2236.361 2242.382 2248.405 2254.427 2260.213 2265.497 2270.781 2276.066 2281.35 2284.78 2287.696 2290.611 2293.526 2295.688 2295.545 2295.402 2295.26 2295.117 2294.006 2292.499 2290.993 2289.486 2287.486 2283.142 2278.799 2274.455 2270.111 2264.738 2258.78 2252.821 2246.863 2240.876 2234.639 2228.401 2222.163 2215.926 2211.531 2208.554 2205.577 2202.6 2199.705 2199.566 2199.426 2199.287 2199.147 2199.177
2209.84 2206.728 2203.615 2201.761 2201.361 2200.961 2200.56 2200.16 2201.157 2202.263 2203.369 2204.476 2207.177 2212.36 2217.543 2222.726 2227.909 2234.239 2240.764 2247.289 2253.814 2260.143 2266.055 2271.967 2277.878 2283.79 2287.115 2289.722 2292.329 2294.936 2296.887 2296.831 2296.774 2296.718 2296.662 2295.71 2294.393 2293.076 2291.759 2289.885 2285.368 2280.851 2276.334 2271.817 2266.299 2260.21 2254.123 2248.035 2241.949 2235.884 2229.82 2223.755 2217.69 2213.145 2209.767 2206.39 2203.013 2199.729 2199.551 2199.374 2199.197 2199.019 2199.045
2211.28 2207.783 2204.287 2202.172 2201.653 2201.134 2200.615 2200.095 2200.737 2201.47 2202.203 2202.936 2205.343 2210.353 2215.363 2220.373 2225.382 2232.118 2239.146 2246.174 2253.201 2260.073 2266.612 2273.151 2279.69 2286.229 2289.45 2291.749 2294.047 2296.346 2298.086 2298.116 2298.146 2298.177 2298.207 2297.415 2296.287 2295.159 2294.031 2292.284 2287.594 2282.904 2278.214 2273.524 2267.86 2261.642 2255.424 2249.206 2243.021 2237.13 2231.238 2225.346 2219.455 2214.758 2210.981 2207.204 2203.426 2199.752 2199.537 2199.322 2199.106 2198.891 2198.914
2213.082 2209.175 2205.267 2202.849 2202.152 2201.455 2200.758 2200.061 2200.398 2200.815 2201.233 2201.65 2203.797 2208.635 2213.473 2218.311 2223.149 2230.242 2237.716 2245.19 2252.665 2259.999 2267.033 2274.068 2281.103 2288.137 2291.277 2293.334 2295.392 2297.449 2299.023 2299.116 2299.209 2299.303 2299.396 2298.69 2297.659 2296.627 2295.596 2293.893 2288.999 2284.106 2279.212 2274.319 2268.493 2262.139 2255.784 2249.429 2243.14 2237.427 2231.715 2226.002 2220.289 2215.526 2211.493 2207.46 2203.427 2199.504 2199.261 2199.019 2198.776 2198.534 2198.571
2216.186 2211.771 2207.355 2204.484 2203.397 2202.311 2201.225 2200.138 2200.346 2200.656 2200.965 2201.274 2203.29 2207.96 2212.631 2217.301 2221.971 2229.248 2236.965 2244.683 2252.401 2259.908 2266.964 2274.02 2281.076 2288.133 2291.277 2293.334 2295.392 2297.449 2299.018 2299.089 2299.161 2299.232 2299.304 2298.423 2297.154 2295.885 2294.615 2292.661 2287.453 2282.246 2277.039 2271.832 2265.789 2259.272 2252.756 2246.239 2239.824 2234.311 2228.798 2223.286 2217.773 2213.247 2209.479 2205.711 2201.943 2198.278 2198.046 2197.814 2197.582 2197.351 2197.466
2219.291 2214.368 2209.444 2206.119 2204.643 2203.167 2201.691 2200.216 2200.295 2200.496 2200.697 2200.898 2202.783 2207.285 2211.788 2216.291 2220.793 2228.253 2236.214 2244.176 2252.137 2259.816 2266.894 2273.972 2281.05 2288.128 2291.277 2293.334 2295.392 2297.449 2299.012 2299.062 2299.112 2299.162 2299.212 2298.156 2296.649 2295.141 2293.634 2291.428 2285.907 2280.386 2274.865 2269.344 2263.085 2256.406 2249.727 2243.048 2236.507 2231.195 2225.882 2220.57 2215.257 2210.968 2207.465 2203.962 2200.459 2197.051 2196.83 2196.609 2196.388 2196.167 2196.36
2222.396 2216.964 2211.532 2207.754 2205.889 2204.023 2202.158 2200.293 2200.244 2200.337 2200.43 2200.523 2202.276 2206.611 2210.946 2215.281 2219.615 2227.259 2235.464 2243.668 2251.873 2259.725 2266.824 2273.924 2281.024 2288.123 2291.277 2293.334 2295.392 2297.449 2299.007 2299.035 2299.064 2299.092 2299.12 2297.889 2296.144 2294.398 2292.653 2290.196 2284.362 2278.527 2272.692 2266.858 2260.381 2253.54 2246.698 2239.857 2233.191 2228.079 2222.966 2217.854 2212.741 2208.688 2205.451 2202.213 2198.975 2195.825 2195.615 2195.405 2195.194 2194.984 2195.254
2225.501 2219.561 2213.62 2209.389 2207.134 2204.879 2202.625 2200.37 2200.193 2200.177 2200.162 2200.147 2201.768 2205.936 2210.103 2214.27 2218.438 2226.265 2234.713 2243.161 2251.609 2259.634 2266.755 2273.876 2280.997 2288.118 2291.277 2293.334 2295.392 2297.449 2299.002 2299.008 2299.015 2299.022 2299.029 2297.622 2295.639 2293.655 2291.672 2288.964 2282.816 2276.667 2270.519 2264.371 2257.677 2250.673 2243.67 2236.666 2229.875 2224.962 2220.05 2215.138 2210.226 2206.409 2203.437 2200.464 2197.491 2194.598 2194.399 2194.2 2194.0 2193.801 2194.148
2228.92 2222.654 2216.387 2211.756 2209.015 2206.274 2203.533 2200.792 2200.503 2200.406 2200.309 2200.211 2201.793 2205.986 2210.179 2214.373 2218.566 2226.3 2234.634 2242.968 2251.301 2259.183 2266.099 2273.014 2279.93 2286.846 2290.169 2292.495 2294.821 2297.146 2298.904 2298.927 2298.949 2298.971 2298.994 2297.333 2294.985 2292.637 2290.289 2287.273 2281.082 2274.892 2268.702 2262.511 2255.685 2248.497 2241.309 2234.12 2227.161 2222.233 2217.305 2212.377 2207.449 2203.763 2201.033 2198.303 2195.573 2192.915 2192.682 2192.448 2192.215 2191.982 2192.268
2232.481 2225.971 2219.461 2214.454 2211.183 2207.912 2204.641 2201.371 2200.978 2200.81 2200.643 2200.475 2202.058 2206.365 2210.672 2214.979 2219.285 2226.8 2234.858 2242.916 2250.974 2258.57 2265.177 2271.784 2278.392 2284.999 2288.56 2291.275 2293.99 2296.705 2298.765 2298.82 2298.875 2298.929 2298.984 2297.033 2294.263 2291.494 2288.724 2285.373 2279.264 2273.155 2267.046 2260.937 2254.015 2246.632 2239.25 2231.866 2224.721 2219.679 2214.638 2209.596 2204.554 2200.951 2198.453 2195.955 2193.458 2191.024 2190.737 2190.45 2190.162 2189.875 2190.038
2236.043 2229.289 2222.536 2217.152 2213.351 2209.55 2205.75 2201.949 2201.452 2201.215 2200.977 2200.739 2202.323 2206.744 2211.164 2215.585 2220.005 2227.3 2235.082 2242.865 2250.647 2257.956 2264.255 2270.554 2276.854 2283.153 2286.952 2290.056 2293.16 2296.265 2298.626 2298.713 2298.8 2298.888 2298.975 2296.734 2293.542 2290.35 2287.159 2283.474 2277.446 2271.418 2265.39 2259.362 2252.346 2244.768 2237.19 2229.613 2222.281 2217.126 2211.97 2206.815 2201.66 2198.138 2195.873 2193.608 2191.343 2189.134 2188.792 2188.451 2188.109 2187.768 2187.808
2239.604 2232.607 2225.61 2219.85 2215.519 2211.188 2206.858 2202.527 2201.927 2201.619 2201.31 2201.002 2202.589 2207.123 2211.656 2216.191 2220.725 2227.8 2235.307 2242.813 2250.319 2257.343 2263.333 2269.324 2275.315 2281.306 2285.343 2288.837 2292.33 2295.824 2298.487 2298.606 2298.726 2298.846 2298.966 2296.434 2292.821 2289.207 2285.594 2281.574 2275.627 2269.68 2263.734 2257.787 2250.676 2242.904 2235.131 2227.359 2219.841 2214.572 2209.303 2204.034 2198.765 2195.326 2193.293 2191.26 2189.228 2187.243 2186.847 2186.452 2186.057 2185.661 2185.577
2243.556 2236.347 2229.137 2223.013 2218.143 2213.272 2208.402 2203.532 2202.846 2202.488 2202.129 2201.77 2203.378 2208.045 2212.713 2217.38 2222.047 2228.908 2236.14 2243.373 2250.605 2257.329 2262.967 2268.604 2274.242 2279.88 2284.084 2287.891 2291.698 2295.504 2298.417 2298.6 2298.782 2298.965 2299.147 2296.378 2292.405 2288.432 2284.458 2280.151 2274.26 2268.368 2262.477 2256.585 2249.411 2241.509 2233.607 2225.704 2218.058 2212.675 2207.293 2201.91 2196.528 2193.128 2191.253 2189.378 2187.503 2185.667 2185.153 2184.639 2184.125 2183.611 2183.344
2249.567 2242.309 2235.051 2228.627 2223.168 2217.708 2212.248 2206.789 2206.11 2205.805 2205.501 2205.196 2206.93 2211.835 2216.741 2221.646 2226.552 2233.22 2240.187 2247.155 2254.122 2260.478 2265.526 2270.574 2275.622 2280.671 2284.675 2288.39 2292.104 2295.819 2298.718 2299.122 2299.526 2299.93 2300.334 2297.606 2293.601 2289.595 2285.589 2281.241 2275.269 2269.296 2263.323 2257.35 2250.282 2242.59 2234.899 2227.207 2219.739 2214.243 2208.747 2203.251 2197.755 2194.171 2192.058 2189.945 2187.832 2185.752 2184.778 2183.804 2182.831 2181.857 2181.093
2255.578 2248.272 2240.965 2234.242 2228.193 2222.144 2216.094 2210.045 2209.374 2209.124 2208.873 2208.622 2210.482 2215.625 2220.769 2225.912 2231.055 2237.532 2244.234 2250.937 2257.639 2263.626 2268.085 2272.544 2277.002 2281.461 2285.265 2288.888 2292.511 2296.133 2299.018 2299.643 2300.269 2300.895 2301.521 2298.834 2294.796 2290.758 2286.72 2282.331 2276.277 2270.223 2264.169 2258.116 2251.152 2243.672 2236.191 2228.711 2221.42 2215.81 2210.201 2204.591 2198.982 2195.214 2192.863 2190.512 2188.161 2185.837 2184.403 2182.97 2181.536 2180.103 2178.842
2261.59 2254.234 2246.879 2239.856 2233.218 2226.579 2219.94 2213.302 2212.638 2212.441 2212.245 2212.048 2214.034 2219.416 2224.797 2230.178 2235.56 2241.844 2248.281 2254.719 2261.156 2266.775 2270.644 2274.513 2278.382 2282.252 2285.856 2289.387 2292.917 2296.448 2299.318 2300.165 2301.012 2301.86 2302.708 2300.063 2295.992 2291.921 2287.851 2283.421 2277.286 2271.151 2265.016 2258.881 2252.023 2244.753 2237.484 2230.214 2223.101 2217.378 2211.655 2205.932 2200.209 2196.257 2193.668 2191.079 2188.49 2185.922 2184.028 2182.135 2180.242 2178.349 2176.591
2267.601 2260.197 2252.793 2245.471 2238.242 2231.014 2223.786 2216.558 2215.902 2215.76 2215.617 2215.474 2217.587 2223.206 2228.825 2234.444 2240.063 2246.156 2252.328 2258.5 2264.673 2269.923 2273.203 2276.483 2279.762 2283.042 2286.446 2289.885 2293.324 2296.762 2299.618 2300.687 2301.756 2302.825 2303.895 2301.291 2297.188 2293.084 2288.981 2284.511 2278.295 2272.079 2265.863 2259.646 2252.893 2245.834 2238.776 2231.717 2224.782 2218.946 2213.109 2207.272 2201.436 2197.3 2194.473 2191.646 2188.82 2186.006 2183.654 2181.301 2178.948 2176.595 2174.34
2272.555 2265.526 2258.496 2251.273 2243.827 2236.381 2228.935 2221.489 2220.776 2220.588 2220.401 2220.214 2222.357 2228.125 2233.894 2239.663 2245.431 2251.284 2257.15 2263.017 2268.883 2273.749 2276.477 2279.204 2281.932 2284.66 2287.584 2290.563 2293.541 2296.52 2299.001 2299.961 2300.921 2301.882 2302.842 2300.338 2296.421 2292.504 2288.586 2284.284 2278.15 2272.017 2265.883 2259.749 2253.217 2246.458 2239.699 2232.939 2226.275 2220.451 2214.627 2208.803 2202.979 2198.732 2195.698 2192.663 2189.629 2186.604 2183.894 2181.184 2178.474 2175.763 2173.139
2276.891 2270.483 2264.075 2257.186 2249.74 2242.294 2234.848 2227.402 2226.593 2226.303 2226.013 2225.723 2227.842 2233.708 2239.573 2245.44 2251.305 2256.89 2262.426 2267.963 2273.5 2277.971 2280.169 2282.367 2284.565 2286.762 2289.042 2291.344 2293.647 2295.949 2297.847 2298.504 2299.161 2299.819 2300.476 2298.107 2294.504 2290.9 2287.297 2283.284 2277.329 2271.374 2265.419 2259.464 2253.22 2246.813 2240.405 2233.998 2227.658 2221.92 2216.183 2210.445 2204.708 2200.391 2197.168 2193.944 2190.721 2187.504 2184.496 2181.488 2178.48 2175.473 2172.554
2281.226 2275.44 2269.655 2263.099 2255.653 2248.207 2240.76 2233.315 2232.411 2232.018 2231.625 2231.232 2233.327 2239.29 2245.253 2251.216 2257.18 2262.496 2267.703 2272.909 2278.116 2282.194 2283.862 2285.53 2287.197 2288.865 2290.5 2292.127 2293.753 2295.379 2296.692 2297.047 2297.401 2297.756 2298.11 2295.877 2292.587 2289.297 2286.007 2282.285 2276.508 2270.732 2264.955 2259.178 2253.224 2247.168 2241.112 2235.056 2229.041 2223.39 2217.739 2212.088 2206.437 2202.051 2198.638 2195.225 2191.813 2188.403 2185.098 2181.792 2178.487 2175.182 2171.968
2285.562 2280.398 2275.234 2269.012 2261.565 2254.12 2246.673 2239.228 2238.228 2237.733 2237.237 2236.741 2238.812 2244.872 2250.933 2256.993 2263.054 2268.102 2272.979 2277.856 2282.732 2286.417 2287.554 2288.692 2289.83 2290.967 2291.958 2292.909 2293.859 2294.809 2295.538 2295.59 2295.641 2295.693 2295.745 2293.646 2290.67 2287.694 2284.718 2281.285 2275.687 2270.089 2264.491 2258.893 2253.227 2247.523 2241.818 2236.114 2230.424 2224.859 2219.295 2213.73 2208.166 2203.71 2200.108 2196.506 2192.904 2189.302 2185.699 2182.097 2178.494 2174.891 2171.383
2289.539 2284.971 2280.404 2274.526 2267.133 2259.74 2252.347 2244.955 2243.855 2243.248 2242.64 2242.032 2244.064 2250.201 2256.338 2262.475 2268.612 2273.397 2277.952 2282.507 2287.062 2290.372 2291.021 2291.671 2292.321 2292.971 2293.333 2293.616 2293.898 2294.181 2294.327 2294.057 2293.787 2293.518 2293.248 2291.266 2288.586 2285.906 2283.226 2280.073 2274.673 2269.273 2263.873 2258.473 2253.094 2247.726 2242.357 2236.989 2231.612 2226.156 2220.7 2215.244 2209.788 2205.296 2201.546 2197.795 2194.045 2190.292 2186.435 2182.577 2178.72 2174.863 2171.091
