data/zism_data/00935_04_D.txt
ncols         224
nrows         224
[rows 168 to 195 of 224, columns 126 to 188 of 224]
1037.946 1029.494 1021.042 1012.59 1004.355 1003.392 1002.429 1001.466 1000.503 1000.0 1000.0 1000.0 1000.0 1000.0 1000.0 1000.0 1000.0 1000.0 1000.0 1000.0 1000.0 1000.0 1000.0 1000.0 1000.0 1000.0 1000.0 1000.0 1000.0 1000.0 1000.0 1000.0 1000.141 1000.336 1000.531 1000.726 1002.037 1008.653 1015.268 1021.883 1028.499 1036.291 1044.796 1053.3 1061.804 1069.263 1063.346 1057.429 1051.512 1045.595 1038.269 1029.651 1021.034 1012.416 1003.798 1004.626 1005.737 1006.847 1007.957 1010.541 1015.156 1019.771 1024.387
1043.318 1033.856 1024.394 1014.932 1005.708 1004.446 1003.183 1001.921 1000.659 1000.0 1000.0 1000.0 1000.0 1000.0 1000.0 1000.0 1000.0 1000.0 1000.0 1000.0 1000.0 1000.0 1000.0 1000.0 1000.0 1000.0 1000.0 1000.0 1000.0 1000.0 1000.0 1000.0 1000.037 1000.087 1000.138 1000.188 1001.101 1006.108 1011.115 1016.122 1021.129 1028.459 1037.193 1045.927 1054.661 1062.443 1058.032 1053.622 1049.212 1044.802 1038.224 1029.66 1021.095 1012.531 1003.967 1004.999 1006.318 1007.636 1008.955 1012.176 1018.02 1023.864 1029.709
1045.256 1035.729 1026.201 1016.674 1007.375 1005.744 1004.113 1002.482 1000.851 1000.0 1000.0 1000.0 1000.0 1000.0 1000.0 1000.0 1000.0 1000.0 1000.0 1000.0 1000.0 1000.0 1000.0 1000.0 1000.0 1000.0 1000.0 1000.0 1000.0 1000.0 1000.0 1000.0 1000.0 1000.0 1000.0 1000.0 1000.67 1004.524 1008.377 1012.231 1016.084 1022.592 1030.706 1038.819 1046.932 1054.228 1051.064 1047.901 1044.737 1041.573 1035.904 1027.938 1019.972 1012.006 1004.041 1005.087 1006.402 1007.718 1009.033 1012.65 1019.442 1026.234 1033.026
1045.343 1036.259 1027.175 1018.091 1009.211 1007.174 1005.137 1003.1 1001.063 1000.0 1000.0 1000.0 1000.0 1000.0 1000.0 1000.0 1000.0 1000.0 1000.0 1000.0 1000.0 1000.0 1000.0 1000.0 1000.0 1000.0 1000.0 1000.0 1000.0 1000.0 1000.0 1000.0 1000.0 1000.0 1000.0 1000.0 1000.512 1003.457 1006.402 1009.348 1012.293 1017.786 1024.82 1031.854 1038.888 1045.263 1043.205 1041.147 1039.09 1037.032 1032.358 1025.284 1018.21 1011.137 1004.063 1005.022 1006.219 1007.417 1008.615 1012.499 1020.087 1027.675 1035.263
1045.43 1036.789 1028.149 1019.509 1011.048 1008.604 1006.161 1003.718 1001.275 1000.0 1000.0 1000.0 1000.0 1000.0 1000.0 1000.0 1000.0 1000.0 1000.0 1000.0 1000.0 1000.0 1000.0 1000.0 1000.0 1000.0 1000.0 1000.0 1000.0 1000.0 1000.0 1000.0 1000.0 1000.0 1000.0 1000.0 1000.354 1002.391 1004.428 1006.464 1008.501 1012.979 1018.934 1024.888 1030.843 1036.297 1035.345 1034.394 1033.442 1032.491 1028.811 1022.63 1016.448 1010.267 1004.086 1004.956 1006.036 1007.117 1008.197 1012.347 1020.731 1029.116 1037.5
1045.517 1037.32 1029.123 1020.926 1012.884 1010.035 1007.185 1004.336 1001.487 1000.0 1000.0 1000.0 1000.0 1000.0 1000.0 1000.0 1000.0 1000.0 1000.0 1000.0 1000.0 1000.0 1000.0 1000.0 1000.0 1000.0 1000.0 1000.0 1000.0 1000.0 1000.0 1000.0 1000.0 1000.0 1000.0 1000.0 1000.196 1001.325 1002.453 1003.581 1004.71 1008.173 1013.048 1017.923 1022.798 1027.331 1027.486 1027.64 1027.795 1027.949 1025.264 1019.975 1014.687 1009.398 1004.109 1004.89 1005.853 1006.816 1007.779 1012.195 1021.376 1030.556 1039.737
1045.135 1037.422 1029.71 1021.997 1014.415 1011.227 1008.039 1004.851 1001.663 1000.0 1000.0 1000.0 1000.0 1000.0 1000.021 1000.045 1000.068 1000.091 1000.123 1000.169 1000.216 1000.262 1000.308 1000.287 1000.25 1000.214 1000.178 1000.144 1000.113 1000.082 1000.051 1000.02 1000.01 1000.007 1000.005 1000.002 1000.05 1000.338 1000.626 1000.914 1001.201 1003.692 1007.515 1011.338 1015.162 1018.793 1019.974 1021.155 1022.336 1023.517 1021.799 1017.425 1013.051 1008.677 1004.303 1005.075 1006.001 1006.927 1007.853 1012.555 1022.466 1032.377 1042.288
1039.388 1032.627 1025.865 1019.104 1012.458 1009.703 1006.948 1004.193 1001.438 1000.0 1000.0 1000.0 1000.0 1000.0 1000.289 1000.601 1000.913 1001.224 1001.654 1002.277 1002.9 1003.524 1004.147 1003.855 1003.37 1002.885 1002.4 1001.935 1001.519 1001.103 1000.688 1000.272 1000.133 1000.098 1000.063 1000.029 1000.039 1000.263 1000.486 1000.71 1000.934 1002.941 1006.027 1009.112 1012.198 1015.154 1016.447 1017.74 1019.033 1020.326 1019.273 1016.069 1012.865 1009.661 1006.457 1008.125 1009.938 1011.751 1013.564 1018.771 1028.661 1038.55 1048.44
1033.642 1027.831 1022.021 1016.211 1010.501 1008.179 1005.857 1003.534 1001.212 1000.0 1000.0 1000.0 1000.0 1000.0 1000.557 1001.157 1001.757 1002.358 1003.184 1004.385 1005.585 1006.786 1007.986 1007.424 1006.49 1005.556 1004.622 1003.725 1002.925 1002.125 1001.324 1000.524 1000.255 1000.188 1000.122 1000.055 1000.028 1000.187 1000.347 1000.507 1000.666 1002.19 1004.538 1006.886 1009.234 1011.514 1012.92 1014.325 1015.73 1017.136 1016.747 1014.713 1012.679 1010.645 1008.612 1011.175 1013.875 1016.574 1019.274 1024.987 1034.856 1044.724 1054.592
1027.895 1023.036 1018.177 1013.318 1008.544 1006.655 1004.765 1002.876 1000.986 1000.0 1000.0 1000.0 1000.0 1000.0 1000.824 1001.713 1002.602 1003.491 1004.715 1006.492 1008.27 1010.047 1011.825 1010.992 1009.61 1008.227 1006.844 1005.516 1004.331 1003.146 1001.961 1000.776 1000.378 1000.279 1000.18 1000.082 1000.017 1000.112 1000.208 1000.303 1000.398 1001.438 1003.049 1004.66 1006.271 1007.875 1009.392 1010.91 1012.428 1013.945 1014.22 1013.357 1012.493 1011.63 1010.766 1014.224 1017.811 1021.398 1024.985 1031.203 1041.05 1050.897 1060.744
1022.148 1018.24 1014.332 1010.424 1006.587 1005.131 1003.674 1002.217 1000.76 1000.0 1000.0 1000.0 1000.0 1000.0 1001.092 1002.27 1003.447 1004.624 1006.245 1008.6 1010.955 1013.309 1015.664 1014.561 1012.729 1010.898 1009.066 1007.307 1005.737 1004.167 1002.597 1001.028 1000.5 1000.37 1000.239 1000.108 1000.005 1000.037 1000.068 1000.1 1000.131 1000.687 1001.56 1002.434 1003.307 1004.235 1005.865 1007.495 1009.125 1010.755 1011.694 1012.001 1012.307 1012.614 1012.921 1017.274 1021.748 1026.222 1030.696 1037.419 1047.245 1057.07 1066.896
1017.341 1014.248 1011.155 1008.061 1005.027 1003.965 1002.902 1001.84 1000.778 1000.386 1000.724 1001.063 1001.401 1001.74 1003.61 1005.6 1007.591 1009.581 1012.008 1015.158 1018.308 1021.458 1024.609 1022.957 1020.295 1017.632 1014.97 1012.326 1009.733 1007.139 1004.546 1001.952 1001.041 1000.769 1000.497 1000.225 1000.0 1000.0 1000.0 1000.0 1000.0 1000.284 1000.739 1001.195 1001.65 1002.183 1003.704 1005.224 1006.745 1008.266 1009.498 1010.464 1011.43 1012.397 1013.363 1018.427 1023.614 1028.8 1033.986 1041.068 1050.763 1060.457 1070.152
1013.434 1011.024 1008.615 1006.206 1003.846 1003.141 1002.437 1001.733 1001.029 1001.14 1002.141 1003.142 1004.143 1005.144 1008.282 1011.587 1014.892 1018.197 1021.822 1025.976 1030.131 1034.286 1038.44 1035.975 1032.115 1028.256 1024.397 1020.436 1016.207 1011.978 1007.75 1003.521 1001.981 1001.464 1000.946 1000.428 1000.0 1000.0 1000.0 1000.0 1000.0 1000.214 1000.557 1000.9 1001.244 1001.649 1002.849 1004.049 1005.25 1006.45 1007.617 1008.755 1009.892 1011.029 1012.167 1017.765 1023.496 1029.228 1034.959 1042.258 1051.718 1061.177 1070.637
1009.526 1007.801 1006.075 1004.35 1002.665 1002.318 1001.972 1001.626 1001.28 1001.895 1003.558 1005.222 1006.886 1008.549 1012.954 1017.574 1022.193 1026.812 1031.635 1036.794 1041.953 1047.113 1052.272 1048.992 1043.936 1038.88 1033.824 1028.545 1022.681 1016.817 1010.954 1005.09 1002.922 1002.158 1001.394 1000.631 1000.0 1000.0 1000.0 1000.0 1000.0 1000.144 1000.375 1000.606 1000.837 1001.115 1001.995 1002.874 1003.754 1004.634 1005.737 1007.045 1008.354 1009.662 1010.97 1017.103 1023.379 1029.656 1035.932 1043.448 1052.672 1061.897 1071.122
1005.619 1004.577 1003.536 1002.494 1001.484 1001.495 1001.507 1001.519 1001.531 1002.649 1004.976 1007.302 1009.628 1011.954 1017.626 1023.56 1029.494 1035.428 1041.448 1047.612 1053.776 1059.94 1066.104 1062.01 1055.757 1049.504 1043.251 1036.655 1029.155 1021.656 1014.158 1006.659 1003.862 1002.853 1001.843 1000.834 1000.0 1000.0 1000.0 1000.0 1000.0 1000.074 1000.193 1000.312 1000.43 1000.581 1001.14 1001.699 1002.258 1002.817 1003.856 1005.336 1006.815 1008.294 1009.774 1016.44 1023.262 1030.083 1036.905 1044.638 1053.627 1062.617 1071.607
1001.711 1001.354 1000.996 1000.639 1000.302 1000.672 1001.042 1001.412 1001.782 1003.404 1006.393 1009.381 1012.37 1015.359 1022.299 1029.547 1036.795 1044.044 1051.262 1058.431 1065.599 1072.767 1079.935 1075.028 1067.578 1060.128 1052.678 1044.764 1035.63 1026.496 1017.362 1008.227 1004.803 1003.547 1002.292 1001.037 1000.0 1000.0 1000.0 1000.0 1000.0 1000.004 1000.011 1000.017 1000.024 1000.047 1000.286 1000.524 1000.763 1001.001 1001.976 1003.626 1005.277 1006.927 1008.577 1015.778 1023.145 1030.511 1037.878 1045.828 1054.582 1063.337 1072.091
1001.177 1000.925 1000.673 1000.421 1000.198 1000.93 1001.663 1002.396 1003.129 1005.76 1010.463 1015.166 1019.869 1024.572 1031.021 1037.607 1044.192 1050.778 1056.888 1062.213 1067.538 1072.863 1078.189 1073.165 1065.962 1058.759 1051.556 1043.882 1034.969 1026.057 1017.144 1008.232 1004.857 1003.588 1002.318 1001.049 1000.0 1000.0 1000.0 1000.0 1000.0 1000.0 1000.0 1000.0 1000.0 1000.013 1000.187 1000.362 1000.536 1000.711 1001.482 1002.8 1004.118 1005.436 1006.754 1012.789 1018.965 1025.141 1031.316 1038.003 1045.396 1052.788 1060.18
1000.853 1000.67 1000.488 1000.305 1000.16 1001.256 1002.352 1003.448 1004.544 1008.216 1014.699 1021.181 1027.663 1034.145 1039.995 1045.795 1051.595 1057.395 1062.255 1065.56 1068.865 1072.171 1075.476 1070.379 1063.512 1056.646 1049.78 1042.443 1033.867 1025.291 1016.715 1008.139 1004.857 1003.588 1002.318 1001.049 1000.0 1000.0 1000.0 1000.0 1000.0 1000.0 1000.0 1000.0 1000.0 1000.009 1000.136 1000.262 1000.388 1000.515 1001.073 1002.028 1002.983 1003.938 1004.892 1009.656 1014.533 1019.41 1024.287 1029.62 1035.58 1041.54 1047.501
1000.528 1000.415 1000.302 1000.189 1000.121 1001.581 1003.041 1004.5 1005.96 1010.672 1018.934 1027.195 1035.457 1043.719 1048.968 1053.983 1058.997 1064.012 1067.621 1068.907 1070.192 1071.478 1072.763 1067.593 1061.063 1054.534 1048.004 1041.003 1032.764 1024.525 1016.286 1008.046 1004.857 1003.588 1002.318 1001.049 1000.0 1000.0 1000.0 1000.0 1000.0 1000.0 1000.0 1000.0 1000.0 1000.006 1000.084 1000.162 1000.241 1000.319 1000.665 1001.256 1001.848 1002.439 1003.031 1006.523 1010.101 1013.68 1017.259 1021.236 1025.765 1030.293 1034.821
1000.204 1000.16 1000.116 1000.073 1000.083 1001.906 1003.729 1005.552 1007.375 1013.128 1023.169 1033.21 1043.251 1053.292 1057.942 1062.171 1066.4 1070.629 1072.988 1072.253 1071.519 1070.785 1070.051 1064.807 1058.614 1052.421 1046.228 1039.564 1031.661 1023.759 1015.856 1007.953 1004.857 1003.588 1002.318 1001.049 1000.0 1000.0 1000.0 1000.0 1000.0 1000.0 1000.0 1000.0 1000.0 1000.002 1000.032 1000.063 1000.093 1000.123 1000.256 1000.484 1000.713 1000.941 1001.169 1003.389 1005.67 1007.95 1010.23 1012.853 1015.949 1019.046 1022.142
1000.0 1000.0 1000.0 1000.0 1000.058 1002.049 1004.04 1006.032 1008.023 1014.229 1025.033 1035.837 1046.64 1057.444 1061.354 1064.726 1068.098 1071.47 1072.712 1070.431 1068.151 1065.87 1063.589 1058.57 1052.974 1047.379 1041.783 1035.769 1028.657 1021.544 1014.432 1007.32 1004.507 1003.329 1002.151 1000.973 1000.0 1000.0 1000.0 1000.0 1000.0 1000.0 1000.0 1000.0 1000.0 1000.0 1000.0 1000.0 1000.0 1000.0 1000.0 1000.0 1000.0 1000.0 1000.0 1001.307 1002.652 1003.998 1005.344 1006.972 1008.99 1011.009 1013.027
1000.0 1000.0 1000.0 1000.0 1000.053 1001.884 1003.715 1005.546 1007.377 1013.044 1022.897 1032.75 1042.602 1052.455 1055.39 1057.784 1060.178 1062.572 1062.922 1059.893 1056.865 1053.836 1050.808 1046.515 1041.955 1037.396 1032.837 1028.003 1022.445 1016.888 1011.33 1005.773 1003.567 1002.635 1001.702 1000.77 1000.0 1000.0 1000.0 1000.0 1000.0 1000.0 1000.0 1000.0 1000.0 1000.0 1000.0 1000.0 1000.0 1000.0 1000.0 1000.0 1000.0 1000.0 1000.0 1000.995 1002.02 1003.045 1004.07 1005.311 1006.848 1008.386 1009.923
1000.0 1000.0 1000.0 1000.0 1000.048 1001.719 1003.39 1005.06 1006.731 1011.86 1020.762 1029.663 1038.565 1047.467 1049.425 1050.841 1052.257 1053.673 1053.132 1049.356 1045.579 1041.802 1038.026 1034.459 1030.936 1027.413 1023.891 1020.236 1016.233 1012.231 1008.229 1004.226 1002.627 1001.94 1001.254 1000.567 1000.0 1000.0 1000.0 1000.0 1000.0 1000.0 1000.0 1000.0 1000.0 1000.0 1000.0 1000.0 1000.0 1000.0 1000.0 1000.0 1000.0 1000.0 1000.0 1000.684 1001.388 1002.093 1002.797 1003.65 1004.706 1005.763 1006.819
1000.0 1000.0 1000.0 1000.0 1000.044 1001.554 1003.065 1004.575 1006.085 1010.676 1018.626 1026.577 1034.527 1042.478 1043.46 1043.898 1044.336 1044.775 1043.343 1038.818 1034.293 1029.768 1025.244 1022.403 1019.917 1017.431 1014.945 1012.469 1010.022 1007.574 1005.127 1002.68 1001.686 1001.245 1000.805 1000.364 1000.0 1000.0 1000.0 1000.0 1000.0 1000.0 1000.0 1000.0 1000.0 1000.0 1000.0 1000.0 1000.0 1000.0 1000.0 1000.0 1000.0 1000.0 1000.0 1000.373 1000.756 1001.14 1001.524 1001.989 1002.564 1003.14 1003.716
1000.0 1000.0 1000.0 1000.0 1000.039 1001.389 1002.739 1004.089 1005.439 1009.491 1016.491 1023.49 1030.489 1037.489 1037.495 1036.956 1036.416 1035.876 1033.553 1028.28 1023.007 1017.735 1012.462 1010.347 1008.898 1007.448 1005.999 1004.703 1003.81 1002.918 1002.025 1001.133 1000.746 1000.551 1000.356 1000.161 1000.0 1000.0 1000.0 1000.0 1000.0 1000.0 1000.0 1000.0 1000.0 1000.0 1000.0 1000.0 1000.0 1000.0 1000.0 1000.0 1000.0 1000.0 1000.0 1000.061 1000.125 1000.188 1000.251 1000.327 1000.422 1000.517 1000.612
1000.0 1000.0 1000.0 1000.0 1000.032 1001.132 1002.231 1003.331 1004.431 1007.737 1013.451 1019.164 1024.878 1030.591 1030.426 1029.8 1029.175 1028.55 1026.443 1021.885 1017.327 1012.769 1008.211 1006.571 1005.544 1004.518 1003.491 1002.615 1002.132 1001.649 1001.166 1000.682 1000.462 1000.341 1000.221 1000.1 1000.0 1000.0 1000.0 1000.0 1000.0 1000.0 1000.0 1000.0 1000.0 1000.0 1000.0 1000.0 1000.0 1000.0 1000.0 1000.0 1000.0 1000.0 1000.0 1000.0 1000.0 1000.0 1000.0 1000.0 1000.0 1000.0 1000.0
1000.0 1000.0 1000.0 1000.0 1000.024 1000.851 1001.678 1002.505 1003.333 1005.843 1010.188 1014.534 1018.88 1023.225 1023.084 1022.593 1022.101 1021.609 1019.99 1016.506 1013.023 1009.539 1006.055 1004.826 1004.072 1003.318 1002.564 1001.92 1001.566 1001.211 1000.856 1000.501 1000.339 1000.251 1000.162 1000.073 1000.0 1000.0 1000.0 1000.0 1000.0 1000.0 1000.0 1000.0 1000.0 1000.0 1000.0 1000.0 1000.0 1000.0 1000.0 1000.0 1000.0 1000.0 1000.0 1000.0 1000.0 1000.0 1000.0 1000.0 1000.0 1000.0 1000.0
1000.0 1000.0 1000.0 1000.0 1000.016 1000.571 1001.125 1001.68 1002.235 1003.948 1006.926 1009.904 1012.882 1015.86 1015.743 1015.385 1015.027 1014.669 1013.538 1011.128 1008.718 1006.308 1003.898 1003.082 1002.6 1002.119 1001.637 1001.226 1001.0 1000.773 1000.547 1000.32 1000.217 1000.16 1000.103 1000.047 1000.0 1000.0 1000.0 1000.0 1000.0 1000.0 1000.0 1000.0 1000.0 1000.0 1000.0 1000.0 1000.0 1000.0 1000.0 1000.0 1000.0 1000.0 1000.0 1000.0 1000.0 1000.0 1000.0 1000.0 1000.0 1000.0 1000.0
