data/zism_data/00942_02_D.txt
ncols         224
nrows         224
[rows 56 to 83 of 224, columns 63 to 125 of 224]
1897.817 1902.024 1906.231 1910.439 1918.854 1927.34 1935.827 1944.313 1952.667 1960.841 1969.016 1977.191 1985.365 1988.98 1991.929 1994.879 1997.828 1999.537 1998.579 1997.621 1996.663 1995.705 1992.751 1989.174 1985.598 1982.021 1979.528 1981.187 1982.845 1984.504 1986.163 1988.11 1990.212 1992.314 1994.416 1996.373 1996.982 1997.591 1998.2 1998.809 1998.724 1998.049 1997.375 1996.7 1996.026 1992.884 1989.708 1986.532 1983.356 1979.003 1973.094 1967.186 1961.278 1955.369 1947.789 1939.971 1932.153 1924.334 1916.383 1908.15 1899.917 1891.684 1883.45
1898.822 1902.842 1906.861 1910.881 1919.309 1927.812 1936.314 1944.817 1953.166 1961.308 1969.451 1977.593 1985.736 1989.295 1992.185 1995.076 1997.966 1999.679 1998.861 1998.042 1997.223 1996.405 1994.178 1991.513 1988.847 1986.182 1984.411 1986.07 1987.729 1989.387 1991.046 1992.62 1994.148 1995.676 1997.204 1998.608 1998.841 1999.075 1999.309 1999.543 1999.241 1998.487 1997.732 1996.977 1996.222 1993.053 1989.85 1986.647 1983.444 1979.032 1973.022 1967.012 1961.002 1954.991 1947.168 1939.088 1931.007 1922.926 1914.64 1905.919 1897.198 1888.477 1879.756
1899.62 1903.478 1907.336 1911.195 1919.621 1928.126 1936.631 1945.135 1953.477 1961.599 1969.722 1977.844 1985.967 1989.491 1992.345 1995.198 1998.052 1999.781 1999.092 1998.402 1997.713 1997.024 1995.389 1993.458 1991.528 1989.598 1988.388 1989.933 1991.479 1993.024 1994.57 1995.808 1996.882 1997.956 1999.03 1999.998 1999.973 1999.949 1999.925 1999.901 1999.392 1998.472 1997.552 1996.631 1995.711 1992.398 1989.051 1985.704 1982.357 1977.844 1971.788 1965.733 1959.677 1953.622 1945.68 1937.47 1929.26 1921.05 1912.476 1903.132 1893.788 1884.444 1875.1
1900.073 1903.813 1907.554 1911.294 1919.698 1928.181 1936.665 1945.148 1953.477 1961.599 1969.722 1977.844 1985.967 1989.491 1992.345 1995.198 1998.052 1999.817 1999.24 1998.663 1998.087 1997.51 1996.24 1994.755 1993.27 1991.785 1990.865 1992.11 1993.356 1994.601 1995.846 1996.812 1997.629 1998.446 1999.262 1999.991 1999.903 1999.814 1999.726 1999.637 1998.933 1997.708 1996.482 1995.256 1994.031 1990.38 1986.696 1983.011 1979.327 1974.641 1968.634 1962.627 1956.62 1950.613 1942.757 1934.638 1926.518 1918.399 1909.617 1899.426 1889.235 1879.044 1868.853
1900.526 1904.149 1907.771 1911.394 1919.775 1928.236 1936.698 1945.16 1953.477 1961.599 1969.722 1977.844 1985.967 1989.491 1992.345 1995.198 1998.052 1999.853 1999.388 1998.924 1998.46 1997.996 1997.092 1996.052 1995.012 1993.971 1993.342 1994.287 1995.233 1996.178 1997.123 1997.817 1998.376 1998.935 1999.495 1999.985 1999.832 1999.679 1999.527 1999.374 1998.475 1996.944 1995.413 1993.882 1992.35 1988.363 1984.341 1980.318 1976.296 1971.439 1965.48 1959.521 1953.563 1947.604 1939.833 1931.805 1923.777 1915.749 1906.757 1895.72 1884.682 1873.644 1862.606
1900.98 1904.484 1907.989 1911.493 1919.851 1928.292 1936.732 1945.172 1953.477 1961.599 1969.722 1977.844 1985.967 1989.491 1992.345 1995.198 1998.052 1999.888 1999.537 1999.185 1998.833 1998.482 1997.944 1997.349 1996.753 1996.158 1995.819 1996.464 1997.109 1997.754 1998.4 1998.821 1999.123 1999.425 1999.727 1999.979 1999.762 1999.545 1999.327 1999.11 1998.016 1996.18 1994.343 1992.507 1990.67 1986.345 1981.985 1977.625 1973.265 1968.237 1962.327 1956.416 1950.505 1944.594 1936.91 1928.973 1921.036 1913.099 1903.898 1892.013 1880.129 1868.244 1856.359
1901.433 1904.82 1908.206 1911.593 1919.928 1928.347 1936.766 1945.184 1953.477 1961.599 1969.722 1977.844 1985.967 1989.491 1992.345 1995.198 1998.052 1999.924 1999.685 1999.446 1999.207 1998.968 1998.796 1998.646 1998.495 1998.344 1998.296 1998.641 1998.986 1999.331 1999.676 1999.825 1999.87 1999.915 1999.96 1999.973 1999.691 1999.41 1999.128 1998.847 1997.558 1995.416 1993.274 1991.132 1988.99 1984.328 1979.63 1974.932 1970.234 1965.035 1959.173 1953.31 1947.448 1941.585 1933.986 1926.141 1918.295 1910.449 1901.039 1888.307 1875.575 1862.844 1850.112
1901.78 1905.111 1908.442 1911.772 1919.963 1928.237 1936.51 1944.784 1952.985 1961.09 1969.194 1977.299 1985.404 1989.003 1991.946 1994.888 1997.831 1999.789 1999.631 1999.474 1999.316 1999.158 1999.075 1999.016 1998.956 1998.896 1998.901 1999.153 1999.406 1999.659 1999.912 1999.965 1999.912 1999.859 1999.806 1999.677 1998.845 1998.012 1997.179 1996.346 1994.49 1991.768 1989.046 1986.324 1983.602 1978.983 1974.337 1969.691 1965.046 1959.864 1953.975 1948.085 1942.196 1936.306 1928.373 1920.149 1911.925 1903.701 1894.026 1881.271 1868.516 1855.761 1843.006
1902.105 1905.393 1908.681 1911.968 1919.99 1928.092 1936.194 1944.296 1952.39 1960.473 1968.556 1976.64 1984.723 1988.413 1991.463 1994.512 1997.562 1999.617 1999.535 1999.452 1999.37 1999.287 1999.234 1999.19 1999.146 1999.103 1999.11 1999.315 1999.52 1999.724 1999.929 1999.923 1999.806 1999.688 1999.571 1999.321 1997.835 1996.348 1994.861 1993.374 1990.873 1987.513 1984.153 1980.793 1977.433 1972.937 1968.426 1963.914 1959.402 1954.278 1948.346 1942.414 1936.481 1930.549 1922.193 1913.492 1904.791 1896.09 1886.139 1873.534 1860.929 1848.324 1835.719
1902.43 1905.675 1908.92 1912.164 1920.016 1927.947 1935.877 1943.808 1951.794 1959.856 1967.918 1975.98 1984.042 1987.823 1990.98 1994.137 1997.293 1999.446 1999.438 1999.431 1999.423 1999.416 1999.393 1999.365 1999.337 1999.31 1999.32 1999.476 1999.633 1999.789 1999.946 1999.881 1999.7 1999.518 1999.336 1998.965 1996.825 1994.684 1992.543 1990.402 1987.256 1983.258 1979.26 1975.263 1971.265 1966.892 1962.515 1958.137 1953.759 1948.693 1942.718 1936.743 1930.767 1924.792 1916.013 1906.835 1897.657 1888.479 1878.251 1865.797 1853.342 1840.887 1828.432
1902.754 1905.956 1909.158 1912.361 1920.043 1927.802 1935.561 1943.32 1951.199 1959.24 1967.28 1975.321 1983.361 1987.233 1990.497 1993.761 1997.025 1999.274 1999.342 1999.409 1999.477 1999.545 1999.552 1999.54 1999.528 1999.517 1999.53 1999.638 1999.746 1999.854 1999.962 1999.84 1999.594 1999.347 1999.101 1998.609 1995.814 1993.02 1990.225 1987.43 1983.639 1979.003 1974.368 1969.732 1965.096 1960.847 1956.603 1952.359 1948.116 1943.108 1937.09 1931.071 1925.053 1919.035 1909.833 1900.178 1890.523 1880.868 1870.364 1858.059 1845.755 1833.45 1821.145
1902.975 1906.084 1909.193 1912.302 1919.713 1927.197 1934.681 1942.165 1949.884 1957.916 1965.948 1973.981 1982.013 1986.064 1989.534 1993.004 1996.474 1998.901 1999.087 1999.272 1999.457 1999.643 1999.669 1999.645 1999.622 1999.598 1999.562 1999.479 1999.396 1999.312 1999.229 1998.893 1998.422 1997.95 1997.479 1996.724 1993.318 1989.913 1986.507 1983.101 1978.791 1973.715 1968.64 1963.564 1958.488 1954.363 1950.252 1946.141 1942.03 1937.054 1930.938 1924.82 1918.703 1912.586 1903.043 1893.013 1882.982 1872.952 1862.35 1850.535 1838.72 1826.905 1815.09
1902.922 1905.805 1908.689 1911.573 1918.443 1925.38 1932.318 1939.255 1946.672 1954.731 1962.791 1970.85 1978.909 1983.37 1987.306 1991.243 1995.179 1997.998 1998.413 1998.829 1999.245 1999.661 1999.677 1999.567 1999.458 1999.349 1999.127 1998.476 1997.824 1997.173 1996.521 1995.565 1994.445 1993.325 1992.205 1990.816 1986.912 1983.008 1979.104 1975.199 1970.704 1965.709 1960.713 1955.718 1950.723 1946.726 1942.743 1938.761 1934.778 1929.77 1923.406 1917.043 1910.679 1904.315 1894.648 1884.51 1874.373 1864.235 1854.003 1843.571 1833.139 1822.707 1812.275
1902.868 1905.527 1908.186 1910.845 1917.173 1923.563 1929.954 1936.345 1943.461 1951.547 1959.633 1967.719 1975.805 1980.676 1985.079 1989.481 1993.884 1997.094 1997.741 1998.387 1999.033 1999.68 1999.685 1999.49 1999.294 1999.099 1998.692 1997.472 1996.253 1995.033 1993.814 1992.236 1990.468 1988.7 1986.931 1984.909 1980.506 1976.103 1971.7 1967.298 1962.618 1957.703 1952.787 1947.872 1942.957 1939.089 1935.235 1931.381 1927.527 1922.486 1915.876 1909.265 1902.655 1896.045 1886.253 1876.008 1865.763 1855.519 1845.657 1836.607 1827.558 1818.509 1809.459
1902.815 1905.249 1907.682 1910.116 1915.903 1921.747 1927.591 1933.435 1940.25 1948.362 1956.475 1964.588 1972.7 1977.982 1982.851 1987.72 1992.589 1996.191 1997.068 1997.944 1998.821 1999.698 1999.693 1999.412 1999.131 1998.85 1998.257 1996.469 1994.682 1992.894 1991.106 1988.908 1986.491 1984.075 1981.658 1979.001 1974.1 1969.198 1964.297 1959.396 1954.531 1949.696 1944.862 1940.027 1935.192 1931.452 1927.726 1924.001 1920.276 1915.201 1908.345 1901.488 1894.631 1887.775 1877.858 1867.506 1857.154 1846.802 1837.31 1829.644 1821.977 1814.311 1806.644
1902.762 1904.97 1907.179 1909.387 1914.633 1919.93 1925.227 1930.524 1937.038 1945.178 1953.317 1961.457 1969.596 1975.288 1980.624 1985.959 1991.294 1995.287 1996.395 1997.502 1998.609 1999.717 1999.7 1999.334 1998.967 1998.6 1997.822 1995.466 1993.11 1990.754 1988.399 1985.58 1982.515 1979.449 1976.384 1973.093 1967.693 1962.294 1956.894 1951.494 1946.444 1941.69 1936.935 1932.181 1927.427 1923.814 1920.218 1916.621 1913.024 1907.917 1900.814 1893.71 1886.607 1879.504 1869.462 1859.003 1848.544 1838.085 1828.964 1822.68 1816.396 1810.112 1803.829
1902.186 1904.014 1905.842 1907.67 1912.483 1917.346 1922.209 1927.072 1933.638 1942.48 1951.323 1960.165 1969.007 1974.904 1980.371 1985.839 1991.307 1995.384 1996.473 1997.563 1998.652 1999.741 1999.43 1998.682 1997.935 1997.187 1995.851 1992.259 1988.667 1985.075 1981.483 1977.687 1973.783 1969.878 1965.974 1961.967 1956.997 1952.027 1947.057 1942.087 1937.376 1932.885 1928.394 1923.903 1919.411 1915.661 1911.921 1908.181 1904.441 1899.093 1891.619 1884.145 1876.67 1869.196 1859.821 1850.175 1840.529 1830.883 1822.726 1817.729 1812.731 1807.733 1802.735
1901.412 1902.801 1904.189 1905.578 1909.998 1914.47 1918.942 1923.414 1930.167 1939.968 1949.77 1959.571 1969.373 1975.397 1980.87 1986.343 1991.816 1995.861 1996.838 1997.814 1998.791 1999.768 1999.054 1997.813 1996.573 1995.332 1993.296 1988.214 1983.132 1978.05 1972.967 1968.059 1963.243 1958.428 1953.612 1948.857 1944.67 1940.483 1936.295 1932.108 1927.936 1923.777 1919.618 1915.459 1911.3 1907.311 1903.325 1899.339 1895.352 1889.683 1881.791 1873.899 1866.006 1858.114 1849.705 1841.222 1832.74 1824.257 1817.291 1813.542 1809.793 1806.044 1802.295
1900.638 1901.587 1902.536 1903.485 1907.513 1911.594 1915.675 1919.755 1926.695 1937.456 1948.217 1958.978 1969.739 1975.89 1981.368 1986.846 1992.325 1996.338 1997.202 1998.066 1998.93 1999.795 1998.678 1996.944 1995.211 1993.477 1990.741 1984.169 1977.597 1971.025 1964.452 1958.431 1952.704 1946.978 1941.251 1935.748 1932.343 1928.939 1925.534 1922.129 1918.496 1914.669 1910.843 1907.016 1903.189 1898.962 1894.729 1890.496 1886.263 1880.274 1871.963 1863.653 1855.343 1847.032 1839.59 1832.27 1824.951 1817.631 1811.855 1809.355 1806.855 1804.355 1801.855
1899.864 1900.374 1900.883 1901.393 1905.029 1908.718 1912.407 1916.097 1923.224 1934.944 1946.664 1958.385 1970.105 1976.383 1981.866 1987.35 1992.834 1996.815 1997.567 1998.318 1999.07 1999.821 1998.302 1996.075 1993.849 1991.622 1988.187 1980.124 1972.062 1963.999 1955.937 1948.803 1942.165 1935.527 1928.889 1922.639 1920.016 1917.394 1914.772 1912.15 1909.056 1905.561 1902.067 1898.573 1895.078 1890.613 1886.133 1881.654 1877.174 1870.864 1862.136 1853.407 1844.679 1835.95 1829.474 1823.318 1817.161 1811.005 1806.42 1805.169 1803.917 1802.666 1801.415
1899.234 1899.386 1899.538 1899.69 1903.029 1906.423 1909.818 1913.211 1920.487 1932.95 1945.412 1957.875 1970.338 1976.73 1982.238 1987.746 1993.254 1997.221 1997.877 1998.533 1999.188 1999.844 1998.026 1995.436 1992.847 1990.257 1986.29 1977.047 1967.804 1958.561 1949.318 1941.252 1933.813 1926.375 1918.937 1912.017 1909.95 1907.883 1905.816 1903.749 1901.006 1897.691 1894.376 1891.062 1887.747 1882.958 1878.148 1873.338 1868.528 1861.919 1852.935 1843.951 1834.967 1825.982 1820.46 1815.429 1810.399 1805.368 1801.917 1801.818 1801.719 1801.619 1801.52
1899.283 1899.467 1899.651 1899.836 1903.334 1906.889 1910.444 1913.999 1921.242 1933.415 1945.589 1957.762 1969.935 1976.389 1982.01 1987.63 1993.25 1997.289 1997.929 1998.568 1999.208 1999.848 1998.222 1995.89 1993.558 1991.225 1987.522 1978.569 1969.615 1960.662 1951.708 1943.564 1935.852 1928.141 1920.429 1913.212 1910.619 1908.027 1905.434 1902.842 1899.563 1895.701 1891.839 1887.978 1884.116 1878.601 1873.062 1867.523 1861.984 1855.182 1846.713 1838.243 1829.773 1821.303 1816.676 1812.594 1808.512 1804.43 1801.846 1802.438 1803.03 1803.622 1804.214
1899.333 1899.549 1899.765 1899.982 1903.639 1907.354 1911.07 1914.786 1921.997 1933.881 1945.765 1957.649 1969.532 1976.048 1981.781 1987.514 1993.247 1997.357 1997.981 1998.604 1999.228 1999.852 1998.418 1996.343 1994.268 1992.193 1988.754 1980.09 1971.426 1962.762 1954.098 1945.876 1937.891 1929.906 1921.921 1914.406 1911.289 1908.171 1905.053 1901.935 1898.119 1893.711 1889.303 1884.894 1880.486 1874.244 1867.976 1861.708 1855.44 1848.445 1840.49 1832.535 1824.58 1816.625 1812.892 1809.759 1806.626 1803.493 1801.774 1803.058 1804.342 1805.625 1806.909
1899.382 1899.631 1899.879 1900.127 1903.943 1907.82 1911.696 1915.573 1922.752 1934.347 1945.941 1957.535 1969.13 1975.707 1981.552 1987.398 1993.243 1997.425 1998.033 1998.641 1999.248 1999.856 1998.614 1996.797 1994.979 1993.161 1989.986 1981.611 1973.237 1964.862 1956.488 1948.189 1939.93 1931.672 1923.414 1915.601 1911.958 1908.315 1904.672 1901.029 1896.676 1891.721 1886.766 1881.811 1876.856 1869.887 1862.89 1855.894 1848.897 1841.708 1834.268 1826.827 1819.387 1811.946 1809.108 1806.923 1804.739 1802.555 1801.703 1803.678 1805.653 1807.628 1809.603
1899.432 1899.712 1899.993 1900.273 1904.248 1908.285 1912.322 1916.36 1923.508 1934.813 1946.117 1957.422 1968.727 1975.365 1981.323 1987.281 1993.24 1997.494 1998.085 1998.676 1999.268 1999.859 1998.811 1997.25 1995.69 1994.129 1991.218 1983.133 1975.048 1966.963 1958.877 1950.501 1941.969 1933.438 1924.906 1916.795 1912.627 1908.459 1904.291 1900.122 1895.232 1889.731 1884.229 1878.727 1873.225 1865.53 1857.804 1850.079 1842.353 1834.971 1828.046 1821.119 1814.193 1807.267 1805.324 1804.088 1802.853 1801.617 1801.631 1804.298 1806.964 1809.631 1812.297
1899.45 1899.743 1900.036 1900.328 1904.333 1908.401 1912.469 1916.536 1923.578 1934.593 1945.609 1956.624 1967.64 1974.354 1980.441 1986.529 1992.616 1996.979 1997.638 1998.297 1998.956 1999.615 1998.817 1997.564 1996.311 1995.057 1992.544 1985.202 1977.861 1970.52 1963.178 1955.057 1946.519 1937.981 1929.443 1921.286 1916.689 1912.092 1907.496 1902.899 1897.677 1891.926 1886.175 1880.424 1874.673 1866.312 1857.914 1849.516 1841.118 1833.336 1826.37 1819.405 1812.439 1805.473 1804.191 1803.717 1803.243 1802.769 1803.635 1807.344 1811.052 1814.761 1818.469
1899.45 1899.743 1900.036 1900.328 1904.286 1908.305 1912.325 1916.344 1923.234 1933.96 1944.687 1955.412 1966.138 1972.938 1979.164 1985.391 1991.617 1996.114 1996.89 1997.667 1998.444 1999.221 1998.708 1997.792 1996.877 1995.962 1993.927 1987.604 1981.281 1974.958 1968.634 1960.969 1952.587 1944.204 1935.822 1927.769 1922.803 1917.836 1912.87 1907.903 1902.474 1896.653 1890.832 1885.012 1879.191 1870.2 1861.164 1852.128 1843.092 1834.786 1827.445 1820.104 1812.763 1805.422 1804.661 1804.836 1805.01 1805.185 1806.893 1811.856 1816.819 1821.782 1826.745
1899.45 1899.743 1900.036 1900.328 1904.238 1908.21 1912.181 1916.152 1922.891 1933.327 1943.764 1954.2 1964.637 1971.521 1977.887 1984.253 1990.619 1995.248 1996.142 1997.037 1997.932 1998.827 1998.599 1998.021 1997.443 1996.866 1995.309 1990.005 1984.7 1979.395 1974.091 1966.881 1958.654 1950.427 1942.2 1934.252 1928.916 1923.58 1918.243 1912.907 1907.271 1901.38 1895.49 1889.599 1883.709 1874.088 1864.414 1854.74 1845.067 1836.236 1828.52 1820.803 1813.087 1805.371 1805.131 1805.954 1806.777 1807.601 1810.151 1816.369 1822.586 1828.803 1835.02
