data/zism_data/00941_01_D.txt
ncols         224
nrows         224
[rows 56 to 83 of 224, columns 0 to 62 of 224]
3268.444 3267.011 3265.577 3264.144 3259.08 3253.962 3248.845 3243.728 3237.76 3230.685 3223.611 3216.536 3209.462 3204.598 3200.024 3195.451 3190.877 3188.288 3189.668 3191.048 3192.427 3193.807 3190.975 3186.973 3182.97 3178.968 3174.096 3166.344 3158.592 3150.84 3143.087 3136.281 3129.917 3123.553 3117.19 3111.343 3108.938 3106.533 3104.129 3101.724 3100.623 3100.466 3100.309 3100.152 3100.161 3105.73 3111.299 3116.867 3122.436 3131.582 3144.631 3157.68 3170.729 3183.778 3204.889 3226.629 3248.369 3270.11 3293.283 3318.826 3344.368 3369.911 3395.454
3258.663 3257.315 3255.968 3254.62 3249.314 3243.95 3238.586 3233.222 3226.988 3219.624 3212.26 3204.895 3197.531 3192.226 3187.191 3182.156 3177.121 3174.006 3174.731 3175.456 3176.182 3176.907 3173.979 3170.035 3166.092 3162.148 3157.508 3150.561 3143.614 3136.667 3129.719 3124.365 3119.755 3115.146 3110.537 3106.349 3104.975 3103.6 3102.226 3100.852 3100.239 3100.179 3100.119 3100.058 3100.185 3106.58 3112.975 3119.37 3125.765 3135.403 3148.581 3161.759 3174.937 3188.115 3209.857 3232.268 3254.679 3277.09 3300.697 3326.283 3351.869 3377.454 3403.04
3248.31 3246.982 3245.653 3244.325 3238.892 3233.398 3227.904 3222.41 3215.958 3208.26 3200.561 3192.863 3185.165 3179.611 3174.339 3169.067 3163.795 3160.377 3160.668 3160.959 3161.25 3161.542 3158.753 3155.109 3151.466 3147.822 3143.632 3137.635 3131.638 3125.641 3119.645 3115.536 3112.311 3109.086 3105.861 3102.97 3102.298 3101.626 3100.954 3100.282 3100.0 3100.0 3100.0 3100.0 3100.203 3107.204 3114.204 3121.205 3128.206 3138.347 3151.914 3165.482 3179.049 3192.617 3214.668 3237.382 3260.095 3282.809 3306.504 3331.824 3357.143 3382.462 3407.782
3237.012 3235.592 3234.172 3232.753 3227.382 3221.952 3216.523 3211.094 3204.5 3196.394 3188.288 3180.182 3172.076 3166.594 3161.456 3156.318 3151.18 3147.828 3148.05 3148.271 3148.492 3148.714 3146.456 3143.51 3140.563 3137.617 3134.24 3129.434 3124.628 3119.822 3115.016 3111.814 3109.362 3106.909 3104.457 3102.258 3101.747 3101.236 3100.726 3100.215 3100.0 3100.0 3100.0 3100.0 3100.21 3107.452 3114.694 3121.936 3129.178 3139.838 3154.227 3168.615 3183.003 3197.392 3219.219 3241.626 3264.034 3286.442 3309.654 3334.195 3358.737 3383.278 3407.819
3225.714 3224.203 3222.692 3221.181 3215.872 3210.507 3205.142 3199.777 3193.043 3184.529 3176.015 3167.501 3158.988 3153.577 3148.573 3143.569 3138.565 3135.28 3135.431 3135.583 3135.735 3135.886 3134.159 3131.91 3129.662 3127.413 3124.847 3121.233 3117.618 3114.003 3110.388 3108.092 3106.412 3104.732 3103.053 3101.547 3101.197 3100.847 3100.497 3100.147 3100.0 3100.0 3100.0 3100.0 3100.217 3107.7 3115.184 3122.667 3130.151 3141.33 3156.539 3171.748 3186.958 3202.167 3223.769 3245.871 3267.973 3290.076 3312.803 3336.567 3360.33 3384.094 3407.857
3214.416 3212.813 3211.211 3209.61 3204.363 3199.062 3193.761 3188.461 3181.586 3172.664 3163.742 3154.821 3145.899 3140.56 3135.69 3130.82 3125.95 3122.731 3122.813 3122.895 3122.977 3123.059 3121.863 3120.311 3118.76 3117.209 3115.455 3113.031 3110.608 3108.184 3105.76 3104.369 3103.462 3102.555 3101.648 3100.835 3100.646 3100.457 3100.268 3100.079 3100.0 3100.0 3100.0 3100.0 3100.224 3107.949 3115.674 3123.399 3131.124 3142.821 3158.851 3174.881 3190.911 3206.941 3228.32 3250.116 3271.912 3293.709 3315.953 3338.938 3361.924 3384.909 3407.895
3203.117 3201.424 3199.731 3198.037 3192.853 3187.616 3182.38 3177.144 3170.128 3160.799 3151.469 3142.14 3132.811 3127.542 3122.807 3118.071 3113.335 3110.182 3110.194 3110.207 3110.219 3110.231 3109.565 3108.711 3107.858 3107.004 3106.063 3104.83 3103.597 3102.365 3101.132 3100.647 3100.513 3100.379 3100.244 3100.124 3100.096 3100.068 3100.04 3100.012 3100.0 3100.0 3100.0 3100.0 3100.231 3108.197 3116.164 3124.13 3132.097 3144.312 3161.163 3178.014 3194.865 3211.716 3232.871 3254.361 3275.852 3297.342 3319.103 3341.31 3363.517 3385.725 3407.932
3195.142 3193.078 3191.014 3188.951 3183.697 3178.397 3173.096 3167.796 3160.981 3152.197 3143.412 3134.628 3125.844 3121.275 3117.258 3113.242 3109.225 3106.548 3106.548 3106.548 3106.548 3106.548 3106.079 3105.479 3104.88 3104.28 3103.625 3102.786 3101.946 3101.107 3100.268 3100.0 3100.0 3100.0 3100.0 3100.0 3100.0 3100.0 3100.0 3100.0 3100.069 3100.189 3100.309 3100.428 3100.782 3108.972 3117.162 3125.352 3133.542 3146.217 3163.782 3181.348 3198.913 3216.479 3238.922 3261.747 3284.571 3307.396 3329.735 3351.271 3372.806 3394.342 3415.878
3187.865 3185.372 3182.879 3180.386 3175.037 3169.645 3164.254 3158.862 3152.32 3144.281 3136.243 3128.205 3120.166 3116.428 3113.254 3110.08 3106.906 3104.79 3104.79 3104.79 3104.79 3104.79 3104.447 3104.008 3103.57 3103.131 3102.652 3102.038 3101.424 3100.81 3100.196 3100.0 3100.0 3100.0 3100.0 3100.0 3100.0 3100.0 3100.0 3100.0 3100.153 3100.418 3100.682 3100.947 3101.448 3109.858 3118.268 3126.678 3135.088 3148.208 3166.466 3184.723 3202.981 3221.239 3245.29 3269.794 3294.298 3318.802 3341.942 3362.829 3383.716 3404.602 3425.489
3180.589 3177.667 3174.745 3171.823 3166.377 3160.894 3155.412 3149.929 3143.659 3136.366 3129.074 3121.781 3114.489 3111.582 3109.25 3106.918 3104.586 3103.032 3103.032 3103.032 3103.032 3103.032 3102.815 3102.537 3102.26 3101.982 3101.678 3101.29 3100.901 3100.512 3100.124 3100.0 3100.0 3100.0 3100.0 3100.0 3100.0 3100.0 3100.0 3100.0 3100.237 3100.647 3101.056 3101.466 3102.113 3110.743 3119.373 3128.003 3136.634 3150.199 3169.149 3188.099 3207.049 3225.999 3251.658 3277.841 3304.024 3330.207 3354.15 3374.387 3394.625 3414.862 3435.1
3173.313 3169.961 3166.61 3163.259 3157.717 3152.143 3146.569 3140.995 3134.998 3128.451 3121.904 3115.357 3108.811 3106.735 3105.246 3103.756 3102.267 3101.274 3101.274 3101.274 3101.274 3101.274 3101.183 3101.066 3100.949 3100.833 3100.705 3100.542 3100.379 3100.215 3100.052 3100.0 3100.0 3100.0 3100.0 3100.0 3100.0 3100.0 3100.0 3100.0 3100.321 3100.875 3101.43 3101.984 3102.779 3111.629 3120.479 3129.329 3138.179 3152.19 3171.833 3191.475 3211.117 3230.759 3258.025 3285.888 3313.751 3341.613 3366.358 3385.946 3405.534 3425.122 3444.71
3167.136 3163.406 3159.675 3155.945 3150.309 3144.645 3138.981 3133.318 3127.6 3121.81 3116.021 3110.232 3104.443 3103.039 3102.21 3101.381 3100.552 3100.035 3100.142 3100.248 3100.354 3100.461 3100.463 3100.437 3100.41 3100.384 3100.344 3100.265 3100.185 3100.105 3100.025 3100.0 3100.0 3100.0 3100.0 3100.0 3100.0 3100.0 3100.0 3100.0 3100.444 3101.209 3101.975 3102.741 3103.753 3113.039 3122.325 3131.61 3140.896 3155.346 3175.429 3195.512 3215.595 3235.678 3264.041 3293.051 3322.061 3351.071 3376.358 3395.49 3414.621 3433.751 3452.883
3163.851 3159.874 3155.897 3151.92 3146.196 3140.446 3134.697 3128.947 3123.523 3118.522 3113.522 3108.521 3103.521 3102.37 3101.724 3101.077 3100.431 3100.164 3100.657 3101.15 3101.642 3102.135 3102.146 3102.022 3101.899 3101.776 3101.596 3101.226 3100.857 3100.487 3100.118 3100.0 3100.0 3100.0 3100.0 3100.0 3100.0 3100.0 3100.0 3100.0 3100.668 3101.82 3102.972 3104.124 3105.54 3115.829 3126.118 3136.407 3146.697 3161.564 3181.427 3201.291 3221.154 3241.017 3269.13 3297.888 3326.646 3355.404 3380.552 3399.731 3418.911 3438.09 3457.269
3160.566 3156.343 3152.118 3147.895 3142.083 3136.247 3130.412 3124.576 3119.447 3115.235 3111.023 3106.811 3102.599 3101.701 3101.237 3100.773 3100.309 3100.293 3101.172 3102.051 3102.93 3103.809 3103.828 3103.608 3103.388 3103.169 3102.847 3102.188 3101.529 3100.869 3100.21 3100.0 3100.0 3100.0 3100.0 3100.0 3100.0 3100.0 3100.0 3100.0 3100.892 3102.43 3103.968 3105.506 3107.327 3118.62 3129.912 3141.204 3152.497 3167.783 3187.426 3207.069 3226.712 3246.355 3274.219 3302.724 3331.23 3359.736 3384.745 3403.973 3423.2 3442.428 3461.656
3157.282 3152.811 3148.34 3143.87 3137.969 3132.048 3126.127 3120.206 3115.37 3111.947 3108.524 3105.101 3101.678 3101.032 3100.751 3100.469 3100.188 3100.422 3101.687 3102.952 3104.218 3105.483 3105.51 3105.194 3104.878 3104.562 3104.098 3103.149 3102.2 3101.251 3100.302 3100.0 3100.0 3100.0 3100.0 3100.0 3100.0 3100.0 3100.0 3100.0 3101.116 3103.04 3104.965 3106.889 3109.114 3121.41 3133.706 3146.001 3158.297 3174.001 3193.425 3212.848 3232.271 3251.694 3279.307 3307.561 3335.814 3364.068 3388.938 3408.214 3427.49 3446.766 3466.042
3153.997 3149.28 3144.562 3139.844 3133.856 3127.849 3121.842 3115.835 3111.294 3108.659 3106.025 3103.391 3100.756 3100.363 3100.264 3100.165 3100.066 3100.551 3102.202 3103.854 3105.505 3107.157 3107.193 3106.78 3106.367 3105.954 3105.35 3104.111 3102.872 3101.634 3100.395 3100.0 3100.0 3100.0 3100.0 3100.0 3100.0 3100.0 3100.0 3100.0 3101.34 3103.65 3105.961 3108.272 3110.901 3124.2 3137.5 3150.798 3164.097 3180.22 3199.423 3218.626 3237.829 3257.032 3284.396 3312.397 3340.399 3368.4 3393.132 3412.456 3431.78 3451.104 3470.429
3155.275 3150.505 3145.735 3140.965 3134.972 3128.96 3122.949 3116.938 3112.482 3110.05 3107.617 3105.184 3102.751 3102.752 3103.073 3103.394 3103.714 3104.823 3107.51 3110.198 3112.885 3115.572 3115.462 3114.576 3113.689 3112.802 3111.599 3109.343 3107.088 3104.832 3102.577 3101.601 3101.224 3100.847 3100.469 3100.137 3100.106 3100.075 3100.044 3100.013 3101.422 3103.874 3106.326 3108.778 3111.562 3125.472 3139.382 3153.291 3167.201 3183.617 3202.767 3221.917 3241.068 3260.218 3287.164 3314.719 3342.273 3369.828 3394.396 3414.025 3433.655 3453.284 3472.913
3158.287 3153.538 3148.79 3144.041 3138.075 3132.09 3126.106 3120.121 3115.672 3113.217 3110.763 3108.309 3105.854 3106.304 3107.134 3107.964 3108.795 3110.671 3114.641 3118.61 3122.58 3126.549 3126.235 3124.732 3123.228 3121.725 3119.747 3116.198 3112.65 3109.101 3105.553 3103.81 3102.912 3102.015 3101.117 3100.327 3100.253 3100.179 3100.105 3100.031 3101.449 3103.95 3106.45 3108.951 3111.795 3126.167 3140.538 3154.909 3169.28 3185.942 3205.103 3224.264 3243.425 3262.586 3289.049 3316.084 3343.118 3370.153 3394.548 3414.58 3434.611 3454.643 3474.674
3161.298 3156.571 3151.844 3147.117 3141.177 3135.22 3129.262 3123.304 3118.861 3116.385 3113.909 3111.434 3108.958 3109.855 3111.195 3112.535 3113.875 3116.519 3121.771 3127.023 3132.274 3137.526 3137.008 3134.887 3132.767 3130.646 3127.895 3123.053 3118.212 3113.37 3108.529 3106.019 3104.601 3103.183 3101.765 3100.517 3100.4 3100.283 3100.166 3100.049 3101.478 3104.026 3106.575 3109.124 3112.029 3126.861 3141.694 3156.526 3171.358 3188.266 3207.438 3226.61 3245.781 3264.953 3290.935 3317.449 3343.963 3370.477 3394.7 3415.134 3435.567 3456.001 3476.435
3164.31 3159.604 3154.899 3150.193 3144.28 3138.349 3132.419 3126.488 3122.05 3119.553 3117.056 3114.558 3112.061 3113.407 3115.257 3117.106 3118.956 3122.367 3128.901 3135.435 3141.969 3148.503 3147.781 3145.044 3142.306 3139.568 3136.043 3129.908 3123.774 3117.639 3111.505 3108.228 3106.29 3104.352 3102.413 3100.707 3100.547 3100.387 3100.227 3100.067 3101.506 3104.103 3106.7 3109.297 3112.262 3127.556 3142.85 3158.143 3173.437 3190.591 3209.773 3228.956 3248.138 3267.321 3292.821 3318.814 3344.808 3370.801 3394.851 3415.688 3436.524 3457.36 3478.197
3168.227 3163.64 3159.052 3154.465 3148.638 3142.793 3136.948 3131.103 3126.665 3124.055 3121.446 3118.837 3116.228 3117.997 3120.341 3122.684 3125.028 3129.094 3136.608 3144.121 3151.634 3159.147 3158.24 3154.993 3151.747 3148.5 3144.312 3137.004 3129.696 3122.387 3115.079 3110.988 3108.402 3105.816 3103.231 3100.954 3100.738 3100.522 3100.307 3100.091 3101.529 3104.166 3106.802 3109.439 3112.454 3128.129 3143.804 3159.479 3175.155 3192.511 3211.703 3230.894 3250.085 3269.276 3294.378 3319.942 3345.506 3371.069 3394.977 3416.145 3437.314 3458.483 3479.651
3176.442 3172.434 3168.427 3164.419 3158.96 3153.48 3147.999 3142.519 3138.051 3134.9 3131.749 3128.598 3125.447 3127.523 3130.286 3133.048 3135.81 3140.001 3147.053 3154.105 3161.156 3168.208 3167.205 3163.964 3160.723 3157.481 3153.157 3145.242 3137.328 3129.413 3121.499 3116.363 3112.527 3108.691 3104.855 3101.476 3101.142 3100.808 3100.474 3100.14 3101.529 3104.166 3106.802 3109.439 3112.454 3128.129 3143.804 3159.479 3175.155 3192.511 3211.703 3230.894 3250.085 3269.276 3294.378 3319.942 3345.506 3371.069 3394.977 3416.145 3437.314 3458.483 3479.651
3184.657 3181.229 3177.801 3174.372 3169.281 3164.166 3159.05 3153.935 3149.438 3145.745 3142.052 3138.359 3134.666 3137.05 3140.23 3143.41 3146.591 3150.908 3157.498 3164.089 3170.679 3177.269 3176.17 3172.934 3169.698 3166.462 3162.001 3153.48 3144.96 3136.439 3127.918 3121.737 3116.651 3111.565 3106.479 3101.998 3101.546 3101.094 3100.642 3100.19 3101.529 3104.166 3106.802 3109.439 3112.454 3128.129 3143.804 3159.479 3175.155 3192.511 3211.703 3230.894 3250.085 3269.276 3294.378 3319.942 3345.506 3371.069 3394.977 3416.145 3437.314 3458.483 3479.651
3192.872 3190.023 3187.174 3184.326 3179.603 3174.852 3170.101 3165.35 3160.824 3156.589 3152.354 3148.119 3143.885 3146.575 3150.174 3153.773 3157.372 3161.814 3167.943 3174.072 3180.201 3186.33 3185.135 3181.904 3178.674 3175.443 3170.846 3161.719 3152.592 3143.465 3134.338 3127.112 3120.776 3114.44 3108.104 3102.52 3101.949 3101.38 3100.81 3100.24 3101.529 3104.166 3106.802 3109.439 3112.454 3128.129 3143.804 3159.479 3175.155 3192.511 3211.703 3230.894 3250.085 3269.276 3294.378 3319.942 3345.506 3371.069 3394.977 3416.145 3437.314 3458.483 3479.651
3201.087 3198.818 3196.549 3194.279 3189.924 3185.538 3181.152 3176.766 3172.211 3167.434 3162.657 3157.88 3153.104 3156.102 3160.119 3164.136 3168.154 3172.721 3178.389 3184.056 3189.724 3195.391 3194.1 3190.875 3187.649 3184.425 3179.69 3169.957 3160.224 3150.49 3140.757 3132.487 3124.9 3117.314 3109.728 3103.041 3102.353 3101.665 3100.977 3100.289 3101.529 3104.166 3106.802 3109.439 3112.454 3128.129 3143.804 3159.479 3175.155 3192.511 3211.703 3230.894 3250.085 3269.276 3294.378 3319.942 3345.506 3371.069 3394.977 3416.145 3437.314 3458.483 3479.651
3210.366 3208.111 3205.856 3203.602 3199.379 3195.127 3190.875 3186.624 3182.013 3176.935 3171.857 3166.779 3161.701 3164.449 3168.223 3171.997 3175.771 3180.002 3185.148 3190.294 3195.439 3200.585 3199.305 3196.239 3193.173 3190.107 3185.417 3175.345 3165.273 3155.2 3145.129 3136.169 3127.731 3119.292 3110.854 3103.418 3102.665 3101.913 3101.16 3100.408 3101.701 3104.479 3107.256 3110.033 3113.183 3128.791 3144.399 3160.007 3175.615 3193.03 3212.415 3231.801 3251.186 3270.571 3295.681 3321.238 3346.794 3372.352 3396.169 3417.11 3438.052 3458.993 3479.934
3220.289 3217.707 3215.125 3212.543 3208.31 3204.053 3199.796 3195.539 3190.857 3185.624 3180.39 3175.157 3169.923 3172.084 3175.214 3178.344 3181.474 3185.09 3189.678 3194.266 3198.854 3203.441 3202.237 3199.423 3196.609 3193.796 3189.258 3179.009 3168.76 3158.51 3148.261 3138.829 3129.779 3120.729 3111.679 3103.707 3102.922 3102.137 3101.352 3100.568 3101.979 3104.981 3107.984 3110.987 3114.352 3129.853 3145.354 3160.854 3176.355 3193.863 3213.559 3233.255 3252.952 3272.648 3297.771 3323.317 3348.863 3374.409 3398.083 3418.659 3439.236 3459.812 3480.388
3230.212 3227.303 3224.393 3221.484 3217.241 3212.979 3208.716 3204.454 3199.701 3194.312 3188.923 3183.534 3178.145 3179.718 3182.204 3184.691 3187.177 3190.178 3194.208 3198.238 3202.267 3206.297 3205.169 3202.607 3200.046 3197.484 3193.099 3182.673 3172.247 3161.821 3151.394 3141.489 3131.827 3122.165 3112.503 3103.995 3103.178 3102.362 3101.545 3100.728 3102.256 3105.484 3108.712 3111.94 3115.521 3130.914 3146.308 3161.701 3177.095 3194.695 3214.703 3234.71 3254.718 3274.726 3299.86 3325.396 3350.931 3376.467 3399.996 3420.208 3440.419 3460.631 3480.843
