data/zism_data/00948_01_D.txt
ncols         224
nrows         224
[rows 84 to 111 of 224, columns 0 to 62 of 224]
4771.475 4772.942 4774.016 4775.09 4776.165 4777.239 4778.014 4778.715 4779.417 4780.118 4780.664 4780.558 4780.452 4780.346 4780.24 4779.646 4778.7 4777.755 4776.81 4775.865 4774.401 4772.923 4771.444 4769.966 4768.475 4766.963 4765.451 4763.939 4762.427 4760.857 4759.268 4757.678 4756.089 4754.534 4753.19 4751.846 4750.501 4749.157 4748.219 4747.635 4747.051 4746.468 4745.884 4745.546 4745.229 4744.911 4744.593 4744.523 4744.995 4745.468 4745.94 4746.413 4746.832 4747.227 4747.622 4748.017 4748.413 4748.818 4749.224 4749.629 4750.034 4750.405 4750.738
4769.39 4770.902 4772.019 4773.136 4774.252 4775.369 4776.166 4776.882 4777.6 4778.317 4778.874 4778.757 4778.641 4778.524 4778.407 4777.821 4776.897 4775.973 4775.049 4774.125 4772.719 4771.299 4769.879 4768.459 4767.023 4765.559 4764.095 4762.63 4761.167 4759.66 4758.14 4756.619 4755.099 4753.618 4752.375 4751.131 4749.888 4748.645 4747.765 4747.202 4746.64 4746.078 4745.515 4745.149 4744.8 4744.45 4744.101 4744.005 4744.467 4744.929 4745.391 4745.853 4746.275 4746.681 4747.087 4747.493 4747.895 4748.269 4748.643 4749.016 4749.39 4749.728 4750.029
4767.688 4769.224 4770.374 4771.523 4772.672 4773.822 4774.61 4775.311 4776.01 4776.71 4777.254 4777.14 4777.026 4776.912 4776.798 4776.237 4775.354 4774.471 4773.588 4772.706 4771.318 4769.917 4768.516 4767.115 4765.69 4764.224 4762.758 4761.292 4759.826 4758.371 4756.92 4755.469 4754.017 4752.61 4751.472 4750.333 4749.193 4748.054 4747.222 4746.657 4746.093 4745.529 4744.965 4744.606 4744.264 4743.922 4743.581 4743.484 4743.926 4744.367 4744.809 4745.25 4745.674 4746.09 4746.506 4746.923 4747.332 4747.674 4748.016 4748.357 4748.699 4749.015 4749.305
4766.218 4767.766 4768.941 4770.118 4771.293 4772.469 4773.234 4773.896 4774.559 4775.222 4775.737 4775.634 4775.531 4775.427 4775.324 4774.798 4773.968 4773.139 4772.309 4771.479 4770.089 4768.682 4767.275 4765.869 4764.429 4762.931 4761.434 4759.936 4758.438 4757.027 4755.645 4754.263 4752.88 4751.548 4750.515 4749.482 4748.45 4747.417 4746.625 4746.045 4745.465 4744.885 4744.305 4743.974 4743.664 4743.354 4743.044 4742.961 4743.376 4743.792 4744.206 4744.621 4745.044 4745.471 4745.898 4746.325 4746.741 4747.051 4747.361 4747.671 4747.98 4748.28 4748.57
4764.749 4766.307 4767.509 4768.712 4769.915 4771.117 4771.856 4772.482 4773.108 4773.733 4774.221 4774.128 4774.036 4773.943 4773.85 4773.359 4772.583 4771.806 4771.03 4770.253 4768.859 4767.447 4766.035 4764.623 4763.168 4761.639 4760.109 4758.579 4757.049 4755.683 4754.37 4753.056 4751.743 4750.485 4749.559 4748.632 4747.706 4746.779 4746.029 4745.433 4744.837 4744.241 4743.645 4743.342 4743.064 4742.786 4742.508 4742.439 4742.827 4743.215 4743.604 4743.992 4744.415 4744.853 4745.29 4745.728 4746.15 4746.428 4746.707 4746.984 4747.262 4747.545 4747.835
4763.279 4764.848 4766.077 4767.307 4768.536 4769.765 4770.48 4771.068 4771.656 4772.245 4772.704 4772.622 4772.54 4772.458 4772.376 4771.92 4771.197 4770.474 4769.75 4769.027 4767.629 4766.212 4764.794 4763.377 4761.908 4760.346 4758.784 4757.223 4755.661 4754.338 4753.094 4751.85 4750.606 4749.423 4748.603 4747.782 4746.962 4746.142 4745.433 4744.821 4744.208 4743.597 4742.984 4742.71 4742.464 4742.218 4741.972 4741.917 4742.278 4742.64 4743.001 4743.363 4743.786 4744.234 4744.682 4745.13 4745.56 4745.806 4746.052 4746.298 4746.544 4746.811 4747.1
4761.844 4763.42 4764.671 4765.923 4767.174 4768.426 4769.12 4769.676 4770.232 4770.788 4771.223 4771.146 4771.07 4770.994 4770.917 4770.492 4769.816 4769.14 4768.464 4767.789 4766.393 4764.978 4763.562 4762.146 4760.668 4759.08 4757.492 4755.904 4754.316 4753.04 4751.866 4750.693 4749.519 4748.41 4747.687 4746.963 4746.24 4745.518 4744.843 4744.212 4743.581 4742.949 4742.318 4742.069 4741.853 4741.636 4741.418 4741.375 4741.711 4742.048 4742.385 4742.721 4743.139 4743.591 4744.042 4744.495 4744.925 4745.147 4745.37 4745.592 4745.815 4746.071 4746.363
4760.77 4762.309 4763.539 4764.769 4766.0 4767.229 4767.937 4768.514 4769.091 4769.669 4770.111 4769.987 4769.863 4769.739 4769.614 4769.163 4768.476 4767.79 4767.104 4766.417 4765.094 4763.752 4762.411 4761.07 4759.651 4758.095 4756.539 4754.982 4753.426 4752.222 4751.134 4750.045 4748.957 4747.92 4747.197 4746.474 4745.75 4745.027 4744.325 4743.641 4742.956 4742.272 4741.587 4741.334 4741.118 4740.901 4740.684 4740.637 4740.963 4741.289 4741.615 4741.94 4742.306 4742.689 4743.072 4743.455 4743.829 4744.115 4744.401 4744.688 4744.974 4745.278 4745.602
4759.695 4761.198 4762.407 4763.616 4764.825 4766.034 4766.753 4767.352 4767.951 4768.549 4769.0 4768.828 4768.656 4768.484 4768.312 4767.834 4767.137 4766.44 4765.743 4765.046 4763.794 4762.528 4761.261 4759.994 4758.633 4757.109 4755.585 4754.061 4752.537 4751.404 4750.401 4749.397 4748.394 4747.43 4746.707 4745.984 4745.261 4744.538 4743.807 4743.069 4742.332 4741.594 4740.857 4740.6 4740.383 4740.166 4739.949 4739.898 4740.214 4740.529 4740.844 4741.16 4741.474 4741.788 4742.102 4742.415 4742.732 4743.083 4743.432 4743.782 4744.132 4744.485 4744.841
4758.622 4760.087 4761.274 4762.462 4763.65 4764.837 4765.57 4766.19 4766.81 4767.43 4767.889 4767.668 4767.449 4767.229 4767.009 4766.505 4765.797 4765.09 4764.382 4763.674 4762.495 4761.303 4760.11 4758.917 4757.616 4756.124 4754.632 4753.139 4751.647 4750.586 4749.668 4748.75 4747.831 4746.94 4746.217 4745.494 4744.771 4744.048 4743.289 4742.498 4741.708 4740.917 4740.126 4739.865 4739.648 4739.431 4739.214 4739.16 4739.465 4739.77 4740.074 4740.379 4740.642 4740.886 4741.131 4741.375 4741.636 4742.05 4742.463 4742.877 4743.291 4743.692 4744.08
4757.547 4758.976 4760.142 4761.309 4762.475 4763.642 4764.387 4765.028 4765.669 4766.311 4766.777 4766.509 4766.242 4765.974 4765.706 4765.176 4764.458 4763.74 4763.021 4762.303 4761.196 4760.078 4758.959 4757.841 4756.599 4755.139 4753.678 4752.218 4750.757 4749.769 4748.935 4748.102 4747.268 4746.45 4745.727 4745.004 4744.281 4743.558 4742.771 4741.927 4741.083 4740.239 4739.395 4739.13 4738.913 4738.696 4738.479 4738.422 4738.716 4739.01 4739.304 4739.599 4739.809 4739.985 4740.16 4740.336 4740.54 4741.017 4741.495 4741.972 4742.45 4742.899 4743.319
4756.485 4757.875 4759.043 4760.211 4761.38 4762.549 4763.302 4763.953 4764.604 4765.255 4765.723 4765.421 4765.121 4764.82 4764.519 4763.972 4763.249 4762.526 4761.803 4761.08 4760.011 4758.932 4757.853 4756.774 4755.583 4754.192 4752.801 4751.411 4750.02 4749.089 4748.308 4747.527 4746.747 4745.973 4745.244 4744.515 4743.786 4743.057 4742.254 4741.387 4740.519 4739.651 4738.784 4738.481 4738.227 4737.972 4737.716 4737.622 4737.879 4738.136 4738.393 4738.65 4738.84 4739.002 4739.165 4739.327 4739.523 4740.056 4740.588 4741.121 4741.653 4742.157 4742.628
4755.433 4756.781 4757.971 4759.161 4760.351 4761.541 4762.298 4762.949 4763.6 4764.25 4764.714 4764.392 4764.07 4763.748 4763.425 4762.87 4762.146 4761.424 4760.701 4759.978 4758.919 4757.851 4756.782 4755.714 4754.565 4753.276 4751.986 4750.697 4749.407 4748.521 4747.767 4747.012 4746.258 4745.506 4744.767 4744.027 4743.288 4742.548 4741.74 4740.872 4740.004 4739.137 4738.269 4737.903 4737.579 4737.255 4736.931 4736.771 4736.969 4737.168 4737.367 4737.565 4737.761 4737.955 4738.148 4738.343 4738.573 4739.153 4739.733 4740.313 4740.894 4741.455 4741.996
4754.381 4755.688 4756.898 4758.11 4759.321 4760.532 4761.293 4761.944 4762.595 4763.246 4763.706 4763.362 4763.019 4762.675 4762.332 4761.768 4761.044 4760.321 4759.598 4758.875 4757.827 4756.769 4755.711 4754.654 4753.549 4752.36 4751.172 4749.983 4748.794 4747.953 4747.225 4746.498 4745.77 4745.039 4744.289 4743.539 4742.789 4742.038 4741.226 4740.358 4739.49 4738.623 4737.755 4737.325 4736.932 4736.539 4736.146 4735.919 4736.06 4736.2 4736.34 4736.48 4736.681 4736.907 4737.133 4737.358 4737.622 4738.25 4738.878 4739.506 4740.134 4740.754 4741.364
4753.329 4754.594 4755.827 4757.059 4758.291 4759.523 4760.29 4760.94 4761.591 4762.242 4762.697 4762.333 4761.968 4761.604 4761.239 4760.665 4759.942 4759.219 4758.496 4757.773 4756.735 4755.688 4754.641 4753.594 4752.532 4751.445 4750.357 4749.27 4748.182 4747.385 4746.684 4745.983 4745.282 4744.572 4743.812 4743.051 4742.29 4741.529 4740.711 4739.843 4738.976 4738.108 4737.24 4736.747 4736.285 4735.823 4735.36 4735.068 4735.15 4735.232 4735.314 4735.396 4735.601 4735.859 4736.117 4736.375 4736.671 4737.347 4738.023 4738.699 4739.375 4740.052 4740.731
4752.281 4753.505 4754.758 4756.011 4757.264 4758.516 4759.286 4759.936 4760.586 4761.237 4761.688 4761.303 4760.917 4760.532 4760.146 4759.564 4758.841 4758.118 4757.395 4756.671 4755.645 4754.609 4753.573 4752.538 4751.52 4750.533 4749.546 4748.559 4747.572 4746.82 4746.144 4745.468 4744.793 4744.104 4743.332 4742.561 4741.79 4741.018 4740.195 4739.328 4738.46 4737.593 4736.726 4736.169 4735.638 4735.107 4734.577 4734.219 4734.242 4734.266 4734.289 4734.312 4734.522 4734.813 4735.103 4735.393 4735.723 4736.447 4737.17 4737.894 4738.617 4739.353 4740.101
4751.555 4752.751 4753.956 4755.161 4756.365 4757.57 4758.313 4758.942 4759.572 4760.201 4760.636 4760.256 4759.875 4759.496 4759.115 4758.535 4757.812 4757.089 4756.366 4755.643 4754.673 4753.695 4752.718 4751.741 4750.792 4749.89 4748.988 4748.085 4747.184 4746.416 4745.693 4744.969 4744.246 4743.515 4742.738 4741.961 4741.185 4740.408 4739.594 4738.748 4737.902 4737.056 4736.21 4735.616 4735.042 4734.469 4733.896 4733.487 4733.441 4733.396 4733.349 4733.303 4733.539 4733.893 4734.247 4734.6 4734.991 4735.741 4736.491 4737.241 4737.991 4738.771 4739.583
4750.83 4751.996 4753.153 4754.311 4755.467 4756.625 4757.341 4757.949 4758.557 4759.165 4759.584 4759.209 4758.834 4758.459 4758.084 4757.506 4756.783 4756.061 4755.337 4754.614 4753.701 4752.782 4751.863 4750.945 4750.063 4749.246 4748.429 4747.612 4746.795 4746.013 4745.242 4744.47 4743.699 4742.926 4742.145 4741.362 4740.58 4739.798 4738.993 4738.168 4737.344 4736.519 4735.694 4735.062 4734.446 4733.83 4733.214 4732.755 4732.64 4732.525 4732.41 4732.295 4732.555 4732.972 4733.39 4733.808 4734.259 4735.035 4735.812 4736.588 4737.365 4738.189 4739.065
4750.104 4751.242 4752.351 4753.46 4754.569 4755.679 4756.369 4756.956 4757.542 4758.129 4758.532 4758.162 4757.792 4757.423 4757.053 4756.478 4755.755 4755.032 4754.309 4753.585 4752.729 4751.869 4751.008 4750.148 4749.334 4748.603 4747.871 4747.139 4746.407 4745.609 4744.791 4743.971 4743.152 4742.338 4741.55 4740.763 4739.976 4739.188 4738.393 4737.589 4736.785 4735.981 4735.178 4734.508 4733.85 4733.191 4732.533 4732.023 4731.839 4731.655 4731.471 4731.287 4731.571 4732.052 4732.534 4733.015 4733.526 4734.33 4735.133 4735.936 4736.739 4737.608 4738.547
4749.379 4750.487 4751.548 4752.61 4753.671 4754.733 4755.396 4755.962 4756.527 4757.093 4757.479 4757.115 4756.751 4756.387 4756.022 4755.449 4754.726 4754.003 4753.28 4752.557 4751.757 4750.955 4750.153 4749.352 4748.606 4747.959 4747.312 4746.665 4746.018 4745.206 4744.339 4743.472 4742.605 4741.749 4740.957 4740.164 4739.371 4738.579 4737.792 4737.009 4736.227 4735.444 4734.662 4733.955 4733.254 4732.553 4731.852 4731.292 4731.038 4730.785 4730.532 4730.278 4730.587 4731.132 4731.677 4732.223 4732.794 4733.624 4734.454 4735.283 4736.113 4737.026 4738.03
4748.617 4749.709 4750.75 4751.792 4752.833 4753.875 4754.516 4755.057 4755.599 4756.141 4756.512 4756.166 4755.819 4755.473 4755.126 4754.561 4753.838 4753.115 4752.392 4751.668 4750.911 4750.152 4749.394 4748.635 4747.934 4747.334 4746.734 4746.134 4745.534 4744.728 4743.854 4742.979 4742.106 4741.244 4740.456 4739.668 4738.88 4738.093 4737.316 4736.55 4735.784 4735.018 4734.252 4733.504 4732.758 4732.012 4731.267 4730.659 4730.354 4730.05 4729.745 4729.44 4729.768 4730.361 4730.956 4731.549 4732.17 4733.054 4733.938 4734.823 4735.707 4736.671 4737.72
4747.815 4748.905 4749.958 4751.009 4752.062 4753.114 4753.735 4754.25 4754.765 4755.28 4755.636 4755.322 4755.007 4754.693 4754.378 4753.826 4753.103 4752.38 4751.657 4750.934 4750.202 4749.47 4748.738 4748.006 4747.323 4746.729 4746.134 4745.54 4744.945 4744.168 4743.331 4742.494 4741.658 4740.83 4740.058 4739.286 4738.514 4737.742 4736.979 4736.224 4735.468 4734.712 4733.957 4733.167 4732.373 4731.579 4730.785 4730.134 4729.798 4729.461 4729.125 4728.789 4729.129 4729.754 4730.38 4731.006 4731.664 4732.633 4733.602 4734.571 4735.541 4736.561 4737.637
4747.013 4748.101 4749.164 4750.227 4751.29 4752.353 4752.955 4753.443 4753.932 4754.42 4754.76 4754.478 4754.195 4753.913 4753.63 4753.091 4752.368 4751.645 4750.922 4750.199 4749.493 4748.788 4748.082 4747.376 4746.713 4746.124 4745.534 4744.945 4744.355 4743.608 4742.809 4742.009 4741.209 4740.416 4739.66 4738.904 4738.148 4737.392 4736.642 4735.897 4735.152 4734.407 4733.662 4732.828 4731.987 4731.145 4730.304 4729.61 4729.242 4728.874 4728.505 4728.137 4728.49 4729.147 4729.805 4730.462 4731.157 4732.211 4733.266 4734.32 4735.374 4736.452 4737.554
4746.211 4747.297 4748.371 4749.444 4750.518 4751.591 4752.174 4752.636 4753.098 4753.56 4753.885 4753.634 4753.383 4753.133 4752.882 4752.356 4751.633 4750.91 4750.188 4749.464 4748.784 4748.105 4747.426 4746.747 4746.103 4745.519 4744.935 4744.351 4743.767 4743.048 4742.286 4741.523 4740.761 4740.002 4739.262 4738.521 4737.782 4737.042 4736.305 4735.57 4734.836 4734.102 4733.368 4732.49 4731.601 4730.711 4729.822 4729.086 4728.686 4728.286 4727.885 4727.485 4727.851 4728.541 4729.23 4729.919 4730.65 4731.79 4732.929 4734.068 4735.208 4736.342 4737.471
4745.409 4746.494 4747.578 4748.662 4749.746 4750.83 4751.393 4751.829 4752.264 4752.699 4753.009 4752.791 4752.571 4752.353 4752.134 4751.622 4750.898 4750.176 4749.453 4748.729 4748.075 4747.423 4746.771 4746.118 4745.492 4744.914 4744.334 4743.756 4743.177 4742.488 4741.763 4741.038 4740.313 4739.588 4738.864 4738.14 4737.416 4736.691 4735.967 4735.244 4734.52 4733.796 4733.073 4732.152 4731.215 4730.278 4729.34 4728.562 4728.129 4727.698 4727.266 4726.833 4727.212 4727.934 4728.655 4729.376 4730.144 4731.368 4732.593 4733.817 4735.041 4736.232 4737.388
4744.324 4745.409 4746.493 4747.578 4748.663 4749.747 4750.286 4750.689 4751.093 4751.497 4751.787 4751.601 4751.414 4751.227 4751.04 4750.59 4749.952 4749.314 4748.676 4748.039 4747.446 4746.855 4746.265 4745.674 4745.089 4744.516 4743.942 4743.369 4742.796 4742.11 4741.387 4740.664 4739.94 4739.219 4738.506 4737.792 4737.08 4736.366 4735.667 4734.979 4734.291 4733.603 4732.915 4732.04 4731.15 4730.26 4729.371 4728.648 4728.295 4727.941 4727.587 4727.233 4727.641 4728.369 4729.097 4729.825 4730.592 4731.741 4732.89 4734.039 4735.188 4736.329 4737.461
4743.222 4744.306 4745.391 4746.476 4747.56 4748.645 4749.158 4749.53 4749.902 4750.273 4750.544 4750.389 4750.234 4750.079 4749.924 4749.541 4748.993 4748.445 4747.897 4747.35 4746.822 4746.295 4745.769 4745.241 4744.699 4744.131 4743.563 4742.995 4742.427 4741.742 4741.019 4740.296 4739.573 4738.853 4738.15 4737.448 4736.746 4736.043 4735.368 4734.717 4734.066 4733.416 4732.765 4731.942 4731.105 4730.269 4729.432 4728.773 4728.504 4728.235 4727.967 4727.698 4728.134 4728.867 4729.601 4730.334 4731.098 4732.163 4733.227 4734.291 4735.354 4736.438 4737.544
4742.12 4743.204 4744.289 4745.374 4746.458 4747.542 4748.03 4748.37 4748.71 4749.05 4749.301 4749.178 4749.055 4748.932 4748.809 4748.491 4748.034 4747.576 4747.119 4746.662 4746.199 4745.735 4745.272 4744.809 4744.31 4743.747 4743.184 4742.621 4742.059 4741.375 4740.652 4739.929 4739.206 4738.487 4737.795 4737.104 4736.412 4735.719 4735.069 4734.456 4733.842 4733.229 4732.615 4731.844 4731.061 4730.277 4729.494 4728.897 4728.714 4728.53 4728.347 4728.163 4728.627 4729.366 4730.105 4730.844 4731.605 4732.584 4733.563 4734.542 4735.521 4736.548 4737.627
