data/zism_data/00945_01_D.txt
ncols         224
nrows         224
[rows 0 to 27 of 224, columns 126 to 188 of 224]
3579.384 3581.074 3582.765 3584.455 3586.146 3588.044 3590.102 3592.159 3594.217 3596.287 3599.131 3601.975 3604.819 3607.663 3612.597 3619.946 3627.296 3634.646 3641.996 3646.442 3650.613 3654.783 3658.953 3662.597 3665.314 3668.031 3670.748 3673.465 3676.55 3679.721 3682.892 3686.063 3688.98 3691.176 3693.372 3695.568 3697.764 3698.609 3698.902 3699.195 3699.488 3699.571 3698.547 3697.524 3696.5 3695.477 3691.36 3685.254 3679.148 3673.042 3666.839 3659.046 3651.253 3643.46 3635.668 3631.389 3630.522 3629.656 3628.79 3627.924 3631.986 3636.272 3640.559
3576.761 3578.484 3580.206 3581.929 3583.652 3585.509 3587.471 3589.432 3591.394 3593.364 3595.871 3598.379 3600.886 3603.394 3607.589 3613.737 3619.884 3626.031 3632.179 3636.009 3639.618 3643.227 3646.836 3650.233 3653.254 3656.276 3659.297 3662.319 3665.991 3669.814 3673.637 3677.459 3681.101 3684.227 3687.352 3690.478 3693.604 3695.098 3695.925 3696.752 3697.579 3698.071 3696.791 3695.511 3694.231 3692.951 3688.646 3682.396 3676.145 3669.895 3663.539 3655.458 3647.377 3639.295 3631.214 3626.76 3625.83 3624.899 3623.969 3623.039 3627.298 3631.792 3636.287
3574.138 3575.893 3577.648 3579.403 3581.157 3582.975 3584.84 3586.705 3588.571 3590.441 3592.612 3594.782 3596.953 3599.124 3602.582 3607.527 3612.472 3617.417 3622.362 3625.575 3628.623 3631.671 3634.72 3637.868 3641.195 3644.521 3647.847 3651.173 3655.431 3659.906 3664.381 3668.856 3673.221 3677.277 3681.333 3685.388 3689.444 3691.586 3692.948 3694.31 3695.671 3696.571 3695.034 3693.498 3691.961 3690.425 3685.931 3679.537 3673.143 3666.748 3660.24 3651.87 3643.5 3635.13 3626.76 3622.132 3621.137 3620.143 3619.148 3618.154 3622.609 3627.313 3632.016
3571.516 3573.303 3575.089 3576.876 3578.663 3580.44 3582.209 3583.978 3585.748 3587.518 3589.352 3591.186 3593.02 3594.854 3597.574 3601.317 3605.06 3608.802 3612.545 3615.141 3617.629 3620.116 3622.603 3625.504 3629.135 3632.766 3636.396 3640.027 3644.872 3649.999 3655.125 3660.252 3665.342 3670.327 3675.313 3680.298 3685.284 3688.075 3689.971 3691.867 3693.763 3695.071 3693.278 3691.485 3689.692 3687.899 3683.217 3676.679 3670.14 3663.602 3656.94 3648.282 3639.623 3630.965 3622.307 3617.503 3616.445 3615.386 3614.328 3613.269 3617.921 3622.833 3627.744
3568.893 3570.712 3572.531 3574.35 3576.169 3577.905 3579.578 3581.251 3582.924 3584.595 3586.093 3587.59 3589.087 3590.585 3592.566 3595.107 3597.647 3600.188 3602.728 3604.708 3606.634 3608.56 3610.486 3613.14 3617.075 3621.011 3624.946 3628.881 3634.313 3640.091 3645.87 3651.649 3657.463 3663.378 3669.293 3675.208 3681.123 3684.564 3686.994 3689.425 3691.855 3693.571 3691.521 3689.472 3687.423 3685.373 3680.503 3673.82 3667.137 3660.455 3653.641 3644.694 3635.747 3626.8 3617.853 3612.875 3611.752 3610.63 3609.507 3608.384 3613.233 3618.353 3623.472
3566.317 3568.177 3570.038 3571.899 3573.76 3575.464 3577.047 3578.631 3580.214 3581.794 3583.155 3584.516 3585.876 3587.237 3588.882 3590.856 3592.83 3594.804 3596.778 3598.399 3599.987 3601.575 3603.162 3605.503 3609.17 3612.836 3616.503 3620.169 3625.369 3630.925 3636.481 3642.037 3647.74 3653.861 3659.981 3666.102 3672.223 3676.065 3678.978 3681.89 3684.802 3686.921 3684.854 3682.787 3680.72 3678.654 3673.887 3667.384 3660.881 3654.378 3647.763 3639.32 3630.878 3622.435 3613.993 3609.314 3608.291 3607.268 3606.245 3605.222 3609.898 3614.833 3619.768
3563.769 3565.678 3567.587 3569.496 3571.404 3573.081 3574.579 3576.077 3577.575 3579.071 3580.421 3581.771 3583.121 3584.471 3586.033 3587.842 3589.65 3591.458 3593.266 3594.693 3596.083 3597.473 3598.863 3600.849 3603.885 3606.921 3609.957 3612.993 3617.446 3622.227 3627.008 3631.788 3636.854 3642.723 3648.593 3654.463 3660.332 3664.42 3667.781 3671.143 3674.504 3677.021 3675.088 3673.155 3671.221 3669.288 3664.808 3658.689 3652.571 3646.453 3640.259 3632.821 3625.383 3617.945 3610.507 3606.426 3605.606 3604.786 3603.966 3603.146 3607.417 3611.919 3616.422
3561.221 3563.178 3565.135 3567.092 3569.049 3570.698 3572.111 3573.523 3574.936 3576.347 3577.687 3579.026 3580.365 3581.705 3583.185 3584.827 3586.469 3588.112 3589.755 3590.986 3592.178 3593.371 3594.563 3596.195 3598.601 3601.006 3603.412 3605.817 3609.522 3613.528 3617.534 3621.54 3625.967 3631.586 3637.204 3642.823 3648.441 3652.775 3656.585 3660.396 3664.205 3667.121 3665.322 3663.522 3661.722 3659.923 3655.729 3649.995 3644.262 3638.528 3632.755 3626.321 3619.888 3613.454 3607.021 3603.538 3602.921 3602.304 3601.687 3601.07 3604.936 3609.006 3613.075
3558.674 3560.679 3562.684 3564.689 3566.694 3568.316 3569.643 3570.969 3572.296 3573.624 3574.952 3576.281 3577.61 3578.938 3580.336 3581.813 3583.289 3584.766 3586.243 3587.28 3588.274 3589.269 3590.264 3591.541 3593.316 3595.091 3596.866 3598.641 3601.598 3604.829 3608.061 3611.292 3615.081 3620.448 3625.815 3631.183 3636.55 3641.131 3645.389 3649.648 3653.907 3657.221 3655.555 3653.889 3652.223 3650.557 3646.65 3641.301 3635.952 3630.604 3625.25 3619.822 3614.393 3608.964 3603.535 3600.65 3600.236 3599.822 3599.408 3598.994 3602.455 3606.092 3609.729
3556.135 3558.183 3560.231 3562.279 3564.327 3565.922 3567.169 3568.416 3569.663 3570.91 3572.228 3573.546 3574.864 3576.182 3577.499 3578.814 3580.13 3581.446 3582.762 3583.612 3584.417 3585.221 3586.026 3586.965 3588.139 3589.313 3590.487 3591.661 3593.895 3596.375 3598.854 3601.334 3604.496 3609.589 3614.682 3619.775 3624.868 3629.65 3634.305 3638.96 3643.615 3647.284 3645.76 3644.236 3642.712 3641.188 3637.584 3632.642 3627.7 3622.758 3617.845 3613.408 3608.971 3604.534 3600.097 3597.801 3597.584 3597.368 3597.151 3596.935 3599.992 3603.198 3606.404
3553.793 3555.771 3557.75 3559.728 3561.707 3563.293 3564.577 3565.861 3567.146 3568.43 3569.732 3571.033 3572.335 3573.637 3574.918 3576.175 3577.432 3578.689 3579.947 3580.776 3581.565 3582.354 3583.143 3584.087 3585.303 3586.52 3587.737 3588.953 3591.0 3593.24 3595.479 3597.719 3600.499 3604.812 3609.125 3613.438 3617.751 3621.768 3625.664 3629.56 3633.456 3636.54 3635.342 3634.144 3632.946 3631.748 3628.811 3624.756 3620.701 3616.646 3612.61 3608.884 3605.157 3601.431 3597.704 3595.796 3595.655 3595.513 3595.371 3595.229 3597.922 3600.743 3603.565
3551.45 3553.359 3555.269 3557.177 3559.086 3560.663 3561.985 3563.307 3564.628 3565.949 3567.235 3568.521 3569.807 3571.092 3572.338 3573.536 3574.734 3575.933 3577.131 3577.941 3578.714 3579.487 3580.26 3581.209 3582.468 3583.728 3584.987 3586.246 3588.106 3590.105 3592.104 3594.103 3596.502 3600.035 3603.568 3607.101 3610.634 3613.885 3617.023 3620.16 3623.297 3625.795 3624.923 3624.051 3623.179 3622.307 3620.037 3616.869 3613.701 3610.533 3607.375 3604.359 3601.343 3598.327 3595.312 3593.792 3593.725 3593.658 3593.591 3593.524 3595.852 3598.289 3600.725
3549.108 3550.948 3552.787 3554.626 3556.466 3558.034 3559.393 3560.752 3562.111 3563.469 3564.739 3566.008 3567.278 3568.548 3569.757 3570.896 3572.036 3573.176 3574.315 3575.105 3575.862 3576.619 3577.376 3578.331 3579.633 3580.935 3582.237 3583.539 3585.212 3586.97 3588.729 3590.487 3592.505 3595.258 3598.011 3600.763 3603.516 3606.003 3608.381 3610.76 3613.138 3615.05 3614.504 3613.958 3613.412 3612.866 3611.264 3608.983 3606.702 3604.421 3602.139 3599.834 3597.529 3595.224 3592.918 3591.787 3591.795 3591.803 3591.811 3591.819 3593.782 3595.833 3597.885
3546.766 3548.536 3550.306 3552.076 3553.846 3555.405 3556.801 3558.198 3559.594 3560.988 3562.242 3563.496 3564.75 3566.003 3567.177 3568.257 3569.338 3570.419 3571.5 3572.27 3573.011 3573.752 3574.493 3575.452 3576.797 3578.142 3579.487 3580.832 3582.317 3583.835 3585.354 3586.872 3588.508 3590.481 3592.453 3594.426 3596.399 3598.121 3599.74 3601.36 3602.979 3604.306 3604.085 3603.865 3603.645 3603.425 3602.49 3601.097 3599.703 3598.309 3596.903 3595.309 3593.714 3592.12 3590.526 3589.782 3589.865 3589.948 3590.031 3590.113 3591.712 3593.379 3595.046
3544.425 3546.138 3547.851 3549.564 3551.278 3552.812 3554.207 3555.603 3556.999 3558.393 3559.648 3560.904 3562.159 3563.414 3564.567 3565.602 3566.637 3567.671 3568.706 3569.488 3570.246 3571.003 3571.761 3572.725 3574.052 3575.379 3576.706 3578.032 3579.402 3580.781 3582.16 3583.539 3584.964 3586.519 3588.074 3589.629 3591.184 3592.456 3593.614 3594.771 3595.928 3596.895 3596.851 3596.807 3596.763 3596.719 3596.181 3595.324 3594.467 3593.61 3592.738 3591.608 3590.479 3589.349 3588.219 3587.724 3587.843 3587.963 3588.082 3588.202 3589.55 3590.954 3592.358
3542.085 3543.756 3545.426 3547.097 3548.767 3550.258 3551.611 3552.965 3554.318 3555.67 3556.946 3558.223 3559.5 3560.777 3561.926 3562.929 3563.931 3564.934 3565.937 3566.765 3567.576 3568.387 3569.198 3570.165 3571.406 3572.648 3573.889 3575.13 3576.462 3577.814 3579.167 3580.519 3581.92 3583.459 3584.998 3586.537 3588.076 3589.249 3590.273 3591.297 3592.32 3593.176 3593.143 3593.11 3593.077 3593.043 3592.6 3591.893 3591.186 3590.479 3589.758 3588.821 3587.884 3586.946 3586.009 3585.605 3585.719 3585.834 3585.948 3586.062 3587.288 3588.563 3589.839
3539.746 3541.374 3543.001 3544.629 3546.257 3547.705 3549.016 3550.326 3551.636 3552.946 3554.245 3555.543 3556.841 3558.139 3559.285 3560.256 3561.226 3562.197 3563.167 3564.041 3564.906 3565.771 3566.635 3567.605 3568.761 3569.917 3571.073 3572.229 3573.522 3574.848 3576.173 3577.499 3578.876 3580.399 3581.922 3583.445 3584.968 3586.041 3586.932 3587.822 3588.712 3589.457 3589.435 3589.412 3589.39 3589.367 3589.019 3588.462 3587.904 3587.346 3586.778 3586.033 3585.289 3584.544 3583.799 3583.487 3583.596 3583.705 3583.814 3583.923 3585.025 3586.173 3587.32
3537.406 3538.991 3540.576 3542.161 3543.747 3545.152 3546.42 3547.687 3548.955 3550.223 3551.543 3552.862 3554.182 3555.501 3556.644 3557.583 3558.521 3559.459 3560.398 3561.318 3562.236 3563.154 3564.072 3565.045 3566.116 3567.186 3568.256 3569.326 3570.582 3571.881 3573.18 3574.479 3575.832 3577.339 3578.846 3580.353 3581.86 3582.834 3583.591 3584.347 3585.104 3585.738 3585.727 3585.715 3585.703 3585.691 3585.438 3585.031 3584.623 3584.215 3583.798 3583.246 3582.693 3582.141 3581.589 3581.369 3581.472 3581.576 3581.679 3581.783 3582.762 3583.782 3584.801
3535.067 3536.609 3538.152 3539.694 3541.236 3542.599 3543.824 3545.049 3546.273 3547.5 3548.841 3550.182 3551.523 3552.864 3554.003 3554.909 3555.816 3556.722 3557.629 3558.594 3559.566 3560.538 3561.509 3562.485 3563.47 3564.455 3565.44 3566.425 3567.643 3568.915 3570.187 3571.459 3572.788 3574.279 3575.77 3577.261 3578.752 3579.626 3580.25 3580.873 3581.496 3582.019 3582.018 3582.017 3582.016 3582.015 3581.858 3581.599 3581.341 3581.083 3580.818 3580.458 3580.098 3579.738 3579.378 3579.25 3579.349 3579.447 3579.545 3579.643 3580.5 3581.391 3582.282
3532.532 3534.056 3535.58 3537.104 3538.627 3539.999 3541.253 3542.508 3543.763 3545.019 3546.357 3547.695 3549.033 3550.371 3551.471 3552.297 3553.124 3553.949 3554.775 3555.748 3556.734 3557.72 3558.707 3559.651 3560.521 3561.392 3562.262 3563.132 3564.311 3565.561 3566.811 3568.062 3569.362 3570.803 3572.244 3573.685 3575.126 3575.891 3576.38 3576.87 3577.359 3577.771 3577.771 3577.771 3577.771 3577.771 3577.731 3577.666 3577.601 3577.536 3577.466 3577.322 3577.179 3577.035 3576.892 3576.861 3576.939 3577.017 3577.096 3577.174 3578.004 3578.869 3579.733
3529.977 3531.485 3532.993 3534.5 3536.008 3537.394 3538.686 3539.978 3541.27 3542.563 3543.895 3545.228 3546.561 3547.893 3548.951 3549.692 3550.433 3551.173 3551.914 3552.888 3553.885 3554.882 3555.879 3556.788 3557.541 3558.293 3559.046 3559.799 3560.938 3562.167 3563.396 3564.625 3565.895 3567.282 3568.67 3570.058 3571.445 3572.1 3572.456 3572.812 3573.168 3573.467 3573.467 3573.467 3573.467 3573.467 3573.548 3573.68 3573.813 3573.945 3574.074 3574.15 3574.225 3574.301 3574.376 3574.443 3574.5 3574.556 3574.614 3574.67 3575.484 3576.333 3577.181
3527.422 3528.914 3530.406 3531.897 3533.389 3534.789 3536.118 3537.448 3538.777 3540.107 3541.434 3542.761 3544.089 3545.416 3546.432 3547.087 3547.742 3548.397 3549.052 3550.029 3551.036 3552.044 3553.052 3553.924 3554.56 3555.195 3555.83 3556.465 3557.565 3558.772 3559.98 3561.188 3562.428 3563.762 3565.096 3566.43 3567.764 3568.309 3568.531 3568.754 3568.976 3569.163 3569.163 3569.163 3569.163 3569.163 3569.364 3569.694 3570.024 3570.354 3570.683 3570.977 3571.272 3571.567 3571.861 3572.024 3572.06 3572.095 3572.131 3572.167 3572.964 3573.797 3574.629
3524.867 3526.343 3527.818 3529.294 3530.77 3532.184 3533.551 3534.917 3536.284 3537.651 3538.973 3540.295 3541.617 3542.939 3543.912 3544.481 3545.051 3545.62 3546.19 3547.169 3548.188 3549.206 3550.224 3551.061 3551.579 3552.096 3552.614 3553.132 3554.192 3555.378 3556.564 3557.75 3558.961 3560.242 3561.522 3562.803 3564.084 3564.518 3564.607 3564.696 3564.784 3564.859 3564.859 3564.859 3564.859 3564.859 3565.18 3565.708 3566.236 3566.764 3567.291 3567.805 3568.319 3568.832 3569.346 3569.606 3569.62 3569.635 3569.649 3569.663 3570.445 3571.261 3572.077
3522.263 3523.725 3525.186 3526.647 3528.109 3529.527 3530.911 3532.296 3533.68 3535.064 3536.366 3537.668 3538.971 3540.273 3541.223 3541.767 3542.31 3542.853 3543.396 3544.382 3545.409 3546.436 3547.463 3548.27 3548.688 3549.106 3549.524 3549.942 3550.934 3552.059 3553.184 3554.31 3555.449 3556.63 3557.811 3558.991 3560.172 3560.551 3560.603 3560.655 3560.707 3560.753 3560.763 3560.774 3560.785 3560.796 3561.206 3561.872 3562.538 3563.205 3563.873 3564.562 3565.252 3565.942 3566.631 3566.977 3566.988 3566.998 3567.009 3567.02 3567.817 3568.649 3569.482
3519.563 3521.013 3522.464 3523.915 3525.365 3526.767 3528.13 3529.493 3530.856 3532.218 3533.472 3534.726 3535.98 3537.235 3538.201 3538.835 3539.47 3540.104 3540.738 3541.736 3542.768 3543.801 3544.833 3545.62 3545.974 3546.328 3546.682 3547.036 3547.903 3548.889 3549.876 3550.862 3551.849 3552.837 3553.825 3554.814 3555.802 3556.235 3556.442 3556.649 3556.856 3557.037 3557.08 3557.123 3557.166 3557.208 3557.644 3558.332 3559.02 3559.707 3560.4 3561.181 3561.961 3562.742 3563.523 3563.929 3563.972 3564.015 3564.058 3564.1 3564.975 3565.888 3566.801
3516.862 3518.302 3519.742 3521.182 3522.623 3524.007 3525.349 3526.69 3528.032 3529.372 3530.578 3531.784 3532.99 3534.197 3535.18 3535.905 3536.63 3537.354 3538.079 3539.09 3540.128 3541.166 3542.204 3542.971 3543.26 3543.55 3543.84 3544.13 3544.872 3545.719 3546.567 3547.415 3548.249 3549.044 3549.84 3550.636 3551.432 3551.92 3552.282 3552.644 3553.006 3553.322 3553.397 3553.472 3553.546 3553.621 3554.082 3554.792 3555.501 3556.21 3556.928 3557.8 3558.671 3559.542 3560.414 3560.881 3560.956 3561.031 3561.106 3561.181 3562.134 3563.127 3564.12
3514.162 3515.591 3517.021 3518.45 3519.879 3521.247 3522.568 3523.888 3525.208 3526.526 3527.684 3528.843 3530.0 3531.158 3532.158 3532.974 3533.79 3534.605 3535.421 3536.445 3537.488 3538.531 3539.574 3540.321 3540.547 3540.772 3540.998 3541.224 3541.841 3542.55 3543.259 3543.967 3544.648 3545.252 3545.855 3546.459 3547.062 3547.604 3548.121 3548.638 3549.155 3549.606 3549.713 3549.82 3549.927 3550.034 3550.521 3551.251 3551.982 3552.712 3553.456 3554.419 3555.381 3556.343 3557.305 3557.834 3557.941 3558.048 3558.155 3558.262 3559.293 3560.366 3561.439
3511.462 3512.88 3514.299 3515.718 3517.136 3518.487 3519.786 3521.085 3522.384 3523.681 3524.791 3525.901 3527.01 3528.12 3529.136 3530.043 3530.949 3531.856 3532.763 3533.799 3534.847 3535.896 3536.945 3537.672 3537.833 3537.995 3538.156 3538.318 3538.811 3539.38 3539.95 3540.52 3541.048 3541.459 3541.87 3542.281 3542.692 3543.289 3543.96 3544.632 3545.304 3545.891 3546.03 3546.169 3546.308 3546.447 3546.959 3547.711 3548.463 3549.215 3549.984 3551.037 3552.091 3553.144 3554.197 3554.786 3554.925 3555.064 3555.203 3555.342 3556.451 3557.605 3558.758
