data/zism_data/00940_03_D.txt
ncols         224
nrows         224
[rows 168 to 195 of 224, columns 63 to 125 of 224]
1566.783 1566.783 1566.783 1566.783 1566.783 1566.82 1566.867 1566.914 1566.961 1567.071 1567.386 1567.701 1568.016 1568.331 1568.737 1569.183 1569.629 1570.075 1570.564 1571.282 1571.999 1572.716 1573.434 1574.127 1574.806 1575.485 1576.164 1576.799 1576.983 1577.166 1577.35 1577.533 1577.616 1577.616 1577.616 1577.616 1577.614 1577.483 1577.352 1577.221 1577.09 1577.112 1577.301 1577.49 1577.679 1577.868 1578.555 1579.272 1579.989 1580.707 1581.528 1582.5 1583.473 1584.446 1585.419 1586.458 1587.508 1588.558 1589.608 1590.568 1591.351 1592.133 1592.915
1567.882 1567.882 1567.882 1567.882 1567.882 1567.906 1567.937 1567.968 1567.999 1568.089 1568.371 1568.654 1568.937 1569.22 1569.65 1570.144 1570.639 1571.133 1571.661 1572.368 1573.075 1573.781 1574.488 1575.184 1575.873 1576.563 1577.252 1577.908 1578.204 1578.501 1578.797 1579.094 1579.227 1579.227 1579.227 1579.227 1579.224 1579.012 1578.8 1578.589 1578.377 1578.326 1578.45 1578.575 1578.699 1578.824 1579.497 1580.203 1580.91 1581.616 1582.435 1583.419 1584.402 1585.386 1586.37 1587.383 1588.4 1589.418 1590.435 1591.369 1592.135 1592.901 1593.667
1568.981 1568.981 1568.981 1568.981 1568.981 1568.992 1569.007 1569.022 1569.037 1569.107 1569.357 1569.608 1569.858 1570.108 1570.562 1571.105 1571.648 1572.191 1572.758 1573.454 1574.15 1574.846 1575.542 1576.24 1576.941 1577.641 1578.341 1579.016 1579.426 1579.835 1580.245 1580.655 1580.839 1580.839 1580.839 1580.839 1580.834 1580.542 1580.249 1579.957 1579.664 1579.54 1579.6 1579.66 1579.72 1579.78 1580.439 1581.135 1581.83 1582.526 1583.343 1584.338 1585.332 1586.326 1587.32 1588.307 1589.292 1590.277 1591.262 1592.169 1592.919 1593.669 1594.419
1570.095 1570.092 1570.09 1570.088 1570.085 1570.08 1570.074 1570.069 1570.063 1570.11 1570.334 1570.558 1570.782 1571.006 1571.483 1572.071 1572.659 1573.247 1573.85 1574.533 1575.216 1575.899 1576.582 1577.285 1577.999 1578.713 1579.427 1580.124 1580.64 1581.155 1581.671 1582.187 1582.418 1582.418 1582.418 1582.418 1582.413 1582.045 1581.678 1581.311 1580.943 1580.75 1580.746 1580.743 1580.739 1580.736 1581.379 1582.061 1582.744 1583.427 1584.238 1585.237 1586.236 1587.236 1588.235 1589.197 1590.153 1591.11 1592.066 1592.949 1593.683 1594.418 1595.153
1571.403 1571.369 1571.334 1571.3 1571.265 1571.19 1571.104 1571.017 1570.931 1570.927 1571.2 1571.472 1571.744 1572.017 1572.509 1573.097 1573.684 1574.272 1574.869 1575.515 1576.16 1576.806 1577.451 1578.173 1578.941 1579.709 1580.477 1581.224 1581.756 1582.288 1582.82 1583.351 1583.59 1583.59 1583.59 1583.59 1583.585 1583.217 1582.85 1582.483 1582.115 1581.899 1581.847 1581.795 1581.743 1581.691 1582.29 1582.93 1583.57 1584.209 1584.966 1585.896 1586.825 1587.754 1588.683 1589.65 1590.623 1591.596 1592.568 1593.461 1594.196 1594.931 1595.666
1572.712 1572.645 1572.578 1572.511 1572.444 1572.3 1572.133 1571.966 1571.798 1571.744 1572.065 1572.386 1572.707 1573.028 1573.534 1574.122 1574.71 1575.298 1575.889 1576.497 1577.104 1577.712 1578.32 1579.061 1579.883 1580.705 1581.527 1582.325 1582.873 1583.42 1583.968 1584.516 1584.762 1584.762 1584.762 1584.762 1584.757 1584.389 1584.022 1583.655 1583.287 1583.047 1582.947 1582.847 1582.746 1582.646 1583.202 1583.799 1584.395 1584.992 1585.695 1586.554 1587.414 1588.273 1589.132 1590.104 1591.093 1592.081 1593.07 1593.974 1594.709 1595.444 1596.179
1574.021 1573.922 1573.822 1573.723 1573.624 1573.41 1573.162 1572.914 1572.666 1572.561 1572.931 1573.3 1573.669 1574.038 1574.56 1575.148 1575.735 1576.323 1576.908 1577.478 1578.048 1578.619 1579.189 1579.949 1580.825 1581.701 1582.576 1583.425 1583.989 1584.553 1585.117 1585.681 1585.934 1585.934 1585.934 1585.934 1585.929 1585.562 1585.194 1584.827 1584.459 1584.196 1584.047 1583.899 1583.75 1583.601 1584.114 1584.667 1585.221 1585.774 1586.424 1587.213 1588.002 1588.791 1589.581 1590.557 1591.562 1592.567 1593.572 1594.487 1595.222 1595.957 1596.691
1575.329 1575.198 1575.067 1574.935 1574.803 1574.52 1574.192 1573.863 1573.534 1573.378 1573.796 1574.214 1574.631 1575.049 1575.585 1576.173 1576.761 1577.349 1577.928 1578.46 1578.993 1579.525 1580.057 1580.837 1581.767 1582.696 1583.626 1584.525 1585.105 1585.685 1586.266 1586.846 1587.106 1587.106 1587.106 1587.106 1587.101 1586.734 1586.366 1585.999 1585.631 1585.345 1585.148 1584.951 1584.753 1584.556 1585.026 1585.536 1586.047 1586.557 1587.152 1587.871 1588.591 1589.31 1590.029 1591.011 1592.032 1593.053 1594.074 1595.0 1595.734 1596.469 1597.204
1576.521 1576.349 1576.177 1576.004 1575.832 1575.516 1575.157 1574.798 1574.439 1574.26 1574.676 1575.091 1575.507 1575.922 1576.47 1577.074 1577.679 1578.284 1578.878 1579.418 1579.957 1580.497 1581.037 1581.835 1582.791 1583.746 1584.701 1585.625 1586.212 1586.8 1587.388 1587.976 1588.24 1588.24 1588.24 1588.24 1588.235 1587.867 1587.5 1587.132 1586.765 1586.468 1586.247 1586.027 1585.807 1585.586 1585.99 1586.432 1586.874 1587.316 1587.842 1588.492 1589.141 1589.79 1590.44 1591.375 1592.353 1593.331 1594.31 1595.201 1595.919 1596.637 1597.355
1577.605 1577.384 1577.164 1576.943 1576.722 1576.408 1576.065 1575.722 1575.379 1575.201 1575.568 1575.935 1576.302 1576.67 1577.224 1577.862 1578.499 1579.136 1579.765 1580.353 1580.941 1581.529 1582.117 1582.934 1583.889 1584.845 1585.8 1586.723 1587.311 1587.899 1588.487 1589.075 1589.339 1589.339 1589.339 1589.339 1589.333 1588.966 1588.599 1588.231 1587.864 1587.567 1587.346 1587.126 1586.905 1586.685 1587.002 1587.353 1587.704 1588.054 1588.498 1589.077 1589.656 1590.236 1590.815 1591.657 1592.538 1593.42 1594.301 1595.117 1595.803 1596.488 1597.174
1578.689 1578.42 1578.151 1577.881 1577.612 1577.299 1576.972 1576.646 1576.319 1576.142 1576.461 1576.779 1577.098 1577.417 1577.979 1578.649 1579.318 1579.987 1580.651 1581.288 1581.925 1582.561 1583.198 1584.033 1584.988 1585.943 1586.899 1587.822 1588.41 1588.998 1589.585 1590.173 1590.438 1590.438 1590.438 1590.438 1590.432 1590.065 1589.697 1589.33 1588.962 1588.665 1588.445 1588.224 1588.004 1587.784 1588.015 1588.274 1588.533 1588.792 1589.153 1589.662 1590.172 1590.681 1591.19 1591.939 1592.724 1593.508 1594.292 1595.033 1595.687 1596.34 1596.993
1579.773 1579.455 1579.138 1578.82 1578.502 1578.19 1577.88 1577.569 1577.259 1577.083 1577.353 1577.623 1577.894 1578.164 1578.734 1579.436 1580.138 1580.839 1581.538 1582.223 1582.908 1583.593 1584.278 1585.131 1586.087 1587.042 1587.997 1588.921 1589.508 1590.096 1590.684 1591.272 1591.536 1591.536 1591.536 1591.536 1591.531 1591.163 1590.796 1590.429 1590.061 1589.764 1589.544 1589.323 1589.103 1588.882 1589.027 1589.195 1589.363 1589.53 1589.808 1590.248 1590.687 1591.126 1591.566 1592.221 1592.909 1593.596 1594.284 1594.949 1595.57 1596.191 1596.812
1580.857 1580.491 1580.125 1579.759 1579.393 1579.082 1578.787 1578.493 1578.198 1578.024 1578.246 1578.468 1578.689 1578.911 1579.489 1580.223 1580.957 1581.691 1582.425 1583.158 1583.892 1584.625 1585.358 1586.23 1587.185 1588.141 1589.096 1590.019 1590.607 1591.195 1591.783 1592.371 1592.635 1592.635 1592.635 1592.635 1592.63 1592.262 1591.895 1591.527 1591.16 1590.863 1590.642 1590.422 1590.201 1589.981 1590.04 1590.116 1590.192 1590.268 1590.463 1590.833 1591.202 1591.572 1591.941 1592.503 1593.094 1593.684 1594.275 1594.865 1595.454 1596.043 1596.631
1581.945 1581.547 1581.148 1580.749 1580.35 1580.056 1579.794 1579.531 1579.269 1579.111 1579.3 1579.489 1579.678 1579.867 1580.41 1581.109 1581.807 1582.505 1583.213 1583.974 1584.735 1585.496 1586.257 1587.116 1588.035 1588.954 1589.872 1590.765 1591.384 1592.004 1592.623 1593.242 1593.526 1593.536 1593.547 1593.557 1593.562 1593.184 1592.806 1592.428 1592.051 1591.771 1591.597 1591.424 1591.25 1591.077 1591.077 1591.088 1591.099 1591.109 1591.227 1591.5 1591.773 1592.047 1592.32 1592.835 1593.386 1593.938 1594.489 1595.049 1595.626 1596.204 1596.781
1583.034 1582.603 1582.172 1581.741 1581.31 1581.033 1580.803 1580.573 1580.342 1580.202 1580.359 1580.516 1580.672 1580.829 1581.336 1581.997 1582.657 1583.318 1583.999 1584.787 1585.575 1586.362 1587.15 1587.996 1588.877 1589.758 1590.639 1591.5 1592.152 1592.803 1593.455 1594.106 1594.411 1594.432 1594.453 1594.474 1594.49 1594.101 1593.713 1593.324 1592.935 1592.673 1592.548 1592.423 1592.298 1592.173 1592.115 1592.061 1592.007 1591.953 1591.993 1592.169 1592.346 1592.522 1592.699 1593.168 1593.682 1594.196 1594.709 1595.241 1595.807 1596.374 1596.94
1584.123 1583.66 1583.197 1582.733 1582.27 1582.01 1581.812 1581.614 1581.416 1581.293 1581.418 1581.542 1581.667 1581.791 1582.262 1582.885 1583.508 1584.131 1584.784 1585.599 1586.414 1587.229 1588.043 1588.876 1589.719 1590.563 1591.406 1592.236 1592.919 1593.603 1594.287 1594.971 1595.296 1595.328 1595.36 1595.392 1595.417 1595.018 1594.619 1594.219 1593.82 1593.575 1593.498 1593.422 1593.345 1593.269 1593.153 1593.034 1592.916 1592.797 1592.759 1592.839 1592.919 1592.998 1593.078 1593.502 1593.978 1594.454 1594.93 1595.432 1595.988 1596.544 1597.1
1585.212 1584.716 1584.221 1583.725 1583.229 1582.987 1582.822 1582.656 1582.49 1582.384 1582.477 1582.569 1582.661 1582.753 1583.188 1583.774 1584.359 1584.944 1585.57 1586.412 1587.253 1588.095 1588.937 1589.756 1590.562 1591.367 1592.173 1592.971 1593.687 1594.403 1595.119 1595.835 1596.181 1596.223 1596.266 1596.309 1596.345 1595.935 1595.525 1595.115 1594.704 1594.477 1594.449 1594.421 1594.393 1594.365 1594.191 1594.008 1593.825 1593.642 1593.526 1593.509 1593.491 1593.474 1593.457 1593.835 1594.274 1594.712 1595.15 1595.624 1596.169 1596.714 1597.259
1586.217 1585.716 1585.215 1584.714 1584.214 1583.981 1583.83 1583.678 1583.527 1583.427 1583.498 1583.569 1583.641 1583.712 1584.122 1584.681 1585.24 1585.799 1586.402 1587.241 1588.081 1588.92 1589.759 1590.561 1591.34 1592.12 1592.899 1593.673 1594.389 1595.106 1595.823 1596.54 1596.892 1596.948 1597.004 1597.06 1597.109 1596.724 1596.339 1595.955 1595.57 1595.363 1595.349 1595.336 1595.322 1595.309 1595.081 1594.84 1594.599 1594.359 1594.18 1594.093 1594.006 1593.919 1593.832 1594.165 1594.561 1594.957 1595.353 1595.792 1596.318 1596.843 1597.368
1587.106 1586.637 1586.169 1585.7 1585.232 1584.998 1584.836 1584.674 1584.512 1584.402 1584.468 1584.534 1584.6 1584.666 1585.067 1585.615 1586.163 1586.711 1587.299 1588.095 1588.891 1589.687 1590.483 1591.262 1592.031 1592.799 1593.568 1594.328 1595.002 1595.676 1596.349 1597.023 1597.365 1597.437 1597.509 1597.581 1597.647 1597.338 1597.029 1596.719 1596.41 1596.226 1596.181 1596.135 1596.089 1596.043 1595.768 1595.479 1595.189 1594.9 1594.68 1594.56 1594.441 1594.322 1594.202 1594.489 1594.837 1595.184 1595.532 1595.928 1596.421 1596.914 1597.407
1587.995 1587.558 1587.122 1586.686 1586.25 1586.016 1585.843 1585.67 1585.497 1585.378 1585.438 1585.499 1585.559 1585.62 1586.012 1586.549 1587.086 1587.624 1588.195 1588.948 1589.702 1590.455 1591.208 1591.964 1592.721 1593.479 1594.237 1594.984 1595.614 1596.245 1596.875 1597.506 1597.838 1597.926 1598.014 1598.102 1598.186 1597.952 1597.718 1597.484 1597.249 1597.09 1597.012 1596.934 1596.855 1596.777 1596.455 1596.117 1595.779 1595.442 1595.18 1595.028 1594.876 1594.724 1594.573 1594.813 1595.112 1595.411 1595.711 1596.064 1596.524 1596.985 1597.446
1588.884 1588.48 1588.076 1587.672 1587.268 1587.033 1586.849 1586.665 1586.482 1586.353 1586.408 1586.463 1586.518 1586.573 1586.957 1587.483 1588.01 1588.536 1589.092 1589.802 1590.512 1591.222 1591.932 1592.665 1593.412 1594.159 1594.906 1595.639 1596.227 1596.814 1597.402 1597.989 1598.311 1598.415 1598.519 1598.623 1598.724 1598.565 1598.406 1598.248 1598.089 1597.953 1597.843 1597.733 1597.622 1597.512 1597.142 1596.755 1596.369 1595.983 1595.679 1595.495 1595.311 1595.127 1594.943 1595.137 1595.388 1595.639 1595.89 1596.199 1596.628 1597.056 1597.485
1589.772 1589.401 1589.029 1588.657 1588.286 1588.05 1587.856 1587.661 1587.467 1587.329 1587.378 1587.428 1587.478 1587.527 1587.901 1588.417 1588.933 1589.449 1589.989 1590.656 1591.323 1591.989 1592.656 1593.366 1594.103 1594.839 1595.575 1596.295 1596.839 1597.384 1597.928 1598.473 1598.784 1598.904 1599.024 1599.145 1599.262 1599.179 1599.095 1599.012 1598.929 1598.817 1598.674 1598.532 1598.389 1598.246 1597.828 1597.394 1596.959 1596.525 1596.179 1595.963 1595.746 1595.53 1595.314 1595.462 1595.664 1595.866 1596.068 1596.335 1596.731 1597.127 1597.524
1590.661 1590.322 1589.983 1589.643 1589.304 1589.039 1588.796 1588.553 1588.31 1588.133 1588.173 1588.212 1588.252 1588.292 1588.671 1589.2 1589.728 1590.257 1590.799 1591.419 1592.038 1592.657 1593.276 1593.941 1594.634 1595.327 1596.019 1596.696 1597.202 1597.708 1598.214 1598.72 1599.01 1599.123 1599.236 1599.349 1599.46 1599.4 1599.341 1599.281 1599.222 1599.121 1598.974 1598.827 1598.68 1598.533 1598.162 1597.777 1597.393 1597.008 1596.678 1596.43 1596.181 1595.933 1595.684 1595.79 1595.948 1596.107 1596.265 1596.481 1596.812 1597.143 1597.474
1591.55 1591.243 1590.936 1590.629 1590.322 1590.023 1589.726 1589.43 1589.133 1588.912 1588.941 1588.97 1588.999 1589.027 1589.415 1589.96 1590.504 1591.049 1591.597 1592.168 1592.739 1593.31 1593.88 1594.497 1595.141 1595.786 1596.43 1597.059 1597.527 1597.996 1598.464 1598.933 1599.199 1599.302 1599.404 1599.506 1599.607 1599.563 1599.52 1599.477 1599.433 1599.341 1599.194 1599.047 1598.9 1598.753 1598.443 1598.122 1597.802 1597.482 1597.178 1596.897 1596.616 1596.336 1596.055 1596.118 1596.234 1596.349 1596.465 1596.629 1596.89 1597.151 1597.412
1592.439 1592.164 1591.889 1591.615 1591.34 1591.007 1590.656 1590.306 1589.956 1589.691 1589.709 1589.727 1589.745 1589.763 1590.159 1590.719 1591.28 1591.841 1592.396 1592.918 1593.44 1593.962 1594.485 1595.053 1595.649 1596.245 1596.84 1597.422 1597.853 1598.283 1598.714 1599.145 1599.389 1599.48 1599.572 1599.663 1599.753 1599.726 1599.699 1599.672 1599.645 1599.56 1599.413 1599.266 1599.119 1598.972 1598.723 1598.468 1598.212 1597.957 1597.678 1597.365 1597.051 1596.738 1596.425 1596.447 1596.52 1596.592 1596.664 1596.776 1596.968 1597.159 1597.35
1593.328 1593.085 1592.843 1592.6 1592.358 1591.991 1591.587 1591.182 1590.778 1590.469 1590.477 1590.484 1590.491 1590.499 1590.902 1591.479 1592.056 1592.633 1593.193 1593.667 1594.141 1594.615 1595.089 1595.609 1596.156 1596.703 1597.251 1597.785 1598.178 1598.571 1598.964 1599.357 1599.578 1599.659 1599.74 1599.821 1599.9 1599.889 1599.878 1599.867 1599.856 1599.78 1599.633 1599.486 1599.339 1599.192 1599.004 1598.813 1598.622 1598.431 1598.177 1597.832 1597.486 1597.141 1596.796 1596.776 1596.805 1596.835 1596.864 1596.924 1597.045 1597.166 1597.287
1594.23 1593.989 1593.748 1593.507 1593.266 1592.866 1592.418 1591.971 1591.523 1591.182 1591.194 1591.206 1591.218 1591.23 1591.64 1592.225 1592.809 1593.393 1593.953 1594.382 1594.811 1595.24 1595.668 1596.138 1596.632 1597.125 1597.619 1598.101 1598.456 1598.812 1599.167 1599.523 1599.721 1599.791 1599.861 1599.931 1600.0 1600.0 1600.0 1600.0 1600.0 1599.935 1599.798 1599.661 1599.525 1599.388 1599.237 1599.085 1598.932 1598.781 1598.545 1598.188 1597.831 1597.474 1597.117 1597.066 1597.06 1597.055 1597.05 1597.072 1597.149 1597.226 1597.303
1595.163 1594.857 1594.552 1594.246 1593.94 1593.509 1593.04 1592.57 1592.101 1591.752 1591.802 1591.852 1591.901 1591.951 1592.365 1592.939 1593.512 1594.086 1594.631 1595.022 1595.413 1595.804 1596.195 1596.61 1597.04 1597.469 1597.898 1598.317 1598.635 1598.953 1599.271 1599.588 1599.764 1599.823 1599.882 1599.942 1600.0 1600.0 1600.0 1600.0 1600.0 1599.95 1599.846 1599.741 1599.637 1599.533 1599.368 1599.2 1599.031 1598.863 1598.631 1598.307 1597.982 1597.657 1597.332 1597.271 1597.25 1597.229 1597.207 1597.222 1597.31 1597.398 1597.485
