data/zism_data/00946_03_D.txt
ncols         224
nrows         224
[rows 168 to 195 of 224, columns 0 to 62 of 224]
1599.179 1599.399 1599.62 1599.84 1600.029 1600.134 1600.239 1600.343 1600.448 1600.863 1601.388 1601.912 1602.437 1602.999 1603.707 1604.415 1605.124 1605.832 1606.642 1607.503 1608.363 1609.224 1610.105 1611.123 1612.141 1613.159 1614.177 1615.785 1617.795 1619.805 1621.816 1623.828 1625.88 1627.932 1629.984 1632.037 1634.582 1637.579 1640.576 1643.573 1646.57 1651.539 1656.537 1661.534 1666.532 1671.271 1675.691 1680.111 1684.532 1688.952 1690.98 1692.78 1694.58 1696.38 1697.573 1697.762 1697.951 1698.14 1698.329 1698.306 1698.243 1698.18 1698.117
1599.179 1599.399 1599.62 1599.84 1600.047 1600.216 1600.385 1600.555 1600.724 1601.284 1601.98 1602.677 1603.374 1604.1 1604.943 1605.786 1606.629 1607.472 1608.348 1609.241 1610.134 1611.027 1611.953 1613.1 1614.248 1615.395 1616.542 1618.212 1620.238 1622.264 1624.291 1626.325 1628.479 1630.633 1632.788 1634.942 1637.5 1640.427 1643.354 1646.281 1649.208 1653.73 1658.276 1662.822 1667.367 1671.663 1675.653 1679.643 1683.632 1687.622 1689.647 1691.485 1693.323 1695.161 1696.41 1696.685 1696.959 1697.234 1697.509 1697.518 1697.477 1697.435 1697.394
1599.179 1599.399 1599.62 1599.84 1600.064 1600.298 1600.532 1600.766 1601.001 1601.704 1602.573 1603.442 1604.311 1605.202 1606.179 1607.157 1608.134 1609.112 1610.054 1610.98 1611.905 1612.83 1613.801 1615.078 1616.354 1617.63 1618.907 1620.638 1622.681 1624.723 1626.766 1628.821 1631.078 1633.334 1635.591 1637.847 1640.417 1643.274 1646.132 1648.989 1651.846 1655.922 1660.015 1664.109 1668.202 1672.056 1675.615 1679.174 1682.733 1686.292 1688.314 1690.19 1692.065 1693.941 1695.246 1695.607 1695.968 1696.329 1696.69 1696.731 1696.711 1696.691 1696.671
1599.213 1599.43 1599.647 1599.864 1600.106 1600.413 1600.72 1601.027 1601.335 1602.177 1603.209 1604.241 1605.273 1606.319 1607.421 1608.524 1609.626 1610.728 1611.735 1612.694 1613.653 1614.613 1615.629 1617.027 1618.425 1619.823 1621.221 1623.01 1625.065 1627.12 1629.175 1631.248 1633.597 1635.946 1638.295 1640.644 1643.226 1646.02 1648.815 1651.609 1654.404 1658.048 1661.705 1665.361 1669.018 1672.44 1675.575 1678.71 1681.845 1684.979 1686.988 1688.89 1690.791 1692.693 1694.048 1694.498 1694.948 1695.398 1695.849 1695.922 1695.923 1695.925 1695.926
1599.687 1599.855 1600.024 1600.192 1600.449 1600.939 1601.43 1601.92 1602.41 1603.332 1604.407 1605.482 1606.557 1607.638 1608.74 1609.842 1610.944 1612.047 1613.089 1614.102 1615.115 1616.128 1617.195 1618.62 1620.045 1621.47 1622.895 1624.675 1626.698 1628.721 1630.744 1632.784 1635.101 1637.418 1639.734 1642.051 1644.634 1647.461 1650.288 1653.115 1655.942 1659.348 1662.762 1666.177 1669.591 1672.725 1675.515 1678.306 1681.096 1683.886 1685.752 1687.53 1689.308 1691.085 1692.412 1692.991 1693.57 1694.15 1694.729 1694.841 1694.864 1694.887 1694.91
1600.16 1600.28 1600.4 1600.52 1600.793 1601.466 1602.139 1602.812 1603.485 1604.487 1605.605 1606.723 1607.841 1608.956 1610.058 1611.161 1612.263 1613.365 1614.444 1615.51 1616.577 1617.644 1618.761 1620.213 1621.665 1623.117 1624.569 1626.341 1628.331 1630.322 1632.313 1634.32 1636.605 1638.889 1641.174 1643.458 1646.043 1648.902 1651.761 1654.62 1657.48 1660.647 1663.819 1666.992 1670.164 1673.01 1675.456 1677.901 1680.347 1682.793 1684.516 1686.17 1687.824 1689.478 1690.776 1691.484 1692.193 1692.901 1693.61 1693.76 1693.805 1693.85 1693.894
1600.633 1600.705 1600.777 1600.848 1601.136 1601.992 1602.848 1603.704 1604.561 1605.642 1606.803 1607.964 1609.125 1610.274 1611.377 1612.479 1613.581 1614.683 1615.798 1616.919 1618.039 1619.16 1620.327 1621.806 1623.285 1624.764 1626.243 1628.006 1629.965 1631.923 1633.881 1635.857 1638.109 1640.361 1642.613 1644.866 1647.451 1650.343 1653.234 1656.126 1659.017 1661.947 1664.877 1667.807 1670.737 1673.294 1675.396 1677.497 1679.599 1681.7 1683.28 1684.81 1686.34 1687.87 1689.14 1689.977 1690.815 1691.653 1692.491 1692.68 1692.746 1692.812 1692.878
1601.107 1601.13 1601.153 1601.176 1601.479 1602.519 1603.558 1604.597 1605.636 1606.797 1608.001 1609.205 1610.409 1611.593 1612.695 1613.797 1614.9 1616.002 1617.152 1618.327 1619.501 1620.676 1621.893 1623.399 1624.905 1626.411 1627.916 1629.672 1631.598 1633.524 1635.45 1637.393 1639.613 1641.833 1644.053 1646.273 1648.86 1651.784 1654.708 1657.631 1660.555 1663.246 1665.934 1668.622 1671.31 1673.579 1675.336 1677.093 1678.85 1680.607 1682.044 1683.45 1684.856 1686.263 1687.504 1688.471 1689.438 1690.404 1691.371 1691.599 1691.687 1691.775 1691.862
1601.715 1601.746 1601.777 1601.808 1602.14 1603.263 1604.387 1605.511 1606.635 1607.844 1609.083 1610.321 1611.56 1612.772 1613.88 1614.988 1616.096 1617.204 1618.366 1619.555 1620.744 1621.933 1623.164 1624.674 1626.184 1627.694 1629.204 1630.944 1632.841 1634.737 1636.634 1638.544 1640.672 1642.801 1644.93 1647.058 1649.569 1652.43 1655.29 1658.151 1661.011 1663.532 1666.048 1668.564 1671.079 1673.182 1674.776 1676.371 1677.966 1679.561 1680.912 1682.24 1683.567 1684.895 1686.103 1687.115 1688.127 1689.139 1690.151 1690.425 1690.56 1690.694 1690.829
1602.447 1602.537 1602.627 1602.717 1603.09 1604.209 1605.327 1606.446 1607.564 1608.792 1610.057 1611.323 1612.589 1613.824 1614.943 1616.062 1617.18 1618.299 1619.45 1620.618 1621.785 1622.953 1624.163 1625.657 1627.151 1628.645 1630.139 1631.856 1633.726 1635.595 1637.465 1639.341 1641.324 1643.308 1645.291 1647.274 1649.637 1652.347 1655.057 1657.766 1660.476 1662.889 1665.297 1667.705 1670.113 1672.158 1673.759 1675.359 1676.959 1678.56 1679.877 1681.167 1682.456 1683.746 1684.919 1685.899 1686.878 1687.858 1688.838 1689.166 1689.37 1689.574 1689.779
1603.178 1603.328 1603.477 1603.626 1604.041 1605.154 1606.267 1607.381 1608.494 1609.74 1611.032 1612.325 1613.617 1614.877 1616.006 1617.135 1618.265 1619.394 1620.535 1621.681 1622.827 1623.973 1625.162 1626.64 1628.117 1629.595 1631.073 1632.768 1634.611 1636.453 1638.296 1640.138 1641.976 1643.814 1645.652 1647.49 1649.705 1652.264 1654.823 1657.382 1659.942 1662.246 1664.546 1666.847 1669.147 1671.135 1672.741 1674.347 1675.953 1677.558 1678.841 1680.093 1681.345 1682.598 1683.735 1684.682 1685.63 1686.577 1687.524 1687.906 1688.18 1688.455 1688.729
1603.91 1604.119 1604.327 1604.536 1604.992 1606.1 1607.208 1608.315 1609.423 1610.687 1612.007 1613.326 1614.646 1615.929 1617.069 1618.209 1619.349 1620.489 1621.619 1622.744 1623.868 1624.992 1626.161 1627.622 1629.084 1630.546 1632.008 1633.68 1635.495 1637.311 1639.127 1640.936 1642.628 1644.321 1646.014 1647.706 1649.773 1652.181 1654.589 1656.998 1659.406 1661.602 1663.795 1665.988 1668.181 1670.112 1671.723 1673.334 1674.946 1676.557 1677.806 1679.02 1680.234 1681.449 1682.551 1683.466 1684.381 1685.296 1686.211 1686.646 1686.99 1687.335 1687.679
1604.642 1604.91 1605.177 1605.445 1605.943 1607.045 1608.147 1609.25 1610.352 1611.635 1612.981 1614.328 1615.674 1616.981 1618.132 1619.283 1620.434 1621.585 1622.703 1623.806 1624.909 1626.012 1627.16 1628.605 1630.051 1631.496 1632.942 1634.592 1636.38 1638.169 1639.958 1641.733 1643.28 1644.828 1646.375 1647.922 1649.84 1652.098 1654.356 1656.614 1658.871 1660.959 1663.044 1665.13 1667.215 1669.089 1670.706 1672.322 1673.939 1675.555 1676.77 1677.947 1679.124 1680.3 1681.366 1682.249 1683.132 1684.015 1684.897 1685.386 1685.801 1686.215 1686.63
1605.335 1605.672 1606.01 1606.347 1606.882 1607.937 1608.992 1610.047 1611.103 1612.37 1613.712 1615.054 1616.396 1617.706 1618.894 1620.082 1621.27 1622.458 1623.62 1624.769 1625.918 1627.068 1628.248 1629.636 1631.023 1632.411 1633.799 1635.384 1637.104 1638.824 1640.544 1642.25 1643.731 1645.211 1646.692 1648.172 1650.001 1652.15 1654.299 1656.448 1658.597 1660.582 1662.565 1664.547 1666.53 1668.299 1669.806 1671.313 1672.82 1674.327 1675.56 1676.767 1677.974 1679.181 1680.265 1681.147 1682.029 1682.911 1683.792 1684.314 1684.767 1685.22 1685.673
1606.026 1606.434 1606.841 1607.248 1607.821 1608.828 1609.834 1610.841 1611.848 1613.098 1614.435 1615.771 1617.108 1618.422 1619.648 1620.873 1622.099 1623.324 1624.531 1625.729 1626.927 1628.124 1629.339 1630.667 1631.996 1633.324 1634.653 1636.172 1637.823 1639.473 1641.123 1642.759 1644.175 1645.591 1647.007 1648.423 1650.165 1652.206 1654.247 1656.289 1658.33 1660.213 1662.093 1663.974 1665.854 1667.516 1668.91 1670.303 1671.697 1673.091 1674.344 1675.583 1676.823 1678.062 1679.167 1680.048 1680.93 1681.812 1682.694 1683.247 1683.737 1684.228 1684.719
1606.718 1607.195 1607.672 1608.15 1608.76 1609.718 1610.676 1611.635 1612.593 1613.827 1615.158 1616.489 1617.82 1619.138 1620.401 1621.664 1622.927 1624.19 1625.442 1626.688 1627.935 1629.181 1630.43 1631.699 1632.968 1634.238 1635.507 1636.961 1638.541 1640.121 1641.701 1643.268 1644.62 1645.971 1647.322 1648.673 1650.328 1652.262 1654.196 1656.129 1658.063 1659.843 1661.621 1663.4 1665.178 1666.733 1668.013 1669.294 1670.575 1671.856 1673.128 1674.4 1675.672 1676.943 1678.068 1678.95 1679.831 1680.713 1681.595 1682.18 1682.708 1683.236 1683.765
1607.409 1607.957 1608.504 1609.051 1609.698 1610.608 1611.518 1612.428 1613.338 1614.555 1615.881 1617.207 1618.533 1619.854 1621.154 1622.455 1623.756 1625.057 1626.354 1627.648 1628.943 1630.237 1631.521 1632.731 1633.941 1635.151 1636.361 1637.749 1639.26 1640.77 1642.28 1643.777 1645.064 1646.351 1647.637 1648.924 1650.492 1652.318 1654.144 1655.97 1657.796 1659.474 1661.15 1662.826 1664.502 1665.949 1667.117 1668.285 1669.453 1670.62 1671.912 1673.216 1674.52 1675.824 1676.969 1677.851 1678.733 1679.615 1680.496 1681.113 1681.679 1682.245 1682.811
1607.983 1608.607 1609.232 1609.856 1610.552 1611.441 1612.33 1613.218 1614.107 1615.305 1616.611 1617.918 1619.225 1620.537 1621.869 1623.2 1624.532 1625.864 1627.179 1628.486 1629.793 1631.1 1632.391 1633.583 1634.775 1635.966 1637.158 1638.506 1639.962 1641.418 1642.875 1644.318 1645.554 1646.789 1648.025 1649.26 1650.743 1652.453 1654.162 1655.871 1657.58 1659.158 1660.734 1662.31 1663.886 1665.249 1666.351 1667.453 1668.556 1669.658 1670.939 1672.236 1673.534 1674.832 1675.97 1676.842 1677.715 1678.588 1679.461 1680.105 1680.707 1681.308 1681.91
1608.395 1609.105 1609.816 1610.526 1611.289 1612.194 1613.099 1614.004 1614.908 1616.083 1617.352 1618.621 1619.89 1621.176 1622.529 1623.883 1625.236 1626.589 1627.886 1629.156 1630.425 1631.694 1632.958 1634.187 1635.416 1636.646 1637.875 1639.22 1640.643 1642.067 1643.491 1644.902 1646.105 1647.309 1648.512 1649.715 1651.115 1652.695 1654.276 1655.855 1657.436 1658.916 1660.395 1661.874 1663.353 1664.663 1665.765 1666.867 1667.97 1669.072 1670.299 1671.537 1672.776 1674.014 1675.107 1675.958 1676.809 1677.661 1678.512 1679.18 1679.814 1680.448 1681.082
1608.807 1609.603 1610.399 1611.196 1612.026 1612.947 1613.868 1614.789 1615.71 1616.86 1618.092 1619.323 1620.555 1621.815 1623.19 1624.565 1625.94 1627.315 1628.594 1629.825 1631.057 1632.288 1633.524 1634.791 1636.058 1637.325 1638.592 1639.933 1641.324 1642.716 1644.107 1645.486 1646.657 1647.828 1648.999 1650.17 1651.487 1652.938 1654.389 1655.84 1657.291 1658.674 1660.056 1661.438 1662.821 1664.077 1665.179 1666.281 1667.384 1668.486 1669.659 1670.838 1672.017 1673.197 1674.244 1675.074 1675.904 1676.733 1677.563 1678.255 1678.921 1679.587 1680.253
1609.219 1610.101 1610.983 1611.866 1612.763 1613.7 1614.637 1615.574 1616.511 1617.638 1618.832 1620.026 1621.22 1622.454 1623.851 1625.247 1626.643 1628.04 1629.301 1630.495 1631.689 1632.883 1634.091 1635.395 1636.7 1638.005 1639.309 1640.646 1642.005 1643.365 1644.724 1646.07 1647.209 1648.348 1649.487 1650.625 1651.859 1653.181 1654.503 1655.825 1657.146 1658.432 1659.717 1661.003 1662.288 1663.491 1664.593 1665.696 1666.798 1667.9 1669.019 1670.139 1671.259 1672.379 1673.382 1674.19 1674.998 1675.806 1676.614 1677.33 1678.028 1678.727 1679.425
1609.63 1610.599 1611.567 1612.536 1613.5 1614.453 1615.407 1616.36 1617.313 1618.416 1619.572 1620.728 1621.885 1623.094 1624.511 1625.929 1627.347 1628.765 1630.009 1631.165 1632.321 1633.477 1634.657 1636.0 1637.342 1638.684 1640.026 1641.359 1642.686 1644.013 1645.34 1646.654 1647.761 1648.867 1649.974 1651.08 1652.232 1653.424 1654.617 1655.809 1657.002 1658.19 1659.379 1660.567 1661.755 1662.905 1664.007 1665.109 1666.212 1667.314 1668.379 1669.44 1670.5 1671.561 1672.519 1673.306 1674.092 1674.879 1675.666 1676.405 1677.136 1677.866 1678.597
1609.376 1610.422 1611.467 1612.512 1613.56 1614.613 1615.667 1616.72 1617.774 1618.924 1620.108 1621.292 1622.476 1623.704 1625.106 1626.508 1627.91 1629.312 1630.565 1631.745 1632.924 1634.103 1635.304 1636.646 1637.989 1639.331 1640.674 1641.991 1643.29 1644.589 1645.889 1647.175 1648.249 1649.323 1650.397 1651.471 1652.562 1653.667 1654.773 1655.879 1656.984 1658.145 1659.307 1660.468 1661.63 1662.761 1663.854 1664.947 1666.039 1667.132 1668.129 1669.117 1670.104 1671.092 1671.989 1672.735 1673.482 1674.228 1674.974 1675.699 1676.42 1677.141 1677.862
1609.022 1610.143 1611.264 1612.384 1613.518 1614.684 1615.851 1617.017 1618.184 1619.391 1620.613 1621.835 1623.056 1624.31 1625.691 1627.071 1628.451 1629.832 1631.1 1632.311 1633.523 1634.734 1635.963 1637.3 1638.637 1639.974 1641.311 1642.609 1643.882 1645.154 1646.427 1647.686 1648.728 1649.769 1650.811 1651.853 1652.886 1653.911 1654.936 1655.96 1656.985 1658.129 1659.274 1660.42 1661.566 1662.683 1663.765 1664.847 1665.929 1667.011 1667.938 1668.851 1669.763 1670.675 1671.509 1672.212 1672.915 1673.619 1674.322 1675.026 1675.731 1676.436 1677.141
1608.668 1609.864 1611.06 1612.256 1613.475 1614.755 1616.035 1617.314 1618.594 1619.859 1621.118 1622.377 1623.637 1624.916 1626.275 1627.634 1628.993 1630.352 1631.634 1632.878 1634.122 1635.366 1636.621 1637.953 1639.284 1640.616 1641.948 1643.228 1644.474 1645.719 1646.965 1648.197 1649.206 1650.216 1651.225 1652.235 1653.21 1654.154 1655.098 1656.042 1656.986 1658.113 1659.242 1660.372 1661.501 1662.604 1663.676 1664.747 1665.819 1666.89 1667.747 1668.584 1669.421 1670.258 1671.029 1671.689 1672.349 1673.009 1673.67 1674.354 1675.042 1675.731 1676.419
1608.314 1609.586 1610.857 1612.129 1613.433 1614.826 1616.219 1617.611 1619.004 1620.326 1621.623 1622.92 1624.217 1625.522 1626.859 1628.197 1629.534 1630.872 1632.168 1633.444 1634.721 1635.997 1637.28 1638.606 1639.932 1641.259 1642.585 1643.847 1645.066 1646.284 1647.503 1648.707 1649.685 1650.662 1651.639 1652.617 1653.534 1654.398 1655.261 1656.124 1656.988 1658.097 1659.21 1660.324 1661.437 1662.526 1663.587 1664.648 1665.708 1666.769 1667.556 1668.318 1669.08 1669.841 1670.549 1671.166 1671.783 1672.4 1673.017 1673.681 1674.353 1675.026 1675.698
1608.035 1609.368 1610.701 1612.034 1613.405 1614.874 1616.344 1617.814 1619.283 1620.656 1621.994 1623.332 1624.67 1626.009 1627.353 1628.696 1630.039 1631.382 1632.687 1633.971 1635.255 1636.54 1637.827 1639.135 1640.442 1641.749 1643.056 1644.296 1645.489 1646.682 1647.876 1649.054 1649.994 1650.934 1651.874 1652.814 1653.693 1654.517 1655.341 1656.164 1656.988 1658.086 1659.188 1660.291 1661.393 1662.47 1663.516 1664.563 1665.609 1666.656 1667.392 1668.099 1668.806 1669.513 1670.175 1670.763 1671.35 1671.938 1672.526 1673.167 1673.818 1674.469 1675.12
1607.915 1609.28 1610.645 1612.011 1613.405 1614.874 1616.344 1617.814 1619.283 1620.692 1622.078 1623.465 1624.851 1626.242 1627.65 1629.058 1630.466 1631.874 1633.171 1634.412 1635.653 1636.895 1638.138 1639.397 1640.656 1641.915 1643.174 1644.381 1645.552 1646.724 1647.896 1649.052 1649.943 1650.834 1651.726 1652.617 1653.499 1654.371 1655.243 1656.115 1656.987 1658.086 1659.188 1660.291 1661.393 1662.46 1663.485 1664.51 1665.535 1666.56 1667.285 1667.981 1668.677 1669.373 1670.028 1670.616 1671.204 1671.792 1672.38 1672.994 1673.612 1674.231 1674.85
