data/zism_data/00944_04_D.txt
ncols         224
nrows         224
[rows 0 to 27 of 224, columns 126 to 188 of 224]
1625.837 1619.356 1612.876 1606.396 1599.837 1590.659 1581.48 1572.302 1563.124 1552.743 1541.048 1529.354 1517.661 1505.966 1495.319 1484.752 1474.186 1463.62 1453.775 1445.123 1436.472 1427.821 1419.169 1412.573 1406.409 1400.245 1394.081 1388.23 1383.198 1378.167 1373.136 1368.104 1364.526 1361.5 1358.473 1355.447 1352.361 1348.991 1345.621 1342.251 1338.881 1336.462 1334.618 1332.775 1330.931 1329.072 1327.02 1324.968 1322.917 1320.865 1318.073 1314.605 1311.136 1307.667 1304.198 1300.044 1295.869 1291.695 1287.52 1283.333 1279.129 1274.926 1270.722
1619.291 1612.891 1606.491 1600.092 1593.608 1584.334 1575.059 1565.784 1556.509 1546.224 1534.835 1523.447 1512.059 1500.671 1490.353 1480.12 1469.886 1459.652 1449.926 1441.038 1432.151 1423.264 1414.376 1407.442 1400.918 1394.395 1387.872 1381.712 1376.509 1371.306 1366.103 1360.9 1357.496 1354.776 1352.055 1349.335 1346.548 1343.446 1340.344 1337.243 1334.141 1332.017 1330.484 1328.952 1327.419 1325.879 1324.229 1322.579 1320.93 1319.281 1316.847 1313.695 1310.542 1307.39 1304.238 1300.306 1296.352 1292.397 1288.442 1284.408 1280.263 1276.119 1271.974
1612.745 1606.426 1600.107 1593.787 1587.38 1578.008 1568.637 1559.265 1549.894 1539.704 1528.622 1517.539 1506.457 1495.374 1485.388 1475.487 1465.586 1455.685 1446.077 1436.953 1427.83 1418.706 1409.583 1402.31 1395.427 1388.545 1381.662 1375.195 1369.82 1364.445 1359.071 1353.696 1350.466 1348.052 1345.637 1343.222 1340.735 1337.901 1335.068 1332.234 1329.401 1327.572 1326.351 1325.129 1323.908 1322.685 1321.438 1320.191 1318.943 1317.696 1315.62 1312.785 1309.949 1307.113 1304.278 1300.569 1296.834 1293.099 1289.365 1285.482 1281.397 1277.311 1273.226
1605.474 1599.42 1593.367 1587.314 1581.174 1572.115 1563.057 1553.999 1544.941 1535.144 1524.541 1513.938 1503.335 1492.731 1483.028 1473.394 1463.761 1454.128 1444.603 1435.258 1425.912 1416.567 1407.222 1399.554 1392.24 1384.926 1377.611 1370.719 1364.936 1359.153 1353.371 1347.588 1344.204 1341.731 1339.258 1336.785 1334.309 1331.816 1329.323 1326.83 1324.337 1322.835 1321.932 1321.029 1320.126 1319.227 1318.375 1317.523 1316.672 1315.819 1314.115 1311.63 1309.145 1306.659 1304.174 1300.693 1297.183 1293.673 1290.163 1286.399 1282.283 1278.167 1274.052
1597.312 1591.752 1586.192 1580.633 1574.995 1566.753 1558.51 1550.267 1542.025 1532.984 1523.073 1513.162 1503.252 1493.34 1483.861 1474.416 1464.97 1455.524 1446.04 1436.491 1426.942 1417.393 1407.843 1399.71 1391.875 1384.041 1376.206 1368.744 1362.264 1355.784 1349.304 1342.823 1338.882 1335.904 1332.927 1329.95 1327.132 1325.068 1323.004 1320.941 1318.877 1317.741 1317.165 1316.589 1316.014 1315.446 1314.981 1314.515 1314.049 1313.584 1312.269 1310.175 1308.081 1305.987 1303.894 1300.649 1297.37 1294.09 1290.811 1287.122 1282.866 1278.611 1274.356
1589.15 1584.084 1579.018 1573.952 1568.817 1561.39 1553.963 1546.536 1539.109 1530.825 1521.606 1512.387 1503.168 1493.95 1484.695 1475.437 1466.179 1456.921 1447.477 1437.724 1427.971 1418.218 1408.465 1399.867 1391.511 1383.156 1374.8 1366.77 1359.592 1352.414 1345.237 1338.059 1333.56 1330.078 1326.597 1323.115 1319.955 1318.32 1316.686 1315.051 1313.417 1312.646 1312.398 1312.15 1311.901 1311.665 1311.586 1311.507 1311.427 1311.348 1310.422 1308.72 1307.018 1305.316 1303.614 1300.604 1297.556 1294.507 1291.459 1287.844 1283.449 1279.055 1274.66
1580.988 1576.415 1571.843 1567.271 1562.639 1556.028 1549.416 1542.804 1536.193 1528.665 1520.138 1511.612 1503.085 1494.559 1485.528 1476.458 1467.388 1458.318 1448.914 1438.957 1429.0 1419.043 1409.086 1400.023 1391.147 1382.271 1373.395 1364.795 1356.92 1349.045 1341.17 1333.294 1328.238 1324.252 1320.266 1316.28 1312.778 1311.572 1310.367 1309.162 1307.957 1307.552 1307.631 1307.71 1307.789 1307.884 1308.191 1308.498 1308.805 1309.112 1308.575 1307.265 1305.955 1304.644 1303.334 1300.56 1297.742 1294.924 1292.106 1288.567 1284.033 1279.499 1274.964
1572.826 1568.747 1564.668 1560.59 1556.461 1550.665 1544.869 1539.073 1533.277 1526.506 1518.671 1510.837 1503.002 1495.168 1486.361 1477.479 1468.597 1459.715 1450.351 1440.19 1430.029 1419.869 1409.708 1400.179 1390.782 1381.386 1371.99 1362.821 1354.248 1345.675 1337.103 1328.53 1322.916 1318.425 1313.935 1309.445 1305.601 1304.825 1304.049 1303.273 1302.497 1302.457 1302.864 1303.27 1303.676 1304.103 1304.797 1305.49 1306.183 1306.876 1306.729 1305.81 1304.891 1303.973 1303.054 1300.515 1297.928 1295.341 1292.754 1289.29 1284.616 1279.942 1275.268
1564.544 1561.017 1557.49 1553.962 1550.38 1544.956 1539.532 1534.108 1528.683 1522.23 1514.654 1507.078 1499.501 1491.925 1483.513 1475.035 1466.558 1458.08 1449.257 1439.861 1430.466 1421.07 1411.674 1402.486 1393.34 1384.195 1375.05 1365.911 1356.79 1347.67 1338.549 1329.428 1323.06 1317.738 1312.416 1307.093 1302.52 1301.508 1300.496 1299.484 1298.472 1298.323 1298.694 1299.067 1299.438 1299.847 1300.724 1301.601 1302.478 1303.355 1303.362 1302.569 1301.777 1300.985 1300.193 1297.577 1294.908 1292.238 1289.568 1286.058 1281.39 1276.721 1272.052
1556.249 1553.279 1550.31 1547.341 1544.309 1539.207 1534.105 1529.003 1523.901 1517.715 1510.348 1502.981 1495.614 1488.247 1480.249 1472.2 1464.152 1456.104 1447.877 1439.356 1430.835 1422.314 1413.793 1405.036 1396.228 1387.421 1378.614 1369.574 1359.922 1350.27 1340.619 1330.966 1323.822 1317.63 1311.439 1305.247 1299.902 1298.579 1297.256 1295.933 1294.609 1294.296 1294.593 1294.89 1295.186 1295.537 1296.575 1297.613 1298.651 1299.689 1299.823 1299.127 1298.432 1297.736 1297.04 1294.313 1291.525 1288.737 1285.95 1282.38 1277.733 1273.086 1268.439
1547.953 1545.542 1543.13 1540.719 1538.239 1533.459 1528.679 1523.898 1519.118 1513.201 1506.043 1498.885 1491.728 1484.57 1476.984 1469.365 1461.746 1454.127 1446.498 1438.851 1431.205 1423.558 1415.911 1407.586 1399.116 1390.647 1382.178 1373.237 1363.053 1352.87 1342.688 1332.504 1324.584 1317.523 1310.463 1303.402 1297.285 1295.65 1294.016 1292.381 1290.747 1290.269 1290.491 1290.713 1290.934 1291.227 1292.426 1293.625 1294.824 1296.023 1296.284 1295.685 1295.086 1294.487 1293.888 1291.049 1288.143 1285.237 1282.331 1278.703 1274.077 1269.451 1264.825
1539.657 1537.804 1535.951 1534.098 1532.169 1527.71 1523.252 1518.794 1514.335 1508.686 1501.737 1494.789 1487.841 1480.892 1473.72 1466.53 1459.34 1452.15 1445.118 1438.346 1431.574 1424.802 1418.03 1410.135 1402.004 1393.873 1385.742 1376.899 1366.185 1355.471 1344.757 1334.042 1325.346 1317.416 1309.486 1301.556 1294.667 1292.721 1290.776 1288.83 1286.884 1286.242 1286.389 1286.536 1286.682 1286.917 1288.277 1289.637 1290.997 1292.357 1292.745 1292.243 1291.74 1291.238 1290.735 1287.784 1284.76 1281.737 1278.713 1275.025 1270.42 1265.816 1261.212
1531.836 1530.346 1528.857 1527.367 1525.8 1521.623 1517.445 1513.268 1509.09 1503.675 1496.909 1490.144 1483.379 1476.613 1469.783 1462.948 1456.113 1449.278 1442.718 1436.613 1430.509 1424.404 1418.3 1410.866 1403.153 1395.441 1387.727 1379.099 1368.06 1357.022 1345.984 1334.946 1325.691 1317.114 1308.537 1299.96 1292.477 1290.19 1287.904 1285.617 1283.33 1282.449 1282.418 1282.387 1282.356 1282.427 1283.812 1285.197 1286.581 1287.966 1288.407 1287.982 1287.558 1287.133 1286.709 1283.74 1280.695 1277.65 1274.605 1270.918 1266.347 1261.775 1257.204
1524.901 1523.412 1521.923 1520.433 1518.872 1514.898 1510.925 1506.951 1502.977 1497.733 1491.101 1484.47 1477.839 1471.208 1464.586 1457.966 1451.345 1444.725 1438.404 1432.578 1426.753 1420.927 1415.101 1408.187 1401.042 1393.898 1386.754 1378.555 1367.581 1356.607 1345.634 1334.66 1325.255 1316.448 1307.64 1298.832 1291.089 1288.406 1285.722 1283.038 1280.354 1279.093 1278.692 1278.29 1277.889 1277.6 1278.755 1279.909 1281.063 1282.217 1282.569 1282.188 1281.806 1281.424 1281.043 1278.231 1275.348 1272.464 1269.58 1266.009 1261.491 1256.973 1252.455
1517.967 1516.478 1514.989 1513.499 1511.944 1508.174 1504.404 1500.635 1496.865 1491.791 1485.294 1478.797 1472.299 1465.802 1459.39 1452.984 1446.578 1440.172 1434.09 1428.543 1422.996 1417.45 1411.903 1405.507 1398.931 1392.356 1385.78 1378.011 1367.102 1356.192 1345.283 1334.373 1324.82 1315.781 1306.743 1297.704 1289.702 1286.621 1283.541 1280.46 1277.379 1275.737 1274.966 1274.194 1273.423 1272.774 1273.697 1274.621 1275.544 1276.467 1276.732 1276.393 1276.055 1275.716 1275.377 1272.723 1270.0 1267.277 1264.554 1261.1 1256.635 1252.171 1247.707
1511.033 1509.544 1508.054 1506.565 1505.016 1501.45 1497.884 1494.318 1490.752 1485.849 1479.485 1473.123 1466.76 1460.397 1454.193 1448.001 1441.81 1435.619 1429.776 1424.508 1419.24 1413.973 1408.705 1402.827 1396.82 1390.813 1384.806 1377.467 1366.622 1355.777 1344.932 1334.087 1324.384 1315.115 1305.846 1296.576 1288.315 1284.837 1281.359 1277.881 1274.403 1272.381 1271.24 1270.098 1268.956 1267.947 1268.64 1269.333 1270.025 1270.718 1270.895 1270.599 1270.303 1270.007 1269.712 1267.215 1264.653 1262.091 1259.529 1256.19 1251.78 1247.369 1242.958
1504.099 1502.61 1501.121 1499.631 1498.088 1494.726 1491.364 1488.002 1484.64 1479.907 1473.678 1467.449 1461.22 1454.991 1448.996 1443.019 1437.043 1431.066 1425.462 1420.473 1415.484 1410.496 1405.507 1400.147 1394.709 1389.271 1383.833 1376.924 1366.143 1355.362 1344.582 1333.801 1323.948 1314.448 1304.949 1295.449 1286.927 1283.052 1279.177 1275.303 1271.428 1269.026 1267.514 1266.002 1264.49 1263.121 1263.583 1264.045 1264.507 1264.969 1265.057 1264.805 1264.552 1264.299 1264.046 1261.707 1259.306 1256.905 1254.504 1251.281 1246.924 1242.567 1238.21
1501.563 1499.604 1497.644 1495.684 1493.676 1490.065 1486.453 1482.842 1479.231 1474.329 1468.021 1461.712 1455.404 1449.095 1442.921 1436.756 1430.592 1424.428 1418.691 1413.661 1408.63 1403.6 1398.57 1393.241 1387.85 1382.459 1377.068 1370.316 1359.985 1349.653 1339.322 1328.99 1319.566 1310.485 1301.405 1292.324 1284.126 1280.119 1276.113 1272.106 1268.099 1265.398 1263.486 1261.574 1259.662 1257.885 1257.843 1257.8 1257.758 1257.715 1257.529 1257.213 1256.896 1256.579 1256.262 1254.231 1252.149 1250.068 1247.986 1244.986 1240.721 1236.457 1232.192
1500.147 1497.597 1495.047 1492.497 1489.905 1485.929 1481.953 1477.977 1474.0 1468.845 1462.402 1455.959 1449.517 1443.074 1436.621 1430.167 1423.713 1417.259 1411.295 1406.141 1400.988 1395.834 1390.68 1385.259 1379.782 1374.305 1368.828 1362.165 1352.381 1342.597 1332.813 1323.029 1314.178 1305.682 1297.187 1288.691 1280.965 1276.894 1272.823 1268.752 1264.681 1261.701 1259.381 1257.061 1254.741 1252.545 1251.928 1251.312 1250.695 1250.079 1249.571 1249.163 1248.755 1248.347 1247.938 1246.254 1244.532 1242.809 1241.087 1238.339 1234.176 1230.013 1225.85
1498.73 1495.59 1492.45 1489.31 1486.135 1481.794 1477.453 1473.111 1468.77 1463.36 1456.783 1450.206 1443.63 1437.053 1430.321 1423.578 1416.834 1410.09 1403.899 1398.622 1393.345 1388.068 1382.791 1377.278 1371.715 1366.152 1360.589 1354.015 1344.778 1335.541 1326.304 1317.067 1308.791 1300.88 1292.969 1285.058 1277.804 1273.669 1269.533 1265.398 1261.262 1258.004 1255.277 1252.549 1249.821 1247.205 1246.014 1244.824 1243.633 1242.442 1241.612 1241.113 1240.614 1240.115 1239.615 1238.277 1236.914 1235.552 1234.189 1231.692 1227.631 1223.57 1219.509
1497.314 1493.583 1489.853 1486.123 1482.364 1477.658 1472.952 1468.246 1463.54 1457.875 1451.164 1444.453 1437.743 1431.031 1424.022 1416.988 1409.955 1402.921 1396.503 1391.103 1385.702 1380.302 1374.901 1369.296 1363.647 1357.998 1352.35 1345.864 1337.174 1328.484 1319.795 1311.105 1303.404 1296.078 1288.752 1281.426 1274.643 1270.443 1266.244 1262.044 1257.844 1254.307 1251.172 1248.036 1244.901 1241.865 1240.1 1238.335 1236.571 1234.806 1233.654 1233.063 1232.473 1231.882 1231.292 1230.3 1229.297 1228.293 1227.29 1225.045 1221.085 1217.127 1213.167
1497.26 1492.923 1488.587 1484.25 1479.89 1474.744 1469.598 1464.452 1459.306 1453.333 1446.459 1439.585 1432.711 1425.837 1418.619 1411.373 1404.128 1396.883 1390.255 1384.646 1379.038 1373.429 1367.82 1361.957 1356.04 1350.123 1344.206 1337.665 1329.48 1321.296 1313.111 1304.927 1297.704 1290.846 1283.989 1277.131 1270.733 1266.516 1262.299 1258.083 1253.866 1250.14 1246.71 1243.281 1239.851 1236.505 1234.223 1231.941 1229.659 1227.377 1225.901 1225.166 1224.43 1223.694 1222.958 1222.115 1221.269 1220.423 1219.576 1217.454 1213.572 1209.69 1205.808
1501.373 1496.382 1491.391 1486.4 1481.385 1475.568 1469.751 1463.934 1458.118 1451.675 1444.548 1437.422 1430.296 1423.169 1415.958 1408.739 1401.521 1394.303 1387.515 1381.44 1375.365 1369.289 1363.214 1356.587 1349.844 1343.1 1336.357 1329.321 1321.511 1313.702 1305.893 1298.084 1291.047 1284.301 1277.557 1270.812 1264.529 1260.441 1256.353 1252.265 1248.177 1244.533 1241.157 1237.782 1234.406 1231.084 1228.459 1225.833 1223.208 1220.583 1218.781 1217.734 1216.686 1215.639 1214.592 1213.292 1211.985 1210.677 1209.369 1206.98 1203.098 1199.215 1195.333
1505.486 1499.84 1494.195 1488.549 1482.879 1476.392 1469.904 1463.417 1456.929 1450.016 1442.637 1435.259 1427.88 1420.502 1413.297 1406.105 1398.914 1391.722 1384.776 1378.233 1371.691 1365.149 1358.607 1351.216 1343.647 1336.077 1328.508 1320.976 1313.542 1306.109 1298.676 1291.242 1284.389 1277.757 1271.125 1264.492 1258.325 1254.366 1250.407 1246.448 1242.489 1238.927 1235.604 1232.282 1228.96 1225.663 1222.694 1219.726 1216.757 1213.788 1211.66 1210.301 1208.943 1207.585 1206.226 1204.469 1202.7 1200.931 1199.162 1196.505 1192.623 1188.741 1184.859
1509.599 1503.299 1496.999 1490.699 1484.373 1477.215 1470.057 1462.899 1455.741 1448.357 1440.726 1433.095 1425.465 1417.834 1410.636 1403.471 1396.307 1389.142 1382.036 1375.027 1368.018 1361.009 1354.0 1345.846 1337.45 1329.054 1320.658 1312.631 1305.573 1298.515 1291.458 1284.4 1277.732 1271.212 1264.693 1258.173 1252.121 1248.291 1244.461 1240.63 1236.8 1233.32 1230.051 1226.783 1223.514 1220.242 1216.93 1213.618 1210.306 1206.994 1204.539 1202.869 1201.2 1199.53 1197.861 1195.646 1193.416 1191.185 1188.955 1186.03 1182.148 1178.266 1174.384
1513.713 1506.757 1499.803 1492.848 1485.868 1478.039 1470.21 1462.382 1454.553 1446.698 1438.815 1430.932 1423.05 1415.167 1407.975 1400.837 1393.699 1386.562 1379.297 1371.821 1364.345 1356.869 1349.393 1340.475 1331.253 1322.031 1312.809 1304.286 1297.604 1290.922 1284.24 1277.557 1271.075 1264.668 1258.261 1251.854 1245.917 1242.216 1238.514 1234.813 1231.111 1227.713 1224.498 1221.283 1218.068 1214.821 1211.166 1207.51 1203.855 1200.199 1197.417 1195.437 1193.456 1191.475 1189.495 1186.823 1184.132 1181.44 1178.748 1175.556 1171.673 1167.791 1163.909
1516.824 1509.48 1502.135 1494.791 1487.43 1479.501 1471.573 1463.645 1455.716 1447.891 1440.177 1432.464 1424.751 1417.037 1410.091 1403.204 1396.317 1389.43 1382.142 1374.192 1366.242 1358.292 1350.342 1340.56 1330.392 1320.225 1310.057 1300.846 1294.151 1287.456 1280.761 1274.066 1267.429 1260.814 1254.199 1247.583 1241.439 1237.534 1233.629 1229.724 1225.819 1222.392 1219.253 1216.114 1212.975 1209.789 1205.999 1202.21 1198.42 1194.63 1191.598 1189.261 1186.925 1184.588 1182.251 1179.02 1175.762 1172.505 1169.247 1165.658 1161.611 1157.565 1153.518
1519.498 1511.88 1504.262 1496.644 1489.021 1481.243 1473.465 1465.687 1457.908 1450.331 1442.971 1435.612 1428.253 1420.894 1414.296 1407.758 1401.22 1394.681 1387.431 1379.004 1370.576 1362.149 1353.721 1343.032 1331.866 1320.701 1309.535 1299.55 1292.673 1285.796 1278.918 1272.041 1265.101 1258.137 1251.173 1244.209 1237.716 1233.463 1229.209 1224.955 1220.702 1217.196 1214.143 1211.09 1208.037 1204.928 1201.095 1197.262 1193.429 1189.596 1186.348 1183.636 1180.924 1178.211 1175.499 1171.663 1167.794 1163.924 1160.055 1156.012 1151.729 1147.447 1143.164
