data/zism_data/00946_04_D.txt
ncols         224
nrows         224
[rows 140 to 167 of 224, columns 0 to 62 of 224]
1872.936 1872.732 1872.528 1872.366 1872.25 1872.135 1872.02 1871.904 1872.85 1873.879 1874.908 1875.936 1876.938 1877.898 1878.858 1879.818 1880.778 1881.79 1882.811 1883.833 1884.854 1885.845 1886.768 1887.692 1888.616 1889.54 1890.499 1891.468 1892.437 1893.406 1894.678 1896.88 1899.082 1901.283 1903.485 1908.026 1913.523 1919.019 1924.516 1929.922 1934.899 1939.877 1944.854 1949.832 1955.02 1960.329 1965.637 1970.946 1976.145 1980.375 1984.605 1988.835 1993.065 1995.993 1997.919 1999.844 2001.77 2003.662 2004.43 2005.198 2005.966 2006.734 2007.057
1875.727 1875.357 1874.986 1874.664 1874.398 1874.132 1873.866 1873.6 1874.535 1875.564 1876.592 1877.621 1878.615 1879.553 1880.491 1881.429 1882.368 1883.257 1884.139 1885.02 1885.902 1886.761 1887.572 1888.382 1889.193 1890.004 1890.888 1891.792 1892.697 1893.601 1894.785 1896.825 1898.865 1900.906 1902.946 1907.242 1912.458 1917.674 1922.891 1928.067 1933.05 1938.033 1943.016 1947.999 1953.302 1958.788 1964.274 1969.76 1975.134 1979.515 1983.896 1988.277 1992.658 1995.661 1997.602 1999.544 2001.486 2003.392 2004.089 2004.787 2005.485 2006.183 2006.44
1878.519 1877.981 1877.444 1876.962 1876.546 1876.129 1875.712 1875.296 1876.22 1877.248 1878.277 1879.306 1880.291 1881.208 1882.124 1883.041 1883.958 1884.725 1885.466 1886.208 1886.949 1887.677 1888.375 1889.073 1889.77 1890.468 1891.277 1892.117 1892.956 1893.796 1894.892 1896.771 1898.649 1900.528 1902.407 1906.457 1911.394 1916.33 1921.267 1926.212 1931.201 1936.189 1941.177 1946.166 1951.584 1957.248 1962.912 1968.575 1974.124 1978.656 1983.188 1987.719 1992.251 1995.328 1997.286 1999.244 2001.202 2003.121 2003.749 2004.377 2005.005 2005.633 2005.822
1881.31 1880.606 1879.902 1879.261 1878.693 1878.126 1877.559 1876.991 1877.904 1878.933 1879.962 1880.99 1881.967 1882.862 1883.757 1884.653 1885.548 1886.192 1886.794 1887.395 1887.997 1888.593 1889.178 1889.763 1890.347 1890.932 1891.666 1892.441 1893.216 1893.991 1894.999 1896.716 1898.433 1900.15 1901.867 1905.672 1910.329 1914.986 1919.642 1924.358 1929.351 1934.345 1939.339 1944.333 1949.867 1955.708 1961.549 1967.39 1973.114 1977.797 1982.479 1987.161 1991.844 1994.995 1996.969 1998.943 2000.917 2002.85 2003.408 2003.966 2004.524 2005.082 2005.204
1883.893 1883.046 1882.199 1881.424 1880.733 1880.041 1879.349 1878.657 1879.561 1880.59 1881.619 1882.647 1883.622 1884.512 1885.402 1886.292 1887.182 1887.723 1888.205 1888.687 1889.169 1889.649 1890.124 1890.6 1891.076 1891.552 1892.194 1892.882 1893.57 1894.258 1895.153 1896.678 1898.204 1899.729 1901.254 1904.82 1909.22 1913.619 1918.018 1922.534 1927.604 1932.674 1937.744 1942.814 1948.484 1954.495 1960.505 1966.516 1972.404 1977.198 1981.993 1986.787 1991.582 1994.775 1996.737 1998.699 2000.661 2002.58 2003.068 2003.556 2004.044 2004.532 2004.599
1886.13 1885.181 1884.232 1883.365 1882.592 1881.82 1881.047 1880.275 1881.173 1882.202 1883.23 1884.259 1885.242 1886.153 1887.065 1887.976 1888.888 1889.358 1889.754 1890.15 1890.546 1890.934 1891.308 1891.682 1892.055 1892.429 1892.952 1893.516 1894.08 1894.645 1895.386 1896.669 1897.953 1899.236 1900.519 1903.858 1908.036 1912.215 1916.393 1920.761 1926.025 1931.288 1936.552 1941.816 1947.656 1953.823 1959.989 1966.156 1972.189 1977.032 1981.875 1986.718 1991.561 1994.742 1996.644 1998.547 2000.449 2002.309 2002.727 2003.145 2003.563 2003.981 2004.016
1888.367 1887.316 1886.264 1885.305 1884.452 1883.598 1882.745 1881.892 1882.784 1883.813 1884.842 1885.87 1886.862 1887.795 1888.728 1889.661 1890.594 1890.994 1891.303 1891.613 1891.923 1892.22 1892.491 1892.763 1893.034 1893.305 1893.709 1894.15 1894.59 1895.031 1895.62 1896.66 1897.701 1898.742 1899.783 1902.896 1906.853 1910.811 1914.769 1918.988 1924.445 1929.903 1935.361 1940.818 1946.827 1953.15 1959.473 1965.796 1971.974 1976.865 1981.757 1986.648 1991.54 1994.708 1996.552 1998.395 2000.238 2002.038 2002.386 2002.735 2003.083 2003.431 2003.432
1890.604 1889.45 1888.297 1887.245 1886.311 1885.377 1884.443 1883.509 1884.396 1885.424 1886.453 1887.482 1888.481 1889.436 1890.391 1891.345 1892.3 1892.629 1892.853 1893.076 1893.3 1893.506 1893.675 1893.844 1894.013 1894.182 1894.467 1894.784 1895.1 1895.417 1895.853 1896.652 1897.45 1898.249 1899.048 1901.933 1905.67 1909.407 1913.145 1917.214 1922.866 1928.517 1934.169 1939.82 1945.999 1952.478 1958.957 1965.436 1971.759 1976.699 1981.639 1986.579 1991.518 1994.675 1996.459 1998.243 2000.027 2001.768 2002.046 2002.324 2002.602 2002.88 2002.849
1892.841 1891.585 1890.329 1889.185 1888.17 1887.156 1886.141 1885.126 1886.007 1887.036 1888.064 1889.093 1890.101 1891.077 1892.053 1893.03 1894.005 1894.265 1894.402 1894.539 1894.677 1894.792 1894.859 1894.925 1894.992 1895.059 1895.225 1895.418 1895.611 1895.804 1896.086 1896.643 1897.199 1897.756 1898.312 1900.971 1904.487 1908.004 1911.52 1915.441 1921.287 1927.132 1932.977 1938.822 1945.171 1951.806 1958.441 1965.076 1971.544 1976.533 1981.521 1986.509 1991.497 1994.641 1996.366 1998.091 1999.816 2001.497 2001.705 2001.913 2002.122 2002.33 2002.266
1894.071 1892.935 1891.799 1890.764 1889.847 1888.929 1888.011 1887.094 1887.965 1888.976 1889.987 1890.998 1891.976 1892.902 1893.829 1894.755 1895.682 1895.902 1896.002 1896.102 1896.202 1896.268 1896.259 1896.25 1896.241 1896.233 1896.281 1896.346 1896.411 1896.476 1896.623 1897.021 1897.42 1897.819 1898.218 1900.551 1903.673 1906.795 1909.918 1913.51 1919.336 1925.161 1930.987 1936.812 1943.245 1950.023 1956.801 1963.578 1970.194 1975.373 1980.552 1985.731 1990.91 1994.169 1995.95 1997.732 1999.513 2001.248 2001.435 2001.622 2001.809 2001.996 2001.896
1895.088 1894.119 1893.15 1892.267 1891.484 1890.701 1889.918 1889.135 1889.996 1890.986 1891.975 1892.964 1893.904 1894.766 1895.628 1896.49 1897.351 1897.539 1897.612 1897.686 1897.759 1897.784 1897.705 1897.626 1897.547 1897.469 1897.401 1897.337 1897.272 1897.208 1897.223 1897.482 1897.741 1898.0 1898.258 1900.245 1902.937 1905.628 1908.32 1911.546 1917.307 1923.067 1928.828 1934.589 1941.088 1948.006 1954.923 1961.841 1968.605 1974.005 1979.404 1984.804 1990.204 1993.604 1995.466 1997.328 1999.19 2001.004 2001.18 2001.356 2001.533 2001.709 2001.571
1896.105 1895.303 1894.501 1893.77 1893.122 1892.473 1891.825 1891.177 1892.027 1892.995 1893.963 1894.931 1895.832 1896.629 1897.427 1898.224 1899.021 1899.176 1899.223 1899.269 1899.316 1899.3 1899.151 1899.002 1898.854 1898.705 1898.521 1898.327 1898.134 1897.94 1897.823 1897.942 1898.061 1898.18 1898.299 1899.939 1902.2 1904.461 1906.723 1909.581 1915.277 1920.974 1926.67 1932.366 1938.931 1945.989 1953.046 1960.104 1967.016 1972.636 1978.257 1983.877 1989.497 1993.039 1994.982 1996.925 1998.868 2000.759 2000.925 2001.09 2001.256 2001.421 2001.246
1897.123 1896.488 1895.852 1895.273 1894.759 1894.246 1893.732 1893.218 1894.058 1895.005 1895.951 1896.897 1897.76 1898.493 1899.225 1899.958 1900.691 1900.814 1900.833 1900.853 1900.872 1900.816 1900.597 1900.378 1900.16 1899.941 1899.641 1899.318 1898.995 1898.672 1898.424 1898.403 1898.382 1898.361 1898.339 1899.633 1901.464 1903.294 1905.125 1907.617 1913.248 1918.88 1924.512 1930.143 1936.774 1943.971 1951.169 1958.367 1965.427 1971.268 1977.109 1982.95 1988.791 1992.474 1994.498 1996.522 1998.545 2000.515 2000.67 2000.824 2000.979 2001.134 2000.922
1897.686 1897.243 1896.8 1896.408 1896.074 1895.741 1895.408 1895.074 1895.944 1896.907 1897.87 1898.834 1899.691 1900.385 1901.078 1901.771 1902.464 1902.573 1902.581 1902.59 1902.599 1902.525 1902.271 1902.018 1901.765 1901.512 1901.102 1900.649 1900.195 1899.742 1899.354 1899.168 1898.982 1898.795 1898.609 1899.556 1900.965 1902.373 1903.782 1905.886 1911.288 1916.691 1922.094 1927.496 1934.07 1941.31 1948.55 1955.789 1962.922 1969.102 1975.282 1981.463 1987.643 1991.564 1993.747 1995.93 1998.113 2000.237 2000.379 2000.522 2000.664 2000.807 2000.547
1897.056 1896.871 1896.686 1896.572 1896.54 1896.508 1896.476 1896.444 1897.445 1898.527 1899.609 1900.69 1901.631 1902.351 1903.071 1903.791 1904.511 1904.651 1904.692 1904.734 1904.775 1904.741 1904.547 1904.353 1904.159 1903.965 1903.463 1902.875 1902.287 1901.699 1901.153 1900.735 1900.317 1899.9 1899.482 1900.079 1901.089 1902.1 1903.11 1904.77 1909.51 1914.251 1918.991 1923.732 1929.928 1936.953 1943.978 1951.002 1958.007 1964.839 1971.67 1978.502 1985.333 1989.744 1992.293 1994.842 1997.391 1999.87 1999.996 2000.123 2000.249 2000.375 2000.041
1896.425 1896.498 1896.572 1896.736 1897.006 1897.275 1897.544 1897.814 1898.947 1900.147 1901.347 1902.547 1903.57 1904.317 1905.064 1905.811 1906.558 1906.73 1906.803 1906.877 1906.95 1906.957 1906.822 1906.688 1906.553 1906.418 1905.823 1905.101 1904.378 1903.656 1902.951 1902.302 1901.653 1901.004 1900.355 1900.601 1901.214 1901.826 1902.438 1903.653 1907.732 1911.81 1915.889 1919.967 1925.787 1932.596 1939.405 1946.215 1953.092 1960.575 1968.058 1975.541 1983.024 1987.925 1990.84 1993.755 1996.67 1999.503 1999.614 1999.724 1999.834 1999.944 1999.535
1895.794 1896.126 1896.458 1896.9 1897.471 1898.042 1898.613 1899.184 1900.448 1901.767 1903.085 1904.404 1905.51 1906.283 1907.057 1907.832 1908.606 1908.808 1908.914 1909.02 1909.125 1909.173 1909.098 1909.022 1908.947 1908.871 1908.184 1907.327 1906.47 1905.613 1904.75 1903.869 1902.989 1902.108 1901.228 1901.124 1901.338 1901.552 1901.766 1902.537 1905.954 1909.37 1912.786 1916.203 1921.645 1928.24 1934.833 1941.427 1948.177 1956.312 1964.446 1972.58 1980.714 1986.105 1989.386 1992.667 1995.948 1999.137 1999.231 1999.325 1999.419 1999.513 1999.03
1895.163 1895.753 1896.344 1897.065 1897.937 1898.809 1899.681 1900.554 1901.95 1903.387 1904.824 1906.261 1907.449 1908.25 1909.051 1909.852 1910.653 1910.887 1911.025 1911.163 1911.301 1911.39 1911.373 1911.357 1911.341 1911.324 1910.545 1909.553 1908.561 1907.57 1906.548 1905.436 1904.324 1903.212 1902.1 1901.647 1901.463 1901.279 1901.094 1901.421 1904.176 1906.93 1909.684 1912.438 1917.504 1923.883 1930.261 1936.64 1943.263 1952.048 1960.833 1969.619 1978.404 1984.285 1987.932 1991.579 1995.226 1998.77 1998.848 1998.926 1999.004 1999.082 1998.524
1894.162 1895.073 1895.984 1897.006 1898.156 1899.306 1900.456 1901.607 1903.1 1904.62 1906.141 1907.661 1908.943 1909.852 1910.762 1911.672 1912.582 1912.879 1913.073 1913.267 1913.46 1913.626 1913.731 1913.837 1913.942 1914.047 1913.341 1912.41 1911.479 1910.547 1909.569 1908.448 1907.327 1906.206 1905.085 1904.335 1903.737 1903.139 1902.541 1902.383 1904.32 1906.256 1908.192 1910.128 1914.332 1919.825 1925.317 1930.81 1936.636 1945.418 1954.199 1962.98 1971.761 1978.033 1982.374 1986.714 1991.055 1995.279 1995.61 1995.941 1996.272 1996.603 1996.199
1893.019 1894.275 1895.53 1896.862 1898.281 1899.701 1901.12 1902.539 1904.117 1905.708 1907.298 1908.888 1910.267 1911.317 1912.366 1913.416 1914.466 1914.839 1915.097 1915.355 1915.614 1915.87 1916.12 1916.371 1916.622 1916.872 1916.303 1915.506 1914.71 1913.913 1913.055 1912.009 1910.963 1909.918 1908.872 1907.846 1906.828 1905.81 1904.792 1904.135 1905.194 1906.253 1907.312 1908.371 1911.529 1915.881 1920.232 1924.584 1929.359 1937.887 1946.416 1954.944 1963.473 1970.096 1975.255 1980.414 1985.573 1990.602 1991.288 1991.974 1992.66 1993.346 1993.184
1891.877 1893.477 1895.077 1896.718 1898.407 1900.095 1901.784 1903.472 1905.134 1906.795 1908.455 1910.115 1911.591 1912.781 1913.97 1915.16 1916.35 1916.798 1917.121 1917.444 1917.767 1918.113 1918.509 1918.905 1919.301 1919.697 1919.265 1918.603 1917.941 1917.279 1916.54 1915.57 1914.6 1913.629 1912.659 1911.357 1909.919 1908.481 1907.043 1905.887 1906.069 1906.25 1906.432 1906.613 1908.726 1911.937 1915.147 1918.358 1922.082 1930.358 1938.633 1946.908 1955.184 1962.16 1968.137 1974.114 1980.091 1985.925 1986.966 1988.007 1989.049 1990.09 1990.169
1890.735 1892.679 1894.624 1896.574 1898.532 1900.49 1902.447 1904.405 1906.151 1907.882 1909.612 1911.342 1912.916 1914.245 1915.575 1916.904 1918.234 1918.758 1919.146 1919.533 1919.921 1920.357 1920.898 1921.44 1921.981 1922.522 1922.227 1921.699 1921.172 1920.644 1920.026 1919.131 1918.236 1917.341 1916.446 1914.867 1913.01 1911.152 1909.294 1907.639 1906.943 1906.247 1905.551 1904.856 1905.923 1907.993 1910.062 1912.131 1914.805 1922.827 1930.85 1938.872 1946.895 1954.224 1961.019 1967.814 1974.609 1981.247 1982.644 1984.04 1985.437 1986.833 1987.153
1889.726 1891.984 1894.242 1896.467 1898.654 1900.84 1903.027 1905.213 1907.047 1908.854 1910.661 1912.468 1914.14 1915.603 1917.066 1918.529 1919.992 1920.609 1921.084 1921.559 1922.033 1922.573 1923.252 1923.931 1924.61 1925.289 1925.146 1924.773 1924.401 1924.028 1923.552 1922.759 1921.965 1921.172 1920.378 1918.611 1916.446 1914.281 1912.115 1910.069 1908.587 1907.104 1905.622 1904.139 1904.229 1905.213 1906.197 1907.18 1908.834 1916.424 1924.014 1931.604 1939.193 1946.688 1954.109 1961.531 1968.952 1976.209 1977.976 1979.743 1981.51 1983.276 1983.89
1889.352 1891.777 1894.202 1896.533 1898.758 1900.982 1903.206 1905.43 1907.367 1909.281 1911.196 1913.11 1914.888 1916.453 1918.018 1919.584 1921.149 1921.947 1922.616 1923.284 1923.952 1924.657 1925.438 1926.219 1927.001 1927.782 1927.859 1927.739 1927.62 1927.5 1927.27 1926.703 1926.135 1925.568 1925.001 1923.459 1921.52 1919.581 1917.642 1915.721 1913.883 1912.046 1910.208 1908.37 1907.806 1907.967 1908.127 1908.287 1909.07 1915.373 1921.677 1927.98 1934.283 1941.057 1948.193 1955.33 1962.466 1969.459 1971.667 1973.875 1976.083 1978.291 1979.45
1888.977 1891.569 1894.161 1896.6 1898.862 1901.123 1903.385 1905.647 1907.687 1909.709 1911.731 1913.753 1915.636 1917.303 1918.971 1920.639 1922.306 1923.285 1924.147 1925.009 1925.871 1926.74 1927.624 1928.508 1929.391 1930.275 1930.572 1930.705 1930.839 1930.972 1930.989 1930.647 1930.306 1929.965 1929.623 1928.308 1926.595 1924.882 1923.169 1921.373 1919.18 1916.987 1914.794 1912.601 1911.383 1910.72 1910.056 1909.393 1909.306 1914.323 1919.34 1924.357 1929.373 1935.427 1942.278 1949.128 1955.979 1962.708 1965.358 1968.007 1970.656 1973.306 1975.01
1888.603 1891.362 1894.12 1896.666 1898.966 1901.265 1903.565 1905.864 1908.006 1910.136 1912.266 1914.395 1916.384 1918.154 1919.924 1921.694 1923.463 1924.623 1925.679 1926.734 1927.79 1928.824 1929.81 1930.796 1931.782 1932.768 1933.284 1933.671 1934.057 1934.444 1934.707 1934.592 1934.476 1934.361 1934.246 1933.157 1931.67 1930.183 1928.696 1927.025 1924.476 1921.928 1919.38 1916.832 1914.96 1913.473 1911.986 1910.499 1909.542 1913.272 1917.002 1920.733 1924.464 1929.796 1936.362 1942.927 1949.493 1955.957 1959.048 1962.139 1965.23 1968.321 1970.569
1888.229 1891.154 1894.08 1896.732 1899.07 1901.407 1903.744 1906.081 1908.326 1910.563 1912.801 1915.038 1917.132 1919.004 1920.876 1922.749 1924.621 1925.961 1927.21 1928.46 1929.709 1930.908 1931.996 1933.084 1934.172 1935.26 1935.997 1936.637 1937.276 1937.916 1938.425 1938.536 1938.647 1938.758 1938.869 1938.005 1936.745 1935.484 1934.223 1932.677 1929.773 1926.869 1923.966 1921.062 1918.537 1916.226 1913.916 1911.605 1909.777 1912.221 1914.665 1917.109 1919.553 1924.166 1930.446 1936.726 1943.006 1949.207 1952.739 1956.271 1959.803 1963.335 1966.129
1888.377 1891.449 1894.522 1897.26 1899.611 1901.962 1904.314 1906.665 1908.967 1911.265 1913.563 1915.861 1918.019 1919.96 1921.901 1923.842 1925.783 1927.229 1928.592 1929.955 1931.318 1932.643 1933.887 1935.131 1936.375 1937.62 1938.536 1939.361 1940.187 1941.012 1941.711 1942.021 1942.331 1942.641 1942.951 1942.449 1941.615 1940.782 1939.948 1938.755 1935.852 1932.949 1930.045 1927.142 1924.52 1922.056 1919.593 1917.13 1915.071 1916.591 1918.111 1919.631 1921.151 1924.953 1930.512 1936.071 1941.63 1947.131 1950.685 1954.239 1957.793 1961.348 1964.412
