data/zism_data/00943_02_D.txt
ncols         224
nrows         224
[rows 0 to 32 of 224, columns 0 to 74 of 224]
192.2627 190.1739 188.0852 185.9964 184.9722 183.9798 182.9875 181.995 181.1705 180.558 179.9454 179.3328 178.7202 179.4326 180.2711 181.1097 181.9482 182.8407 183.8199 184.799 185.7781 186.7572 187.1159 187.3694 187.623 187.8766 187.5744 186.1238 184.6732 183.2226 181.772 180.324 178.8768 177.4295 175.9823 173.964 170.3869 166.8097 163.2325 159.6554 154.0653 147.7647 141.4644 135.1638 129.0614 123.704 118.3464 112.9888 107.6312 105.0322 103.7244 102.4166 101.1088 100.0 100.0 100.0 100.0 100.0 100.0 100.0 100.0 100.0 100.0 100.0 100.0 100.0 100.0 100.0 100.0 100.0 100.0 100.0 100.0 100.0 100.0
186.8953 184.5267 182.1581 179.7895 179.0707 178.4012 177.7317 177.0622 176.513 176.1157 175.7184 175.321 174.9238 175.8415 176.8846 177.9276 178.9706 179.9499 180.8267 181.7036 182.5804 183.4573 183.7184 183.8751 184.0318 184.1885 183.8123 182.3347 180.8572 179.3797 177.9021 176.2171 174.4793 172.7414 171.0036 168.8174 165.407 161.9967 158.5863 155.1761 149.7807 143.6846 137.5887 131.4926 125.649 120.7543 115.8595 110.9647 106.0699 103.8312 102.8355 101.8398 100.8442 100.0 100.0 100.0 100.0 100.0 100.0 100.0 100.0 100.0 100.0 100.0 100.0 100.0 100.0 100.0 100.0 100.0 100.0 100.0 100.0 100.0 100.0
181.528 178.8796 176.2313 173.5828 173.1694 172.8228 172.4761 172.1295 171.8556 171.6735 171.4915 171.3094 171.1274 172.2506 173.4982 174.7457 175.9932 177.0591 177.8337 178.6083 179.3829 180.1576 180.321 180.3808 180.4406 180.5005 180.0502 178.5458 177.0413 175.5369 174.0325 172.1103 170.082 168.0535 166.0251 163.6709 160.4274 157.1839 153.9403 150.6969 145.4961 139.6045 133.7131 127.8215 122.2366 117.8048 113.3728 108.9407 104.5087 102.6301 101.9466 101.263 100.5795 100.0 100.0 100.0 100.0 100.0 100.0 100.0 100.0 100.0 100.0 100.0 100.0 100.0 100.0 100.0 100.0 100.0 100.0 100.0 100.0 100.0 100.0
175.0058 172.3203 169.635 166.9495 166.9105 166.9505 166.9906 167.0306 167.0785 167.1364 167.1943 167.2523 167.3102 168.5771 169.9591 171.3412 172.7232 173.8264 174.4823 175.1382 175.7942 176.4501 176.5451 176.5451 176.5451 176.5451 176.0652 174.5936 173.1219 171.6502 170.1785 168.0429 165.7383 163.4337 161.1291 158.5988 155.4521 152.3054 149.1588 146.0122 141.0335 135.4081 129.7829 124.1575 118.8949 114.9957 111.0965 107.1972 103.298 101.7458 101.2921 100.8383 100.3847 100.0 100.0 100.0 100.0 100.0 100.0 100.0 100.0 100.0 100.0 100.0 100.0 100.0 100.0 100.0 100.0 100.0 100.0 100.0 100.0 100.0 100.0
166.6178 164.2876 161.9574 159.6272 160.074 160.6037 161.1334 161.6632 162.1081 162.4458 162.7836 163.1214 163.4592 164.7701 166.1737 167.5773 168.9808 170.0414 170.552 171.0627 171.5733 172.0839 172.1579 172.1579 172.1579 172.1579 171.7201 170.3776 169.035 167.6925 166.35 164.039 161.4815 158.9239 156.3663 153.6466 150.4838 147.321 144.1582 140.9955 136.283 131.0236 125.7643 120.5049 115.667 112.4137 109.1602 105.9068 102.6533 101.373 101.0162 100.6593 100.3025 100.0 100.0 100.0 100.0 100.0 100.0 100.0 100.0 100.0 100.0 100.0 100.0 100.0 100.0 100.0 100.0 100.0 100.0 100.0 100.0 100.0 100.0
158.2296 156.2545 154.2796 152.3045 153.2372 154.2567 155.2761 156.2956 157.1375 157.7551 158.3728 158.9904 159.608 160.9629 162.388 163.8132 165.2382 166.2563 166.6216 166.9869 167.3522 167.7175 167.7705 167.7705 167.7705 167.7705 167.3748 166.1615 164.9481 163.7347 162.5214 160.0349 157.2245 154.414 151.6035 148.6942 145.5153 142.3363 139.1574 135.9785 131.5323 126.6389 121.7456 116.8522 112.4391 109.8315 107.2239 104.6162 102.0086 101.0002 100.7402 100.4803 100.2204 100.0 100.0 100.0 100.0 100.0 100.0 100.0 100.0 100.0 100.0 100.0 100.0 100.0 100.0 100.0 100.0 100.0 100.0 100.0 100.0 100.0 100.0
149.8416 148.2218 146.602 144.9821 146.4006 147.9098 149.419 150.9282 152.167 153.0645 153.962 154.8596 155.757 157.1559 158.6026 160.0492 161.4958 162.4713 162.6913 162.9113 163.1313 163.3514 163.3832 163.3832 163.3832 163.3832 163.0297 161.9455 160.8613 159.7771 158.6928 156.031 152.9676 149.9042 146.8407 143.7421 140.547 137.3519 134.1568 130.9618 126.7819 122.2544 117.7271 113.1996 109.2113 107.2495 105.2876 103.3258 101.3639 100.6274 100.4643 100.3013 100.1382 100.0 100.0 100.0 100.0 100.0 100.0 100.0 100.0 100.0 100.0 100.0 100.0 100.0 100.0 100.0 100.0 100.0 100.0 100.0 100.0 100.0 100.0
141.4537 140.189 138.9244 137.6597 139.5641 141.563 143.5619 145.5608 147.1966 148.3739 149.5513 150.7287 151.9061 153.3489 154.8171 156.2852 157.7533 158.6863 158.761 158.8358 158.9105 158.9852 158.996 158.996 158.996 158.996 158.6846 157.7295 156.7744 155.8194 154.8643 152.027 148.7108 145.3944 142.078 138.7899 135.5787 132.3674 129.1562 125.945 122.0314 117.8699 113.7085 109.547 105.9834 104.6674 103.3514 102.0353 100.7193 100.2546 100.1884 100.1223 100.0561 100.0 100.0 100.0 100.0 100.0 100.0 100.0 100.0 100.0 100.0 100.0 100.0 100.0 100.0 100.0 100.0 100.0 100.0 100.0 100.0 100.0 100.0
134.3562 133.5575 132.7588 131.9601 134.1383 136.4054 138.6724 140.9394 142.7956 144.1331 145.4707 146.8083 148.1458 149.4604 150.7728 152.0853 153.3976 154.2827 154.4824 154.6822 154.8819 155.0817 155.1106 155.1106 155.1106 155.1106 154.7705 153.7274 152.6844 151.6413 150.5983 147.6722 144.267 140.8616 137.4563 134.1154 130.9501 127.7848 124.6194 121.4542 118.0196 114.4899 110.9603 107.4307 104.4358 103.4509 102.466 101.481 100.4961 100.1547 100.1145 100.0743 100.0341 100.0 100.0 100.0 100.0 100.0 100.0 100.0 100.0 100.0 100.0 100.0 100.0 100.0 100.0 100.0 100.0 100.0 100.0 100.0 100.0 100.0 100.0
127.5355 127.2265 126.9175 126.6085 129.0151 131.5028 133.9904 136.4781 138.5169 139.9889 141.461 142.9332 144.4052 145.5546 146.6733 147.792 148.9106 149.7467 150.1294 150.5121 150.8948 151.2775 151.333 151.333 151.333 151.333 150.949 149.7714 148.5938 147.4162 146.2386 143.2424 139.7833 136.3242 132.8651 129.5007 126.3945 123.2884 120.1823 117.0762 114.1662 111.3253 108.4845 105.6437 103.2483 102.527 101.8058 101.0845 100.3633 100.1133 100.0838 100.0544 100.025 100.0 100.0 100.0 100.0 100.0 100.0 100.0 100.0 100.0 100.0 100.0 100.0 100.0 100.0 100.0 100.0 100.0 100.0 100.0 100.0 100.0 100.0
120.7148 120.8955 121.0762 121.2569 123.8919 126.6002 129.3085 132.0168 134.2381 135.8447 137.4514 139.058 140.6646 141.6488 142.5738 143.4987 144.4237 145.2106 145.7763 146.342 146.9077 147.4733 147.5553 147.5553 147.5553 147.5553 147.1275 145.8153 144.5032 143.1911 141.879 138.8125 135.2997 131.7867 128.2738 124.8859 121.839 118.792 115.7451 112.6983 110.3128 108.1607 106.0087 103.8567 102.0607 101.6032 101.1456 100.688 100.2305 100.0719 100.0532 100.0345 100.0158 100.0 100.0 100.0 100.0 100.0 100.0 100.0 100.0 100.0 100.0 100.0 100.0 100.0 100.0 100.0 100.0 100.0 100.0 100.0 100.0 100.0 100.0
113.8941 114.5645 115.2349 115.9053 118.7687 121.6977 124.6265 127.5555 129.9594 131.7005 133.4417 135.1829 136.924 137.743 138.4743 139.2055 139.9367 140.6746 141.4232 142.1719 142.9205 143.6692 143.7776 143.7776 143.7776 143.7776 143.3059 141.8593 140.4126 138.966 137.5193 134.3827 130.816 127.2493 123.6825 120.2711 117.2834 114.2957 111.308 108.3204 106.4594 104.9962 103.533 102.0697 100.8732 100.6793 100.4854 100.2915 100.0977 100.0305 100.0225 100.0146 100.0067 100.0 100.0 100.0 100.0 100.0 100.0 100.0 100.0 100.0 100.0 100.0 100.0 100.0 100.0 100.0 100.0 100.0 100.0 100.0 100.0 100.0 100.0
108.535 109.5383 110.5417 111.5451 114.4914 117.4957 120.4998 123.5041 125.9692 127.7537 129.5383 131.3228 133.1073 133.7897 134.367 134.9444 135.5218 136.2346 137.1648 138.095 139.0252 139.9554 140.0829 140.0743 140.0658 140.0572 139.5349 137.9509 136.3668 134.7828 133.1988 130.0527 126.5092 122.9655 119.4219 116.0738 113.2593 110.4447 107.6302 104.8158 103.4154 102.5142 101.613 100.7118 100.0 100.0 100.0 100.0 100.0 100.0 100.0 100.0 100.0 100.0 100.0 100.0 100.0 100.0 100.0 100.0 100.0 100.0 100.0 100.0 100.0 100.0 100.0 100.0 100.0 100.0 100.0 100.0 100.0 100.0 100.0
107.2361 108.1372 109.0383 109.9395 112.5641 115.2401 117.916 120.592 122.7812 124.3558 125.9305 127.5052 129.0798 129.7046 130.2389 130.7732 131.3076 132.0621 133.1699 134.2776 135.3854 136.4932 136.6188 136.578 136.5371 136.4963 135.9049 134.1755 132.4462 130.7169 128.9875 126.0007 122.6939 119.387 116.0802 113.0367 110.7119 108.3871 106.0622 103.7375 102.62 101.9287 101.2374 100.5461 100.0 100.0 100.0 100.0 100.0 100.0 100.0 100.0 100.0 100.0 100.0 100.0 100.0 100.0 100.0 100.0 100.0 100.0 100.0 100.0 100.0 100.0 100.0 100.0 100.0 100.0 100.0 100.0 100.0 100.0 100.0
105.9372 106.7361 107.535 108.3339 110.6367 112.9845 115.3322 117.68 119.5932 120.958 122.3228 123.6875 125.0523 125.6195 126.1108 126.6021 127.0933 127.8896 129.175 130.4603 131.7456 133.031 133.1547 133.0816 133.0085 132.9354 132.2748 130.4002 128.5255 126.6509 124.7763 121.9487 118.8787 115.8086 112.7384 109.9995 108.1645 106.3294 104.4943 102.6593 101.8247 101.3432 100.8618 100.3803 100.0 100.0 100.0 100.0 100.0 100.0 100.0 100.0 100.0 100.0 100.0 100.0 100.0 100.0 100.0 100.0 100.0 100.0 100.0 100.0 100.0 100.0 100.0 100.0 100.0 100.0 100.0 100.0 100.0 100.0 100.0
104.6384 105.335 106.0316 106.7283 108.7094 110.729 112.7484 114.7679 116.4052 117.5601 118.715 119.8699 121.0248 121.5345 121.9827 122.4309 122.8791 123.7171 125.18 126.6429 128.1058 129.5688 129.6907 129.5853 129.4798 129.3744 128.6447 126.6248 124.6049 122.585 120.5651 117.8967 115.0635 112.2301 109.3967 106.9624 105.6171 104.2717 102.9263 101.581 101.0293 100.7577 100.4861 100.2145 100.0 100.0 100.0 100.0 100.0 100.0 100.0 100.0 100.0 100.0 100.0 100.0 100.0 100.0 100.0 100.0 100.0 100.0 100.0 100.0 100.0 100.0 100.0 100.0 100.0 100.0 100.0 100.0 100.0 100.0 100.0
103.3395 103.9339 104.5282 105.1226 106.7821 108.4733 110.1645 111.8558 113.2171 114.1621 115.1071 116.0521 116.9971 117.4492 117.8544 118.2596 118.6648 119.5444 121.1849 122.8254 124.4659 126.1065 126.2265 126.0888 125.9511 125.8134 125.0145 122.8493 120.6841 118.5189 116.3537 113.8446 111.2481 108.6515 106.0549 103.9252 103.0696 102.214 101.3583 100.5028 100.2339 100.1722 100.1105 100.0488 100.0 100.0 100.0 100.0 100.0 100.0 100.0 100.0 100.0 100.0 100.0 100.0 100.0 100.0 100.0 100.0 100.0 100.0 100.0 100.0 100.0 100.0 100.0 100.0 100.0 100.0 100.0 100.0 100.0 100.0 100.0
103.2974 103.6984 104.0993 104.5003 105.7763 107.0785 108.3807 109.6829 110.7344 111.4695 112.2046 112.9397 113.6748 114.0833 114.4606 114.8379 115.2152 116.0963 117.7853 119.4742 121.1631 122.8521 122.9385 122.7533 122.5681 122.383 121.5778 119.4914 117.405 115.3187 113.2323 111.0339 108.8072 106.5803 104.3535 102.5625 101.9611 101.3597 100.7583 100.1569 100.0 100.0 100.0 100.0 100.0 100.0 100.0 100.0 100.0 100.0 100.0 100.0 100.0 100.0 100.0 100.0 100.0 100.0 100.0 100.0 100.0 100.0 100.0 100.0 100.0 100.0 100.0 100.0 100.0 100.0 100.0 100.0 100.0 100.0 100.0
103.779 103.9485 104.118 104.2876 105.1546 106.0424 106.9302 107.818 108.5455 109.0707 109.596 110.1212 110.6464 111.0169 111.3727 111.7285 112.0843 112.9501 114.6336 116.3171 118.0007 119.6843 119.7239 119.4849 119.2459 119.0069 118.2217 116.3075 114.3933 112.4792 110.565 108.7404 106.9388 105.1371 103.3354 101.8974 101.4521 101.0068 100.5615 100.1162 100.0 100.0 100.0 100.0 100.0 100.0 100.0 100.0 100.0 100.0 100.0 100.0 100.0 100.0 100.0 100.0 100.0 100.0 100.0 100.0 100.0 100.0 100.0 100.0 100.0 100.0 100.0 100.0 100.0 100.0 100.0 100.0 100.0 100.0 100.0
104.2606 104.1987 104.1368 104.0749 104.5328 105.0062 105.4796 105.953 106.3566 106.6719 106.9872 107.3025 107.6178 107.9504 108.2847 108.619 108.9533 109.8037 111.4819 113.16 114.8382 116.5164 116.5092 116.2164 115.9236 115.6308 114.8654 113.1235 111.3815 109.6395 107.8976 106.4469 105.0704 103.6938 102.3173 101.2323 100.9431 100.6539 100.3647 100.0754 100.0 100.0 100.0 100.0 100.0 100.0 100.0 100.0 100.0 100.0 100.0 100.0 100.0 100.0 100.0 100.0 100.0 100.0 100.0 100.0 100.0 100.0 100.0 100.0 100.0 100.0 100.0 100.0 100.0 100.0 100.0 100.0 100.0 100.0 100.0
104.7421 104.4488 104.1555 103.8622 103.9111 103.9701 104.0291 104.0882 104.1677 104.2731 104.3785 104.484 104.5894 104.8841 105.1968 105.5096 105.8223 106.6574 108.3302 110.003 111.6758 113.3486 113.2946 112.948 112.6014 112.2548 111.5093 109.9395 108.3698 106.8 105.2303 104.1534 103.202 102.2506 101.2992 100.5673 100.4341 100.301 100.1679 100.0347 100.0 100.0 100.0 100.0 100.0 100.0 100.0 100.0 100.0 100.0 100.0 100.0 100.0 100.0 100.0 100.0 100.0 100.0 100.0 100.0 100.0 100.0 100.0 100.0 100.0 100.0 100.0 100.0 100.0 100.0 100.0 100.0 100.0 100.0 100.0
105.159 104.6486 104.1381 103.6277 103.3224 103.0232 102.7241 102.4249 102.2265 102.1553 102.084 102.0128 101.9416 102.1955 102.4804 102.7653 103.0501 103.8475 105.4666 107.0857 108.7049 110.324 110.2298 109.8452 109.4606 109.076 108.3678 106.9908 105.6138 104.2369 102.8599 102.1263 101.5566 100.9868 100.417 100.0 100.0 100.0 100.0 100.0 100.0 100.0 100.0 100.0 100.0 100.0 100.0 100.0 100.0 100.0 100.0 100.0 100.0 100.0 100.0 100.0 100.0 100.0 100.0 100.0 100.0 100.0 100.0 100.0 100.0 100.0 100.0 100.0 100.0 100.0 100.0 100.0 100.0 100.0 100.0
105.2009 104.5559 103.911 103.266 102.9254 102.594 102.2626 101.9311 101.7218 101.6667 101.6117 101.5566 101.5015 101.6978 101.9182 102.1385 102.3588 102.9882 104.2737 105.5592 106.8447 108.1302 108.0337 107.7029 107.372 107.0413 106.4711 105.4062 104.3413 103.2765 102.2116 101.6444 101.2037 100.7631 100.3225 100.0 100.0 100.0 100.0 100.0 100.0 100.0 100.0 100.0 100.0 100.0 100.0 100.0 100.0 100.0 100.0 100.0 100.0 100.0 100.0 100.0 100.0 100.0 100.0 100.0 100.0 100.0 100.0 100.0 100.0 100.0 100.0 100.0 100.0 100.0 100.0 100.0 100.0 100.0 100.0
105.2428 104.4633 103.6838 102.9043 102.5285 102.1648 101.801 101.4373 101.2171 101.1782 101.1393 101.1003 101.0614 101.2002 101.3559 101.5117 101.6674 102.1289 103.0808 104.0326 104.9845 105.9363 105.8374 105.5604 105.2834 105.0065 104.5743 103.8216 103.0689 102.3161 101.5634 101.1624 100.8509 100.5394 100.228 100.0 100.0 100.0 100.0 100.0 100.0 100.0 100.0 100.0 100.0 100.0 100.0 100.0 100.0 100.0 100.0 100.0 100.0 100.0 100.0 100.0 100.0 100.0 100.0 100.0 100.0 100.0 100.0 100.0 100.0 100.0 100.0 100.0 100.0 100.0 100.0 100.0 100.0 100.0 100.0
105.2848 104.3707 103.4567 102.5426 102.1316 101.7355 101.3395 100.9435 100.7125 100.6897 100.6669 100.6441 100.6213 100.7026 100.7937 100.8849 100.976 101.2696 101.8878 102.5061 103.1243 103.7425 103.6413 103.4181 103.1949 102.9718 102.6777 102.237 101.7964 101.3558 100.9152 100.6804 100.4981 100.3158 100.1334 100.0 100.0 100.0 100.0 100.0 100.0 100.0 100.0 100.0 100.0 100.0 100.0 100.0 100.0 100.0 100.0 100.0 100.0 100.0 100.0 100.0 100.0 100.0 100.0 100.0 100.0 100.0 100.0 100.0 100.0 100.0 100.0 100.0 100.0 100.0 100.0 100.0 100.0 100.0 100.0
105.3267 104.2781 103.2295 102.1809 101.7346 101.3063 100.878 100.4497 100.2078 100.2012 100.1945 100.1879 100.1812 100.2049 100.2315 100.2581 100.2847 100.4104 100.6949 100.9795 101.2641 101.5487 101.4451 101.2757 101.1064 100.937 100.781 100.6525 100.524 100.3954 100.2669 100.1985 100.1453 100.0921 100.0389 100.0 100.0 100.0 100.0 100.0 100.0 100.0 100.0 100.0 100.0 100.0 100.0 100.0 100.0 100.0 100.0 100.0 100.0 100.0 100.0 100.0 100.0 100.0 100.0 100.0 100.0 100.0 100.0 100.0 100.0 100.0 100.0 100.0 100.0 100.0 100.0 100.0 100.0 100.0 100.0
105.0757 104.0319 102.9881 101.9442 101.5036 101.081 100.6584 100.2358 100.0 100.0 100.0 100.0 100.0 100.0 100.0 100.0 100.0 100.0492 100.1774 100.3056 100.4338 100.562 100.471 100.3428 100.2146 100.0864 100.0 100.0 100.0 100.0 100.0 100.0 100.0 100.0 100.0 100.0 100.0 100.0 100.0 100.0 100.0 100.0 100.0 100.0 100.0 100.0 100.0 100.0 100.0 100.0 100.0 100.0 100.0 100.0 100.0 100.0 100.0 100.0 100.0 100.0 100.0 100.0 100.0 100.0 100.0 100.0 100.0 100.0 100.0 100.0 100.0 100.0 100.0 100.0 100.0
104.6198 103.6782 102.7366 101.7951 101.3887 100.9984 100.6081 100.2178 100.0 100.0 100.0 100.0 100.0 100.0 100.0 100.0 100.0 100.0368 100.1328 100.2287 100.3246 100.4205 100.3524 100.2565 100.1605 100.0646 100.0 100.0 100.0 100.0 100.0 100.0 100.0 100.0 100.0 100.0 100.0 100.0 100.0 100.0 100.0 100.0 100.0 100.0 100.0 100.0 100.0 100.0 100.0 100.0 100.0 100.0 100.0 100.0 100.0 100.0 100.0 100.0 100.0 100.0 100.0 100.0 100.0 100.0 100.0 100.0 100.0 100.0 100.0 100.0 100.0 100.0 100.0 100.0 100.0
104.1639 103.3245 102.4852 101.6459 101.2739 100.9158 100.5578 100.1998 100.0 100.0 100.0 100.0 100.0 100.0 100.0 100.0 100.0 100.0244 100.0881 100.1517 100.2153 100.2789 100.2337 100.1701 100.1065 100.0429 100.0 100.0 100.0 100.0 100.0 100.0 100.0 100.0 100.0 100.0 100.0 100.0 100.0 100.0 100.0 100.0 100.0 100.0 100.0 100.0 100.0 100.0 100.0 100.0 100.0 100.0 100.0 100.0 100.0 100.0 100.0 100.0 100.0 100.0 100.0 100.0 100.0 100.0 100.0 100.0 100.0 100.0 100.0 100.0 100.0 100.0 100.0 100.0 100.0
103.708 102.9709 102.2338 101.4967 101.159 100.8332 100.5075 100.1818 100.0 100.0 100.0 100.0 100.0 100.0 100.0 100.0 100.0 100.012 100.0434 100.0747 100.106 100.1374 100.1151 100.0838 100.0525 100.0211 100.0 100.0 100.0 100.0 100.0 100.0 100.0 100.0 100.0 100.0 100.0 100.0 100.0 100.0 100.0 100.0 100.0 100.0 100.0 100.0 100.0 100.0 100.0 100.0 100.0 100.0 100.0 100.0 100.0 100.0 100.0 100.0 100.0 100.0 100.0 100.0 100.0 100.0 100.0 100.0 100.0 100.0 100.0 100.0 100.0 100.0 100.0 100.0 100.0
103.2492 102.6138 101.9785 101.3432 101.0407 100.7482 100.4557 100.1632 100.0 100.0 100.0 100.0 100.0 100.0 100.0 100.0 100.0 100.0 100.0 100.0 100.0 100.0 100.0 100.0 100.0 100.0 100.0 100.0 100.0 100.0 100.0 100.0 100.0 100.0 100.0 100.0 100.0 100.0 100.0 100.0 100.0 100.0 100.0 100.0 100.0 100.0 100.0 100.0 100.0 100.0 100.0 100.0 100.0 100.0 100.0 100.0 100.0 100.0 100.0 100.0 100.0 100.0 100.0 100.0 100.0 100.0 100.0 100.0 100.0 100.0 100.0 100.0 100.0 100.0 100.0
102.6959 102.1466 101.5974 101.0482 100.811 100.583 100.3551 100.1272 100.0 100.0 100.0 100.0 100.0 100.0 100.0 100.0 100.0 100.0 100.0 100.0 100.0 100.0 100.0 100.0 100.0 100.0 100.0 100.0 100.0 100.0 100.0 100.0 100.0 100.0 100.0 100.0 100.0 100.0 100.0 100.0 100.0 100.0 100.0 100.0 100.0 100.0 100.0 100.0 100.0 100.0 100.0 100.0 100.0 100.0 100.0 100.0 100.0 100.0 100.0 100.0 100.0 100.0 100.0 100.0 100.0 100.0 100.0 100.0 100.0 100.0 100.0 100.0 100.0 100.0 100.0
102.1426 101.6795 101.2164 100.7532 100.5812 100.4178 100.2545 100.0911 100.0 100.0 100.0 100.0 100.0 100.0 100.0 100.0 100.0 100.0 100.0 100.0 100.0 100.0 100.0 100.0 100.0 100.0 100.0 100.0 100.0 100.0 100.0 100.0 100.0 100.0 100.0 100.0 100.0 100.0 100.0 100.0 100.0 100.0 100.0 100.0 100.0 100.0 100.0 100.0 100.0 100.0 100.0 100.0 100.0 100.0 100.0 100.0 100.0 100.0 100.0 100.0 100.0 100.0 100.0 100.0 100.0 100.0 100.0 100.0 100.0 100.0 100.0 100.0 100.0 100.0 100.0
