data/zism_data/00947_03_D.txt
ncols         224
nrows         224
[rows 58 to 86 of 224, columns 66 to 131 of 224]
1398.719 1398.86 1399.001 1399.044 1399.087 1399.13 1399.173 1399.299 1399.515 1399.73 1399.945 1400.161 1400.475 1400.795 1401.114 1401.433 1401.824 1402.312 1402.8 1403.288 1403.776 1404.387 1405.012 1405.637 1406.262 1406.867 1407.438 1408.009 1408.58 1409.151 1409.441 1409.678 1409.915 1410.152 1410.353 1410.471 1410.59 1410.708 1410.827 1410.749 1410.616 1410.483 1410.35 1410.218 1410.087 1409.956 1409.825 1409.694 1409.313 1408.837 1408.362 1407.886 1407.406 1406.911 1406.416 1405.92 1405.425 1405.074 1404.796 1404.518 1404.24 1403.927 1403.398 1402.868 1402.339 1401.809
1398.676 1398.839 1399.001 1399.092 1399.183 1399.274 1399.365 1399.527 1399.764 1400.0 1400.237 1400.474 1400.973 1401.484 1401.995 1402.506 1403.053 1403.647 1404.242 1404.837 1405.431 1405.991 1406.547 1407.102 1407.658 1408.191 1408.688 1409.184 1409.68 1410.177 1410.401 1410.574 1410.748 1410.921 1411.067 1411.153 1411.24 1411.327 1411.413 1411.34 1411.224 1411.107 1410.99 1410.853 1410.658 1410.463 1410.269 1410.074 1409.667 1409.181 1408.695 1408.208 1407.719 1407.219 1406.718 1406.217 1405.716 1405.321 1404.979 1404.637 1404.295 1403.925 1403.379 1402.834 1402.288 1401.743
1398.634 1398.818 1399.002 1399.141 1399.28 1399.419 1399.558 1399.755 1400.013 1400.271 1400.529 1400.787 1401.47 1402.173 1402.876 1403.579 1404.281 1404.983 1405.684 1406.385 1407.086 1407.594 1408.081 1408.567 1409.053 1409.516 1409.937 1410.359 1410.781 1411.203 1411.362 1411.471 1411.58 1411.689 1411.781 1411.836 1411.89 1411.945 1411.999 1411.932 1411.831 1411.731 1411.63 1411.489 1411.23 1410.971 1410.712 1410.453 1410.022 1409.525 1409.028 1408.531 1408.032 1407.526 1407.02 1406.514 1406.008 1405.568 1405.162 1404.756 1404.35 1403.923 1403.361 1402.8 1402.238 1401.677
1398.592 1398.797 1399.003 1399.19 1399.377 1399.563 1399.75 1399.982 1400.261 1400.541 1400.82 1401.099 1401.968 1402.862 1403.757 1404.652 1405.51 1406.318 1407.125 1407.933 1408.741 1409.198 1409.615 1410.032 1410.449 1410.84 1411.187 1411.534 1411.881 1412.228 1412.322 1412.367 1412.412 1412.457 1412.495 1412.518 1412.541 1412.563 1412.586 1412.524 1412.439 1412.354 1412.27 1412.124 1411.802 1411.479 1411.156 1410.833 1410.376 1409.869 1409.361 1408.853 1408.345 1407.833 1407.322 1406.811 1406.299 1405.815 1405.345 1404.875 1404.405 1403.921 1403.343 1402.766 1402.188 1401.61
1398.59 1398.811 1399.032 1399.289 1399.546 1399.802 1400.059 1400.362 1400.712 1401.063 1401.414 1401.765 1402.791 1403.848 1404.905 1405.962 1406.941 1407.817 1408.692 1409.568 1410.443 1410.827 1411.156 1411.485 1411.814 1412.118 1412.381 1412.645 1412.908 1413.171 1413.205 1413.195 1413.186 1413.177 1413.167 1413.158 1413.148 1413.139 1413.13 1413.059 1412.971 1412.884 1412.796 1412.634 1412.252 1411.869 1411.487 1411.105 1410.619 1410.093 1409.566 1409.04 1408.516 1407.999 1407.482 1406.966 1406.449 1405.926 1405.4 1404.874 1404.347 1403.814 1403.236 1402.658 1402.081 1401.503
1398.687 1398.907 1399.13 1399.51 1399.889 1400.269 1400.648 1401.107 1401.649 1402.192 1402.735 1403.277 1404.399 1405.546 1406.694 1407.841 1408.861 1409.71 1410.559 1411.407 1412.256 1412.518 1412.714 1412.909 1413.105 1413.286 1413.443 1413.599 1413.755 1413.912 1413.902 1413.861 1413.819 1413.778 1413.737 1413.695 1413.654 1413.613 1413.571 1413.456 1413.32 1413.185 1413.049 1412.839 1412.409 1411.979 1411.548 1411.118 1410.592 1410.028 1409.465 1408.901 1408.346 1407.824 1407.302 1406.78 1406.258 1405.708 1405.144 1404.581 1404.017 1403.457 1402.917 1402.376 1401.835 1401.295
1398.783 1399.004 1399.229 1399.731 1400.233 1400.735 1401.237 1401.852 1402.586 1403.321 1404.055 1404.79 1406.006 1407.245 1408.483 1409.721 1410.781 1411.603 1412.425 1413.247 1414.069 1414.209 1414.271 1414.334 1414.396 1414.454 1414.504 1414.553 1414.603 1414.653 1414.599 1414.526 1414.453 1414.379 1414.306 1414.233 1414.159 1414.086 1414.013 1413.853 1413.669 1413.486 1413.302 1413.044 1412.566 1412.088 1411.61 1411.132 1410.565 1409.964 1409.363 1408.762 1408.176 1407.648 1407.121 1406.594 1406.066 1405.49 1404.889 1404.288 1403.688 1403.1 1402.597 1402.094 1401.59 1401.087
1398.88 1399.1 1399.327 1399.952 1400.576 1401.201 1401.825 1402.597 1403.523 1404.45 1405.376 1406.302 1407.614 1408.943 1410.271 1411.6 1412.701 1413.497 1414.292 1415.087 1415.883 1415.9 1415.829 1415.758 1415.687 1415.621 1415.565 1415.508 1415.451 1415.394 1415.297 1415.192 1415.086 1414.981 1414.875 1414.77 1414.665 1414.56 1414.454 1414.25 1414.018 1413.787 1413.555 1413.249 1412.723 1412.197 1411.671 1411.145 1410.538 1409.9 1409.261 1408.623 1408.006 1407.473 1406.94 1406.408 1405.875 1405.272 1404.634 1403.996 1403.358 1402.743 1402.277 1401.811 1401.345 1400.88
1398.976 1399.197 1399.425 1400.173 1400.92 1401.667 1402.414 1403.342 1404.46 1405.578 1406.697 1407.815 1409.221 1410.641 1412.06 1413.48 1414.621 1415.39 1416.159 1416.927 1417.696 1417.591 1417.386 1417.182 1416.978 1416.789 1416.626 1416.462 1416.299 1416.136 1415.994 1415.857 1415.72 1415.582 1415.445 1415.308 1415.17 1415.033 1414.896 1414.647 1414.367 1414.088 1413.808 1413.454 1412.88 1412.306 1411.732 1411.158 1410.511 1409.835 1409.16 1408.484 1407.836 1407.298 1406.76 1406.222 1405.683 1405.054 1404.378 1403.703 1403.028 1402.386 1401.958 1401.529 1401.1 1400.672
1399.329 1399.631 1399.941 1400.785 1401.629 1402.473 1403.317 1404.341 1405.555 1406.77 1407.984 1409.198 1410.636 1412.083 1413.531 1414.978 1416.149 1416.95 1417.751 1418.552 1419.353 1419.141 1418.815 1418.489 1418.162 1417.855 1417.582 1417.308 1417.034 1416.761 1416.55 1416.351 1416.152 1415.954 1415.763 1415.59 1415.417 1415.244 1415.071 1414.789 1414.476 1414.163 1413.85 1413.467 1412.879 1412.29 1411.701 1411.112 1410.455 1409.772 1409.088 1408.405 1407.744 1407.175 1406.606 1406.036 1405.467 1404.829 1404.157 1403.485 1402.813 1402.177 1401.767 1401.357 1400.948 1400.538
1399.796 1400.215 1400.642 1401.571 1402.501 1403.43 1404.359 1405.453 1406.721 1407.988 1409.256 1410.524 1411.964 1413.411 1414.859 1416.306 1417.502 1418.362 1419.222 1420.081 1420.941 1420.63 1420.186 1419.742 1419.298 1418.876 1418.491 1418.105 1417.719 1417.334 1417.043 1416.769 1416.496 1416.222 1415.969 1415.758 1415.548 1415.338 1415.127 1414.816 1414.477 1414.137 1413.798 1413.395 1412.806 1412.217 1411.628 1411.04 1410.386 1409.708 1409.03 1408.353 1407.688 1407.076 1406.464 1405.852 1405.24 1404.602 1403.951 1403.301 1402.65 1402.033 1401.634 1401.235 1400.836 1400.437
1400.264 1400.8 1401.343 1402.358 1403.373 1404.387 1405.402 1406.565 1407.886 1409.207 1410.528 1411.849 1413.292 1414.739 1416.186 1417.634 1418.855 1419.773 1420.692 1421.61 1422.528 1422.118 1421.557 1420.996 1420.435 1419.897 1419.4 1418.902 1418.405 1417.907 1417.535 1417.187 1416.839 1416.491 1416.174 1415.927 1415.679 1415.431 1415.184 1414.843 1414.477 1414.111 1413.745 1413.322 1412.734 1412.145 1411.556 1410.967 1410.318 1409.645 1408.973 1408.3 1407.631 1406.976 1406.322 1405.667 1405.013 1404.375 1403.745 1403.116 1402.486 1401.89 1401.502 1401.113 1400.725 1400.337
1400.731 1401.385 1402.045 1403.145 1404.245 1405.344 1406.444 1407.678 1409.052 1410.426 1411.801 1413.175 1414.619 1416.067 1417.514 1418.962 1420.208 1421.185 1422.162 1423.139 1424.116 1423.606 1422.927 1422.249 1421.571 1420.918 1420.309 1419.699 1419.09 1418.48 1418.028 1417.605 1417.182 1416.76 1416.38 1416.095 1415.81 1415.525 1415.24 1414.871 1414.478 1414.085 1413.692 1413.25 1412.661 1412.072 1411.484 1410.895 1410.249 1409.582 1408.915 1408.247 1407.574 1406.877 1406.18 1405.483 1404.786 1404.148 1403.54 1402.931 1402.323 1401.747 1401.369 1400.991 1400.614 1400.236
1401.179 1401.944 1402.716 1403.899 1405.083 1406.266 1407.449 1408.746 1410.163 1411.579 1412.996 1414.413 1415.85 1417.288 1418.726 1420.164 1421.428 1422.458 1423.489 1424.519 1425.549 1424.947 1424.16 1423.373 1422.586 1421.826 1421.113 1420.399 1419.686 1418.973 1418.446 1417.955 1417.464 1416.973 1416.535 1416.215 1415.895 1415.575 1415.255 1414.862 1414.449 1414.036 1413.622 1413.164 1412.572 1411.981 1411.389 1410.797 1410.156 1409.497 1408.837 1408.178 1407.503 1406.767 1406.031 1405.295 1404.559 1403.92 1403.328 1402.736 1402.145 1401.585 1401.224 1400.863 1400.502 1400.141
1401.424 1402.249 1403.079 1404.326 1405.574 1406.821 1408.068 1409.364 1410.712 1412.059 1413.407 1414.754 1416.086 1417.417 1418.749 1420.08 1421.283 1422.313 1423.344 1424.374 1425.404 1424.783 1423.974 1423.166 1422.358 1421.577 1420.842 1420.107 1419.373 1418.638 1418.104 1417.607 1417.111 1416.614 1416.169 1415.839 1415.508 1415.178 1414.847 1414.485 1414.115 1413.744 1413.373 1412.938 1412.315 1411.691 1411.068 1410.444 1409.818 1409.19 1408.562 1407.935 1407.286 1406.55 1405.814 1405.078 1404.342 1403.681 1403.057 1402.434 1401.81 1401.234 1400.953 1400.672 1400.391 1400.11
1401.67 1402.553 1403.442 1404.753 1406.065 1407.376 1408.687 1409.982 1411.26 1412.539 1413.817 1415.095 1416.322 1417.547 1418.771 1419.996 1421.138 1422.168 1423.199 1424.229 1425.26 1424.619 1423.789 1422.959 1422.13 1421.327 1420.571 1419.815 1419.059 1418.303 1417.761 1417.259 1416.757 1416.256 1415.804 1415.463 1415.121 1414.78 1414.439 1414.108 1413.78 1413.452 1413.124 1412.713 1412.057 1411.402 1410.746 1410.091 1409.479 1408.883 1408.287 1407.692 1407.069 1406.333 1405.597 1404.861 1404.125 1403.442 1402.787 1402.131 1401.475 1400.882 1400.682 1400.481 1400.28 1400.079
1401.916 1402.857 1403.805 1405.18 1406.556 1407.931 1409.306 1410.6 1411.809 1413.018 1414.227 1415.436 1416.558 1417.676 1418.794 1419.912 1420.993 1422.023 1423.054 1424.084 1425.115 1424.455 1423.604 1422.753 1421.902 1421.078 1420.301 1419.523 1418.746 1417.969 1417.419 1416.911 1416.404 1415.897 1415.438 1415.087 1414.735 1414.383 1414.031 1413.731 1413.446 1413.16 1412.875 1412.488 1411.8 1411.113 1410.425 1409.737 1409.14 1408.576 1408.012 1407.449 1406.851 1406.115 1405.38 1404.644 1403.907 1403.204 1402.516 1401.829 1401.141 1400.531 1400.41 1400.289 1400.168 1400.047
1402.161 1403.162 1404.168 1405.607 1407.047 1408.486 1409.925 1411.219 1412.358 1413.498 1414.637 1415.777 1416.794 1417.806 1418.817 1419.829 1420.848 1421.879 1422.909 1423.939 1424.97 1424.291 1423.418 1422.546 1421.674 1420.829 1420.03 1419.231 1418.433 1417.634 1417.076 1416.564 1416.051 1415.539 1415.073 1414.71 1414.348 1413.985 1413.623 1413.354 1413.111 1412.869 1412.626 1412.262 1411.543 1410.823 1410.104 1409.384 1408.801 1408.269 1407.737 1407.206 1406.634 1405.898 1405.162 1404.426 1403.69 1402.965 1402.246 1401.526 1400.806 1400.18 1400.139 1400.098 1400.057 1400.016
1402.302 1403.302 1404.307 1405.711 1407.116 1408.52 1409.925 1411.16 1412.214 1413.269 1414.324 1415.378 1416.322 1417.261 1418.199 1419.138 1420.095 1421.076 1422.057 1423.038 1424.019 1423.356 1422.506 1421.657 1420.807 1419.988 1419.22 1418.452 1417.683 1416.915 1416.395 1415.921 1415.447 1414.974 1414.543 1414.206 1413.869 1413.532 1413.195 1412.943 1412.714 1412.486 1412.257 1411.91 1411.213 1410.516 1409.819 1409.121 1408.547 1408.019 1407.49 1406.962 1406.394 1405.664 1404.933 1404.202 1403.471 1402.753 1402.04 1401.327 1400.615 1400.0 1400.0 1400.0 1400.0 1400.0
1402.333 1403.268 1404.208 1405.474 1406.74 1408.006 1409.272 1410.386 1411.34 1412.293 1413.246 1414.2 1415.104 1416.005 1416.906 1417.807 1418.7 1419.579 1420.459 1421.339 1422.219 1421.607 1420.827 1420.047 1419.267 1418.522 1417.84 1417.157 1416.474 1415.791 1415.356 1414.968 1414.579 1414.191 1413.838 1413.565 1413.292 1413.02 1412.747 1412.496 1412.251 1412.007 1411.762 1411.423 1410.806 1410.189 1409.572 1408.955 1408.383 1407.828 1407.273 1406.718 1406.131 1405.411 1404.691 1403.971 1403.25 1402.567 1401.903 1401.238 1400.573 1400.0 1400.0 1400.0 1400.0 1400.0
1402.363 1403.234 1404.109 1405.237 1406.364 1407.492 1408.619 1409.613 1410.465 1411.317 1412.169 1413.021 1413.885 1414.749 1415.613 1416.477 1417.304 1418.083 1418.861 1419.64 1420.419 1419.859 1419.148 1418.437 1417.726 1417.057 1416.46 1415.862 1415.265 1414.667 1414.317 1414.014 1413.711 1413.408 1413.134 1412.925 1412.716 1412.507 1412.298 1412.049 1411.788 1411.528 1411.267 1410.936 1410.399 1409.862 1409.325 1408.788 1408.219 1407.637 1407.055 1406.474 1405.867 1405.158 1404.448 1403.739 1403.03 1402.382 1401.765 1401.149 1400.532 1400.0 1400.0 1400.0 1400.0 1400.0
1402.394 1403.201 1404.011 1405.0 1405.989 1406.977 1407.966 1408.839 1409.59 1410.341 1411.092 1411.843 1412.666 1413.493 1414.32 1415.146 1415.909 1416.586 1417.264 1417.941 1418.618 1418.11 1417.469 1416.827 1416.186 1415.592 1415.08 1414.567 1414.055 1413.543 1413.278 1413.06 1412.843 1412.625 1412.43 1412.285 1412.14 1411.995 1411.85 1411.602 1411.325 1411.049 1410.772 1410.45 1409.992 1409.535 1409.078 1408.621 1408.054 1407.446 1406.838 1406.23 1405.604 1404.905 1404.206 1403.508 1402.809 1402.197 1401.628 1401.059 1400.49 1400.0 1400.0 1400.0 1400.0 1400.0
1402.424 1403.167 1403.912 1404.763 1405.613 1406.463 1407.313 1408.066 1408.715 1409.365 1410.015 1410.664 1411.448 1412.237 1413.026 1413.816 1414.514 1415.09 1415.666 1416.242 1416.818 1416.362 1415.79 1415.217 1414.645 1414.127 1413.7 1413.273 1412.846 1412.419 1412.239 1412.107 1411.974 1411.842 1411.725 1411.644 1411.563 1411.482 1411.401 1411.155 1410.862 1410.57 1410.277 1409.963 1409.586 1409.208 1408.831 1408.454 1407.89 1407.255 1406.621 1405.986 1405.341 1404.652 1403.964 1403.276 1402.588 1402.011 1401.491 1400.97 1400.449 1400.0 1400.0 1400.0 1400.0 1400.0
1402.12 1402.785 1403.451 1404.143 1404.836 1405.529 1406.221 1406.867 1407.462 1408.058 1408.653 1409.249 1409.926 1410.608 1411.289 1411.97 1412.555 1413.011 1413.467 1413.923 1414.379 1414.028 1413.586 1413.145 1412.703 1412.316 1412.021 1411.727 1411.432 1411.138 1411.043 1410.986 1410.93 1410.873 1410.839 1410.855 1410.871 1410.887 1410.903 1410.694 1410.424 1410.153 1409.882 1409.586 1409.218 1408.85 1408.482 1408.114 1407.561 1406.937 1406.314 1405.69 1405.059 1404.401 1403.742 1403.083 1402.425 1401.881 1401.394 1400.907 1400.42 1400.0 1400.0 1400.0 1400.0 1400.0
1401.771 1402.357 1402.941 1403.474 1404.007 1404.54 1405.072 1405.612 1406.16 1406.707 1407.255 1407.802 1408.366 1408.93 1409.494 1410.058 1410.523 1410.856 1411.19 1411.523 1411.856 1411.618 1411.314 1411.011 1410.708 1410.46 1410.304 1410.148 1409.992 1409.836 1409.826 1409.844 1409.862 1409.88 1409.929 1410.046 1410.163 1410.281 1410.398 1410.232 1409.988 1409.744 1409.5 1409.224 1408.856 1408.488 1408.12 1407.752 1407.211 1406.603 1405.995 1405.387 1404.776 1404.149 1403.523 1402.896 1402.269 1401.757 1401.302 1400.847 1400.392 1400.0 1400.0 1400.0 1400.0 1400.0
1401.423 1401.928 1402.432 1402.805 1403.178 1403.551 1403.923 1404.358 1404.857 1405.357 1405.856 1406.356 1406.805 1407.252 1407.698 1408.145 1408.491 1408.702 1408.912 1409.123 1409.333 1409.207 1409.042 1408.878 1408.714 1408.603 1408.586 1408.569 1408.552 1408.534 1408.609 1408.702 1408.795 1408.887 1409.019 1409.238 1409.456 1409.675 1409.893 1409.77 1409.553 1409.335 1409.118 1408.862 1408.494 1408.126 1407.758 1407.39 1406.86 1406.268 1405.677 1405.085 1404.492 1403.898 1403.303 1402.708 1402.114 1401.634 1401.211 1400.788 1400.365 1400.0 1400.0 1400.0 1400.0 1400.0
1401.075 1401.5 1401.922 1402.135 1402.348 1402.561 1402.774 1403.103 1403.555 1404.006 1404.458 1404.909 1405.244 1405.573 1405.903 1406.233 1406.459 1406.547 1406.635 1406.723 1406.811 1406.797 1406.771 1406.745 1406.719 1406.747 1406.869 1406.99 1407.111 1407.233 1407.392 1407.56 1407.727 1407.894 1408.109 1408.429 1408.749 1409.068 1409.388 1409.308 1409.117 1408.927 1408.736 1408.5 1408.132 1407.764 1407.396 1407.028 1406.509 1405.934 1405.358 1404.782 1404.209 1403.646 1403.084 1402.521 1401.958 1401.51 1401.119 1400.728 1400.337 1400.0 1400.0 1400.0 1400.0 1400.0
1400.713 1401.058 1401.4 1401.506 1401.612 1401.717 1401.823 1402.067 1402.459 1402.85 1403.242 1403.633 1403.871 1404.101 1404.331 1404.562 1404.693 1404.693 1404.693 1404.693 1404.693 1404.764 1404.842 1404.92 1404.998 1405.137 1405.38 1405.624 1405.867 1406.111 1406.343 1406.572 1406.802 1407.032 1407.312 1407.703 1408.094 1408.485 1408.876 1408.835 1408.674 1408.513 1408.351 1408.138 1407.77 1407.402 1407.034 1406.666 1406.164 1405.612 1405.06 1404.508 1403.96 1403.431 1402.901 1402.372 1401.843 1401.421 1401.053 1400.685 1400.317 1400.001 1400.01 1400.019 1400.028 1400.037
1400.317 1400.582 1400.845 1400.978 1401.11 1401.242 1401.375 1401.589 1401.89 1402.191 1402.492 1402.792 1402.975 1403.152 1403.329 1403.506 1403.607 1403.607 1403.607 1403.607 1403.607 1403.692 1403.786 1403.88 1403.974 1404.153 1404.476 1404.799 1405.123 1405.446 1405.718 1405.979 1406.241 1406.503 1406.803 1407.189 1407.575 1407.961 1408.346 1408.333 1408.209 1408.085 1407.962 1407.776 1407.408 1407.04 1406.672 1406.304 1405.833 1405.323 1404.814 1404.304 1403.798 1403.306 1402.814 1402.323 1401.831 1401.421 1401.053 1400.685 1400.317 1400.006 1400.047 1400.088 1400.129 1400.17
