data/zism_data/00952_02_D.txt
ncols         224
nrows         224
[rows 28 to 55 of 224, columns 65 to 129 of 224]
1094.372 1094.459 1094.547 1094.634 1094.695 1094.637 1094.579 1094.521 1094.462 1094.437 1094.432 1094.428 1094.423 1094.43 1094.728 1095.026 1095.325 1095.623 1095.925 1096.23 1096.535 1096.84 1097.145 1097.318 1097.476 1097.634 1097.791 1097.917 1097.977 1098.036 1098.096 1098.156 1098.226 1098.301 1098.375 1098.449 1098.53 1098.637 1098.745 1098.852 1098.959 1099.097 1099.254 1099.411 1099.568 1099.75 1100.396 1101.041 1101.687 1102.332 1103.19 1104.278 1105.365 1106.453 1107.54 1108.379 1109.194 1110.009 1110.823 1111.56 1112.146 1112.733 1113.319 1113.906 1114.34
1096.216 1096.255 1096.294 1096.334 1096.345 1096.228 1096.111 1095.994 1095.877 1095.722 1095.541 1095.36 1095.179 1095.01 1095.159 1095.308 1095.456 1095.605 1095.814 1096.093 1096.371 1096.65 1096.928 1097.103 1097.266 1097.429 1097.593 1097.73 1097.817 1097.903 1097.99 1098.076 1098.129 1098.171 1098.213 1098.255 1098.319 1098.475 1098.63 1098.786 1098.941 1099.114 1099.298 1099.481 1099.665 1099.871 1100.49 1101.108 1101.727 1102.346 1103.131 1104.096 1105.06 1106.025 1106.989 1107.813 1108.622 1109.432 1110.241 1110.952 1111.474 1111.997 1112.519 1113.041 1113.452
1098.061 1098.052 1098.043 1098.034 1097.995 1097.82 1097.644 1097.468 1097.292 1097.007 1096.649 1096.292 1095.935 1095.591 1095.59 1095.589 1095.588 1095.587 1095.704 1095.956 1096.208 1096.459 1096.711 1096.888 1097.057 1097.225 1097.394 1097.544 1097.657 1097.77 1097.883 1097.996 1098.031 1098.041 1098.052 1098.062 1098.109 1098.312 1098.516 1098.719 1098.923 1099.13 1099.341 1099.551 1099.762 1099.991 1100.583 1101.176 1101.768 1102.36 1103.072 1103.914 1104.755 1105.597 1106.439 1107.246 1108.05 1108.854 1109.659 1110.344 1110.802 1111.26 1111.718 1112.177 1112.565
1098.843 1098.811 1098.78 1098.748 1098.689 1098.502 1098.315 1098.127 1097.94 1097.62 1097.214 1096.808 1096.402 1096.008 1095.922 1095.838 1095.752 1095.667 1095.719 1095.925 1096.132 1096.339 1096.546 1096.746 1096.945 1097.145 1097.344 1097.515 1097.63 1097.744 1097.858 1097.972 1098.025 1098.058 1098.09 1098.123 1098.189 1098.397 1098.605 1098.813 1099.021 1099.256 1099.508 1099.759 1100.011 1100.279 1100.851 1101.424 1101.997 1102.569 1103.221 1103.958 1104.695 1105.432 1106.169 1106.906 1107.643 1108.38 1109.117 1109.725 1110.086 1110.447 1110.809 1111.17 1111.534
1099.128 1099.085 1099.043 1099.001 1098.935 1098.759 1098.582 1098.405 1098.229 1097.92 1097.524 1097.129 1096.734 1096.347 1096.209 1096.07 1095.932 1095.794 1095.791 1095.945 1096.098 1096.251 1096.405 1096.638 1096.88 1097.122 1097.364 1097.561 1097.664 1097.768 1097.871 1097.975 1098.061 1098.142 1098.223 1098.304 1098.406 1098.598 1098.79 1098.982 1099.173 1099.432 1099.732 1100.032 1100.331 1100.644 1101.201 1101.758 1102.314 1102.871 1103.468 1104.109 1104.749 1105.39 1106.031 1106.672 1107.312 1107.953 1108.594 1109.1 1109.349 1109.598 1109.847 1110.096 1110.435
1099.413 1099.36 1099.307 1099.254 1099.181 1099.015 1098.849 1098.683 1098.518 1098.219 1097.834 1097.45 1097.065 1096.687 1096.495 1096.303 1096.112 1095.92 1095.864 1095.964 1096.064 1096.164 1096.264 1096.53 1096.814 1097.099 1097.384 1097.606 1097.699 1097.792 1097.885 1097.978 1098.098 1098.227 1098.356 1098.485 1098.623 1098.798 1098.974 1099.15 1099.326 1099.609 1099.956 1100.304 1100.652 1101.01 1101.55 1102.091 1102.631 1103.172 1103.715 1104.259 1104.804 1105.348 1105.893 1106.437 1106.982 1107.527 1108.071 1108.476 1108.613 1108.75 1108.886 1109.023 1109.336
1099.698 1099.634 1099.57 1099.507 1099.427 1099.272 1099.117 1098.962 1098.806 1098.519 1098.145 1097.771 1097.396 1097.027 1096.782 1096.536 1096.291 1096.046 1095.937 1095.983 1096.03 1096.076 1096.123 1096.422 1096.749 1097.077 1097.404 1097.651 1097.733 1097.816 1097.898 1097.98 1098.134 1098.311 1098.488 1098.666 1098.839 1098.999 1099.159 1099.319 1099.479 1099.785 1100.181 1100.577 1100.973 1101.375 1101.9 1102.424 1102.949 1103.473 1103.961 1104.41 1104.858 1105.306 1105.755 1106.203 1106.651 1107.1 1107.548 1107.851 1107.876 1107.901 1107.925 1107.95 1108.238
1099.946 1099.873 1099.8 1099.727 1099.641 1099.495 1099.349 1099.203 1099.057 1098.781 1098.419 1098.057 1097.695 1097.336 1097.047 1096.759 1096.471 1096.182 1096.031 1096.035 1096.039 1096.043 1096.047 1096.37 1096.729 1097.089 1097.448 1097.713 1097.786 1097.859 1097.932 1098.005 1098.188 1098.406 1098.624 1098.842 1099.047 1099.195 1099.343 1099.491 1099.639 1099.966 1100.401 1100.837 1101.272 1101.712 1102.214 1102.716 1103.218 1103.721 1104.155 1104.515 1104.876 1105.236 1105.597 1105.952 1106.306 1106.66 1107.015 1107.22 1107.141 1107.062 1106.983 1106.903 1107.156
1099.946 1099.873 1099.8 1099.727 1099.641 1099.495 1099.349 1099.203 1099.057 1098.794 1098.453 1098.113 1097.772 1097.434 1097.173 1096.911 1096.649 1096.388 1096.265 1096.302 1096.338 1096.374 1096.41 1096.698 1097.015 1097.331 1097.647 1097.884 1097.957 1098.03 1098.103 1098.176 1098.355 1098.568 1098.78 1098.993 1099.197 1099.361 1099.525 1099.689 1099.853 1100.175 1100.595 1101.015 1101.434 1101.855 1102.293 1102.731 1103.169 1103.607 1103.993 1104.321 1104.65 1104.978 1105.307 1105.586 1105.86 1106.134 1106.408 1106.544 1106.417 1106.29 1106.162 1106.035 1106.19
1099.946 1099.873 1099.8 1099.727 1099.641 1099.495 1099.349 1099.203 1099.057 1098.807 1098.487 1098.168 1097.849 1097.533 1097.298 1097.063 1096.828 1096.593 1096.5 1096.568 1096.637 1096.705 1096.773 1097.026 1097.3 1097.573 1097.847 1098.055 1098.128 1098.201 1098.274 1098.347 1098.522 1098.729 1098.937 1099.144 1099.346 1099.526 1099.706 1099.886 1100.066 1100.385 1100.789 1101.192 1101.596 1101.998 1102.372 1102.746 1103.12 1103.494 1103.831 1104.127 1104.424 1104.72 1105.016 1105.219 1105.413 1105.607 1105.801 1105.869 1105.693 1105.518 1105.343 1105.167 1105.225
1099.946 1099.873 1099.8 1099.727 1099.641 1099.495 1099.349 1099.203 1099.057 1098.82 1098.522 1098.224 1097.926 1097.631 1097.423 1097.215 1097.007 1096.799 1096.735 1096.835 1096.936 1097.036 1097.136 1097.354 1097.585 1097.816 1098.047 1098.226 1098.299 1098.372 1098.445 1098.517 1098.688 1098.891 1099.093 1099.295 1099.496 1099.692 1099.888 1100.084 1100.28 1100.595 1100.983 1101.37 1101.758 1102.141 1102.451 1102.761 1103.071 1103.381 1103.669 1103.933 1104.198 1104.462 1104.726 1104.853 1104.967 1105.081 1105.195 1105.193 1104.969 1104.746 1104.522 1104.299 1104.259
1099.946 1099.873 1099.8 1099.727 1099.641 1099.495 1099.349 1099.203 1099.057 1098.833 1098.556 1098.28 1098.003 1097.73 1097.549 1097.367 1097.186 1097.004 1096.969 1097.102 1097.234 1097.367 1097.499 1097.682 1097.87 1098.058 1098.246 1098.397 1098.47 1098.542 1098.615 1098.688 1098.855 1099.052 1099.249 1099.446 1099.645 1099.857 1100.07 1100.282 1100.494 1100.805 1101.176 1101.548 1101.919 1102.284 1102.53 1102.776 1103.022 1103.268 1103.507 1103.739 1103.972 1104.204 1104.436 1104.487 1104.521 1104.555 1104.588 1104.517 1104.246 1103.974 1103.702 1103.431 1103.293
1099.936 1099.851 1099.766 1099.68 1099.587 1099.453 1099.32 1099.186 1099.053 1098.842 1098.58 1098.319 1098.058 1097.801 1097.655 1097.51 1097.365 1097.219 1097.204 1097.337 1097.471 1097.604 1097.738 1097.902 1098.069 1098.236 1098.403 1098.541 1098.62 1098.7 1098.779 1098.858 1099.015 1099.197 1099.379 1099.562 1099.751 1099.969 1100.188 1100.407 1100.626 1100.924 1101.27 1101.616 1101.962 1102.302 1102.511 1102.721 1102.93 1103.14 1103.34 1103.531 1103.722 1103.913 1104.104 1104.087 1104.05 1104.013 1103.975 1103.851 1103.559 1103.267 1102.976 1102.684 1102.519
1099.921 1099.814 1099.707 1099.6 1099.493 1099.381 1099.268 1099.156 1099.044 1098.848 1098.598 1098.347 1098.096 1097.851 1097.749 1097.646 1097.543 1097.44 1097.438 1097.55 1097.662 1097.775 1097.887 1098.043 1098.205 1098.367 1098.529 1098.667 1098.757 1098.846 1098.936 1099.026 1099.17 1099.331 1099.491 1099.652 1099.824 1100.043 1100.262 1100.48 1100.699 1100.977 1101.291 1101.605 1101.92 1102.228 1102.421 1102.615 1102.808 1103.002 1103.171 1103.314 1103.457 1103.599 1103.742 1103.662 1103.561 1103.46 1103.358 1103.192 1102.9 1102.608 1102.316 1102.025 1101.885
1099.905 1099.776 1099.648 1099.52 1099.399 1099.308 1099.217 1099.126 1099.036 1098.855 1098.615 1098.375 1098.135 1097.902 1097.842 1097.782 1097.722 1097.662 1097.672 1097.763 1097.854 1097.945 1098.035 1098.185 1098.341 1098.498 1098.654 1098.792 1098.893 1098.993 1099.094 1099.194 1099.324 1099.464 1099.603 1099.743 1099.897 1100.116 1100.335 1100.554 1100.773 1101.031 1101.313 1101.595 1101.877 1102.153 1102.331 1102.508 1102.686 1102.863 1103.001 1103.096 1103.191 1103.285 1103.38 1103.238 1103.072 1102.907 1102.741 1102.532 1102.241 1101.949 1101.657 1101.365 1101.25
1099.889 1099.739 1099.59 1099.44 1099.305 1099.235 1099.166 1099.097 1099.027 1098.861 1098.632 1098.403 1098.173 1097.952 1097.935 1097.918 1097.9 1097.883 1097.906 1097.976 1098.045 1098.115 1098.184 1098.327 1098.478 1098.629 1098.78 1098.918 1099.029 1099.14 1099.252 1099.363 1099.479 1099.597 1099.715 1099.833 1099.97 1100.189 1100.408 1100.627 1100.846 1101.084 1101.334 1101.584 1101.834 1102.079 1102.241 1102.402 1102.564 1102.725 1102.831 1102.878 1102.925 1102.971 1103.018 1102.813 1102.583 1102.354 1102.124 1101.873 1101.582 1101.29 1100.998 1100.706 1100.616
1099.874 1099.704 1099.535 1099.365 1099.216 1099.167 1099.118 1099.069 1099.019 1098.868 1098.649 1098.431 1098.213 1098.003 1098.028 1098.053 1098.078 1098.103 1098.139 1098.188 1098.236 1098.284 1098.333 1098.469 1098.615 1098.76 1098.906 1099.044 1099.165 1099.287 1099.408 1099.529 1099.632 1099.728 1099.825 1099.922 1100.042 1100.26 1100.479 1100.698 1100.917 1101.135 1101.353 1101.571 1101.789 1102.003 1102.149 1102.295 1102.441 1102.587 1102.662 1102.661 1102.66 1102.659 1102.658 1102.392 1102.1 1101.808 1101.516 1101.225 1100.935 1100.646 1100.355 1100.066 1100.0
1099.89 1099.741 1099.593 1099.445 1099.31 1099.24 1099.169 1099.099 1099.028 1098.877 1098.675 1098.473 1098.27 1098.077 1098.129 1098.181 1098.233 1098.284 1098.33 1098.367 1098.405 1098.443 1098.48 1098.615 1098.761 1098.907 1099.053 1099.187 1099.298 1099.408 1099.519 1099.629 1099.713 1099.788 1099.864 1099.939 1100.042 1100.26 1100.479 1100.698 1100.917 1101.115 1101.301 1101.487 1101.673 1101.857 1102.003 1102.149 1102.294 1102.44 1102.5 1102.467 1102.434 1102.401 1102.368 1102.099 1101.807 1101.515 1101.224 1100.954 1100.729 1100.503 1100.277 1100.051 1100.0
1099.906 1099.779 1099.652 1099.525 1099.404 1099.312 1099.22 1099.128 1099.036 1098.887 1098.701 1098.515 1098.328 1098.151 1098.23 1098.309 1098.387 1098.466 1098.52 1098.547 1098.574 1098.601 1098.628 1098.762 1098.907 1099.053 1099.199 1099.33 1099.43 1099.53 1099.63 1099.73 1099.795 1099.849 1099.902 1099.956 1100.042 1100.26 1100.479 1100.698 1100.917 1101.095 1101.249 1101.403 1101.557 1101.71 1101.856 1102.002 1102.148 1102.294 1102.338 1102.273 1102.208 1102.143 1102.078 1101.806 1101.514 1101.222 1100.931 1100.683 1100.522 1100.36 1100.198 1100.037 1100.0
1099.922 1099.816 1099.71 1099.605 1099.498 1099.385 1099.271 1099.158 1099.045 1098.897 1098.727 1098.556 1098.386 1098.226 1098.331 1098.436 1098.541 1098.647 1098.71 1098.727 1098.743 1098.759 1098.775 1098.908 1099.054 1099.2 1099.346 1099.473 1099.562 1099.651 1099.741 1099.83 1099.876 1099.909 1099.941 1099.974 1100.042 1100.26 1100.479 1100.698 1100.917 1101.076 1101.197 1101.319 1101.441 1101.564 1101.71 1101.855 1102.001 1102.147 1102.176 1102.079 1101.982 1101.885 1101.788 1101.513 1101.221 1100.929 1100.638 1100.412 1100.315 1100.217 1100.12 1100.022 1100.0
1099.937 1099.853 1099.769 1099.685 1099.592 1099.457 1099.323 1099.188 1099.053 1098.906 1098.752 1098.598 1098.444 1098.3 1098.432 1098.564 1098.696 1098.828 1098.901 1098.906 1098.912 1098.917 1098.923 1099.055 1099.2 1099.346 1099.492 1099.616 1099.695 1099.773 1099.852 1099.93 1099.958 1099.969 1099.98 1099.991 1100.042 1100.26 1100.479 1100.698 1100.917 1101.056 1101.145 1101.235 1101.325 1101.417 1101.563 1101.709 1101.855 1102.001 1102.014 1101.885 1101.756 1101.627 1101.498 1101.22 1100.928 1100.636 1100.345 1100.141 1100.108 1100.074 1100.041 1100.008 1100.0
1099.975 1099.894 1099.814 1099.733 1099.641 1099.495 1099.349 1099.203 1099.057 1098.921 1098.79 1098.66 1098.529 1098.408 1098.544 1098.68 1098.815 1098.951 1099.028 1099.038 1099.049 1099.059 1099.069 1099.194 1099.332 1099.471 1099.609 1099.723 1099.788 1099.854 1099.919 1099.984 1100.0 1100.0 1100.0 1100.0 1100.038 1100.239 1100.44 1100.641 1100.842 1100.97 1101.053 1101.136 1101.219 1101.304 1101.419 1101.535 1101.65 1101.765 1101.76 1101.624 1101.488 1101.352 1101.217 1100.964 1100.701 1100.437 1100.173 1100.0 1100.0 1100.0 1100.0 1100.0 1100.0
1100.036 1099.94 1099.843 1099.746 1099.641 1099.495 1099.349 1099.203 1099.057 1098.94 1098.842 1098.743 1098.645 1098.554 1098.668 1098.783 1098.897 1099.011 1099.087 1099.119 1099.15 1099.182 1099.213 1099.326 1099.448 1099.571 1099.693 1099.791 1099.84 1099.89 1099.939 1099.988 1100.0 1100.0 1100.0 1100.0 1100.031 1100.195 1100.358 1100.522 1100.685 1100.812 1100.917 1101.021 1101.126 1101.228 1101.279 1101.33 1101.381 1101.432 1101.404 1101.289 1101.175 1101.061 1100.946 1100.749 1100.544 1100.339 1100.135 1100.0 1100.0 1100.0 1100.0 1100.0 1100.0
1100.098 1099.985 1099.872 1099.76 1099.641 1099.495 1099.349 1099.203 1099.057 1098.96 1098.893 1098.827 1098.76 1098.7 1098.793 1098.886 1098.979 1099.072 1099.146 1099.199 1099.252 1099.305 1099.358 1099.458 1099.565 1099.671 1099.777 1099.859 1099.892 1099.926 1099.959 1099.992 1100.0 1100.0 1100.0 1100.0 1100.024 1100.15 1100.276 1100.402 1100.529 1100.655 1100.781 1100.906 1101.032 1101.151 1101.138 1101.125 1101.112 1101.099 1101.048 1100.955 1100.862 1100.769 1100.676 1100.534 1100.388 1100.242 1100.096 1100.0 1100.0 1100.0 1100.0 1100.0 1100.0
1100.159 1100.03 1099.901 1099.773 1099.641 1099.495 1099.349 1099.203 1099.057 1098.979 1098.945 1098.91 1098.876 1098.845 1098.917 1098.989 1099.06 1099.132 1099.205 1099.279 1099.353 1099.428 1099.502 1099.59 1099.681 1099.771 1099.861 1099.927 1099.944 1099.961 1099.979 1099.996 1100.0 1100.0 1100.0 1100.0 1100.017 1100.106 1100.194 1100.283 1100.372 1100.497 1100.644 1100.792 1100.939 1101.075 1100.998 1100.92 1100.843 1100.766 1100.692 1100.62 1100.549 1100.477 1100.405 1100.319 1100.232 1100.145 1100.057 1100.0 1100.0 1100.0 1100.0 1100.0 1100.0
1100.22 1100.076 1099.931 1099.786 1099.641 1099.495 1099.349 1099.203 1099.057 1098.999 1098.996 1098.994 1098.992 1098.991 1099.041 1099.092 1099.142 1099.192 1099.263 1099.359 1099.455 1099.551 1099.646 1099.723 1099.797 1099.871 1099.945 1099.995 1099.996 1099.997 1099.999 1100.0 1100.0 1100.0 1100.0 1100.0 1100.01 1100.061 1100.112 1100.164 1100.215 1100.339 1100.508 1100.677 1100.845 1100.998 1100.857 1100.716 1100.574 1100.433 1100.336 1100.286 1100.235 1100.185 1100.135 1100.104 1100.076 1100.047 1100.019 1100.0 1100.0 1100.0 1100.0 1100.0 1100.0
1100.369 1100.203 1100.037 1099.871 1099.709 1099.563 1099.417 1099.271 1099.125 1099.068 1099.068 1099.068 1099.068 1099.07 1099.139 1099.207 1099.276 1099.344 1099.417 1099.494 1099.572 1099.649 1099.727 1099.787 1099.845 1099.903 1099.961 1100.0 1100.0 1100.0 1100.0 1100.0 1100.0 1100.0 1100.0 1100.0 1100.007 1100.046 1100.085 1100.124 1100.162 1100.261 1100.396 1100.532 1100.668 1100.79 1100.674 1100.558 1100.442 1100.326 1100.247 1100.208 1100.169 1100.131 1100.092 1100.071 1100.051 1100.032 1100.013 1100.0 1100.0 1100.0 1100.0 1100.0 1100.0
1100.523 1100.336 1100.149 1099.962 1099.782 1099.636 1099.49 1099.345 1099.199 1099.141 1099.141 1099.141 1099.141 1099.145 1099.234 1099.324 1099.414 1099.504 1099.578 1099.634 1099.69 1099.746 1099.802 1099.846 1099.888 1099.93 1099.972 1100.0 1100.0 1100.0 1100.0 1100.0 1100.0 1100.0 1100.0 1100.0 1100.005 1100.033 1100.061 1100.089 1100.117 1100.189 1100.287 1100.385 1100.483 1100.572 1100.488 1100.404 1100.32 1100.236 1100.179 1100.151 1100.123 1100.094 1100.067 1100.051 1100.037 1100.023 1100.009 1100.0 1100.0 1100.0 1100.0 1100.0 1100.0
