data/zism_data/00950_01_D.txt
ncols         224
nrows         224
[rows 116 to 144 of 224, columns 65 to 129 of 224]
4100.0 4100.0 4100.0 4100.0 4100.0 4100.0 4100.0 4100.0 4100.0 4100.0 4100.0 4100.0 4100.0 4100.0 4100.0 4100.0 4100.0 4100.0 4100.0 4100.0 4100.0 4100.0 4100.0 4100.0 4100.0 4100.0 4100.0 4100.0 4100.0 4100.0 4100.0 4100.0 4100.0 4100.0 4100.0 4100.0 4100.0 4100.0 4100.0 4100.0 4100.0 4100.0 4100.0 4100.0 4099.977 4099.953 4099.928 4099.904 4099.736 4099.357 4098.979 4098.601 4098.222 4096.482 4094.539 4092.595 4090.651 4089.113 4088.385 4087.658 4086.93 4086.203 4087.279 4088.814 4090.35
4100.0 4100.0 4100.0 4100.0 4100.0 4100.0 4100.0 4100.0 4100.0 4100.0 4100.0 4100.0 4100.0 4100.0 4100.0 4100.0 4100.0 4100.0 4100.0 4100.0 4100.0 4100.0 4100.0 4100.0 4100.0 4100.0 4100.0 4100.0 4100.0 4100.0 4100.0 4100.0 4100.0 4100.0 4100.0 4100.0 4100.0 4100.0 4100.0 4100.0 4100.0 4100.0 4100.0 4100.0 4099.998 4099.995 4099.992 4099.989 4099.97 4099.926 4099.882 4099.838 4099.795 4098.916 4097.912 4096.907 4095.903 4095.119 4094.775 4094.431 4094.087 4093.743 4094.488 4095.51 4096.532
4100.0 4100.0 4100.0 4100.0 4100.0 4100.0 4100.0 4099.994 4099.965 4099.937 4099.909 4099.881 4099.872 4099.872 4099.872 4099.872 4099.877 4099.905 4099.933 4099.961 4099.989 4100.0 4100.0 4100.0 4100.0 4100.0 4100.0 4100.0 4100.0 4100.0 4100.0 4100.0 4100.0 4100.0 4100.0 4100.0 4100.0 4100.0 4100.0 4100.0 4100.0 4100.0 4100.0 4100.0 4100.009 4100.018 4100.028 4100.037 4100.056 4100.089 4100.122 4100.154 4100.188 4099.613 4098.947 4098.281 4097.615 4097.109 4096.923 4096.738 4096.552 4096.366 4096.921 4097.665 4098.409
4100.0 4100.0 4100.0 4100.0 4100.0 4100.0 4100.0 4099.986 4099.925 4099.865 4099.804 4099.744 4099.725 4099.725 4099.725 4099.725 4099.735 4099.795 4099.856 4099.917 4099.977 4100.0 4100.0 4100.0 4100.0 4100.0 4100.0 4100.0 4100.0 4100.0 4100.0 4100.0 4100.0 4100.0 4100.0 4100.0 4100.0 4100.0 4100.0 4100.0 4100.0 4100.0 4100.0 4100.0 4100.019 4100.039 4100.06 4100.08 4100.12 4100.191 4100.262 4100.332 4100.403 4100.049 4099.632 4099.214 4098.797 4098.498 4098.436 4098.375 4098.313 4098.251 4098.638 4099.139 4099.64
4100.0 4100.0 4100.0 4100.0 4100.0 4100.0 4100.0 4099.979 4099.886 4099.792 4099.7 4099.606 4099.579 4099.579 4099.579 4099.579 4099.593 4099.686 4099.779 4099.872 4099.965 4100.0 4100.0 4100.0 4100.0 4100.0 4100.0 4100.0 4100.0 4100.0 4100.0 4100.0 4100.0 4100.0 4100.0 4100.0 4100.0 4100.0 4100.0 4100.0 4100.0 4100.0 4100.0 4100.0 4100.029 4100.06 4100.091 4100.122 4100.185 4100.293 4100.401 4100.51 4100.619 4100.485 4100.316 4100.147 4099.979 4099.887 4099.949 4100.012 4100.074 4100.137 4100.355 4100.613 4100.871
4100.0 4100.0 4100.0 4100.0 4100.0 4100.0 4100.0 4099.971 4099.846 4099.72 4099.595 4099.47 4099.432 4099.432 4099.432 4099.432 4099.452 4099.577 4099.702 4099.828 4099.953 4100.0 4100.0 4100.0 4100.0 4100.0 4100.0 4100.0 4100.0 4100.0 4100.0 4100.0 4100.0 4100.0 4100.0 4100.0 4100.0 4100.0 4100.0 4100.0 4100.0 4100.0 4100.0 4100.0 4100.04 4100.081 4100.123 4100.165 4100.249 4100.395 4100.542 4100.688 4100.834 4100.922 4101.001 4101.081 4101.16 4101.275 4101.462 4101.648 4101.835 4102.022 4102.072 4102.087 4102.102
4100.0 4100.0 4100.0 4100.0 4100.0 4100.0 4100.0 4099.965 4099.813 4099.66 4099.508 4099.355 4099.3 4099.288 4099.275 4099.262 4099.272 4099.403 4099.534 4099.665 4099.795 4099.863 4099.892 4099.92 4099.949 4099.976 4099.981 4099.987 4099.992 4099.998 4100.0 4100.0 4100.0 4100.0 4100.0 4100.0 4100.0 4100.0 4100.0 4099.996 4099.987 4099.978 4099.969 4099.959 4100.002 4100.047 4100.093 4100.138 4100.237 4100.416 4100.595 4100.773 4100.952 4101.215 4101.491 4101.766 4102.042 4102.321 4102.608 4102.896 4103.184 4103.471 4103.404 4103.246 4103.088
4100.0 4100.0 4100.0 4100.0 4100.0 4100.0 4100.0 4099.961 4099.792 4099.624 4099.455 4099.287 4099.2 4099.15 4099.1 4099.049 4099.02 4099.102 4099.184 4099.266 4099.349 4099.451 4099.566 4099.682 4099.797 4099.904 4099.925 4099.947 4099.969 4099.99 4100.0 4100.0 4100.0 4100.0 4100.0 4100.0 4100.0 4100.0 4100.0 4099.983 4099.947 4099.911 4099.875 4099.839 4099.869 4099.904 4099.938 4099.973 4100.075 4100.275 4100.475 4100.676 4100.876 4101.221 4101.589 4101.956 4102.323 4102.682 4103.023 4103.365 4103.707 4104.048 4103.966 4103.775 4103.585
4100.0 4100.0 4100.0 4100.0 4100.0 4100.0 4100.0 4099.957 4099.772 4099.588 4099.403 4099.218 4099.101 4099.012 4098.924 4098.836 4098.767 4098.801 4098.834 4098.868 4098.901 4099.04 4099.241 4099.443 4099.645 4099.832 4099.87 4099.907 4099.945 4099.983 4100.0 4100.0 4100.0 4100.0 4100.0 4100.0 4100.0 4100.0 4100.0 4099.97 4099.907 4099.844 4099.781 4099.718 4099.737 4099.76 4099.784 4099.808 4099.912 4100.134 4100.356 4100.578 4100.799 4101.228 4101.687 4102.146 4102.605 4103.043 4103.438 4103.834 4104.229 4104.625 4104.528 4104.305 4104.083
4100.0 4100.0 4100.0 4100.0 4100.0 4100.0 4100.0 4099.954 4099.752 4099.551 4099.351 4099.149 4099.001 4098.875 4098.749 4098.623 4098.515 4098.5 4098.484 4098.469 4098.454 4098.628 4098.916 4099.204 4099.492 4099.76 4099.813 4099.868 4099.922 4099.976 4100.0 4100.0 4100.0 4100.0 4100.0 4100.0 4100.0 4100.0 4100.0 4099.957 4099.867 4099.777 4099.687 4099.597 4099.604 4099.617 4099.63 4099.643 4099.75 4099.993 4100.236 4100.479 4100.723 4101.234 4101.785 4102.336 4102.887 4103.404 4103.854 4104.303 4104.752 4105.202 4105.09 4104.834 4104.58
4100.0 4100.0 4100.0 4100.0 4100.0 4100.0 4100.0 4099.95 4099.732 4099.515 4099.298 4099.081 4098.901 4098.737 4098.573 4098.41 4098.262 4098.198 4098.134 4098.071 4098.007 4098.216 4098.591 4098.965 4099.339 4099.688 4099.758 4099.828 4099.898 4099.968 4100.0 4100.0 4100.0 4100.0 4100.0 4100.0 4100.0 4100.0 4100.0 4099.944 4099.827 4099.71 4099.593 4099.476 4099.471 4099.474 4099.476 4099.478 4099.587 4099.852 4100.117 4100.382 4100.647 4101.24 4101.883 4102.526 4103.168 4103.765 4104.268 4104.771 4105.275 4105.779 4105.652 4105.364 4105.077
4100.0 4100.0 4100.0 4100.0 4100.0 4100.0 4100.0 4099.949 4099.729 4099.508 4099.288 4099.067 4098.749 4098.388 4098.027 4097.667 4097.339 4097.188 4097.037 4096.886 4096.735 4097.0 4097.517 4098.034 4098.55 4099.027 4099.088 4099.149 4099.209 4099.27 4099.297 4099.297 4099.297 4099.297 4099.297 4099.297 4099.297 4099.297 4099.297 4099.224 4099.071 4098.919 4098.766 4098.614 4098.605 4098.605 4098.605 4098.605 4098.779 4099.208 4099.636 4100.065 4100.494 4101.192 4101.931 4102.669 4103.408 4104.089 4104.656 4105.222 4105.788 4106.354 4106.255 4105.987 4105.719
4100.0 4100.0 4100.0 4100.0 4100.0 4100.0 4100.0 4099.949 4099.729 4099.508 4099.288 4099.067 4098.583 4097.985 4097.387 4096.789 4096.246 4095.998 4095.75 4095.501 4095.253 4095.579 4096.252 4096.926 4097.599 4098.218 4098.262 4098.307 4098.351 4098.396 4098.416 4098.416 4098.416 4098.416 4098.416 4098.416 4098.416 4098.416 4098.416 4098.324 4098.134 4097.943 4097.753 4097.563 4097.552 4097.552 4097.552 4097.552 4097.807 4098.435 4099.063 4099.692 4100.32 4101.129 4101.965 4102.801 4103.637 4104.405 4105.036 4105.667 4106.298 4106.929 4106.869 4106.633 4106.397
4100.0 4100.0 4100.0 4100.0 4100.0 4100.0 4100.0 4099.949 4099.729 4099.508 4099.288 4099.067 4098.418 4097.583 4096.747 4095.91 4095.153 4094.807 4094.462 4094.116 4093.771 4094.158 4094.988 4095.818 4096.648 4097.408 4097.437 4097.464 4097.493 4097.521 4097.534 4097.534 4097.534 4097.534 4097.534 4097.534 4097.534 4097.534 4097.534 4097.424 4097.196 4096.968 4096.74 4096.512 4096.499 4096.499 4096.499 4096.499 4096.834 4097.663 4098.491 4099.319 4100.147 4101.067 4102.0 4102.934 4103.867 4104.721 4105.417 4106.112 4106.808 4107.503 4107.482 4107.279 4107.076
4100.0 4100.0 4100.0 4100.0 4100.0 4100.0 4100.0 4099.949 4099.729 4099.508 4099.288 4099.067 4098.253 4097.18 4096.106 4095.032 4094.06 4093.617 4093.174 4092.732 4092.289 4092.737 4093.724 4094.71 4095.697 4096.599 4096.61 4096.623 4096.634 4096.646 4096.652 4096.652 4096.652 4096.652 4096.652 4096.652 4096.652 4096.652 4096.652 4096.524 4096.259 4095.993 4095.727 4095.461 4095.445 4095.445 4095.445 4095.445 4095.862 4096.891 4097.918 4098.946 4099.975 4101.004 4102.035 4103.065 4104.096 4105.036 4105.797 4106.557 4107.318 4108.078 4108.096 4107.925 4107.754
4100.0 4100.0 4100.0 4100.0 4100.0 4100.0 4100.0 4099.946 4099.713 4099.479 4099.247 4099.014 4098.051 4096.77 4095.488 4094.206 4093.035 4092.444 4091.854 4091.263 4090.673 4091.073 4092.073 4093.072 4094.072 4094.982 4094.959 4094.937 4094.914 4094.892 4094.882 4094.882 4094.882 4094.882 4094.882 4094.905 4094.927 4094.95 4094.972 4094.864 4094.612 4094.36 4094.109 4093.857 4093.934 4094.031 4094.128 4094.226 4094.79 4096.037 4097.285 4098.532 4099.78 4100.927 4102.059 4103.19 4104.322 4105.351 4106.171 4106.993 4107.813 4108.635 4108.711 4108.598 4108.484
4100.0 4100.0 4100.0 4100.0 4100.0 4100.0 4100.0 4099.935 4099.653 4099.371 4099.089 4098.808 4097.744 4096.338 4094.933 4093.527 4092.205 4091.323 4090.44 4089.558 4088.676 4088.721 4089.326 4089.932 4090.537 4091.08 4090.971 4090.862 4090.753 4090.644 4090.595 4090.595 4090.595 4090.595 4090.597 4090.706 4090.815 4090.924 4091.033 4091.047 4090.957 4090.867 4090.778 4090.688 4091.125 4091.595 4092.065 4092.535 4093.432 4094.955 4096.478 4098.0 4099.523 4100.805 4102.05 4103.295 4104.541 4105.66 4106.53 4107.4 4108.27 4109.139 4109.329 4109.345 4109.361
4100.0 4100.0 4100.0 4100.0 4100.0 4100.0 4100.0 4099.923 4099.593 4099.263 4098.933 4098.602 4097.438 4095.907 4094.377 4092.847 4091.374 4090.201 4089.027 4087.853 4086.68 4086.369 4086.58 4086.791 4087.002 4087.178 4086.983 4086.787 4086.592 4086.396 4086.309 4086.309 4086.309 4086.309 4086.312 4086.507 4086.702 4086.898 4087.093 4087.229 4087.302 4087.374 4087.446 4087.519 4088.316 4089.159 4090.001 4090.844 4092.074 4093.872 4095.67 4097.469 4099.267 4100.683 4102.042 4103.4 4104.759 4105.971 4106.889 4107.807 4108.725 4109.644 4109.946 4110.092 4110.238
4100.0 4100.0 4100.0 4100.0 4100.0 4100.0 4100.0 4099.912 4099.533 4099.154 4098.775 4098.396 4097.13 4095.476 4093.822 4092.168 4090.544 4089.079 4087.614 4086.148 4084.683 4084.017 4083.834 4083.651 4083.468 4083.276 4082.994 4082.712 4082.431 4082.149 4082.022 4082.022 4082.022 4082.022 4082.027 4082.308 4082.59 4082.872 4083.154 4083.413 4083.647 4083.881 4084.115 4084.35 4085.508 4086.723 4087.938 4089.153 4090.716 4092.79 4094.863 4096.937 4099.011 4100.561 4102.033 4103.505 4104.977 4106.28 4107.248 4108.214 4109.181 4110.148 4110.564 4110.839 4111.115
4100.0 4100.0 4100.0 4100.0 4100.0 4100.0 4100.0 4099.901 4099.473 4099.046 4098.618 4098.191 4096.824 4095.045 4093.267 4091.489 4089.714 4087.957 4086.2 4084.443 4082.686 4081.665 4081.087 4080.51 4079.933 4079.374 4079.006 4078.638 4078.27 4077.901 4077.736 4077.736 4077.736 4077.736 4077.741 4078.109 4078.478 4078.846 4079.214 4079.595 4079.992 4080.388 4080.784 4081.18 4082.699 4084.286 4085.874 4087.462 4089.358 4091.707 4094.056 4096.405 4098.754 4100.439 4102.024 4103.61 4105.195 4106.591 4107.606 4108.622 4109.637 4110.652 4111.181 4111.586 4111.992
4100.0 4100.0 4100.0 4100.0 4100.0 4100.0 4100.0 4099.909 4099.515 4099.121 4098.727 4098.333 4096.925 4095.073 4093.222 4091.37 4089.471 4087.321 4085.17 4083.02 4080.87 4079.354 4078.223 4077.091 4075.959 4074.871 4074.24 4073.61 4072.979 4072.348 4072.065 4072.065 4072.065 4072.065 4072.073 4072.645 4073.217 4073.789 4074.361 4074.982 4075.658 4076.334 4077.009 4077.685 4079.49 4081.364 4083.238 4085.112 4087.297 4089.937 4092.577 4095.217 4097.857 4099.729 4101.487 4103.244 4105.001 4106.533 4107.613 4108.692 4109.772 4110.852 4111.513 4112.067 4112.622
4100.0 4100.0 4100.0 4100.0 4100.0 4100.0 4100.0 4099.924 4099.595 4099.266 4098.937 4098.607 4097.181 4095.276 4093.37 4091.464 4089.451 4086.869 4084.287 4081.704 4079.122 4077.06 4075.313 4073.566 4071.818 4070.139 4069.179 4068.219 4067.259 4066.299 4065.868 4065.868 4065.868 4065.868 4065.88 4066.7 4067.521 4068.341 4069.161 4070.067 4071.067 4072.066 4073.066 4074.065 4076.128 4078.256 4080.384 4082.511 4084.968 4087.905 4090.842 4093.779 4096.716 4098.796 4100.748 4102.7 4104.652 4106.336 4107.486 4108.636 4109.786 4110.936 4111.736 4112.447 4113.158
4100.0 4100.0 4100.0 4100.0 4100.0 4100.0 4100.0 4099.938 4099.674 4099.41 4099.146 4098.881 4097.438 4095.478 4093.519 4091.559 4089.431 4086.417 4083.403 4080.388 4077.375 4074.766 4072.403 4070.04 4067.677 4065.408 4064.118 4062.829 4061.54 4060.25 4059.671 4059.671 4059.671 4059.671 4059.686 4060.755 4061.824 4062.892 4063.961 4065.152 4066.475 4067.799 4069.122 4070.446 4072.766 4075.148 4077.53 4079.911 4082.639 4085.873 4089.107 4092.341 4095.575 4097.863 4100.009 4102.155 4104.302 4106.139 4107.359 4108.579 4109.799 4111.02 4111.958 4112.826 4113.693
4100.0 4100.0 4100.0 4100.0 4100.0 4100.0 4100.0 4099.954 4099.754 4099.555 4099.355 4099.156 4097.694 4095.68 4093.667 4091.653 4089.411 4085.965 4082.519 4079.073 4075.627 4072.472 4069.493 4066.515 4063.536 4060.676 4059.057 4057.439 4055.82 4054.201 4053.474 4053.474 4053.474 4053.474 4053.493 4054.81 4056.127 4057.444 4058.761 4060.236 4061.884 4063.531 4065.179 4066.827 4069.405 4072.04 4074.676 4077.311 4080.31 4083.841 4087.372 4090.903 4094.434 4096.93 4099.271 4101.611 4103.952 4105.942 4107.232 4108.522 4109.813 4111.103 4112.181 4113.205 4114.229
4100.0 4100.0 4100.0 4100.0 4100.0 4100.0 4100.0 4099.967 4099.827 4099.686 4099.545 4099.404 4097.926 4095.862 4093.799 4091.735 4089.386 4085.53 4081.674 4077.818 4073.963 4070.282 4066.707 4063.133 4059.558 4056.125 4054.18 4052.235 4050.29 4048.344 4047.464 4047.452 4047.439 4047.427 4047.438 4048.988 4050.538 4052.088 4053.638 4055.375 4057.316 4059.258 4061.198 4063.14 4065.973 4068.861 4071.75 4074.638 4077.895 4081.694 4085.492 4089.291 4093.089 4095.792 4098.33 4100.868 4103.406 4105.549 4106.905 4108.26 4109.616 4110.971 4112.201 4113.399 4114.597
4100.0 4100.0 4100.0 4100.0 4100.0 4100.0 4100.0 4099.975 4099.866 4099.758 4099.649 4099.541 4098.05 4095.954 4093.858 4091.762 4089.336 4085.167 4080.998 4076.829 4072.66 4068.542 4064.454 4060.366 4056.279 4052.35 4050.092 4047.833 4045.575 4043.317 4042.26 4042.183 4042.106 4042.029 4041.978 4043.696 4045.413 4047.131 4048.848 4050.75 4052.853 4054.956 4057.059 4059.162 4062.239 4065.375 4068.512 4071.649 4075.111 4079.05 4082.989 4086.927 4090.866 4093.77 4096.519 4099.268 4102.016 4104.315 4105.713 4107.112 4108.51 4109.909 4111.346 4112.792 4114.238
4100.0 4100.0 4100.0 4100.0 4100.0 4100.0 4100.0 4099.982 4099.906 4099.83 4099.754 4099.678 4098.174 4096.046 4093.918 4091.79 4089.286 4084.804 4080.322 4075.839 4071.357 4066.801 4062.2 4057.6 4052.999 4048.575 4046.004 4043.432 4040.861 4038.29 4037.056 4036.914 4036.772 4036.631 4036.518 4038.403 4040.288 4042.173 4044.058 4046.125 4048.39 4050.655 4052.92 4055.185 4058.505 4061.89 4065.275 4068.66 4072.327 4076.406 4080.485 4084.564 4088.644 4091.749 4094.708 4097.667 4100.626 4103.08 4104.521 4105.963 4107.405 4108.847 4110.491 4112.185 4113.88
4100.0 4100.0 4100.0 4100.0 4100.0 4100.0 4100.0 4099.99 4099.946 4099.902 4099.859 4099.815 4098.299 4096.138 4093.978 4091.817 4089.236 4084.441 4079.645 4074.85 4070.054 4065.061 4059.947 4054.834 4049.72 4044.8 4041.916 4039.031 4036.147 4033.262 4031.852 4031.646 4031.439 4031.233 4031.059 4033.111 4035.163 4037.216 4039.268 4041.499 4043.926 4046.353 4048.78 4051.207 4054.771 4058.404 4062.038 4065.671 4069.542 4073.762 4077.982 4082.201 4086.421 4089.728 4092.897 4096.067 4099.237 4101.845 4103.33 4104.815 4106.3 4107.785 4109.635 4111.579 4113.521
4100.0 4100.0 4100.0 4100.0 4100.0 4100.0 4100.0 4099.998 4099.986 4099.975 4099.963 4099.952 4098.423 4096.23 4094.037 4091.844 4089.186 4084.077 4078.969 4073.86 4068.752 4063.32 4057.694 4052.067 4046.441 4041.025 4037.828 4034.63 4031.432 4028.234 4026.648 4026.377 4026.106 4025.834 4025.599 4027.819 4030.038 4032.258 4034.478 4036.874 4039.463 4042.052 4044.641 4047.229 4051.037 4054.918 4058.8 4062.682 4066.758 4071.118 4075.478 4079.838 4084.198 4087.706 4091.087 4094.467 4097.847 4100.61 4102.139 4103.667 4105.195 4106.723 4108.78 4110.972 4113.163
