data/zism_data/00953_03_D.txt
ncols         224
nrows         224
[rows 140 to 167 of 224, columns 128 to 191 of 224]
1798.52 1798.897 1799.274 1799.59 1799.684 1799.779 1799.873 1799.968 1800.0 1800.0 1800.0 1800.0 1799.985 1799.839 1799.693 1799.546 1799.4 1799.254 1799.108 1798.961 1798.815 1798.669 1798.09 1797.505 1796.92 1796.335 1795.781 1795.269 1794.757 1794.245 1793.734 1793.222 1792.71 1792.198 1791.686 1791.174 1790.662 1790.15 1789.638 1789.126 1788.701 1788.304 1787.906 1787.509 1787.157 1786.99 1786.823 1786.655 1786.488 1786.427 1786.427 1786.427 1786.427 1786.457 1786.822 1787.188 1787.554 1787.919 1788.307 1788.714 1789.121 1789.529 1789.936 1790.475
1796.874 1797.605 1798.337 1798.961 1799.2 1799.44 1799.679 1799.918 1800.0 1800.0 1800.0 1800.0 1799.985 1799.839 1799.693 1799.546 1799.4 1799.254 1799.108 1798.961 1798.815 1798.669 1798.09 1797.505 1796.92 1796.335 1795.781 1795.269 1794.757 1794.245 1793.734 1793.222 1792.71 1792.198 1791.686 1791.174 1790.662 1790.15 1789.638 1789.126 1788.664 1788.219 1787.773 1787.328 1786.931 1786.731 1786.532 1786.332 1786.133 1786.061 1786.061 1786.061 1786.061 1786.09 1786.455 1786.821 1787.187 1787.552 1787.934 1788.331 1788.728 1789.124 1789.521 1790.069
1795.228 1796.314 1797.399 1798.332 1798.716 1799.101 1799.485 1799.869 1800.0 1800.0 1800.0 1800.0 1799.985 1799.839 1799.693 1799.546 1799.4 1799.254 1799.108 1798.961 1798.815 1798.669 1798.09 1797.505 1796.92 1796.335 1795.781 1795.269 1794.757 1794.245 1793.734 1793.222 1792.71 1792.198 1791.686 1791.174 1790.662 1790.15 1789.638 1789.126 1788.628 1788.134 1787.641 1787.147 1786.704 1786.473 1786.241 1786.009 1785.778 1785.694 1785.694 1785.694 1785.694 1785.723 1786.089 1786.454 1786.82 1787.186 1787.562 1787.948 1788.334 1788.72 1789.106 1789.664
1793.583 1795.022 1796.462 1797.703 1798.233 1798.762 1799.291 1799.82 1800.0 1800.0 1800.0 1800.0 1799.985 1799.839 1799.693 1799.546 1799.4 1799.254 1799.108 1798.961 1798.815 1798.669 1798.09 1797.505 1796.92 1796.335 1795.781 1795.269 1794.757 1794.245 1793.734 1793.222 1792.71 1792.198 1791.686 1791.174 1790.662 1790.15 1789.638 1789.126 1788.592 1788.05 1787.508 1786.965 1786.478 1786.214 1785.95 1785.686 1785.423 1785.327 1785.327 1785.327 1785.327 1785.356 1785.722 1786.087 1786.453 1786.819 1787.189 1787.565 1787.94 1788.315 1788.69 1789.259
1791.349 1793.179 1795.009 1796.604 1797.351 1798.098 1798.845 1799.591 1799.864 1799.89 1799.917 1799.944 1799.954 1799.819 1799.683 1799.547 1799.411 1799.269 1799.12 1798.971 1798.823 1798.674 1798.103 1797.525 1796.948 1796.37 1795.819 1795.302 1794.784 1794.267 1793.75 1793.234 1792.719 1792.204 1791.688 1791.172 1790.655 1790.138 1789.621 1789.104 1788.536 1787.951 1787.367 1786.782 1786.254 1785.957 1785.661 1785.364 1785.068 1784.958 1784.954 1784.951 1784.947 1784.973 1785.335 1785.696 1786.058 1786.419 1786.783 1787.149 1787.514 1787.88 1788.246 1788.823
1784.287 1786.809 1789.332 1791.646 1793.208 1794.77 1796.333 1797.895 1798.608 1798.881 1799.155 1799.429 1799.671 1799.631 1799.592 1799.553 1799.514 1799.404 1799.234 1799.063 1798.893 1798.723 1798.22 1797.713 1797.205 1796.697 1796.165 1795.599 1795.034 1794.469 1793.903 1793.353 1792.806 1792.258 1791.71 1791.157 1790.592 1790.026 1789.461 1788.895 1788.32 1787.74 1787.161 1786.582 1786.051 1785.717 1785.383 1785.049 1784.714 1784.571 1784.535 1784.499 1784.464 1784.456 1784.781 1785.104 1785.428 1785.752 1786.098 1786.464 1786.83 1787.195 1787.561 1788.144
1777.225 1780.44 1783.654 1786.687 1789.065 1791.443 1793.821 1796.199 1797.352 1797.873 1798.393 1798.914 1799.387 1799.444 1799.502 1799.559 1799.617 1799.539 1799.347 1799.156 1798.964 1798.773 1798.338 1797.9 1797.462 1797.024 1796.511 1795.897 1795.284 1794.67 1794.056 1793.472 1792.892 1792.312 1791.732 1791.142 1790.528 1789.915 1789.301 1788.687 1788.104 1787.53 1786.956 1786.382 1785.848 1785.476 1785.105 1784.733 1784.361 1784.183 1784.115 1784.047 1783.979 1783.94 1784.226 1784.513 1784.799 1785.086 1785.414 1785.779 1786.145 1786.51 1786.876 1787.464
1770.163 1774.07 1777.977 1781.729 1784.922 1788.116 1791.309 1794.503 1796.097 1796.864 1797.631 1798.398 1799.103 1799.257 1799.411 1799.565 1799.719 1799.674 1799.461 1799.248 1799.035 1798.822 1798.456 1798.088 1797.719 1797.351 1796.857 1796.195 1795.533 1794.871 1794.209 1793.591 1792.979 1792.367 1791.755 1791.127 1790.465 1789.803 1789.141 1788.479 1787.887 1787.319 1786.751 1786.182 1785.645 1785.236 1784.827 1784.417 1784.008 1783.796 1783.696 1783.596 1783.496 1783.423 1783.672 1783.921 1784.17 1784.419 1784.729 1785.094 1785.46 1785.826 1786.192 1786.785
1763.102 1767.701 1772.3 1776.77 1780.779 1784.789 1788.798 1792.807 1794.841 1795.855 1796.869 1797.883 1798.82 1799.07 1799.321 1799.571 1799.822 1799.809 1799.574 1799.34 1799.105 1798.871 1798.573 1798.275 1797.977 1797.678 1797.204 1796.493 1795.783 1795.073 1794.362 1793.709 1793.065 1792.421 1791.777 1791.112 1790.402 1789.691 1788.981 1788.271 1787.671 1787.108 1786.545 1785.982 1785.442 1784.995 1784.548 1784.102 1783.655 1783.408 1783.276 1783.144 1783.012 1782.907 1783.118 1783.329 1783.541 1783.752 1784.044 1784.41 1784.775 1785.141 1785.507 1786.105
1755.212 1760.13 1765.048 1769.887 1774.438 1778.99 1783.542 1788.094 1790.679 1792.25 1793.82 1795.39 1796.866 1797.514 1798.161 1798.808 1799.456 1799.66 1799.492 1799.324 1799.156 1798.988 1798.709 1798.429 1798.149 1797.869 1797.399 1796.677 1795.955 1795.233 1794.511 1793.839 1793.174 1792.51 1791.846 1791.168 1790.461 1789.754 1789.047 1788.34 1787.72 1787.13 1786.538 1785.948 1785.376 1784.886 1784.395 1783.905 1783.414 1783.116 1782.927 1782.739 1782.55 1782.391 1782.567 1782.744 1782.921 1783.098 1783.373 1783.739 1784.104 1784.47 1784.836 1785.419
1746.686 1751.636 1756.586 1761.522 1766.406 1771.291 1776.175 1781.06 1784.282 1786.647 1789.011 1791.375 1793.629 1794.904 1796.179 1797.454 1798.729 1799.293 1799.259 1799.225 1799.191 1799.157 1798.859 1798.558 1798.256 1797.954 1797.48 1796.774 1796.067 1795.361 1794.655 1793.976 1793.301 1792.626 1791.951 1791.279 1790.615 1789.951 1789.287 1788.623 1787.974 1787.329 1786.684 1786.04 1785.416 1784.877 1784.338 1783.799 1783.26 1782.897 1782.633 1782.369 1782.106 1781.874 1782.019 1782.164 1782.308 1782.453 1782.713 1783.078 1783.444 1783.81 1784.176 1784.728
1738.16 1743.142 1748.124 1753.157 1758.375 1763.592 1768.809 1774.026 1777.885 1781.044 1784.202 1787.36 1790.391 1792.294 1794.197 1796.099 1798.002 1798.925 1799.026 1799.126 1799.226 1799.327 1799.01 1798.686 1798.363 1798.04 1797.56 1796.87 1796.18 1795.49 1794.8 1794.114 1793.428 1792.742 1792.056 1791.391 1790.769 1790.148 1789.527 1788.906 1788.227 1787.528 1786.83 1786.132 1785.455 1784.868 1784.281 1783.694 1783.107 1782.678 1782.339 1782.0 1781.661 1781.358 1781.471 1781.583 1781.696 1781.808 1782.052 1782.418 1782.784 1783.15 1783.515 1784.036
1729.633 1734.648 1739.662 1744.793 1750.343 1755.893 1761.442 1766.992 1771.488 1775.441 1779.393 1783.345 1787.153 1789.684 1792.214 1794.745 1797.275 1798.558 1798.792 1799.027 1799.261 1799.496 1799.16 1798.815 1798.47 1798.125 1797.64 1796.966 1796.292 1795.618 1794.944 1794.251 1793.554 1792.858 1792.161 1791.502 1790.924 1790.345 1789.767 1789.189 1788.479 1787.728 1786.976 1786.224 1785.495 1784.859 1784.224 1783.589 1782.953 1782.459 1782.045 1781.631 1781.217 1780.842 1780.922 1781.003 1781.083 1781.163 1781.392 1781.758 1782.124 1782.489 1782.855 1783.345
1721.135 1726.172 1731.208 1736.424 1742.285 1748.146 1754.007 1759.868 1764.99 1769.73 1774.469 1779.209 1783.79 1786.963 1790.136 1793.309 1796.483 1798.137 1798.517 1798.896 1799.275 1799.655 1799.302 1798.939 1798.576 1798.213 1797.724 1797.066 1796.409 1795.751 1795.094 1794.393 1793.686 1792.979 1792.272 1791.618 1791.081 1790.543 1790.006 1789.469 1788.729 1787.923 1787.118 1786.312 1785.53 1784.846 1784.163 1783.479 1782.796 1782.237 1781.748 1781.26 1780.772 1780.326 1780.374 1780.422 1780.471 1780.519 1780.733 1781.098 1781.464 1781.83 1782.195 1782.654
1713.907 1718.509 1723.111 1727.846 1733.057 1738.27 1743.481 1748.693 1753.916 1759.144 1764.371 1769.599 1774.753 1779.246 1783.739 1788.232 1792.725 1795.324 1796.331 1797.338 1798.345 1799.352 1799.12 1798.869 1798.619 1798.368 1797.958 1797.332 1796.707 1796.082 1795.456 1794.755 1794.043 1793.33 1792.618 1791.947 1791.367 1790.786 1790.206 1789.626 1788.827 1787.957 1787.087 1786.217 1785.375 1784.648 1783.922 1783.195 1782.469 1781.87 1781.344 1780.818 1780.293 1779.81 1779.832 1779.853 1779.874 1779.896 1780.097 1780.462 1780.828 1781.194 1781.559 1781.998
1706.679 1710.847 1715.014 1719.267 1723.83 1728.393 1732.955 1737.518 1742.841 1748.557 1754.274 1759.99 1765.716 1771.529 1777.342 1783.155 1788.968 1792.51 1794.145 1795.78 1797.415 1799.05 1798.938 1798.8 1798.662 1798.524 1798.191 1797.598 1797.005 1796.412 1795.819 1795.117 1794.4 1793.682 1792.964 1792.276 1791.653 1791.03 1790.406 1789.783 1788.926 1787.991 1787.056 1786.122 1785.22 1784.45 1783.681 1782.911 1782.142 1781.504 1780.941 1780.377 1779.814 1779.295 1779.289 1779.284 1779.278 1779.273 1779.461 1779.827 1780.192 1780.558 1780.924 1781.341
1699.452 1703.184 1706.917 1710.689 1714.603 1718.516 1722.429 1726.343 1731.767 1737.972 1744.176 1750.38 1756.679 1763.812 1770.945 1778.078 1785.21 1789.696 1791.959 1794.222 1796.484 1798.747 1798.755 1798.73 1798.705 1798.679 1798.425 1797.864 1797.303 1796.743 1796.182 1795.48 1794.756 1794.033 1793.31 1792.605 1791.939 1791.273 1790.607 1789.941 1789.024 1788.025 1787.026 1786.027 1785.064 1784.252 1783.44 1782.628 1781.815 1781.138 1780.537 1779.936 1779.335 1778.779 1778.747 1778.714 1778.682 1778.65 1778.825 1779.191 1779.556 1779.922 1780.288 1780.685
1692.224 1695.522 1698.82 1702.111 1705.375 1708.64 1711.904 1715.168 1720.693 1727.386 1734.078 1740.771 1747.642 1756.095 1764.548 1773.0 1781.453 1786.883 1789.773 1792.664 1795.554 1798.445 1798.573 1798.66 1798.748 1798.835 1798.659 1798.13 1797.602 1797.073 1796.544 1795.842 1795.113 1794.385 1793.656 1792.934 1792.225 1791.516 1790.807 1790.098 1789.122 1788.059 1786.995 1785.932 1784.909 1784.054 1783.199 1782.344 1781.488 1780.771 1780.133 1779.494 1778.856 1778.263 1778.204 1778.145 1778.086 1778.027 1778.189 1778.555 1778.921 1779.286 1779.652 1780.028
1685.719 1688.831 1691.944 1694.992 1697.807 1700.622 1703.437 1706.252 1711.584 1718.216 1724.848 1731.479 1738.385 1747.719 1757.053 1766.387 1775.721 1782.082 1785.947 1789.811 1793.676 1797.541 1797.9 1798.208 1798.516 1798.824 1798.764 1798.211 1797.658 1797.105 1796.552 1795.833 1795.088 1794.344 1793.6 1792.86 1792.128 1791.397 1790.666 1789.935 1788.953 1787.889 1786.826 1785.762 1784.734 1783.854 1782.974 1782.094 1781.214 1780.45 1779.754 1779.057 1778.36 1777.713 1777.629 1777.546 1777.462 1777.379 1777.519 1777.864 1778.209 1778.555 1778.9 1779.242
1680.002 1683.2 1686.399 1689.464 1692.048 1694.632 1697.217 1699.801 1704.619 1710.591 1716.563 1722.535 1728.889 1738.625 1748.361 1758.097 1767.833 1775.113 1780.33 1785.547 1790.764 1795.98 1796.693 1797.338 1797.984 1798.63 1798.727 1798.088 1797.449 1796.81 1796.172 1795.418 1794.647 1793.876 1793.105 1792.346 1791.615 1790.884 1790.152 1789.421 1788.492 1787.498 1786.504 1785.51 1784.538 1783.652 1782.766 1781.881 1780.995 1780.179 1779.402 1778.625 1777.848 1777.124 1777.019 1776.914 1776.809 1776.705 1776.812 1777.114 1777.417 1777.719 1778.021 1778.316
1674.285 1677.569 1680.854 1683.935 1686.289 1688.643 1690.996 1693.35 1697.654 1702.966 1708.278 1713.59 1719.392 1729.53 1739.669 1749.807 1759.946 1768.144 1774.713 1781.282 1787.851 1794.42 1795.485 1796.469 1797.453 1798.437 1798.69 1797.966 1797.241 1796.516 1795.792 1795.003 1794.205 1793.408 1792.61 1791.833 1791.101 1790.37 1789.639 1788.907 1788.031 1787.107 1786.183 1785.259 1784.341 1783.45 1782.559 1781.668 1780.777 1779.908 1779.05 1778.192 1777.335 1776.535 1776.409 1776.283 1776.156 1776.03 1776.105 1776.364 1776.624 1776.883 1777.142 1777.389
1668.568 1671.938 1675.308 1678.407 1680.53 1682.653 1684.776 1686.899 1690.69 1695.342 1699.994 1704.646 1709.895 1720.436 1730.977 1741.518 1752.059 1761.176 1769.097 1777.018 1784.939 1792.86 1794.277 1795.599 1796.921 1798.243 1798.653 1797.843 1797.032 1796.222 1795.411 1794.589 1793.764 1792.939 1792.115 1791.319 1790.588 1789.856 1789.125 1788.394 1787.57 1786.715 1785.861 1785.007 1784.144 1783.248 1782.352 1781.455 1780.559 1779.636 1778.698 1777.76 1776.822 1775.947 1775.799 1775.651 1775.503 1775.356 1775.398 1775.614 1775.831 1776.047 1776.263 1776.462
1662.851 1666.307 1669.763 1672.879 1674.771 1676.664 1678.556 1680.448 1683.725 1687.717 1691.709 1695.701 1700.399 1711.342 1722.285 1733.228 1744.171 1754.207 1763.48 1772.753 1782.026 1791.3 1793.07 1794.73 1796.39 1798.05 1798.617 1797.72 1796.824 1795.928 1795.031 1794.174 1793.323 1792.471 1791.62 1790.806 1790.074 1789.343 1788.612 1787.88 1787.109 1786.324 1785.54 1784.755 1783.948 1783.046 1782.144 1781.243 1780.341 1779.365 1778.346 1777.328 1776.309 1775.358 1775.189 1775.02 1774.85 1774.681 1774.691 1774.864 1775.038 1775.211 1775.384 1775.535
1657.644 1661.241 1664.838 1668.127 1670.311 1672.494 1674.677 1676.86 1680.155 1684.023 1687.892 1691.761 1696.292 1706.69 1717.088 1727.485 1737.883 1747.889 1757.567 1767.244 1776.921 1786.599 1788.96 1791.214 1793.467 1795.721 1796.641 1795.774 1794.907 1794.04 1793.173 1792.501 1791.859 1791.216 1790.574 1789.944 1789.343 1788.742 1788.141 1787.54 1786.835 1786.095 1785.355 1784.615 1783.847 1782.965 1782.083 1781.201 1780.319 1779.337 1778.299 1777.26 1776.221 1775.244 1774.978 1774.712 1774.446 1774.18 1774.079 1774.129 1774.179 1774.23 1774.28 1774.427
1652.472 1656.214 1659.956 1663.43 1665.94 1668.451 1670.961 1673.472 1676.821 1680.604 1684.387 1688.17 1692.562 1702.348 1712.134 1721.92 1731.706 1741.617 1751.633 1761.648 1771.663 1781.678 1784.647 1787.513 1790.378 1793.243 1794.529 1793.7 1792.87 1792.041 1791.212 1790.741 1790.324 1789.906 1789.489 1789.058 1788.597 1788.135 1787.674 1787.213 1786.574 1785.877 1785.18 1784.483 1783.754 1782.893 1782.033 1781.172 1780.312 1779.327 1778.272 1777.217 1776.162 1775.162 1774.794 1774.426 1774.058 1773.691 1773.474 1773.395 1773.317 1773.238 1773.16 1773.308
1647.301 1651.187 1655.074 1658.732 1661.57 1664.408 1667.246 1670.083 1673.488 1677.185 1680.882 1684.579 1688.832 1698.006 1707.181 1716.355 1725.53 1735.345 1745.698 1756.052 1766.405 1776.758 1780.335 1783.812 1787.289 1790.766 1792.418 1791.626 1790.834 1790.042 1789.251 1788.98 1788.789 1788.597 1788.405 1788.172 1787.85 1787.529 1787.207 1786.885 1786.312 1785.658 1785.004 1784.35 1783.66 1782.821 1781.982 1781.143 1780.304 1779.317 1778.246 1777.175 1776.104 1775.081 1774.611 1774.141 1773.671 1773.201 1772.869 1772.661 1772.454 1772.247 1772.039 1772.188
1642.129 1646.16 1650.192 1654.035 1657.2 1660.365 1663.53 1666.695 1670.154 1673.766 1677.377 1680.988 1685.102 1693.664 1702.227 1710.79 1719.353 1729.073 1739.764 1750.456 1761.147 1771.838 1776.022 1780.111 1784.199 1788.288 1790.306 1789.552 1788.798 1788.044 1787.289 1787.22 1787.254 1787.287 1787.32 1787.287 1787.104 1786.922 1786.739 1786.557 1786.051 1785.44 1784.829 1784.218 1783.566 1782.749 1781.931 1781.114 1780.296 1779.307 1778.219 1777.132 1776.045 1774.999 1774.427 1773.856 1773.284 1772.712 1772.263 1771.927 1771.591 1771.255 1770.919 1771.068
1637.556 1641.73 1645.905 1649.923 1653.382 1656.841 1660.3 1663.758 1667.318 1670.929 1674.541 1678.152 1682.201 1690.127 1698.053 1705.979 1713.905 1723.34 1734.042 1744.744 1755.446 1766.148 1770.96 1775.685 1780.41 1785.136 1787.646 1787.192 1786.738 1786.284 1785.83 1785.988 1786.239 1786.489 1786.739 1786.882 1786.787 1786.691 1786.596 1786.5 1786.026 1785.429 1784.831 1784.234 1783.591 1782.761 1781.931 1781.101 1780.272 1779.264 1778.154 1777.045 1775.935 1774.861 1774.2 1773.539 1772.878 1772.217 1771.673 1771.238 1770.803 1770.367 1769.932 1770.072
