data/zism_data/00955_01_D.txt
ncols         224
nrows         224
[rows 58 to 86 of 224, columns 66 to 131 of 224]
1594.0 1594.0 1594.0 1594.0 1594.0 1594.0 1594.0 1594.0 1594.0 1594.0 1594.0 1594.0 1594.0 1594.0 1594.0 1594.0 1594.0 1594.0 1594.0 1594.0 1594.0 1594.0 1594.0 1594.0 1594.0 1594.0 1594.011 1594.152 1594.293 1594.434 1594.575 1594.643 1594.643 1594.643 1594.643 1594.643 1594.643 1594.643 1594.643 1594.643 1594.643 1594.643 1594.643 1594.643 1594.643 1594.702 1594.772 1594.843 1594.913 1594.967 1594.975 1594.982 1594.99 1594.998 1595.0 1595.0 1595.0 1595.0 1595.0 1595.0 1595.0 1595.0 1595.0 1595.0 1595.0 1595.0
1594.028 1594.019 1594.01 1594.001 1594.008 1594.017 1594.026 1594.035 1594.043 1594.047 1594.052 1594.056 1594.061 1594.062 1594.062 1594.062 1594.062 1594.067 1594.094 1594.121 1594.149 1594.176 1594.185 1594.185 1594.185 1594.185 1594.195 1594.314 1594.433 1594.552 1594.671 1594.728 1594.728 1594.728 1594.728 1594.728 1594.728 1594.728 1594.728 1594.728 1594.728 1594.728 1594.728 1594.728 1594.728 1594.778 1594.838 1594.897 1594.957 1595.004 1595.017 1595.031 1595.044 1595.058 1595.062 1595.062 1595.062 1595.062 1595.062 1595.062 1595.062 1595.062 1595.062 1595.078 1595.105 1595.132
1594.062 1594.042 1594.022 1594.002 1594.018 1594.037 1594.057 1594.077 1594.093 1594.103 1594.113 1594.123 1594.133 1594.135 1594.135 1594.135 1594.135 1594.147 1594.207 1594.266 1594.325 1594.385 1594.406 1594.406 1594.406 1594.406 1594.413 1594.5 1594.586 1594.673 1594.76 1594.802 1594.802 1594.802 1594.802 1594.802 1594.802 1594.802 1594.802 1594.802 1594.802 1594.802 1594.802 1594.802 1594.802 1594.838 1594.881 1594.925 1594.968 1595.008 1595.038 1595.067 1595.097 1595.127 1595.135 1595.135 1595.135 1595.135 1595.135 1595.135 1595.135 1595.135 1595.135 1595.17 1595.229 1595.288
1594.095 1594.064 1594.034 1594.003 1594.027 1594.058 1594.088 1594.119 1594.144 1594.159 1594.175 1594.19 1594.205 1594.209 1594.209 1594.209 1594.209 1594.227 1594.319 1594.411 1594.502 1594.594 1594.626 1594.626 1594.626 1594.626 1594.631 1594.685 1594.74 1594.794 1594.849 1594.875 1594.875 1594.875 1594.875 1594.875 1594.875 1594.875 1594.875 1594.875 1594.875 1594.875 1594.875 1594.875 1594.875 1594.898 1594.925 1594.953 1594.98 1595.012 1595.058 1595.104 1595.15 1595.195 1595.209 1595.209 1595.209 1595.209 1595.209 1595.209 1595.209 1595.209 1595.209 1595.262 1595.354 1595.445
1594.128 1594.087 1594.046 1594.005 1594.037 1594.078 1594.119 1594.161 1594.195 1594.216 1594.236 1594.257 1594.277 1594.282 1594.282 1594.282 1594.282 1594.307 1594.431 1594.555 1594.679 1594.802 1594.847 1594.847 1594.847 1594.847 1594.848 1594.871 1594.893 1594.916 1594.938 1594.949 1594.949 1594.949 1594.949 1594.949 1594.949 1594.949 1594.949 1594.949 1594.949 1594.949 1594.949 1594.949 1594.949 1594.958 1594.969 1594.981 1594.992 1595.017 1595.079 1595.141 1595.202 1595.264 1595.282 1595.282 1595.282 1595.282 1595.282 1595.282 1595.282 1595.282 1595.282 1595.354 1595.478 1595.602
1594.208 1594.163 1594.118 1594.072 1594.108 1594.153 1594.198 1594.244 1594.282 1594.305 1594.327 1594.35 1594.373 1594.378 1594.378 1594.378 1594.378 1594.406 1594.542 1594.679 1594.815 1594.951 1595.0 1595.0 1595.0 1595.0 1595.0 1595.0 1595.0 1595.0 1595.0 1595.008 1595.022 1595.037 1595.052 1595.066 1595.067 1595.067 1595.067 1595.067 1595.067 1595.067 1595.067 1595.067 1595.067 1595.067 1595.067 1595.067 1595.067 1595.085 1595.154 1595.222 1595.29 1595.358 1595.378 1595.378 1595.378 1595.378 1595.378 1595.378 1595.378 1595.378 1595.378 1595.458 1595.594 1595.73
1594.396 1594.361 1594.326 1594.291 1594.318 1594.353 1594.388 1594.423 1594.452 1594.469 1594.486 1594.504 1594.521 1594.525 1594.525 1594.525 1594.525 1594.546 1594.65 1594.755 1594.859 1594.963 1595.0 1595.0 1595.0 1595.0 1595.0 1595.0 1595.0 1595.0 1595.0 1595.033 1595.096 1595.159 1595.222 1595.285 1595.288 1595.288 1595.288 1595.288 1595.288 1595.288 1595.288 1595.288 1595.288 1595.288 1595.288 1595.288 1595.288 1595.302 1595.354 1595.406 1595.458 1595.51 1595.525 1595.525 1595.525 1595.525 1595.525 1595.525 1595.525 1595.525 1595.525 1595.586 1595.69 1595.794
1594.583 1594.559 1594.535 1594.511 1594.529 1594.553 1594.577 1594.601 1594.621 1594.633 1594.645 1594.657 1594.669 1594.672 1594.672 1594.672 1594.672 1594.687 1594.759 1594.83 1594.902 1594.974 1595.0 1595.0 1595.0 1595.0 1595.0 1595.0 1595.0 1595.0 1595.0 1595.058 1595.169 1595.28 1595.392 1595.503 1595.508 1595.508 1595.508 1595.508 1595.508 1595.508 1595.508 1595.508 1595.508 1595.508 1595.508 1595.508 1595.508 1595.518 1595.554 1595.59 1595.626 1595.661 1595.672 1595.672 1595.672 1595.672 1595.672 1595.672 1595.672 1595.672 1595.672 1595.714 1595.786 1595.858
1594.77 1594.756 1594.743 1594.73 1594.74 1594.753 1594.767 1594.78 1594.791 1594.798 1594.804 1594.811 1594.817 1594.819 1594.819 1594.819 1594.819 1594.827 1594.867 1594.906 1594.946 1594.986 1595.0 1595.0 1595.0 1595.0 1595.0 1595.0 1595.0 1595.0 1595.0 1595.083 1595.242 1595.402 1595.562 1595.721 1595.728 1595.728 1595.728 1595.728 1595.728 1595.728 1595.728 1595.728 1595.728 1595.728 1595.728 1595.728 1595.728 1595.734 1595.754 1595.773 1595.793 1595.813 1595.819 1595.819 1595.819 1595.819 1595.819 1595.819 1595.819 1595.819 1595.819 1595.842 1595.882 1595.922
1594.957 1594.954 1594.952 1594.949 1594.951 1594.954 1594.956 1594.959 1594.961 1594.962 1594.963 1594.964 1594.966 1594.966 1594.966 1594.966 1594.966 1594.967 1594.975 1594.982 1594.99 1594.997 1595.0 1595.0 1595.0 1595.0 1595.0 1595.0 1595.0 1595.0 1595.0 1595.108 1595.316 1595.524 1595.732 1595.94 1595.949 1595.949 1595.949 1595.949 1595.949 1595.949 1595.949 1595.949 1595.949 1595.949 1595.949 1595.949 1595.949 1595.95 1595.954 1595.957 1595.961 1595.965 1595.966 1595.966 1595.966 1595.966 1595.966 1595.966 1595.966 1595.966 1595.966 1595.97 1595.978 1595.985
1595.0 1595.0 1595.0 1595.0 1595.0 1595.0 1595.0 1595.0 1595.0 1595.0 1595.0 1595.0 1595.0 1595.019 1595.044 1595.068 1595.093 1595.113 1595.113 1595.113 1595.113 1595.113 1595.121 1595.133 1595.146 1595.158 1595.169 1595.169 1595.169 1595.169 1595.169 1595.264 1595.446 1595.628 1595.81 1595.992 1596.0 1596.0 1596.0 1596.0 1596.0 1596.0 1596.0 1596.0 1596.0 1596.0 1596.0 1596.0 1596.0 1596.0 1596.0 1596.0 1596.0 1596.0 1596.0 1596.0 1596.0 1596.0 1596.004 1596.028 1596.053 1596.078 1596.103 1596.113 1596.113 1596.113
1595.0 1595.0 1595.0 1595.0 1595.0 1595.0 1595.0 1595.0 1595.0 1595.0 1595.0 1595.0 1595.0 1595.044 1595.101 1595.158 1595.214 1595.26 1595.26 1595.26 1595.26 1595.26 1595.278 1595.307 1595.335 1595.364 1595.39 1595.39 1595.39 1595.39 1595.39 1595.459 1595.593 1595.727 1595.86 1595.994 1596.0 1596.0 1596.0 1596.0 1596.0 1596.0 1596.0 1596.0 1596.0 1596.0 1596.0 1596.0 1596.0 1596.0 1596.0 1596.0 1596.0 1596.0 1596.0 1596.0 1596.0 1596.0 1596.008 1596.065 1596.122 1596.179 1596.236 1596.26 1596.26 1596.26
1595.0 1595.0 1595.0 1595.0 1595.0 1595.0 1595.0 1595.0 1595.0 1595.0 1595.0 1595.0 1595.0 1595.068 1595.157 1595.247 1595.336 1595.407 1595.407 1595.407 1595.407 1595.407 1595.435 1595.48 1595.525 1595.569 1595.61 1595.61 1595.61 1595.61 1595.61 1595.655 1595.74 1595.825 1595.911 1595.996 1596.0 1596.0 1596.0 1596.0 1596.0 1596.0 1596.0 1596.0 1596.0 1596.0 1596.0 1596.0 1596.0 1596.0 1596.0 1596.0 1596.0 1596.0 1596.0 1596.0 1596.0 1596.0 1596.013 1596.102 1596.191 1596.281 1596.37 1596.407 1596.407 1596.407
1595.0 1595.0 1595.0 1595.0 1595.0 1595.0 1595.0 1595.0 1595.0 1595.0 1595.0 1595.0 1595.0 1595.093 1595.214 1595.336 1595.457 1595.554 1595.554 1595.554 1595.554 1595.554 1595.593 1595.653 1595.714 1595.775 1595.831 1595.831 1595.831 1595.831 1595.831 1595.85 1595.887 1595.924 1595.961 1595.998 1596.0 1596.0 1596.0 1596.0 1596.0 1596.0 1596.0 1596.0 1596.0 1596.0 1596.0 1596.0 1596.0 1596.0 1596.0 1596.0 1596.0 1596.0 1596.0 1596.0 1596.0 1596.0 1596.018 1596.139 1596.26 1596.382 1596.503 1596.554 1596.554 1596.554
1595.017 1595.017 1595.017 1595.017 1595.017 1595.017 1595.017 1595.017 1595.02 1595.027 1595.034 1595.042 1595.049 1595.157 1595.296 1595.435 1595.573 1595.684 1595.684 1595.684 1595.684 1595.684 1595.728 1595.798 1595.867 1595.936 1596.0 1596.004 1596.008 1596.011 1596.015 1596.017 1596.017 1596.017 1596.017 1596.017 1596.024 1596.032 1596.039 1596.047 1596.051 1596.051 1596.051 1596.051 1596.051 1596.051 1596.051 1596.051 1596.051 1596.051 1596.051 1596.051 1596.051 1596.051 1596.051 1596.051 1596.051 1596.051 1596.071 1596.21 1596.349 1596.487 1596.626 1596.684 1596.684 1596.684
1595.091 1595.091 1595.091 1595.091 1595.091 1595.091 1595.091 1595.091 1595.104 1595.143 1595.183 1595.223 1595.262 1595.353 1595.46 1595.566 1595.672 1595.757 1595.757 1595.757 1595.757 1595.757 1595.791 1595.845 1595.898 1595.951 1596.002 1596.021 1596.041 1596.061 1596.081 1596.091 1596.091 1596.091 1596.091 1596.091 1596.128 1596.168 1596.208 1596.248 1596.272 1596.272 1596.272 1596.272 1596.272 1596.272 1596.272 1596.272 1596.272 1596.272 1596.272 1596.272 1596.272 1596.272 1596.272 1596.272 1596.272 1596.272 1596.287 1596.394 1596.5 1596.606 1596.713 1596.757 1596.757 1596.757
1595.164 1595.164 1595.164 1595.164 1595.164 1595.164 1595.164 1595.164 1595.188 1595.26 1595.331 1595.403 1595.475 1595.549 1595.623 1595.697 1595.772 1595.831 1595.831 1595.831 1595.831 1595.831 1595.854 1595.892 1595.929 1595.966 1596.003 1596.039 1596.075 1596.111 1596.147 1596.164 1596.164 1596.164 1596.164 1596.164 1596.233 1596.305 1596.377 1596.448 1596.492 1596.492 1596.492 1596.492 1596.492 1596.492 1596.492 1596.492 1596.492 1596.492 1596.492 1596.492 1596.492 1596.492 1596.492 1596.492 1596.492 1596.492 1596.503 1596.577 1596.651 1596.726 1596.8 1596.831 1596.831 1596.831
1595.238 1595.238 1595.238 1595.238 1595.238 1595.238 1595.238 1595.238 1595.272 1595.376 1595.48 1595.584 1595.688 1595.745 1595.787 1595.829 1595.871 1595.904 1595.904 1595.904 1595.904 1595.904 1595.918 1595.939 1595.96 1595.981 1596.004 1596.056 1596.108 1596.16 1596.212 1596.238 1596.238 1596.238 1596.238 1596.238 1596.337 1596.441 1596.545 1596.649 1596.712 1596.712 1596.712 1596.712 1596.712 1596.712 1596.712 1596.712 1596.712 1596.712 1596.712 1596.712 1596.712 1596.712 1596.712 1596.712 1596.712 1596.712 1596.719 1596.761 1596.803 1596.845 1596.887 1596.904 1596.904 1596.904
1595.311 1595.311 1595.311 1595.311 1595.311 1595.311 1595.311 1595.311 1595.356 1595.492 1595.628 1595.765 1595.901 1595.94 1595.95 1595.96 1595.97 1595.978 1595.978 1595.978 1595.978 1595.978 1595.981 1595.986 1595.991 1595.995 1596.005 1596.074 1596.142 1596.21 1596.278 1596.311 1596.311 1596.311 1596.311 1596.311 1596.441 1596.578 1596.714 1596.85 1596.933 1596.933 1596.933 1596.933 1596.933 1596.933 1596.933 1596.933 1596.933 1596.933 1596.933 1596.933 1596.933 1596.933 1596.933 1596.933 1596.933 1596.933 1596.934 1596.944 1596.954 1596.964 1596.974 1596.978 1596.978 1596.978
1595.436 1595.436 1595.436 1595.436 1595.436 1595.436 1595.436 1595.436 1595.476 1595.6 1595.724 1595.847 1595.971 1596.0 1596.0 1596.0 1596.0 1596.0 1596.0 1596.0 1596.0 1596.0 1596.022 1596.055 1596.089 1596.122 1596.158 1596.22 1596.282 1596.344 1596.406 1596.436 1596.436 1596.436 1596.436 1596.436 1596.554 1596.678 1596.801 1596.925 1597.0 1597.0 1597.0 1597.0 1597.0 1597.0 1597.0 1597.0 1597.0 1597.0 1597.0 1597.0 1597.0 1597.0 1597.0 1597.0 1597.0 1597.0 1597.0 1597.0 1597.0 1597.0 1597.0 1597.0 1597.0 1597.0
1595.583 1595.583 1595.583 1595.583 1595.583 1595.583 1595.583 1595.583 1595.613 1595.704 1595.796 1595.887 1595.979 1596.0 1596.0 1596.0 1596.0 1596.0 1596.0 1596.0 1596.0 1596.0 1596.053 1596.135 1596.217 1596.298 1596.377 1596.423 1596.469 1596.515 1596.561 1596.583 1596.583 1596.583 1596.583 1596.583 1596.67 1596.762 1596.853 1596.945 1597.0 1597.0 1597.0 1597.0 1597.0 1597.0 1597.0 1597.0 1597.0 1597.0 1597.0 1597.0 1597.0 1597.0 1597.0 1597.0 1597.0 1597.0 1597.0 1597.0 1597.0 1597.0 1597.0 1597.0 1597.0 1597.0
1595.729 1595.729 1595.729 1595.729 1595.729 1595.729 1595.729 1595.729 1595.749 1595.808 1595.868 1595.927 1595.986 1596.0 1596.0 1596.0 1596.0 1596.0 1596.0 1596.0 1596.0 1596.0 1596.084 1596.214 1596.344 1596.474 1596.597 1596.626 1596.656 1596.686 1596.715 1596.729 1596.729 1596.729 1596.729 1596.729 1596.786 1596.845 1596.905 1596.964 1597.0 1597.0 1597.0 1597.0 1597.0 1597.0 1597.0 1597.0 1597.0 1597.0 1597.0 1597.0 1597.0 1597.0 1597.0 1597.0 1597.0 1597.0 1597.0 1597.0 1597.0 1597.0 1597.0 1597.0 1597.0 1597.0
1595.876 1595.876 1595.876 1595.876 1595.876 1595.876 1595.876 1595.876 1595.885 1595.912 1595.94 1595.967 1595.994 1596.0 1596.0 1596.0 1596.0 1596.0 1596.0 1596.0 1596.0 1596.0 1596.115 1596.293 1596.472 1596.651 1596.816 1596.829 1596.843 1596.856 1596.87 1596.876 1596.876 1596.876 1596.876 1596.876 1596.902 1596.929 1596.957 1596.984 1597.0 1597.0 1597.0 1597.0 1597.0 1597.0 1597.0 1597.0 1597.0 1597.0 1597.0 1597.0 1597.0 1597.0 1597.0 1597.0 1597.0 1597.0 1597.0 1597.0 1597.0 1597.0 1597.0 1597.0 1597.0 1597.0
1596.0 1596.0 1596.0 1596.0 1596.0 1596.0 1596.0 1596.0 1596.001 1596.002 1596.004 1596.006 1596.007 1596.01 1596.014 1596.017 1596.021 1596.024 1596.026 1596.029 1596.032 1596.034 1596.171 1596.382 1596.594 1596.806 1597.0 1597.0 1597.0 1597.0 1597.0 1597.002 1597.005 1597.009 1597.012 1597.016 1597.017 1597.019 1597.021 1597.022 1597.023 1597.023 1597.023 1597.023 1597.023 1597.023 1597.023 1597.023 1597.023 1597.023 1597.023 1597.023 1597.023 1597.023 1597.023 1597.023 1597.023 1597.023 1597.024 1597.026 1597.029 1597.031 1597.034 1597.034 1597.031 1597.029
1596.0 1596.0 1596.0 1596.0 1596.0 1596.0 1596.0 1596.0 1596.004 1596.016 1596.029 1596.041 1596.054 1596.076 1596.101 1596.126 1596.151 1596.174 1596.193 1596.212 1596.23 1596.249 1596.36 1596.524 1596.687 1596.85 1597.0 1597.0 1597.0 1597.0 1597.0 1597.013 1597.038 1597.063 1597.088 1597.113 1597.125 1597.138 1597.15 1597.163 1597.17 1597.17 1597.17 1597.17 1597.17 1597.17 1597.17 1597.17 1597.17 1597.17 1597.17 1597.17 1597.17 1597.17 1597.17 1597.17 1597.17 1597.17 1597.173 1597.192 1597.21 1597.229 1597.248 1597.245 1597.226 1597.207
1596.0 1596.0 1596.0 1596.0 1596.0 1596.0 1596.0 1596.0 1596.008 1596.031 1596.054 1596.077 1596.1 1596.141 1596.188 1596.234 1596.28 1596.324 1596.359 1596.394 1596.429 1596.464 1596.55 1596.665 1596.78 1596.894 1597.0 1597.0 1597.0 1597.0 1597.0 1597.024 1597.07 1597.117 1597.163 1597.21 1597.234 1597.257 1597.28 1597.303 1597.317 1597.317 1597.317 1597.317 1597.317 1597.317 1597.317 1597.317 1597.317 1597.317 1597.317 1597.317 1597.317 1597.317 1597.317 1597.317 1597.317 1597.317 1597.322 1597.357 1597.392 1597.427 1597.462 1597.456 1597.421 1597.386
1596.0 1596.0 1596.0 1596.0 1596.0 1596.0 1596.0 1596.0 1596.011 1596.045 1596.079 1596.113 1596.147 1596.207 1596.275 1596.342 1596.41 1596.475 1596.526 1596.577 1596.627 1596.678 1596.739 1596.806 1596.872 1596.939 1597.0 1597.0 1597.0 1597.0 1597.0 1597.035 1597.103 1597.171 1597.239 1597.307 1597.342 1597.376 1597.41 1597.444 1597.464 1597.464 1597.464 1597.464 1597.464 1597.464 1597.464 1597.464 1597.464 1597.464 1597.464 1597.464 1597.464 1597.464 1597.464 1597.464 1597.464 1597.464 1597.472 1597.523 1597.573 1597.624 1597.675 1597.667 1597.616 1597.565
1596.0 1596.0 1596.0 1596.0 1596.0 1596.0 1596.0 1596.0 1596.015 1596.059 1596.104 1596.149 1596.193 1596.272 1596.361 1596.451 1596.54 1596.625 1596.692 1596.759 1596.826 1596.893 1596.929 1596.947 1596.965 1596.983 1597.0 1597.0 1597.0 1597.0 1597.0 1597.046 1597.136 1597.225 1597.314 1597.404 1597.45 1597.495 1597.54 1597.584 1597.611 1597.611 1597.611 1597.611 1597.611 1597.611 1597.611 1597.611 1597.611 1597.611 1597.611 1597.611 1597.611 1597.611 1597.611 1597.611 1597.611 1597.611 1597.621 1597.688 1597.755 1597.822 1597.889 1597.878 1597.811 1597.744
1596.108 1596.088 1596.068 1596.048 1596.046 1596.046 1596.046 1596.046 1596.066 1596.128 1596.19 1596.252 1596.315 1596.393 1596.478 1596.562 1596.646 1596.725 1596.788 1596.851 1596.914 1596.977 1597.006 1597.016 1597.026 1597.037 1597.046 1597.046 1597.046 1597.046 1597.046 1597.1 1597.204 1597.308 1597.412 1597.516 1597.561 1597.603 1597.645 1597.687 1597.712 1597.712 1597.712 1597.712 1597.712 1597.712 1597.712 1597.712 1597.712 1597.712 1597.712 1597.712 1597.712 1597.712 1597.712 1597.712 1597.712 1597.712 1597.722 1597.785 1597.848 1597.911 1597.974 1597.963 1597.9 1597.837
