data/zism_data/00954_04_D.txt
ncols         224
nrows         224
[rows 0 to 27 of 224, columns 0 to 63 of 224]
1076.52 1067.55 1058.58 1050.207 1042.521 1034.837 1027.152 1019.467 1015.548 1011.924 1008.3 1004.676 1002.628 1003.033 1003.438 1003.842 1004.247 1005.517 1006.933 1008.349 1009.765 1013.025 1020.223 1027.421 1034.619 1041.817 1053.68 1066.84 1079.999 1093.159 1106.897 1122.404 1137.912 1153.419 1168.926 1177.486 1183.211 1188.936 1194.661 1199.413 1199.548 1199.682 1199.817 1199.951 1199.764 1199.395 1199.026 1198.656 1198.262 1197.649 1197.036 1196.423 1195.81 1194.038 1191.374 1188.71 1186.046 1183.289 1177.413 1171.537 1165.66 1159.784 1154.58 1150.067
1078.015 1070.227 1062.44 1054.956 1047.824 1040.692 1033.559 1026.427 1021.555 1016.861 1012.166 1007.471 1004.631 1004.676 1004.722 1004.768 1004.813 1005.82 1006.99 1008.159 1009.329 1012.173 1018.595 1025.017 1031.438 1037.86 1049.801 1063.275 1076.748 1090.222 1104.222 1119.833 1135.443 1151.054 1166.665 1175.411 1181.355 1187.298 1193.242 1198.211 1198.546 1198.881 1199.216 1199.551 1199.071 1198.129 1197.187 1196.244 1195.242 1193.709 1192.177 1190.644 1189.111 1186.888 1184.133 1181.378 1178.623 1175.793 1170.442 1165.091 1159.74 1154.39 1149.717 1145.742
1079.823 1073.592 1067.36 1061.046 1054.634 1048.223 1041.812 1035.401 1029.334 1023.295 1017.255 1011.216 1007.4 1007.045 1006.689 1006.334 1005.978 1006.779 1007.775 1008.771 1009.767 1012.168 1017.57 1022.973 1028.375 1033.778 1045.628 1059.27 1072.912 1086.553 1100.683 1116.305 1131.926 1147.548 1163.17 1172.169 1178.465 1184.761 1191.057 1196.373 1197.027 1197.682 1198.337 1198.992 1198.155 1196.47 1194.785 1193.1 1191.308 1188.566 1185.824 1183.082 1180.341 1177.564 1174.76 1171.956 1169.153 1166.292 1161.521 1156.751 1151.98 1147.209 1143.119 1139.729
1081.632 1076.956 1072.281 1067.135 1061.445 1055.755 1050.064 1044.374 1037.113 1029.729 1022.345 1014.961 1010.17 1009.413 1008.657 1007.9 1007.143 1007.737 1008.56 1009.382 1010.205 1012.163 1016.546 1020.929 1025.312 1029.695 1041.456 1055.266 1069.076 1082.885 1097.145 1112.777 1128.409 1144.042 1159.674 1168.927 1175.575 1182.224 1188.873 1194.535 1195.509 1196.484 1197.459 1198.433 1197.239 1194.811 1192.383 1189.955 1187.373 1183.422 1179.472 1175.521 1171.57 1168.24 1165.388 1162.535 1159.682 1156.791 1152.6 1148.41 1144.219 1140.029 1136.521 1133.717
1083.44 1080.321 1077.201 1073.224 1068.255 1063.286 1058.317 1053.348 1044.891 1036.163 1027.434 1018.706 1012.94 1011.782 1010.624 1009.466 1008.308 1008.695 1009.344 1009.994 1010.643 1012.158 1015.521 1018.885 1022.249 1025.613 1037.283 1051.262 1065.24 1079.217 1093.606 1109.249 1124.892 1140.535 1156.179 1165.685 1172.686 1179.687 1186.688 1192.697 1193.991 1195.286 1196.58 1197.875 1196.322 1193.152 1189.981 1186.811 1183.439 1178.279 1173.119 1167.959 1162.8 1158.916 1156.015 1153.114 1150.212 1147.29 1143.68 1140.069 1136.459 1132.849 1129.924 1127.705
1086.291 1084.706 1083.121 1080.29 1076.019 1071.748 1067.477 1063.206 1053.739 1043.867 1033.994 1024.122 1017.373 1015.484 1013.595 1011.706 1009.817 1009.997 1010.529 1011.06 1011.591 1012.722 1015.133 1017.544 1019.955 1022.366 1033.491 1047.036 1060.581 1074.126 1088.185 1103.812 1119.44 1135.067 1150.695 1160.538 1168.021 1175.504 1182.987 1189.463 1191.16 1192.857 1194.553 1196.25 1194.447 1190.656 1186.865 1183.074 1179.026 1172.707 1166.388 1160.069 1153.75 1149.273 1146.212 1143.152 1140.092 1137.028 1133.854 1130.68 1127.506 1124.332 1121.884 1120.184
1092.774 1092.647 1092.52 1090.758 1087.105 1083.452 1079.799 1076.146 1066.312 1055.995 1045.678 1035.361 1027.606 1023.835 1020.065 1016.295 1012.524 1012.497 1013.104 1013.711 1014.319 1015.271 1016.961 1018.651 1020.341 1022.031 1031.022 1042.041 1053.059 1064.078 1076.206 1091.724 1107.244 1122.763 1138.282 1148.756 1157.172 1165.587 1174.002 1181.369 1183.754 1186.139 1188.524 1190.91 1189.232 1185.246 1181.259 1177.273 1172.95 1165.644 1158.339 1151.032 1143.727 1138.514 1134.912 1131.309 1127.707 1124.115 1120.876 1117.637 1114.397 1111.158 1108.819 1107.407
1099.257 1100.588 1101.92 1101.226 1098.191 1095.156 1092.121 1089.087 1078.885 1068.123 1057.362 1046.6 1037.838 1032.187 1026.535 1020.883 1015.232 1014.997 1015.68 1016.363 1017.046 1017.82 1018.789 1019.758 1020.727 1021.696 1028.553 1037.045 1045.537 1054.03 1064.227 1079.637 1095.048 1110.458 1125.869 1136.974 1146.322 1155.67 1165.018 1173.274 1176.348 1179.422 1182.496 1185.569 1184.017 1179.835 1175.654 1171.472 1166.874 1158.581 1150.289 1141.996 1133.704 1127.755 1123.611 1119.466 1115.322 1111.202 1107.897 1104.593 1101.289 1097.984 1095.754 1094.629
1105.74 1108.53 1111.32 1111.695 1109.278 1106.861 1104.444 1102.027 1091.458 1080.252 1069.046 1057.84 1048.071 1040.538 1033.005 1025.472 1017.939 1017.496 1018.255 1019.014 1019.773 1020.369 1020.617 1020.865 1021.113 1021.361 1026.084 1032.05 1038.015 1043.981 1052.247 1067.549 1082.852 1098.154 1113.456 1125.192 1135.472 1145.753 1156.033 1165.18 1168.942 1172.704 1176.467 1180.229 1178.801 1174.425 1170.048 1165.671 1160.798 1151.518 1142.239 1132.959 1123.68 1116.997 1112.31 1107.623 1102.937 1098.288 1094.919 1091.549 1088.18 1084.81 1082.688 1081.851
1112.223 1116.471 1120.719 1122.163 1120.364 1118.566 1116.767 1114.968 1104.031 1092.38 1080.73 1069.079 1058.303 1048.889 1039.475 1030.061 1020.647 1019.996 1020.831 1021.666 1022.501 1022.918 1022.445 1021.972 1021.499 1021.026 1023.615 1027.054 1030.493 1033.933 1040.268 1055.462 1070.656 1085.849 1101.043 1113.41 1124.623 1135.836 1147.049 1157.085 1161.536 1165.987 1170.438 1174.889 1173.586 1169.014 1164.442 1159.871 1154.721 1144.455 1134.189 1123.923 1113.657 1106.238 1101.009 1095.78 1090.552 1085.375 1081.94 1078.506 1075.071 1071.637 1069.623 1069.073
1122.443 1127.045 1131.647 1133.264 1131.43 1129.595 1127.761 1125.927 1115.209 1103.799 1092.387 1080.977 1070.038 1059.836 1049.634 1039.432 1029.229 1027.935 1028.15 1028.365 1028.58 1028.338 1027.121 1025.904 1024.687 1023.47 1024.473 1026.093 1027.714 1029.334 1033.967 1047.818 1061.669 1075.519 1089.37 1101.608 1113.188 1124.767 1136.347 1146.731 1151.434 1156.138 1160.842 1165.545 1164.702 1160.707 1156.712 1152.717 1148.116 1138.144 1128.172 1118.199 1108.227 1100.461 1094.392 1088.323 1082.254 1076.24 1072.091 1067.941 1063.792 1059.643 1057.28 1056.758
1134.228 1138.721 1143.215 1144.63 1142.487 1140.343 1138.2 1136.056 1125.805 1114.92 1104.034 1093.149 1082.402 1071.869 1061.336 1050.803 1040.27 1038.149 1037.453 1036.757 1036.062 1034.959 1032.989 1031.018 1029.047 1027.077 1026.724 1026.821 1026.917 1027.014 1030.042 1042.033 1054.024 1066.015 1078.006 1089.798 1101.508 1113.217 1124.927 1135.431 1140.205 1144.979 1149.753 1154.527 1154.283 1151.188 1148.093 1144.998 1141.29 1132.147 1123.004 1113.861 1104.719 1096.768 1089.734 1082.699 1075.665 1068.686 1063.55 1058.414 1053.278 1048.142 1045.239 1044.635
1146.012 1150.397 1154.782 1155.996 1153.544 1151.091 1148.639 1146.186 1136.4 1126.041 1115.681 1105.322 1094.765 1083.902 1073.038 1062.174 1051.311 1048.363 1046.756 1045.15 1043.543 1041.58 1038.856 1036.132 1033.408 1030.683 1028.975 1027.548 1026.121 1024.695 1026.116 1036.247 1046.379 1056.511 1066.643 1077.987 1089.827 1101.667 1113.507 1124.13 1128.975 1133.819 1138.664 1143.508 1143.864 1141.669 1139.474 1137.279 1134.464 1126.15 1117.837 1109.523 1101.21 1093.074 1085.075 1077.076 1069.077 1061.132 1055.01 1048.887 1042.764 1036.641 1033.198 1032.513
1157.796 1162.073 1166.349 1167.362 1164.601 1161.839 1159.078 1156.316 1146.995 1137.162 1127.328 1117.495 1107.129 1095.935 1084.74 1073.546 1062.352 1058.577 1056.059 1053.542 1051.025 1048.201 1044.724 1041.246 1037.768 1034.29 1031.225 1028.275 1025.325 1022.375 1022.19 1030.462 1038.735 1047.007 1055.279 1066.177 1078.147 1090.117 1102.087 1112.83 1117.745 1122.66 1127.575 1132.49 1133.445 1132.15 1130.855 1129.56 1127.637 1120.153 1112.669 1105.185 1097.702 1089.381 1080.417 1071.453 1062.489 1053.578 1046.469 1039.36 1032.25 1025.141 1021.157 1020.39
1169.489 1173.546 1177.604 1178.371 1175.334 1172.297 1169.26 1166.223 1157.318 1147.955 1138.592 1129.228 1119.084 1107.724 1096.364 1085.004 1073.645 1069.0 1065.494 1061.988 1058.482 1054.684 1050.264 1045.844 1041.424 1037.004 1032.82 1028.702 1024.583 1020.465 1018.942 1025.358 1031.775 1038.192 1044.608 1054.771 1066.462 1078.154 1089.845 1100.374 1105.381 1110.387 1115.394 1120.401 1122.049 1121.789 1121.529 1121.269 1120.37 1113.815 1107.26 1100.705 1094.15 1085.818 1076.121 1066.422 1056.725 1047.078 1039.169 1031.26 1023.35 1015.441 1011.02 1010.191
1180.78 1184.138 1187.497 1187.829 1184.661 1181.494 1178.327 1175.16 1166.457 1157.321 1148.186 1139.05 1129.26 1118.454 1107.647 1096.84 1086.033 1080.333 1075.499 1070.665 1065.83 1060.566 1054.384 1048.202 1042.02 1035.838 1031.563 1027.819 1024.075 1020.33 1018.637 1023.215 1027.794 1032.373 1036.952 1045.122 1054.759 1064.395 1074.032 1082.896 1088.087 1093.278 1098.469 1103.66 1106.409 1107.769 1109.13 1110.491 1111.187 1105.993 1100.799 1095.604 1090.41 1082.824 1073.397 1063.97 1054.543 1045.161 1037.262 1029.363 1021.465 1013.566 1009.162 1008.355
1192.071 1194.73 1197.389 1197.286 1193.989 1190.691 1187.394 1184.097 1175.595 1166.688 1157.78 1148.872 1139.437 1129.183 1118.93 1108.676 1098.422 1091.666 1085.504 1079.341 1073.179 1066.448 1058.504 1050.56 1042.616 1034.671 1030.307 1026.937 1023.566 1020.196 1018.331 1021.072 1023.813 1026.554 1029.295 1035.473 1043.055 1050.637 1058.219 1065.417 1070.793 1076.168 1081.544 1086.919 1090.768 1093.75 1096.732 1099.714 1102.004 1098.171 1094.337 1090.504 1086.671 1079.829 1070.673 1061.517 1052.362 1043.243 1035.355 1027.467 1019.579 1011.691 1007.303 1006.518
1203.363 1205.322 1207.282 1206.743 1203.316 1199.888 1196.461 1193.033 1184.734 1176.054 1167.373 1158.693 1149.614 1139.913 1130.212 1120.511 1110.811 1102.999 1095.509 1088.018 1080.527 1072.33 1062.624 1052.917 1043.211 1033.505 1029.05 1026.054 1023.058 1020.062 1018.026 1018.929 1019.832 1020.735 1021.638 1025.825 1031.352 1036.879 1042.406 1047.939 1053.499 1059.058 1064.618 1070.178 1075.128 1079.73 1084.333 1088.936 1092.821 1090.349 1087.876 1085.404 1082.931 1076.834 1067.95 1059.065 1050.18 1041.325 1033.448 1025.571 1017.694 1009.817 1005.445 1004.681
1214.654 1215.914 1217.174 1216.2 1212.643 1209.085 1205.528 1201.97 1193.872 1185.42 1176.967 1168.515 1159.79 1150.643 1141.495 1132.347 1123.199 1114.333 1105.514 1096.694 1087.875 1078.211 1066.743 1055.275 1043.807 1032.339 1027.794 1025.172 1022.549 1019.927 1017.721 1016.786 1015.851 1014.916 1013.981 1016.176 1019.649 1023.121 1026.593 1030.461 1036.205 1041.949 1047.693 1053.437 1059.487 1065.711 1071.935 1078.159 1083.638 1082.527 1081.415 1080.303 1079.192 1073.84 1065.226 1056.612 1047.999 1039.407 1031.541 1023.675 1015.808 1007.942 1003.586 1002.844
1222.462 1223.404 1224.345 1223.233 1219.744 1216.256 1212.768 1209.28 1201.432 1193.244 1185.055 1176.867 1168.176 1158.703 1149.231 1139.758 1130.285 1120.015 1109.611 1099.206 1088.801 1077.858 1065.767 1053.676 1041.585 1029.493 1025.114 1022.877 1020.64 1018.403 1016.36 1014.911 1013.462 1012.013 1010.564 1011.769 1014.057 1016.346 1018.634 1021.399 1026.427 1031.456 1036.485 1041.514 1047.265 1053.427 1059.589 1065.751 1071.248 1070.859 1070.469 1070.08 1069.691 1065.214 1057.594 1049.973 1042.352 1034.748 1027.698 1020.648 1013.598 1006.548 1002.649 1001.994
1228.547 1229.359 1230.17 1229.066 1225.745 1222.425 1219.105 1215.785 1208.211 1200.304 1192.398 1184.491 1175.675 1165.443 1155.212 1144.98 1134.749 1122.904 1110.786 1098.667 1086.549 1074.42 1062.27 1050.119 1037.968 1025.817 1021.731 1019.884 1018.037 1016.19 1014.476 1013.168 1011.86 1010.552 1009.245 1009.955 1011.49 1013.024 1014.559 1016.499 1020.368 1024.237 1028.105 1031.974 1036.734 1042.002 1047.269 1052.536 1057.271 1057.288 1057.305 1057.323 1057.34 1053.803 1047.533 1041.262 1034.991 1028.733 1022.897 1017.062 1011.226 1005.391 1002.166 1001.631
1234.632 1235.313 1235.995 1234.898 1231.746 1228.594 1225.442 1222.29 1214.99 1207.365 1199.74 1192.116 1183.174 1172.183 1161.193 1150.202 1139.211 1125.792 1111.96 1098.129 1084.298 1070.983 1058.773 1046.562 1034.352 1022.141 1018.347 1016.891 1015.434 1013.978 1012.592 1011.426 1010.259 1009.092 1007.925 1008.141 1008.922 1009.703 1010.484 1011.6 1014.309 1017.017 1019.726 1022.434 1026.204 1030.576 1034.949 1039.322 1043.294 1043.718 1044.142 1044.566 1044.99 1042.393 1037.472 1032.551 1027.63 1022.718 1018.097 1013.476 1008.855 1004.233 1001.684 1001.268
1240.717 1241.268 1241.819 1240.731 1237.747 1234.763 1231.779 1228.795 1221.768 1214.426 1207.083 1199.74 1190.673 1178.923 1167.174 1155.424 1143.674 1128.68 1113.135 1097.591 1082.046 1067.546 1055.276 1043.005 1030.736 1018.465 1014.964 1013.898 1012.831 1011.765 1010.709 1009.683 1008.657 1007.631 1006.605 1006.327 1006.355 1006.382 1006.409 1006.701 1008.25 1009.798 1011.346 1012.894 1015.673 1019.151 1022.629 1026.108 1029.317 1030.148 1030.978 1031.809 1032.639 1030.982 1027.411 1023.84 1020.27 1016.703 1013.297 1009.89 1006.483 1003.076 1001.202 1000.905
1246.816 1247.245 1247.673 1246.562 1243.671 1240.78 1237.889 1234.997 1228.198 1221.093 1213.987 1206.883 1197.701 1185.29 1172.879 1160.467 1148.056 1131.672 1114.616 1097.558 1080.502 1064.955 1052.635 1040.315 1027.995 1015.675 1012.352 1011.527 1010.702 1009.877 1009.037 1008.153 1007.269 1006.385 1005.501 1004.816 1004.213 1003.609 1003.006 1002.598 1003.118 1003.638 1004.158 1004.678 1006.537 1009.157 1011.778 1014.398 1016.868 1018.005 1019.141 1020.278 1021.414 1020.583 1018.24 1015.896 1013.552 1011.21 1008.918 1006.627 1004.335 1002.044 1000.809 1000.662
1252.998 1253.346 1253.693 1252.385 1249.163 1245.941 1242.719 1239.497 1232.663 1225.547 1218.432 1211.316 1202.083 1189.558 1177.033 1164.508 1151.983 1135.253 1117.812 1100.37 1082.928 1067.12 1054.806 1042.492 1030.177 1017.863 1014.074 1012.652 1011.231 1009.81 1008.557 1007.819 1007.081 1006.344 1005.606 1005.006 1004.462 1003.919 1003.375 1002.966 1003.199 1003.431 1003.664 1003.896 1005.237 1007.207 1009.177 1011.147 1013.006 1013.882 1014.758 1015.634 1016.51 1015.87 1014.063 1012.256 1010.449 1008.644 1006.911 1005.178 1003.444 1001.711 1000.92 1001.099
1259.181 1259.447 1259.713 1258.208 1254.655 1251.102 1247.55 1243.997 1237.129 1230.002 1222.876 1215.749 1206.465 1193.826 1181.188 1168.549 1155.91 1138.835 1121.008 1103.181 1085.354 1069.286 1056.978 1044.668 1032.359 1020.05 1015.796 1013.778 1011.76 1009.743 1008.077 1007.485 1006.894 1006.302 1005.711 1005.196 1004.712 1004.228 1003.744 1003.334 1003.279 1003.225 1003.17 1003.115 1003.937 1005.256 1006.575 1007.895 1009.143 1009.759 1010.375 1010.991 1011.607 1011.156 1009.886 1008.616 1007.345 1006.078 1004.903 1003.728 1002.554 1001.379 1001.031 1001.535
1265.363 1265.547 1265.732 1264.03 1260.147 1256.263 1252.38 1248.497 1241.595 1234.457 1227.32 1220.182 1210.847 1198.095 1185.342 1172.589 1159.837 1142.416 1124.204 1105.992 1087.781 1071.452 1059.149 1046.845 1034.542 1022.238 1017.518 1014.904 1012.29 1009.676 1007.596 1007.151 1006.706 1006.261 1005.816 1005.386 1004.961 1004.537 1004.112 1003.702 1003.36 1003.018 1002.676 1002.334 1002.637 1003.305 1003.974 1004.643 1005.28 1005.636 1005.991 1006.347 1006.703 1006.443 1005.709 1004.976 1004.242 1003.512 1002.895 1002.279 1001.663 1001.047 1001.142 1001.971
1271.545 1271.648 1271.752 1269.853 1265.639 1261.425 1257.21 1252.996 1246.061 1238.912 1231.764 1224.615 1215.229 1202.363 1189.496 1176.63 1163.763 1145.997 1127.4 1108.803 1090.207 1073.618 1061.32 1049.022 1036.724 1024.425 1019.24 1016.029 1012.819 1009.609 1007.116 1006.817 1006.518 1006.22 1005.921 1005.576 1005.211 1004.846 1004.481 1004.07 1003.441 1002.812 1002.182 1001.553 1001.336 1001.355 1001.373 1001.391 1001.417 1001.513 1001.608 1001.704 1001.799 1001.729 1001.532 1001.336 1001.139 1000.946 1000.888 1000.83 1000.772 1000.714 1001.253 1002.408
