data/zism_data/00959_03_D.txt
ncols         224
nrows         224
[rows 0 to 27 of 224, columns 0 to 62 of 224]
1499.59 1499.323 1499.056 1498.789 1498.196 1497.597 1496.999 1496.401 1495.946 1495.678 1495.411 1495.143 1494.876 1493.569 1492.125 1490.682 1489.238 1486.44 1480.932 1475.425 1469.917 1464.409 1456.267 1447.392 1438.518 1429.644 1422.118 1419.062 1416.005 1412.949 1409.892 1407.85 1406.282 1404.715 1403.147 1401.736 1401.368 1401.0 1400.633 1400.265 1400.096 1400.072 1400.048 1400.024 1400.019 1400.67 1401.321 1401.972 1402.623 1403.755 1405.413 1407.071 1408.729 1410.387 1411.622 1412.824 1414.026 1415.227 1415.317 1413.568 1411.818 1410.068 1408.319
1499.317 1498.872 1498.427 1497.982 1496.993 1495.996 1494.998 1494.001 1493.271 1492.891 1492.51 1492.129 1491.749 1489.952 1487.969 1485.986 1484.004 1480.783 1475.087 1469.39 1463.694 1457.997 1450.05 1441.478 1432.905 1424.333 1417.148 1414.561 1411.974 1409.386 1406.799 1405.258 1404.208 1403.158 1402.108 1401.166 1400.944 1400.722 1400.5 1400.277 1400.161 1400.12 1400.08 1400.039 1400.019 1400.681 1401.343 1402.004 1402.666 1403.92 1405.821 1407.722 1409.622 1411.523 1413.035 1414.517 1416.0 1417.482 1417.742 1415.982 1414.221 1412.461 1410.7
1499.043 1498.421 1497.798 1497.175 1495.79 1494.394 1492.997 1491.601 1490.597 1490.103 1489.609 1489.115 1488.621 1486.335 1483.813 1481.291 1478.77 1475.127 1469.242 1463.356 1457.471 1451.586 1443.834 1435.564 1427.293 1419.023 1412.179 1410.06 1407.942 1405.823 1403.705 1402.667 1402.134 1401.602 1401.069 1400.596 1400.519 1400.443 1400.366 1400.29 1400.225 1400.168 1400.112 1400.055 1400.02 1400.692 1401.365 1402.037 1402.709 1404.085 1406.229 1408.372 1410.515 1412.658 1414.448 1416.211 1417.973 1419.736 1420.167 1418.396 1416.624 1414.853 1413.082
1498.77 1497.969 1497.169 1496.368 1494.587 1492.792 1490.997 1489.201 1487.923 1487.315 1486.708 1486.101 1485.494 1482.718 1479.657 1476.596 1473.535 1469.47 1463.396 1457.322 1451.248 1445.174 1437.618 1429.649 1421.681 1413.712 1407.209 1405.559 1403.91 1402.261 1400.611 1400.075 1400.06 1400.045 1400.03 1400.026 1400.095 1400.164 1400.233 1400.302 1400.289 1400.216 1400.143 1400.071 1400.02 1400.703 1401.386 1402.07 1402.753 1404.25 1406.636 1409.022 1411.408 1413.794 1415.862 1417.905 1419.947 1421.99 1422.592 1420.81 1419.028 1417.246 1415.464
1497.318 1495.759 1494.199 1492.64 1489.717 1486.774 1483.831 1480.888 1478.914 1478.199 1477.484 1476.769 1476.053 1473.306 1470.293 1467.279 1464.265 1460.418 1454.904 1449.39 1443.876 1438.362 1431.852 1425.064 1418.277 1411.49 1405.957 1404.578 1403.198 1401.819 1400.44 1400.086 1400.211 1400.337 1400.463 1400.585 1400.69 1400.795 1400.899 1401.004 1400.915 1400.684 1400.454 1400.224 1400.018 1400.65 1401.281 1401.912 1402.543 1404.14 1406.789 1409.439 1412.088 1414.737 1417.152 1419.549 1421.945 1424.342 1425.201 1423.518 1421.835 1420.152 1418.469
1495.831 1493.495 1491.159 1488.824 1484.737 1480.624 1476.511 1472.399 1469.716 1468.893 1468.07 1467.247 1466.424 1463.722 1460.773 1457.824 1454.875 1451.265 1446.333 1441.402 1436.47 1431.538 1426.099 1420.52 1414.94 1409.36 1404.816 1403.701 1402.586 1401.471 1400.356 1400.174 1400.429 1400.684 1400.939 1401.178 1401.315 1401.452 1401.589 1401.726 1401.557 1401.165 1400.773 1400.381 1400.017 1400.594 1401.171 1401.749 1402.326 1404.021 1406.934 1409.848 1412.762 1415.675 1418.439 1421.191 1423.943 1426.696 1427.815 1426.235 1424.655 1423.074 1421.494
1494.344 1491.232 1488.12 1485.008 1479.757 1474.474 1469.192 1463.91 1460.519 1459.588 1458.657 1457.726 1456.796 1454.138 1451.254 1448.369 1445.485 1442.113 1437.763 1433.413 1429.064 1424.714 1420.347 1415.975 1411.603 1407.231 1403.675 1402.824 1401.973 1401.122 1400.271 1400.262 1400.646 1401.031 1401.415 1401.771 1401.941 1402.11 1402.279 1402.449 1402.199 1401.645 1401.091 1400.538 1400.015 1400.539 1401.062 1401.585 1402.109 1403.902 1407.08 1410.257 1413.435 1416.613 1419.726 1422.834 1425.942 1429.05 1430.43 1428.952 1427.474 1425.996 1424.518
1492.857 1488.969 1485.08 1481.192 1474.777 1468.324 1461.872 1455.42 1451.321 1450.283 1449.244 1448.205 1447.167 1444.553 1441.734 1438.915 1436.095 1432.959 1429.192 1425.425 1421.657 1417.89 1414.594 1411.43 1408.266 1405.101 1402.535 1401.948 1401.361 1400.774 1400.187 1400.35 1400.864 1401.378 1401.891 1402.364 1402.566 1402.768 1402.969 1403.171 1402.841 1402.126 1401.41 1400.695 1400.014 1400.483 1400.953 1401.422 1401.892 1403.783 1407.225 1410.667 1414.109 1417.551 1421.013 1424.477 1427.94 1431.404 1433.044 1431.669 1430.293 1428.918 1427.542
1490.189 1485.398 1480.607 1475.816 1468.625 1461.398 1454.172 1446.945 1442.393 1441.318 1440.243 1439.168 1438.093 1435.721 1433.178 1430.635 1428.092 1425.358 1422.239 1419.121 1416.002 1412.884 1410.495 1408.31 1406.124 1403.939 1402.2 1401.939 1401.678 1401.417 1401.157 1401.515 1402.163 1402.811 1403.459 1404.038 1404.157 1404.277 1404.397 1404.516 1404.006 1403.038 1402.07 1401.102 1400.175 1400.617 1401.059 1401.501 1401.943 1403.969 1407.722 1411.476 1415.23 1418.984 1422.776 1426.572 1430.368 1434.164 1436.059 1434.812 1433.565 1432.318 1431.072
1486.031 1480.178 1474.325 1468.472 1460.994 1453.493 1445.991 1438.49 1433.806 1432.785 1431.764 1430.742 1429.721 1427.836 1425.838 1423.84 1421.842 1419.714 1417.329 1414.944 1412.558 1410.173 1408.484 1406.989 1405.493 1403.998 1402.882 1403.026 1403.169 1403.313 1403.457 1404.039 1404.827 1405.615 1406.403 1407.075 1406.968 1406.861 1406.755 1406.648 1405.829 1404.495 1403.161 1401.826 1400.544 1400.991 1401.438 1401.885 1402.333 1404.539 1408.665 1412.791 1416.916 1421.042 1425.142 1429.239 1433.337 1437.435 1439.579 1438.494 1437.409 1436.324 1435.238
1481.872 1474.957 1468.042 1461.127 1453.363 1445.587 1437.81 1430.034 1425.218 1424.251 1423.284 1422.317 1421.349 1419.952 1418.498 1417.044 1415.591 1414.071 1412.419 1410.766 1409.114 1407.462 1406.473 1405.667 1404.862 1404.056 1403.565 1404.113 1404.661 1405.208 1405.756 1406.563 1407.492 1408.42 1409.348 1410.112 1409.779 1409.445 1409.112 1408.779 1407.653 1405.952 1404.251 1402.55 1400.912 1401.364 1401.817 1402.27 1402.722 1405.109 1409.607 1414.105 1418.603 1423.1 1427.507 1431.906 1436.306 1440.706 1443.099 1442.176 1441.252 1440.329 1439.405
1477.714 1469.737 1461.76 1453.783 1445.732 1437.681 1429.63 1421.578 1416.63 1415.717 1414.804 1413.891 1412.977 1412.068 1411.158 1410.249 1409.34 1408.427 1407.508 1406.589 1405.67 1404.751 1404.461 1404.346 1404.23 1404.115 1404.247 1405.2 1406.152 1407.104 1408.056 1409.088 1410.156 1411.224 1412.293 1413.149 1412.589 1412.03 1411.47 1410.91 1409.477 1407.409 1405.342 1403.274 1401.28 1401.738 1402.196 1402.654 1403.112 1405.68 1410.55 1415.419 1420.289 1425.159 1429.872 1434.574 1439.275 1443.977 1446.62 1445.858 1445.096 1444.334 1443.572
1473.556 1464.517 1455.478 1446.438 1438.102 1429.775 1421.449 1413.123 1408.043 1407.183 1406.324 1405.465 1404.605 1404.183 1403.818 1403.454 1403.089 1402.784 1402.598 1402.412 1402.226 1402.04 1402.45 1403.024 1403.599 1404.174 1404.93 1406.286 1407.643 1408.999 1410.356 1411.612 1412.82 1414.029 1415.238 1416.186 1415.4 1414.614 1413.828 1413.042 1411.3 1408.866 1406.432 1403.998 1401.648 1402.111 1402.575 1403.038 1403.502 1406.25 1411.492 1416.734 1421.975 1427.217 1432.238 1437.241 1442.244 1447.248 1450.139 1449.539 1448.939 1448.339 1447.739
1467.515 1458.551 1449.587 1440.623 1433.112 1425.624 1418.135 1410.646 1406.089 1405.342 1404.596 1403.849 1403.103 1402.845 1402.65 1402.456 1402.262 1402.237 1402.553 1402.869 1403.185 1403.501 1404.321 1405.281 1406.24 1407.2 1408.278 1409.749 1411.219 1412.689 1414.16 1415.269 1416.209 1417.15 1418.09 1418.767 1417.69 1416.614 1415.537 1414.461 1412.47 1409.818 1407.165 1404.511 1401.945 1402.271 1402.597 1402.923 1403.249 1405.937 1411.201 1416.465 1421.729 1426.994 1432.602 1438.237 1443.872 1449.507 1453.072 1453.215 1453.357 1453.5 1453.642
1461.295 1452.514 1443.733 1434.952 1428.375 1421.829 1415.284 1408.739 1404.766 1404.138 1403.51 1402.883 1402.255 1402.13 1402.07 1402.01 1401.951 1402.176 1402.972 1403.768 1404.564 1405.359 1406.562 1407.878 1409.193 1410.509 1411.88 1413.437 1414.994 1416.55 1418.107 1419.034 1419.667 1420.3 1420.933 1421.304 1419.931 1418.558 1417.185 1415.812 1413.578 1410.721 1407.863 1405.005 1402.235 1402.41 1402.585 1402.76 1402.935 1405.539 1410.793 1416.046 1421.299 1426.553 1432.775 1439.073 1445.372 1451.67 1455.949 1456.89 1457.83 1458.77 1459.711
1455.074 1446.477 1437.88 1429.282 1423.637 1418.035 1412.433 1406.831 1403.444 1402.934 1402.425 1401.916 1401.407 1401.415 1401.49 1401.565 1401.64 1402.115 1403.391 1404.667 1405.942 1407.218 1408.803 1410.475 1412.146 1413.818 1415.482 1417.125 1418.768 1420.411 1422.054 1422.8 1423.125 1423.451 1423.776 1423.842 1422.172 1420.503 1418.833 1417.164 1414.686 1411.624 1408.561 1405.498 1402.525 1402.549 1402.573 1402.597 1402.621 1405.141 1410.384 1415.627 1420.87 1426.112 1432.949 1439.91 1446.871 1453.833 1458.826 1460.564 1462.303 1464.041 1465.779
1448.855 1440.44 1432.026 1423.612 1418.899 1414.241 1409.582 1404.924 1402.121 1401.731 1401.34 1400.95 1400.559 1400.699 1400.909 1401.119 1401.329 1402.055 1403.81 1405.565 1407.321 1409.076 1411.044 1413.072 1415.099 1417.126 1419.084 1420.813 1422.543 1424.272 1426.001 1426.565 1426.583 1426.601 1426.62 1426.379 1424.413 1422.447 1420.481 1418.515 1415.794 1412.527 1409.259 1405.991 1402.815 1402.688 1402.561 1402.435 1402.308 1404.744 1409.976 1415.208 1420.439 1425.671 1433.122 1440.747 1448.371 1455.996 1461.703 1464.239 1466.775 1469.311 1471.848
1442.49 1434.551 1426.612 1418.673 1414.825 1411.038 1407.25 1403.463 1401.196 1400.905 1400.615 1400.324 1400.034 1400.286 1400.611 1400.935 1401.259 1402.218 1404.449 1406.681 1408.912 1411.143 1413.499 1415.891 1418.282 1420.673 1422.932 1424.749 1426.567 1428.384 1430.202 1430.569 1430.257 1429.945 1429.634 1429.06 1426.739 1424.419 1422.098 1419.777 1416.789 1413.317 1409.844 1406.372 1402.993 1402.735 1402.478 1402.221 1401.964 1404.275 1409.386 1414.498 1419.609 1424.72 1432.78 1441.069 1449.359 1457.648 1464.055 1467.348 1470.64 1473.933 1477.226
1435.892 1428.897 1421.901 1414.906 1411.816 1408.783 1405.75 1402.717 1400.907 1400.687 1400.466 1400.246 1400.026 1400.358 1400.763 1401.168 1401.573 1402.743 1405.443 1408.143 1410.843 1413.543 1416.297 1419.066 1421.834 1424.603 1427.173 1429.082 1430.991 1432.9 1434.809 1434.956 1434.278 1433.599 1432.921 1431.97 1429.202 1426.434 1423.666 1420.898 1417.603 1413.925 1410.248 1406.571 1402.99 1402.636 1402.281 1401.927 1401.573 1403.691 1408.506 1413.321 1418.136 1422.951 1431.609 1440.567 1449.525 1458.483 1465.566 1469.549 1473.532 1477.514 1481.497
1429.295 1423.243 1417.191 1411.139 1408.806 1406.528 1404.25 1401.972 1400.619 1400.469 1400.318 1400.168 1400.017 1400.429 1400.915 1401.401 1401.887 1403.267 1406.436 1409.605 1412.774 1415.943 1419.094 1422.241 1425.387 1428.533 1431.413 1433.414 1435.415 1437.416 1439.417 1439.343 1438.298 1437.253 1436.208 1434.88 1431.665 1428.449 1425.234 1422.018 1418.416 1414.534 1410.652 1406.77 1402.987 1402.536 1402.085 1401.634 1401.182 1403.108 1407.626 1412.145 1416.663 1421.182 1430.438 1440.064 1449.691 1459.317 1467.077 1471.75 1476.423 1481.095 1485.768
1422.698 1417.589 1412.48 1407.371 1405.796 1404.273 1402.75 1401.226 1400.33 1400.25 1400.17 1400.09 1400.009 1400.501 1401.068 1401.634 1402.201 1403.791 1407.429 1411.068 1414.706 1418.344 1421.892 1425.416 1428.939 1432.463 1435.654 1437.747 1439.839 1441.932 1444.024 1443.73 1442.318 1440.907 1439.496 1437.79 1434.127 1430.464 1426.801 1423.138 1419.229 1415.143 1411.056 1406.969 1402.984 1402.436 1401.888 1401.34 1400.792 1402.525 1406.747 1410.969 1415.19 1419.412 1429.267 1439.562 1449.857 1460.152 1468.588 1473.951 1479.314 1484.677 1490.039
1416.1 1411.935 1407.77 1403.604 1402.786 1402.018 1401.249 1400.481 1400.042 1400.032 1400.021 1400.011 1400.001 1400.572 1401.22 1401.867 1402.515 1404.316 1408.423 1412.53 1416.637 1420.744 1424.69 1428.591 1432.492 1436.393 1439.895 1442.079 1444.264 1446.448 1448.632 1448.117 1446.339 1444.561 1442.783 1440.701 1436.59 1432.48 1428.369 1424.259 1420.043 1415.751 1411.459 1407.167 1402.981 1402.336 1401.691 1401.046 1400.401 1401.941 1405.867 1409.792 1413.717 1417.643 1428.096 1439.06 1450.023 1460.986 1470.099 1476.152 1482.205 1488.258 1494.311
1412.563 1409.245 1405.926 1402.608 1402.087 1401.608 1401.128 1400.649 1400.342 1400.259 1400.176 1400.093 1400.01 1400.681 1401.45 1402.22 1402.99 1405.046 1409.672 1414.299 1418.926 1423.553 1427.882 1432.128 1436.374 1440.62 1444.392 1446.594 1448.796 1450.998 1453.2 1452.604 1450.699 1448.794 1446.89 1444.656 1440.232 1435.807 1431.383 1426.959 1422.348 1417.603 1412.857 1408.111 1403.49 1403.01 1402.531 1402.051 1401.572 1403.026 1406.59 1410.155 1413.719 1417.283 1427.364 1437.954 1448.545 1459.135 1468.246 1474.91 1481.575 1488.239 1494.904
1409.546 1407.057 1404.569 1402.08 1401.779 1401.51 1401.24 1400.971 1400.741 1400.561 1400.381 1400.201 1400.021 1400.795 1401.694 1402.594 1403.493 1405.811 1410.966 1416.121 1421.276 1426.431 1431.14 1435.726 1440.312 1444.897 1448.932 1451.139 1453.346 1455.554 1457.761 1457.109 1455.117 1453.126 1451.135 1448.789 1444.073 1439.358 1434.642 1429.927 1424.907 1419.665 1414.423 1409.182 1404.084 1403.815 1403.546 1403.277 1403.007 1404.394 1407.586 1410.778 1413.971 1417.163 1426.707 1436.747 1446.788 1456.828 1465.822 1473.084 1480.347 1487.61 1494.873
1406.528 1404.87 1403.211 1401.553 1401.471 1401.412 1401.353 1401.294 1401.14 1400.863 1400.586 1400.309 1400.032 1400.909 1401.938 1402.967 1403.995 1406.575 1412.259 1417.942 1423.626 1429.309 1434.399 1439.324 1444.25 1449.175 1453.471 1455.684 1457.897 1460.11 1462.322 1461.613 1459.536 1457.458 1455.381 1452.921 1447.915 1442.908 1437.902 1432.895 1427.465 1421.727 1415.99 1410.252 1404.679 1404.62 1404.561 1404.502 1404.443 1405.761 1408.582 1411.402 1414.222 1417.042 1426.05 1435.54 1445.03 1454.521 1463.397 1471.259 1479.12 1486.981 1494.843
1403.51 1402.682 1401.854 1401.026 1401.163 1401.314 1401.465 1401.617 1401.54 1401.166 1400.792 1400.417 1400.043 1401.024 1402.182 1403.34 1404.498 1407.34 1413.552 1419.764 1425.975 1432.187 1437.658 1442.923 1448.188 1453.453 1458.011 1460.229 1462.448 1464.666 1466.884 1466.117 1463.954 1461.79 1459.626 1457.054 1451.756 1446.459 1441.161 1435.863 1430.023 1423.79 1417.556 1411.323 1405.274 1405.425 1405.577 1405.728 1405.879 1407.129 1409.577 1412.026 1414.474 1416.922 1425.392 1434.333 1443.273 1452.214 1460.973 1469.433 1477.893 1486.352 1494.812
1401.734 1401.658 1401.583 1401.508 1401.851 1402.2 1402.549 1402.899 1402.825 1402.203 1401.581 1400.958 1400.336 1401.346 1402.57 1403.794 1405.019 1408.089 1414.854 1421.619 1428.383 1435.148 1441.006 1446.612 1452.219 1457.825 1462.637 1464.819 1467.0 1469.181 1471.363 1470.515 1468.249 1465.983 1463.718 1461.013 1455.378 1449.744 1444.109 1438.475 1432.244 1425.581 1418.919 1412.256 1405.798 1406.195 1406.591 1406.988 1407.385 1408.748 1411.168 1413.587 1416.006 1418.425 1426.448 1434.909 1443.37 1451.831 1460.359 1468.999 1477.639 1486.279 1494.918
1402.522 1403.04 1403.557 1404.075 1404.597 1405.119 1405.641 1406.162 1405.943 1404.76 1403.577 1402.394 1401.211 1402.099 1403.258 1404.417 1405.577 1408.806 1416.174 1423.543 1430.911 1438.28 1444.539 1450.491 1456.442 1462.394 1467.442 1469.499 1471.557 1473.614 1475.671 1474.692 1472.292 1469.891 1467.491 1464.612 1458.546 1452.48 1446.415 1440.349 1433.768 1426.814 1419.861 1412.907 1406.175 1406.89 1407.605 1408.319 1409.034 1410.889 1413.987 1417.086 1420.184 1423.282 1431.045 1439.172 1447.298 1455.425 1463.487 1471.442 1479.397 1487.352 1495.307
