data/zism_data/00952_04_D.txt
ncols         224
nrows         224
[rows 0 to 27 of 224, columns 63 to 125 of 224]
1150.0 1150.0 1150.0 1150.0 1150.0 1150.0 1150.0 1150.0 1150.0 1150.0 1150.0 1149.926 1149.803 1149.68 1149.558 1149.438 1149.406 1149.374 1149.342 1149.31 1149.206 1149.019 1148.832 1148.645 1148.459 1148.17 1147.869 1147.568 1147.268 1146.933 1146.527 1146.121 1145.716 1145.31 1144.849 1144.37 1143.892 1143.413 1142.952 1142.566 1142.18 1141.794 1141.408 1141.093 1140.823 1140.552 1140.282 1140.022 1139.958 1139.894 1139.83 1139.766 1139.557 1139.192 1138.827 1138.463 1138.098 1137.8 1137.508 1137.216 1136.924 1136.657 1136.438
1150.0 1150.0 1150.0 1150.0 1150.0 1150.0 1150.0 1150.0 1150.0 1150.0 1150.0 1149.955 1149.88 1149.806 1149.731 1149.657 1149.609 1149.561 1149.513 1149.465 1149.36 1149.189 1149.018 1148.847 1148.677 1148.418 1148.15 1147.881 1147.612 1147.304 1146.914 1146.525 1146.135 1145.746 1145.301 1144.838 1144.375 1143.913 1143.463 1143.066 1142.669 1142.272 1141.876 1141.564 1141.304 1141.044 1140.785 1140.533 1140.437 1140.341 1140.245 1140.149 1139.923 1139.558 1139.193 1138.829 1138.464 1138.166 1137.874 1137.582 1137.29 1137.024 1136.805
1150.0 1150.0 1150.0 1150.0 1150.0 1150.0 1150.0 1150.0 1150.0 1150.0 1150.0 1149.984 1149.958 1149.931 1149.905 1149.877 1149.813 1149.748 1149.684 1149.62 1149.514 1149.359 1149.204 1149.05 1148.895 1148.667 1148.43 1148.194 1147.957 1147.676 1147.302 1146.928 1146.555 1146.181 1145.752 1145.306 1144.859 1144.413 1143.974 1143.566 1143.159 1142.751 1142.344 1142.034 1141.785 1141.536 1141.287 1141.044 1140.916 1140.788 1140.66 1140.531 1140.289 1139.924 1139.56 1139.195 1138.83 1138.532 1138.24 1137.948 1137.657 1137.39 1137.171
1150.0 1150.0 1150.0 1150.0 1150.0 1150.0 1150.0 1150.0 1150.0 1150.0 1150.0 1150.0 1150.0 1150.0 1150.0 1149.998 1149.932 1149.866 1149.8 1149.735 1149.638 1149.507 1149.375 1149.244 1149.112 1148.904 1148.688 1148.471 1148.255 1147.994 1147.641 1147.288 1146.936 1146.583 1146.171 1145.741 1145.31 1144.88 1144.453 1144.045 1143.636 1143.228 1142.819 1142.505 1142.25 1141.995 1141.74 1141.49 1141.337 1141.184 1141.031 1140.878 1140.626 1140.268 1139.911 1139.553 1139.196 1138.896 1138.602 1138.308 1138.013 1137.746 1137.53
1150.0 1150.0 1150.0 1150.0 1150.0 1150.0 1150.0 1150.0 1150.0 1150.0 1150.0 1150.0 1150.0 1150.0 1150.0 1149.998 1149.948 1149.899 1149.849 1149.799 1149.726 1149.627 1149.527 1149.428 1149.329 1149.129 1148.918 1148.707 1148.496 1148.247 1147.921 1147.595 1147.269 1146.943 1146.549 1146.135 1145.721 1145.306 1144.895 1144.497 1144.099 1143.701 1143.303 1142.977 1142.695 1142.413 1142.132 1141.855 1141.686 1141.517 1141.348 1141.179 1140.927 1140.585 1140.244 1139.902 1139.561 1139.257 1138.958 1138.658 1138.359 1138.09 1137.879
1150.0 1150.0 1150.0 1150.0 1150.0 1150.0 1150.0 1150.0 1150.0 1150.0 1150.0 1150.0 1150.0 1150.0 1150.0 1149.999 1149.965 1149.931 1149.898 1149.864 1149.815 1149.747 1149.68 1149.612 1149.545 1149.354 1149.148 1148.942 1148.736 1148.5 1148.2 1147.901 1147.602 1147.302 1146.928 1146.529 1146.131 1145.733 1145.336 1144.949 1144.562 1144.175 1143.787 1143.449 1143.14 1142.832 1142.523 1142.221 1142.036 1141.851 1141.665 1141.48 1141.227 1140.902 1140.577 1140.251 1139.926 1139.619 1139.314 1139.009 1138.704 1138.433 1138.228
1150.0 1150.0 1150.0 1150.0 1150.0 1150.0 1150.0 1150.0 1150.0 1150.0 1150.0 1150.0 1150.0 1150.0 1150.0 1149.999 1149.982 1149.964 1149.946 1149.929 1149.903 1149.868 1149.832 1149.797 1149.762 1149.578 1149.378 1149.177 1148.977 1148.753 1148.48 1148.207 1147.935 1147.662 1147.306 1146.924 1146.542 1146.159 1145.778 1145.401 1145.025 1144.648 1144.272 1143.921 1143.585 1143.25 1142.915 1142.586 1142.385 1142.184 1141.983 1141.781 1141.528 1141.219 1140.909 1140.6 1140.29 1139.98 1139.67 1139.36 1139.049 1138.777 1138.577
1150.0 1150.0 1150.0 1150.0 1150.0 1150.0 1150.0 1150.0 1150.0 1150.0 1150.0 1150.0 1150.0 1150.0 1150.0 1150.0 1149.998 1149.997 1149.995 1149.993 1149.991 1149.988 1149.984 1149.981 1149.978 1149.803 1149.607 1149.412 1149.217 1149.006 1148.76 1148.514 1148.268 1148.022 1147.685 1147.318 1146.952 1146.586 1146.219 1145.854 1145.488 1145.122 1144.756 1144.393 1144.031 1143.668 1143.306 1142.952 1142.734 1142.517 1142.3 1142.083 1141.829 1141.536 1141.242 1140.949 1140.655 1140.342 1140.026 1139.71 1139.395 1139.121 1138.926
1150.0 1150.0 1150.0 1150.0 1150.0 1150.0 1150.0 1150.0 1150.0 1150.0 1150.0 1150.0 1150.0 1150.0 1150.0 1150.0 1150.0 1150.0 1150.0 1150.0 1150.0 1150.0 1150.0 1150.0 1150.0 1149.86 1149.704 1149.548 1149.391 1149.208 1148.97 1148.732 1148.493 1148.255 1147.942 1147.606 1147.271 1146.935 1146.593 1146.229 1145.864 1145.499 1145.134 1144.77 1144.405 1144.04 1143.675 1143.316 1143.069 1142.821 1142.573 1142.326 1142.05 1141.744 1141.438 1141.131 1140.825 1140.541 1140.258 1139.975 1139.693 1139.429 1139.201
1150.0 1150.0 1150.0 1150.0 1150.0 1150.0 1150.0 1150.0 1150.0 1150.0 1150.0 1150.0 1150.0 1150.0 1150.0 1150.0 1150.0 1150.0 1150.0 1150.0 1150.0 1150.0 1150.0 1150.0 1150.0 1149.898 1149.785 1149.672 1149.558 1149.405 1149.172 1148.939 1148.706 1148.473 1148.187 1147.883 1147.579 1147.275 1146.959 1146.595 1146.23 1145.865 1145.5 1145.136 1144.771 1144.406 1144.041 1143.681 1143.401 1143.122 1142.842 1142.562 1142.262 1141.94 1141.618 1141.295 1140.973 1140.721 1140.476 1140.231 1139.986 1139.734 1139.468
1150.0 1150.0 1150.0 1150.0 1150.0 1150.0 1150.0 1150.0 1150.0 1150.0 1150.0 1150.0 1150.0 1150.0 1150.0 1150.0 1150.0 1150.0 1150.0 1150.0 1150.0 1150.0 1150.0 1150.0 1150.0 1149.937 1149.866 1149.795 1149.725 1149.603 1149.375 1149.147 1148.919 1148.692 1148.431 1148.159 1147.887 1147.615 1147.326 1146.961 1146.596 1146.231 1145.867 1145.502 1145.137 1144.772 1144.408 1144.046 1143.734 1143.422 1143.11 1142.798 1142.474 1142.136 1141.797 1141.459 1141.121 1140.902 1140.694 1140.486 1140.279 1140.038 1139.735
1150.0 1150.0 1150.0 1150.0 1150.0 1150.0 1150.0 1150.0 1150.0 1150.0 1150.0 1150.0 1150.0 1150.0 1150.0 1150.0 1150.0 1150.0 1150.0 1150.0 1150.0 1150.0 1150.0 1150.0 1150.0 1149.975 1149.947 1149.919 1149.891 1149.8 1149.577 1149.355 1149.133 1148.91 1148.675 1148.435 1148.195 1147.955 1147.692 1147.327 1146.962 1146.598 1146.233 1145.868 1145.503 1145.139 1144.774 1144.41 1144.066 1143.723 1143.379 1143.035 1142.686 1142.332 1141.977 1141.623 1141.269 1141.082 1140.912 1140.742 1140.572 1140.343 1140.003
1150.0 1150.0 1150.0 1150.0 1150.0 1150.0 1150.0 1150.0 1150.0 1150.0 1150.0 1150.0 1150.0 1150.0 1150.0 1150.0 1150.0 1150.0 1150.0 1150.0 1150.0 1150.0 1150.0 1150.0 1150.0 1150.0 1150.0 1150.0 1150.0 1149.931 1149.719 1149.508 1149.296 1149.085 1148.871 1148.656 1148.44 1148.225 1147.982 1147.617 1147.252 1146.887 1146.523 1146.158 1145.793 1145.428 1145.064 1144.698 1144.323 1143.947 1143.571 1143.195 1142.831 1142.482 1142.132 1141.782 1141.432 1141.258 1141.101 1140.944 1140.787 1140.567 1140.226
1150.0 1150.0 1150.0 1150.0 1150.0 1150.0 1150.0 1150.0 1150.0 1150.0 1150.0 1150.0 1150.0 1150.0 1150.0 1150.0 1150.0 1150.0 1150.0 1150.0 1150.0 1150.0 1150.0 1150.0 1150.0 1150.0 1150.0 1150.0 1150.0 1149.938 1149.748 1149.557 1149.367 1149.177 1148.976 1148.772 1148.568 1148.363 1148.128 1147.763 1147.399 1147.034 1146.669 1146.304 1145.94 1145.575 1145.21 1144.843 1144.435 1144.027 1143.619 1143.211 1142.852 1142.545 1142.238 1141.931 1141.624 1141.424 1141.235 1141.046 1140.857 1140.639 1140.368
1150.0 1150.0 1150.0 1150.0 1150.0 1150.0 1150.0 1150.0 1150.0 1150.0 1150.0 1150.0 1150.0 1150.0 1150.0 1150.0 1150.0 1150.0 1150.0 1150.0 1150.0 1150.0 1150.0 1150.0 1150.0 1150.0 1150.0 1150.0 1150.0 1149.945 1149.776 1149.607 1149.439 1149.27 1149.082 1148.888 1148.695 1148.501 1148.275 1147.91 1147.545 1147.181 1146.816 1146.451 1146.086 1145.721 1145.357 1144.988 1144.548 1144.108 1143.668 1143.228 1142.873 1142.608 1142.344 1142.079 1141.815 1141.59 1141.369 1141.148 1140.927 1140.712 1140.51
1150.0 1150.0 1150.0 1150.0 1150.0 1150.0 1150.0 1150.0 1150.0 1150.0 1150.0 1150.0 1150.0 1150.0 1150.0 1150.0 1150.0 1150.0 1150.0 1150.0 1150.0 1150.0 1150.0 1150.0 1150.0 1150.0 1150.0 1150.0 1150.0 1149.952 1149.804 1149.657 1149.51 1149.362 1149.188 1149.005 1148.822 1148.639 1148.421 1148.056 1147.692 1147.327 1146.962 1146.598 1146.233 1145.868 1145.503 1145.133 1144.661 1144.189 1143.717 1143.245 1142.893 1142.672 1142.45 1142.228 1142.007 1141.756 1141.503 1141.25 1140.997 1140.785 1140.653
1150.0 1150.0 1150.0 1150.0 1150.0 1150.0 1150.0 1150.0 1150.0 1150.0 1150.0 1150.0 1150.0 1150.0 1150.0 1150.0 1150.0 1150.0 1150.0 1150.0 1150.0 1150.0 1150.0 1150.0 1150.0 1150.0 1150.0 1150.0 1150.0 1149.959 1149.833 1149.707 1149.581 1149.455 1149.294 1149.121 1148.949 1148.777 1148.568 1148.203 1147.838 1147.474 1147.109 1146.744 1146.379 1146.014 1145.65 1145.278 1144.774 1144.27 1143.765 1143.261 1142.914 1142.735 1142.556 1142.377 1142.198 1141.922 1141.637 1141.352 1141.066 1140.857 1140.795
1150.0 1150.0 1150.0 1150.0 1150.0 1150.0 1150.0 1150.0 1150.0 1150.0 1150.0 1150.0 1150.0 1150.0 1150.0 1150.0 1150.0 1150.0 1150.0 1150.0 1150.0 1150.0 1150.0 1150.0 1150.0 1150.0 1150.0 1150.0 1150.0 1149.963 1149.85 1149.737 1149.624 1149.511 1149.348 1149.169 1148.99 1148.811 1148.593 1148.202 1147.812 1147.422 1147.031 1146.657 1146.292 1145.927 1145.563 1145.192 1144.707 1144.222 1143.736 1143.251 1142.92 1142.754 1142.588 1142.422 1142.256 1142.01 1141.757 1141.504 1141.25 1141.07 1141.03
1150.0 1150.0 1150.0 1150.0 1150.0 1150.0 1150.0 1150.0 1150.0 1150.0 1150.0 1150.0 1150.0 1150.0 1150.0 1150.0 1150.0 1150.0 1150.0 1150.0 1150.0 1150.0 1150.0 1150.0 1150.0 1150.0 1150.0 1150.0 1150.0 1149.966 1149.864 1149.762 1149.659 1149.557 1149.388 1149.199 1149.01 1148.82 1148.586 1148.164 1147.742 1147.319 1146.897 1146.51 1146.146 1145.781 1145.416 1145.047 1144.594 1144.141 1143.688 1143.235 1142.923 1142.762 1142.601 1142.441 1142.28 1142.079 1141.873 1141.668 1141.463 1141.318 1141.288
1150.0 1150.0 1150.0 1150.0 1150.0 1150.0 1150.0 1150.0 1150.0 1150.0 1150.0 1150.0 1150.0 1150.0 1150.0 1150.0 1150.0 1150.0 1150.0 1150.0 1150.0 1150.0 1150.0 1150.0 1150.0 1150.0 1150.0 1150.0 1150.0 1149.97 1149.878 1149.786 1149.695 1149.603 1149.429 1149.229 1149.029 1148.829 1148.58 1148.126 1147.672 1147.217 1146.763 1146.364 1145.999 1145.634 1145.27 1144.902 1144.481 1144.06 1143.639 1143.218 1142.925 1142.77 1142.615 1142.459 1142.304 1142.147 1141.99 1141.833 1141.675 1141.565 1141.547
1150.0 1150.0 1150.0 1150.0 1150.0 1150.0 1150.0 1150.0 1150.0 1150.0 1150.0 1150.0 1150.0 1150.0 1150.0 1150.0 1150.0 1150.0 1150.0 1150.0 1150.0 1150.0 1150.0 1150.0 1150.0 1150.0 1150.0 1150.0 1150.0 1149.973 1149.892 1149.811 1149.73 1149.649 1149.47 1149.259 1149.048 1148.837 1148.574 1148.088 1147.601 1147.115 1146.628 1146.217 1145.853 1145.488 1145.123 1144.757 1144.368 1143.979 1143.59 1143.202 1142.928 1142.778 1142.628 1142.478 1142.328 1142.215 1142.106 1141.997 1141.888 1141.813 1141.805
1150.0 1150.0 1150.0 1150.0 1150.0 1150.0 1150.0 1150.0 1150.0 1150.0 1150.0 1150.0 1150.0 1150.0 1150.0 1150.0 1150.0 1150.0 1150.0 1150.0 1149.995 1149.983 1149.971 1149.959 1149.947 1149.946 1149.946 1149.946 1149.946 1149.922 1149.849 1149.776 1149.703 1149.63 1149.44 1149.214 1148.987 1148.76 1148.481 1147.978 1147.475 1146.973 1146.47 1146.048 1145.675 1145.303 1144.93 1144.558 1144.201 1143.844 1143.488 1143.131 1142.879 1142.741 1142.603 1142.465 1142.327 1142.263 1142.206 1142.149 1142.092 1142.054 1142.054
1150.0 1150.0 1150.0 1150.0 1150.0 1150.0 1150.0 1150.0 1150.0 1150.0 1150.0 1150.0 1150.0 1150.0 1150.0 1150.0 1150.0 1150.0 1150.0 1150.0 1149.972 1149.912 1149.852 1149.792 1149.732 1149.726 1149.726 1149.726 1149.726 1149.702 1149.629 1149.556 1149.483 1149.41 1149.196 1148.938 1148.679 1148.42 1148.121 1147.65 1147.179 1146.709 1146.238 1145.808 1145.404 1144.999 1144.594 1144.194 1143.869 1143.544 1143.219 1142.894 1142.675 1142.569 1142.463 1142.357 1142.251 1142.248 1142.255 1142.262 1142.269 1142.274 1142.274
1150.0 1150.0 1150.0 1150.0 1150.0 1150.0 1150.0 1150.0 1150.0 1150.0 1150.0 1150.0 1150.0 1150.0 1150.0 1150.0 1150.0 1150.0 1150.0 1150.0 1149.95 1149.842 1149.734 1149.625 1149.517 1149.506 1149.506 1149.506 1149.506 1149.482 1149.409 1149.337 1149.264 1149.191 1148.952 1148.661 1148.37 1148.08 1147.761 1147.322 1146.883 1146.445 1146.006 1145.569 1145.132 1144.695 1144.258 1143.829 1143.536 1143.244 1142.951 1142.658 1142.471 1142.397 1142.323 1142.249 1142.175 1142.234 1142.305 1142.376 1142.447 1142.494 1142.494
1150.0 1150.0 1150.0 1150.0 1150.0 1150.0 1150.0 1150.0 1150.0 1150.0 1150.0 1150.0 1150.0 1150.0 1150.0 1150.0 1150.0 1150.0 1150.0 1150.0 1149.927 1149.771 1149.615 1149.459 1149.303 1149.287 1149.287 1149.287 1149.287 1149.263 1149.19 1149.117 1149.044 1148.971 1148.708 1148.385 1148.062 1147.739 1147.401 1146.994 1146.587 1146.181 1145.774 1145.329 1144.86 1144.391 1143.923 1143.464 1143.204 1142.943 1142.682 1142.422 1142.266 1142.225 1142.183 1142.141 1142.099 1142.219 1142.354 1142.489 1142.625 1142.713 1142.713
1150.0 1150.0 1150.0 1150.0 1150.0 1150.0 1150.0 1150.0 1150.0 1150.0 1150.0 1150.0 1150.0 1150.0 1150.0 1150.0 1150.0 1150.0 1150.0 1150.0 1149.905 1149.7 1149.496 1149.292 1149.088 1149.067 1149.067 1149.067 1149.067 1149.043 1148.97 1148.897 1148.824 1148.751 1148.464 1148.109 1147.754 1147.399 1147.04 1146.666 1146.291 1145.917 1145.542 1145.089 1144.589 1144.088 1143.587 1143.1 1142.871 1142.643 1142.414 1142.185 1142.062 1142.052 1142.043 1142.033 1142.023 1142.204 1142.404 1142.603 1142.802 1142.933 1142.933
1150.0 1150.0 1150.0 1150.0 1150.0 1150.0 1150.0 1150.0 1150.0 1150.0 1150.0 1150.0 1150.0 1150.0 1150.0 1150.0 1150.0 1150.0 1150.0 1150.0 1149.898 1149.679 1149.46 1149.241 1149.022 1148.947 1148.887 1148.828 1148.768 1148.68 1148.533 1148.385 1148.238 1148.091 1147.804 1147.472 1147.141 1146.81 1146.475 1146.125 1145.775 1145.425 1145.076 1144.644 1144.163 1143.682 1143.202 1142.736 1142.55 1142.365 1142.18 1141.994 1141.916 1141.953 1141.99 1142.027 1142.065 1142.261 1142.472 1142.684 1142.895 1143.043 1143.069
1150.0 1150.0 1150.0 1150.0 1150.0 1150.0 1150.0 1150.0 1150.0 1150.0 1150.0 1150.0 1150.0 1150.0 1150.0 1150.0 1150.0 1150.0 1150.0 1150.0 1149.898 1149.679 1149.46 1149.241 1149.022 1148.87 1148.725 1148.58 1148.435 1148.254 1148.0 1147.746 1147.492 1147.237 1146.961 1146.678 1146.395 1146.112 1145.82 1145.491 1145.163 1144.834 1144.506 1144.109 1143.671 1143.233 1142.795 1142.372 1142.235 1142.097 1141.96 1141.823 1141.795 1141.886 1141.976 1142.067 1142.158 1142.349 1142.549 1142.75 1142.951 1143.105 1143.168
