data/zism_data/00952_01_D.txt
ncols         224
nrows         224
[rows 29 to 57 of 224, columns 0 to 65 of 224]
1134.567 1131.452 1128.338 1125.224 1122.11 1119.969 1118.441 1116.914 1115.387 1113.904 1113.373 1112.842 1112.312 1111.781 1111.081 1110.194 1109.307 1108.42 1107.533 1106.568 1105.595 1104.621 1103.648 1102.816 1102.265 1101.714 1101.163 1100.612 1100.424 1100.346 1100.269 1100.191 1100.123 1100.095 1100.067 1100.039 1100.01 1099.876 1099.678 1099.48 1099.283 1099.095 1099.074 1099.053 1099.032 1099.011 1099.0 1099.0 1099.0 1099.0 1099.0 1099.0 1099.0 1099.0 1099.0 1099.0 1099.0 1099.0 1099.0 1099.0 1099.0 1099.0 1099.0 1099.0 1099.0 1099.0
1132.426 1129.221 1126.016 1122.811 1119.605 1117.495 1116.074 1114.654 1113.234 1111.859 1111.473 1111.086 1110.7 1110.313 1109.72 1108.897 1108.074 1107.251 1106.428 1105.503 1104.567 1103.631 1102.695 1101.93 1101.501 1101.073 1100.645 1100.217 1100.102 1100.084 1100.065 1100.046 1100.03 1100.023 1100.016 1100.009 1100.003 1099.866 1099.652 1099.438 1099.225 1099.023 1099.018 1099.013 1099.008 1099.003 1099.0 1099.0 1099.0 1099.0 1099.0 1099.0 1099.0 1099.0 1099.0 1099.0 1099.0 1099.0 1099.0 1099.0 1099.0 1099.0 1099.0 1099.0 1099.0 1099.0
1128.443 1125.442 1122.441 1119.439 1116.438 1114.535 1113.323 1112.112 1110.9 1109.732 1109.497 1109.262 1109.027 1108.792 1108.324 1107.598 1106.872 1106.146 1105.42 1104.591 1103.75 1102.91 1102.07 1101.401 1101.07 1100.739 1100.408 1100.077 1100.0 1100.0 1100.0 1100.0 1100.0 1100.0 1100.0 1100.0 1100.0 1099.863 1099.644 1099.425 1099.206 1099.0 1099.0 1099.0 1099.0 1099.0 1099.0 1099.0 1099.0 1099.0 1099.0 1099.0 1099.0 1099.0 1099.0 1099.0 1099.0 1099.0 1099.0 1099.0 1099.0 1099.0 1099.0 1099.0 1099.0 1099.0
1123.598 1120.938 1118.279 1115.62 1112.961 1111.347 1110.392 1109.437 1108.482 1107.565 1107.486 1107.406 1107.326 1107.246 1106.913 1106.299 1105.685 1105.071 1104.458 1103.75 1103.032 1102.315 1101.598 1101.039 1100.793 1100.548 1100.303 1100.057 1100.0 1100.0 1100.0 1100.0 1100.0 1100.0 1100.0 1100.0 1100.0 1099.863 1099.644 1099.425 1099.206 1099.0 1099.0 1099.0 1099.0 1099.0 1099.0 1099.0 1099.0 1099.0 1099.0 1099.0 1099.0 1099.0 1099.0 1099.0 1099.0 1099.0 1099.0 1099.0 1099.0 1099.0 1099.0 1099.0 1099.0 1099.0
1118.752 1116.435 1114.118 1111.801 1109.484 1108.159 1107.461 1106.762 1106.064 1105.399 1105.474 1105.549 1105.624 1105.699 1105.501 1104.999 1104.498 1103.996 1103.495 1102.909 1102.314 1101.72 1101.125 1100.677 1100.517 1100.357 1100.197 1100.037 1100.0 1100.0 1100.0 1100.0 1100.0 1100.0 1100.0 1100.0 1100.0 1099.863 1099.644 1099.425 1099.206 1099.0 1099.0 1099.0 1099.0 1099.0 1099.0 1099.0 1099.0 1099.0 1099.0 1099.0 1099.0 1099.0 1099.0 1099.0 1099.0 1099.0 1099.0 1099.0 1099.0 1099.0 1099.0 1099.0 1099.0 1099.0
1113.907 1111.932 1109.957 1107.982 1106.006 1104.971 1104.529 1104.087 1103.646 1103.233 1103.463 1103.693 1103.923 1104.153 1104.089 1103.7 1103.31 1102.921 1102.532 1102.068 1101.596 1101.125 1100.653 1100.315 1100.24 1100.166 1100.092 1100.017 1100.0 1100.0 1100.0 1100.0 1100.0 1100.0 1100.0 1100.0 1100.0 1099.863 1099.644 1099.425 1099.206 1099.0 1099.0 1099.0 1099.0 1099.0 1099.0 1099.0 1099.0 1099.0 1099.0 1099.0 1099.0 1099.0 1099.0 1099.0 1099.0 1099.0 1099.0 1099.0 1099.0 1099.0 1099.0 1099.0 1099.0 1099.0
1109.425 1107.793 1106.161 1104.53 1102.898 1102.136 1101.924 1101.711 1101.498 1101.311 1101.665 1102.019 1102.374 1102.728 1102.78 1102.496 1102.213 1101.929 1101.646 1101.298 1100.944 1100.59 1100.235 1100.0 1100.0 1100.0 1100.0 1100.0 1100.0 1100.0 1100.0 1100.0 1100.0 1100.0 1100.0 1100.0 1100.0 1099.863 1099.644 1099.425 1099.206 1099.0 1099.0 1099.0 1099.0 1099.0 1099.0 1099.0 1099.0 1099.0 1099.0 1099.0 1099.0 1099.0 1099.0 1099.0 1099.0 1099.0 1099.0 1099.0 1099.0 1099.0 1099.0 1099.0 1099.0 1099.0
1107.365 1106.086 1104.807 1103.528 1102.249 1101.653 1101.488 1101.324 1101.159 1101.014 1101.288 1101.562 1101.837 1102.111 1102.151 1101.931 1101.712 1101.493 1101.274 1101.005 1100.73 1100.456 1100.182 1100.0 1100.0 1100.0 1100.0 1100.0 1100.0 1100.0 1100.0 1100.0 1100.0 1100.0 1100.0 1100.0 1100.0 1099.863 1099.644 1099.425 1099.206 1099.0 1099.0 1099.0 1099.0 1099.0 1099.0 1099.0 1099.0 1099.0 1099.0 1099.0 1099.0 1099.0 1099.0 1099.0 1099.0 1099.0 1099.0 1099.0 1099.0 1099.0 1099.0 1099.0 1099.0 1099.0
1105.305 1104.379 1103.452 1102.526 1101.599 1101.17 1101.053 1100.937 1100.82 1100.718 1100.912 1101.106 1101.3 1101.494 1101.522 1101.367 1101.212 1101.056 1100.901 1100.711 1100.517 1100.323 1100.129 1100.0 1100.0 1100.0 1100.0 1100.0 1100.0 1100.0 1100.0 1100.0 1100.0 1100.0 1100.0 1100.0 1100.0 1099.863 1099.644 1099.425 1099.206 1099.0 1099.0 1099.0 1099.0 1099.0 1099.0 1099.0 1099.0 1099.0 1099.0 1099.0 1099.0 1099.0 1099.0 1099.0 1099.0 1099.0 1099.0 1099.0 1099.0 1099.0 1099.0 1099.0 1099.0 1099.0
1103.246 1102.672 1102.098 1101.524 1100.95 1100.686 1100.618 1100.55 1100.481 1100.421 1100.535 1100.649 1100.763 1100.876 1100.893 1100.802 1100.711 1100.62 1100.529 1100.417 1100.303 1100.189 1100.076 1100.0 1100.0 1100.0 1100.0 1100.0 1100.0 1100.0 1100.0 1100.0 1100.0 1100.0 1100.0 1100.0 1100.0 1099.863 1099.644 1099.425 1099.206 1099.0 1099.0 1099.0 1099.0 1099.0 1099.0 1099.0 1099.0 1099.0 1099.0 1099.0 1099.0 1099.0 1099.0 1099.0 1099.0 1099.0 1099.0 1099.0 1099.0 1099.0 1099.0 1099.0 1099.0 1099.0
1101.186 1100.965 1100.743 1100.522 1100.301 1100.203 1100.183 1100.163 1100.142 1100.125 1100.158 1100.192 1100.226 1100.259 1100.264 1100.237 1100.21 1100.183 1100.156 1100.123 1100.09 1100.056 1100.022 1100.0 1100.0 1100.0 1100.0 1100.0 1100.0 1100.0 1100.0 1100.0 1100.0 1100.0 1100.0 1100.0 1100.0 1099.863 1099.644 1099.425 1099.206 1099.0 1099.0 1099.0 1099.0 1099.0 1099.0 1099.0 1099.0 1099.0 1099.0 1099.0 1099.0 1099.0 1099.0 1099.0 1099.0 1099.0 1099.0 1099.0 1099.0 1099.0 1099.0 1099.0 1099.0 1099.0
1100.279 1100.216 1100.152 1100.088 1100.025 1100.0 1100.0 1100.0 1100.0 1100.0 1100.0 1100.0 1100.0 1100.0 1100.0 1100.0 1100.0 1100.0 1100.0 1100.0 1100.0 1100.0 1100.0 1100.0 1100.0 1100.0 1100.0 1100.0 1100.0 1100.0 1100.0 1100.0 1100.0 1100.0 1100.0 1100.0 1100.0 1099.863 1099.644 1099.425 1099.206 1099.0 1099.0 1099.0 1099.0 1099.0 1099.0 1099.0 1099.0 1099.0 1099.0 1099.0 1099.0 1099.0 1099.0 1099.0 1099.0 1099.0 1099.0 1099.0 1099.002 1099.005 1099.009 1099.012 1099.019 1099.044
1100.209 1100.161 1100.114 1100.066 1100.018 1100.0 1100.0 1100.0 1100.0 1100.0 1100.0 1100.0 1100.0 1100.0 1100.0 1100.0 1100.0 1100.0 1100.0 1100.0 1100.0 1100.0 1100.0 1100.0 1100.0 1100.0 1100.0 1100.0 1100.0 1100.0 1100.0 1100.0 1100.0 1100.0 1100.0 1100.0 1100.0 1099.863 1099.644 1099.425 1099.206 1099.0 1099.0 1099.0 1099.0 1099.0 1099.0 1099.0 1099.0 1099.0 1099.0 1099.0 1099.0 1099.0 1099.0 1099.0 1099.0 1099.0 1099.0 1099.0 1099.007 1099.015 1099.023 1099.032 1099.053 1099.12
1100.139 1100.107 1100.075 1100.044 1100.012 1100.0 1100.0 1100.0 1100.0 1100.0 1100.0 1100.0 1100.0 1100.0 1100.0 1100.0 1100.0 1100.0 1100.0 1100.0 1100.0 1100.0 1100.0 1100.0 1100.0 1100.0 1100.0 1100.0 1100.0 1100.0 1100.0 1100.0 1100.0 1100.0 1100.0 1100.0 1100.0 1099.863 1099.644 1099.425 1099.206 1099.0 1099.0 1099.0 1099.0 1099.0 1099.0 1099.0 1099.0 1099.0 1099.0 1099.0 1099.0 1099.0 1099.0 1099.0 1099.0 1099.0 1099.0 1099.0 1099.011 1099.025 1099.038 1099.052 1099.086 1099.197
1100.068 1100.053 1100.037 1100.022 1100.006 1100.0 1100.0 1100.0 1100.0 1100.0 1100.0 1100.0 1100.0 1100.0 1100.0 1100.0 1100.0 1100.0 1100.0 1100.0 1100.0 1100.0 1100.0 1100.0 1100.0 1100.0 1100.0 1100.0 1100.0 1100.0 1100.0 1100.0 1100.0 1100.0 1100.0 1100.0 1100.0 1099.863 1099.644 1099.425 1099.206 1099.0 1099.0 1099.0 1099.0 1099.0 1099.0 1099.0 1099.0 1099.0 1099.0 1099.0 1099.0 1099.0 1099.0 1099.0 1099.0 1099.0 1099.0 1099.0 1099.015 1099.034 1099.053 1099.072 1099.12 1099.273
1100.0 1100.0 1100.0 1100.0 1100.0 1100.0 1100.0 1100.0 1100.0 1100.0 1100.0 1100.0 1100.0 1100.0 1100.0 1100.0 1100.0 1100.0 1100.0 1100.0 1100.0 1100.0 1100.0 1100.0 1100.0 1100.0 1100.0 1100.0 1100.0 1100.0 1100.0 1100.0 1100.0 1100.0 1100.0 1100.0 1100.0 1099.863 1099.644 1099.425 1099.206 1099.0 1099.0 1099.0 1099.0 1099.0 1099.0 1099.0 1099.0 1099.0 1099.0 1099.0 1099.0 1099.0 1099.0 1099.0 1099.001 1099.002 1099.003 1099.004 1099.023 1099.048 1099.073 1099.097 1099.158 1099.351
1100.0 1100.0 1100.0 1100.0 1100.0 1100.0 1100.0 1100.0 1100.0 1100.0 1100.0 1100.0 1100.0 1100.0 1100.0 1100.0 1100.0 1100.0 1100.0 1100.0 1100.0 1100.0 1100.0 1100.0 1100.0 1100.0 1100.0 1100.0 1100.0 1100.0 1100.0 1100.0 1100.0 1100.0 1100.0 1100.0 1100.0 1099.863 1099.644 1099.425 1099.206 1099.0 1099.0 1099.0 1099.0 1099.0 1099.0 1099.0 1099.0 1099.0 1099.0 1099.0 1099.0 1099.0 1099.0 1099.012 1099.045 1099.078 1099.11 1099.144 1099.178 1099.214 1099.249 1099.284 1099.344 1099.495
1100.0 1100.0 1100.0 1100.0 1100.0 1100.0 1100.0 1100.0 1100.0 1100.0 1100.0 1100.0 1100.0 1100.0 1100.0 1100.0 1100.0 1100.0 1100.0 1100.0 1100.0 1100.0 1100.0 1100.0 1100.0 1100.0 1100.0 1100.0 1100.0 1100.0 1100.0 1100.0 1100.0 1100.0 1100.0 1100.0 1100.0 1099.863 1099.644 1099.425 1099.206 1099.0 1099.0 1099.0 1099.0 1099.0 1099.0 1099.0 1099.0 1099.0 1099.0 1099.0 1099.0 1099.0 1099.0 1099.023 1099.088 1099.153 1099.218 1099.283 1099.333 1099.379 1099.425 1099.471 1099.53 1099.638
1100.0 1100.0 1100.0 1100.0 1100.0 1100.0 1100.0 1100.0 1100.0 1100.0 1100.0 1100.0 1100.0 1100.0 1100.0 1100.0 1100.0 1100.0 1100.0 1100.0 1100.0 1100.0 1100.0 1100.0 1100.0 1100.0 1100.0 1100.0 1100.0 1100.0 1100.0 1100.0 1100.0 1100.0 1100.0 1100.0 1100.0 1099.863 1099.644 1099.425 1099.206 1099.0 1099.0 1099.0 1099.0 1099.0 1099.0 1099.0 1099.0 1099.0 1099.0 1099.0 1099.0 1099.0 1099.0 1099.034 1099.131 1099.228 1099.325 1099.422 1099.488 1099.545 1099.601 1099.658 1099.717 1099.782
1100.0 1100.0 1100.0 1100.0 1100.0 1100.0 1100.0 1100.0 1100.0 1100.0 1100.0 1100.0 1100.0 1100.0 1100.0 1100.0 1100.0 1100.0 1100.0 1100.0 1100.0 1100.0 1100.0 1100.0 1100.0 1100.0 1100.0 1100.0 1100.0 1100.0 1100.0 1100.0 1100.0 1100.0 1100.0 1100.0 1100.0 1099.863 1099.644 1099.425 1099.206 1099.0 1099.0 1099.0 1099.0 1099.0 1099.0 1099.0 1099.0 1099.0 1099.0 1099.0 1099.0 1099.0 1099.0 1099.045 1099.174 1099.304 1099.433 1099.562 1099.643 1099.71 1099.778 1099.845 1099.903 1099.925
1100.0 1100.0 1100.0 1100.0 1100.0 1100.0 1100.0 1100.0 1100.0 1100.0 1100.0 1100.0 1100.0 1100.0 1100.0 1100.0 1100.0 1100.0 1100.0 1100.0 1100.0 1100.0 1100.0 1100.0 1100.0 1100.0 1100.0 1100.0 1100.0 1100.0 1100.0 1100.0 1100.0 1100.0 1100.0 1100.0 1100.0 1099.877 1099.681 1099.485 1099.29 1099.105 1099.105 1099.105 1099.105 1099.105 1099.105 1099.105 1099.105 1099.105 1099.105 1099.105 1099.105 1099.105 1099.105 1099.151 1099.281 1099.412 1099.542 1099.673 1099.753 1099.818 1099.883 1099.948 1100.0 1100.0
1100.0 1100.0 1100.0 1100.0 1100.0 1100.0 1100.0 1100.0 1100.0 1100.0 1100.0 1100.0 1100.0 1100.0 1100.0 1100.0 1100.0 1100.0 1100.0 1100.0 1100.0 1100.0 1100.0 1100.0 1100.0 1100.0 1100.0 1100.0 1100.0 1100.0 1100.0 1100.0 1100.0 1100.0 1100.0 1100.0 1100.0 1099.907 1099.76 1099.612 1099.464 1099.325 1099.325 1099.325 1099.325 1099.325 1099.325 1099.325 1099.325 1099.325 1099.325 1099.325 1099.325 1099.325 1099.325 1099.359 1099.458 1099.556 1099.655 1099.753 1099.813 1099.863 1099.912 1099.961 1100.0 1100.0
1100.0 1100.0 1100.0 1100.0 1100.0 1100.0 1100.0 1100.0 1100.0 1100.0 1100.0 1100.0 1100.0 1100.0 1100.0 1100.0 1100.0 1100.0 1100.0 1100.0 1100.0 1100.0 1100.0 1100.0 1100.0 1100.0 1100.0 1100.0 1100.0 1100.0 1100.0 1100.0 1100.0 1100.0 1100.0 1100.0 1100.0 1099.937 1099.838 1099.738 1099.638 1099.545 1099.545 1099.545 1099.545 1099.545 1099.545 1099.545 1099.545 1099.545 1099.545 1099.545 1099.545 1099.545 1099.545 1099.568 1099.634 1099.701 1099.767 1099.834 1099.874 1099.907 1099.941 1099.974 1100.0 1100.0
1100.0 1100.0 1100.0 1100.0 1100.0 1100.0 1100.0 1100.0 1100.0 1100.0 1100.0 1100.0 1100.0 1100.0 1100.0 1100.0 1100.0 1100.0 1100.0 1100.0 1100.0 1100.0 1100.0 1100.0 1100.0 1100.0 1100.0 1100.0 1100.0 1100.0 1100.0 1100.0 1100.0 1100.0 1100.0 1100.0 1100.0 1099.968 1099.916 1099.865 1099.813 1099.764 1099.764 1099.764 1099.764 1099.764 1099.764 1099.764 1099.764 1099.764 1099.764 1099.764 1099.764 1099.764 1099.764 1099.776 1099.811 1099.845 1099.88 1099.914 1099.935 1099.952 1099.969 1099.986 1100.0 1100.0
1100.0 1100.0 1100.0 1100.0 1100.0 1100.0 1100.0 1100.0 1100.0 1100.0 1100.0 1100.0 1100.0 1100.0 1100.0 1100.0 1100.0 1100.0 1100.0 1100.0 1100.0 1100.0 1100.0 1100.0 1100.0 1100.0 1100.0 1100.0 1100.0 1100.0 1100.0 1100.0 1100.0 1100.0 1100.0 1100.0 1100.0 1099.998 1099.994 1099.991 1099.987 1099.984 1099.984 1099.984 1099.984 1099.984 1099.984 1099.984 1099.984 1099.984 1099.984 1099.984 1099.984 1099.984 1099.984 1099.985 1099.987 1099.99 1099.992 1099.994 1099.996 1099.997 1099.998 1099.999 1100.0 1100.0
1100.0 1100.0 1100.0 1100.0 1100.0 1100.0 1100.0 1100.0 1100.0 1100.0 1100.0 1100.0 1100.0 1100.0 1100.0 1100.0 1100.0 1100.0 1100.0 1100.0 1100.0 1100.0 1100.0 1100.0 1100.0 1100.0 1100.0 1100.0 1100.0 1100.0 1100.0 1100.0 1100.0 1100.0 1100.0 1100.0 1100.0 1100.0 1100.0 1100.0 1100.0 1100.0 1100.0 1100.0 1100.0 1100.0 1100.0 1100.0 1100.0 1100.0 1100.0 1100.0 1100.0 1100.0 1100.0 1100.0 1100.0 1100.0 1100.0 1100.0 1100.0 1100.0 1100.0 1100.0 1100.0 1100.0
1100.0 1100.0 1100.0 1100.0 1100.0 1100.0 1100.0 1100.0 1100.0 1100.0 1100.0 1100.0 1100.0 1100.0 1100.0 1100.0 1100.0 1100.0 1100.0 1100.0 1100.0 1100.0 1100.0 1100.0 1100.0 1100.0 1100.0 1100.0 1100.0 1100.0 1100.0 1100.0 1100.0 1100.0 1100.0 1100.0 1100.0 1100.0 1100.0 1100.0 1100.0 1100.0 1100.0 1100.0 1100.0 1100.0 1100.0 1100.0 1100.0 1100.0 1100.0 1100.0 1100.0 1100.0 1100.0 1100.0 1100.0 1100.0 1100.0 1100.0 1100.0 1100.0 1100.0 1100.0 1100.0 1100.0
1100.0 1100.0 1100.0 1100.0 1100.0 1100.0 1100.0 1100.0 1100.0 1100.0 1100.0 1100.0 1100.0 1100.0 1100.0 1100.0 1100.0 1100.0 1100.0 1100.0 1100.0 1100.0 1100.0 1100.0 1100.0 1100.0 1100.0 1100.0 1100.0 1100.0 1100.0 1100.0 1100.0 1100.0 1100.0 1100.0 1100.0 1100.0 1100.0 1100.0 1100.0 1100.0 1100.0 1100.0 1100.0 1100.0 1100.0 1100.0 1100.0 1100.0 1100.0 1100.0 1100.0 1100.0 1100.0 1100.0 1100.0 1100.0 1100.0 1100.0 1100.0 1100.0 1100.0 1100.0 1100.0 1100.0
1100.0 1100.0 1100.0 1100.0 1100.0 1100.0 1100.0 1100.0 1100.0 1100.0 1100.0 1100.0 1100.0 1100.0 1100.0 1100.0 1100.0 1100.0 1100.0 1100.0 1100.0 1100.0 1100.0 1100.0 1100.0 1100.0 1100.0 1100.0 1100.0 1100.0 1100.0 1100.0 1100.0 1100.0 1100.0 1100.0 1100.0 1100.0 1100.0 1100.0 1100.0 1100.0 1100.0 1100.0 1100.0 1100.0 1100.0 1100.0 1100.0 1100.0 1100.0 1100.0 1100.0 1100.0 1100.0 1100.0 1100.0 1100.0 1100.0 1100.0 1100.0 1100.0 1100.0 1100.0 1100.0 1100.0
