data/zism_data/00956_02_D.txt
ncols         224
nrows         224
[rows 168 to 195 of 224, columns 63 to 125 of 224]
4460.821 4462.716 4464.611 4466.505 4463.344 4459.952 4456.561 4453.169 4451.172 4451.098 4451.024 4450.95 4450.875 4452.597 4454.553 4456.51 4458.466 4458.387 4454.49 4450.593 4446.695 4442.798 4432.472 4420.653 4408.834 4397.015 4385.712 4375.768 4365.822 4355.877 4345.932 4335.377 4324.607 4313.837 4303.067 4291.829 4278.754 4265.678 4252.602 4239.526 4227.645 4216.361 4205.077 4193.792 4182.714 4173.013 4163.311 4153.609 4143.907 4135.432 4127.794 4120.158 4112.521 4105.233 4103.623 4102.013 4100.403 4098.793 4099.102 4101.169 4103.236 4105.303 4107.37
4467.308 4469.414 4471.519 4473.624 4471.04 4468.242 4465.445 4462.647 4460.634 4459.701 4458.768 4457.835 4456.902 4456.582 4456.34 4456.099 4455.858 4453.985 4449.051 4444.117 4439.183 4434.25 4424.311 4413.21 4402.109 4391.008 4380.309 4370.666 4361.024 4351.381 4341.738 4330.839 4319.497 4308.154 4296.812 4285.067 4271.744 4258.419 4245.095 4231.771 4220.451 4210.134 4199.816 4189.498 4179.307 4169.956 4160.604 4151.254 4141.903 4133.753 4126.424 4119.095 4111.765 4104.778 4103.352 4101.925 4100.499 4099.073 4099.948 4102.933 4105.918 4108.903 4111.888
4473.795 4476.111 4478.427 4480.743 4478.736 4476.532 4474.329 4472.125 4470.095 4468.304 4466.513 4464.721 4462.93 4460.566 4458.127 4455.688 4453.25 4449.583 4443.612 4437.641 4431.67 4425.7 4416.148 4405.766 4395.383 4385.001 4374.905 4365.565 4356.225 4346.884 4337.544 4326.301 4314.386 4302.471 4290.557 4278.306 4264.733 4251.16 4237.588 4224.015 4213.257 4203.906 4194.555 4185.204 4175.898 4166.898 4157.898 4148.899 4139.899 4132.075 4125.053 4118.031 4111.01 4104.323 4103.081 4101.838 4100.595 4099.353 4100.794 4104.698 4108.601 4112.504 4116.407
4480.282 4482.809 4485.335 4487.861 4486.432 4484.822 4483.213 4481.604 4479.557 4476.907 4474.257 4471.607 4468.957 4464.551 4459.915 4455.278 4450.641 4445.18 4438.173 4431.166 4424.158 4417.151 4407.987 4398.323 4388.658 4378.994 4369.502 4360.464 4351.426 4342.388 4333.35 4321.763 4309.276 4296.789 4284.302 4271.544 4257.723 4243.902 4230.081 4216.26 4206.063 4197.679 4189.294 4180.91 4172.491 4163.842 4155.193 4146.544 4137.895 4130.396 4123.682 4116.968 4110.254 4103.869 4102.81 4101.75 4100.691 4099.632 4101.641 4106.462 4111.283 4116.104 4120.925
4484.094 4486.943 4489.793 4492.643 4491.665 4490.514 4489.362 4488.21 4486.112 4482.707 4479.301 4475.896 4472.491 4466.295 4459.733 4453.171 4446.609 4439.697 4432.127 4424.557 4416.987 4409.417 4400.677 4391.666 4382.653 4373.641 4364.698 4355.934 4347.17 4338.406 4329.643 4317.832 4304.947 4292.061 4279.175 4266.1 4252.279 4238.458 4224.638 4210.817 4201.097 4193.425 4185.753 4178.082 4170.315 4161.914 4153.513 4145.111 4136.71 4129.432 4122.92 4116.409 4109.897 4103.728 4103.125 4102.521 4101.918 4101.315 4104.182 4110.228 4116.274 4122.321 4128.367
4484.428 4487.747 4491.066 4494.386 4493.697 4492.827 4491.956 4491.085 4488.888 4484.862 4480.836 4476.81 4472.784 4465.127 4456.993 4448.86 4440.727 4432.809 4425.292 4417.777 4410.261 4402.745 4394.475 4386.03 4377.585 4369.14 4360.673 4352.146 4343.621 4335.094 4326.568 4314.692 4301.634 4288.575 4275.517 4262.369 4248.873 4235.376 4221.879 4208.383 4199.025 4191.737 4184.449 4177.161 4169.742 4161.454 4153.167 4144.878 4136.591 4129.397 4122.95 4116.503 4110.056 4103.995 4104.202 4104.409 4104.616 4104.822 4108.924 4116.596 4124.268 4131.939 4139.611
4484.761 4488.551 4492.34 4496.129 4495.729 4495.14 4494.549 4493.959 4491.664 4487.017 4482.37 4477.723 4473.076 4463.958 4454.253 4444.549 4434.844 4425.92 4418.458 4410.996 4403.535 4396.073 4388.273 4380.395 4372.517 4364.639 4356.647 4348.359 4340.07 4331.782 4323.494 4311.551 4298.32 4285.089 4271.857 4258.638 4245.466 4232.293 4219.121 4205.948 4196.954 4190.049 4183.144 4176.24 4169.169 4160.995 4152.82 4144.646 4136.471 4129.362 4122.979 4116.598 4110.216 4104.263 4105.279 4106.296 4107.313 4108.33 4113.667 4122.964 4132.261 4141.558 4150.855
4485.095 4489.354 4493.613 4497.873 4497.762 4497.452 4497.143 4496.834 4494.44 4489.172 4483.905 4478.637 4473.369 4462.79 4451.514 4440.238 4428.962 4419.032 4411.624 4404.216 4396.808 4389.4 4382.071 4374.76 4367.448 4360.137 4352.623 4344.571 4336.521 4328.47 4320.419 4308.411 4295.007 4281.603 4268.199 4254.907 4242.059 4229.21 4216.361 4203.513 4194.882 4188.361 4181.84 4175.318 4168.596 4160.535 4152.474 4144.413 4136.352 4129.327 4123.009 4116.692 4110.375 4104.53 4106.357 4108.184 4110.01 4111.837 4118.409 4129.332 4140.254 4151.176 4162.099
4485.429 4490.158 4494.887 4499.616 4499.794 4499.765 4499.737 4499.708 4497.217 4491.328 4485.439 4479.55 4473.661 4461.621 4448.773 4435.927 4423.079 4412.143 4404.789 4397.436 4390.082 4382.728 4375.869 4369.125 4362.38 4355.636 4348.598 4340.784 4332.971 4325.157 4317.344 4305.271 4291.694 4278.117 4264.54 4251.176 4238.652 4226.127 4213.603 4201.078 4192.811 4186.673 4180.535 4174.397 4168.023 4160.075 4152.127 4144.18 4136.232 4129.292 4123.039 4116.787 4110.535 4104.797 4107.434 4110.071 4112.708 4115.344 4123.151 4135.699 4148.247 4160.795 4173.343
4482.454 4488.045 4493.637 4499.229 4499.472 4499.472 4499.472 4499.472 4496.844 4490.591 4484.338 4478.086 4471.833 4459.747 4446.896 4434.044 4421.193 4410.467 4403.725 4396.983 4390.241 4383.5 4376.692 4369.87 4363.047 4356.224 4348.89 4340.208 4331.526 4322.844 4314.162 4301.472 4287.368 4273.264 4259.161 4245.513 4233.657 4221.8 4209.944 4198.088 4190.141 4184.149 4178.156 4172.164 4165.98 4158.525 4151.069 4143.613 4136.157 4129.968 4124.644 4119.32 4113.996 4109.189 4112.792 4116.393 4119.995 4123.597 4131.927 4144.591 4157.255 4169.919 4182.583
4479.105 4485.604 4492.103 4498.602 4498.884 4498.884 4498.884 4498.884 4496.115 4489.528 4482.94 4476.353 4469.765 4457.793 4445.114 4432.436 4419.757 4409.378 4403.312 4397.245 4391.178 4385.111 4378.308 4371.334 4364.361 4357.387 4349.669 4339.994 4330.318 4320.643 4310.967 4297.599 4282.929 4268.257 4253.587 4239.63 4228.482 4217.333 4206.184 4195.035 4187.403 4181.53 4175.656 4169.783 4163.772 4156.851 4149.93 4143.009 4136.087 4130.725 4126.427 4122.128 4117.83 4114.047 4118.632 4123.216 4127.801 4132.386 4141.157 4153.768 4166.377 4178.988 4191.598
4475.756 4483.163 4490.568 4497.974 4498.296 4498.296 4498.296 4498.296 4495.387 4488.464 4481.542 4474.62 4467.698 4455.839 4443.333 4430.828 4418.322 4408.291 4402.899 4397.507 4392.115 4386.723 4379.924 4372.8 4365.675 4358.55 4350.449 4339.78 4329.111 4318.442 4307.773 4293.727 4278.489 4263.251 4248.013 4233.749 4223.307 4212.865 4202.424 4191.982 4184.666 4178.911 4173.156 4167.401 4161.564 4155.177 4148.791 4142.404 4136.017 4131.481 4128.209 4124.937 4121.665 4118.905 4124.472 4130.04 4135.607 4141.174 4150.388 4162.944 4175.5 4188.057 4200.612
4472.408 4480.721 4489.034 4497.347 4497.708 4497.708 4497.708 4497.708 4494.658 4487.401 4480.144 4472.887 4465.63 4453.886 4441.553 4429.22 4416.887 4407.203 4402.486 4397.769 4393.052 4388.335 4381.541 4374.265 4366.989 4359.713 4351.229 4339.566 4327.904 4316.241 4304.578 4289.854 4274.049 4258.244 4242.439 4227.866 4218.132 4208.398 4198.664 4188.93 4181.928 4176.292 4170.656 4165.02 4159.356 4153.504 4147.651 4141.8 4135.947 4132.238 4129.992 4127.745 4125.499 4123.762 4130.313 4136.863 4143.413 4149.963 4159.619 4172.121 4184.623 4197.125 4209.627
4468.475 4477.739 4487.002 4496.265 4496.808 4496.955 4497.102 4497.249 4494.279 4487.012 4479.745 4472.478 4465.211 4453.788 4441.819 4429.851 4417.882 4408.503 4403.978 4399.452 4394.927 4390.402 4383.477 4375.995 4368.513 4361.031 4352.175 4339.705 4327.234 4314.764 4302.294 4287.07 4270.875 4254.678 4238.483 4223.705 4214.496 4205.287 4196.079 4186.87 4180.13 4174.625 4169.119 4163.614 4158.133 4152.817 4147.502 4142.187 4136.871 4133.936 4132.627 4131.319 4130.011 4129.193 4136.361 4143.528 4150.695 4157.862 4167.828 4180.36 4192.893 4205.425 4217.957
4463.516 4473.805 4484.094 4494.384 4495.358 4495.91 4496.462 4497.014 4494.515 4487.81 4481.104 4474.398 4467.693 4456.956 4445.689 4434.422 4423.156 4414.005 4408.821 4403.637 4398.453 4393.269 4385.975 4378.19 4370.406 4362.621 4353.415 4340.463 4327.513 4314.562 4301.611 4286.202 4269.925 4253.648 4237.372 4222.57 4213.567 4204.563 4195.56 4186.557 4179.986 4174.632 4169.277 4163.923 4158.644 4153.869 4149.093 4144.317 4139.542 4137.292 4136.766 4136.241 4135.715 4135.634 4142.774 4149.914 4157.054 4164.194 4174.241 4186.951 4199.662 4212.372 4225.082
4458.556 4469.872 4481.187 4492.502 4493.909 4494.866 4495.822 4496.779 4494.751 4488.607 4482.463 4476.319 4470.175 4460.124 4449.559 4438.995 4428.43 4419.508 4413.665 4407.822 4401.979 4396.137 4388.473 4380.386 4372.299 4364.212 4354.654 4341.222 4327.791 4314.359 4300.928 4285.333 4268.976 4252.618 4236.261 4221.437 4212.638 4203.84 4195.042 4186.243 4179.842 4174.639 4169.436 4164.232 4159.156 4154.92 4150.685 4146.449 4142.213 4140.647 4140.905 4141.162 4141.419 4142.074 4149.188 4156.301 4163.414 4170.527 4180.653 4193.542 4206.431 4219.319 4232.208
4453.597 4465.938 4478.279 4490.62 4492.459 4493.821 4495.183 4496.544 4494.987 4489.405 4483.822 4478.24 4472.657 4463.291 4453.429 4443.566 4433.704 4425.01 4418.508 4412.007 4405.505 4399.004 4390.97 4382.581 4374.192 4365.803 4355.893 4341.981 4328.069 4314.157 4300.245 4284.465 4268.027 4251.588 4235.149 4220.302 4211.709 4203.116 4194.523 4185.93 4179.697 4174.646 4169.594 4164.542 4159.667 4155.971 4152.275 4148.58 4144.884 4144.003 4145.043 4146.083 4147.124 4148.515 4155.601 4162.687 4169.773 4176.859 4187.065 4200.133 4213.199 4226.266 4239.333
4448.637 4462.004 4475.371 4488.738 4491.009 4492.776 4494.542 4496.31 4495.223 4490.202 4485.182 4480.161 4475.14 4466.459 4457.298 4448.138 4438.978 4430.513 4423.353 4416.192 4409.032 4401.872 4393.468 4384.777 4376.085 4367.394 4357.132 4342.74 4328.347 4313.954 4299.562 4283.597 4267.078 4250.558 4234.039 4219.168 4210.781 4202.393 4194.004 4185.616 4179.553 4174.653 4169.752 4164.852 4160.178 4157.022 4153.867 4150.711 4147.556 4147.358 4149.182 4151.005 4152.829 4154.956 4162.015 4169.074 4176.133 4183.192 4193.478 4206.724 4219.968 4233.214 4246.458
4446.895 4460.61 4474.324 4488.04 4490.572 4492.597 4494.621 4496.646 4496.014 4491.72 4487.426 4483.131 4478.837 4470.266 4461.134 4452.001 4442.869 4434.016 4425.684 4417.352 4409.02 4400.688 4391.576 4382.283 4372.99 4363.697 4352.871 4338.006 4323.142 4308.277 4293.414 4277.839 4262.015 4246.19 4230.366 4216.184 4208.457 4200.729 4193.001 4185.273 4179.548 4174.826 4170.103 4165.38 4160.924 4158.246 4155.568 4152.89 4150.212 4150.475 4152.747 4155.018 4157.29 4159.838 4166.879 4173.92 4180.961 4188.002 4198.543 4212.292 4226.041 4239.79 4253.539
4445.829 4459.75 4473.669 4487.59 4490.348 4492.6 4494.851 4497.102 4496.922 4493.389 4489.856 4486.323 4482.79 4474.207 4464.961 4455.716 4446.471 4437.098 4427.486 4417.874 4408.262 4398.651 4388.758 4378.802 4368.845 4358.888 4347.45 4332.116 4316.782 4301.448 4286.114 4271.052 4256.086 4241.12 4226.154 4212.811 4205.839 4198.867 4191.895 4184.923 4179.573 4175.034 4170.495 4165.956 4161.72 4159.506 4157.292 4155.079 4152.865 4153.541 4156.19 4158.84 4161.49 4164.393 4171.418 4178.443 4185.468 4192.493 4203.324 4217.646 4231.966 4246.288 4260.609
4444.764 4458.889 4473.015 4487.14 4490.124 4492.602 4495.08 4497.558 4497.83 4495.058 4492.287 4489.515 4486.743 4478.148 4468.789 4459.431 4450.072 4440.18 4429.288 4418.397 4407.505 4396.614 4385.941 4375.321 4364.699 4354.079 4342.03 4326.227 4310.423 4294.619 4278.815 4264.265 4250.158 4236.05 4221.943 4209.437 4203.221 4197.005 4190.789 4184.573 4179.597 4175.242 4170.886 4166.531 4162.515 4160.766 4159.017 4157.267 4155.518 4156.607 4159.634 4162.662 4165.69 4168.948 4175.957 4182.965 4189.974 4196.982 4208.105 4222.999 4237.892 4252.786 4267.679
4443.698 4458.029 4472.359 4486.69 4489.9 4492.605 4495.31 4498.015 4498.738 4496.728 4494.717 4492.707 4490.697 4482.09 4472.617 4463.145 4453.673 4443.262 4431.09 4418.919 4406.748 4394.577 4383.125 4371.839 4360.554 4349.269 4336.61 4320.336 4304.063 4287.789 4271.516 4257.478 4244.229 4230.98 4217.731 4206.063 4200.603 4195.143 4189.683 4184.223 4179.622 4175.45 4171.278 4167.106 4163.311 4162.025 4160.741 4159.456 4158.17 4159.673 4163.079 4166.484 4169.89 4173.503 4180.496 4187.488 4194.48 4201.473 4212.886 4228.352 4243.818 4259.284 4274.75
4443.869 4458.139 4472.408 4486.678 4489.981 4492.786 4495.59 4498.396 4499.332 4497.692 4496.052 4494.411 4492.771 4483.963 4474.214 4464.466 4454.718 4443.819 4430.762 4417.706 4404.649 4391.592 4379.523 4367.684 4355.843 4344.004 4330.885 4314.397 4297.911 4281.424 4264.938 4251.44 4238.999 4226.557 4214.115 4203.219 4198.398 4193.576 4188.755 4183.934 4179.702 4175.765 4171.829 4167.892 4164.356 4163.491 4162.627 4161.763 4160.898 4162.72 4166.377 4170.034 4173.69 4177.55 4184.696 4191.843 4198.99 4206.137 4217.909 4233.92 4249.932 4265.944 4281.956
4447.067 4460.624 4474.181 4487.738 4490.808 4493.402 4495.997 4498.591 4499.158 4496.929 4494.701 4492.472 4490.243 4480.77 4470.346 4459.923 4449.5 4438.188 4425.213 4412.237 4399.262 4386.287 4374.0 4361.874 4349.748 4337.622 4324.41 4308.339 4292.269 4276.197 4260.126 4247.241 4235.479 4223.717 4211.956 4201.674 4197.204 4192.733 4188.263 4183.792 4179.918 4176.344 4172.769 4169.194 4166.013 4165.462 4164.911 4164.359 4163.808 4165.722 4169.319 4172.917 4176.514 4180.351 4188.07 4195.789 4203.508 4211.227 4223.523 4240.016 4256.508 4273.001 4289.493
4450.265 4463.109 4475.953 4488.797 4491.636 4494.019 4496.403 4498.787 4498.984 4496.167 4493.35 4490.532 4487.715 4477.577 4466.479 4455.38 4444.282 4432.559 4419.664 4406.77 4393.875 4380.98 4368.477 4356.065 4343.653 4331.241 4317.936 4302.28 4286.625 4270.97 4255.315 4243.041 4231.96 4220.878 4209.797 4200.128 4196.009 4191.89 4187.77 4183.65 4180.135 4176.922 4173.709 4170.496 4167.671 4167.433 4167.194 4166.957 4166.718 4168.724 4172.262 4175.8 4179.338 4183.152 4191.443 4199.735 4208.026 4216.317 4229.138 4246.111 4263.084 4280.057 4297.03
4453.463 4465.594 4477.726 4489.857 4492.463 4494.636 4496.809 4498.982 4498.811 4495.404 4491.999 4488.593 4485.187 4474.384 4462.61 4450.837 4439.064 4426.929 4414.115 4401.302 4388.488 4375.674 4362.954 4350.256 4337.557 4324.859 4311.461 4296.222 4280.983 4265.743 4250.504 4238.841 4228.44 4218.039 4207.638 4198.583 4194.814 4191.046 4187.277 4183.509 4180.352 4177.5 4174.649 4171.798 4169.328 4169.403 4169.479 4169.553 4169.628 4171.726 4175.205 4178.683 4182.162 4185.953 4194.817 4203.681 4212.544 4221.408 4234.753 4252.207 4269.66 4287.114 4304.567
4456.661 4468.08 4479.498 4490.917 4493.29 4495.253 4497.215 4499.178 4498.637 4494.642 4490.648 4486.653 4482.659 4471.191 4458.743 4446.294 4433.846 4421.299 4408.566 4395.833 4383.101 4370.369 4357.431 4344.447 4331.462 4318.478 4304.987 4290.163 4275.34 4260.516 4245.693 4234.641 4224.92 4215.2 4205.479 4197.038 4193.62 4190.203 4186.785 4183.367 4180.568 4178.079 4175.589 4173.1 4170.986 4171.374 4171.762 4172.15 4172.539 4174.728 4178.147 4181.566 4184.986 4188.754 4198.19 4207.626 4217.062 4226.499 4240.368 4258.302 4276.236 4294.17 4312.104
4462.283 4472.684 4483.084 4493.485 4495.22 4496.561 4497.901 4499.242 4497.876 4492.776 4487.677 4482.577 4477.477 4465.619 4452.874 4440.129 4427.384 4414.76 4402.36 4389.961 4377.562 4365.163 4352.102 4338.889 4325.674 4312.461 4298.85 4284.194 4269.538 4254.882 4240.226 4229.907 4221.12 4212.332 4203.544 4195.914 4192.831 4189.748 4186.665 4183.582 4181.109 4178.94 4176.772 4174.604 4172.805 4173.469 4174.134 4174.799 4175.464 4177.957 4181.7 4185.442 4189.185 4193.295 4203.398 4213.5 4223.602 4233.704 4247.544 4264.812 4282.078 4299.346 4316.612
