data/zism_data/00958_03_D.txt
ncols         224
nrows         224
[rows 120 to 149 of 224, columns 0 to 67 of 224]
1348.0 1348.0 1348.0 1348.0 1348.008 1348.036 1348.064 1348.092 1348.12 1348.131 1348.135 1348.14 1348.145 1348.187 1348.374 1348.562 1348.75 1348.938 1349.0 1349.0 1349.0 1349.0 1349.004 1349.032 1349.06 1349.088 1349.116 1349.127 1349.127 1349.127 1349.127 1349.126 1349.098 1349.07 1349.042 1349.013 1349.0 1349.0 1349.0 1349.0 1349.0 1349.0 1349.0 1349.0 1349.0 1349.0 1349.0 1349.0 1349.0 1349.0 1349.0 1349.0 1349.0 1349.0 1349.0 1349.0 1349.0 1349.0 1349.0 1348.815 1348.594 1348.374 1348.153 1348.009 1348.037 1348.065 1348.093 1348.121
1347.973 1347.975 1347.977 1347.979 1347.981 1347.981 1347.981 1347.981 1347.981 1347.982 1347.983 1347.985 1347.986 1348.031 1348.248 1348.465 1348.682 1348.899 1348.973 1348.975 1348.977 1348.979 1348.981 1348.986 1348.99 1348.994 1348.998 1349.0 1349.0 1349.0 1349.0 1349.0 1349.0 1349.0 1349.0 1349.0 1349.0 1349.0 1349.0 1349.0 1349.0 1349.0 1349.0 1349.0 1349.0 1349.0 1349.0 1349.0 1349.0 1349.0 1348.999 1348.997 1348.996 1348.995 1348.992 1348.987 1348.982 1348.977 1348.972 1348.791 1348.577 1348.363 1348.149 1348.0 1348.0 1348.0 1348.0 1348.0
1347.766 1347.785 1347.803 1347.821 1347.834 1347.834 1347.834 1347.834 1347.834 1347.843 1347.856 1347.868 1347.88 1347.928 1348.118 1348.308 1348.498 1348.688 1348.764 1348.782 1348.8 1348.818 1348.839 1348.876 1348.912 1348.949 1348.985 1349.0 1349.0 1349.0 1349.0 1349.0 1349.0 1349.0 1349.0 1349.0 1349.0 1349.0 1349.0 1349.0 1349.0 1349.0 1349.0 1349.0 1349.0 1349.0 1349.0 1349.0 1349.0 1349.0 1348.989 1348.977 1348.965 1348.952 1348.929 1348.886 1348.844 1348.801 1348.758 1348.612 1348.447 1348.281 1348.115 1348.0 1348.0 1348.0 1348.0 1348.0
1347.56 1347.594 1347.629 1347.663 1347.688 1347.688 1347.688 1347.688 1347.688 1347.705 1347.728 1347.751 1347.774 1347.825 1347.988 1348.151 1348.314 1348.477 1348.555 1348.589 1348.624 1348.658 1348.697 1348.766 1348.834 1348.903 1348.972 1349.0 1349.0 1349.0 1349.0 1349.0 1349.0 1349.0 1349.0 1349.0 1349.0 1349.0 1349.0 1349.0 1349.0 1349.0 1349.0 1349.0 1349.0 1349.0 1349.0 1349.0 1349.0 1349.0 1348.979 1348.956 1348.933 1348.91 1348.866 1348.786 1348.705 1348.625 1348.545 1348.433 1348.316 1348.199 1348.082 1348.0 1348.0 1348.0 1348.0 1348.0
1347.353 1347.404 1347.454 1347.505 1347.541 1347.541 1347.541 1347.541 1347.541 1347.566 1347.6 1347.634 1347.667 1347.722 1347.858 1347.994 1348.13 1348.267 1348.346 1348.396 1348.447 1348.497 1348.555 1348.656 1348.757 1348.858 1348.959 1349.0 1349.0 1349.0 1349.0 1349.0 1349.0 1349.0 1349.0 1349.0 1349.0 1349.0 1349.0 1349.0 1349.0 1349.0 1349.0 1349.0 1349.0 1349.0 1349.0 1349.0 1349.0 1349.0 1348.969 1348.936 1348.902 1348.868 1348.803 1348.685 1348.567 1348.449 1348.331 1348.254 1348.185 1348.117 1348.048 1348.0 1348.0 1348.0 1348.0 1348.0
1347.146 1347.213 1347.28 1347.347 1347.395 1347.395 1347.395 1347.395 1347.395 1347.428 1347.472 1347.517 1347.561 1347.619 1347.728 1347.837 1347.947 1348.056 1348.137 1348.203 1348.27 1348.337 1348.412 1348.546 1348.679 1348.813 1348.946 1349.0 1349.0 1349.0 1349.0 1349.0 1349.0 1349.0 1349.0 1349.0 1349.0 1349.0 1349.0 1349.0 1349.0 1349.0 1349.0 1349.0 1349.0 1349.0 1349.0 1349.0 1349.0 1349.0 1348.959 1348.915 1348.87 1348.826 1348.74 1348.584 1348.428 1348.273 1348.117 1348.075 1348.055 1348.035 1348.014 1348.0 1348.0 1348.0 1348.0 1348.0
1347.01 1347.074 1347.138 1347.202 1347.25 1347.256 1347.263 1347.269 1347.275 1347.311 1347.356 1347.402 1347.448 1347.506 1347.61 1347.714 1347.819 1347.923 1348.004 1348.075 1348.145 1348.215 1348.295 1348.432 1348.57 1348.707 1348.845 1348.914 1348.936 1348.958 1348.979 1349.0 1349.0 1349.0 1349.0 1349.0 1349.0 1349.0 1349.0 1349.0 1349.0 1349.0 1349.0 1349.0 1349.0 1349.0 1349.0 1349.0 1349.0 1349.0 1348.947 1348.888 1348.83 1348.772 1348.674 1348.512 1348.35 1348.188 1348.026 1348.0 1348.0 1348.0 1348.0 1348.0 1348.0 1348.0 1348.0 1348.0
1346.923 1346.971 1347.019 1347.067 1347.107 1347.124 1347.141 1347.158 1347.175 1347.209 1347.249 1347.29 1347.33 1347.386 1347.501 1347.616 1347.731 1347.846 1347.928 1347.993 1348.057 1348.123 1348.195 1348.316 1348.438 1348.559 1348.681 1348.765 1348.825 1348.884 1348.944 1349.0 1349.0 1349.0 1349.0 1349.0 1349.0 1349.0 1349.0 1349.0 1349.0 1349.0 1349.0 1349.0 1349.0 1349.0 1349.0 1349.0 1349.0 1349.0 1348.932 1348.858 1348.783 1348.708 1348.607 1348.461 1348.315 1348.169 1348.023 1348.0 1348.0 1348.0 1348.0 1348.0 1348.0 1348.0 1348.0 1348.0
1346.837 1346.869 1346.901 1346.932 1346.963 1346.991 1347.019 1347.046 1347.074 1347.107 1347.142 1347.177 1347.213 1347.266 1347.392 1347.518 1347.643 1347.769 1347.851 1347.91 1347.97 1348.03 1348.095 1348.2 1348.306 1348.411 1348.516 1348.617 1348.714 1348.811 1348.908 1349.0 1349.0 1349.0 1349.0 1349.0 1349.0 1349.0 1349.0 1349.0 1349.0 1349.0 1349.0 1349.0 1349.0 1349.0 1349.0 1349.0 1349.0 1349.0 1348.917 1348.827 1348.736 1348.645 1348.54 1348.41 1348.28 1348.151 1348.021 1348.0 1348.0 1348.0 1348.0 1348.0 1348.0 1348.0 1348.0 1348.0
1346.751 1346.766 1346.782 1346.798 1346.82 1346.858 1346.897 1346.935 1346.974 1347.006 1347.035 1347.065 1347.095 1347.146 1347.283 1347.419 1347.556 1347.692 1347.774 1347.828 1347.882 1347.937 1347.995 1348.084 1348.174 1348.263 1348.352 1348.468 1348.603 1348.738 1348.873 1349.0 1349.0 1349.0 1349.0 1349.0 1349.0 1349.0 1349.0 1349.0 1349.0 1349.0 1349.0 1349.0 1349.0 1349.0 1349.0 1349.0 1349.0 1349.0 1348.902 1348.796 1348.689 1348.582 1348.473 1348.359 1348.245 1348.132 1348.018 1348.0 1348.0 1348.0 1348.0 1348.0 1348.0 1348.0 1348.0 1348.0
1346.662 1346.662 1346.662 1346.662 1346.676 1346.725 1346.773 1346.822 1346.871 1346.902 1346.926 1346.951 1346.976 1347.026 1347.173 1347.32 1347.467 1347.614 1347.695 1347.744 1347.792 1347.841 1347.893 1347.967 1348.042 1348.116 1348.191 1348.322 1348.492 1348.663 1348.833 1348.994 1348.995 1348.996 1348.998 1348.999 1349.0 1349.0 1349.0 1349.0 1349.0 1349.0 1349.0 1349.0 1349.0 1349.0 1348.999 1348.998 1348.997 1348.996 1348.884 1348.762 1348.64 1348.518 1348.405 1348.308 1348.21 1348.113 1348.016 1348.0 1348.0 1348.0 1348.0 1348.0 1348.0 1348.0 1348.0 1348.0
1346.516 1346.516 1346.516 1346.516 1346.526 1346.564 1346.602 1346.64 1346.678 1346.714 1346.75 1346.785 1346.821 1346.879 1347.026 1347.173 1347.32 1347.467 1347.541 1347.579 1347.617 1347.655 1347.702 1347.809 1347.915 1348.022 1348.129 1348.251 1348.383 1348.516 1348.649 1348.777 1348.827 1348.876 1348.926 1348.976 1349.0 1349.0 1349.0 1349.0 1349.0 1349.0 1349.0 1349.0 1349.0 1348.985 1348.952 1348.919 1348.885 1348.852 1348.748 1348.636 1348.525 1348.413 1348.315 1348.24 1348.164 1348.088 1348.012 1348.0 1348.0 1348.0 1348.0 1348.0 1348.0 1348.0 1348.0 1348.0
1346.37 1346.37 1346.37 1346.37 1346.377 1346.404 1346.431 1346.458 1346.485 1346.527 1346.573 1346.62 1346.666 1346.733 1346.88 1347.026 1347.173 1347.32 1347.388 1347.415 1347.442 1347.469 1347.511 1347.65 1347.789 1347.928 1348.067 1348.18 1348.275 1348.37 1348.465 1348.56 1348.658 1348.756 1348.855 1348.953 1349.0 1349.0 1349.0 1349.0 1349.0 1349.0 1349.0 1349.0 1349.0 1348.971 1348.905 1348.839 1348.774 1348.708 1348.611 1348.51 1348.41 1348.309 1348.226 1348.172 1348.117 1348.063 1348.009 1348.0 1348.0 1348.0 1348.0 1348.0 1348.0 1348.0 1348.0 1348.0
1346.223 1346.223 1346.223 1346.223 1346.227 1346.244 1346.26 1346.277 1346.293 1346.339 1346.396 1346.454 1346.511 1346.586 1346.733 1346.88 1347.027 1347.174 1347.234 1347.25 1347.267 1347.283 1347.32 1347.491 1347.662 1347.833 1348.005 1348.108 1348.166 1348.223 1348.28 1348.343 1348.49 1348.636 1348.783 1348.93 1349.0 1349.0 1349.0 1349.0 1349.0 1349.0 1349.0 1349.0 1349.0 1348.956 1348.858 1348.76 1348.663 1348.565 1348.474 1348.384 1348.294 1348.205 1348.136 1348.104 1348.071 1348.038 1348.005 1348.0 1348.0 1348.0 1348.0 1348.0 1348.0 1348.0 1348.0 1348.0
1346.076 1346.076 1346.076 1346.076 1346.078 1346.084 1346.089 1346.095 1346.1 1346.152 1346.22 1346.288 1346.356 1346.44 1346.587 1346.734 1346.88 1347.027 1347.08 1347.086 1347.091 1347.097 1347.128 1347.332 1347.536 1347.739 1347.943 1348.037 1348.057 1348.076 1348.096 1348.126 1348.321 1348.516 1348.711 1348.907 1349.0 1349.0 1349.0 1349.0 1349.0 1349.0 1349.0 1349.0 1349.0 1348.942 1348.811 1348.681 1348.551 1348.421 1348.338 1348.258 1348.179 1348.1 1348.047 1348.036 1348.024 1348.013 1348.002 1348.0 1348.0 1348.0 1348.0 1348.0 1348.0 1348.0 1348.0 1348.0
1345.93 1345.93 1345.93 1345.93 1345.933 1345.943 1345.953 1345.964 1345.974 1346.029 1346.1 1346.171 1346.242 1346.325 1346.456 1346.588 1346.719 1346.851 1346.907 1346.925 1346.943 1346.961 1347.003 1347.208 1347.413 1347.618 1347.823 1347.919 1347.939 1347.96 1347.981 1348.011 1348.209 1348.406 1348.603 1348.801 1348.895 1348.895 1348.895 1348.895 1348.895 1348.895 1348.895 1348.895 1348.895 1348.836 1348.704 1348.573 1348.441 1348.31 1348.238 1348.172 1348.107 1348.041 1348.0 1348.0 1348.0 1348.0 1348.0 1348.0 1348.0 1348.0 1348.0 1348.0 1348.0 1348.0 1348.0 1348.0
1345.783 1345.783 1345.783 1345.783 1345.792 1345.824 1345.856 1345.888 1345.919 1345.976 1346.042 1346.107 1346.173 1346.245 1346.344 1346.444 1346.543 1346.642 1346.712 1346.768 1346.824 1346.879 1346.95 1347.123 1347.296 1347.469 1347.641 1347.749 1347.813 1347.876 1347.94 1348.009 1348.157 1348.306 1348.455 1348.604 1348.675 1348.675 1348.675 1348.675 1348.675 1348.675 1348.675 1348.675 1348.675 1348.631 1348.531 1348.432 1348.333 1348.234 1348.18 1348.13 1348.081 1348.031 1348.0 1348.0 1348.0 1348.0 1348.0 1348.0 1348.0 1348.0 1348.0 1348.0 1348.0 1348.0 1348.0 1348.0
1345.637 1345.637 1345.637 1345.637 1345.652 1345.705 1345.758 1345.812 1345.865 1345.923 1345.984 1346.044 1346.104 1346.165 1346.232 1346.299 1346.366 1346.433 1346.518 1346.611 1346.704 1346.798 1346.897 1347.038 1347.178 1347.318 1347.459 1347.579 1347.686 1347.793 1347.899 1348.006 1348.106 1348.207 1348.307 1348.407 1348.455 1348.455 1348.455 1348.455 1348.455 1348.455 1348.455 1348.455 1348.455 1348.425 1348.358 1348.292 1348.224 1348.158 1348.121 1348.088 1348.054 1348.021 1348.0 1348.0 1348.0 1348.0 1348.0 1348.0 1348.0 1348.0 1348.0 1348.0 1348.0 1348.0 1348.0 1348.0
1345.49 1345.49 1345.49 1345.49 1345.511 1345.586 1345.661 1345.736 1345.811 1345.871 1345.925 1345.98 1346.035 1346.086 1346.12 1346.155 1346.189 1346.224 1346.323 1346.454 1346.585 1346.716 1346.844 1346.952 1347.061 1347.169 1347.277 1347.41 1347.559 1347.709 1347.859 1348.003 1348.055 1348.107 1348.159 1348.211 1348.236 1348.236 1348.236 1348.236 1348.236 1348.236 1348.236 1348.236 1348.236 1348.22 1348.185 1348.151 1348.116 1348.082 1348.063 1348.045 1348.028 1348.011 1348.0 1348.0 1348.0 1348.0 1348.0 1348.0 1348.0 1348.0 1348.0 1348.0 1348.0 1348.0 1348.0 1348.0
1345.344 1345.344 1345.344 1345.344 1345.37 1345.467 1345.563 1345.66 1345.756 1345.818 1345.867 1345.917 1345.966 1346.006 1346.008 1346.01 1346.013 1346.015 1346.128 1346.297 1346.466 1346.635 1346.791 1346.867 1346.943 1347.019 1347.094 1347.24 1347.433 1347.625 1347.818 1348.0 1348.004 1348.007 1348.011 1348.014 1348.016 1348.016 1348.016 1348.016 1348.016 1348.016 1348.016 1348.016 1348.016 1348.015 1348.013 1348.01 1348.008 1348.005 1348.004 1348.003 1348.002 1348.001 1348.0 1348.0 1348.0 1348.0 1348.0 1348.0 1348.0 1348.0 1348.0 1348.0 1348.0 1348.0 1348.0 1348.0
1345.21 1345.224 1345.24 1345.255 1345.287 1345.365 1345.443 1345.521 1345.599 1345.655 1345.704 1345.753 1345.802 1345.845 1345.865 1345.885 1345.905 1345.925 1346.033 1346.185 1346.336 1346.488 1346.631 1346.725 1346.818 1346.912 1347.005 1347.142 1347.308 1347.474 1347.64 1347.797 1347.817 1347.837 1347.857 1347.877 1347.892 1347.902 1347.912 1347.922 1347.932 1347.932 1347.932 1347.932 1347.932 1347.932 1347.932 1347.932 1347.932 1347.932 1347.923 1347.913 1347.903 1347.893 1347.879 1347.859 1347.839 1347.819 1347.799 1347.796 1347.796 1347.796 1347.796 1347.81 1347.855 1347.9 1347.945 1347.99
1345.076 1345.107 1345.138 1345.17 1345.208 1345.264 1345.321 1345.377 1345.434 1345.484 1345.533 1345.583 1345.631 1345.679 1345.72 1345.762 1345.803 1345.845 1345.945 1346.075 1346.205 1346.335 1346.463 1346.578 1346.693 1346.808 1346.923 1347.049 1347.183 1347.317 1347.45 1347.579 1347.62 1347.662 1347.703 1347.745 1347.776 1347.796 1347.817 1347.838 1347.859 1347.859 1347.859 1347.859 1347.859 1347.859 1347.859 1347.859 1347.859 1347.859 1347.84 1347.819 1347.798 1347.778 1347.749 1347.708 1347.666 1347.625 1347.583 1347.576 1347.576 1347.576 1347.576 1347.605 1347.698 1347.792 1347.885 1347.978
1344.943 1344.99 1345.037 1345.085 1345.129 1345.163 1345.198 1345.233 1345.268 1345.314 1345.363 1345.412 1345.461 1345.512 1345.575 1345.639 1345.702 1345.765 1345.858 1345.966 1346.075 1346.183 1346.295 1346.432 1346.568 1346.705 1346.841 1346.957 1347.058 1347.16 1347.261 1347.36 1347.423 1347.486 1347.549 1347.612 1347.659 1347.691 1347.722 1347.754 1347.785 1347.786 1347.786 1347.786 1347.786 1347.786 1347.786 1347.786 1347.786 1347.786 1347.757 1347.725 1347.694 1347.662 1347.619 1347.556 1347.493 1347.43 1347.367 1347.357 1347.357 1347.357 1347.357 1347.4 1347.542 1347.683 1347.825 1347.967
1344.809 1344.873 1344.936 1345.0 1345.049 1345.063 1345.076 1345.09 1345.103 1345.143 1345.192 1345.241 1345.29 1345.346 1345.43 1345.515 1345.6 1345.684 1345.77 1345.857 1345.944 1346.031 1346.127 1346.285 1346.443 1346.601 1346.759 1346.865 1346.934 1347.003 1347.072 1347.142 1347.226 1347.311 1347.396 1347.48 1347.543 1347.585 1347.627 1347.669 1347.712 1347.712 1347.712 1347.712 1347.712 1347.712 1347.712 1347.712 1347.712 1347.712 1347.674 1347.631 1347.589 1347.547 1347.489 1347.404 1347.32 1347.235 1347.15 1347.137 1347.137 1347.137 1347.137 1347.195 1347.385 1347.575 1347.766 1347.956
1344.666 1344.734 1344.801 1344.868 1344.921 1344.933 1344.945 1344.957 1344.969 1345.01 1345.061 1345.112 1345.163 1345.222 1345.312 1345.402 1345.492 1345.582 1345.665 1345.744 1345.824 1345.903 1345.994 1346.157 1346.32 1346.484 1346.647 1346.74 1346.785 1346.83 1346.875 1346.923 1347.032 1347.14 1347.248 1347.356 1347.431 1347.476 1347.521 1347.566 1347.611 1347.612 1347.612 1347.612 1347.612 1347.612 1347.612 1347.612 1347.612 1347.612 1347.571 1347.526 1347.481 1347.436 1347.374 1347.284 1347.194 1347.104 1347.014 1347.0 1347.0 1347.0 1347.0 1347.063 1347.272 1347.48 1347.688 1347.896
1344.507 1344.558 1344.609 1344.66 1344.71 1344.754 1344.799 1344.843 1344.888 1344.941 1344.997 1345.054 1345.11 1345.169 1345.237 1345.306 1345.374 1345.442 1345.529 1345.625 1345.72 1345.816 1345.918 1346.059 1346.201 1346.343 1346.485 1346.563 1346.597 1346.631 1346.665 1346.705 1346.84 1346.975 1347.11 1347.245 1347.328 1347.362 1347.396 1347.43 1347.464 1347.465 1347.465 1347.465 1347.465 1347.465 1347.465 1347.465 1347.465 1347.465 1347.434 1347.4 1347.365 1347.331 1347.284 1347.216 1347.148 1347.079 1347.011 1347.0 1347.0 1347.0 1347.0 1347.054 1347.229 1347.406 1347.582 1347.757
1344.347 1344.382 1344.417 1344.452 1344.499 1344.576 1344.652 1344.729 1344.806 1344.872 1344.933 1344.995 1345.057 1345.116 1345.162 1345.209 1345.256 1345.303 1345.393 1345.505 1345.617 1345.729 1345.842 1345.962 1346.082 1346.203 1346.323 1346.385 1346.409 1346.432 1346.456 1346.487 1346.649 1346.811 1346.973 1347.135 1347.224 1347.248 1347.271 1347.295 1347.318 1347.318 1347.318 1347.318 1347.318 1347.318 1347.318 1347.318 1347.318 1347.318 1347.297 1347.274 1347.25 1347.227 1347.195 1347.148 1347.101 1347.054 1347.007 1347.0 1347.0 1347.0 1347.0 1347.044 1347.187 1347.331 1347.475 1347.618
1344.187 1344.206 1344.225 1344.244 1344.288 1344.397 1344.506 1344.615 1344.724 1344.802 1344.869 1344.937 1345.004 1345.063 1345.088 1345.113 1345.138 1345.164 1345.257 1345.385 1345.513 1345.641 1345.766 1345.864 1345.963 1346.062 1346.161 1346.208 1346.221 1346.233 1346.246 1346.269 1346.458 1346.647 1346.835 1347.024 1347.121 1347.134 1347.146 1347.159 1347.172 1347.172 1347.172 1347.172 1347.172 1347.172 1347.172 1347.172 1347.172 1347.172 1347.16 1347.148 1347.135 1347.123 1347.105 1347.08 1347.055 1347.029 1347.004 1347.0 1347.0 1347.0 1347.0 1347.034 1347.145 1347.257 1347.368 1347.479
1344.028 1344.031 1344.033 1344.036 1344.077 1344.219 1344.36 1344.501 1344.642 1344.733 1344.806 1344.878 1344.951 1345.009 1345.013 1345.017 1345.021 1345.024 1345.122 1345.266 1345.41 1345.554 1345.69 1345.767 1345.844 1345.921 1345.998 1346.031 1346.033 1346.035 1346.036 1346.051 1346.266 1346.482 1346.698 1346.914 1347.018 1347.02 1347.022 1347.024 1347.026 1347.026 1347.026 1347.026 1347.026 1347.026 1347.026 1347.026 1347.026 1347.026 1347.024 1347.022 1347.02 1347.018 1347.016 1347.012 1347.008 1347.004 1347.001 1347.0 1347.0 1347.0 1347.0 1347.024 1347.103 1347.182 1347.261 1347.34
1343.879 1343.879 1343.879 1343.879 1343.919 1344.066 1344.213 1344.36 1344.507 1344.593 1344.658 1344.723 1344.787 1344.84 1344.849 1344.858 1344.867 1344.876 1344.977 1345.124 1345.271 1345.418 1345.556 1345.639 1345.721 1345.804 1345.886 1345.93 1345.948 1345.965 1345.983 1346.01 1346.191 1346.371 1346.552 1346.732 1346.818 1346.818 1346.818 1346.818 1346.818 1346.832 1346.845 1346.858 1346.872 1346.887 1346.905 1346.922 1346.94 1346.958 1346.968 1346.977 1346.986 1346.995 1347.0 1347.0 1347.0 1347.0 1347.0 1347.0 1347.0 1347.0 1347.0 1347.022 1347.096 1347.169 1347.243 1347.316
