data/zism_data/00954_02_D.txt
ncols         224
nrows         224
[rows 28 to 55 of 224, columns 126 to 188 of 224]
1307.331 1303.311 1299.291 1295.271 1290.989 1286.386 1281.783 1277.179 1272.576 1267.002 1261.336 1255.669 1250.002 1245.292 1242.162 1239.032 1235.902 1232.773 1232.805 1233.438 1234.07 1234.702 1235.837 1238.121 1240.405 1242.689 1244.973 1246.116 1246.914 1247.712 1248.51 1249.428 1250.744 1252.06 1253.377 1254.693 1256.237 1257.882 1259.527 1261.172 1262.295 1260.672 1259.048 1257.424 1255.801 1252.698 1248.7 1244.703 1240.705 1236.725 1232.935 1229.144 1225.354 1221.563 1217.036 1211.91 1206.784 1201.657 1196.483 1188.059 1179.635 1171.211 1162.787
1309.309 1305.425 1301.54 1297.656 1293.755 1289.835 1285.915 1281.995 1278.075 1272.749 1267.288 1261.827 1256.367 1251.758 1248.558 1245.358 1242.157 1238.957 1238.7 1239.002 1239.304 1239.605 1240.494 1242.723 1244.953 1247.183 1249.413 1250.664 1251.619 1252.574 1253.529 1254.627 1256.198 1257.769 1259.34 1260.911 1262.45 1263.976 1265.501 1267.027 1267.987 1265.968 1263.948 1261.929 1259.91 1256.576 1252.449 1248.321 1244.193 1240.071 1236.009 1231.948 1227.886 1223.824 1219.308 1214.42 1209.532 1204.644 1199.712 1191.771 1183.829 1175.888 1167.946
1310.257 1306.658 1303.059 1299.46 1295.966 1292.599 1289.232 1285.865 1282.498 1277.54 1272.43 1267.319 1262.209 1257.818 1254.617 1251.415 1248.214 1245.012 1244.591 1244.698 1244.805 1244.911 1245.609 1247.657 1249.706 1251.755 1253.803 1255.106 1256.184 1257.262 1258.339 1259.567 1261.292 1263.017 1264.742 1266.466 1267.931 1269.283 1270.634 1271.985 1272.714 1270.157 1267.6 1265.044 1262.487 1258.78 1254.378 1249.976 1245.574 1241.183 1236.911 1232.639 1228.367 1224.095 1219.578 1214.862 1210.147 1205.431 1200.672 1192.974 1185.275 1177.577 1169.878
1310.299 1307.118 1303.937 1300.755 1297.688 1294.76 1291.832 1288.905 1285.977 1281.492 1276.859 1272.226 1267.593 1263.522 1260.38 1257.238 1254.096 1250.954 1250.479 1250.51 1250.541 1250.571 1251.127 1252.883 1254.639 1256.394 1258.15 1259.456 1260.626 1261.796 1262.966 1264.28 1266.07 1267.859 1269.649 1271.439 1272.769 1273.898 1275.027 1276.156 1276.592 1273.374 1270.156 1266.938 1263.72 1259.514 1254.711 1249.907 1245.104 1240.333 1235.904 1231.475 1227.045 1222.616 1218.091 1213.49 1208.888 1204.286 1199.64 1191.974 1184.308 1176.642 1168.976
1310.342 1307.578 1304.814 1302.05 1299.41 1296.921 1294.433 1291.944 1289.456 1285.445 1281.289 1277.133 1272.977 1269.225 1266.143 1263.061 1259.979 1256.896 1256.367 1256.322 1256.276 1256.231 1256.645 1258.108 1259.571 1261.034 1262.497 1263.806 1265.068 1266.33 1267.593 1268.992 1270.847 1272.702 1274.557 1276.412 1277.607 1278.514 1279.42 1280.327 1280.471 1276.591 1272.712 1268.833 1264.953 1260.248 1255.043 1249.839 1244.634 1239.483 1234.897 1230.31 1225.724 1221.137 1216.605 1212.117 1207.629 1203.141 1198.607 1190.974 1183.34 1175.707 1168.073
1310.384 1308.038 1305.692 1303.345 1301.132 1299.083 1297.033 1294.984 1292.934 1289.397 1285.718 1282.039 1278.36 1274.929 1271.906 1268.884 1265.861 1262.839 1262.255 1262.134 1262.012 1261.891 1262.163 1263.333 1264.504 1265.674 1266.844 1268.156 1269.51 1270.865 1272.219 1273.704 1275.624 1277.544 1279.464 1281.384 1282.445 1283.129 1283.814 1284.498 1284.35 1279.809 1275.268 1270.727 1266.186 1260.982 1255.376 1249.77 1244.164 1238.634 1233.89 1229.146 1224.402 1219.658 1215.118 1210.744 1206.37 1201.996 1197.575 1189.974 1182.373 1174.772 1167.171
1310.391 1308.464 1306.536 1304.608 1302.822 1301.21 1299.597 1297.985 1296.372 1293.309 1290.108 1286.906 1283.705 1280.595 1277.637 1274.68 1271.722 1268.765 1268.129 1267.933 1267.737 1267.542 1267.673 1268.552 1269.431 1270.31 1271.189 1272.502 1273.945 1275.389 1276.833 1278.401 1280.381 1282.362 1284.343 1286.323 1287.248 1287.711 1288.174 1288.637 1288.198 1283.0 1277.802 1272.604 1267.406 1261.698 1255.683 1249.667 1243.651 1237.732 1232.83 1227.928 1223.026 1218.124 1213.574 1209.311 1205.049 1200.786 1196.476 1188.906 1181.335 1173.765 1166.195
1307.948 1306.535 1305.122 1303.71 1302.337 1301.011 1299.686 1298.361 1297.036 1294.453 1291.75 1289.048 1286.345 1283.708 1281.178 1278.649 1276.12 1273.59 1273.045 1272.877 1272.708 1272.54 1272.631 1273.315 1273.998 1274.682 1275.366 1276.55 1277.885 1279.22 1280.556 1281.985 1283.727 1285.469 1287.211 1288.953 1289.696 1290.002 1290.308 1290.614 1289.985 1284.423 1278.862 1273.301 1267.74 1261.257 1254.216 1247.175 1240.135 1233.261 1228.137 1223.012 1217.888 1212.764 1208.09 1203.784 1199.478 1195.172 1190.818 1183.15 1175.482 1167.815 1160.147
1305.504 1304.607 1303.709 1302.812 1301.851 1300.813 1299.775 1298.737 1297.7 1295.597 1293.393 1291.189 1288.985 1286.82 1284.719 1282.618 1280.517 1278.416 1277.962 1277.821 1277.679 1277.538 1277.588 1278.077 1278.566 1279.054 1279.543 1280.598 1281.825 1283.052 1284.279 1285.569 1287.073 1288.577 1290.08 1291.584 1292.145 1292.293 1292.442 1292.591 1291.771 1285.847 1279.922 1273.998 1268.074 1260.815 1252.75 1244.684 1236.619 1228.79 1223.444 1218.097 1212.751 1207.404 1202.607 1198.258 1193.908 1189.559 1185.16 1177.395 1169.629 1161.864 1154.099
1303.061 1302.678 1302.296 1301.913 1301.365 1300.615 1299.864 1299.114 1298.363 1296.741 1295.036 1293.331 1291.625 1289.932 1288.26 1286.587 1284.914 1283.241 1282.879 1282.764 1282.65 1282.536 1282.546 1282.839 1283.133 1283.426 1283.72 1284.647 1285.765 1286.883 1288.001 1289.154 1290.419 1291.684 1292.949 1294.214 1294.593 1294.584 1294.576 1294.567 1293.558 1287.27 1280.983 1274.695 1268.407 1260.373 1251.283 1242.193 1233.104 1224.32 1218.751 1213.182 1207.613 1202.045 1197.123 1192.731 1188.338 1183.946 1179.502 1171.64 1163.776 1155.914 1148.051
1300.617 1300.75 1300.882 1301.015 1300.88 1300.416 1299.953 1299.49 1299.027 1297.885 1296.679 1295.472 1294.266 1293.045 1291.8 1290.556 1289.311 1288.067 1287.795 1287.708 1287.621 1287.534 1287.503 1287.601 1287.7 1287.798 1287.896 1288.695 1289.705 1290.715 1291.724 1292.738 1293.765 1294.791 1295.818 1296.844 1297.041 1296.875 1296.71 1296.544 1295.344 1288.693 1282.043 1275.392 1268.741 1259.931 1249.817 1239.702 1229.588 1219.849 1214.058 1208.267 1202.476 1196.685 1191.64 1187.204 1182.768 1178.332 1173.845 1165.884 1157.924 1149.963 1142.003
1296.626 1297.338 1298.05 1298.762 1299.074 1298.896 1298.717 1298.539 1298.36 1297.716 1297.027 1296.338 1295.649 1294.89 1294.015 1293.139 1292.264 1291.388 1291.221 1291.188 1291.155 1291.122 1291.099 1291.099 1291.099 1291.099 1291.099 1291.752 1292.602 1293.452 1294.303 1295.135 1295.91 1296.684 1297.459 1298.233 1298.02 1297.374 1296.728 1296.082 1294.355 1286.932 1279.509 1272.086 1264.663 1255.325 1244.829 1234.333 1223.837 1213.742 1207.858 1201.974 1196.089 1190.205 1185.043 1180.469 1175.895 1171.322 1166.702 1158.959 1151.216 1143.473 1135.729
1291.064 1292.421 1293.779 1295.136 1295.93 1296.033 1296.137 1296.24 1296.344 1296.214 1296.062 1295.909 1295.757 1295.449 1294.883 1294.316 1293.75 1293.183 1293.134 1293.182 1293.23 1293.278 1293.312 1293.312 1293.312 1293.312 1293.312 1293.803 1294.442 1295.08 1295.719 1296.328 1296.837 1297.346 1297.854 1298.363 1297.507 1296.053 1294.599 1293.146 1290.551 1281.94 1273.33 1264.72 1256.109 1246.493 1236.268 1226.043 1215.818 1205.974 1200.127 1194.281 1188.435 1182.589 1177.315 1172.508 1167.701 1162.895 1158.053 1150.847 1143.64 1136.434 1129.227
1285.502 1287.505 1289.507 1291.51 1292.786 1293.171 1293.556 1293.942 1294.327 1294.712 1295.096 1295.481 1295.865 1296.008 1295.751 1295.494 1295.236 1294.979 1295.047 1295.176 1295.306 1295.435 1295.525 1295.525 1295.525 1295.525 1295.525 1295.854 1296.281 1296.709 1297.136 1297.521 1297.764 1298.007 1298.25 1298.493 1296.994 1294.732 1292.471 1290.209 1286.746 1276.948 1267.151 1257.353 1247.555 1237.66 1227.706 1217.752 1207.799 1198.205 1192.397 1186.589 1180.78 1174.972 1169.587 1164.547 1159.507 1154.468 1149.404 1142.734 1136.064 1129.395 1122.725
1279.94 1282.588 1285.236 1287.883 1289.641 1290.309 1290.976 1291.643 1292.31 1293.21 1294.131 1295.052 1295.974 1296.567 1296.619 1296.671 1296.722 1296.774 1296.96 1297.17 1297.381 1297.592 1297.739 1297.739 1297.739 1297.739 1297.739 1297.905 1298.121 1298.337 1298.553 1298.713 1298.691 1298.668 1298.646 1298.623 1296.481 1293.412 1290.343 1287.273 1282.942 1271.957 1260.972 1249.987 1239.002 1228.828 1219.145 1209.462 1199.78 1190.437 1184.667 1178.897 1173.126 1167.356 1161.859 1156.586 1151.313 1146.04 1140.755 1134.622 1128.489 1122.356 1116.223
1274.379 1277.672 1280.964 1284.257 1286.497 1287.446 1288.395 1289.345 1290.294 1291.708 1293.166 1294.624 1296.082 1297.126 1297.487 1297.848 1298.209 1298.569 1298.872 1299.165 1299.457 1299.749 1299.952 1299.952 1299.952 1299.952 1299.952 1299.956 1299.96 1299.965 1299.969 1299.906 1299.618 1299.33 1299.042 1298.753 1295.969 1292.091 1288.214 1284.337 1279.138 1266.965 1254.793 1242.62 1230.448 1219.996 1210.584 1201.172 1191.761 1182.669 1176.937 1171.204 1165.472 1159.74 1154.132 1148.626 1143.119 1137.613 1132.106 1126.51 1120.913 1115.317 1109.721
1268.694 1272.287 1275.88 1279.473 1282.105 1283.559 1285.013 1286.467 1287.921 1289.69 1291.488 1293.287 1295.085 1296.274 1296.456 1296.638 1296.82 1297.001 1296.881 1296.702 1296.524 1296.346 1296.2 1296.125 1296.051 1295.977 1295.902 1295.885 1295.885 1295.885 1295.885 1295.726 1295.04 1294.353 1293.667 1292.98 1289.195 1284.054 1278.913 1273.771 1267.618 1256.125 1244.633 1233.14 1221.648 1211.925 1203.272 1194.62 1185.967 1177.555 1171.67 1165.784 1159.899 1154.014 1148.378 1142.947 1137.515 1132.083 1126.665 1122.157 1117.649 1113.142 1108.634
1263.006 1266.892 1270.778 1274.664 1277.686 1279.65 1281.613 1283.577 1285.54 1287.66 1289.795 1291.929 1294.064 1295.391 1295.383 1295.375 1295.367 1295.359 1294.803 1294.142 1293.481 1292.821 1292.315 1292.165 1292.015 1291.865 1291.715 1291.68 1291.68 1291.68 1291.68 1291.428 1290.34 1289.252 1288.165 1287.077 1282.283 1275.868 1269.453 1263.038 1255.928 1245.156 1234.385 1223.614 1212.842 1203.871 1195.988 1188.105 1180.223 1172.5 1166.457 1160.415 1154.372 1148.329 1142.668 1137.318 1131.968 1126.617 1121.295 1117.888 1114.481 1111.073 1107.666
1257.319 1261.497 1265.676 1269.855 1273.267 1275.74 1278.213 1280.687 1283.16 1285.631 1288.101 1290.572 1293.043 1294.508 1294.31 1294.113 1293.915 1293.717 1292.725 1291.582 1290.438 1289.295 1288.431 1288.205 1287.979 1287.753 1287.527 1287.474 1287.474 1287.474 1287.474 1287.129 1285.64 1284.151 1282.662 1281.174 1275.372 1267.682 1259.993 1252.304 1244.238 1234.188 1224.138 1214.087 1204.037 1195.817 1188.704 1181.591 1174.478 1167.445 1161.245 1155.045 1148.845 1142.645 1136.958 1131.689 1126.42 1121.151 1115.925 1113.619 1111.312 1109.005 1106.698
1251.631 1256.102 1260.574 1265.045 1268.848 1271.831 1274.813 1277.796 1280.779 1283.601 1286.408 1289.215 1292.022 1293.625 1293.238 1292.85 1292.463 1292.075 1290.647 1289.021 1287.395 1285.77 1284.547 1284.245 1283.943 1283.641 1283.339 1283.269 1283.269 1283.269 1283.269 1282.831 1280.94 1279.05 1277.16 1275.27 1268.46 1259.496 1250.533 1241.57 1232.549 1223.219 1213.89 1204.56 1195.231 1187.763 1181.42 1175.077 1168.734 1162.389 1156.032 1149.675 1143.318 1136.961 1131.248 1126.061 1120.873 1115.685 1110.555 1109.349 1108.143 1106.937 1105.731
1248.492 1253.119 1257.745 1262.372 1266.399 1269.689 1272.979 1276.269 1279.56 1282.369 1285.133 1287.896 1290.66 1292.123 1291.436 1290.749 1290.062 1289.375 1287.424 1285.233 1283.043 1280.852 1279.13 1278.48 1277.83 1277.18 1276.53 1276.355 1276.322 1276.29 1276.257 1275.764 1273.745 1271.726 1269.707 1267.687 1260.587 1251.263 1241.94 1232.616 1223.392 1214.697 1206.001 1197.305 1188.61 1181.617 1175.655 1169.692 1163.73 1157.732 1151.365 1144.998 1138.631 1132.264 1126.782 1122.023 1117.263 1112.504 1107.809 1107.451 1107.093 1106.736 1106.378
1248.339 1252.96 1257.582 1262.203 1266.258 1269.619 1272.98 1276.34 1279.701 1282.071 1284.347 1286.622 1288.898 1289.896 1288.781 1287.665 1286.55 1285.435 1282.859 1280.007 1277.155 1274.303 1271.918 1270.602 1269.285 1267.968 1266.651 1266.267 1266.164 1266.061 1265.958 1265.455 1263.625 1261.796 1259.966 1258.137 1251.588 1242.975 1234.361 1225.748 1217.206 1209.042 1200.877 1192.713 1184.549 1177.709 1171.671 1165.632 1159.594 1153.541 1147.336 1141.132 1134.927 1128.723 1123.774 1119.85 1115.925 1112.001 1108.136 1108.332 1108.527 1108.722 1108.917
1248.186 1252.802 1257.418 1262.034 1266.118 1269.549 1272.98 1276.411 1279.842 1281.773 1283.561 1285.349 1287.136 1287.669 1286.125 1284.582 1283.038 1281.494 1278.295 1274.781 1271.268 1267.754 1264.707 1262.723 1260.739 1258.756 1256.772 1256.179 1256.006 1255.832 1255.659 1255.145 1253.506 1251.866 1250.226 1248.587 1242.59 1234.686 1226.783 1218.88 1211.02 1203.387 1195.754 1188.12 1180.488 1173.801 1167.686 1161.572 1155.458 1149.349 1143.308 1137.266 1131.224 1125.183 1120.767 1117.677 1114.588 1111.498 1108.464 1109.212 1109.961 1110.709 1111.457
1248.033 1252.644 1257.254 1261.865 1265.977 1269.479 1272.981 1276.482 1279.984 1281.475 1282.775 1284.075 1285.375 1285.442 1283.47 1281.498 1279.526 1277.554 1273.73 1269.555 1265.38 1261.206 1257.495 1254.844 1252.194 1249.544 1246.893 1246.091 1245.847 1245.603 1245.359 1244.836 1243.386 1241.936 1240.486 1239.036 1233.591 1226.398 1219.205 1212.012 1204.833 1197.732 1190.63 1183.528 1176.426 1169.892 1163.702 1157.512 1151.322 1145.158 1139.279 1133.4 1127.521 1121.642 1117.759 1115.504 1113.25 1110.995 1108.792 1110.093 1111.394 1112.695 1113.997
1247.88 1252.485 1257.09 1261.696 1265.837 1269.409 1272.981 1276.553 1280.125 1281.177 1281.989 1282.801 1283.613 1283.214 1280.814 1278.414 1276.014 1273.614 1269.166 1264.329 1259.493 1254.657 1250.283 1246.966 1243.648 1240.331 1237.014 1236.003 1235.689 1235.375 1235.06 1234.527 1233.266 1232.006 1230.746 1229.486 1224.593 1218.11 1211.627 1205.144 1198.647 1192.077 1185.506 1178.936 1172.365 1165.984 1159.718 1153.452 1147.186 1140.967 1135.251 1129.534 1123.818 1118.101 1114.751 1113.331 1111.911 1110.492 1109.119 1110.974 1112.828 1114.682 1116.536
1251.577 1256.202 1260.827 1265.453 1269.506 1272.857 1276.208 1279.56 1282.911 1283.405 1283.627 1283.849 1284.07 1283.058 1280.005 1276.951 1273.898 1270.845 1266.072 1260.973 1255.873 1250.774 1246.036 1242.124 1238.211 1234.299 1230.386 1229.062 1228.518 1227.975 1227.432 1226.767 1225.702 1224.637 1223.572 1222.506 1218.22 1212.524 1206.828 1201.132 1195.311 1188.832 1182.354 1175.875 1169.396 1162.974 1156.586 1150.198 1143.81 1137.526 1132.335 1127.144 1121.953 1116.762 1114.287 1114.03 1113.772 1113.514 1113.287 1115.147 1117.008 1118.868 1120.729
1255.509 1260.155 1264.802 1269.449 1273.407 1276.52 1279.633 1282.746 1285.858 1285.787 1285.412 1285.038 1284.663 1283.028 1279.308 1275.588 1271.868 1268.147 1263.068 1257.73 1252.392 1247.054 1241.97 1237.467 1232.963 1228.46 1223.956 1222.312 1221.53 1220.748 1219.966 1219.164 1218.294 1217.424 1216.554 1215.684 1212.007 1207.102 1202.198 1197.294 1192.149 1185.735 1179.322 1172.908 1166.495 1160.019 1153.506 1146.993 1140.481 1134.13 1129.487 1124.844 1120.2 1115.557 1113.979 1114.903 1115.827 1116.751 1117.688 1119.522 1121.355 1123.189 1125.022
1259.44 1264.109 1268.778 1273.446 1277.309 1280.183 1283.057 1285.932 1288.806 1288.169 1287.198 1286.227 1285.256 1282.998 1278.611 1274.224 1269.837 1265.45 1260.063 1254.487 1248.911 1243.334 1237.905 1232.81 1227.716 1222.622 1217.527 1215.562 1214.542 1213.521 1212.501 1211.561 1210.886 1210.211 1209.536 1208.861 1205.795 1201.682 1197.569 1193.456 1188.986 1182.638 1176.29 1169.941 1163.593 1157.064 1150.427 1143.789 1137.151 1130.735 1126.639 1122.543 1118.447 1114.351 1113.671 1115.777 1117.883 1119.989 1122.09 1123.897 1125.703 1127.509 1129.316
