data/zism_data/00951_03_D.txt
ncols         224
nrows         224
[rows 0 to 28 of 224, columns 130 to 194 of 224]
1365.082 1365.167 1365.43 1365.694 1365.958 1366.221 1366.377 1366.492 1366.606 1366.721 1366.836 1366.952 1367.069 1367.186 1367.302 1367.437 1367.582 1367.727 1367.872 1368.005 1368.048 1368.091 1368.135 1368.178 1368.299 1368.476 1368.653 1368.83 1369.0 1369.0 1369.0 1369.0 1369.0 1369.049 1369.146 1369.244 1369.341 1369.438 1369.481 1369.522 1369.563 1369.604 1369.663 1369.745 1369.827 1369.91 1369.992 1370.0 1370.0 1370.0 1370.0 1370.012 1370.044 1370.077 1370.109 1370.141 1370.302 1370.49 1370.678 1370.866 1371.019 1371.084 1371.148 1371.213 1371.278
1365.123 1365.221 1365.507 1365.792 1366.077 1366.362 1366.512 1366.611 1366.709 1366.807 1366.913 1367.051 1367.19 1367.328 1367.466 1367.584 1367.691 1367.798 1367.905 1368.008 1368.072 1368.137 1368.202 1368.267 1368.384 1368.54 1368.695 1368.851 1369.0 1369.0 1369.0 1369.0 1369.0 1369.074 1369.22 1369.365 1369.511 1369.657 1369.686 1369.71 1369.735 1369.76 1369.796 1369.846 1369.895 1369.945 1369.995 1370.0 1370.0 1370.0 1370.0 1370.018 1370.066 1370.115 1370.163 1370.212 1370.362 1370.534 1370.706 1370.878 1371.028 1371.125 1371.223 1371.32 1371.417
1365.164 1365.276 1365.583 1365.89 1366.197 1366.503 1366.647 1366.73 1366.812 1366.894 1366.991 1367.151 1367.311 1367.47 1367.63 1367.731 1367.8 1367.87 1367.939 1368.01 1368.096 1368.183 1368.269 1368.356 1368.47 1368.604 1368.738 1368.872 1369.0 1369.0 1369.0 1369.0 1369.0 1369.099 1369.293 1369.487 1369.682 1369.876 1369.89 1369.899 1369.908 1369.916 1369.929 1369.946 1369.964 1369.981 1369.998 1370.0 1370.0 1370.0 1370.0 1370.023 1370.088 1370.153 1370.218 1370.283 1370.422 1370.578 1370.734 1370.89 1371.038 1371.167 1371.297 1371.426 1371.556
1365.253 1365.39 1365.729 1366.067 1366.406 1366.744 1366.885 1366.951 1367.017 1367.083 1367.165 1367.319 1367.473 1367.627 1367.781 1367.863 1367.907 1367.951 1367.995 1368.046 1368.149 1368.252 1368.355 1368.458 1368.566 1368.679 1368.791 1368.904 1369.012 1369.017 1369.022 1369.027 1369.032 1369.142 1369.355 1369.568 1369.781 1369.994 1370.0 1370.0 1370.0 1370.0 1370.0 1370.0 1370.0 1370.0 1370.0 1370.0 1370.0 1370.0 1370.0 1370.028 1370.107 1370.185 1370.264 1370.342 1370.48 1370.629 1370.778 1370.928 1371.077 1371.224 1371.371 1371.518 1371.665
1365.396 1365.573 1365.954 1366.336 1366.718 1367.099 1367.241 1367.29 1367.34 1367.39 1367.452 1367.568 1367.684 1367.801 1367.917 1367.979 1368.012 1368.045 1368.078 1368.121 1368.234 1368.348 1368.462 1368.576 1368.676 1368.767 1368.858 1368.949 1369.036 1369.052 1369.068 1369.084 1369.1 1369.207 1369.404 1369.601 1369.798 1369.994 1370.0 1370.0 1370.0 1370.0 1370.0 1370.0 1370.0 1370.0 1370.0 1370.0 1370.0 1370.0 1370.0 1370.032 1370.122 1370.211 1370.3 1370.39 1370.533 1370.688 1370.843 1370.998 1371.15 1371.297 1371.444 1371.591 1371.738
1365.54 1365.755 1366.18 1366.605 1367.03 1367.455 1367.596 1367.63 1367.663 1367.697 1367.739 1367.817 1367.896 1367.974 1368.052 1368.094 1368.116 1368.139 1368.161 1368.195 1368.32 1368.445 1368.569 1368.694 1368.786 1368.856 1368.925 1368.994 1369.062 1369.088 1369.115 1369.141 1369.168 1369.273 1369.453 1369.634 1369.814 1369.995 1370.0 1370.0 1370.0 1370.0 1370.0 1370.0 1370.0 1370.0 1370.0 1370.0 1370.0 1370.0 1370.0 1370.036 1370.136 1370.236 1370.337 1370.437 1370.586 1370.747 1370.907 1371.067 1371.224 1371.371 1371.518 1371.665 1371.812
1365.683 1365.938 1366.406 1366.874 1367.342 1367.81 1367.952 1367.969 1367.987 1368.004 1368.026 1368.066 1368.107 1368.147 1368.188 1368.209 1368.221 1368.233 1368.244 1368.27 1368.406 1368.541 1368.676 1368.812 1368.896 1368.944 1368.992 1369.039 1369.086 1369.124 1369.161 1369.199 1369.236 1369.338 1369.502 1369.667 1369.831 1369.995 1370.0 1370.0 1370.0 1370.0 1370.0 1370.0 1370.0 1370.0 1370.0 1370.0 1370.0 1370.0 1370.0 1370.04 1370.151 1370.262 1370.373 1370.484 1370.64 1370.806 1370.971 1371.137 1371.297 1371.444 1371.591 1371.738 1371.885
1365.827 1366.121 1366.632 1367.143 1367.655 1368.166 1368.307 1368.309 1368.31 1368.311 1368.313 1368.315 1368.318 1368.321 1368.323 1368.325 1368.326 1368.326 1368.327 1368.345 1368.491 1368.637 1368.783 1368.93 1369.006 1369.032 1369.058 1369.084 1369.111 1369.16 1369.208 1369.256 1369.304 1369.403 1369.551 1369.699 1369.848 1369.996 1370.0 1370.0 1370.0 1370.0 1370.0 1370.0 1370.0 1370.0 1370.0 1370.0 1370.0 1370.0 1370.0 1370.044 1370.166 1370.287 1370.409 1370.531 1370.693 1370.864 1371.035 1371.206 1371.37 1371.517 1371.665 1371.812 1371.958
1366.088 1366.399 1366.883 1367.368 1367.852 1368.336 1368.47 1368.47 1368.47 1368.47 1368.47 1368.47 1368.47 1368.47 1368.47 1368.47 1368.47 1368.47 1368.47 1368.483 1368.6 1368.717 1368.834 1368.951 1369.02 1369.055 1369.089 1369.124 1369.16 1369.229 1369.298 1369.367 1369.436 1369.529 1369.646 1369.763 1369.88 1369.997 1370.0 1370.0 1370.0 1370.0 1370.0 1370.0 1370.0 1370.0 1370.0 1370.041 1370.086 1370.131 1370.176 1370.245 1370.358 1370.47 1370.583 1370.695 1370.852 1371.019 1371.185 1371.351 1371.503 1371.62 1371.737 1371.854 1371.971
1366.357 1366.684 1367.136 1367.588 1368.04 1368.492 1368.617 1368.617 1368.617 1368.617 1368.617 1368.617 1368.617 1368.617 1368.617 1368.617 1368.617 1368.617 1368.617 1368.626 1368.711 1368.795 1368.88 1368.964 1369.026 1369.072 1369.117 1369.162 1369.209 1369.3 1369.391 1369.481 1369.572 1369.659 1369.744 1369.828 1369.913 1369.998 1370.0 1370.0 1370.0 1370.0 1370.0 1370.0 1370.0 1370.0 1370.0 1370.084 1370.178 1370.271 1370.365 1370.462 1370.563 1370.665 1370.767 1370.868 1371.019 1371.18 1371.341 1371.502 1371.641 1371.726 1371.81 1371.895 1371.979
1366.627 1366.97 1367.39 1367.809 1368.229 1368.648 1368.764 1368.764 1368.764 1368.764 1368.764 1368.764 1368.764 1368.764 1368.764 1368.764 1368.764 1368.764 1368.764 1368.77 1368.822 1368.874 1368.926 1368.978 1369.032 1369.089 1369.145 1369.201 1369.259 1369.372 1369.484 1369.596 1369.708 1369.79 1369.842 1369.894 1369.946 1369.999 1370.0 1370.0 1370.0 1370.0 1370.0 1370.0 1370.0 1370.0 1370.0 1370.128 1370.27 1370.412 1370.555 1370.678 1370.769 1370.86 1370.951 1371.042 1371.186 1371.342 1371.497 1371.653 1371.779 1371.831 1371.883 1371.935 1371.987
1366.897 1367.255 1367.643 1368.03 1368.417 1368.804 1368.911 1368.911 1368.911 1368.911 1368.911 1368.911 1368.911 1368.911 1368.911 1368.911 1368.911 1368.911 1368.911 1368.913 1368.932 1368.952 1368.972 1368.992 1369.039 1369.106 1369.173 1369.24 1369.309 1369.443 1369.577 1369.711 1369.845 1369.921 1369.94 1369.96 1369.98 1369.999 1370.0 1370.0 1370.0 1370.0 1370.0 1370.0 1370.0 1370.0 1370.0 1370.172 1370.362 1370.553 1370.744 1370.895 1370.975 1371.055 1371.135 1371.215 1371.353 1371.503 1371.654 1371.804 1371.916 1371.936 1371.956 1371.975 1371.995
1367.073 1367.429 1367.797 1368.164 1368.531 1368.899 1369.011 1369.026 1369.04 1369.055 1369.068 1369.07 1369.072 1369.074 1369.076 1369.074 1369.07 1369.065 1369.061 1369.057 1369.057 1369.057 1369.057 1369.057 1369.1 1369.174 1369.247 1369.321 1369.397 1369.531 1369.665 1369.8 1369.934 1370.0 1370.0 1370.0 1370.0 1370.0 1370.0 1370.0 1370.0 1370.0 1370.0 1370.0 1370.0 1370.0 1370.0 1370.198 1370.419 1370.639 1370.859 1371.028 1371.106 1371.184 1371.261 1371.339 1371.47 1371.613 1371.756 1371.899 1372.0 1372.0 1372.0 1372.0 1372.0
1367.101 1367.429 1367.797 1368.164 1368.531 1368.899 1369.038 1369.091 1369.143 1369.196 1369.24 1369.247 1369.255 1369.262 1369.27 1369.263 1369.248 1369.233 1369.218 1369.204 1369.204 1369.204 1369.204 1369.204 1369.247 1369.321 1369.394 1369.468 1369.542 1369.644 1369.746 1369.848 1369.95 1370.0 1370.0 1370.0 1370.0 1370.0 1370.0 1370.0 1370.0 1370.0 1370.0 1370.0 1370.0 1370.0 1370.0 1370.198 1370.419 1370.639 1370.859 1371.032 1371.121 1371.209 1371.298 1371.386 1371.51 1371.642 1371.774 1371.906 1372.0 1372.0 1372.0 1372.0 1372.0
1367.129 1367.429 1367.797 1368.164 1368.531 1368.899 1369.065 1369.156 1369.246 1369.337 1369.412 1369.425 1369.438 1369.451 1369.464 1369.452 1369.426 1369.4 1369.374 1369.351 1369.351 1369.351 1369.351 1369.351 1369.394 1369.468 1369.541 1369.615 1369.688 1369.757 1369.827 1369.896 1369.966 1370.0 1370.0 1370.0 1370.0 1370.0 1370.0 1370.0 1370.0 1370.0 1370.0 1370.0 1370.0 1370.0 1370.0 1370.198 1370.419 1370.639 1370.859 1371.036 1371.135 1371.235 1371.334 1371.433 1371.551 1371.672 1371.793 1371.914 1372.0 1372.0 1372.0 1372.0 1372.0
1367.156 1367.429 1367.797 1368.164 1368.531 1368.899 1369.093 1369.221 1369.349 1369.477 1369.585 1369.603 1369.622 1369.64 1369.658 1369.641 1369.604 1369.568 1369.531 1369.498 1369.498 1369.498 1369.498 1369.498 1369.541 1369.615 1369.688 1369.761 1369.833 1369.87 1369.908 1369.945 1369.982 1370.0 1370.0 1370.0 1370.0 1370.0 1370.0 1370.0 1370.0 1370.0 1370.0 1370.0 1370.0 1370.0 1370.0 1370.198 1370.419 1370.639 1370.859 1371.04 1371.15 1371.26 1371.37 1371.48 1371.591 1371.701 1371.811 1371.922 1372.0 1372.0 1372.0 1372.0 1372.0
1367.184 1367.429 1367.797 1368.164 1368.531 1368.899 1369.12 1369.286 1369.452 1369.618 1369.757 1369.781 1369.805 1369.828 1369.852 1369.83 1369.782 1369.735 1369.687 1369.645 1369.645 1369.645 1369.645 1369.645 1369.688 1369.761 1369.835 1369.908 1369.979 1369.984 1369.988 1369.993 1369.998 1370.0 1370.0 1370.0 1370.0 1370.0 1370.0 1370.0 1370.0 1370.0 1370.0 1370.0 1370.0 1370.0 1370.0 1370.198 1370.419 1370.639 1370.859 1371.044 1371.165 1371.286 1371.406 1371.527 1371.631 1371.73 1371.83 1371.929 1372.0 1372.0 1372.0 1372.0 1372.0
1367.304 1367.544 1367.87 1368.196 1368.522 1368.847 1369.048 1369.201 1369.354 1369.507 1369.641 1369.693 1369.745 1369.798 1369.85 1369.848 1369.818 1369.787 1369.757 1369.73 1369.73 1369.73 1369.73 1369.73 1369.764 1369.824 1369.883 1369.943 1370.0 1370.0 1370.0 1370.0 1370.0 1370.0 1370.0 1370.0 1370.0 1370.0 1370.0 1370.0 1370.0 1370.0 1370.0 1370.0 1370.0 1370.0 1370.0 1370.198 1370.419 1370.639 1370.859 1371.039 1371.148 1371.257 1371.365 1371.474 1371.585 1371.697 1371.809 1371.921 1372.003 1372.012 1372.021 1372.03 1372.04
1367.439 1367.678 1367.956 1368.233 1368.51 1368.787 1368.959 1369.09 1369.222 1369.353 1369.476 1369.56 1369.645 1369.729 1369.814 1369.838 1369.829 1369.82 1369.811 1369.803 1369.803 1369.803 1369.803 1369.803 1369.828 1369.872 1369.915 1369.958 1370.0 1370.0 1370.0 1370.0 1370.0 1370.0 1370.0 1370.0 1370.0 1370.0 1370.0 1370.0 1370.0 1370.0 1370.0 1370.0 1370.0 1370.0 1370.0 1370.198 1370.419 1370.639 1370.859 1371.033 1371.126 1371.218 1371.311 1371.403 1371.525 1371.653 1371.781 1371.909 1372.006 1372.026 1372.046 1372.066 1372.086
1367.574 1367.813 1368.041 1368.27 1368.499 1368.727 1368.87 1368.98 1369.089 1369.199 1369.31 1369.427 1369.544 1369.661 1369.778 1369.827 1369.84 1369.853 1369.865 1369.876 1369.876 1369.876 1369.876 1369.876 1369.892 1369.92 1369.947 1369.974 1370.0 1370.0 1370.0 1370.0 1370.0 1370.0 1370.0 1370.0 1370.0 1370.0 1370.0 1370.0 1370.0 1370.0 1370.0 1370.0 1370.0 1370.0 1370.0 1370.198 1370.419 1370.639 1370.859 1371.028 1371.104 1371.18 1371.256 1371.333 1371.465 1371.609 1371.753 1371.898 1372.009 1372.04 1372.071 1372.101 1372.132
1367.709 1367.947 1368.127 1368.307 1368.487 1368.667 1368.781 1368.869 1368.957 1369.045 1369.145 1369.294 1369.444 1369.593 1369.743 1369.817 1369.851 1369.885 1369.92 1369.95 1369.95 1369.95 1369.95 1369.95 1369.956 1369.967 1369.978 1369.99 1370.0 1370.0 1370.0 1370.0 1370.0 1370.0 1370.0 1370.0 1370.0 1370.0 1370.0 1370.0 1370.0 1370.0 1370.0 1370.0 1370.0 1370.0 1370.0 1370.198 1370.419 1370.639 1370.859 1371.022 1371.082 1371.142 1371.202 1371.262 1371.405 1371.565 1371.726 1371.886 1372.012 1372.054 1372.095 1372.137 1372.179
1367.803 1368.036 1368.172 1368.309 1368.446 1368.582 1368.681 1368.764 1368.848 1368.932 1369.03 1369.189 1369.349 1369.508 1369.668 1369.763 1369.824 1369.885 1369.946 1370.0 1370.0 1370.0 1370.0 1370.0 1370.0 1370.0 1370.0 1370.0 1370.0 1370.0 1370.0 1370.0 1370.0 1370.0 1370.0 1370.0 1370.0 1370.0 1370.0 1370.0 1370.0 1370.0 1370.0 1370.0 1370.0 1370.0 1370.0 1370.198 1370.419 1370.639 1370.859 1371.016 1371.062 1371.108 1371.153 1371.199 1371.338 1371.498 1371.657 1371.817 1371.95 1372.022 1372.093 1372.164 1372.236
1367.811 1368.027 1368.131 1368.236 1368.34 1368.444 1368.557 1368.673 1368.79 1368.906 1369.023 1369.145 1369.266 1369.388 1369.509 1369.616 1369.715 1369.814 1369.913 1370.0 1370.0 1370.0 1370.0 1370.0 1370.0 1370.0 1370.0 1370.0 1370.0 1370.0 1370.0 1370.0 1370.0 1370.0 1370.0 1370.0 1370.0 1370.0 1370.0 1370.0 1370.0 1370.0 1370.0 1370.0 1370.0 1370.0 1370.0 1370.198 1370.419 1370.639 1370.859 1371.013 1371.047 1371.082 1371.117 1371.152 1371.258 1371.38 1371.501 1371.623 1371.75 1371.892 1372.033 1372.175 1372.317
1367.819 1368.019 1368.091 1368.162 1368.234 1368.306 1368.434 1368.582 1368.731 1368.879 1369.016 1369.1 1369.183 1369.267 1369.351 1369.469 1369.606 1369.743 1369.879 1370.0 1370.0 1370.0 1370.0 1370.0 1370.0 1370.0 1370.0 1370.0 1370.0 1370.0 1370.0 1370.0 1370.0 1370.0 1370.0 1370.0 1370.0 1370.0 1370.0 1370.0 1370.0 1370.0 1370.0 1370.0 1370.0 1370.0 1370.0 1370.198 1370.419 1370.639 1370.859 1371.009 1371.033 1371.057 1371.081 1371.104 1371.178 1371.262 1371.345 1371.429 1371.55 1371.762 1371.974 1372.185 1372.397
1367.827 1368.01 1368.05 1368.089 1368.129 1368.168 1368.31 1368.491 1368.672 1368.853 1369.009 1369.055 1369.101 1369.147 1369.193 1369.323 1369.497 1369.671 1369.846 1370.0 1370.0 1370.0 1370.0 1370.0 1370.0 1370.0 1370.0 1370.0 1370.0 1370.0 1370.0 1370.0 1370.0 1370.0 1370.0 1370.0 1370.0 1370.0 1370.0 1370.0 1370.0 1370.0 1370.0 1370.0 1370.0 1370.0 1370.0 1370.198 1370.419 1370.639 1370.859 1371.005 1371.018 1371.031 1371.044 1371.057 1371.098 1371.144 1371.19 1371.236 1371.35 1371.632 1371.914 1372.196 1372.478
1367.835 1368.002 1368.009 1368.016 1368.023 1368.03 1368.187 1368.4 1368.613 1368.827 1369.002 1369.01 1369.018 1369.026 1369.034 1369.176 1369.388 1369.6 1369.812 1370.0 1370.0 1370.0 1370.0 1370.0 1370.0 1370.0 1370.0 1370.0 1370.0 1370.0 1370.0 1370.0 1370.0 1370.0 1370.0 1370.0 1370.0 1370.0 1370.0 1370.0 1370.0 1370.0 1370.0 1370.0 1370.0 1370.0 1370.0 1370.198 1370.419 1370.639 1370.859 1371.001 1371.003 1371.005 1371.008 1371.01 1371.017 1371.026 1371.034 1371.042 1371.15 1371.502 1371.854 1372.206 1372.559
1367.837 1368.0 1368.0 1368.0 1368.0 1368.0 1368.154 1368.366 1368.578 1368.79 1368.963 1368.972 1368.98 1368.989 1368.997 1369.144 1369.364 1369.585 1369.805 1370.0 1370.0 1370.0 1370.0 1370.0 1370.0 1370.0 1370.0 1370.0 1370.0 1370.0 1370.0 1370.0 1370.0 1370.0 1370.0 1370.0 1370.0 1370.0 1370.0 1370.0 1370.0 1370.0 1370.0 1370.0 1370.0 1370.0 1370.0 1370.164 1370.346 1370.529 1370.711 1370.829 1370.833 1370.837 1370.842 1370.846 1370.875 1370.908 1370.942 1370.976 1371.106 1371.474 1371.841 1372.209 1372.576
1367.837 1368.0 1368.0 1368.0 1368.0 1368.0 1368.146 1368.347 1368.548 1368.749 1368.916 1368.936 1368.955 1368.974 1368.993 1369.144 1369.364 1369.585 1369.805 1370.0 1370.0 1370.0 1370.0 1370.0 1370.0 1370.0 1370.0 1370.0 1370.0 1370.0 1370.0 1370.0 1370.0 1370.0 1370.0 1370.0 1370.0 1370.0 1370.0 1370.0 1370.0 1370.0 1370.0 1370.0 1370.0 1370.0 1370.0 1370.12 1370.254 1370.388 1370.522 1370.61 1370.62 1370.63 1370.639 1370.649 1370.714 1370.791 1370.868 1370.945 1371.106 1371.474 1371.841 1372.209 1372.576
1367.837 1368.0 1368.0 1368.0 1368.0 1368.0 1368.138 1368.328 1368.519 1368.709 1368.869 1368.899 1368.929 1368.959 1368.99 1369.144 1369.364 1369.585 1369.805 1370.0 1370.0 1370.0 1370.0 1370.0 1370.0 1370.0 1370.0 1370.0 1370.0 1370.0 1370.0 1370.0 1370.0 1370.0 1370.0 1370.0 1370.0 1370.0 1370.0 1370.0 1370.0 1370.0 1370.0 1370.0 1370.0 1370.0 1370.0 1370.077 1370.162 1370.247 1370.332 1370.392 1370.407 1370.422 1370.437 1370.452 1370.554 1370.674 1370.794 1370.915 1371.106 1371.474 1371.841 1372.209 1372.576
