data/zism_data/00954_01_D.txt
ncols         224
nrows         224
[rows 112 to 139 of 224, columns 0 to 62 of 224]
1250.31 1244.374 1238.439 1232.503 1227.163 1223.392 1219.62 1215.849 1212.077 1210.039 1208.613 1207.187 1205.761 1204.46 1203.654 1202.847 1202.04 1201.233 1200.809 1200.577 1200.345 1200.113 1199.885 1199.684 1199.483 1199.282 1199.081 1199.072 1199.193 1199.313 1199.434 1199.593 1200.38 1201.166 1201.952 1202.739 1203.671 1204.736 1205.802 1206.868 1207.934 1207.822 1207.693 1207.565 1207.436 1206.931 1205.965 1204.999 1204.033 1203.067 1202.383 1201.725 1201.067 1200.41 1200.041 1200.148 1200.256 1200.364 1200.471 1200.488 1200.488 1200.488 1200.488
1249.117 1243.62 1238.124 1232.627 1227.651 1224.042 1220.433 1216.824 1213.215 1211.112 1209.539 1207.967 1206.394 1204.965 1204.098 1203.232 1202.365 1201.499 1201.008 1200.705 1200.403 1200.1 1199.813 1199.628 1199.444 1199.259 1199.075 1199.059 1199.158 1199.257 1199.356 1199.483 1200.069 1200.655 1201.24 1201.826 1202.583 1203.497 1204.411 1205.325 1206.239 1206.2 1206.147 1206.094 1206.042 1205.656 1204.864 1204.071 1203.279 1202.486 1201.931 1201.398 1200.865 1200.332 1200.028 1200.103 1200.179 1200.254 1200.329 1200.341 1200.341 1200.341 1200.341
1247.924 1242.867 1237.809 1232.752 1228.138 1224.692 1221.246 1217.8 1214.353 1212.184 1210.465 1208.746 1207.027 1205.469 1204.543 1203.617 1202.691 1201.764 1201.207 1200.834 1200.461 1200.088 1199.741 1199.573 1199.405 1199.237 1199.068 1199.046 1199.123 1199.201 1199.278 1199.373 1199.758 1200.144 1200.529 1200.914 1201.496 1202.258 1203.02 1203.782 1204.544 1204.578 1204.601 1204.624 1204.647 1204.382 1203.763 1203.144 1202.525 1201.906 1201.479 1201.071 1200.663 1200.254 1200.016 1200.059 1200.101 1200.144 1200.186 1200.193 1200.193 1200.193 1200.193
1246.731 1242.113 1237.495 1232.876 1228.625 1225.342 1222.058 1218.775 1215.491 1213.256 1211.391 1209.526 1207.66 1205.974 1204.988 1204.002 1203.016 1202.03 1201.406 1200.962 1200.519 1200.075 1199.67 1199.518 1199.366 1199.214 1199.062 1199.033 1199.089 1199.144 1199.2 1199.263 1199.448 1199.632 1199.817 1200.001 1200.408 1201.018 1201.629 1202.239 1202.849 1202.956 1203.055 1203.154 1203.253 1203.107 1202.661 1202.216 1201.77 1201.325 1201.027 1200.744 1200.46 1200.177 1200.004 1200.014 1200.024 1200.034 1200.044 1200.046 1200.046 1200.046 1200.046
1246.344 1241.839 1237.334 1232.829 1228.627 1225.222 1221.816 1218.411 1215.005 1212.724 1210.84 1208.955 1207.071 1205.387 1204.492 1203.596 1202.7 1201.805 1201.236 1200.83 1200.425 1200.019 1199.647 1199.5 1199.354 1199.207 1199.06 1199.025 1199.066 1199.108 1199.149 1199.194 1199.298 1199.402 1199.505 1199.609 1199.908 1200.385 1200.862 1201.34 1201.817 1201.941 1202.059 1202.178 1202.297 1202.217 1201.892 1201.568 1201.243 1200.918 1200.68 1200.45 1200.22 1199.99 1199.86 1199.894 1199.927 1199.961 1199.995 1200.0 1200.0 1200.0 1200.0
1246.318 1241.78 1237.243 1232.705 1228.411 1224.756 1221.101 1217.446 1213.791 1211.473 1209.627 1207.78 1205.934 1204.312 1203.574 1202.836 1202.097 1201.359 1200.9 1200.581 1200.263 1199.944 1199.647 1199.5 1199.354 1199.207 1199.06 1199.018 1199.049 1199.079 1199.11 1199.143 1199.22 1199.297 1199.373 1199.45 1199.671 1200.023 1200.376 1200.728 1201.081 1201.198 1201.311 1201.424 1201.537 1201.498 1201.271 1201.044 1200.817 1200.59 1200.38 1200.172 1199.964 1199.756 1199.657 1199.739 1199.822 1199.904 1199.987 1200.0 1200.0 1200.0 1200.0
1246.291 1241.721 1237.151 1232.581 1228.194 1224.29 1220.386 1216.482 1212.578 1210.222 1208.414 1206.606 1204.797 1203.238 1202.656 1202.075 1201.494 1200.913 1200.564 1200.332 1200.1 1199.868 1199.647 1199.5 1199.354 1199.207 1199.06 1199.012 1199.032 1199.051 1199.071 1199.093 1199.142 1199.192 1199.241 1199.291 1199.433 1199.661 1199.889 1200.117 1200.345 1200.454 1200.562 1200.67 1200.778 1200.779 1200.65 1200.521 1200.391 1200.262 1200.081 1199.894 1199.707 1199.521 1199.454 1199.585 1199.717 1199.848 1199.979 1200.0 1200.0 1200.0 1200.0
1246.265 1241.662 1237.06 1232.457 1227.978 1223.825 1219.671 1215.517 1211.364 1208.972 1207.201 1205.431 1203.66 1202.163 1201.739 1201.315 1200.891 1200.467 1200.229 1200.083 1199.938 1199.793 1199.647 1199.5 1199.354 1199.207 1199.06 1199.005 1199.014 1199.023 1199.032 1199.042 1199.064 1199.087 1199.109 1199.132 1199.196 1199.299 1199.403 1199.506 1199.609 1199.711 1199.814 1199.916 1200.019 1200.061 1200.029 1199.997 1199.966 1199.934 1199.781 1199.616 1199.451 1199.286 1199.251 1199.431 1199.611 1199.791 1199.971 1200.0 1200.0 1200.0 1200.0
1246.424 1241.876 1237.328 1232.78 1228.274 1223.882 1219.489 1215.096 1210.704 1208.284 1206.561 1204.838 1203.115 1201.684 1201.401 1201.118 1200.836 1200.553 1200.411 1200.341 1200.27 1200.199 1200.12 1199.978 1199.837 1199.696 1199.554 1199.462 1199.403 1199.344 1199.285 1199.226 1199.176 1199.125 1199.075 1199.024 1199.0 1199.0 1199.0 1199.0 1199.0 1199.093 1199.187 1199.281 1199.376 1199.449 1199.496 1199.543 1199.59 1199.637 1199.512 1199.371 1199.229 1199.088 1199.083 1199.303 1199.524 1199.744 1199.965 1200.0 1200.0 1200.0 1200.0
1247.47 1243.394 1239.318 1235.241 1231.026 1226.443 1221.861 1217.278 1212.696 1210.295 1208.664 1207.033 1205.402 1204.058 1203.84 1203.622 1203.405 1203.187 1203.078 1203.024 1202.969 1202.915 1202.854 1202.745 1202.636 1202.527 1202.418 1202.136 1201.736 1201.335 1200.935 1200.537 1200.194 1199.851 1199.507 1199.164 1199.0 1199.0 1199.0 1199.0 1199.0 1199.072 1199.144 1199.217 1199.289 1199.345 1199.382 1199.418 1199.454 1199.49 1199.394 1199.286 1199.177 1199.068 1199.083 1199.303 1199.524 1199.744 1199.965 1200.0 1200.0 1200.0 1200.0
1248.517 1244.912 1241.308 1237.703 1233.777 1229.005 1224.233 1219.461 1214.688 1212.306 1210.767 1209.228 1207.689 1206.432 1206.279 1206.127 1205.974 1205.822 1205.745 1205.707 1205.669 1205.631 1205.588 1205.511 1205.435 1205.359 1205.282 1204.811 1204.068 1203.326 1202.584 1201.849 1201.212 1200.576 1199.94 1199.304 1199.0 1199.0 1199.0 1199.0 1199.0 1199.05 1199.101 1199.152 1199.203 1199.242 1199.268 1199.293 1199.318 1199.344 1199.276 1199.2 1199.124 1199.048 1199.083 1199.303 1199.524 1199.744 1199.965 1200.0 1200.0 1200.0 1200.0
1249.564 1246.431 1243.298 1240.165 1236.529 1231.567 1226.605 1221.643 1216.681 1214.317 1212.87 1211.424 1209.977 1208.806 1208.719 1208.631 1208.543 1208.456 1208.412 1208.39 1208.368 1208.347 1208.322 1208.278 1208.234 1208.191 1208.147 1207.485 1206.401 1205.318 1204.234 1203.16 1202.231 1201.302 1200.373 1199.444 1199.0 1199.0 1199.0 1199.0 1199.0 1199.029 1199.058 1199.087 1199.116 1199.139 1199.153 1199.168 1199.183 1199.197 1199.159 1199.115 1199.071 1199.027 1199.083 1199.303 1199.524 1199.744 1199.965 1200.0 1200.0 1200.0 1200.0
1250.611 1247.95 1245.288 1242.627 1239.28 1234.128 1228.976 1223.825 1218.673 1216.328 1214.973 1213.619 1212.264 1211.18 1211.158 1211.135 1211.113 1211.09 1211.079 1211.073 1211.068 1211.062 1211.056 1211.045 1211.033 1211.022 1211.011 1210.16 1208.734 1207.309 1205.884 1204.471 1203.249 1202.027 1200.806 1199.584 1199.0 1199.0 1199.0 1199.0 1199.0 1199.007 1199.015 1199.022 1199.03 1199.036 1199.039 1199.043 1199.047 1199.051 1199.041 1199.029 1199.018 1199.007 1199.083 1199.303 1199.524 1199.744 1199.965 1200.0 1200.0 1200.0 1200.0
1253.894 1251.96 1250.026 1248.092 1245.469 1241.032 1236.596 1232.159 1227.723 1225.703 1224.537 1223.37 1222.204 1221.281 1221.317 1221.352 1221.388 1221.423 1221.459 1221.494 1221.53 1221.565 1221.598 1221.612 1221.626 1221.641 1221.655 1220.613 1218.85 1217.086 1215.323 1213.529 1211.23 1208.932 1206.633 1204.334 1202.781 1201.911 1201.042 1200.172 1199.302 1199.195 1199.099 1199.004 1198.908 1198.86 1198.87 1198.881 1198.892 1198.902 1198.923 1198.944 1198.965 1198.987 1199.083 1199.303 1199.524 1199.744 1199.965 1200.0 1200.0 1200.0 1200.0
1258.356 1257.284 1256.212 1255.14 1253.47 1250.226 1246.983 1243.739 1240.495 1238.963 1238.035 1237.107 1236.179 1235.458 1235.548 1235.637 1235.727 1235.817 1235.906 1235.996 1236.086 1236.176 1236.258 1236.294 1236.33 1236.366 1236.402 1235.169 1233.07 1230.97 1228.871 1226.674 1222.884 1219.094 1215.305 1211.515 1208.556 1206.358 1204.16 1201.962 1199.764 1199.494 1199.252 1199.009 1198.767 1198.646 1198.673 1198.7 1198.727 1198.754 1198.805 1198.859 1198.913 1198.966 1199.083 1199.303 1199.524 1199.744 1199.965 1200.0 1200.0 1200.0 1200.0
1262.818 1262.609 1262.398 1262.188 1261.472 1259.421 1257.37 1255.319 1253.268 1252.223 1251.534 1250.844 1250.155 1249.635 1249.779 1249.922 1250.066 1250.21 1250.354 1250.498 1250.642 1250.786 1250.919 1250.976 1251.034 1251.091 1251.149 1249.725 1247.29 1244.854 1242.419 1239.818 1234.538 1229.257 1223.977 1218.696 1214.331 1210.805 1207.279 1203.752 1200.226 1199.792 1199.404 1199.015 1198.626 1198.432 1198.475 1198.518 1198.561 1198.604 1198.687 1198.773 1198.86 1198.946 1199.083 1199.303 1199.524 1199.744 1199.965 1200.0 1200.0 1200.0 1200.0
1267.281 1267.933 1268.585 1269.237 1269.473 1268.615 1267.757 1266.898 1266.04 1265.483 1265.032 1264.581 1264.13 1263.811 1264.009 1264.208 1264.406 1264.604 1264.802 1265.0 1265.198 1265.396 1265.579 1265.658 1265.738 1265.817 1265.896 1264.281 1261.51 1258.738 1255.967 1252.963 1246.192 1239.42 1232.649 1225.877 1220.106 1215.252 1210.397 1205.543 1200.688 1200.091 1199.556 1199.021 1198.486 1198.218 1198.277 1198.337 1198.396 1198.456 1198.569 1198.688 1198.807 1198.926 1199.083 1199.303 1199.524 1199.744 1199.965 1200.0 1200.0 1200.0 1200.0
1271.734 1273.124 1274.514 1275.905 1276.973 1277.192 1277.412 1277.632 1277.851 1277.759 1277.556 1277.353 1277.151 1277.048 1277.336 1277.623 1277.911 1278.199 1278.502 1278.811 1279.12 1279.43 1279.716 1279.847 1279.977 1280.108 1280.238 1278.498 1275.479 1272.46 1269.441 1266.129 1258.054 1249.978 1241.902 1233.827 1226.725 1220.515 1214.306 1208.096 1201.887 1200.995 1200.182 1199.369 1198.555 1198.127 1198.169 1198.211 1198.254 1198.296 1198.439 1198.591 1198.743 1198.895 1199.073 1199.296 1199.517 1199.739 1199.961 1199.997 1199.998 1199.999 1200.0
1276.125 1277.472 1278.819 1280.166 1281.299 1281.871 1282.444 1283.016 1283.588 1283.816 1283.922 1284.028 1284.135 1284.341 1284.944 1285.546 1286.149 1286.751 1287.473 1288.254 1289.035 1289.816 1290.543 1290.912 1291.281 1291.651 1292.02 1290.563 1287.858 1285.154 1282.45 1279.427 1271.226 1263.026 1254.826 1246.625 1238.669 1230.936 1223.203 1215.47 1207.737 1205.728 1203.804 1201.879 1199.954 1198.811 1198.626 1198.441 1198.255 1198.07 1198.227 1198.417 1198.608 1198.798 1199.004 1199.237 1199.469 1199.702 1199.935 1199.977 1199.983 1199.99 1199.996
1280.517 1281.82 1283.124 1284.427 1285.626 1286.551 1287.475 1288.4 1289.324 1289.872 1290.288 1290.703 1291.118 1291.635 1292.552 1293.469 1294.386 1295.303 1296.443 1297.696 1298.949 1300.202 1301.37 1301.978 1302.586 1303.193 1303.801 1302.627 1300.238 1297.848 1295.458 1292.724 1284.399 1276.074 1267.749 1259.424 1250.613 1241.357 1232.1 1222.844 1213.588 1210.462 1207.426 1204.39 1201.354 1199.496 1199.083 1198.67 1198.257 1197.844 1198.016 1198.244 1198.472 1198.7 1198.934 1199.178 1199.421 1199.665 1199.909 1199.957 1199.969 1199.98 1199.992
1284.908 1286.168 1287.428 1288.688 1289.953 1291.23 1292.507 1293.784 1295.061 1295.929 1296.653 1297.378 1298.102 1298.929 1300.161 1301.392 1302.623 1303.854 1305.414 1307.139 1308.863 1310.588 1312.197 1313.044 1313.89 1314.736 1315.582 1314.692 1312.617 1310.542 1308.466 1306.021 1297.571 1289.122 1280.672 1272.222 1262.557 1251.777 1240.998 1230.218 1219.438 1215.195 1211.047 1206.9 1202.752 1200.181 1199.54 1198.899 1198.258 1197.618 1197.805 1198.071 1198.337 1198.603 1198.865 1199.119 1199.373 1199.628 1199.882 1199.937 1199.954 1199.971 1199.988
1289.299 1290.516 1291.733 1292.95 1294.28 1295.909 1297.539 1299.168 1300.797 1301.986 1303.019 1304.053 1305.086 1306.223 1307.769 1309.315 1310.86 1312.406 1314.385 1316.581 1318.777 1320.974 1323.025 1324.109 1325.194 1326.279 1327.364 1326.757 1324.996 1323.235 1321.474 1319.318 1310.744 1302.17 1293.595 1285.021 1274.501 1262.198 1249.895 1237.592 1225.289 1219.928 1214.669 1209.41 1204.151 1200.865 1199.997 1199.128 1198.26 1197.391 1197.594 1197.897 1198.201 1198.505 1198.795 1199.06 1199.325 1199.591 1199.856 1199.917 1199.94 1199.962 1199.984
1292.515 1293.42 1294.325 1295.23 1296.335 1297.968 1299.601 1301.234 1302.866 1304.22 1305.475 1306.73 1307.986 1309.378 1311.308 1313.239 1315.17 1317.1 1319.48 1322.084 1324.688 1327.292 1329.756 1331.294 1332.832 1334.37 1335.908 1335.589 1334.002 1332.414 1330.827 1328.837 1320.309 1311.781 1303.253 1294.725 1284.084 1271.505 1258.926 1246.347 1233.769 1227.107 1220.532 1213.957 1207.383 1203.093 1201.604 1200.116 1198.627 1197.139 1197.269 1197.554 1197.839 1198.124 1198.412 1198.705 1198.998 1199.291 1199.583 1199.682 1199.743 1199.805 1199.866
1295.005 1295.433 1295.861 1296.289 1296.99 1298.412 1299.833 1301.254 1302.676 1304.098 1305.522 1306.945 1308.368 1309.981 1312.34 1314.699 1317.058 1319.417 1322.185 1325.157 1328.13 1331.103 1333.965 1336.088 1338.212 1340.335 1342.459 1342.429 1340.928 1339.427 1337.927 1336.027 1327.651 1319.275 1310.899 1302.522 1292.211 1280.126 1268.041 1255.955 1243.87 1235.794 1227.777 1219.76 1211.743 1206.272 1203.921 1201.57 1199.22 1196.869 1196.875 1197.106 1197.337 1197.568 1197.836 1198.167 1198.498 1198.828 1199.159 1199.314 1199.435 1199.556 1199.677
1297.495 1297.446 1297.397 1297.348 1297.645 1298.855 1300.065 1301.275 1302.485 1303.977 1305.568 1307.159 1308.751 1310.585 1313.372 1316.159 1318.946 1321.733 1324.89 1328.231 1331.573 1334.914 1338.173 1340.882 1343.591 1346.3 1349.009 1349.268 1347.854 1346.44 1345.026 1343.217 1334.993 1326.769 1318.544 1310.32 1300.339 1288.746 1277.154 1265.562 1253.97 1244.48 1235.021 1225.562 1216.103 1209.45 1206.238 1203.025 1199.813 1196.6 1196.482 1196.658 1196.835 1197.011 1197.26 1197.629 1197.998 1198.366 1198.735 1198.946 1199.127 1199.307 1199.488
1299.985 1299.459 1298.933 1298.407 1298.3 1299.299 1300.297 1301.296 1302.294 1303.855 1305.614 1307.374 1309.133 1311.188 1314.403 1317.619 1320.834 1324.05 1327.595 1331.305 1335.015 1338.725 1342.381 1345.675 1348.97 1352.264 1355.559 1356.107 1354.78 1353.453 1352.126 1350.407 1342.335 1334.262 1326.19 1318.117 1308.466 1297.367 1286.268 1275.17 1264.071 1253.167 1242.266 1231.365 1220.463 1212.629 1208.554 1204.48 1200.405 1196.331 1196.088 1196.21 1196.332 1196.455 1196.684 1197.091 1197.498 1197.904 1198.311 1198.578 1198.818 1199.059 1199.299
1302.575 1301.556 1300.537 1299.519 1298.989 1299.744 1300.499 1301.255 1302.01 1303.591 1305.464 1307.337 1309.21 1311.43 1315.017 1318.603 1322.19 1325.776 1329.713 1333.826 1337.938 1342.051 1346.138 1350.058 1353.978 1357.898 1361.818 1362.699 1361.504 1360.31 1359.115 1357.531 1349.611 1341.691 1333.771 1325.852 1316.489 1305.802 1295.115 1284.429 1273.742 1261.551 1249.337 1237.124 1224.911 1215.966 1211.027 1206.089 1201.151 1196.212 1195.801 1195.821 1195.841 1195.861 1196.033 1196.457 1196.88 1197.303 1197.727 1198.041 1198.334 1198.628 1198.921
1306.048 1304.401 1302.753 1301.106 1299.975 1300.204 1300.434 1300.663 1300.893 1302.061 1303.559 1305.058 1306.557 1308.451 1311.896 1315.342 1318.787 1322.233 1326.593 1331.41 1336.227 1341.045 1345.873 1350.774 1355.675 1360.576 1365.478 1367.079 1366.426 1365.774 1365.121 1364.057 1356.3 1348.543 1340.786 1333.029 1323.58 1312.578 1301.577 1290.576 1279.575 1267.23 1254.864 1242.499 1230.134 1220.711 1214.894 1209.078 1203.261 1197.445 1196.472 1195.961 1195.449 1194.938 1194.714 1194.964 1195.214 1195.463 1195.713 1195.995 1196.283 1196.571 1196.859
