data/zism_data/00962_04_D.txt
ncols         224
nrows         224
[rows 112 to 139 of 224, columns 63 to 125 of 224]
1700.0 1700.0 1700.0 1700.0 1700.0 1700.0 1700.0 1700.0 1700.0 1699.116 1697.573 1696.029 1694.485 1692.938 1691.154 1689.369 1687.585 1685.801 1685.403 1686.655 1687.907 1689.159 1690.411 1691.57 1692.717 1693.865 1695.013 1695.06 1692.979 1690.898 1688.817 1686.735 1682.529 1677.732 1672.936 1668.139 1662.737 1655.247 1647.756 1640.265 1632.775 1626.119 1619.881 1613.643 1607.404 1601.679 1600.166 1598.652 1597.139 1595.625 1595.48 1596.449 1597.419 1598.389 1599.358 1596.539 1593.693 1590.846 1587.999 1583.403 1576.534 1569.665 1562.796
1700.0 1700.0 1700.0 1700.0 1700.0 1700.0 1700.0 1700.0 1700.0 1698.975 1697.185 1695.396 1693.606 1691.81 1689.619 1687.428 1685.237 1683.046 1682.373 1683.507 1684.642 1685.776 1686.911 1688.403 1689.936 1691.469 1693.002 1693.186 1690.756 1688.327 1685.898 1683.469 1679.221 1674.467 1669.713 1664.959 1659.683 1652.605 1645.526 1638.447 1631.369 1624.986 1618.951 1612.916 1606.881 1601.306 1599.498 1597.69 1595.882 1594.075 1593.416 1593.695 1593.975 1594.254 1594.533 1591.289 1588.02 1584.75 1581.481 1576.502 1569.301 1562.1 1554.899
1700.0 1700.0 1700.0 1700.0 1700.0 1700.0 1700.0 1700.0 1700.0 1698.834 1696.798 1694.762 1692.726 1690.682 1688.084 1685.486 1682.889 1680.291 1679.343 1680.36 1681.376 1682.393 1683.41 1685.237 1687.155 1689.073 1690.992 1691.311 1688.534 1685.757 1682.98 1680.203 1675.912 1671.201 1666.49 1661.779 1656.629 1649.962 1643.296 1636.629 1629.963 1623.853 1618.022 1612.19 1606.359 1600.932 1598.83 1596.728 1594.626 1592.524 1591.353 1590.942 1590.531 1590.119 1589.708 1586.04 1582.347 1578.655 1574.962 1569.6 1562.067 1554.535 1547.002
1699.841 1699.882 1699.923 1699.964 1700.0 1700.0 1700.0 1700.0 1700.0 1698.861 1696.871 1694.881 1692.892 1690.885 1687.716 1684.547 1681.377 1678.208 1676.513 1676.57 1676.628 1676.686 1676.744 1678.512 1680.473 1682.434 1684.395 1684.707 1681.829 1678.951 1676.073 1673.195 1669.12 1664.712 1660.304 1655.897 1651.097 1644.943 1638.789 1632.636 1626.482 1620.855 1615.492 1610.129 1604.766 1599.738 1597.456 1595.173 1592.891 1590.609 1589.095 1588.208 1587.322 1586.435 1585.548 1581.806 1578.042 1574.279 1570.516 1565.2 1557.865 1550.531 1543.196
1699.654 1699.744 1699.833 1699.922 1700.0 1700.0 1700.0 1700.0 1700.0 1698.916 1697.023 1695.129 1693.236 1691.315 1687.547 1683.778 1680.01 1676.241 1673.716 1672.671 1671.627 1670.582 1669.538 1671.179 1673.124 1675.069 1677.013 1677.296 1674.359 1671.422 1668.485 1665.548 1661.732 1657.672 1653.612 1649.553 1645.141 1639.518 1633.894 1628.27 1622.646 1617.539 1612.689 1607.84 1602.991 1598.403 1595.96 1593.517 1591.075 1588.632 1586.804 1585.479 1584.153 1582.827 1581.502 1577.746 1573.972 1570.198 1566.424 1561.227 1554.182 1547.136 1540.091
1699.468 1699.605 1699.743 1699.88 1700.0 1700.0 1700.0 1700.0 1700.0 1698.971 1697.174 1695.377 1693.58 1691.745 1687.378 1683.01 1678.642 1674.274 1670.92 1668.772 1666.625 1664.478 1662.331 1663.846 1665.775 1667.704 1669.632 1669.884 1666.888 1663.892 1660.897 1657.901 1654.344 1650.633 1646.921 1643.209 1639.186 1634.092 1628.998 1623.904 1618.81 1614.222 1609.886 1605.551 1601.216 1597.068 1594.465 1591.862 1589.258 1586.655 1584.513 1582.749 1580.984 1579.22 1577.455 1573.685 1569.901 1566.116 1562.331 1557.255 1550.498 1543.742 1536.985
1699.282 1699.467 1699.653 1699.839 1700.0 1700.0 1700.0 1700.0 1700.0 1699.026 1697.326 1695.625 1693.924 1692.176 1687.209 1682.241 1677.274 1672.306 1668.123 1664.873 1661.624 1658.374 1655.124 1656.513 1658.426 1660.339 1662.251 1662.472 1659.417 1656.363 1653.308 1650.254 1646.957 1643.593 1640.229 1636.865 1633.231 1628.667 1624.103 1619.539 1614.974 1610.905 1607.084 1603.262 1599.44 1595.734 1592.97 1590.206 1587.442 1584.678 1582.223 1580.019 1577.816 1575.612 1573.409 1569.625 1565.83 1562.034 1558.239 1553.282 1546.814 1540.347 1533.88
1698.187 1698.565 1698.943 1699.321 1699.66 1699.736 1699.813 1699.89 1699.967 1699.082 1697.48 1695.877 1694.274 1692.614 1687.047 1681.48 1675.913 1670.346 1665.324 1660.951 1656.578 1652.205 1647.832 1648.92 1650.625 1652.329 1654.033 1654.154 1651.209 1648.264 1645.318 1642.373 1639.413 1636.45 1633.487 1630.523 1627.317 1623.27 1619.222 1615.175 1611.128 1607.537 1604.173 1600.809 1597.445 1594.137 1591.291 1588.445 1585.599 1582.753 1580.069 1577.516 1574.964 1572.411 1569.859 1566.155 1562.444 1558.732 1555.021 1550.292 1544.242 1538.192 1532.141
1694.966 1695.874 1696.781 1697.689 1698.522 1698.856 1699.19 1699.524 1699.857 1699.141 1697.64 1696.138 1694.637 1693.068 1686.902 1680.736 1674.57 1668.403 1662.521 1656.975 1651.431 1645.885 1640.34 1640.718 1641.764 1642.81 1643.856 1643.714 1641.272 1638.829 1636.387 1633.945 1631.505 1629.067 1626.628 1624.189 1621.498 1617.938 1614.378 1610.818 1607.258 1604.046 1601.009 1597.972 1594.934 1591.928 1589.184 1586.44 1583.695 1580.951 1578.236 1575.544 1572.852 1570.161 1567.469 1564.068 1560.661 1557.255 1553.848 1549.604 1544.271 1538.938 1533.604
1691.745 1693.182 1694.62 1696.058 1697.385 1697.975 1698.566 1699.157 1699.747 1699.199 1697.799 1696.4 1695.0 1693.523 1686.758 1679.992 1673.226 1666.461 1659.717 1653.0 1646.283 1639.565 1632.848 1632.515 1632.903 1633.291 1633.678 1633.274 1631.335 1629.395 1627.456 1625.517 1623.597 1621.683 1619.769 1617.854 1615.68 1612.607 1609.534 1606.461 1603.388 1600.556 1597.845 1595.134 1592.423 1589.72 1587.077 1584.434 1581.792 1579.149 1576.403 1573.572 1570.741 1567.91 1565.079 1561.98 1558.878 1555.777 1552.675 1548.916 1544.299 1539.684 1535.068
1688.523 1690.491 1692.458 1694.426 1696.247 1697.095 1697.943 1698.79 1699.638 1699.257 1697.959 1696.662 1695.364 1693.978 1686.613 1679.248 1671.883 1664.518 1656.913 1649.024 1641.135 1633.245 1625.356 1624.313 1624.042 1623.771 1623.501 1622.833 1621.397 1619.961 1618.525 1617.089 1615.689 1614.299 1612.91 1611.52 1609.861 1607.275 1604.689 1602.103 1599.517 1597.066 1594.681 1592.297 1589.912 1587.511 1584.97 1582.429 1579.888 1577.347 1574.569 1571.599 1568.63 1565.66 1562.69 1559.892 1557.096 1554.299 1551.503 1548.227 1544.328 1540.43 1536.531
1685.302 1687.799 1690.297 1692.794 1695.11 1696.214 1697.319 1698.423 1699.528 1699.315 1698.119 1696.923 1695.727 1694.433 1686.468 1678.504 1670.539 1662.575 1654.109 1645.048 1635.987 1626.925 1617.864 1616.11 1615.181 1614.252 1613.323 1612.393 1611.46 1610.527 1609.594 1608.661 1607.781 1606.916 1606.051 1605.185 1604.043 1601.944 1599.845 1597.746 1595.647 1593.575 1591.517 1589.459 1587.401 1585.302 1582.863 1580.423 1577.984 1575.545 1572.736 1569.627 1566.518 1563.409 1560.3 1557.804 1555.313 1552.822 1550.33 1547.539 1544.357 1541.176 1537.994
1676.142 1679.512 1682.882 1686.251 1689.435 1691.378 1693.322 1695.265 1697.208 1697.243 1695.854 1694.465 1693.075 1691.587 1683.358 1675.129 1666.899 1658.67 1650.037 1640.923 1631.809 1622.695 1613.582 1611.736 1610.711 1609.685 1608.66 1607.74 1607.023 1606.306 1605.589 1604.873 1604.188 1603.513 1602.837 1602.162 1601.219 1599.356 1597.493 1595.63 1593.767 1591.907 1590.048 1588.189 1586.33 1584.441 1582.302 1580.164 1578.025 1575.887 1573.315 1570.39 1567.464 1564.539 1561.613 1559.414 1557.219 1555.025 1552.831 1550.471 1547.895 1545.319 1542.743
1664.943 1669.303 1673.663 1678.023 1682.203 1685.185 1688.166 1691.148 1694.129 1694.44 1692.756 1691.073 1689.389 1687.609 1679.229 1670.85 1662.471 1654.092 1645.529 1636.747 1627.965 1619.183 1610.401 1608.676 1607.747 1606.818 1605.889 1605.072 1604.473 1603.874 1603.275 1602.676 1602.076 1601.475 1600.875 1600.274 1599.423 1597.71 1595.997 1594.284 1592.571 1590.864 1589.16 1587.456 1585.753 1584.042 1582.273 1580.503 1578.734 1576.965 1574.721 1572.09 1569.459 1566.828 1564.197 1562.292 1560.392 1558.492 1556.592 1554.645 1552.636 1550.628 1548.619
1653.744 1659.095 1664.445 1669.795 1674.972 1678.992 1683.011 1687.031 1691.051 1691.637 1689.659 1687.681 1685.703 1683.63 1675.101 1666.572 1658.043 1649.514 1641.021 1632.571 1624.121 1615.671 1607.22 1605.615 1604.783 1603.95 1603.117 1602.404 1601.923 1601.442 1600.961 1600.479 1599.963 1599.438 1598.912 1598.386 1597.627 1596.064 1594.501 1592.938 1591.374 1589.821 1588.272 1586.724 1585.175 1583.643 1582.243 1580.843 1579.443 1578.043 1576.128 1573.791 1571.454 1569.117 1566.781 1565.17 1563.564 1561.959 1560.353 1558.819 1557.378 1555.936 1554.495
1642.546 1648.886 1655.227 1661.567 1667.74 1672.798 1677.856 1682.914 1687.972 1688.834 1686.562 1684.289 1682.017 1679.652 1670.973 1662.294 1653.615 1644.936 1636.513 1628.395 1620.277 1612.158 1604.04 1602.555 1601.819 1601.082 1600.346 1599.737 1599.373 1599.01 1598.646 1598.283 1597.851 1597.4 1596.949 1596.499 1595.832 1594.418 1593.005 1591.591 1590.178 1588.778 1587.384 1585.991 1584.598 1583.244 1582.213 1581.183 1580.152 1579.122 1577.534 1575.491 1573.449 1571.407 1569.364 1568.048 1566.737 1565.426 1564.114 1562.993 1562.119 1561.245 1560.371
1632.249 1639.262 1646.274 1653.287 1660.161 1666.11 1672.059 1678.008 1683.957 1685.078 1682.593 1680.109 1677.625 1675.051 1666.434 1657.816 1649.199 1640.581 1632.372 1624.648 1616.925 1609.202 1601.478 1600.095 1599.428 1598.76 1598.093 1597.558 1597.28 1597.001 1596.723 1596.445 1596.08 1595.691 1595.302 1594.913 1594.328 1593.066 1591.805 1590.543 1589.282 1588.047 1586.825 1585.603 1584.381 1583.218 1582.535 1581.852 1581.17 1580.487 1579.206 1577.437 1575.667 1573.898 1572.129 1571.073 1570.023 1568.973 1567.922 1567.177 1566.827 1566.478 1566.128
1625.801 1632.128 1638.456 1644.783 1651.096 1657.307 1663.518 1669.729 1675.941 1677.254 1674.908 1672.563 1670.218 1667.795 1660.141 1652.487 1644.833 1637.179 1629.796 1622.736 1615.677 1608.617 1601.557 1600.198 1599.482 1598.767 1598.052 1597.467 1597.135 1596.803 1596.471 1596.139 1595.767 1595.383 1595.0 1594.616 1594.071 1592.97 1591.869 1590.768 1589.667 1588.646 1587.665 1586.684 1585.703 1584.782 1584.357 1583.931 1583.505 1583.08 1582.014 1580.427 1578.839 1577.252 1575.665 1574.727 1573.795 1572.862 1571.93 1571.4 1571.393 1571.386 1571.379
1619.352 1624.995 1630.637 1636.28 1642.031 1648.504 1654.978 1661.451 1667.924 1669.429 1667.223 1665.017 1662.811 1660.54 1653.849 1647.158 1640.468 1633.777 1627.221 1620.824 1614.428 1608.032 1601.636 1600.301 1599.537 1598.774 1598.01 1597.375 1596.99 1596.604 1596.219 1595.834 1595.454 1595.076 1594.697 1594.319 1593.814 1592.874 1591.934 1590.993 1590.053 1589.246 1588.506 1587.765 1587.025 1586.347 1586.178 1586.01 1585.841 1585.672 1584.822 1583.417 1582.011 1580.606 1579.2 1578.381 1577.567 1576.752 1575.937 1575.622 1575.958 1576.294 1576.629
1612.904 1617.861 1622.819 1627.776 1632.965 1639.701 1646.437 1653.173 1659.908 1661.605 1659.538 1657.471 1655.404 1653.284 1647.557 1641.829 1636.102 1630.375 1624.645 1618.913 1613.18 1607.448 1601.715 1600.404 1599.592 1598.78 1597.969 1597.284 1596.845 1596.406 1595.967 1595.528 1595.141 1594.768 1594.395 1594.022 1593.558 1592.778 1591.998 1591.218 1590.438 1589.846 1589.346 1588.847 1588.347 1587.912 1588.0 1588.088 1588.176 1588.264 1587.63 1586.407 1585.183 1583.96 1582.736 1582.036 1581.339 1580.641 1579.944 1579.845 1580.524 1581.202 1581.88
1606.456 1610.728 1615.0 1619.273 1623.9 1630.899 1637.896 1644.895 1651.892 1653.781 1651.853 1649.925 1647.997 1646.028 1641.265 1636.501 1631.737 1626.973 1622.07 1617.001 1611.932 1606.863 1601.794 1600.507 1599.647 1598.787 1597.927 1597.192 1596.7 1596.208 1595.715 1595.223 1594.828 1594.46 1594.093 1593.725 1593.301 1592.682 1592.063 1591.443 1590.824 1590.445 1590.187 1589.928 1589.67 1589.477 1589.822 1590.167 1590.512 1590.857 1590.438 1589.397 1588.355 1587.314 1586.272 1585.69 1585.11 1584.531 1583.952 1584.068 1585.089 1586.11 1587.13
1603.551 1607.043 1610.536 1614.028 1617.9 1624.311 1630.721 1637.132 1643.543 1645.37 1643.776 1642.181 1640.586 1638.955 1634.882 1630.81 1626.737 1622.665 1618.49 1614.194 1609.897 1605.601 1601.304 1600.162 1599.377 1598.591 1597.805 1597.133 1596.683 1596.232 1595.781 1595.33 1594.97 1594.635 1594.3 1593.965 1593.597 1593.114 1592.632 1592.149 1591.667 1591.435 1591.329 1591.223 1591.117 1591.069 1591.498 1591.926 1592.355 1592.783 1592.491 1591.611 1590.732 1589.852 1588.972 1588.477 1587.985 1587.493 1587.0 1587.195 1588.283 1589.371 1590.459
1602.684 1605.341 1607.998 1610.655 1613.662 1618.997 1624.331 1629.666 1635.001 1636.623 1635.472 1634.322 1633.171 1631.986 1628.448 1624.911 1621.374 1617.837 1614.334 1610.872 1607.411 1603.949 1600.488 1599.56 1598.919 1598.278 1597.637 1597.093 1596.739 1596.384 1596.03 1595.675 1595.374 1595.087 1594.8 1594.513 1594.21 1593.85 1593.491 1593.132 1592.772 1592.65 1592.645 1592.641 1592.636 1592.677 1593.09 1593.502 1593.915 1594.328 1594.111 1593.381 1592.651 1591.921 1591.191 1590.766 1590.343 1589.921 1589.498 1589.693 1590.69 1591.687 1592.684
1601.816 1603.639 1605.461 1607.283 1609.423 1613.682 1617.941 1622.2 1626.459 1627.876 1627.169 1626.463 1625.756 1625.017 1622.015 1619.013 1616.01 1613.009 1610.178 1607.551 1604.925 1602.298 1599.671 1598.958 1598.462 1597.965 1597.468 1597.053 1596.795 1596.536 1596.278 1596.02 1595.777 1595.539 1595.3 1595.061 1594.823 1594.587 1594.35 1594.114 1593.878 1593.864 1593.961 1594.058 1594.156 1594.286 1594.682 1595.079 1595.475 1595.872 1595.73 1595.15 1594.57 1593.99 1593.409 1593.055 1592.702 1592.349 1591.996 1592.19 1593.096 1594.002 1594.908
1600.949 1601.936 1602.923 1603.911 1605.184 1608.368 1611.551 1614.734 1617.918 1619.129 1618.866 1618.604 1618.342 1618.048 1615.581 1613.114 1610.647 1608.18 1606.022 1604.23 1602.438 1600.647 1598.855 1598.357 1598.004 1597.652 1597.3 1597.012 1596.85 1596.689 1596.527 1596.365 1596.181 1595.99 1595.8 1595.609 1595.436 1595.323 1595.21 1595.096 1594.983 1595.078 1595.277 1595.476 1595.675 1595.894 1596.274 1596.655 1597.035 1597.416 1597.349 1596.919 1596.489 1596.059 1595.628 1595.344 1595.06 1594.777 1594.494 1594.688 1595.503 1596.318 1597.133
1600.317 1600.525 1600.733 1600.941 1601.399 1603.528 1605.656 1607.785 1609.914 1610.904 1611.043 1611.182 1611.322 1611.431 1609.488 1607.545 1605.601 1603.658 1602.141 1601.131 1600.122 1599.112 1598.102 1597.808 1597.594 1597.38 1597.167 1597.002 1596.933 1596.863 1596.794 1596.725 1596.606 1596.474 1596.341 1596.208 1596.104 1596.098 1596.092 1596.086 1596.08 1596.266 1596.547 1596.828 1597.108 1597.398 1597.762 1598.126 1598.49 1598.854 1598.858 1598.568 1598.278 1597.988 1597.698 1597.481 1597.264 1597.047 1596.83 1597.024 1597.75 1598.476 1599.202
1602.389 1602.452 1602.516 1602.579 1602.805 1604.121 1605.436 1606.751 1608.066 1608.659 1608.713 1608.766 1608.82 1608.851 1607.298 1605.746 1604.193 1602.641 1601.417 1600.584 1599.751 1598.918 1598.084 1597.87 1597.726 1597.582 1597.438 1597.335 1597.314 1597.293 1597.272 1597.251 1597.277 1597.316 1597.354 1597.393 1597.405 1597.324 1597.243 1597.162 1597.081 1597.145 1597.281 1597.418 1597.554 1597.713 1598.056 1598.398 1598.741 1599.083 1599.095 1598.837 1598.58 1598.322 1598.064 1597.879 1597.694 1597.509 1597.325 1597.508 1598.17 1598.832 1599.494
1604.461 1604.379 1604.298 1604.217 1604.212 1604.713 1605.215 1605.717 1606.218 1606.414 1606.383 1606.351 1606.319 1606.271 1605.109 1603.947 1602.785 1601.623 1600.692 1600.036 1599.379 1598.723 1598.067 1597.933 1597.858 1597.784 1597.709 1597.669 1597.696 1597.723 1597.75 1597.777 1597.948 1598.157 1598.368 1598.578 1598.705 1598.549 1598.394 1598.238 1598.082 1598.025 1598.016 1598.008 1598.0 1598.028 1598.349 1598.67 1598.991 1599.313 1599.332 1599.107 1598.881 1598.655 1598.43 1598.276 1598.124 1597.971 1597.819 1597.992 1598.59 1599.188 1599.785
