data/zism_data/00969_04_D.txt
ncols         224
nrows         224
[rows 56 to 83 of 224, columns 63 to 125 of 224]
1482.988 1483.151 1483.314 1483.478 1483.527 1483.49 1483.452 1483.414 1483.388 1483.678 1483.968 1484.257 1484.547 1484.882 1485.262 1485.641 1486.021 1486.401 1486.676 1486.949 1487.222 1487.495 1487.734 1487.932 1488.13 1488.328 1488.526 1488.873 1489.234 1489.595 1489.955 1490.342 1490.767 1491.193 1491.62 1492.045 1492.408 1492.76 1493.112 1493.464 1493.791 1494.07 1494.349 1494.628 1494.906 1495.146 1495.375 1495.604 1495.834 1496.016 1496.074 1496.132 1496.19 1496.248 1496.384 1496.547 1496.71 1496.873 1497.0 1497.0 1497.0 1497.0 1497.0
1478.833 1478.974 1479.115 1479.257 1479.392 1479.523 1479.654 1479.784 1479.927 1480.39 1480.854 1481.317 1481.78 1482.295 1482.859 1483.424 1483.988 1484.552 1484.991 1485.427 1485.863 1486.299 1486.664 1486.943 1487.223 1487.502 1487.781 1488.176 1488.58 1488.984 1489.388 1489.815 1490.279 1490.743 1491.207 1491.671 1492.057 1492.431 1492.805 1493.179 1493.534 1493.85 1494.167 1494.484 1494.801 1495.065 1495.316 1495.567 1495.818 1496.026 1496.122 1496.218 1496.314 1496.41 1496.528 1496.653 1496.777 1496.902 1497.0 1497.0 1497.0 1497.0 1497.0
1474.677 1474.797 1474.917 1475.036 1475.257 1475.556 1475.855 1476.154 1476.466 1477.103 1477.74 1478.377 1479.014 1479.708 1480.457 1481.206 1481.955 1482.704 1483.306 1483.905 1484.503 1485.102 1485.594 1485.955 1486.316 1486.676 1487.037 1487.478 1487.925 1488.373 1488.82 1489.289 1489.791 1490.293 1490.795 1491.297 1491.707 1492.103 1492.498 1492.894 1493.276 1493.63 1493.985 1494.34 1494.695 1494.984 1495.257 1495.53 1495.802 1496.037 1496.171 1496.305 1496.439 1496.573 1496.672 1496.758 1496.845 1496.932 1497.0 1497.0 1497.0 1497.0 1497.0
1470.52 1470.619 1470.718 1470.816 1471.124 1471.592 1472.061 1472.529 1473.01 1473.821 1474.633 1475.444 1476.255 1477.129 1478.062 1478.996 1479.93 1480.864 1481.629 1482.39 1483.152 1483.913 1484.531 1484.973 1485.415 1485.857 1486.299 1486.786 1487.276 1487.767 1488.258 1488.768 1489.308 1489.848 1490.387 1490.927 1491.361 1491.779 1492.196 1492.613 1493.022 1493.415 1493.807 1494.2 1494.593 1494.906 1495.2 1495.494 1495.788 1496.049 1496.221 1496.392 1496.564 1496.736 1496.816 1496.865 1496.914 1496.963 1497.002 1497.002 1497.002 1497.002 1497.002
1466.096 1466.287 1466.478 1466.669 1467.198 1467.987 1468.776 1469.564 1470.362 1471.402 1472.441 1473.48 1474.52 1475.607 1476.742 1477.877 1479.011 1480.146 1481.054 1481.956 1482.859 1483.762 1484.472 1484.947 1485.421 1485.895 1486.37 1486.879 1487.392 1487.904 1488.417 1488.945 1489.495 1490.046 1490.596 1491.147 1491.601 1492.04 1492.479 1492.918 1493.345 1493.749 1494.152 1494.556 1494.959 1495.249 1495.51 1495.772 1496.033 1496.273 1496.456 1496.639 1496.821 1497.004 1497.079 1497.117 1497.155 1497.193 1497.223 1497.223 1497.223 1497.223 1497.223
1461.672 1461.955 1462.239 1462.522 1463.272 1464.381 1465.491 1466.6 1467.715 1468.982 1470.249 1471.517 1472.784 1474.086 1475.422 1476.757 1478.093 1479.428 1480.479 1481.523 1482.566 1483.61 1484.413 1484.92 1485.427 1485.934 1486.441 1486.973 1487.507 1488.042 1488.576 1489.121 1489.682 1490.244 1490.805 1491.367 1491.841 1492.302 1492.763 1493.223 1493.669 1494.083 1494.497 1494.912 1495.326 1495.591 1495.82 1496.049 1496.278 1496.498 1496.691 1496.885 1497.078 1497.272 1497.341 1497.368 1497.396 1497.423 1497.444 1497.444 1497.444 1497.444 1497.444
1457.248 1457.623 1457.999 1458.375 1459.346 1460.776 1462.205 1463.635 1465.067 1466.562 1468.058 1469.553 1471.048 1472.565 1474.101 1475.638 1477.174 1478.711 1479.904 1481.089 1482.274 1483.459 1484.354 1484.893 1485.433 1485.973 1486.512 1487.067 1487.623 1488.179 1488.735 1489.297 1489.87 1490.442 1491.014 1491.587 1492.082 1492.564 1493.046 1493.529 1493.992 1494.417 1494.842 1495.268 1495.693 1495.934 1496.13 1496.327 1496.523 1496.722 1496.926 1497.131 1497.335 1497.539 1497.604 1497.62 1497.636 1497.653 1497.666 1497.666 1497.666 1497.666 1497.666
1452.823 1453.292 1453.76 1454.228 1455.42 1457.17 1458.92 1460.67 1462.419 1464.143 1465.866 1467.589 1469.313 1471.044 1472.781 1474.518 1476.256 1477.993 1479.329 1480.655 1481.981 1483.307 1484.295 1484.867 1485.439 1486.011 1486.583 1487.161 1487.738 1488.316 1488.894 1489.474 1490.057 1490.64 1491.223 1491.807 1492.322 1492.826 1493.33 1493.834 1494.315 1494.751 1495.188 1495.624 1496.06 1496.277 1496.441 1496.604 1496.768 1496.946 1497.161 1497.377 1497.592 1497.807 1497.866 1497.871 1497.877 1497.883 1497.887 1497.887 1497.887 1497.887 1497.887
1448.837 1449.589 1450.341 1451.092 1452.637 1454.793 1456.948 1459.103 1461.253 1463.263 1465.273 1467.283 1469.293 1471.206 1473.025 1474.844 1476.663 1478.482 1479.837 1481.182 1482.527 1483.873 1484.873 1485.452 1486.03 1486.608 1487.186 1487.732 1488.276 1488.82 1489.363 1489.915 1490.48 1491.045 1491.61 1492.175 1492.69 1493.197 1493.704 1494.212 1494.694 1495.128 1495.562 1495.995 1496.429 1496.632 1496.779 1496.927 1497.074 1497.235 1497.432 1497.628 1497.825 1498.022 1498.068 1498.063 1498.058 1498.052 1498.046 1498.035 1498.025 1498.014 1498.003
1445.308 1446.543 1447.778 1449.013 1451.048 1453.697 1456.346 1458.996 1461.635 1463.992 1466.35 1468.707 1471.065 1473.127 1474.902 1476.678 1478.453 1480.229 1481.477 1482.714 1483.95 1485.187 1486.118 1486.674 1487.231 1487.787 1488.344 1488.803 1489.255 1489.706 1490.157 1490.634 1491.15 1491.666 1492.182 1492.698 1493.192 1493.683 1494.174 1494.665 1495.132 1495.549 1495.966 1496.384 1496.801 1497.001 1497.148 1497.296 1497.443 1497.59 1497.738 1497.886 1498.034 1498.182 1498.208 1498.192 1498.175 1498.159 1498.14 1498.107 1498.075 1498.042 1498.01
1441.779 1443.498 1445.216 1446.934 1449.458 1452.601 1455.745 1458.889 1462.016 1464.721 1467.426 1470.131 1472.836 1475.048 1476.78 1478.512 1480.244 1481.976 1483.117 1484.245 1485.373 1486.501 1487.362 1487.897 1488.432 1488.966 1489.501 1489.874 1490.233 1490.592 1490.951 1491.353 1491.82 1492.287 1492.754 1493.221 1493.695 1494.169 1494.644 1495.119 1495.569 1495.97 1496.371 1496.772 1497.173 1497.37 1497.517 1497.664 1497.812 1497.946 1498.045 1498.144 1498.243 1498.342 1498.347 1498.32 1498.293 1498.266 1498.233 1498.179 1498.125 1498.071 1498.017
1438.25 1440.452 1442.653 1444.855 1447.868 1451.506 1455.144 1458.781 1462.398 1465.45 1468.503 1471.555 1474.608 1476.969 1478.657 1480.345 1482.034 1483.723 1484.757 1485.776 1486.795 1487.815 1488.607 1489.12 1489.633 1490.146 1490.659 1490.945 1491.212 1491.479 1491.745 1492.071 1492.49 1492.908 1493.326 1493.744 1494.197 1494.656 1495.114 1495.572 1496.006 1496.391 1496.776 1497.16 1497.545 1497.739 1497.886 1498.033 1498.18 1498.301 1498.351 1498.401 1498.452 1498.502 1498.487 1498.449 1498.411 1498.373 1498.327 1498.251 1498.175 1498.099 1498.024
1434.721 1437.406 1440.091 1442.776 1446.279 1450.41 1454.542 1458.674 1462.779 1466.179 1469.579 1472.979 1476.379 1478.889 1480.534 1482.179 1483.824 1485.469 1486.396 1487.307 1488.218 1489.129 1489.851 1490.343 1490.834 1491.325 1491.816 1492.016 1492.19 1492.365 1492.539 1492.79 1493.159 1493.529 1493.898 1494.268 1494.7 1495.142 1495.584 1496.026 1496.443 1496.812 1497.18 1497.549 1497.917 1498.108 1498.255 1498.402 1498.549 1498.656 1498.658 1498.659 1498.661 1498.662 1498.626 1498.577 1498.529 1498.48 1498.42 1498.323 1498.225 1498.128 1498.03
1431.531 1434.726 1437.921 1441.115 1445.253 1450.116 1454.979 1459.843 1464.662 1468.32 1471.978 1475.636 1479.294 1481.842 1483.312 1484.781 1486.251 1487.721 1488.522 1489.309 1490.095 1490.882 1491.483 1491.858 1492.232 1492.607 1492.982 1493.102 1493.199 1493.297 1493.395 1493.568 1493.857 1494.146 1494.435 1494.723 1495.121 1495.536 1495.952 1496.367 1496.761 1497.113 1497.466 1497.818 1498.17 1498.366 1498.523 1498.681 1498.839 1498.945 1498.913 1498.881 1498.85 1498.818 1498.769 1498.715 1498.661 1498.606 1498.547 1498.47 1498.393 1498.316 1498.239
1428.352 1432.057 1435.762 1439.467 1444.244 1449.846 1455.447 1461.049 1466.59 1470.503 1474.416 1478.329 1482.242 1484.825 1486.116 1487.406 1488.697 1489.988 1490.663 1491.324 1491.986 1492.647 1493.126 1493.381 1493.637 1493.892 1494.147 1494.188 1494.209 1494.231 1494.253 1494.348 1494.555 1494.762 1494.97 1495.177 1495.541 1495.929 1496.317 1496.705 1497.075 1497.411 1497.747 1498.083 1498.419 1498.62 1498.789 1498.958 1499.126 1499.231 1499.167 1499.102 1499.038 1498.974 1498.913 1498.853 1498.793 1498.734 1498.675 1498.62 1498.564 1498.509 1498.453
1425.172 1429.388 1433.603 1437.819 1443.235 1449.575 1455.915 1462.256 1468.517 1472.686 1476.854 1481.022 1485.191 1487.808 1488.92 1490.031 1491.143 1492.254 1492.803 1493.34 1493.876 1494.413 1494.77 1494.905 1495.041 1495.177 1495.313 1495.273 1495.219 1495.165 1495.111 1495.127 1495.253 1495.379 1495.505 1495.631 1495.96 1496.321 1496.682 1497.043 1497.39 1497.709 1498.029 1498.349 1498.668 1498.875 1499.055 1499.234 1499.413 1499.517 1499.42 1499.323 1499.226 1499.13 1499.056 1498.991 1498.926 1498.861 1498.802 1498.769 1498.735 1498.702 1498.668
1421.992 1426.718 1431.444 1436.17 1442.226 1449.305 1456.384 1463.462 1470.445 1474.868 1479.292 1483.716 1488.139 1490.792 1491.724 1492.656 1493.588 1494.521 1494.944 1495.355 1495.767 1496.179 1496.413 1496.429 1496.445 1496.462 1496.478 1496.359 1496.229 1496.099 1495.969 1495.907 1495.952 1495.996 1496.041 1496.085 1496.379 1496.713 1497.047 1497.38 1497.704 1498.007 1498.311 1498.614 1498.917 1499.13 1499.32 1499.51 1499.701 1499.803 1499.674 1499.544 1499.415 1499.286 1499.2 1499.129 1499.059 1498.988 1498.93 1498.918 1498.906 1498.895 1498.883
1418.879 1423.921 1428.963 1434.005 1440.628 1448.467 1456.306 1464.146 1471.872 1476.598 1481.324 1486.049 1490.775 1493.555 1494.446 1495.337 1496.228 1497.118 1497.389 1497.647 1497.904 1498.161 1498.253 1498.143 1498.032 1497.922 1497.811 1497.565 1497.307 1497.049 1496.791 1496.623 1496.593 1496.564 1496.534 1496.505 1496.761 1497.062 1497.364 1497.666 1497.958 1498.23 1498.502 1498.774 1499.047 1499.26 1499.458 1499.657 1499.856 1499.964 1499.831 1499.699 1499.566 1499.434 1499.345 1499.272 1499.198 1499.125 1499.064 1499.049 1499.034 1499.019 1499.005
1415.845 1420.968 1426.091 1431.215 1438.319 1446.945 1455.572 1464.199 1472.697 1477.781 1482.865 1487.949 1493.033 1496.053 1497.069 1498.084 1499.1 1500.116 1500.204 1500.271 1500.338 1500.406 1500.332 1500.086 1499.839 1499.593 1499.347 1498.915 1498.467 1498.019 1497.571 1497.261 1497.167 1497.072 1496.977 1496.882 1497.097 1497.36 1497.624 1497.888 1498.138 1498.361 1498.585 1498.808 1499.032 1499.24 1499.444 1499.648 1499.852 1499.973 1499.873 1499.773 1499.673 1499.573 1499.493 1499.419 1499.346 1499.272 1499.204 1499.157 1499.109 1499.062 1499.015
1412.811 1418.016 1423.22 1428.425 1436.009 1445.423 1454.837 1464.251 1473.522 1478.964 1484.406 1489.849 1495.291 1498.551 1499.692 1500.832 1501.973 1503.114 1503.018 1502.896 1502.773 1502.65 1502.411 1502.029 1501.646 1501.264 1500.882 1500.265 1499.627 1498.989 1498.351 1497.9 1497.74 1497.58 1497.42 1497.26 1497.433 1497.659 1497.884 1498.11 1498.319 1498.493 1498.668 1498.842 1499.017 1499.219 1499.429 1499.639 1499.848 1499.981 1499.914 1499.847 1499.78 1499.712 1499.64 1499.567 1499.493 1499.42 1499.345 1499.265 1499.185 1499.105 1499.025
1409.776 1415.063 1420.349 1425.635 1433.7 1443.901 1454.103 1464.304 1474.346 1480.147 1485.948 1491.748 1497.549 1501.049 1502.315 1503.58 1504.846 1506.111 1505.833 1505.52 1505.207 1504.894 1504.489 1503.971 1503.454 1502.936 1502.418 1501.615 1500.786 1499.958 1499.13 1498.538 1498.313 1498.088 1497.863 1497.638 1497.769 1497.957 1498.144 1498.332 1498.499 1498.625 1498.75 1498.876 1499.002 1499.199 1499.414 1499.629 1499.844 1499.99 1499.956 1499.921 1499.886 1499.852 1499.788 1499.714 1499.641 1499.567 1499.485 1499.373 1499.26 1499.148 1499.035
1406.742 1412.11 1417.478 1422.846 1431.391 1442.379 1453.368 1464.357 1475.171 1481.33 1487.489 1493.648 1499.807 1503.547 1504.938 1506.328 1507.718 1509.109 1508.647 1508.144 1507.641 1507.138 1506.568 1505.914 1505.261 1504.607 1503.953 1502.964 1501.946 1500.928 1499.91 1499.177 1498.887 1498.596 1498.306 1498.016 1498.105 1498.255 1498.404 1498.554 1498.679 1498.756 1498.833 1498.91 1498.987 1499.179 1499.399 1499.62 1499.84 1499.999 1499.997 1499.995 1499.993 1499.991 1499.936 1499.862 1499.788 1499.715 1499.625 1499.48 1499.335 1499.19 1499.045
1406.922 1412.386 1417.851 1423.315 1431.828 1442.684 1453.542 1464.399 1475.092 1481.426 1487.761 1494.095 1500.43 1504.41 1506.103 1507.796 1509.49 1511.182 1510.666 1510.1 1509.534 1508.968 1508.32 1507.571 1506.822 1506.073 1505.325 1504.261 1503.169 1502.078 1500.987 1500.181 1499.821 1499.46 1499.1 1498.74 1498.76 1498.841 1498.922 1499.004 1499.07 1499.108 1499.146 1499.184 1499.223 1499.367 1499.537 1499.707 1499.877 1500.008 1500.039 1500.069 1500.1 1500.13 1500.125 1500.107 1500.089 1500.072 1500.03 1499.903 1499.776 1499.649 1499.523
1407.324 1412.886 1418.448 1424.011 1432.455 1443.116 1453.778 1464.439 1474.95 1481.447 1487.945 1494.443 1500.94 1505.16 1507.168 1509.176 1511.184 1513.192 1512.629 1512.009 1511.389 1510.768 1510.049 1509.208 1508.367 1507.526 1506.685 1505.553 1504.397 1503.24 1502.084 1501.211 1500.78 1500.349 1499.918 1499.487 1499.437 1499.448 1499.458 1499.469 1499.476 1499.476 1499.476 1499.476 1499.476 1499.569 1499.685 1499.8 1499.916 1500.017 1500.08 1500.143 1500.207 1500.27 1500.317 1500.359 1500.401 1500.443 1500.453 1500.348 1500.243 1500.137 1500.032
1407.726 1413.386 1419.046 1424.706 1433.082 1443.548 1454.014 1464.48 1474.808 1481.469 1488.129 1494.79 1501.45 1505.91 1508.233 1510.556 1512.879 1515.202 1514.593 1513.918 1513.244 1512.569 1511.778 1510.845 1509.911 1508.978 1508.045 1506.846 1505.624 1504.403 1503.181 1502.241 1501.739 1501.238 1500.736 1500.235 1500.114 1500.054 1499.994 1499.934 1499.881 1499.843 1499.805 1499.767 1499.729 1499.771 1499.833 1499.894 1499.955 1500.026 1500.122 1500.218 1500.313 1500.409 1500.509 1500.611 1500.713 1500.814 1500.876 1500.792 1500.709 1500.625 1500.542
1408.128 1413.886 1419.643 1425.401 1433.71 1443.98 1454.25 1464.521 1474.667 1481.49 1488.313 1495.137 1501.96 1506.66 1509.298 1511.936 1514.574 1517.212 1516.556 1515.827 1515.098 1514.37 1513.507 1512.482 1511.456 1510.43 1509.405 1508.139 1506.852 1505.565 1504.278 1503.271 1502.699 1502.126 1501.554 1500.982 1500.791 1500.66 1500.53 1500.399 1500.287 1500.211 1500.135 1500.059 1499.983 1499.974 1499.981 1499.988 1499.995 1500.035 1500.163 1500.292 1500.42 1500.548 1500.701 1500.863 1501.024 1501.186 1501.298 1501.237 1501.175 1501.113 1501.052
1409.254 1415.245 1421.236 1427.228 1435.39 1445.223 1455.055 1464.888 1474.606 1481.268 1487.93 1494.592 1501.254 1506.002 1508.889 1511.776 1514.663 1517.551 1517.002 1516.378 1515.753 1515.128 1514.324 1513.299 1512.274 1511.249 1510.224 1508.992 1507.741 1506.491 1505.241 1504.264 1503.712 1503.16 1502.608 1502.056 1501.838 1501.673 1501.508 1501.343 1501.183 1501.032 1500.882 1500.732 1500.582 1500.487 1500.406 1500.325 1500.244 1500.212 1500.309 1500.406 1500.504 1500.601 1500.792 1501.016 1501.239 1501.463 1501.644 1501.672 1501.7 1501.728 1501.755
1411.389 1417.804 1424.219 1430.634 1438.542 1447.598 1456.654 1465.71 1474.657 1480.706 1486.754 1492.803 1498.851 1503.376 1506.421 1509.466 1512.51 1515.555 1515.329 1515.03 1514.731 1514.433 1513.866 1512.971 1512.077 1511.182 1510.287 1509.23 1508.159 1507.089 1506.018 1505.207 1504.802 1504.396 1503.99 1503.585 1503.401 1503.252 1503.104 1502.955 1502.764 1502.489 1502.214 1501.939 1501.664 1501.435 1501.218 1501.001 1500.785 1500.621 1500.599 1500.577 1500.555 1500.533 1500.743 1501.031 1501.32 1501.609 1501.881 1502.093 1502.306 1502.518 1502.731
