data/zism_data/00962_02_D.txt
ncols         224
nrows         224
[rows 0 to 28 of 224, columns 130 to 194 of 224]
1773.42 1767.224 1759.679 1752.134 1744.589 1737.044 1730.554 1724.396 1718.237 1712.079 1706.831 1705.159 1703.487 1701.815 1700.143 1699.617 1699.722 1699.826 1699.931 1700.078 1700.669 1701.261 1701.852 1702.444 1703.597 1705.251 1706.905 1708.559 1710.213 1712.83 1715.477 1718.124 1720.771 1723.71 1727.066 1730.422 1733.778 1737.134 1741.158 1745.296 1749.434 1753.572 1756.886 1758.252 1759.619 1760.985 1762.351 1761.164 1759.076 1756.989 1754.901 1752.759 1750.37 1747.982 1745.593 1743.205 1740.875 1738.582 1736.288 1733.995 1731.753 1730.251 1728.749 1727.247 1725.745
1776.619 1770.7 1763.168 1755.636 1748.104 1740.572 1733.837 1727.351 1720.866 1714.381 1708.783 1706.672 1704.562 1702.451 1700.34 1699.535 1699.449 1699.364 1699.278 1699.225 1699.51 1699.794 1700.079 1700.364 1701.171 1702.442 1703.713 1704.984 1706.255 1708.527 1710.829 1713.131 1715.432 1718.066 1721.172 1724.279 1727.385 1730.491 1734.514 1738.692 1742.87 1747.048 1750.482 1752.158 1753.833 1755.508 1757.184 1756.301 1754.516 1752.73 1750.945 1749.088 1746.909 1744.731 1742.552 1740.374 1738.198 1736.024 1733.85 1731.676 1729.554 1728.175 1726.795 1725.416 1724.037
1779.166 1773.63 1766.259 1758.887 1751.516 1744.144 1737.284 1730.585 1723.886 1717.186 1711.315 1708.695 1706.076 1703.457 1700.838 1699.8 1699.634 1699.469 1699.303 1699.17 1699.385 1699.6 1699.816 1700.031 1700.641 1701.601 1702.562 1703.523 1704.484 1706.305 1708.151 1709.998 1711.845 1714.024 1716.675 1719.326 1721.978 1724.629 1728.558 1732.704 1736.85 1740.996 1744.451 1746.271 1748.091 1749.911 1751.73 1751.111 1749.63 1748.15 1746.67 1745.098 1743.112 1741.126 1739.14 1737.154 1735.111 1733.034 1730.956 1728.878 1726.854 1725.604 1724.353 1723.102 1721.851
1781.712 1776.56 1769.349 1762.138 1754.927 1747.716 1740.732 1733.818 1726.905 1719.991 1713.846 1710.718 1707.591 1704.463 1701.335 1700.066 1699.819 1699.573 1699.327 1699.115 1699.261 1699.406 1699.552 1699.698 1700.111 1700.761 1701.411 1702.062 1702.712 1704.082 1705.474 1706.866 1708.258 1709.982 1712.178 1714.374 1716.57 1718.767 1722.603 1726.717 1730.83 1734.944 1738.42 1740.384 1742.348 1744.313 1746.277 1745.921 1744.745 1743.57 1742.395 1741.107 1739.314 1737.521 1735.728 1733.935 1732.024 1730.043 1728.062 1726.08 1724.155 1723.033 1721.91 1720.788 1719.666
1784.259 1779.489 1772.439 1765.389 1758.339 1751.288 1744.179 1737.052 1729.924 1722.797 1716.378 1712.741 1709.105 1705.469 1701.833 1700.331 1700.005 1699.678 1699.352 1699.06 1699.136 1699.212 1699.289 1699.365 1699.58 1699.92 1700.26 1700.6 1700.94 1701.86 1702.797 1703.733 1704.67 1705.939 1707.681 1709.422 1711.163 1712.905 1716.647 1720.729 1724.811 1728.893 1732.388 1734.497 1736.606 1738.715 1740.824 1740.731 1739.86 1738.99 1738.12 1737.117 1735.517 1733.916 1732.316 1730.715 1728.938 1727.052 1725.167 1723.282 1721.455 1720.462 1719.468 1718.474 1717.48
1786.806 1782.419 1775.53 1768.64 1761.75 1754.86 1747.627 1740.285 1732.944 1725.602 1718.909 1714.764 1710.62 1706.475 1702.331 1700.596 1700.19 1699.783 1699.376 1699.005 1699.012 1699.018 1699.025 1699.032 1699.05 1699.08 1699.109 1699.139 1699.168 1699.637 1700.119 1700.601 1701.083 1701.897 1703.183 1704.47 1705.756 1707.043 1710.692 1714.742 1718.791 1722.841 1726.357 1728.61 1730.864 1733.117 1735.37 1735.54 1734.975 1734.41 1733.845 1733.127 1731.719 1730.311 1728.903 1727.496 1725.851 1724.062 1722.273 1720.484 1718.756 1717.891 1717.025 1716.16 1715.294
1787.187 1783.209 1776.626 1770.042 1763.458 1756.874 1749.573 1742.046 1734.52 1726.993 1720.103 1715.711 1711.32 1706.928 1702.537 1700.698 1700.264 1699.83 1699.396 1699.0 1699.0 1699.0 1699.0 1699.0 1698.985 1698.956 1698.927 1698.897 1698.868 1699.195 1699.532 1699.869 1700.206 1700.815 1701.812 1702.808 1703.804 1704.8 1707.866 1711.283 1714.7 1718.117 1721.136 1723.214 1725.292 1727.37 1729.448 1729.866 1729.698 1729.53 1729.362 1729.004 1727.789 1726.574 1725.359 1724.144 1722.58 1720.805 1719.031 1717.256 1715.553 1714.884 1714.215 1713.546 1712.877
1787.34 1783.775 1777.513 1771.25 1764.987 1758.724 1751.362 1743.653 1735.945 1728.236 1721.156 1716.545 1711.934 1707.323 1702.712 1700.781 1700.326 1699.871 1699.416 1699.0 1699.0 1699.0 1699.0 1699.0 1698.968 1698.906 1698.845 1698.784 1698.723 1698.939 1699.164 1699.389 1699.613 1700.044 1700.767 1701.49 1702.214 1702.937 1705.368 1708.089 1710.811 1713.532 1716.0 1717.869 1719.739 1721.608 1723.478 1724.142 1724.38 1724.619 1724.857 1724.868 1723.845 1722.823 1721.8 1720.778 1719.29 1717.521 1715.751 1713.982 1712.298 1711.832 1711.366 1710.9 1710.435
1787.494 1784.341 1778.4 1772.458 1766.516 1760.575 1753.15 1745.26 1737.369 1729.479 1722.209 1717.379 1712.548 1707.718 1702.888 1700.865 1700.388 1699.912 1699.435 1699.0 1699.0 1699.0 1699.0 1699.0 1698.951 1698.857 1698.764 1698.671 1698.578 1698.684 1698.796 1698.908 1699.021 1699.273 1699.723 1700.173 1700.623 1701.074 1702.871 1704.896 1706.921 1708.947 1710.864 1712.524 1714.185 1715.846 1717.507 1718.417 1719.062 1719.708 1720.353 1720.731 1719.901 1719.072 1718.242 1717.412 1716.0 1714.236 1712.472 1710.708 1709.042 1708.78 1708.517 1708.255 1707.993
1787.648 1784.907 1779.287 1773.666 1768.046 1762.425 1754.939 1746.866 1738.794 1730.721 1723.262 1718.213 1713.163 1708.113 1703.063 1700.949 1700.451 1699.953 1699.455 1699.0 1699.0 1699.0 1699.0 1699.0 1698.934 1698.808 1698.683 1698.557 1698.432 1698.428 1698.428 1698.428 1698.428 1698.501 1698.678 1698.856 1699.033 1699.21 1700.373 1701.703 1703.032 1704.362 1705.728 1707.18 1708.632 1710.084 1711.536 1712.692 1713.744 1714.796 1715.849 1716.595 1715.958 1715.32 1714.683 1714.046 1712.71 1710.952 1709.193 1707.434 1705.786 1705.727 1705.668 1705.609 1705.55
1786.469 1784.026 1778.691 1773.356 1768.021 1762.686 1755.311 1747.294 1739.278 1731.262 1723.835 1718.728 1713.619 1708.511 1703.404 1701.263 1700.757 1700.251 1699.744 1699.28 1699.258 1699.235 1699.213 1699.19 1699.095 1698.936 1698.776 1698.617 1698.458 1698.351 1698.246 1698.141 1698.036 1697.965 1697.943 1697.92 1697.898 1697.875 1698.544 1699.329 1700.115 1700.901 1701.82 1703.053 1704.287 1705.521 1706.755 1708.025 1709.308 1710.59 1711.873 1712.837 1712.361 1711.884 1711.408 1710.932 1709.708 1708.031 1706.355 1704.678 1703.119 1703.241 1703.363 1703.485 1703.607
1782.819 1780.461 1775.345 1770.23 1765.114 1759.999 1753.055 1745.536 1738.018 1730.499 1723.518 1718.651 1713.784 1708.917 1704.05 1702.005 1701.515 1701.025 1700.535 1700.079 1699.993 1699.906 1699.819 1699.733 1699.588 1699.391 1699.194 1698.997 1698.8 1698.604 1698.408 1698.212 1698.016 1697.865 1697.779 1697.692 1697.605 1697.518 1697.953 1698.477 1699.0 1699.524 1700.188 1701.187 1702.185 1703.184 1704.182 1705.319 1706.505 1707.692 1708.878 1709.781 1709.407 1709.032 1708.658 1708.283 1707.237 1705.786 1704.334 1702.882 1701.542 1701.804 1702.065 1702.326 1702.587
1779.17 1776.896 1772.0 1767.104 1762.208 1757.312 1750.799 1743.778 1736.757 1729.736 1723.201 1718.575 1713.949 1709.322 1704.696 1702.748 1702.273 1701.799 1701.325 1700.879 1700.728 1700.577 1700.426 1700.275 1700.08 1699.846 1699.611 1699.377 1699.143 1698.857 1698.57 1698.283 1697.996 1697.766 1697.615 1697.464 1697.313 1697.162 1697.363 1697.625 1697.886 1698.147 1698.557 1699.32 1700.083 1700.846 1701.609 1702.613 1703.703 1704.793 1705.883 1706.726 1706.453 1706.18 1705.907 1705.635 1704.767 1703.54 1702.313 1701.087 1699.966 1700.366 1700.766 1701.167 1701.567
1775.521 1773.331 1768.655 1763.978 1759.301 1754.625 1748.543 1742.02 1735.497 1728.974 1722.884 1718.499 1714.113 1709.728 1705.343 1703.49 1703.032 1702.574 1702.115 1701.678 1701.463 1701.248 1701.033 1700.818 1700.573 1700.301 1700.029 1699.757 1699.485 1699.111 1698.733 1698.355 1697.977 1697.666 1697.451 1697.236 1697.02 1696.805 1696.773 1696.772 1696.771 1696.77 1696.926 1697.453 1697.981 1698.508 1699.035 1699.907 1700.901 1701.895 1702.888 1703.671 1703.5 1703.328 1703.157 1702.986 1702.297 1701.295 1700.293 1699.291 1698.389 1698.929 1699.468 1700.007 1700.547
1771.871 1769.766 1765.309 1760.852 1756.395 1751.938 1746.287 1740.262 1734.236 1728.211 1722.567 1718.423 1714.278 1710.133 1705.989 1704.232 1703.79 1703.348 1702.906 1702.478 1702.198 1701.919 1701.64 1701.36 1701.065 1700.756 1700.447 1700.137 1699.828 1699.364 1698.895 1698.426 1697.957 1697.566 1697.287 1697.007 1696.728 1696.449 1696.183 1695.92 1695.656 1695.393 1695.295 1695.587 1695.879 1696.17 1696.462 1697.202 1698.099 1698.996 1699.893 1700.616 1700.546 1700.477 1700.407 1700.338 1699.827 1699.05 1698.272 1697.495 1696.813 1697.491 1698.17 1698.848 1699.527
1768.151 1766.271 1762.191 1758.111 1754.031 1749.95 1744.723 1739.136 1733.549 1727.962 1722.728 1718.884 1715.04 1711.196 1707.352 1705.657 1705.146 1704.635 1704.123 1703.624 1703.255 1702.886 1702.517 1702.148 1701.795 1701.457 1701.119 1700.78 1700.442 1699.926 1699.404 1698.883 1698.361 1697.894 1697.503 1697.113 1696.722 1696.332 1695.924 1695.513 1695.103 1694.692 1694.441 1694.565 1694.69 1694.814 1694.939 1695.532 1696.29 1697.049 1697.807 1698.417 1698.36 1698.303 1698.246 1698.188 1697.836 1697.305 1696.773 1696.242 1695.798 1696.594 1697.39 1698.187 1698.983
1764.413 1762.794 1759.131 1755.468 1751.806 1748.143 1743.338 1738.173 1733.009 1727.844 1723.012 1719.483 1715.955 1712.427 1708.898 1707.257 1706.655 1706.053 1705.45 1704.86 1704.395 1703.929 1703.464 1702.998 1702.586 1702.221 1701.856 1701.491 1701.126 1700.567 1700.003 1699.438 1698.874 1698.331 1697.817 1697.303 1696.79 1696.276 1695.75 1695.222 1694.693 1694.165 1693.786 1693.761 1693.736 1693.71 1693.685 1694.128 1694.737 1695.345 1695.954 1696.44 1696.372 1696.304 1696.236 1696.168 1695.968 1695.688 1695.409 1695.129 1694.927 1695.836 1696.744 1697.653 1698.562
1760.675 1759.316 1756.071 1752.826 1749.581 1746.335 1741.952 1737.21 1732.468 1727.727 1723.295 1720.083 1716.87 1713.657 1710.445 1708.857 1708.164 1707.471 1706.778 1706.096 1705.534 1704.972 1704.41 1703.849 1703.377 1702.985 1702.593 1702.202 1701.81 1701.209 1700.602 1699.994 1699.387 1698.768 1698.131 1697.494 1696.858 1696.221 1695.576 1694.93 1694.284 1693.638 1693.132 1692.957 1692.781 1692.606 1692.431 1692.724 1693.183 1693.642 1694.1 1694.462 1694.383 1694.304 1694.226 1694.147 1694.1 1694.072 1694.044 1694.016 1694.056 1695.077 1696.098 1697.119 1698.141
1756.937 1755.839 1753.011 1750.183 1747.356 1744.528 1740.566 1736.247 1731.928 1727.609 1723.579 1720.682 1717.785 1714.888 1711.992 1710.457 1709.673 1708.889 1708.105 1707.332 1706.673 1706.015 1705.357 1704.699 1704.167 1703.749 1703.331 1702.912 1702.494 1701.85 1701.2 1700.55 1699.9 1699.205 1698.445 1697.685 1696.925 1696.166 1695.402 1694.639 1693.875 1693.111 1692.477 1692.152 1691.827 1691.502 1691.177 1691.321 1691.63 1691.938 1692.247 1692.484 1692.394 1692.305 1692.216 1692.126 1692.232 1692.455 1692.679 1692.902 1693.185 1694.319 1695.452 1696.586 1697.719
1753.292 1752.466 1750.034 1747.602 1745.17 1742.738 1739.187 1735.284 1731.382 1727.479 1723.842 1721.248 1718.654 1716.06 1713.467 1711.984 1711.114 1710.245 1709.375 1708.516 1707.777 1707.038 1706.299 1705.56 1704.971 1704.517 1704.063 1703.609 1703.154 1702.472 1701.783 1701.094 1700.405 1699.638 1698.76 1697.883 1697.005 1696.127 1695.253 1694.379 1693.505 1692.631 1691.875 1691.398 1690.92 1690.443 1689.965 1689.952 1690.101 1690.251 1690.401 1690.505 1690.401 1690.297 1690.193 1690.089 1690.309 1690.725 1691.141 1691.556 1692.025 1693.249 1694.473 1695.697 1696.921
1749.937 1749.424 1747.318 1745.212 1743.106 1741.001 1737.829 1734.323 1730.816 1727.31 1724.042 1721.71 1719.379 1717.047 1714.715 1713.281 1712.342 1711.402 1710.463 1709.538 1708.766 1707.995 1707.224 1706.453 1705.815 1705.297 1704.779 1704.26 1703.742 1703.031 1702.316 1701.6 1700.884 1700.06 1699.08 1698.101 1697.121 1696.142 1695.18 1694.22 1693.261 1692.301 1691.437 1690.799 1690.161 1689.523 1688.885 1688.691 1688.654 1688.616 1688.579 1688.524 1688.394 1688.263 1688.132 1688.001 1688.215 1688.636 1689.057 1689.478 1689.953 1691.198 1692.443 1693.689 1694.934
1746.582 1746.381 1744.602 1742.822 1741.043 1739.264 1736.472 1733.361 1730.251 1727.141 1724.241 1722.172 1720.103 1718.033 1715.964 1714.578 1713.569 1712.56 1711.551 1710.559 1709.756 1708.953 1708.15 1707.346 1706.66 1706.077 1705.494 1704.912 1704.329 1703.591 1702.849 1702.106 1701.363 1700.481 1699.4 1698.319 1697.238 1696.157 1695.106 1694.061 1693.016 1691.971 1690.999 1690.201 1689.402 1688.603 1687.805 1687.43 1687.206 1686.981 1686.756 1686.544 1686.386 1686.229 1686.071 1685.914 1686.12 1686.547 1686.973 1687.399 1687.88 1689.147 1690.414 1691.681 1692.948
1743.227 1743.338 1741.885 1740.432 1738.98 1737.527 1735.114 1732.4 1729.686 1726.971 1724.441 1722.634 1720.827 1719.019 1717.212 1715.875 1714.796 1713.718 1712.639 1711.581 1710.746 1709.91 1709.075 1708.24 1707.504 1706.857 1706.21 1705.563 1704.916 1704.151 1703.381 1702.612 1701.843 1700.902 1699.72 1698.537 1697.354 1696.171 1695.033 1693.902 1692.772 1691.641 1690.561 1689.602 1688.643 1687.684 1686.725 1686.17 1685.758 1685.346 1684.934 1684.563 1684.379 1684.194 1684.01 1683.826 1684.026 1684.457 1684.889 1685.321 1685.808 1687.097 1688.385 1689.673 1690.961
1739.873 1740.295 1739.169 1738.043 1736.916 1735.79 1733.757 1731.438 1729.12 1726.802 1724.641 1723.096 1721.551 1720.006 1718.461 1717.172 1716.023 1714.875 1713.727 1712.603 1711.735 1710.868 1710.0 1709.133 1708.348 1707.637 1706.926 1706.215 1705.504 1704.71 1703.914 1703.118 1702.322 1701.324 1700.04 1698.755 1697.471 1696.186 1694.96 1693.744 1692.527 1691.311 1690.123 1689.004 1687.884 1686.764 1685.644 1684.909 1684.31 1683.71 1683.111 1682.582 1682.371 1682.16 1681.949 1681.738 1681.931 1682.368 1682.805 1683.242 1683.736 1685.046 1686.356 1687.665 1688.975
1736.535 1737.207 1736.371 1735.534 1734.698 1733.861 1732.123 1730.102 1728.08 1726.059 1724.169 1722.794 1721.42 1720.045 1718.671 1717.478 1716.385 1715.292 1714.199 1713.125 1712.259 1711.392 1710.526 1709.659 1708.856 1708.11 1707.365 1706.618 1705.872 1705.031 1704.186 1703.341 1702.496 1701.456 1700.14 1698.823 1697.507 1696.191 1694.94 1693.701 1692.461 1691.221 1690.005 1688.842 1687.679 1686.516 1685.354 1684.474 1683.695 1682.915 1682.136 1681.432 1681.07 1680.707 1680.344 1679.982 1679.993 1680.229 1680.466 1680.703 1681.0 1682.166 1683.332 1684.498 1685.664
1733.204 1734.099 1733.535 1732.971 1732.408 1731.844 1730.363 1728.593 1726.823 1725.053 1723.39 1722.144 1720.898 1719.652 1718.406 1717.331 1716.35 1715.37 1714.389 1713.42 1712.569 1711.719 1710.868 1710.018 1709.211 1708.444 1707.676 1706.909 1706.141 1705.242 1704.338 1703.434 1702.53 1701.456 1700.14 1698.823 1697.507 1696.191 1694.945 1693.71 1692.476 1691.242 1690.032 1688.88 1687.728 1686.576 1685.424 1684.417 1683.461 1682.505 1681.549 1680.662 1680.091 1679.52 1678.948 1678.377 1678.126 1678.068 1678.011 1677.953 1677.961 1678.908 1679.854 1680.8 1681.747
1729.873 1730.99 1730.699 1730.409 1730.118 1729.827 1728.603 1727.084 1725.566 1724.048 1722.611 1721.493 1720.376 1719.258 1718.141 1717.184 1716.315 1715.447 1714.579 1713.714 1712.879 1712.045 1711.21 1710.376 1709.566 1708.777 1707.988 1707.199 1706.41 1705.453 1704.49 1703.528 1702.565 1701.456 1700.14 1698.823 1697.507 1696.191 1694.949 1693.72 1692.492 1691.263 1690.06 1688.918 1687.777 1686.636 1685.494 1684.359 1683.227 1682.094 1680.962 1679.893 1679.113 1678.333 1677.553 1676.773 1676.259 1675.907 1675.556 1675.204 1674.922 1675.649 1676.376 1677.103 1677.83
1726.543 1727.881 1727.864 1727.846 1727.828 1727.81 1726.842 1725.576 1724.309 1723.042 1721.832 1720.843 1719.854 1718.865 1717.875 1717.037 1716.281 1715.525 1714.769 1714.008 1713.189 1712.371 1711.553 1710.734 1709.92 1709.11 1708.3 1707.49 1706.679 1705.664 1704.642 1703.621 1702.6 1701.456 1700.14 1698.823 1697.507 1696.191 1694.954 1693.73 1692.507 1691.283 1690.087 1688.957 1687.826 1686.695 1685.565 1684.302 1682.993 1681.684 1680.374 1679.123 1678.134 1677.146 1676.157 1675.168 1674.393 1673.746 1673.1 1672.454 1671.883 1672.39 1672.898 1673.405 1673.913
1723.271 1724.801 1725.035 1725.27 1725.504 1725.738 1725.011 1723.981 1722.952 1721.923 1720.93 1720.077 1719.224 1718.371 1717.518 1716.798 1716.152 1715.505 1714.859 1714.2 1713.41 1712.62 1711.829 1711.039 1710.228 1709.399 1708.571 1707.742 1706.913 1705.847 1704.775 1703.702 1702.63 1701.457 1700.143 1698.829 1697.514 1696.2 1694.985 1693.788 1692.59 1691.392 1690.222 1689.117 1688.011 1686.906 1685.801 1684.426 1682.956 1681.485 1680.015 1678.593 1677.39 1676.187 1674.983 1673.78 1672.732 1671.778 1670.824 1669.87 1668.996 1669.265 1669.534 1669.803 1670.073
