data/zism_data/00969_03_D.txt
ncols         224
nrows         224
[rows 112 to 139 of 224, columns 126 to 188 of 224]
1503.367 1502.655 1501.917 1501.179 1500.441 1499.703 1499.529 1499.718 1499.906 1500.094 1500.315 1500.911 1501.508 1502.104 1502.701 1503.141 1503.455 1503.768 1504.082 1504.376 1503.824 1503.272 1502.72 1502.168 1502.999 1505.254 1507.509 1509.763 1512.018 1515.958 1519.961 1523.964 1527.967 1531.493 1534.399 1537.305 1540.211 1543.117 1545.353 1547.52 1549.687 1551.854 1553.912 1555.789 1557.667 1559.544 1561.422 1563.457 1565.52 1567.584 1569.647 1571.788 1574.094 1576.401 1578.707 1581.013 1582.564 1583.916 1585.267 1586.618 1587.004 1584.657 1582.31
1505.41 1504.277 1503.176 1502.074 1500.972 1499.87 1499.521 1499.655 1499.789 1499.923 1500.104 1500.837 1501.569 1502.301 1503.033 1503.616 1504.076 1504.536 1504.996 1505.431 1504.726 1504.022 1503.318 1502.614 1503.418 1505.776 1508.135 1510.493 1512.851 1517.045 1521.309 1525.573 1529.836 1533.55 1536.548 1539.547 1542.545 1545.543 1547.837 1550.058 1552.28 1554.501 1556.619 1558.567 1560.515 1562.463 1564.411 1566.558 1568.741 1570.925 1573.108 1575.33 1577.636 1579.942 1582.248 1584.554 1586.089 1587.418 1588.747 1590.077 1590.44 1588.066 1585.692
1509.593 1508.083 1506.364 1504.645 1502.926 1501.207 1500.439 1500.282 1500.126 1499.969 1499.889 1500.697 1501.505 1502.313 1503.12 1503.905 1504.671 1505.436 1506.202 1506.945 1506.647 1506.349 1506.052 1505.754 1506.824 1509.303 1511.781 1514.26 1516.738 1520.894 1525.114 1529.333 1533.552 1537.198 1540.1 1543.001 1545.903 1548.804 1550.991 1553.103 1555.215 1557.327 1559.336 1561.174 1563.012 1564.851 1566.689 1568.818 1571.001 1573.183 1575.365 1577.581 1579.87 1582.159 1584.448 1586.737 1588.224 1589.497 1590.77 1592.043 1592.415 1590.233 1588.051
1514.34 1512.465 1510.062 1507.659 1505.255 1502.852 1501.601 1501.092 1500.582 1500.073 1499.673 1500.54 1501.408 1502.275 1503.143 1504.146 1505.259 1506.372 1507.485 1508.58 1508.836 1509.092 1509.349 1509.605 1511.017 1513.621 1516.224 1518.828 1521.431 1525.471 1529.566 1533.66 1537.754 1541.266 1544.021 1546.776 1549.531 1552.286 1554.321 1556.281 1558.241 1560.201 1562.056 1563.736 1565.417 1567.098 1568.778 1570.857 1573.006 1575.156 1577.305 1579.493 1581.76 1584.027 1586.294 1588.561 1589.992 1591.2 1592.408 1593.616 1594.005 1592.073 1590.141
1519.088 1516.847 1513.76 1510.672 1507.584 1504.497 1502.764 1501.901 1501.038 1500.176 1499.456 1500.383 1501.311 1502.238 1503.165 1504.386 1505.847 1507.308 1508.769 1510.215 1511.025 1511.835 1512.645 1513.455 1515.211 1517.939 1520.667 1523.395 1526.124 1530.048 1534.018 1537.987 1541.956 1545.334 1547.942 1550.551 1553.159 1555.767 1557.651 1559.459 1561.267 1563.075 1564.776 1566.299 1567.822 1569.345 1570.868 1572.895 1575.012 1577.129 1579.246 1581.404 1583.649 1585.895 1588.14 1590.386 1591.76 1592.903 1594.046 1595.189 1595.595 1593.913 1592.23
1523.836 1521.229 1517.457 1513.685 1509.913 1506.142 1503.926 1502.71 1501.495 1500.279 1499.24 1500.226 1501.213 1502.2 1503.187 1504.627 1506.435 1508.243 1510.052 1511.85 1513.214 1514.578 1515.942 1517.306 1519.404 1522.257 1525.11 1527.963 1530.816 1534.625 1538.469 1542.314 1546.159 1549.402 1551.864 1554.325 1556.787 1559.248 1560.98 1562.636 1564.292 1565.949 1567.495 1568.861 1570.227 1571.592 1572.958 1574.933 1577.017 1579.102 1581.186 1583.315 1585.539 1587.763 1589.986 1592.21 1593.529 1594.606 1595.684 1596.762 1597.185 1595.752 1594.32
1528.636 1525.719 1521.365 1517.012 1512.658 1508.304 1505.617 1504.001 1502.385 1500.77 1499.357 1500.287 1501.218 1502.149 1503.08 1504.657 1506.761 1508.865 1510.969 1513.072 1515.113 1517.153 1519.194 1521.235 1523.781 1526.847 1529.912 1532.978 1536.044 1539.748 1543.477 1547.205 1550.934 1554.021 1556.276 1558.53 1560.784 1563.038 1564.563 1566.012 1567.461 1568.91 1570.262 1571.452 1572.643 1573.833 1575.024 1576.878 1578.851 1580.824 1582.797 1584.828 1586.981 1589.134 1591.287 1593.44 1594.71 1595.745 1596.779 1597.814 1598.268 1597.077 1595.885
1533.578 1530.496 1525.833 1521.17 1516.507 1511.844 1508.715 1506.572 1504.43 1502.287 1500.36 1500.928 1501.495 1502.062 1502.629 1504.129 1506.391 1508.652 1510.913 1513.192 1516.237 1519.283 1522.328 1525.374 1528.649 1532.16 1535.671 1539.182 1542.692 1546.324 1549.96 1553.596 1557.233 1560.108 1561.992 1563.877 1565.762 1567.647 1568.818 1569.914 1571.01 1572.106 1573.154 1574.122 1575.089 1576.057 1577.025 1578.573 1580.226 1581.879 1583.532 1585.28 1587.232 1589.184 1591.136 1593.089 1594.329 1595.38 1596.431 1597.483 1598.005 1597.031 1596.056
1538.52 1535.274 1530.301 1525.329 1520.356 1515.383 1511.813 1509.143 1506.474 1503.805 1501.364 1501.568 1501.771 1501.974 1502.177 1503.601 1506.02 1508.439 1510.858 1513.312 1517.362 1521.412 1525.462 1529.512 1533.516 1537.472 1541.429 1545.385 1549.341 1552.9 1556.444 1559.988 1563.531 1566.193 1567.709 1569.225 1570.741 1572.256 1573.072 1573.815 1574.559 1575.302 1576.046 1576.791 1577.536 1578.281 1579.026 1580.269 1581.602 1582.934 1584.266 1585.732 1587.484 1589.235 1590.986 1592.737 1593.948 1595.016 1596.083 1597.151 1597.742 1596.985 1596.227
1543.462 1540.052 1534.769 1529.487 1524.205 1518.923 1514.911 1511.714 1508.518 1505.322 1502.368 1502.208 1502.047 1501.887 1501.726 1503.073 1505.649 1508.226 1510.802 1513.432 1518.487 1523.542 1528.596 1533.651 1538.384 1542.785 1547.187 1551.588 1555.989 1559.475 1562.927 1566.379 1569.83 1572.279 1573.426 1574.572 1575.719 1576.865 1577.327 1577.717 1578.107 1578.497 1578.938 1579.46 1579.982 1580.505 1581.027 1581.965 1582.977 1583.989 1585.001 1586.185 1587.735 1589.285 1590.836 1592.386 1593.568 1594.652 1595.735 1596.819 1597.479 1596.939 1596.399
1548.404 1544.829 1539.237 1533.646 1528.054 1522.462 1518.008 1514.285 1510.563 1506.84 1503.372 1502.848 1502.323 1501.799 1501.275 1502.545 1505.279 1508.013 1510.747 1513.553 1519.612 1525.671 1531.73 1537.789 1543.251 1548.098 1552.944 1557.791 1562.638 1566.051 1569.41 1572.77 1576.129 1578.365 1579.143 1579.92 1580.697 1581.474 1581.581 1581.619 1581.656 1581.693 1581.829 1582.129 1582.429 1582.729 1583.029 1583.661 1584.352 1585.044 1585.736 1586.637 1587.987 1589.336 1590.685 1592.035 1593.187 1594.287 1595.387 1596.487 1597.216 1596.893 1596.57
1553.626 1550.063 1544.773 1539.483 1534.193 1528.902 1524.326 1520.207 1516.089 1511.971 1508.062 1506.567 1505.071 1503.576 1502.081 1502.762 1505.219 1507.675 1510.132 1512.677 1519.245 1525.812 1532.38 1538.947 1545.02 1550.582 1556.145 1561.708 1567.27 1570.66 1573.968 1577.276 1580.584 1582.704 1583.28 1583.856 1584.433 1585.009 1584.933 1584.79 1584.646 1584.503 1584.443 1584.52 1584.597 1584.674 1584.751 1585.161 1585.631 1586.101 1586.571 1587.269 1588.454 1589.639 1590.825 1592.01 1593.057 1594.066 1595.076 1596.086 1596.759 1596.476 1596.194
1558.938 1555.444 1550.653 1545.863 1541.072 1536.282 1531.686 1527.214 1522.743 1518.272 1513.945 1511.282 1508.62 1505.957 1503.294 1503.22 1505.259 1507.297 1509.336 1511.48 1518.395 1525.31 1532.225 1539.14 1545.784 1552.151 1558.517 1564.883 1571.25 1574.632 1577.902 1581.172 1584.442 1586.477 1586.906 1587.336 1587.766 1588.195 1587.993 1587.724 1587.456 1587.188 1586.966 1586.82 1586.675 1586.529 1586.384 1586.599 1586.878 1587.158 1587.438 1587.958 1588.991 1590.025 1591.058 1592.091 1593.007 1593.892 1594.777 1595.662 1596.238 1595.939 1595.641
1564.25 1560.824 1556.534 1552.243 1547.952 1543.661 1539.045 1534.221 1529.397 1524.573 1519.828 1515.998 1512.168 1508.338 1504.507 1503.679 1505.299 1506.919 1508.54 1510.282 1517.545 1524.807 1532.07 1539.332 1546.549 1553.719 1560.889 1568.059 1575.229 1578.604 1581.836 1585.068 1588.3 1590.25 1590.533 1590.816 1591.099 1591.381 1591.052 1590.659 1590.266 1589.872 1589.489 1589.12 1588.752 1588.384 1588.016 1588.036 1588.126 1588.215 1588.305 1588.647 1589.529 1590.41 1591.291 1592.172 1592.958 1593.718 1594.478 1595.238 1595.717 1595.402 1595.088
1569.562 1566.205 1562.414 1558.623 1554.832 1551.04 1546.406 1541.228 1536.051 1530.874 1525.711 1520.714 1515.716 1510.718 1505.721 1504.137 1505.339 1506.542 1507.744 1509.085 1516.695 1524.305 1531.915 1539.525 1547.314 1555.288 1563.262 1571.235 1579.209 1582.576 1585.77 1588.964 1592.158 1594.022 1594.159 1594.295 1594.432 1594.568 1594.111 1593.593 1593.075 1592.557 1592.012 1591.421 1590.83 1590.239 1589.649 1589.474 1589.373 1589.273 1589.172 1589.337 1590.066 1590.795 1591.524 1592.254 1592.908 1593.543 1594.178 1594.813 1595.196 1594.865 1594.534
1574.82 1571.653 1568.379 1565.106 1561.832 1558.558 1554.0 1548.615 1543.231 1537.847 1532.406 1526.321 1520.236 1514.151 1508.066 1505.682 1506.318 1506.953 1507.589 1508.375 1515.941 1523.506 1531.072 1538.638 1546.73 1555.364 1563.998 1572.633 1581.267 1584.79 1588.122 1591.453 1594.784 1596.714 1596.823 1596.931 1597.039 1597.147 1596.624 1596.036 1595.447 1594.858 1594.202 1593.435 1592.668 1591.901 1591.134 1590.797 1590.538 1590.278 1590.019 1590.031 1590.624 1591.216 1591.809 1592.401 1592.936 1593.455 1593.974 1594.494 1594.787 1594.443 1594.098
1579.901 1577.315 1574.617 1571.919 1569.221 1566.523 1562.348 1557.224 1552.1 1546.977 1541.71 1534.794 1527.878 1520.962 1514.046 1510.715 1510.308 1509.901 1509.494 1509.232 1515.495 1521.757 1528.019 1534.282 1541.812 1550.647 1559.482 1568.317 1577.153 1581.358 1585.39 1589.422 1593.454 1595.933 1596.394 1596.856 1597.317 1597.778 1597.382 1596.896 1596.41 1595.925 1595.323 1594.529 1593.735 1592.94 1592.146 1591.755 1591.436 1591.116 1590.797 1590.741 1591.247 1591.753 1592.258 1592.764 1593.212 1593.644 1594.076 1594.509 1594.737 1594.386 1594.036
1584.983 1582.977 1580.854 1578.732 1576.609 1574.487 1570.696 1565.833 1560.97 1556.107 1551.014 1543.267 1535.52 1527.774 1520.027 1515.748 1514.298 1512.849 1511.399 1510.089 1515.048 1520.007 1524.967 1529.926 1536.894 1545.93 1554.966 1564.002 1573.038 1577.926 1582.659 1587.391 1592.123 1595.152 1595.966 1596.781 1597.595 1598.409 1598.139 1597.757 1597.374 1596.992 1596.444 1595.623 1594.801 1593.98 1593.159 1592.712 1592.333 1591.955 1591.576 1591.451 1591.87 1592.289 1592.708 1593.127 1593.488 1593.833 1594.178 1594.524 1594.686 1594.33 1593.975
1590.064 1588.638 1587.092 1585.545 1583.998 1582.451 1579.044 1574.442 1569.839 1565.237 1560.317 1551.74 1543.162 1534.585 1526.007 1520.781 1518.289 1515.797 1513.304 1510.946 1514.602 1518.258 1521.914 1525.57 1531.976 1541.213 1550.45 1559.687 1568.924 1574.494 1579.927 1585.36 1590.793 1594.371 1595.538 1596.705 1597.873 1599.04 1598.897 1598.617 1598.338 1598.059 1597.565 1596.717 1595.868 1595.02 1594.171 1593.67 1593.231 1592.793 1592.354 1592.161 1592.493 1592.825 1593.157 1593.489 1593.763 1594.022 1594.28 1594.539 1594.635 1594.274 1593.913
1595.146 1594.3 1593.329 1592.358 1591.386 1590.415 1587.392 1583.051 1578.709 1574.367 1569.621 1560.213 1550.804 1541.396 1531.988 1525.814 1522.279 1518.745 1515.21 1511.803 1514.156 1516.508 1518.861 1521.214 1527.058 1536.496 1545.934 1555.371 1564.809 1571.062 1577.196 1583.329 1589.462 1593.59 1595.11 1596.63 1598.15 1599.671 1599.654 1599.478 1599.302 1599.126 1598.686 1597.81 1596.935 1596.059 1595.184 1594.628 1594.129 1593.631 1593.132 1592.871 1593.116 1593.362 1593.607 1593.852 1594.039 1594.21 1594.382 1594.554 1594.585 1594.218 1593.852
1597.324 1596.772 1596.084 1595.395 1594.707 1594.018 1591.509 1587.83 1584.152 1580.473 1576.4 1567.782 1559.164 1550.547 1541.929 1535.966 1532.17 1528.374 1524.578 1520.88 1521.637 1522.394 1523.15 1523.907 1528.365 1536.632 1544.9 1553.167 1561.435 1567.831 1574.157 1580.483 1586.809 1591.252 1593.246 1595.24 1597.234 1599.228 1599.407 1599.396 1599.386 1599.375 1599.084 1598.33 1597.576 1596.822 1596.067 1595.569 1595.116 1594.663 1594.211 1593.949 1594.096 1594.242 1594.389 1594.535 1594.658 1594.774 1594.89 1595.006 1595.007 1594.686 1594.365
1598.37 1598.0 1597.48 1596.96 1596.44 1595.92 1593.976 1591.117 1588.258 1585.399 1582.194 1574.999 1567.804 1560.609 1553.414 1548.114 1544.362 1540.609 1536.856 1533.164 1532.21 1531.257 1530.303 1529.349 1532.099 1538.661 1545.224 1551.786 1558.349 1564.678 1570.999 1577.319 1583.64 1588.306 1590.821 1593.337 1595.852 1598.368 1598.767 1598.947 1599.126 1599.306 1599.201 1598.626 1598.051 1597.476 1596.901 1596.503 1596.137 1595.771 1595.406 1595.17 1595.214 1595.257 1595.301 1595.344 1595.41 1595.483 1595.555 1595.628 1595.615 1595.359 1595.103
1599.415 1599.229 1598.877 1598.525 1598.173 1597.821 1596.442 1594.403 1592.364 1590.325 1587.989 1582.216 1576.444 1570.671 1564.899 1560.262 1556.553 1552.844 1549.134 1545.448 1542.784 1540.119 1537.455 1534.791 1535.833 1540.69 1545.548 1550.405 1555.263 1561.525 1567.84 1574.155 1580.47 1585.36 1588.397 1591.434 1594.47 1597.507 1598.128 1598.497 1598.867 1599.237 1599.318 1598.922 1598.526 1598.13 1597.734 1597.438 1597.159 1596.88 1596.601 1596.392 1596.332 1596.272 1596.212 1596.153 1596.163 1596.192 1596.221 1596.25 1596.222 1596.031 1595.84
1600.461 1600.457 1600.273 1600.09 1599.906 1599.723 1598.909 1597.69 1596.471 1595.252 1593.783 1589.433 1585.083 1580.734 1576.384 1572.411 1568.745 1565.079 1561.413 1557.732 1553.357 1548.982 1544.607 1540.233 1539.567 1542.719 1545.872 1549.024 1552.177 1558.372 1564.682 1570.991 1577.301 1582.414 1585.972 1589.53 1593.088 1596.646 1597.488 1598.048 1598.608 1599.167 1599.435 1599.218 1599.001 1598.785 1598.568 1598.372 1598.18 1597.988 1597.796 1597.613 1597.45 1597.287 1597.124 1596.961 1596.916 1596.901 1596.887 1596.873 1596.829 1596.703 1596.578
1601.327 1601.474 1601.438 1601.402 1601.366 1601.33 1600.988 1600.449 1599.91 1599.371 1598.63 1595.555 1592.48 1589.405 1586.33 1583.015 1579.504 1575.993 1572.483 1568.925 1563.25 1557.575 1551.9 1546.224 1544.118 1545.684 1547.251 1548.818 1550.384 1556.345 1562.471 1568.597 1574.723 1579.896 1583.831 1587.766 1591.701 1595.636 1596.699 1597.464 1598.229 1598.995 1599.457 1599.42 1599.382 1599.345 1599.307 1599.244 1599.176 1599.108 1599.04 1598.928 1598.722 1598.516 1598.31 1598.104 1598.039 1598.012 1597.985 1597.958 1597.92 1597.854 1597.789
1601.481 1601.655 1601.684 1601.714 1601.743 1601.772 1601.531 1601.117 1600.703 1600.289 1599.718 1597.332 1594.947 1592.562 1590.176 1587.5 1584.587 1581.673 1578.76 1575.793 1570.444 1565.095 1559.746 1554.396 1551.906 1552.36 1552.813 1553.267 1553.72 1558.782 1564.018 1569.253 1574.488 1579.073 1582.813 1586.552 1590.292 1594.031 1595.317 1596.348 1597.38 1598.411 1599.107 1599.248 1599.39 1599.532 1599.673 1599.868 1600.071 1600.275 1600.478 1600.613 1600.603 1600.593 1600.582 1600.572 1600.634 1600.715 1600.797 1600.878 1600.931 1600.903 1600.875
1601.634 1601.836 1601.931 1602.025 1602.12 1602.214 1602.075 1601.785 1601.496 1601.207 1600.805 1599.11 1597.414 1595.718 1594.023 1591.985 1589.669 1587.353 1585.037 1582.662 1577.639 1572.615 1567.592 1562.568 1559.695 1559.035 1558.376 1557.716 1557.056 1561.22 1565.564 1569.909 1574.254 1578.25 1581.794 1585.338 1588.882 1592.426 1593.935 1595.232 1596.53 1597.827 1598.756 1599.077 1599.398 1599.719 1600.04 1600.491 1600.966 1601.441 1601.916 1602.299 1602.484 1602.669 1602.854 1603.039 1603.228 1603.418 1603.608 1603.798 1603.941 1603.951 1603.961
1601.787 1602.017 1602.177 1602.337 1602.496 1602.656 1602.618 1602.454 1602.289 1602.125 1601.893 1600.887 1599.881 1598.875 1597.869 1596.471 1594.752 1593.033 1591.314 1589.531 1584.833 1580.135 1575.438 1570.74 1567.484 1565.711 1563.938 1562.165 1560.392 1563.657 1567.111 1570.565 1574.019 1577.428 1580.776 1584.125 1587.473 1590.822 1592.553 1594.116 1595.679 1597.243 1598.405 1598.906 1599.406 1599.906 1600.406 1601.115 1601.861 1602.608 1603.354 1603.984 1604.365 1604.745 1605.126 1605.506 1605.822 1606.121 1606.42 1606.718 1606.951 1607.0 1607.048
