data/zism_data/00969_02_D.txt
ncols         224
nrows         224
[rows 140 to 167 of 224, columns 63 to 125 of 224]
1608.328 1607.085 1605.843 1604.6 1603.348 1602.089 1600.829 1599.57 1598.342 1597.928 1597.515 1597.101 1596.688 1596.939 1597.835 1598.731 1599.628 1600.524 1601.459 1602.396 1603.332 1604.268 1604.883 1605.103 1605.324 1605.545 1605.766 1605.747 1605.708 1605.668 1605.629 1605.503 1605.243 1604.983 1604.723 1604.463 1604.198 1603.933 1603.667 1603.402 1603.06 1602.566 1602.072 1601.578 1601.084 1600.177 1599.17 1598.163 1597.156 1595.713 1593.121 1590.528 1587.936 1585.344 1583.077 1580.92 1578.763 1576.607 1575.01 1575.427 1575.844 1576.262 1576.679
1607.688 1606.624 1605.561 1604.497 1603.308 1602.021 1600.735 1599.449 1598.185 1597.516 1596.848 1596.179 1595.51 1595.633 1596.524 1597.414 1598.305 1599.196 1600.259 1601.325 1602.392 1603.458 1604.145 1604.366 1604.586 1604.807 1605.028 1605.024 1605.001 1604.978 1604.955 1604.846 1604.602 1604.358 1604.114 1603.87 1603.65 1603.433 1603.217 1603.0 1602.699 1602.226 1601.754 1601.281 1600.809 1599.85 1598.772 1597.695 1596.617 1595.066 1592.267 1589.469 1586.67 1583.871 1581.309 1578.826 1576.344 1573.862 1571.959 1572.143 1572.326 1572.51 1572.694
1607.048 1606.163 1605.279 1604.395 1603.268 1601.954 1600.641 1599.327 1598.028 1597.104 1596.18 1595.256 1594.333 1594.326 1595.212 1596.097 1596.983 1597.868 1599.058 1600.255 1601.452 1602.649 1603.407 1603.628 1603.849 1604.069 1604.29 1604.302 1604.295 1604.288 1604.281 1604.188 1603.96 1603.733 1603.505 1603.278 1603.102 1602.934 1602.767 1602.599 1602.337 1601.886 1601.436 1600.985 1600.534 1599.523 1598.375 1597.226 1596.078 1594.419 1591.414 1588.409 1585.404 1582.399 1579.541 1576.733 1573.924 1571.116 1568.908 1568.858 1568.808 1568.758 1568.709
1606.55 1605.791 1605.032 1604.273 1603.163 1601.785 1600.406 1599.028 1597.641 1596.031 1594.422 1592.812 1591.203 1590.76 1591.45 1592.14 1592.831 1593.521 1595.069 1596.637 1598.204 1599.772 1600.872 1601.4 1601.928 1602.456 1602.983 1603.113 1603.208 1603.303 1603.398 1603.397 1603.25 1603.101 1602.953 1602.805 1602.658 1602.511 1602.364 1602.217 1601.953 1601.458 1600.962 1600.467 1599.972 1598.864 1597.607 1596.35 1595.094 1593.341 1590.281 1587.222 1584.162 1581.103 1578.075 1575.058 1572.041 1569.024 1566.572 1566.153 1565.734 1565.314 1564.895
1606.153 1605.481 1604.809 1604.136 1603.013 1601.542 1600.071 1598.6 1597.088 1594.485 1591.882 1589.279 1586.676 1585.575 1585.934 1586.293 1586.652 1587.011 1589.083 1591.194 1593.305 1595.415 1597.051 1598.106 1599.16 1600.215 1601.269 1601.59 1601.848 1602.106 1602.364 1602.512 1602.489 1602.466 1602.443 1602.419 1602.289 1602.142 1601.995 1601.848 1601.554 1600.966 1600.378 1599.79 1599.203 1597.968 1596.575 1595.183 1593.79 1591.954 1588.949 1585.943 1582.938 1579.933 1576.826 1573.684 1570.542 1567.401 1564.749 1563.863 1562.977 1562.09 1561.204
1605.756 1605.171 1604.585 1604.0 1602.862 1601.299 1599.736 1598.173 1596.536 1592.939 1589.342 1585.745 1582.149 1580.39 1580.418 1580.446 1580.473 1580.501 1583.098 1585.751 1588.405 1591.058 1593.23 1594.811 1596.392 1597.974 1599.555 1600.068 1600.489 1600.91 1601.33 1601.626 1601.728 1601.83 1601.932 1602.033 1601.92 1601.773 1601.626 1601.479 1601.154 1600.474 1599.794 1599.114 1598.434 1597.072 1595.543 1594.015 1592.487 1590.567 1587.616 1584.665 1581.714 1578.764 1575.577 1572.31 1569.043 1565.777 1562.926 1561.573 1560.219 1558.866 1557.513
1605.359 1604.861 1604.362 1603.864 1602.712 1601.056 1599.401 1597.745 1595.983 1591.393 1586.802 1582.212 1577.621 1575.205 1574.902 1574.598 1574.295 1573.991 1577.112 1580.308 1583.505 1586.702 1589.409 1591.517 1593.625 1595.733 1597.84 1598.546 1599.129 1599.713 1600.297 1600.741 1600.967 1601.194 1601.421 1601.647 1601.552 1601.404 1601.257 1601.11 1600.754 1599.982 1599.21 1598.437 1597.665 1596.175 1594.511 1592.847 1591.184 1589.18 1586.284 1583.387 1580.49 1577.594 1574.328 1570.936 1567.545 1564.153 1561.103 1559.283 1557.463 1555.642 1553.822
1604.964 1604.548 1604.132 1603.716 1602.55 1600.807 1599.065 1597.322 1595.441 1589.884 1584.327 1578.77 1573.213 1570.125 1569.434 1568.744 1568.054 1567.363 1570.972 1574.675 1578.379 1582.083 1585.313 1587.962 1590.61 1593.259 1595.908 1596.825 1597.592 1598.359 1599.126 1599.734 1600.094 1600.454 1600.814 1601.174 1601.097 1600.951 1600.804 1600.658 1600.272 1599.41 1598.547 1597.684 1596.821 1595.209 1593.415 1591.622 1589.828 1587.746 1584.905 1582.063 1579.222 1576.381 1573.046 1569.543 1566.04 1562.537 1559.302 1557.028 1554.755 1552.481 1550.208
1604.588 1604.188 1603.789 1603.389 1602.224 1600.471 1598.717 1596.964 1595.052 1588.919 1582.786 1576.654 1570.521 1566.546 1564.666 1562.786 1560.907 1559.027 1562.599 1566.292 1569.985 1573.677 1577.238 1580.636 1584.035 1587.433 1590.831 1592.248 1593.493 1594.738 1595.983 1596.981 1597.596 1598.211 1598.827 1599.442 1599.41 1599.274 1599.138 1599.003 1598.603 1597.675 1596.747 1595.819 1594.891 1593.231 1591.394 1589.557 1587.72 1585.626 1582.855 1580.084 1577.314 1574.543 1571.291 1567.875 1564.459 1561.043 1557.82 1555.291 1552.763 1550.234 1547.705
1604.212 1603.829 1603.446 1603.062 1601.898 1600.134 1598.37 1596.605 1594.662 1587.954 1581.245 1574.537 1567.829 1562.967 1559.898 1556.829 1553.76 1550.691 1554.226 1557.908 1561.591 1565.273 1569.164 1573.312 1577.459 1581.607 1585.755 1587.671 1589.393 1591.116 1592.839 1594.228 1595.099 1595.969 1596.839 1597.71 1597.722 1597.597 1597.472 1597.348 1596.933 1595.94 1594.947 1593.954 1592.96 1591.254 1589.373 1587.492 1585.612 1583.505 1580.805 1578.105 1575.405 1572.705 1569.536 1566.207 1562.878 1559.549 1556.338 1553.554 1550.77 1547.986 1545.202
1603.837 1603.47 1603.102 1602.735 1601.572 1599.797 1598.022 1596.247 1594.272 1586.988 1579.704 1572.421 1565.137 1559.388 1555.13 1550.872 1546.613 1542.355 1545.854 1549.525 1553.197 1556.868 1561.09 1565.987 1570.884 1575.781 1580.678 1583.093 1585.294 1587.495 1589.695 1591.475 1592.601 1593.726 1594.852 1595.978 1596.034 1595.921 1595.807 1595.693 1595.264 1594.206 1593.147 1592.089 1591.03 1589.276 1587.352 1585.428 1583.504 1581.385 1578.756 1576.126 1573.497 1570.867 1567.781 1564.539 1561.297 1558.054 1554.856 1551.817 1548.778 1545.739 1542.7
1603.461 1603.11 1602.759 1602.409 1601.246 1599.461 1597.675 1595.889 1593.882 1586.023 1578.164 1570.304 1562.445 1555.809 1550.361 1544.914 1539.467 1534.019 1537.482 1541.142 1544.802 1548.463 1553.015 1558.662 1564.308 1569.954 1575.601 1578.516 1581.195 1583.873 1586.552 1588.722 1590.103 1591.484 1592.865 1594.245 1594.347 1594.244 1594.141 1594.038 1593.594 1592.471 1591.347 1590.224 1589.1 1587.298 1585.33 1583.363 1581.396 1579.265 1576.706 1574.147 1571.589 1569.03 1566.026 1562.87 1559.715 1556.56 1553.375 1550.08 1546.786 1543.491 1540.197
1603.125 1602.814 1602.503 1602.192 1601.052 1599.273 1597.494 1595.715 1593.702 1585.487 1577.272 1569.056 1560.841 1553.532 1547.103 1540.675 1534.246 1527.817 1531.134 1534.668 1538.202 1541.735 1546.373 1552.365 1558.357 1564.349 1570.341 1573.587 1576.595 1579.603 1582.611 1585.044 1586.582 1588.12 1589.658 1591.196 1591.333 1591.247 1591.161 1591.074 1590.664 1589.606 1588.548 1587.49 1586.432 1584.684 1582.768 1580.852 1578.936 1576.863 1574.374 1571.886 1569.398 1566.909 1564.015 1560.982 1557.949 1554.917 1551.822 1548.504 1545.186 1541.868 1538.55
1602.821 1602.57 1602.319 1602.068 1600.966 1599.208 1597.451 1595.694 1593.696 1585.307 1576.918 1568.529 1560.14 1552.335 1545.097 1537.859 1530.621 1523.383 1526.465 1529.776 1533.087 1536.398 1540.919 1546.922 1552.924 1558.927 1564.93 1568.367 1571.581 1574.795 1578.009 1580.598 1582.212 1583.826 1585.44 1587.054 1587.22 1587.156 1587.091 1587.027 1586.689 1585.805 1584.92 1584.036 1583.152 1581.542 1579.757 1577.971 1576.186 1574.226 1571.808 1569.391 1566.973 1564.555 1561.792 1558.911 1556.031 1553.15 1550.211 1547.061 1543.911 1540.762 1537.612
1602.518 1602.326 1602.135 1601.944 1600.88 1599.144 1597.408 1595.673 1593.69 1585.127 1576.564 1568.001 1559.439 1551.137 1543.09 1535.043 1526.996 1518.949 1521.796 1524.884 1527.973 1531.061 1535.464 1541.478 1547.491 1553.505 1559.519 1563.146 1566.567 1569.987 1573.408 1576.151 1577.841 1579.531 1581.221 1582.911 1583.107 1583.065 1583.022 1582.979 1582.714 1582.003 1581.292 1580.582 1579.871 1578.401 1576.746 1575.09 1573.435 1571.589 1569.242 1566.895 1564.548 1562.201 1559.569 1556.84 1554.112 1551.383 1548.6 1545.618 1542.637 1539.656 1536.674
1602.214 1602.083 1601.951 1601.819 1600.793 1599.08 1597.366 1595.652 1593.683 1584.947 1576.21 1567.474 1558.737 1549.94 1541.084 1532.228 1523.372 1514.516 1517.127 1519.992 1522.858 1525.724 1530.009 1536.034 1542.058 1548.083 1554.107 1557.925 1561.552 1565.179 1568.806 1571.705 1573.471 1575.237 1577.003 1578.77 1578.995 1578.973 1578.952 1578.931 1578.738 1578.201 1577.665 1577.128 1576.591 1575.26 1573.734 1572.21 1570.685 1568.953 1566.676 1564.4 1562.123 1559.847 1557.346 1554.77 1552.193 1549.616 1546.989 1544.176 1541.362 1538.549 1535.736
1601.914 1601.84 1601.765 1601.691 1600.7 1599.004 1597.308 1595.611 1593.654 1584.749 1575.844 1566.939 1558.035 1548.757 1539.117 1529.478 1519.838 1510.199 1512.573 1515.214 1517.855 1520.497 1524.659 1530.686 1536.713 1542.74 1548.767 1552.768 1556.592 1560.417 1564.241 1567.289 1569.128 1570.967 1572.806 1574.645 1574.893 1574.887 1574.881 1574.876 1574.75 1574.383 1574.016 1573.649 1573.282 1572.089 1570.696 1569.303 1567.91 1566.294 1564.091 1561.889 1559.686 1557.484 1555.116 1552.692 1550.268 1547.844 1545.371 1542.724 1540.077 1537.43 1534.782
1601.718 1601.622 1601.526 1601.43 1600.362 1598.546 1596.731 1594.915 1592.843 1583.955 1575.066 1566.177 1557.289 1548.061 1538.502 1528.944 1519.386 1509.828 1511.917 1514.265 1516.613 1518.961 1522.838 1528.588 1534.338 1540.088 1545.838 1549.727 1553.453 1557.18 1560.907 1563.882 1565.689 1567.495 1569.302 1571.108 1571.178 1570.972 1570.765 1570.558 1570.311 1569.982 1569.653 1569.324 1568.995 1567.954 1566.74 1565.526 1564.312 1562.879 1560.866 1558.854 1556.841 1554.829 1552.635 1550.379 1548.123 1545.868 1543.544 1540.979 1538.413 1535.847 1533.281
1601.522 1601.404 1601.287 1601.169 1600.024 1598.089 1596.154 1594.219 1592.032 1583.16 1574.287 1565.415 1556.543 1547.364 1537.887 1528.411 1518.934 1509.457 1511.261 1513.316 1515.371 1517.426 1521.016 1526.49 1531.963 1537.436 1542.909 1546.685 1550.315 1553.944 1557.573 1560.476 1562.25 1564.023 1565.797 1567.571 1567.464 1567.056 1566.649 1566.241 1565.872 1565.581 1565.291 1565.0 1564.709 1563.819 1562.785 1561.75 1560.715 1559.463 1557.641 1555.818 1553.996 1552.174 1550.153 1548.066 1545.979 1543.891 1541.718 1539.233 1536.749 1534.265 1531.781
1601.326 1601.187 1601.047 1600.908 1599.686 1597.631 1595.577 1593.522 1591.221 1582.365 1573.509 1564.653 1555.797 1546.668 1537.272 1527.877 1518.482 1509.087 1510.606 1512.367 1514.129 1515.89 1519.195 1524.391 1529.588 1534.784 1539.98 1543.644 1547.176 1550.707 1554.238 1557.069 1558.811 1560.552 1562.293 1564.034 1563.749 1563.141 1562.532 1561.924 1561.434 1561.181 1560.928 1560.675 1560.422 1559.684 1558.829 1557.973 1557.118 1556.048 1554.416 1552.783 1551.151 1549.519 1547.672 1545.753 1543.834 1541.915 1539.891 1537.488 1535.085 1532.682 1530.28
1601.13 1600.969 1600.808 1600.647 1599.348 1597.174 1595.0 1592.826 1590.41 1581.571 1572.731 1563.891 1555.051 1545.971 1536.657 1527.344 1518.03 1508.716 1509.95 1511.418 1512.887 1514.355 1517.374 1522.293 1527.213 1532.132 1537.051 1540.603 1544.037 1547.47 1550.904 1553.663 1555.371 1557.08 1558.789 1560.497 1560.035 1559.225 1558.416 1557.606 1556.995 1556.78 1556.565 1556.351 1556.136 1555.549 1554.873 1554.197 1553.52 1552.633 1551.19 1549.748 1548.306 1546.864 1545.191 1543.44 1541.69 1539.939 1538.064 1535.743 1533.421 1531.1 1528.779
1600.575 1600.35 1600.126 1599.901 1598.41 1595.945 1593.479 1591.014 1588.318 1579.512 1570.705 1561.898 1553.091 1544.176 1535.154 1526.133 1517.111 1508.089 1509.04 1510.213 1511.385 1512.557 1515.302 1519.975 1524.648 1529.321 1533.994 1537.485 1540.874 1544.262 1547.651 1550.376 1552.068 1553.761 1555.454 1557.146 1556.525 1555.534 1554.543 1553.552 1552.799 1552.519 1552.24 1551.96 1551.681 1551.219 1550.714 1550.208 1549.702 1549.012 1547.834 1546.657 1545.48 1544.302 1542.823 1541.24 1539.658 1538.076 1536.352 1534.121 1531.889 1529.657 1527.426
1599.675 1599.347 1599.019 1598.692 1596.898 1593.976 1591.055 1588.133 1585.0 1576.242 1567.484 1558.726 1549.969 1541.328 1532.8 1524.273 1515.745 1507.218 1507.887 1508.761 1509.635 1510.508 1512.991 1517.447 1521.903 1526.358 1530.814 1534.293 1537.687 1541.081 1544.475 1547.203 1548.896 1550.589 1552.281 1553.974 1553.212 1552.058 1550.904 1549.751 1548.834 1548.391 1547.949 1547.507 1547.064 1546.702 1546.359 1546.017 1545.674 1545.194 1544.354 1543.513 1542.672 1541.832 1540.563 1539.149 1537.735 1536.321 1534.75 1532.616 1530.483 1528.349 1526.215
1598.775 1598.344 1597.913 1597.482 1595.386 1592.008 1588.63 1585.253 1581.682 1572.973 1564.264 1555.555 1546.846 1538.479 1530.446 1522.413 1514.38 1506.346 1506.734 1507.309 1507.884 1508.459 1510.68 1514.919 1519.157 1523.396 1527.634 1531.101 1534.5 1537.9 1541.299 1544.031 1545.723 1547.416 1549.109 1550.801 1549.899 1548.582 1547.266 1545.949 1544.869 1544.264 1543.659 1543.053 1542.448 1542.185 1542.005 1541.825 1541.646 1541.377 1540.873 1540.369 1539.865 1539.361 1538.303 1537.057 1535.812 1534.566 1533.149 1531.112 1529.076 1527.04 1525.004
1597.875 1597.341 1596.807 1596.273 1593.874 1590.04 1586.206 1582.372 1578.363 1569.703 1561.043 1552.383 1543.723 1535.631 1528.092 1520.553 1513.014 1505.475 1505.581 1505.858 1506.134 1506.41 1508.369 1512.391 1516.412 1520.433 1524.455 1527.909 1531.313 1534.718 1538.123 1540.858 1542.551 1544.244 1545.936 1547.629 1546.586 1545.106 1543.627 1542.147 1540.905 1540.136 1539.368 1538.6 1537.832 1537.668 1537.651 1537.634 1537.617 1537.559 1537.392 1537.224 1537.057 1536.89 1536.043 1534.966 1533.888 1532.811 1531.547 1529.608 1527.67 1525.731 1523.793
1596.975 1596.338 1595.701 1595.064 1592.362 1588.072 1583.782 1579.492 1575.045 1566.434 1557.823 1549.211 1540.6 1532.783 1525.738 1518.693 1511.649 1504.604 1504.429 1504.406 1504.384 1504.361 1506.058 1509.862 1513.667 1517.471 1521.275 1524.717 1528.127 1531.537 1534.947 1537.686 1539.378 1541.071 1542.764 1544.456 1543.273 1541.63 1539.988 1538.345 1536.94 1536.009 1535.078 1534.147 1533.216 1533.151 1533.297 1533.443 1533.589 1533.741 1533.911 1534.08 1534.249 1534.419 1533.783 1532.874 1531.965 1531.056 1529.945 1528.104 1526.263 1524.423 1522.582
1592.017 1591.406 1590.795 1590.184 1587.678 1583.714 1579.749 1575.785 1571.669 1563.544 1555.418 1547.292 1539.167 1531.711 1524.907 1518.103 1511.299 1504.494 1504.28 1504.213 1504.145 1504.078 1505.664 1509.278 1512.892 1516.505 1520.12 1523.362 1526.573 1529.784 1532.995 1535.548 1537.079 1538.61 1540.141 1541.672 1540.331 1538.531 1536.731 1534.931 1533.37 1532.286 1531.203 1530.12 1529.037 1529.073 1529.382 1529.691 1530.0 1530.345 1530.787 1531.228 1531.669 1532.111 1531.646 1530.873 1530.1 1529.327 1528.336 1526.561 1524.785 1523.01 1521.235
1587.03 1586.446 1585.862 1585.278 1582.971 1579.338 1575.705 1572.072 1568.293 1560.656 1553.019 1545.382 1537.745 1530.652 1524.086 1517.521 1510.956 1504.391 1504.14 1504.028 1503.917 1503.806 1505.283 1508.707 1512.131 1515.555 1518.979 1522.022 1525.032 1528.041 1531.051 1533.419 1534.787 1536.155 1537.523 1538.891 1537.392 1535.434 1533.477 1531.519 1529.802 1528.567 1527.332 1526.096 1524.861 1524.999 1525.471 1525.943 1526.414 1526.953 1527.665 1528.378 1529.091 1529.804 1529.509 1528.872 1528.234 1527.597 1526.727 1525.017 1523.307 1521.596 1519.886
