data/zism_data/00968_03_D.txt
ncols         224
nrows         224
[rows 30 to 59 of 224, columns 66 to 131 of 224]
1377.764 1377.93 1377.974 1377.981 1377.988 1377.995 1378.016 1378.088 1378.159 1378.23 1378.301 1378.427 1378.576 1378.725 1378.875 1379.0 1379.0 1379.0 1379.0 1379.0 1379.046 1379.119 1379.193 1379.266 1379.346 1379.493 1379.64 1379.787 1379.934 1380.0 1380.0 1380.0 1380.0 1380.001 1380.072 1380.143 1380.214 1380.286 1380.394 1380.543 1380.693 1380.842 1380.991 1381.0 1381.0 1381.0 1381.0 1381.0 1381.0 1381.0 1381.0 1381.0 1381.124 1381.266 1381.408 1381.551 1381.671 1381.746 1381.822 1381.898 1381.974 1381.991 1381.994 1381.996 1381.998 1382.0
1377.59 1377.719 1377.791 1377.846 1377.902 1377.957 1378.013 1378.068 1378.123 1378.178 1378.233 1378.365 1378.53 1378.695 1378.861 1379.0 1379.0 1379.0 1379.0 1379.0 1379.046 1379.119 1379.193 1379.266 1379.346 1379.493 1379.64 1379.787 1379.934 1380.0 1380.0 1380.0 1380.0 1380.001 1380.056 1380.111 1380.166 1380.221 1380.329 1380.494 1380.66 1380.825 1380.99 1381.0 1381.0 1381.0 1381.0 1381.0 1381.0 1381.0 1381.0 1381.0 1381.096 1381.206 1381.316 1381.426 1381.53 1381.622 1381.714 1381.806 1381.897 1381.931 1381.949 1381.968 1381.986 1382.0
1377.417 1377.508 1377.609 1377.712 1377.816 1377.92 1378.009 1378.048 1378.087 1378.126 1378.164 1378.303 1378.484 1378.666 1378.847 1379.0 1379.0 1379.0 1379.0 1379.0 1379.046 1379.119 1379.193 1379.266 1379.346 1379.493 1379.64 1379.787 1379.934 1380.0 1380.0 1380.0 1380.0 1380.001 1380.039 1380.078 1380.117 1380.156 1380.263 1380.445 1380.626 1380.808 1380.99 1381.0 1381.0 1381.0 1381.0 1381.0 1381.0 1381.0 1381.0 1381.0 1381.068 1381.145 1381.223 1381.301 1381.388 1381.497 1381.605 1381.713 1381.821 1381.87 1381.905 1381.94 1381.974 1382.0
1377.244 1377.297 1377.426 1377.578 1377.731 1377.883 1378.005 1378.028 1378.051 1378.073 1378.096 1378.241 1378.438 1378.636 1378.834 1379.0 1379.0 1379.0 1379.0 1379.0 1379.046 1379.119 1379.193 1379.266 1379.346 1379.493 1379.64 1379.787 1379.934 1380.0 1380.0 1380.0 1380.0 1380.0 1380.023 1380.046 1380.068 1380.091 1380.198 1380.395 1380.593 1380.791 1380.989 1381.0 1381.0 1381.0 1381.0 1381.0 1381.0 1381.0 1381.0 1381.0 1381.039 1381.085 1381.13 1381.176 1381.247 1381.372 1381.496 1381.62 1381.744 1381.81 1381.861 1381.912 1381.962 1382.0
1377.07 1377.086 1377.243 1377.444 1377.645 1377.846 1378.001 1378.008 1378.015 1378.021 1378.028 1378.178 1378.392 1378.606 1378.82 1379.0 1379.0 1379.0 1379.0 1379.0 1379.046 1379.119 1379.193 1379.266 1379.346 1379.493 1379.64 1379.787 1379.934 1380.0 1380.0 1380.0 1380.0 1380.0 1380.007 1380.013 1380.02 1380.026 1380.132 1380.346 1380.56 1380.774 1380.988 1381.0 1381.0 1381.0 1381.0 1381.0 1381.0 1381.0 1381.0 1381.0 1381.011 1381.025 1381.038 1381.051 1381.106 1381.247 1381.387 1381.527 1381.668 1381.75 1381.817 1381.884 1381.951 1382.0
1377.0 1377.0 1377.162 1377.373 1377.584 1377.795 1377.959 1377.968 1377.978 1377.987 1377.997 1378.133 1378.325 1378.517 1378.708 1378.873 1378.895 1378.918 1378.94 1378.963 1379.017 1379.09 1379.164 1379.237 1379.316 1379.45 1379.584 1379.719 1379.853 1379.924 1379.943 1379.962 1379.981 1380.0 1380.0 1380.0 1380.0 1380.0 1380.092 1380.283 1380.475 1380.667 1380.858 1380.891 1380.913 1380.935 1380.958 1380.974 1380.98 1380.986 1380.993 1380.999 1381.0 1381.0 1381.0 1381.0 1381.043 1381.17 1381.298 1381.426 1381.554 1381.653 1381.746 1381.839 1381.932 1382.0
1377.0 1377.0 1377.15 1377.344 1377.539 1377.734 1377.889 1377.915 1377.941 1377.966 1377.992 1378.1 1378.243 1378.386 1378.529 1378.659 1378.719 1378.779 1378.839 1378.9 1378.968 1379.042 1379.115 1379.188 1379.265 1379.378 1379.491 1379.603 1379.716 1379.795 1379.846 1379.898 1379.949 1380.0 1380.0 1380.0 1380.0 1380.0 1380.068 1380.212 1380.355 1380.498 1380.641 1380.706 1380.766 1380.826 1380.886 1380.929 1380.946 1380.964 1380.981 1380.998 1381.0 1381.0 1381.0 1381.0 1381.032 1381.127 1381.223 1381.318 1381.414 1381.533 1381.658 1381.783 1381.908 1382.0
1377.0 1377.0 1377.137 1377.316 1377.494 1377.673 1377.82 1377.862 1377.903 1377.945 1377.987 1378.066 1378.161 1378.255 1378.35 1378.446 1378.543 1378.641 1378.739 1378.837 1378.919 1378.993 1379.066 1379.14 1379.215 1379.306 1379.397 1379.488 1379.579 1379.666 1379.75 1379.834 1379.917 1380.0 1380.0 1380.0 1380.0 1380.0 1380.045 1380.14 1380.235 1380.33 1380.424 1380.522 1380.62 1380.718 1380.815 1380.885 1380.913 1380.941 1380.968 1380.996 1381.0 1381.0 1381.0 1381.0 1381.021 1381.084 1381.147 1381.211 1381.274 1381.412 1381.569 1381.726 1381.884 1382.0
1377.0 1377.0 1377.125 1377.287 1377.45 1377.612 1377.75 1377.808 1377.866 1377.924 1377.982 1378.032 1378.079 1378.125 1378.171 1378.232 1378.367 1378.503 1378.638 1378.773 1378.87 1378.944 1379.017 1379.091 1379.164 1379.233 1379.303 1379.373 1379.442 1379.537 1379.653 1379.77 1379.886 1380.0 1380.0 1380.0 1380.0 1380.0 1380.022 1380.068 1380.115 1380.161 1380.208 1380.338 1380.473 1380.609 1380.744 1380.84 1380.879 1380.918 1380.956 1380.995 1381.0 1381.0 1381.0 1381.0 1381.01 1381.041 1381.072 1381.103 1381.134 1381.291 1381.481 1381.67 1381.86 1382.0
1377.0 1377.0 1377.112 1377.257 1377.403 1377.548 1377.678 1377.753 1377.827 1377.902 1377.977 1378.0 1378.0 1378.0 1378.0 1378.027 1378.197 1378.367 1378.537 1378.706 1378.817 1378.892 1378.967 1379.042 1379.114 1379.163 1379.211 1379.26 1379.308 1379.41 1379.556 1379.701 1379.847 1379.99 1379.992 1379.993 1379.995 1379.996 1379.997 1379.997 1379.997 1379.997 1379.997 1380.159 1380.331 1380.503 1380.675 1380.797 1380.846 1380.896 1380.945 1380.995 1381.001 1381.002 1381.002 1381.003 1381.004 1381.004 1381.005 1381.006 1381.007 1381.182 1381.401 1381.62 1381.838 1382.0
1377.0 1377.0 1377.087 1377.2 1377.313 1377.427 1377.539 1377.646 1377.753 1377.86 1377.967 1378.0 1378.0 1378.0 1378.0 1378.021 1378.153 1378.285 1378.417 1378.55 1378.666 1378.773 1378.881 1378.988 1379.089 1379.127 1379.164 1379.202 1379.24 1379.319 1379.433 1379.546 1379.659 1379.771 1379.805 1379.839 1379.872 1379.906 1379.924 1379.924 1379.924 1379.924 1379.924 1380.096 1380.278 1380.461 1380.644 1380.777 1380.837 1380.897 1380.957 1381.018 1381.035 1381.047 1381.058 1381.069 1381.084 1381.106 1381.129 1381.151 1381.174 1381.323 1381.504 1381.685 1381.866 1382.0
1377.0 1377.0 1377.062 1377.143 1377.224 1377.305 1377.4 1377.539 1377.679 1377.818 1377.958 1378.0 1378.0 1378.0 1378.0 1378.015 1378.109 1378.204 1378.298 1378.393 1378.516 1378.655 1378.794 1378.934 1379.064 1379.091 1379.118 1379.145 1379.172 1379.228 1379.309 1379.39 1379.471 1379.552 1379.618 1379.684 1379.75 1379.816 1379.85 1379.85 1379.85 1379.85 1379.85 1380.033 1380.226 1380.419 1380.613 1380.757 1380.828 1380.899 1380.97 1381.041 1381.069 1381.091 1381.113 1381.135 1381.164 1381.208 1381.252 1381.296 1381.34 1381.464 1381.607 1381.75 1381.894 1382.0
1377.0 1377.0 1377.037 1377.086 1377.135 1377.183 1377.261 1377.432 1377.604 1377.776 1377.948 1378.0 1378.0 1378.0 1378.0 1378.009 1378.066 1378.123 1378.179 1378.236 1378.365 1378.536 1378.708 1378.88 1379.038 1379.054 1379.071 1379.087 1379.103 1379.137 1379.186 1379.235 1379.283 1379.333 1379.431 1379.529 1379.627 1379.726 1379.777 1379.777 1379.777 1379.777 1379.777 1379.969 1380.174 1380.378 1380.582 1380.737 1380.818 1380.9 1380.982 1381.064 1381.103 1381.136 1381.168 1381.201 1381.245 1381.31 1381.376 1381.441 1381.507 1381.604 1381.71 1381.816 1381.922 1382.0
1377.0 1377.0 1377.013 1377.029 1377.045 1377.062 1377.122 1377.326 1377.53 1377.734 1377.938 1378.0 1378.0 1378.0 1378.0 1378.003 1378.022 1378.041 1378.06 1378.079 1378.214 1378.418 1378.622 1378.826 1379.013 1379.018 1379.024 1379.029 1379.035 1379.046 1379.063 1379.079 1379.095 1379.113 1379.244 1379.375 1379.505 1379.636 1379.704 1379.704 1379.704 1379.704 1379.704 1379.906 1380.121 1380.336 1380.551 1380.717 1380.809 1380.902 1380.994 1381.087 1381.137 1381.18 1381.224 1381.267 1381.325 1381.412 1381.499 1381.586 1381.673 1381.745 1381.813 1381.882 1381.95 1382.0
1377.0 1377.0 1377.0 1377.0 1377.0 1377.0 1377.051 1377.272 1377.492 1377.712 1377.933 1378.0 1378.0 1378.0 1378.0 1378.0 1378.0 1378.0 1378.0 1378.0 1378.137 1378.358 1378.578 1378.799 1379.0 1379.0 1379.0 1379.0 1379.0 1379.0 1379.0 1379.0 1379.0 1379.002 1379.133 1379.264 1379.395 1379.526 1379.594 1379.594 1379.594 1379.594 1379.594 1379.795 1380.007 1380.22 1380.432 1380.61 1380.737 1380.864 1380.991 1381.119 1381.187 1381.247 1381.306 1381.366 1381.435 1381.522 1381.609 1381.697 1381.784 1381.837 1381.88 1381.924 1381.968 1382.0
1377.0 1377.0 1377.0 1377.0 1377.0 1377.0 1377.051 1377.272 1377.492 1377.712 1377.933 1378.0 1378.0 1378.0 1378.0 1378.0 1378.0 1378.0 1378.0 1378.0 1378.137 1378.358 1378.578 1378.799 1379.0 1379.0 1379.0 1379.0 1379.0 1379.0 1379.0 1379.0 1379.0 1379.001 1379.1 1379.199 1379.298 1379.396 1379.448 1379.448 1379.448 1379.448 1379.448 1379.633 1379.829 1380.026 1380.222 1380.414 1380.601 1380.787 1380.973 1381.16 1381.255 1381.336 1381.417 1381.498 1381.574 1381.64 1381.706 1381.771 1381.837 1381.877 1381.91 1381.943 1381.976 1382.0
1377.0 1377.0 1377.0 1377.0 1377.0 1377.0 1377.051 1377.272 1377.492 1377.712 1377.933 1378.0 1378.0 1378.0 1378.0 1378.0 1378.0 1378.0 1378.0 1378.0 1378.137 1378.358 1378.578 1378.799 1379.0 1379.0 1379.0 1379.0 1379.0 1379.0 1379.0 1379.0 1379.0 1379.001 1379.067 1379.134 1379.2 1379.267 1379.302 1379.302 1379.302 1379.302 1379.302 1379.471 1379.651 1379.832 1380.012 1380.219 1380.464 1380.71 1380.955 1381.201 1381.322 1381.425 1381.527 1381.63 1381.713 1381.758 1381.802 1381.846 1381.891 1381.917 1381.939 1381.961 1381.984 1382.0
1377.0 1377.0 1377.0 1377.0 1377.0 1377.0 1377.051 1377.272 1377.492 1377.712 1377.933 1378.0 1378.0 1378.0 1378.0 1378.0 1378.0 1378.0 1378.0 1378.0 1378.137 1378.358 1378.578 1378.799 1379.0 1379.0 1379.0 1379.0 1379.0 1379.0 1379.0 1379.0 1379.0 1379.0 1379.035 1379.069 1379.103 1379.137 1379.155 1379.155 1379.155 1379.155 1379.155 1379.31 1379.474 1379.638 1379.802 1380.023 1380.328 1380.632 1380.937 1381.242 1381.39 1381.514 1381.638 1381.762 1381.853 1381.875 1381.898 1381.921 1381.944 1381.957 1381.969 1381.98 1381.992 1382.0
1377.0 1377.0 1377.0 1377.0 1377.0 1377.0 1377.051 1377.272 1377.492 1377.712 1377.933 1378.0 1378.0 1378.0 1378.0 1378.0 1378.0 1378.0 1378.0 1378.0 1378.137 1378.358 1378.578 1378.799 1379.0 1379.0 1379.0 1379.0 1379.0 1379.0 1379.0 1379.0 1379.0 1379.0 1379.002 1379.004 1379.006 1379.008 1379.009 1379.009 1379.009 1379.009 1379.009 1379.148 1379.296 1379.444 1379.591 1379.827 1380.191 1380.555 1380.919 1381.283 1381.457 1381.603 1381.749 1381.894 1381.992 1381.993 1381.994 1381.996 1381.997 1381.998 1381.998 1381.999 1382.0 1382.0
1377.0 1377.0 1377.023 1377.054 1377.084 1377.115 1377.182 1377.372 1377.562 1377.752 1377.942 1378.0 1378.0 1378.0 1378.0 1378.0 1378.0 1378.0 1378.0 1378.0 1378.118 1378.308 1378.499 1378.688 1378.865 1378.895 1378.926 1378.956 1378.986 1379.0 1379.0 1379.0 1379.0 1379.0 1379.0 1379.0 1379.0 1379.0 1379.0 1379.0 1379.0 1379.0 1379.0 1379.148 1379.305 1379.462 1379.619 1379.858 1380.215 1380.572 1380.929 1381.287 1381.461 1381.608 1381.755 1381.902 1382.0 1382.0 1382.0 1382.0 1382.0 1382.0 1382.0 1382.0 1382.0 1382.0
1377.0 1377.0 1377.048 1377.111 1377.174 1377.236 1377.321 1377.479 1377.636 1377.794 1377.952 1378.0 1378.0 1378.0 1378.0 1378.0 1378.0 1378.0 1378.0 1378.0 1378.098 1378.256 1378.414 1378.572 1378.721 1378.784 1378.846 1378.909 1378.972 1379.0 1379.0 1379.0 1379.0 1379.0 1379.0 1379.0 1379.0 1379.0 1379.0 1379.0 1379.0 1379.0 1379.0 1379.158 1379.326 1379.494 1379.662 1379.902 1380.249 1380.595 1380.942 1381.288 1381.461 1381.608 1381.755 1381.902 1382.0 1382.0 1382.0 1382.0 1382.0 1382.0 1382.0 1382.0 1382.0 1382.0
1377.0 1377.0 1377.073 1377.168 1377.263 1377.358 1377.46 1377.585 1377.711 1377.836 1377.962 1378.0 1378.0 1378.0 1378.0 1378.0 1378.0 1378.0 1378.0 1378.0 1378.078 1378.204 1378.329 1378.454 1378.577 1378.672 1378.767 1378.862 1378.957 1379.0 1379.0 1379.0 1379.0 1379.0 1379.0 1379.0 1379.0 1379.0 1379.0 1379.0 1379.0 1379.0 1379.0 1379.168 1379.347 1379.526 1379.704 1379.947 1380.282 1380.618 1380.954 1381.29 1381.461 1381.608 1381.755 1381.902 1382.0 1382.0 1382.0 1382.0 1382.0 1382.0 1382.0 1382.0 1382.0 1382.0
1377.0 1377.0 1377.098 1377.225 1377.352 1377.48 1377.599 1377.692 1377.785 1377.879 1377.972 1378.0 1378.0 1378.0 1378.0 1378.0 1378.0 1378.0 1378.0 1378.0 1378.058 1378.151 1378.244 1378.338 1378.434 1378.561 1378.688 1378.816 1378.943 1379.0 1379.0 1379.0 1379.0 1379.0 1379.0 1379.0 1379.0 1379.0 1379.0 1379.0 1379.0 1379.0 1379.0 1379.178 1379.368 1379.557 1379.747 1379.991 1380.316 1380.641 1380.966 1381.291 1381.461 1381.608 1381.755 1381.902 1382.0 1382.0 1382.0 1382.0 1382.0 1382.0 1382.0 1382.0 1382.0 1382.0
1377.0 1377.0 1377.113 1377.26 1377.407 1377.554 1377.684 1377.757 1377.831 1377.904 1377.978 1378.0 1378.0 1378.0 1378.0 1378.0 1378.0 1378.0 1378.0 1378.0 1378.042 1378.109 1378.176 1378.243 1378.318 1378.464 1378.611 1378.758 1378.905 1378.975 1378.981 1378.987 1378.994 1379.0 1379.0 1379.0 1379.0 1379.0 1379.003 1379.009 1379.016 1379.022 1379.028 1379.209 1379.401 1379.593 1379.785 1380.024 1380.334 1380.644 1380.954 1381.264 1381.438 1381.591 1381.745 1381.898 1382.0 1382.0 1382.0 1382.0 1382.0 1382.0 1382.0 1382.0 1382.0 1382.0
1377.0 1377.0 1377.113 1377.26 1377.407 1377.554 1377.684 1377.757 1377.831 1377.904 1377.978 1378.0 1378.0 1378.0 1378.0 1378.0 1378.0 1378.0 1378.0 1378.0 1378.032 1378.083 1378.134 1378.185 1378.244 1378.391 1378.538 1378.685 1378.832 1378.91 1378.933 1378.955 1378.978 1379.0 1379.0 1379.0 1379.0 1379.0 1379.011 1379.033 1379.056 1379.078 1379.101 1379.272 1379.453 1379.634 1379.815 1380.04 1380.328 1380.617 1380.905 1381.194 1381.379 1381.548 1381.718 1381.887 1382.0 1382.0 1382.0 1382.0 1382.0 1382.0 1382.0 1382.0 1382.0 1382.0
1377.0 1377.0 1377.113 1377.26 1377.407 1377.554 1377.684 1377.757 1377.831 1377.904 1377.978 1378.0 1378.0 1378.0 1378.0 1378.0 1378.0 1378.0 1378.0 1378.0 1378.022 1378.057 1378.091 1378.126 1378.171 1378.318 1378.465 1378.612 1378.759 1378.846 1378.885 1378.923 1378.962 1379.0 1379.0 1379.0 1379.0 1379.0 1379.018 1379.057 1379.096 1379.134 1379.173 1379.336 1379.506 1379.676 1379.846 1380.056 1380.323 1380.589 1380.856 1381.123 1381.32 1381.505 1381.691 1381.876 1382.0 1382.0 1382.0 1382.0 1382.0 1382.0 1382.0 1382.0 1382.0 1382.0
1377.0 1377.0 1377.113 1377.26 1377.407 1377.554 1377.684 1377.757 1377.831 1377.904 1377.978 1378.0 1378.0 1378.0 1378.0 1378.0 1378.0 1378.0 1378.0 1378.0 1378.012 1378.03 1378.049 1378.068 1378.098 1378.245 1378.392 1378.539 1378.686 1378.782 1378.837 1378.891 1378.946 1379.0 1379.0 1379.0 1379.0 1379.0 1379.026 1379.081 1379.136 1379.191 1379.245 1379.399 1379.558 1379.718 1379.877 1380.071 1380.317 1380.562 1380.807 1381.053 1381.26 1381.462 1381.664 1381.865 1382.0 1382.0 1382.0 1382.0 1382.0 1382.0 1382.0 1382.0 1382.0 1382.0
1377.0 1377.0 1377.113 1377.26 1377.407 1377.554 1377.684 1377.757 1377.831 1377.904 1377.978 1378.0 1378.0 1378.0 1378.0 1378.0 1378.0 1378.0 1378.0 1378.0 1378.002 1378.004 1378.007 1378.009 1378.024 1378.171 1378.318 1378.465 1378.612 1378.717 1378.788 1378.859 1378.93 1379.0 1379.0 1379.0 1379.0 1379.0 1379.034 1379.105 1379.176 1379.247 1379.318 1379.462 1379.61 1379.759 1379.908 1380.087 1380.311 1380.535 1380.759 1380.982 1381.201 1381.419 1381.637 1381.855 1382.0 1382.0 1382.0 1382.0 1382.0 1382.0 1382.0 1382.0 1382.0 1382.0
1377.0 1377.0 1377.113 1377.26 1377.407 1377.554 1377.684 1377.757 1377.831 1377.904 1377.978 1378.0 1378.0 1378.0 1378.0 1378.0 1378.0 1378.0 1378.0 1378.0 1378.0 1378.0 1378.0 1378.0 1378.01 1378.13 1378.25 1378.37 1378.49 1378.599 1378.7 1378.8 1378.901 1379.0 1379.0 1379.0 1379.0 1379.0 1379.048 1379.149 1379.249 1379.35 1379.451 1379.569 1379.689 1379.809 1379.929 1380.089 1380.31 1380.53 1380.751 1380.971 1381.156 1381.336 1381.516 1381.695 1381.829 1381.87 1381.91 1381.951 1381.992 1382.0 1382.0 1382.0 1382.0 1382.0
1377.0 1377.0 1377.113 1377.26 1377.407 1377.554 1377.684 1377.757 1377.831 1377.904 1377.978 1378.0 1378.0 1378.0 1378.0 1378.0 1378.0 1378.0 1378.0 1378.0 1378.0 1378.0 1378.0 1378.0 1378.008 1378.095 1378.183 1378.27 1378.358 1378.47 1378.603 1378.736 1378.869 1379.0 1379.0 1379.0 1379.0 1379.0 1379.064 1379.197 1379.329 1379.462 1379.595 1379.685 1379.773 1379.86 1379.948 1380.089 1380.31 1380.53 1380.751 1380.971 1381.114 1381.245 1381.377 1381.508 1381.625 1381.714 1381.804 1381.893 1381.982 1382.0 1382.0 1382.0 1382.0 1382.0
