data/zism_data/00964_02_D.txt
ncols         224
nrows         224
[rows 58 to 86 of 224, columns 0 to 64 of 224]
3701.572 3696.275 3691.594 3686.912 3682.229 3678.012 3676.513 3675.014 3673.515 3672.016 3673.444 3677.021 3680.599 3684.176 3687.756 3691.727 3695.698 3699.669 3703.64 3706.692 3708.563 3710.434 3712.305 3714.176 3713.911 3713.323 3712.734 3712.146 3711.114 3709.042 3706.971 3704.9 3702.829 3697.547 3691.076 3684.605 3678.135 3671.526 3664.193 3656.861 3649.528 3642.196 3636.963 3633.181 3629.4 3625.618 3621.829 3617.704 3613.579 3609.454 3605.329 3602.438 3601.042 3599.646 3598.249 3596.853 3596.264 3595.782 3595.3 3594.818 3594.341 3593.875 3593.409 3592.942 3592.476
3698.767 3693.511 3688.81 3684.107 3679.405 3675.121 3673.276 3671.431 3669.586 3667.742 3668.941 3672.376 3675.811 3679.246 3682.687 3686.838 3690.99 3695.142 3699.294 3702.606 3704.841 3707.075 3709.31 3711.545 3711.552 3711.223 3710.893 3710.563 3709.741 3707.764 3705.788 3703.811 3701.834 3696.087 3688.945 3681.802 3674.66 3667.404 3659.552 3651.7 3643.848 3635.996 3630.841 3627.551 3624.26 3620.97 3617.677 3614.287 3610.896 3607.506 3604.115 3601.697 3600.455 3599.213 3597.971 3596.729 3596.119 3595.592 3595.065 3594.538 3594.029 3593.558 3593.087 3592.616 3592.145
3695.92 3690.711 3685.999 3681.286 3676.573 3672.229 3670.041 3667.853 3665.666 3663.478 3664.437 3667.705 3670.974 3674.243 3677.519 3681.837 3686.155 3690.473 3694.791 3698.373 3701.01 3703.646 3706.283 3708.92 3709.218 3709.161 3709.105 3709.049 3708.45 3706.581 3704.711 3702.842 3700.972 3694.753 3686.925 3679.096 3671.268 3663.348 3654.949 3646.55 3638.152 3629.753 3624.66 3621.852 3619.044 3616.236 3613.431 3610.78 3608.13 3605.479 3602.828 3600.893 3599.822 3598.752 3597.682 3596.611 3595.978 3595.403 3594.828 3594.253 3593.707 3593.226 3592.744 3592.262 3591.78
3693.072 3687.911 3683.188 3678.464 3673.741 3669.337 3666.806 3664.276 3661.745 3659.214 3659.931 3663.034 3666.137 3669.239 3672.352 3676.836 3681.32 3685.804 3690.289 3694.14 3697.179 3700.217 3703.256 3706.295 3706.883 3707.1 3707.318 3707.535 3707.16 3705.397 3703.635 3701.873 3700.111 3693.419 3684.905 3676.39 3667.876 3659.292 3650.347 3641.401 3632.455 3623.51 3618.479 3616.153 3613.827 3611.502 3609.185 3607.274 3605.363 3603.452 3601.541 3600.088 3599.19 3598.291 3597.392 3596.493 3595.838 3595.214 3594.591 3593.968 3593.385 3592.893 3592.4 3591.908 3591.416
3690.225 3685.111 3680.377 3675.643 3670.908 3666.446 3663.572 3660.698 3657.824 3654.95 3655.427 3658.363 3661.299 3664.236 3667.185 3671.835 3676.485 3681.136 3685.786 3689.907 3693.347 3696.788 3700.229 3703.67 3704.548 3705.039 3705.53 3706.021 3705.869 3704.214 3702.559 3700.904 3699.249 3692.086 3682.885 3673.684 3664.484 3655.236 3645.744 3636.251 3626.759 3617.267 3612.297 3610.454 3608.611 3606.768 3604.939 3603.768 3602.597 3601.426 3600.255 3599.284 3598.557 3597.83 3597.103 3596.375 3595.697 3595.026 3594.354 3593.682 3593.063 3592.56 3592.057 3591.554 3591.051
3687.435 3682.327 3677.531 3672.736 3667.94 3663.38 3660.192 3657.004 3653.817 3650.629 3650.836 3653.536 3656.237 3658.937 3661.652 3666.456 3671.259 3676.063 3680.866 3685.26 3689.127 3692.994 3696.862 3700.729 3701.959 3702.79 3703.621 3704.452 3704.57 3703.017 3701.464 3699.911 3698.358 3690.856 3681.152 3671.447 3661.743 3652.011 3642.135 3632.259 3622.383 3612.508 3607.587 3606.093 3604.598 3603.104 3601.628 3600.991 3600.354 3599.717 3599.08 3598.464 3597.872 3597.281 3596.689 3596.097 3595.413 3594.716 3594.019 3593.322 3592.682 3592.166 3591.65 3591.135 3590.619
3684.776 3679.58 3674.607 3669.635 3664.662 3659.915 3656.48 3653.046 3649.612 3646.178 3646.052 3648.355 3650.659 3652.962 3655.285 3660.211 3665.138 3670.065 3674.992 3679.666 3684.016 3688.365 3692.715 3697.065 3698.787 3700.111 3701.435 3702.759 3703.25 3701.788 3700.326 3698.865 3697.403 3689.862 3680.073 3670.282 3660.493 3650.687 3640.801 3630.914 3621.027 3611.14 3606.241 3604.789 3603.338 3601.886 3600.454 3599.881 3599.309 3598.736 3598.163 3597.606 3597.068 3596.53 3595.992 3595.454 3594.8 3594.129 3593.459 3592.789 3592.162 3591.631 3591.099 3590.567 3590.036
3682.117 3676.832 3671.683 3666.534 3661.384 3656.449 3652.769 3649.088 3645.407 3641.726 3641.267 3643.174 3645.081 3646.988 3648.917 3653.967 3659.017 3664.067 3669.117 3674.072 3678.904 3683.737 3688.569 3693.401 3695.615 3697.432 3699.249 3701.067 3701.93 3700.559 3699.189 3697.818 3696.448 3688.869 3678.993 3669.118 3659.242 3649.363 3639.465 3629.568 3619.67 3609.773 3604.895 3603.486 3602.077 3600.668 3599.28 3598.771 3598.263 3597.755 3597.246 3596.749 3596.264 3595.78 3595.296 3594.811 3594.186 3593.543 3592.9 3592.256 3591.643 3591.095 3590.547 3590.0 3589.452
3679.458 3674.085 3668.759 3663.433 3658.106 3652.984 3649.057 3645.13 3641.202 3637.275 3636.483 3637.993 3639.503 3641.013 3642.55 3647.723 3652.896 3658.07 3663.243 3668.478 3673.793 3679.108 3684.423 3689.737 3692.442 3694.753 3697.063 3699.374 3700.61 3699.331 3698.051 3696.772 3695.492 3687.876 3677.914 3667.953 3657.991 3648.038 3638.13 3628.222 3618.314 3608.406 3603.549 3602.183 3600.817 3599.451 3598.105 3597.661 3597.217 3596.773 3596.329 3595.891 3595.46 3595.03 3594.599 3594.168 3593.573 3592.957 3592.34 3591.723 3591.124 3590.56 3589.996 3589.432 3588.868
3676.799 3671.338 3665.835 3660.332 3654.828 3649.519 3645.345 3641.171 3636.997 3632.823 3631.698 3632.812 3633.925 3635.038 3636.182 3641.479 3646.776 3652.072 3657.369 3662.885 3668.682 3674.479 3680.276 3686.073 3689.27 3692.074 3694.877 3697.681 3699.29 3698.102 3696.914 3695.725 3694.537 3686.882 3676.835 3666.788 3656.741 3646.714 3636.795 3626.876 3616.958 3607.039 3602.202 3600.879 3599.556 3598.233 3596.931 3596.551 3596.172 3595.792 3595.412 3595.034 3594.656 3594.279 3593.902 3593.525 3592.96 3592.37 3591.781 3591.191 3590.604 3590.024 3589.444 3588.864 3588.284
3673.65 3668.29 3662.873 3657.457 3652.04 3646.781 3642.438 3638.096 3633.754 3629.411 3627.955 3628.619 3629.282 3629.945 3630.641 3635.843 3641.045 3646.246 3651.448 3656.965 3662.886 3668.808 3674.729 3680.65 3684.281 3687.566 3690.85 3694.135 3696.049 3694.754 3693.459 3692.164 3690.869 3683.313 3673.439 3663.565 3653.692 3643.894 3634.491 3625.089 3615.686 3606.284 3601.652 3600.319 3598.985 3597.651 3596.338 3595.919 3595.501 3595.083 3594.665 3594.259 3593.87 3593.48 3593.091 3592.701 3592.162 3591.604 3591.045 3590.486 3589.931 3589.384 3588.838 3588.291 3587.745
3670.352 3665.151 3659.901 3654.65 3649.4 3644.261 3639.774 3635.287 3630.8 3626.313 3624.527 3624.724 3624.92 3625.117 3625.349 3630.39 3635.431 3640.472 3645.513 3650.946 3656.884 3662.821 3668.759 3674.696 3678.744 3682.505 3686.267 3690.028 3692.227 3690.766 3689.305 3687.844 3686.383 3678.965 3669.344 3659.722 3650.1 3640.622 3631.895 3623.168 3614.441 3605.714 3601.343 3599.982 3598.622 3597.261 3595.92 3595.432 3594.944 3594.456 3593.968 3593.51 3593.088 3592.667 3592.245 3591.823 3591.309 3590.782 3590.256 3589.729 3589.211 3588.713 3588.214 3587.716 3587.218
3667.055 3662.012 3656.928 3651.844 3646.76 3641.742 3637.11 3632.478 3627.846 3623.215 3621.098 3620.829 3620.559 3620.29 3620.057 3624.938 3629.818 3634.698 3639.578 3644.928 3650.882 3656.835 3662.789 3668.742 3673.206 3677.445 3681.683 3685.922 3688.405 3686.778 3685.151 3683.524 3681.897 3674.618 3665.248 3655.878 3646.509 3637.351 3629.299 3621.247 3613.196 3605.144 3601.033 3599.646 3598.258 3596.871 3595.502 3594.944 3594.386 3593.829 3593.271 3592.76 3592.307 3591.853 3591.399 3590.946 3590.456 3589.961 3589.467 3588.972 3588.491 3588.042 3587.591 3587.141 3586.691
3663.758 3658.873 3653.955 3649.037 3644.119 3639.222 3634.446 3629.669 3624.893 3620.116 3617.67 3616.934 3616.198 3615.462 3614.765 3619.485 3624.204 3628.923 3633.643 3638.91 3644.879 3650.849 3656.818 3662.788 3667.668 3672.384 3677.1 3681.816 3684.583 3682.79 3680.997 3679.204 3677.41 3670.271 3661.153 3652.035 3642.917 3634.079 3626.703 3619.326 3611.95 3604.574 3600.723 3599.309 3597.895 3596.481 3595.084 3594.457 3593.829 3593.202 3592.575 3592.011 3591.525 3591.039 3590.553 3590.068 3589.602 3589.14 3588.677 3588.215 3587.772 3587.37 3586.968 3586.566 3586.165
3660.581 3655.829 3651.049 3646.27 3641.491 3636.697 3631.816 3626.934 3622.053 3617.171 3614.477 3613.387 3612.298 3611.209 3610.16 3614.625 3619.091 3623.556 3628.021 3633.129 3639.061 3644.994 3650.926 3656.858 3662.048 3667.125 3672.202 3677.279 3680.278 3678.411 3676.543 3674.676 3672.808 3665.89 3657.104 3648.318 3639.531 3631.069 3624.301 3617.533 3610.765 3603.997 3600.384 3598.952 3597.52 3596.088 3594.672 3593.985 3593.298 3592.611 3591.924 3591.309 3590.782 3590.255 3589.729 3589.202 3588.75 3588.309 3587.868 3587.426 3587.011 3586.656 3586.3 3585.943 3585.587
3657.802 3653.095 3648.364 3643.633 3638.902 3634.153 3629.299 3624.444 3619.59 3614.735 3612.064 3610.996 3609.928 3608.861 3607.829 3611.731 3615.634 3619.536 3623.439 3628.136 3633.854 3639.572 3645.29 3651.007 3656.15 3661.206 3666.261 3671.317 3674.37 3672.733 3671.096 3669.459 3667.822 3661.401 3653.21 3645.019 3636.827 3628.927 3622.544 3616.162 3609.781 3603.399 3599.95 3598.528 3597.107 3595.685 3594.279 3593.565 3592.852 3592.138 3591.424 3590.763 3590.167 3589.57 3588.974 3588.377 3587.903 3587.446 3586.989 3586.531 3586.117 3585.799 3585.48 3585.161 3584.843
3655.023 3650.362 3645.679 3640.996 3636.314 3631.61 3626.782 3621.954 3617.126 3612.299 3609.651 3608.605 3607.559 3606.512 3605.498 3608.837 3612.177 3615.517 3618.856 3623.143 3628.646 3634.15 3639.653 3645.157 3650.253 3655.287 3660.321 3665.356 3668.462 3667.056 3665.649 3664.243 3662.836 3656.912 3649.316 3641.719 3634.123 3626.784 3620.788 3614.792 3608.796 3602.8 3599.515 3598.104 3596.694 3595.283 3593.887 3593.146 3592.406 3591.665 3590.924 3590.217 3589.551 3588.885 3588.219 3587.552 3587.056 3586.583 3586.109 3585.635 3585.222 3584.941 3584.66 3584.379 3584.098
3652.245 3647.628 3642.994 3638.359 3633.725 3629.066 3624.265 3619.464 3614.663 3609.862 3607.239 3606.214 3605.189 3604.164 3603.167 3605.943 3608.72 3611.497 3614.273 3618.15 3623.439 3628.728 3634.017 3639.306 3644.355 3649.368 3654.381 3659.394 3662.554 3661.378 3660.202 3659.026 3657.851 3652.423 3645.421 3638.42 3631.419 3624.641 3619.031 3613.421 3607.811 3602.201 3599.08 3597.68 3596.281 3594.881 3593.494 3592.727 3591.959 3591.192 3590.424 3589.671 3588.935 3588.199 3587.464 3586.728 3586.209 3585.72 3585.23 3584.74 3584.328 3584.084 3583.841 3583.597 3583.354
3649.466 3644.895 3640.309 3635.722 3631.136 3626.523 3621.749 3616.974 3612.2 3607.426 3604.826 3603.823 3602.819 3601.815 3600.835 3603.049 3605.263 3607.477 3609.691 3613.157 3618.232 3623.306 3628.381 3633.455 3638.458 3643.449 3648.44 3653.432 3656.647 3655.701 3654.756 3653.81 3652.865 3647.933 3641.527 3635.121 3628.715 3622.499 3617.275 3612.051 3606.826 3601.603 3598.646 3597.257 3595.867 3594.478 3593.102 3592.308 3591.513 3590.719 3589.925 3589.125 3588.32 3587.514 3586.708 3585.903 3585.362 3584.856 3584.351 3583.845 3583.433 3583.227 3583.021 3582.815 3582.61
3646.176 3641.615 3637.051 3632.487 3627.922 3623.379 3618.952 3614.525 3610.098 3605.672 3603.292 3602.414 3601.536 3600.659 3599.801 3601.597 3603.393 3605.19 3606.986 3610.03 3614.673 3619.317 3623.961 3628.604 3633.435 3638.293 3643.151 3648.009 3651.191 3650.45 3649.709 3648.968 3648.227 3643.714 3637.806 3631.898 3625.99 3620.259 3615.455 3610.65 3605.846 3601.041 3598.271 3596.908 3595.544 3594.18 3592.828 3591.981 3591.134 3590.286 3589.439 3588.593 3587.747 3586.902 3586.057 3585.211 3584.612 3584.045 3583.479 3582.912 3582.465 3582.278 3582.091 3581.904 3581.717
3642.663 3638.095 3633.542 3628.989 3624.435 3619.972 3616.033 3612.094 3608.155 3604.216 3602.141 3601.435 3600.729 3600.023 3599.333 3600.775 3602.218 3603.66 3605.103 3607.718 3611.836 3615.954 3620.073 3624.191 3628.794 3633.47 3638.146 3642.822 3645.934 3645.386 3644.838 3644.29 3643.741 3639.614 3634.161 3628.709 3623.256 3617.978 3613.607 3609.237 3604.867 3600.496 3597.923 3596.591 3595.26 3593.928 3592.606 3591.695 3590.783 3589.872 3588.96 3588.066 3587.194 3586.322 3585.45 3584.577 3583.904 3583.257 3582.61 3581.963 3581.464 3581.288 3581.111 3580.935 3580.759
3639.15 3634.576 3630.033 3625.491 3620.948 3616.565 3613.114 3609.663 3606.211 3602.76 3600.991 3600.456 3599.922 3599.387 3598.865 3599.953 3601.042 3602.131 3603.22 3605.406 3608.999 3612.592 3616.185 3619.778 3624.153 3628.647 3633.141 3637.634 3640.677 3640.322 3639.967 3639.611 3639.256 3635.513 3630.516 3625.519 3620.522 3615.696 3611.76 3607.824 3603.888 3599.952 3597.574 3596.275 3594.976 3593.677 3592.384 3591.408 3590.433 3589.457 3588.481 3587.54 3586.641 3585.742 3584.843 3583.944 3583.196 3582.469 3581.741 3581.014 3580.463 3580.298 3580.132 3579.966 3579.801
3635.636 3631.056 3626.524 3621.993 3617.461 3613.158 3610.195 3607.231 3604.268 3601.305 3599.841 3599.478 3599.115 3598.751 3598.396 3599.132 3599.867 3600.602 3601.337 3603.094 3606.161 3609.229 3612.297 3615.365 3619.513 3623.824 3628.135 3632.447 3635.419 3635.257 3635.095 3634.933 3634.771 3631.412 3626.871 3622.33 3617.789 3613.414 3609.912 3606.41 3602.908 3599.407 3597.226 3595.959 3594.692 3593.425 3592.163 3591.122 3590.082 3589.042 3588.002 3587.013 3586.087 3585.162 3584.236 3583.31 3582.488 3581.681 3580.873 3580.065 3579.462 3579.307 3579.152 3578.998 3578.843
3632.252 3627.687 3623.189 3618.692 3614.195 3609.99 3607.492 3604.994 3602.497 3599.999 3598.818 3598.604 3598.391 3598.177 3597.968 3598.396 3598.825 3599.253 3599.681 3601.047 3603.616 3606.185 3608.754 3611.323 3615.236 3619.352 3623.469 3627.585 3630.469 3630.469 3630.469 3630.469 3630.469 3627.459 3623.335 3619.211 3615.087 3611.131 3608.051 3604.971 3601.892 3598.812 3596.824 3595.591 3594.358 3593.124 3591.894 3590.8 3589.706 3588.611 3587.517 3586.487 3585.533 3584.579 3583.626 3582.672 3581.783 3580.903 3580.022 3579.142 3578.49 3578.339 3578.188 3578.037 3577.886
3629.547 3625.107 3620.771 3616.435 3612.098 3608.081 3605.932 3603.783 3601.633 3599.484 3598.469 3598.288 3598.106 3597.925 3597.747 3598.116 3598.486 3598.855 3599.224 3600.4 3602.61 3604.819 3607.029 3609.239 3612.877 3616.73 3620.584 3624.438 3627.138 3627.138 3627.138 3627.138 3627.138 3624.284 3620.375 3616.465 3612.556 3608.837 3606.116 3603.396 3600.675 3597.955 3596.139 3594.949 3593.758 3592.568 3591.38 3590.285 3589.191 3588.097 3587.003 3585.958 3584.972 3583.986 3583.0 3582.015 3581.094 3580.181 3579.268 3578.356 3577.672 3577.489 3577.306 3577.123 3576.939
3626.842 3622.528 3618.353 3614.177 3610.001 3606.173 3604.372 3602.571 3600.77 3598.969 3598.121 3597.971 3597.822 3597.672 3597.526 3597.837 3598.147 3598.457 3598.768 3599.753 3601.603 3603.454 3605.305 3607.155 3610.518 3614.109 3617.699 3621.291 3623.807 3623.807 3623.807 3623.807 3623.807 3621.11 3617.415 3613.719 3610.024 3606.543 3604.182 3601.821 3599.459 3597.098 3595.454 3594.307 3593.159 3592.012 3590.865 3589.771 3588.677 3587.583 3586.488 3585.429 3584.411 3583.393 3582.375 3581.357 3580.404 3579.459 3578.514 3577.57 3576.854 3576.638 3576.423 3576.208 3575.992
3624.137 3619.949 3615.934 3611.919 3607.905 3604.264 3602.812 3601.359 3599.907 3598.454 3597.772 3597.655 3597.537 3597.42 3597.305 3597.557 3597.808 3598.06 3598.311 3599.105 3600.597 3602.088 3603.58 3605.072 3608.158 3611.487 3614.815 3618.144 3620.476 3620.476 3620.476 3620.476 3620.476 3617.935 3614.454 3610.974 3607.493 3604.25 3602.247 3600.245 3598.243 3596.241 3594.769 3593.665 3592.56 3591.455 3590.351 3589.257 3588.162 3587.068 3585.974 3584.9 3583.85 3582.8 3581.75 3580.7 3579.714 3578.737 3577.76 3576.783 3576.035 3575.788 3575.54 3575.293 3575.045
3621.432 3617.37 3613.516 3609.662 3605.808 3602.355 3601.251 3600.147 3599.043 3597.939 3597.423 3597.338 3597.253 3597.167 3597.084 3597.277 3597.469 3597.662 3597.854 3598.458 3599.591 3600.723 3601.855 3602.988 3605.799 3608.865 3611.931 3614.997 3617.145 3617.145 3617.145 3617.145 3617.145 3614.76 3611.494 3608.228 3604.961 3601.956 3600.313 3598.67 3597.027 3595.384 3594.084 3593.022 3591.961 3590.899 3589.837 3588.742 3587.648 3586.554 3585.46 3584.371 3583.289 3582.207 3581.125 3580.042 3579.025 3578.015 3577.006 3575.997 3575.217 3574.937 3574.657 3574.378 3574.098
3618.421 3614.676 3611.206 3607.737 3604.268 3601.175 3600.286 3599.397 3598.508 3597.618 3597.188 3597.095 3597.002 3596.909 3596.818 3596.975 3597.132 3597.289 3597.445 3597.941 3598.871 3599.801 3600.731 3601.662 3604.164 3606.903 3609.643 3612.382 3614.298 3614.284 3614.271 3614.258 3614.244 3612.054 3609.059 3606.064 3603.069 3600.319 3598.848 3597.377 3595.906 3594.435 3593.212 3592.159 3591.107 3590.055 3589.002 3587.907 3586.813 3585.719 3584.625 3583.527 3582.427 3581.325 3580.225 3579.124 3578.108 3577.103 3576.099 3575.094 3574.319 3574.048 3573.776 3573.504 3573.232
