data/zism_data/00966_01_D.txt
ncols         224
nrows         224
[rows 112 to 139 of 224, columns 126 to 188 of 224]
3798.925 3799.554 3800.184 3800.813 3801.442 3801.887 3802.189 3802.492 3802.794 3803.114 3804.584 3806.054 3807.525 3808.995 3812.445 3818.182 3823.92 3829.658 3835.396 3842.297 3849.309 3856.321 3863.333 3869.873 3875.583 3881.293 3887.004 3892.714 3895.438 3897.469 3899.5 3901.531 3902.948 3902.63 3902.312 3901.994 3901.676 3899.284 3896.046 3892.807 3889.569 3887.116 3888.804 3890.492 3892.18 3893.868 3895.875 3898.088 3900.301 3902.513 3904.549 3903.708 3902.866 3902.025 3901.184 3898.665 3894.518 3890.37 3886.223 3882.075 3875.781 3869.388 3862.995
3802.588 3803.351 3804.114 3804.877 3805.64 3806.106 3806.344 3806.583 3806.821 3807.075 3808.412 3809.749 3811.086 3812.423 3815.8 3821.538 3827.276 3833.014 3838.751 3845.575 3852.501 3859.427 3866.354 3872.702 3878.033 3883.364 3888.695 3894.025 3896.396 3898.08 3899.763 3901.447 3902.444 3901.495 3900.546 3899.597 3898.649 3895.471 3891.383 3887.295 3883.207 3880.101 3882.168 3884.235 3886.302 3888.37 3891.042 3894.105 3897.167 3900.23 3903.09 3902.671 3902.252 3901.833 3901.413 3899.428 3895.922 3892.416 3888.909 3885.403 3879.305 3873.089 3866.872
3806.251 3807.147 3808.044 3808.94 3809.837 3810.325 3810.5 3810.674 3810.848 3811.037 3812.24 3813.443 3814.647 3815.85 3819.156 3824.894 3830.632 3836.369 3842.107 3848.852 3855.693 3862.534 3869.375 3875.531 3880.483 3885.434 3890.386 3895.337 3897.354 3898.691 3900.027 3901.363 3901.939 3900.359 3898.78 3897.201 3895.622 3891.658 3886.72 3881.783 3876.845 3873.085 3875.532 3877.978 3880.425 3882.872 3886.21 3890.122 3894.034 3897.946 3901.632 3901.635 3901.637 3901.64 3901.643 3900.191 3897.326 3894.461 3891.596 3888.731 3882.829 3876.789 3870.749
3812.007 3813.179 3814.351 3815.523 3816.695 3817.445 3817.869 3818.294 3818.718 3819.151 3820.129 3821.107 3822.086 3823.064 3825.859 3830.755 3835.652 3840.548 3845.444 3851.593 3857.862 3864.131 3870.399 3876.088 3880.757 3885.425 3890.093 3894.761 3896.452 3897.451 3898.45 3899.449 3899.537 3897.043 3894.55 3892.056 3889.562 3885.054 3879.723 3874.392 3869.062 3865.076 3868.186 3871.296 3874.406 3877.516 3881.53 3886.124 3890.718 3895.313 3899.662 3900.031 3900.4 3900.77 3901.139 3899.958 3897.273 3894.588 3891.903 3889.218 3883.381 3877.401 3871.42
3817.876 3819.331 3820.787 3822.242 3823.697 3824.721 3825.413 3826.104 3826.796 3827.488 3828.237 3828.985 3829.734 3830.482 3832.743 3836.752 3840.761 3844.77 3848.78 3854.305 3859.976 3865.646 3871.316 3876.522 3880.913 3885.303 3889.694 3894.084 3895.449 3896.112 3896.774 3897.436 3897.033 3893.609 3890.186 3886.762 3883.339 3878.299 3872.6 3866.9 3861.201 3857.014 3860.802 3864.591 3868.38 3872.168 3876.857 3882.125 3887.392 3892.66 3897.665 3898.397 3899.13 3899.862 3900.595 3899.672 3897.142 3894.612 3892.082 3889.551 3883.772 3877.846 3871.919
3823.745 3825.483 3827.222 3828.96 3830.699 3831.997 3832.956 3833.914 3834.873 3835.825 3836.344 3836.863 3837.382 3837.901 3839.627 3842.749 3845.871 3848.993 3852.115 3857.017 3862.089 3867.161 3872.232 3876.957 3881.069 3885.182 3889.295 3893.407 3894.447 3894.772 3895.098 3895.424 3894.529 3890.176 3885.822 3881.469 3877.116 3871.544 3865.477 3859.408 3853.34 3848.952 3853.419 3857.886 3862.353 3866.82 3872.185 3878.125 3884.066 3890.008 3895.667 3896.763 3897.859 3898.955 3900.051 3899.386 3897.011 3894.636 3892.26 3889.885 3884.164 3878.291 3872.417
3829.614 3831.635 3833.657 3835.679 3837.7 3839.272 3840.499 3841.724 3842.95 3844.163 3844.452 3844.741 3845.03 3845.319 3846.51 3848.746 3850.98 3853.216 3855.45 3859.729 3864.202 3868.676 3873.149 3877.391 3881.226 3885.061 3888.895 3892.73 3893.444 3893.433 3893.422 3893.411 3892.025 3886.742 3881.459 3876.176 3870.893 3864.79 3858.353 3851.917 3845.48 3840.889 3846.035 3851.181 3856.327 3861.473 3867.512 3874.126 3880.741 3887.355 3893.67 3895.13 3896.589 3898.048 3899.507 3899.1 3896.88 3894.659 3892.439 3890.219 3884.555 3878.736 3872.916
3835.579 3837.76 3839.941 3842.123 3844.304 3846.074 3847.529 3848.983 3850.438 3851.874 3852.041 3852.208 3852.374 3852.541 3853.341 3854.874 3856.406 3857.939 3859.471 3862.976 3866.668 3870.361 3874.053 3877.627 3880.993 3884.36 3887.726 3891.092 3891.357 3890.902 3890.447 3889.992 3888.117 3882.221 3876.324 3870.428 3864.531 3858.152 3851.576 3845.0 3838.424 3833.761 3839.192 3844.623 3850.054 3855.485 3861.947 3869.073 3876.198 3883.323 3890.154 3892.198 3894.241 3896.285 3898.328 3898.308 3896.284 3894.259 3892.234 3890.209 3884.611 3878.851 3873.091
3841.702 3843.84 3845.979 3848.117 3850.256 3852.101 3853.721 3855.342 3856.962 3858.562 3858.782 3859.002 3859.222 3859.443 3860.086 3861.218 3862.349 3863.481 3864.613 3867.097 3869.71 3872.323 3874.936 3877.539 3880.125 3882.711 3885.297 3887.883 3887.498 3886.423 3885.348 3884.274 3881.916 3875.923 3869.931 3863.938 3857.945 3851.705 3845.364 3839.023 3832.682 3828.16 3833.233 3838.306 3843.379 3848.452 3854.924 3862.295 3869.666 3877.037 3884.154 3887.143 3890.133 3893.122 3896.112 3896.69 3894.927 3893.165 3891.402 3889.639 3884.118 3878.427 3872.737
3847.824 3849.92 3852.016 3854.112 3856.207 3858.128 3859.914 3861.7 3863.486 3865.25 3865.523 3865.797 3866.071 3866.344 3866.83 3867.561 3868.292 3869.023 3869.754 3871.218 3872.751 3874.285 3875.818 3877.451 3879.257 3881.063 3882.869 3884.675 3883.639 3881.945 3880.25 3878.555 3875.714 3869.626 3863.537 3857.448 3851.359 3845.258 3839.152 3833.046 3826.94 3822.559 3827.274 3831.989 3836.704 3841.418 3847.9 3855.517 3863.134 3870.75 3878.154 3882.089 3886.024 3889.959 3893.895 3895.073 3893.571 3892.07 3890.569 3889.068 3883.626 3878.004 3872.383
3853.947 3856.0 3858.053 3860.106 3862.159 3864.155 3866.106 3868.058 3870.01 3871.938 3872.265 3872.592 3872.919 3873.246 3873.574 3873.905 3874.235 3874.565 3874.896 3875.339 3875.793 3876.247 3876.701 3877.363 3878.388 3879.414 3880.44 3881.466 3879.781 3877.466 3875.152 3872.837 3869.513 3863.328 3857.143 3850.958 3844.773 3838.811 3832.94 3827.069 3821.198 3816.958 3821.314 3825.671 3830.028 3834.385 3840.876 3848.739 3856.601 3864.464 3872.154 3877.035 3881.916 3886.797 3891.678 3893.454 3892.215 3890.976 3889.737 3888.497 3883.133 3877.581 3872.029
3860.07 3862.08 3864.091 3866.101 3868.111 3870.182 3872.299 3874.416 3876.533 3878.625 3879.006 3879.386 3879.767 3880.147 3880.319 3880.248 3880.178 3880.107 3880.037 3879.46 3878.835 3878.209 3877.584 3877.274 3877.52 3877.766 3878.011 3878.257 3875.922 3872.988 3870.053 3867.119 3863.312 3857.03 3850.749 3844.468 3838.187 3832.364 3826.728 3821.092 3815.456 3811.356 3815.355 3819.354 3823.353 3827.352 3833.852 3841.961 3850.069 3858.177 3866.154 3871.98 3877.807 3883.634 3889.461 3891.836 3890.859 3889.881 3888.904 3887.927 3882.64 3877.157 3871.675
3865.762 3867.583 3869.403 3871.223 3873.043 3874.946 3876.913 3878.88 3880.847 3882.79 3883.155 3883.52 3883.885 3884.249 3884.369 3884.205 3884.041 3883.877 3883.713 3882.732 3881.672 3880.612 3879.553 3878.644 3878.001 3877.359 3876.716 3876.073 3873.145 3869.686 3866.227 3862.769 3858.591 3852.378 3846.166 3839.953 3833.74 3828.168 3822.858 3817.548 3812.239 3808.33 3811.811 3815.292 3818.772 3822.253 3828.434 3836.351 3844.268 3852.185 3860.007 3866.286 3872.565 3878.844 3885.123 3888.019 3887.628 3887.237 3886.846 3886.455 3881.517 3876.373 3871.228
3871.353 3872.949 3874.545 3876.141 3877.737 3879.415 3881.158 3882.9 3884.642 3886.365 3886.697 3887.03 3887.362 3887.695 3887.787 3887.602 3887.417 3887.232 3887.047 3885.804 3884.462 3883.119 3881.776 3880.356 3878.799 3877.243 3875.687 3874.13 3870.622 3866.661 3862.7 3858.739 3854.218 3848.112 3842.006 3835.9 3829.794 3824.5 3819.537 3814.575 3809.612 3805.907 3808.832 3811.757 3814.682 3817.607 3823.392 3831.015 3838.638 3846.261 3853.826 3860.441 3867.057 3873.673 3880.289 3883.686 3883.958 3884.229 3884.501 3884.773 3880.247 3875.503 3870.76
3876.944 3878.316 3879.687 3881.059 3882.43 3883.884 3885.402 3886.92 3888.438 3889.938 3890.239 3890.54 3890.84 3891.141 3891.206 3891.0 3890.793 3890.586 3890.38 3888.877 3887.251 3885.625 3883.999 3882.067 3879.597 3877.127 3874.657 3872.187 3868.099 3863.635 3859.172 3854.708 3849.844 3843.845 3837.846 3831.847 3825.848 3820.832 3816.216 3811.601 3806.986 3803.484 3805.854 3808.223 3810.592 3812.961 3818.35 3825.679 3833.008 3840.337 3847.645 3854.597 3861.549 3868.501 3875.454 3879.354 3880.288 3881.222 3882.156 3883.09 3878.977 3874.634 3870.291
3882.535 3883.682 3884.829 3885.977 3887.124 3888.353 3889.647 3890.94 3892.234 3893.512 3893.781 3894.05 3894.318 3894.586 3894.625 3894.397 3894.169 3893.941 3893.713 3891.95 3890.041 3888.132 3886.222 3883.779 3880.395 3877.011 3873.627 3870.243 3865.576 3860.61 3855.644 3850.678 3845.471 3839.579 3833.687 3827.794 3821.902 3817.163 3812.896 3808.627 3804.36 3801.061 3802.875 3804.688 3806.502 3808.315 3813.308 3820.343 3827.378 3834.413 3841.463 3848.752 3856.041 3863.33 3870.619 3875.021 3876.618 3878.215 3879.811 3881.408 3877.707 3873.764 3869.822
3887.425 3888.362 3889.299 3890.236 3891.172 3892.181 3893.245 3894.309 3895.373 3896.425 3896.656 3896.887 3897.119 3897.35 3897.367 3897.135 3896.904 3896.673 3896.441 3894.535 3892.469 3890.402 3888.336 3885.525 3881.404 3877.282 3873.161 3869.04 3863.799 3858.297 3852.795 3847.294 3841.702 3835.853 3830.005 3824.156 3818.308 3813.832 3809.915 3805.998 3802.082 3799.01 3800.394 3801.778 3803.162 3804.546 3809.201 3815.959 3822.717 3829.475 3836.278 3843.807 3851.336 3858.865 3866.394 3871.276 3873.585 3875.895 3878.205 3880.514 3877.252 3873.736 3870.22
3890.105 3890.876 3891.647 3892.419 3893.19 3893.988 3894.806 3895.624 3896.442 3897.251 3897.428 3897.606 3897.784 3897.962 3897.975 3897.797 3897.619 3897.441 3897.264 3895.581 3893.755 3891.929 3890.104 3887.38 3883.077 3878.774 3874.471 3870.168 3864.372 3858.229 3852.087 3845.944 3839.838 3833.834 3827.831 3821.827 3815.824 3811.561 3808.007 3804.454 3800.901 3798.129 3799.481 3800.833 3802.185 3803.537 3808.043 3814.577 3821.11 3827.644 3834.232 3841.697 3849.162 3856.627 3864.092 3869.383 3872.564 3875.744 3878.925 3882.105 3879.366 3876.358 3873.35
3892.785 3893.391 3893.996 3894.602 3895.207 3895.794 3896.366 3896.938 3897.511 3898.077 3898.201 3898.325 3898.45 3898.574 3898.583 3898.459 3898.334 3898.21 3898.086 3896.627 3895.042 3893.457 3891.871 3889.235 3884.751 3880.266 3875.781 3871.297 3864.946 3858.162 3851.378 3844.594 3837.973 3831.815 3825.657 3819.499 3813.34 3809.29 3806.1 3802.91 3799.72 3797.249 3798.569 3799.888 3801.208 3802.528 3806.885 3813.194 3819.504 3825.813 3832.185 3839.586 3846.987 3854.388 3861.789 3867.491 3871.542 3875.594 3879.645 3883.697 3881.481 3878.981 3876.48
3895.465 3895.905 3896.345 3896.785 3897.224 3897.6 3897.927 3898.253 3898.58 3898.903 3898.974 3899.045 3899.116 3899.187 3899.192 3899.121 3899.05 3898.979 3898.908 3897.674 3896.329 3894.984 3893.639 3891.091 3886.424 3881.758 3877.092 3872.426 3865.52 3858.095 3850.67 3843.245 3836.109 3829.796 3823.483 3817.169 3810.856 3807.019 3804.192 3801.365 3798.539 3796.368 3797.656 3798.944 3800.232 3801.519 3805.727 3811.812 3817.897 3823.982 3830.139 3837.476 3844.813 3852.149 3859.486 3865.598 3870.521 3875.443 3880.366 3885.288 3883.596 3881.603 3879.61
3898.145 3898.419 3898.694 3898.968 3899.242 3899.407 3899.487 3899.568 3899.649 3899.729 3899.746 3899.764 3899.781 3899.799 3899.8 3899.783 3899.765 3899.748 3899.73 3898.72 3897.615 3896.511 3895.406 3892.946 3888.098 3883.25 3878.402 3873.554 3866.094 3858.027 3849.961 3841.895 3834.245 3827.777 3821.309 3814.84 3808.372 3804.748 3802.285 3799.821 3797.358 3795.488 3796.743 3797.999 3799.255 3800.51 3804.569 3810.43 3816.29 3822.151 3828.093 3835.365 3842.638 3849.911 3857.183 3863.706 3869.499 3875.292 3881.086 3886.879 3885.711 3884.226 3882.74
3899.169 3899.356 3899.544 3899.731 3899.918 3900.0 3900.0 3900.0 3900.0 3900.0 3900.0 3900.0 3900.0 3900.0 3899.993 3899.979 3899.965 3899.95 3899.936 3898.818 3897.595 3896.373 3895.15 3892.52 3887.415 3882.31 3877.205 3872.1 3864.526 3856.378 3848.23 3840.082 3832.383 3825.953 3819.524 3813.094 3806.665 3803.165 3800.86 3798.556 3796.251 3794.502 3795.679 3796.856 3798.033 3799.21 3803.232 3809.083 3814.935 3820.786 3826.752 3834.577 3842.403 3850.229 3858.054 3864.931 3870.885 3876.839 3882.793 3888.747 3887.827 3886.594 3885.362
3899.382 3899.521 3899.661 3899.8 3899.939 3900.0 3900.0 3900.0 3900.0 3900.0 3900.0 3900.0 3900.0 3900.0 3899.983 3899.948 3899.912 3899.876 3899.841 3898.453 3896.936 3895.419 3893.902 3890.979 3885.58 3880.181 3874.782 3869.384 3861.91 3853.954 3845.999 3838.043 3830.521 3824.225 3817.929 3811.633 3805.337 3801.917 3799.672 3797.426 3795.18 3793.464 3794.54 3795.615 3796.691 3797.766 3801.807 3807.755 3813.702 3819.65 3825.756 3834.436 3843.117 3851.798 3860.478 3867.681 3873.448 3879.215 3884.982 3890.749 3889.943 3888.839 3887.735
3899.595 3899.687 3899.778 3899.869 3899.96 3900.0 3900.0 3900.0 3900.0 3900.0 3900.0 3900.0 3900.0 3900.0 3899.974 3899.917 3899.859 3899.802 3899.745 3898.087 3896.276 3894.466 3892.655 3889.438 3883.745 3878.052 3872.36 3866.667 3859.294 3851.531 3843.767 3836.004 3828.659 3822.497 3816.334 3810.172 3804.01 3800.67 3798.484 3796.297 3794.11 3792.427 3793.401 3794.375 3795.349 3796.323 3800.383 3806.426 3812.47 3818.514 3824.76 3834.295 3843.831 3853.366 3862.902 3870.431 3876.011 3881.591 3887.171 3892.751 3892.06 3891.084 3890.108
3899.809 3899.852 3899.895 3899.938 3899.981 3900.0 3900.0 3900.0 3900.0 3900.0 3900.0 3900.0 3900.0 3900.0 3899.964 3899.885 3899.807 3899.728 3899.65 3897.721 3895.617 3893.512 3891.408 3887.897 3881.91 3875.923 3869.937 3863.95 3856.678 3849.107 3841.536 3833.966 3826.797 3820.768 3814.74 3808.711 3802.682 3799.423 3797.295 3795.167 3793.039 3791.389 3792.262 3793.134 3794.007 3794.879 3798.958 3805.098 3811.238 3817.377 3823.763 3834.154 3844.545 3854.935 3865.326 3873.181 3878.574 3883.967 3889.36 3894.753 3894.177 3893.329 3892.481
3899.978 3899.976 3899.974 3899.973 3899.971 3899.97 3899.97 3899.97 3899.97 3899.97 3899.97 3899.97 3899.97 3899.97 3899.92 3899.811 3899.703 3899.594 3899.486 3897.273 3894.86 3892.446 3890.033 3886.223 3879.952 3873.682 3867.412 3861.142 3853.961 3846.569 3839.177 3831.785 3824.787 3818.905 3813.023 3807.141 3801.259 3798.086 3796.019 3793.952 3791.885 3790.275 3791.08 3791.885 3792.69 3793.494 3797.594 3803.811 3810.029 3816.246 3822.749 3833.884 3845.019 3856.154 3867.29 3875.438 3880.686 3885.933 3891.18 3896.428 3896.005 3895.324 3894.644
3899.757 3899.739 3899.721 3899.704 3899.686 3899.678 3899.678 3899.678 3899.678 3899.678 3899.678 3899.678 3899.678 3899.678 3899.579 3899.363 3899.148 3898.932 3898.717 3896.094 3893.243 3890.392 3887.541 3883.381 3876.918 3870.456 3863.993 3857.531 3850.361 3843.028 3835.695 3828.362 3821.475 3815.855 3810.235 3804.615 3798.995 3795.954 3793.968 3791.98 3789.993 3788.488 3789.523 3790.557 3791.592 3792.626 3796.764 3802.896 3809.028 3815.16 3821.568 3832.479 3843.39 3854.301 3865.212 3873.361 3878.827 3884.294 3889.76 3895.227 3895.299 3895.126 3894.953
3899.536 3899.502 3899.469 3899.435 3899.401 3899.387 3899.387 3899.387 3899.387 3899.387 3899.387 3899.387 3899.387 3899.387 3899.237 3898.915 3898.593 3898.27 3897.948 3894.916 3891.627 3888.337 3885.048 3880.539 3873.884 3867.229 3860.574 3853.919 3846.762 3839.487 3832.213 3824.938 3818.164 3812.805 3807.447 3802.089 3796.73 3793.823 3791.916 3790.009 3788.102 3786.701 3787.965 3789.23 3790.494 3791.758 3795.934 3801.98 3808.026 3814.073 3820.388 3831.074 3841.761 3852.447 3863.134 3871.283 3876.969 3882.655 3888.34 3894.026 3894.593 3894.928 3895.262
