data/zism_data/00961_03_D.txt
ncols         224
nrows         224
[rows 29 to 57 of 224, columns 0 to 65 of 224]
719.4883 713.5308 707.5732 701.6157 695.6583 692.0654 689.9644 687.8635 685.7626 683.8369 685.7379 687.6389 689.5399 691.4409 691.8939 690.7431 689.5923 688.4415 687.2908 677.1533 666.0738 654.9943 643.9146 634.5955 628.7587 622.922 617.0853 611.2486 613.6046 618.4573 623.3101 628.1629 633.0818 638.2701 643.4584 648.6467 653.835 654.8048 653.273 651.7412 650.2094 648.7622 648.6798 648.5974 648.515 648.4326 653.0182 662.4808 671.9435 681.4061 690.8687 693.3135 695.1456 696.9777 698.8098 699.9329 699.7415 699.55 699.3586 699.1672 698.9008 698.6134 698.326 698.0386 697.725 697.3138
724.5519 717.7019 710.8519 704.0018 697.1519 692.7986 690.0208 687.2429 684.4651 681.895 683.8601 685.8253 687.7905 689.7556 690.7131 690.5546 690.3959 690.2374 690.0787 680.3109 669.5357 658.7606 647.9853 638.2037 630.3875 622.5713 614.7551 606.939 608.1071 612.0134 615.9197 619.826 623.9865 629.1824 634.3785 639.5745 644.7705 645.7114 644.129 642.5466 640.9641 639.4872 639.7119 639.9366 640.1614 640.3862 645.7886 656.6005 667.4125 678.2244 689.0363 691.9365 694.1459 696.3553 698.5647 699.9244 699.7087 699.4929 699.2772 699.0614 698.8317 698.5981 698.3646 698.131 697.9308 697.855
734.5098 726.7034 718.8969 711.0904 703.2839 697.6106 693.2832 688.9558 684.6284 680.5531 681.9839 683.4148 684.8456 686.2764 687.3892 688.1497 688.9101 689.6706 690.431 681.795 672.174 662.553 652.9319 643.5545 634.659 625.7634 616.8679 607.9724 607.9424 610.6144 613.2863 615.9583 618.9518 623.2556 627.5593 631.8629 636.1666 636.8726 635.4451 634.0176 632.5901 631.3203 632.5923 633.8643 635.1364 636.4084 642.6439 654.0649 665.4861 676.9071 688.3282 691.4099 693.7636 696.1173 698.4709 699.9319 699.7375 699.5432 699.3488 699.1544 698.8501 698.515 698.1799 697.8448 697.4538 696.8542
744.468 735.705 726.942 718.1791 709.4162 702.4227 696.5457 690.6686 684.7916 679.2112 680.1077 681.0042 681.9007 682.7972 684.0652 685.7447 687.4243 689.1038 690.7833 683.2792 674.8124 666.3455 657.8786 648.9055 638.9305 628.9556 618.9807 609.0057 607.7776 609.2153 610.653 612.0906 613.9172 617.3285 620.7399 624.1512 627.5625 628.0336 626.761 625.4885 624.216 623.1532 625.4726 627.7919 630.1113 632.4306 639.4991 651.5293 663.5596 675.5898 687.6201 690.8834 693.3813 695.8793 698.3773 699.9394 699.7664 699.5934 699.4203 699.2474 698.8685 698.4319 697.9952 697.5587 696.9767 695.8535
754.4261 744.7067 734.9872 725.2678 715.5484 707.2347 699.8081 692.3815 684.9548 677.8694 678.2315 678.5936 678.9558 679.3179 680.7411 683.3398 685.9384 688.537 691.1356 684.7634 677.4507 670.1381 662.8253 654.2564 643.2021 632.1477 621.0934 610.0392 607.613 607.8162 608.0195 608.2228 608.8825 611.4015 613.9205 616.4395 618.9584 619.1946 618.077 616.9594 615.8419 614.9861 618.3528 621.7195 625.0861 628.4528 636.3543 648.9937 661.6332 674.2725 686.9119 690.3568 692.9991 695.6413 698.2835 699.9469 699.7952 699.6436 699.492 699.3403 698.8868 698.3487 697.8106 697.2725 696.4996 694.8528
764.3842 753.7083 743.0323 732.3564 721.6806 712.0468 703.0706 694.0944 685.1181 676.5275 676.3553 676.1831 676.0109 675.8387 677.4172 680.9348 684.4525 687.9702 691.4879 686.2475 680.0891 673.9306 667.772 659.6073 647.4737 635.3399 623.2062 611.0726 607.4482 606.4172 605.3862 604.3551 603.8478 605.4745 607.1011 608.7277 610.3543 610.3555 609.3929 608.4304 607.4677 606.8191 611.2331 615.6471 620.061 624.475 633.2096 646.4581 659.7067 672.9552 686.2037 689.8303 692.6168 695.4033 698.1898 699.9543 699.8241 699.6938 699.5636 699.4333 698.9052 698.2656 697.6259 696.9863 696.0225 693.8521
771.0674 759.8542 748.6409 737.4276 726.2144 715.662 705.5267 695.3915 685.2562 675.517 674.4263 673.3355 672.2448 671.154 672.5803 676.7949 681.0093 685.2239 689.4384 685.6335 680.9881 676.3426 671.697 664.338 651.6107 638.8834 626.1561 613.4289 608.8901 606.847 604.804 602.7608 601.332 602.406 603.48 604.554 605.6279 605.6184 604.9664 604.3143 603.6622 603.3519 608.5529 613.7538 618.9548 624.1558 633.2968 646.5544 659.8121 673.0696 686.3272 689.9295 692.6888 695.4481 698.2075 699.963 699.8572 699.7515 699.6459 699.5402 699.0026 698.3439 697.6853 697.0267 695.9627 693.3892
775.5143 764.0499 752.5854 741.121 729.6566 718.4599 707.4323 696.4047 685.377 674.7328 672.4611 670.1895 667.9178 665.6461 666.7104 671.47 676.2295 680.989 685.7486 683.5867 680.6992 677.8118 674.9243 668.645 655.6559 642.6667 629.6777 616.6886 611.4293 608.5259 605.6225 602.7191 600.5363 601.2897 602.0431 602.7964 603.5498 603.6826 603.4473 603.212 602.9767 603.0945 608.9047 614.7147 620.5248 626.335 635.5913 648.4481 661.305 674.1618 687.0186 690.4561 693.0711 695.6861 698.3012 699.9724 699.8933 699.8143 699.7354 699.6564 699.1539 698.5327 697.9114 697.2902 696.1878 693.2937
779.9611 768.2455 756.5299 744.8144 733.0988 721.2578 709.3378 697.4178 685.4977 673.9485 670.496 667.0434 663.5908 660.1382 660.8405 666.145 671.4496 676.7542 682.0588 681.5399 680.4104 679.2809 678.1515 672.952 659.7011 646.4501 633.1992 619.9483 613.9685 610.2048 606.4411 602.6773 599.7407 600.1734 600.6061 601.0389 601.4716 601.7467 601.9282 602.1097 602.2913 602.837 609.2563 615.6756 622.0949 628.5142 637.8857 650.3418 662.798 675.254 687.71 690.9826 693.4534 695.9241 698.3949 699.9817 699.9294 699.8771 699.8249 699.7726 699.3052 698.7213 698.1375 697.5537 696.413 693.1982
784.4079 772.4412 760.4744 748.5078 736.5411 724.0557 711.2433 698.431 685.6185 673.1644 668.5308 663.8973 659.2638 654.6302 654.9705 660.8201 666.6698 672.5194 678.369 679.493 680.1216 680.7502 681.3787 677.2591 663.7463 650.2335 636.7208 623.208 616.5077 611.8837 607.2596 602.6356 598.9449 599.0571 599.1693 599.2814 599.3935 599.8109 600.4092 601.0075 601.6058 602.5796 609.6081 616.6365 623.6649 630.6934 640.1802 652.2355 664.2909 676.3462 688.4014 691.5092 693.8356 696.1621 698.4886 699.991 699.9655 699.9399 699.9144 699.8889 699.4565 698.91 698.3636 697.8172 696.6381 693.1027
788.5897 776.3683 764.1469 751.9256 739.7043 726.5811 712.8889 699.1967 685.5043 672.1591 666.3876 660.6161 654.8447 649.0732 649.0803 655.4879 661.8956 668.3033 674.7109 677.4537 679.8121 682.1706 684.5291 681.4804 667.7351 653.9897 640.2444 626.4991 619.0842 613.5988 608.1132 602.6277 598.184 597.9843 597.7847 597.585 597.3853 597.9457 598.9569 599.9681 600.9792 602.3774 610.0148 617.6522 625.2895 632.9269 642.5231 654.1657 665.8085 677.4512 689.0938 692.0357 694.2179 696.4001 698.5823 700.0 700.0 700.0 700.0 700.0 699.605 699.0992 698.5934 698.0877 696.8785 693.0494
786.9422 774.3896 761.8369 749.2843 736.7317 723.11 708.814 694.5181 680.2219 666.2908 660.3271 654.3632 648.3995 642.4356 642.7421 649.994 657.246 664.4979 671.7498 675.5786 679.0485 682.5183 685.9882 683.8159 670.4821 657.1481 643.8143 630.4804 622.4818 616.1093 609.7368 603.3643 598.1852 597.868 597.5508 597.2336 596.9164 597.6376 598.9747 600.3119 601.649 603.3892 611.6305 619.8716 628.1128 636.354 645.9294 656.8988 667.8683 678.8377 689.8071 692.5622 694.6002 696.6381 698.6761 700.0 700.0 700.0 700.0 700.0 699.6926 699.2991 698.9055 698.512 697.4545 693.9247
785.2947 772.4108 759.5268 746.6429 733.759 719.639 704.7391 689.8394 674.9395 660.4225 654.2664 648.1102 641.9541 635.7979 636.4039 644.5 652.5963 660.6924 668.7886 673.7035 678.2848 682.8661 687.4474 686.1516 673.2291 660.3066 647.3842 634.4618 625.8795 618.62 611.3605 604.1009 598.1864 597.7516 597.3169 596.8821 596.4474 597.3295 598.9926 600.6556 602.3187 604.4011 613.2462 622.0911 630.9361 639.7811 649.3358 659.6319 669.9282 680.2243 690.5204 693.0887 694.9824 696.8761 698.7698 700.0 700.0 700.0 700.0 700.0 699.7803 699.4989 699.2176 698.9362 698.0306 694.8
783.6472 770.432 757.2167 744.0015 730.7863 716.1679 700.6642 685.1606 669.6569 654.5543 648.2057 641.8572 635.5087 629.1602 630.0656 639.006 647.9465 656.887 665.8275 671.8284 677.5211 683.2139 688.9066 688.4871 675.9761 663.4651 650.9541 638.4432 629.2771 621.1306 612.9841 604.8375 598.1877 597.6354 597.0831 596.5308 595.9785 597.0214 599.0104 600.9995 602.9885 605.4131 614.8619 624.3107 633.7594 643.2083 652.7422 662.3651 671.988 681.6108 691.2337 693.6153 695.3647 697.1141 698.8635 700.0 700.0 700.0 700.0 700.0 699.8679 699.6988 699.5297 699.3605 698.6067 695.6754
781.9997 768.4532 754.9066 741.3601 727.8137 712.6968 696.5894 680.482 664.3744 648.686 642.1451 635.6042 629.0634 622.5225 623.7274 633.512 643.2968 653.0815 662.8662 669.9533 676.7574 683.5616 690.3658 690.8227 678.7232 666.6236 654.524 642.4246 632.6748 623.6412 614.6077 605.5741 598.1889 597.519 596.8492 596.1793 595.5095 596.7133 599.0283 601.3432 603.6582 606.425 616.4776 626.5302 636.5828 646.6354 656.1486 665.0981 674.0478 682.9974 691.947 694.1418 695.747 697.3521 698.9573 700.0 700.0 700.0 700.0 700.0 699.9556 699.8986 699.8417 699.7848 699.1827 696.5507
777.4955 763.5888 749.6819 735.7752 721.8685 706.5504 690.342 674.1337 657.9252 642.1801 636.5475 630.9148 625.2822 619.6495 621.6174 632.0041 642.3909 652.7776 663.1644 670.5447 677.6099 684.675 691.7402 692.5582 681.0175 669.4768 657.9362 646.3956 636.2034 626.4225 616.6415 606.8604 598.8187 597.8627 596.9068 595.9509 594.9949 596.1944 598.6721 601.1497 603.6274 606.5533 616.7068 626.8604 637.0138 647.1674 656.5818 665.2241 673.8665 682.5088 691.1511 693.4574 695.2105 696.9636 698.7167 699.8667 699.8983 699.9299 699.9615 699.9931 700.0 700.0 700.0 700.0 699.4583 696.899
770.0507 755.7539 741.457 727.1602 712.8633 697.6499 681.8584 666.0668 650.2751 635.0179 631.4265 627.835 624.2436 620.6521 623.86 634.5994 645.3389 656.0783 666.8177 673.6754 680.126 686.5767 693.0274 693.6758 682.8458 672.0157 661.1858 650.3558 639.867 629.4822 619.0974 608.7125 600.0954 598.6799 597.2645 595.849 594.4335 595.4586 597.9309 600.4032 602.8755 605.772 615.5089 625.2455 634.9822 644.719 653.9544 662.6662 671.3781 680.0898 688.8016 691.5262 693.7282 695.9302 698.1321 699.5962 699.6919 699.7876 699.8833 699.9791 700.0 700.0 700.0 700.0 699.4243 696.7047
762.6059 747.919 733.232 718.5451 703.8582 688.7495 673.3747 657.9999 642.6251 627.8557 626.3055 624.7552 623.205 621.6547 626.1027 637.1948 648.2869 659.379 670.4711 676.806 682.6422 688.4783 694.3145 694.7933 684.6741 674.5547 664.4354 654.3162 643.5305 632.5419 621.5533 610.5646 601.3721 599.4971 597.6221 595.7471 593.8721 594.7227 597.1897 599.6567 602.1237 604.9908 614.3108 623.6307 632.9506 642.2706 651.327 660.1083 668.8896 677.6708 686.4521 689.5952 692.246 694.8968 697.5476 699.3256 699.4855 699.6453 699.8052 699.965 700.0 700.0 700.0 700.0 699.3904 696.5105
755.1611 740.0841 725.007 709.9301 694.8531 679.849 664.891 649.933 634.9749 620.6935 621.1845 621.6754 622.1664 622.6573 628.3454 639.7901 651.235 662.6797 674.1245 679.9366 685.1583 690.3799 695.6017 695.9109 686.5024 677.0937 667.6851 658.2765 647.1941 635.6017 624.0093 612.4167 602.6489 600.3143 597.9798 595.6453 593.3107 593.9869 596.4485 598.9102 601.3718 604.2096 613.1128 622.0159 630.919 639.8222 648.6996 657.5504 666.4012 675.2519 684.1025 687.664 690.7637 693.8633 696.963 699.0551 699.2791 699.5031 699.727 699.9509 700.0 700.0 700.0 700.0 699.3564 696.3163
747.7162 732.2493 716.782 701.3151 685.848 670.9485 656.4073 641.8661 627.3248 613.5314 616.0635 618.5956 621.1278 623.66 630.5881 642.3854 654.183 665.9803 677.7778 683.0673 687.6744 692.2816 696.8888 697.0286 688.3306 679.6326 670.9348 662.2368 650.8576 638.6614 626.4652 614.2689 603.9257 601.1315 598.3375 595.5434 592.7493 593.251 595.7073 598.1636 600.6199 603.4283 611.9147 620.4011 628.8874 637.3738 646.0723 654.9925 663.9127 672.8329 681.7531 685.7329 689.2814 692.8299 696.3784 698.7846 699.0727 699.3608 699.6489 699.9369 700.0 700.0 700.0 700.0 699.3225 696.122
739.3982 724.0495 708.7007 693.352 678.0033 663.973 650.7748 637.5766 624.3783 611.9321 615.9064 619.8808 623.8552 627.8295 635.3318 646.7419 658.1521 669.5622 680.9723 685.6097 689.5369 693.4641 697.3914 697.2505 689.062 680.8733 672.6847 664.4961 652.9351 640.3466 627.7579 615.1692 604.4332 601.2451 598.0569 594.8687 591.6805 592.0638 594.5651 597.0663 599.5676 602.4047 610.6555 618.9063 627.157 635.4078 644.0323 653.0471 662.062 671.0767 680.0916 684.3668 688.2283 692.0897 695.9512 698.5778 698.9149 699.252 699.5891 699.9262 699.8702 699.7042 699.538 699.3719 698.4209 694.5466
731.0262 715.8271 700.6279 685.4289 670.2298 657.1158 645.3176 633.5194 621.7211 610.6752 616.0549 621.4346 626.8142 632.194 640.2294 651.2067 662.1841 673.1614 684.1387 688.1159 691.3591 694.6024 697.8457 697.4174 689.7258 682.0341 674.3424 666.6508 654.9151 641.9471 628.9791 616.011 604.8936 601.3153 597.737 594.1588 590.5804 590.8488 593.3981 595.9475 598.4969 601.3661 609.3925 617.4188 625.4451 633.4716 642.0283 651.1393 660.2504 669.3613 678.4724 683.0355 687.2015 691.3675 695.5336 698.3749 698.7601 699.1453 699.5305 699.9156 699.7325 699.3901 699.0476 698.7052 697.4658 692.8862
722.6543 707.6049 692.5552 677.5058 662.4564 650.2586 639.8604 629.4622 619.0639 609.4182 616.2032 622.9883 629.7733 636.5584 645.1271 655.6716 666.2161 676.7606 687.3051 690.6221 693.1814 695.7407 698.3 697.5842 690.3896 683.1948 676.0001 668.8054 656.8951 643.5477 630.2003 616.8528 605.3538 601.3855 597.4171 593.4488 589.4805 589.6337 592.2311 594.8286 597.4261 600.3275 608.1295 615.9313 623.7332 631.5352 640.0244 649.2316 658.4388 667.6459 676.8531 681.7041 686.1747 690.6453 695.1159 698.172 698.6053 699.0386 699.4719 699.9051 699.5948 699.076 698.5573 698.0385 696.5107 691.2258
714.2823 699.3825 684.4825 669.5827 654.6829 643.4014 634.4032 625.405 616.4067 608.1613 616.3516 624.5421 632.7324 640.9229 650.0248 660.1364 670.2482 680.3598 690.4714 693.1284 695.0037 696.879 698.7543 697.7511 691.0533 684.3556 677.6578 670.9601 658.8751 645.1483 631.4215 617.6946 605.8141 601.4557 597.0972 592.7388 588.3804 588.4186 591.0642 593.7097 596.3553 599.2889 606.8664 614.4439 622.0214 629.5989 638.0204 647.3238 656.6272 665.9305 675.2339 680.3727 685.1479 689.9231 694.6983 697.9691 698.4505 698.9318 699.4132 699.8946 699.4571 698.762 698.0668 697.3717 695.5557 689.5654
706.4454 691.9565 677.4675 662.9787 648.4899 638.2194 630.6107 623.002 615.3933 608.5209 617.7234 626.9261 636.1288 645.3315 654.6797 664.1891 673.6987 683.2081 692.7176 694.8837 696.28 697.6763 699.0726 697.8962 691.6306 685.3649 679.0993 672.8337 660.5588 646.4526 632.3465 618.2402 605.9638 601.1422 596.3204 591.4987 586.6771 586.5428 589.1884 591.8339 594.4795 597.4109 604.9522 612.4935 620.0347 627.576 636.0925 645.6279 655.1635 664.6989 674.2344 679.5623 684.5229 689.4835 694.4441 697.8456 698.3563 698.8669 699.3776 699.8882 699.2655 698.325 697.3845 696.4441 694.2177 687.2021
699.4407 685.7693 672.0979 658.4266 644.7553 635.6431 629.4077 623.1723 616.9369 611.3951 620.9985 630.6019 640.2053 649.8088 658.9568 667.6006 676.2446 684.8884 693.5322 695.4711 696.7071 697.9431 699.179 698.0074 692.0731 686.1387 680.2044 674.2701 661.7818 647.2963 632.8107 618.3251 605.6303 600.2316 594.8328 589.434 584.0352 583.6392 586.21 588.7807 591.3514 594.2274 602.0252 609.8229 617.6206 625.4184 634.2829 644.2618 654.2408 664.2198 674.1987 679.5623 684.5229 689.4835 694.4441 697.8456 698.3563 698.8669 699.3776 699.8882 698.9901 697.6969 696.4037 695.1107 692.2838 683.7454
692.436 679.5822 666.7283 653.8746 641.0208 633.0669 628.2048 623.3426 618.4804 614.2693 624.2735 634.2776 644.2818 654.286 663.234 671.0122 678.7905 686.5687 694.3469 696.0585 697.1342 698.2098 699.2855 698.1187 692.5156 686.9126 681.3095 675.7065 663.0048 648.1399 633.275 618.4099 605.2969 599.321 593.3451 587.3692 581.3934 580.7355 583.2315 585.7274 588.2234 591.0439 599.0981 607.1523 615.2065 623.2608 632.4732 642.8957 653.3182 663.7407 674.1631 679.5623 684.5229 689.4835 694.4441 697.8456 698.3563 698.8669 699.3776 699.8882 698.7146 697.0688 695.423 693.7772 690.35 680.2888
685.4312 673.395 661.3587 649.3224 637.2863 630.4907 627.0018 623.5129 620.024 617.1436 627.5485 637.9534 648.3583 658.7632 667.5112 674.4238 681.3364 688.2489 695.1615 696.6459 697.5613 698.4766 699.392 698.2299 692.9582 687.6864 682.4147 677.1429 664.2278 648.9835 633.7393 618.4948 604.9634 598.4104 591.8574 585.3044 578.7515 577.8319 580.2531 582.6742 585.0953 587.8604 596.1711 604.4818 612.7925 621.1032 630.6636 641.5295 652.3956 663.2615 674.1275 679.5623 684.5229 689.4835 694.4441 697.8456 698.3563 698.8669 699.3776 699.8882 698.4391 696.4407 694.4422 692.4438 688.4162 676.832
678.4265 667.2078 655.9891 644.7704 633.5517 627.9144 625.7988 623.6832 621.5676 620.0178 630.8235 641.6292 652.4348 663.2405 671.7884 677.8353 683.8823 689.9292 695.9761 697.2333 697.9883 698.7434 699.4985 698.3411 693.4007 688.4602 683.5198 678.5793 665.4509 649.8271 634.2035 618.5797 604.6299 597.4999 590.3698 583.2397 576.1097 574.9283 577.2746 579.6209 581.9673 584.6768 593.2441 601.8112 610.3784 618.9456 628.8539 640.1634 651.473 662.7825 674.0919 679.5623 684.5229 689.4835 694.4441 697.8456 698.3563 698.8669 699.3776 699.8882 698.1638 695.8126 693.4614 691.1104 686.4824 673.3754
