data/zism_data/00967_01_D.txt
ncols         224
nrows         224
[rows 116 to 144 of 224, columns 0 to 63 of 224]
1157.879 1157.912 1157.937 1157.961 1157.986 1158.062 1158.209 1158.356 1158.503 1158.651 1158.732 1158.806 1158.879 1158.953 1159.02 1159.075 1159.13 1159.185 1159.24 1159.387 1159.553 1159.719 1159.885 1160.004 1160.016 1160.028 1160.04 1160.053 1160.089 1160.131 1160.174 1160.217 1160.249 1160.249 1160.249 1160.249 1160.249 1160.249 1160.249 1160.249 1160.249 1160.246 1160.227 1160.209 1160.191 1160.172 1160.142 1160.105 1160.069 1160.032 1159.976 1159.792 1159.608 1159.424 1159.24 1159.144 1159.107 1159.071 1159.034 1158.985 1158.783 1158.58 1158.378 1158.176
1157.976 1157.99 1157.993 1157.995 1157.998 1158.062 1158.209 1158.356 1158.503 1158.651 1158.732 1158.806 1158.879 1158.953 1159.002 1159.009 1159.015 1159.021 1159.028 1159.208 1159.422 1159.636 1159.851 1160.0 1160.002 1160.003 1160.005 1160.006 1160.01 1160.015 1160.02 1160.025 1160.029 1160.029 1160.029 1160.029 1160.029 1160.029 1160.029 1160.029 1160.029 1160.028 1160.026 1160.024 1160.022 1160.02 1160.016 1160.012 1160.008 1160.004 1159.972 1159.755 1159.539 1159.322 1159.105 1159.017 1159.012 1159.008 1159.004 1158.984 1158.766 1158.547 1158.328 1158.109
1157.989 1158.0 1158.0 1158.0 1158.0 1158.062 1158.209 1158.356 1158.503 1158.651 1158.732 1158.806 1158.879 1158.953 1159.0 1159.0 1159.0 1159.0 1159.0 1159.157 1159.344 1159.532 1159.72 1159.861 1159.894 1159.927 1159.96 1159.993 1160.0 1160.0 1160.0 1160.0 1160.0 1160.0 1160.0 1160.0 1160.0 1160.0 1160.0 1160.0 1160.0 1160.0 1160.0 1160.0 1160.0 1160.0 1159.975 1159.938 1159.9 1159.862 1159.806 1159.623 1159.439 1159.256 1159.073 1158.983 1158.955 1158.927 1158.898 1158.858 1158.666 1158.473 1158.281 1158.088
1157.989 1158.0 1158.0 1158.0 1158.0 1158.062 1158.209 1158.356 1158.503 1158.651 1158.732 1158.806 1158.879 1158.953 1159.0 1159.0 1159.0 1159.0 1159.0 1159.125 1159.275 1159.425 1159.575 1159.701 1159.772 1159.843 1159.913 1159.984 1160.0 1160.0 1160.0 1160.0 1160.0 1160.0 1160.0 1160.0 1160.0 1160.0 1160.0 1160.0 1160.0 1160.0 1160.0 1160.0 1160.0 1160.0 1159.947 1159.866 1159.785 1159.704 1159.615 1159.475 1159.336 1159.196 1159.056 1158.964 1158.903 1158.842 1158.781 1158.714 1158.553 1158.393 1158.233 1158.073
1157.989 1158.0 1158.0 1158.0 1158.0 1158.062 1158.209 1158.356 1158.503 1158.651 1158.732 1158.806 1158.879 1158.953 1159.0 1159.0 1159.0 1159.0 1159.0 1159.094 1159.206 1159.318 1159.43 1159.541 1159.65 1159.758 1159.867 1159.976 1160.0 1160.0 1160.0 1160.0 1160.0 1160.0 1160.0 1160.0 1160.0 1160.0 1160.0 1160.0 1160.0 1160.0 1160.0 1160.0 1160.0 1160.0 1159.918 1159.794 1159.67 1159.546 1159.425 1159.328 1159.232 1159.135 1159.039 1158.944 1158.851 1158.758 1158.665 1158.569 1158.441 1158.314 1158.186 1158.058
1157.989 1158.0 1158.0 1158.0 1158.0 1158.062 1158.209 1158.356 1158.503 1158.651 1158.732 1158.806 1158.879 1158.953 1159.0 1159.0 1159.0 1159.0 1159.0 1159.062 1159.136 1159.21 1159.285 1159.381 1159.528 1159.674 1159.821 1159.967 1160.0 1160.0 1160.0 1160.0 1160.0 1160.0 1160.0 1160.0 1160.0 1160.0 1160.0 1160.0 1160.0 1160.0 1160.0 1160.0 1160.0 1160.0 1159.89 1159.722 1159.555 1159.387 1159.235 1159.181 1159.128 1159.075 1159.021 1158.924 1158.799 1158.673 1158.548 1158.424 1158.329 1158.234 1158.139 1158.043
1157.989 1158.0 1158.0 1158.0 1158.0 1158.057 1158.194 1158.33 1158.466 1158.603 1158.69 1158.771 1158.851 1158.932 1158.985 1158.989 1158.992 1158.996 1158.999 1159.038 1159.083 1159.129 1159.174 1159.255 1159.418 1159.581 1159.744 1159.906 1159.948 1159.956 1159.963 1159.97 1159.975 1159.975 1159.975 1159.975 1159.975 1159.975 1159.975 1159.975 1159.975 1159.974 1159.963 1159.952 1159.941 1159.93 1159.807 1159.625 1159.443 1159.261 1159.1 1159.075 1159.051 1159.026 1159.002 1158.901 1158.75 1158.599 1158.449 1158.304 1158.236 1158.167 1158.099 1158.031
1157.989 1158.0 1158.0 1158.0 1158.0 1158.044 1158.148 1158.252 1158.355 1158.459 1158.562 1158.664 1158.767 1158.869 1158.94 1158.954 1158.969 1158.983 1158.998 1159.029 1159.063 1159.098 1159.133 1159.198 1159.334 1159.47 1159.605 1159.741 1159.794 1159.823 1159.851 1159.88 1159.902 1159.902 1159.902 1159.902 1159.902 1159.902 1159.902 1159.902 1159.902 1159.894 1159.851 1159.807 1159.764 1159.721 1159.615 1159.476 1159.338 1159.199 1159.075 1159.051 1159.026 1159.002 1158.977 1158.87 1158.708 1158.547 1158.385 1158.232 1158.18 1158.128 1158.076 1158.024
1157.989 1158.0 1158.0 1158.0 1158.0 1158.03 1158.102 1158.173 1158.245 1158.316 1158.434 1158.558 1158.682 1158.807 1158.895 1158.92 1158.945 1158.971 1158.996 1159.02 1159.044 1159.068 1159.091 1159.141 1159.25 1159.358 1159.467 1159.576 1159.639 1159.69 1159.74 1159.791 1159.828 1159.828 1159.828 1159.828 1159.828 1159.828 1159.828 1159.828 1159.828 1159.814 1159.739 1159.663 1159.587 1159.511 1159.423 1159.328 1159.232 1159.137 1159.051 1159.026 1159.002 1158.977 1158.953 1158.839 1158.667 1158.494 1158.322 1158.159 1158.124 1158.088 1158.052 1158.016
1157.989 1158.0 1158.0 1158.0 1158.0 1158.016 1158.055 1158.094 1158.134 1158.172 1158.307 1158.452 1158.598 1158.744 1158.85 1158.886 1158.922 1158.958 1158.994 1159.011 1159.024 1159.037 1159.05 1159.084 1159.165 1159.247 1159.329 1159.41 1159.484 1159.557 1159.629 1159.701 1159.755 1159.755 1159.755 1159.755 1159.755 1159.755 1159.755 1159.755 1159.755 1159.735 1159.626 1159.518 1159.41 1159.302 1159.231 1159.179 1159.127 1159.075 1159.026 1159.002 1158.977 1158.953 1158.928 1158.808 1158.625 1158.442 1158.258 1158.087 1158.068 1158.048 1158.028 1158.009
1157.989 1158.0 1158.0 1158.0 1158.0 1158.003 1158.009 1158.016 1158.022 1158.029 1158.179 1158.346 1158.514 1158.681 1158.805 1158.852 1158.898 1158.945 1158.992 1159.002 1159.004 1159.006 1159.008 1159.026 1159.081 1159.136 1159.19 1159.245 1159.33 1159.423 1159.517 1159.611 1159.682 1159.682 1159.682 1159.682 1159.682 1159.682 1159.682 1159.682 1159.682 1159.655 1159.514 1159.374 1159.233 1159.093 1159.039 1159.03 1159.021 1159.013 1159.002 1158.977 1158.953 1158.928 1158.904 1158.777 1158.583 1158.389 1158.195 1158.015 1158.011 1158.008 1158.005 1158.001
1157.873 1157.907 1157.933 1157.959 1157.985 1158.0 1158.0 1158.0 1158.0 1158.0 1158.126 1158.268 1158.409 1158.551 1158.67 1158.749 1158.828 1158.908 1158.987 1159.0 1159.0 1159.0 1159.0 1159.012 1159.053 1159.093 1159.134 1159.174 1159.246 1159.327 1159.408 1159.489 1159.549 1159.549 1159.549 1159.549 1159.549 1159.549 1159.549 1159.549 1159.549 1159.527 1159.405 1159.284 1159.163 1159.041 1159.0 1159.0 1159.0 1159.0 1158.992 1158.933 1158.874 1158.815 1158.756 1158.635 1158.474 1158.312 1158.15 1158.0 1158.0 1158.0 1158.0 1158.0
1157.728 1157.791 1157.85 1157.908 1157.966 1158.0 1158.0 1158.0 1158.0 1158.0 1158.092 1158.196 1158.3 1158.404 1158.512 1158.629 1158.746 1158.863 1158.98 1159.0 1159.0 1159.0 1159.0 1159.009 1159.039 1159.068 1159.098 1159.128 1159.18 1159.239 1159.299 1159.358 1159.403 1159.403 1159.403 1159.403 1159.403 1159.403 1159.403 1159.403 1159.403 1159.386 1159.297 1159.208 1159.119 1159.03 1159.0 1159.0 1159.0 1159.0 1158.987 1158.884 1158.782 1158.68 1158.578 1158.465 1158.347 1158.228 1158.11 1158.0 1158.0 1158.0 1158.0 1158.0
1157.582 1157.675 1157.766 1157.857 1157.947 1158.0 1158.0 1158.0 1158.0 1158.0 1158.059 1158.125 1158.19 1158.256 1158.354 1158.509 1158.664 1158.819 1158.974 1159.0 1159.0 1159.0 1159.0 1159.006 1159.025 1159.043 1159.062 1159.081 1159.114 1159.152 1159.19 1159.227 1159.256 1159.256 1159.256 1159.256 1159.256 1159.256 1159.256 1159.256 1159.256 1159.245 1159.188 1159.132 1159.076 1159.019 1159.0 1159.0 1159.0 1159.0 1158.981 1158.835 1158.69 1158.544 1158.399 1158.296 1158.22 1158.145 1158.07 1158.0 1158.0 1158.0 1158.0 1158.0
1157.437 1157.559 1157.682 1157.805 1157.929 1158.0 1158.0 1158.0 1158.0 1158.0 1158.025 1158.053 1158.081 1158.109 1158.197 1158.389 1158.582 1158.775 1158.968 1159.0 1159.0 1159.0 1159.0 1159.002 1159.01 1159.018 1159.026 1159.034 1159.049 1159.065 1159.081 1159.097 1159.109 1159.109 1159.109 1159.109 1159.109 1159.109 1159.109 1159.109 1159.109 1159.104 1159.08 1159.056 1159.032 1159.008 1159.0 1159.0 1159.0 1159.0 1158.975 1158.786 1158.598 1158.409 1158.22 1158.126 1158.094 1158.062 1158.03 1158.0 1158.0 1158.0 1158.0 1158.0
1157.311 1157.45 1157.593 1157.736 1157.879 1157.965 1157.974 1157.982 1157.991 1157.999 1158.0 1158.0 1158.0 1158.0 1158.075 1158.283 1158.492 1158.7 1158.908 1158.945 1158.948 1158.95 1158.953 1158.956 1158.957 1158.958 1158.96 1158.961 1158.962 1158.962 1158.962 1158.962 1158.962 1158.962 1158.962 1158.962 1158.962 1158.962 1158.962 1158.962 1158.962 1158.962 1158.962 1158.962 1158.962 1158.962 1158.959 1158.955 1158.95 1158.946 1158.915 1158.707 1158.499 1158.291 1158.083 1158.0 1158.0 1158.0 1158.0 1157.999 1157.988 1157.977 1157.965 1157.954
1157.238 1157.361 1157.488 1157.615 1157.741 1157.832 1157.873 1157.914 1157.955 1157.996 1158.0 1158.0 1158.0 1158.0 1158.058 1158.217 1158.377 1158.536 1158.695 1158.733 1158.747 1158.761 1158.774 1158.786 1158.793 1158.8 1158.806 1158.813 1158.815 1158.815 1158.815 1158.815 1158.815 1158.815 1158.815 1158.815 1158.815 1158.815 1158.815 1158.815 1158.815 1158.815 1158.815 1158.815 1158.815 1158.815 1158.801 1158.781 1158.76 1158.74 1158.701 1158.542 1158.382 1158.223 1158.064 1158.0 1158.0 1158.0 1158.0 1157.996 1157.942 1157.887 1157.832 1157.778
1157.165 1157.272 1157.383 1157.493 1157.604 1157.699 1157.772 1157.845 1157.919 1157.992 1158.0 1158.0 1158.0 1158.0 1158.04 1158.151 1158.262 1158.372 1158.483 1158.522 1158.546 1158.571 1158.595 1158.616 1158.628 1158.641 1158.653 1158.665 1158.668 1158.668 1158.668 1158.668 1158.668 1158.668 1158.668 1158.668 1158.668 1158.668 1158.668 1158.668 1158.668 1158.668 1158.668 1158.668 1158.668 1158.668 1158.644 1158.607 1158.57 1158.533 1158.487 1158.376 1158.266 1158.155 1158.044 1158.0 1158.0 1158.0 1158.0 1157.993 1157.895 1157.797 1157.699 1157.602
1157.093 1157.183 1157.278 1157.372 1157.466 1157.565 1157.671 1157.777 1157.883 1157.989 1158.0 1158.0 1158.0 1158.0 1158.022 1158.085 1158.147 1158.209 1158.271 1158.311 1158.346 1158.381 1158.416 1158.446 1158.464 1158.482 1158.499 1158.517 1158.521 1158.521 1158.521 1158.521 1158.521 1158.521 1158.521 1158.521 1158.521 1158.521 1158.521 1158.521 1158.521 1158.521 1158.521 1158.521 1158.521 1158.521 1158.486 1158.433 1158.38 1158.327 1158.273 1158.211 1158.149 1158.087 1158.025 1158.0 1158.0 1158.0 1158.0 1157.99 1157.849 1157.708 1157.567 1157.425
1157.02 1157.094 1157.172 1157.25 1157.329 1157.432 1157.57 1157.708 1157.847 1157.985 1158.0 1158.0 1158.0 1158.0 1158.005 1158.018 1158.032 1158.045 1158.058 1158.099 1158.145 1158.191 1158.237 1158.276 1158.299 1158.323 1158.346 1158.369 1158.374 1158.374 1158.374 1158.374 1158.374 1158.374 1158.374 1158.374 1158.374 1158.374 1158.374 1158.374 1158.374 1158.374 1158.374 1158.374 1158.374 1158.374 1158.328 1158.259 1158.19 1158.121 1158.059 1158.046 1158.032 1158.019 1158.005 1158.0 1158.0 1158.0 1158.0 1157.987 1157.802 1157.618 1157.434 1157.249
1157.0 1157.059 1157.121 1157.182 1157.244 1157.339 1157.478 1157.617 1157.757 1157.896 1157.922 1157.933 1157.945 1157.957 1157.967 1157.975 1157.983 1157.991 1157.999 1158.034 1158.076 1158.117 1158.158 1158.193 1158.214 1158.234 1158.255 1158.276 1158.28 1158.28 1158.28 1158.28 1158.28 1158.28 1158.28 1158.28 1158.28 1158.28 1158.28 1158.28 1158.28 1158.28 1158.28 1158.28 1158.28 1158.28 1158.239 1158.177 1158.116 1158.054 1158.0 1157.996 1157.992 1157.988 1157.984 1157.963 1157.932 1157.901 1157.869 1157.828 1157.663 1157.498 1157.333 1157.169
1157.0 1157.043 1157.089 1157.135 1157.18 1157.261 1157.389 1157.518 1157.646 1157.775 1157.814 1157.842 1157.87 1157.898 1157.922 1157.941 1157.96 1157.978 1157.997 1158.025 1158.056 1158.086 1158.117 1158.142 1158.158 1158.173 1158.188 1158.203 1158.207 1158.207 1158.207 1158.207 1158.207 1158.207 1158.207 1158.207 1158.207 1158.207 1158.207 1158.207 1158.207 1158.207 1158.207 1158.207 1158.207 1158.207 1158.177 1158.131 1158.085 1158.04 1157.999 1157.99 1157.98 1157.971 1157.961 1157.913 1157.838 1157.764 1157.689 1157.611 1157.489 1157.368 1157.246 1157.124
1157.0 1157.028 1157.057 1157.087 1157.116 1157.183 1157.3 1157.418 1157.536 1157.654 1157.706 1157.75 1157.794 1157.838 1157.877 1157.907 1157.936 1157.966 1157.995 1158.016 1158.036 1158.056 1158.075 1158.092 1158.102 1158.111 1158.121 1158.131 1158.133 1158.133 1158.133 1158.133 1158.133 1158.133 1158.133 1158.133 1158.133 1158.133 1158.133 1158.133 1158.133 1158.133 1158.133 1158.133 1158.133 1158.133 1158.114 1158.084 1158.055 1158.026 1157.998 1157.983 1157.969 1157.954 1157.939 1157.862 1157.745 1157.627 1157.509 1157.394 1157.315 1157.237 1157.159 1157.08
1157.0 1157.012 1157.026 1157.039 1157.052 1157.105 1157.212 1157.318 1157.425 1157.532 1157.598 1157.658 1157.719 1157.779 1157.832 1157.872 1157.913 1157.953 1157.993 1158.007 1158.016 1158.025 1158.034 1158.041 1158.046 1158.05 1158.054 1158.059 1158.06 1158.06 1158.06 1158.06 1158.06 1158.06 1158.06 1158.06 1158.06 1158.06 1158.06 1158.06 1158.06 1158.06 1158.06 1158.06 1158.06 1158.06 1158.051 1158.038 1158.025 1158.011 1157.997 1157.977 1157.957 1157.937 1157.917 1157.812 1157.651 1157.49 1157.328 1157.176 1157.141 1157.106 1157.071 1157.036
1157.0 1157.0 1157.0 1157.0 1157.0 1157.04 1157.134 1157.228 1157.322 1157.416 1157.489 1157.559 1157.63 1157.701 1157.763 1157.81 1157.857 1157.904 1157.951 1157.958 1157.958 1157.958 1157.958 1157.958 1157.958 1157.958 1157.958 1157.958 1157.958 1157.958 1157.958 1157.958 1157.958 1157.958 1157.958 1157.958 1157.958 1157.958 1157.958 1157.958 1157.958 1157.958 1157.958 1157.958 1157.958 1157.958 1157.958 1157.958 1157.958 1157.958 1157.955 1157.932 1157.908 1157.885 1157.861 1157.739 1157.551 1157.363 1157.174 1157.0 1156.993 1156.987 1156.981 1156.975
1156.997 1157.0 1157.0 1157.0 1157.0 1157.03 1157.103 1157.175 1157.248 1157.32 1157.376 1157.431 1157.485 1157.539 1157.587 1157.623 1157.66 1157.696 1157.732 1157.738 1157.738 1157.738 1157.738 1157.738 1157.738 1157.738 1157.738 1157.738 1157.738 1157.738 1157.738 1157.738 1157.738 1157.738 1157.738 1157.738 1157.738 1157.738 1157.738 1157.738 1157.738 1157.738 1157.738 1157.738 1157.738 1157.738 1157.738 1157.738 1157.738 1157.738 1157.736 1157.718 1157.699 1157.681 1157.663 1157.569 1157.424 1157.279 1157.134 1156.997 1156.959 1156.92 1156.881 1156.843
1156.995 1157.0 1157.0 1157.0 1157.0 1157.021 1157.072 1157.123 1157.174 1157.224 1157.264 1157.302 1157.34 1157.378 1157.412 1157.437 1157.463 1157.488 1157.513 1157.518 1157.518 1157.518 1157.518 1157.518 1157.518 1157.518 1157.518 1157.518 1157.518 1157.518 1157.518 1157.518 1157.518 1157.518 1157.518 1157.518 1157.518 1157.518 1157.518 1157.518 1157.518 1157.518 1157.518 1157.518 1157.518 1157.518 1157.518 1157.518 1157.518 1157.518 1157.516 1157.503 1157.49 1157.478 1157.465 1157.399 1157.297 1157.196 1157.094 1156.995 1156.924 1156.853 1156.782 1156.711
1156.992 1157.0 1157.0 1157.0 1157.0 1157.012 1157.041 1157.071 1157.1 1157.129 1157.152 1157.173 1157.195 1157.217 1157.236 1157.251 1157.266 1157.28 1157.295 1157.297 1157.297 1157.297 1157.297 1157.297 1157.297 1157.297 1157.297 1157.297 1157.297 1157.297 1157.297 1157.297 1157.297 1157.297 1157.297 1157.297 1157.297 1157.297 1157.297 1157.297 1157.297 1157.297 1157.297 1157.297 1157.297 1157.297 1157.297 1157.297 1157.297 1157.297 1157.296 1157.289 1157.282 1157.274 1157.267 1157.229 1157.171 1157.112 1157.054 1156.993 1156.889 1156.786 1156.682 1156.579
1156.99 1157.0 1157.0 1157.0 1157.0 1157.003 1157.011 1157.018 1157.026 1157.033 1157.039 1157.045 1157.05 1157.056 1157.061 1157.065 1157.068 1157.072 1157.076 1157.077 1157.077 1157.077 1157.077 1157.077 1157.077 1157.077 1157.077 1157.077 1157.077 1157.077 1157.077 1157.077 1157.077 1157.077 1157.077 1157.077 1157.077 1157.077 1157.077 1157.077 1157.077 1157.077 1157.077 1157.077 1157.077 1157.077 1157.077 1157.077 1157.077 1157.077 1157.076 1157.075 1157.073 1157.071 1157.069 1157.059 1157.044 1157.029 1157.014 1156.99 1156.854 1156.718 1156.582 1156.447
