data/zism_data/00979_04_D.txt
ncols         224
nrows         224
[rows 140 to 167 of 224, columns 126 to 188 of 224]
1082.608 1079.661 1076.714 1073.767 1070.053 1065.401 1060.748 1056.095 1051.442 1045.863 1040.196 1034.529 1028.862 1024.727 1023.128 1021.528 1019.928 1018.328 1017.732 1017.327 1016.921 1016.516 1015.66 1013.776 1011.891 1010.007 1008.122 1005.085 1001.699 998.3134 994.9276 990.7349 983.8682 977.0018 970.1351 963.2687 955.8547 948.2007 940.5471 932.8932 925.9449 922.7166 919.4883 916.2599 913.0317 911.8332 911.8619 911.8907 911.9196 911.8533 910.7892 909.7251 908.6609 907.5969 906.6627 905.8347 905.0065 904.1785 903.358 903.0536 902.7493 902.445 902.1407
1080.807 1077.373 1073.94 1070.507 1066.278 1061.075 1055.871 1050.668 1045.465 1039.734 1033.954 1028.173 1022.392 1018.299 1016.996 1015.693 1014.391 1013.088 1012.725 1012.541 1012.357 1012.173 1011.596 1010.122 1008.648 1007.174 1005.7 1002.974 999.8685 996.7637 993.6587 989.6678 982.7418 975.816 968.89 961.9641 954.5508 946.9238 939.2971 931.6702 924.8445 922.2426 919.6407 917.0387 914.4368 913.6425 913.9413 914.2401 914.5388 914.6998 913.4143 912.1288 910.8433 909.5579 908.6046 907.9222 907.24 906.5577 905.8759 905.226 904.576 903.9261 903.2762
1079.005 1075.086 1071.167 1067.247 1062.504 1056.75 1050.995 1045.241 1039.487 1033.605 1027.711 1021.817 1015.923 1011.871 1010.865 1009.859 1008.854 1007.848 1007.719 1007.756 1007.793 1007.83 1007.533 1006.469 1005.405 1004.342 1003.278 1000.862 998.038 995.2139 992.3898 988.6008 981.6154 974.6302 967.6447 960.6595 953.2468 945.6469 938.0472 930.4472 923.7441 921.7685 919.793 917.8174 915.8419 915.4519 916.0206 916.5894 917.1581 917.5463 916.0394 914.5326 913.0257 911.5189 910.5464 910.0099 909.4734 908.9369 908.3937 907.3983 906.4028 905.4073 904.4118
1077.203 1072.798 1068.393 1063.988 1058.729 1052.424 1046.119 1039.814 1033.509 1027.476 1021.468 1015.461 1009.454 1005.443 1004.734 1004.025 1003.316 1002.608 1002.712 1002.971 1003.229 1003.488 1003.469 1002.816 1002.162 1001.509 1000.856 998.7509 996.2075 993.6642 991.1208 987.5338 980.489 973.4443 966.3995 959.3549 951.9429 944.3699 936.7972 929.2242 922.6437 921.2944 919.9453 918.5961 917.247 917.2613 918.1 918.9387 919.7773 920.3928 918.6646 916.9363 915.2081 913.4799 912.4882 912.0975 911.7068 911.3161 910.9116 909.5706 908.2295 906.8884 905.5474
1079.546 1075.204 1070.862 1066.52 1061.467 1055.542 1049.616 1043.691 1037.766 1031.861 1025.958 1020.055 1014.152 1009.933 1008.5 1007.067 1005.634 1004.201 1003.689 1003.352 1003.016 1002.679 1002.199 1001.393 1000.587 999.7817 998.976 996.8527 994.3314 991.8102 989.2889 985.8608 979.4283 972.996 966.5635 960.1313 953.8243 947.5719 941.3197 935.0673 929.8275 929.9263 930.0251 930.1239 930.2227 931.0413 932.2952 933.5491 934.803 935.7519 933.4982 931.2445 928.9907 926.7371 925.1946 924.2325 923.2704 922.3084 921.3295 919.2072 917.0848 914.9625 912.84
1082.675 1078.5 1074.326 1070.151 1065.44 1060.071 1054.702 1049.333 1043.963 1038.24 1032.483 1026.726 1020.969 1016.495 1014.144 1011.793 1009.442 1007.091 1005.802 1004.714 1003.627 1002.539 1001.459 1000.394 999.3289 998.264 997.1991 994.9949 992.4466 989.8984 987.3501 984.0728 978.3801 972.6876 966.9949 961.3024 956.3098 951.6233 946.937 942.2504 938.5825 940.2852 941.9877 943.6903 945.3929 947.0918 948.7885 950.4851 952.1818 953.4841 950.6473 947.8105 944.9736 942.1367 939.9427 938.2733 936.6038 934.9343 933.2457 930.2595 927.2731 924.2869 921.3005
1085.804 1081.797 1077.789 1073.782 1069.413 1064.6 1059.787 1054.974 1050.161 1044.619 1039.008 1033.397 1027.785 1023.057 1019.788 1016.518 1013.25 1009.98 1007.914 1006.076 1004.238 1002.4 1000.718 999.3944 998.0703 996.7463 995.4222 993.1371 990.5618 987.9866 985.4114 982.2849 977.3319 972.3792 967.4262 962.4734 958.7953 955.6747 952.5541 949.4335 947.3375 950.644 953.9503 957.2567 960.563 963.1423 965.2816 967.4211 969.5604 971.2164 967.7964 964.3765 960.9564 957.5364 954.6908 952.314 949.937 947.5602 945.1619 941.3117 937.4614 933.6113 929.7609
1088.932 1085.093 1081.253 1077.413 1073.386 1069.129 1064.872 1060.616 1056.359 1050.998 1045.533 1040.067 1034.602 1029.618 1025.431 1021.244 1017.057 1012.87 1010.027 1007.438 1004.849 1002.261 999.9783 998.395 996.8118 995.2285 993.6453 991.2794 988.6771 986.0749 983.4726 980.4969 976.2838 972.0707 967.8575 963.6445 961.2808 959.7261 958.1714 956.6167 956.0926 961.0028 965.9129 970.8232 975.7333 979.1927 981.7748 984.3571 986.9391 988.9486 984.9456 980.9424 976.9392 972.9361 969.4389 966.3547 963.2703 960.1861 957.0781 952.364 947.6498 942.9357 938.2214
1092.562 1089.185 1085.808 1082.432 1078.898 1075.171 1071.444 1067.717 1063.99 1058.722 1053.307 1047.892 1042.477 1037.23 1032.261 1027.293 1022.324 1017.356 1013.71 1010.315 1006.92 1003.525 1000.571 998.6248 996.6788 994.7328 992.7869 990.3401 987.7421 985.1441 982.5461 979.7528 976.3123 972.8718 969.4313 965.9908 964.7835 964.5531 964.3227 964.0923 964.8626 970.9099 976.957 983.0043 989.0515 993.1528 996.0775 999.0022 1001.927 1004.246 1000.212 996.1782 992.1439 988.1098 984.2399 980.5042 976.7683 973.0326 969.2709 963.7603 958.2495 952.7389 947.228
1097.334 1095.097 1092.859 1090.622 1087.927 1084.67 1081.412 1078.155 1074.898 1069.518 1063.935 1058.353 1052.771 1047.242 1041.804 1036.365 1030.927 1025.489 1020.983 1016.654 1012.325 1007.995 1004.209 1001.664 999.1187 996.5734 994.0281 991.5004 988.978 986.4556 983.9332 981.3945 978.8018 976.209 973.6162 971.0235 970.6112 971.153 971.6947 972.2364 973.6669 979.7844 985.9017 992.0192 998.1365 1002.335 1005.373 1008.411 1011.449 1013.979 1011.176 1008.373 1005.57 1002.767 999.1619 994.9024 990.6428 986.3833 982.0962 975.9431 969.7897 963.6365 957.4832
1102.106 1101.008 1099.911 1098.813 1096.956 1094.168 1091.381 1088.593 1085.806 1080.313 1074.564 1068.814 1063.064 1057.255 1051.347 1045.438 1039.53 1033.622 1028.256 1022.993 1017.73 1012.466 1007.848 1004.703 1001.559 998.414 995.2693 992.6608 990.2139 987.7672 985.3203 983.0363 981.2912 979.5462 977.8011 976.0561 976.439 977.7528 979.0667 980.3805 982.4713 988.6589 994.8464 1001.034 1007.222 1011.517 1014.669 1017.82 1020.972 1023.712 1022.14 1020.568 1018.996 1017.424 1014.084 1009.301 1004.517 999.734 994.9214 988.1257 981.3298 974.5342 967.7383
1106.878 1106.92 1106.961 1107.003 1105.984 1103.667 1101.349 1099.031 1096.714 1091.109 1085.192 1079.275 1073.358 1067.267 1060.889 1054.511 1048.133 1041.755 1035.529 1029.332 1023.134 1016.937 1011.487 1007.743 1003.999 1000.255 996.5106 993.8211 991.4498 989.0787 986.7075 984.678 983.7807 982.8834 981.986 981.0887 982.2667 984.3527 986.4386 988.5247 991.2756 997.5334 1003.791 1010.049 1016.307 1020.699 1023.964 1027.229 1030.494 1033.445 1033.104 1032.764 1032.423 1032.082 1029.006 1023.699 1018.392 1013.085 1007.747 1000.308 992.87 985.4318 977.9933
1111.651 1112.832 1114.012 1115.193 1115.013 1113.165 1111.317 1109.469 1107.621 1101.905 1095.821 1089.736 1083.651 1077.279 1070.432 1063.584 1056.736 1049.888 1042.802 1035.671 1028.539 1021.408 1015.125 1010.782 1006.438 1002.095 997.7518 994.9814 992.6858 990.3902 988.0946 986.3198 986.2702 986.2206 986.171 986.1213 988.0944 990.9526 993.8106 996.6688 1000.08 1006.408 1012.736 1019.064 1025.392 1029.882 1033.26 1036.638 1040.016 1043.178 1044.069 1044.959 1045.849 1046.739 1043.928 1038.097 1032.266 1026.435 1020.572 1012.491 1004.41 996.3295 988.2485
1123.193 1124.804 1126.416 1128.026 1127.996 1125.954 1123.912 1121.871 1119.829 1113.723 1107.231 1100.738 1094.246 1087.413 1080.016 1072.62 1065.224 1057.827 1050.168 1042.459 1034.751 1027.042 1020.171 1015.216 1010.261 1005.306 1000.351 997.6525 995.6357 993.619 991.6022 990.2055 990.8626 991.5197 992.1768 992.8339 995.1437 998.1768 1001.21 1004.243 1007.769 1013.898 1020.026 1026.155 1032.283 1036.782 1040.294 1043.807 1047.319 1050.656 1052.155 1053.655 1055.154 1056.653 1054.24 1048.636 1043.032 1037.429 1031.781 1023.178 1014.575 1005.972 997.3687
1136.78 1138.607 1140.434 1142.261 1142.173 1139.737 1137.301 1134.865 1132.429 1125.85 1118.877 1111.904 1104.931 1097.583 1089.614 1081.645 1073.677 1065.708 1057.563 1049.384 1041.206 1033.027 1025.642 1020.071 1014.501 1008.93 1003.359 1000.78 999.1031 997.4266 995.75 994.7686 996.0898 997.4111 998.7323 1000.054 1002.562 1005.589 1008.617 1011.645 1015.122 1020.97 1026.817 1032.665 1038.513 1042.993 1046.646 1050.298 1053.951 1057.453 1059.374 1061.294 1063.214 1065.135 1063.161 1058.011 1052.86 1047.71 1042.503 1033.414 1024.325 1015.236 1006.146
1150.367 1152.41 1154.453 1156.496 1156.349 1153.519 1150.689 1147.859 1145.029 1137.977 1130.523 1123.07 1115.616 1107.753 1099.212 1090.67 1082.129 1073.588 1064.957 1056.308 1047.66 1039.012 1031.113 1024.927 1018.74 1012.554 1006.368 1003.907 1002.57 1001.234 999.8977 999.3316 1001.317 1003.302 1005.288 1007.273 1009.98 1013.002 1016.024 1019.046 1022.474 1028.041 1033.608 1039.175 1044.742 1049.204 1052.997 1056.79 1060.583 1064.25 1066.592 1068.933 1071.275 1073.616 1072.082 1067.385 1062.688 1057.992 1053.224 1043.649 1034.074 1024.499 1014.924
1163.953 1166.212 1168.471 1170.73 1170.526 1167.301 1164.077 1160.853 1157.628 1150.104 1142.17 1134.235 1126.301 1117.923 1108.809 1099.696 1090.582 1081.469 1072.351 1063.233 1054.115 1044.997 1036.584 1029.782 1022.98 1016.178 1009.376 1007.034 1006.038 1005.042 1004.045 1003.895 1006.544 1009.194 1011.843 1014.493 1017.398 1020.415 1023.431 1026.448 1029.827 1035.113 1040.399 1045.686 1050.972 1055.415 1059.348 1063.282 1067.216 1071.047 1073.81 1076.573 1079.336 1082.098 1081.003 1076.76 1072.516 1068.273 1063.946 1053.885 1043.824 1033.763 1023.702
1177.475 1179.706 1181.937 1184.168 1183.762 1180.123 1176.485 1172.846 1169.208 1161.334 1153.057 1144.78 1136.503 1127.705 1118.044 1108.383 1098.722 1089.061 1079.47 1069.892 1060.314 1050.736 1041.887 1034.704 1027.521 1020.338 1013.154 1011.042 1010.459 1009.877 1009.295 1009.587 1012.773 1015.959 1019.145 1022.331 1025.327 1028.241 1031.155 1034.069 1037.319 1042.343 1047.367 1052.391 1057.415 1061.745 1065.653 1069.562 1073.471 1077.282 1080.077 1082.871 1085.666 1088.46 1087.45 1083.337 1079.223 1075.109 1070.903 1060.454 1050.004 1039.555 1029.106
1190.784 1192.178 1193.572 1194.965 1193.882 1189.763 1185.644 1181.525 1177.406 1169.594 1161.431 1153.267 1145.104 1136.201 1126.076 1115.95 1105.825 1095.7 1085.676 1075.671 1065.667 1055.662 1046.637 1039.848 1033.059 1026.27 1019.48 1017.965 1018.042 1018.118 1018.195 1019.019 1022.318 1025.618 1028.917 1032.216 1034.951 1037.438 1039.925 1042.412 1045.272 1050.097 1054.921 1059.745 1064.57 1068.467 1071.803 1075.139 1078.476 1081.656 1083.192 1084.728 1086.265 1087.801 1085.705 1080.646 1075.588 1070.529 1065.391 1054.877 1044.362 1033.849 1023.334
1204.092 1204.649 1205.206 1205.763 1204.003 1199.404 1194.804 1190.204 1185.605 1177.854 1169.804 1161.754 1153.704 1144.697 1134.107 1123.517 1112.928 1102.338 1091.882 1081.451 1071.02 1060.589 1051.386 1044.991 1038.596 1032.202 1025.807 1024.889 1025.624 1026.359 1027.095 1028.451 1031.864 1035.277 1038.689 1042.102 1044.574 1046.635 1048.696 1050.756 1053.226 1057.85 1062.475 1067.099 1071.724 1075.189 1077.953 1080.717 1083.481 1086.029 1086.307 1086.585 1086.863 1087.142 1083.96 1077.956 1071.952 1065.949 1059.878 1049.3 1038.721 1028.142 1017.563
1217.401 1217.121 1216.841 1216.561 1214.124 1209.044 1203.963 1198.883 1193.803 1186.115 1178.178 1170.241 1162.304 1153.193 1142.139 1131.085 1120.031 1108.976 1098.088 1087.23 1076.373 1065.515 1056.135 1050.135 1044.134 1038.133 1032.133 1031.812 1033.206 1034.601 1035.995 1037.883 1041.41 1044.936 1048.462 1051.988 1054.198 1055.832 1057.466 1059.1 1061.179 1065.604 1070.028 1074.453 1078.878 1081.911 1084.103 1086.294 1088.486 1090.402 1089.422 1088.442 1087.462 1086.482 1082.215 1075.266 1068.317 1061.369 1054.366 1043.723 1033.079 1022.435 1011.791
1230.709 1229.592 1228.475 1227.358 1224.245 1218.684 1213.123 1207.562 1202.002 1194.375 1186.552 1178.728 1170.905 1161.689 1150.171 1138.652 1127.134 1115.615 1104.294 1093.009 1081.725 1070.441 1060.885 1055.278 1049.672 1044.065 1038.459 1038.736 1040.789 1042.842 1044.895 1047.316 1050.955 1054.595 1058.234 1061.874 1063.821 1065.029 1066.236 1067.444 1069.132 1073.357 1077.582 1081.807 1086.032 1088.633 1090.252 1091.872 1093.491 1094.775 1092.537 1090.299 1088.061 1085.823 1080.47 1072.576 1064.682 1056.789 1048.854 1038.146 1027.437 1016.729 1006.02
1241.73 1240.118 1238.506 1236.894 1233.241 1227.087 1220.933 1214.779 1208.625 1200.621 1192.442 1184.262 1176.083 1166.596 1154.948 1143.299 1131.651 1120.002 1108.595 1097.233 1085.872 1074.511 1065.152 1060.372 1055.591 1050.811 1046.031 1046.95 1049.591 1052.231 1054.872 1057.775 1061.551 1065.326 1069.101 1072.877 1074.713 1075.7 1076.688 1077.676 1079.117 1082.95 1086.784 1090.617 1094.451 1096.517 1097.516 1098.514 1099.512 1100.138 1096.864 1093.589 1090.315 1087.041 1080.619 1071.63 1062.641 1053.652 1044.645 1034.477 1024.308 1014.14 1003.971
1251.75 1249.793 1247.835 1245.877 1241.745 1234.949 1228.152 1221.356 1214.559 1205.987 1197.246 1188.505 1179.764 1169.933 1158.301 1146.669 1135.036 1123.404 1112.063 1100.777 1089.492 1078.205 1069.209 1065.443 1061.678 1057.913 1054.147 1055.73 1058.926 1062.123 1065.32 1068.684 1072.605 1076.526 1080.448 1084.369 1086.159 1087.017 1087.875 1088.733 1089.99 1093.348 1096.706 1100.065 1103.423 1104.91 1105.266 1105.621 1105.977 1105.935 1101.721 1097.507 1093.293 1089.079 1081.596 1071.446 1061.296 1051.146 1041.008 1031.644 1022.28 1012.916 1003.552
1261.771 1259.467 1257.164 1254.861 1250.25 1242.811 1235.372 1227.933 1220.494 1211.353 1202.05 1192.748 1183.445 1173.271 1161.655 1150.038 1138.422 1126.806 1115.531 1104.321 1093.111 1081.9 1073.265 1070.515 1067.765 1065.014 1062.264 1064.509 1068.262 1072.015 1075.768 1079.593 1083.66 1087.727 1091.794 1095.861 1097.605 1098.334 1099.062 1099.791 1100.863 1103.746 1106.629 1109.512 1112.395 1113.303 1113.016 1112.729 1112.442 1111.732 1106.578 1101.425 1096.272 1091.118 1082.574 1071.263 1059.952 1048.641 1037.37 1028.81 1020.251 1011.692 1003.132
1271.791 1269.142 1266.493 1263.844 1258.754 1250.673 1242.591 1234.509 1226.428 1216.719 1206.855 1196.99 1187.126 1176.608 1165.008 1153.408 1141.808 1130.208 1119.0 1107.865 1096.73 1085.595 1077.322 1075.586 1073.851 1072.116 1070.381 1073.288 1077.597 1081.906 1086.215 1090.502 1094.715 1098.928 1103.14 1107.353 1109.052 1109.651 1110.249 1110.848 1111.735 1114.143 1116.552 1118.96 1121.368 1121.696 1120.766 1119.837 1118.907 1117.528 1111.436 1105.343 1099.25 1093.157 1083.551 1071.079 1058.607 1046.135 1033.732 1025.977 1018.222 1010.467 1002.712
1281.514 1278.53 1275.547 1272.564 1266.994 1258.255 1249.515 1240.775 1232.036 1221.726 1211.268 1200.809 1190.351 1179.469 1167.887 1156.305 1144.724 1133.141 1122.138 1111.244 1100.35 1089.456 1081.671 1080.991 1080.31 1079.63 1078.949 1082.5 1087.328 1092.156 1096.985 1101.697 1106.024 1110.352 1114.679 1119.007 1120.653 1121.125 1121.598 1122.071 1122.768 1124.649 1126.53 1128.412 1130.293 1130.013 1128.428 1126.842 1125.256 1123.203 1116.25 1109.297 1102.344 1095.391 1084.918 1071.573 1058.229 1044.884 1031.633 1024.742 1017.85 1010.958 1004.066
1289.668 1286.41 1283.151 1279.892 1273.839 1264.359 1254.88 1245.4 1235.921 1224.848 1213.622 1202.397 1191.172 1179.822 1168.268 1156.712 1145.158 1133.602 1123.538 1113.757 1103.975 1094.194 1087.567 1088.15 1088.733 1089.316 1089.899 1093.992 1099.144 1104.296 1109.448 1114.398 1118.677 1122.956 1127.235 1131.514 1133.07 1133.435 1133.799 1134.164 1134.643 1135.725 1136.807 1137.889 1138.971 1137.936 1135.621 1133.307 1130.992 1128.235 1120.839 1113.443 1106.047 1098.652 1088.336 1075.64 1062.943 1050.247 1037.651 1031.932 1026.211 1020.491 1014.771
