data/zism_data/00978_03_D.txt
ncols         224
nrows         224
[rows 60 to 89 of 224, columns 0 to 66 of 224]
1080.0 1080.0 1080.0 1080.0 1080.0 1080.0 1080.0 1080.0 1080.0 1080.0 1080.0 1080.0 1080.0 1080.03 1080.177 1080.324 1080.471 1080.618 1080.716 1080.789 1080.863 1080.936 1081.018 1081.155 1081.292 1081.428 1081.565 1081.667 1081.746 1081.825 1081.903 1081.98 1082.031 1082.081 1082.132 1082.183 1082.29 1082.45 1082.61 1082.769 1082.929 1082.946 1082.961 1082.977 1082.992 1083.099 1083.319 1083.54 1083.76 1083.981 1084.0 1084.0 1084.0 1084.0 1084.083 1084.303 1084.524 1084.744 1084.965 1085.185 1085.406 1085.626 1085.847 1086.0 1086.0 1086.0 1086.0
1080.0 1080.0 1080.0 1080.0 1080.0 1080.0 1080.0 1080.0 1080.0 1080.0 1080.0 1080.0 1080.0 1080.03 1080.177 1080.324 1080.471 1080.618 1080.716 1080.789 1080.863 1080.936 1081.014 1081.118 1081.223 1081.328 1081.432 1081.531 1081.626 1081.72 1081.815 1081.907 1081.963 1082.019 1082.075 1082.131 1082.222 1082.344 1082.466 1082.589 1082.711 1082.775 1082.838 1082.902 1082.965 1083.099 1083.319 1083.54 1083.76 1083.981 1084.0 1084.0 1084.0 1084.0 1084.083 1084.303 1084.524 1084.744 1084.965 1085.185 1085.406 1085.626 1085.847 1086.0 1086.0 1086.0 1086.0
1080.0 1080.0 1080.0 1080.0 1080.0 1080.0 1080.0 1080.0 1080.0 1080.0 1080.0 1080.0 1080.0 1080.03 1080.177 1080.324 1080.471 1080.618 1080.716 1080.789 1080.863 1080.936 1081.01 1081.082 1081.155 1081.227 1081.3 1081.395 1081.505 1081.616 1081.727 1081.835 1081.896 1081.958 1082.019 1082.08 1082.154 1082.238 1082.323 1082.408 1082.492 1082.604 1082.715 1082.827 1082.938 1083.099 1083.319 1083.54 1083.76 1083.981 1084.0 1084.0 1084.0 1084.0 1084.083 1084.303 1084.524 1084.744 1084.965 1085.185 1085.406 1085.626 1085.847 1086.0 1086.0 1086.0 1086.0
1080.0 1080.0 1080.0 1080.0 1080.0 1080.0 1080.0 1080.0 1080.0 1080.0 1080.0 1080.0 1080.0 1080.03 1080.177 1080.324 1080.471 1080.618 1080.716 1080.789 1080.863 1080.936 1081.005 1081.046 1081.086 1081.126 1081.167 1081.259 1081.385 1081.512 1081.639 1081.762 1081.829 1081.896 1081.962 1082.029 1082.086 1082.133 1082.18 1082.227 1082.274 1082.432 1082.592 1082.752 1082.912 1083.099 1083.319 1083.54 1083.76 1083.981 1084.0 1084.0 1084.0 1084.0 1084.083 1084.303 1084.524 1084.744 1084.965 1085.185 1085.406 1085.626 1085.847 1086.0 1086.0 1086.0 1086.0
1080.0 1080.0 1080.0 1080.0 1080.0 1080.0 1080.0 1080.0 1080.0 1080.0 1080.0 1080.0 1080.0 1080.03 1080.177 1080.324 1080.471 1080.618 1080.716 1080.789 1080.863 1080.936 1081.001 1081.009 1081.017 1081.026 1081.034 1081.122 1081.265 1081.408 1081.551 1081.689 1081.762 1081.834 1081.906 1081.978 1082.017 1082.027 1082.037 1082.046 1082.056 1082.261 1082.469 1082.677 1082.885 1083.099 1083.319 1083.54 1083.76 1083.981 1084.0 1084.0 1084.0 1084.0 1084.083 1084.303 1084.524 1084.744 1084.965 1085.185 1085.406 1085.626 1085.847 1086.0 1086.0 1086.0 1086.0
1080.0 1080.0 1080.0 1080.0 1080.0 1080.0 1080.0 1080.0 1080.0 1080.0 1080.0 1080.0 1080.0 1080.025 1080.148 1080.271 1080.394 1080.517 1080.623 1080.72 1080.818 1080.915 1081.0 1081.0 1081.0 1081.0 1081.0 1081.073 1081.196 1081.319 1081.442 1081.563 1081.644 1081.726 1081.807 1081.889 1081.936 1081.952 1081.968 1081.984 1082.0 1082.209 1082.422 1082.634 1082.847 1083.059 1083.272 1083.484 1083.697 1083.909 1083.942 1083.958 1083.974 1083.99 1084.083 1084.303 1084.524 1084.744 1084.965 1085.185 1085.406 1085.626 1085.847 1086.0 1086.0 1086.0 1086.0
1080.0 1080.0 1080.0 1080.0 1080.0 1080.0 1080.0 1080.0 1080.0 1080.0 1080.0 1080.0 1080.0 1080.018 1080.109 1080.2 1080.291 1080.382 1080.499 1080.628 1080.758 1080.887 1081.0 1081.0 1081.0 1081.0 1081.0 1081.054 1081.145 1081.236 1081.327 1081.417 1081.51 1081.602 1081.694 1081.786 1081.85 1081.887 1081.925 1081.962 1082.0 1082.199 1082.401 1082.602 1082.804 1083.006 1083.208 1083.409 1083.611 1083.813 1083.865 1083.902 1083.939 1083.977 1084.083 1084.303 1084.524 1084.744 1084.965 1085.185 1085.406 1085.626 1085.847 1086.0 1086.0 1086.0 1086.0
1080.0 1080.0 1080.0 1080.0 1080.0 1080.0 1080.0 1080.0 1080.0 1080.0 1080.0 1080.0 1080.0 1080.012 1080.071 1080.129 1080.188 1080.247 1080.374 1080.536 1080.698 1080.859 1081.0 1081.0 1081.0 1081.0 1081.0 1081.035 1081.094 1081.152 1081.211 1081.272 1081.375 1081.478 1081.581 1081.684 1081.764 1081.823 1081.881 1081.94 1081.999 1082.188 1082.379 1082.57 1082.761 1082.952 1083.143 1083.334 1083.525 1083.716 1083.787 1083.846 1083.904 1083.963 1084.083 1084.303 1084.524 1084.744 1084.965 1085.185 1085.406 1085.626 1085.847 1086.0 1086.0 1086.0 1086.0
1080.0 1080.0 1080.0 1080.0 1080.0 1080.0 1080.0 1080.0 1080.0 1080.0 1080.0 1080.0 1080.0 1080.005 1080.032 1080.058 1080.085 1080.111 1080.25 1080.443 1080.637 1080.831 1081.0 1081.0 1081.0 1081.0 1081.0 1081.016 1081.042 1081.069 1081.095 1081.127 1081.241 1081.354 1081.468 1081.581 1081.678 1081.758 1081.838 1081.919 1081.999 1082.178 1082.358 1082.538 1082.719 1082.899 1083.079 1083.26 1083.44 1083.62 1083.709 1083.789 1083.87 1083.95 1084.083 1084.303 1084.524 1084.744 1084.965 1085.185 1085.406 1085.626 1085.847 1086.0 1086.0 1086.0 1086.0
1080.0 1080.0 1080.0 1080.0 1080.0 1080.0 1080.0 1080.0 1080.0 1080.0 1080.0 1080.0 1080.0 1080.0 1080.0 1080.0 1080.0 1080.0 1080.141 1080.353 1080.565 1080.777 1080.962 1080.968 1080.974 1080.979 1080.985 1080.988 1080.99 1080.992 1080.994 1081.003 1081.121 1081.24 1081.359 1081.477 1081.586 1081.686 1081.786 1081.886 1081.986 1082.156 1082.328 1082.499 1082.671 1082.842 1083.014 1083.185 1083.356 1083.528 1083.635 1083.736 1083.836 1083.937 1084.083 1084.302 1084.522 1084.741 1084.961 1085.182 1085.403 1085.625 1085.846 1086.0 1086.0 1086.0 1086.0
1080.0 1080.0 1080.0 1080.0 1080.0 1080.0 1080.0 1080.0 1080.0 1080.0 1080.0 1080.0 1080.0 1080.0 1080.0 1080.0 1080.0 1080.0 1080.109 1080.273 1080.437 1080.6 1080.748 1080.786 1080.823 1080.861 1080.899 1080.922 1080.934 1080.947 1080.96 1080.977 1081.074 1081.172 1081.269 1081.366 1081.47 1081.581 1081.692 1081.802 1081.913 1082.083 1082.255 1082.426 1082.598 1082.769 1082.941 1083.112 1083.283 1083.455 1083.577 1083.693 1083.81 1083.927 1084.081 1084.295 1084.509 1084.723 1084.937 1085.162 1085.389 1085.615 1085.842 1086.0 1086.0 1086.0 1086.0
1080.0 1080.0 1080.0 1080.0 1080.0 1080.0 1080.0 1080.0 1080.0 1080.0 1080.0 1080.0 1080.0 1080.0 1080.0 1080.0 1080.0 1080.0 1080.077 1080.193 1080.308 1080.423 1080.533 1080.603 1080.673 1080.743 1080.813 1080.855 1080.879 1080.902 1080.925 1080.952 1081.027 1081.103 1081.179 1081.255 1081.354 1081.476 1081.597 1081.718 1081.84 1082.01 1082.182 1082.353 1082.525 1082.696 1082.868 1083.039 1083.21 1083.382 1083.518 1083.651 1083.784 1083.917 1084.079 1084.287 1084.496 1084.705 1084.914 1085.142 1085.374 1085.606 1085.839 1086.0 1086.0 1086.0 1086.0
1080.0 1080.0 1080.0 1080.0 1080.0 1080.0 1080.0 1080.0 1080.0 1080.0 1080.0 1080.0 1080.0 1080.0 1080.0 1080.0 1080.0 1080.0 1080.045 1080.112 1080.179 1080.247 1080.318 1080.421 1080.523 1080.625 1080.727 1080.789 1080.823 1080.857 1080.891 1080.926 1080.98 1081.035 1081.089 1081.143 1081.238 1081.37 1081.502 1081.634 1081.766 1081.937 1082.109 1082.28 1082.452 1082.623 1082.795 1082.966 1083.138 1083.309 1083.46 1083.609 1083.758 1083.907 1084.077 1084.28 1084.484 1084.687 1084.89 1085.122 1085.36 1085.597 1085.835 1086.0 1086.0 1086.0 1086.0
1080.0 1080.0 1080.0 1080.0 1080.0 1080.0 1080.0 1080.0 1080.0 1080.0 1080.0 1080.0 1080.0 1080.0 1080.0 1080.0 1080.0 1080.0 1080.013 1080.032 1080.051 1080.07 1080.104 1080.238 1080.372 1080.507 1080.641 1080.722 1080.767 1080.812 1080.856 1080.9 1080.933 1080.966 1080.999 1081.032 1081.122 1081.265 1081.408 1081.551 1081.693 1081.864 1082.036 1082.207 1082.379 1082.55 1082.722 1082.893 1083.065 1083.236 1083.402 1083.567 1083.732 1083.897 1084.075 1084.273 1084.471 1084.669 1084.867 1085.103 1085.345 1085.588 1085.831 1086.0 1086.0 1086.0 1086.0
1079.891 1079.92 1079.95 1079.979 1080.0 1080.0 1080.0 1080.0 1080.0 1080.0 1080.0 1080.0 1080.0 1080.0 1080.0 1080.0 1080.0 1080.0 1080.0 1080.0 1080.0 1080.0 1080.017 1080.144 1080.272 1080.399 1080.526 1080.604 1080.646 1080.688 1080.731 1080.774 1080.824 1080.875 1080.925 1080.976 1081.067 1081.194 1081.321 1081.449 1081.576 1081.754 1081.932 1082.109 1082.287 1082.465 1082.643 1082.821 1082.999 1083.177 1083.355 1083.533 1083.711 1083.889 1084.075 1084.274 1084.474 1084.673 1084.872 1085.107 1085.349 1085.59 1085.832 1086.0 1086.0 1086.0 1086.0
1079.711 1079.789 1079.866 1079.944 1080.0 1080.0 1080.0 1080.0 1080.0 1080.0 1080.0 1080.0 1080.0 1080.0 1080.0 1080.0 1080.0 1080.0 1080.0 1080.0 1080.0 1080.0 1080.012 1080.108 1080.203 1080.298 1080.394 1080.451 1080.483 1080.515 1080.547 1080.582 1080.675 1080.769 1080.862 1080.955 1081.05 1081.145 1081.24 1081.336 1081.431 1081.618 1081.807 1081.996 1082.184 1082.373 1082.562 1082.75 1082.939 1083.128 1083.316 1083.505 1083.694 1083.882 1084.077 1084.282 1084.486 1084.691 1084.895 1085.127 1085.363 1085.599 1085.836 1086.0 1086.0 1086.0 1086.0
1079.532 1079.657 1079.783 1079.909 1080.0 1080.0 1080.0 1080.0 1080.0 1080.0 1080.0 1080.0 1080.0 1080.0 1080.0 1080.0 1080.0 1080.0 1080.0 1080.0 1080.0 1080.0 1080.008 1080.071 1080.135 1080.198 1080.261 1080.299 1080.32 1080.341 1080.362 1080.39 1080.526 1080.662 1080.799 1080.935 1081.033 1081.096 1081.159 1081.222 1081.286 1081.483 1081.682 1081.882 1082.081 1082.281 1082.48 1082.679 1082.879 1083.078 1083.278 1083.477 1083.676 1083.876 1084.079 1084.289 1084.499 1084.709 1084.919 1085.146 1085.377 1085.608 1085.839 1086.0 1086.0 1086.0 1086.0
1079.352 1079.526 1079.7 1079.874 1080.0 1080.0 1080.0 1080.0 1080.0 1080.0 1080.0 1080.0 1080.0 1080.0 1080.0 1080.0 1080.0 1080.0 1080.0 1080.0 1080.0 1080.0 1080.004 1080.035 1080.066 1080.097 1080.128 1080.147 1080.157 1080.167 1080.178 1080.198 1080.377 1080.556 1080.735 1080.914 1081.016 1081.047 1081.078 1081.109 1081.14 1081.348 1081.558 1081.768 1081.978 1082.188 1082.398 1082.608 1082.818 1083.029 1083.239 1083.449 1083.659 1083.869 1084.081 1084.296 1084.512 1084.727 1084.942 1085.166 1085.392 1085.617 1085.843 1086.0 1086.0 1086.0 1086.0
1079.178 1079.398 1079.618 1079.838 1079.998 1079.998 1079.999 1079.999 1080.0 1080.0 1080.0 1080.0 1080.0 1080.0 1080.0 1080.0 1080.0 1080.0 1080.0 1080.0 1080.0 1080.0 1080.0 1080.0 1080.0 1080.0 1080.0 1080.0 1080.0 1080.0 1080.0 1080.013 1080.231 1080.45 1080.669 1080.887 1080.992 1080.993 1080.994 1080.994 1080.995 1081.212 1081.432 1081.652 1081.872 1082.093 1082.315 1082.536 1082.758 1082.979 1083.201 1083.423 1083.645 1083.867 1084.089 1084.309 1084.53 1084.751 1084.972 1085.191 1085.41 1085.629 1085.848 1086.0 1086.0 1086.0 1086.0
1079.165 1079.369 1079.573 1079.777 1079.929 1079.946 1079.962 1079.979 1079.996 1080.0 1080.0 1080.0 1080.0 1080.0 1080.0 1080.0 1080.0 1080.0 1080.0 1080.0 1080.0 1080.0 1080.0 1080.0 1080.0 1080.0 1080.0 1080.0 1080.0 1080.0 1080.0 1080.01 1080.18 1080.351 1080.521 1080.692 1080.782 1080.799 1080.815 1080.832 1080.849 1081.061 1081.275 1081.49 1081.705 1081.935 1082.183 1082.432 1082.68 1082.928 1083.191 1083.456 1083.721 1083.986 1084.239 1084.47 1084.702 1084.933 1085.165 1085.35 1085.526 1085.702 1085.878 1086.0 1086.0 1086.0 1086.0
1079.152 1079.34 1079.528 1079.715 1079.86 1079.893 1079.926 1079.959 1079.991 1080.0 1080.0 1080.0 1080.0 1080.0 1080.0 1080.0 1080.0 1080.0 1080.0 1080.0 1080.0 1080.0 1080.0 1080.0 1080.0 1080.0 1080.0 1080.0 1080.0 1080.0 1080.0 1080.007 1080.129 1080.251 1080.374 1080.496 1080.571 1080.604 1080.637 1080.67 1080.702 1080.909 1081.119 1081.328 1081.538 1081.777 1082.052 1082.327 1082.602 1082.877 1083.182 1083.49 1083.797 1084.105 1084.388 1084.631 1084.873 1085.115 1085.358 1085.508 1085.641 1085.774 1085.907 1086.0 1086.0 1086.0 1086.0
1079.139 1079.311 1079.483 1079.654 1079.792 1079.841 1079.89 1079.938 1079.987 1080.0 1080.0 1080.0 1080.0 1080.0 1080.0 1080.0 1080.0 1080.0 1080.0 1080.0 1080.0 1080.0 1080.0 1080.0 1080.0 1080.0 1080.0 1080.0 1080.0 1080.0 1080.0 1080.004 1080.078 1080.152 1080.226 1080.3 1080.361 1080.41 1080.459 1080.507 1080.556 1080.758 1080.962 1081.167 1081.371 1081.619 1081.921 1082.222 1082.524 1082.826 1083.172 1083.523 1083.874 1084.224 1084.538 1084.791 1085.044 1085.297 1085.55 1085.667 1085.757 1085.847 1085.937 1086.0 1086.0 1086.0 1086.0
1079.126 1079.282 1079.437 1079.593 1079.723 1079.788 1079.853 1079.918 1079.983 1080.0 1080.0 1080.0 1080.0 1080.0 1080.0 1080.0 1080.0 1080.0 1080.0 1080.0 1080.0 1080.0 1080.0 1080.0 1080.0 1080.0 1080.0 1080.0 1080.0 1080.0 1080.0 1080.001 1080.027 1080.053 1080.079 1080.104 1080.151 1080.215 1080.28 1080.345 1080.41 1080.607 1080.806 1081.005 1081.203 1081.461 1081.789 1082.118 1082.447 1082.775 1083.163 1083.557 1083.95 1084.344 1084.688 1084.952 1085.216 1085.479 1085.743 1085.825 1085.872 1085.92 1085.967 1086.0 1086.0 1086.0 1086.0
1079.119 1079.266 1079.413 1079.56 1079.687 1079.76 1079.834 1079.907 1079.981 1080.0 1080.0 1080.0 1080.0 1080.0 1080.0 1080.0 1080.0 1080.0 1080.0 1080.0 1080.0 1080.0 1080.0 1080.0 1080.0 1080.0 1080.0 1080.0 1080.0 1080.0 1080.0 1080.0 1080.0 1080.0 1080.0 1080.0 1080.034 1080.1 1080.166 1080.232 1080.298 1080.483 1080.668 1080.854 1081.04 1081.303 1081.661 1082.019 1082.377 1082.735 1083.176 1083.625 1084.074 1084.523 1084.894 1085.136 1085.378 1085.62 1085.862 1085.919 1085.941 1085.963 1085.985 1086.0 1086.0 1086.0 1086.0
1079.119 1079.266 1079.413 1079.56 1079.687 1079.76 1079.834 1079.907 1079.981 1080.0 1080.0 1080.0 1080.0 1080.0 1080.0 1080.0 1080.0 1080.0 1080.0 1080.0 1080.0 1080.0 1080.0 1080.0 1080.0 1080.0 1080.0 1080.0 1080.0 1080.0 1080.0 1080.0 1080.0 1080.0 1080.0 1080.0 1080.026 1080.076 1080.126 1080.176 1080.226 1080.388 1080.553 1080.717 1080.882 1081.148 1081.538 1081.928 1082.318 1082.708 1083.216 1083.734 1084.253 1084.772 1085.164 1085.347 1085.53 1085.713 1085.895 1085.939 1085.955 1085.972 1085.988 1086.0 1086.0 1086.0 1086.0
1079.119 1079.266 1079.413 1079.56 1079.687 1079.76 1079.834 1079.907 1079.981 1080.0 1080.0 1080.0 1080.0 1080.0 1080.0 1080.0 1080.0 1080.0 1080.0 1080.0 1080.0 1080.0 1080.0 1080.0 1080.0 1080.0 1080.0 1080.0 1080.0 1080.0 1080.0 1080.0 1080.0 1080.0 1080.0 1080.0 1080.018 1080.051 1080.085 1080.119 1080.153 1080.294 1080.437 1080.58 1080.724 1080.992 1081.414 1081.837 1082.259 1082.681 1083.255 1083.843 1084.432 1085.02 1085.433 1085.557 1085.681 1085.805 1085.929 1085.958 1085.97 1085.981 1085.992 1086.0 1086.0 1086.0 1086.0
1079.119 1079.266 1079.413 1079.56 1079.687 1079.76 1079.834 1079.907 1079.981 1080.0 1080.0 1080.0 1080.0 1080.0 1080.0 1080.0 1080.0 1080.0 1080.0 1080.0 1080.0 1080.0 1080.0 1080.0 1080.0 1080.0 1080.0 1080.0 1080.0 1080.0 1080.0 1080.0 1080.0 1080.0 1080.0 1080.0 1080.009 1080.027 1080.045 1080.062 1080.08 1080.2 1080.322 1080.443 1080.565 1080.836 1081.291 1081.745 1082.199 1082.654 1083.294 1083.952 1084.61 1085.268 1085.703 1085.768 1085.833 1085.898 1085.963 1085.978 1085.984 1085.99 1085.996 1086.0 1086.0 1086.0 1086.0
1079.119 1079.266 1079.413 1079.56 1079.687 1079.76 1079.834 1079.907 1079.981 1080.0 1080.0 1080.0 1080.0 1080.0 1080.0 1080.0 1080.0 1080.0 1080.0 1080.0 1080.0 1080.0 1080.0 1080.0 1080.0 1080.0 1080.0 1080.0 1080.0 1080.0 1080.0 1080.0 1080.0 1080.0 1080.0 1080.0 1080.001 1080.002 1080.004 1080.006 1080.007 1080.106 1080.206 1080.307 1080.407 1080.68 1081.167 1081.654 1082.14 1082.627 1083.333 1084.061 1084.789 1085.517 1085.972 1085.979 1085.984 1085.99 1085.997 1085.998 1085.999 1085.999 1086.0 1086.0 1086.0 1086.0 1086.0
1079.131 1079.292 1079.454 1079.615 1079.748 1079.807 1079.866 1079.926 1079.985 1080.0 1080.0 1080.0 1080.0 1080.0 1080.0 1080.0 1080.0 1080.0 1080.0 1080.0 1080.0 1080.0 1080.0 1080.0 1080.0 1080.0 1080.0 1080.0 1080.0 1080.0 1080.0 1080.0 1080.0 1080.0 1080.0 1080.0 1080.0 1080.0 1080.0 1080.0 1080.0 1080.078 1080.156 1080.235 1080.314 1080.573 1081.053 1081.533 1082.014 1082.494 1083.233 1083.997 1084.76 1085.524 1086.011 1086.04 1086.069 1086.098 1086.126 1086.143 1086.158 1086.172 1086.186 1086.183 1086.14 1086.097 1086.053
1079.144 1079.322 1079.499 1079.677 1079.817 1079.86 1079.903 1079.946 1079.989 1080.0 1080.0 1080.0 1080.0 1080.0 1080.0 1080.0 1080.0 1080.0 1080.0 1080.0 1080.0 1080.0 1080.0 1080.0 1080.0 1080.0 1080.0 1080.0 1080.0 1080.0 1080.0 1080.0 1080.0 1080.0 1080.0 1080.0 1080.0 1080.0 1080.0 1080.0 1080.0 1080.056 1080.114 1080.171 1080.228 1080.471 1080.94 1081.41 1081.879 1082.349 1083.116 1083.912 1084.708 1085.504 1086.023 1086.084 1086.145 1086.206 1086.267 1086.302 1086.333 1086.364 1086.394 1086.387 1086.296 1086.204 1086.113
