data/zism_data/00970_03_D.txt
ncols         224
nrows         224
[rows 28 to 55 of 224, columns 63 to 125 of 224]
2498.547 2497.987 2497.426 2495.17 2492.888 2490.606 2488.324 2486.458 2485.277 2484.095 2482.913 2481.731 2481.583 2481.74 2481.897 2482.054 2482.918 2487.35 2491.781 2496.212 2500.644 2506.898 2514.592 2522.286 2529.98 2537.674 2545.606 2553.552 2561.497 2569.441 2575.664 2578.626 2581.589 2584.552 2587.514 2588.26 2588.225 2588.189 2588.153 2588.343 2590.005 2591.667 2593.329 2594.991 2595.897 2596.124 2596.35 2596.577 2596.803 2596.787 2596.75 2596.712 2596.675 2596.702 2596.87 2597.038 2597.206 2597.374 2597.765 2598.25 2598.735 2599.22 2599.664
2498.093 2497.356 2496.62 2493.733 2490.813 2487.893 2484.973 2482.622 2481.207 2479.791 2478.375 2476.959 2476.975 2477.414 2477.853 2478.292 2479.478 2484.436 2489.394 2494.352 2499.31 2505.743 2513.341 2520.939 2528.537 2536.135 2543.835 2551.541 2559.247 2566.953 2573.104 2576.317 2579.53 2582.742 2585.955 2587.269 2587.914 2588.559 2589.204 2589.99 2591.694 2593.399 2595.104 2596.808 2597.732 2597.953 2598.174 2598.395 2598.616 2598.619 2598.603 2598.587 2598.571 2598.583 2598.655 2598.727 2598.799 2598.871 2599.04 2599.248 2599.457 2599.665 2599.855
2497.208 2496.168 2495.129 2491.543 2487.918 2484.293 2480.668 2477.797 2476.166 2474.535 2472.903 2471.272 2471.518 2472.318 2473.119 2473.92 2475.498 2481.002 2486.506 2492.01 2497.514 2504.172 2511.741 2519.31 2526.879 2534.448 2541.875 2549.294 2556.713 2564.133 2570.147 2573.505 2576.863 2580.22 2583.578 2585.357 2586.579 2587.801 2589.023 2590.322 2592.12 2593.918 2595.716 2597.514 2598.515 2598.798 2599.08 2599.363 2599.646 2599.725 2599.786 2599.848 2599.909 2599.955 2599.966 2599.976 2599.986 2599.997 2600.0 2600.0 2600.0 2600.0 2599.998
2495.011 2493.275 2491.538 2487.046 2482.512 2477.978 2473.444 2469.948 2468.157 2466.366 2464.575 2462.784 2463.462 2464.868 2466.275 2467.682 2469.866 2475.977 2482.087 2488.197 2494.307 2501.33 2509.075 2516.82 2524.564 2532.309 2539.333 2546.322 2553.311 2560.299 2565.971 2569.154 2572.336 2575.518 2578.7 2580.626 2582.109 2583.591 2585.074 2586.632 2588.68 2590.728 2592.776 2594.824 2596.083 2596.631 2597.18 2597.728 2598.277 2598.607 2598.919 2599.23 2599.542 2599.772 2599.825 2599.878 2599.931 2599.984 2600.0 2600.0 2600.0 2600.0 2599.988
2492.814 2490.381 2487.948 2482.55 2477.107 2471.663 2466.22 2462.098 2460.148 2458.198 2456.247 2454.297 2455.406 2457.418 2459.431 2461.444 2464.235 2470.951 2477.668 2484.384 2491.1 2498.489 2506.409 2514.329 2522.25 2530.169 2536.792 2543.35 2549.908 2556.466 2561.796 2564.802 2567.809 2570.816 2573.823 2575.895 2577.639 2579.382 2581.125 2582.942 2585.24 2587.538 2589.836 2592.134 2593.651 2594.465 2595.28 2596.094 2596.908 2597.49 2598.052 2598.613 2599.174 2599.59 2599.685 2599.781 2599.876 2599.972 2600.0 2600.0 2600.0 2600.0 2599.979
2490.617 2487.488 2484.358 2478.054 2471.701 2465.349 2458.996 2454.249 2452.139 2450.029 2447.919 2445.809 2447.349 2449.969 2452.588 2455.207 2458.604 2465.926 2473.249 2480.571 2487.893 2495.648 2503.743 2511.839 2519.935 2528.03 2534.251 2540.378 2546.505 2552.633 2557.62 2560.451 2563.282 2566.114 2568.945 2571.165 2573.168 2575.172 2577.176 2579.252 2581.8 2584.348 2586.896 2589.443 2591.219 2592.299 2593.379 2594.459 2595.54 2596.373 2597.184 2597.995 2598.807 2599.407 2599.545 2599.683 2599.821 2599.959 2600.0 2600.0 2600.0 2600.0 2599.969
2488.42 2484.594 2480.768 2473.558 2466.296 2459.034 2451.772 2446.399 2444.13 2441.86 2439.591 2437.321 2439.293 2442.519 2445.744 2448.969 2452.972 2460.901 2468.829 2476.758 2484.687 2492.806 2501.078 2509.349 2517.62 2525.891 2531.71 2537.406 2543.103 2548.799 2553.444 2556.1 2558.756 2561.412 2564.067 2566.434 2568.698 2570.962 2573.227 2575.562 2578.36 2581.157 2583.955 2586.753 2588.787 2590.133 2591.479 2592.825 2594.171 2595.255 2596.316 2597.378 2598.439 2599.224 2599.405 2599.586 2599.766 2599.947 2600.0 2600.0 2600.0 2600.0 2599.959
2480.638 2476.53 2472.423 2465.105 2457.738 2450.371 2443.005 2437.589 2435.379 2433.169 2430.959 2428.749 2431.138 2434.887 2438.635 2442.384 2446.902 2455.309 2463.715 2472.121 2480.528 2488.893 2497.226 2505.56 2513.893 2522.226 2527.868 2533.375 2538.883 2544.39 2548.894 2551.499 2554.104 2556.709 2559.314 2561.798 2564.24 2566.682 2569.124 2571.595 2574.262 2576.928 2579.594 2582.26 2584.263 2585.667 2587.071 2588.475 2589.88 2591.417 2592.966 2594.515 2596.064 2597.295 2597.828 2598.361 2598.894 2599.426 2599.513 2599.415 2599.317 2599.219 2599.046
2470.575 2466.356 2462.137 2455.038 2447.894 2440.751 2433.607 2428.387 2426.326 2424.265 2422.204 2420.143 2422.943 2427.181 2431.418 2435.656 2440.653 2449.485 2458.317 2467.148 2475.98 2484.542 2492.891 2501.24 2509.59 2517.939 2523.496 2528.913 2534.33 2539.747 2544.191 2546.796 2549.401 2552.006 2554.611 2557.202 2559.787 2562.372 2564.958 2567.516 2569.895 2572.274 2574.653 2577.033 2578.885 2580.262 2581.64 2583.018 2584.395 2586.469 2588.603 2590.737 2592.87 2594.653 2595.664 2596.676 2597.687 2598.698 2598.828 2598.591 2598.355 2598.118 2597.764
2460.513 2456.182 2451.852 2444.97 2438.05 2431.13 2424.21 2419.185 2417.272 2415.36 2413.448 2411.536 2414.748 2419.475 2424.202 2428.928 2434.404 2443.661 2452.918 2462.176 2471.432 2480.191 2488.556 2496.921 2505.287 2513.652 2519.123 2524.45 2529.777 2535.103 2539.489 2542.094 2544.699 2547.304 2549.908 2552.605 2555.334 2558.063 2560.792 2563.436 2565.528 2567.62 2569.712 2571.805 2573.507 2574.858 2576.209 2577.56 2578.911 2581.52 2584.239 2586.958 2589.677 2592.01 2593.5 2594.99 2596.48 2597.97 2598.142 2597.768 2597.393 2597.018 2596.482
2450.451 2446.009 2441.566 2434.903 2428.206 2421.509 2414.813 2409.982 2408.219 2406.456 2404.693 2402.929 2406.553 2411.769 2416.985 2422.201 2428.155 2437.838 2447.52 2457.203 2466.885 2475.84 2484.221 2492.602 2500.983 2509.365 2514.751 2519.987 2525.223 2530.46 2534.786 2537.391 2539.996 2542.601 2545.206 2548.009 2550.881 2553.753 2556.626 2559.357 2561.162 2562.967 2564.771 2566.577 2568.129 2569.453 2570.778 2572.102 2573.426 2576.571 2579.875 2583.179 2586.483 2589.368 2591.337 2593.305 2595.273 2597.242 2597.457 2596.944 2596.431 2595.918 2595.199
2439.564 2435.204 2430.843 2424.475 2418.076 2411.678 2405.279 2400.703 2399.12 2397.537 2395.954 2394.371 2398.426 2404.146 2409.867 2415.588 2422.025 2432.076 2442.127 2452.179 2462.23 2471.373 2479.797 2488.222 2496.647 2505.072 2510.401 2515.576 2520.75 2525.925 2530.21 2532.812 2535.414 2538.017 2540.619 2543.493 2546.464 2549.435 2552.406 2555.181 2556.68 2558.18 2559.679 2561.178 2562.558 2563.83 2565.102 2566.374 2567.646 2571.304 2575.171 2579.037 2582.904 2586.338 2588.825 2591.311 2593.798 2596.285 2596.539 2595.866 2595.194 2594.522 2593.604
2424.764 2421.403 2418.042 2412.333 2406.588 2400.844 2395.099 2391.054 2389.801 2388.548 2387.294 2386.041 2390.618 2396.919 2403.219 2409.519 2416.457 2426.609 2436.761 2446.914 2457.066 2466.351 2474.952 2483.552 2492.152 2500.752 2506.161 2511.41 2516.659 2521.908 2526.236 2528.823 2531.409 2533.995 2536.581 2539.365 2542.219 2545.073 2547.927 2550.548 2551.654 2552.76 2553.866 2554.972 2556.073 2557.169 2558.266 2559.362 2560.458 2564.523 2568.847 2573.171 2577.495 2581.465 2584.658 2587.852 2591.046 2594.24 2594.518 2593.585 2592.652 2591.719 2590.519
2409.963 2407.602 2405.24 2400.191 2395.1 2390.01 2384.919 2381.406 2380.482 2379.558 2378.635 2377.711 2382.811 2389.691 2396.571 2403.451 2410.888 2421.142 2431.396 2441.649 2451.902 2461.33 2470.106 2478.882 2487.657 2496.433 2501.921 2507.245 2512.568 2517.891 2522.263 2524.833 2527.403 2529.974 2532.544 2535.237 2537.974 2540.711 2543.447 2545.915 2546.628 2547.34 2548.052 2548.765 2549.587 2550.508 2551.429 2552.35 2553.271 2557.742 2562.524 2567.305 2572.086 2576.591 2580.492 2584.394 2588.295 2592.196 2592.496 2591.303 2590.109 2588.916 2587.433
2395.163 2393.801 2392.439 2388.049 2383.613 2379.176 2374.74 2371.757 2371.163 2370.569 2369.975 2369.382 2375.004 2382.463 2389.923 2397.382 2405.32 2415.675 2426.03 2436.384 2446.738 2456.309 2465.26 2474.211 2483.162 2492.114 2497.681 2503.079 2508.477 2513.875 2518.289 2520.844 2523.398 2525.952 2528.507 2531.109 2533.729 2536.349 2538.968 2541.282 2541.602 2541.92 2542.239 2542.558 2543.102 2543.847 2544.593 2545.338 2546.084 2550.962 2556.2 2561.438 2566.677 2571.718 2576.326 2580.935 2585.543 2590.151 2590.475 2589.021 2587.567 2586.113 2584.348
2380.363 2380.0 2379.638 2375.907 2372.125 2368.342 2364.56 2362.108 2361.844 2361.58 2361.316 2361.052 2367.197 2375.236 2383.275 2391.314 2399.752 2410.208 2420.663 2431.119 2441.574 2451.287 2460.414 2469.541 2478.667 2487.794 2493.441 2498.913 2504.385 2509.858 2514.315 2516.854 2519.392 2521.931 2524.469 2526.981 2529.484 2531.987 2534.489 2536.65 2536.575 2536.501 2536.426 2536.352 2536.616 2537.186 2537.756 2538.326 2538.896 2544.181 2549.877 2555.572 2561.268 2566.845 2572.16 2577.476 2582.791 2588.107 2588.454 2586.739 2585.025 2583.31 2581.263
2368.138 2367.823 2367.507 2364.181 2360.808 2357.436 2354.063 2351.998 2352.08 2352.163 2352.245 2352.328 2358.774 2367.101 2375.428 2383.755 2392.436 2402.905 2413.373 2423.841 2434.309 2444.257 2453.793 2463.329 2472.865 2482.402 2488.377 2494.175 2499.973 2505.771 2510.389 2512.775 2515.162 2517.549 2519.936 2522.149 2524.301 2526.452 2528.604 2530.447 2530.267 2530.087 2529.907 2529.727 2530.025 2530.751 2531.478 2532.205 2532.932 2538.971 2545.473 2551.976 2558.478 2564.773 2570.612 2576.452 2582.291 2588.131 2588.45 2586.478 2584.507 2582.535 2580.212
2357.377 2356.567 2355.757 2352.69 2349.589 2346.488 2343.386 2341.624 2342.063 2342.502 2342.941 2343.379 2350.001 2358.451 2366.9 2375.349 2384.126 2394.557 2404.989 2415.42 2425.851 2436.085 2446.164 2456.242 2466.321 2476.399 2482.846 2489.112 2495.378 2501.643 2506.489 2508.647 2510.805 2512.963 2515.121 2516.917 2518.585 2520.253 2521.92 2523.351 2523.229 2523.108 2522.987 2522.865 2523.373 2524.445 2525.518 2526.59 2527.662 2534.653 2542.161 2549.668 2557.176 2564.292 2570.552 2576.811 2583.071 2589.33 2589.592 2587.365 2585.138 2582.912 2580.316
2346.616 2345.312 2344.008 2341.2 2338.37 2335.54 2332.709 2331.251 2332.046 2332.841 2333.636 2334.431 2341.229 2349.8 2358.372 2366.943 2375.816 2386.21 2396.604 2406.998 2417.392 2427.913 2438.534 2449.155 2459.776 2470.397 2477.315 2484.049 2490.783 2497.516 2502.588 2504.518 2506.447 2508.377 2510.306 2511.685 2512.869 2514.053 2515.237 2516.255 2516.192 2516.129 2516.067 2516.004 2516.72 2518.138 2519.557 2520.975 2522.393 2530.336 2538.848 2547.361 2555.873 2563.812 2570.491 2577.171 2583.85 2590.53 2590.735 2588.252 2585.771 2583.288 2580.42
2335.855 2334.056 2332.258 2329.71 2327.151 2324.592 2322.033 2320.877 2322.029 2323.18 2324.332 2325.483 2332.456 2341.15 2349.844 2358.538 2367.507 2377.863 2388.22 2398.577 2408.933 2419.741 2430.904 2442.068 2453.231 2464.394 2471.784 2478.986 2486.188 2493.389 2498.688 2500.389 2502.09 2503.791 2505.492 2506.453 2507.153 2507.853 2508.553 2509.159 2509.155 2509.151 2509.146 2509.142 2510.068 2511.832 2513.596 2515.359 2517.123 2526.018 2535.536 2545.053 2554.571 2563.331 2570.43 2577.53 2584.63 2591.729 2591.877 2589.14 2586.402 2583.665 2580.525
2325.152 2322.878 2320.604 2318.319 2316.034 2313.749 2311.464 2310.626 2312.167 2313.708 2315.249 2316.79 2323.922 2332.705 2341.488 2350.271 2359.301 2369.573 2379.846 2390.118 2400.391 2411.413 2423.026 2434.639 2446.251 2457.865 2465.733 2473.414 2481.095 2488.777 2494.313 2495.79 2497.268 2498.746 2500.223 2500.738 2500.912 2501.087 2501.261 2501.431 2501.569 2501.706 2501.843 2501.98 2503.206 2505.411 2507.616 2509.822 2512.027 2521.836 2532.308 2542.781 2553.253 2562.795 2570.296 2577.797 2585.299 2592.8 2592.914 2589.962 2587.01 2584.057 2580.68
2314.961 2312.384 2309.807 2307.811 2305.823 2303.836 2301.848 2301.456 2303.683 2305.91 2308.136 2310.364 2317.495 2326.076 2334.658 2343.239 2352.017 2361.79 2371.563 2381.335 2391.108 2401.701 2412.942 2424.183 2435.423 2446.664 2455.072 2463.338 2471.604 2479.87 2485.728 2487.031 2488.333 2489.635 2490.937 2490.745 2490.027 2489.308 2488.589 2488.101 2489.115 2490.13 2491.145 2492.159 2494.48 2497.978 2501.475 2504.972 2508.47 2518.852 2529.835 2540.817 2551.8 2561.768 2569.508 2577.249 2584.989 2592.73 2593.015 2590.207 2587.398 2584.59 2581.288
2304.771 2301.89 2299.01 2297.302 2295.613 2293.923 2292.233 2292.285 2295.198 2298.111 2301.024 2303.937 2311.069 2319.448 2327.827 2336.207 2344.733 2354.006 2363.279 2372.552 2381.825 2391.99 2402.858 2413.727 2424.595 2435.464 2444.411 2453.262 2462.113 2470.964 2477.144 2478.271 2479.397 2480.524 2481.651 2480.753 2479.141 2477.529 2475.917 2474.77 2476.662 2478.554 2480.446 2482.338 2485.755 2490.544 2495.334 2500.123 2504.913 2515.868 2527.361 2538.854 2550.347 2560.74 2568.72 2576.7 2584.68 2592.66 2593.117 2590.452 2587.787 2585.122 2581.896
2294.58 2291.396 2288.213 2286.794 2285.402 2284.01 2282.618 2283.115 2286.714 2290.313 2293.911 2297.51 2304.643 2312.82 2320.997 2329.174 2337.45 2346.223 2354.996 2363.769 2372.542 2382.279 2392.775 2403.271 2413.768 2424.264 2433.75 2443.186 2452.622 2462.058 2468.56 2469.511 2470.462 2471.413 2472.365 2470.76 2468.255 2465.75 2463.245 2461.44 2464.209 2466.979 2469.748 2472.517 2477.029 2483.111 2489.192 2495.274 2501.355 2512.884 2524.887 2536.891 2548.895 2559.713 2567.932 2576.151 2584.37 2592.59 2593.218 2590.697 2588.176 2585.654 2582.503
2284.389 2280.903 2277.416 2276.286 2275.192 2274.097 2273.003 2273.944 2278.229 2282.514 2286.799 2291.083 2298.217 2306.192 2314.167 2322.142 2330.166 2338.439 2346.713 2354.986 2363.26 2372.567 2382.691 2392.815 2402.939 2413.063 2423.089 2433.11 2443.131 2453.151 2459.975 2460.751 2461.527 2462.302 2463.078 2460.768 2457.37 2453.971 2450.573 2448.109 2451.756 2455.403 2459.049 2462.696 2468.304 2475.677 2483.051 2490.424 2497.798 2509.9 2522.414 2534.928 2547.442 2558.686 2567.144 2575.603 2584.061 2592.519 2593.32 2590.942 2588.564 2586.186 2583.111
2274.499 2270.89 2267.281 2266.181 2265.12 2264.059 2262.998 2264.184 2269.062 2273.939 2278.817 2283.695 2291.181 2299.438 2307.694 2315.951 2324.173 2332.217 2340.261 2348.305 2356.349 2365.185 2374.645 2384.105 2393.566 2403.026 2412.841 2422.675 2432.508 2442.341 2448.986 2449.598 2450.21 2450.823 2451.435 2448.637 2444.637 2440.637 2436.636 2433.726 2437.938 2442.149 2446.361 2450.572 2457.162 2465.894 2474.626 2483.357 2492.089 2504.521 2517.275 2530.029 2542.783 2554.269 2562.972 2571.676 2580.38 2589.083 2589.84 2587.3 2584.759 2582.218 2578.909
2264.84 2261.247 2257.654 2256.387 2255.156 2253.925 2252.694 2253.971 2259.37 2264.769 2270.167 2275.566 2283.676 2292.587 2301.498 2310.408 2319.172 2327.195 2335.218 2343.241 2351.263 2359.594 2368.166 2376.738 2385.31 2393.883 2402.911 2411.963 2421.015 2430.066 2436.146 2436.604 2437.063 2437.521 2437.979 2434.862 2430.484 2426.106 2421.728 2418.534 2423.07 2427.605 2432.141 2436.677 2444.163 2454.303 2464.444 2474.585 2484.726 2497.3 2510.086 2522.872 2535.658 2547.244 2556.197 2565.151 2574.104 2583.058 2583.606 2580.667 2577.727 2574.788 2571.009
2255.182 2251.605 2248.028 2246.594 2245.192 2243.791 2242.39 2243.759 2249.678 2255.598 2261.518 2267.438 2276.171 2285.736 2295.301 2304.866 2314.172 2322.174 2330.175 2338.177 2346.178 2354.002 2361.687 2369.371 2377.055 2384.739 2392.981 2401.251 2409.521 2417.792 2423.307 2423.611 2423.915 2424.219 2424.523 2421.086 2416.331 2411.576 2406.82 2403.341 2408.201 2413.062 2417.922 2422.782 2431.163 2442.713 2454.262 2465.812 2477.362 2490.079 2502.896 2515.714 2528.532 2540.219 2549.422 2558.625 2567.829 2577.032 2577.373 2574.034 2570.696 2567.357 2563.108
