data/zism_data/00970_02_D.txt
ncols         224
nrows         224
[rows 84 to 111 of 224, columns 0 to 62 of 224]
2275.986 2280.033 2284.08 2288.723 2296.741 2304.759 2312.776 2320.794 2330.451 2341.483 2352.514 2363.546 2374.577 2381.024 2387.165 2393.304 2399.444 2403.98 2405.271 2406.562 2407.853 2409.144 2401.006 2400.768 2400.53 2400.292 2400.054 2399.818 2399.583 2399.347 2399.112 2398.885 2398.668 2398.451 2398.233 2398.016 2397.875 2397.74 2397.606 2397.471 2397.375 2397.359 2397.342 2397.325 2397.308 2397.414 2397.566 2397.717 2397.868 2398.019 2398.164 2398.309 2398.454 2398.599 2398.714 2398.804 2398.893 2398.982 2399.072 2398.891 2398.692 2398.493 2398.293
2279.786 2283.557 2287.327 2291.801 2300.249 2308.697 2317.146 2325.594 2335.254 2345.929 2356.604 2367.28 2377.955 2383.862 2389.449 2395.036 2400.623 2404.78 2406.044 2407.309 2408.573 2409.837 2402.175 2401.724 2401.272 2400.821 2400.387 2400.077 2399.767 2399.457 2399.147 2398.885 2398.668 2398.451 2398.233 2398.016 2397.835 2397.658 2397.481 2397.304 2397.178 2397.156 2397.133 2397.111 2397.089 2397.229 2397.428 2397.627 2397.827 2398.019 2398.164 2398.309 2398.454 2398.599 2398.717 2398.812 2398.906 2399.001 2399.096 2398.985 2398.861 2398.736 2398.611
2285.034 2288.534 2292.035 2296.262 2304.594 2312.926 2321.259 2329.591 2338.932 2349.118 2359.305 2369.491 2379.678 2385.318 2390.654 2395.989 2401.325 2405.331 2406.648 2407.966 2409.283 2410.6 2402.969 2402.358 2401.747 2401.136 2400.557 2400.198 2399.84 2399.482 2399.124 2398.845 2398.637 2398.43 2398.222 2398.015 2397.812 2397.608 2397.405 2397.202 2397.051 2397.007 2396.963 2396.919 2396.875 2397.014 2397.222 2397.429 2397.636 2397.835 2397.973 2398.112 2398.25 2398.388 2398.511 2398.622 2398.731 2398.841 2398.951 2398.908 2398.855 2398.802 2398.748
2291.156 2294.391 2297.625 2301.559 2309.445 2317.33 2325.216 2333.102 2341.929 2351.547 2361.164 2370.782 2380.399 2385.939 2391.206 2396.472 2401.738 2405.732 2407.15 2408.569 2409.987 2411.405 2403.538 2402.799 2402.06 2401.321 2400.626 2400.236 2399.846 2399.456 2399.065 2398.78 2398.588 2398.397 2398.205 2398.014 2397.797 2397.577 2397.358 2397.139 2396.967 2396.891 2396.815 2396.739 2396.663 2396.782 2396.973 2397.165 2397.356 2397.54 2397.667 2397.795 2397.923 2398.05 2398.18 2398.311 2398.442 2398.574 2398.705 2398.728 2398.744 2398.76 2398.775
2297.278 2300.247 2303.216 2306.856 2314.296 2321.734 2329.174 2336.613 2344.927 2353.976 2363.024 2372.073 2381.121 2386.56 2391.758 2396.955 2402.152 2406.133 2407.652 2409.171 2410.691 2412.21 2404.107 2403.24 2402.373 2401.507 2400.696 2400.273 2399.851 2399.429 2399.007 2398.715 2398.539 2398.364 2398.188 2398.013 2397.782 2397.547 2397.311 2397.076 2396.883 2396.775 2396.667 2396.559 2396.451 2396.55 2396.725 2396.901 2397.076 2397.244 2397.361 2397.478 2397.595 2397.712 2397.848 2398.001 2398.153 2398.306 2398.458 2398.548 2398.633 2398.718 2398.803
2303.4 2306.103 2308.806 2312.154 2319.146 2326.138 2333.131 2340.123 2347.924 2356.404 2364.884 2373.363 2381.843 2387.181 2392.309 2397.438 2402.566 2406.534 2408.154 2409.774 2411.395 2413.015 2404.676 2403.681 2402.687 2401.692 2400.765 2400.311 2399.857 2399.403 2398.949 2398.65 2398.49 2398.331 2398.171 2398.011 2397.767 2397.516 2397.265 2397.013 2396.799 2396.659 2396.519 2396.379 2396.239 2396.318 2396.477 2396.637 2396.796 2396.949 2397.055 2397.162 2397.268 2397.375 2397.517 2397.691 2397.865 2398.038 2398.212 2398.368 2398.522 2398.676 2398.83
2309.557 2312.067 2314.577 2317.695 2324.25 2330.803 2337.358 2343.911 2351.192 2359.081 2366.97 2374.86 2382.749 2387.952 2392.976 2397.999 2403.022 2406.951 2408.662 2410.374 2412.085 2413.797 2405.175 2404.063 2402.951 2401.838 2400.805 2400.327 2399.849 2399.371 2398.893 2398.588 2398.439 2398.29 2398.141 2397.992 2397.736 2397.473 2397.209 2396.946 2396.714 2396.545 2396.376 2396.208 2396.039 2396.095 2396.235 2396.374 2396.513 2396.647 2396.742 2396.837 2396.931 2397.026 2397.175 2397.37 2397.565 2397.76 2397.955 2398.174 2398.394 2398.614 2398.834
2316.077 2319.161 2322.246 2325.799 2332.002 2338.205 2344.408 2350.611 2357.289 2364.365 2371.44 2378.516 2385.592 2390.296 2394.841 2399.385 2403.931 2407.535 2409.236 2410.937 2412.638 2414.339 2404.947 2403.824 2402.701 2401.578 2400.543 2400.124 2399.704 2399.285 2398.865 2398.563 2398.366 2398.169 2397.972 2397.775 2397.541 2397.304 2397.067 2396.83 2396.618 2396.454 2396.291 2396.127 2395.964 2395.975 2396.051 2396.126 2396.202 2396.277 2396.35 2396.424 2396.497 2396.571 2396.72 2396.937 2397.153 2397.37 2397.586 2397.836 2398.088 2398.341 2398.593
2322.596 2326.255 2329.914 2333.902 2339.755 2345.607 2351.459 2357.311 2363.386 2369.649 2375.911 2382.173 2388.435 2392.639 2396.706 2400.772 2404.839 2408.119 2409.81 2411.5 2413.19 2414.881 2404.719 2403.585 2402.452 2401.318 2400.281 2399.92 2399.56 2399.198 2398.838 2398.538 2398.293 2398.048 2397.803 2397.558 2397.345 2397.135 2396.925 2396.714 2396.521 2396.363 2396.205 2396.047 2395.889 2395.855 2395.867 2395.878 2395.89 2395.907 2395.959 2396.011 2396.063 2396.115 2396.267 2396.504 2396.742 2396.98 2397.218 2397.499 2397.783 2398.067 2398.351
2329.116 2333.349 2337.582 2342.006 2347.507 2353.009 2358.51 2364.011 2369.484 2374.933 2380.381 2385.83 2391.278 2394.983 2398.571 2402.159 2405.747 2408.704 2410.383 2412.063 2413.743 2415.422 2404.491 2403.347 2402.202 2401.058 2400.019 2399.717 2399.415 2399.112 2398.81 2398.512 2398.219 2397.927 2397.634 2397.341 2397.149 2396.966 2396.782 2396.598 2396.425 2396.272 2396.12 2395.967 2395.814 2395.735 2395.683 2395.63 2395.578 2395.536 2395.567 2395.598 2395.629 2395.66 2395.813 2396.072 2396.331 2396.59 2396.849 2397.161 2397.477 2397.793 2398.109
2335.636 2340.443 2345.25 2350.109 2355.26 2360.41 2365.561 2370.711 2375.582 2380.217 2384.852 2389.487 2394.122 2397.327 2400.436 2403.545 2406.655 2409.288 2410.957 2412.626 2414.295 2415.964 2404.263 2403.108 2401.953 2400.798 2399.757 2399.513 2399.27 2399.026 2398.782 2398.487 2398.146 2397.805 2397.465 2397.124 2396.953 2396.796 2396.64 2396.483 2396.329 2396.181 2396.034 2395.887 2395.74 2395.615 2395.499 2395.382 2395.266 2395.166 2395.176 2395.186 2395.195 2395.205 2395.358 2395.639 2395.919 2396.199 2396.48 2396.823 2397.171 2397.52 2397.868
2340.957 2346.361 2351.766 2357.094 2361.988 2366.881 2371.774 2376.667 2381.064 2385.043 2389.023 2393.002 2396.982 2399.791 2402.521 2405.251 2407.982 2410.351 2411.989 2413.627 2415.265 2416.903 2404.556 2403.329 2402.102 2400.875 2399.771 2399.531 2399.29 2399.049 2398.808 2398.514 2398.172 2397.83 2397.488 2397.146 2396.973 2396.814 2396.654 2396.494 2396.336 2396.179 2396.022 2395.866 2395.709 2395.548 2395.385 2395.223 2395.06 2394.916 2394.889 2394.863 2394.836 2394.81 2394.946 2395.224 2395.502 2395.78 2396.059 2396.435 2396.818 2397.2 2397.583
2345.298 2351.319 2357.341 2363.166 2367.878 2372.591 2377.303 2382.016 2386.043 2389.497 2392.95 2396.403 2399.856 2402.353 2404.786 2407.218 2409.651 2411.805 2413.395 2414.985 2416.575 2418.165 2405.276 2403.926 2402.577 2401.227 2400.011 2399.728 2399.444 2399.16 2398.877 2398.582 2398.278 2397.973 2397.668 2397.364 2397.169 2396.983 2396.796 2396.61 2396.427 2396.249 2396.071 2395.893 2395.715 2395.525 2395.33 2395.136 2394.941 2394.762 2394.688 2394.614 2394.539 2394.465 2394.567 2394.824 2395.081 2395.338 2395.594 2396.004 2396.424 2396.844 2397.265
2349.639 2356.278 2362.916 2369.238 2373.77 2378.301 2382.833 2387.365 2391.024 2393.95 2396.877 2399.804 2402.73 2404.915 2407.05 2409.185 2411.32 2413.259 2414.801 2416.343 2417.885 2419.427 2405.996 2404.523 2403.051 2401.579 2400.251 2399.925 2399.598 2399.272 2398.946 2398.651 2398.384 2398.116 2397.849 2397.582 2397.365 2397.152 2396.939 2396.726 2396.518 2396.318 2396.119 2395.92 2395.72 2395.501 2395.275 2395.048 2394.822 2394.609 2394.487 2394.365 2394.242 2394.12 2394.188 2394.424 2394.659 2394.895 2395.131 2395.573 2396.031 2396.489 2396.946
2353.98 2361.236 2368.491 2375.31 2379.66 2384.011 2388.362 2392.713 2396.003 2398.404 2400.804 2403.204 2405.605 2407.477 2409.314 2411.151 2412.989 2414.712 2416.207 2417.701 2419.196 2420.69 2406.715 2405.121 2403.526 2401.931 2400.49 2400.121 2399.753 2399.384 2399.015 2398.719 2398.49 2398.26 2398.029 2397.799 2397.561 2397.321 2397.082 2396.842 2396.609 2396.388 2396.167 2395.947 2395.726 2395.478 2395.22 2394.961 2394.703 2394.456 2394.286 2394.115 2393.945 2393.775 2393.81 2394.024 2394.238 2394.452 2394.667 2395.143 2395.638 2396.133 2396.627
2358.223 2366.093 2373.962 2381.277 2385.455 2389.632 2393.81 2397.988 2400.918 2402.801 2404.685 2406.568 2408.452 2410.018 2411.563 2413.108 2414.653 2416.166 2417.614 2419.061 2420.509 2421.957 2407.455 2405.739 2404.022 2402.306 2400.753 2400.34 2399.926 2399.512 2399.099 2398.8 2398.605 2398.41 2398.215 2398.02 2397.758 2397.492 2397.226 2396.959 2396.701 2396.459 2396.217 2395.974 2395.732 2395.454 2395.164 2394.873 2394.582 2394.301 2394.083 2393.865 2393.648 2393.43 2393.431 2393.624 2393.816 2394.009 2394.201 2394.709 2395.239 2395.769 2396.299
2355.744 2364.071 2372.398 2380.152 2384.664 2389.177 2393.689 2398.202 2401.36 2403.382 2405.404 2407.426 2409.448 2411.102 2412.732 2414.362 2415.992 2417.578 2419.073 2420.569 2422.065 2423.561 2409.547 2407.778 2406.008 2404.239 2402.615 2402.004 2401.393 2400.783 2400.172 2399.71 2399.382 2399.053 2398.725 2398.396 2398.091 2397.788 2397.484 2397.18 2396.883 2396.598 2396.313 2396.028 2395.744 2395.408 2395.053 2394.698 2394.344 2394.005 2393.777 2393.549 2393.321 2393.092 2393.06 2393.199 2393.338 2393.477 2393.616 2394.031 2394.466 2394.9 2395.334
2353.265 2362.05 2370.833 2379.026 2383.874 2388.721 2393.569 2398.417 2401.803 2403.963 2406.123 2408.283 2410.443 2412.186 2413.901 2415.616 2417.331 2418.99 2420.533 2422.077 2423.62 2425.164 2411.639 2409.817 2407.994 2406.172 2404.476 2403.668 2402.861 2402.053 2401.245 2400.62 2400.158 2399.697 2399.235 2398.773 2398.424 2398.083 2397.742 2397.401 2397.065 2396.737 2396.41 2396.083 2395.755 2395.361 2394.942 2394.524 2394.105 2393.71 2393.471 2393.232 2392.993 2392.754 2392.688 2392.774 2392.86 2392.946 2393.032 2393.354 2393.692 2394.031 2394.369
2350.786 2360.028 2369.269 2377.901 2383.084 2388.266 2393.449 2398.631 2402.246 2404.544 2406.842 2409.14 2411.439 2413.27 2415.07 2416.87 2418.671 2420.402 2421.993 2423.585 2425.176 2426.768 2413.732 2411.856 2409.98 2408.104 2406.337 2405.333 2404.328 2403.323 2402.318 2401.529 2400.935 2400.34 2399.745 2399.151 2398.757 2398.379 2398.0 2397.622 2397.247 2396.877 2396.507 2396.137 2395.767 2395.314 2394.832 2394.349 2393.866 2393.415 2393.165 2392.916 2392.666 2392.416 2392.317 2392.35 2392.383 2392.415 2392.448 2392.677 2392.919 2393.162 2393.404
2348.307 2358.006 2367.705 2376.776 2382.293 2387.811 2393.328 2398.846 2402.688 2405.125 2407.561 2409.998 2412.434 2414.354 2416.24 2418.125 2420.01 2421.814 2423.453 2425.092 2426.732 2428.371 2415.824 2413.896 2411.966 2410.037 2408.199 2406.997 2405.795 2404.593 2403.391 2402.439 2401.711 2400.983 2400.255 2399.528 2399.09 2398.674 2398.259 2397.843 2397.429 2397.016 2396.604 2396.191 2395.778 2395.268 2394.721 2394.175 2393.628 2393.119 2392.859 2392.599 2392.339 2392.078 2391.946 2391.925 2391.905 2391.884 2391.864 2391.999 2392.146 2392.292 2392.439
2344.555 2354.566 2364.577 2373.982 2379.959 2385.936 2391.914 2397.891 2402.095 2404.813 2407.53 2410.247 2412.964 2415.003 2416.996 2418.989 2420.982 2422.892 2424.633 2426.373 2428.114 2429.854 2418.285 2416.374 2414.463 2412.552 2410.708 2409.334 2407.961 2406.587 2405.214 2404.067 2403.125 2402.182 2401.24 2400.297 2399.74 2399.214 2398.687 2398.161 2397.654 2397.189 2396.723 2396.258 2395.792 2395.243 2394.663 2394.083 2393.504 2392.962 2392.67 2392.379 2392.088 2391.797 2391.617 2391.536 2391.454 2391.373 2391.292 2391.345 2391.409 2391.472 2391.536
2339.413 2349.578 2359.743 2369.369 2375.941 2382.514 2389.087 2395.659 2400.373 2403.526 2406.679 2409.833 2412.986 2415.177 2417.302 2419.429 2421.555 2423.606 2425.506 2427.406 2429.306 2431.206 2421.147 2419.332 2417.516 2415.701 2413.923 2412.406 2410.888 2409.371 2407.854 2406.479 2405.233 2403.987 2402.741 2401.495 2400.738 2400.02 2399.302 2398.583 2397.927 2397.398 2396.868 2396.339 2395.81 2395.243 2394.663 2394.083 2393.504 2392.955 2392.61 2392.266 2391.921 2391.577 2391.335 2391.185 2391.034 2390.883 2390.733 2390.717 2390.712 2390.706 2390.7
2334.271 2344.59 2354.909 2364.755 2371.924 2379.092 2386.26 2393.428 2398.65 2402.24 2405.829 2409.418 2413.007 2415.35 2417.609 2419.868 2422.127 2424.32 2426.38 2428.439 2430.499 2432.559 2424.008 2422.289 2420.57 2418.85 2417.138 2415.477 2413.816 2412.155 2410.494 2408.891 2407.341 2405.792 2404.242 2402.692 2401.736 2400.826 2399.916 2399.006 2398.2 2397.607 2397.013 2396.42 2395.827 2395.243 2394.663 2394.083 2393.504 2392.948 2392.55 2392.152 2391.754 2391.357 2391.054 2390.834 2390.614 2390.394 2390.174 2390.089 2390.014 2389.939 2389.865
2329.128 2339.602 2350.076 2360.142 2367.906 2375.67 2383.433 2391.197 2396.928 2400.953 2404.979 2409.004 2413.029 2415.523 2417.916 2420.307 2422.699 2425.034 2427.253 2429.472 2431.691 2433.911 2426.87 2425.247 2423.623 2421.999 2420.353 2418.548 2416.743 2414.938 2413.134 2411.303 2409.45 2407.596 2405.743 2403.89 2402.734 2401.632 2400.53 2399.428 2398.473 2397.816 2397.158 2396.501 2395.844 2395.243 2394.663 2394.083 2393.504 2392.941 2392.49 2392.039 2391.588 2391.137 2390.772 2390.483 2390.194 2389.904 2389.615 2389.461 2389.317 2389.173 2389.029
2323.986 2334.614 2345.242 2355.529 2363.888 2372.247 2380.607 2388.966 2395.206 2399.667 2404.128 2408.589 2413.051 2415.697 2418.222 2420.747 2423.272 2425.748 2428.127 2430.506 2432.884 2435.263 2429.732 2428.204 2426.676 2425.149 2423.568 2421.619 2419.671 2417.722 2415.773 2413.715 2411.558 2409.401 2407.244 2405.088 2403.732 2402.438 2401.145 2399.851 2398.746 2398.025 2397.303 2396.582 2395.861 2395.243 2394.663 2394.083 2393.504 2392.934 2392.429 2391.925 2391.421 2390.917 2390.49 2390.132 2389.773 2389.415 2389.056 2388.833 2388.62 2388.406 2388.193
2318.658 2329.02 2339.381 2349.517 2358.377 2367.236 2376.096 2384.955 2391.726 2396.743 2401.761 2406.778 2411.796 2414.818 2417.706 2420.594 2423.482 2426.309 2429.013 2431.716 2434.42 2437.123 2432.342 2430.85 2429.358 2427.866 2426.307 2424.28 2422.252 2420.225 2418.198 2415.987 2413.612 2411.237 2408.862 2406.487 2404.853 2403.278 2401.702 2400.126 2398.826 2398.086 2397.346 2396.606 2395.866 2395.265 2394.716 2394.166 2393.616 2393.076 2392.598 2392.121 2391.644 2391.167 2390.78 2390.473 2390.166 2389.858 2389.551 2389.388 2389.236 2389.084 2388.932
2313.319 2323.388 2333.457 2343.419 2352.773 2362.127 2371.481 2380.835 2388.137 2393.719 2399.3 2404.881 2410.462 2413.873 2417.139 2420.405 2423.671 2426.861 2429.899 2432.938 2435.976 2439.015 2434.937 2433.477 2432.017 2430.557 2429.016 2426.915 2424.813 2422.711 2420.609 2418.251 2415.663 2413.075 2410.486 2407.898 2405.983 2404.119 2402.256 2400.393 2398.894 2398.138 2397.382 2396.626 2395.871 2395.289 2394.771 2394.253 2393.735 2393.227 2392.781 2392.336 2391.891 2391.446 2391.105 2390.856 2390.608 2390.359 2390.11 2390.017 2389.934 2389.851 2389.768
2307.98 2317.757 2327.533 2337.321 2347.169 2357.018 2366.866 2376.715 2384.55 2390.695 2396.839 2402.984 2409.129 2412.929 2416.573 2420.216 2423.859 2427.413 2430.786 2434.159 2437.533 2440.906 2437.532 2436.104 2434.676 2433.248 2431.726 2429.549 2427.373 2425.197 2423.02 2420.515 2417.713 2414.912 2412.111 2409.31 2407.112 2404.961 2402.81 2400.659 2398.962 2398.19 2397.418 2396.647 2395.875 2395.312 2394.826 2394.34 2393.854 2393.378 2392.965 2392.551 2392.138 2391.725 2391.43 2391.24 2391.05 2390.86 2390.67 2390.645 2390.631 2390.617 2390.603
