data/zism_data/00973_04_D.txt
ncols         224
nrows         224
[rows 56 to 83 of 224, columns 63 to 125 of 224]
4693.311 4689.896 4686.48 4683.065 4680.107 4677.17 4674.232 4671.295 4668.96 4667.457 4665.953 4664.449 4662.945 4662.667 4662.548 4662.431 4662.313 4662.979 4665.116 4667.253 4669.39 4671.527 4673.293 4674.974 4676.654 4678.334 4680.047 4681.844 4683.642 4685.439 4687.237 4688.29 4689.079 4689.869 4690.659 4690.901 4688.992 4687.082 4685.172 4683.263 4677.109 4668.833 4660.556 4652.279 4643.661 4632.766 4621.871 4610.977 4600.081 4589.561 4579.294 4569.029 4558.763 4548.471 4537.747 4527.023 4516.299 4505.575 4497.252 4491.131 4485.01 4478.889 4472.768
4695.678 4692.737 4689.795 4686.854 4684.642 4682.464 4680.285 4678.107 4676.518 4675.74 4674.963 4674.186 4673.409 4673.528 4673.766 4674.003 4674.24 4675.335 4678.037 4680.739 4683.442 4686.144 4688.384 4690.516 4692.648 4694.781 4696.935 4699.147 4701.359 4703.571 4705.783 4706.112 4705.777 4705.442 4705.107 4704.272 4701.475 4698.677 4695.879 4693.082 4685.982 4676.731 4667.48 4658.229 4648.625 4636.67 4624.715 4612.76 4600.805 4589.767 4579.356 4568.945 4558.534 4548.108 4537.443 4526.778 4516.114 4505.449 4497.099 4490.87 4484.641 4478.412 4472.184
4703.213 4700.632 4698.051 4695.47 4693.334 4691.217 4689.101 4686.985 4685.475 4684.799 4684.125 4683.45 4682.775 4682.92 4683.174 4683.427 4683.68 4684.816 4687.609 4690.401 4693.193 4695.986 4698.921 4701.891 4704.86 4707.829 4710.791 4713.734 4716.677 4719.62 4722.563 4722.767 4722.003 4721.24 4720.477 4718.915 4714.216 4709.517 4704.817 4700.118 4691.201 4680.175 4669.149 4658.124 4646.926 4634.584 4622.243 4609.901 4597.56 4586.417 4576.091 4565.765 4555.439 4545.121 4534.918 4524.715 4514.512 4504.309 4496.225 4490.083 4483.941 4477.8 4471.658
4711.728 4709.486 4707.244 4705.002 4702.813 4700.627 4698.441 4696.255 4694.697 4694.006 4693.315 4692.624 4691.933 4692.034 4692.238 4692.443 4692.648 4693.753 4696.545 4699.337 4702.13 4704.922 4708.596 4712.475 4716.354 4720.232 4724.071 4727.805 4731.54 4735.274 4739.008 4739.2 4738.141 4737.081 4736.022 4733.799 4727.006 4720.213 4713.42 4706.627 4695.728 4682.775 4669.822 4656.869 4643.962 4631.362 4618.762 4606.163 4593.563 4582.391 4572.195 4561.999 4551.802 4541.636 4531.971 4522.307 4512.642 4502.978 4495.215 4489.197 4483.18 4477.161 4471.144
4720.243 4718.34 4716.437 4714.534 4712.293 4710.037 4707.781 4705.525 4703.919 4703.212 4702.505 4701.798 4701.091 4701.147 4701.303 4701.459 4701.616 4702.689 4705.481 4708.274 4711.066 4713.858 4718.271 4723.059 4727.847 4732.636 4737.352 4741.877 4746.403 4750.928 4755.454 4755.633 4754.277 4752.922 4751.567 4748.684 4739.797 4730.91 4722.024 4713.137 4700.255 4685.375 4670.495 4655.615 4640.998 4628.14 4615.282 4602.424 4589.565 4578.366 4568.298 4558.231 4548.164 4538.151 4529.025 4519.898 4510.772 4501.646 4494.206 4488.312 4482.417 4476.523 4470.629
4728.757 4727.194 4725.63 4724.066 4721.773 4719.447 4717.121 4714.795 4713.142 4712.419 4711.695 4710.972 4710.249 4710.26 4710.368 4710.476 4710.584 4711.625 4714.418 4717.21 4720.002 4722.795 4727.945 4733.643 4739.341 4745.039 4750.632 4755.949 4761.266 4766.583 4771.899 4772.066 4770.415 4768.763 4767.112 4763.568 4752.587 4741.607 4730.627 4719.646 4704.782 4687.975 4671.167 4654.36 4638.035 4624.918 4611.801 4598.685 4585.568 4574.341 4564.402 4554.464 4544.526 4534.667 4526.078 4517.49 4508.902 4500.314 4493.196 4487.426 4481.655 4475.885 4470.114
4737.844 4736.566 4735.289 4734.011 4731.604 4729.146 4726.687 4724.228 4722.471 4721.68 4720.889 4720.098 4719.307 4719.18 4719.142 4719.103 4719.064 4719.971 4722.651 4725.331 4728.011 4730.691 4736.327 4742.648 4748.971 4755.292 4761.448 4767.165 4772.881 4778.598 4784.314 4784.406 4782.514 4780.621 4778.728 4774.643 4761.945 4749.247 4736.549 4723.851 4707.421 4689.125 4670.829 4652.534 4634.895 4621.637 4608.379 4595.122 4581.864 4570.621 4560.754 4550.888 4541.021 4531.254 4523.107 4514.961 4506.814 4498.667 4491.809 4486.129 4480.45 4474.77 4469.091
4748.332 4747.21 4746.089 4744.967 4742.294 4739.55 4736.806 4734.062 4732.058 4731.073 4730.088 4729.104 4728.119 4727.627 4727.201 4726.775 4726.348 4726.868 4729.16 4731.453 4733.745 4736.038 4741.539 4747.786 4754.033 4760.279 4766.226 4771.382 4776.539 4781.696 4786.853 4786.719 4784.719 4782.719 4780.718 4776.386 4762.891 4749.396 4735.902 4722.407 4705.436 4686.726 4668.015 4649.305 4631.325 4618.212 4605.1 4591.987 4578.875 4567.649 4557.713 4547.776 4537.839 4528.019 4520.076 4512.134 4504.192 4496.25 4489.495 4483.826 4478.157 4472.488 4466.82
4758.819 4757.854 4756.888 4755.923 4752.984 4749.955 4746.925 4743.896 4741.645 4740.466 4739.288 4738.109 4736.931 4736.075 4735.261 4734.447 4733.633 4733.765 4735.669 4737.574 4739.479 4741.384 4746.752 4752.923 4759.095 4765.266 4771.003 4775.601 4780.197 4784.794 4789.391 4789.032 4786.924 4784.816 4782.708 4778.128 4763.837 4749.546 4735.255 4720.963 4703.45 4684.326 4665.201 4646.077 4627.755 4614.788 4601.82 4588.854 4575.886 4564.678 4554.671 4544.665 4534.658 4524.783 4517.045 4509.308 4501.571 4493.833 4487.181 4481.522 4475.865 4470.207 4464.549
4769.307 4768.497 4767.688 4766.879 4763.673 4760.359 4757.044 4753.73 4751.232 4749.86 4748.487 4747.115 4745.743 4744.521 4743.32 4742.119 4740.917 4740.661 4742.179 4743.696 4745.214 4746.731 4751.964 4758.061 4764.156 4770.252 4775.781 4779.818 4783.855 4787.893 4791.93 4791.346 4789.13 4786.914 4784.699 4779.871 4764.783 4749.695 4734.608 4719.52 4701.465 4681.926 4662.387 4642.848 4624.185 4611.363 4598.541 4585.719 4572.897 4561.707 4551.63 4541.554 4531.477 4521.548 4514.015 4506.481 4498.949 4491.416 4484.867 4479.219 4473.572 4467.925 4462.278
4779.794 4779.141 4778.488 4777.834 4774.363 4770.763 4767.164 4763.564 4760.819 4759.253 4757.687 4756.121 4754.555 4752.969 4751.38 4749.791 4748.202 4747.558 4748.688 4749.818 4750.948 4752.078 4757.177 4763.198 4769.218 4775.239 4780.559 4784.037 4787.514 4790.991 4794.469 4793.659 4791.335 4789.012 4786.688 4781.614 4765.729 4749.845 4733.961 4718.076 4699.479 4679.526 4659.572 4639.619 4620.615 4607.938 4595.262 4582.585 4569.908 4558.735 4548.588 4538.442 4528.295 4518.313 4510.984 4503.655 4496.327 4488.998 4482.553 4476.917 4471.28 4465.644 4460.007
4789.055 4788.22 4787.385 4786.549 4782.999 4779.325 4775.651 4771.977 4769.067 4767.212 4765.356 4763.501 4761.646 4759.599 4757.527 4755.455 4753.383 4752.211 4752.727 4753.242 4753.758 4754.273 4758.73 4764.103 4769.476 4774.848 4779.552 4782.497 4785.442 4788.388 4791.333 4789.932 4786.996 4784.059 4781.123 4775.527 4759.483 4743.438 4727.394 4711.349 4692.993 4673.481 4653.968 4634.456 4615.875 4603.511 4591.147 4578.783 4566.418 4555.456 4545.45 4535.444 4525.438 4515.603 4508.531 4501.458 4494.387 4487.314 4480.928 4475.171 4469.415 4463.658 4457.901
4797.883 4796.747 4795.61 4794.473 4790.91 4787.235 4783.562 4779.887 4776.842 4774.664 4772.486 4770.308 4768.129 4765.588 4763.0 4760.411 4757.822 4756.071 4755.893 4755.714 4755.535 4755.356 4758.993 4763.515 4768.037 4772.559 4776.502 4778.926 4781.349 4783.772 4786.196 4784.073 4780.346 4776.618 4772.891 4766.677 4750.697 4734.717 4718.738 4702.758 4684.918 4666.149 4647.378 4628.609 4610.723 4598.73 4586.737 4574.745 4562.752 4552.068 4542.277 4532.487 4522.696 4513.08 4506.282 4499.484 4492.687 4485.889 4479.547 4473.624 4467.7 4461.776 4455.853
4806.711 4805.273 4803.835 4802.397 4798.82 4795.146 4791.473 4787.798 4784.617 4782.116 4779.615 4777.114 4774.613 4771.578 4768.472 4765.366 4762.26 4759.932 4759.059 4758.186 4757.313 4756.439 4759.255 4762.926 4766.598 4770.27 4773.454 4775.354 4777.256 4779.157 4781.058 4778.214 4773.696 4769.177 4764.658 4757.827 4741.912 4725.997 4710.082 4694.166 4676.843 4658.816 4640.789 4622.763 4605.571 4593.95 4582.328 4570.707 4559.085 4548.68 4539.104 4529.53 4519.954 4510.556 4504.033 4497.51 4490.987 4484.463 4478.166 4472.076 4465.985 4459.895 4453.804
4815.54 4813.8 4812.061 4810.321 4806.731 4803.057 4799.383 4795.709 4792.393 4789.568 4786.745 4783.92 4781.096 4777.566 4773.944 4770.322 4766.699 4763.792 4762.225 4760.657 4759.09 4757.522 4759.517 4762.338 4765.159 4767.98 4770.404 4771.783 4773.163 4774.542 4775.92 4772.355 4767.046 4761.736 4756.426 4748.977 4733.126 4717.275 4701.425 4685.574 4668.768 4651.484 4634.2 4616.916 4600.418 4589.169 4577.918 4566.669 4555.418 4545.292 4535.932 4526.572 4517.212 4508.033 4501.784 4495.536 4489.287 4483.038 4476.785 4470.527 4464.27 4458.013 4451.755
4823.921 4821.795 4819.67 4817.545 4813.822 4810.026 4806.23 4802.435 4798.908 4795.752 4792.596 4789.44 4786.284 4782.349 4778.313 4774.275 4770.239 4766.841 4764.641 4762.441 4760.242 4758.042 4759.225 4761.192 4763.16 4765.127 4766.768 4767.545 4768.323 4769.101 4769.879 4765.599 4759.535 4753.47 4747.405 4739.398 4723.761 4708.124 4692.487 4676.85 4660.648 4644.164 4627.679 4611.195 4595.437 4584.526 4573.615 4562.704 4551.792 4541.925 4532.771 4523.616 4514.461 4505.488 4499.474 4493.459 4487.445 4481.43 4475.227 4468.85 4462.473 4456.096 4449.72
4830.373 4827.5 4824.626 4821.753 4817.379 4812.938 4808.496 4804.055 4799.997 4796.47 4792.942 4789.415 4785.887 4781.934 4777.923 4773.914 4769.904 4766.396 4763.831 4761.265 4758.699 4756.133 4756.543 4757.645 4758.746 4759.847 4760.6 4760.435 4760.271 4760.107 4759.943 4754.976 4748.314 4741.651 4734.99 4726.68 4711.899 4697.118 4682.336 4667.555 4652.334 4636.895 4621.454 4606.014 4591.19 4580.478 4569.766 4559.055 4548.342 4538.652 4529.659 4520.666 4511.672 4502.855 4496.899 4490.944 4484.989 4479.033 4472.903 4466.612 4460.322 4454.031 4447.741
4836.825 4833.204 4829.582 4825.96 4820.937 4815.849 4810.762 4805.674 4801.086 4797.188 4793.289 4789.39 4785.491 4781.518 4777.535 4773.552 4769.569 4765.952 4763.02 4760.088 4757.156 4754.224 4753.862 4754.097 4754.332 4754.566 4754.431 4753.325 4752.219 4751.113 4750.007 4744.353 4737.093 4729.833 4722.574 4713.961 4700.037 4686.111 4672.186 4658.26 4644.021 4629.625 4615.229 4600.833 4586.943 4576.431 4565.917 4555.405 4544.892 4535.378 4526.546 4517.715 4508.883 4500.222 4494.325 4488.429 4482.533 4476.636 4470.58 4464.375 4458.171 4451.966 4445.762
4843.277 4838.908 4834.538 4830.168 4824.494 4818.761 4813.027 4807.294 4802.175 4797.905 4793.635 4789.365 4785.094 4781.102 4777.146 4773.19 4769.234 4765.507 4762.209 4758.911 4755.613 4752.315 4751.181 4750.549 4749.917 4749.285 4748.263 4746.215 4744.167 4742.119 4740.071 4733.729 4725.872 4718.015 4710.158 4701.243 4688.174 4675.104 4662.035 4648.965 4635.708 4622.356 4609.004 4595.652 4582.696 4572.383 4562.069 4551.756 4541.442 4532.105 4523.435 4514.764 4506.094 4497.588 4491.751 4485.914 4480.077 4474.24 4468.256 4462.138 4456.02 4449.901 4443.783
4849.729 4844.612 4839.494 4834.376 4828.051 4821.672 4815.293 4808.914 4803.265 4798.623 4793.981 4789.34 4784.698 4780.686 4776.757 4772.828 4768.899 4765.063 4761.398 4757.734 4754.071 4750.407 4748.5 4747.002 4745.503 4744.004 4742.095 4739.105 4736.115 4733.125 4730.135 4723.105 4714.651 4706.197 4697.743 4688.525 4676.312 4664.098 4651.884 4639.67 4627.394 4615.086 4602.779 4590.471 4578.45 4568.335 4558.221 4548.106 4537.992 4528.832 4520.322 4511.814 4503.305 4494.955 4489.176 4483.399 4477.621 4471.843 4465.933 4459.9 4453.868 4447.836 4441.804
4853.593 4847.702 4841.812 4835.922 4829.064 4822.163 4815.261 4808.359 4802.354 4797.585 4792.815 4788.046 4783.277 4779.271 4775.365 4771.46 4767.554 4763.662 4759.793 4755.925 4752.056 4748.188 4745.759 4743.665 4741.571 4739.477 4736.929 4733.186 4729.442 4725.699 4721.956 4714.542 4705.834 4697.125 4688.417 4679.12 4667.515 4655.91 4644.305 4632.699 4621.091 4609.481 4597.871 4586.261 4574.854 4564.802 4554.749 4544.697 4534.644 4525.68 4517.459 4509.239 4501.019 4492.944 4487.236 4481.528 4475.819 4470.111 4464.336 4458.5 4452.664 4446.827 4440.991
4855.984 4849.308 4842.632 4835.956 4828.632 4821.278 4813.924 4806.571 4800.308 4795.549 4790.791 4786.032 4781.273 4777.288 4773.404 4769.52 4765.636 4761.718 4757.736 4753.755 4749.773 4745.792 4742.984 4740.448 4737.913 4735.378 4732.332 4727.943 4723.554 4719.164 4714.775 4707.149 4698.382 4689.614 4680.846 4671.598 4660.461 4649.324 4638.187 4627.05 4615.932 4604.822 4593.712 4582.604 4571.629 4561.561 4551.492 4541.423 4531.354 4522.598 4514.738 4506.879 4499.019 4491.289 4485.655 4480.022 4474.39 4468.756 4463.152 4457.574 4451.997 4446.418 4440.841
4858.376 4850.914 4843.452 4835.99 4828.199 4820.394 4812.588 4804.782 4798.262 4793.514 4788.766 4784.018 4779.27 4775.305 4771.442 4767.58 4763.717 4759.774 4755.68 4751.585 4747.49 4743.396 4740.208 4737.232 4734.255 4731.278 4727.735 4722.7 4717.665 4712.629 4707.595 4699.756 4690.93 4682.103 4673.276 4664.075 4653.406 4642.738 4632.069 4621.4 4610.771 4600.163 4589.554 4578.945 4568.405 4558.32 4548.235 4538.15 4528.065 4519.517 4512.017 4504.518 4497.019 4489.632 4484.075 4478.517 4472.959 4467.402 4461.969 4456.649 4451.33 4446.01 4440.69
4860.768 4852.52 4844.272 4836.024 4827.767 4819.509 4811.251 4802.993 4796.215 4791.478 4786.741 4782.004 4777.267 4773.322 4769.481 4765.64 4761.799 4757.831 4753.623 4749.415 4745.208 4741.0 4737.433 4734.015 4730.597 4727.179 4723.138 4717.457 4711.776 4706.095 4700.414 4692.364 4683.478 4674.591 4665.706 4656.552 4646.352 4636.151 4625.951 4615.75 4605.612 4595.503 4585.395 4575.287 4565.18 4555.079 4544.978 4534.876 4524.775 4516.435 4509.296 4502.158 4495.019 4487.977 4482.494 4477.012 4471.53 4466.047 4460.785 4455.724 4450.663 4445.602 4440.54
4862.545 4853.582 4844.618 4835.654 4827.005 4818.371 4809.737 4801.103 4794.114 4789.393 4784.671 4779.95 4775.229 4771.297 4767.469 4763.641 4759.812 4755.815 4751.502 4747.189 4742.877 4738.564 4734.625 4730.774 4726.922 4723.07 4718.545 4712.25 4705.954 4699.659 4693.363 4685.111 4676.169 4667.227 4658.285 4649.177 4639.415 4629.653 4619.892 4610.129 4600.447 4590.803 4581.16 4571.516 4561.814 4551.726 4541.638 4531.55 4521.461 4513.341 4506.565 4499.789 4493.013 4486.317 4480.932 4475.546 4470.16 4464.774 4459.709 4454.938 4450.167 4445.396 4440.625
4857.882 4848.934 4839.986 4831.039 4822.792 4814.578 4806.364 4798.149 4791.433 4786.781 4782.13 4777.479 4772.828 4768.833 4764.924 4761.015 4757.105 4753.049 4748.714 4744.38 4740.046 4735.711 4731.48 4727.273 4723.066 4718.859 4713.999 4707.417 4700.837 4694.256 4687.675 4679.333 4670.37 4661.406 4652.442 4643.343 4633.71 4624.078 4614.445 4604.813 4595.23 4585.673 4576.115 4566.558 4556.972 4547.202 4537.431 4527.661 4517.89 4510.125 4503.731 4497.338 4490.944 4484.627 4479.559 4474.49 4469.422 4464.354 4459.767 4455.62 4451.473 4447.326 4443.18
4853.218 4844.287 4835.355 4826.423 4818.58 4810.785 4802.991 4795.196 4788.752 4784.17 4779.589 4775.008 4770.427 4766.369 4762.379 4758.389 4754.399 4750.282 4745.926 4741.57 4737.215 4732.859 4728.335 4723.773 4719.211 4714.648 4709.452 4702.585 4695.72 4688.854 4681.987 4673.555 4664.57 4655.584 4646.6 4637.509 4628.006 4618.502 4608.999 4599.496 4590.014 4580.542 4571.071 4561.6 4552.13 4542.677 4533.224 4523.771 4514.318 4506.91 4500.898 4494.886 4488.875 4482.936 4478.185 4473.435 4468.684 4463.933 4459.824 4456.301 4452.779 4449.257 4445.734
4848.555 4839.639 4830.724 4821.808 4814.367 4806.992 4799.617 4792.242 4786.071 4781.56 4777.049 4772.538 4768.026 4763.904 4759.834 4755.763 4751.693 4747.516 4743.138 4738.761 4734.383 4730.006 4725.19 4720.273 4715.355 4710.438 4704.905 4697.753 4690.602 4683.451 4676.299 4667.776 4658.77 4649.763 4640.757 4631.675 4622.301 4612.927 4603.553 4594.179 4584.797 4575.412 4566.026 4556.642 4547.289 4538.153 4529.018 4519.882 4510.747 4503.694 4498.064 4492.435 4486.805 4481.245 4476.812 4472.379 4467.946 4463.513 4459.881 4456.983 4454.085 4451.187 4448.289
