data/zism_data/00975_03_D.txt
ncols         224
nrows         224
[rows 28 to 55 of 224, columns 63 to 125 of 224]
1648.09 1645.109 1642.128 1639.147 1636.166 1632.471 1628.559 1624.648 1620.737 1620.206 1630.872 1641.539 1652.206 1662.872 1672.147 1680.813 1689.479 1698.145 1705.64 1706.967 1708.293 1709.62 1710.946 1711.29 1711.041 1710.791 1710.542 1710.183 1708.678 1707.173 1705.668 1704.162 1702.894 1701.818 1700.741 1699.666 1698.685 1704.167 1709.65 1715.132 1720.615 1727.874 1737.07 1746.267 1755.464 1764.66 1770.735 1776.618 1782.501 1788.383 1792.493 1794.005 1795.518 1797.031 1798.544 1798.27 1797.728 1797.186 1796.644 1795.533 1793.284 1791.036 1788.788
1638.547 1635.496 1632.445 1629.394 1626.343 1623.652 1621.07 1618.489 1615.907 1616.613 1628.211 1639.808 1651.406 1663.004 1672.371 1680.762 1689.154 1697.545 1704.793 1706.012 1707.231 1708.449 1709.668 1709.965 1709.705 1709.445 1709.184 1708.831 1707.504 1706.176 1704.849 1703.521 1702.382 1701.398 1700.413 1699.429 1698.532 1703.567 1708.603 1713.639 1718.675 1725.546 1734.42 1743.293 1752.167 1761.041 1767.381 1773.565 1779.749 1785.933 1790.406 1792.37 1794.335 1796.3 1798.265 1798.373 1798.202 1798.032 1797.861 1797.138 1795.309 1793.481 1791.652
1630.629 1627.384 1624.139 1620.894 1617.649 1615.827 1614.435 1613.043 1611.651 1613.43 1625.714 1637.998 1650.282 1662.566 1671.968 1680.109 1688.25 1696.391 1703.43 1704.659 1705.888 1707.117 1708.346 1708.651 1708.398 1708.145 1707.892 1707.56 1706.394 1705.228 1704.063 1702.897 1701.869 1700.952 1700.036 1699.12 1698.284 1702.944 1707.604 1712.264 1716.924 1723.443 1731.99 1740.537 1749.084 1757.63 1764.175 1770.595 1777.016 1783.437 1788.229 1790.635 1793.041 1795.447 1797.853 1798.331 1798.521 1798.71 1798.899 1798.549 1797.124 1795.698 1794.272
1632.3 1628.129 1623.958 1619.788 1615.617 1613.862 1612.836 1611.81 1610.784 1612.668 1624.193 1635.718 1647.243 1658.769 1667.865 1675.898 1683.931 1691.965 1699.026 1700.96 1702.894 1704.828 1706.762 1707.403 1707.263 1707.123 1706.983 1706.76 1705.664 1704.569 1703.473 1702.377 1701.342 1700.356 1699.369 1698.383 1697.479 1702.182 1706.885 1711.588 1716.292 1722.666 1730.863 1739.06 1747.256 1755.453 1761.84 1768.116 1774.391 1780.667 1785.525 1788.308 1791.091 1793.874 1796.656 1797.437 1797.916 1798.396 1798.876 1798.821 1797.696 1796.572 1795.447
1633.972 1628.875 1623.778 1618.682 1613.585 1611.897 1611.237 1610.577 1609.917 1611.906 1622.672 1633.439 1644.205 1654.971 1663.761 1671.687 1679.613 1687.538 1694.621 1697.26 1699.9 1702.539 1705.178 1706.155 1706.128 1706.101 1706.074 1705.96 1704.935 1703.909 1702.883 1701.858 1700.815 1699.759 1698.703 1697.646 1696.674 1701.42 1706.166 1710.912 1715.659 1721.888 1729.735 1737.582 1745.429 1753.276 1759.506 1765.636 1771.766 1777.897 1782.821 1785.981 1789.141 1792.3 1795.46 1796.542 1797.312 1798.083 1798.853 1799.092 1798.269 1797.446 1796.623
1635.643 1629.621 1623.599 1617.576 1611.554 1609.932 1609.638 1609.344 1609.05 1611.144 1621.151 1631.159 1641.166 1651.173 1659.658 1667.476 1675.294 1683.112 1690.217 1693.561 1696.905 1700.249 1703.594 1704.907 1704.993 1705.079 1705.165 1705.161 1704.205 1703.249 1702.294 1701.338 1700.288 1699.162 1698.036 1696.909 1695.869 1700.658 1705.447 1710.237 1715.026 1721.11 1728.607 1736.105 1743.602 1751.099 1757.172 1763.157 1769.141 1775.126 1780.118 1783.654 1787.19 1790.727 1794.263 1795.647 1796.708 1797.769 1798.83 1799.364 1798.842 1798.32 1797.798
1637.315 1630.367 1623.418 1616.47 1609.522 1607.966 1608.038 1608.11 1608.182 1610.382 1619.631 1628.879 1638.127 1647.376 1655.554 1663.265 1670.975 1678.686 1685.813 1689.862 1693.911 1697.96 1702.009 1703.659 1703.858 1704.057 1704.256 1704.361 1703.475 1702.59 1701.704 1700.818 1699.761 1698.565 1697.369 1696.173 1695.064 1699.896 1704.728 1709.561 1714.393 1720.333 1727.48 1734.627 1741.775 1748.922 1754.837 1760.677 1766.517 1772.356 1777.414 1781.327 1785.24 1789.153 1793.066 1794.752 1796.104 1797.456 1798.807 1799.635 1799.415 1799.194 1798.974
1644.686 1637.138 1629.59 1622.043 1614.495 1612.14 1611.354 1610.567 1609.78 1610.917 1618.432 1625.945 1633.459 1640.973 1648.351 1655.669 1662.987 1670.306 1677.294 1682.54 1687.787 1693.034 1698.281 1700.732 1701.491 1702.251 1703.011 1703.623 1702.686 1701.749 1700.812 1699.874 1698.671 1697.252 1695.832 1694.412 1693.086 1698.167 1703.247 1708.327 1713.407 1719.333 1726.181 1733.03 1739.879 1746.727 1752.474 1758.152 1763.83 1769.508 1774.566 1778.715 1782.864 1787.013 1791.163 1793.165 1794.846 1796.527 1798.208 1799.335 1799.355 1799.375 1799.396
1655.949 1648.025 1640.1 1632.176 1624.251 1620.507 1618.025 1615.542 1613.06 1612.339 1617.452 1622.565 1627.679 1632.792 1639.031 1645.763 1652.494 1659.225 1665.965 1672.746 1679.527 1686.307 1693.088 1696.657 1698.283 1699.91 1701.536 1702.928 1701.856 1700.784 1699.713 1698.641 1697.196 1695.448 1693.7 1691.952 1690.309 1695.776 1701.244 1706.711 1712.179 1718.181 1724.766 1731.351 1737.936 1744.521 1750.089 1755.595 1761.101 1766.607 1771.62 1775.909 1780.198 1784.487 1788.776 1791.106 1793.142 1795.178 1797.214 1798.644 1798.864 1799.083 1799.303
1667.212 1658.911 1650.61 1642.309 1634.007 1628.873 1624.695 1620.518 1616.34 1613.76 1616.472 1619.185 1621.898 1624.611 1629.711 1635.856 1642.0 1648.145 1654.636 1662.951 1671.266 1679.581 1687.896 1692.582 1695.075 1697.568 1700.061 1702.233 1701.026 1699.82 1698.614 1697.407 1695.722 1693.645 1691.569 1689.492 1687.531 1693.386 1699.241 1705.096 1710.951 1717.029 1723.351 1729.672 1735.993 1742.314 1747.705 1753.039 1758.373 1763.707 1768.673 1773.102 1777.531 1781.96 1786.389 1789.046 1791.438 1793.829 1796.22 1797.954 1798.372 1798.791 1799.21
1678.476 1669.798 1661.12 1652.442 1643.764 1637.24 1631.366 1625.493 1619.62 1615.181 1615.493 1615.805 1616.117 1616.429 1620.391 1625.949 1631.507 1637.065 1643.307 1653.156 1663.005 1672.854 1682.703 1688.508 1691.867 1695.227 1698.586 1701.537 1700.196 1698.855 1697.514 1696.173 1694.247 1691.842 1689.437 1687.032 1684.753 1690.995 1697.238 1703.481 1709.724 1715.878 1721.935 1727.993 1734.05 1740.108 1745.321 1750.483 1755.644 1760.806 1765.727 1770.296 1774.865 1779.434 1784.003 1786.987 1789.733 1792.48 1795.226 1797.263 1797.881 1798.499 1799.117
1689.506 1680.514 1671.522 1662.53 1653.538 1645.704 1638.219 1630.734 1623.249 1617.02 1614.947 1612.875 1610.803 1608.73 1611.521 1616.438 1621.355 1626.272 1632.199 1643.45 1654.701 1665.952 1677.203 1684.081 1688.315 1692.549 1696.784 1700.522 1699.055 1697.587 1696.12 1694.653 1692.483 1689.741 1686.999 1684.257 1681.651 1688.316 1694.981 1701.647 1708.312 1714.577 1720.404 1726.231 1732.059 1737.886 1742.929 1747.923 1752.917 1757.911 1762.785 1767.482 1772.178 1776.875 1781.572 1784.872 1787.962 1791.052 1794.142 1796.477 1797.302 1798.128 1798.953
1695.398 1687.478 1679.557 1671.636 1663.715 1656.311 1649.063 1641.815 1634.567 1628.049 1623.948 1619.846 1615.745 1611.643 1612.543 1615.63 1618.717 1621.804 1625.954 1635.703 1645.452 1655.201 1664.95 1671.917 1677.201 1682.484 1687.768 1692.469 1691.056 1689.642 1688.229 1686.815 1684.374 1681.093 1677.813 1674.532 1671.413 1679.273 1687.134 1694.994 1702.854 1709.987 1716.325 1722.664 1729.003 1735.342 1740.358 1745.293 1750.228 1755.163 1759.945 1764.502 1769.058 1773.615 1778.172 1781.528 1784.704 1787.88 1791.057 1793.58 1794.799 1796.017 1797.235
1701.291 1694.442 1687.592 1680.742 1673.893 1666.919 1659.908 1652.897 1645.886 1639.079 1632.948 1626.817 1620.687 1614.556 1613.565 1614.822 1616.079 1617.336 1619.708 1627.955 1636.203 1644.45 1652.698 1659.752 1666.086 1672.419 1678.752 1684.416 1683.057 1681.697 1680.337 1678.978 1676.264 1672.445 1668.626 1664.808 1661.176 1670.231 1679.286 1688.341 1697.396 1705.397 1712.247 1719.097 1725.947 1732.797 1737.787 1742.663 1747.539 1752.415 1757.104 1761.521 1765.938 1770.355 1774.772 1778.185 1781.447 1784.709 1787.972 1790.684 1792.295 1793.906 1795.517
1707.184 1701.406 1695.627 1689.849 1684.07 1677.527 1670.753 1663.978 1657.204 1650.108 1641.948 1633.789 1625.629 1617.469 1614.587 1614.014 1613.441 1612.868 1613.462 1620.208 1626.953 1633.699 1640.445 1647.588 1654.971 1662.353 1669.736 1676.364 1675.058 1673.752 1672.446 1671.14 1668.154 1663.797 1659.44 1655.083 1650.938 1661.188 1671.438 1681.688 1691.938 1700.807 1708.168 1715.53 1722.891 1730.253 1735.217 1740.033 1744.85 1749.667 1754.264 1758.541 1762.818 1767.095 1771.372 1774.841 1778.19 1781.538 1784.887 1787.787 1789.791 1791.795 1793.799
1713.077 1708.37 1703.662 1698.955 1694.248 1688.135 1681.597 1675.06 1668.522 1661.138 1650.949 1640.76 1630.571 1620.382 1615.609 1613.206 1610.803 1608.4 1607.216 1612.46 1617.704 1622.948 1628.192 1635.423 1643.856 1652.288 1660.72 1668.311 1667.059 1665.807 1664.555 1663.303 1660.044 1655.149 1650.254 1645.359 1640.701 1652.145 1663.59 1675.035 1686.48 1696.217 1704.09 1711.963 1719.835 1727.708 1732.646 1737.404 1742.161 1746.918 1751.424 1755.561 1759.698 1763.835 1767.972 1771.498 1774.932 1778.367 1781.802 1784.89 1787.287 1789.684 1792.081
1717.68 1713.641 1709.602 1705.562 1701.523 1695.942 1689.896 1683.85 1677.804 1670.486 1658.955 1647.423 1635.892 1624.361 1618.12 1614.195 1610.27 1606.344 1603.679 1607.66 1611.641 1615.622 1619.603 1626.224 1634.441 1642.658 1650.875 1658.282 1657.19 1656.098 1655.006 1653.914 1650.92 1646.375 1641.83 1637.285 1632.983 1645.153 1657.323 1669.494 1681.664 1691.939 1700.146 1708.352 1716.558 1724.765 1729.699 1734.432 1739.164 1743.897 1748.352 1752.399 1756.446 1760.494 1764.541 1767.969 1771.304 1774.639 1777.974 1781.008 1783.44 1785.872 1788.304
1720.956 1717.169 1713.383 1709.597 1705.81 1700.867 1695.574 1690.282 1684.989 1678.103 1665.936 1653.77 1641.604 1629.437 1622.165 1617.034 1611.903 1606.772 1602.931 1605.895 1608.859 1611.822 1614.786 1620.078 1626.777 1633.476 1640.175 1646.22 1645.397 1644.574 1643.751 1642.928 1640.752 1637.472 1634.192 1630.911 1627.859 1640.271 1652.684 1665.097 1677.509 1687.983 1696.34 1704.697 1713.054 1721.411 1726.364 1731.108 1735.851 1740.594 1745.04 1749.05 1753.06 1757.069 1761.079 1764.249 1767.294 1770.338 1773.382 1776.111 1778.21 1780.308 1782.406
1724.231 1720.698 1717.164 1713.631 1710.098 1705.792 1701.253 1696.714 1692.175 1685.72 1672.918 1660.117 1647.315 1634.514 1626.209 1619.873 1613.536 1607.199 1602.183 1604.129 1606.076 1608.022 1609.969 1613.931 1619.112 1624.294 1629.475 1634.157 1633.604 1633.05 1632.496 1631.942 1630.583 1628.568 1626.553 1624.538 1622.735 1635.39 1648.045 1660.7 1673.354 1684.026 1692.534 1701.042 1709.55 1718.058 1723.029 1727.784 1732.538 1737.292 1741.729 1745.701 1749.673 1753.645 1757.617 1760.53 1763.283 1766.037 1768.791 1771.215 1772.979 1774.744 1776.508
1727.507 1724.226 1720.946 1717.665 1714.385 1710.716 1706.931 1703.146 1699.36 1693.337 1679.9 1666.463 1653.027 1639.59 1630.254 1622.711 1615.169 1607.627 1601.435 1602.364 1603.293 1604.223 1605.152 1607.785 1611.448 1615.112 1618.775 1622.095 1621.81 1621.526 1621.241 1620.956 1620.415 1619.665 1618.914 1618.164 1617.611 1630.508 1643.405 1656.302 1669.199 1680.069 1688.728 1697.387 1706.045 1714.704 1719.695 1724.459 1729.224 1733.989 1738.417 1742.352 1746.286 1750.22 1754.155 1756.81 1759.273 1761.736 1764.199 1766.318 1767.749 1769.18 1770.61
1730.782 1727.755 1724.727 1721.7 1718.672 1715.641 1712.609 1709.577 1706.545 1700.953 1686.882 1672.81 1658.738 1644.667 1634.298 1625.55 1616.802 1608.054 1600.687 1600.599 1600.511 1600.423 1600.335 1601.639 1603.784 1605.93 1608.075 1610.033 1610.017 1610.001 1609.986 1609.97 1610.247 1610.761 1611.276 1611.79 1612.488 1625.627 1638.766 1651.905 1665.045 1676.113 1684.922 1693.732 1702.541 1711.35 1716.36 1721.135 1725.911 1730.687 1735.106 1739.003 1742.899 1746.796 1750.693 1753.09 1755.263 1757.435 1759.607 1761.421 1762.518 1763.615 1764.713
1733.792 1730.672 1727.553 1724.434 1721.314 1718.152 1714.976 1711.8 1708.624 1703.072 1689.648 1676.224 1662.8 1649.376 1638.955 1629.848 1620.741 1611.634 1603.882 1603.279 1602.676 1602.073 1601.469 1602.098 1603.471 1604.844 1606.217 1607.469 1607.454 1607.439 1607.423 1607.408 1607.884 1608.761 1609.638 1610.515 1611.561 1624.09 1636.62 1649.149 1661.679 1672.412 1681.184 1689.957 1698.729 1707.501 1712.61 1717.492 1722.375 1727.258 1731.666 1735.378 1739.09 1742.802 1746.514 1748.656 1750.563 1752.47 1754.378 1755.751 1756.058 1756.365 1756.673
1736.785 1733.552 1730.32 1727.088 1723.855 1720.514 1717.139 1713.764 1710.389 1704.852 1692.154 1679.457 1666.76 1654.062 1643.649 1634.235 1624.821 1615.408 1607.321 1606.234 1605.146 1604.058 1602.97 1602.963 1603.61 1604.256 1604.902 1605.49 1605.459 1605.427 1605.396 1605.365 1606.002 1607.186 1608.37 1609.553 1610.892 1622.759 1634.627 1646.495 1658.362 1668.726 1677.45 1686.174 1694.898 1703.622 1708.834 1713.83 1718.826 1723.821 1728.218 1731.736 1735.254 1738.772 1742.291 1744.179 1745.822 1747.465 1749.109 1750.034 1749.523 1749.012 1748.5
1739.778 1736.433 1733.087 1729.742 1726.397 1722.875 1719.301 1715.727 1712.153 1706.632 1694.661 1682.69 1670.719 1658.749 1648.343 1638.623 1628.902 1619.181 1610.76 1609.188 1607.616 1606.043 1604.471 1603.829 1603.749 1603.668 1603.588 1603.511 1603.463 1603.416 1603.368 1603.321 1604.12 1605.611 1607.101 1608.592 1610.223 1621.428 1632.634 1643.839 1655.045 1665.041 1673.716 1682.392 1691.067 1699.743 1705.058 1710.167 1715.276 1720.385 1724.77 1728.094 1731.418 1734.743 1738.068 1739.701 1741.08 1742.46 1743.839 1744.316 1742.987 1741.658 1740.328
1742.771 1739.313 1735.854 1732.396 1728.938 1725.237 1721.464 1717.691 1713.917 1708.412 1697.168 1685.923 1674.679 1663.435 1653.037 1643.01 1632.983 1622.955 1614.198 1612.142 1610.085 1608.029 1605.972 1604.695 1603.888 1603.081 1602.274 1601.532 1601.468 1601.404 1601.341 1601.277 1602.238 1604.036 1605.833 1607.63 1609.554 1620.098 1630.641 1641.185 1651.728 1661.355 1669.982 1678.609 1687.236 1695.863 1701.282 1706.504 1711.726 1716.948 1721.321 1724.452 1727.583 1730.714 1733.844 1735.223 1736.339 1737.455 1738.57 1738.599 1736.451 1734.304 1732.156
1745.21 1741.604 1737.999 1734.394 1730.789 1726.913 1722.955 1718.998 1715.04 1709.602 1699.262 1688.921 1678.58 1668.24 1658.358 1648.677 1638.995 1629.314 1620.757 1618.125 1615.494 1612.862 1610.23 1608.243 1606.644 1605.045 1603.446 1601.997 1602.126 1602.255 1602.384 1602.512 1603.396 1604.896 1606.395 1607.895 1609.508 1618.816 1628.125 1637.433 1646.742 1655.599 1663.962 1672.326 1680.69 1689.054 1694.919 1700.631 1706.343 1712.055 1716.757 1719.98 1723.204 1726.427 1729.651 1730.759 1731.55 1732.341 1733.132 1732.732 1729.952 1727.172 1724.392
1746.785 1742.981 1739.176 1735.372 1731.568 1727.522 1723.402 1719.283 1715.164 1709.876 1700.714 1691.552 1682.39 1673.228 1664.652 1656.333 1648.013 1639.694 1632.167 1628.82 1625.472 1622.125 1618.777 1615.963 1613.471 1610.978 1608.486 1606.266 1606.912 1607.557 1608.203 1608.848 1609.282 1609.544 1609.806 1610.067 1610.429 1617.611 1624.794 1631.976 1639.159 1646.62 1654.387 1662.153 1669.919 1677.686 1684.531 1691.319 1698.108 1704.896 1710.456 1714.218 1717.979 1721.741 1725.503 1726.316 1726.687 1727.059 1727.43 1726.636 1723.511 1720.386 1717.262
1748.36 1744.357 1740.353 1736.35 1732.346 1728.13 1723.849 1719.569 1715.288 1710.149 1702.166 1694.183 1686.2 1678.217 1670.947 1663.989 1657.031 1650.074 1643.578 1639.514 1635.451 1631.388 1627.324 1623.683 1620.297 1616.912 1613.526 1610.536 1611.698 1612.86 1614.022 1615.184 1615.169 1614.192 1613.216 1612.239 1611.35 1616.407 1621.463 1626.52 1631.576 1637.643 1644.811 1651.98 1659.149 1666.318 1674.142 1682.007 1689.872 1697.737 1704.155 1708.455 1712.755 1717.055 1721.355 1721.874 1721.825 1721.776 1721.728 1720.539 1717.07 1713.6 1710.131
