data/zism_data/00972_04_D.txt
ncols         224
nrows         224
[rows 30 to 59 of 224, columns 136 to 203 of 224]
1286.272 1286.311 1286.35 1286.432 1286.585 1286.737 1286.889 1287.041 1287.139 1287.227 1287.315 1287.403 1287.509 1287.656 1287.803 1287.95 1288.097 1288.218 1288.33 1288.443 1288.556 1288.661 1288.74 1288.819 1288.897 1288.976 1289.057 1289.14 1289.223 1289.306 1289.399 1289.552 1289.704 1289.856 1290.008 1290.12 1290.208 1290.296 1290.384 1290.477 1290.624 1290.771 1290.918 1291.065 1291.236 1291.428 1291.62 1291.811 1292.0 1292.0 1292.0 1292.0 1292.0 1292.105 1292.326 1292.546 1292.767 1292.987 1293.134 1293.275 1293.417 1293.559 1293.692 1293.814 1293.936 1294.058 1294.18 1294.316
1286.467 1286.496 1286.525 1286.592 1286.723 1286.854 1286.985 1287.117 1287.225 1287.328 1287.432 1287.536 1287.653 1287.8 1287.947 1288.094 1288.241 1288.353 1288.456 1288.558 1288.66 1288.752 1288.81 1288.867 1288.925 1288.982 1289.083 1289.203 1289.323 1289.442 1289.564 1289.695 1289.826 1289.957 1290.088 1290.202 1290.306 1290.41 1290.513 1290.621 1290.768 1290.915 1291.062 1291.209 1291.363 1291.523 1291.683 1291.842 1292.0 1292.0 1292.0 1292.0 1292.0 1292.105 1292.326 1292.546 1292.767 1292.987 1293.153 1293.316 1293.479 1293.642 1293.799 1293.948 1294.096 1294.244 1294.393 1294.5
1286.663 1286.681 1286.699 1286.752 1286.862 1286.972 1287.082 1287.192 1287.31 1287.43 1287.549 1287.669 1287.797 1287.944 1288.091 1288.238 1288.385 1288.489 1288.581 1288.673 1288.764 1288.843 1288.88 1288.916 1288.953 1288.989 1289.109 1289.266 1289.422 1289.579 1289.728 1289.838 1289.948 1290.058 1290.168 1290.284 1290.404 1290.523 1290.643 1290.765 1290.912 1291.059 1291.206 1291.353 1291.489 1291.617 1291.746 1291.874 1292.0 1292.0 1292.0 1292.0 1292.0 1292.105 1292.326 1292.546 1292.767 1292.987 1293.173 1293.357 1293.541 1293.725 1293.906 1294.081 1294.255 1294.43 1294.605 1294.683
1286.859 1286.866 1286.874 1286.912 1287.001 1287.09 1287.178 1287.267 1287.395 1287.531 1287.666 1287.802 1287.941 1288.088 1288.235 1288.382 1288.528 1288.625 1288.706 1288.787 1288.868 1288.934 1288.949 1288.965 1288.98 1288.995 1289.135 1289.328 1289.522 1289.716 1289.893 1289.982 1290.07 1290.159 1290.248 1290.366 1290.501 1290.637 1290.772 1290.909 1291.056 1291.203 1291.35 1291.497 1291.616 1291.712 1291.809 1291.905 1292.0 1292.0 1292.0 1292.0 1292.0 1292.105 1292.326 1292.546 1292.767 1292.987 1293.193 1293.398 1293.604 1293.809 1294.012 1294.214 1294.415 1294.616 1294.818 1294.867
1287.0 1287.0 1287.0 1287.031 1287.113 1287.196 1287.278 1287.36 1287.497 1287.644 1287.791 1287.938 1288.083 1288.226 1288.368 1288.511 1288.653 1288.742 1288.814 1288.886 1288.958 1289.016 1289.026 1289.036 1289.046 1289.057 1289.208 1289.421 1289.634 1289.847 1290.039 1290.115 1290.192 1290.268 1290.344 1290.459 1290.598 1290.736 1290.874 1291.013 1291.163 1291.313 1291.463 1291.613 1291.72 1291.794 1291.867 1291.941 1292.013 1292.024 1292.034 1292.044 1292.054 1292.162 1292.375 1292.588 1292.801 1293.014 1293.229 1293.443 1293.658 1293.872 1294.089 1294.31 1294.53 1294.751 1294.971 1295.005
1287.0 1287.0 1287.0 1287.043 1287.157 1287.271 1287.385 1287.499 1287.641 1287.788 1287.935 1288.082 1288.222 1288.349 1288.476 1288.602 1288.729 1288.81 1288.876 1288.943 1289.01 1289.072 1289.12 1289.167 1289.214 1289.261 1289.406 1289.592 1289.779 1289.966 1290.136 1290.223 1290.31 1290.397 1290.484 1290.583 1290.69 1290.796 1290.903 1291.014 1291.174 1291.335 1291.495 1291.656 1291.768 1291.842 1291.915 1291.989 1292.062 1292.109 1292.156 1292.204 1292.251 1292.365 1292.552 1292.738 1292.925 1293.112 1293.305 1293.498 1293.692 1293.885 1294.089 1294.31 1294.53 1294.751 1294.971 1295.023
1287.0 1287.0 1287.0 1287.055 1287.201 1287.346 1287.492 1287.638 1287.785 1287.932 1288.078 1288.225 1288.361 1288.472 1288.583 1288.694 1288.805 1288.878 1288.939 1289.001 1289.062 1289.129 1289.213 1289.297 1289.382 1289.466 1289.603 1289.763 1289.923 1290.084 1290.234 1290.332 1290.429 1290.527 1290.624 1290.708 1290.782 1290.857 1290.932 1291.015 1291.186 1291.357 1291.528 1291.699 1291.816 1291.89 1291.963 1292.037 1292.11 1292.195 1292.279 1292.363 1292.448 1292.568 1292.728 1292.889 1293.049 1293.209 1293.381 1293.553 1293.725 1293.898 1294.089 1294.31 1294.53 1294.751 1294.971 1295.042
1287.0 1287.0 1287.0 1287.067 1287.244 1287.422 1287.599 1287.777 1287.928 1288.075 1288.222 1288.369 1288.5 1288.595 1288.69 1288.785 1288.88 1288.946 1289.002 1289.058 1289.114 1289.185 1289.307 1289.428 1289.549 1289.67 1289.8 1289.934 1290.068 1290.202 1290.332 1290.44 1290.548 1290.656 1290.764 1290.832 1290.875 1290.918 1290.961 1291.016 1291.197 1291.379 1291.561 1291.742 1291.864 1291.938 1292.011 1292.085 1292.159 1292.28 1292.401 1292.523 1292.644 1292.771 1292.905 1293.039 1293.173 1293.307 1293.457 1293.608 1293.759 1293.91 1294.089 1294.31 1294.53 1294.751 1294.971 1295.06
1287.0 1287.0 1287.0 1287.079 1287.288 1287.497 1287.706 1287.915 1288.072 1288.219 1288.366 1288.513 1288.64 1288.719 1288.798 1288.877 1288.956 1289.013 1289.064 1289.115 1289.166 1289.242 1289.4 1289.558 1289.717 1289.875 1289.998 1290.105 1290.213 1290.32 1290.429 1290.548 1290.667 1290.785 1290.904 1290.956 1290.967 1290.978 1290.99 1291.017 1291.209 1291.401 1291.593 1291.786 1291.912 1291.986 1292.059 1292.133 1292.208 1292.366 1292.524 1292.682 1292.841 1292.974 1293.082 1293.189 1293.297 1293.404 1293.533 1293.663 1293.793 1293.923 1294.089 1294.31 1294.53 1294.751 1294.971 1295.079
1287.072 1287.086 1287.1 1287.183 1287.383 1287.583 1287.784 1287.984 1288.145 1288.298 1288.452 1288.606 1288.734 1288.804 1288.875 1288.945 1289.015 1289.082 1289.148 1289.214 1289.28 1289.367 1289.525 1289.683 1289.84 1289.998 1290.119 1290.224 1290.329 1290.433 1290.539 1290.648 1290.757 1290.866 1290.974 1291.032 1291.06 1291.087 1291.114 1291.154 1291.33 1291.505 1291.681 1291.856 1291.983 1292.07 1292.157 1292.245 1292.333 1292.49 1292.648 1292.806 1292.964 1293.096 1293.201 1293.306 1293.411 1293.516 1293.63 1293.746 1293.862 1293.978 1294.132 1294.342 1294.552 1294.762 1294.973 1295.091
1287.185 1287.219 1287.254 1287.339 1287.508 1287.676 1287.844 1288.013 1288.178 1288.342 1288.506 1288.671 1288.805 1288.869 1288.934 1288.999 1289.064 1289.15 1289.242 1289.335 1289.427 1289.53 1289.667 1289.803 1289.94 1290.077 1290.198 1290.314 1290.429 1290.545 1290.656 1290.743 1290.831 1290.919 1291.006 1291.083 1291.152 1291.222 1291.291 1291.367 1291.511 1291.655 1291.799 1291.943 1292.067 1292.175 1292.283 1292.392 1292.5 1292.637 1292.774 1292.91 1293.047 1293.173 1293.289 1293.404 1293.52 1293.635 1293.74 1293.846 1293.951 1294.056 1294.197 1294.391 1294.586 1294.78 1294.975 1295.1
1287.297 1287.353 1287.409 1287.495 1287.632 1287.768 1287.905 1288.042 1288.21 1288.385 1288.56 1288.735 1288.875 1288.934 1288.994 1289.054 1289.113 1289.218 1289.337 1289.456 1289.575 1289.693 1289.808 1289.924 1290.04 1290.155 1290.278 1290.404 1290.53 1290.656 1290.772 1290.839 1290.905 1290.972 1291.038 1291.133 1291.245 1291.357 1291.469 1291.58 1291.693 1291.805 1291.917 1292.029 1292.15 1292.28 1292.409 1292.539 1292.668 1292.783 1292.899 1293.014 1293.13 1293.25 1293.376 1293.502 1293.628 1293.754 1293.85 1293.945 1294.04 1294.134 1294.263 1294.441 1294.62 1294.798 1294.977 1295.109
1287.41 1287.487 1287.564 1287.651 1287.756 1287.861 1287.966 1288.071 1288.243 1288.429 1288.614 1288.8 1288.945 1289.0 1289.054 1289.108 1289.162 1289.286 1289.432 1289.577 1289.722 1289.856 1289.95 1290.045 1290.139 1290.234 1290.357 1290.494 1290.63 1290.767 1290.889 1290.934 1290.979 1291.025 1291.07 1291.183 1291.338 1291.492 1291.646 1291.793 1291.874 1291.954 1292.035 1292.115 1292.234 1292.385 1292.535 1292.686 1292.835 1292.93 1293.024 1293.119 1293.213 1293.328 1293.464 1293.6 1293.737 1293.873 1293.96 1294.044 1294.128 1294.212 1294.328 1294.491 1294.653 1294.816 1294.979 1295.119
1287.522 1287.62 1287.717 1287.806 1287.88 1287.954 1288.028 1288.101 1288.277 1288.473 1288.668 1288.864 1289.015 1289.064 1289.113 1289.163 1289.212 1289.355 1289.526 1289.698 1289.869 1290.018 1290.092 1290.165 1290.239 1290.313 1290.437 1290.583 1290.73 1290.877 1291.004 1291.029 1291.054 1291.079 1291.104 1291.235 1291.431 1291.626 1291.822 1292.004 1292.054 1292.103 1292.152 1292.202 1292.318 1292.49 1292.661 1292.832 1293.002 1293.076 1293.149 1293.223 1293.297 1293.405 1293.552 1293.698 1293.845 1293.991 1294.07 1294.143 1294.217 1294.291 1294.394 1294.541 1294.688 1294.834 1294.981 1295.128
1287.625 1287.702 1287.778 1287.866 1287.972 1288.077 1288.183 1288.288 1288.434 1288.587 1288.74 1288.893 1289.021 1289.092 1289.162 1289.233 1289.303 1289.447 1289.613 1289.779 1289.945 1290.094 1290.183 1290.273 1290.362 1290.452 1290.559 1290.674 1290.789 1290.903 1291.011 1291.078 1291.145 1291.212 1291.28 1291.401 1291.554 1291.707 1291.86 1292.008 1292.094 1292.18 1292.267 1292.353 1292.475 1292.625 1292.775 1292.925 1293.074 1293.164 1293.253 1293.343 1293.432 1293.534 1293.649 1293.764 1293.878 1293.993 1294.099 1294.205 1294.311 1294.416 1294.526 1294.64 1294.755 1294.87 1294.985 1295.142
1287.729 1287.784 1287.84 1287.926 1288.063 1288.2 1288.338 1288.475 1288.59 1288.701 1288.812 1288.923 1289.028 1289.119 1289.211 1289.302 1289.394 1289.539 1289.699 1289.86 1290.021 1290.169 1290.275 1290.38 1290.485 1290.591 1290.681 1290.764 1290.847 1290.93 1291.017 1291.127 1291.237 1291.346 1291.456 1291.566 1291.677 1291.788 1291.899 1292.011 1292.134 1292.258 1292.381 1292.504 1292.631 1292.76 1292.889 1293.018 1293.146 1293.252 1293.357 1293.462 1293.568 1293.662 1293.746 1293.829 1293.912 1293.995 1294.129 1294.267 1294.404 1294.541 1294.656 1294.74 1294.823 1294.906 1294.989 1295.156
1287.832 1287.866 1287.901 1287.986 1288.155 1288.324 1288.493 1288.662 1288.746 1288.815 1288.884 1288.952 1289.034 1289.147 1289.26 1289.372 1289.485 1289.63 1289.786 1289.942 1290.097 1290.245 1290.366 1290.487 1290.609 1290.73 1290.802 1290.854 1290.905 1290.957 1291.024 1291.176 1291.328 1291.48 1291.632 1291.732 1291.8 1291.869 1291.937 1292.014 1292.174 1292.335 1292.495 1292.656 1292.787 1292.895 1293.003 1293.11 1293.218 1293.34 1293.461 1293.582 1293.703 1293.791 1293.843 1293.894 1293.946 1293.997 1294.159 1294.328 1294.497 1294.666 1294.787 1294.839 1294.89 1294.942 1294.993 1295.169
1287.936 1287.949 1287.962 1288.046 1288.246 1288.447 1288.648 1288.849 1288.903 1288.929 1288.955 1288.982 1289.041 1289.175 1289.308 1289.442 1289.576 1289.722 1289.873 1290.023 1290.173 1290.32 1290.458 1290.595 1290.732 1290.869 1290.924 1290.944 1290.964 1290.983 1291.031 1291.225 1291.419 1291.613 1291.807 1291.897 1291.923 1291.95 1291.976 1292.017 1292.215 1292.412 1292.609 1292.807 1292.943 1293.03 1293.117 1293.203 1293.291 1293.428 1293.565 1293.702 1293.839 1293.92 1293.94 1293.959 1293.979 1293.999 1294.189 1294.39 1294.59 1294.791 1294.918 1294.938 1294.958 1294.978 1294.997 1295.183
1288.097 1288.105 1288.113 1288.196 1288.402 1288.609 1288.815 1289.021 1289.054 1289.054 1289.054 1289.054 1289.097 1289.238 1289.379 1289.52 1289.661 1289.808 1289.957 1290.106 1290.255 1290.402 1290.541 1290.68 1290.819 1290.958 1291.011 1291.027 1291.043 1291.059 1291.106 1291.314 1291.523 1291.731 1291.94 1292.027 1292.041 1292.055 1292.069 1292.1 1292.31 1292.521 1292.731 1292.942 1293.079 1293.156 1293.234 1293.311 1293.39 1293.525 1293.66 1293.795 1293.93 1294.008 1294.024 1294.04 1294.056 1294.072 1294.269 1294.477 1294.686 1294.894 1295.024 1295.038 1295.052 1295.066 1295.08 1295.265
1288.353 1288.382 1288.411 1288.493 1288.663 1288.832 1289.002 1289.171 1289.198 1289.198 1289.198 1289.198 1289.236 1289.361 1289.487 1289.612 1289.737 1289.884 1290.039 1290.193 1290.347 1290.493 1290.611 1290.729 1290.846 1290.964 1291.041 1291.099 1291.157 1291.215 1291.293 1291.469 1291.646 1291.823 1292.0 1292.098 1292.149 1292.2 1292.251 1292.313 1292.497 1292.681 1292.865 1293.049 1293.181 1293.269 1293.357 1293.445 1293.533 1293.636 1293.74 1293.843 1293.946 1294.028 1294.086 1294.144 1294.203 1294.261 1294.431 1294.608 1294.784 1294.961 1295.087 1295.138 1295.189 1295.24 1295.291 1295.457
1288.609 1288.66 1288.71 1288.791 1288.924 1289.056 1289.189 1289.321 1289.342 1289.342 1289.342 1289.342 1289.375 1289.485 1289.594 1289.703 1289.812 1289.96 1290.12 1290.279 1290.439 1290.584 1290.681 1290.777 1290.874 1290.971 1291.07 1291.171 1291.271 1291.372 1291.479 1291.624 1291.769 1291.914 1292.059 1292.169 1292.257 1292.345 1292.433 1292.527 1292.685 1292.842 1293.0 1293.157 1293.282 1293.381 1293.48 1293.578 1293.677 1293.748 1293.82 1293.891 1293.963 1294.048 1294.149 1294.249 1294.35 1294.45 1294.593 1294.738 1294.883 1295.028 1295.15 1295.238 1295.326 1295.414 1295.502 1295.65
1288.866 1288.937 1289.009 1289.089 1289.184 1289.28 1289.375 1289.471 1289.486 1289.486 1289.486 1289.486 1289.515 1289.608 1289.701 1289.795 1289.888 1290.036 1290.201 1290.366 1290.531 1290.675 1290.75 1290.826 1290.901 1290.977 1291.099 1291.242 1291.385 1291.528 1291.666 1291.78 1291.893 1292.006 1292.119 1292.24 1292.365 1292.49 1292.615 1292.74 1292.872 1293.003 1293.134 1293.265 1293.384 1293.493 1293.603 1293.712 1293.82 1293.86 1293.9 1293.939 1293.979 1294.068 1294.211 1294.354 1294.497 1294.64 1294.755 1294.868 1294.981 1295.095 1295.213 1295.338 1295.463 1295.588 1295.713 1295.843
1289.122 1289.215 1289.307 1289.387 1289.445 1289.504 1289.562 1289.621 1289.63 1289.63 1289.63 1289.63 1289.654 1289.731 1289.809 1289.886 1289.964 1290.112 1290.282 1290.453 1290.623 1290.766 1290.82 1290.875 1290.929 1290.983 1291.129 1291.314 1291.499 1291.684 1291.853 1291.935 1292.016 1292.098 1292.179 1292.311 1292.473 1292.635 1292.797 1292.954 1293.059 1293.163 1293.268 1293.373 1293.486 1293.606 1293.725 1293.845 1293.963 1293.972 1293.98 1293.988 1293.996 1294.089 1294.274 1294.459 1294.644 1294.829 1294.917 1294.998 1295.08 1295.162 1295.276 1295.438 1295.6 1295.762 1295.924 1296.036
1289.256 1289.362 1289.468 1289.549 1289.59 1289.631 1289.673 1289.714 1289.72 1289.72 1289.72 1289.72 1289.747 1289.837 1289.926 1290.015 1290.104 1290.242 1290.393 1290.545 1290.697 1290.831 1290.908 1290.984 1291.061 1291.137 1291.275 1291.44 1291.604 1291.769 1291.92 1292.001 1292.083 1292.164 1292.245 1292.375 1292.535 1292.695 1292.854 1293.01 1293.128 1293.245 1293.363 1293.481 1293.593 1293.699 1293.806 1293.913 1294.018 1294.05 1294.081 1294.113 1294.144 1294.243 1294.416 1294.588 1294.76 1294.932 1295.027 1295.116 1295.205 1295.294 1295.411 1295.566 1295.722 1295.878 1296.033 1296.146
1289.348 1289.465 1289.581 1289.665 1289.696 1289.726 1289.757 1289.787 1289.792 1289.792 1289.792 1289.792 1289.826 1289.936 1290.047 1290.157 1290.267 1290.389 1290.515 1290.64 1290.765 1290.888 1291.001 1291.115 1291.229 1291.342 1291.462 1291.584 1291.706 1291.828 1291.945 1292.037 1292.129 1292.221 1292.313 1292.438 1292.581 1292.725 1292.869 1293.013 1293.157 1293.301 1293.445 1293.589 1293.701 1293.786 1293.872 1293.958 1294.043 1294.117 1294.191 1294.264 1294.338 1294.444 1294.584 1294.725 1294.866 1295.006 1295.118 1295.229 1295.339 1295.45 1295.57 1295.704 1295.839 1295.974 1296.108 1296.227
1289.44 1289.567 1289.694 1289.781 1289.801 1289.821 1289.841 1289.861 1289.864 1289.864 1289.864 1289.864 1289.904 1290.036 1290.167 1290.299 1290.43 1290.537 1290.636 1290.734 1290.833 1290.944 1291.095 1291.245 1291.396 1291.547 1291.648 1291.728 1291.808 1291.888 1291.971 1292.074 1292.176 1292.279 1292.381 1292.5 1292.627 1292.755 1292.883 1293.015 1293.185 1293.356 1293.526 1293.697 1293.809 1293.873 1293.938 1294.002 1294.068 1294.184 1294.3 1294.416 1294.532 1294.645 1294.753 1294.862 1294.971 1295.08 1295.21 1295.342 1295.473 1295.605 1295.729 1295.843 1295.956 1296.069 1296.183 1296.308
1289.533 1289.67 1289.808 1289.897 1289.906 1289.916 1289.925 1289.935 1289.936 1289.936 1289.936 1289.936 1289.983 1290.135 1290.288 1290.441 1290.593 1290.684 1290.757 1290.829 1290.902 1291.001 1291.188 1291.376 1291.564 1291.751 1291.834 1291.872 1291.91 1291.947 1291.997 1292.11 1292.223 1292.336 1292.449 1292.562 1292.674 1292.786 1292.898 1293.017 1293.214 1293.411 1293.608 1293.805 1293.917 1293.961 1294.004 1294.047 1294.092 1294.25 1294.409 1294.567 1294.726 1294.845 1294.922 1295.0 1295.077 1295.154 1295.302 1295.455 1295.608 1295.76 1295.888 1295.981 1296.073 1296.165 1296.257 1296.389
1289.648 1289.791 1289.935 1290.023 1290.019 1290.016 1290.012 1290.009 1290.011 1290.015 1290.018 1290.022 1290.075 1290.242 1290.41 1290.577 1290.744 1290.821 1290.871 1290.92 1290.97 1291.059 1291.277 1291.496 1291.715 1291.933 1292.002 1292.006 1292.01 1292.013 1292.035 1292.157 1292.278 1292.399 1292.521 1292.629 1292.73 1292.831 1292.932 1293.043 1293.258 1293.473 1293.688 1293.903 1294.016 1294.045 1294.075 1294.104 1294.135 1294.327 1294.518 1294.709 1294.9 1295.025 1295.079 1295.132 1295.185 1295.238 1295.4 1295.569 1295.739 1295.908 1296.039 1296.114 1296.189 1296.264 1296.34 1296.477
1289.947 1290.059 1290.17 1290.227 1290.191 1290.156 1290.121 1290.086 1290.11 1290.145 1290.18 1290.215 1290.28 1290.41 1290.54 1290.671 1290.801 1290.873 1290.928 1290.983 1291.038 1291.127 1291.33 1291.533 1291.735 1291.938 1292.025 1292.06 1292.095 1292.13 1292.178 1292.288 1292.399 1292.51 1292.621 1292.742 1292.869 1292.996 1293.124 1293.255 1293.422 1293.59 1293.757 1293.925 1294.039 1294.111 1294.182 1294.254 1294.327 1294.476 1294.625 1294.773 1294.922 1295.043 1295.133 1295.223 1295.314 1295.404 1295.548 1295.696 1295.844 1295.992 1296.117 1296.208 1296.299 1296.39 1296.481 1296.621
1290.246 1290.326 1290.406 1290.431 1290.364 1290.297 1290.23 1290.163 1290.208 1290.275 1290.342 1290.409 1290.484 1290.578 1290.671 1290.764 1290.857 1290.925 1290.985 1291.046 1291.106 1291.195 1291.382 1291.569 1291.756 1291.943 1292.047 1292.114 1292.181 1292.248 1292.32 1292.42 1292.52 1292.62 1292.72 1292.854 1293.008 1293.162 1293.315 1293.466 1293.586 1293.706 1293.826 1293.946 1294.063 1294.177 1294.29 1294.404 1294.518 1294.625 1294.731 1294.838 1294.944 1295.061 1295.188 1295.315 1295.442 1295.569 1295.696 1295.823 1295.95 1296.077 1296.195 1296.302 1296.409 1296.516 1296.623 1296.765
