data/zism_data/00979_03_D.txt
ncols         224
nrows         224
[rows 56 to 83 of 224, columns 126 to 188 of 224]
1083.892 1089.984 1095.502 1101.02 1106.537 1111.538 1115.071 1118.605 1122.138 1125.672 1132.37 1140.27 1148.171 1156.071 1164.415 1174.669 1184.924 1195.178 1205.432 1214.771 1223.621 1232.472 1241.322 1250.127 1258.589 1267.05 1275.511 1283.972 1291.251 1297.673 1304.096 1310.518 1316.834 1320.833 1324.832 1328.83 1332.829 1336.007 1338.387 1340.768 1343.149 1345.53 1345.708 1345.819 1345.931 1346.043 1345.937 1345.549 1345.16 1344.771 1344.383 1344.496 1344.666 1344.835 1345.005 1345.46 1346.419 1347.378 1348.336 1349.295 1351.138 1353.167 1355.197
1081.464 1087.32 1092.614 1097.908 1103.201 1107.939 1111.101 1114.262 1117.424 1120.585 1127.642 1136.178 1144.715 1153.251 1162.163 1172.693 1183.222 1193.751 1204.28 1213.378 1221.713 1230.047 1238.382 1246.702 1254.908 1263.115 1271.321 1279.528 1286.481 1292.525 1298.569 1304.613 1310.531 1313.681 1316.83 1319.979 1323.129 1325.611 1327.446 1329.28 1331.114 1332.948 1332.959 1332.915 1332.871 1332.827 1332.538 1331.932 1331.326 1330.72 1330.114 1330.099 1330.15 1330.202 1330.253 1330.658 1331.686 1332.714 1333.742 1334.77 1336.656 1338.723 1340.79
1069.673 1076.157 1082.412 1088.667 1094.922 1100.608 1104.682 1108.757 1112.831 1116.905 1124.518 1133.475 1142.433 1151.391 1160.625 1171.052 1181.479 1191.905 1202.332 1210.996 1218.721 1226.445 1234.17 1241.854 1249.235 1256.615 1263.995 1271.376 1277.865 1283.71 1289.554 1295.398 1301.11 1303.903 1306.696 1309.489 1312.282 1314.109 1314.999 1315.888 1316.777 1317.667 1316.994 1316.275 1315.556 1314.837 1313.893 1312.655 1311.417 1310.179 1308.941 1308.94 1309.078 1309.215 1309.353 1310.416 1313.107 1315.798 1318.489 1321.18 1325.024 1329.11 1333.197
1057.883 1064.995 1072.211 1079.427 1086.643 1093.278 1098.264 1103.251 1108.238 1113.224 1121.394 1130.773 1140.151 1149.53 1159.087 1169.411 1179.735 1190.059 1200.384 1208.614 1215.729 1222.843 1229.957 1237.007 1243.561 1250.115 1256.669 1263.223 1269.25 1274.895 1280.539 1286.184 1291.689 1294.125 1296.562 1298.999 1301.435 1302.608 1302.552 1302.496 1302.441 1302.385 1301.03 1299.636 1298.242 1296.848 1295.247 1293.378 1291.508 1289.638 1287.769 1287.781 1288.005 1288.229 1288.454 1290.174 1294.528 1298.882 1303.236 1307.59 1313.392 1319.497 1325.603
1046.092 1053.832 1062.009 1070.187 1078.364 1085.947 1091.846 1097.745 1103.644 1109.544 1118.27 1128.07 1137.87 1147.67 1157.549 1167.771 1177.992 1188.214 1198.435 1206.232 1212.736 1219.241 1225.745 1232.159 1237.887 1243.615 1249.343 1255.071 1260.635 1266.079 1271.524 1276.969 1282.267 1284.348 1286.428 1288.508 1290.588 1291.106 1290.105 1289.104 1288.104 1287.103 1285.065 1282.996 1280.927 1278.859 1276.602 1274.1 1271.599 1269.098 1266.596 1266.622 1266.932 1267.243 1267.554 1269.932 1275.949 1281.966 1287.984 1294.001 1301.759 1309.885 1318.01
1034.301 1042.669 1051.808 1060.946 1070.085 1078.616 1085.428 1092.24 1099.051 1105.863 1115.145 1125.367 1135.588 1145.809 1156.011 1166.13 1176.249 1186.368 1196.487 1203.85 1209.744 1215.638 1221.532 1227.312 1232.213 1237.115 1242.017 1246.918 1252.019 1257.264 1262.509 1267.754 1272.846 1274.57 1276.294 1278.018 1279.742 1279.604 1277.658 1275.713 1273.767 1271.821 1269.101 1266.357 1263.613 1260.869 1257.956 1254.823 1251.69 1248.557 1245.424 1245.463 1245.86 1246.257 1246.654 1249.69 1257.37 1265.051 1272.731 1280.411 1290.127 1300.272 1310.416
1025.77 1034.406 1044.069 1053.732 1063.395 1072.588 1080.448 1088.308 1096.168 1104.028 1113.494 1123.569 1133.645 1143.721 1153.709 1163.318 1172.927 1182.536 1192.145 1198.974 1204.319 1209.664 1215.009 1220.212 1224.333 1228.454 1232.574 1236.695 1241.355 1246.406 1251.456 1256.506 1261.406 1262.975 1264.545 1266.115 1267.685 1267.233 1264.819 1262.405 1259.99 1257.576 1254.551 1251.507 1248.463 1245.42 1242.391 1239.382 1236.373 1233.364 1230.354 1230.864 1231.77 1232.677 1233.583 1237.441 1246.491 1255.542 1264.593 1273.643 1284.576 1295.905 1307.233
1020.593 1029.126 1038.865 1048.604 1058.343 1067.901 1076.949 1085.997 1095.045 1104.093 1113.357 1122.704 1132.051 1141.397 1150.619 1159.299 1167.98 1176.66 1185.341 1191.529 1196.388 1201.247 1206.106 1210.795 1214.181 1217.567 1220.954 1224.34 1228.582 1233.443 1238.305 1243.166 1247.887 1249.511 1251.135 1252.758 1254.382 1253.968 1251.576 1249.183 1246.79 1244.397 1241.456 1238.499 1235.542 1232.585 1229.997 1227.89 1225.782 1223.675 1221.567 1223.017 1224.869 1226.72 1228.572 1233.419 1243.539 1253.659 1263.779 1273.898 1285.284 1296.937 1308.59
1015.416 1023.847 1033.661 1043.476 1053.29 1063.214 1073.45 1083.686 1093.922 1104.157 1113.221 1121.839 1130.456 1139.074 1147.529 1155.281 1163.032 1170.784 1178.536 1184.084 1188.457 1192.83 1197.203 1201.377 1204.029 1206.681 1209.333 1211.985 1215.808 1220.481 1225.154 1229.826 1234.368 1236.046 1237.724 1239.402 1241.079 1240.703 1238.332 1235.961 1233.59 1231.219 1228.362 1225.492 1222.621 1219.75 1217.603 1216.397 1215.192 1213.986 1212.78 1215.171 1217.967 1220.764 1223.561 1229.398 1240.587 1251.776 1262.964 1274.153 1285.993 1297.97 1309.946
1010.24 1018.567 1028.457 1038.347 1048.237 1058.527 1069.951 1081.375 1092.798 1104.222 1113.084 1120.973 1128.862 1136.751 1144.439 1151.262 1158.085 1164.908 1171.731 1176.639 1180.526 1184.414 1188.301 1191.96 1193.877 1195.795 1197.713 1199.63 1203.035 1207.519 1212.002 1216.486 1220.85 1222.582 1224.313 1226.045 1227.777 1227.438 1225.089 1222.739 1220.39 1218.04 1215.268 1212.484 1209.699 1206.915 1205.209 1204.905 1204.601 1204.297 1203.993 1207.324 1211.066 1214.808 1218.549 1225.376 1237.634 1249.892 1262.15 1274.408 1286.702 1299.002 1311.303
1005.063 1013.288 1023.253 1033.219 1043.184 1053.84 1066.452 1079.064 1091.675 1104.287 1112.948 1120.108 1127.268 1134.427 1141.349 1147.243 1153.137 1159.032 1164.926 1169.194 1172.596 1175.997 1179.398 1182.542 1183.726 1184.909 1186.092 1187.275 1190.262 1194.557 1198.851 1203.146 1207.331 1209.117 1210.903 1212.688 1214.474 1214.173 1211.845 1209.517 1207.189 1204.861 1202.174 1199.476 1196.778 1194.08 1192.815 1193.413 1194.011 1194.609 1195.206 1199.478 1204.165 1208.851 1213.538 1221.355 1234.682 1248.009 1261.336 1274.663 1287.41 1300.035 1312.659
1004.413 1012.37 1022.034 1031.698 1041.363 1051.719 1064.036 1076.353 1088.671 1100.988 1109.5 1116.566 1123.632 1130.698 1137.438 1142.77 1148.103 1153.435 1158.767 1162.466 1165.293 1168.121 1170.948 1173.552 1174.45 1175.349 1176.247 1177.145 1179.406 1182.654 1185.902 1189.15 1192.326 1193.907 1195.489 1197.07 1198.652 1198.88 1197.792 1196.705 1195.617 1194.53 1193.031 1191.519 1190.008 1188.496 1188.229 1189.578 1190.928 1192.277 1193.627 1198.597 1203.975 1209.354 1214.732 1222.946 1236.149 1249.352 1262.555 1275.758 1287.48 1298.889 1310.299
1003.968 1011.651 1020.996 1030.342 1039.688 1049.714 1061.67 1073.625 1085.58 1097.536 1105.901 1112.903 1119.904 1126.906 1133.49 1138.277 1143.064 1147.851 1152.637 1155.77 1158.019 1160.269 1162.519 1164.581 1165.215 1165.849 1166.482 1167.116 1168.636 1170.799 1172.962 1175.125 1177.253 1178.619 1179.984 1181.349 1182.715 1183.494 1183.702 1183.911 1184.119 1184.328 1184.067 1183.792 1183.517 1183.242 1183.997 1186.092 1188.186 1190.281 1192.376 1198.032 1204.091 1210.15 1216.209 1224.792 1237.817 1250.842 1263.867 1276.892 1287.521 1297.645 1307.769
1003.524 1010.931 1019.958 1028.986 1038.013 1047.709 1059.303 1070.897 1082.49 1094.084 1102.303 1109.239 1116.176 1123.113 1129.541 1133.783 1138.025 1142.266 1146.508 1149.074 1150.746 1152.418 1154.09 1155.61 1155.979 1156.349 1156.718 1157.087 1157.866 1158.944 1160.022 1161.099 1162.18 1163.33 1164.479 1165.629 1166.778 1168.108 1169.612 1171.116 1172.621 1174.125 1175.103 1176.064 1177.026 1177.987 1179.765 1182.605 1185.445 1188.285 1191.124 1197.468 1204.207 1210.947 1217.686 1226.638 1239.485 1252.331 1265.178 1278.025 1287.561 1296.401 1305.24
1003.079 1010.212 1018.921 1027.629 1036.338 1045.704 1056.936 1068.168 1079.4 1090.632 1098.704 1105.576 1112.448 1119.32 1125.593 1129.289 1132.986 1136.682 1140.378 1142.377 1143.472 1144.566 1145.66 1146.64 1146.744 1146.849 1146.953 1147.057 1147.097 1147.089 1147.081 1147.074 1147.107 1148.041 1148.974 1149.908 1150.841 1152.722 1155.522 1158.322 1161.123 1163.923 1166.139 1168.336 1170.534 1172.732 1175.533 1179.118 1182.703 1186.288 1189.873 1196.904 1204.323 1211.743 1219.162 1228.484 1241.152 1253.821 1266.49 1279.158 1287.602 1295.156 1302.71
1002.556 1009.164 1017.246 1025.327 1033.408 1042.232 1053.159 1064.086 1075.012 1085.939 1093.92 1100.782 1107.643 1114.505 1120.679 1123.896 1127.113 1130.329 1133.546 1135.128 1135.837 1136.546 1137.256 1137.879 1137.849 1137.818 1137.787 1137.756 1137.365 1136.712 1136.059 1135.407 1134.819 1135.675 1136.531 1137.387 1138.243 1140.59 1144.384 1148.179 1151.973 1155.768 1158.981 1162.177 1165.374 1168.57 1172.162 1176.27 1180.377 1184.485 1188.593 1195.882 1203.53 1211.179 1218.827 1228.124 1240.321 1252.519 1264.717 1276.914 1284.522 1291.163 1297.804
1001.924 1007.664 1014.692 1021.72 1028.749 1036.735 1047.435 1058.135 1068.835 1079.535 1087.5 1094.427 1101.353 1108.279 1114.433 1117.261 1120.089 1122.917 1125.745 1127.114 1127.705 1128.295 1128.886 1129.409 1129.422 1129.434 1129.446 1129.459 1129.064 1128.373 1127.683 1126.992 1126.374 1127.343 1128.312 1129.282 1130.251 1132.947 1137.319 1141.691 1146.064 1150.436 1154.316 1158.182 1162.047 1165.913 1169.978 1174.302 1178.625 1182.949 1187.273 1194.229 1201.484 1208.738 1215.992 1224.72 1236.043 1247.366 1258.689 1270.012 1277.137 1283.379 1289.621
1001.292 1006.163 1012.138 1018.114 1024.089 1031.238 1041.711 1052.185 1062.658 1073.131 1081.081 1088.072 1095.063 1102.054 1108.188 1110.627 1113.066 1115.505 1117.944 1119.1 1119.572 1120.044 1120.516 1120.939 1120.995 1121.05 1121.106 1121.161 1120.763 1120.034 1119.306 1118.578 1117.928 1119.011 1120.094 1121.176 1122.259 1125.303 1130.253 1135.204 1140.154 1145.104 1149.651 1154.186 1158.722 1163.257 1167.794 1172.333 1176.873 1181.413 1185.953 1192.577 1199.437 1206.297 1213.157 1221.317 1231.765 1242.213 1252.661 1263.11 1269.753 1275.595 1281.437
1000.66 1004.662 1009.585 1014.507 1019.43 1025.741 1035.988 1046.234 1056.48 1066.727 1074.661 1081.717 1088.773 1095.829 1101.942 1103.992 1106.042 1108.093 1110.143 1111.087 1111.44 1111.793 1112.146 1112.469 1112.568 1112.667 1112.765 1112.864 1112.462 1111.695 1110.929 1110.163 1109.482 1110.678 1111.875 1113.071 1114.267 1117.66 1123.188 1128.716 1134.244 1139.772 1144.986 1150.191 1155.396 1160.6 1165.61 1170.365 1175.121 1179.877 1184.632 1190.925 1197.39 1203.856 1210.322 1217.914 1227.487 1237.061 1246.634 1256.207 1262.368 1267.811 1273.254
1000.029 1003.161 1007.031 1010.901 1014.77 1020.244 1030.264 1040.284 1050.303 1060.323 1068.242 1075.362 1082.483 1089.604 1095.696 1097.357 1099.019 1100.681 1102.342 1103.073 1103.307 1103.541 1103.776 1103.999 1104.141 1104.283 1104.425 1104.567 1104.16 1103.357 1102.553 1101.749 1101.037 1102.346 1103.656 1104.965 1106.275 1110.017 1116.123 1122.228 1128.334 1134.44 1140.321 1146.195 1152.07 1157.944 1163.426 1168.397 1173.369 1178.341 1183.312 1189.272 1195.344 1201.415 1207.487 1214.51 1223.209 1231.908 1240.606 1249.305 1254.984 1260.027 1265.07
999.7663 1002.256 1005.33 1008.405 1011.479 1016.095 1025.076 1034.057 1043.039 1052.02 1059.728 1066.951 1074.175 1081.399 1087.641 1089.659 1091.676 1093.694 1095.711 1096.75 1097.266 1097.783 1098.299 1098.812 1099.298 1099.784 1100.27 1100.756 1100.771 1100.445 1100.118 1099.792 1099.541 1100.925 1102.31 1103.694 1105.079 1108.643 1114.324 1120.005 1125.686 1131.367 1137.186 1143.009 1148.832 1154.656 1160.09 1165.02 1169.95 1174.88 1179.81 1185.424 1191.116 1196.807 1202.499 1209.0 1216.924 1224.848 1232.772 1240.696 1245.828 1250.371 1254.914
999.5524 1001.429 1003.742 1006.055 1008.368 1012.122 1019.959 1027.795 1035.632 1043.469 1050.939 1058.271 1065.602 1072.934 1079.35 1081.821 1084.292 1086.763 1089.234 1090.649 1091.5 1092.351 1093.202 1094.056 1094.925 1095.794 1096.663 1097.533 1098.025 1098.244 1098.464 1098.683 1098.956 1100.411 1101.865 1103.32 1104.775 1108.092 1113.216 1118.341 1123.466 1128.591 1134.252 1139.93 1145.607 1151.284 1156.604 1161.458 1166.312 1171.166 1176.021 1181.288 1186.601 1191.915 1197.229 1203.212 1210.375 1217.538 1224.701 1231.864 1236.439 1240.469 1244.499
999.3385 1000.601 1002.153 1003.705 1005.257 1008.149 1014.841 1021.533 1028.225 1034.917 1042.151 1049.59 1057.03 1064.469 1071.058 1073.983 1076.907 1079.832 1082.757 1084.547 1085.733 1086.919 1088.105 1089.299 1090.552 1091.804 1093.057 1094.31 1095.28 1096.044 1096.809 1097.573 1098.371 1099.896 1101.421 1102.946 1104.471 1107.54 1112.109 1116.677 1121.246 1125.815 1131.318 1136.85 1142.381 1147.913 1153.117 1157.896 1162.674 1167.453 1172.232 1177.151 1182.087 1187.023 1191.958 1197.425 1203.827 1210.228 1216.63 1223.031 1227.05 1230.567 1234.085
999.1246 999.7739 1000.564 1001.355 1002.145 1004.176 1009.724 1015.271 1020.818 1026.365 1033.362 1040.909 1048.457 1056.005 1062.766 1066.145 1069.523 1072.901 1076.279 1078.446 1079.967 1081.488 1083.008 1084.543 1086.179 1087.815 1089.451 1091.087 1092.534 1093.844 1095.154 1096.464 1097.786 1099.381 1100.977 1102.572 1104.167 1106.989 1111.001 1115.014 1119.026 1123.039 1128.384 1133.77 1139.156 1144.542 1149.63 1154.334 1159.036 1163.74 1168.443 1173.015 1177.573 1182.131 1186.688 1191.638 1197.278 1202.918 1208.559 1214.199 1217.661 1220.666 1223.67
999.8922 1000.303 1000.762 1001.221 1001.681 1003.214 1007.789 1012.364 1016.939 1021.515 1028.088 1035.42 1042.753 1050.085 1056.714 1060.313 1063.912 1067.511 1071.11 1073.547 1075.365 1077.183 1079.001 1080.837 1082.808 1084.778 1086.749 1088.72 1090.546 1092.268 1093.99 1095.712 1097.434 1099.163 1100.893 1102.622 1104.351 1107.078 1110.772 1114.467 1118.162 1121.857 1127.18 1132.551 1137.923 1143.294 1148.335 1152.945 1157.556 1162.166 1166.777 1170.972 1175.119 1179.267 1183.415 1187.86 1192.827 1197.794 1202.761 1207.728 1210.715 1213.285 1215.855
1002.5 1003.376 1004.311 1005.245 1006.179 1007.894 1011.822 1015.749 1019.676 1023.604 1029.404 1035.915 1042.427 1048.939 1054.861 1058.244 1061.627 1065.01 1068.393 1070.903 1072.948 1074.992 1077.037 1079.102 1081.315 1083.529 1085.742 1087.956 1089.979 1091.863 1093.746 1095.63 1097.519 1099.502 1101.485 1103.468 1105.451 1108.368 1112.192 1116.017 1119.841 1123.666 1129.218 1134.821 1140.425 1146.029 1151.146 1155.633 1160.119 1164.606 1169.092 1172.852 1176.53 1180.208 1183.886 1187.847 1192.307 1196.766 1201.226 1205.685 1208.348 1210.632 1212.916
1005.108 1006.449 1007.859 1009.268 1010.678 1012.575 1015.854 1019.134 1022.413 1025.693 1030.72 1036.411 1042.101 1047.792 1053.008 1056.175 1059.342 1062.509 1065.676 1068.259 1070.53 1072.802 1075.073 1077.366 1079.823 1082.279 1084.736 1087.193 1089.411 1091.457 1093.503 1095.549 1097.603 1099.84 1102.077 1104.314 1106.55 1109.658 1113.612 1117.566 1121.521 1125.475 1131.256 1137.092 1142.927 1148.763 1153.958 1158.32 1162.683 1167.045 1171.407 1174.732 1177.941 1181.149 1184.357 1187.835 1191.787 1195.739 1199.691 1203.642 1205.98 1207.978 1209.976
1007.716 1009.522 1011.407 1013.292 1015.176 1017.256 1019.887 1022.519 1025.15 1027.782 1032.035 1036.906 1041.776 1046.646 1051.155 1054.106 1057.057 1060.008 1062.958 1065.614 1068.112 1070.611 1073.109 1075.631 1078.33 1081.03 1083.73 1086.429 1088.844 1091.052 1093.26 1095.467 1097.688 1100.178 1102.669 1105.159 1107.65 1110.949 1115.032 1119.116 1123.2 1127.283 1133.294 1139.362 1145.43 1151.498 1156.77 1161.008 1165.246 1169.484 1173.722 1176.613 1179.351 1182.09 1184.828 1187.822 1191.267 1194.711 1198.155 1201.6 1203.613 1205.325 1207.036
