data/zism_data/00988_04_D.txt
ncols         224
nrows         224
[rows 196 to 223 of 224, columns 128 to 191 of 224]
1400.0 1400.0 1400.0 1400.0 1400.0 1400.0 1400.0 1399.929 1399.852 1399.774 1399.697 1399.649 1399.649 1399.649 1399.649 1399.649 1399.67 1399.696 1399.722 1399.748 1399.758 1399.732 1399.706 1399.68 1399.655 1399.301 1398.848 1398.395 1397.942 1397.407 1396.599 1395.79 1394.982 1394.173 1393.043 1391.772 1390.501 1389.23 1387.981 1386.847 1385.713 1384.579 1383.445 1382.503 1381.677 1380.85 1380.024 1379.283 1379.438 1379.593 1379.748 1379.903 1379.972 1379.972 1379.972 1379.972 1379.972 1379.924 1379.876 1379.829 1379.781 1379.559 1379.148 1378.737
1400.0 1400.0 1400.0 1400.0 1400.0 1400.0 1400.0 1399.974 1399.945 1399.916 1399.887 1399.869 1399.869 1399.869 1399.869 1399.869 1399.877 1399.887 1399.896 1399.906 1399.91 1399.9 1399.891 1399.881 1399.871 1399.633 1399.326 1399.019 1398.712 1398.289 1397.48 1396.672 1395.864 1395.055 1393.903 1392.599 1391.296 1389.992 1388.714 1387.569 1386.425 1385.28 1384.135 1383.263 1382.555 1381.848 1381.14 1380.517 1380.774 1381.032 1381.289 1381.547 1381.662 1381.662 1381.662 1381.662 1381.661 1381.598 1381.534 1381.47 1381.406 1381.145 1380.669 1380.193
1400.0 1400.0 1400.0 1400.0 1400.0 1400.0 1400.0 1400.0 1400.0 1400.0 1400.0 1400.0 1400.0 1400.0 1400.0 1400.0 1400.0 1400.0 1400.0 1400.0 1400.0 1400.0 1400.0 1400.0 1400.0 1399.836 1399.622 1399.408 1399.194 1398.851 1398.08 1397.309 1396.538 1395.767 1394.623 1393.315 1392.008 1390.701 1389.42 1388.28 1387.139 1385.999 1384.859 1384.052 1383.445 1382.839 1382.233 1381.708 1382.03 1382.353 1382.676 1382.999 1383.144 1383.144 1383.144 1383.144 1383.143 1383.071 1383.0 1382.929 1382.858 1382.58 1382.076 1381.573
1400.0 1400.0 1400.0 1400.0 1400.0 1400.0 1400.0 1400.0 1400.0 1400.0 1400.0 1400.0 1400.0 1400.0 1400.0 1400.0 1400.0 1400.0 1400.0 1400.0 1400.0 1400.0 1400.0 1400.0 1400.0 1399.848 1399.651 1399.453 1399.255 1398.946 1398.266 1397.587 1396.908 1396.229 1395.139 1393.869 1392.6 1391.33 1390.086 1388.972 1387.859 1386.746 1385.633 1384.882 1384.352 1383.821 1383.291 1382.835 1383.169 1383.502 1383.836 1384.17 1384.319 1384.319 1384.319 1384.319 1384.318 1384.253 1384.187 1384.121 1384.055 1383.793 1383.316 1382.84
1400.0 1400.0 1400.0 1400.0 1400.0 1400.0 1400.0 1400.0 1400.0 1400.0 1400.0 1400.0 1400.0 1400.0 1400.0 1400.0 1400.0 1400.0 1400.0 1400.0 1400.0 1400.0 1400.0 1400.0 1400.0 1399.861 1399.679 1399.498 1399.316 1399.041 1398.453 1397.866 1397.278 1396.691 1395.655 1394.423 1393.192 1391.96 1390.751 1389.665 1388.579 1387.492 1386.406 1385.713 1385.258 1384.803 1384.348 1383.963 1384.307 1384.652 1384.996 1385.34 1385.495 1385.495 1385.495 1385.495 1385.494 1385.434 1385.373 1385.313 1385.252 1385.006 1384.556 1384.107
1400.0 1400.0 1400.0 1400.0 1400.0 1400.0 1400.0 1400.0 1400.0 1400.0 1400.0 1400.0 1400.0 1400.0 1400.0 1400.0 1400.0 1400.0 1400.0 1400.0 1400.0 1400.0 1400.0 1400.0 1400.0 1399.873 1399.708 1399.542 1399.377 1399.135 1398.64 1398.144 1397.648 1397.152 1396.171 1394.977 1393.783 1392.589 1391.417 1390.358 1389.298 1388.239 1387.18 1386.544 1386.165 1385.785 1385.406 1385.091 1385.446 1385.801 1386.156 1386.511 1386.671 1386.671 1386.671 1386.671 1386.67 1386.615 1386.56 1386.505 1386.45 1386.219 1385.797 1385.374
1400.0 1400.0 1400.0 1400.0 1400.0 1400.0 1400.0 1400.0 1400.0 1400.0 1400.0 1400.0 1400.0 1400.0 1400.0 1400.0 1400.0 1400.0 1400.0 1400.0 1400.0 1400.0 1400.0 1400.0 1400.0 1399.885 1399.736 1399.587 1399.438 1399.23 1398.826 1398.422 1398.018 1397.615 1396.687 1395.531 1394.375 1393.219 1392.083 1391.05 1390.018 1388.986 1387.953 1387.375 1387.071 1386.768 1386.464 1386.218 1386.584 1386.95 1387.316 1387.682 1387.847 1387.847 1387.847 1387.847 1387.846 1387.796 1387.747 1387.697 1387.647 1387.432 1387.037 1386.641
1400.0 1400.0 1400.0 1400.0 1400.0 1400.0 1400.0 1400.0 1400.0 1400.0 1400.0 1400.0 1400.0 1400.0 1400.0 1400.0 1400.0 1400.0 1400.0 1400.0 1400.0 1400.0 1400.0 1400.0 1400.0 1399.887 1399.74 1399.593 1399.446 1399.24 1398.839 1398.438 1398.036 1397.635 1396.768 1395.696 1394.625 1393.553 1392.502 1391.558 1390.614 1389.67 1388.725 1388.222 1387.984 1387.746 1387.509 1387.324 1387.691 1388.059 1388.426 1388.793 1388.958 1388.958 1388.958 1388.958 1388.958 1388.918 1388.879 1388.839 1388.8 1388.607 1388.248 1387.889
1400.0 1400.0 1400.0 1400.0 1400.0 1400.0 1400.0 1400.0 1400.0 1400.0 1400.0 1400.0 1400.0 1400.0 1400.0 1400.0 1400.0 1400.0 1400.0 1400.0 1400.0 1400.0 1400.0 1400.0 1400.0 1399.887 1399.74 1399.593 1399.446 1399.238 1398.826 1398.414 1398.001 1397.589 1396.782 1395.803 1394.823 1393.844 1392.885 1392.038 1391.191 1390.344 1389.497 1389.07 1388.897 1388.725 1388.552 1388.426 1388.793 1389.161 1389.528 1389.896 1390.061 1390.061 1390.061 1390.061 1390.06 1390.031 1390.003 1389.974 1389.945 1389.776 1389.455 1389.134
1400.0 1400.0 1400.0 1400.0 1400.0 1400.0 1400.0 1400.0 1400.0 1400.0 1400.0 1400.0 1400.0 1400.0 1400.0 1400.0 1400.0 1400.0 1400.0 1400.0 1400.0 1400.0 1400.0 1400.0 1400.0 1399.887 1399.74 1399.593 1399.446 1399.235 1398.812 1398.389 1397.967 1397.544 1396.797 1395.91 1395.022 1394.134 1393.268 1392.518 1391.768 1391.019 1390.269 1389.919 1389.811 1389.703 1389.595 1389.528 1389.896 1390.263 1390.63 1390.998 1391.163 1391.163 1391.163 1391.163 1391.163 1391.145 1391.127 1391.109 1391.091 1390.946 1390.662 1390.379
1400.0 1400.0 1400.0 1400.0 1400.0 1400.0 1400.0 1400.0 1400.0 1400.0 1400.0 1400.0 1400.0 1400.0 1400.0 1400.0 1400.0 1400.0 1400.0 1400.0 1400.0 1400.0 1400.0 1400.0 1400.0 1399.887 1399.74 1399.593 1399.446 1399.233 1398.799 1398.365 1397.932 1397.498 1396.812 1396.016 1395.22 1394.424 1393.651 1392.998 1392.346 1391.693 1391.04 1390.768 1390.724 1390.681 1390.638 1390.63 1390.998 1391.365 1391.733 1392.1 1392.265 1392.265 1392.265 1392.265 1392.265 1392.258 1392.251 1392.244 1392.236 1392.115 1391.869 1391.624
1400.0 1400.0 1400.0 1400.0 1400.0 1400.0 1400.0 1400.0 1400.0 1400.0 1400.0 1400.0 1400.0 1400.0 1400.0 1400.0 1400.0 1400.0 1400.0 1400.0 1399.997 1399.986 1399.975 1399.964 1399.953 1399.837 1399.688 1399.539 1399.391 1399.175 1398.74 1398.304 1397.869 1397.433 1396.802 1396.085 1395.368 1394.651 1393.963 1393.426 1392.888 1392.351 1391.813 1391.613 1391.617 1391.62 1391.624 1391.66 1392.032 1392.405 1392.778 1393.151 1393.324 1393.335 1393.346 1393.357 1393.367 1393.367 1393.367 1393.367 1393.367 1393.265 1393.05 1392.834
1400.0 1400.0 1400.0 1400.0 1400.0 1400.0 1400.0 1400.0 1400.0 1400.0 1400.0 1400.0 1400.0 1400.0 1400.0 1400.0 1400.0 1400.0 1400.0 1400.0 1399.987 1399.944 1399.901 1399.857 1399.814 1399.686 1399.531 1399.377 1399.223 1399.008 1398.588 1398.169 1397.75 1397.33 1396.742 1396.079 1395.416 1394.753 1394.134 1393.748 1393.362 1392.976 1392.589 1392.453 1392.467 1392.482 1392.496 1392.543 1392.932 1393.321 1393.71 1394.099 1394.297 1394.341 1394.384 1394.427 1394.47 1394.47 1394.47 1394.47 1394.47 1394.375 1394.176 1393.977
1400.0 1400.0 1400.0 1400.0 1400.0 1400.0 1400.0 1400.0 1400.0 1400.0 1400.0 1400.0 1400.0 1400.0 1400.0 1400.0 1400.0 1400.0 1400.0 1400.0 1399.977 1399.901 1399.826 1399.75 1399.675 1399.535 1399.375 1399.215 1399.056 1398.84 1398.437 1398.034 1397.63 1397.227 1396.681 1396.072 1395.464 1394.855 1394.305 1394.07 1393.835 1393.6 1393.365 1393.292 1393.318 1393.343 1393.368 1393.426 1393.831 1394.236 1394.642 1395.047 1395.271 1395.346 1395.422 1395.497 1395.572 1395.572 1395.572 1395.572 1395.572 1395.484 1395.302 1395.119
1400.0 1400.0 1400.0 1400.0 1400.0 1400.0 1400.0 1400.0 1400.0 1400.0 1400.0 1400.0 1400.0 1400.0 1400.0 1400.0 1400.0 1400.0 1400.0 1400.0 1399.967 1399.859 1399.751 1399.643 1399.535 1399.383 1399.219 1399.053 1398.889 1398.672 1398.285 1397.898 1397.511 1397.124 1396.621 1396.066 1395.511 1394.956 1394.476 1394.393 1394.309 1394.225 1394.141 1394.132 1394.168 1394.204 1394.24 1394.309 1394.731 1395.152 1395.573 1395.995 1396.244 1396.352 1396.46 1396.568 1396.674 1396.674 1396.674 1396.674 1396.674 1396.594 1396.428 1396.262
1400.0 1400.0 1400.0 1400.0 1400.0 1400.0 1400.0 1400.0 1400.0 1400.0 1400.0 1400.0 1400.0 1400.0 1400.0 1400.0 1400.0 1400.0 1400.0 1400.0 1399.957 1399.817 1399.677 1399.536 1399.396 1399.232 1399.062 1398.892 1398.721 1398.504 1398.134 1397.763 1397.392 1397.021 1396.56 1396.059 1395.559 1395.058 1394.648 1394.715 1394.782 1394.849 1394.917 1394.971 1395.018 1395.065 1395.112 1395.193 1395.63 1396.068 1396.505 1396.943 1397.217 1397.357 1397.498 1397.638 1397.776 1397.776 1397.776 1397.776 1397.776 1397.704 1397.554 1397.404
1399.941 1399.941 1399.941 1399.941 1399.941 1399.941 1399.941 1399.941 1399.941 1399.941 1399.941 1399.943 1399.947 1399.952 1399.956 1399.96 1399.95 1399.937 1399.924 1399.911 1399.86 1399.722 1399.584 1399.445 1399.307 1399.146 1398.979 1398.812 1398.645 1398.436 1398.09 1397.745 1397.399 1397.053 1396.669 1396.27 1395.87 1395.471 1395.154 1395.274 1395.393 1395.513 1395.632 1395.727 1395.806 1395.885 1395.964 1396.071 1396.473 1396.875 1397.278 1397.68 1397.941 1398.088 1398.235 1398.382 1398.527 1398.54 1398.553 1398.566 1398.579 1398.509 1398.349 1398.189
1399.868 1399.868 1399.868 1399.868 1399.868 1399.868 1399.868 1399.868 1399.868 1399.868 1399.868 1399.872 1399.881 1399.891 1399.901 1399.91 1399.887 1399.858 1399.829 1399.8 1399.741 1399.614 1399.486 1399.358 1399.231 1399.077 1398.915 1398.754 1398.592 1398.394 1398.075 1397.756 1397.437 1397.118 1396.822 1396.536 1396.25 1395.964 1395.746 1395.893 1396.039 1396.186 1396.332 1396.461 1396.577 1396.694 1396.811 1396.949 1397.302 1397.656 1398.009 1398.363 1398.603 1398.75 1398.897 1399.044 1399.189 1399.218 1399.247 1399.276 1399.305 1399.236 1399.06 1398.884
1399.794 1399.794 1399.794 1399.794 1399.794 1399.794 1399.794 1399.794 1399.794 1399.794 1399.794 1399.8 1399.815 1399.83 1399.845 1399.861 1399.825 1399.78 1399.734 1399.689 1399.622 1399.505 1399.388 1399.272 1399.155 1399.008 1398.851 1398.695 1398.539 1398.351 1398.059 1397.767 1397.475 1397.183 1396.974 1396.802 1396.629 1396.456 1396.339 1396.512 1396.686 1396.859 1397.033 1397.194 1397.349 1397.504 1397.659 1397.826 1398.131 1398.436 1398.741 1399.046 1399.264 1399.411 1399.558 1399.705 1399.85 1399.896 1399.941 1399.986 1400.032 1399.964 1399.771 1399.579
1399.721 1399.721 1399.721 1399.721 1399.721 1399.721 1399.721 1399.721 1399.721 1399.721 1399.721 1399.729 1399.749 1399.77 1399.79 1399.811 1399.762 1399.701 1399.639 1399.578 1399.503 1399.397 1399.291 1399.185 1399.079 1398.938 1398.787 1398.636 1398.485 1398.308 1398.043 1397.778 1397.513 1397.249 1397.127 1397.067 1397.008 1396.949 1396.931 1397.131 1397.332 1397.532 1397.733 1397.928 1398.121 1398.313 1398.506 1398.704 1398.96 1399.217 1399.473 1399.729 1399.925 1400.072 1400.219 1400.366 1400.512 1400.574 1400.635 1400.697 1400.758 1400.691 1400.482 1400.274
1399.648 1399.635 1399.628 1399.628 1399.628 1399.628 1399.628 1399.628 1399.628 1399.628 1399.628 1399.637 1399.66 1399.683 1399.706 1399.729 1399.675 1399.606 1399.536 1399.467 1399.391 1399.298 1399.206 1399.114 1399.021 1398.884 1398.733 1398.582 1398.43 1398.261 1398.03 1397.799 1397.568 1397.337 1397.292 1397.328 1397.363 1397.399 1397.464 1397.68 1397.896 1398.112 1398.329 1398.55 1398.775 1398.999 1399.224 1399.447 1399.655 1399.863 1400.071 1400.278 1400.455 1400.606 1400.757 1400.909 1401.059 1401.141 1401.223 1401.305 1401.386 1401.33 1401.122 1400.914
1399.576 1399.515 1399.481 1399.481 1399.481 1399.481 1399.481 1399.481 1399.481 1399.481 1399.481 1399.488 1399.506 1399.523 1399.541 1399.559 1399.517 1399.464 1399.411 1399.358 1399.299 1399.229 1399.158 1399.087 1399.016 1398.871 1398.704 1398.537 1398.369 1398.2 1398.023 1397.846 1397.669 1397.492 1397.493 1397.572 1397.651 1397.73 1397.828 1398.029 1398.229 1398.429 1398.629 1398.854 1399.095 1399.336 1399.577 1399.81 1399.97 1400.129 1400.288 1400.447 1400.611 1400.778 1400.946 1401.113 1401.28 1401.394 1401.508 1401.623 1401.737 1401.72 1401.561 1401.402
1399.505 1399.395 1399.334 1399.334 1399.334 1399.334 1399.334 1399.334 1399.334 1399.334 1399.334 1399.339 1399.351 1399.364 1399.376 1399.388 1399.359 1399.322 1399.285 1399.249 1399.208 1399.159 1399.11 1399.061 1399.011 1398.859 1398.675 1398.492 1398.308 1398.139 1398.016 1397.893 1397.77 1397.647 1397.695 1397.817 1397.939 1398.061 1398.193 1398.377 1398.561 1398.745 1398.929 1399.158 1399.415 1399.672 1399.929 1400.174 1400.284 1400.395 1400.505 1400.616 1400.767 1400.95 1401.134 1401.318 1401.5 1401.647 1401.794 1401.941 1402.088 1402.111 1402.001 1401.89
1399.433 1399.275 1399.187 1399.187 1399.187 1399.187 1399.187 1399.187 1399.187 1399.187 1399.187 1399.19 1399.197 1399.204 1399.211 1399.218 1399.201 1399.181 1399.16 1399.139 1399.117 1399.089 1399.062 1399.034 1399.006 1398.847 1398.647 1398.447 1398.247 1398.078 1398.009 1397.94 1397.871 1397.802 1397.896 1398.062 1398.227 1398.392 1398.558 1398.726 1398.893 1399.061 1399.229 1399.462 1399.735 1400.009 1400.282 1400.537 1400.599 1400.661 1400.723 1400.785 1400.923 1401.122 1401.322 1401.522 1401.721 1401.901 1402.08 1402.259 1402.438 1402.502 1402.44 1402.378
1399.362 1399.155 1399.041 1399.041 1399.041 1399.041 1399.041 1399.041 1399.041 1399.041 1399.041 1399.041 1399.042 1399.044 1399.046 1399.047 1399.043 1399.039 1399.035 1399.03 1399.025 1399.019 1399.013 1399.007 1399.001 1398.834 1398.618 1398.402 1398.186 1398.017 1398.002 1397.987 1397.972 1397.957 1398.098 1398.306 1398.515 1398.724 1398.923 1399.074 1399.226 1399.377 1399.529 1399.766 1400.056 1400.345 1400.635 1400.9 1400.913 1400.927 1400.94 1400.953 1401.078 1401.294 1401.51 1401.726 1401.942 1402.154 1402.365 1402.577 1402.788 1402.892 1402.879 1402.866
1399.342 1399.121 1399.0 1399.0 1399.0 1399.0 1399.0 1399.0 1399.0 1399.0 1399.0 1399.0 1399.0 1399.0 1399.0 1399.0 1399.0 1399.0 1399.0 1399.0 1399.0 1399.0 1399.0 1399.0 1399.0 1398.849 1398.652 1398.455 1398.258 1398.107 1398.111 1398.115 1398.119 1398.123 1398.259 1398.452 1398.645 1398.838 1399.028 1399.202 1399.376 1399.551 1399.725 1399.962 1400.236 1400.511 1400.785 1401.038 1401.065 1401.093 1401.12 1401.147 1401.29 1401.526 1401.762 1401.998 1402.234 1402.446 1402.659 1402.872 1403.084 1403.203 1403.218 1403.234
1399.342 1399.121 1399.0 1399.0 1399.0 1399.0 1399.0 1399.0 1399.0 1399.0 1399.0 1399.0 1399.0 1399.0 1399.0 1399.0 1399.0 1399.0 1399.0 1399.0 1399.0 1399.0 1399.0 1399.0 1399.0 1398.874 1398.709 1398.544 1398.38 1398.256 1398.265 1398.274 1398.284 1398.293 1398.404 1398.559 1398.714 1398.87 1399.034 1399.246 1399.458 1399.67 1399.882 1400.117 1400.364 1400.611 1400.859 1401.09 1401.155 1401.221 1401.286 1401.351 1401.522 1401.78 1402.037 1402.295 1402.552 1402.754 1402.956 1403.158 1403.359 1403.483 1403.52 1403.557
1399.342 1399.121 1399.0 1399.0 1399.0 1399.0 1399.0 1399.0 1399.0 1399.0 1399.0 1399.0 1399.0 1399.0 1399.0 1399.0 1399.0 1399.0 1399.0 1399.0 1399.0 1399.0 1399.0 1399.0 1399.0 1398.898 1398.766 1398.634 1398.502 1398.404 1398.419 1398.433 1398.448 1398.463 1398.549 1398.666 1398.784 1398.901 1399.04 1399.29 1399.54 1399.79 1400.04 1400.271 1400.492 1400.712 1400.932 1401.142 1401.245 1401.348 1401.451 1401.554 1401.755 1402.034 1402.313 1402.592 1402.87 1403.061 1403.252 1403.443 1403.635 1403.762 1403.821 1403.88
