data/zism_data/00983_01_D.txt
ncols         224
nrows         224
[rows 93 to 123 of 224, columns 138 to 206 of 224]
1198.0 1198.0 1198.0 1198.0 1198.0 1198.0 1198.0 1198.0 1198.0 1198.0 1198.0 1198.0 1198.0 1198.0 1198.0 1198.0 1198.0 1198.0 1198.0 1198.0 1198.0 1198.0 1198.0 1198.0 1198.0 1198.0 1198.0 1198.0 1198.0 1198.0 1197.834 1197.664 1197.493 1197.323 1197.204 1197.155 1197.105 1197.055 1197.005 1197.0 1197.0 1197.0 1197.0 1197.0 1197.0 1197.0 1197.0 1197.0 1197.0 1197.0 1197.0 1197.0 1197.0 1197.0 1197.0 1197.0 1197.0 1197.0 1197.0 1197.0 1197.0 1197.0 1197.0 1197.0 1197.0 1197.0 1197.034 1197.084 1197.134
1198.0 1198.0 1198.0 1198.0 1198.0 1198.0 1198.0 1198.0 1198.0 1198.0 1198.0 1198.0 1198.0 1198.0 1198.0 1198.0 1198.0 1198.0 1198.0 1198.0 1198.0 1198.0 1198.0 1198.0 1198.0 1198.0 1198.0 1198.0 1198.0 1198.0 1197.787 1197.568 1197.349 1197.13 1197.006 1197.004 1197.003 1197.002 1197.0 1197.0 1197.0 1197.0 1197.0 1197.0 1197.0 1197.0 1197.0 1197.0 1197.0 1197.0 1197.0 1197.0 1197.0 1197.0 1197.0 1197.0 1197.0 1197.0 1197.0 1197.0 1197.0 1197.0 1197.0 1197.0 1197.0 1197.0 1197.001 1197.002 1197.004
1198.0 1198.0 1198.0 1198.0 1198.0 1198.0 1198.0 1198.0 1198.0 1198.0 1198.0 1198.0 1198.0 1198.0 1198.0 1198.0 1198.0 1198.0 1198.0 1198.0 1198.0 1198.0 1198.0 1198.0 1198.0 1198.0 1198.0 1198.0 1198.0 1198.0 1197.786 1197.566 1197.345 1197.125 1197.0 1197.0 1197.0 1197.0 1197.0 1197.0 1197.0 1197.0 1197.0 1197.0 1197.0 1197.0 1197.0 1197.0 1197.0 1197.0 1197.0 1197.0 1197.0 1197.0 1197.0 1197.0 1197.0 1197.0 1197.0 1197.0 1197.0 1197.0 1197.0 1197.0 1197.0 1197.0 1197.0 1197.0 1197.0
1198.0 1198.0 1198.0 1198.0 1198.0 1198.0 1198.0 1198.0 1198.0 1198.0 1198.0 1198.0 1198.0 1198.0 1198.0 1198.0 1198.0 1198.0 1198.0 1198.0 1198.0 1198.0 1198.0 1198.0 1198.0 1198.0 1198.0 1198.0 1198.0 1198.0 1197.786 1197.566 1197.345 1197.125 1197.0 1197.0 1197.0 1197.0 1197.0 1197.0 1197.0 1197.0 1197.0 1197.0 1197.0 1197.0 1197.0 1197.0 1197.0 1197.0 1197.0 1197.0 1197.0 1197.0 1197.0 1197.0 1197.0 1197.0 1197.0 1197.0 1197.0 1197.0 1197.0 1197.0 1197.0 1197.0 1197.0 1197.0 1197.0
1198.0 1198.0 1198.0 1198.0 1198.0 1198.0 1198.0 1198.0 1198.0 1198.0 1198.0 1198.0 1198.0 1198.0 1198.0 1198.0 1198.0 1198.0 1198.0 1198.0 1198.0 1198.0 1198.0 1198.0 1198.0 1198.0 1198.0 1198.0 1198.0 1198.0 1197.786 1197.566 1197.345 1197.125 1197.0 1197.0 1197.0 1197.0 1197.0 1197.0 1197.0 1197.0 1197.0 1197.0 1197.0 1197.0 1197.0 1197.0 1197.0 1197.0 1197.0 1197.0 1197.0 1197.0 1197.0 1197.0 1197.0 1197.0 1197.0 1197.0 1197.0 1197.0 1197.0 1197.0 1197.0 1197.0 1197.0 1197.0 1197.0
1198.0 1198.0 1198.0 1198.0 1198.0 1198.0 1198.0 1198.0 1198.0 1198.0 1198.0 1198.0 1198.0 1198.0 1198.0 1198.0 1198.0 1198.0 1198.0 1198.0 1198.0 1198.0 1198.0 1198.0 1198.0 1198.0 1198.0 1198.0 1198.0 1198.0 1197.786 1197.566 1197.345 1197.125 1197.0 1197.0 1197.0 1197.0 1197.0 1197.0 1197.0 1197.0 1197.0 1197.0 1197.0 1197.0 1197.0 1197.0 1197.0 1197.0 1197.0 1197.0 1197.0 1197.0 1197.0 1197.0 1197.0 1197.0 1197.0 1197.0 1197.0 1197.0 1197.0 1197.0 1197.0 1197.0 1197.0 1197.0 1197.0
1198.0 1198.0 1198.0 1198.0 1198.0 1198.0 1198.0 1198.0 1198.0 1198.0 1198.0 1198.0 1198.0 1198.0 1198.0 1198.0 1198.0 1198.0 1198.0 1198.0 1198.0 1198.0 1198.0 1198.0 1198.0 1198.0 1198.0 1198.0 1198.0 1198.0 1197.806 1197.606 1197.406 1197.205 1197.083 1197.063 1197.043 1197.022 1197.002 1197.0 1197.0 1197.0 1197.0 1197.0 1197.0 1197.0 1197.0 1197.0 1197.0 1197.0 1197.0 1197.0 1197.0 1197.0 1197.0 1197.0 1197.0 1197.0 1197.0 1197.0 1197.0 1197.0 1197.0 1197.0 1197.0 1197.0 1197.0 1197.0 1197.0
1198.0 1198.0 1198.0 1198.0 1198.0 1198.0 1198.0 1198.0 1198.0 1198.0 1198.0 1198.0 1198.0 1198.0 1198.0 1198.0 1198.0 1198.0 1198.0 1198.0 1198.0 1198.0 1198.0 1198.0 1198.0 1198.0 1198.0 1198.0 1198.0 1198.0 1197.853 1197.701 1197.549 1197.398 1197.282 1197.213 1197.145 1197.076 1197.007 1197.0 1197.0 1197.0 1197.0 1197.0 1197.0 1197.0 1197.0 1197.0 1197.0 1197.0 1197.0 1197.0 1197.0 1197.0 1197.0 1197.0 1197.0 1197.0 1197.0 1197.0 1197.0 1197.0 1197.0 1197.0 1197.0 1197.0 1197.0 1197.0 1197.0
1198.0 1198.0 1198.0 1198.0 1198.0 1198.0 1198.0 1198.0 1198.0 1198.0 1198.0 1198.0 1198.0 1198.0 1198.0 1198.0 1198.0 1198.0 1198.0 1198.0 1198.0 1198.0 1198.0 1198.0 1198.0 1198.0 1198.0 1198.0 1198.0 1198.0 1197.9 1197.797 1197.693 1197.59 1197.481 1197.364 1197.246 1197.129 1197.012 1197.0 1197.0 1197.0 1197.0 1197.0 1197.0 1197.0 1197.0 1197.0 1197.0 1197.0 1197.0 1197.0 1197.0 1197.0 1197.0 1197.0 1197.0 1197.0 1197.0 1197.0 1197.0 1197.0 1197.0 1197.0 1197.0 1197.0 1197.0 1197.0 1197.0
1198.0 1198.0 1198.0 1198.0 1198.0 1198.0 1198.0 1198.0 1198.0 1198.0 1198.0 1198.0 1198.0 1198.0 1198.0 1198.0 1198.0 1198.0 1198.0 1198.0 1198.0 1198.0 1198.0 1198.0 1198.0 1198.0 1198.0 1198.0 1198.0 1198.0 1197.947 1197.892 1197.837 1197.783 1197.68 1197.514 1197.348 1197.182 1197.017 1197.0 1197.0 1197.0 1197.0 1197.0 1197.0 1197.0 1197.0 1197.0 1197.0 1197.0 1197.0 1197.0 1197.0 1197.0 1197.0 1197.0 1197.0 1197.0 1197.0 1197.0 1197.0 1197.0 1197.0 1197.0 1197.0 1197.0 1197.0 1197.0 1197.0
1198.0 1198.0 1198.0 1198.0 1198.0 1198.0 1198.0 1198.0 1198.0 1198.0 1198.0 1198.0 1198.0 1198.0 1198.0 1198.0 1198.0 1198.0 1198.0 1198.0 1198.0 1198.0 1198.0 1198.0 1198.0 1198.0 1198.0 1198.0 1198.0 1198.0 1197.994 1197.988 1197.981 1197.975 1197.878 1197.664 1197.45 1197.236 1197.022 1197.0 1197.0 1197.0 1197.0 1197.0 1197.0 1197.0 1197.0 1197.0 1197.0 1197.0 1197.0 1197.0 1197.0 1197.0 1197.0 1197.0 1197.0 1197.0 1197.0 1197.0 1197.0 1197.0 1197.0 1197.0 1197.0 1197.0 1197.0 1197.0 1197.0
1198.017 1198.008 1198.0 1198.0 1198.0 1198.0 1198.0 1198.0 1198.0 1198.0 1198.0 1198.0 1198.0 1198.0 1198.0 1198.0 1198.0 1198.0 1198.0 1198.0 1198.0 1198.0 1198.0 1198.0 1198.0 1198.0 1198.0 1198.0 1198.0 1198.0 1198.0 1198.0 1198.0 1198.0 1197.908 1197.697 1197.486 1197.275 1197.064 1197.034 1197.025 1197.015 1197.006 1197.0 1197.0 1197.0 1197.0 1197.0 1197.0 1197.0 1197.0 1197.0 1197.0 1197.0 1197.0 1197.0 1197.0 1197.0 1197.0 1197.0 1197.0 1197.0 1197.0 1197.0 1197.0 1197.0 1197.0 1197.0 1197.0
1198.036 1198.016 1198.0 1198.0 1198.0 1198.0 1198.0 1198.0 1198.0 1198.0 1198.0 1198.0 1198.0 1198.0 1198.0 1198.0 1198.0 1198.0 1198.0 1198.0 1198.0 1198.0 1198.0 1198.0 1198.0 1198.0 1198.0 1198.0 1198.0 1198.0 1198.0 1198.0 1198.0 1198.0 1197.913 1197.713 1197.512 1197.312 1197.112 1197.073 1197.053 1197.033 1197.013 1197.0 1197.0 1197.0 1197.0 1197.0 1197.0 1197.0 1197.0 1197.0 1197.0 1197.0 1197.0 1197.0 1197.0 1197.0 1197.0 1197.0 1197.0 1197.0 1197.0 1197.0 1197.0 1197.0 1197.0 1197.0 1197.0
1198.056 1198.025 1198.0 1198.0 1198.0 1198.0 1198.0 1198.0 1198.0 1198.0 1198.0 1198.0 1198.0 1198.0 1198.0 1198.0 1198.0 1198.0 1198.0 1198.0 1198.0 1198.0 1198.0 1198.0 1198.0 1198.0 1198.0 1198.0 1198.0 1198.0 1198.0 1198.0 1198.0 1198.0 1197.918 1197.728 1197.538 1197.349 1197.159 1197.112 1197.082 1197.051 1197.02 1197.0 1197.0 1197.0 1197.0 1197.0 1197.0 1197.0 1197.0 1197.0 1197.0 1197.0 1197.0 1197.0 1197.0 1197.0 1197.0 1197.0 1197.0 1197.0 1197.0 1197.0 1197.0 1197.0 1197.0 1197.0 1197.0
1198.075 1198.034 1198.0 1198.0 1198.0 1198.0 1198.0 1198.0 1198.0 1198.0 1198.0 1198.0 1198.0 1198.0 1198.0 1198.0 1198.0 1198.0 1198.0 1198.0 1198.0 1198.0 1198.0 1198.0 1198.0 1198.0 1198.0 1198.0 1198.0 1198.0 1198.0 1198.0 1198.0 1198.0 1197.922 1197.744 1197.565 1197.386 1197.207 1197.152 1197.11 1197.068 1197.027 1197.0 1197.0 1197.0 1197.0 1197.0 1197.0 1197.0 1197.0 1197.0 1197.0 1197.0 1197.0 1197.0 1197.0 1197.0 1197.0 1197.0 1197.0 1197.0 1197.0 1197.0 1197.0 1197.0 1197.0 1197.0 1197.0
1198.12 1198.062 1198.015 1198.011 1198.008 1198.005 1198.001 1198.0 1198.0 1198.0 1198.0 1198.0 1198.0 1198.0 1198.0 1198.0 1198.0 1198.0 1198.0 1198.0 1198.0 1198.0 1198.0 1198.0 1198.0 1198.0 1198.0 1198.0 1198.0 1198.0 1198.0 1198.0 1198.0 1198.0 1197.926 1197.756 1197.587 1197.417 1197.247 1197.184 1197.134 1197.083 1197.032 1197.0 1197.0 1197.0 1197.0 1197.0 1197.0 1197.0 1197.0 1197.0 1197.0 1197.0 1197.0 1197.0 1197.0 1197.0 1197.0 1197.0 1197.0 1197.0 1197.0 1197.0 1197.0 1197.0 1197.0 1197.0 1197.0
1198.217 1198.133 1198.062 1198.047 1198.033 1198.019 1198.005 1198.0 1198.0 1198.0 1198.0 1198.0 1198.0 1198.0 1198.0 1198.0 1198.0 1198.0 1198.0 1198.0 1198.0 1198.0 1198.0 1198.0 1198.0 1198.0 1198.0 1198.0 1198.0 1198.0 1198.0 1198.0 1198.0 1198.0 1197.929 1197.764 1197.6 1197.436 1197.271 1197.204 1197.148 1197.092 1197.036 1197.0 1197.0 1197.0 1197.0 1197.0 1197.0 1197.0 1197.0 1197.0 1197.0 1197.0 1197.0 1197.0 1197.0 1197.0 1197.0 1197.0 1197.0 1197.0 1197.0 1197.0 1197.0 1197.0 1197.0 1197.0 1197.0
1198.315 1198.204 1198.109 1198.083 1198.059 1198.034 1198.009 1198.0 1198.0 1198.0 1198.0 1198.0 1198.0 1198.0 1198.0 1198.0 1198.0 1198.0 1198.0 1198.0 1198.0 1198.0 1198.0 1198.0 1198.0 1198.0 1198.0 1198.0 1198.0 1198.0 1198.0 1198.0 1198.0 1198.0 1197.931 1197.772 1197.613 1197.454 1197.295 1197.224 1197.162 1197.101 1197.039 1197.0 1197.0 1197.0 1197.0 1197.0 1197.0 1197.0 1197.0 1197.0 1197.0 1197.0 1197.0 1197.0 1197.0 1197.0 1197.0 1197.0 1197.0 1197.0 1197.0 1197.0 1197.0 1197.0 1197.0 1197.0 1197.0
1198.413 1198.274 1198.155 1198.12 1198.084 1198.048 1198.012 1198.0 1198.0 1198.0 1198.0 1198.0 1198.0 1198.0 1198.0 1198.0 1198.0 1198.0 1198.0 1198.0 1198.0 1198.0 1198.0 1198.0 1198.0 1198.0 1198.0 1198.0 1198.0 1198.0 1198.0 1198.0 1198.0 1198.0 1197.933 1197.78 1197.626 1197.472 1197.319 1197.243 1197.176 1197.109 1197.043 1197.0 1197.0 1197.0 1197.0 1197.0 1197.0 1197.0 1197.0 1197.0 1197.0 1197.0 1197.0 1197.0 1197.0 1197.0 1197.0 1197.0 1197.0 1197.0 1197.0 1197.0 1197.0 1197.0 1197.0 1197.0 1197.0
1198.51 1198.345 1198.202 1198.156 1198.109 1198.063 1198.016 1198.0 1198.0 1198.0 1198.0 1198.0 1198.0 1198.0 1198.0 1198.0 1198.0 1198.0 1198.0 1198.0 1198.0 1198.0 1198.0 1198.0 1198.0 1198.0 1198.0 1198.0 1198.0 1198.0 1198.0 1198.0 1198.0 1198.0 1197.936 1197.787 1197.639 1197.491 1197.343 1197.263 1197.191 1197.118 1197.046 1197.0 1197.0 1197.0 1197.0 1197.0 1197.0 1197.0 1197.0 1197.0 1197.0 1197.0 1197.0 1197.0 1197.0 1197.0 1197.0 1197.0 1197.0 1197.0 1197.0 1197.0 1197.0 1197.0 1197.0 1197.0 1197.0
1198.612 1198.469 1198.339 1198.261 1198.183 1198.105 1198.027 1198.0 1198.0 1198.0 1198.0 1198.0 1198.0 1198.0 1198.0 1198.0 1198.0 1198.0 1198.0 1198.0 1198.0 1198.0 1198.0 1198.0 1198.0 1198.0 1198.0 1198.0 1198.0 1198.0 1198.0 1198.0 1198.0 1198.0 1197.931 1197.771 1197.612 1197.453 1197.293 1197.222 1197.161 1197.1 1197.039 1197.0 1197.0 1197.0 1197.0 1197.0 1197.0 1197.0 1197.0 1197.0 1197.0 1197.0 1197.0 1197.0 1197.0 1197.0 1197.0 1197.0 1197.0 1197.0 1197.0 1197.0 1197.0 1197.0 1197.0 1197.0 1197.0
1198.714 1198.609 1198.503 1198.387 1198.271 1198.156 1198.04 1198.0 1198.0 1198.0 1198.0 1198.0 1198.0 1198.0 1198.0 1198.0 1198.0 1198.0 1198.0 1198.0 1198.0 1198.0 1198.0 1198.0 1198.0 1198.0 1198.0 1198.0 1198.0 1198.0 1198.0 1198.0 1198.0 1198.0 1197.924 1197.748 1197.573 1197.397 1197.222 1197.163 1197.119 1197.074 1197.029 1197.0 1197.0 1197.0 1197.0 1197.0 1197.0 1197.0 1197.0 1197.0 1197.0 1197.0 1197.0 1197.0 1197.0 1197.0 1197.0 1197.0 1197.0 1197.0 1197.0 1197.0 1197.0 1197.0 1197.0 1197.0 1197.0
1198.817 1198.75 1198.666 1198.513 1198.36 1198.207 1198.053 1198.0 1198.0 1198.0 1198.0 1198.0 1198.0 1198.0 1198.0 1198.0 1198.0 1198.0 1198.0 1198.0 1198.0 1198.0 1198.0 1198.0 1198.0 1198.0 1198.0 1198.0 1198.0 1198.0 1198.0 1198.0 1198.0 1198.0 1197.917 1197.725 1197.533 1197.342 1197.15 1197.105 1197.076 1197.047 1197.018 1197.0 1197.0 1197.0 1197.0 1197.0 1197.0 1197.0 1197.0 1197.0 1197.0 1197.0 1197.0 1197.0 1197.0 1197.0 1197.0 1197.0 1197.0 1197.0 1197.0 1197.0 1197.0 1197.0 1197.0 1197.0 1197.0
1198.92 1198.89 1198.83 1198.639 1198.448 1198.257 1198.066 1198.0 1198.0 1198.0 1198.0 1198.0 1198.0 1198.0 1198.0 1198.0 1198.0 1198.0 1198.0 1198.0 1198.0 1198.0 1198.0 1198.0 1198.0 1198.0 1198.0 1198.0 1198.0 1198.0 1198.0 1198.0 1198.0 1198.0 1197.91 1197.702 1197.494 1197.286 1197.078 1197.046 1197.033 1197.021 1197.008 1197.0 1197.0 1197.0 1197.0 1197.0 1197.0 1197.0 1197.0 1197.0 1197.0 1197.0 1197.0 1197.0 1197.0 1197.0 1197.0 1197.0 1197.0 1197.0 1197.0 1197.0 1197.0 1197.0 1197.0 1197.0 1197.0
1199.0 1199.0 1198.96 1198.746 1198.533 1198.319 1198.106 1198.027 1198.02 1198.013 1198.006 1198.0 1198.0 1198.0 1198.0 1198.0 1198.0 1198.0 1198.0 1198.0 1198.0 1198.0 1198.0 1198.0 1198.0 1198.0 1198.0 1198.0 1198.0 1198.0 1198.0 1198.0 1198.0 1198.0 1197.906 1197.689 1197.472 1197.255 1197.038 1197.013 1197.009 1197.006 1197.002 1197.0 1197.0 1197.0 1197.0 1197.0 1197.0 1197.0 1197.0 1197.0 1197.0 1197.0 1197.0 1197.0 1197.0 1197.0 1197.0 1197.0 1197.0 1196.999 1196.994 1196.99 1196.985 1196.98 1196.976 1196.971 1196.966
1199.0 1199.0 1198.966 1198.785 1198.604 1198.422 1198.241 1198.153 1198.113 1198.074 1198.035 1198.0 1198.0 1198.0 1198.0 1198.0 1198.0 1198.0 1198.0 1198.0 1198.0 1198.0 1198.0 1198.0 1198.0 1198.0 1198.0 1198.0 1198.0 1198.0 1198.0 1198.0 1198.0 1198.0 1197.913 1197.712 1197.511 1197.31 1197.109 1197.072 1197.052 1197.032 1197.013 1197.0 1197.0 1197.0 1197.0 1197.0 1197.0 1197.0 1197.0 1197.0 1197.0 1197.0 1197.0 1197.0 1197.0 1197.0 1197.0 1197.0 1197.0 1196.994 1196.968 1196.942 1196.916 1196.889 1196.863 1196.837 1196.811
1199.0 1199.0 1198.972 1198.823 1198.674 1198.526 1198.377 1198.278 1198.207 1198.135 1198.063 1198.0 1198.0 1198.0 1198.0 1198.0 1198.0 1198.0 1198.0 1198.0 1198.0 1198.0 1198.0 1198.0 1198.0 1198.0 1198.0 1198.0 1198.0 1198.0 1198.0 1198.0 1198.0 1198.0 1197.92 1197.735 1197.55 1197.366 1197.181 1197.13 1197.094 1197.059 1197.023 1197.0 1197.0 1197.0 1197.0 1197.0 1197.0 1197.0 1197.0 1197.0 1197.0 1197.0 1197.0 1197.0 1197.0 1197.0 1197.0 1197.0 1197.0 1196.99 1196.942 1196.894 1196.846 1196.799 1196.751 1196.703 1196.655
1199.0 1199.0 1198.978 1198.862 1198.745 1198.628 1198.512 1198.404 1198.3 1198.196 1198.092 1198.0 1198.0 1198.0 1198.0 1198.0 1198.0 1198.0 1198.0 1198.0 1198.0 1198.0 1198.0 1198.0 1198.0 1198.0 1198.0 1198.0 1198.0 1198.0 1198.0 1198.0 1198.0 1198.0 1197.927 1197.758 1197.59 1197.421 1197.253 1197.189 1197.137 1197.085 1197.033 1197.0 1197.0 1197.0 1197.0 1197.0 1197.0 1197.0 1197.0 1197.0 1197.0 1197.0 1197.0 1197.0 1197.0 1197.0 1197.0 1197.0 1197.0 1196.985 1196.916 1196.846 1196.777 1196.708 1196.639 1196.569 1196.5
1199.0 1199.0 1198.984 1198.9 1198.816 1198.731 1198.647 1198.529 1198.393 1198.257 1198.12 1198.0 1198.0 1198.0 1198.0 1198.0 1198.0 1198.0 1198.0 1198.0 1198.0 1198.0 1198.0 1198.0 1198.0 1198.0 1198.0 1198.0 1198.0 1198.0 1198.0 1198.0 1198.0 1198.0 1197.934 1197.781 1197.629 1197.477 1197.324 1197.248 1197.18 1197.112 1197.043 1197.0 1197.0 1197.0 1197.0 1197.0 1197.0 1197.0 1197.0 1197.0 1197.0 1197.0 1197.0 1197.0 1197.0 1197.0 1197.0 1197.0 1197.0 1196.98 1196.889 1196.799 1196.708 1196.617 1196.526 1196.435 1196.345
1199.0 1199.0 1198.988 1198.926 1198.863 1198.8 1198.737 1198.624 1198.485 1198.345 1198.205 1198.079 1198.061 1198.043 1198.026 1198.008 1198.0 1198.0 1198.0 1198.0 1198.0 1198.0 1198.0 1198.0 1198.0 1198.0 1198.0 1198.0 1198.0 1198.0 1198.0 1198.0 1198.0 1198.0 1197.936 1197.789 1197.642 1197.495 1197.348 1197.267 1197.194 1197.12 1197.047 1197.0 1197.0 1197.0 1197.0 1197.0 1197.0 1197.0 1197.0 1197.0 1197.0 1197.0 1197.0 1197.0 1197.0 1197.0 1197.0 1197.0 1197.0 1196.975 1196.859 1196.743 1196.627 1196.511 1196.417 1196.334 1196.25
1199.0 1199.0 1198.991 1198.945 1198.898 1198.852 1198.805 1198.705 1198.576 1198.447 1198.318 1198.198 1198.153 1198.109 1198.064 1198.019 1198.0 1198.0 1198.0 1198.0 1198.0 1198.0 1198.0 1198.0 1198.0 1198.0 1198.0 1198.0 1198.0 1198.0 1198.0 1198.0 1198.0 1198.0 1197.936 1197.789 1197.642 1197.495 1197.348 1197.267 1197.194 1197.12 1197.047 1197.0 1197.0 1197.0 1197.0 1197.0 1197.0 1197.0 1197.0 1197.0 1197.0 1197.0 1197.0 1197.0 1197.0 1197.0 1197.0 1197.0 1197.0 1196.969 1196.826 1196.683 1196.54 1196.398 1196.31 1196.248 1196.186
