data/zism_data/00989_04_D.txt
ncols         224
nrows         224
[rows 112 to 139 of 224, columns 63 to 125 of 224]
1378.57 1377.835 1377.1 1376.365 1375.63 1374.896 1374.161 1373.426 1372.753 1372.165 1371.577 1370.989 1370.401 1369.814 1369.226 1368.638 1368.05 1367.462 1366.874 1366.286 1365.699 1365.111 1364.575 1364.052 1363.529 1363.006 1362.445 1361.785 1361.125 1360.465 1359.805 1359.204 1358.623 1358.043 1357.463 1356.895 1356.378 1355.861 1355.344 1354.828 1354.356 1353.906 1353.456 1353.007 1352.565 1352.179 1351.793 1351.407 1351.021 1350.521 1349.945 1349.368 1348.792 1348.227 1347.857 1347.487 1347.117 1346.747 1346.265 1345.68 1345.094 1344.509 1343.924
1378.57 1377.835 1377.1 1376.365 1375.63 1374.896 1374.161 1373.426 1372.753 1372.165 1371.577 1370.989 1370.401 1369.814 1369.226 1368.638 1368.05 1367.462 1366.874 1366.286 1365.699 1365.111 1364.545 1363.984 1363.423 1362.862 1362.276 1361.621 1360.966 1360.312 1359.657 1359.081 1358.533 1357.985 1357.437 1356.893 1356.365 1355.838 1355.31 1354.782 1354.282 1353.794 1353.307 1352.82 1352.335 1351.868 1351.401 1350.934 1350.468 1349.964 1349.436 1348.908 1348.38 1347.86 1347.479 1347.099 1346.718 1346.337 1345.855 1345.281 1344.706 1344.132 1343.557
1378.57 1377.835 1377.1 1376.365 1375.63 1374.896 1374.161 1373.426 1372.753 1372.165 1371.577 1370.989 1370.401 1369.814 1369.226 1368.638 1368.05 1367.462 1366.874 1366.286 1365.699 1365.111 1364.514 1363.916 1363.317 1362.719 1362.106 1361.457 1360.808 1360.158 1359.509 1358.958 1358.443 1357.927 1357.411 1356.891 1356.352 1355.814 1355.276 1354.737 1354.208 1353.683 1353.158 1352.633 1352.105 1351.557 1351.01 1350.462 1349.914 1349.407 1348.927 1348.448 1347.968 1347.493 1347.102 1346.71 1346.319 1345.927 1345.446 1344.882 1344.318 1343.755 1343.191
1378.57 1377.835 1377.1 1376.365 1375.63 1374.896 1374.161 1373.426 1372.753 1372.165 1371.577 1370.989 1370.401 1369.814 1369.226 1368.638 1368.05 1367.462 1366.874 1366.286 1365.699 1365.111 1364.484 1363.848 1363.211 1362.575 1361.937 1361.293 1360.649 1360.005 1359.361 1358.836 1358.352 1357.869 1357.385 1356.889 1356.339 1355.79 1355.241 1354.692 1354.134 1353.571 1353.008 1352.446 1351.875 1351.246 1350.618 1349.989 1349.361 1348.85 1348.419 1347.987 1347.556 1347.126 1346.724 1346.322 1345.92 1345.517 1345.037 1344.484 1343.93 1343.377 1342.824
1378.57 1377.835 1377.1 1376.365 1375.63 1374.896 1374.161 1373.426 1372.753 1372.165 1371.577 1370.989 1370.401 1369.814 1369.226 1368.638 1368.05 1367.462 1366.874 1366.286 1365.699 1365.111 1364.453 1363.779 1363.105 1362.432 1361.768 1361.129 1360.49 1359.852 1359.213 1358.713 1358.262 1357.811 1357.36 1356.886 1356.326 1355.766 1355.207 1354.647 1354.06 1353.459 1352.859 1352.259 1351.644 1350.935 1350.226 1349.517 1348.808 1348.293 1347.91 1347.527 1347.144 1346.76 1346.346 1345.933 1345.521 1345.108 1344.627 1344.085 1343.542 1343.0 1342.458
1378.57 1377.835 1377.1 1376.365 1375.63 1374.896 1374.161 1373.426 1372.753 1372.165 1371.577 1370.989 1370.401 1369.814 1369.226 1368.638 1368.05 1367.462 1366.874 1366.286 1365.699 1365.111 1364.411 1363.684 1362.958 1362.232 1361.538 1360.927 1360.315 1359.704 1359.093 1358.594 1358.135 1357.676 1357.216 1356.737 1356.177 1355.617 1355.058 1354.498 1353.898 1353.279 1352.659 1352.039 1351.408 1350.699 1349.99 1349.28 1348.571 1348.045 1347.645 1347.245 1346.844 1346.443 1346.023 1345.603 1345.182 1344.762 1344.282 1343.747 1343.212 1342.677 1342.141
1378.57 1377.835 1377.1 1376.365 1375.63 1374.896 1374.161 1373.426 1372.753 1372.165 1371.577 1370.989 1370.401 1369.814 1369.226 1368.638 1368.05 1367.462 1366.874 1366.286 1365.699 1365.111 1364.363 1363.577 1362.792 1362.006 1361.279 1360.706 1360.132 1359.559 1358.985 1358.476 1357.99 1357.504 1357.018 1356.518 1355.964 1355.409 1354.855 1354.301 1353.696 1353.065 1352.435 1351.804 1351.169 1350.497 1349.826 1349.154 1348.483 1347.943 1347.495 1347.046 1346.597 1346.149 1345.724 1345.298 1344.873 1344.448 1343.968 1343.438 1342.908 1342.378 1341.848
1378.57 1377.835 1377.1 1376.365 1375.63 1374.896 1374.161 1373.426 1372.753 1372.165 1371.577 1370.989 1370.401 1369.814 1369.226 1368.638 1368.05 1367.462 1366.874 1366.286 1365.699 1365.111 1364.315 1363.47 1362.625 1361.781 1361.021 1360.485 1359.95 1359.414 1358.878 1358.359 1357.846 1357.333 1356.82 1356.299 1355.75 1355.202 1354.653 1354.104 1353.493 1352.852 1352.211 1351.57 1350.929 1350.296 1349.662 1349.028 1348.394 1347.841 1347.344 1346.847 1346.35 1345.856 1345.425 1344.995 1344.564 1344.133 1343.653 1343.129 1342.604 1342.08 1341.555
1378.57 1377.835 1377.1 1376.365 1375.63 1374.896 1374.161 1373.426 1372.753 1372.165 1371.577 1370.989 1370.401 1369.814 1369.226 1368.638 1368.05 1367.462 1366.874 1366.286 1365.699 1365.111 1364.266 1363.363 1362.459 1361.555 1360.763 1360.265 1359.767 1359.269 1358.77 1358.241 1357.701 1357.161 1356.621 1356.081 1355.537 1354.994 1354.45 1353.907 1353.291 1352.639 1351.987 1351.335 1350.69 1350.094 1349.498 1348.902 1348.306 1347.739 1347.194 1346.648 1346.102 1345.563 1345.127 1344.69 1344.254 1343.818 1343.339 1342.819 1342.3 1341.781 1341.262
1378.57 1377.835 1377.1 1376.365 1375.63 1374.896 1374.161 1373.426 1372.753 1372.165 1371.577 1370.989 1370.401 1369.814 1369.226 1368.638 1368.05 1367.462 1366.874 1366.286 1365.699 1365.111 1364.225 1363.269 1362.314 1361.359 1360.538 1360.071 1359.604 1359.138 1358.671 1358.134 1357.572 1357.01 1356.448 1355.89 1355.345 1354.801 1354.256 1353.712 1353.088 1352.424 1351.761 1351.097 1350.447 1349.885 1349.323 1348.761 1348.199 1347.623 1347.037 1346.452 1345.866 1345.289 1344.848 1344.407 1343.966 1343.525 1343.045 1342.528 1342.012 1341.495 1340.979
1378.57 1377.835 1377.1 1376.365 1375.63 1374.896 1374.161 1373.426 1372.753 1372.165 1371.577 1370.989 1370.401 1369.814 1369.226 1368.638 1368.05 1367.462 1366.874 1366.286 1365.699 1365.111 1364.225 1363.269 1362.314 1361.359 1360.535 1360.058 1359.58 1359.102 1358.625 1358.093 1357.542 1356.991 1356.439 1355.881 1355.293 1354.706 1354.118 1353.531 1352.882 1352.202 1351.522 1350.843 1350.18 1349.629 1349.078 1348.526 1347.975 1347.413 1346.844 1346.274 1345.704 1345.142 1344.701 1344.26 1343.819 1343.379 1342.89 1342.357 1341.825 1341.292 1340.759
1378.57 1377.835 1377.1 1376.365 1375.63 1374.896 1374.161 1373.426 1372.753 1372.165 1371.577 1370.989 1370.401 1369.814 1369.226 1368.638 1368.05 1367.462 1366.874 1366.286 1365.699 1365.111 1364.225 1363.269 1362.314 1361.359 1360.532 1360.044 1359.556 1359.067 1358.579 1358.052 1357.512 1356.971 1356.431 1355.872 1355.241 1354.611 1353.98 1353.35 1352.676 1351.98 1351.284 1350.588 1349.913 1349.372 1348.832 1348.292 1347.751 1347.203 1346.65 1346.096 1345.543 1344.996 1344.555 1344.114 1343.673 1343.232 1342.735 1342.186 1341.637 1341.089 1340.54
1378.57 1377.835 1377.1 1376.365 1375.63 1374.896 1374.161 1373.426 1372.753 1372.165 1371.577 1370.989 1370.401 1369.814 1369.226 1368.638 1368.05 1367.462 1366.874 1366.286 1365.699 1365.111 1364.225 1363.269 1362.314 1361.359 1360.529 1360.03 1359.531 1359.032 1358.533 1358.011 1357.482 1356.952 1356.422 1355.863 1355.19 1354.516 1353.842 1353.169 1352.469 1351.758 1351.046 1350.334 1349.646 1349.116 1348.586 1348.057 1347.527 1346.993 1346.456 1345.918 1345.381 1344.849 1344.408 1343.967 1343.526 1343.086 1342.58 1342.015 1341.45 1340.885 1340.32
1378.57 1377.835 1377.1 1376.365 1375.63 1374.896 1374.161 1373.426 1372.753 1372.165 1371.577 1370.989 1370.401 1369.814 1369.226 1368.638 1368.05 1367.462 1366.874 1366.286 1365.699 1365.111 1364.225 1363.269 1362.314 1361.359 1360.526 1360.016 1359.507 1358.997 1358.487 1357.97 1357.451 1356.932 1356.414 1355.855 1355.138 1354.421 1353.704 1352.988 1352.263 1351.535 1350.807 1350.079 1349.379 1348.86 1348.341 1347.822 1347.303 1346.783 1346.261 1345.74 1345.219 1344.703 1344.262 1343.821 1343.38 1342.939 1342.425 1341.844 1341.263 1340.682 1340.101
1378.485 1377.759 1377.034 1376.308 1375.586 1374.863 1374.141 1373.419 1372.753 1372.165 1371.577 1370.989 1370.401 1369.814 1369.226 1368.638 1368.05 1367.462 1366.874 1366.286 1365.699 1365.111 1364.225 1363.269 1362.314 1361.359 1360.525 1360.011 1359.496 1358.982 1358.468 1357.953 1357.439 1356.924 1356.41 1355.851 1355.116 1354.381 1353.646 1352.911 1352.177 1351.442 1350.707 1349.972 1349.263 1348.72 1348.178 1347.635 1347.093 1346.571 1346.063 1345.554 1345.046 1344.542 1344.094 1343.647 1343.2 1342.753 1342.237 1341.659 1341.08 1340.502 1339.923
1378.338 1377.629 1376.919 1376.21 1375.509 1374.808 1374.107 1373.406 1372.753 1372.165 1371.577 1370.989 1370.401 1369.814 1369.226 1368.638 1368.05 1367.462 1366.874 1366.286 1365.699 1365.111 1364.225 1363.269 1362.314 1361.359 1360.525 1360.011 1359.496 1358.982 1358.468 1357.953 1357.439 1356.924 1356.41 1355.851 1355.116 1354.381 1353.646 1352.911 1352.177 1351.442 1350.707 1349.972 1349.256 1348.665 1348.074 1347.484 1346.893 1346.357 1345.86 1345.363 1344.865 1344.37 1343.912 1343.454 1342.996 1342.538 1342.026 1341.464 1340.901 1340.339 1339.777
1378.191 1377.498 1376.805 1376.112 1375.432 1374.752 1374.073 1373.394 1372.753 1372.165 1371.577 1370.989 1370.401 1369.814 1369.226 1368.638 1368.05 1367.462 1366.874 1366.286 1365.699 1365.111 1364.225 1363.269 1362.314 1361.359 1360.525 1360.011 1359.496 1358.982 1358.468 1357.953 1357.439 1356.924 1356.41 1355.851 1355.116 1354.381 1353.646 1352.911 1352.177 1351.442 1350.707 1349.972 1349.25 1348.611 1347.971 1347.332 1346.693 1346.144 1345.657 1345.171 1344.684 1344.199 1343.73 1343.261 1342.793 1342.324 1341.815 1341.269 1340.722 1340.176 1339.63
1378.044 1377.367 1376.69 1376.013 1375.355 1374.697 1374.039 1373.381 1372.753 1372.165 1371.577 1370.989 1370.401 1369.814 1369.226 1368.638 1368.05 1367.462 1366.874 1366.286 1365.699 1365.111 1364.225 1363.269 1362.314 1361.359 1360.525 1360.011 1359.496 1358.982 1358.468 1357.953 1357.439 1356.924 1356.41 1355.851 1355.116 1354.381 1353.646 1352.911 1352.177 1351.442 1350.707 1349.972 1349.244 1348.556 1347.868 1347.18 1346.492 1345.931 1345.455 1344.979 1344.503 1344.027 1343.548 1343.068 1342.589 1342.109 1341.603 1341.073 1340.543 1340.013 1339.483
1377.895 1377.235 1376.575 1375.916 1375.278 1374.642 1374.005 1373.369 1372.753 1372.165 1371.577 1370.989 1370.401 1369.814 1369.226 1368.638 1368.05 1367.462 1366.874 1366.286 1365.699 1365.111 1364.225 1363.269 1362.314 1361.359 1360.525 1360.011 1359.496 1358.982 1358.468 1357.953 1357.439 1356.924 1356.41 1355.851 1355.116 1354.381 1353.646 1352.911 1352.177 1351.442 1350.707 1349.972 1349.238 1348.503 1347.768 1347.033 1346.298 1345.723 1345.258 1344.792 1344.326 1343.859 1343.369 1342.879 1342.389 1341.899 1341.396 1340.882 1340.367 1339.853 1339.339
1377.675 1377.063 1376.452 1375.84 1375.22 1374.6 1373.98 1373.359 1372.753 1372.165 1371.577 1370.989 1370.401 1369.814 1369.226 1368.638 1368.05 1367.462 1366.874 1366.286 1365.699 1365.111 1364.225 1363.269 1362.314 1361.359 1360.525 1360.011 1359.496 1358.982 1358.468 1357.953 1357.439 1356.924 1356.41 1355.851 1355.116 1354.381 1353.646 1352.911 1352.177 1351.442 1350.707 1349.972 1349.238 1348.503 1347.768 1347.033 1346.298 1345.717 1345.24 1344.764 1344.287 1343.81 1343.314 1342.819 1342.324 1341.828 1341.323 1340.808 1340.294 1339.78 1339.265
1377.454 1376.891 1376.328 1375.765 1375.162 1374.558 1373.954 1373.35 1372.753 1372.165 1371.577 1370.989 1370.401 1369.814 1369.226 1368.638 1368.05 1367.462 1366.874 1366.286 1365.699 1365.111 1364.225 1363.269 1362.314 1361.359 1360.525 1360.011 1359.496 1358.982 1358.468 1357.953 1357.439 1356.924 1356.41 1355.851 1355.116 1354.381 1353.646 1352.911 1352.177 1351.442 1350.707 1349.972 1349.238 1348.503 1347.768 1347.033 1346.298 1345.71 1345.223 1344.736 1344.249 1343.761 1343.26 1342.759 1342.258 1341.758 1341.25 1340.735 1340.221 1339.707 1339.192
1377.233 1376.719 1376.204 1375.689 1375.105 1374.517 1373.929 1373.341 1372.753 1372.165 1371.577 1370.989 1370.401 1369.814 1369.226 1368.638 1368.05 1367.462 1366.874 1366.286 1365.699 1365.111 1364.225 1363.269 1362.314 1361.359 1360.525 1360.011 1359.496 1358.982 1358.468 1357.953 1357.439 1356.924 1356.41 1355.851 1355.116 1354.381 1353.646 1352.911 1352.177 1351.442 1350.707 1349.972 1349.238 1348.503 1347.768 1347.033 1346.298 1345.704 1345.206 1344.708 1344.21 1343.712 1343.205 1342.699 1342.193 1341.687 1341.176 1340.662 1340.148 1339.633 1339.119
1377.013 1376.546 1376.08 1375.614 1375.047 1374.475 1373.903 1373.331 1372.753 1372.165 1371.577 1370.989 1370.401 1369.814 1369.226 1368.638 1368.05 1367.462 1366.874 1366.286 1365.699 1365.111 1364.225 1363.269 1362.314 1361.359 1360.525 1360.011 1359.496 1358.982 1358.468 1357.953 1357.439 1356.924 1356.41 1355.851 1355.116 1354.381 1353.646 1352.911 1352.177 1351.442 1350.707 1349.972 1349.238 1348.503 1347.768 1347.033 1346.298 1345.698 1345.189 1344.68 1344.171 1343.662 1343.151 1342.639 1342.128 1341.616 1341.103 1340.589 1340.074 1339.56 1339.046
1376.769 1376.328 1375.887 1375.446 1374.893 1374.335 1373.777 1373.219 1372.651 1372.071 1371.491 1370.911 1370.331 1369.75 1369.17 1368.59 1368.01 1367.422 1366.818 1366.215 1365.612 1365.009 1364.138 1363.206 1362.274 1361.342 1360.525 1360.011 1359.496 1358.982 1358.468 1357.953 1357.439 1356.924 1356.41 1355.851 1355.116 1354.381 1353.646 1352.911 1352.177 1351.442 1350.707 1349.972 1349.238 1348.503 1347.768 1347.033 1346.298 1345.694 1345.18 1344.666 1344.151 1343.637 1343.122 1342.608 1342.094 1341.579 1341.065 1340.551 1340.036 1339.522 1339.007
1376.5 1376.059 1375.619 1375.178 1374.635 1374.087 1373.54 1372.993 1372.438 1371.874 1371.31 1370.746 1370.182 1369.618 1369.054 1368.49 1367.926 1367.337 1366.702 1366.066 1365.431 1364.795 1363.958 1363.074 1362.191 1361.307 1360.525 1360.011 1359.496 1358.982 1358.468 1357.953 1357.439 1356.924 1356.41 1355.851 1355.116 1354.381 1353.646 1352.911 1352.177 1351.442 1350.707 1349.972 1349.238 1348.503 1347.768 1347.033 1346.298 1345.694 1345.18 1344.666 1344.151 1343.637 1343.122 1342.608 1342.094 1341.579 1341.065 1340.551 1340.036 1339.522 1339.007
1376.232 1375.791 1375.35 1374.909 1374.377 1373.84 1373.303 1372.766 1372.225 1371.677 1371.13 1370.582 1370.034 1369.486 1368.938 1368.39 1367.842 1367.253 1366.585 1365.917 1365.249 1364.581 1363.778 1362.942 1362.107 1361.272 1360.525 1360.011 1359.496 1358.982 1358.468 1357.953 1357.439 1356.924 1356.41 1355.851 1355.116 1354.381 1353.646 1352.911 1352.177 1351.442 1350.707 1349.972 1349.238 1348.503 1347.768 1347.033 1346.298 1345.694 1345.18 1344.666 1344.151 1343.637 1343.122 1342.608 1342.094 1341.579 1341.065 1340.551 1340.036 1339.522 1339.007
1375.963 1375.522 1375.081 1374.641 1374.118 1373.592 1373.067 1372.541 1372.012 1371.48 1370.949 1370.417 1369.885 1369.354 1368.822 1368.29 1367.759 1367.168 1366.468 1365.768 1365.068 1364.368 1363.597 1362.81 1362.024 1361.237 1360.525 1360.011 1359.496 1358.982 1358.468 1357.953 1357.439 1356.924 1356.41 1355.851 1355.116 1354.381 1353.646 1352.911 1352.177 1351.442 1350.707 1349.972 1349.238 1348.503 1347.768 1347.033 1346.298 1345.694 1345.18 1344.666 1344.151 1343.637 1343.122 1342.608 1342.094 1341.579 1341.065 1340.551 1340.036 1339.522 1339.007
1375.695 1375.254 1374.813 1374.372 1373.86 1373.345 1372.83 1372.315 1371.799 1371.284 1370.768 1370.253 1369.737 1369.221 1368.706 1368.19 1367.675 1367.084 1366.351 1365.619 1364.886 1364.154 1363.417 1362.678 1361.94 1361.202 1360.525 1360.011 1359.496 1358.982 1358.468 1357.953 1357.439 1356.924 1356.41 1355.851 1355.116 1354.381 1353.646 1352.911 1352.177 1351.442 1350.707 1349.972 1349.238 1348.503 1347.768 1347.033 1346.298 1345.694 1345.18 1344.666 1344.151 1343.637 1343.122 1342.608 1342.094 1341.579 1341.065 1340.551 1340.036 1339.522 1339.007
