data/zism_data/00987_02_D.txt
ncols         224
nrows         224
[rows 0 to 27 of 224, columns 128 to 191 of 224]
752.7672 755.296 757.7859 758.9738 760.1617 761.3495 762.5374 762.6045 761.449 760.2935 759.138 757.9825 756.1091 754.1796 752.2502 750.3207 747.9802 744.9599 741.9396 738.9193 735.8989 732.4917 729.0029 725.5142 722.0254 718.8082 716.3053 713.8025 711.2997 708.7968 708.0175 707.893 707.7686 707.6442 708.2548 712.357 716.459 720.5611 724.6633 728.9542 733.3596 737.7646 742.17 746.5673 750.864 755.1606 759.4572 763.754 768.0765 772.4231 776.7695 781.116 785.4623 791.9337 798.4682 805.0027 811.5375 819.0712 827.9832 836.8949 845.8069 854.7186 862.5325 870.1815
749.7281 752.1388 754.5135 755.6799 756.8463 758.0127 759.1791 759.2402 758.0953 756.9506 755.8058 754.6611 752.7586 750.7969 748.8353 746.8737 744.4969 741.4337 738.3704 735.3073 732.244 728.9489 725.605 722.2612 718.9172 715.8596 713.5553 711.251 708.9467 706.6423 706.1354 706.3114 706.4874 706.6635 707.5969 712.1284 716.6597 721.1909 725.7224 730.2487 734.772 739.2952 743.8185 748.3229 752.5875 756.8519 761.1163 765.3809 769.6965 774.0591 778.4215 782.7841 787.1466 793.9987 800.9249 807.8511 814.7776 822.7119 832.037 841.3619 850.6871 860.012 867.8144 875.3882
746.689 748.9817 751.2412 752.3861 753.5311 754.676 755.821 755.8759 754.7419 753.6078 752.4738 751.3397 749.4083 747.4144 745.4206 743.4267 741.0138 737.9075 734.8014 731.6953 728.5891 725.4063 722.2072 719.0082 715.8091 712.9112 710.8053 708.6995 706.5938 704.4879 704.2534 704.7298 705.2063 705.6828 706.9391 711.8998 716.8603 721.8208 726.7814 731.543 736.1843 740.8256 745.4669 750.0785 754.3109 758.5431 762.7753 767.0077 771.3163 775.6949 780.0735 784.4523 788.8308 796.0637 803.3815 810.6994 818.0175 826.3525 836.0908 845.8288 855.5671 865.3051 873.0961 880.5948
743.6498 745.8245 747.9688 749.0922 750.2158 751.3392 752.4627 752.5116 751.3882 750.265 749.1417 748.0183 746.0577 744.0317 742.0057 739.9796 737.5305 734.3813 731.2322 728.0832 724.9341 721.8635 718.8093 715.7551 712.7009 709.9626 708.0553 706.148 704.2408 702.3334 702.3712 703.1482 703.9251 704.7021 706.2813 711.6712 717.0609 722.4506 727.8406 732.8374 737.5968 742.356 747.1155 751.8342 756.0344 760.2344 764.4344 768.6346 772.9362 777.3309 781.7256 786.1204 790.5151 798.1288 805.8383 813.5478 821.2576 829.9932 840.1447 850.2958 860.4473 870.5984 878.378 885.8016
741.1771 743.2761 745.3452 746.4155 747.4858 748.556 749.6263 749.6729 748.6026 747.5323 746.462 745.3917 743.4738 741.4896 739.5054 737.5212 735.0919 731.9262 728.7607 725.5952 722.4296 719.4583 716.5278 713.5974 710.6669 708.1107 706.5394 704.9681 703.3969 701.8255 702.0433 702.9409 703.8386 704.7362 706.4253 711.8743 717.3231 722.772 728.2209 733.3696 738.337 743.3041 748.2715 753.2079 757.7513 762.2946 766.8378 771.3812 776.054 780.8456 785.6371 790.4287 795.2202 803.0151 810.8995 818.7839 826.6686 835.3237 845.0422 854.7604 864.479 874.1973 881.4045 888.2347
738.7126 740.7365 742.7311 743.7478 744.7645 745.7811 746.7977 746.8419 745.8253 744.8087 743.792 742.7753 740.9011 738.9598 737.0186 735.0773 732.6686 729.4869 726.3053 723.1237 719.9419 717.0698 714.2627 711.4557 708.6486 706.275 705.0416 703.8083 702.5751 701.3417 701.7382 702.7538 703.7695 704.7852 706.5811 712.0838 717.5863 723.0887 728.5914 733.8907 739.0673 744.2437 749.4202 754.576 759.4682 764.3602 769.2522 774.1443 779.1938 784.3879 789.5817 794.7758 799.9696 807.943 815.999 824.0551 832.1115 840.679 849.9521 859.2251 868.4983 877.7712 884.3978 890.6271
736.2481 738.1968 740.117 741.08 742.043 743.0059 743.9689 744.0108 743.0478 742.0848 741.1219 740.1589 738.3284 736.43 734.5317 732.6332 730.2453 727.0475 723.8498 720.652 717.4542 714.6812 711.9976 709.314 706.6303 704.4391 703.5438 702.6486 701.7533 700.858 701.433 702.5667 703.7004 704.8342 706.737 712.2933 717.8494 723.4056 728.9619 734.4117 739.7976 745.1832 750.569 755.9442 761.1851 766.4258 771.6666 776.9075 782.3338 787.9302 793.5265 799.1229 804.7192 812.871 821.0988 829.3265 837.5545 846.0344 854.8622 863.6899 872.5178 881.3453 887.3912 893.0197
733.7837 735.6573 737.503 738.4123 739.3217 740.231 741.1403 741.1798 740.2704 739.3611 738.4518 737.5425 735.7557 733.9002 732.0448 730.1893 727.8221 724.6082 721.3943 718.1805 714.9666 712.2927 709.7325 707.1723 704.612 702.6034 702.0461 701.4888 700.9316 700.3743 701.1279 702.3796 703.6313 704.8832 706.8928 712.5028 718.1125 723.7224 729.3323 734.9328 740.5279 746.1227 751.7178 757.3123 762.902 768.4915 774.081 779.6707 785.4736 791.4725 797.4711 803.47 809.4687 817.7988 826.1982 834.5977 842.9974 851.3896 859.7722 868.1545 876.537 884.9193 890.3846 895.4121
731.1171 732.9319 734.7205 735.6274 736.5344 737.4414 738.3484 738.399 737.5153 736.6317 735.748 734.8644 733.1257 731.3201 729.5146 727.7091 725.4012 722.2621 719.1232 715.9843 712.8452 710.3365 707.9603 705.5841 703.2079 701.3936 701.0577 700.7218 700.3859 700.05 700.9298 702.2717 703.6135 704.9553 707.043 712.674 718.3047 723.9355 729.5665 735.2631 740.9998 746.7363 752.4729 758.2155 764.0374 769.8589 775.6805 781.5024 787.5605 793.8359 800.111 806.3863 812.6614 821.0915 829.5856 838.0798 846.5743 854.8489 862.8211 870.793 878.7653 886.7372 891.7217 896.258
728.188 729.9652 731.7192 732.6906 733.6619 734.6333 735.6047 735.6837 734.7893 733.895 733.0005 732.1061 730.4214 728.6749 726.9285 725.1819 722.9836 720.0377 717.0919 714.1461 711.2002 708.9422 706.8289 704.7157 702.6024 700.9977 700.7316 700.4655 700.1993 699.9332 700.871 702.2665 703.662 705.0574 707.1857 712.7952 718.4045 724.0139 729.6234 735.3454 741.1357 746.9258 752.7161 758.5143 764.4166 770.3187 776.2208 782.1231 788.2786 794.6666 801.0543 807.4423 813.8301 822.2582 830.7471 839.2358 847.7249 855.8431 863.4505 871.0576 878.6649 886.272 890.9058 895.0933
725.2587 726.9984 728.7178 729.7535 730.7893 731.8251 732.8608 732.9683 732.0632 731.1581 730.253 729.3478 727.7171 726.0296 724.3422 722.6547 720.5659 717.8131 715.0605 712.3079 709.5551 707.5479 705.6975 703.8472 701.9968 700.6019 700.4055 700.2091 700.0127 699.8163 700.8123 702.2614 703.7105 705.1596 707.3285 712.9166 718.5044 724.0923 729.6803 735.4277 741.2716 747.1154 752.9594 758.8132 764.796 770.7785 776.7611 782.7438 788.9966 795.4973 801.9977 808.4984 814.9988 823.425 831.9085 840.3919 848.8756 856.8374 864.0799 871.3221 878.5646 885.8069 890.0897 893.9285
722.3296 724.0317 725.7165 726.8167 727.9168 729.0169 730.1171 730.2531 729.3372 728.4213 727.5055 726.5897 725.0128 723.3843 721.7559 720.1274 718.1482 715.5886 713.0291 710.4697 707.9101 706.1536 704.5661 702.9787 701.3912 700.2061 700.0794 699.9528 699.826 699.6994 700.7535 702.2563 703.759 705.2618 707.4713 713.0378 718.6042 724.1707 729.7372 735.5099 741.4075 747.3049 753.2026 759.112 765.1752 771.2383 777.3013 783.3646 789.7146 796.3279 802.941 809.5544 816.1675 824.5918 833.0699 841.5479 850.0263 857.8316 864.7093 871.5867 878.4643 885.3417 889.2737 892.7637
719.4004 721.0649 722.7151 723.8796 725.0442 726.2087 727.3732 727.5377 726.6111 725.6845 724.7579 723.8313 722.3085 720.739 719.1696 717.6002 715.7305 713.3641 710.9977 708.6314 706.265 704.7593 703.4348 702.1102 700.7856 699.8102 699.7533 699.6964 699.6395 699.5825 700.6947 702.2512 703.8076 705.364 707.614 713.1592 718.7041 724.249 729.7941 735.5922 741.5435 747.4945 753.4458 759.4108 765.5546 771.6981 777.8416 783.9854 790.4327 797.1587 803.8845 810.6105 817.3362 825.7586 834.2313 842.704 851.177 858.8259 865.3387 871.8512 878.364 884.8765 888.4577 891.5989
716.4417 718.0071 719.5621 720.7673 721.9725 723.1777 724.3829 724.5906 723.7102 722.8298 721.9494 721.069 719.5999 718.0847 716.5695 715.0544 713.3145 711.2029 709.0914 706.9799 704.8682 703.6162 702.545 701.474 700.4028 699.6342 699.6612 699.6882 699.7153 699.7424 701.1089 702.9847 704.8604 706.7361 709.233 714.6807 720.1283 725.5759 731.0237 736.7268 742.5847 748.4424 754.3003 760.1708 766.2053 772.2395 778.2738 784.3083 790.673 797.3409 804.0087 810.6766 817.3443 825.4557 833.61 841.7643 849.9189 857.2598 863.4789 869.6978 875.9168 882.1357 885.6846 888.8329
713.4792 714.9373 716.3892 717.6319 718.8746 720.1174 721.3602 721.6132 720.7864 719.9597 719.1329 718.3062 716.8907 715.4291 713.9677 712.5061 710.8987 709.05 707.2014 705.3528 703.5041 702.5061 701.6871 700.8682 700.0492 699.4869 699.5997 699.7126 699.8256 699.9384 701.5853 703.8151 706.0449 708.2748 711.0455 716.3859 721.7262 727.0665 732.4069 737.9995 743.7447 749.4897 755.2349 760.9912 766.8915 772.7917 778.6918 784.5922 790.8508 797.4382 804.0255 810.6129 817.2001 824.9602 832.7551 840.5499 848.345 855.358 861.2927 867.2272 873.1619 879.0964 882.6549 885.8568
710.5165 711.8673 713.2161 714.4964 715.7767 717.057 718.3373 718.6356 717.8625 717.0894 716.3163 715.5432 714.1814 712.7735 711.3657 709.9578 708.4829 706.8971 705.3114 703.7256 702.1399 701.3959 700.8291 700.2623 699.6956 699.3396 699.5383 699.7371 699.9358 700.1345 702.0616 704.6456 707.2295 709.8135 712.8581 718.0912 723.3242 728.5571 733.7903 739.2722 744.9047 750.537 756.1696 761.8116 767.5778 773.3439 779.1099 784.8761 791.0286 797.5355 804.0422 810.5492 817.056 824.4647 831.9 839.3354 846.771 853.4561 859.1064 864.7566 870.4069 876.0571 879.6251 882.8807
707.554 708.7975 710.0432 711.361 712.6789 713.9968 715.3146 715.6581 714.9387 714.2192 713.4998 712.7803 711.4722 710.1179 708.7637 707.4095 706.0671 704.7443 703.4214 702.0986 700.7758 700.2858 699.9711 699.6566 699.3419 699.1923 699.4769 699.7615 700.046 700.3306 702.538 705.4761 708.4141 711.3521 714.6706 719.7964 724.9221 730.0477 735.1736 740.5448 746.0646 751.5844 757.1042 762.6321 768.2641 773.896 779.5279 785.16 791.2063 797.6328 804.059 810.4855 816.9118 823.9691 831.045 838.1209 845.1971 851.5543 856.9202 862.286 867.652 873.0178 876.5954 879.9046
705.1108 706.2023 707.2995 708.5869 709.8745 711.1619 712.4493 712.8078 712.1527 711.4977 710.8426 710.1876 708.9819 707.7332 706.4845 705.2358 704.0569 702.9933 701.9298 700.8663 699.8028 699.5057 699.3699 699.2341 699.0984 699.0976 699.4519 699.8062 700.1605 700.5149 702.9734 706.2316 709.4897 712.748 716.3268 721.4294 726.5319 731.6343 736.7368 742.0748 747.5553 753.0356 758.5162 763.9973 769.4881 774.9786 780.4692 785.96 791.8632 798.1448 804.4262 810.7078 816.9893 823.6568 830.3357 837.0146 843.6937 849.6989 854.7751 859.8512 864.9275 870.0035 873.5853 876.9428
703.7067 704.5568 705.4147 706.5358 707.6569 708.7781 709.8992 710.2119 709.6427 709.0735 708.5043 707.9351 706.9297 705.8903 704.8508 703.8113 702.8578 702.0464 701.2352 700.4238 699.6124 699.3858 699.2822 699.1786 699.0751 699.1079 699.4998 699.8917 700.2836 700.6754 703.327 706.8375 710.3477 713.8582 717.6705 722.918 728.1652 733.4125 738.6599 744.1193 749.7072 755.2948 760.8827 766.452 771.7872 777.1222 782.4572 787.7924 793.4784 799.4864 805.4941 811.5021 817.5099 823.7111 829.9178 836.1246 842.3315 847.9368 852.7126 857.4882 862.264 867.0396 870.6148 874.0099
702.3025 702.9111 703.5298 704.4846 705.4394 706.3942 707.349 707.616 707.1326 706.6492 706.1659 705.6825 704.8774 704.0472 703.217 702.3868 701.6588 701.0996 700.5404 699.9813 699.4221 699.2659 699.1945 699.1231 699.0517 699.1182 699.5477 699.9771 700.4066 700.836 703.6807 707.4432 711.2057 714.9683 719.0142 724.4065 729.7986 735.1908 740.5831 746.1639 751.8591 757.5541 763.2492 768.9069 774.0864 779.2658 784.4452 789.6248 795.0936 800.8279 806.5621 812.2964 818.0305 823.7653 829.4999 835.2346 840.9694 846.1746 850.6499 855.1251 859.6003 864.0755 867.6442 871.0768
700.8984 701.2656 701.6449 702.4334 703.2219 704.0104 704.7988 705.0201 704.6226 704.2251 703.8276 703.4301 702.8253 702.2043 701.5834 700.9624 700.4597 700.1527 699.8457 699.5388 699.2318 699.146 699.1068 699.0676 699.0284 699.1286 699.5956 700.0626 700.5295 700.9965 704.0343 708.0491 712.0637 716.0784 720.3578 725.895 731.432 736.9691 742.5062 748.2085 754.011 759.8132 765.6157 771.3616 776.3856 781.4094 786.4332 791.4572 796.7088 802.1695 807.6299 813.0906 818.5511 823.8196 829.082 834.3445 839.6072 844.4125 848.5873 852.762 856.9368 861.1115 864.6737 868.1439
699.4942 699.6199 699.76 700.3821 701.0043 701.6265 702.2486 702.4241 702.1125 701.8008 701.4892 701.1775 700.773 700.3613 699.9496 699.5379 699.2606 699.2058 699.151 699.0962 699.0414 699.0261 699.019 699.0121 699.0051 699.1389 699.6435 700.148 700.6525 701.1571 704.3879 708.6549 712.9217 717.1887 721.7015 727.3836 733.0655 738.7473 744.4294 750.2532 756.1629 762.0725 767.9823 773.8164 778.6848 783.553 788.4212 793.2896 798.324 803.511 808.6979 813.8849 819.0718 823.8738 828.6641 833.4545 838.245 842.6503 846.5247 850.3989 854.2733 858.1475 861.7031 865.2109
699.1564 699.2171 699.29 699.7753 700.2605 700.7457 701.231 701.368 701.1254 700.8828 700.6402 700.3976 700.0988 699.7955 699.4922 699.189 699.0 699.0 699.0 699.0 699.0 699.0 699.0 699.0 699.0 699.1793 699.8306 700.4819 701.1331 701.7844 705.1136 709.4606 713.8074 718.1544 722.725 728.3588 733.9923 739.6259 745.2596 751.0928 757.0469 763.0009 768.955 774.8311 779.7118 784.5923 789.473 794.3537 799.3104 804.3372 809.3638 814.3906 819.4172 823.9722 828.5129 833.0537 837.5946 841.7678 845.4341 849.1002 852.7665 856.4326 859.939 863.4213
699.1149 699.1595 699.2131 699.5695 699.926 700.2824 700.6389 700.7396 700.5614 700.3832 700.205 700.0267 699.8071 699.5844 699.3616 699.1389 699.0 699.0 699.0 699.0 699.0 699.0 699.0 699.0 699.0 699.2281 700.0564 700.8847 701.713 702.5414 705.9427 710.3218 714.7009 719.08 723.6595 729.1913 734.7229 740.2546 745.7864 751.5979 757.5788 763.5595 769.5405 775.4457 780.3855 785.3251 790.2646 795.2044 800.1223 805.0203 809.9181 814.8161 819.7139 824.0828 828.4358 832.7888 837.1419 841.1296 844.6134 848.0971 851.581 855.0647 858.51 861.9494
699.0734 699.1019 699.1361 699.3638 699.5914 699.8192 700.0468 700.1111 699.9973 699.8835 699.7697 699.6558 699.5156 699.3733 699.231 699.0887 699.0 699.0 699.0 699.0 699.0 699.0 699.0 699.0 699.0 699.2769 700.2822 701.2876 702.293 703.2983 706.7717 711.1831 715.5943 720.0057 724.594 730.0239 735.4536 740.8832 746.3131 752.1029 758.1107 764.1182 770.126 776.0604 781.0592 786.0578 791.0564 796.0552 800.934 805.7032 810.4724 815.2416 820.0106 824.1935 828.3587 832.5239 836.6892 840.4913 843.7927 847.0941 850.3954 853.6967 857.0809 860.4774
699.0319 699.0443 699.0591 699.158 699.257 699.3558 699.4548 699.4827 699.4333 699.3838 699.3344 699.2849 699.224 699.1622 699.1003 699.0385 699.0 699.0 699.0 699.0 699.0 699.0 699.0 699.0 699.0 699.3256 700.5081 701.6904 702.8729 704.0553 707.6008 712.0443 716.4877 720.9313 725.5285 730.8564 736.1842 741.5119 746.8398 752.608 758.6425 764.6769 770.7115 776.675 781.7328 786.7905 791.8481 796.9059 801.7458 806.3863 811.0266 815.6671 820.3074 824.3041 828.2816 832.259 836.2365 839.8531 842.9721 846.0909 849.21 852.3288 855.6519 859.0054
699.0 699.0 699.0 699.0 699.0 699.0 699.0 699.0 699.0 699.0 699.0 699.0 699.0 699.0 699.0 699.0 699.0 699.0 699.0 699.0 699.0 699.0021 699.0045 699.007 699.0095 699.3904 700.7674 702.1443 703.5212 704.8981 708.5493 713.0648 717.5803 722.0958 726.7337 731.9535 737.173 742.3926 747.6124 753.3162 759.3129 765.3094 771.3061 777.2364 782.3196 787.4026 792.4857 797.569 802.3629 806.892 811.421 815.9501 820.479 824.3132 828.1265 831.9397 835.7531 839.2042 842.1556 845.107 848.0585 851.0099 854.2467 857.5262
699.0 699.0 699.0 699.0 699.0 699.0 699.0 699.0 699.0 699.0 699.0 699.0 699.0 699.0 699.0 699.0 699.0 699.0 699.0 699.0 699.0 699.0109 699.0242 699.0374 699.0506 699.5087 701.1378 702.7668 704.3959 706.025 709.8934 714.6128 719.3321 724.0516 728.8354 733.9265 739.0173 744.1081 749.1991 754.6972 760.4417 766.1861 771.9306 777.6208 782.6182 787.6154 792.6126 797.61 802.3349 806.8104 811.2856 815.7611 820.2364 823.9857 827.7131 831.4406 835.1681 838.5198 841.3532 844.1865 847.02 849.8533 852.9208 856.0233
