data/zism_data/00985_01_D.txt
ncols         224
nrows         224
[rows 30 to 59 of 224, columns 136 to 203 of 224]
3646.428 3652.052 3657.419 3660.479 3663.538 3666.598 3669.658 3668.754 3665.011 3661.269 3657.526 3653.537 3645.991 3638.446 3630.9 3623.354 3617.312 3612.515 3607.719 3602.922 3598.244 3597.595 3596.946 3596.297 3595.648 3595.071 3594.563 3594.055 3593.546 3593.038 3592.907 3592.779 3592.651 3592.523 3592.531 3592.689 3592.847 3593.005 3593.163 3593.5 3593.844 3594.189 3594.534 3594.909 3595.323 3595.737 3596.15 3596.564 3597.136 3597.723 3598.309 3598.896 3599.62 3600.55 3601.48 3602.41 3603.34 3604.284 3605.229 3606.175 3607.12 3608.026 3608.864 3609.702 3610.541 3611.378 3611.699 3611.928
3642.103 3647.636 3652.902 3655.779 3658.655 3661.532 3664.409 3663.557 3660.035 3656.513 3652.991 3649.246 3642.271 3635.295 3628.32 3621.345 3615.755 3611.314 3606.872 3602.431 3598.099 3597.455 3596.811 3596.167 3595.524 3594.919 3594.352 3593.784 3593.217 3592.65 3592.508 3592.369 3592.23 3592.091 3592.104 3592.283 3592.462 3592.642 3592.821 3593.185 3593.557 3593.928 3594.3 3594.698 3595.127 3595.557 3595.987 3596.417 3597.03 3597.659 3598.289 3598.918 3599.675 3600.622 3601.568 3602.514 3603.46 3604.268 3605.057 3605.846 3606.635 3607.397 3608.112 3608.826 3609.54 3610.254 3610.484 3610.626
3637.661 3643.124 3648.307 3650.989 3653.671 3656.353 3659.035 3658.225 3654.913 3651.601 3648.289 3644.78 3638.417 3632.053 3625.69 3619.326 3614.21 3610.128 3606.047 3601.965 3597.981 3597.328 3596.675 3596.021 3595.368 3594.734 3594.117 3593.5 3592.883 3592.266 3592.105 3591.948 3591.791 3591.634 3591.652 3591.862 3592.073 3592.283 3592.494 3592.894 3593.302 3593.71 3594.118 3594.548 3595.003 3595.458 3595.914 3596.369 3597.011 3597.668 3598.326 3598.984 3599.755 3600.695 3601.635 3602.575 3603.515 3604.206 3604.863 3605.521 3606.178 3606.811 3607.399 3607.987 3608.576 3609.164 3609.302 3609.36
3632.743 3638.222 3643.395 3645.835 3648.275 3650.715 3653.155 3652.34 3649.195 3646.05 3642.905 3639.602 3634.019 3628.437 3622.854 3617.271 3612.714 3609.009 3605.304 3601.599 3597.979 3597.256 3596.533 3595.81 3595.086 3594.412 3593.784 3593.157 3592.529 3591.901 3591.693 3591.487 3591.281 3591.076 3591.101 3591.382 3591.662 3591.943 3592.223 3592.698 3593.182 3593.666 3594.149 3594.649 3595.169 3595.689 3596.209 3596.729 3597.346 3597.971 3598.596 3599.222 3599.935 3600.778 3601.621 3602.465 3603.308 3603.958 3604.583 3605.209 3605.834 3606.396 3606.85 3607.304 3607.758 3608.212 3608.261 3608.238
3627.825 3633.32 3638.483 3640.68 3642.878 3645.076 3647.274 3646.455 3643.477 3640.499 3637.521 3634.425 3629.622 3624.82 3620.017 3615.215 3611.218 3607.89 3604.561 3601.233 3597.977 3597.184 3596.391 3595.598 3594.805 3594.091 3593.452 3592.813 3592.175 3591.537 3591.28 3591.026 3590.772 3590.518 3590.551 3590.901 3591.252 3591.602 3591.953 3592.503 3593.062 3593.621 3594.18 3594.75 3595.335 3595.919 3596.504 3597.088 3597.681 3598.274 3598.867 3599.46 3600.115 3600.861 3601.607 3602.354 3603.1 3603.711 3604.304 3604.897 3605.49 3605.982 3606.302 3606.621 3606.94 3607.259 3607.219 3607.116
3622.906 3628.417 3633.571 3635.526 3637.482 3639.437 3641.393 3640.571 3637.759 3634.948 3632.137 3629.247 3625.225 3621.203 3617.181 3613.159 3609.722 3606.77 3603.819 3600.867 3597.975 3597.112 3596.249 3595.386 3594.523 3593.769 3593.12 3592.47 3591.821 3591.172 3590.867 3590.564 3590.262 3589.96 3590.0 3590.421 3590.841 3591.262 3591.682 3592.307 3592.942 3593.576 3594.211 3594.852 3595.501 3596.15 3596.799 3597.448 3598.016 3598.577 3599.137 3599.698 3600.295 3600.944 3601.594 3602.243 3602.892 3603.463 3604.024 3604.585 3605.146 3605.568 3605.753 3605.938 3606.122 3606.307 3606.178 3605.994
3617.988 3623.515 3628.658 3630.372 3632.085 3633.799 3635.512 3634.686 3632.041 3629.397 3626.752 3624.07 3620.828 3617.586 3614.344 3611.103 3608.226 3605.651 3603.076 3600.501 3597.973 3597.04 3596.107 3595.174 3594.241 3593.447 3592.787 3592.127 3591.467 3590.807 3590.454 3590.103 3589.752 3589.402 3589.45 3589.94 3590.431 3590.921 3591.412 3592.112 3592.822 3593.531 3594.241 3594.953 3595.667 3596.38 3597.094 3597.808 3598.351 3598.879 3599.408 3599.936 3600.474 3601.027 3601.58 3602.132 3602.685 3603.216 3603.744 3604.273 3604.801 3605.154 3605.204 3605.254 3605.304 3605.354 3605.137 3604.872
3614.476 3619.729 3624.593 3625.976 3627.359 3628.742 3630.126 3629.261 3626.787 3624.313 3621.839 3619.355 3616.746 3614.136 3611.526 3608.916 3606.489 3604.213 3601.937 3599.661 3597.424 3596.495 3595.566 3594.638 3593.709 3592.914 3592.246 3591.579 3590.912 3590.244 3589.896 3589.551 3589.206 3588.861 3588.941 3589.491 3590.041 3590.591 3591.142 3591.894 3592.656 3593.417 3594.178 3594.944 3595.716 3596.487 3597.259 3598.031 3598.558 3599.064 3599.571 3600.077 3600.571 3601.047 3601.523 3601.999 3602.475 3602.941 3603.407 3603.873 3604.339 3604.603 3604.518 3604.434 3604.349 3604.265 3604.007 3603.719
3611.799 3616.605 3621.028 3622.029 3623.03 3624.031 3625.033 3624.109 3621.807 3619.505 3617.203 3614.917 3612.85 3610.784 3608.718 3606.651 3604.609 3602.586 3600.563 3598.54 3596.55 3595.669 3594.789 3593.909 3593.029 3592.254 3591.582 3590.909 3590.236 3589.563 3589.253 3588.946 3588.638 3588.33 3588.456 3589.06 3589.664 3590.268 3590.872 3591.663 3592.462 3593.261 3594.06 3594.871 3595.696 3596.521 3597.347 3598.172 3598.689 3599.179 3599.669 3600.159 3600.618 3601.029 3601.44 3601.852 3602.263 3602.651 3603.036 3603.421 3603.806 3603.97 3603.751 3603.531 3603.313 3603.094 3602.825 3602.547
3609.121 3613.481 3617.464 3618.083 3618.702 3619.321 3619.94 3618.957 3616.827 3614.698 3612.568 3610.478 3608.955 3607.432 3605.909 3604.387 3602.729 3600.959 3599.189 3597.419 3595.676 3594.844 3594.012 3593.18 3592.348 3591.595 3590.917 3590.239 3589.561 3588.883 3588.61 3588.34 3588.07 3587.8 3587.97 3588.628 3589.286 3589.944 3590.602 3591.431 3592.268 3593.105 3593.941 3594.797 3595.676 3596.555 3597.435 3598.314 3598.82 3599.294 3599.768 3600.242 3600.665 3601.011 3601.358 3601.705 3602.052 3602.361 3602.665 3602.969 3603.274 3603.337 3602.983 3602.629 3602.276 3601.922 3601.642 3601.375
3606.444 3610.357 3613.899 3614.136 3614.373 3614.61 3614.847 3613.805 3611.847 3609.89 3607.933 3606.039 3605.059 3604.08 3603.101 3602.122 3600.849 3599.332 3597.815 3596.298 3594.802 3594.018 3593.235 3592.452 3591.668 3590.936 3590.252 3589.569 3588.885 3588.202 3587.966 3587.734 3587.502 3587.27 3587.486 3588.197 3588.909 3589.621 3590.332 3591.2 3592.074 3592.948 3593.823 3594.723 3595.656 3596.589 3597.522 3598.456 3598.951 3599.409 3599.867 3600.325 3600.712 3600.994 3601.276 3601.558 3601.84 3602.071 3602.294 3602.518 3602.741 3602.704 3602.216 3601.727 3601.239 3600.751 3600.46 3600.204
3603.866 3607.332 3610.436 3610.306 3610.177 3610.047 3609.918 3608.826 3607.046 3605.265 3603.485 3601.789 3601.32 3600.85 3600.381 3599.911 3599.001 3597.726 3596.45 3595.175 3593.915 3593.177 3592.439 3591.702 3590.964 3590.253 3589.567 3588.882 3588.196 3587.511 3587.315 3587.123 3586.93 3586.738 3587.0 3587.766 3588.531 3589.297 3590.063 3590.969 3591.882 3592.794 3593.707 3594.652 3595.637 3596.622 3597.608 3598.593 3599.076 3599.516 3599.956 3600.396 3600.747 3600.968 3601.188 3601.408 3601.629 3601.78 3601.923 3602.066 3602.209 3602.073 3601.457 3600.84 3600.224 3599.607 3599.303 3599.054
3602.901 3605.915 3608.601 3608.358 3608.116 3607.873 3607.631 3606.639 3605.112 3603.584 3602.056 3600.595 3600.088 3599.581 3599.073 3598.566 3597.672 3596.455 3595.239 3594.023 3592.821 3592.083 3591.345 3590.607 3589.87 3589.186 3588.554 3587.923 3587.291 3586.659 3586.539 3586.422 3586.305 3586.188 3586.515 3587.335 3588.154 3588.973 3589.793 3590.748 3591.709 3592.67 3593.631 3594.615 3595.627 3596.639 3597.652 3598.664 3599.104 3599.496 3599.887 3600.279 3600.594 3600.799 3601.003 3601.207 3601.412 3601.49 3601.552 3601.614 3601.676 3601.479 3600.836 3600.193 3599.55 3598.906 3598.557 3598.26
3601.936 3604.498 3606.766 3606.41 3606.054 3605.699 3605.343 3604.452 3603.177 3601.903 3600.628 3599.401 3598.856 3598.311 3597.767 3597.222 3596.342 3595.185 3594.028 3592.871 3591.726 3590.989 3590.251 3589.513 3588.775 3588.119 3587.542 3586.964 3586.386 3585.808 3585.762 3585.721 3585.679 3585.637 3586.03 3586.903 3587.777 3588.65 3589.523 3590.527 3591.536 3592.546 3593.555 3594.578 3595.617 3596.656 3597.696 3598.735 3599.133 3599.476 3599.819 3600.162 3600.442 3600.63 3600.818 3601.007 3601.195 3601.2 3601.181 3601.163 3601.144 3600.886 3600.216 3599.546 3598.875 3598.205 3597.811 3597.465
3600.971 3603.081 3604.931 3604.462 3603.993 3603.525 3603.056 3602.265 3601.243 3600.222 3599.2 3598.207 3597.625 3597.042 3596.46 3595.877 3595.013 3593.915 3592.817 3591.719 3590.632 3589.894 3589.156 3588.419 3587.681 3587.052 3586.529 3586.004 3585.48 3584.957 3584.986 3585.02 3585.053 3585.087 3585.545 3586.472 3587.399 3588.326 3589.253 3590.305 3591.364 3592.422 3593.48 3594.541 3595.607 3596.673 3597.74 3598.805 3599.161 3599.456 3599.75 3600.045 3600.29 3600.462 3600.634 3600.806 3600.978 3600.909 3600.81 3600.711 3600.611 3600.293 3599.595 3598.898 3598.201 3597.504 3597.064 3596.67
3600.006 3601.664 3603.095 3602.514 3601.932 3601.35 3600.769 3600.078 3599.309 3598.541 3597.772 3597.013 3596.393 3595.773 3595.153 3594.532 3593.684 3592.645 3591.606 3590.568 3589.538 3588.8 3588.062 3587.324 3586.587 3585.986 3585.516 3585.045 3584.575 3584.105 3584.21 3584.319 3584.428 3584.537 3585.06 3586.041 3587.021 3588.002 3588.983 3590.084 3591.191 3592.297 3593.404 3594.504 3595.597 3596.69 3597.783 3598.876 3599.189 3599.436 3599.682 3599.928 3600.137 3600.293 3600.449 3600.605 3600.761 3600.619 3600.439 3600.259 3600.079 3599.699 3598.975 3598.251 3597.527 3596.803 3596.318 3595.875
3599.5 3600.789 3601.885 3601.251 3600.616 3599.982 3599.348 3598.691 3598.017 3597.344 3596.67 3595.998 3595.34 3594.682 3594.024 3593.366 3592.511 3591.492 3590.473 3589.454 3588.443 3587.698 3586.952 3586.206 3585.461 3584.866 3584.415 3583.965 3583.514 3583.063 3583.262 3583.464 3583.667 3583.87 3584.46 3585.479 3586.498 3587.517 3588.536 3589.698 3590.865 3592.034 3593.202 3594.357 3595.495 3596.633 3597.772 3598.91 3599.204 3599.425 3599.646 3599.868 3600.053 3600.185 3600.317 3600.448 3600.58 3600.379 3600.134 3599.888 3599.644 3599.212 3598.458 3597.705 3596.951 3596.198 3595.635 3595.108
3599.472 3600.481 3601.327 3600.703 3600.08 3599.456 3598.833 3598.14 3597.396 3596.652 3595.909 3595.168 3594.473 3593.777 3593.082 3592.386 3591.502 3590.462 3589.421 3588.381 3587.349 3586.587 3585.825 3585.063 3584.301 3583.69 3583.224 3582.757 3582.29 3581.823 3582.134 3582.449 3582.765 3583.081 3583.741 3584.781 3585.822 3586.862 3587.903 3589.137 3590.381 3591.624 3592.868 3594.094 3595.296 3596.499 3597.702 3598.905 3599.204 3599.425 3599.646 3599.868 3600.04 3600.14 3600.239 3600.339 3600.438 3600.19 3599.896 3599.603 3599.309 3598.835 3598.049 3597.263 3596.478 3595.692 3595.02 3594.368
3599.444 3600.174 3600.769 3600.156 3599.543 3598.93 3598.318 3597.588 3596.775 3595.961 3595.147 3594.339 3593.606 3592.873 3592.14 3591.406 3590.493 3589.432 3588.37 3587.308 3586.254 3585.476 3584.698 3583.92 3583.142 3582.515 3582.032 3581.549 3581.066 3580.583 3581.006 3581.435 3581.864 3582.292 3583.022 3584.084 3585.146 3586.208 3587.269 3588.577 3589.896 3591.215 3592.534 3593.83 3595.097 3596.365 3597.632 3598.9 3599.204 3599.425 3599.646 3599.868 3600.027 3600.094 3600.161 3600.229 3600.296 3600.001 3599.659 3599.317 3598.975 3598.458 3597.64 3596.822 3596.004 3595.186 3594.404 3593.629
3599.417 3599.866 3600.21 3599.608 3599.007 3598.405 3597.803 3597.037 3596.153 3595.27 3594.386 3593.51 3592.739 3591.968 3591.197 3590.427 3589.485 3588.401 3587.318 3586.234 3585.159 3584.365 3583.571 3582.777 3581.983 3581.339 3580.84 3580.341 3579.842 3579.343 3579.878 3580.42 3580.962 3581.503 3582.302 3583.386 3584.469 3585.553 3586.636 3588.017 3589.411 3590.805 3592.2 3593.566 3594.898 3596.23 3597.563 3598.895 3599.204 3599.425 3599.646 3599.868 3600.014 3600.049 3600.084 3600.119 3600.154 3599.812 3599.422 3599.031 3598.641 3598.082 3597.231 3596.381 3595.531 3594.68 3593.788 3592.889
3599.389 3599.559 3599.652 3599.061 3598.47 3597.879 3597.288 3596.485 3595.532 3594.578 3593.625 3592.681 3591.872 3591.064 3590.255 3589.447 3588.476 3587.371 3586.266 3585.161 3584.064 3583.254 3582.444 3581.634 3580.823 3580.164 3579.649 3579.134 3578.618 3578.103 3578.75 3579.405 3580.06 3580.715 3581.583 3582.688 3583.793 3584.898 3586.003 3587.457 3588.927 3590.396 3591.865 3593.303 3594.7 3596.096 3597.493 3598.889 3599.204 3599.425 3599.646 3599.868 3600.001 3600.004 3600.006 3600.009 3600.011 3599.624 3599.185 3598.746 3598.307 3597.705 3596.823 3595.94 3595.057 3594.174 3593.173 3592.15
3599.319 3599.373 3599.356 3598.717 3598.077 3597.437 3596.797 3595.954 3594.965 3593.977 3592.988 3592.006 3591.125 3590.244 3589.363 3588.482 3587.467 3586.341 3585.214 3584.088 3582.969 3582.108 3581.247 3580.385 3579.524 3578.854 3578.368 3577.881 3577.394 3576.908 3577.583 3578.267 3578.951 3579.635 3580.505 3581.582 3582.659 3583.736 3584.813 3586.262 3587.728 3589.193 3590.659 3592.121 3593.577 3595.033 3596.489 3597.945 3598.388 3598.743 3599.098 3599.453 3599.673 3599.692 3599.712 3599.732 3599.752 3599.253 3598.686 3598.12 3597.553 3596.854 3595.924 3594.994 3594.064 3593.134 3592.108 3591.065
3599.246 3599.197 3599.083 3598.39 3597.696 3597.003 3596.309 3595.425 3594.404 3593.383 3592.361 3591.344 3590.388 3589.432 3588.476 3587.52 3586.458 3585.31 3584.162 3583.014 3581.873 3580.958 3580.043 3579.128 3578.213 3577.534 3577.079 3576.625 3576.17 3575.716 3576.413 3577.118 3577.823 3578.529 3579.396 3580.44 3581.485 3582.53 3583.574 3585.011 3586.466 3587.921 3589.376 3590.858 3592.373 3593.889 3595.404 3596.919 3597.5 3598.0 3598.501 3599.001 3599.316 3599.358 3599.399 3599.44 3599.482 3598.866 3598.165 3597.464 3596.763 3595.96 3594.982 3594.004 3593.025 3592.047 3591.005 3589.951
3599.173 3599.021 3598.81 3598.063 3597.316 3596.568 3595.821 3594.895 3593.842 3592.788 3591.735 3590.683 3589.651 3588.62 3587.588 3586.557 3585.45 3584.28 3583.111 3581.941 3580.777 3579.809 3578.84 3577.871 3576.902 3576.213 3575.791 3575.368 3574.946 3574.524 3575.243 3575.969 3576.697 3577.423 3578.286 3579.298 3580.311 3581.323 3582.335 3583.761 3585.205 3586.649 3588.094 3589.595 3591.169 3592.744 3594.319 3595.894 3596.613 3597.258 3597.904 3598.55 3598.96 3599.023 3599.086 3599.149 3599.212 3598.48 3597.644 3596.809 3595.973 3595.067 3594.041 3593.014 3591.987 3590.96 3589.902 3588.837
3599.099 3598.846 3598.537 3597.736 3596.935 3596.134 3595.333 3594.366 3593.28 3592.194 3591.109 3590.021 3588.915 3587.808 3586.701 3585.594 3584.441 3583.25 3582.059 3580.868 3579.681 3578.659 3577.636 3576.614 3575.591 3574.892 3574.502 3574.112 3573.722 3573.332 3574.073 3574.821 3575.569 3576.318 3577.176 3578.156 3579.136 3580.116 3581.097 3582.51 3583.944 3585.377 3586.811 3588.332 3589.966 3591.6 3593.234 3594.867 3595.725 3596.516 3597.307 3598.098 3598.604 3598.689 3598.773 3598.857 3598.942 3598.093 3597.123 3596.153 3595.183 3594.174 3593.099 3592.024 3590.948 3589.873 3588.798 3587.723
3598.83 3598.474 3598.07 3597.224 3596.378 3595.533 3594.687 3593.714 3592.648 3591.583 3590.518 3589.447 3588.293 3587.139 3585.985 3584.831 3583.635 3582.403 3581.172 3579.94 3578.713 3577.635 3576.557 3575.479 3574.4 3573.678 3573.296 3572.914 3572.531 3572.149 3572.886 3573.632 3574.377 3575.123 3575.963 3576.907 3577.851 3578.795 3579.739 3581.143 3582.567 3583.992 3585.416 3586.942 3588.597 3590.253 3591.908 3593.563 3594.529 3595.435 3596.341 3597.247 3597.838 3597.96 3598.083 3598.206 3598.329 3597.393 3596.318 3595.244 3594.169 3593.088 3591.997 3590.905 3589.813 3588.722 3587.645 3586.57
3598.198 3597.74 3597.24 3596.368 3595.495 3594.623 3593.75 3592.834 3591.888 3590.941 3589.994 3589.034 3587.885 3586.737 3585.588 3584.44 3583.205 3581.898 3580.591 3579.284 3577.982 3576.845 3575.707 3574.57 3573.432 3572.662 3572.242 3571.822 3571.402 3570.982 3571.671 3572.368 3573.065 3573.762 3574.556 3575.457 3576.358 3577.259 3578.16 3579.557 3580.976 3582.395 3583.814 3585.316 3586.923 3588.53 3590.136 3591.743 3592.76 3593.725 3594.69 3595.655 3596.31 3596.502 3596.695 3596.888 3597.081 3596.11 3594.987 3593.864 3592.741 3591.645 3590.596 3589.548 3588.5 3587.451 3586.399 3585.345
3597.565 3597.005 3596.411 3595.511 3594.612 3593.712 3592.813 3591.955 3591.127 3590.298 3589.47 3588.621 3587.478 3586.335 3585.191 3584.048 3582.774 3581.392 3580.01 3578.628 3577.251 3576.054 3574.858 3573.661 3572.464 3571.645 3571.188 3570.73 3570.273 3569.815 3570.456 3571.104 3571.753 3572.402 3573.15 3574.008 3574.865 3575.723 3576.581 3577.971 3579.385 3580.799 3582.212 3583.69 3585.248 3586.807 3588.365 3589.924 3590.99 3592.015 3593.039 3594.064 3594.781 3595.044 3595.307 3595.57 3595.833 3594.826 3593.655 3592.484 3591.313 3590.202 3589.196 3588.191 3587.185 3586.18 3585.152 3584.121
3596.932 3596.27 3595.581 3594.655 3593.729 3592.802 3591.876 3591.076 3590.366 3589.656 3588.946 3588.208 3587.07 3585.932 3584.794 3583.657 3582.344 3580.886 3579.429 3577.971 3576.52 3575.264 3574.008 3572.752 3571.496 3570.629 3570.134 3569.639 3569.144 3568.648 3569.241 3569.841 3570.441 3571.041 3571.743 3572.558 3573.373 3574.188 3575.002 3576.385 3577.794 3579.202 3580.61 3582.063 3583.573 3585.083 3586.594 3588.104 3589.221 3590.305 3591.388 3592.472 3593.253 3593.586 3593.919 3594.252 3594.584 3593.543 3592.323 3591.104 3589.884 3588.759 3587.796 3586.834 3585.871 3584.909 3583.906 3582.896
3596.3 3595.535 3594.752 3593.799 3592.845 3591.892 3590.939 3590.196 3589.605 3589.013 3588.422 3587.795 3586.663 3585.53 3584.398 3583.265 3581.914 3580.381 3578.848 3577.315 3575.789 3574.474 3573.158 3571.844 3570.528 3569.613 3569.08 3568.547 3568.014 3567.482 3568.025 3568.577 3569.129 3569.68 3570.337 3571.108 3571.88 3572.652 3573.424 3574.8 3576.203 3577.605 3579.009 3580.437 3581.899 3583.36 3584.822 3586.284 3587.452 3588.595 3589.738 3590.88 3591.725 3592.128 3592.531 3592.934 3593.336 3592.26 3590.992 3589.724 3588.456 3587.315 3586.396 3585.477 3584.557 3583.638 3582.66 3581.672
