data/zism_data/00983_02_D.txt
ncols         224
nrows         224
[rows 84 to 111 of 224, columns 64 to 127 of 224]
1196.45 1196.23 1196.01 1196.0 1196.0 1196.0 1196.0 1195.924 1195.742 1195.561 1195.379 1195.198 1195.142 1195.103 1195.064 1195.025 1194.929 1194.723 1194.518 1194.312 1194.107 1194.008 1193.935 1193.861 1193.788 1193.694 1193.547 1193.4 1193.253 1193.106 1193.028 1192.974 1192.92 1192.866 1192.811 1192.753 1192.694 1192.636 1192.577 1192.506 1192.428 1192.35 1192.272 1192.204 1192.204 1192.204 1192.204 1192.204 1192.204 1192.204 1192.204 1192.204 1192.204 1192.204 1192.204 1192.204 1192.204 1192.204 1192.204 1192.204 1192.204 1192.204 1192.204 1192.204
1196.459 1196.242 1196.025 1196.013 1196.009 1196.005 1196.002 1195.928 1195.755 1195.583 1195.411 1195.239 1195.176 1195.128 1195.08 1195.031 1194.923 1194.703 1194.482 1194.262 1194.042 1193.94 1193.867 1193.793 1193.72 1193.626 1193.479 1193.332 1193.185 1193.038 1192.963 1192.912 1192.862 1192.811 1192.756 1192.682 1192.609 1192.535 1192.462 1192.373 1192.277 1192.18 1192.084 1192.0 1192.0 1192.0 1192.0 1192.0 1191.998 1191.994 1191.991 1191.987 1191.984 1191.984 1191.984 1191.984 1191.984 1191.984 1191.984 1191.984 1191.984 1191.984 1191.984 1191.984
1196.58 1196.411 1196.243 1196.186 1196.134 1196.082 1196.03 1195.923 1195.74 1195.557 1195.374 1195.191 1195.137 1195.099 1195.062 1195.024 1194.923 1194.703 1194.482 1194.262 1194.042 1193.94 1193.867 1193.793 1193.72 1193.626 1193.479 1193.332 1193.185 1193.038 1192.947 1192.875 1192.803 1192.731 1192.658 1192.585 1192.511 1192.438 1192.364 1192.29 1192.215 1192.14 1192.065 1192.0 1192.0 1192.0 1192.0 1192.0 1191.969 1191.917 1191.865 1191.813 1191.764 1191.764 1191.764 1191.764 1191.764 1191.764 1191.764 1191.764 1191.764 1191.764 1191.764 1191.764
1196.701 1196.581 1196.461 1196.359 1196.259 1196.159 1196.058 1195.919 1195.725 1195.531 1195.337 1195.143 1195.097 1195.071 1195.044 1195.017 1194.923 1194.703 1194.482 1194.262 1194.042 1193.94 1193.867 1193.793 1193.72 1193.626 1193.479 1193.332 1193.185 1193.038 1192.931 1192.837 1192.744 1192.65 1192.561 1192.487 1192.414 1192.34 1192.267 1192.206 1192.153 1192.1 1192.046 1192.0 1192.0 1192.0 1192.0 1192.0 1191.94 1191.84 1191.74 1191.639 1191.545 1191.545 1191.545 1191.545 1191.545 1191.545 1191.545 1191.545 1191.545 1191.545 1191.545 1191.545
1196.822 1196.75 1196.678 1196.533 1196.384 1196.235 1196.086 1195.914 1195.709 1195.505 1195.3 1195.096 1195.058 1195.042 1195.026 1195.01 1194.923 1194.703 1194.482 1194.262 1194.042 1193.94 1193.867 1193.793 1193.72 1193.626 1193.479 1193.332 1193.185 1193.038 1192.915 1192.8 1192.685 1192.57 1192.463 1192.389 1192.316 1192.242 1192.169 1192.123 1192.091 1192.059 1192.028 1192.0 1192.0 1192.0 1192.0 1192.0 1191.912 1191.763 1191.614 1191.465 1191.325 1191.325 1191.325 1191.325 1191.325 1191.325 1191.325 1191.325 1191.325 1191.325 1191.325 1191.325
1196.942 1196.919 1196.896 1196.706 1196.509 1196.312 1196.114 1195.91 1195.694 1195.479 1195.264 1195.048 1195.019 1195.014 1195.009 1195.003 1194.923 1194.703 1194.482 1194.262 1194.042 1193.94 1193.867 1193.793 1193.72 1193.626 1193.479 1193.332 1193.185 1193.038 1192.899 1192.762 1192.626 1192.489 1192.365 1192.292 1192.218 1192.145 1192.071 1192.04 1192.03 1192.019 1192.009 1192.0 1192.0 1192.0 1192.0 1192.0 1191.883 1191.686 1191.488 1191.291 1191.105 1191.105 1191.105 1191.105 1191.105 1191.105 1191.105 1191.105 1191.105 1191.105 1191.105 1191.105
1196.937 1196.912 1196.886 1196.699 1196.504 1196.308 1196.113 1195.907 1195.687 1195.466 1195.246 1195.026 1195.0 1195.0 1195.0 1195.0 1194.923 1194.703 1194.482 1194.262 1194.042 1193.927 1193.836 1193.746 1193.656 1193.554 1193.424 1193.294 1193.164 1193.034 1192.887 1192.735 1192.582 1192.43 1192.293 1192.219 1192.146 1192.073 1191.999 1191.961 1191.942 1191.922 1191.902 1191.885 1191.885 1191.885 1191.885 1191.885 1191.769 1191.574 1191.379 1191.184 1190.999 1190.982 1190.965 1190.948 1190.932 1190.924 1190.924 1190.924 1190.924 1190.924 1190.924 1190.924
1196.816 1196.743 1196.669 1196.525 1196.379 1196.232 1196.085 1195.907 1195.687 1195.466 1195.246 1195.026 1195.0 1195.0 1195.0 1195.0 1194.923 1194.703 1194.482 1194.262 1194.042 1193.901 1193.778 1193.655 1193.533 1193.417 1193.319 1193.221 1193.123 1193.026 1192.879 1192.716 1192.553 1192.389 1192.244 1192.171 1192.097 1192.024 1191.95 1191.887 1191.83 1191.773 1191.715 1191.666 1191.666 1191.666 1191.666 1191.666 1191.578 1191.432 1191.285 1191.138 1190.997 1190.948 1190.899 1190.85 1190.801 1190.777 1190.777 1190.777 1190.777 1190.777 1190.777 1190.777
1196.695 1196.573 1196.451 1196.352 1196.254 1196.155 1196.057 1195.907 1195.687 1195.466 1195.246 1195.026 1195.0 1195.0 1195.0 1195.0 1194.923 1194.703 1194.482 1194.262 1194.042 1193.874 1193.719 1193.564 1193.41 1193.279 1193.214 1193.148 1193.083 1193.017 1192.871 1192.697 1192.523 1192.349 1192.195 1192.122 1192.048 1191.975 1191.901 1191.813 1191.719 1191.624 1191.528 1191.446 1191.446 1191.446 1191.446 1191.446 1191.387 1191.289 1191.191 1191.093 1190.995 1190.914 1190.832 1190.751 1190.669 1190.63 1190.63 1190.63 1190.63 1190.63 1190.63 1190.63
1196.575 1196.404 1196.234 1196.178 1196.129 1196.079 1196.029 1195.907 1195.687 1195.466 1195.246 1195.026 1195.0 1195.0 1195.0 1195.0 1194.923 1194.703 1194.482 1194.262 1194.042 1193.848 1193.661 1193.474 1193.286 1193.142 1193.108 1193.075 1193.042 1193.009 1192.863 1192.678 1192.494 1192.309 1192.146 1192.073 1192.0 1191.926 1191.852 1191.74 1191.607 1191.474 1191.341 1191.226 1191.226 1191.226 1191.226 1191.226 1191.197 1191.147 1191.097 1191.047 1190.993 1190.88 1190.766 1190.652 1190.538 1190.484 1190.484 1190.484 1190.484 1190.484 1190.484 1190.484
1196.454 1196.235 1196.016 1196.005 1196.004 1196.002 1196.001 1195.907 1195.687 1195.466 1195.246 1195.026 1195.0 1195.0 1195.0 1195.0 1194.923 1194.703 1194.482 1194.262 1194.042 1193.822 1193.602 1193.383 1193.163 1193.004 1193.003 1193.002 1193.001 1193.0 1192.855 1192.66 1192.464 1192.268 1192.098 1192.024 1191.951 1191.877 1191.804 1191.666 1191.495 1191.325 1191.155 1191.006 1191.006 1191.006 1191.006 1191.006 1191.005 1191.004 1191.003 1191.001 1190.992 1190.845 1190.699 1190.553 1190.407 1190.338 1190.338 1190.338 1190.338 1190.338 1190.338 1190.338
1196.45 1196.23 1196.01 1195.99 1195.979 1195.969 1195.959 1195.864 1195.654 1195.444 1195.234 1195.024 1194.958 1194.911 1194.864 1194.817 1194.723 1194.539 1194.355 1194.171 1193.987 1193.782 1193.572 1193.362 1193.152 1192.996 1192.98 1192.964 1192.949 1192.933 1192.792 1192.606 1192.421 1192.235 1192.07 1191.986 1191.902 1191.818 1191.735 1191.603 1191.447 1191.291 1191.135 1190.995 1190.959 1190.922 1190.885 1190.849 1190.828 1190.817 1190.807 1190.797 1190.78 1190.664 1190.549 1190.433 1190.317 1190.262 1190.262 1190.262 1190.262 1190.262 1190.247 1190.231
1196.45 1196.23 1196.01 1195.98 1195.958 1195.937 1195.916 1195.82 1195.621 1195.422 1195.222 1195.023 1194.916 1194.82 1194.725 1194.629 1194.516 1194.37 1194.224 1194.078 1193.931 1193.742 1193.543 1193.344 1193.144 1192.991 1192.959 1192.928 1192.896 1192.864 1192.726 1192.552 1192.377 1192.202 1192.044 1191.949 1191.854 1191.76 1191.665 1191.54 1191.401 1191.261 1191.121 1190.99 1190.916 1190.842 1190.768 1190.693 1190.651 1190.629 1190.608 1190.587 1190.562 1190.479 1190.395 1190.312 1190.229 1190.189 1190.189 1190.189 1190.189 1190.189 1190.158 1190.126
1196.45 1196.23 1196.01 1195.969 1195.938 1195.906 1195.874 1195.776 1195.587 1195.399 1195.21 1195.022 1194.873 1194.729 1194.585 1194.441 1194.309 1194.201 1194.092 1193.984 1193.875 1193.702 1193.514 1193.325 1193.137 1192.987 1192.939 1192.891 1192.843 1192.795 1192.661 1192.497 1192.333 1192.169 1192.017 1191.912 1191.806 1191.701 1191.595 1191.478 1191.354 1191.231 1191.107 1190.985 1190.873 1190.762 1190.65 1190.538 1190.473 1190.441 1190.409 1190.377 1190.344 1190.293 1190.242 1190.191 1190.14 1190.116 1190.116 1190.116 1190.116 1190.116 1190.068 1190.021
1196.45 1196.23 1196.01 1195.959 1195.916 1195.874 1195.831 1195.731 1195.554 1195.376 1195.198 1195.021 1194.83 1194.638 1194.445 1194.253 1194.103 1194.032 1193.961 1193.89 1193.819 1193.662 1193.484 1193.307 1193.129 1192.982 1192.918 1192.854 1192.79 1192.726 1192.596 1192.443 1192.29 1192.136 1191.991 1191.874 1191.758 1191.642 1191.526 1191.415 1191.308 1191.201 1191.093 1190.98 1190.831 1190.681 1190.532 1190.382 1190.296 1190.253 1190.21 1190.168 1190.126 1190.108 1190.089 1190.07 1190.051 1190.042 1190.042 1190.042 1190.042 1190.042 1189.979 1189.915
1196.45 1196.23 1196.01 1195.944 1195.886 1195.828 1195.77 1195.669 1195.506 1195.344 1195.181 1195.019 1194.805 1194.585 1194.364 1194.144 1193.98 1193.922 1193.864 1193.806 1193.748 1193.605 1193.443 1193.28 1193.118 1192.976 1192.889 1192.802 1192.715 1192.628 1192.497 1192.35 1192.203 1192.056 1191.915 1191.797 1191.679 1191.561 1191.443 1191.331 1191.221 1191.112 1191.003 1190.887 1190.732 1190.576 1190.421 1190.265 1190.171 1190.12 1190.069 1190.017 1189.968 1189.955 1189.941 1189.928 1189.914 1189.908 1189.908 1189.908 1189.908 1189.908 1189.842 1189.775
1196.45 1196.23 1196.01 1195.924 1195.844 1195.765 1195.685 1195.58 1195.439 1195.298 1195.157 1195.016 1194.805 1194.585 1194.364 1194.144 1193.972 1193.893 1193.813 1193.734 1193.654 1193.525 1193.384 1193.243 1193.102 1192.967 1192.848 1192.729 1192.609 1192.49 1192.35 1192.203 1192.056 1191.909 1191.77 1191.663 1191.556 1191.449 1191.341 1191.215 1191.079 1190.943 1190.806 1190.672 1190.555 1190.437 1190.319 1190.201 1190.119 1190.063 1190.006 1189.949 1189.893 1189.847 1189.802 1189.756 1189.71 1189.688 1189.688 1189.688 1189.688 1189.688 1189.638 1189.588
1196.45 1196.23 1196.01 1195.903 1195.802 1195.701 1195.6 1195.491 1195.372 1195.253 1195.133 1195.014 1194.805 1194.585 1194.364 1194.144 1193.965 1193.864 1193.763 1193.662 1193.561 1193.445 1193.325 1193.206 1193.087 1192.958 1192.807 1192.655 1192.503 1192.352 1192.203 1192.057 1191.91 1191.763 1191.626 1191.529 1191.433 1191.337 1191.24 1191.099 1190.936 1190.773 1190.61 1190.458 1190.377 1190.297 1190.217 1190.137 1190.067 1190.005 1189.943 1189.881 1189.818 1189.74 1189.662 1189.584 1189.505 1189.468 1189.468 1189.468 1189.468 1189.468 1189.434 1189.4
1196.45 1196.23 1196.01 1195.883 1195.76 1195.637 1195.515 1195.403 1195.305 1195.207 1195.109 1195.011 1194.805 1194.585 1194.364 1194.144 1193.957 1193.835 1193.712 1193.589 1193.467 1193.364 1193.267 1193.169 1193.071 1192.949 1192.765 1192.581 1192.398 1192.214 1192.057 1191.91 1191.763 1191.616 1191.482 1191.396 1191.31 1191.225 1191.139 1190.984 1190.794 1190.604 1190.414 1190.243 1190.2 1190.158 1190.115 1190.073 1190.015 1189.948 1189.88 1189.813 1189.743 1189.633 1189.522 1189.412 1189.301 1189.248 1189.248 1189.248 1189.248 1189.248 1189.23 1189.212
1196.45 1196.23 1196.01 1195.862 1195.718 1195.574 1195.43 1195.314 1195.238 1195.161 1195.085 1195.009 1194.805 1194.585 1194.364 1194.144 1193.95 1193.806 1193.662 1193.517 1193.373 1193.284 1193.208 1193.132 1193.055 1192.94 1192.724 1192.508 1192.292 1192.076 1191.911 1191.764 1191.617 1191.47 1191.337 1191.262 1191.188 1191.113 1191.038 1190.868 1190.651 1190.434 1190.217 1190.028 1190.023 1190.018 1190.013 1190.008 1189.963 1189.89 1189.818 1189.745 1189.668 1189.525 1189.382 1189.24 1189.097 1189.029 1189.029 1189.029 1189.029 1189.029 1189.027 1189.025
1196.45 1196.23 1196.01 1195.859 1195.713 1195.566 1195.419 1195.302 1195.229 1195.156 1195.082 1195.009 1194.805 1194.585 1194.364 1194.144 1193.949 1193.802 1193.655 1193.508 1193.361 1193.262 1193.175 1193.087 1193.0 1192.88 1192.673 1192.467 1192.26 1192.054 1191.884 1191.728 1191.572 1191.416 1191.275 1191.197 1191.119 1191.041 1190.962 1190.799 1190.592 1190.386 1190.179 1189.998 1189.979 1189.96 1189.941 1189.923 1189.866 1189.783 1189.7 1189.617 1189.531 1189.384 1189.237 1189.09 1188.943 1188.873 1188.873 1188.873 1188.873 1188.873 1188.859 1188.845
1196.45 1196.23 1196.01 1195.859 1195.713 1195.566 1195.419 1195.302 1195.229 1195.156 1195.082 1195.009 1194.805 1194.585 1194.364 1194.144 1193.949 1193.802 1193.655 1193.508 1193.361 1193.249 1193.146 1193.042 1192.938 1192.811 1192.62 1192.43 1192.24 1192.05 1191.876 1191.709 1191.542 1191.375 1191.225 1191.142 1191.058 1190.974 1190.891 1190.736 1190.546 1190.356 1190.165 1189.995 1189.954 1189.914 1189.874 1189.834 1189.762 1189.668 1189.575 1189.481 1189.384 1189.237 1189.09 1188.943 1188.796 1188.726 1188.726 1188.726 1188.726 1188.726 1188.696 1188.666
1196.45 1196.23 1196.01 1195.859 1195.713 1195.566 1195.419 1195.302 1195.229 1195.156 1195.082 1195.009 1194.805 1194.585 1194.364 1194.144 1193.949 1193.802 1193.655 1193.508 1193.361 1193.236 1193.116 1192.996 1192.877 1192.742 1192.568 1192.394 1192.219 1192.045 1191.869 1191.691 1191.513 1191.335 1191.175 1191.086 1190.997 1190.908 1190.819 1190.674 1190.5 1190.326 1190.151 1189.992 1189.93 1189.868 1189.807 1189.745 1189.658 1189.553 1189.449 1189.345 1189.238 1189.091 1188.944 1188.797 1188.65 1188.58 1188.58 1188.58 1188.58 1188.58 1188.534 1188.488
1196.45 1196.23 1196.01 1195.859 1195.713 1195.566 1195.419 1195.302 1195.229 1195.156 1195.082 1195.009 1194.805 1194.585 1194.364 1194.144 1193.949 1193.802 1193.655 1193.508 1193.361 1193.223 1193.087 1192.951 1192.815 1192.673 1192.515 1192.357 1192.199 1192.041 1191.861 1191.672 1191.483 1191.295 1191.125 1191.031 1190.937 1190.842 1190.748 1190.611 1190.453 1190.295 1190.137 1189.989 1189.906 1189.823 1189.739 1189.656 1189.554 1189.438 1189.323 1189.208 1189.091 1188.944 1188.797 1188.65 1188.503 1188.433 1188.433 1188.433 1188.433 1188.433 1188.371 1188.309
1196.433 1196.221 1196.009 1195.858 1195.709 1195.56 1195.412 1195.295 1195.221 1195.148 1195.074 1195.001 1194.799 1194.58 1194.361 1194.143 1193.949 1193.802 1193.655 1193.508 1193.361 1193.214 1193.067 1192.92 1192.773 1192.626 1192.479 1192.332 1192.185 1192.038 1191.854 1191.656 1191.458 1191.261 1191.083 1190.983 1190.884 1190.784 1190.684 1190.555 1190.412 1190.268 1190.125 1189.986 1189.88 1189.773 1189.666 1189.56 1189.444 1189.321 1189.199 1189.076 1188.953 1188.809 1188.666 1188.522 1188.379 1188.31 1188.31 1188.31 1188.31 1188.31 1188.234 1188.157
1196.378 1196.193 1196.008 1195.853 1195.699 1195.545 1195.391 1195.27 1195.197 1195.123 1195.05 1194.976 1194.779 1194.566 1194.353 1194.139 1193.949 1193.802 1193.655 1193.508 1193.361 1193.214 1193.067 1192.92 1192.773 1192.626 1192.479 1192.332 1192.185 1192.038 1191.85 1191.647 1191.444 1191.241 1191.058 1190.953 1190.847 1190.742 1190.637 1190.514 1190.381 1190.248 1190.115 1189.983 1189.849 1189.716 1189.582 1189.449 1189.322 1189.199 1189.077 1188.954 1188.831 1188.698 1188.566 1188.433 1188.3 1188.237 1188.237 1188.237 1188.237 1188.237 1188.15 1188.063
1196.323 1196.165 1196.007 1195.848 1195.688 1195.529 1195.369 1195.246 1195.172 1195.099 1195.025 1194.952 1194.76 1194.552 1194.344 1194.136 1193.949 1193.802 1193.655 1193.508 1193.361 1193.214 1193.067 1192.92 1192.773 1192.626 1192.479 1192.332 1192.185 1192.038 1191.846 1191.637 1191.429 1191.221 1191.032 1190.922 1190.811 1190.701 1190.59 1190.472 1190.35 1190.228 1190.106 1189.979 1189.819 1189.658 1189.498 1189.338 1189.2 1189.077 1188.955 1188.832 1188.71 1188.588 1188.466 1188.344 1188.222 1188.163 1188.163 1188.163 1188.163 1188.163 1188.066 1187.968
1196.268 1196.137 1196.006 1195.842 1195.677 1195.513 1195.348 1195.221 1195.148 1195.074 1195.001 1194.927 1194.74 1194.537 1194.335 1194.132 1193.949 1193.802 1193.655 1193.508 1193.361 1193.214 1193.067 1192.92 1192.773 1192.626 1192.479 1192.332 1192.185 1192.038 1191.842 1191.628 1191.414 1191.201 1191.007 1190.891 1190.775 1190.659 1190.543 1190.43 1190.319 1190.208 1190.097 1189.976 1189.788 1189.601 1189.414 1189.226 1189.078 1188.955 1188.833 1188.71 1188.588 1188.477 1188.366 1188.255 1188.143 1188.09 1188.09 1188.09 1188.09 1188.09 1187.983 1187.873
