data/zism_data/00987_01_D.txt
ncols         224
nrows         224
[rows 84 to 111 of 224, columns 126 to 188 of 224]
601.0235 603.8457 606.6679 609.4901 612.3123 615.9307 620.1616 624.3924 628.6233 632.8442 636.3823 639.9203 643.4584 646.9965 649.3641 650.3784 651.3927 652.407 653.4213 652.5698 651.5405 650.5113 649.4821 647.2264 642.812 638.3976 633.9832 629.5687 624.4401 619.1456 613.8511 608.5566 604.5708 604.293 604.0151 603.7372 603.4593 607.4609 613.2091 618.9574 624.7056 630.6588 637.6929 644.7271 651.7612 658.7953 664.7358 669.9732 675.2106 680.448 685.6146 689.6315 693.6484 697.6653 701.6822 705.2143 708.2756 711.3368 714.3981 717.4592 720.1693 722.8633 725.5574
599.2852 601.5807 603.8762 606.1716 608.467 611.7773 615.8683 619.9594 624.0504 628.1311 631.5152 634.8992 638.2833 641.6673 643.8652 644.6914 645.5177 646.344 647.1703 646.4877 645.6614 644.8351 644.0089 641.9822 637.8428 633.7034 629.564 625.4246 620.6448 615.7163 610.7878 605.8594 602.2797 602.5217 602.7636 603.0055 603.2474 607.7455 613.9809 620.2162 626.4514 632.8404 640.0399 647.2393 654.4388 661.6382 667.564 672.6709 677.7778 682.8847 687.9181 691.7575 695.5969 699.4363 703.2756 706.5979 709.4178 712.2377 715.0576 717.8774 720.4041 722.9174 725.4307
597.977 599.9398 601.9026 603.8654 605.8281 608.7178 612.3206 615.9233 619.5261 623.1237 626.3737 629.6236 632.8735 636.1234 638.2244 638.9971 639.7697 640.5423 641.3149 640.6767 639.9041 639.1314 638.3588 636.4227 632.439 628.4551 624.4714 620.4875 616.3249 612.1208 607.9166 603.7125 600.748 601.2958 601.8435 602.3913 602.939 607.6172 613.9813 620.3455 626.7094 633.2529 640.7421 648.2312 655.7204 663.2096 669.2814 674.442 679.6025 684.7631 689.8324 693.4196 697.0068 700.5941 704.1813 707.2922 709.9404 712.5885 715.2367 717.8848 720.3835 722.8754 725.3672
596.6688 598.299 599.9291 601.5593 603.1894 605.6585 608.773 611.8875 615.002 618.1165 621.2324 624.3481 627.4639 630.5797 632.5839 633.3029 634.0219 634.7408 635.4598 634.8659 634.1469 633.4279 632.709 630.8635 627.0353 623.207 619.3788 615.5507 612.0052 608.5253 605.0455 601.5657 599.2163 600.0699 600.9235 601.7771 602.6307 607.489 613.9818 620.4747 626.9674 633.6653 641.4442 649.2231 657.002 664.7809 670.9987 676.213 681.4272 686.6414 691.7466 695.0817 698.4167 701.7518 705.0869 707.9864 710.4629 712.9394 715.4158 717.8923 720.363 722.8334 725.3038
595.3607 596.6581 597.9556 599.2531 600.5506 602.5991 605.2254 607.8516 610.4779 613.1093 616.091 619.0727 622.0543 625.0359 626.9434 627.6087 628.274 628.9394 629.6047 629.0551 628.3898 627.7244 627.0591 625.3042 621.6316 617.959 614.2863 610.6137 607.6854 604.9299 602.1744 599.4189 597.6846 598.8441 600.0035 601.1629 602.3223 607.3607 613.9823 620.6039 627.2254 634.0777 642.1463 650.215 658.2836 666.3522 672.7161 677.9839 683.2518 688.5197 693.6608 696.7437 699.8267 702.9095 705.9924 708.6806 710.9854 713.2902 715.595 717.8998 720.3425 722.7914 725.2404
594.0524 595.0172 595.9821 596.9469 597.9117 599.5396 601.6776 603.8156 605.9537 608.1019 610.9495 613.797 616.6445 619.4921 621.3027 621.9144 622.526 623.1377 623.7493 623.2441 622.6324 622.0208 621.4091 619.7448 616.2277 612.7107 609.1937 605.6766 603.3655 601.3344 599.3032 597.272 596.153 597.6182 599.0834 600.5486 602.0139 607.2324 613.9827 620.7331 627.4834 634.4901 642.8485 651.2068 659.5652 667.9236 674.4335 679.755 685.0765 690.3981 695.5751 698.4059 701.2366 704.0673 706.898 709.3749 711.508 713.6411 715.7742 717.9072 720.322 722.7495 725.1769
592.8934 593.604 594.3146 595.0251 595.7357 597.0245 598.7582 600.492 602.2258 603.9718 606.5565 609.1411 611.7258 614.3104 615.9175 616.3943 616.8712 617.348 617.8248 617.3466 616.7774 616.2082 615.639 614.1453 611.0246 607.9039 604.7832 601.6625 599.9503 598.565 597.1798 595.7946 595.2561 597.1167 598.9774 600.838 602.6986 608.0695 614.873 621.6766 628.48 635.542 643.9661 652.3903 660.8145 669.2386 675.8 681.1641 686.528 691.892 697.0992 699.7589 702.4186 705.0784 707.7381 710.0763 712.1021 714.1279 716.1537 718.1794 720.5127 722.8599 725.2072
591.8712 592.3994 592.9275 593.4556 593.9837 595.0083 596.4147 597.8212 599.2276 600.6456 602.8493 605.053 607.2567 609.4604 610.7662 611.0338 611.3014 611.569 611.8365 611.3695 610.8325 610.2955 609.7585 608.5089 606.0052 603.5015 600.9978 598.4941 597.3641 596.553 595.7418 594.9307 594.9412 597.2793 599.6175 601.9557 604.2938 609.7917 616.5791 623.3666 630.1539 637.1801 645.4647 653.7494 662.0341 670.3187 676.8452 682.2413 687.6375 693.0337 698.2656 700.8287 703.3919 705.9551 708.5182 710.7843 712.7618 714.7393 716.7168 718.6943 720.8972 723.1102 725.3234
590.849 591.1947 591.5404 591.8861 592.2319 592.9921 594.0713 595.1504 596.2296 597.3195 599.1423 600.9651 602.7878 604.6106 605.6151 605.6735 605.7318 605.7901 605.8484 605.3926 604.8878 604.3829 603.8781 602.8726 600.986 599.0992 597.2125 595.3258 594.778 594.541 594.304 594.0669 594.6262 597.4419 600.2576 603.0733 605.889 611.5138 618.2852 625.0565 631.8278 638.8182 646.9633 655.1085 663.2536 671.3987 677.8902 683.3186 688.7469 694.1754 699.4319 701.8985 704.3651 706.8317 709.2983 711.4922 713.4215 715.3507 717.2799 719.2091 721.2816 723.3605 725.4395
589.8268 589.9901 590.1533 590.3167 590.4799 590.9759 591.7277 592.4796 593.2314 593.9933 595.4351 596.877 598.3188 599.7607 600.4639 600.3129 600.162 600.0111 599.8602 599.4155 598.9429 598.4703 597.9976 597.2362 595.9665 594.6968 593.4271 592.1574 592.1918 592.5289 592.866 593.2031 594.3113 597.6045 600.8978 604.191 607.4842 613.236 619.9912 626.7465 633.5016 640.4562 648.4619 656.4676 664.4732 672.4789 678.9353 684.3959 689.8564 695.317 700.5983 702.9683 705.3383 707.7083 710.0784 712.2003 714.0812 715.9622 717.8431 719.724 721.666 723.6108 725.5557
588.8046 588.7855 588.7663 588.7472 588.728 588.9597 589.3843 589.8088 590.2334 590.6672 591.7281 592.7891 593.85 594.9109 595.3127 594.9526 594.5924 594.2322 593.8721 593.4386 592.9982 592.5577 592.1173 591.6 590.9473 590.2946 589.6418 588.9891 589.6057 590.5169 591.4281 592.3392 593.9964 597.7671 601.5378 605.3086 609.0793 614.9581 621.6973 628.4365 635.1755 642.0943 649.9604 657.8266 665.6927 673.5589 679.9804 685.4731 690.9659 696.4586 701.7646 704.0381 706.3115 708.585 710.8584 712.9083 714.7409 716.5735 718.4062 720.2388 722.0505 723.8611 725.6719
588.234 588.0429 587.8517 587.6606 587.4695 587.5385 587.8077 588.0769 588.3461 588.6235 589.4545 590.2856 591.1167 591.9478 592.1172 591.5218 590.9263 590.3308 589.7354 589.2109 588.6933 588.1757 587.658 587.2489 587.0309 586.8129 586.5948 586.3768 587.4481 588.8188 590.1895 591.5601 593.6733 597.8903 602.1073 606.3243 610.5413 616.7563 623.7867 630.8172 637.8475 644.9724 652.5948 660.2173 667.8397 675.4622 681.5922 686.7629 691.9335 697.1042 702.1079 704.3994 706.6909 708.9823 711.2738 713.3186 715.1238 716.929 718.7342 720.5394 722.1667 723.7859 725.4052
587.677 587.3141 586.9514 586.5885 586.2257 586.1352 586.2542 586.3731 586.4921 586.6181 587.2239 587.8296 588.4354 589.0411 588.9802 588.1487 587.3171 586.4856 585.6541 585.0356 584.4375 583.8394 583.2413 582.9363 583.1475 583.3587 583.5699 583.7811 585.3035 587.1301 588.9568 590.7836 593.35 598.0123 602.6746 607.337 611.9993 618.5567 625.8876 633.2185 640.5493 647.8873 655.2629 662.6386 670.0143 677.3899 683.2209 688.0589 692.897 697.735 702.4265 704.7395 707.0524 709.3654 711.6783 713.7201 715.4985 717.2768 719.0552 720.8335 722.275 723.701 725.1271
587.1199 586.5854 586.0509 585.5164 584.9819 584.7318 584.7006 584.6693 584.6381 584.6128 584.9932 585.3736 585.754 586.1344 585.8433 584.7756 583.708 582.6404 581.5728 580.8604 580.1817 579.5031 578.8245 578.6238 579.2642 579.9046 580.545 581.1854 583.1588 585.4415 587.7242 590.007 593.0267 598.1343 603.2419 608.3496 613.4573 620.3571 627.9885 635.6198 643.251 650.8022 657.9311 665.0599 672.1888 679.3176 684.8496 689.355 693.8604 698.3657 702.7452 705.0796 707.414 709.7484 712.0828 714.1215 715.8731 717.6246 719.3762 721.1277 722.3832 723.6161 724.8491
586.5629 585.8567 585.1505 584.4443 583.738 583.3284 583.1469 582.9655 582.7839 582.6074 582.7624 582.9175 583.0726 583.2276 582.7062 581.4025 580.0988 578.795 577.4913 576.6849 575.9258 575.1667 574.4077 574.3111 575.3807 576.4504 577.52 578.5896 581.014 583.7528 586.4916 589.2304 592.7034 598.2563 603.8093 609.3623 614.9153 622.1576 630.0894 638.0212 645.9529 653.7173 660.5994 667.4814 674.3635 681.2455 686.4783 690.6511 694.8238 698.9965 703.0638 705.4197 707.7756 710.1314 712.4873 714.523 716.2477 717.9725 719.6971 721.4218 722.4914 723.5313 724.571
586.4231 585.6038 584.7845 583.9653 583.1461 582.587 582.2283 581.8695 581.5107 581.1553 581.0286 580.902 580.7754 580.6487 579.8709 578.3401 576.8094 575.2786 573.7479 572.8358 571.9827 571.1296 570.2766 570.2544 571.6946 573.1348 574.575 576.0152 578.8447 581.9968 585.1488 588.3008 592.1688 598.0657 603.9625 609.8594 615.7562 623.2571 631.4127 639.5682 647.7237 655.6513 662.3767 669.1022 675.8276 682.553 687.5853 691.5291 695.4728 699.4167 703.267 705.5992 707.9315 710.2637 712.5959 714.5801 716.2261 717.8721 719.5181 721.1641 722.0606 722.9231 723.7855
586.8589 586.0074 585.1559 584.3044 583.453 582.7587 582.1853 581.6119 581.0385 580.4664 579.9803 579.4941 579.0081 578.5219 577.4518 575.7064 573.9611 572.2156 570.4703 569.4367 568.4709 567.5052 566.5394 566.5504 568.2803 570.0103 571.7402 573.4701 576.6416 580.1478 583.6539 587.16 591.343 597.4438 603.5445 609.6452 615.7459 623.3897 631.6633 639.937 648.2104 656.2322 662.9254 669.6187 676.3119 683.0051 687.9725 691.8304 695.6884 699.5464 703.3109 705.5573 707.8036 710.05 712.2964 714.162 715.6578 717.1536 718.6494 720.1451 720.8863 721.5931 722.3
587.2946 586.4109 585.5273 584.6436 583.76 582.9304 582.1424 581.3544 580.5663 579.7775 578.9319 578.0864 577.2408 576.3952 575.0328 573.0728 571.1128 569.1528 567.1928 566.0377 564.9592 563.8808 562.8024 562.8464 564.8661 566.8857 568.9054 570.925 574.4386 578.2988 582.1591 586.0193 590.5173 596.8218 603.1265 609.4311 615.7357 623.5224 631.9141 640.3057 648.6972 656.813 663.4741 670.1351 676.7961 683.4572 688.3597 692.1318 695.904 699.6761 703.3547 705.5153 707.6758 709.8363 711.9969 713.744 715.0896 716.4351 717.7807 719.1262 719.712 720.2632 720.8145
587.7303 586.8145 585.8987 584.9828 584.067 583.1021 582.0995 581.0968 580.0942 579.0886 577.8835 576.6785 575.4734 574.2684 572.6136 570.439 568.2644 566.0898 563.9152 562.6385 561.4474 560.2563 559.0652 559.1424 561.4518 563.7612 566.0706 568.3799 572.2355 576.4498 580.6642 584.8786 589.6915 596.2 602.7084 609.2169 615.7254 623.655 632.1647 640.6744 649.184 657.3939 664.0227 670.6516 677.2805 683.9093 688.747 692.4333 696.1195 699.8058 703.3986 705.4733 707.548 709.6226 711.6973 713.326 714.5213 715.7166 716.9119 718.1072 718.5377 718.9333 719.3289
588.1661 587.2181 586.27 585.322 584.374 583.2738 582.0565 580.8393 579.622 578.3998 576.8352 575.2707 573.7062 572.1417 570.1946 567.8054 565.4162 563.0269 560.6377 559.2396 557.9358 556.632 555.3282 555.4385 558.0376 560.6367 563.2358 565.835 570.0324 574.601 579.1694 583.7379 588.8657 595.578 602.2904 609.0027 615.7151 623.7877 632.4155 641.0432 649.6708 657.9747 664.5714 671.168 677.7647 684.3614 689.1342 692.7346 696.3351 699.9355 703.4424 705.4313 707.4201 709.409 711.3978 712.908 713.9531 714.9982 716.0432 717.0883 717.3633 717.6034 717.8434
589.4636 588.5907 587.7178 586.8448 585.9719 584.878 583.6141 582.3502 581.0863 579.8139 577.9645 576.1152 574.2658 572.4164 570.2216 567.627 565.0325 562.4379 559.8434 558.201 556.6492 555.0975 553.5458 553.3983 555.7227 558.0469 560.3712 562.6956 567.1514 572.102 577.0527 582.0032 587.4885 594.4888 601.489 608.4892 615.4894 623.6531 632.2916 640.9301 649.5684 657.8732 664.419 670.9648 677.5106 684.0565 688.7855 692.3467 695.908 699.4692 702.9329 704.8126 706.6923 708.5719 710.4516 711.8838 712.8813 713.8788 714.8763 715.8738 716.0024 716.0915 716.1806
590.8903 590.1086 589.3268 588.5452 587.7635 586.6971 585.4117 584.1263 582.8409 581.5435 579.4205 577.2975 575.1745 573.0515 570.6153 567.8169 565.0185 562.2201 559.4217 557.5166 555.6965 553.8765 552.0565 551.6078 553.5726 555.5375 557.5023 559.4671 564.1688 569.5057 574.8427 580.1794 586.0287 593.3294 600.6301 607.9308 615.2315 623.4784 632.1115 640.7446 649.3776 657.6693 664.1615 670.6536 677.1458 683.6379 688.3265 691.8555 695.3845 698.9135 702.3404 704.1074 705.8744 707.6414 709.4084 710.7687 711.7341 712.6994 713.6647 714.63 714.6135 714.5524 714.4913
592.317 591.6265 590.936 590.2455 589.555 588.5161 587.2093 585.9025 584.5956 583.273 580.8763 578.4797 576.0831 573.6866 571.0091 568.0068 565.0045 562.0022 558.9999 556.8322 554.7438 552.6556 550.5673 549.8173 551.4226 553.028 554.6333 556.2387 561.1861 566.9094 572.6326 578.3558 584.5688 592.17 599.7712 607.3723 614.9735 623.3036 631.9314 640.5591 649.1867 657.4655 663.904 670.3425 676.7809 683.2195 687.8674 691.3642 694.861 698.3579 701.7479 703.4022 705.0565 706.7109 708.3652 709.6537 710.5869 711.52 712.4531 713.3862 713.2246 713.0132 712.8019
593.7437 593.1445 592.5452 591.9459 591.3466 590.3353 589.007 587.6786 586.3503 585.0026 582.3323 579.6621 576.9919 574.3217 571.4029 568.1967 564.9905 561.7844 558.5781 556.1477 553.7911 551.4346 549.078 548.0267 549.2725 550.5184 551.7643 553.0101 558.2034 564.3129 570.4225 576.532 583.109 591.0106 598.9122 606.8139 614.7155 623.129 631.7513 640.3737 648.9959 657.2616 663.6464 670.0313 676.4161 682.801 687.4083 690.8729 694.3376 697.8022 701.1553 702.697 704.2386 705.7803 707.322 708.5386 709.4396 710.3405 711.2414 712.1423 711.8356 711.4741 711.1125
595.4238 594.8849 594.346 593.8071 593.2682 592.2808 590.9481 589.6154 588.2828 586.9282 584.0853 581.2423 578.3994 575.5565 572.441 569.0104 565.5798 562.1492 558.7187 555.8957 553.1306 550.3655 547.6004 546.1502 547.0144 547.8785 548.7427 549.6069 555.0695 561.5995 568.1296 574.6596 581.6241 589.8193 598.0145 606.2098 614.405 622.8305 631.35 639.8695 648.3889 656.5491 662.8153 669.0815 675.3477 681.6139 686.176 689.6427 693.1093 696.576 699.9296 701.4476 702.9655 704.4835 706.0015 707.1953 708.0743 708.9532 709.8323 710.7112 710.3237 709.8787 709.4335
597.645 597.1008 596.5565 596.0123 595.4681 594.4964 593.1959 591.8955 590.595 589.2728 586.4728 583.6728 580.8727 578.0728 574.856 571.1571 567.4582 563.7593 560.0605 556.5675 553.0942 549.6208 546.1475 544.0901 544.5251 544.9601 545.395 545.83 551.6123 558.636 565.6597 572.6832 580.0853 588.5596 597.0338 605.5081 613.9823 622.2677 630.476 638.6843 646.8925 654.7501 660.7588 666.7674 672.7761 678.7847 683.2917 686.8336 690.3753 693.9171 697.3511 699.0354 700.7197 702.404 704.0883 705.364 706.243 707.122 708.001 708.88 708.549 708.1629 707.7768
599.8662 599.3166 598.767 598.2174 597.6678 596.712 595.4437 594.1755 592.9072 591.6174 588.8602 586.1031 583.3461 580.5891 577.2708 573.3036 569.3365 565.3694 561.4023 557.2393 553.0577 548.8762 544.6946 542.0302 542.0359 542.0417 542.0474 542.0531 548.1552 555.6725 563.1898 570.707 578.5467 587.2999 596.0532 604.8064 613.5596 621.7049 629.6021 637.4991 645.3961 652.9512 658.7023 664.4534 670.2045 675.9556 680.4076 684.0245 687.6414 691.2583 694.7727 696.6233 698.4739 700.3245 702.1751 703.5328 704.4119 705.2908 706.1699 707.0488 706.7742 706.4471 706.1201
602.0875 601.5325 600.9775 600.4226 599.8676 598.9277 597.6916 596.4556 595.2195 593.962 591.2478 588.5336 585.8195 583.1053 579.6857 575.4503 571.2149 566.9795 562.7441 557.9112 553.0214 548.1315 543.2418 539.9702 539.5466 539.1232 538.6996 538.2762 544.698 552.7089 560.7198 568.7307 577.008 586.0402 595.0724 604.1047 613.1369 621.1421 628.728 636.314 643.8998 651.1522 656.6457 662.1393 667.6328 673.1264 677.5234 681.2153 684.9073 688.5994 692.1942 694.2111 696.2281 698.245 700.2619 701.7016 702.5806 703.4596 704.3386 705.2176 704.9995 704.7314 704.4634
