data/zism_data/00989_03_D.txt
ncols         224
nrows         224
[rows 58 to 86 of 224, columns 65 to 129 of 224]
1390.227 1390.263 1390.299 1390.453 1390.642 1390.83 1391.019 1391.185 1391.277 1391.369 1391.46 1391.552 1391.691 1391.852 1392.012 1392.173 1392.361 1392.692 1393.023 1393.354 1393.686 1393.916 1394.086 1394.255 1394.425 1394.594 1394.754 1394.915 1395.075 1395.236 1395.422 1395.629 1395.836 1396.042 1396.251 1396.549 1396.848 1397.146 1397.444 1397.662 1397.791 1397.92 1398.048 1398.177 1398.293 1398.409 1398.524 1398.639 1398.739 1398.817 1398.895 1398.973 1399.051 1399.241 1399.448 1399.655 1399.862 1399.927 1399.706 1399.486 1399.265 1399.045 1399.0 1399.0 1399.0
1390.497 1390.577 1390.656 1390.79 1390.941 1391.092 1391.243 1391.386 1391.499 1391.612 1391.725 1391.838 1391.996 1392.172 1392.349 1392.526 1392.72 1393.008 1393.296 1393.584 1393.873 1394.104 1394.3 1394.497 1394.693 1394.888 1395.065 1395.241 1395.418 1395.595 1395.779 1395.97 1396.161 1396.351 1396.544 1396.848 1397.151 1397.455 1397.759 1397.969 1398.076 1398.184 1398.291 1398.398 1398.478 1398.555 1398.633 1398.71 1398.79 1398.874 1398.957 1399.041 1399.124 1399.301 1399.491 1399.682 1399.873 1399.927 1399.706 1399.486 1399.265 1399.045 1399.0 1399.0 1399.0
1390.767 1390.89 1391.012 1391.128 1391.241 1391.354 1391.468 1391.586 1391.721 1391.855 1391.99 1392.125 1392.3 1392.493 1392.685 1392.878 1393.079 1393.325 1393.57 1393.815 1394.06 1394.291 1394.515 1394.738 1394.962 1395.182 1395.375 1395.568 1395.761 1395.954 1396.136 1396.311 1396.486 1396.66 1396.837 1397.146 1397.455 1397.764 1398.074 1398.276 1398.362 1398.448 1398.533 1398.619 1398.662 1398.702 1398.742 1398.782 1398.841 1398.93 1399.019 1399.108 1399.197 1399.36 1399.534 1399.709 1399.884 1399.927 1399.706 1399.486 1399.265 1399.045 1399.0 1399.0 1399.0
1391.038 1391.203 1391.368 1391.465 1391.541 1391.616 1391.692 1391.786 1391.943 1392.099 1392.255 1392.411 1392.604 1392.813 1393.022 1393.231 1393.439 1393.641 1393.843 1394.045 1394.247 1394.479 1394.729 1394.98 1395.23 1395.477 1395.686 1395.895 1396.104 1396.313 1396.494 1396.652 1396.811 1396.969 1397.13 1397.444 1397.759 1398.074 1398.388 1398.583 1398.647 1398.712 1398.776 1398.84 1398.846 1398.848 1398.851 1398.853 1398.892 1398.987 1399.081 1399.175 1399.269 1399.419 1399.578 1399.736 1399.894 1399.927 1399.706 1399.486 1399.265 1399.045 1399.0 1399.0 1399.0
1391.289 1391.477 1391.666 1391.749 1391.801 1391.853 1391.906 1391.985 1392.157 1392.328 1392.5 1392.671 1392.871 1393.084 1393.297 1393.509 1393.716 1393.894 1394.072 1394.249 1394.427 1394.661 1394.929 1395.197 1395.465 1395.728 1395.949 1396.169 1396.39 1396.61 1396.796 1396.954 1397.112 1397.27 1397.43 1397.731 1398.032 1398.333 1398.635 1398.816 1398.867 1398.917 1398.968 1399.018 1399.0 1398.977 1398.954 1398.931 1398.958 1399.059 1399.16 1399.262 1399.363 1399.495 1399.633 1399.771 1399.908 1399.927 1399.708 1399.489 1399.27 1399.052 1399.006 1399.004 1399.003
1391.496 1391.657 1391.818 1391.904 1391.967 1392.03 1392.093 1392.181 1392.352 1392.524 1392.695 1392.866 1393.048 1393.234 1393.419 1393.605 1393.793 1393.992 1394.191 1394.391 1394.59 1394.828 1395.091 1395.354 1395.616 1395.875 1396.095 1396.316 1396.536 1396.757 1396.963 1397.159 1397.354 1397.55 1397.746 1397.988 1398.23 1398.472 1398.714 1398.868 1398.923 1398.979 1399.035 1399.091 1399.078 1399.06 1399.043 1399.025 1399.06 1399.172 1399.284 1399.396 1399.508 1399.614 1399.719 1399.824 1399.93 1399.929 1399.715 1399.502 1399.288 1399.075 1399.026 1399.019 1399.012
1391.702 1391.837 1391.971 1392.059 1392.132 1392.206 1392.28 1392.376 1392.547 1392.719 1392.89 1393.062 1393.224 1393.383 1393.542 1393.701 1393.87 1394.09 1394.311 1394.532 1394.753 1394.996 1395.253 1395.51 1395.767 1396.021 1396.242 1396.462 1396.683 1396.903 1397.131 1397.364 1397.597 1397.83 1398.063 1398.246 1398.428 1398.611 1398.794 1398.919 1398.98 1399.042 1399.103 1399.164 1399.156 1399.144 1399.132 1399.12 1399.162 1399.285 1399.408 1399.53 1399.653 1399.732 1399.805 1399.878 1399.951 1399.931 1399.723 1399.514 1399.306 1399.098 1399.046 1399.034 1399.021
1391.909 1392.016 1392.124 1392.213 1392.298 1392.382 1392.467 1392.571 1392.743 1392.914 1393.086 1393.257 1393.401 1393.533 1393.665 1393.797 1393.946 1394.189 1394.431 1394.673 1394.915 1395.164 1395.415 1395.667 1395.919 1396.168 1396.388 1396.609 1396.829 1397.05 1397.298 1397.569 1397.84 1398.111 1398.379 1398.503 1398.627 1398.75 1398.874 1398.97 1399.037 1399.104 1399.17 1399.237 1399.234 1399.228 1399.221 1399.214 1399.264 1399.398 1399.531 1399.665 1399.798 1399.851 1399.891 1399.932 1399.973 1399.932 1399.73 1399.527 1399.324 1399.121 1399.066 1399.048 1399.031
1392.115 1392.196 1392.276 1392.368 1392.463 1392.559 1392.654 1392.767 1392.938 1393.109 1393.281 1393.452 1393.578 1393.683 1393.788 1393.893 1394.023 1394.287 1394.551 1394.814 1395.078 1395.331 1395.578 1395.824 1396.07 1396.314 1396.535 1396.755 1396.976 1397.196 1397.465 1397.774 1398.082 1398.391 1398.696 1398.76 1398.825 1398.889 1398.954 1399.022 1399.094 1399.166 1399.238 1399.31 1399.313 1399.311 1399.31 1399.309 1399.366 1399.51 1399.655 1399.799 1399.943 1399.969 1399.978 1399.986 1399.994 1399.934 1399.737 1399.539 1399.342 1399.145 1399.086 1399.063 1399.04
1392.304 1392.366 1392.427 1392.523 1392.629 1392.735 1392.841 1392.961 1393.129 1393.296 1393.463 1393.631 1393.756 1393.861 1393.967 1394.073 1394.202 1394.452 1394.701 1394.951 1395.2 1395.452 1395.705 1395.958 1396.211 1396.461 1396.681 1396.902 1397.122 1397.343 1397.608 1397.911 1398.213 1398.516 1398.815 1398.892 1398.969 1399.046 1399.122 1399.192 1399.253 1399.315 1399.376 1399.438 1399.442 1399.442 1399.442 1399.442 1399.491 1399.615 1399.738 1399.861 1399.984 1400.0 1400.0 1400.0 1400.0 1399.945 1399.781 1399.617 1399.453 1399.289 1399.211 1399.154 1399.098
1392.487 1392.532 1392.578 1392.678 1392.794 1392.911 1393.028 1393.155 1393.317 1393.479 1393.641 1393.803 1393.934 1394.051 1394.167 1394.284 1394.418 1394.64 1394.863 1395.086 1395.308 1395.556 1395.82 1396.084 1396.347 1396.607 1396.828 1397.048 1397.269 1397.489 1397.743 1398.024 1398.305 1398.586 1398.864 1398.979 1399.093 1399.208 1399.322 1399.404 1399.449 1399.495 1399.54 1399.585 1399.588 1399.588 1399.588 1399.588 1399.625 1399.716 1399.807 1399.897 1399.988 1400.0 1400.0 1400.0 1400.0 1399.96 1399.839 1399.718 1399.596 1399.475 1399.372 1399.272 1399.173
1392.669 1392.698 1392.728 1392.833 1392.96 1393.087 1393.215 1393.349 1393.506 1393.663 1393.819 1393.976 1394.112 1394.24 1394.367 1394.495 1394.633 1394.829 1395.025 1395.22 1395.416 1395.661 1395.935 1396.21 1396.484 1396.754 1396.974 1397.195 1397.415 1397.635 1397.877 1398.137 1398.396 1398.656 1398.914 1399.066 1399.218 1399.37 1399.522 1399.616 1399.645 1399.674 1399.704 1399.733 1399.735 1399.735 1399.735 1399.735 1399.758 1399.817 1399.875 1399.934 1399.992 1400.0 1400.0 1400.0 1400.0 1399.974 1399.896 1399.818 1399.74 1399.662 1399.533 1399.39 1399.248
1392.852 1392.865 1392.878 1392.987 1393.125 1393.264 1393.402 1393.543 1393.695 1393.846 1393.997 1394.149 1394.291 1394.429 1394.567 1394.705 1394.849 1395.017 1395.186 1395.355 1395.524 1395.765 1396.05 1396.335 1396.621 1396.9 1397.121 1397.341 1397.562 1397.782 1398.012 1398.25 1398.488 1398.726 1398.963 1399.153 1399.343 1399.533 1399.723 1399.828 1399.841 1399.854 1399.867 1399.88 1399.881 1399.881 1399.881 1399.881 1399.892 1399.918 1399.944 1399.97 1399.997 1400.0 1400.0 1400.0 1400.0 1399.988 1399.953 1399.918 1399.884 1399.849 1399.694 1399.508 1399.323
1393.019 1393.023 1393.027 1393.141 1393.289 1393.437 1393.585 1393.733 1393.881 1394.029 1394.177 1394.325 1394.473 1394.621 1394.769 1394.917 1395.065 1395.212 1395.359 1395.506 1395.653 1395.89 1396.182 1396.474 1396.766 1397.051 1397.271 1397.49 1397.71 1397.929 1398.146 1398.36 1398.574 1398.789 1399.003 1399.224 1399.444 1399.665 1399.885 1400.0 1400.0 1400.0 1400.0 1400.0 1400.0 1400.0 1400.0 1400.0 1400.0 1400.0 1400.0 1400.0 1400.0 1400.0 1400.0 1400.0 1400.0 1400.0 1400.0 1400.0 1400.0 1400.0 1399.832 1399.62 1399.409
1393.117 1393.143 1393.168 1393.292 1393.445 1393.599 1393.752 1393.905 1394.059 1394.212 1394.365 1394.519 1394.672 1394.826 1394.979 1395.132 1395.285 1395.432 1395.578 1395.725 1395.872 1396.103 1396.384 1396.665 1396.946 1397.222 1397.436 1397.65 1397.864 1398.078 1398.274 1398.456 1398.639 1398.821 1399.003 1399.224 1399.444 1399.665 1399.885 1400.0 1400.0 1400.0 1400.0 1400.0 1400.0 1400.0 1400.0 1400.0 1400.0 1400.0 1400.0 1400.0 1400.0 1400.0 1400.0 1400.0 1400.0 1400.0 1400.0 1400.0 1400.0 1400.0 1399.87 1399.707 1399.544
1393.215 1393.263 1393.31 1393.443 1393.601 1393.76 1393.919 1394.078 1394.236 1394.395 1394.554 1394.713 1394.871 1395.03 1395.189 1395.347 1395.504 1395.651 1395.798 1395.945 1396.092 1396.316 1396.586 1396.857 1397.127 1397.392 1397.601 1397.81 1398.018 1398.227 1398.403 1398.553 1398.703 1398.852 1399.003 1399.224 1399.444 1399.665 1399.885 1400.0 1400.0 1400.0 1400.0 1400.0 1400.0 1400.0 1400.0 1400.0 1400.0 1400.0 1400.0 1400.0 1400.0 1400.0 1400.0 1400.0 1400.0 1400.0 1400.0 1400.0 1400.0 1400.0 1399.909 1399.794 1399.68
1393.314 1393.383 1393.451 1393.593 1393.757 1393.921 1394.086 1394.25 1394.414 1394.578 1394.742 1394.906 1395.07 1395.234 1395.399 1395.563 1395.724 1395.871 1396.018 1396.165 1396.312 1396.529 1396.789 1397.048 1397.308 1397.563 1397.766 1397.969 1398.172 1398.376 1398.532 1398.649 1398.767 1398.884 1399.003 1399.224 1399.444 1399.665 1399.885 1400.0 1400.0 1400.0 1400.0 1400.0 1400.0 1400.0 1400.0 1400.0 1400.0 1400.0 1400.0 1400.0 1400.0 1400.0 1400.0 1400.0 1400.0 1400.0 1400.0 1400.0 1400.0 1400.0 1399.947 1399.881 1399.815
1393.412 1393.503 1393.593 1393.744 1393.913 1394.083 1394.252 1394.422 1394.591 1394.761 1394.93 1395.1 1395.269 1395.439 1395.608 1395.778 1395.944 1396.091 1396.238 1396.385 1396.532 1396.742 1396.991 1397.24 1397.489 1397.733 1397.931 1398.129 1398.327 1398.525 1398.661 1398.746 1398.831 1398.916 1399.003 1399.224 1399.444 1399.665 1399.885 1400.0 1400.0 1400.0 1400.0 1400.0 1400.0 1400.0 1400.0 1400.0 1400.0 1400.0 1400.0 1400.0 1400.0 1400.0 1400.0 1400.0 1400.0 1400.0 1400.0 1400.0 1400.0 1400.0 1399.986 1399.969 1399.951
1393.62 1393.724 1393.829 1393.975 1394.132 1394.29 1394.448 1394.609 1394.78 1394.952 1395.123 1395.295 1395.468 1395.643 1395.818 1395.993 1396.164 1396.315 1396.465 1396.615 1396.766 1396.969 1397.203 1397.438 1397.673 1397.903 1398.085 1398.267 1398.449 1398.632 1398.752 1398.822 1398.892 1398.962 1399.034 1399.248 1399.461 1399.675 1399.889 1400.0 1400.0 1400.0 1400.0 1400.0 1400.0 1400.0 1400.0 1400.0 1400.0 1400.0 1400.0 1400.0 1400.0 1400.0 1400.0 1400.0 1400.0 1399.998 1399.991 1399.984 1399.977 1399.97 1399.95 1399.926 1399.902
1393.888 1394.004 1394.12 1394.251 1394.387 1394.524 1394.66 1394.804 1394.975 1395.147 1395.318 1395.49 1395.667 1395.848 1396.028 1396.208 1396.385 1396.541 1396.696 1396.852 1397.008 1397.203 1397.421 1397.64 1397.858 1398.072 1398.232 1398.393 1398.554 1398.714 1398.822 1398.887 1398.952 1399.016 1399.083 1399.286 1399.489 1399.691 1399.894 1400.0 1400.0 1400.0 1400.0 1400.0 1400.0 1400.0 1400.0 1400.0 1400.0 1400.0 1400.0 1400.0 1400.0 1400.0 1400.0 1400.0 1400.0 1399.994 1399.976 1399.959 1399.941 1399.924 1399.871 1399.809 1399.747
1394.157 1394.284 1394.41 1394.528 1394.642 1394.757 1394.872 1394.999 1395.171 1395.342 1395.514 1395.685 1395.867 1396.052 1396.238 1396.424 1396.605 1396.766 1396.928 1397.089 1397.25 1397.437 1397.639 1397.842 1398.044 1398.241 1398.38 1398.519 1398.658 1398.797 1398.893 1398.952 1399.011 1399.07 1399.132 1399.324 1399.516 1399.708 1399.9 1400.0 1400.0 1400.0 1400.0 1400.0 1400.0 1400.0 1400.0 1400.0 1400.0 1400.0 1400.0 1400.0 1400.0 1400.0 1400.0 1400.0 1400.0 1399.99 1399.962 1399.934 1399.905 1399.877 1399.792 1399.693 1399.593
1394.426 1394.564 1394.701 1394.804 1394.897 1394.99 1395.083 1395.195 1395.366 1395.538 1395.709 1395.88 1396.066 1396.257 1396.448 1396.639 1396.826 1396.992 1397.159 1397.326 1397.492 1397.671 1397.857 1398.043 1398.229 1398.41 1398.527 1398.645 1398.763 1398.88 1398.963 1399.017 1399.071 1399.125 1399.18 1399.362 1399.543 1399.724 1399.905 1400.0 1400.0 1400.0 1400.0 1400.0 1400.0 1400.0 1400.0 1400.0 1400.0 1400.0 1400.0 1400.0 1400.0 1400.0 1400.0 1400.0 1400.0 1399.987 1399.948 1399.909 1399.87 1399.83 1399.713 1399.576 1399.439
1394.688 1394.836 1394.985 1395.074 1395.146 1395.219 1395.291 1395.386 1395.56 1395.734 1395.908 1396.082 1396.27 1396.465 1396.66 1396.855 1397.046 1397.217 1397.388 1397.559 1397.73 1397.9 1398.07 1398.24 1398.409 1398.572 1398.668 1398.765 1398.861 1398.957 1399.028 1399.079 1399.13 1399.181 1399.233 1399.403 1399.572 1399.742 1399.911 1400.0 1400.0 1400.0 1400.0 1400.0 1400.0 1400.0 1400.0 1400.0 1400.0 1400.0 1400.0 1400.0 1400.0 1400.0 1400.0 1400.0 1400.0 1399.983 1399.932 1399.881 1399.83 1399.78 1399.634 1399.465 1399.295
1394.872 1395.036 1395.201 1395.282 1395.338 1395.394 1395.45 1395.539 1395.74 1395.941 1396.141 1396.342 1396.531 1396.715 1396.9 1397.084 1397.265 1397.431 1397.596 1397.762 1397.928 1398.082 1398.23 1398.378 1398.526 1398.668 1398.743 1398.817 1398.892 1398.967 1399.04 1399.112 1399.185 1399.257 1399.33 1399.479 1399.627 1399.775 1399.923 1400.0 1400.0 1400.0 1400.0 1400.0 1400.0 1400.0 1400.0 1400.0 1400.0 1400.0 1400.0 1400.0 1400.0 1400.0 1400.0 1400.0 1400.0 1399.976 1399.903 1399.831 1399.759 1399.686 1399.554 1399.406 1399.258
1395.055 1395.236 1395.417 1395.489 1395.529 1395.569 1395.609 1395.692 1395.919 1396.147 1396.375 1396.602 1396.792 1396.966 1397.139 1397.313 1397.484 1397.644 1397.805 1397.965 1398.125 1398.264 1398.391 1398.517 1398.644 1398.764 1398.817 1398.87 1398.923 1398.976 1399.052 1399.146 1399.24 1399.333 1399.428 1399.554 1399.681 1399.807 1399.934 1400.0 1400.0 1400.0 1400.0 1400.0 1400.0 1400.0 1400.0 1400.0 1400.0 1400.0 1400.0 1400.0 1400.0 1400.0 1400.0 1400.0 1400.0 1399.969 1399.875 1399.781 1399.687 1399.593 1399.473 1399.347 1399.22
1395.239 1395.436 1395.633 1395.697 1395.72 1395.744 1395.767 1395.845 1396.099 1396.354 1396.608 1396.863 1397.053 1397.216 1397.379 1397.542 1397.703 1397.858 1398.013 1398.167 1398.322 1398.446 1398.551 1398.656 1398.761 1398.86 1398.891 1398.923 1398.954 1398.986 1399.064 1399.179 1399.294 1399.41 1399.525 1399.63 1399.735 1399.84 1399.945 1400.0 1400.0 1400.0 1400.0 1400.0 1400.0 1400.0 1400.0 1400.0 1400.0 1400.0 1400.0 1400.0 1400.0 1400.0 1400.0 1400.0 1400.0 1399.962 1399.846 1399.731 1399.615 1399.5 1399.393 1399.288 1399.183
1395.423 1395.636 1395.849 1395.904 1395.911 1395.919 1395.926 1395.997 1396.279 1396.56 1396.842 1397.123 1397.315 1397.466 1397.618 1397.77 1397.922 1398.071 1398.221 1398.37 1398.52 1398.628 1398.712 1398.795 1398.879 1398.956 1398.966 1398.976 1398.985 1398.995 1399.075 1399.212 1399.349 1399.486 1399.623 1399.706 1399.79 1399.873 1399.956 1400.0 1400.0 1400.0 1400.0 1400.0 1400.0 1400.0 1400.0 1400.0 1400.0 1400.0 1400.0 1400.0 1400.0 1400.0 1400.0 1400.0 1400.0 1399.954 1399.817 1399.68 1399.543 1399.406 1399.312 1399.229 1399.145
1395.553 1395.753 1395.954 1396.027 1396.061 1396.096 1396.13 1396.221 1396.498 1396.775 1397.051 1397.328 1397.514 1397.661 1397.808 1397.955 1398.101 1398.239 1398.377 1398.516 1398.654 1398.75 1398.821 1398.891 1398.962 1399.027 1399.039 1399.05 1399.062 1399.073 1399.155 1399.293 1399.431 1399.57 1399.707 1399.772 1399.837 1399.901 1399.966 1400.0 1400.0 1400.0 1400.0 1400.0 1400.0 1400.0 1400.0 1400.0 1400.0 1400.0 1400.0 1400.0 1400.0 1400.0 1400.0 1400.0 1400.0 1399.949 1399.796 1399.644 1399.491 1399.338 1399.253 1399.185 1399.118
1395.637 1395.8 1395.962 1396.076 1396.175 1396.275 1396.374 1396.507 1396.751 1396.995 1397.24 1397.484 1397.661 1397.808 1397.955 1398.102 1398.245 1398.367 1398.489 1398.611 1398.733 1398.82 1398.885 1398.95 1399.016 1399.078 1399.111 1399.144 1399.177 1399.21 1399.292 1399.415 1399.537 1399.659 1399.78 1399.829 1399.877 1399.926 1399.975 1400.0 1400.0 1400.0 1400.0 1400.0 1400.0 1400.0 1400.0 1400.0 1400.0 1400.0 1400.0 1400.0 1400.0 1400.0 1400.0 1400.0 1400.0 1399.946 1399.782 1399.619 1399.455 1399.292 1399.213 1399.156 1399.099
