data/zism_data/00980_01_D.txt
ncols         224
nrows         224
[rows 28 to 55 of 224, columns 63 to 125 of 224]
4957.628 4962.888 4968.147 4969.792 4965.748 4961.704 4957.659 4953.615 4947.528 4941.137 4934.747 4928.355 4923.37 4920.963 4918.557 4916.151 4913.745 4913.261 4913.158 4913.055 4912.953 4912.233 4910.183 4908.133 4906.083 4904.032 4898.561 4892.226 4885.891 4879.556 4873.345 4867.455 4861.565 4855.674 4849.784 4844.227 4838.772 4833.318 4827.864 4822.25 4816.138 4810.027 4803.916 4797.804 4789.94 4781.417 4772.894 4764.371 4755.0 4742.413 4729.826 4717.239 4704.651 4693.204 4682.267 4671.33 4660.393 4649.491 4638.753 4628.017 4617.28 4606.543 4596.132
4965.442 4970.056 4974.67 4976.001 4972.167 4968.333 4964.498 4960.664 4954.524 4948.042 4941.56 4935.077 4929.717 4926.417 4923.118 4919.818 4916.519 4915.159 4914.185 4913.21 4912.235 4910.612 4907.587 4904.563 4901.539 4898.514 4891.78 4884.11 4876.441 4868.771 4861.344 4854.539 4847.733 4840.928 4834.123 4827.987 4822.06 4816.132 4810.204 4804.228 4798.1 4791.973 4785.845 4779.717 4772.162 4764.069 4755.977 4747.884 4739.076 4727.555 4716.033 4704.512 4692.991 4682.211 4671.764 4661.316 4650.869 4640.441 4630.102 4619.764 4609.425 4599.086 4588.849
4973.257 4977.225 4981.192 4982.21 4978.586 4974.961 4971.337 4967.712 4961.521 4954.947 4948.373 4941.799 4936.064 4931.872 4927.679 4923.485 4919.292 4917.058 4915.211 4913.365 4911.519 4908.991 4904.992 4900.994 4896.995 4892.996 4885.0 4875.996 4866.991 4857.987 4849.343 4841.623 4833.902 4826.182 4818.462 4811.748 4805.346 4798.945 4792.544 4786.206 4780.062 4773.918 4767.774 4761.631 4754.384 4746.722 4739.06 4731.397 4723.152 4712.697 4702.241 4691.786 4681.33 4671.218 4661.261 4651.303 4641.345 4631.391 4621.451 4611.51 4601.57 4591.63 4581.564
4981.071 4984.393 4987.715 4988.42 4985.005 4981.59 4978.176 4974.761 4968.517 4961.852 4955.186 4948.521 4942.412 4937.326 4932.239 4927.153 4922.066 4918.956 4916.238 4913.52 4910.801 4907.369 4902.396 4897.424 4892.451 4887.478 4878.22 4867.881 4857.542 4847.203 4837.341 4828.706 4820.071 4811.436 4802.801 4795.508 4788.633 4781.758 4774.883 4768.183 4762.023 4755.864 4749.704 4743.544 4736.605 4729.374 4722.142 4714.911 4707.229 4697.839 4688.449 4679.059 4669.669 4660.225 4650.757 4641.29 4631.822 4622.341 4612.799 4603.257 4593.715 4584.173 4574.281
4987.433 4990.109 4992.786 4993.109 4989.729 4986.35 4982.97 4979.59 4973.323 4966.626 4959.93 4953.234 4946.842 4941.008 4935.175 4929.341 4923.508 4919.619 4916.116 4912.613 4909.109 4904.843 4898.929 4893.015 4887.101 4881.187 4870.803 4859.292 4847.782 4836.271 4825.321 4815.809 4806.296 4796.783 4787.27 4779.434 4772.119 4764.804 4757.49 4750.492 4744.474 4738.456 4732.438 4726.42 4719.802 4712.959 4706.115 4699.272 4692.085 4683.598 4675.11 4666.623 4658.135 4649.297 4640.302 4631.307 4622.312 4613.278 4604.055 4594.833 4585.611 4576.389 4566.702
4987.88 4989.91 4991.94 4991.605 4987.548 4983.49 4979.432 4975.374 4969.207 4962.726 4956.244 4949.763 4943.458 4937.473 4931.489 4925.505 4919.521 4915.248 4911.314 4907.38 4903.446 4898.63 4891.909 4885.187 4878.465 4871.744 4860.794 4848.777 4836.761 4824.745 4813.227 4802.987 4792.748 4782.508 4772.269 4764.03 4756.414 4748.798 4741.182 4734.149 4728.917 4723.685 4718.452 4713.22 4706.974 4700.346 4693.717 4687.089 4680.123 4671.872 4663.621 4655.37 4647.12 4638.633 4630.042 4621.451 4612.859 4604.159 4594.937 4585.714 4576.492 4567.27 4557.921
4988.326 4989.711 4991.095 4990.102 4985.366 4980.63 4975.894 4971.158 4965.09 4958.824 4952.558 4946.292 4940.073 4933.938 4927.803 4921.668 4915.533 4910.876 4906.512 4902.147 4897.783 4892.417 4884.888 4877.359 4869.83 4862.301 4850.785 4838.262 4825.74 4813.218 4801.132 4790.166 4779.2 4768.234 4757.268 4748.626 4740.709 4732.792 4724.874 4717.806 4713.359 4708.913 4704.466 4700.02 4694.145 4687.732 4681.319 4674.906 4668.159 4660.146 4652.131 4644.118 4636.104 4627.97 4619.782 4611.594 4603.406 4595.04 4585.818 4576.596 4567.374 4558.151 4549.141
4988.773 4989.511 4990.25 4988.598 4983.184 4977.77 4972.355 4966.941 4960.973 4954.923 4948.872 4942.822 4936.688 4930.403 4924.117 4917.832 4911.546 4906.504 4901.709 4896.915 4892.12 4886.204 4877.868 4869.531 4861.195 4852.858 4840.775 4827.747 4814.719 4801.69 4789.037 4777.344 4765.651 4753.958 4742.266 4733.223 4725.003 4716.785 4708.566 4701.462 4697.801 4694.141 4690.48 4686.82 4681.315 4675.118 4668.92 4662.723 4656.196 4648.418 4640.642 4632.865 4625.087 4617.306 4609.521 4601.737 4593.953 4585.921 4576.699 4567.477 4558.254 4549.032 4540.36
4989.219 4989.312 4989.405 4987.095 4981.002 4974.91 4968.817 4962.725 4956.856 4951.021 4945.186 4939.351 4933.304 4926.868 4920.431 4913.995 4907.559 4902.133 4896.907 4891.682 4886.457 4879.991 4870.847 4861.704 4852.56 4843.416 4830.766 4817.232 4803.698 4790.164 4776.942 4764.522 4752.104 4739.684 4727.265 4717.819 4709.298 4700.778 4692.258 4685.119 4682.244 4679.369 4676.495 4673.62 4668.487 4662.504 4656.522 4650.54 4644.232 4636.692 4629.152 4621.612 4614.072 4606.642 4599.262 4591.881 4584.5 4576.802 4567.58 4558.358 4549.136 4539.914 4531.58
4984.082 4983.65 4983.219 4980.315 4973.521 4966.727 4959.933 4953.139 4947.422 4941.867 4936.311 4930.755 4924.979 4918.797 4912.616 4906.434 4900.253 4894.69 4889.25 4883.811 4878.371 4871.598 4861.948 4852.298 4842.647 4832.997 4819.987 4806.129 4792.271 4778.414 4764.919 4752.358 4739.797 4727.235 4714.674 4705.279 4696.869 4688.46 4680.05 4673.032 4670.312 4667.591 4664.87 4662.149 4657.104 4651.186 4645.267 4639.347 4633.13 4625.779 4618.428 4611.078 4603.727 4596.548 4589.447 4582.345 4575.243 4567.832 4558.937 4550.042 4541.148 4532.254 4524.455
4975.633 4974.75 4973.866 4970.408 4962.898 4955.388 4947.878 4940.368 4934.835 4929.597 4924.359 4919.121 4913.725 4908.039 4902.352 4896.666 4890.979 4885.427 4879.901 4874.375 4868.849 4861.914 4851.935 4841.957 4831.978 4821.999 4808.75 4794.677 4780.604 4766.532 4752.94 4740.583 4728.227 4715.87 4703.513 4694.437 4686.383 4678.329 4670.274 4663.47 4660.529 4657.587 4654.646 4651.705 4646.58 4640.634 4634.688 4628.742 4622.537 4615.348 4608.159 4600.969 4593.78 4586.792 4579.896 4572.998 4566.101 4558.949 4550.576 4542.204 4533.832 4525.459 4518.313
4967.184 4965.849 4964.513 4960.5 4952.275 4944.049 4935.823 4927.597 4922.249 4917.328 4912.407 4907.486 4902.471 4897.279 4892.088 4886.896 4881.706 4876.163 4870.551 4864.939 4859.327 4852.229 4841.922 4831.615 4821.308 4811.001 4797.515 4783.226 4768.938 4754.649 4740.96 4728.808 4716.656 4704.503 4692.352 4683.595 4675.896 4668.197 4660.498 4653.909 4650.747 4647.584 4644.422 4641.26 4636.056 4630.083 4624.11 4618.137 4611.944 4604.917 4597.889 4590.861 4583.833 4577.037 4570.344 4563.651 4556.958 4550.066 4542.215 4534.365 4526.515 4518.665 4512.171
4958.735 4956.948 4955.16 4950.593 4941.651 4932.709 4923.768 4914.827 4909.662 4905.059 4900.455 4895.852 4891.216 4886.52 4881.824 4877.128 4872.432 4866.899 4861.201 4855.503 4849.805 4842.544 4831.909 4821.273 4810.638 4800.003 4786.278 4771.774 4757.271 4742.768 4728.981 4717.033 4705.085 4693.138 4681.19 4672.753 4665.409 4658.065 4650.722 4644.347 4640.964 4637.581 4634.198 4630.816 4625.531 4619.532 4613.532 4607.532 4601.352 4594.485 4587.619 4580.753 4573.886 4567.281 4560.793 4554.305 4547.816 4541.183 4533.855 4526.526 4519.198 4511.87 4506.029
4950.119 4947.878 4945.637 4940.542 4930.952 4921.361 4911.771 4902.182 4897.195 4892.893 4888.591 4884.29 4880.011 4875.774 4871.538 4867.302 4863.066 4857.527 4851.73 4845.934 4840.137 4832.704 4821.74 4810.777 4799.813 4788.849 4774.914 4760.229 4745.545 4730.86 4717.008 4705.289 4693.569 4681.849 4670.129 4662.009 4655.008 4648.008 4641.008 4634.841 4631.25 4627.658 4624.066 4620.475 4615.129 4609.124 4603.119 4597.114 4590.965 4584.269 4577.574 4570.878 4564.182 4557.76 4551.461 4545.162 4538.862 4532.477 4525.682 4518.887 4512.092 4505.297 4500.102
4938.809 4936.094 4933.38 4928.166 4919.017 4909.869 4900.72 4891.571 4886.675 4882.411 4878.146 4873.882 4869.59 4865.246 4860.902 4856.558 4852.214 4846.406 4840.308 4834.21 4828.112 4820.368 4809.07 4797.772 4786.475 4775.177 4761.476 4747.168 4732.861 4718.553 4705.142 4694.031 4682.919 4671.808 4660.696 4652.839 4645.995 4639.151 4632.307 4626.252 4622.639 4619.026 4615.413 4611.8 4606.699 4601.038 4595.377 4589.717 4583.907 4577.528 4571.15 4564.772 4558.394 4552.026 4545.662 4539.298 4532.934 4526.619 4520.54 4514.46 4508.381 4502.302 4497.643
4927.499 4924.311 4921.123 4915.79 4907.083 4898.375 4889.668 4880.961 4876.154 4871.928 4867.701 4863.475 4859.169 4854.717 4850.266 4845.814 4841.363 4835.286 4828.886 4822.486 4816.087 4808.031 4796.4 4784.769 4773.137 4761.506 4748.038 4734.107 4720.176 4706.246 4693.276 4682.773 4672.27 4661.767 4651.263 4643.669 4636.981 4630.293 4623.605 4617.664 4614.029 4610.395 4606.76 4603.125 4598.268 4592.952 4587.636 4582.32 4576.848 4570.788 4564.727 4558.667 4552.606 4546.291 4539.863 4533.434 4527.005 4520.761 4515.397 4510.034 4504.671 4499.307 4495.184
4916.188 4912.527 4908.865 4903.415 4895.148 4886.882 4878.617 4870.351 4865.634 4861.445 4857.256 4853.067 4848.748 4844.189 4839.63 4835.071 4830.511 4824.165 4817.464 4810.763 4804.062 4795.694 4783.729 4771.765 4759.799 4747.834 4734.601 4721.046 4707.492 4693.938 4681.411 4671.516 4661.621 4651.725 4641.83 4634.5 4627.968 4621.436 4614.904 4609.075 4605.419 4601.763 4598.106 4594.45 4589.838 4584.866 4579.894 4574.922 4569.79 4564.047 4558.304 4552.561 4546.818 4540.557 4534.063 4527.57 4521.077 4514.903 4510.255 4505.607 4500.96 4496.313 4492.725
4904.878 4900.743 4896.607 4891.039 4883.214 4875.389 4867.565 4859.74 4855.113 4850.962 4846.811 4842.66 4838.327 4833.66 4828.994 4824.327 4819.66 4813.044 4806.042 4799.039 4792.037 4783.358 4771.059 4758.761 4746.461 4734.163 4721.163 4707.985 4694.808 4681.631 4669.545 4660.258 4650.971 4641.684 4632.397 4625.33 4618.954 4612.578 4606.202 4600.486 4596.809 4593.131 4589.453 4585.775 4581.407 4576.78 4572.153 4567.525 4562.731 4557.306 4551.88 4546.455 4541.03 4534.822 4528.265 4521.707 4515.149 4509.044 4505.113 4501.181 4497.249 4493.317 4490.266
4893.753 4889.142 4884.53 4878.705 4870.972 4863.238 4855.505 4847.772 4843.057 4838.791 4834.524 4830.258 4825.846 4821.163 4816.481 4811.799 4807.116 4800.547 4793.604 4786.661 4779.718 4771.013 4758.504 4745.995 4733.486 4720.978 4708.203 4695.36 4682.517 4669.674 4657.993 4649.291 4640.588 4631.886 4623.183 4616.444 4610.316 4604.189 4598.061 4592.53 4588.841 4585.152 4581.464 4577.775 4573.591 4569.222 4564.852 4560.482 4555.965 4550.886 4545.807 4540.728 4535.648 4529.746 4523.473 4517.201 4510.929 4505.154 4501.765 4498.375 4494.985 4491.595 4488.957
4882.821 4877.73 4872.64 4866.416 4858.408 4850.4 4842.392 4834.384 4829.395 4824.854 4820.313 4815.772 4811.21 4806.609 4802.007 4797.406 4792.804 4786.612 4780.105 4773.598 4767.091 4758.658 4746.069 4733.479 4720.89 4708.3 4695.741 4683.188 4670.637 4658.085 4646.77 4638.627 4630.484 4622.341 4614.199 4607.855 4602.072 4596.289 4590.506 4585.235 4581.546 4577.857 4574.168 4570.479 4566.417 4562.214 4558.012 4553.809 4549.502 4544.799 4540.097 4535.395 4530.693 4525.356 4519.735 4514.114 4508.493 4503.32 4500.291 4497.261 4494.232 4491.203 4488.848
4871.889 4866.319 4860.75 4854.126 4845.844 4837.562 4829.279 4820.997 4815.732 4810.917 4806.103 4801.287 4796.576 4792.055 4787.534 4783.013 4778.493 4772.678 4766.606 4760.535 4754.464 4746.304 4733.634 4720.963 4708.293 4695.623 4683.279 4671.018 4658.757 4646.496 4635.546 4627.963 4620.38 4612.797 4605.214 4599.267 4593.828 4588.389 4582.95 4577.939 4574.251 4570.562 4566.873 4563.185 4559.243 4555.208 4551.171 4547.136 4543.039 4538.714 4534.388 4530.063 4525.737 4520.967 4515.997 4511.027 4506.058 4501.485 4498.816 4496.148 4493.48 4490.812 4488.739
4860.957 4854.909 4848.86 4841.837 4833.28 4824.723 4816.167 4807.609 4802.071 4796.981 4791.892 4786.802 4781.941 4777.501 4773.061 4768.621 4764.181 4758.743 4753.108 4747.473 4741.837 4733.95 4721.199 4708.448 4695.697 4682.946 4670.818 4658.847 4646.876 4634.906 4624.323 4617.3 4610.277 4603.253 4596.23 4590.678 4585.583 4580.489 4575.395 4570.645 4566.956 4563.267 4559.578 4555.889 4552.069 4548.2 4544.331 4540.462 4536.577 4532.628 4528.679 4524.73 4520.782 4516.578 4512.259 4507.94 4503.622 4499.65 4497.343 4495.035 4492.727 4490.419 4488.63
4850.025 4843.498 4836.97 4829.547 4820.716 4811.885 4803.054 4794.222 4788.409 4783.045 4777.681 4772.316 4767.307 4762.947 4758.588 4754.229 4749.869 4744.809 4739.609 4734.41 4729.211 4721.595 4708.764 4695.932 4683.101 4670.269 4658.357 4646.677 4634.997 4623.317 4613.1 4606.637 4600.173 4593.709 4587.246 4582.089 4577.339 4572.589 4567.84 4563.35 4559.661 4555.972 4552.283 4548.594 4544.896 4541.193 4537.491 4533.789 4530.114 4526.542 4522.97 4519.398 4515.827 4512.188 4508.521 4504.854 4501.187 4497.816 4495.869 4493.922 4491.975 4490.027 4488.521
4836.269 4829.059 4821.85 4813.761 4804.289 4794.817 4785.345 4775.873 4769.884 4764.414 4758.943 4753.473 4748.398 4744.05 4739.703 4735.354 4731.007 4725.949 4720.75 4715.55 4710.352 4703.012 4691.05 4679.088 4667.126 4655.164 4644.173 4633.427 4622.681 4611.936 4602.54 4596.606 4590.672 4584.739 4578.805 4573.954 4569.44 4564.926 4560.412 4556.119 4552.509 4548.899 4545.29 4541.68 4538.204 4534.777 4531.351 4527.924 4524.564 4521.458 4518.353 4515.247 4512.141 4509.042 4505.946 4502.851 4499.756 4496.914 4495.288 4493.662 4492.036 4490.41 4489.172
4822.266 4814.356 4806.447 4797.669 4787.524 4777.379 4767.235 4757.09 4750.935 4745.373 4739.811 4734.249 4729.117 4724.774 4720.432 4716.089 4711.747 4706.658 4701.421 4696.185 4690.948 4683.884 4672.875 4661.866 4650.856 4639.847 4629.839 4620.083 4610.328 4600.572 4592.037 4586.631 4581.225 4575.818 4570.412 4565.859 4561.57 4557.282 4552.994 4548.893 4545.37 4541.846 4538.323 4534.799 4531.553 4528.412 4525.271 4522.129 4519.095 4516.462 4513.83 4511.198 4508.565 4506.003 4503.473 4500.943 4498.413 4496.094 4494.785 4493.476 4492.167 4490.859 4489.891
4808.263 4799.654 4791.045 4781.578 4770.76 4759.942 4749.125 4738.307 4731.985 4726.332 4720.678 4715.025 4709.835 4705.499 4701.161 4696.824 4692.487 4687.368 4682.093 4676.819 4671.545 4664.756 4654.7 4644.644 4634.587 4624.53 4615.505 4606.739 4597.974 4589.209 4581.534 4576.655 4571.777 4566.898 4562.019 4557.763 4553.701 4549.639 4545.577 4541.668 4538.23 4534.793 4531.356 4527.918 4524.903 4522.047 4519.191 4516.335 4513.625 4511.466 4509.308 4507.149 4504.99 4502.965 4501.0 4499.035 4497.07 4495.273 4494.282 4493.291 4492.3 4491.309 4490.608
4794.26 4784.951 4775.643 4765.486 4753.996 4742.505 4731.015 4719.524 4713.036 4707.291 4701.546 4695.801 4690.554 4686.223 4681.891 4677.559 4673.227 4668.077 4662.765 4657.453 4652.141 4645.629 4636.525 4627.421 4618.317 4609.213 4601.171 4593.396 4585.621 4577.846 4571.031 4566.68 4562.329 4557.978 4553.626 4549.668 4545.832 4541.996 4538.16 4534.442 4531.091 4527.74 4524.389 4521.038 4518.253 4515.683 4513.112 4510.541 4508.155 4506.47 4504.785 4503.1 4501.415 4499.927 4498.527 4497.127 4495.727 4494.453 4493.779 4493.105 4492.432 4491.758 4491.326
4780.775 4770.833 4760.89 4750.211 4738.375 4726.538 4714.701 4702.864 4696.237 4690.386 4684.534 4678.683 4673.335 4668.913 4664.49 4660.067 4655.645 4650.524 4645.265 4640.005 4634.747 4628.575 4620.433 4612.291 4604.149 4596.008 4588.789 4581.802 4574.815 4567.829 4561.687 4557.708 4553.729 4549.751 4545.773 4542.094 4538.509 4534.923 4531.338 4527.864 4524.734 4521.605 4518.476 4515.346 4512.864 4510.626 4508.387 4506.149 4504.109 4502.822 4501.536 4500.249 4498.962 4497.91 4496.961 4496.014 4495.065 4494.215 4493.835 4493.455 4493.074 4492.693 4492.46
