data/zism_data/00982_01_D.txt
ncols         224
nrows         224
[rows 84 to 111 of 224, columns 63 to 125 of 224]
1241.372 1257.04 1272.708 1288.376 1304.044 1320.187 1336.473 1352.758 1369.044 1382.483 1386.49 1390.496 1394.502 1398.509 1399.77 1399.83 1399.89 1399.95 1399.231 1394.407 1389.583 1384.759 1379.936 1369.959 1356.866 1343.774 1330.681 1317.631 1305.03 1292.429 1279.828 1267.227 1255.98 1245.84 1235.699 1225.559 1215.507 1211.484 1207.461 1203.438 1199.415 1197.046 1196.481 1195.916 1195.351 1194.786 1194.986 1195.232 1195.478 1195.724 1196.049 1196.488 1196.928 1197.367 1197.807 1200.895 1204.381 1207.867 1211.353 1217.907 1230.597 1243.287 1255.978
1245.971 1261.286 1276.602 1291.917 1307.232 1323.202 1339.369 1355.536 1371.703 1384.934 1388.434 1391.934 1395.434 1398.935 1399.985 1399.964 1399.943 1399.922 1398.985 1393.221 1387.457 1381.693 1375.929 1365.208 1351.49 1337.772 1324.054 1310.462 1298.2 1285.938 1273.675 1261.413 1250.34 1240.238 1230.135 1220.033 1210.028 1206.605 1203.183 1199.76 1196.338 1194.457 1194.26 1194.063 1193.865 1193.668 1194.091 1194.553 1195.015 1195.477 1195.978 1196.534 1197.091 1197.648 1198.205 1201.925 1206.119 1210.313 1214.507 1222.031 1236.217 1250.402 1264.587
1248.654 1263.716 1278.778 1293.84 1308.902 1324.826 1341.009 1357.192 1373.376 1386.532 1389.661 1392.79 1395.919 1399.048 1399.783 1399.471 1399.16 1398.848 1397.488 1390.599 1383.709 1376.82 1369.931 1358.773 1345.033 1331.294 1317.554 1303.954 1291.821 1279.688 1267.555 1255.422 1244.697 1235.122 1225.548 1215.973 1206.493 1203.501 1200.51 1197.518 1194.526 1193.022 1193.142 1193.262 1193.383 1193.503 1194.219 1194.971 1195.724 1196.476 1197.388 1198.531 1199.675 1200.819 1201.962 1206.709 1211.995 1217.282 1222.569 1231.062 1245.969 1260.875 1275.782
1251.336 1266.145 1280.954 1295.763 1310.572 1326.449 1342.649 1358.849 1375.048 1388.131 1390.888 1393.646 1396.403 1399.161 1399.581 1398.979 1398.376 1397.774 1395.99 1387.976 1379.962 1371.948 1363.934 1352.338 1338.577 1324.816 1311.054 1297.446 1285.442 1273.438 1261.434 1249.43 1239.055 1230.007 1220.96 1211.912 1202.959 1200.398 1197.836 1195.275 1192.714 1191.587 1192.025 1192.462 1192.9 1193.338 1194.346 1195.389 1196.432 1197.476 1198.798 1200.528 1202.259 1203.989 1205.719 1211.492 1217.872 1224.251 1230.631 1240.093 1255.721 1271.349 1286.976
1254.018 1268.574 1283.13 1297.686 1312.242 1328.073 1344.289 1360.505 1376.72 1389.729 1392.116 1394.502 1396.888 1399.274 1399.379 1398.486 1397.593 1396.7 1394.492 1385.353 1376.214 1367.075 1357.936 1345.903 1332.12 1318.337 1304.555 1290.938 1279.063 1267.188 1255.314 1243.439 1233.412 1224.892 1216.372 1207.852 1199.425 1197.294 1195.163 1193.033 1190.902 1190.152 1190.907 1191.662 1192.417 1193.173 1194.473 1195.807 1197.141 1198.475 1200.208 1202.525 1204.842 1207.159 1209.476 1216.276 1223.748 1231.22 1238.692 1249.123 1265.472 1281.822 1298.171
1256.7 1271.003 1285.306 1299.609 1313.913 1329.697 1345.929 1362.161 1378.393 1391.328 1393.343 1395.358 1397.372 1399.387 1399.177 1397.993 1396.809 1395.625 1392.994 1382.73 1372.466 1362.202 1351.938 1339.468 1325.663 1311.859 1298.055 1284.43 1272.684 1260.938 1249.193 1237.447 1227.769 1219.776 1211.784 1203.792 1195.89 1194.19 1192.49 1190.79 1189.09 1188.716 1189.789 1190.862 1191.935 1193.008 1194.601 1196.225 1197.85 1199.475 1201.618 1204.522 1207.426 1210.33 1213.233 1221.06 1229.625 1238.189 1246.754 1258.154 1275.224 1292.295 1309.365
1257.061 1271.352 1285.644 1299.936 1314.228 1329.996 1346.21 1362.425 1378.639 1391.541 1393.471 1395.4 1397.33 1399.26 1398.669 1396.976 1395.282 1393.589 1390.373 1379.133 1367.893 1356.653 1345.413 1332.684 1319.055 1305.426 1291.796 1278.338 1266.671 1255.004 1243.337 1231.67 1222.325 1214.874 1207.423 1199.972 1192.61 1191.296 1189.982 1188.667 1187.353 1187.383 1188.88 1190.377 1191.875 1193.372 1195.898 1198.487 1201.076 1203.666 1206.823 1210.814 1214.804 1218.794 1222.785 1230.96 1239.764 1248.568 1257.372 1268.88 1285.799 1302.717 1319.635
1255.293 1269.795 1284.297 1298.798 1313.3 1329.08 1345.246 1361.411 1377.577 1390.483 1392.591 1394.698 1396.805 1398.913 1397.882 1395.478 1393.074 1390.67 1386.724 1374.644 1362.564 1350.484 1338.405 1325.581 1312.307 1299.033 1285.759 1272.627 1260.992 1249.358 1237.723 1226.089 1217.063 1210.167 1203.271 1196.374 1189.563 1188.594 1187.624 1186.654 1185.684 1186.144 1188.163 1190.182 1192.201 1194.221 1198.267 1202.439 1206.611 1210.783 1215.508 1221.043 1226.578 1232.113 1237.648 1245.552 1253.813 1262.073 1270.333 1281.161 1297.127 1313.093 1329.058
1253.526 1268.238 1282.949 1297.661 1312.372 1328.164 1344.281 1360.398 1376.516 1389.426 1391.711 1393.996 1396.281 1398.566 1397.095 1393.98 1390.866 1387.752 1383.074 1370.155 1357.235 1344.316 1331.396 1318.477 1305.559 1292.64 1279.721 1266.917 1255.314 1243.712 1232.11 1220.507 1211.802 1205.46 1199.118 1192.776 1186.517 1185.891 1185.266 1184.64 1184.015 1184.904 1187.445 1189.987 1192.528 1195.069 1200.637 1206.391 1212.146 1217.9 1224.192 1231.271 1238.351 1245.431 1252.511 1260.144 1267.861 1275.577 1283.293 1293.442 1308.455 1323.468 1338.481
1251.759 1266.68 1281.602 1296.523 1311.444 1327.247 1343.317 1359.385 1375.454 1388.368 1390.831 1393.294 1395.756 1398.219 1396.307 1392.483 1388.658 1384.833 1379.424 1365.665 1351.906 1338.147 1324.388 1311.374 1298.81 1286.247 1273.683 1261.206 1249.636 1238.066 1226.496 1214.926 1206.541 1200.753 1194.965 1189.177 1183.47 1183.189 1182.908 1182.627 1182.346 1183.664 1186.728 1189.791 1192.854 1195.918 1203.007 1210.344 1217.68 1225.017 1232.876 1241.5 1250.125 1258.749 1267.374 1274.736 1281.909 1289.082 1296.255 1305.723 1319.783 1333.844 1347.904
1249.991 1265.123 1280.254 1295.385 1310.517 1326.331 1342.352 1358.372 1374.393 1387.311 1389.951 1392.591 1395.231 1397.872 1395.52 1390.985 1386.45 1381.914 1375.775 1361.176 1346.577 1331.978 1317.38 1304.271 1292.063 1279.854 1267.646 1255.496 1243.958 1232.42 1220.883 1209.345 1201.279 1196.046 1190.813 1185.579 1180.423 1180.486 1180.55 1180.613 1180.677 1182.425 1186.01 1189.596 1193.181 1196.767 1205.376 1214.296 1223.215 1232.134 1241.56 1251.729 1261.898 1272.068 1282.237 1289.328 1295.957 1302.586 1309.215 1318.004 1331.111 1344.219 1357.327
1246.979 1262.514 1278.048 1293.583 1309.118 1324.936 1340.84 1356.744 1372.649 1385.46 1388.027 1390.594 1393.161 1395.728 1392.504 1386.746 1380.988 1375.23 1368.109 1353.805 1339.501 1325.197 1310.892 1297.92 1285.754 1273.587 1261.42 1249.313 1237.834 1226.355 1214.876 1203.396 1195.518 1190.578 1185.638 1180.697 1175.84 1176.63 1177.419 1178.209 1178.998 1181.647 1186.324 1191.002 1195.679 1200.356 1210.894 1221.793 1232.692 1243.59 1254.307 1264.756 1275.205 1285.654 1296.103 1303.117 1309.615 1316.114 1322.612 1330.669 1341.841 1353.013 1364.186
1243.929 1259.873 1275.817 1291.76 1307.704 1323.527 1339.313 1355.098 1370.884 1383.586 1386.072 1388.558 1391.045 1393.531 1389.421 1382.425 1375.429 1368.433 1360.324 1346.348 1332.372 1318.396 1304.421 1291.593 1279.458 1267.324 1255.189 1243.117 1231.697 1220.277 1208.857 1197.437 1189.742 1185.087 1180.432 1175.777 1171.212 1172.739 1174.266 1175.793 1177.319 1180.883 1186.669 1192.455 1198.241 1204.027 1216.506 1229.396 1242.286 1255.176 1267.174 1277.865 1288.557 1299.248 1309.939 1316.882 1323.262 1329.642 1336.022 1343.345 1352.552 1361.76 1370.968
1240.88 1257.233 1273.585 1289.938 1306.291 1322.117 1337.785 1353.452 1369.119 1381.712 1384.117 1386.523 1388.928 1391.334 1386.338 1378.104 1369.87 1361.636 1352.539 1338.892 1325.244 1311.597 1297.949 1285.265 1273.163 1261.061 1248.958 1236.921 1225.56 1214.199 1202.838 1191.477 1183.967 1179.597 1175.227 1170.857 1166.584 1168.848 1171.112 1173.377 1175.641 1180.12 1187.014 1193.909 1200.804 1207.699 1222.117 1236.999 1251.88 1266.762 1280.042 1290.975 1301.909 1312.842 1323.776 1330.647 1336.908 1343.17 1349.432 1356.021 1363.264 1370.507 1377.75
1237.83 1254.592 1271.354 1288.116 1304.877 1320.708 1336.257 1351.806 1367.355 1379.837 1382.162 1384.487 1386.812 1389.136 1383.255 1373.783 1364.311 1354.839 1344.754 1331.435 1318.116 1304.796 1291.477 1278.937 1266.867 1254.797 1242.727 1230.724 1219.423 1208.121 1196.819 1185.518 1178.191 1174.106 1170.022 1165.937 1161.956 1164.957 1167.959 1170.96 1173.962 1179.356 1187.359 1195.363 1203.367 1211.37 1227.729 1244.602 1261.475 1278.348 1292.91 1304.085 1315.261 1326.437 1337.613 1344.412 1350.555 1356.699 1362.842 1368.697 1373.975 1379.254 1384.533
1239.429 1256.229 1273.029 1289.829 1306.629 1322.031 1337.011 1351.992 1366.972 1378.906 1380.75 1382.594 1384.438 1386.281 1379.573 1369.123 1358.674 1348.224 1337.361 1324.315 1311.27 1298.225 1285.18 1272.647 1260.424 1248.201 1235.978 1223.83 1212.468 1201.105 1189.743 1178.38 1171.307 1167.731 1164.156 1160.581 1157.114 1160.995 1164.877 1168.758 1172.64 1179.114 1188.416 1197.719 1207.021 1216.323 1233.826 1251.833 1269.841 1287.848 1303.071 1314.217 1325.364 1336.51 1347.657 1354.364 1360.404 1366.445 1372.485 1377.774 1381.559 1385.343 1389.128
1247.44 1263.766 1280.093 1296.419 1312.745 1327.124 1340.915 1354.705 1368.496 1379.277 1380.087 1380.898 1381.708 1382.518 1375.065 1363.996 1352.927 1341.859 1330.507 1317.661 1304.814 1291.968 1279.122 1266.41 1253.778 1241.146 1228.513 1215.972 1204.384 1192.795 1181.207 1169.618 1162.894 1160.137 1157.38 1154.622 1151.977 1156.935 1161.893 1166.852 1171.81 1179.592 1190.455 1201.319 1212.182 1223.046 1240.593 1258.552 1276.511 1294.469 1309.5 1320.243 1330.985 1341.728 1352.471 1359.055 1365.015 1370.975 1376.935 1381.888 1384.827 1387.766 1390.706
1255.451 1271.304 1287.156 1303.009 1318.861 1332.217 1344.818 1357.419 1370.02 1379.648 1379.425 1379.201 1378.978 1378.755 1370.556 1358.869 1347.181 1335.493 1323.653 1311.006 1298.359 1285.712 1273.065 1260.173 1247.131 1234.09 1221.049 1208.115 1196.3 1184.486 1172.671 1160.857 1154.481 1152.542 1150.603 1148.664 1146.841 1152.875 1158.91 1164.945 1170.979 1180.07 1192.494 1204.919 1217.343 1229.767 1247.36 1265.27 1283.18 1301.091 1315.929 1326.268 1336.607 1346.946 1357.285 1363.746 1369.625 1375.504 1381.383 1386.001 1388.095 1390.19 1392.284
1263.463 1278.841 1294.22 1309.599 1324.978 1337.309 1348.721 1360.133 1371.544 1380.019 1378.762 1377.505 1376.248 1374.992 1366.048 1353.741 1341.435 1329.128 1316.799 1304.351 1291.903 1279.455 1267.008 1253.935 1240.485 1227.035 1213.584 1200.257 1188.216 1176.176 1164.135 1152.094 1146.068 1144.947 1143.826 1142.706 1141.704 1148.816 1155.927 1163.038 1170.149 1180.548 1194.533 1208.519 1222.504 1236.49 1254.127 1271.989 1289.85 1307.712 1322.358 1332.293 1342.228 1352.164 1362.099 1368.437 1374.236 1380.034 1385.833 1390.115 1391.364 1392.613 1393.862
1271.473 1286.379 1301.284 1316.189 1331.094 1342.402 1352.624 1362.846 1373.068 1380.389 1378.099 1375.809 1373.519 1371.229 1361.54 1348.614 1335.688 1322.763 1309.945 1297.696 1285.448 1273.199 1260.951 1247.698 1233.839 1219.979 1206.12 1192.399 1180.133 1167.866 1155.599 1143.333 1137.655 1137.353 1137.05 1136.748 1136.568 1144.756 1152.943 1161.131 1169.319 1181.026 1196.572 1212.119 1227.665 1243.211 1260.893 1278.707 1296.52 1314.334 1328.786 1338.318 1347.85 1357.381 1366.913 1373.128 1378.846 1384.564 1390.281 1394.228 1394.632 1395.036 1395.44
1278.058 1291.848 1305.638 1319.429 1333.219 1343.427 1352.553 1361.679 1370.805 1377.184 1374.465 1371.745 1369.025 1366.305 1356.683 1344.042 1331.401 1318.759 1306.083 1293.219 1280.355 1267.491 1254.627 1240.745 1226.247 1211.75 1197.252 1182.984 1171.128 1159.271 1147.415 1135.559 1130.408 1130.727 1131.046 1131.365 1131.815 1141.121 1150.427 1159.734 1169.04 1182.117 1199.309 1216.5 1233.692 1250.884 1267.619 1284.326 1301.033 1317.74 1331.224 1339.987 1348.75 1357.513 1366.276 1372.105 1377.494 1382.882 1388.271 1391.822 1391.694 1391.567 1391.439
1284.428 1297.007 1309.586 1322.165 1334.745 1343.841 1351.885 1359.929 1367.974 1373.443 1370.385 1367.326 1364.267 1361.208 1351.775 1339.553 1327.332 1315.11 1302.669 1289.068 1275.466 1261.865 1248.264 1233.685 1218.514 1203.344 1188.173 1173.335 1161.985 1150.635 1139.284 1127.934 1123.337 1124.248 1125.159 1126.07 1127.119 1137.55 1147.981 1158.412 1168.843 1183.301 1202.15 1220.999 1239.849 1258.698 1274.338 1289.78 1305.223 1320.665 1333.063 1341.002 1348.942 1356.881 1364.821 1370.224 1375.247 1380.27 1385.292 1388.437 1387.825 1387.214 1386.602
1290.798 1302.166 1313.534 1324.902 1336.271 1344.255 1351.217 1358.18 1365.142 1369.703 1366.305 1362.907 1359.509 1356.111 1346.867 1335.065 1323.263 1311.462 1299.255 1284.917 1270.578 1256.239 1241.901 1226.625 1210.781 1194.938 1179.095 1163.686 1152.842 1141.998 1131.153 1120.309 1116.265 1117.768 1119.271 1120.774 1122.423 1133.979 1145.535 1157.091 1168.647 1184.484 1204.991 1225.498 1246.005 1266.512 1281.057 1295.234 1309.412 1323.589 1334.901 1342.017 1349.133 1356.249 1363.365 1368.343 1373.0 1377.657 1382.314 1385.053 1383.957 1382.86 1381.764
1297.168 1307.325 1317.482 1327.639 1337.797 1344.669 1350.55 1356.43 1362.311 1365.962 1362.224 1358.487 1354.75 1351.013 1341.958 1330.576 1319.194 1307.813 1295.842 1280.766 1265.69 1250.614 1235.538 1219.564 1203.048 1186.532 1170.016 1154.037 1143.699 1133.36 1123.022 1112.684 1109.193 1111.288 1113.383 1115.478 1117.727 1130.408 1143.089 1155.77 1168.451 1185.667 1207.832 1229.997 1252.162 1274.327 1287.776 1300.689 1313.601 1326.514 1336.74 1343.033 1349.325 1355.618 1361.91 1366.462 1370.753 1375.044 1379.335 1381.668 1380.088 1378.507 1376.927
1302.217 1311.327 1320.436 1329.545 1338.654 1344.575 1349.534 1354.492 1359.45 1362.341 1358.382 1354.422 1350.463 1346.503 1337.573 1326.469 1315.364 1304.26 1292.39 1276.482 1260.574 1244.666 1228.759 1212.265 1195.418 1178.571 1161.723 1145.506 1135.905 1126.305 1116.704 1107.103 1104.209 1106.787 1109.364 1111.941 1114.68 1128.377 1142.075 1155.773 1169.471 1187.662 1210.755 1233.848 1256.942 1280.035 1292.492 1304.294 1316.096 1327.899 1337.199 1342.837 1348.474 1354.111 1359.748 1363.866 1367.757 1371.648 1375.538 1377.45 1375.404 1373.357 1371.311
1304.446 1312.855 1321.265 1329.675 1338.084 1343.396 1347.773 1352.15 1356.528 1358.978 1355.045 1351.113 1347.18 1343.248 1334.307 1323.176 1312.045 1300.913 1288.856 1271.914 1254.973 1238.032 1221.091 1204.456 1188.007 1171.558 1155.109 1139.363 1130.994 1122.626 1114.258 1105.89 1103.686 1106.511 1109.336 1112.161 1115.155 1129.638 1144.122 1158.606 1173.089 1191.389 1213.853 1236.316 1258.78 1281.243 1292.929 1303.95 1314.972 1325.994 1334.711 1340.052 1345.393 1350.734 1356.076 1359.743 1363.16 1366.577 1369.994 1371.448 1368.977 1366.505 1364.034
1306.675 1314.384 1322.094 1329.804 1337.514 1342.217 1346.013 1349.809 1353.605 1355.615 1351.709 1347.804 1343.898 1339.992 1331.041 1319.883 1308.725 1297.567 1285.322 1267.347 1249.372 1231.398 1213.423 1196.647 1180.597 1164.546 1148.495 1133.219 1126.084 1118.948 1111.813 1104.677 1103.163 1106.236 1109.308 1112.381 1115.63 1130.9 1146.169 1161.438 1176.708 1195.117 1216.95 1238.784 1260.618 1282.452 1293.365 1303.607 1313.848 1324.09 1332.222 1337.268 1342.313 1347.358 1352.403 1355.62 1358.564 1361.507 1364.45 1365.447 1362.55 1359.654 1356.757
1308.903 1315.913 1322.923 1329.934 1336.944 1341.038 1344.253 1347.467 1350.682 1352.252 1348.373 1344.494 1340.615 1336.737 1327.775 1316.59 1305.405 1294.22 1281.787 1262.779 1243.771 1224.763 1205.755 1188.838 1173.186 1157.533 1141.881 1127.076 1121.173 1115.27 1109.367 1103.464 1102.641 1105.961 1109.281 1112.601 1116.106 1132.161 1148.216 1164.271 1180.326 1198.844 1220.048 1241.252 1262.456 1283.66 1293.802 1303.263 1312.724 1322.185 1329.734 1334.483 1339.232 1343.981 1348.73 1351.497 1353.967 1356.437 1358.906 1359.445 1356.123 1352.802 1349.48
