data/zism_data/00980_04_D.txt
ncols         224
nrows         224
[rows 196 to 223 of 224, columns 63 to 125 of 224]
4449.146 4441.048 4433.532 4426.016 4418.5 4410.983 4399.529 4387.958 4376.385 4364.814 4352.739 4340.058 4327.377 4314.695 4302.014 4294.771 4287.906 4281.041 4274.175 4266.098 4256.33 4246.561 4236.792 4227.024 4220.842 4215.063 4209.283 4203.503 4199.694 4199.083 4198.473 4197.862 4197.251 4197.412 4197.695 4197.979 4198.262 4200.73 4207.342 4213.955 4220.566 4227.179 4242.734 4260.156 4277.578 4295.0 4312.172 4328.784 4345.396 4362.008 4378.62 4390.256 4400.582 4410.907 4421.232 4431.688 4442.491 4453.294 4464.097 4474.9 4487.87 4501.542 4515.213
4443.493 4435.46 4427.784 4420.108 4412.432 4404.756 4393.526 4382.189 4370.853 4359.517 4347.887 4335.903 4323.919 4311.935 4299.951 4293.401 4287.228 4281.054 4274.881 4267.25 4257.584 4247.918 4238.253 4228.587 4222.17 4216.118 4210.064 4204.011 4199.985 4199.247 4198.509 4197.771 4197.033 4197.126 4197.351 4197.576 4197.801 4200.277 4207.018 4213.759 4220.5 4227.241 4243.743 4262.283 4280.822 4299.362 4317.502 4334.75 4351.998 4369.246 4386.494 4397.779 4407.493 4417.206 4426.92 4436.816 4447.201 4457.585 4467.97 4478.354 4491.507 4505.556 4519.605
4447.613 4439.657 4431.863 4424.069 4416.274 4408.48 4397.659 4386.748 4375.837 4364.926 4353.897 4342.726 4331.554 4320.383 4309.211 4302.81 4296.739 4290.667 4284.596 4276.848 4266.757 4256.666 4246.575 4236.484 4228.877 4221.549 4214.22 4206.892 4201.875 4200.609 4199.344 4198.079 4196.813 4196.848 4197.089 4197.331 4197.572 4200.279 4207.661 4215.042 4222.424 4229.805 4247.104 4266.472 4285.84 4305.209 4323.835 4340.803 4357.771 4374.739 4391.707 4402.93 4412.638 4422.346 4432.054 4441.955 4452.366 4462.777 4473.188 4483.6 4497.101 4511.602 4526.104
4451.734 4443.855 4435.942 4428.029 4420.117 4412.204 4401.792 4391.307 4380.82 4370.334 4359.906 4349.548 4339.189 4328.831 4318.471 4312.218 4306.25 4300.281 4294.312 4286.446 4275.929 4265.414 4254.897 4244.381 4235.584 4226.98 4218.376 4209.772 4203.765 4201.972 4200.179 4198.386 4196.593 4196.57 4196.828 4197.085 4197.343 4200.281 4208.303 4216.326 4224.348 4232.369 4250.464 4270.662 4290.859 4311.057 4330.168 4346.856 4363.544 4380.232 4396.92 4408.081 4417.784 4427.486 4437.189 4447.093 4457.531 4467.969 4478.407 4488.845 4502.694 4517.648 4532.602
4455.855 4448.052 4440.021 4431.99 4423.959 4415.928 4405.925 4395.865 4385.804 4375.743 4365.916 4356.37 4346.824 4337.278 4327.732 4321.627 4315.76 4309.894 4304.027 4296.043 4285.102 4274.161 4263.22 4252.279 4242.292 4232.412 4222.532 4212.652 4205.655 4203.334 4201.014 4198.694 4196.374 4196.292 4196.566 4196.84 4197.113 4200.284 4208.946 4217.609 4226.271 4234.934 4253.825 4274.851 4295.877 4316.904 4336.501 4352.909 4369.317 4385.726 4402.134 4413.231 4422.929 4432.626 4442.323 4452.23 4462.696 4473.161 4483.626 4494.091 4508.288 4523.694 4539.099
4459.976 4452.25 4444.1 4435.951 4427.801 4419.651 4410.059 4400.423 4390.788 4381.152 4371.925 4363.192 4354.459 4345.726 4336.992 4331.036 4325.271 4319.507 4313.743 4305.641 4294.274 4282.908 4271.542 4260.176 4248.999 4237.843 4226.688 4215.532 4207.544 4204.697 4201.849 4199.001 4196.154 4196.015 4196.304 4196.594 4196.884 4200.286 4209.589 4218.892 4228.195 4237.498 4257.186 4279.041 4300.896 4322.751 4342.834 4358.962 4375.09 4391.219 4407.347 4418.382 4428.074 4437.766 4447.458 4457.369 4467.861 4478.353 4488.845 4499.337 4513.882 4529.74 4545.597
4468.859 4461.228 4453.156 4445.085 4437.013 4428.942 4419.852 4410.73 4401.609 4392.488 4383.757 4375.497 4367.237 4358.977 4350.716 4344.348 4338.11 4331.873 4325.635 4317.158 4305.552 4293.946 4282.341 4270.735 4258.667 4246.547 4234.427 4222.307 4213.184 4208.926 4204.668 4200.41 4196.152 4195.788 4196.04 4196.292 4196.544 4199.896 4209.125 4218.353 4227.582 4236.81 4256.502 4278.378 4300.253 4322.13 4342.486 4359.45 4376.414 4393.377 4410.341 4421.852 4431.924 4441.997 4452.07 4462.335 4473.111 4483.887 4494.664 4505.44 4519.821 4535.37 4550.918
4480.149 4472.622 4464.728 4456.834 4448.94 4441.047 4432.505 4423.944 4415.382 4406.821 4398.533 4390.574 4382.615 4374.657 4366.698 4359.634 4352.632 4345.63 4338.628 4329.645 4317.894 4306.143 4294.392 4282.641 4269.832 4256.904 4243.977 4231.049 4220.719 4214.604 4208.49 4202.375 4196.26 4195.586 4195.773 4195.961 4196.149 4199.308 4208.1 4216.893 4225.686 4234.478 4253.774 4275.262 4296.75 4318.239 4338.761 4357.124 4375.487 4393.85 4412.213 4424.471 4435.12 4445.769 4456.417 4467.214 4478.405 4489.596 4500.787 4511.978 4525.936 4540.79 4555.644
4491.44 4484.016 4476.3 4468.583 4460.868 4453.151 4445.158 4437.157 4429.155 4421.153 4413.308 4405.651 4397.993 4390.336 4382.679 4374.919 4367.153 4359.387 4351.621 4342.132 4330.235 4318.339 4306.442 4294.546 4280.997 4267.262 4253.527 4239.792 4228.254 4220.283 4212.311 4204.339 4196.368 4195.384 4195.507 4195.63 4195.753 4198.72 4207.076 4215.433 4223.789 4232.146 4251.046 4272.146 4293.248 4314.349 4335.036 4354.798 4374.56 4394.323 4414.085 4427.091 4438.316 4449.541 4460.765 4472.094 4483.699 4495.304 4506.909 4518.514 4532.049 4546.209 4560.369
4502.731 4495.41 4487.872 4480.333 4472.794 4465.256 4457.812 4450.37 4442.928 4435.486 4428.083 4420.728 4413.372 4406.016 4398.66 4390.205 4381.675 4373.145 4364.614 4354.619 4342.577 4330.535 4318.493 4306.452 4292.162 4277.619 4263.077 4248.534 4235.79 4225.961 4216.132 4206.304 4196.476 4195.183 4195.241 4195.299 4195.358 4198.131 4206.052 4213.973 4221.893 4229.813 4248.318 4269.031 4289.744 4310.458 4331.31 4352.472 4373.634 4394.795 4415.957 4429.711 4441.512 4453.312 4465.113 4476.973 4488.993 4501.012 4513.032 4525.051 4538.164 4551.629 4565.095
4514.202 4506.942 4499.523 4492.104 4484.685 4477.266 4470.251 4463.25 4456.248 4449.245 4442.187 4435.061 4427.934 4420.808 4413.681 4404.594 4395.372 4386.15 4376.928 4366.49 4354.355 4342.22 4330.085 4317.951 4302.964 4287.659 4272.353 4257.047 4243.154 4231.556 4219.957 4208.357 4196.759 4195.124 4195.066 4195.009 4194.952 4197.504 4205.002 4212.501 4219.999 4227.498 4245.628 4265.977 4286.326 4306.676 4327.68 4350.146 4372.611 4395.077 4417.542 4432.011 4444.372 4456.733 4469.093 4481.467 4493.874 4506.282 4518.689 4531.097 4543.795 4556.589 4569.382
4527.386 4519.787 4511.932 4504.077 4496.222 4488.367 4480.655 4472.948 4465.241 4457.534 4449.883 4442.299 4434.714 4427.13 4419.546 4410.43 4401.208 4391.986 4382.764 4372.495 4360.763 4349.032 4337.301 4325.57 4310.314 4294.664 4279.014 4263.363 4248.896 4236.351 4223.804 4211.258 4198.712 4196.427 4195.767 4195.107 4194.447 4196.504 4203.711 4210.919 4218.127 4225.334 4243.299 4263.508 4283.718 4303.928 4324.957 4347.815 4370.673 4393.532 4416.39 4431.265 4444.035 4456.805 4469.574 4482.282 4494.824 4507.366 4519.908 4532.45 4544.832 4557.162 4569.493
4540.571 4532.632 4524.341 4516.05 4507.759 4499.468 4491.059 4482.647 4474.234 4465.822 4457.578 4449.537 4441.495 4433.454 4425.412 4416.266 4407.044 4397.822 4388.6 4378.5 4367.171 4355.844 4344.516 4333.188 4317.664 4301.669 4285.675 4269.68 4254.639 4241.146 4227.652 4214.159 4200.665 4197.73 4196.468 4195.205 4193.942 4195.503 4202.42 4209.338 4216.255 4223.172 4240.97 4261.04 4281.109 4301.179 4322.233 4345.484 4368.736 4391.987 4415.238 4430.519 4443.698 4456.876 4470.055 4483.097 4495.773 4508.45 4521.126 4533.803 4545.868 4557.736 4569.604
4553.756 4545.477 4536.75 4528.023 4519.296 4510.569 4501.463 4492.346 4483.228 4474.111 4465.274 4456.775 4448.276 4439.777 4431.278 4422.103 4412.88 4403.658 4394.436 4384.504 4373.58 4362.656 4351.732 4340.808 4325.014 4308.675 4292.336 4275.997 4260.381 4245.94 4231.5 4217.059 4202.619 4199.034 4197.168 4195.302 4193.437 4194.503 4201.13 4207.756 4214.383 4221.009 4238.642 4258.571 4278.5 4298.431 4319.51 4343.154 4366.798 4390.442 4414.086 4429.772 4443.36 4456.948 4470.536 4483.912 4496.723 4509.534 4522.345 4535.156 4546.905 4558.31 4569.714
4566.94 4558.322 4549.159 4539.996 4530.833 4521.67 4511.867 4502.044 4492.222 4482.399 4472.97 4464.013 4455.057 4446.1 4437.144 4427.938 4418.716 4409.494 4400.272 4390.508 4379.988 4369.467 4358.947 4348.427 4332.364 4315.681 4298.997 4282.313 4266.124 4250.735 4235.348 4219.96 4204.572 4200.337 4197.869 4195.4 4192.932 4193.503 4199.839 4206.175 4212.511 4218.846 4236.313 4256.103 4275.892 4295.683 4316.786 4340.823 4364.86 4388.897 4412.935 4429.026 4443.023 4457.02 4471.017 4484.727 4497.672 4510.618 4523.563 4536.509 4547.941 4558.883 4569.825
4576.015 4566.898 4557.274 4547.649 4538.025 4528.401 4517.809 4507.188 4496.567 4485.947 4475.927 4466.632 4457.336 4448.042 4438.746 4429.519 4420.297 4411.075 4401.853 4392.138 4381.735 4371.333 4360.931 4350.528 4334.58 4318.01 4301.44 4284.87 4268.619 4252.883 4237.147 4221.412 4205.676 4200.766 4197.57 4194.375 4191.179 4191.171 4197.208 4203.245 4209.281 4215.317 4232.72 4252.494 4272.268 4292.043 4313.118 4337.095 4361.072 4385.05 4409.027 4425.488 4439.968 4454.448 4468.927 4482.988 4495.938 4508.888 4521.839 4534.789 4546.045 4556.753 4567.461
4581.38 4571.622 4561.513 4551.404 4541.295 4531.187 4519.724 4508.221 4496.717 4485.214 4474.606 4465.08 4455.553 4446.026 4436.5 4427.257 4418.035 4408.813 4399.591 4389.818 4379.275 4368.733 4358.191 4347.649 4332.161 4316.118 4300.076 4284.033 4268.182 4252.64 4237.098 4221.556 4206.015 4200.406 4196.371 4192.335 4188.3 4187.637 4193.367 4199.097 4204.826 4210.556 4227.985 4247.856 4267.728 4287.599 4308.596 4332.105 4355.614 4379.123 4402.632 4419.43 4434.459 4449.488 4464.516 4478.945 4491.782 4504.619 4517.457 4530.293 4541.502 4552.183 4562.864
4586.744 4576.345 4565.752 4555.159 4544.566 4533.973 4521.639 4509.253 4496.867 4484.48 4473.286 4463.528 4453.77 4444.011 4434.253 4424.996 4415.774 4406.552 4397.33 4387.499 4376.816 4366.134 4355.452 4344.77 4329.742 4314.227 4298.712 4283.196 4267.745 4252.397 4237.049 4221.701 4206.353 4200.046 4195.171 4190.296 4185.421 4184.103 4189.525 4194.949 4200.372 4205.794 4223.251 4243.219 4263.187 4283.155 4304.074 4327.115 4350.156 4373.197 4396.238 4413.372 4428.95 4444.528 4460.105 4474.902 4487.626 4500.35 4513.075 4525.798 4536.959 4547.613 4558.268
4592.109 4581.068 4569.991 4558.914 4547.836 4536.759 4523.554 4510.285 4497.016 4483.748 4471.965 4461.976 4451.986 4441.997 4432.006 4422.735 4413.513 4404.291 4395.068 4385.179 4374.356 4363.534 4352.712 4341.89 4327.322 4312.335 4297.348 4282.36 4267.309 4252.154 4237.0 4221.845 4206.691 4199.686 4193.971 4188.257 4182.542 4180.568 4185.684 4190.8 4195.917 4201.033 4218.517 4238.582 4258.646 4278.711 4299.552 4322.125 4344.698 4367.27 4389.843 4407.314 4423.441 4439.568 4455.694 4470.859 4483.47 4496.081 4508.692 4521.303 4532.416 4543.043 4553.67
4597.473 4585.792 4574.23 4562.668 4551.106 4539.545 4525.468 4511.317 4497.166 4483.015 4470.645 4460.424 4450.203 4439.981 4429.76 4420.473 4411.251 4402.029 4392.807 4382.858 4371.896 4360.935 4349.973 4339.011 4324.903 4310.443 4295.983 4281.523 4266.872 4251.911 4236.951 4221.99 4207.029 4199.326 4192.771 4186.218 4179.664 4177.034 4181.843 4186.652 4191.462 4196.271 4213.782 4233.944 4254.105 4274.268 4295.031 4317.135 4339.239 4361.344 4383.448 4401.256 4417.932 4434.608 4451.283 4466.816 4479.314 4491.812 4504.311 4516.808 4527.873 4538.473 4549.074
4591.847 4579.82 4567.728 4555.635 4543.543 4531.45 4517.086 4502.654 4488.222 4473.791 4461.379 4451.406 4441.432 4431.458 4421.484 4412.285 4403.14 4393.995 4384.85 4374.968 4364.056 4353.145 4342.233 4331.322 4317.416 4303.175 4288.934 4274.692 4260.23 4245.412 4230.594 4215.775 4200.957 4192.913 4185.941 4178.969 4171.998 4169.239 4174.467 4179.695 4184.924 4190.152 4207.696 4227.811 4247.925 4268.04 4288.881 4311.346 4333.811 4356.276 4378.74 4397.054 4414.274 4431.493 4448.712 4464.524 4476.595 4488.666 4500.737 4512.808 4523.62 4534.023 4544.427
4585.718 4573.359 4560.733 4548.108 4535.483 4522.857 4508.232 4493.548 4478.862 4464.178 4451.75 4442.045 4432.341 4422.636 4412.931 4403.825 4394.761 4385.697 4376.633 4366.822 4355.97 4345.117 4334.265 4323.413 4309.697 4295.66 4281.624 4267.586 4253.305 4238.626 4223.948 4209.27 4194.591 4186.222 4178.852 4171.482 4164.112 4161.249 4166.929 4172.61 4178.29 4183.97 4201.548 4221.608 4241.669 4261.73 4282.658 4305.521 4328.384 4351.247 4374.11 4392.937 4410.7 4428.463 4446.226 4462.312 4473.942 4485.571 4497.201 4508.831 4519.38 4529.579 4539.778
4579.589 4566.897 4553.739 4540.581 4527.423 4514.265 4499.378 4484.441 4469.503 4454.565 4442.121 4432.686 4423.25 4413.814 4404.378 4395.366 4386.382 4377.398 4368.415 4358.677 4347.883 4337.09 4326.297 4315.504 4301.978 4288.146 4274.313 4260.481 4246.379 4231.841 4217.302 4202.764 4188.226 4179.532 4171.763 4163.995 4156.227 4153.259 4159.391 4165.524 4171.656 4177.789 4195.4 4215.407 4235.414 4255.421 4276.435 4299.696 4322.957 4346.218 4369.479 4388.82 4407.127 4425.433 4443.74 4460.1 4471.289 4482.477 4493.665 4504.854 4515.14 4525.135 4535.129
4573.459 4560.436 4546.745 4533.054 4519.363 4505.672 4490.524 4475.334 4460.143 4444.952 4432.492 4423.326 4414.159 4404.993 4395.826 4386.906 4378.003 4369.101 4360.198 4350.531 4339.796 4329.063 4318.329 4307.595 4294.259 4280.631 4267.003 4253.375 4239.454 4225.055 4210.657 4196.258 4181.86 4172.841 4164.675 4156.508 4148.342 4145.269 4151.854 4158.438 4165.023 4171.607 4189.252 4209.205 4229.158 4249.111 4270.211 4293.871 4317.53 4341.189 4364.849 4384.703 4403.553 4422.403 4441.253 4457.888 4468.635 4479.382 4490.129 4500.876 4510.9 4520.69 4530.48
4564.887 4551.421 4537.229 4523.036 4508.844 4494.651 4479.399 4464.116 4448.833 4433.549 4421.084 4412.018 4402.952 4393.886 4384.819 4376.147 4367.502 4358.857 4350.212 4340.83 4330.417 4320.004 4309.592 4299.18 4286.088 4272.696 4259.304 4245.912 4232.202 4217.974 4203.747 4189.52 4175.292 4166.084 4157.671 4149.259 4140.846 4137.692 4144.511 4151.329 4158.147 4164.965 4182.655 4202.615 4222.574 4242.534 4263.756 4287.797 4311.838 4335.88 4359.921 4380.133 4399.335 4418.538 4437.74 4454.594 4465.208 4475.821 4486.436 4497.049 4506.869 4516.432 4525.995
4552.444 4538.361 4523.716 4509.072 4494.427 4479.782 4464.674 4449.553 4434.43 4419.309 4406.856 4397.623 4388.39 4379.157 4369.924 4361.744 4353.637 4345.53 4337.424 4328.663 4318.987 4309.312 4299.637 4289.962 4277.201 4264.095 4250.988 4237.881 4224.431 4210.425 4196.418 4182.411 4168.405 4159.222 4150.804 4142.386 4133.968 4130.772 4137.477 4144.182 4150.887 4157.592 4175.348 4195.409 4215.471 4235.533 4256.936 4281.333 4305.729 4330.125 4354.521 4374.846 4394.097 4413.348 4432.598 4449.584 4460.554 4471.522 4482.492 4493.461 4503.168 4512.467 4521.766
4540.0 4525.3 4510.204 4495.107 4480.01 4464.913 4449.949 4434.989 4420.028 4405.068 4392.628 4383.228 4373.828 4364.429 4355.028 4347.341 4339.772 4332.204 4324.636 4316.496 4307.558 4298.62 4289.682 4280.745 4268.314 4255.493 4242.672 4229.85 4216.661 4202.875 4189.089 4175.303 4161.517 4152.36 4143.937 4135.513 4127.09 4123.851 4130.443 4137.035 4143.627 4150.219 4168.04 4188.204 4208.368 4228.532 4250.116 4274.867 4299.619 4324.37 4349.122 4369.559 4388.858 4408.157 4427.457 4444.575 4455.899 4467.224 4478.548 4489.873 4499.467 4508.503 4517.538
4527.557 4512.24 4496.691 4481.142 4465.593 4450.044 4435.224 4420.425 4405.626 4390.827 4378.4 4368.833 4359.267 4349.7 4340.133 4332.938 4325.908 4318.877 4311.847 4304.329 4296.128 4287.928 4279.727 4271.527 4259.428 4246.892 4234.356 4221.819 4208.891 4195.326 4181.76 4168.195 4154.629 4145.498 4137.069 4128.64 4120.211 4116.93 4123.409 4129.889 4136.367 4142.846 4160.732 4180.998 4201.265 4221.531 4243.295 4268.402 4293.509 4318.616 4343.722 4364.271 4383.62 4402.967 4422.314 4439.566 4451.245 4462.925 4474.604 4486.284 4495.767 4504.538 4513.31
