data/zism_data/00996_04_D.txt
ncols         224
nrows         224
[rows 0 to 27 of 224, columns 0 to 63 of 224]
1498.143 1498.362 1498.581 1498.801 1498.97 1499.135 1499.301 1499.467 1499.593 1499.655 1499.718 1499.78 1499.842 1499.853 1499.853 1499.853 1499.853 1499.879 1499.976 1500.072 1500.169 1500.266 1501.281 1502.673 1504.064 1505.455 1507.198 1510.902 1514.605 1518.309 1522.013 1523.149 1522.531 1521.914 1521.297 1520.538 1516.008 1511.478 1506.948 1502.418 1496.566 1489.271 1481.976 1474.681 1467.386 1456.531 1445.368 1434.205 1423.042 1412.19 1401.886 1391.583 1381.28 1370.976 1362.442 1354.338 1346.234 1338.13 1330.646 1325.057 1319.468 1313.88 1308.291 1299.683
1498.216 1498.435 1498.655 1498.874 1499.018 1499.157 1499.295 1499.434 1499.542 1499.599 1499.656 1499.713 1499.77 1499.78 1499.78 1499.78 1499.78 1499.819 1499.964 1500.109 1500.253 1500.398 1501.87 1503.884 1505.898 1507.911 1510.347 1515.135 1519.922 1524.71 1529.497 1530.477 1528.856 1527.235 1525.615 1523.844 1518.085 1512.327 1506.568 1500.809 1493.789 1485.395 1477.0 1468.605 1460.21 1449.594 1438.784 1427.975 1417.166 1407.147 1398.517 1389.888 1381.259 1372.63 1365.576 1358.904 1352.233 1345.562 1339.207 1333.823 1328.438 1323.053 1317.668 1309.164
1498.289 1498.509 1498.728 1498.948 1499.066 1499.178 1499.29 1499.402 1499.491 1499.542 1499.594 1499.646 1499.698 1499.707 1499.707 1499.707 1499.707 1499.758 1499.952 1500.145 1500.338 1500.531 1502.459 1505.095 1507.731 1510.368 1513.496 1519.368 1525.239 1531.11 1536.982 1537.805 1535.181 1532.557 1529.933 1527.151 1520.163 1513.175 1506.188 1499.2 1491.013 1481.518 1472.024 1462.529 1453.034 1442.655 1432.2 1421.745 1411.29 1402.103 1395.148 1388.194 1381.239 1374.284 1368.709 1363.471 1358.232 1352.994 1347.769 1342.588 1337.407 1332.226 1327.045 1318.645
1498.273 1498.478 1498.683 1498.887 1498.996 1499.098 1499.201 1499.303 1499.386 1499.437 1499.488 1499.54 1499.591 1499.636 1499.68 1499.724 1499.769 1499.939 1500.452 1500.966 1501.48 1501.994 1504.737 1508.391 1512.044 1515.698 1519.765 1526.134 1532.503 1538.872 1545.241 1545.664 1542.027 1538.39 1534.752 1530.957 1522.976 1514.995 1507.014 1499.033 1490.046 1479.961 1469.877 1459.792 1449.708 1440.146 1430.628 1421.111 1411.594 1403.451 1397.727 1392.002 1386.277 1380.553 1375.709 1371.078 1366.448 1361.818 1357.096 1352.095 1347.093 1342.092 1337.09 1328.846
1498.152 1498.324 1498.497 1498.669 1498.786 1498.899 1499.012 1499.125 1499.217 1499.273 1499.33 1499.386 1499.443 1499.569 1499.71 1499.851 1499.991 1500.405 1501.562 1502.72 1503.878 1505.035 1509.021 1514.161 1519.301 1524.441 1529.738 1535.909 1542.079 1548.25 1554.42 1554.154 1549.492 1544.829 1540.167 1535.359 1526.664 1517.969 1509.274 1500.579 1491.228 1481.159 1471.091 1461.022 1450.953 1442.894 1435.008 1427.122 1419.237 1412.389 1407.367 1402.345 1397.324 1392.302 1387.298 1382.297 1377.297 1372.296 1367.333 1362.481 1357.63 1352.779 1347.927 1339.9
1498.03 1498.17 1498.311 1498.451 1498.576 1498.7 1498.824 1498.947 1499.047 1499.109 1499.171 1499.233 1499.295 1499.502 1499.74 1499.977 1500.214 1500.871 1502.672 1504.474 1506.276 1508.077 1513.305 1519.932 1526.558 1533.185 1539.712 1545.684 1551.655 1557.627 1563.599 1562.643 1556.956 1551.269 1545.582 1539.76 1530.351 1520.943 1511.534 1502.126 1492.409 1482.357 1472.305 1462.252 1452.2 1445.642 1439.388 1433.133 1426.879 1421.326 1417.007 1412.689 1408.37 1404.051 1398.887 1393.516 1388.145 1382.775 1377.569 1372.868 1368.167 1363.465 1358.764 1350.954
1497.908 1498.016 1498.125 1498.233 1498.366 1498.5 1498.635 1498.77 1498.878 1498.946 1499.013 1499.08 1499.148 1499.435 1499.769 1500.103 1500.437 1501.337 1503.782 1506.228 1508.673 1511.119 1517.589 1525.702 1533.815 1541.928 1549.685 1555.459 1561.232 1567.005 1572.779 1571.133 1564.421 1557.709 1550.997 1544.161 1534.039 1523.917 1513.794 1503.672 1493.591 1483.555 1473.519 1463.482 1453.446 1448.391 1443.768 1439.145 1434.521 1430.263 1426.648 1423.032 1419.417 1415.801 1410.476 1404.735 1398.994 1393.253 1387.805 1383.254 1378.704 1374.153 1369.602 1362.008
1497.787 1497.863 1497.939 1498.015 1498.156 1498.301 1498.446 1498.592 1498.709 1498.782 1498.855 1498.927 1499.0 1499.368 1499.799 1500.229 1500.66 1501.803 1504.893 1507.982 1511.071 1514.161 1521.873 1531.473 1541.072 1550.672 1559.659 1565.234 1570.808 1576.383 1581.958 1579.623 1571.886 1564.149 1556.412 1548.562 1537.726 1526.891 1516.054 1505.218 1494.773 1484.752 1474.732 1464.712 1454.692 1451.14 1448.148 1445.156 1442.164 1439.2 1436.288 1433.375 1430.463 1427.55 1422.065 1415.954 1409.842 1403.731 1398.042 1393.641 1389.24 1384.84 1380.439 1373.062
1497.381 1497.474 1497.566 1497.659 1497.835 1498.015 1498.196 1498.376 1498.576 1498.806 1499.036 1499.267 1499.497 1500.373 1501.386 1502.399 1503.412 1505.154 1508.887 1512.62 1516.354 1520.087 1527.805 1537.149 1546.494 1555.838 1564.485 1569.248 1574.011 1578.774 1583.537 1580.94 1573.316 1565.692 1558.068 1550.341 1539.866 1529.391 1518.916 1508.44 1498.632 1489.55 1480.468 1471.386 1462.305 1459.507 1457.253 1454.999 1452.746 1450.195 1447.122 1444.049 1440.976 1437.903 1432.069 1425.563 1419.057 1412.551 1406.395 1401.311 1396.226 1391.142 1386.057 1378.056
1496.948 1497.063 1497.177 1497.291 1497.503 1497.721 1497.939 1498.158 1498.446 1498.848 1499.25 1499.652 1500.054 1501.479 1503.12 1504.76 1506.401 1508.775 1513.153 1517.53 1521.907 1526.284 1533.891 1542.817 1551.743 1560.668 1568.828 1572.722 1576.616 1580.509 1584.403 1581.584 1574.18 1566.776 1559.373 1551.874 1541.861 1531.847 1521.833 1511.82 1502.742 1494.685 1486.628 1478.571 1470.515 1468.401 1466.802 1465.203 1463.604 1461.384 1458.069 1454.754 1451.44 1448.125 1441.924 1435.021 1428.118 1421.215 1414.572 1408.726 1402.88 1397.033 1391.187 1382.483
1496.516 1496.651 1496.787 1496.923 1497.172 1497.427 1497.683 1497.939 1498.317 1498.89 1499.464 1500.037 1500.611 1502.585 1504.853 1507.122 1509.39 1512.397 1517.418 1522.439 1527.46 1532.481 1539.978 1548.485 1556.992 1565.499 1573.172 1576.196 1579.221 1582.245 1585.27 1582.228 1575.044 1567.861 1560.677 1553.407 1543.855 1534.303 1524.751 1515.199 1506.852 1499.82 1492.788 1485.756 1478.724 1477.295 1476.35 1475.406 1474.462 1472.571 1469.015 1465.459 1461.903 1458.347 1451.78 1444.479 1437.179 1429.879 1422.75 1416.141 1409.533 1402.924 1396.316 1386.909
1496.083 1496.24 1496.398 1496.555 1496.84 1497.133 1497.427 1497.72 1498.187 1498.932 1499.678 1500.423 1501.168 1503.691 1506.587 1509.483 1512.379 1516.018 1521.683 1527.348 1533.013 1538.678 1546.064 1554.153 1562.241 1570.329 1577.515 1579.67 1581.825 1583.981 1586.136 1582.873 1575.909 1568.945 1561.981 1554.941 1545.85 1536.759 1527.669 1518.578 1510.962 1504.955 1498.948 1492.941 1486.934 1486.189 1485.899 1485.609 1485.32 1483.759 1479.962 1476.164 1472.367 1468.569 1461.635 1453.938 1446.24 1438.543 1430.927 1423.556 1416.186 1408.815 1401.445 1391.335
1495.675 1495.863 1496.052 1496.241 1496.589 1496.948 1497.307 1497.666 1498.262 1499.239 1500.216 1501.193 1502.169 1505.114 1508.473 1511.831 1515.19 1519.228 1525.12 1531.013 1536.905 1542.797 1549.778 1557.203 1564.628 1572.052 1578.583 1580.13 1581.677 1583.224 1584.771 1581.498 1574.933 1568.369 1561.805 1555.168 1546.604 1538.041 1529.478 1520.914 1513.964 1508.772 1503.581 1498.39 1493.198 1492.755 1492.724 1492.692 1492.661 1491.195 1487.206 1483.217 1479.228 1475.238 1468.116 1460.231 1452.345 1444.461 1436.522 1428.419 1420.317 1412.214 1404.112 1393.462
1495.307 1495.544 1495.781 1496.018 1496.475 1496.947 1497.418 1497.89 1498.683 1499.993 1501.302 1502.612 1503.922 1507.074 1510.616 1514.157 1517.698 1521.741 1527.156 1532.571 1537.986 1543.401 1549.477 1555.823 1562.169 1568.515 1574.106 1575.487 1576.867 1578.248 1579.628 1576.706 1570.844 1564.983 1559.122 1553.185 1545.26 1537.336 1529.411 1521.486 1515.089 1510.359 1505.63 1500.9 1496.17 1495.383 1494.939 1494.494 1494.049 1492.281 1488.185 1484.088 1479.992 1475.895 1468.885 1461.167 1453.448 1445.729 1437.748 1428.964 1420.18 1411.396 1402.612 1391.699
1494.939 1495.224 1495.51 1495.795 1496.362 1496.946 1497.53 1498.114 1499.104 1500.747 1502.389 1504.031 1505.673 1509.035 1512.759 1516.482 1520.206 1524.255 1529.192 1534.129 1539.067 1544.004 1549.176 1554.443 1559.711 1564.978 1569.629 1570.844 1572.058 1573.272 1574.486 1571.914 1566.755 1561.597 1556.439 1551.203 1543.917 1536.63 1529.344 1522.058 1516.215 1511.947 1507.678 1503.41 1499.141 1498.011 1497.154 1496.296 1495.438 1493.368 1489.164 1484.96 1480.756 1476.552 1469.655 1462.103 1454.55 1446.998 1438.974 1429.509 1420.044 1410.578 1401.113 1389.935
1494.572 1494.905 1495.238 1495.572 1496.248 1496.944 1497.641 1498.338 1499.526 1501.501 1503.476 1505.451 1507.426 1510.996 1514.902 1518.808 1522.714 1526.768 1531.228 1535.688 1540.147 1544.607 1548.875 1553.063 1557.252 1561.441 1565.152 1566.2 1567.248 1568.296 1569.344 1567.122 1562.667 1558.211 1553.755 1549.22 1542.573 1535.925 1529.277 1522.63 1517.341 1513.534 1509.727 1505.92 1502.113 1500.64 1499.368 1498.097 1496.826 1494.454 1490.143 1485.832 1481.52 1477.209 1470.425 1463.039 1455.653 1448.267 1440.2 1430.053 1419.907 1409.76 1399.613 1388.171
1494.204 1494.585 1494.967 1495.349 1496.134 1496.943 1497.753 1498.562 1499.947 1502.255 1504.562 1506.87 1509.178 1512.956 1517.045 1521.133 1525.222 1529.282 1533.264 1537.246 1541.228 1545.21 1548.573 1551.684 1554.794 1557.904 1560.676 1561.557 1562.439 1563.321 1564.202 1562.33 1558.578 1554.825 1551.072 1547.238 1541.229 1535.22 1529.211 1523.202 1518.466 1515.121 1511.775 1508.43 1505.084 1503.268 1501.583 1499.899 1498.215 1495.54 1491.121 1486.703 1482.285 1477.866 1471.195 1463.975 1456.755 1449.536 1441.427 1430.598 1419.77 1408.942 1398.113 1386.407
1493.95 1494.442 1494.934 1495.426 1496.344 1497.289 1498.233 1499.178 1500.599 1502.786 1504.973 1507.16 1509.347 1512.675 1516.243 1519.812 1523.38 1526.94 1530.475 1534.011 1537.547 1541.083 1543.901 1546.426 1548.951 1551.477 1553.773 1554.79 1555.808 1556.825 1557.843 1556.436 1553.373 1550.31 1547.247 1544.104 1538.826 1533.549 1528.272 1522.995 1518.709 1515.505 1512.301 1509.097 1505.893 1503.31 1500.781 1498.253 1495.724 1492.382 1487.607 1482.832 1478.057 1473.282 1466.847 1460.007 1453.167 1446.327 1438.438 1427.342 1416.246 1405.149 1394.053 1382.371
1493.719 1494.335 1494.95 1495.566 1496.623 1497.707 1498.791 1499.875 1501.3 1503.272 1505.244 1507.216 1509.188 1511.929 1514.833 1517.735 1520.638 1523.593 1526.689 1529.784 1532.88 1535.976 1538.323 1540.366 1542.408 1544.45 1546.367 1547.583 1548.799 1550.016 1551.232 1550.314 1547.937 1545.561 1543.185 1540.731 1536.205 1531.679 1527.153 1522.628 1518.77 1515.641 1512.512 1509.383 1506.254 1502.818 1499.355 1495.893 1492.431 1488.345 1483.162 1477.98 1472.797 1467.614 1461.44 1455.024 1448.608 1442.192 1434.578 1423.299 1412.02 1400.741 1389.463 1377.864
1493.488 1494.227 1494.966 1495.706 1496.901 1498.124 1499.348 1500.571 1502.0 1503.757 1505.515 1507.272 1509.03 1511.184 1513.422 1515.659 1517.897 1520.247 1522.902 1525.558 1528.214 1530.87 1532.747 1534.306 1535.865 1537.425 1538.962 1540.377 1541.791 1543.206 1544.621 1544.191 1542.502 1540.813 1539.123 1537.358 1533.584 1529.809 1526.035 1522.26 1518.83 1515.776 1512.722 1509.668 1506.615 1502.325 1497.929 1493.533 1489.137 1484.308 1478.718 1473.128 1467.537 1461.947 1456.033 1450.041 1444.049 1438.057 1430.717 1419.256 1407.795 1396.334 1384.872 1373.358
1493.258 1494.12 1494.983 1495.845 1497.179 1498.542 1499.905 1501.268 1502.7 1504.243 1505.786 1507.329 1508.872 1510.439 1512.011 1513.583 1515.155 1516.9 1519.116 1521.332 1523.547 1525.763 1527.17 1528.246 1529.322 1530.399 1531.557 1533.17 1534.783 1536.397 1538.01 1538.069 1537.067 1536.064 1535.062 1533.986 1530.963 1527.939 1524.916 1521.893 1518.891 1515.912 1512.933 1509.954 1506.975 1501.833 1496.503 1491.174 1485.844 1480.272 1474.274 1468.275 1462.277 1456.279 1450.626 1445.058 1439.49 1433.922 1426.857 1415.213 1403.57 1391.926 1380.282 1368.851
1492.92 1493.873 1494.825 1495.777 1497.186 1498.622 1500.059 1501.495 1502.88 1504.182 1505.484 1506.787 1508.089 1509.034 1509.904 1510.774 1511.644 1512.751 1514.503 1516.256 1518.009 1519.761 1520.844 1521.654 1522.464 1523.273 1524.243 1526.105 1527.968 1529.83 1531.693 1532.233 1531.87 1531.506 1531.143 1530.705 1528.266 1525.827 1523.388 1520.949 1518.199 1515.109 1512.02 1508.931 1505.842 1499.927 1493.768 1487.609 1481.45 1475.237 1468.93 1462.624 1456.318 1450.011 1444.697 1439.625 1434.553 1429.481 1422.877 1411.591 1400.305 1389.018 1377.732 1366.546
1492.317 1493.275 1494.232 1495.19 1496.513 1497.858 1499.203 1500.549 1501.76 1502.756 1503.752 1504.749 1505.745 1505.981 1506.057 1506.133 1506.208 1506.594 1507.827 1509.059 1510.291 1511.523 1512.649 1513.733 1514.816 1515.899 1517.158 1519.396 1521.634 1523.872 1526.111 1527.112 1527.27 1527.427 1527.584 1527.654 1525.381 1523.108 1520.835 1518.563 1515.625 1511.961 1508.298 1504.635 1500.971 1494.488 1487.76 1481.031 1474.304 1467.707 1461.341 1454.976 1448.61 1442.245 1437.464 1433.067 1428.671 1424.275 1418.602 1409.022 1399.442 1389.862 1380.282 1369.746
1491.714 1492.677 1493.639 1494.602 1495.84 1497.094 1498.348 1499.602 1500.64 1501.33 1502.02 1502.711 1503.401 1502.928 1502.209 1501.491 1500.773 1500.438 1501.15 1501.861 1502.573 1503.285 1504.455 1505.812 1507.168 1508.525 1510.074 1512.687 1515.301 1517.915 1520.528 1521.992 1522.67 1523.347 1524.025 1524.602 1522.496 1520.39 1518.283 1516.177 1513.051 1508.813 1504.576 1500.338 1496.101 1489.048 1481.751 1474.454 1467.158 1460.177 1453.752 1447.328 1440.903 1434.479 1430.23 1426.51 1422.79 1419.07 1414.326 1406.453 1398.579 1390.705 1382.832 1372.946
1491.11 1492.078 1493.047 1494.015 1495.167 1496.33 1497.492 1498.655 1499.519 1499.904 1500.288 1500.673 1501.057 1499.875 1498.362 1496.85 1495.337 1494.281 1494.473 1494.664 1494.855 1495.046 1496.259 1497.89 1499.521 1501.151 1502.989 1505.978 1508.967 1511.957 1514.946 1516.871 1518.069 1519.268 1520.466 1521.551 1519.611 1517.671 1515.731 1513.791 1510.477 1505.666 1500.854 1496.042 1491.23 1483.608 1475.743 1467.877 1460.011 1452.646 1446.163 1439.679 1433.196 1426.712 1422.995 1419.952 1416.908 1413.864 1410.051 1403.883 1397.716 1391.549 1385.382 1376.146
1490.507 1491.48 1492.454 1493.428 1494.494 1495.565 1496.637 1497.709 1498.399 1498.478 1498.556 1498.635 1498.713 1496.822 1494.515 1492.208 1489.902 1488.125 1487.796 1487.466 1487.137 1486.808 1488.065 1489.969 1491.873 1493.777 1495.904 1499.269 1502.634 1505.999 1509.364 1511.751 1513.469 1515.188 1516.907 1518.5 1516.726 1514.952 1513.179 1511.405 1507.904 1502.518 1497.132 1491.746 1486.36 1478.169 1469.734 1461.3 1452.865 1445.116 1438.574 1432.031 1425.489 1418.946 1415.761 1413.394 1411.026 1408.658 1405.775 1401.314 1396.853 1392.392 1387.932 1379.345
1488.98 1489.78 1490.579 1491.379 1492.27 1493.167 1494.064 1494.961 1495.401 1495.11 1494.819 1494.528 1494.237 1491.756 1488.815 1485.874 1482.932 1480.655 1480.192 1479.729 1479.266 1478.803 1480.379 1482.788 1485.198 1487.607 1490.216 1493.936 1497.657 1501.377 1505.098 1507.801 1509.809 1511.817 1513.825 1515.703 1514.099 1512.496 1510.893 1509.289 1505.786 1500.208 1494.631 1489.053 1483.476 1475.083 1466.447 1457.81 1449.174 1441.252 1434.586 1427.921 1421.255 1414.59 1411.374 1408.997 1406.619 1404.242 1401.482 1397.552 1393.621 1389.691 1385.761 1377.518
1487.134 1487.698 1488.261 1488.825 1489.51 1490.203 1490.896 1491.589 1491.753 1491.07 1490.388 1489.705 1489.022 1485.995 1482.474 1478.953 1475.432 1472.731 1472.268 1471.805 1471.341 1470.878 1472.87 1475.864 1478.858 1481.852 1485.01 1489.08 1493.149 1497.218 1501.288 1504.257 1506.474 1508.692 1510.909 1512.994 1511.563 1510.131 1508.699 1507.268 1503.825 1498.189 1492.552 1486.916 1481.279 1472.813 1464.101 1455.39 1446.678 1438.656 1431.845 1425.035 1418.225 1411.414 1407.971 1405.347 1402.723 1400.099 1397.184 1393.377 1389.57 1385.763 1381.956 1373.951
