data/zism_data/00990_01_D.txt
ncols         224
nrows         224
[rows 174 to 202 of 224, columns 0 to 65 of 224]
1499.0 1499.0 1499.0 1499.0 1499.0 1499.0 1499.0 1499.0 1499.0 1499.0 1499.0 1499.0 1499.0 1499.0 1499.0 1499.0 1499.0 1499.0 1499.0 1499.0 1499.0 1499.0 1499.079 1499.181 1499.282 1499.383 1499.488 1499.607 1499.725 1499.844 1499.962 1500.0 1500.0 1500.0 1500.0 1500.0 1500.0 1500.0 1500.0 1500.0 1500.0 1500.0 1500.0 1500.0 1500.0 1500.0 1500.0 1500.0 1500.0 1500.15 1500.465 1500.779 1501.094 1501.408 1502.307 1503.251 1504.195 1505.139 1505.724 1505.712 1505.701 1505.69 1505.678 1504.906 1503.973 1503.04
1499.0 1499.0 1499.0 1499.0 1499.0 1499.0 1499.0 1499.0 1499.0 1499.0 1499.0 1499.0 1499.0 1499.0 1499.0 1499.0 1499.0 1499.0 1499.0 1499.0 1499.0 1499.0 1499.096 1499.219 1499.342 1499.464 1499.581 1499.678 1499.775 1499.872 1499.969 1500.0 1500.0 1500.0 1500.0 1500.0 1500.0 1500.0 1500.0 1500.0 1500.0 1500.0 1500.0 1500.0 1500.0 1500.0 1500.0 1500.0 1500.0 1500.212 1500.656 1501.099 1501.543 1501.987 1503.189 1504.451 1505.713 1506.974 1507.759 1507.753 1507.747 1507.741 1507.735 1506.696 1505.441 1504.185
1499.0 1499.0 1499.0 1499.0 1499.0 1499.0 1499.0 1499.0 1499.0 1499.0 1499.0 1499.0 1499.0 1499.0 1499.0 1499.0 1499.0 1499.0 1499.0 1499.0 1499.0 1499.0 1499.113 1499.257 1499.401 1499.546 1499.674 1499.75 1499.825 1499.901 1499.976 1500.0 1500.0 1500.0 1500.0 1500.0 1500.0 1500.0 1500.0 1500.0 1500.0 1500.0 1500.0 1500.0 1500.0 1500.0 1500.0 1500.0 1500.0 1500.274 1500.847 1501.42 1501.993 1502.565 1504.072 1505.651 1507.23 1508.81 1509.794 1509.793 1509.792 1509.792 1509.791 1508.487 1506.908 1505.33
1499.058 1499.039 1499.02 1499.0 1499.0 1499.0 1499.0 1499.0 1499.0 1499.0 1499.0 1499.0 1499.0 1499.0 1499.0 1499.0 1499.0 1499.0 1499.0 1499.0 1499.0 1499.0 1499.122 1499.278 1499.435 1499.591 1499.725 1499.789 1499.853 1499.916 1499.98 1500.0 1500.0 1500.0 1500.0 1500.0 1500.0 1500.0 1500.0 1500.0 1500.0 1500.0 1500.0 1500.0 1500.0 1500.0 1500.0 1500.0 1500.0 1500.414 1501.281 1502.147 1503.014 1503.88 1505.801 1507.804 1509.808 1511.811 1513.178 1513.492 1513.806 1514.121 1514.435 1512.983 1511.159 1509.334
1499.123 1499.082 1499.042 1499.001 1499.0 1499.0 1499.0 1499.0 1499.0 1499.0 1499.0 1499.0 1499.0 1499.0 1499.0 1499.0 1499.0 1499.0 1499.0 1499.0 1499.0 1499.0 1499.131 1499.298 1499.464 1499.631 1499.772 1499.825 1499.878 1499.93 1499.983 1500.0 1500.0 1500.0 1500.0 1500.0 1500.0 1500.0 1500.0 1500.0 1500.0 1500.0 1500.0 1500.0 1500.0 1500.0 1500.0 1500.0 1500.0 1500.564 1501.742 1502.921 1504.099 1505.278 1507.626 1510.065 1512.505 1514.944 1516.714 1517.379 1518.043 1518.707 1519.371 1517.784 1515.723 1513.662
1499.188 1499.126 1499.063 1499.001 1499.0 1499.0 1499.0 1499.0 1499.0 1499.0 1499.0 1499.0 1499.0 1499.0 1499.0 1499.0 1499.0 1499.0 1499.0 1499.0 1499.0 1499.0 1499.139 1499.317 1499.495 1499.672 1499.818 1499.86 1499.902 1499.945 1499.987 1500.0 1500.0 1500.0 1500.0 1500.0 1500.0 1500.0 1500.0 1500.0 1500.0 1500.0 1500.0 1500.0 1500.0 1500.0 1500.0 1500.0 1500.0 1500.713 1502.204 1503.695 1505.185 1506.676 1509.451 1512.326 1515.202 1518.077 1520.251 1521.265 1522.279 1523.293 1524.307 1522.585 1520.287 1517.989
1499.253 1499.169 1499.085 1499.001 1499.0 1499.0 1499.0 1499.0 1499.0 1499.0 1499.0 1499.0 1499.0 1499.0 1499.0 1499.0 1499.0 1499.0 1499.0 1499.0 1499.0 1499.0 1499.147 1499.336 1499.524 1499.713 1499.865 1499.896 1499.927 1499.959 1499.99 1500.0 1500.0 1500.0 1500.0 1500.0 1500.0 1500.0 1500.0 1500.0 1500.0 1500.0 1500.0 1500.0 1500.0 1500.0 1500.0 1500.0 1500.0 1500.862 1502.665 1504.468 1506.271 1508.074 1511.276 1514.587 1517.899 1521.21 1523.787 1525.151 1526.515 1527.879 1529.243 1527.386 1524.851 1522.317
1500.037 1499.793 1499.549 1499.305 1499.242 1499.182 1499.121 1499.061 1499.024 1499.018 1499.012 1499.006 1499.001 1499.0 1499.0 1499.0 1499.0 1499.002 1499.008 1499.014 1499.02 1499.025 1499.176 1499.368 1499.559 1499.751 1499.906 1499.94 1499.974 1500.008 1500.042 1500.069 1500.093 1500.116 1500.139 1500.157 1500.133 1500.11 1500.087 1500.063 1500.047 1500.035 1500.023 1500.011 1500.001 1500.048 1500.095 1500.142 1500.189 1501.265 1503.464 1505.663 1507.862 1510.061 1513.674 1517.398 1521.122 1524.845 1527.796 1529.467 1531.137 1532.808 1534.479 1532.567 1529.901 1527.235
1502.087 1501.439 1500.792 1500.144 1499.911 1499.683 1499.456 1499.229 1499.091 1499.069 1499.047 1499.025 1499.003 1499.0 1499.0 1499.0 1499.0 1499.007 1499.029 1499.051 1499.073 1499.095 1499.241 1499.422 1499.603 1499.783 1499.936 1499.998 1500.059 1500.12 1500.181 1500.26 1500.348 1500.436 1500.524 1500.589 1500.501 1500.413 1500.325 1500.237 1500.175 1500.131 1500.087 1500.043 1500.005 1500.181 1500.357 1500.533 1500.709 1502.113 1504.855 1507.598 1510.34 1513.083 1517.08 1521.176 1525.271 1529.366 1532.635 1534.537 1536.439 1538.342 1540.244 1538.417 1535.804 1533.192
1504.137 1503.085 1502.034 1500.983 1500.579 1500.185 1499.791 1499.396 1499.157 1499.119 1499.081 1499.043 1499.004 1499.0 1499.0 1499.0 1499.0 1499.013 1499.051 1499.089 1499.127 1499.165 1499.307 1499.476 1499.646 1499.816 1499.967 1500.055 1500.143 1500.231 1500.319 1500.451 1500.604 1500.756 1500.909 1501.022 1500.869 1500.717 1500.564 1500.411 1500.303 1500.227 1500.15 1500.074 1500.009 1500.314 1500.619 1500.924 1501.23 1502.96 1506.247 1509.533 1512.819 1516.106 1520.487 1524.953 1529.42 1533.887 1537.474 1539.608 1541.742 1543.875 1546.009 1544.267 1541.708 1539.15
1506.187 1504.732 1503.276 1501.821 1501.247 1500.686 1500.125 1499.564 1499.224 1499.169 1499.115 1499.061 1499.006 1499.0 1499.0 1499.0 1499.0 1499.018 1499.072 1499.127 1499.181 1499.235 1499.372 1499.531 1499.69 1499.849 1499.998 1500.113 1500.228 1500.343 1500.458 1500.642 1500.859 1501.077 1501.294 1501.454 1501.237 1501.02 1500.803 1500.585 1500.431 1500.323 1500.214 1500.105 1500.013 1500.447 1500.881 1501.316 1501.75 1503.808 1507.638 1511.468 1515.298 1519.128 1523.893 1528.731 1533.569 1538.407 1542.314 1544.679 1547.044 1549.409 1551.774 1550.117 1547.612 1545.107
1508.237 1506.378 1504.519 1502.66 1501.916 1501.188 1500.46 1499.732 1499.29 1499.219 1499.149 1499.079 1499.008 1499.0 1499.0 1499.0 1499.0 1499.023 1499.094 1499.164 1499.235 1499.305 1499.437 1499.585 1499.733 1499.882 1500.029 1500.17 1500.312 1500.454 1500.596 1500.833 1501.115 1501.397 1501.678 1501.887 1501.605 1501.323 1501.041 1500.76 1500.559 1500.419 1500.278 1500.137 1500.016 1500.58 1501.143 1501.707 1502.271 1504.656 1509.03 1513.403 1517.777 1522.151 1527.3 1532.509 1537.719 1542.928 1547.153 1549.75 1552.346 1554.943 1557.54 1555.966 1553.516 1551.065
1513.89 1511.405 1508.921 1506.436 1505.014 1503.608 1502.202 1500.796 1499.905 1499.685 1499.465 1499.245 1499.026 1499.0 1499.0 1499.0 1499.0 1499.033 1499.133 1499.233 1499.333 1499.433 1499.569 1499.716 1499.862 1500.009 1500.248 1500.795 1501.342 1501.888 1502.435 1503.118 1503.864 1504.611 1505.357 1505.935 1505.389 1504.842 1504.296 1503.749 1503.195 1502.635 1502.075 1501.515 1501.0 1501.986 1502.972 1503.958 1504.945 1507.851 1512.853 1517.854 1522.856 1527.858 1533.125 1538.412 1543.699 1548.987 1553.261 1555.857 1558.454 1561.051 1563.648 1562.197 1559.893 1557.589
1520.303 1517.145 1513.987 1510.83 1508.624 1506.432 1504.24 1502.048 1500.636 1500.239 1499.841 1499.444 1499.046 1499.0 1499.0 1499.0 1499.0 1499.044 1499.176 1499.308 1499.441 1499.573 1499.716 1499.863 1500.009 1500.156 1500.507 1501.539 1502.57 1503.601 1504.632 1505.843 1507.139 1508.434 1509.73 1510.745 1509.892 1509.039 1508.185 1507.332 1506.359 1505.298 1504.237 1503.177 1502.19 1503.66 1505.131 1506.601 1508.072 1511.54 1517.188 1522.835 1528.483 1534.13 1539.459 1544.763 1550.066 1555.37 1559.635 1562.184 1564.732 1567.281 1569.829 1568.507 1566.37 1564.233
1526.715 1522.885 1519.054 1515.224 1512.234 1509.256 1506.278 1503.301 1501.368 1500.792 1500.217 1499.642 1499.067 1499.0 1499.0 1499.0 1499.0 1499.055 1499.219 1499.384 1499.548 1499.713 1499.863 1500.01 1500.156 1500.303 1500.767 1502.282 1503.798 1505.313 1506.829 1508.569 1510.413 1512.258 1514.102 1515.555 1514.395 1513.235 1512.075 1510.915 1509.522 1507.961 1506.4 1504.839 1503.379 1505.334 1507.289 1509.244 1511.199 1515.229 1521.523 1527.816 1534.109 1540.403 1545.793 1551.113 1556.433 1561.753 1566.01 1568.51 1571.01 1573.51 1576.01 1574.817 1572.847 1570.877
1533.128 1528.625 1524.121 1519.618 1515.844 1512.08 1508.317 1504.553 1502.099 1501.346 1500.593 1499.84 1499.087 1499.0 1499.0 1499.0 1499.0 1499.066 1499.262 1499.459 1499.656 1499.853 1500.01 1500.157 1500.303 1500.45 1501.026 1503.026 1505.026 1507.026 1509.026 1511.294 1513.688 1516.081 1518.475 1520.365 1518.898 1517.431 1515.964 1514.497 1512.686 1510.624 1508.562 1506.5 1504.569 1507.009 1509.448 1511.887 1514.327 1518.918 1525.858 1532.797 1539.736 1546.676 1552.128 1557.464 1562.8 1568.135 1572.384 1574.836 1577.287 1579.739 1582.19 1581.127 1579.324 1577.521
1539.933 1534.879 1529.824 1524.77 1520.081 1515.397 1510.714 1506.031 1502.971 1502.021 1501.072 1500.123 1499.174 1499.064 1499.064 1499.064 1499.064 1499.132 1499.338 1499.544 1499.75 1499.955 1500.146 1500.333 1500.521 1500.708 1501.441 1503.987 1506.532 1509.077 1511.623 1514.468 1517.454 1520.441 1523.427 1525.826 1524.311 1522.797 1521.282 1519.767 1517.676 1515.167 1512.657 1510.148 1507.794 1510.63 1513.467 1516.303 1519.14 1524.117 1531.429 1538.741 1546.053 1553.365 1558.664 1563.806 1568.947 1574.089 1578.155 1580.442 1582.73 1585.017 1587.305 1586.374 1584.766 1583.158
1547.701 1542.393 1537.086 1531.779 1525.855 1519.923 1513.991 1508.059 1504.188 1502.997 1501.805 1500.614 1499.422 1499.284 1499.284 1499.284 1499.284 1499.337 1499.494 1499.651 1499.809 1499.966 1500.256 1500.583 1500.91 1501.237 1502.239 1505.479 1508.719 1511.958 1515.198 1518.741 1522.427 1526.113 1529.799 1532.883 1531.955 1531.027 1530.099 1529.171 1527.143 1524.316 1521.489 1518.662 1516.005 1519.024 1522.044 1525.063 1528.083 1533.014 1540.03 1547.046 1554.062 1561.078 1565.696 1570.127 1574.558 1578.989 1582.444 1584.285 1586.126 1587.967 1589.808 1589.017 1587.673 1586.328
1555.468 1549.908 1544.347 1538.787 1531.63 1524.449 1517.268 1510.087 1505.405 1503.972 1502.538 1501.105 1499.671 1499.505 1499.505 1499.505 1499.505 1499.541 1499.65 1499.759 1499.868 1499.976 1500.365 1500.832 1501.299 1501.766 1503.037 1506.971 1510.905 1514.839 1518.773 1523.015 1527.4 1531.786 1536.171 1539.94 1539.599 1539.258 1538.916 1538.575 1536.609 1533.464 1530.32 1527.175 1524.215 1527.417 1530.62 1533.823 1537.025 1541.91 1548.63 1555.35 1562.07 1568.79 1572.728 1576.449 1580.169 1583.89 1586.734 1588.128 1589.522 1590.916 1592.31 1591.66 1590.579 1589.498
1563.236 1557.423 1551.609 1545.796 1537.404 1528.975 1520.545 1512.116 1506.623 1504.947 1503.271 1501.595 1499.92 1499.725 1499.725 1499.725 1499.725 1499.745 1499.806 1499.866 1499.927 1499.987 1500.475 1501.082 1501.689 1502.296 1503.835 1508.463 1513.092 1517.72 1522.348 1527.288 1532.373 1537.458 1542.544 1546.998 1547.243 1547.488 1547.734 1547.979 1546.075 1542.613 1539.151 1535.689 1532.426 1535.811 1539.197 1542.582 1545.968 1550.807 1557.231 1563.655 1570.079 1576.503 1579.76 1582.77 1585.78 1588.79 1591.023 1591.97 1592.918 1593.865 1594.813 1594.303 1593.486 1592.669
1571.004 1564.937 1558.871 1552.805 1543.179 1533.501 1523.822 1514.144 1507.84 1505.922 1504.004 1502.086 1500.168 1499.946 1499.946 1499.946 1499.946 1499.95 1499.962 1499.974 1499.985 1499.997 1500.584 1501.331 1502.078 1502.825 1504.633 1509.955 1515.278 1520.601 1525.923 1531.561 1537.346 1543.131 1548.916 1554.055 1554.887 1555.719 1556.551 1557.383 1555.542 1551.762 1547.982 1544.203 1540.636 1544.205 1547.773 1551.342 1554.91 1559.703 1565.831 1571.959 1578.087 1584.215 1586.792 1589.092 1591.391 1593.691 1595.312 1595.813 1596.314 1596.815 1597.315 1596.945 1596.392 1595.839
1575.031 1568.74 1562.449 1556.158 1545.802 1535.386 1524.97 1514.555 1507.839 1505.935 1504.03 1502.125 1500.221 1500.0 1500.0 1500.0 1500.0 1500.0 1500.0 1500.0 1500.0 1500.0 1500.716 1501.631 1502.547 1503.462 1505.521 1511.372 1517.223 1523.074 1528.924 1535.168 1541.596 1548.024 1554.452 1560.231 1561.686 1563.142 1564.597 1566.052 1564.401 1560.499 1556.597 1552.694 1548.992 1552.001 1555.01 1558.02 1561.029 1565.307 1570.968 1576.63 1582.292 1587.953 1590.056 1591.88 1593.704 1595.528 1596.771 1597.052 1597.333 1597.615 1597.896 1597.501 1596.964 1596.427
1577.836 1571.329 1564.823 1558.317 1547.395 1536.409 1525.423 1514.436 1507.441 1505.633 1503.825 1502.017 1500.21 1500.0 1500.0 1500.0 1500.0 1500.0 1500.0 1500.0 1500.0 1500.0 1500.855 1501.948 1503.041 1504.133 1506.439 1512.764 1519.088 1525.413 1531.737 1538.557 1545.61 1552.662 1559.714 1566.119 1568.21 1570.3 1572.39 1574.481 1573.063 1569.101 1565.139 1561.178 1557.395 1559.602 1561.809 1564.017 1566.224 1569.833 1574.973 1580.113 1585.252 1590.392 1592.087 1593.513 1594.939 1596.364 1597.304 1597.44 1597.576 1597.712 1597.847 1597.374 1596.772 1596.171
1580.64 1573.918 1567.197 1560.475 1548.988 1537.432 1525.875 1514.318 1507.042 1505.331 1503.62 1501.909 1500.198 1500.0 1500.0 1500.0 1500.0 1500.0 1500.0 1500.0 1500.0 1500.0 1500.994 1502.265 1503.535 1504.805 1507.358 1514.156 1520.954 1527.752 1534.55 1541.947 1549.623 1557.3 1564.977 1572.007 1574.733 1577.458 1580.184 1582.91 1581.724 1577.703 1573.682 1569.661 1565.798 1567.203 1568.608 1570.014 1571.419 1574.36 1578.978 1583.595 1588.213 1592.83 1594.118 1595.145 1596.173 1597.201 1597.837 1597.828 1597.818 1597.809 1597.799 1597.247 1596.581 1595.915
1583.445 1576.508 1569.571 1562.634 1550.582 1538.454 1526.327 1514.199 1506.643 1505.029 1503.415 1501.801 1500.187 1500.0 1500.0 1500.0 1500.0 1500.0 1500.0 1500.0 1500.0 1500.0 1501.133 1502.581 1504.029 1505.477 1508.276 1515.548 1522.82 1530.091 1537.363 1545.336 1553.637 1561.938 1570.239 1577.896 1581.256 1584.617 1587.978 1591.339 1590.386 1586.306 1582.226 1578.146 1574.201 1574.804 1575.408 1576.011 1576.614 1578.887 1582.983 1587.078 1591.173 1595.269 1596.149 1596.778 1597.407 1598.037 1598.37 1598.216 1598.061 1597.906 1597.751 1597.12 1596.39 1595.659
1584.212 1577.079 1569.945 1562.811 1550.571 1538.256 1525.94 1513.625 1506.028 1504.563 1503.099 1501.634 1500.17 1500.003 1500.007 1500.01 1500.014 1500.036 1500.096 1500.155 1500.215 1500.275 1501.684 1503.469 1505.254 1507.039 1510.177 1517.797 1525.417 1533.038 1540.658 1549.049 1557.8 1566.551 1575.302 1583.439 1587.488 1591.536 1595.585 1599.633 1599.0 1594.973 1590.946 1586.919 1582.999 1582.656 1582.314 1581.971 1581.628 1583.132 1586.649 1590.166 1593.683 1597.2 1597.735 1598.037 1598.34 1598.642 1598.727 1598.454 1598.181 1597.908 1597.634 1596.955 1596.19 1595.425
1577.645 1570.382 1563.12 1555.857 1544.787 1533.661 1522.536 1511.41 1504.632 1503.507 1502.381 1501.256 1500.13 1500.017 1500.037 1500.057 1500.076 1500.201 1500.535 1500.869 1501.203 1501.538 1503.719 1506.413 1509.108 1511.802 1515.615 1523.133 1530.651 1538.169 1545.687 1553.924 1562.498 1571.071 1579.644 1587.742 1592.668 1597.594 1602.52 1607.445 1607.446 1603.877 1600.307 1596.738 1593.22 1591.413 1589.606 1587.8 1585.993 1586.359 1589.096 1591.832 1594.569 1597.306 1597.719 1597.952 1598.184 1598.416 1598.45 1598.155 1597.86 1597.565 1597.271 1596.65 1595.96 1595.271
1571.078 1563.687 1556.295 1548.903 1539.003 1529.067 1519.131 1509.194 1503.236 1502.45 1501.664 1500.877 1500.091 1500.032 1500.068 1500.103 1500.139 1500.366 1500.974 1501.583 1502.192 1502.801 1505.753 1509.357 1512.961 1516.565 1521.053 1528.469 1535.885 1543.301 1550.717 1558.8 1567.196 1575.591 1583.987 1592.045 1597.848 1603.651 1609.454 1615.257 1615.892 1612.78 1609.668 1606.556 1603.44 1600.169 1596.899 1593.628 1590.357 1589.586 1591.543 1593.499 1595.455 1597.411 1597.703 1597.866 1598.028 1598.19 1598.172 1597.856 1597.54 1597.223 1596.907 1596.345 1595.73 1595.116
1564.511 1556.99 1549.469 1541.948 1533.219 1524.473 1515.726 1506.979 1501.841 1501.393 1500.946 1500.499 1500.052 1500.046 1500.098 1500.15 1500.202 1500.531 1501.414 1502.297 1503.18 1504.064 1507.788 1512.302 1516.815 1521.329 1526.492 1533.805 1541.119 1548.432 1555.746 1563.676 1571.894 1580.112 1588.33 1596.348 1603.028 1609.708 1616.389 1623.069 1624.338 1621.684 1619.029 1616.375 1613.66 1608.926 1604.191 1599.456 1594.722 1592.814 1593.99 1595.165 1596.341 1597.517 1597.688 1597.78 1597.872 1597.964 1597.895 1597.557 1597.219 1596.881 1596.543 1596.039 1595.5 1594.962
