data/zism_data/00994_02_D.txt
ncols         224
nrows         224
[rows 84 to 111 of 224, columns 128 to 191 of 224]
1400.404 1400.474 1401.03 1401.585 1402.141 1402.697 1402.754 1402.767 1402.781 1402.794 1402.877 1403.084 1403.291 1403.498 1403.705 1408.45 1414.361 1420.272 1426.183 1432.679 1441.092 1449.505 1457.918 1466.331 1472.874 1478.502 1484.131 1489.759 1494.88 1495.873 1496.865 1497.857 1498.85 1499.111 1498.769 1498.426 1498.083 1497.74 1497.87 1498.006 1498.142 1498.278 1498.478 1498.765 1499.052 1499.34 1499.627 1499.73 1499.803 1499.876 1499.949 1500.0 1500.0 1500.0 1500.0 1500.0 1500.0 1500.0 1500.0 1500.0 1500.0 1500.0 1500.0 1500.0
1401.519 1402.21 1403.661 1405.111 1406.562 1408.013 1408.078 1408.023 1407.967 1407.912 1407.592 1406.798 1406.005 1405.211 1404.417 1408.186 1413.128 1418.07 1423.012 1428.672 1436.688 1444.704 1452.72 1460.735 1467.468 1473.573 1479.678 1485.783 1491.409 1493.132 1494.855 1496.578 1498.302 1498.972 1498.772 1498.573 1498.373 1498.173 1498.242 1498.314 1498.387 1498.459 1498.609 1498.865 1499.12 1499.376 1499.631 1499.73 1499.803 1499.876 1499.949 1500.0 1500.0 1500.0 1500.0 1500.0 1500.0 1500.0 1500.0 1500.0 1500.0 1500.0 1500.0 1500.0
1402.634 1403.946 1406.292 1408.637 1410.983 1413.328 1413.403 1413.278 1413.154 1413.03 1412.308 1410.513 1408.718 1406.923 1405.129 1407.922 1411.895 1415.868 1419.841 1424.666 1432.284 1439.903 1447.521 1455.14 1462.062 1468.644 1475.225 1481.807 1487.937 1490.391 1492.845 1495.299 1497.753 1498.833 1498.776 1498.719 1498.663 1498.606 1498.614 1498.623 1498.632 1498.641 1498.741 1498.965 1499.188 1499.412 1499.636 1499.73 1499.803 1499.876 1499.949 1500.0 1500.0 1500.0 1500.0 1500.0 1500.0 1500.0 1500.0 1500.0 1500.0 1500.0 1500.0 1500.0
1403.75 1405.682 1408.922 1412.163 1415.404 1418.644 1418.727 1418.534 1418.341 1418.148 1417.024 1414.228 1411.432 1408.636 1405.84 1407.659 1410.662 1413.666 1416.67 1420.659 1427.88 1435.101 1442.323 1449.544 1456.656 1463.714 1470.773 1477.831 1484.465 1487.65 1490.835 1494.02 1497.205 1498.694 1498.78 1498.866 1498.953 1499.039 1498.986 1498.932 1498.877 1498.823 1498.872 1499.064 1499.256 1499.448 1499.64 1499.73 1499.803 1499.876 1499.949 1500.0 1500.0 1500.0 1500.0 1500.0 1500.0 1500.0 1500.0 1500.0 1500.0 1500.0 1500.0 1500.0
1404.865 1407.417 1411.553 1415.689 1419.825 1423.96 1424.052 1423.79 1423.528 1423.266 1421.74 1417.943 1414.146 1410.349 1406.552 1407.395 1409.43 1411.464 1413.499 1416.652 1423.476 1430.3 1437.124 1443.949 1451.25 1458.785 1466.32 1473.855 1480.994 1484.91 1488.825 1492.741 1496.657 1498.555 1498.784 1499.013 1499.242 1499.472 1499.359 1499.24 1499.122 1499.004 1499.004 1499.164 1499.324 1499.484 1499.644 1499.73 1499.803 1499.876 1499.949 1500.0 1500.0 1500.0 1500.0 1500.0 1500.0 1500.0 1500.0 1500.0 1500.0 1500.0 1500.0 1500.0
1408.797 1412.111 1416.97 1421.829 1426.688 1431.547 1431.614 1431.262 1430.911 1430.559 1428.661 1423.985 1419.308 1414.632 1409.956 1409.572 1410.291 1411.01 1411.728 1413.738 1419.981 1426.224 1432.467 1438.711 1445.978 1453.747 1461.516 1469.285 1476.703 1481.276 1485.849 1490.421 1494.994 1497.367 1497.923 1498.479 1499.035 1499.591 1499.496 1499.391 1499.287 1499.182 1499.176 1499.304 1499.433 1499.561 1499.689 1499.762 1499.827 1499.891 1499.955 1500.0 1500.0 1500.0 1500.0 1500.0 1500.0 1500.0 1500.0 1500.0 1500.0 1500.0 1500.0 1500.0
1414.947 1419.135 1424.582 1430.029 1435.475 1440.922 1440.939 1440.481 1440.024 1439.567 1437.32 1431.86 1426.4 1420.94 1415.48 1413.672 1412.802 1411.932 1411.062 1411.684 1417.201 1422.719 1428.237 1433.755 1440.812 1448.623 1456.435 1464.246 1471.768 1476.939 1482.11 1487.281 1492.452 1495.354 1496.381 1497.409 1498.436 1499.463 1499.448 1499.418 1499.387 1499.357 1499.38 1499.477 1499.573 1499.67 1499.766 1499.821 1499.87 1499.918 1499.966 1500.0 1500.0 1500.0 1500.0 1500.0 1500.0 1500.0 1500.0 1500.0 1500.0 1500.0 1500.0 1500.0
1421.098 1426.159 1432.194 1438.228 1444.263 1450.298 1450.264 1449.701 1449.137 1448.574 1445.979 1439.735 1433.491 1427.247 1421.004 1417.771 1415.312 1412.854 1410.395 1409.63 1414.422 1419.214 1424.006 1428.798 1435.646 1443.5 1451.353 1459.207 1466.832 1472.601 1478.371 1484.14 1489.91 1493.341 1494.84 1496.338 1497.837 1499.336 1499.401 1499.444 1499.488 1499.531 1499.584 1499.649 1499.714 1499.778 1499.843 1499.88 1499.912 1499.945 1499.977 1500.0 1500.0 1500.0 1500.0 1500.0 1500.0 1500.0 1500.0 1500.0 1500.0 1500.0 1500.0 1500.0
1427.249 1433.183 1439.806 1446.428 1453.051 1459.673 1459.589 1458.92 1458.251 1457.582 1454.638 1447.61 1440.583 1433.555 1426.527 1421.871 1417.823 1413.776 1409.728 1407.576 1411.642 1415.709 1419.776 1423.842 1430.48 1438.376 1446.272 1454.168 1461.896 1468.264 1474.632 1481.0 1487.368 1491.328 1493.298 1495.268 1497.238 1499.208 1499.353 1499.47 1499.588 1499.706 1499.788 1499.821 1499.854 1499.887 1499.92 1499.939 1499.955 1499.972 1499.988 1500.0 1500.0 1500.0 1500.0 1500.0 1500.0 1500.0 1500.0 1500.0 1500.0 1500.0 1500.0 1500.0
1433.399 1440.207 1447.417 1454.628 1461.838 1469.048 1468.915 1468.139 1467.364 1466.589 1463.297 1455.486 1447.674 1439.863 1432.051 1425.97 1420.334 1414.698 1409.061 1405.522 1408.863 1412.204 1415.545 1418.886 1425.314 1433.252 1441.19 1449.129 1456.96 1463.927 1470.893 1477.859 1484.826 1489.315 1491.756 1494.198 1496.639 1499.08 1499.305 1499.497 1499.689 1499.881 1499.992 1499.993 1499.995 1499.996 1499.997 1499.998 1499.998 1499.999 1500.0 1500.0 1500.0 1500.0 1500.0 1500.0 1500.0 1500.0 1500.0 1500.0 1500.0 1500.0 1500.0 1500.0
1437.699 1444.856 1452.059 1459.262 1466.465 1473.668 1473.773 1473.258 1472.743 1472.228 1468.993 1460.87 1452.748 1444.626 1436.504 1429.613 1423.039 1416.465 1409.891 1405.438 1407.947 1410.456 1412.964 1415.473 1421.26 1428.651 1436.041 1443.432 1450.82 1458.186 1465.552 1472.919 1480.285 1485.378 1488.591 1491.803 1495.016 1498.229 1498.648 1499.026 1499.404 1499.782 1500.0 1500.0 1500.0 1500.0 1500.0 1500.0 1500.0 1500.0 1500.0 1500.0 1500.0 1500.0 1500.0 1500.0 1500.0 1500.0 1500.0 1500.0 1500.0 1500.0 1500.0 1500.0
1441.922 1449.407 1456.578 1463.749 1470.921 1478.092 1478.448 1478.208 1477.969 1477.729 1474.566 1466.153 1457.739 1449.326 1440.912 1433.237 1425.752 1418.267 1410.782 1405.436 1407.108 1408.78 1410.452 1412.124 1417.252 1424.071 1430.889 1437.708 1444.629 1452.387 1460.146 1467.904 1475.662 1481.361 1485.358 1489.354 1493.351 1497.348 1497.966 1498.535 1499.104 1499.672 1500.0 1500.0 1500.0 1500.0 1500.0 1500.0 1500.0 1500.0 1500.0 1500.0 1500.0 1500.0 1500.0 1500.0 1500.0 1500.0 1500.0 1500.0 1500.0 1500.0 1500.0 1500.0
1446.145 1453.958 1461.097 1468.237 1475.376 1482.516 1483.122 1483.158 1483.194 1483.23 1480.14 1471.435 1462.73 1454.025 1445.321 1436.861 1428.466 1420.07 1411.674 1405.434 1406.269 1407.104 1407.939 1408.775 1413.244 1419.49 1425.737 1431.984 1438.439 1446.589 1454.739 1462.889 1471.039 1477.345 1482.125 1486.906 1491.686 1496.467 1497.284 1498.044 1498.803 1499.562 1500.0 1500.0 1500.0 1500.0 1500.0 1500.0 1500.0 1500.0 1500.0 1500.0 1500.0 1500.0 1500.0 1500.0 1500.0 1500.0 1500.0 1500.0 1500.0 1500.0 1500.0 1500.0
1450.369 1458.509 1465.617 1472.724 1479.832 1486.94 1487.797 1488.108 1488.42 1488.731 1485.713 1476.717 1467.721 1458.725 1449.729 1440.486 1431.179 1421.872 1412.565 1405.432 1405.43 1405.429 1405.427 1405.425 1409.236 1414.91 1420.585 1426.26 1432.248 1440.79 1449.332 1457.875 1466.417 1473.328 1478.893 1484.457 1490.021 1495.585 1496.603 1497.552 1498.502 1499.452 1500.0 1500.0 1500.0 1500.0 1500.0 1500.0 1500.0 1500.0 1500.0 1500.0 1500.0 1500.0 1500.0 1500.0 1500.0 1500.0 1500.0 1500.0 1500.0 1500.0 1500.0 1500.0
1452.733 1461.161 1468.375 1475.588 1482.802 1490.016 1491.066 1491.578 1492.09 1492.602 1489.724 1480.759 1471.793 1462.828 1453.862 1444.091 1434.112 1424.134 1414.156 1406.323 1405.53 1404.738 1403.946 1403.153 1406.29 1411.349 1416.407 1421.466 1426.929 1435.679 1444.429 1453.179 1461.929 1469.294 1475.514 1481.734 1487.953 1494.173 1495.503 1496.76 1498.018 1499.275 1500.0 1500.0 1500.0 1500.0 1500.0 1500.0 1500.0 1500.0 1500.0 1500.0 1500.0 1500.0 1500.0 1500.0 1500.0 1500.0 1500.0 1500.0 1500.0 1500.0 1500.0 1500.0
1451.817 1460.459 1468.023 1475.586 1483.149 1490.713 1491.854 1492.435 1493.016 1493.597 1490.977 1482.61 1474.243 1465.876 1457.509 1447.662 1437.434 1427.207 1416.98 1408.791 1407.289 1405.786 1404.284 1402.782 1405.22 1409.585 1413.95 1418.314 1423.147 1431.78 1440.414 1449.048 1457.681 1465.228 1471.877 1478.526 1485.175 1491.823 1493.666 1495.437 1497.208 1498.979 1500.0 1500.0 1500.0 1500.0 1500.0 1500.0 1500.0 1500.0 1500.0 1500.0 1500.0 1500.0 1500.0 1500.0 1500.0 1500.0 1500.0 1500.0 1500.0 1500.0 1500.0 1500.0
1450.9 1459.758 1467.671 1475.584 1483.497 1491.41 1492.642 1493.292 1493.942 1494.592 1492.23 1484.462 1476.693 1468.924 1461.155 1451.233 1440.756 1430.28 1419.804 1411.258 1409.047 1406.835 1404.623 1402.411 1404.15 1407.821 1411.492 1415.163 1419.365 1427.882 1436.399 1444.917 1453.434 1461.163 1468.24 1475.318 1482.396 1489.474 1491.828 1494.113 1496.398 1498.682 1500.0 1500.0 1500.0 1500.0 1500.0 1500.0 1500.0 1500.0 1500.0 1500.0 1500.0 1500.0 1500.0 1500.0 1500.0 1500.0 1500.0 1500.0 1500.0 1500.0 1500.0 1500.0
1449.984 1459.057 1467.319 1475.581 1483.844 1492.106 1493.431 1494.149 1494.868 1495.586 1493.483 1486.313 1479.143 1471.972 1464.802 1454.804 1444.078 1433.354 1422.628 1413.726 1410.805 1407.883 1404.962 1402.04 1403.08 1406.057 1409.035 1412.012 1415.583 1423.984 1432.385 1440.785 1449.186 1457.097 1464.604 1472.11 1479.617 1487.124 1489.991 1492.789 1495.588 1498.386 1500.0 1500.0 1500.0 1500.0 1500.0 1500.0 1500.0 1500.0 1500.0 1500.0 1500.0 1500.0 1500.0 1500.0 1500.0 1500.0 1500.0 1500.0 1500.0 1500.0 1500.0 1500.0
1449.068 1458.355 1466.967 1475.579 1484.191 1492.803 1494.219 1495.006 1495.794 1496.581 1494.736 1488.164 1481.593 1475.021 1468.449 1458.375 1447.401 1436.427 1425.453 1416.194 1412.563 1408.932 1405.301 1401.669 1402.01 1404.294 1406.577 1408.861 1411.801 1420.086 1428.37 1436.654 1444.938 1453.031 1460.967 1468.903 1476.838 1484.774 1488.153 1491.466 1494.778 1498.09 1500.0 1500.0 1500.0 1500.0 1500.0 1500.0 1500.0 1500.0 1500.0 1500.0 1500.0 1500.0 1500.0 1500.0 1500.0 1500.0 1500.0 1500.0 1500.0 1500.0 1500.0 1500.0
1444.578 1453.756 1463.005 1472.253 1481.501 1490.749 1492.681 1493.973 1495.266 1496.558 1495.176 1488.988 1482.801 1476.613 1470.426 1460.489 1449.589 1438.69 1427.79 1418.472 1414.345 1410.219 1406.092 1401.965 1401.797 1403.564 1405.332 1407.099 1409.53 1417.354 1425.178 1433.003 1440.827 1448.823 1456.962 1465.1 1473.239 1481.377 1485.302 1489.164 1493.026 1496.888 1499.194 1499.38 1499.566 1499.752 1499.937 1499.97 1499.978 1499.986 1499.994 1500.0 1500.0 1500.0 1500.0 1500.0 1500.0 1500.0 1500.0 1500.0 1500.0 1500.0 1500.0 1500.0
1438.977 1447.945 1457.919 1467.892 1477.866 1487.84 1490.419 1492.352 1494.286 1496.219 1495.362 1489.492 1483.622 1477.752 1471.883 1462.15 1451.425 1440.7 1429.975 1420.691 1416.136 1411.58 1407.024 1402.469 1401.85 1403.156 1404.463 1405.77 1407.728 1414.986 1422.244 1429.501 1436.759 1444.571 1452.842 1461.113 1469.383 1477.654 1482.134 1486.558 1490.981 1495.405 1498.138 1498.567 1498.996 1499.426 1499.855 1499.931 1499.95 1499.968 1499.987 1500.0 1500.0 1500.0 1500.0 1500.0 1500.0 1500.0 1500.0 1500.0 1500.0 1500.0 1500.0 1500.0
1433.376 1442.133 1452.833 1463.532 1474.232 1484.931 1488.157 1490.732 1493.306 1495.88 1495.548 1489.996 1484.444 1478.892 1473.34 1463.811 1453.261 1442.711 1432.161 1422.911 1417.926 1412.941 1407.957 1402.972 1401.903 1402.749 1403.595 1404.441 1405.927 1412.618 1419.309 1426.0 1432.69 1440.319 1448.722 1457.125 1465.528 1473.932 1478.966 1483.952 1488.937 1493.921 1497.081 1497.754 1498.427 1499.1 1499.773 1499.892 1499.921 1499.95 1499.979 1500.0 1500.0 1500.0 1500.0 1500.0 1500.0 1500.0 1500.0 1500.0 1500.0 1500.0 1500.0 1500.0
1427.775 1436.322 1447.747 1459.172 1470.597 1482.022 1485.896 1489.111 1492.326 1495.541 1495.734 1490.5 1485.266 1480.031 1474.797 1465.472 1455.097 1444.722 1434.346 1425.13 1419.716 1414.302 1408.889 1403.475 1401.956 1402.341 1402.726 1403.111 1404.125 1410.249 1416.374 1422.498 1428.622 1436.067 1444.602 1453.138 1461.673 1470.209 1475.799 1481.345 1486.892 1492.438 1496.024 1496.941 1497.858 1498.774 1499.691 1499.852 1499.892 1499.932 1499.972 1500.0 1500.0 1500.0 1500.0 1500.0 1500.0 1500.0 1500.0 1500.0 1500.0 1500.0 1500.0 1500.0
1422.642 1430.957 1442.999 1455.041 1467.083 1479.125 1483.587 1487.387 1491.188 1494.988 1495.669 1490.747 1485.825 1480.904 1475.982 1466.92 1456.794 1446.668 1436.542 1427.426 1421.625 1415.824 1410.023 1404.222 1402.26 1402.175 1402.089 1402.005 1402.539 1408.117 1413.695 1419.272 1424.85 1432.081 1440.68 1449.278 1457.877 1466.475 1472.558 1478.603 1484.649 1490.694 1494.686 1495.882 1497.078 1498.273 1499.469 1499.703 1499.781 1499.859 1499.937 1499.99 1499.984 1499.978 1499.972 1499.966 1499.951 1499.933 1499.915 1499.896 1499.881 1499.877 1499.874 1499.87
1419.899 1427.871 1439.977 1452.082 1464.188 1476.293 1481.038 1485.14 1489.242 1493.344 1494.321 1489.686 1485.05 1480.414 1475.779 1467.276 1457.78 1448.285 1438.789 1430.115 1424.14 1418.164 1412.188 1406.212 1403.844 1403.24 1402.636 1402.032 1402.056 1407.189 1412.321 1417.454 1422.587 1429.457 1437.765 1446.072 1454.379 1462.687 1468.942 1475.168 1481.393 1487.618 1491.909 1493.566 1495.222 1496.879 1498.536 1498.988 1499.246 1499.505 1499.763 1499.931 1499.888 1499.845 1499.801 1499.758 1499.651 1499.522 1499.393 1499.263 1499.152 1499.127 1499.103 1499.078
1417.155 1424.785 1436.954 1449.123 1461.292 1473.461 1478.489 1482.893 1487.297 1491.701 1492.974 1488.624 1484.275 1479.925 1475.575 1467.633 1458.767 1449.901 1441.036 1432.805 1426.654 1420.504 1414.353 1408.203 1405.428 1404.305 1403.182 1402.059 1401.572 1406.26 1410.948 1415.636 1420.324 1426.833 1434.849 1442.865 1450.881 1458.898 1465.326 1471.732 1478.137 1484.542 1489.133 1491.25 1493.367 1495.485 1497.602 1498.273 1498.712 1499.15 1499.588 1499.871 1499.791 1499.711 1499.631 1499.551 1499.352 1499.111 1498.871 1498.63 1498.424 1498.378 1498.332 1498.286
1414.412 1421.699 1433.932 1446.164 1458.397 1470.629 1475.94 1480.646 1485.352 1490.057 1491.627 1487.563 1483.499 1479.436 1475.372 1467.989 1459.754 1451.518 1443.283 1435.494 1429.169 1422.843 1416.518 1410.193 1407.012 1405.37 1403.728 1402.086 1401.089 1405.332 1409.575 1413.818 1418.061 1424.21 1431.934 1439.659 1447.384 1455.109 1461.711 1468.296 1474.882 1481.467 1486.356 1488.934 1491.512 1494.09 1496.668 1497.558 1498.177 1498.795 1499.414 1499.812 1499.695 1499.578 1499.46 1499.343 1499.053 1498.701 1498.349 1497.997 1497.695 1497.628 1497.561 1497.494
1411.668 1418.613 1430.909 1443.205 1455.501 1467.797 1473.391 1478.398 1483.406 1488.414 1490.279 1486.502 1482.724 1478.946 1475.169 1468.346 1460.74 1453.135 1445.53 1438.183 1431.683 1425.183 1418.683 1412.183 1408.597 1406.436 1404.275 1402.114 1400.605 1404.403 1408.201 1411.999 1415.798 1421.586 1429.019 1436.453 1443.886 1451.32 1458.095 1464.86 1471.626 1478.391 1483.579 1486.618 1489.657 1492.696 1495.735 1496.844 1497.642 1498.441 1499.239 1499.753 1499.598 1499.444 1499.29 1499.135 1498.753 1498.29 1497.827 1497.364 1496.967 1496.878 1496.79 1496.702
