data/zism_data/00997_01_D.txt
ncols         224
nrows         224
[rows 112 to 139 of 224, columns 64 to 127 of 224]
399.0873 399.0873 399.0873 399.0873 399.1904 399.3245 399.4586 399.5928 399.6617 399.5147 399.3678 399.2208 399.0739 398.811 398.4975 398.1841 397.8706 397.908 399.7958 401.6837 403.5715 405.4592 409.0693 413.7208 418.3722 423.0237 427.6812 432.4031 437.125 441.8469 446.5688 451.0162 455.2397 459.4632 463.6868 467.9042 471.7085 475.5128 479.3172 483.1215 486.3088 488.823 491.3372 493.8514 496.3656 494.2777 491.9066 489.5356 487.1646 483.9811 479.6082 475.2353 470.8624 466.4894 462.6582 458.9083 455.1584 451.4084 447.6265 443.7806 439.9348 436.0889 432.243 428.738
399.0 399.0 399.0 399.0 399.1028 399.2366 399.3704 399.5042 399.576 399.4422 399.3084 399.1746 399.0407 398.8695 398.6819 398.4944 398.3068 398.4696 400.4799 402.4903 404.5007 406.511 410.1432 414.7562 419.3691 423.9821 428.5976 433.2404 437.8832 442.5259 447.1687 451.6368 455.9624 460.2879 464.6135 468.9358 473.0307 477.1258 481.2208 485.3159 488.6793 491.2447 493.81 496.3754 498.9407 496.9497 494.6783 492.4068 490.1354 486.921 482.3257 477.7305 473.1353 468.54 464.3644 460.2516 456.1389 452.0262 447.9189 443.8226 439.7262 435.6298 431.5335 427.9565
399.0 399.0 399.0 399.0 399.0779 399.1793 399.2808 399.3822 399.4366 399.3351 399.2337 399.1323 399.0309 398.9258 398.8193 398.7127 398.6061 398.8473 400.9225 402.9977 405.0728 407.1479 410.6666 415.0582 419.4498 423.8413 428.2261 432.5395 436.8529 441.1663 445.4797 449.886 454.3682 458.8504 463.3326 467.8136 472.2218 476.63 481.0382 485.4464 488.9655 491.5147 494.0638 496.613 499.1621 497.1854 494.9302 492.675 490.4197 487.1754 482.483 477.7906 473.0982 468.4058 463.9075 459.4384 454.9693 450.5002 446.1104 441.879 437.6477 433.4163 429.1849 425.5977
399.0 399.0 399.0 399.0 399.053 399.122 399.1911 399.2601 399.2971 399.2281 399.1591 399.09 399.021 398.9822 398.9566 398.931 398.9054 399.2251 401.365 403.505 405.6449 407.7848 411.19 415.3602 419.5304 423.7006 427.8546 431.8386 435.8226 439.8066 443.7907 448.1353 452.774 457.4128 462.0516 466.6916 471.4128 476.1342 480.8556 485.577 489.2517 491.7847 494.3176 496.8506 499.3835 497.4211 495.1821 492.9431 490.704 487.43 482.6403 477.8508 473.0612 468.2715 463.4507 458.6253 453.7998 448.9743 444.3019 439.9355 435.5692 431.2029 426.8365 423.2391
399.0 399.0 399.0 399.0 399.0281 399.0648 399.1014 399.138 399.1577 399.121 399.0844 399.0478 399.0111 399.0385 399.0939 399.1493 399.2047 399.6028 401.8076 404.0123 406.217 408.4218 411.7134 415.6622 419.611 423.5598 427.483 431.1377 434.7923 438.447 442.1016 446.3845 451.1799 455.9753 460.7706 465.5694 470.6039 475.6384 480.673 485.7075 489.5379 492.0547 494.5714 497.0882 499.6049 497.6568 495.434 493.2112 490.9883 487.6844 482.7976 477.9109 473.0241 468.1373 462.9939 457.8121 452.6302 447.4483 442.4933 437.992 433.4907 428.9893 424.488 420.8804
399.0 399.0 399.0 399.0 399.0032 399.0075 399.0117 399.0159 399.0182 399.014 399.0097 399.0055 399.0013 399.0949 399.2313 399.3677 399.5041 399.9805 402.2501 404.5196 406.7892 409.0587 412.2367 415.9642 419.6916 423.419 427.1115 430.4368 433.7621 437.0874 440.4127 444.6338 449.5858 454.5377 459.4897 464.4474 469.795 475.1427 480.4904 485.8381 489.8241 492.3246 494.8252 497.3257 499.8263 497.8925 495.6859 493.4793 491.2726 487.939 482.955 477.971 472.987 468.0031 462.5371 456.9989 451.4607 445.9224 440.6848 436.0485 431.4122 426.7758 422.1395 418.5218
398.9361 398.9361 398.9361 398.9361 398.9397 398.9444 398.9491 398.9538 398.9509 398.9227 398.8945 398.8664 398.8382 399.007 399.2619 399.5169 399.7718 400.3508 402.6382 404.9256 407.213 409.5003 412.4886 415.9007 419.3129 422.725 426.0862 428.9131 431.7399 434.5668 437.3936 441.2779 446.0249 450.7719 455.5189 460.2785 465.8971 471.5157 477.1343 482.753 487.1129 490.0997 493.0865 496.0732 499.06 497.2759 495.1982 493.1204 491.0427 487.748 482.6715 477.5951 472.5186 467.4421 461.8461 456.1722 450.4983 444.8243 439.456 434.6987 429.9415 425.1843 420.427 416.8357
398.8626 398.8626 398.8626 398.8626 398.8704 398.8805 398.8905 398.9006 398.8943 398.8338 398.7732 398.7126 398.6521 398.8974 399.2766 399.6557 400.0349 400.7199 403.0181 405.3163 407.6145 409.9126 412.6997 415.7825 418.8652 421.948 424.963 427.266 429.5691 431.8721 434.1751 437.6814 442.1692 446.657 451.1448 455.6528 461.5359 467.4192 473.3024 479.1856 483.9522 487.5005 491.0489 494.5973 498.1456 496.5314 494.5995 492.6675 490.7356 487.4903 482.322 477.1538 471.9855 466.8172 461.1201 455.3435 449.567 443.7905 438.3141 433.438 428.562 423.686 418.81 415.2505
398.7891 398.7891 398.7891 398.7891 398.801 398.8165 398.832 398.8475 398.8378 398.7449 398.6519 398.559 398.466 398.7878 399.2912 399.7946 400.2979 401.0891 403.3981 405.707 408.016 410.3249 412.9108 415.6642 418.4176 421.171 423.8396 425.6189 427.3981 429.1773 430.9566 434.0848 438.3134 442.542 446.7706 451.027 457.1747 463.3225 469.4703 475.6181 480.7914 484.9013 489.0113 493.1212 497.2312 495.7869 494.0007 492.2146 490.4285 487.2326 481.9725 476.7125 471.4524 466.1923 460.394 454.5148 448.6357 442.7566 437.1722 432.1773 427.1825 422.1877 417.1928 413.6652
398.7156 398.7156 398.7156 398.7156 398.7317 398.7526 398.7735 398.7943 398.7813 398.656 398.5306 398.4053 398.2799 398.6783 399.3058 399.9334 400.5609 401.4583 403.778 406.0978 408.4175 410.7372 413.122 415.546 417.9699 420.394 422.7163 423.9718 425.2272 426.4827 427.7382 430.4883 434.4577 438.4271 442.3965 446.4013 452.8136 459.226 465.6384 472.0508 477.6306 482.3022 486.9737 491.6453 496.3168 495.0424 493.402 491.7617 490.1214 486.9749 481.623 476.2712 470.9193 465.5674 459.6678 453.6861 447.7044 441.7227 436.0303 430.9167 425.803 420.6894 415.5758 412.08
398.5791 398.5683 398.5575 398.5467 398.5616 398.5843 398.607 398.6297 398.618 398.4927 398.3673 398.242 398.1166 398.5851 399.3134 400.0418 400.7701 401.7407 403.9885 406.2362 408.484 410.7317 412.9121 415.0517 417.1913 419.3309 421.3538 422.1502 422.9467 423.7432 424.5396 426.9388 430.6454 434.3521 438.0587 441.8081 448.4633 455.1187 461.7741 468.4295 474.3418 479.4436 484.5453 489.6471 494.7488 493.5959 492.0582 490.5204 488.9827 485.8979 480.5478 475.1978 469.8477 464.4976 458.6061 452.6334 446.6606 440.6879 434.9583 429.7151 424.4719 419.2286 413.9854 410.4633
398.3164 398.2732 398.23 398.1868 398.19 398.2073 398.2246 398.2419 398.2411 398.1806 398.12 398.0595 397.9989 398.5247 399.307 400.0894 400.8717 401.8498 403.86 405.8701 407.8803 409.8905 411.8602 413.8054 415.7506 417.6959 419.5126 419.9796 420.4467 420.9138 421.381 423.4835 426.9201 430.3568 433.7934 437.2796 444.1347 450.9898 457.845 464.7002 470.7968 476.0659 481.3351 486.6042 491.8733 490.7454 489.2238 487.7023 486.1807 483.1822 478.0211 472.8601 467.699 462.5379 456.8729 451.1324 445.3918 439.6513 434.0262 428.6317 423.2373 417.8429 412.4485 408.7838
398.0537 397.9781 397.9025 397.8269 397.8185 397.8304 397.8423 397.8542 397.8643 397.8685 397.8727 397.877 397.8812 398.4643 399.3006 400.1369 400.9733 401.9589 403.7315 405.5041 407.2767 409.0492 410.8083 412.5591 414.31 416.0609 417.6714 417.8091 417.9469 418.0846 418.2224 420.0282 423.1949 426.3616 429.5282 432.7513 439.8061 446.8611 453.916 460.971 467.2519 472.6884 478.1249 483.5614 488.9979 487.8949 486.3896 484.8842 483.3788 480.4666 475.4945 470.5225 465.5504 460.5782 455.1398 449.6315 444.1231 438.6147 433.094 427.5484 422.0027 416.4571 410.9115 407.1042
397.791 397.683 397.575 397.467 397.4469 397.4534 397.4599 397.4664 397.4874 397.5564 397.6255 397.6945 397.7635 398.4038 399.2942 400.1845 401.0748 402.0679 403.603 405.138 406.673 408.2079 409.7563 411.3128 412.8693 414.4258 415.8302 415.6386 415.4469 415.2553 415.0636 416.5728 419.4695 422.3662 425.2629 428.2228 435.4774 442.7322 449.9869 457.2417 463.7068 469.3107 474.9146 480.5185 486.1223 485.0444 483.5552 482.066 480.5768 477.751 472.9678 468.1848 463.4016 458.6185 453.4066 448.1305 442.8543 437.5782 432.1618 426.465 420.7682 415.0714 409.3745 405.4247
397.5283 397.3879 397.2475 397.1071 397.0754 397.0765 397.0776 397.0787 397.1105 397.2444 397.3782 397.512 397.6458 398.3434 399.2878 400.2321 401.1764 402.177 403.4745 404.7719 406.0693 407.3667 408.7044 410.0666 411.4286 412.7907 413.9891 413.4681 412.9471 412.4261 411.905 413.1176 415.7443 418.3711 420.9978 423.6945 431.1489 438.6035 446.058 453.5125 460.162 465.9332 471.7044 477.4757 483.2469 482.1939 480.7209 479.2479 477.775 475.0354 470.4412 465.8472 461.253 456.6588 451.6735 446.6295 441.5856 436.5416 431.2296 425.3816 419.5336 413.6856 407.8376 403.7452
398.6207 398.0649 397.509 396.9532 396.7482 396.6493 396.5503 396.4513 396.4233 396.6305 396.8377 397.0449 397.2521 398.0157 399.0226 400.0295 401.0365 402.0635 403.1965 404.3295 405.4625 406.5955 407.7394 408.8899 410.0404 411.1909 412.185 411.5369 410.8888 410.2407 409.5926 410.7819 413.47 416.1582 418.8463 421.6004 428.8285 436.0567 443.2849 450.5131 456.8426 462.1915 467.5405 472.8895 478.2385 477.0424 475.4436 473.8448 472.2459 469.4926 465.0487 460.6049 456.1609 451.717 446.7511 441.7069 436.6627 431.6185 426.2789 420.3486 414.4183 408.488 402.5576 398.4189
400.0581 398.9893 397.9205 396.8517 396.4324 396.2092 395.9861 395.7629 395.657 395.9398 396.2226 396.5054 396.7882 397.6199 398.6916 399.7633 400.8351 401.8933 402.8805 403.8677 404.8549 405.8422 406.7965 407.7311 408.6656 409.6001 410.3905 409.6667 408.9431 408.2193 407.4956 408.7312 411.5652 414.3991 417.2331 420.1259 427.0193 433.9127 440.8062 447.6996 453.5807 458.3573 463.134 467.9106 472.6872 471.3054 469.5446 467.7838 466.023 463.2303 458.9268 454.6234 450.3199 446.0163 441.0171 435.9135 430.8099 425.7063 420.3055 414.3104 408.3153 402.3202 396.3251 392.1646
401.4955 399.9137 398.3319 396.7502 396.1166 395.7692 395.4218 395.0745 394.8907 395.2491 395.6075 395.9659 396.3243 397.2241 398.3606 399.4971 400.6336 401.7231 402.5645 403.4059 404.2474 405.0888 405.8536 406.5722 407.2907 408.0093 408.5959 407.7965 406.9972 406.1979 405.3986 406.6805 409.6603 412.64 415.6198 418.6514 425.21 431.7687 438.3274 444.8861 450.3188 454.523 458.7273 462.9315 467.1358 465.5682 463.6454 461.7226 459.7998 456.9679 452.8047 448.6417 444.4785 440.3154 435.2829 430.1199 424.9569 419.7939 414.3319 408.272 402.2121 396.1522 390.0923 385.9101
402.9328 400.8381 398.7434 396.6487 395.8007 395.3292 394.8576 394.3861 394.1245 394.5585 394.9925 395.4265 395.8605 396.8282 398.0296 399.2309 400.4322 401.5529 402.2485 402.9442 403.6398 404.3354 404.9108 405.4133 405.9159 406.4185 406.8013 405.9264 405.0515 404.1765 403.3016 404.6299 407.7554 410.881 414.0065 417.177 423.4008 429.6248 435.8487 442.0726 447.0569 450.6888 454.3207 457.9526 461.5845 459.8311 457.7464 455.6616 453.5768 450.7056 446.6829 442.6602 438.6375 434.6147 429.5488 424.3264 419.1041 413.8817 408.3586 402.2338 396.1091 389.9844 383.8597 379.6558
404.9825 402.2269 399.4713 396.7157 395.6028 394.986 394.3691 393.7522 393.3809 393.8228 394.2648 394.7068 395.1487 396.1376 397.3657 398.5937 399.8218 400.9521 401.5667 402.1814 402.796 403.4106 403.8516 404.1875 404.5234 404.8593 405.0885 404.1971 403.3058 402.4144 401.5231 402.8614 406.0186 409.1758 412.333 415.5294 421.3818 427.2343 433.0869 438.9394 443.4899 446.6198 449.7498 452.8798 456.0097 454.0813 451.8416 449.6018 447.3621 444.4158 440.4348 436.4539 432.473 428.492 423.353 418.0403 412.7275 407.4147 401.8275 395.6916 389.5556 383.4196 377.2836 373.0789
408.7668 404.9312 401.0956 397.26 395.7392 394.9171 394.095 393.2729 392.7014 392.9598 393.2182 393.4766 393.7349 394.6115 395.7586 396.9057 398.0528 399.1313 399.8486 400.5658 401.2831 402.0003 402.463 402.7719 403.0808 403.3897 403.6074 402.8672 402.1271 401.387 400.6468 401.8925 404.7581 407.6237 410.4893 413.3914 418.7686 424.146 429.5234 434.9008 439.0587 441.8862 444.7138 447.5414 450.3689 448.2958 445.9211 443.5463 441.1716 438.0486 433.8301 429.6116 425.3931 421.1746 415.8496 410.3586 404.8677 399.3767 393.7176 387.722 381.7264 375.7308 369.7352 365.5891
412.5512 407.6357 402.72 397.8044 395.8755 394.8482 393.821 392.7937 392.0219 392.0967 392.1715 392.2463 392.3211 393.0854 394.1515 395.2176 396.2837 397.3105 398.1303 398.9502 399.77 400.5898 401.0745 401.3564 401.6382 401.9201 402.1263 401.5374 400.9484 400.3595 399.7705 400.9235 403.4975 406.0715 408.6456 411.2533 416.1554 421.0576 425.9598 430.8619 434.6273 437.1524 439.6776 442.2028 444.7279 442.51 440.0003 437.4906 434.9808 431.6813 427.2252 422.7691 418.313 413.8569 408.3459 402.6768 397.0077 391.3385 385.6073 379.7521 373.8969 368.0417 362.1866 358.0991
416.3355 410.34 404.3444 398.3488 396.0119 394.7794 393.5469 392.3144 391.3425 391.2337 391.1248 391.0161 390.9073 391.5594 392.5445 393.5296 394.5146 395.4897 396.4122 397.3346 398.257 399.1795 399.6859 399.9408 400.1957 400.4506 400.6452 400.2075 399.7697 399.332 398.8942 399.9546 402.237 404.5194 406.8018 409.1154 413.5423 417.9693 422.3963 426.8233 430.1961 432.4188 434.6416 436.8643 439.0871 436.7245 434.0798 431.4351 428.7903 425.3141 420.6204 415.9268 411.2331 406.5394 400.8426 394.9952 389.1479 383.3005 377.4974 371.7826 366.0678 360.353 354.6382 350.6093
420.12 413.0444 405.9688 398.8932 396.1482 394.7105 393.2728 391.8351 390.663 390.3706 390.0782 389.7858 389.4934 390.0333 390.9374 391.8415 392.7455 393.6689 394.6939 395.719 396.744 397.769 398.2973 398.5252 398.7531 398.981 399.1641 398.8776 398.591 398.3045 398.0179 398.9856 400.9764 402.9673 404.9581 406.9773 410.929 414.8809 418.8326 422.7845 425.7647 427.6851 429.6054 431.5258 433.4461 430.9388 428.1591 425.3794 422.5996 418.9468 414.0155 409.0843 404.153 399.2217 393.3389 387.3134 381.2878 375.2623 369.3871 363.8127 358.2383 352.6639 347.0895 343.1192
424.7281 416.8778 409.0275 401.1772 397.8425 395.8709 393.8994 391.9278 390.265 389.6246 388.9843 388.344 387.7037 387.9099 388.4865 389.0631 389.6396 390.3047 391.4362 392.5678 393.6993 394.8308 395.497 395.8818 396.2666 396.6514 397.0073 397.0597 397.1122 397.1646 397.2171 398.1571 399.8211 401.4851 403.1491 404.8388 408.2724 411.706 415.1396 418.5732 421.1366 422.7507 424.3647 425.9788 427.5928 425.0143 422.1779 419.3414 416.5049 412.8109 407.8611 402.9115 397.9618 393.012 387.1828 381.2216 375.2605 369.2993 363.4265 357.7304 352.0342 346.338 340.6418 336.7332
429.6494 421.1403 412.6313 404.1222 400.1288 397.4984 394.8682 392.2379 389.9738 388.9232 387.8725 386.8219 385.7712 385.5595 385.715 385.8704 386.0258 386.354 387.5935 388.8331 390.0726 391.3121 392.1603 392.7719 393.3834 393.995 394.5936 395.0564 395.5192 395.9821 396.4449 397.3819 398.7057 400.0296 401.3535 402.7001 405.5992 408.4982 411.3973 414.2964 416.4337 417.74 419.0463 420.3525 421.6588 419.0371 416.1736 413.3102 410.4467 406.7629 401.878 396.9931 392.1082 387.2232 381.5386 375.734 369.9295 364.1249 358.2827 352.3651 346.4476 340.53 334.6125 330.7664
434.5707 425.4029 416.2351 407.0673 402.4151 399.126 395.837 392.5479 389.6827 388.2217 386.7607 385.2997 383.8386 383.2091 382.9433 382.6775 382.4117 382.4032 383.7507 385.0982 386.4457 387.7932 388.8235 389.6618 390.5002 391.3385 392.1798 393.053 393.9262 394.7994 395.6726 396.6067 397.5903 398.574 399.5577 400.5614 402.9258 405.2904 407.6549 410.0194 411.7306 412.7291 413.7276 414.7261 415.7246 413.0596 410.1692 407.2787 404.3882 400.7147 395.8946 391.0745 386.2543 381.4342 375.8942 370.2462 364.5983 358.9503 353.1387 346.9997 340.8608 334.7218 328.5829 324.7995
439.4919 429.6654 419.8388 410.0123 404.7014 400.7535 396.8058 392.8579 389.3916 387.5202 385.6489 383.7775 381.9061 380.8587 380.1718 379.4848 378.7979 378.4525 379.908 381.3635 382.819 384.2745 385.4867 386.5518 387.617 388.6821 389.7662 391.0497 392.3333 393.6169 394.9004 395.8315 396.475 397.1185 397.762 398.4227 400.2526 402.0826 403.9126 405.7426 407.0277 407.7184 408.4092 409.0999 409.7906 407.0823 404.1649 401.2474 398.33 394.6667 389.9114 385.1561 380.4007 375.6454 370.25 364.7586 359.2672 353.7759 347.9948 341.6345 335.2742 328.9138 322.5535 318.8329
