data/zism_data/00996_02_D.txt
ncols         224
nrows         224
[rows 140 to 167 of 224, columns 126 to 188 of 224]
1367.896 1371.901 1375.27 1378.638 1382.006 1384.713 1386.004 1387.295 1388.586 1389.877 1391.626 1393.52 1395.413 1397.306 1398.635 1397.742 1396.85 1395.958 1395.066 1390.56 1384.064 1377.568 1371.072 1364.33 1355.011 1345.691 1336.371 1327.052 1320.354 1315.989 1311.624 1307.259 1302.894 1305.267 1307.841 1310.416 1312.99 1316.736 1322.146 1327.557 1332.967 1338.377 1342.654 1346.738 1350.821 1354.905 1358.641 1361.554 1364.468 1367.38 1370.293 1372.016 1373.319 1374.622 1375.925 1376.905 1376.424 1375.943 1375.462 1374.981 1373.615 1371.713 1369.812
1361.373 1365.587 1369.202 1372.818 1376.433 1379.504 1381.412 1383.32 1385.229 1387.137 1389.368 1391.702 1394.035 1396.369 1397.991 1396.82 1395.649 1394.478 1393.306 1388.428 1381.508 1374.588 1367.668 1360.53 1351.109 1341.687 1332.266 1322.844 1316.26 1312.2 1308.141 1304.082 1300.023 1302.676 1305.53 1308.383 1311.236 1315.337 1321.208 1327.08 1332.952 1338.824 1343.534 1348.047 1352.561 1357.074 1361.169 1364.275 1367.381 1370.488 1373.594 1375.335 1376.595 1377.855 1379.115 1380.035 1379.42 1378.805 1378.19 1377.575 1376.158 1374.257 1372.355
1354.849 1359.273 1363.135 1366.997 1370.859 1374.295 1376.821 1379.346 1381.871 1384.396 1387.11 1389.884 1392.657 1395.431 1397.347 1395.897 1394.447 1392.997 1391.547 1386.295 1378.951 1371.608 1364.264 1356.73 1347.207 1337.683 1328.16 1318.637 1312.165 1308.412 1304.659 1300.906 1297.153 1300.086 1303.218 1306.35 1309.483 1313.937 1320.271 1326.604 1332.938 1339.271 1344.415 1349.357 1354.3 1359.243 1363.697 1366.996 1370.296 1373.595 1376.894 1378.655 1379.872 1381.089 1382.306 1383.166 1382.417 1381.668 1380.919 1380.169 1378.702 1376.801 1374.899
1348.326 1352.959 1357.068 1361.177 1365.286 1369.087 1372.229 1375.371 1378.514 1381.656 1384.853 1388.066 1391.28 1394.493 1396.704 1394.974 1393.245 1391.516 1389.787 1384.163 1376.395 1368.628 1360.86 1352.93 1343.305 1333.679 1324.054 1314.429 1308.071 1304.624 1301.177 1297.729 1294.282 1297.495 1300.906 1304.318 1307.729 1312.538 1319.333 1326.128 1332.923 1339.717 1345.296 1350.667 1356.039 1361.411 1366.225 1369.717 1373.21 1376.702 1380.195 1381.974 1383.148 1384.322 1385.496 1386.297 1385.414 1384.53 1383.647 1382.764 1381.246 1379.344 1377.443
1341.803 1346.645 1351.001 1355.357 1359.712 1363.878 1367.638 1371.397 1375.157 1378.916 1382.595 1386.249 1389.902 1393.555 1396.06 1394.052 1392.044 1390.035 1388.027 1382.031 1373.839 1365.648 1357.456 1349.13 1339.403 1329.676 1319.948 1310.221 1303.978 1300.836 1297.695 1294.553 1291.412 1294.904 1298.595 1302.285 1305.976 1311.139 1318.395 1325.652 1332.908 1340.164 1346.176 1351.977 1357.778 1363.58 1368.752 1372.438 1376.124 1379.81 1383.495 1385.293 1386.424 1387.555 1388.686 1389.428 1388.41 1387.393 1386.375 1385.358 1383.789 1381.888 1379.986
1336.875 1341.98 1346.591 1351.201 1355.813 1360.321 1364.611 1368.9 1373.19 1377.48 1381.434 1385.284 1389.133 1392.982 1395.531 1392.97 1390.41 1387.849 1385.289 1378.701 1369.894 1361.088 1352.282 1343.421 1333.981 1324.54 1315.1 1305.66 1299.609 1296.574 1293.54 1290.506 1287.472 1291.146 1295.02 1298.894 1302.769 1308.326 1316.276 1324.225 1332.175 1340.124 1346.763 1353.18 1359.597 1366.013 1371.613 1375.281 1378.949 1382.617 1386.285 1387.89 1388.767 1389.644 1390.521 1391.024 1389.835 1388.646 1387.457 1386.268 1384.826 1383.231 1381.636
1332.42 1337.803 1342.672 1347.54 1352.409 1357.253 1362.047 1366.842 1371.636 1376.43 1380.599 1384.572 1388.544 1392.517 1395.035 1391.842 1388.648 1385.455 1382.261 1375.015 1365.538 1356.062 1346.584 1337.146 1328.108 1319.07 1310.032 1300.995 1295.158 1292.172 1289.186 1286.2 1283.214 1287.041 1291.071 1295.101 1299.131 1305.095 1313.806 1322.518 1331.229 1339.941 1347.264 1354.351 1361.438 1368.526 1374.573 1378.161 1381.748 1385.335 1388.923 1390.273 1390.833 1391.394 1391.954 1392.165 1390.793 1389.422 1388.051 1386.679 1385.416 1384.218 1383.02
1327.965 1333.627 1338.753 1343.879 1349.005 1354.186 1359.484 1364.783 1370.081 1375.38 1379.764 1383.86 1387.956 1392.052 1394.54 1390.714 1386.887 1383.06 1379.233 1371.33 1361.182 1351.035 1340.887 1330.871 1322.235 1313.6 1304.965 1296.33 1290.708 1287.77 1284.833 1281.895 1278.958 1282.937 1287.122 1291.308 1295.493 1301.863 1311.336 1320.81 1330.284 1339.757 1347.764 1355.522 1363.28 1371.038 1377.533 1381.04 1384.547 1388.054 1391.56 1392.656 1392.9 1393.143 1393.387 1393.306 1391.752 1390.198 1388.644 1387.09 1386.006 1385.205 1384.404
1323.509 1329.45 1334.834 1340.217 1345.601 1351.118 1356.921 1362.724 1368.527 1374.33 1378.928 1383.148 1387.367 1391.586 1394.045 1389.585 1385.125 1380.665 1376.205 1367.645 1356.826 1346.008 1335.189 1324.596 1316.363 1308.13 1299.897 1291.664 1286.258 1283.369 1280.479 1277.59 1274.701 1278.832 1283.173 1287.514 1291.856 1298.632 1308.867 1319.102 1329.338 1339.573 1348.264 1356.693 1365.121 1373.55 1380.493 1383.919 1387.346 1390.772 1394.198 1395.039 1394.966 1394.893 1394.821 1394.447 1392.71 1390.974 1389.238 1387.502 1386.596 1386.192 1385.788
1318.773 1325.056 1330.754 1336.453 1342.152 1348.013 1354.221 1360.429 1366.637 1372.845 1377.61 1381.921 1386.232 1390.543 1392.961 1387.946 1382.93 1377.914 1372.898 1363.835 1352.543 1341.252 1329.96 1318.965 1311.092 1303.218 1295.345 1287.472 1282.173 1279.166 1276.16 1273.153 1270.146 1274.412 1278.896 1283.379 1287.862 1295.012 1305.949 1316.886 1327.824 1338.761 1347.966 1356.878 1365.79 1374.702 1381.976 1385.373 1388.77 1392.168 1395.565 1396.172 1395.794 1395.415 1395.037 1394.399 1392.583 1390.767 1388.952 1387.136 1386.486 1386.54 1386.595
1313.087 1319.926 1326.135 1332.343 1338.552 1344.782 1351.06 1357.338 1363.616 1369.894 1374.663 1378.958 1383.252 1387.547 1389.893 1384.582 1379.271 1373.96 1368.65 1359.606 1348.507 1337.409 1326.31 1315.511 1307.852 1300.193 1292.534 1284.876 1279.32 1275.638 1271.955 1268.272 1264.589 1268.93 1273.51 1278.09 1282.67 1290.082 1301.518 1312.954 1324.391 1335.827 1344.976 1353.738 1362.5 1371.261 1378.472 1382.015 1385.557 1389.099 1392.641 1393.088 1392.441 1391.794 1391.148 1390.338 1388.791 1387.243 1385.696 1384.149 1384.014 1384.734 1385.454
1307.402 1314.797 1321.515 1328.233 1334.951 1341.552 1347.899 1354.247 1360.594 1366.942 1371.715 1375.994 1380.273 1384.552 1386.825 1381.219 1375.613 1370.007 1364.401 1355.377 1344.471 1333.566 1322.661 1312.056 1304.612 1297.168 1289.724 1282.28 1276.468 1272.109 1267.75 1263.391 1259.033 1263.447 1268.124 1272.8 1277.477 1285.151 1297.087 1309.022 1320.958 1332.893 1341.986 1350.598 1359.209 1367.821 1374.969 1378.656 1382.343 1386.03 1389.717 1390.003 1389.088 1388.173 1387.259 1386.278 1384.999 1383.72 1382.44 1381.161 1381.543 1382.928 1384.313
1301.716 1309.667 1316.895 1324.123 1331.351 1338.321 1344.738 1351.155 1357.573 1363.99 1368.768 1373.031 1377.293 1381.556 1383.756 1377.855 1371.954 1366.053 1360.152 1351.148 1340.435 1329.724 1319.011 1308.602 1301.372 1294.143 1286.913 1279.684 1273.615 1268.58 1263.546 1258.51 1253.476 1257.964 1262.737 1267.51 1272.284 1280.221 1292.656 1305.09 1317.525 1329.959 1338.996 1347.457 1355.918 1364.38 1371.465 1375.297 1379.13 1382.962 1386.793 1386.919 1385.735 1384.552 1383.369 1382.217 1381.207 1380.196 1379.185 1378.174 1379.071 1381.122 1383.173
1296.031 1304.537 1312.275 1320.013 1327.751 1335.09 1341.577 1348.064 1354.552 1361.038 1365.821 1370.068 1374.314 1378.561 1380.688 1374.492 1368.296 1362.099 1355.903 1346.919 1336.4 1325.881 1315.362 1305.147 1298.133 1291.118 1284.103 1277.088 1270.763 1265.052 1259.341 1253.63 1247.919 1252.482 1257.351 1262.221 1267.091 1275.291 1288.224 1301.158 1314.092 1327.025 1336.006 1344.317 1352.628 1360.939 1367.962 1371.939 1375.916 1379.893 1383.87 1383.834 1382.383 1380.931 1379.48 1378.157 1377.414 1376.672 1375.929 1375.187 1376.6 1379.316 1382.032
1288.874 1297.987 1306.393 1314.798 1323.204 1331.022 1337.582 1344.143 1350.704 1357.264 1361.836 1365.783 1369.73 1373.678 1375.605 1369.6 1363.594 1357.588 1351.582 1343.137 1333.348 1323.56 1313.771 1304.217 1297.134 1290.051 1282.967 1275.884 1269.122 1262.646 1256.171 1249.695 1243.22 1247.383 1251.863 1256.344 1260.824 1268.98 1282.357 1295.734 1309.112 1322.489 1331.057 1338.809 1346.561 1354.313 1360.763 1364.13 1367.498 1370.865 1374.233 1374.365 1373.355 1372.346 1371.336 1370.508 1370.501 1370.494 1370.487 1370.48 1372.434 1375.573 1378.712
1281.043 1290.785 1299.931 1309.077 1318.224 1326.57 1333.205 1339.841 1346.477 1353.112 1357.376 1360.894 1364.412 1367.929 1369.599 1364.006 1358.414 1352.821 1347.228 1339.56 1330.747 1321.936 1313.124 1304.445 1297.163 1289.881 1282.599 1275.317 1268.036 1260.755 1253.475 1246.194 1238.914 1242.459 1246.328 1250.197 1254.066 1262.035 1275.831 1289.627 1303.423 1317.218 1325.209 1332.215 1339.222 1346.228 1351.87 1354.282 1356.694 1359.106 1361.518 1361.969 1361.727 1361.484 1361.242 1361.215 1362.157 1363.1 1364.043 1364.986 1367.491 1370.941 1374.391
1273.212 1283.583 1293.47 1303.356 1313.243 1322.118 1328.828 1335.539 1342.25 1348.961 1352.916 1356.004 1359.093 1362.182 1363.593 1358.413 1353.234 1348.054 1342.875 1335.982 1328.147 1320.312 1312.477 1304.672 1297.192 1289.711 1282.23 1274.75 1266.949 1258.864 1250.779 1242.693 1234.608 1237.536 1240.794 1244.051 1247.308 1255.091 1269.305 1283.519 1297.734 1311.948 1319.361 1325.622 1331.883 1338.143 1342.977 1344.434 1345.891 1347.348 1348.805 1349.573 1350.098 1350.623 1351.148 1351.921 1353.814 1355.707 1357.599 1359.492 1362.549 1366.31 1370.072
1265.382 1276.381 1287.008 1297.635 1308.263 1317.666 1324.452 1331.238 1338.024 1344.809 1348.456 1351.115 1353.774 1356.434 1357.586 1352.82 1348.054 1343.287 1338.521 1332.405 1325.547 1318.688 1311.829 1304.899 1297.22 1289.541 1281.862 1274.183 1265.863 1256.973 1248.083 1239.193 1230.303 1232.613 1235.259 1237.904 1240.549 1248.146 1262.779 1277.412 1292.045 1306.678 1313.514 1319.029 1324.543 1330.058 1334.084 1334.585 1335.087 1335.589 1336.091 1337.177 1338.47 1339.762 1341.055 1342.628 1345.47 1348.313 1351.155 1353.998 1357.607 1361.679 1365.752
1257.655 1269.242 1280.563 1291.883 1303.203 1313.105 1319.977 1326.849 1333.721 1340.592 1343.96 1346.227 1348.494 1350.761 1351.68 1347.304 1342.928 1338.551 1334.175 1328.752 1322.753 1316.754 1310.755 1304.594 1296.734 1288.875 1281.016 1273.157 1264.404 1254.855 1245.306 1235.758 1226.209 1227.952 1230.033 1232.113 1234.193 1241.584 1256.52 1271.457 1286.393 1301.329 1307.588 1312.375 1317.162 1321.95 1325.208 1324.851 1324.493 1324.136 1323.778 1325.221 1327.301 1329.38 1331.458 1333.835 1337.558 1341.28 1345.003 1348.725 1352.833 1357.175 1361.517
1250.555 1262.482 1274.211 1285.939 1297.667 1307.895 1314.917 1321.939 1328.961 1335.983 1339.256 1341.351 1343.446 1345.542 1346.375 1342.251 1338.127 1334.003 1329.879 1324.646 1318.802 1312.959 1307.115 1301.09 1293.161 1285.232 1277.303 1269.374 1260.705 1251.376 1242.047 1232.719 1223.39 1224.863 1226.659 1228.455 1230.251 1237.315 1251.865 1266.416 1280.966 1295.516 1301.19 1305.361 1309.531 1313.701 1316.441 1315.8 1315.158 1314.516 1313.874 1315.909 1318.89 1321.87 1324.851 1328.049 1332.233 1336.417 1340.601 1344.785 1349.077 1353.435 1357.793
1243.455 1255.723 1267.859 1279.995 1292.131 1302.684 1309.856 1317.029 1324.201 1331.373 1334.552 1336.475 1338.399 1340.322 1341.07 1337.198 1333.326 1329.454 1325.583 1320.54 1314.852 1309.164 1303.476 1297.587 1289.588 1281.589 1273.59 1265.592 1257.006 1247.897 1238.788 1229.68 1220.571 1221.775 1223.286 1224.798 1226.309 1233.047 1247.21 1261.374 1275.538 1289.702 1294.793 1298.346 1301.899 1305.452 1307.675 1306.748 1305.822 1304.896 1303.969 1306.597 1310.479 1314.361 1318.243 1322.263 1326.908 1331.554 1336.199 1340.844 1345.321 1349.694 1354.068
1236.355 1248.963 1261.507 1274.05 1286.594 1297.474 1304.796 1312.119 1319.441 1326.764 1329.848 1331.599 1333.351 1335.103 1335.765 1332.145 1328.526 1324.906 1321.286 1316.433 1310.901 1305.369 1299.836 1294.083 1286.015 1277.946 1269.877 1261.809 1253.306 1244.418 1235.529 1226.64 1217.752 1218.686 1219.913 1221.14 1222.367 1228.778 1242.555 1256.333 1270.111 1283.888 1288.395 1291.331 1294.267 1297.203 1298.907 1297.697 1296.486 1295.275 1294.065 1297.284 1302.068 1306.851 1311.634 1316.477 1321.583 1326.69 1331.797 1336.904 1341.564 1345.954 1350.344
1229.255 1242.203 1255.155 1268.106 1281.058 1292.263 1299.736 1307.209 1314.682 1322.154 1325.143 1326.723 1328.303 1329.883 1330.459 1327.092 1323.725 1320.357 1316.99 1312.327 1306.95 1301.573 1296.197 1290.579 1282.441 1274.303 1266.165 1258.026 1249.607 1240.939 1232.27 1223.601 1214.933 1215.597 1216.54 1217.482 1218.425 1224.51 1237.901 1251.292 1264.683 1278.074 1281.998 1284.317 1286.636 1288.955 1290.141 1288.646 1287.151 1285.655 1284.16 1287.972 1293.657 1299.342 1305.026 1310.69 1316.259 1321.827 1327.395 1332.964 1337.808 1342.214 1346.62
1222.032 1235.248 1248.485 1261.722 1274.959 1286.381 1293.923 1301.466 1309.009 1316.551 1319.294 1320.529 1321.763 1322.998 1323.328 1320.106 1316.885 1313.664 1310.442 1306.068 1301.059 1296.051 1291.042 1285.785 1277.915 1270.045 1262.175 1254.305 1246.244 1238.014 1229.785 1221.555 1213.325 1213.635 1214.2 1214.765 1215.33 1220.83 1233.342 1245.854 1258.367 1270.879 1274.263 1276.1 1277.937 1279.775 1280.634 1279.18 1277.725 1276.271 1274.817 1279.443 1286.216 1292.989 1299.762 1306.374 1312.256 1318.137 1324.019 1329.901 1334.829 1339.18 1343.531
1214.726 1228.163 1241.604 1255.044 1268.486 1280.051 1287.61 1295.168 1302.727 1310.286 1312.682 1313.454 1314.227 1315.0 1314.978 1311.832 1308.685 1305.539 1302.393 1298.374 1293.875 1289.377 1284.878 1280.129 1272.752 1265.376 1258.0 1250.623 1243.105 1235.46 1227.815 1220.17 1212.526 1212.425 1212.55 1212.675 1212.8 1217.543 1228.847 1240.152 1251.457 1262.762 1265.636 1267.082 1268.527 1269.973 1270.633 1269.437 1268.24 1267.043 1265.846 1271.437 1279.422 1287.408 1295.394 1303.037 1309.134 1315.23 1321.327 1327.423 1332.368 1336.617 1340.867
1207.42 1221.077 1234.722 1248.367 1262.012 1273.721 1281.296 1288.871 1296.446 1304.021 1306.069 1306.38 1306.692 1307.003 1306.629 1303.557 1300.486 1297.415 1294.344 1290.681 1286.692 1282.703 1278.714 1274.473 1267.59 1260.708 1253.825 1246.942 1239.966 1232.906 1225.846 1218.786 1211.726 1211.215 1210.9 1210.585 1210.27 1214.256 1224.353 1234.451 1244.548 1254.646 1257.01 1258.064 1259.118 1260.171 1260.633 1259.694 1258.755 1257.815 1256.876 1263.43 1272.629 1281.827 1291.026 1299.701 1306.012 1312.323 1318.634 1324.945 1329.908 1334.055 1338.203
1200.114 1213.992 1227.841 1241.689 1255.538 1267.392 1274.983 1282.574 1290.165 1297.755 1299.457 1299.307 1299.156 1299.006 1298.279 1295.283 1292.287 1289.291 1286.295 1282.987 1279.508 1276.029 1272.549 1268.817 1262.428 1256.039 1249.65 1243.261 1236.826 1230.351 1223.876 1217.401 1210.926 1210.005 1209.25 1208.495 1207.74 1210.969 1219.859 1228.749 1237.639 1246.529 1248.384 1249.046 1249.708 1250.37 1250.633 1249.951 1249.27 1248.588 1247.906 1255.424 1265.835 1276.246 1286.657 1296.365 1302.89 1309.416 1315.942 1322.467 1327.447 1331.493 1335.538
1192.672 1206.736 1220.752 1234.767 1248.783 1260.76 1268.38 1276.0 1283.62 1291.239 1292.596 1291.983 1291.371 1290.758 1289.672 1286.722 1283.772 1280.822 1277.871 1274.933 1272.001 1269.069 1266.137 1262.951 1257.101 1251.251 1245.4 1239.55 1233.679 1227.788 1221.899 1216.008 1210.118 1208.814 1207.647 1206.479 1205.312 1207.802 1215.488 1223.174 1230.86 1238.546 1239.898 1240.175 1240.453 1240.731 1240.81 1240.423 1240.035 1239.647 1239.259 1247.723 1259.311 1270.898 1282.486 1293.193 1299.914 1306.636 1313.358 1320.08 1325.06 1328.987 1332.913
