data/zism_data/00999_02_D.txt
ncols         224
nrows         224
[rows 28 to 55 of 224, columns 0 to 62 of 224]
1347.838 1339.569 1330.791 1322.014 1313.236 1305.994 1304.101 1302.209 1300.316 1298.423 1298.544 1299.507 1300.47 1301.433 1303.603 1311.016 1318.429 1325.843 1333.256 1342.635 1352.986 1363.337 1373.688 1384.34 1396.685 1409.029 1421.373 1433.718 1446.127 1458.574 1471.021 1483.468 1495.393 1503.299 1511.205 1519.112 1527.018 1533.249 1538.35 1543.451 1548.552 1553.788 1560.6 1567.412 1574.224 1581.037 1589.476 1599.187 1608.897 1618.608 1628.531 1643.143 1657.755 1672.366 1686.978 1703.48 1721.692 1739.903 1758.115 1776.325 1794.338 1812.351 1830.364
1341.029 1333.62 1325.97 1318.32 1310.67 1304.373 1302.789 1301.206 1299.622 1298.038 1298.284 1299.296 1300.308 1301.32 1303.516 1310.859 1318.202 1325.545 1332.887 1341.757 1351.382 1361.006 1370.631 1380.499 1391.731 1402.964 1414.197 1425.43 1437.198 1449.277 1461.355 1473.434 1485.049 1493.102 1501.154 1509.207 1517.259 1524.042 1529.966 1535.892 1541.817 1547.867 1555.373 1562.879 1570.385 1577.891 1587.006 1597.378 1607.75 1618.123 1628.727 1644.483 1660.239 1675.994 1691.75 1709.236 1728.288 1747.34 1766.392 1785.429 1802.385 1819.341 1836.297
1334.22 1327.671 1321.148 1314.626 1308.104 1302.752 1301.477 1300.203 1298.928 1297.653 1298.025 1299.085 1300.146 1301.207 1303.429 1310.702 1317.974 1325.246 1332.519 1340.879 1349.777 1358.675 1367.574 1376.656 1386.778 1396.899 1407.021 1417.143 1428.27 1439.979 1451.689 1463.399 1474.705 1482.904 1491.103 1499.302 1507.501 1514.834 1521.583 1528.332 1535.081 1541.945 1550.145 1558.345 1566.545 1574.745 1584.536 1595.569 1606.603 1617.637 1628.923 1645.823 1662.723 1679.622 1696.522 1714.993 1734.885 1754.777 1774.67 1794.533 1810.432 1826.331 1842.229
1328.064 1322.269 1316.756 1311.243 1305.73 1301.227 1300.24 1299.253 1298.266 1297.278 1297.784 1298.914 1300.044 1301.175 1303.454 1310.729 1318.005 1325.28 1332.555 1340.461 1348.679 1356.898 1365.116 1373.462 1382.524 1391.586 1400.648 1409.711 1420.21 1431.541 1442.873 1454.204 1465.187 1473.488 1481.789 1490.09 1498.391 1506.24 1513.785 1521.331 1528.876 1536.531 1545.469 1554.406 1563.344 1572.282 1582.775 1594.485 1606.194 1617.904 1629.882 1647.819 1665.756 1683.693 1701.63 1720.954 1741.532 1762.111 1782.691 1803.228 1818.089 1832.951 1847.812
1332.499 1325.758 1319.334 1312.911 1306.487 1301.263 1300.216 1299.169 1298.122 1297.076 1297.85 1299.387 1300.924 1302.461 1305.294 1313.762 1322.23 1330.698 1339.166 1347.517 1355.812 1364.106 1372.4 1380.778 1389.629 1398.48 1407.331 1416.182 1426.263 1437.058 1447.852 1458.647 1469.083 1476.767 1484.45 1492.133 1499.816 1507.62 1515.507 1523.393 1531.28 1539.364 1549.75 1560.135 1570.52 1580.906 1592.545 1605.166 1617.786 1630.406 1643.226 1660.469 1677.713 1694.955 1712.198 1730.242 1749.01 1767.777 1786.546 1805.28 1819.426 1833.572 1847.718
1336.934 1329.247 1321.912 1314.578 1307.244 1301.298 1300.192 1299.086 1297.979 1296.873 1297.917 1299.86 1301.803 1303.747 1307.134 1316.794 1326.455 1336.116 1345.776 1354.573 1362.944 1371.314 1379.684 1388.094 1396.734 1405.373 1414.013 1422.652 1432.316 1442.574 1452.832 1463.09 1472.98 1480.045 1487.11 1494.175 1501.24 1509.0 1517.228 1525.456 1533.684 1542.197 1554.03 1565.863 1577.696 1589.529 1602.315 1615.846 1629.378 1642.909 1656.57 1673.119 1689.668 1706.217 1722.766 1739.529 1756.486 1773.443 1790.401 1807.333 1820.763 1834.193 1847.623
1341.369 1332.736 1324.491 1316.246 1308.0 1301.334 1300.168 1299.002 1297.836 1296.67 1297.983 1300.333 1302.683 1305.032 1308.973 1319.827 1330.68 1341.533 1352.387 1361.629 1370.076 1378.521 1386.967 1395.411 1403.839 1412.266 1420.694 1429.123 1438.369 1448.091 1457.812 1467.533 1476.877 1483.324 1489.771 1496.218 1502.665 1510.379 1518.949 1527.519 1536.088 1545.031 1558.311 1571.592 1584.872 1598.153 1612.085 1626.527 1640.969 1655.411 1669.914 1685.769 1701.624 1717.479 1733.334 1748.817 1763.963 1779.109 1794.256 1809.385 1822.099 1834.814 1847.529
1345.804 1336.225 1327.069 1317.913 1308.757 1301.37 1300.144 1298.918 1297.693 1296.467 1298.049 1300.805 1303.562 1306.318 1310.813 1322.859 1334.905 1346.952 1358.998 1368.686 1377.208 1385.73 1394.251 1402.727 1410.943 1419.16 1427.377 1435.594 1444.423 1453.607 1462.792 1471.976 1480.774 1486.603 1492.432 1498.261 1504.089 1511.759 1520.67 1529.581 1538.492 1547.864 1562.592 1577.32 1592.048 1606.776 1621.856 1637.208 1652.561 1667.914 1683.258 1698.419 1713.581 1728.742 1743.903 1758.105 1771.44 1784.776 1798.111 1811.437 1823.436 1835.435 1847.434
1355.38 1344.659 1334.159 1323.659 1313.16 1304.554 1302.544 1300.535 1298.525 1296.516 1297.994 1300.931 1303.868 1306.804 1311.592 1324.421 1337.25 1350.078 1362.907 1373.217 1382.282 1391.346 1400.411 1409.354 1417.623 1425.891 1434.159 1442.428 1451.163 1460.17 1469.177 1478.184 1486.835 1492.747 1498.659 1504.572 1510.484 1518.391 1527.643 1536.896 1546.149 1555.862 1570.932 1586.001 1601.071 1616.141 1631.159 1646.135 1661.112 1676.088 1691.029 1705.18 1719.33 1733.481 1747.631 1760.469 1772.121 1783.773 1795.425 1807.074 1818.326 1829.578 1840.831
1369.67 1357.625 1345.385 1333.145 1320.905 1310.624 1307.167 1303.71 1300.253 1296.796 1297.828 1300.738 1303.647 1306.557 1311.398 1324.634 1337.869 1351.105 1364.34 1375.434 1385.469 1395.504 1405.539 1415.351 1423.912 1432.473 1441.034 1449.595 1458.534 1467.693 1476.852 1486.01 1494.879 1501.518 1508.157 1514.796 1521.434 1529.838 1539.432 1549.026 1558.621 1568.595 1582.993 1597.39 1611.787 1626.185 1640.034 1653.455 1666.875 1680.296 1693.692 1706.541 1719.391 1732.24 1745.089 1756.487 1766.572 1776.656 1786.742 1796.829 1807.306 1817.783 1828.26
1383.959 1370.591 1356.611 1342.63 1328.65 1316.694 1311.789 1306.885 1301.98 1297.076 1297.662 1300.544 1303.427 1306.31 1311.205 1324.847 1338.489 1352.131 1365.773 1377.651 1388.657 1399.662 1410.667 1421.347 1430.201 1439.055 1447.908 1456.762 1465.905 1475.216 1484.526 1493.837 1502.923 1510.289 1517.654 1525.019 1532.384 1541.284 1551.22 1561.156 1571.092 1581.328 1595.053 1608.778 1622.503 1636.228 1648.91 1660.774 1672.639 1684.504 1696.354 1707.903 1719.451 1730.999 1742.547 1752.504 1761.022 1769.54 1778.058 1786.585 1796.287 1805.989 1815.69
1398.249 1383.558 1367.837 1352.116 1336.395 1322.764 1316.412 1310.06 1303.708 1297.356 1297.496 1300.351 1303.207 1306.062 1311.012 1325.06 1339.109 1353.158 1367.206 1379.868 1391.844 1403.82 1415.796 1427.344 1436.49 1445.637 1454.783 1463.93 1473.276 1482.739 1492.201 1501.663 1510.968 1519.06 1527.151 1535.243 1543.335 1552.732 1563.009 1573.286 1583.564 1594.061 1607.114 1620.167 1633.219 1646.272 1657.785 1668.094 1678.403 1688.711 1699.017 1709.264 1719.511 1729.758 1740.005 1748.521 1755.473 1762.424 1769.375 1776.34 1785.267 1794.193 1803.12
1412.538 1396.524 1379.062 1361.601 1344.14 1328.833 1321.034 1313.235 1305.435 1297.636 1297.329 1300.158 1302.986 1305.815 1310.818 1325.274 1339.729 1354.184 1368.639 1382.085 1395.031 1407.978 1420.924 1433.34 1442.779 1452.218 1461.658 1471.097 1480.647 1490.261 1499.875 1509.49 1519.012 1527.83 1536.649 1545.467 1554.285 1564.178 1574.797 1585.416 1596.035 1606.794 1619.174 1631.555 1643.935 1656.316 1666.661 1675.413 1684.166 1692.919 1701.68 1710.626 1719.572 1728.518 1737.464 1744.539 1749.923 1755.307 1760.692 1766.096 1774.247 1782.399 1790.55
1423.091 1406.541 1388.312 1370.083 1351.854 1335.57 1326.067 1316.564 1307.06 1297.557 1296.431 1298.811 1301.19 1303.569 1308.076 1321.826 1335.577 1349.327 1363.078 1376.668 1390.179 1403.689 1417.2 1430.156 1439.994 1449.833 1459.672 1469.511 1479.415 1489.358 1499.3 1509.242 1519.139 1528.69 1538.24 1547.789 1557.339 1567.419 1577.856 1588.293 1598.73 1609.241 1620.612 1631.984 1643.355 1654.727 1663.987 1671.595 1679.203 1686.812 1694.412 1701.838 1709.264 1716.689 1724.115 1729.957 1734.368 1738.778 1743.189 1747.628 1756.008 1764.389 1772.769
1433.588 1416.515 1397.532 1378.549 1359.566 1342.317 1331.106 1319.895 1308.684 1297.473 1295.522 1297.446 1299.37 1301.294 1305.296 1318.325 1331.355 1344.384 1357.414 1371.139 1385.208 1399.277 1413.346 1426.836 1437.076 1447.316 1457.556 1467.796 1478.057 1488.33 1498.603 1508.876 1519.15 1529.432 1539.714 1549.996 1560.278 1570.539 1580.786 1591.033 1601.28 1611.536 1621.894 1632.252 1642.61 1652.967 1661.144 1667.614 1674.083 1680.553 1686.998 1692.901 1698.803 1704.706 1710.608 1715.22 1718.665 1722.111 1725.556 1729.039 1737.664 1746.288 1754.913
1444.085 1426.489 1406.752 1387.016 1367.279 1349.064 1336.145 1323.226 1310.307 1297.389 1294.614 1296.082 1297.551 1299.019 1302.515 1314.824 1327.132 1339.441 1351.749 1365.609 1380.237 1394.864 1409.491 1423.516 1434.157 1444.799 1455.44 1466.081 1476.699 1487.303 1497.906 1508.51 1519.161 1530.175 1541.189 1552.202 1563.216 1573.659 1583.716 1593.774 1603.831 1613.832 1623.176 1632.52 1641.864 1651.208 1658.3 1663.632 1668.963 1674.294 1679.584 1683.963 1688.343 1692.721 1697.1 1700.482 1702.963 1705.443 1707.924 1710.45 1719.318 1728.187 1737.055
1454.582 1436.462 1415.972 1395.482 1374.992 1355.81 1341.184 1326.557 1311.931 1297.304 1293.705 1294.718 1295.731 1296.744 1299.735 1311.323 1322.91 1334.498 1346.085 1360.08 1375.266 1390.452 1405.637 1420.197 1431.239 1442.281 1453.324 1464.367 1475.341 1486.275 1497.209 1508.144 1519.172 1530.918 1542.663 1554.409 1566.154 1576.778 1586.646 1596.514 1606.382 1616.128 1624.458 1632.788 1641.118 1649.448 1655.457 1659.65 1663.843 1668.036 1672.171 1675.026 1677.882 1680.738 1683.593 1685.745 1687.26 1688.776 1690.291 1691.861 1700.974 1710.086 1719.199
1463.28 1444.755 1423.676 1402.598 1381.52 1361.616 1345.801 1329.986 1314.17 1298.355 1293.819 1294.001 1294.184 1294.367 1296.534 1307.325 1318.115 1328.906 1339.697 1353.659 1369.189 1384.718 1400.248 1415.151 1426.534 1437.917 1449.299 1460.682 1471.838 1482.862 1493.886 1504.91 1516.073 1528.305 1540.536 1552.767 1564.999 1575.89 1585.877 1595.865 1605.852 1615.637 1623.071 1630.504 1637.937 1645.37 1650.275 1653.203 1656.131 1659.058 1661.934 1663.656 1665.378 1667.1 1668.822 1670.305 1671.571 1672.838 1674.104 1675.432 1685.188 1694.943 1704.699
1469.771 1450.985 1429.521 1408.058 1386.596 1366.269 1349.901 1333.533 1317.164 1300.796 1295.187 1294.079 1292.972 1291.864 1292.816 1302.718 1312.619 1322.521 1332.423 1346.144 1361.756 1377.367 1392.978 1407.99 1419.638 1431.287 1442.935 1454.584 1465.706 1476.524 1487.342 1498.16 1509.162 1521.578 1533.994 1546.41 1558.825 1570.089 1580.575 1591.061 1601.547 1611.732 1618.412 1625.091 1631.771 1638.45 1642.228 1643.735 1645.243 1646.75 1648.238 1649.304 1650.37 1651.436 1652.502 1654.004 1655.899 1657.794 1659.69 1661.65 1672.539 1683.428 1694.316
1476.263 1457.215 1435.367 1413.519 1391.671 1370.922 1354.001 1337.08 1320.158 1303.237 1296.555 1294.157 1291.759 1289.361 1289.098 1298.11 1307.123 1316.135 1325.148 1338.63 1354.323 1370.015 1385.707 1400.829 1412.743 1424.657 1436.571 1448.485 1459.575 1470.187 1480.799 1491.411 1502.251 1514.852 1527.452 1540.052 1552.652 1564.288 1575.272 1586.258 1597.242 1607.827 1613.753 1619.679 1625.605 1631.531 1634.18 1634.267 1634.354 1634.441 1634.542 1634.952 1635.362 1635.771 1636.181 1637.702 1640.226 1642.75 1645.275 1647.867 1659.889 1671.911 1683.933
1482.755 1463.445 1441.212 1418.979 1396.747 1375.575 1358.101 1340.627 1323.152 1305.678 1297.924 1294.235 1290.547 1286.859 1285.38 1293.504 1301.627 1309.75 1317.874 1331.115 1346.89 1362.663 1378.437 1393.668 1405.847 1418.027 1430.206 1442.386 1453.443 1463.849 1474.255 1484.661 1495.341 1508.126 1520.91 1533.694 1546.479 1558.486 1569.97 1581.454 1592.938 1603.922 1609.094 1614.266 1619.439 1624.611 1626.133 1624.799 1623.466 1622.132 1620.846 1620.6 1620.354 1620.108 1619.861 1621.401 1624.554 1627.707 1630.86 1634.085 1647.24 1660.396 1673.55
1489.246 1469.676 1447.057 1424.44 1401.822 1380.228 1362.201 1344.174 1326.146 1308.119 1299.292 1294.313 1289.335 1284.356 1281.662 1288.896 1296.131 1303.365 1310.599 1323.601 1339.457 1355.312 1371.167 1386.507 1398.952 1411.397 1423.842 1436.288 1447.312 1457.512 1467.712 1477.911 1488.43 1501.399 1514.368 1527.337 1540.306 1552.685 1564.668 1576.65 1588.633 1600.016 1604.435 1608.854 1613.273 1617.691 1618.085 1615.331 1612.578 1609.824 1607.15 1606.248 1605.346 1604.443 1603.541 1605.099 1608.881 1612.664 1616.446 1620.303 1634.592 1648.88 1663.168
1489.036 1469.655 1447.271 1424.887 1402.503 1381.078 1362.993 1344.908 1326.822 1308.737 1299.088 1292.967 1286.847 1280.727 1276.839 1282.654 1288.469 1294.285 1300.1 1312.137 1327.252 1342.367 1357.482 1372.314 1385.559 1398.805 1412.051 1425.296 1437.035 1447.9 1458.765 1469.63 1480.712 1493.454 1506.197 1518.939 1531.681 1544.108 1556.322 1568.536 1580.75 1592.308 1596.24 1600.173 1604.105 1608.037 1607.529 1603.548 1599.567 1595.586 1591.772 1591.669 1591.566 1591.463 1591.36 1594.075 1599.338 1604.6 1609.863 1615.202 1631.153 1647.104 1663.055
1488.188 1469.039 1446.947 1424.856 1402.766 1381.566 1363.47 1345.374 1327.277 1309.181 1298.733 1291.485 1284.237 1276.99 1271.91 1276.256 1280.602 1284.948 1289.294 1300.298 1314.594 1328.89 1343.186 1357.452 1371.549 1385.646 1399.742 1413.839 1426.364 1437.977 1449.59 1461.204 1472.917 1485.393 1497.87 1510.347 1522.823 1535.266 1547.686 1560.106 1572.526 1584.237 1587.709 1591.18 1594.652 1598.123 1596.734 1591.544 1586.354 1581.164 1576.234 1577.069 1577.904 1578.739 1579.574 1583.555 1590.378 1597.202 1604.026 1610.928 1628.592 1646.256 1663.92
1487.339 1468.423 1446.624 1424.826 1403.028 1382.053 1363.946 1345.839 1327.732 1309.625 1298.379 1290.004 1281.628 1273.252 1266.981 1269.858 1272.735 1275.612 1278.488 1288.458 1301.935 1315.413 1328.89 1342.59 1357.538 1372.485 1387.433 1402.382 1415.692 1428.054 1440.415 1452.777 1465.121 1477.332 1489.543 1501.754 1513.965 1526.424 1539.05 1551.676 1564.302 1576.167 1579.177 1582.188 1585.198 1588.209 1585.939 1579.54 1573.141 1566.742 1560.696 1562.469 1564.242 1566.015 1567.788 1573.033 1581.419 1589.804 1598.19 1606.654 1626.031 1645.409 1664.786
1486.491 1467.807 1446.301 1424.796 1403.29 1382.541 1364.423 1346.305 1328.187 1310.069 1298.025 1288.522 1279.019 1269.515 1262.053 1263.46 1264.868 1266.275 1267.683 1276.618 1289.277 1301.936 1314.595 1327.728 1343.527 1359.326 1375.125 1390.924 1405.021 1418.131 1431.24 1444.35 1457.326 1469.272 1481.217 1493.162 1505.107 1517.582 1530.414 1543.246 1556.078 1568.096 1570.646 1573.196 1575.745 1578.295 1575.145 1567.537 1559.929 1552.321 1545.158 1547.869 1550.58 1553.291 1556.001 1562.512 1572.459 1582.406 1592.353 1602.38 1623.471 1644.561 1665.651
1480.805 1462.6 1441.778 1420.958 1400.138 1379.992 1362.196 1344.401 1326.605 1308.809 1296.193 1285.744 1275.295 1264.846 1256.374 1256.494 1256.614 1256.734 1256.854 1264.728 1276.437 1288.147 1299.856 1312.264 1328.593 1344.922 1361.252 1377.582 1392.393 1406.325 1420.256 1434.188 1447.902 1459.946 1471.989 1484.032 1496.075 1508.573 1521.378 1534.184 1546.989 1558.959 1561.215 1563.472 1565.728 1567.985 1564.452 1556.393 1548.334 1540.275 1532.721 1536.372 1540.023 1543.674 1547.324 1555.06 1566.488 1577.917 1589.346 1600.852 1622.967 1645.082 1667.197
1467.12 1449.798 1430.311 1410.824 1391.337 1372.422 1355.5 1338.577 1321.654 1304.731 1291.917 1280.823 1269.729 1258.635 1249.453 1248.587 1247.72 1246.853 1245.986 1252.754 1263.298 1273.842 1284.386 1295.804 1312.134 1328.463 1344.792 1361.122 1376.531 1391.406 1406.281 1421.155 1435.785 1448.528 1461.27 1474.013 1486.755 1499.289 1511.682 1524.076 1536.469 1548.058 1550.298 1552.538 1554.779 1557.019 1553.93 1546.673 1539.416 1532.159 1525.414 1530.008 1534.602 1539.196 1543.79 1552.683 1565.461 1578.24 1591.019 1603.864 1625.865 1647.866 1669.867
