data/zism_data/00991_01_D.txt
ncols         224
nrows         224
[rows 112 to 139 of 224, columns 126 to 188 of 224]
2002.553 2016.73 2030.907 2042.678 2054.26 2065.841 2077.423 2085.541 2087.819 2090.096 2092.373 2094.651 2094.614 2094.06 2093.507 2092.953 2091.299 2086.554 2081.809 2077.065 2072.32 2064.562 2055.56 2046.559 2037.557 2028.599 2019.884 2011.168 2002.452 1993.736 1985.768 1978.3 1970.833 1963.365 1956.052 1952.111 1948.17 1944.229 1940.288 1936.028 1931.434 1926.84 1922.245 1917.651 1911.546 1905.333 1899.121 1892.909 1885.75 1877.041 1868.332 1859.623 1850.914 1841.296 1831.485 1821.674 1811.862 1800.728 1786.018 1771.309 1756.599 1741.889 1723.707
1998.877 2014.29 2029.702 2042.16 2054.385 2066.61 2078.836 2087.437 2089.927 2092.418 2094.908 2097.399 2097.332 2096.694 2096.056 2095.418 2093.74 2089.141 2084.542 2079.943 2075.345 2067.731 2058.873 2050.016 2041.158 2032.023 2021.352 2010.681 2000.01 1989.339 1980.033 1971.645 1963.255 1954.867 1946.71 1943.632 1940.553 1937.475 1934.396 1930.91 1926.997 1923.085 1919.172 1915.259 1909.287 1903.171 1897.054 1890.937 1883.885 1875.305 1866.725 1858.145 1849.565 1840.493 1831.316 1822.14 1812.963 1802.632 1789.183 1775.734 1762.285 1748.836 1730.974
1995.764 2011.284 2026.804 2038.776 2050.469 2062.162 2073.855 2082.124 2084.62 2087.115 2089.611 2092.107 2091.936 2091.169 2090.402 2089.635 2087.916 2083.527 2079.138 2074.749 2070.36 2063.059 2054.556 2046.053 2037.551 2028.5 2016.42 2004.34 1992.26 1980.18 1970.242 1961.74 1953.238 1944.736 1936.519 1934.51 1932.502 1930.494 1928.485 1925.593 1921.777 1917.961 1914.146 1910.33 1904.098 1897.696 1891.294 1884.893 1877.784 1869.522 1861.259 1852.996 1844.733 1836.253 1827.727 1819.201 1810.676 1801.221 1789.256 1777.291 1765.326 1753.361 1736.172
1992.651 2008.278 2023.906 2035.392 2046.553 2057.713 2068.874 2076.811 2079.312 2081.813 2084.314 2086.816 2086.54 2085.644 2084.748 2083.852 2082.093 2077.914 2073.735 2069.555 2065.376 2058.387 2050.239 2042.092 2033.944 2024.977 2011.489 1998.0 1984.511 1971.022 1960.45 1951.836 1943.221 1934.606 1926.327 1925.389 1924.451 1923.513 1922.574 1920.276 1916.557 1912.838 1909.119 1905.4 1898.909 1892.222 1885.535 1878.848 1871.684 1863.738 1855.793 1847.847 1839.901 1832.014 1824.139 1816.263 1808.388 1799.809 1789.329 1778.848 1768.367 1757.887 1741.37
1989.538 2005.273 2021.007 2032.008 2042.637 2053.265 2063.893 2071.498 2074.004 2076.511 2079.018 2081.524 2081.144 2080.118 2079.094 2078.068 2076.27 2072.3 2068.331 2064.361 2060.391 2053.715 2045.922 2038.13 2030.337 2021.455 2006.557 1991.659 1976.761 1961.863 1950.659 1941.931 1933.203 1924.475 1916.136 1916.268 1916.4 1916.531 1916.663 1914.959 1911.337 1907.715 1904.093 1900.471 1893.719 1886.747 1879.776 1872.804 1865.583 1857.954 1850.326 1842.698 1835.07 1827.774 1820.55 1813.325 1806.101 1798.398 1789.401 1780.405 1771.408 1762.412 1746.568
1986.424 2002.267 2018.109 2028.625 2038.72 2048.816 2058.912 2066.185 2068.697 2071.209 2073.721 2076.233 2075.748 2074.594 2073.439 2072.285 2070.447 2066.687 2062.927 2059.167 2055.407 2049.043 2041.605 2034.167 2026.73 2017.932 2001.626 1985.319 1969.012 1952.705 1940.867 1932.027 1923.186 1914.345 1905.944 1907.146 1908.349 1909.551 1910.753 1909.643 1906.117 1902.592 1899.067 1895.541 1888.53 1881.273 1874.016 1866.759 1859.482 1852.171 1844.86 1837.549 1830.238 1823.535 1816.961 1810.387 1803.813 1796.986 1789.474 1781.962 1774.449 1766.937 1751.766
1986.905 2001.471 2016.036 2025.51 2034.582 2043.654 2052.727 2059.086 2060.869 2062.652 2064.435 2066.218 2065.491 2064.203 2062.915 2061.627 2059.83 2056.602 2053.375 2050.147 2046.92 2040.638 2033.097 2025.556 2018.015 2009.198 1993.334 1977.47 1961.606 1945.742 1934.58 1926.571 1918.562 1910.553 1902.955 1904.324 1905.694 1907.064 1908.434 1907.269 1903.457 1899.645 1895.833 1892.021 1884.165 1876.025 1867.884 1859.744 1851.687 1843.768 1835.848 1827.928 1820.009 1812.995 1806.174 1799.353 1792.532 1785.757 1779.107 1772.458 1765.808 1759.158 1745.047
1987.924 2001.006 2014.087 2022.435 2030.41 2038.386 2046.361 2051.719 2052.663 2053.607 2054.551 2055.496 2054.505 2053.083 2051.66 2050.238 2048.494 2045.848 2043.201 2040.554 2037.908 2031.674 2023.961 2016.247 2008.534 1999.682 1984.538 1969.395 1954.252 1939.109 1928.818 1921.782 1914.747 1907.711 1901.045 1902.448 1903.849 1905.251 1906.653 1905.337 1901.181 1897.025 1892.869 1888.713 1879.924 1870.811 1861.697 1852.583 1843.639 1834.972 1826.304 1817.637 1808.97 1801.51 1794.308 1787.105 1779.902 1773.056 1767.175 1761.295 1755.414 1749.533 1736.542
1988.943 2000.541 2012.138 2019.36 2026.239 2033.117 2039.995 2044.352 2044.457 2044.562 2044.667 2044.773 2043.519 2041.962 2040.406 2038.849 2037.158 2035.093 2033.027 2030.961 2028.895 2022.709 2014.824 2006.938 1999.053 1990.165 1975.743 1961.32 1946.897 1932.475 1923.056 1916.994 1910.932 1904.87 1899.136 1900.57 1902.005 1903.439 1904.873 1903.405 1898.905 1894.405 1889.904 1885.404 1875.684 1865.596 1855.509 1845.422 1835.59 1826.175 1816.76 1807.346 1797.931 1790.026 1782.441 1774.856 1767.272 1760.355 1755.243 1750.131 1745.02 1739.908 1728.035
1989.963 2000.076 2010.189 2016.286 2022.067 2027.848 2033.629 2036.985 2036.251 2035.517 2034.784 2034.05 2032.533 2030.842 2029.151 2027.46 2025.823 2024.338 2022.853 2021.368 2019.883 2013.745 2005.687 1997.63 1989.572 1980.649 1966.947 1953.245 1939.543 1925.841 1917.294 1912.206 1907.117 1902.028 1897.227 1898.693 1900.16 1901.627 1903.093 1901.473 1896.629 1891.784 1886.94 1882.095 1871.443 1860.382 1849.322 1838.261 1827.541 1817.379 1807.217 1797.055 1786.892 1778.541 1770.575 1762.608 1754.642 1747.654 1743.311 1738.968 1734.626 1730.283 1719.53
1989.445 1998.441 2007.437 2012.55 2017.358 2022.166 2026.973 2029.409 2027.845 2026.282 2024.718 2023.154 2021.27 2019.313 2017.357 2015.4 2013.705 2012.741 2011.778 2010.815 2009.851 2003.737 1995.498 1987.26 1979.021 1970.081 1957.267 1944.452 1931.637 1918.822 1911.206 1907.076 1902.947 1898.817 1894.941 1896.594 1898.247 1899.9 1901.553 1900.048 1895.245 1890.442 1885.638 1880.835 1869.599 1857.911 1846.223 1834.535 1823.034 1811.839 1800.645 1789.45 1778.255 1769.164 1760.52 1751.876 1743.232 1735.833 1731.801 1727.768 1723.736 1719.703 1709.759
1985.852 1994.466 2003.08 2007.493 2011.575 2015.656 2019.738 2021.416 2019.04 2016.664 2014.289 2011.913 2009.449 2006.965 2004.482 2001.998 2000.02 1999.46 1998.901 1998.34 1997.781 1991.643 1983.206 1974.768 1966.331 1957.409 1945.815 1934.221 1922.627 1911.033 1904.464 1901.264 1898.065 1894.866 1891.901 1894.048 1896.196 1898.344 1900.492 1899.637 1895.646 1891.654 1887.663 1883.672 1872.55 1860.926 1849.303 1837.679 1825.61 1812.813 1800.016 1787.218 1774.421 1764.003 1754.089 1744.176 1734.263 1725.774 1721.134 1716.493 1711.853 1707.213 1697.457
1982.259 1990.491 1998.724 2002.436 2005.791 2009.147 2012.503 2013.423 2010.235 2007.047 2003.859 2000.672 1997.629 1994.618 1991.608 1988.597 1986.337 1986.18 1986.023 1985.867 1985.71 1979.549 1970.913 1962.277 1953.64 1944.737 1934.364 1923.991 1913.617 1903.244 1897.721 1895.452 1893.183 1890.914 1888.861 1891.503 1894.146 1896.788 1899.43 1899.226 1896.047 1892.867 1889.688 1886.509 1875.5 1863.941 1852.382 1840.823 1828.186 1813.786 1799.387 1784.987 1770.587 1758.841 1747.659 1736.476 1725.294 1715.715 1710.467 1705.219 1699.971 1694.723 1685.156
1978.666 1986.517 1994.367 1997.378 2000.008 2002.638 2005.267 2005.429 2001.429 1997.43 1993.43 1989.43 1985.808 1982.271 1978.733 1975.196 1972.653 1972.899 1973.146 1973.393 1973.639 1967.456 1958.62 1949.785 1940.949 1932.065 1922.913 1913.76 1904.607 1895.455 1890.979 1889.64 1888.302 1886.963 1885.82 1888.958 1892.095 1895.232 1898.369 1898.815 1896.447 1894.08 1891.713 1889.346 1878.451 1866.956 1855.462 1843.968 1830.762 1814.76 1798.758 1782.755 1766.753 1753.679 1741.228 1728.776 1716.325 1705.655 1699.799 1693.944 1688.088 1682.232 1672.854
1975.073 1982.542 1990.011 1992.321 1994.225 1996.128 1998.032 1997.436 1992.624 1987.813 1983.001 1978.189 1973.988 1969.924 1965.859 1961.795 1958.969 1959.619 1960.269 1960.919 1961.569 1955.362 1946.328 1937.293 1928.259 1919.393 1911.461 1903.53 1895.598 1887.666 1884.237 1883.828 1883.42 1883.012 1882.781 1886.412 1890.044 1893.676 1897.308 1898.403 1896.848 1895.293 1893.738 1892.182 1881.401 1869.971 1858.542 1847.112 1833.338 1815.733 1798.129 1780.524 1762.919 1748.518 1734.797 1721.077 1707.356 1695.596 1689.133 1682.669 1676.206 1669.743 1660.553
1970.586 1977.643 1984.7 1986.374 1987.625 1988.876 1990.126 1988.85 1983.312 1977.774 1972.236 1966.698 1961.713 1956.851 1951.989 1947.128 1943.859 1945.058 1946.257 1947.456 1948.655 1943.311 1935.27 1927.228 1919.186 1911.134 1903.021 1894.908 1886.795 1878.682 1875.24 1874.93 1874.62 1874.311 1874.221 1878.922 1883.623 1888.324 1893.025 1895.173 1894.652 1894.132 1893.612 1893.091 1883.215 1872.682 1862.148 1851.614 1838.374 1820.71 1803.046 1785.382 1767.717 1752.351 1737.473 1722.595 1707.716 1694.686 1686.651 1678.615 1670.58 1662.544 1653.216
1965.871 1972.508 1979.146 1980.202 1980.818 1981.434 1982.05 1980.113 1973.87 1967.628 1961.385 1955.143 1949.322 1943.594 1937.867 1932.139 1928.386 1930.171 1931.957 1933.742 1935.527 1931.272 1924.526 1917.781 1911.035 1903.997 1895.346 1886.696 1878.045 1869.395 1865.669 1865.246 1864.824 1864.401 1864.256 1870.173 1876.089 1882.006 1887.922 1891.224 1891.796 1892.367 1892.938 1893.51 1884.74 1875.314 1865.888 1856.463 1844.036 1826.705 1809.375 1792.044 1774.713 1758.474 1742.466 1726.459 1710.451 1696.106 1686.253 1676.4 1666.547 1656.693 1647.144
1961.156 1967.374 1973.592 1974.029 1974.01 1973.992 1973.973 1971.376 1964.429 1957.482 1950.535 1943.588 1936.93 1930.337 1923.744 1917.151 1912.913 1915.284 1917.656 1920.027 1922.399 1919.232 1913.783 1908.333 1902.883 1896.86 1887.672 1878.484 1869.295 1860.107 1856.097 1855.562 1855.027 1854.491 1854.292 1861.423 1868.555 1875.687 1882.819 1887.276 1888.939 1890.602 1892.265 1893.928 1886.265 1877.947 1869.629 1861.311 1849.698 1832.701 1815.704 1798.706 1781.709 1764.596 1747.46 1730.323 1713.186 1697.526 1685.855 1674.184 1662.513 1650.842 1641.072
1956.441 1962.24 1968.038 1967.856 1967.203 1966.55 1965.897 1962.639 1954.987 1947.336 1939.685 1932.033 1924.539 1917.08 1909.621 1902.162 1897.441 1900.398 1903.356 1906.313 1909.271 1907.193 1903.039 1898.886 1894.732 1889.724 1879.998 1870.272 1860.546 1850.819 1846.527 1845.878 1845.23 1844.582 1844.327 1852.674 1861.021 1869.368 1877.715 1883.328 1886.082 1888.837 1891.591 1894.346 1887.79 1880.58 1873.369 1866.159 1855.36 1838.697 1822.033 1805.369 1788.704 1770.719 1752.453 1734.187 1715.921 1698.945 1685.457 1671.968 1658.48 1644.992 1635.0
1951.631 1957.035 1962.438 1961.744 1960.57 1959.396 1958.222 1954.417 1946.176 1937.935 1929.695 1921.454 1913.079 1904.674 1896.269 1887.865 1882.516 1885.741 1888.967 1892.192 1895.417 1894.23 1891.224 1888.217 1885.211 1881.147 1871.24 1861.334 1851.428 1841.522 1837.118 1836.404 1835.691 1834.977 1834.705 1844.077 1853.449 1862.82 1872.192 1878.816 1882.57 1886.323 1890.077 1893.831 1888.1 1881.703 1875.306 1868.909 1858.778 1842.545 1826.311 1810.077 1793.843 1775.264 1756.187 1737.11 1718.033 1700.028 1684.917 1669.805 1654.694 1639.583 1629.438
1946.555 1951.63 1956.705 1955.803 1954.43 1953.057 1951.684 1947.656 1939.152 1930.648 1922.143 1913.639 1904.258 1894.68 1885.103 1875.526 1869.147 1871.737 1874.328 1876.919 1879.509 1878.651 1876.37 1874.09 1871.81 1868.488 1859.416 1850.343 1841.27 1832.198 1828.17 1827.526 1826.883 1826.239 1826.055 1835.911 1845.767 1855.622 1865.478 1872.71 1877.2 1881.691 1886.181 1890.671 1884.969 1878.551 1872.132 1865.714 1855.837 1840.308 1824.778 1809.249 1793.72 1775.34 1756.354 1737.369 1718.383 1700.155 1683.974 1667.792 1651.611 1635.43 1625.322
1941.479 1946.226 1950.973 1949.862 1948.29 1946.718 1945.146 1940.895 1932.128 1923.36 1914.592 1905.824 1895.436 1884.686 1873.937 1863.187 1855.777 1857.733 1859.689 1861.645 1863.601 1863.071 1861.517 1859.963 1858.408 1855.829 1847.59 1839.351 1831.112 1822.873 1819.222 1818.648 1818.074 1817.501 1817.405 1827.745 1838.084 1848.424 1858.764 1866.603 1871.83 1877.058 1882.285 1887.512 1881.838 1875.398 1868.958 1862.518 1852.895 1838.071 1823.246 1808.421 1793.596 1775.415 1756.521 1737.627 1718.733 1700.282 1683.031 1665.779 1648.528 1631.276 1621.206
1936.402 1940.821 1945.24 1943.921 1942.15 1940.379 1938.608 1934.135 1925.103 1916.072 1907.04 1898.009 1886.615 1874.693 1862.771 1850.849 1842.407 1843.729 1845.05 1846.371 1847.693 1847.492 1846.664 1845.835 1845.007 1843.171 1835.765 1828.36 1820.954 1813.549 1810.274 1809.77 1809.266 1808.763 1808.755 1819.579 1830.402 1841.226 1852.05 1860.497 1866.461 1872.425 1878.389 1884.353 1878.707 1872.246 1865.784 1859.323 1849.954 1835.834 1821.714 1807.593 1793.473 1775.49 1756.688 1737.885 1719.083 1700.41 1682.088 1663.766 1645.445 1627.123 1617.091
1931.326 1935.417 1939.508 1937.98 1936.01 1934.04 1932.07 1927.374 1918.079 1908.784 1899.489 1890.194 1877.793 1864.698 1851.604 1838.51 1829.037 1829.724 1830.411 1831.098 1831.785 1831.913 1831.81 1831.708 1831.606 1830.512 1823.94 1817.368 1810.796 1804.224 1801.326 1800.892 1800.458 1800.024 1800.105 1811.412 1822.72 1834.028 1845.336 1854.39 1861.091 1867.792 1874.493 1881.193 1875.576 1869.093 1862.61 1856.127 1847.012 1833.597 1820.181 1806.765 1793.349 1775.566 1756.855 1738.143 1719.432 1700.537 1681.145 1661.753 1642.361 1622.969 1612.975
1927.455 1931.168 1934.88 1933.184 1931.062 1928.939 1926.817 1921.902 1912.277 1902.653 1893.028 1883.403 1870.357 1856.546 1842.735 1828.924 1818.567 1817.899 1817.23 1816.561 1815.893 1815.673 1815.638 1815.603 1815.568 1814.7 1809.23 1803.761 1798.292 1792.822 1790.802 1791.097 1791.392 1791.686 1792.475 1804.04 1815.606 1827.172 1838.738 1847.81 1854.277 1860.744 1867.211 1873.678 1868.026 1861.521 1855.017 1848.512 1839.421 1826.102 1812.783 1799.464 1786.144 1768.546 1750.039 1731.532 1713.026 1694.424 1675.568 1656.711 1637.855 1618.998 1609.448
1924.043 1927.357 1930.672 1928.822 1926.565 1924.309 1922.052 1916.92 1906.941 1896.961 1886.981 1877.002 1863.446 1849.092 1834.739 1820.385 1809.199 1806.901 1804.603 1802.305 1800.007 1799.182 1798.964 1798.746 1798.529 1797.69 1793.426 1789.161 1784.896 1780.631 1779.681 1780.954 1782.227 1783.5 1785.232 1796.97 1808.708 1820.446 1832.183 1841.049 1846.914 1852.779 1858.644 1864.509 1858.797 1852.27 1845.744 1839.218 1830.063 1816.609 1803.155 1789.702 1776.248 1758.83 1740.571 1722.311 1704.052 1685.941 1668.229 1650.518 1632.807 1615.096 1606.145
1920.631 1923.547 1926.464 1924.46 1922.069 1919.678 1917.286 1911.938 1901.604 1891.269 1880.935 1870.6 1856.536 1841.639 1826.742 1811.845 1799.831 1795.903 1791.976 1788.048 1784.121 1782.69 1782.29 1781.889 1781.489 1780.68 1777.62 1774.56 1771.499 1768.439 1768.558 1770.81 1773.062 1775.314 1777.99 1789.899 1801.809 1813.719 1825.629 1834.288 1839.551 1844.813 1850.076 1855.338 1849.567 1843.019 1836.471 1829.924 1820.704 1807.116 1793.528 1779.94 1766.351 1749.114 1731.102 1713.09 1695.078 1677.456 1660.891 1644.325 1627.76 1611.194 1602.842
1917.218 1919.737 1922.255 1920.098 1917.572 1915.047 1912.521 1906.957 1896.267 1885.578 1874.888 1864.199 1849.626 1834.186 1818.745 1803.306 1790.463 1784.906 1779.349 1773.792 1768.235 1766.199 1765.616 1765.033 1764.449 1763.671 1761.815 1759.959 1758.103 1756.247 1757.436 1760.667 1763.898 1767.129 1770.747 1782.829 1794.911 1806.993 1819.075 1827.527 1832.188 1836.848 1841.508 1846.168 1840.337 1833.768 1827.199 1820.63 1811.345 1797.623 1783.9 1770.178 1756.455 1739.398 1721.634 1703.869 1686.104 1668.973 1653.552 1638.132 1622.712 1607.292 1599.539
