data/zism_data/00997_04_D.txt
ncols         224
nrows         224
[rows 112 to 139 of 224, columns 0 to 63 of 224]
331.8884 335.0729 338.2576 339.9596 339.9472 339.9349 339.9226 339.9103 339.3538 338.7547 338.1556 337.5565 337.4216 338.0085 338.5955 339.1825 339.7695 336.6709 332.9477 329.2244 325.5012 321.744 317.9144 314.0848 310.2553 306.4256 304.6282 303.3952 302.1622 300.9292 300.0894 300.4522 300.815 301.1779 301.5407 302.5692 303.8696 305.1699 306.4702 307.8812 309.8181 311.755 313.6919 315.6287 317.2518 318.6967 320.1415 321.5864 323.1134 325.3686 327.6237 329.8789 332.134 334.0437 335.6877 337.3317 338.9757 340.5973 341.4659 342.3346 343.2032 344.0719 345.2397 346.7154
334.88 338.1888 341.4976 343.7344 344.7319 345.7293 346.7267 347.7242 347.7967 347.7969 347.7972 347.7975 347.5752 347.0066 346.4381 345.8696 345.3011 341.6472 337.4704 333.2935 329.1167 324.9145 320.6585 316.4023 312.1462 307.89 305.7632 304.2278 302.6925 301.1571 300.1586 300.8022 301.4458 302.0894 302.733 304.1382 305.8543 307.5703 309.2864 311.0916 313.3201 315.5485 317.777 320.0054 321.655 322.9756 324.2963 325.617 327.016 329.1092 331.2023 333.2954 335.3885 337.1607 338.6859 340.2112 341.7364 343.2384 343.9612 344.6841 345.4069 346.1298 347.1678 348.5301
337.8716 341.3046 344.7376 347.5093 349.5165 351.5237 353.5309 355.538 356.2396 356.8392 357.4388 358.0384 357.7288 356.0047 354.2807 352.5566 350.8326 346.6234 341.9931 337.3626 332.7323 328.0851 323.4025 318.7198 314.0371 309.3544 306.8982 305.0605 303.2227 301.385 300.2278 301.1521 302.0765 303.0009 303.9253 305.7071 307.839 309.9708 312.1026 314.3019 316.822 319.342 321.8621 324.3821 326.0581 327.2546 328.451 329.6475 330.9185 332.8497 334.7808 336.712 338.6432 340.2778 341.6842 343.0906 344.497 345.8795 346.4565 347.0336 347.6107 348.1877 349.0959 350.3448
340.8633 344.4204 347.9776 351.2842 354.3011 357.318 360.335 363.3518 364.6825 365.8815 367.0804 368.2794 367.8823 365.0028 362.1233 359.2437 356.3642 351.5997 346.5158 341.4317 336.3478 331.2557 326.1465 321.0372 315.9281 310.8188 308.0332 305.8931 303.753 301.6129 300.2969 301.5021 302.7073 303.9124 305.1176 307.2761 309.8237 312.3712 314.9189 317.5123 320.324 323.1356 325.9472 328.7588 330.4612 331.5335 332.6058 333.6781 334.821 336.5902 338.3594 340.1286 341.8978 343.3948 344.6824 345.9701 347.2577 348.5205 348.9518 349.3831 349.8144 350.2456 351.024 352.1595
343.5121 347.164 350.816 354.6364 358.6519 362.6671 366.6826 370.6979 372.6281 374.3954 376.1628 377.9301 377.4459 373.4597 369.4736 365.4873 361.5011 356.1859 350.6456 345.1052 339.5649 334.0406 328.5513 323.0617 317.5723 312.0828 309.0108 306.6102 304.2097 301.8091 300.3671 301.8571 303.3472 304.8372 306.3272 308.8624 311.8242 314.7859 317.7477 320.7324 323.8266 326.9207 330.0149 333.1089 334.8412 335.7996 336.758 337.7164 338.7407 340.3482 341.9557 343.5632 345.1707 346.5317 347.703 348.8744 350.0457 351.1916 351.4824 351.7732 352.064 352.3548 353.004 354.0221
340.59 343.8585 347.1271 351.1201 355.9509 360.7816 365.6124 370.443 372.4925 374.3245 376.1567 377.9887 377.4215 373.1221 368.8228 364.5233 360.2239 354.434 348.3915 342.3489 336.3064 330.5589 325.4421 320.3251 315.2083 310.0912 307.4299 305.4504 303.4711 301.4917 300.4536 302.2946 304.1356 305.9766 307.8176 310.7305 314.0811 317.4316 320.7822 324.1115 327.3407 330.5698 333.799 337.028 338.8436 339.856 340.8684 341.8808 342.9377 344.3886 345.8395 347.2904 348.7413 349.9915 351.0873 352.1831 353.2788 354.3497 354.5865 354.8233 355.0602 355.2969 355.8283 356.6628
337.6679 340.553 343.4383 347.6039 353.25 358.896 364.5422 370.1881 372.3568 374.2536 376.1506 378.0474 377.397 372.7845 368.172 363.5593 358.9468 352.682 346.1374 339.5926 333.048 327.0772 322.3329 317.5884 312.8442 308.0997 305.8489 304.2907 302.7325 301.1743 300.5401 302.732 304.924 307.1159 309.308 312.5987 316.338 320.0773 323.8167 327.4906 330.8548 334.2188 337.583 340.9471 342.846 343.9124 344.9788 346.0452 347.1347 348.429 349.7233 351.0177 352.312 353.4514 354.4716 355.4918 356.5119 357.5078 357.6906 357.8734 358.0563 358.2391 358.6526 359.3035
334.7458 337.2476 339.7495 344.0876 350.5491 357.0104 363.472 369.9333 372.2211 374.1827 376.1445 378.1061 377.3726 372.4469 367.5212 362.5953 357.6696 350.9301 343.8833 336.8363 329.7895 323.5955 319.2237 314.8518 310.4801 306.1082 304.268 303.131 301.9939 300.8569 300.6265 303.1694 305.7124 308.2553 310.7983 314.4669 318.595 322.723 326.8511 330.8697 334.3689 337.8679 341.3671 344.8661 346.8484 347.9688 349.0891 350.2096 351.3317 352.4695 353.6072 354.7449 355.8827 356.9113 357.8558 358.8004 359.745 360.6659 360.7947 360.9236 361.0524 361.1812 361.4768 361.9442
331.8237 333.9421 336.0606 340.5713 347.8482 355.1248 362.4018 369.6784 372.0854 374.1118 376.1383 378.1648 377.3482 372.1093 366.8704 361.6313 356.3925 349.1781 341.6292 334.08 326.5311 320.1137 316.1145 312.1152 308.116 304.1167 302.6871 301.9712 301.2553 300.5395 300.713 303.6069 306.5009 309.3947 312.2887 316.3351 320.8519 325.3687 329.8856 334.2488 337.883 341.517 345.1512 348.7852 350.8508 352.0252 353.1995 354.3739 355.5287 356.5099 357.491 358.4722 359.4533 360.3711 361.2401 362.1091 362.9781 363.824 363.8989 363.9737 364.0485 364.1233 364.3011 364.5848
328.1052 329.6402 331.1753 335.4246 342.8126 350.2003 357.5882 364.9759 367.5582 369.7649 371.9717 374.1784 373.4637 368.2046 362.9456 357.6863 352.4272 345.2744 337.8009 330.3271 322.8535 316.6602 313.2026 309.7449 306.2873 302.8296 301.8187 301.4874 301.1561 300.8248 301.3718 304.6054 307.8391 311.0727 314.3064 318.5892 323.3005 328.0116 332.7229 337.2736 341.0625 344.8513 348.6401 352.4289 354.646 355.9702 357.2943 358.6185 359.8926 360.7228 361.553 362.3832 363.2134 363.9893 364.7236 365.4578 366.192 366.9053 366.9177 366.9301 366.9424 366.9548 367.0146 367.1232
323.6567 324.425 325.1933 328.7835 335.6368 342.49 349.3433 356.1964 359.0054 361.4983 363.9913 366.4843 366.0409 361.0302 356.0196 351.0087 345.998 339.3983 332.5296 325.6606 318.7918 313.2326 310.4715 307.7104 304.9493 302.1882 301.6035 301.6231 301.6429 301.6626 302.5553 306.1183 309.6813 313.2443 316.8074 321.1973 325.9247 330.6521 335.3795 339.9737 343.9354 347.8969 351.8586 355.8202 358.2514 359.8132 361.3749 362.9367 364.4094 365.0938 365.7782 366.4627 367.1471 367.7528 368.298 368.8433 369.3885 369.9162 369.8584 369.8006 369.7427 369.6849 369.6266 369.5678
319.2082 319.2097 319.2112 322.1424 328.4611 334.7797 341.0984 347.417 350.4527 353.2318 356.011 358.79 358.6181 353.8558 349.0935 344.3311 339.5688 333.5223 327.2583 320.9941 314.7301 309.8049 307.7404 305.6759 303.6114 301.5469 301.3882 301.7589 302.1296 302.5003 303.7387 307.6311 311.5236 315.416 319.3085 323.8053 328.549 333.2925 338.0362 342.6738 346.8083 350.9426 355.0771 359.2114 361.8568 363.6561 365.4554 367.2548 368.9263 369.4649 370.0035 370.5421 371.0807 371.5163 371.8725 372.2287 372.585 372.9272 372.7991 372.6711 372.543 372.415 372.2386 372.0125
314.7598 313.9945 313.2292 315.5012 321.2854 327.0694 332.8535 338.6375 341.8999 344.9652 348.0305 351.0958 351.1953 346.6814 342.1675 337.6535 333.1396 327.6462 321.987 316.3276 310.6684 306.3773 305.0094 303.6414 302.2735 300.9055 301.173 301.8947 302.6164 303.3381 304.9221 309.1439 313.3658 317.5876 321.8095 326.4133 331.1732 335.933 340.6928 345.3739 349.6811 353.9883 358.2955 362.6027 365.4621 367.4991 369.536 371.573 373.4431 373.836 374.2288 374.6216 375.0144 375.2798 375.447 375.6142 375.7814 375.938 375.7398 375.5416 375.3433 375.1451 374.8506 374.4571
310.3114 308.7793 307.2473 308.8602 314.1098 319.3592 324.6088 329.8582 333.3473 336.6988 340.0503 343.4017 343.7726 339.5071 335.2416 330.976 326.7105 321.7702 316.7158 311.6612 306.6068 302.9497 302.2783 301.6069 300.9355 300.2642 300.9577 302.0305 303.1031 304.1758 306.1056 310.6567 315.2081 319.7592 324.3105 329.0213 333.7974 338.5733 343.3494 348.0739 352.554 357.0339 361.5139 365.9938 369.0674 371.342 373.6165 375.8911 377.9599 378.2069 378.454 378.701 378.948 379.0432 379.0214 378.9996 378.9778 378.9489 378.6805 378.412 378.1436 377.8752 377.4626 376.9016
309.033 307.426 305.8189 307.0746 311.6407 316.2065 320.7726 325.3384 328.5647 331.6861 334.8077 337.9291 338.2988 334.3882 330.4774 326.5666 322.6559 318.398 314.0813 309.7645 305.4478 302.3882 302.0143 301.6403 301.2664 300.8924 302.1335 303.8233 305.513 307.2028 309.642 314.3735 319.1052 323.8367 328.5684 333.309 338.0534 342.7976 347.542 352.2352 356.6858 361.1363 365.5869 370.0374 373.072 375.3021 377.5322 379.7623 381.7856 381.9773 382.169 382.3607 382.5524 382.5618 382.4308 382.2999 382.1689 382.0306 381.6441 381.2575 380.871 380.4845 379.9217 379.1774
307.8012 306.1294 304.4576 305.3605 309.2408 313.1209 317.0012 320.8813 323.8375 326.7214 329.6053 332.4892 332.8538 329.2994 325.7451 322.1906 318.6363 315.0626 311.4856 307.9086 304.3317 301.8689 301.7865 301.7041 301.6217 301.5393 303.3298 305.6405 307.9512 310.2619 313.213 318.1227 323.0326 327.9423 332.8521 337.6213 342.3333 347.0452 351.7572 356.4179 360.8362 365.2543 369.6725 374.0906 377.0825 379.264 381.4454 383.6269 385.6011 385.7388 385.8765 386.0142 386.1519 386.0768 385.8379 385.5989 385.36 385.1133 384.608 384.1027 383.5974 383.0921 382.3785 381.4507
306.5694 304.8328 303.0962 303.6464 306.8409 310.0353 313.2298 316.4242 319.1103 321.7566 324.403 327.0493 327.4087 324.2107 321.0128 317.8147 314.6167 311.7271 308.89 306.0526 303.2155 301.3495 301.5587 301.7679 301.9771 302.1862 304.5261 307.4578 310.3894 313.321 316.784 321.8719 326.9599 332.0478 337.1359 341.9337 346.6133 351.2928 355.9724 360.6007 364.9865 369.3723 373.7581 378.1438 381.0929 383.2258 385.3587 387.4916 389.4166 389.5003 389.584 389.6678 389.7515 389.5918 389.2449 388.8979 388.551 388.1961 387.572 386.9479 386.3237 385.6996 384.8354 383.7239
305.3377 303.5363 301.7348 301.9323 304.441 306.9497 309.4584 311.9671 314.3831 316.7919 319.2007 321.6094 321.9636 319.122 316.2804 313.4387 310.5971 308.3917 306.2943 304.1967 302.0993 300.8302 301.3309 301.8317 302.3324 302.8332 305.7223 309.275 312.8276 316.3801 320.355 325.6211 330.8873 336.1534 341.4196 346.2461 350.8933 355.5403 360.1875 364.7835 369.1369 373.4902 377.8437 382.197 385.1033 387.1877 389.2719 391.3562 393.2321 393.2618 393.2915 393.3213 393.351 393.1068 392.6519 392.197 391.7421 391.2788 390.5359 389.793 389.0501 388.3072 387.2922 385.9972
304.6962 302.8446 300.9929 300.914 302.885 304.8559 306.8268 308.7977 310.8869 312.9853 315.0838 317.1822 317.4917 315.0186 312.5454 310.0723 307.5992 306.032 304.6185 303.2049 301.7914 301.0974 301.9406 302.7839 303.6271 304.4704 307.7586 311.726 315.6934 319.6607 323.9717 329.3335 334.6954 340.0572 345.4191 350.2848 354.9481 359.6113 364.2746 368.8563 373.0512 377.2459 381.4409 385.6356 388.3685 390.2708 392.173 394.0753 395.7838 395.7766 395.7693 395.762 395.7547 395.4868 395.0186 394.5503 394.082 393.6041 392.8055 392.0069 391.2083 390.4096 389.3046 387.8842
304.7784 302.8944 301.0103 300.7487 302.3633 303.9778 305.5924 307.2069 308.8997 310.5985 312.2974 313.9962 314.2126 312.1228 310.0331 307.9432 305.8535 304.8683 304.0703 303.2722 302.4743 302.3287 303.5769 304.8251 306.0733 307.3216 310.8246 314.954 319.0833 323.2126 327.6444 333.0008 338.3574 343.7137 349.0703 353.988 358.727 363.4657 368.2046 372.7943 376.676 380.5576 384.4393 388.3209 390.72 392.2767 393.8333 395.39 396.7864 396.7629 396.7395 396.716 396.6925 396.4756 396.1099 395.7442 395.3785 395.0009 394.2238 393.4468 392.6698 391.8928 390.7721 389.2978
304.8606 302.9442 301.0276 300.5835 301.8417 303.0998 304.358 305.6161 306.9125 308.2118 309.511 310.8103 310.9334 309.2271 307.5207 305.8142 304.1078 303.7045 303.5221 303.3396 303.1572 303.56 305.2132 306.8664 308.5195 310.1727 313.8906 318.182 322.4733 326.7646 331.3172 336.6681 342.0193 347.3702 352.7214 357.6913 362.5058 367.3202 372.1347 376.7323 380.3009 383.8693 387.4378 391.0063 393.0714 394.2826 395.4937 396.7048 397.789 397.7494 397.7097 397.67 397.6303 397.4644 397.2012 396.9381 396.675 396.3976 395.6422 394.8868 394.1314 393.376 392.2396 390.7113
304.9427 302.9939 301.045 300.4182 301.32 302.2218 303.1236 304.0254 304.9253 305.825 306.7247 307.6244 307.6543 306.3313 305.0083 303.6852 302.3622 302.5408 302.9739 303.407 303.8401 304.7914 306.8495 308.9076 310.9657 313.0239 316.9565 321.41 325.8633 330.3166 334.9899 340.3354 345.6812 351.0268 356.3725 361.3945 366.2846 371.1746 376.0647 380.6703 383.9257 387.181 390.4363 393.6916 395.4229 396.2885 397.154 398.0196 398.7917 398.7357 398.6799 398.624 398.5681 398.4531 398.2926 398.1321 397.9716 397.7944 397.0606 396.3268 395.593 394.8591 393.7072 392.1248
305.0249 303.0437 301.0624 300.2529 300.7983 301.3438 301.8892 302.4346 302.938 303.4382 303.9384 304.4385 304.3752 303.4355 302.4959 301.5562 300.6165 301.377 302.4257 303.4744 304.523 306.0227 308.4857 310.9489 313.4119 315.8751 320.0225 324.638 329.2533 333.8686 338.6626 344.0028 349.3431 354.6833 360.0237 365.0978 370.0635 375.029 379.9948 384.6084 387.5506 390.4926 393.4348 396.3769 397.7744 398.2944 398.8144 399.3344 399.7943 399.7222 399.6501 399.578 399.5059 399.4418 399.3839 399.326 399.2681 399.1912 398.479 397.7668 397.0545 396.3423 395.1747 393.5383
305.4663 303.364 301.2616 300.311 300.6923 301.0736 301.4549 301.8362 302.2269 302.6184 303.0099 303.4013 303.4412 302.9342 302.4272 301.9203 301.4133 302.5015 303.86 305.2186 306.5772 308.3181 310.8755 313.433 315.9904 318.5479 322.5957 327.0576 331.5194 335.9812 340.6497 345.9499 351.2503 356.5506 361.851 366.8587 371.7472 376.6355 381.524 386.0442 388.8162 391.588 394.36 397.1319 398.3857 398.777 399.1683 399.5596 399.9053 399.8466 399.7879 399.7292 399.6705 399.6229 399.5837 399.5446 399.5055 399.4474 398.7568 398.0662 397.3755 396.6849 395.5697 394.0174
305.942 303.7101 301.478 300.3904 300.6259 300.8614 301.0969 301.3323 301.6374 301.9478 302.2583 302.5688 302.7305 302.6609 302.5913 302.5217 302.4521 303.8438 305.4832 307.1226 308.7619 310.7148 313.337 315.9593 318.5815 321.2039 325.122 329.4003 333.6785 337.9567 342.4761 347.7332 352.9904 358.2475 363.5047 368.4348 373.2314 378.0279 382.8246 387.2418 389.8571 392.4724 395.0878 397.703 398.8313 399.1146 399.3979 399.6812 399.9314 399.8889 399.8464 399.8039 399.7614 399.727 399.6986 399.6703 399.6419 399.595 398.926 398.257 397.588 396.9189 395.8625 394.4074
306.4177 304.0562 301.6945 300.4698 300.5594 300.6491 300.7388 300.8285 301.0478 301.2773 301.5067 301.7362 302.0198 302.3876 302.7554 303.1232 303.491 305.1862 307.1064 309.0266 310.9467 313.1115 315.7985 318.4856 321.1726 323.8597 327.6483 331.743 335.8376 339.9322 344.3026 349.5165 354.7305 359.9444 365.1584 370.0107 374.7156 379.4203 384.1252 388.4394 390.8981 393.3568 395.8155 398.2742 399.2768 399.4521 399.6274 399.8027 399.9576 399.9313 399.905 399.8787 399.8524 399.8311 399.8135 399.796 399.7784 399.7426 399.0952 398.4478 397.8004 397.153 396.1554 394.7975
306.8934 304.4022 301.911 300.5491 300.493 300.4369 300.3808 300.3246 300.4583 300.6067 300.7552 300.9036 301.3091 302.1143 302.9195 303.7247 304.5299 306.5286 308.7295 310.9305 313.1315 315.5081 318.26 321.0119 323.7637 326.5156 330.1746 334.0857 337.9967 341.9076 346.1291 351.2998 356.4706 361.6413 366.8121 371.5867 376.1998 380.8128 385.4258 389.6369 391.9391 394.2411 396.5433 398.8453 399.7224 399.7896 399.857 399.9243 399.9837 399.9736 399.9635 399.9534 399.9433 399.9351 399.9284 399.9217 399.9149 399.8903 399.2644 398.6386 398.0128 397.387 396.4483 395.1876
307.5229 304.8961 302.2692 300.7726 300.5829 300.3932 300.2035 300.0138 300.106 300.2202 300.3345 300.4487 300.9528 302.0631 303.1734 304.2838 305.3941 307.5484 309.8795 312.2108 314.5419 316.9987 319.7238 322.449 325.174 327.8992 331.4262 335.1761 338.9258 342.6756 346.7825 351.9811 357.18 362.3787 367.5776 372.3587 376.9695 381.5802 386.191 390.3832 392.5878 394.7922 396.9968 399.2013 400.0 400.0 400.0 400.0 400.0 400.0 400.0 400.0 400.0 400.0 400.0 400.0 400.0 399.9828 399.3908 398.7988 398.2068 397.6148 396.7391 395.5715
