data/zism_data/00998_03_D.txt
ncols         224
nrows         224
[rows 196 to 223 of 224, columns 63 to 125 of 224]
1165.564 1172.113 1178.662 1184.111 1187.829 1191.548 1195.266 1198.984 1204.708 1210.731 1216.753 1222.775 1230.042 1239.593 1249.145 1258.696 1268.247 1273.968 1278.928 1283.888 1288.848 1292.677 1294.064 1295.451 1296.838 1298.225 1299.802 1301.426 1303.05 1304.674 1308.37 1317.377 1326.385 1335.392 1344.399 1353.803 1363.331 1372.858 1382.386 1390.129 1392.362 1394.594 1396.827 1399.06 1399.294 1398.777 1398.259 1397.742 1396.707 1393.709 1390.712 1387.715 1384.717 1380.198 1374.997 1369.796 1364.595 1359.39 1354.164 1348.938 1343.712 1338.486 1333.275
1170.775 1176.533 1182.292 1187.156 1190.612 1194.067 1197.523 1200.978 1206.452 1212.225 1217.999 1223.772 1230.619 1239.438 1248.257 1257.075 1265.894 1271.466 1276.395 1281.323 1286.252 1290.123 1291.711 1293.298 1294.886 1296.474 1298.387 1300.382 1302.377 1304.372 1308.493 1318.063 1327.633 1337.204 1346.774 1356.166 1365.502 1374.838 1384.174 1391.701 1393.643 1395.585 1397.527 1399.469 1399.438 1398.664 1397.89 1397.116 1395.819 1392.536 1389.254 1385.972 1382.689 1378.015 1372.717 1367.419 1362.121 1356.857 1351.754 1346.652 1341.549 1336.447 1331.424
1177.18 1182.529 1187.878 1192.435 1195.745 1199.055 1202.365 1205.674 1210.866 1216.338 1221.809 1227.281 1233.588 1241.431 1249.274 1257.116 1264.959 1270.141 1274.794 1279.448 1284.101 1287.858 1289.677 1291.497 1293.317 1295.136 1297.466 1299.925 1302.384 1304.843 1309.392 1319.302 1329.212 1339.122 1349.032 1358.142 1367.004 1375.866 1384.727 1391.886 1393.784 1395.683 1397.582 1399.481 1399.242 1398.198 1397.155 1396.111 1394.545 1390.993 1387.441 1383.889 1380.337 1375.538 1370.181 1364.823 1359.466 1354.157 1349.076 1343.995 1338.914 1333.833 1328.994
1183.585 1188.524 1193.463 1197.713 1200.877 1204.042 1207.206 1210.37 1215.28 1220.45 1225.619 1230.789 1236.557 1243.424 1250.291 1257.158 1264.025 1268.815 1273.193 1277.572 1281.95 1285.593 1287.644 1289.695 1291.747 1293.798 1296.546 1299.468 1302.39 1305.313 1310.291 1320.541 1330.79 1341.04 1351.29 1360.119 1368.506 1376.893 1385.28 1392.07 1393.926 1395.781 1397.637 1399.493 1399.046 1397.733 1396.42 1395.107 1393.27 1389.449 1385.627 1381.806 1377.984 1373.061 1367.644 1362.228 1356.811 1351.457 1346.397 1341.338 1336.278 1331.219 1326.564
1189.99 1194.519 1199.049 1202.991 1206.01 1209.029 1212.048 1215.066 1219.695 1224.562 1229.43 1234.297 1239.526 1245.417 1251.308 1257.199 1263.09 1267.489 1271.593 1275.696 1279.8 1283.327 1285.611 1287.894 1290.177 1292.461 1295.625 1299.011 1302.397 1305.783 1311.19 1321.78 1332.369 1342.958 1353.548 1362.096 1370.009 1377.921 1385.834 1392.254 1394.067 1395.879 1397.692 1399.505 1398.85 1397.267 1395.685 1394.102 1391.996 1387.905 1383.814 1379.723 1375.631 1370.584 1365.108 1359.632 1354.156 1348.756 1343.718 1338.681 1333.643 1328.605 1324.134
1196.267 1200.409 1204.551 1208.205 1211.091 1213.977 1216.864 1219.75 1224.107 1228.684 1233.26 1237.837 1242.542 1247.482 1252.423 1257.364 1262.304 1266.316 1270.143 1273.971 1277.798 1281.205 1283.703 1286.202 1288.7 1291.198 1294.755 1298.579 1302.402 1306.226 1312.036 1322.939 1333.842 1344.745 1355.648 1363.919 1371.372 1378.824 1386.277 1392.341 1394.119 1395.896 1397.673 1399.451 1398.596 1396.752 1394.907 1393.062 1390.694 1386.34 1381.986 1377.632 1373.278 1368.111 1362.581 1357.05 1351.519 1346.077 1341.057 1336.037 1331.018 1325.998 1321.71
1198.233 1202.741 1207.25 1211.246 1214.434 1217.622 1220.81 1223.998 1228.46 1233.112 1237.764 1242.416 1247.14 1251.994 1256.849 1261.703 1266.557 1270.289 1273.798 1277.308 1280.817 1283.895 1286.043 1288.191 1290.339 1292.487 1295.616 1298.992 1302.368 1305.744 1311.073 1321.41 1331.747 1342.084 1352.421 1360.574 1368.048 1375.522 1382.996 1389.135 1391.15 1393.164 1395.179 1397.194 1396.396 1394.541 1392.685 1390.83 1388.446 1384.06 1379.673 1375.287 1370.901 1365.787 1360.348 1354.909 1349.47 1344.088 1338.976 1333.865 1328.754 1323.642 1319.492
1200.198 1205.074 1209.949 1214.286 1217.776 1221.266 1224.756 1228.246 1232.813 1237.541 1242.268 1246.996 1251.738 1256.506 1261.274 1266.042 1270.81 1274.262 1277.453 1280.645 1283.836 1286.586 1288.383 1290.181 1291.978 1293.776 1296.476 1299.405 1302.334 1305.262 1310.111 1319.881 1329.652 1339.423 1349.193 1357.229 1364.724 1372.22 1379.716 1385.928 1388.181 1390.432 1392.684 1394.936 1394.196 1392.33 1390.463 1388.597 1386.198 1381.779 1377.361 1372.942 1368.523 1363.463 1358.116 1352.768 1347.421 1342.099 1336.896 1331.693 1326.49 1321.287 1317.274
1202.164 1207.406 1212.648 1217.327 1221.119 1224.911 1228.703 1232.494 1237.167 1241.969 1246.772 1251.575 1256.336 1261.018 1265.7 1270.381 1275.063 1278.236 1281.109 1283.982 1286.855 1289.276 1290.723 1292.17 1293.617 1295.064 1297.337 1299.818 1302.299 1304.78 1309.148 1318.352 1327.557 1336.761 1345.966 1353.884 1361.401 1368.918 1376.435 1382.722 1385.212 1387.701 1390.19 1392.679 1391.996 1390.119 1388.241 1386.364 1383.95 1379.499 1375.048 1370.597 1366.146 1361.139 1355.884 1350.628 1345.372 1340.109 1334.815 1329.52 1324.226 1318.931 1315.056
1204.13 1209.739 1215.347 1220.367 1224.461 1228.555 1232.649 1236.743 1241.52 1246.398 1251.276 1256.155 1260.934 1265.529 1270.125 1274.721 1279.316 1282.209 1284.764 1287.319 1289.873 1291.967 1293.063 1294.16 1295.256 1296.353 1298.198 1300.231 1302.265 1304.298 1308.185 1316.823 1325.462 1334.1 1342.739 1350.538 1358.077 1365.616 1373.154 1379.516 1382.243 1384.969 1387.695 1390.422 1389.796 1387.908 1386.02 1384.132 1381.702 1377.219 1372.736 1368.252 1363.769 1358.815 1353.651 1348.487 1343.323 1338.12 1332.734 1327.348 1321.962 1316.575 1312.838
1204.49 1210.544 1216.597 1222.011 1226.417 1230.822 1235.228 1239.634 1244.592 1249.631 1254.671 1259.711 1264.575 1269.117 1273.659 1278.202 1282.744 1285.326 1287.52 1289.714 1291.908 1293.666 1294.482 1295.299 1296.116 1296.932 1298.541 1300.349 1302.156 1303.964 1307.561 1315.744 1323.927 1332.111 1340.294 1347.837 1355.18 1362.523 1369.867 1376.096 1378.886 1381.676 1384.466 1387.255 1386.71 1384.909 1383.109 1381.309 1378.981 1374.655 1370.328 1366.001 1361.675 1356.911 1351.952 1346.993 1342.034 1337.016 1331.709 1326.402 1321.096 1315.79 1312.175
1203.023 1209.61 1216.198 1222.063 1226.793 1231.522 1236.251 1240.981 1246.206 1251.504 1256.803 1262.101 1267.127 1271.653 1276.179 1280.705 1285.231 1287.469 1289.253 1291.037 1292.821 1294.236 1294.853 1295.47 1296.087 1296.705 1298.294 1300.129 1301.964 1303.799 1307.323 1315.177 1323.031 1330.885 1338.74 1345.867 1352.769 1359.67 1366.571 1372.434 1375.089 1377.744 1380.398 1383.053 1382.616 1381.015 1379.414 1377.813 1375.722 1371.767 1367.812 1363.858 1359.903 1355.486 1350.861 1346.236 1341.612 1336.917 1331.885 1326.854 1321.822 1316.791 1313.282
1201.556 1208.677 1215.798 1222.116 1227.169 1232.222 1237.275 1242.327 1247.819 1253.377 1258.934 1264.491 1269.679 1274.189 1278.699 1283.209 1287.719 1289.612 1290.986 1292.36 1293.735 1294.806 1295.224 1295.641 1296.059 1296.477 1298.048 1299.91 1301.771 1303.633 1307.084 1314.609 1322.135 1329.66 1337.186 1343.898 1350.357 1356.816 1363.275 1368.771 1371.291 1373.811 1376.331 1378.851 1378.522 1377.121 1375.719 1374.318 1372.462 1368.879 1365.297 1361.714 1358.132 1354.06 1349.77 1345.479 1341.189 1336.818 1332.062 1327.305 1322.549 1317.792 1314.389
1200.089 1207.744 1215.399 1222.169 1227.545 1232.921 1238.298 1243.674 1249.433 1255.249 1261.065 1266.882 1272.232 1276.725 1281.219 1285.712 1290.206 1291.754 1292.719 1293.684 1294.648 1295.376 1295.595 1295.813 1296.031 1296.249 1297.801 1299.69 1301.579 1303.468 1306.846 1314.042 1321.239 1328.435 1335.632 1341.929 1347.946 1353.963 1359.979 1365.108 1367.494 1369.879 1372.264 1374.65 1374.428 1373.227 1372.025 1370.823 1369.202 1365.991 1362.781 1359.571 1356.36 1352.635 1348.678 1344.722 1340.766 1336.719 1332.238 1327.756 1323.275 1318.793 1315.495
1198.622 1206.811 1214.999 1222.221 1227.921 1233.621 1239.321 1245.021 1251.047 1257.122 1263.197 1269.272 1274.784 1279.261 1283.739 1288.216 1292.693 1293.897 1294.452 1295.007 1295.562 1295.947 1295.965 1295.984 1296.003 1296.021 1297.555 1299.471 1301.386 1303.302 1306.607 1313.475 1320.342 1327.21 1334.078 1339.959 1345.534 1351.109 1356.684 1361.446 1363.696 1365.947 1368.197 1370.448 1370.335 1369.332 1368.33 1367.328 1365.942 1363.104 1360.265 1357.427 1354.588 1351.209 1347.587 1343.965 1340.344 1336.621 1332.414 1328.208 1324.001 1319.795 1316.602
1193.226 1201.88 1210.534 1218.163 1224.176 1230.19 1236.204 1242.217 1248.31 1254.414 1260.518 1266.622 1272.21 1276.852 1281.495 1286.137 1290.779 1291.855 1292.225 1292.595 1292.965 1293.292 1293.526 1293.761 1293.996 1294.23 1296.02 1298.202 1300.385 1302.567 1305.929 1312.316 1318.703 1325.09 1331.477 1337.012 1342.282 1347.552 1352.821 1357.33 1359.49 1361.649 1363.809 1365.969 1366.072 1365.401 1364.73 1364.059 1363.029 1360.636 1358.243 1355.85 1353.457 1350.446 1347.158 1343.871 1340.583 1337.184 1333.247 1329.311 1325.374 1321.438 1318.33
1187.425 1196.538 1205.65 1213.68 1220.006 1226.333 1232.659 1238.985 1245.123 1251.233 1257.342 1263.451 1269.108 1273.934 1278.759 1283.584 1288.41 1289.382 1289.59 1289.798 1290.006 1290.304 1290.798 1291.291 1291.785 1292.278 1294.353 1296.826 1299.299 1301.773 1305.205 1311.096 1316.987 1322.878 1328.769 1333.964 1338.943 1343.921 1348.9 1353.168 1355.241 1357.315 1359.388 1361.461 1361.792 1361.466 1361.14 1360.814 1360.151 1358.211 1356.271 1354.331 1352.391 1349.751 1346.798 1343.844 1340.891 1337.815 1334.148 1330.481 1326.814 1323.147 1320.122
1181.624 1191.195 1200.766 1209.198 1215.837 1222.476 1229.115 1235.754 1241.937 1248.051 1254.166 1260.281 1266.006 1271.015 1276.023 1281.032 1286.041 1286.908 1286.955 1287.001 1287.047 1287.317 1288.069 1288.821 1289.574 1290.326 1292.685 1295.45 1298.214 1300.979 1304.481 1309.876 1315.271 1320.666 1326.061 1330.917 1335.604 1340.291 1344.978 1349.005 1350.992 1352.98 1354.967 1356.954 1357.511 1357.531 1357.55 1357.569 1357.274 1355.787 1354.299 1352.812 1351.325 1349.056 1346.437 1343.818 1341.199 1338.446 1335.049 1331.652 1328.254 1324.857 1321.914
1175.823 1185.852 1195.881 1204.715 1211.667 1218.619 1225.57 1232.522 1238.75 1244.87 1250.99 1257.111 1262.904 1268.096 1273.288 1278.48 1283.672 1284.435 1284.319 1284.204 1284.088 1284.329 1285.341 1286.352 1287.363 1288.374 1291.017 1294.073 1297.129 1300.184 1303.757 1308.656 1313.555 1318.454 1323.353 1327.869 1332.265 1336.661 1341.057 1344.843 1346.744 1348.645 1350.546 1352.447 1353.231 1353.595 1353.96 1354.324 1354.396 1353.362 1352.328 1351.294 1350.259 1348.361 1346.077 1343.792 1341.507 1339.077 1335.95 1332.822 1329.694 1326.567 1323.706
1170.065 1180.217 1190.369 1199.374 1206.573 1213.773 1220.972 1228.172 1234.465 1240.625 1246.784 1252.943 1258.803 1264.115 1269.428 1274.74 1280.052 1280.887 1280.835 1280.783 1280.732 1281.113 1282.432 1283.75 1285.068 1286.386 1289.302 1292.621 1295.94 1299.259 1302.919 1307.452 1311.985 1316.519 1321.052 1325.224 1329.285 1333.345 1337.405 1340.913 1342.715 1344.516 1346.318 1348.12 1349.103 1349.779 1350.455 1351.131 1351.53 1350.882 1350.233 1349.585 1348.937 1347.339 1345.316 1343.293 1341.27 1339.099 1336.223 1333.346 1330.469 1327.593 1324.826
1164.387 1174.027 1183.667 1192.407 1199.73 1207.053 1214.377 1221.7 1228.099 1234.361 1240.622 1246.884 1252.811 1258.123 1263.435 1268.747 1274.059 1275.304 1275.743 1276.182 1276.62 1277.464 1279.181 1280.898 1282.616 1284.333 1287.497 1291.026 1294.555 1298.085 1301.862 1306.277 1310.692 1315.106 1319.521 1323.345 1326.984 1330.624 1334.264 1337.423 1339.101 1340.779 1342.456 1344.134 1345.264 1346.188 1347.112 1348.036 1348.685 1348.296 1347.906 1347.517 1347.127 1345.695 1343.796 1341.897 1339.998 1337.968 1335.307 1332.646 1329.984 1327.323 1324.67
1158.709 1167.836 1176.964 1185.439 1192.886 1200.334 1207.781 1215.229 1221.733 1228.097 1234.461 1240.825 1246.818 1252.13 1257.442 1262.754 1268.066 1269.721 1270.65 1271.58 1272.509 1273.814 1275.931 1278.047 1280.163 1282.279 1285.692 1289.431 1293.171 1296.91 1300.806 1305.102 1309.398 1313.694 1317.99 1321.465 1324.684 1327.903 1331.122 1333.934 1335.488 1337.041 1338.595 1340.148 1341.425 1342.597 1343.769 1344.94 1345.841 1345.71 1345.579 1345.448 1345.317 1344.051 1342.276 1340.501 1338.726 1336.835 1334.39 1331.945 1329.499 1327.054 1324.514
1153.031 1161.646 1170.262 1178.471 1186.043 1193.614 1201.186 1208.757 1215.367 1221.833 1228.3 1234.766 1240.826 1246.138 1251.45 1256.762 1262.074 1264.138 1265.558 1266.978 1268.398 1270.165 1272.68 1275.195 1277.711 1280.226 1283.887 1287.836 1291.786 1295.736 1299.749 1303.927 1308.104 1312.282 1316.459 1319.585 1322.384 1325.182 1327.981 1330.444 1331.874 1333.304 1334.733 1336.163 1337.585 1339.005 1340.425 1341.845 1342.996 1343.124 1343.252 1343.38 1343.508 1342.407 1340.756 1339.105 1337.454 1335.703 1333.474 1331.244 1329.014 1326.785 1324.358
1147.353 1155.456 1163.559 1171.504 1179.199 1186.895 1194.59 1202.286 1209.0 1215.569 1222.138 1228.707 1234.833 1240.145 1245.457 1250.769 1256.081 1258.555 1260.465 1262.376 1264.287 1266.515 1269.43 1272.344 1275.258 1278.172 1282.081 1286.241 1290.401 1294.561 1298.693 1302.752 1306.811 1310.87 1314.928 1317.705 1320.083 1322.461 1324.839 1326.955 1328.261 1329.566 1330.872 1332.177 1333.746 1335.414 1337.082 1338.75 1340.151 1340.538 1340.924 1341.311 1341.698 1340.763 1339.236 1337.709 1336.182 1334.571 1332.557 1330.543 1328.529 1326.515 1324.201
1149.675 1156.924 1164.172 1171.373 1178.499 1185.625 1192.751 1199.877 1206.188 1212.377 1218.567 1224.756 1230.585 1235.754 1240.922 1246.09 1251.259 1254.068 1256.411 1258.753 1261.095 1263.692 1266.841 1269.989 1273.137 1276.286 1280.275 1284.476 1288.677 1292.878 1296.998 1300.909 1304.819 1308.73 1312.64 1315.168 1317.265 1319.362 1321.459 1323.354 1324.629 1325.904 1327.178 1328.453 1330.064 1331.803 1333.541 1335.28 1336.781 1337.385 1337.988 1338.591 1339.195 1338.468 1337.145 1335.823 1334.5 1333.068 1331.109 1329.15 1327.191 1325.232 1322.967
1154.2 1160.499 1166.799 1173.124 1179.49 1185.856 1192.221 1198.587 1204.353 1210.031 1215.708 1221.385 1226.818 1231.803 1236.788 1241.773 1246.758 1249.884 1252.641 1255.398 1258.156 1261.097 1264.434 1267.771 1271.108 1274.445 1278.468 1282.664 1286.859 1291.055 1295.127 1298.881 1302.635 1306.39 1310.144 1312.449 1314.304 1316.158 1318.012 1319.723 1320.993 1322.262 1323.531 1324.8 1326.426 1328.186 1329.946 1331.706 1333.267 1334.076 1334.884 1335.692 1336.5 1335.993 1334.897 1333.801 1332.705 1331.462 1329.514 1327.565 1325.617 1323.669 1321.437
1158.724 1164.075 1169.425 1174.875 1180.48 1186.086 1191.692 1197.297 1202.519 1207.684 1212.849 1218.014 1223.05 1227.852 1232.654 1237.455 1242.257 1245.699 1248.872 1252.044 1255.217 1258.501 1262.027 1265.553 1269.078 1272.604 1276.661 1280.851 1285.042 1289.232 1293.256 1296.854 1300.452 1304.05 1307.648 1309.731 1311.343 1312.954 1314.566 1316.092 1317.356 1318.62 1319.884 1321.148 1322.788 1324.569 1326.351 1328.132 1329.754 1330.767 1331.78 1332.793 1333.806 1333.519 1332.649 1331.779 1330.91 1329.856 1327.918 1325.981 1324.044 1322.106 1319.906
1163.249 1167.65 1172.052 1176.626 1181.471 1186.316 1191.162 1196.007 1200.685 1205.337 1209.99 1214.642 1219.283 1223.901 1228.52 1233.138 1237.756 1241.515 1245.102 1248.69 1252.278 1255.906 1259.62 1263.334 1267.049 1270.764 1274.854 1279.039 1283.224 1287.409 1291.385 1294.827 1298.268 1301.71 1305.151 1307.012 1308.381 1309.75 1311.119 1312.461 1313.72 1314.978 1316.237 1317.495 1319.149 1320.952 1322.755 1324.559 1326.24 1327.458 1328.676 1329.894 1331.112 1331.044 1330.401 1329.758 1329.115 1328.25 1326.323 1324.397 1322.47 1320.543 1318.375
