data/zism_data/00997_02_D.txt
ncols         224
nrows         224
[rows 28 to 55 of 224, columns 63 to 125 of 224]
200.655 201.0939 201.5327 201.9715 206.7107 211.6454 216.58 221.5148 224.6282 225.2298 225.8313 226.4328 227.0343 223.7724 220.0037 216.2351 212.4664 212.1178 218.1821 224.2462 230.3105 236.3746 248.1072 261.1551 274.2035 287.2515 298.5724 305.3484 312.1241 318.9001 325.6759 327.5392 327.6685 327.7979 327.9272 327.3469 323.9789 320.6107 317.2427 313.8745 309.3731 304.305 299.2368 294.1686 289.0799 283.8546 278.6292 273.404 268.1786 262.0742 255.3692 248.6644 241.9593 235.3765 230.7766 226.1768 221.5771 216.9772 213.2642 210.3641 207.4641 204.564 201.664
200.4697 200.7843 201.099 201.4136 204.9492 208.6312 212.3132 215.9952 218.244 218.5162 218.7884 219.0606 219.3328 217.4742 215.3361 213.1981 211.06 212.3871 220.2117 228.036 235.8605 243.6848 255.5956 268.4546 281.314 294.1729 305.2454 311.6165 317.9873 324.3583 330.7292 332.842 333.4519 334.0618 334.6717 334.5851 331.7624 328.9396 326.1169 323.2942 318.9241 313.7804 308.6365 303.4928 298.3256 293.0032 287.6806 282.3582 277.0356 270.8212 263.9973 257.1737 250.3499 243.6126 238.2784 232.9443 227.6103 222.276 217.7358 213.9232 210.1107 206.298 202.4855
200.2843 200.4748 200.6652 200.8557 203.1876 205.6169 208.0461 210.4754 211.8596 211.8025 211.7453 211.6881 211.6309 211.1758 210.6684 210.161 209.6536 212.6564 222.2413 231.8259 241.4108 250.9953 263.0844 275.7543 288.4247 301.0947 311.9186 317.8847 323.8506 329.8167 335.7826 338.145 339.2355 340.326 341.4164 341.8235 339.5462 337.2688 334.9915 332.7141 328.4755 323.2561 318.0367 312.8173 307.5717 302.1521 296.7323 291.3127 285.8929 279.5684 272.6258 265.6834 258.7408 251.849 245.7804 239.7121 233.6437 227.5751 222.2076 217.4824 212.7573 208.0321 203.3071
200.1083 200.1808 200.2534 200.3259 201.5087 202.7419 203.9752 205.2084 205.7819 205.4455 205.109 204.7726 204.4362 205.3879 206.5086 207.6293 208.7501 213.3967 224.6548 235.9125 247.1707 258.4284 270.6709 283.1416 295.6126 308.0833 318.654 324.2249 329.7955 335.3663 340.937 343.5429 345.1024 346.6618 348.2213 349.1101 347.3643 345.6185 343.8728 342.127 338.0145 332.7186 327.4226 322.1267 316.7981 311.2528 305.7073 300.162 294.6166 288.162 281.0862 274.0106 266.9348 259.8759 253.088 246.3003 239.5127 232.7248 226.5511 220.94 215.329 209.7179 204.1069
200.0841 200.1404 200.1968 200.2531 201.1718 202.1296 203.0875 204.0453 204.6839 204.882 205.0801 205.2783 205.4764 207.8935 210.6018 213.3099 216.0181 221.7902 233.3075 244.8244 256.3418 267.8587 279.8521 291.9556 304.0594 316.1629 326.4021 331.7354 337.0685 342.4017 347.7348 350.4863 352.3265 354.1668 356.007 357.1821 355.7441 354.3061 352.8682 351.4302 347.359 341.9714 336.5835 331.1959 325.7107 319.5768 313.4428 307.3089 301.1749 294.2633 286.8203 279.3775 271.9345 264.5022 257.2392 249.9764 242.7136 235.4505 228.8129 222.7482 216.6837 210.6189 204.5544
200.0599 200.1001 200.1402 200.1804 200.8349 201.5174 202.1998 202.8823 203.5859 204.3186 205.0513 205.7839 206.5166 210.399 214.6947 218.9902 223.2859 230.1834 241.9599 253.736 265.5126 277.2887 289.0329 300.7692 312.506 324.2422 334.15 339.2457 344.3412 349.4369 354.5324 357.4295 359.5505 361.6715 363.7925 365.2538 364.1237 362.9934 361.8632 360.733 356.7032 351.2238 345.7442 340.2647 334.6229 327.9005 321.1779 314.4556 307.7329 300.3643 292.5542 284.7443 276.9341 269.1284 261.3902 253.6523 245.9143 238.1761 231.0746 224.5563 218.0383 211.5199 205.0019
200.0358 200.0597 200.0836 200.1076 200.498 200.9051 201.3122 201.7193 202.4879 203.7551 205.0224 206.2896 207.5568 212.9046 218.7877 224.6706 230.5537 238.5766 250.6123 262.6476 274.6834 286.7187 298.2138 309.5829 320.9525 332.3216 341.8979 346.756 351.6139 356.472 361.33 364.3726 366.7744 369.1762 371.578 373.3256 372.5032 371.6807 370.8583 370.0358 366.0475 360.4762 354.9048 349.3336 343.5352 336.2243 328.9131 321.6022 314.291 306.4654 298.2881 290.1111 281.9337 273.7546 265.5413 257.3282 249.1151 240.9017 233.3364 226.3645 219.3929 212.421 205.4493
200.0116 200.0193 200.0271 200.0348 200.1611 200.2928 200.4245 200.5562 201.3899 203.1917 204.9935 206.7952 208.5971 215.4102 222.8808 230.3512 237.8218 246.9701 259.265 271.5596 283.8545 296.149 307.3949 318.3969 329.3993 340.4012 349.646 354.2665 358.8869 363.5074 368.1278 371.316 373.9986 376.6812 379.3638 381.3976 380.883 380.3683 379.8537 379.339 375.392 369.729 364.0658 358.4027 352.4478 344.5483 336.6485 328.7491 320.8493 312.5667 304.0222 295.478 286.9335 278.381 269.6924 261.0042 252.316 243.6274 235.5982 228.1727 220.7475 213.322 205.8968
200.0 200.0 200.0 200.0 200.0 200.0 200.0 200.0 201.1904 204.0226 206.8548 209.687 212.5192 220.3671 228.873 237.3786 245.8845 255.6766 267.8814 280.0858 292.2906 304.495 315.506 326.2393 336.9731 347.7065 356.6579 360.9197 365.1814 369.4432 373.7049 376.7238 379.304 381.8843 384.4644 386.4706 386.2215 385.9724 385.7232 385.4741 381.7704 376.3395 370.9085 365.4776 359.6695 351.3477 343.0256 334.7038 326.3817 317.6007 308.5059 299.4114 290.3166 281.2285 272.2422 263.2563 254.2704 245.2842 236.9671 229.2627 221.5586 213.8542 206.1501
200.0 200.0 200.0 200.0 200.0 200.0 200.0 200.0 201.8145 206.1318 210.449 214.7661 219.0834 227.5712 236.6063 245.6411 254.6762 264.6707 276.4651 288.2591 300.0535 311.8475 322.6365 333.1917 343.7473 354.3025 362.9954 366.7874 370.5793 374.3713 378.1632 380.7243 382.8509 384.9775 387.1041 388.7947 388.7724 388.7501 388.7278 388.7054 385.4302 380.5285 375.6266 370.7249 365.3417 356.7499 348.1578 339.566 330.9739 321.6567 311.8437 302.031 292.218 282.4454 273.3242 264.2033 255.0824 245.9612 237.5175 229.6943 221.8714 214.0482 206.2253
200.0 200.0 200.0 200.0 200.0 200.0 200.0 200.0 202.4386 208.2409 214.043 219.8451 225.6474 234.7752 244.3395 253.9034 263.4677 273.6645 285.0486 296.4322 307.8162 319.1998 329.7668 340.1438 350.5212 360.8982 369.3326 372.6549 375.977 379.2993 382.6214 384.7247 386.3976 388.0707 389.7437 391.1187 391.3232 391.5277 391.7322 391.9367 389.0898 384.7173 380.3446 375.9721 371.0138 362.152 353.2899 344.4281 335.566 325.7125 315.1813 304.6505 294.1193 283.6624 274.4062 265.1503 255.8944 246.6382 238.068 230.126 222.1842 214.2422 206.3005
200.0 200.0 200.0 200.0 200.0 200.0 200.0 200.0 203.0627 210.3501 217.6372 224.9243 232.2116 241.9794 252.0728 262.166 272.2594 282.6586 293.6323 304.6055 315.5791 326.5523 336.8974 347.0962 357.2953 367.4942 375.6701 378.5226 381.3749 384.2274 387.0797 388.7252 389.9445 391.164 392.3833 393.4429 393.8741 394.3055 394.7368 395.1681 392.7496 388.9062 385.0627 381.2194 376.6861 367.5543 358.4222 349.2904 340.1583 329.7685 318.5191 307.2701 296.0207 284.8794 275.4882 266.0973 256.7064 247.3152 238.6184 230.5576 222.4971 214.4362 206.3757
200.0 200.0 200.0 200.0 200.0 200.0 200.0 200.0 203.6868 212.4592 221.2312 230.0032 238.7756 249.1833 259.8059 270.4282 281.0508 291.6524 302.2157 312.7785 323.3417 333.9046 344.0277 354.0483 364.0693 374.0899 382.0074 384.39 386.7726 389.1553 391.5379 392.7255 393.4913 394.2571 395.0229 395.7669 396.425 397.0831 397.7412 398.3994 396.4092 393.095 389.7807 386.4665 382.3581 372.9564 363.5543 354.1525 344.7504 333.8243 321.8567 309.8896 297.922 286.0963 276.5701 267.0443 257.5184 247.9922 239.1689 230.9892 222.8099 214.6303 206.4509
200.0 200.0 200.0 200.0 200.0 200.0 200.0 200.0 203.7518 212.6787 221.6052 230.5318 239.4587 249.2325 259.1178 269.0028 278.8881 289.1863 300.2598 311.3329 322.4063 333.4794 343.9902 354.3701 364.7504 375.1302 383.1641 385.0237 386.8834 388.7431 390.6027 390.7483 390.2889 389.8295 389.3701 389.3617 391.1246 392.8876 394.6505 396.4135 395.116 392.2884 389.4606 386.633 382.9764 373.7942 364.6117 355.4295 346.247 335.622 324.0112 312.4008 300.79 289.2824 279.4456 269.6092 259.7727 249.9359 240.7744 232.2311 223.6882 215.145 206.6021
200.0 200.0 200.0 200.0 200.0 200.0 200.0 200.0 203.8085 212.8703 221.9319 230.9934 240.0552 249.1765 258.3058 267.4349 276.5643 286.5517 298.1489 309.7457 321.3429 332.9398 343.8473 354.5943 365.3417 376.0888 384.2445 385.5804 386.9163 388.2523 389.5882 388.6832 386.9873 385.2914 383.5956 382.8283 385.7089 388.5896 391.4702 394.3509 393.7499 391.4083 389.0665 386.7248 383.5203 374.5649 365.6092 356.6538 347.6981 337.3864 326.1482 314.9104 303.6722 292.4974 282.3474 272.1978 262.0482 251.8982 242.3953 233.4849 224.5748 215.6644 206.7544
200.0 200.0 200.0 200.0 200.0 200.0 200.0 200.0 203.8652 213.062 222.2585 231.455 240.6518 249.1204 257.4938 265.8669 274.2404 283.917 296.038 308.1585 320.2795 332.4001 343.7043 354.8185 365.9332 377.0474 385.3249 386.1371 386.9493 387.7615 388.5736 386.618 383.6856 380.7532 377.8208 376.2946 380.293 384.2915 388.2898 392.2883 392.3839 390.5281 388.6723 386.8165 384.0642 375.3356 366.6067 357.8781 349.1491 339.1509 328.2853 317.42 306.5544 295.7125 285.2493 274.7865 264.3237 253.8606 244.0163 234.7387 225.4615 216.1839 206.9066
200.0 200.0 200.0 200.0 200.0 200.0 200.0 200.0 203.922 213.2537 222.5852 231.9166 241.2484 249.0643 256.6818 264.2991 271.9166 281.2823 293.9271 306.5714 319.2162 331.8605 343.5614 355.0428 366.5246 378.006 386.4053 386.6938 386.9822 387.2707 387.5591 384.5529 380.3841 376.2151 372.0462 369.7612 374.8773 379.9935 385.1095 390.2258 391.0178 389.648 388.2781 386.9083 384.6081 376.1063 367.6042 359.1023 350.6002 340.9154 330.4223 319.9296 309.4366 298.9275 288.1511 277.3752 266.5992 255.8228 245.6373 235.9925 226.3481 216.7033 207.0589
200.0 200.0 200.0 200.0 200.0 200.0 200.0 200.0 203.8594 213.0423 222.2249 231.4074 240.5903 248.2269 255.6609 263.0948 270.5288 279.8137 292.5698 305.3255 318.0816 330.8373 342.4753 353.8532 365.2315 376.6095 384.7436 384.3409 383.9382 383.5355 383.1328 379.364 374.4074 369.4507 364.4941 361.7844 367.9017 374.0192 380.1366 386.2541 387.7185 386.8564 385.9944 385.1323 383.3137 375.1187 366.9234 358.7284 350.5331 341.187 331.0544 320.9222 310.7896 300.5947 289.3815 278.1686 266.9557 255.7425 245.3222 235.628 225.9342 216.2401 206.5463
200.0 200.0 200.0 200.0 200.0 200.0 200.0 200.0 203.6506 212.3367 221.0225 229.7083 238.3944 246.4317 254.3841 262.3362 270.2886 279.7745 292.1364 304.498 316.86 329.2216 340.2331 350.9307 361.6287 372.3263 379.7207 378.4217 377.1227 375.8237 374.5247 370.3465 365.1523 359.9579 354.7637 352.0388 359.0146 365.9907 372.9666 379.9427 382.0496 381.722 381.3945 381.067 379.7661 371.976 364.1857 356.3957 348.6053 339.6289 329.8419 320.0552 310.2682 300.3647 288.5629 276.7615 264.9601 253.1583 242.634 233.28 223.9264 214.5724 205.2188
200.0 200.0 200.0 200.0 200.0 200.0 200.0 200.0 203.4418 211.6311 219.8202 228.0092 236.1985 244.6364 253.1071 261.5776 270.0484 279.7352 291.7031 303.6705 315.6383 327.6057 337.9908 348.0081 358.0258 368.0431 374.6976 372.5022 370.3069 368.1116 365.9163 361.3286 355.8968 350.4648 345.0329 342.2928 350.1273 357.9619 365.7964 373.6311 376.3805 376.5875 376.7946 377.0016 376.2183 368.8332 361.4479 354.0628 346.6775 338.0707 328.6293 319.1882 309.7467 300.1347 287.7443 275.3543 262.9644 250.574 239.9457 230.9319 221.9184 212.9046 203.8911
200.0 200.0 200.0 200.0 200.0 200.0 200.0 200.0 203.233 210.9256 218.6178 226.3101 234.0026 242.8411 251.8303 260.8191 269.8083 279.696 291.2697 302.843 314.4167 325.99 335.7486 345.0856 354.4229 363.7599 369.6747 366.583 363.4915 360.3998 357.3082 352.3111 346.6416 340.972 335.3025 332.5472 341.2402 349.9334 358.6264 367.3196 370.7116 371.4531 372.1947 372.9363 372.6706 365.6905 358.7102 351.73 344.7497 336.5126 327.4167 318.3212 309.2253 299.9047 286.9258 273.9472 260.9688 247.9898 237.2575 228.5838 219.9105 211.2369 202.5636
200.0 200.0 200.0 200.0 200.0 200.0 200.0 200.0 203.0242 210.22 217.4155 224.611 231.8068 241.0459 250.5534 260.0606 269.5681 279.6568 290.8363 302.0155 313.195 324.3742 333.5064 342.1631 350.8201 359.4768 364.6518 360.6638 356.676 352.688 348.7001 343.2935 337.3865 331.4792 325.5721 322.8016 332.3531 341.9049 351.4564 361.0082 365.0427 366.3188 367.5949 368.871 369.123 362.5478 355.9724 349.3973 342.8219 334.9544 326.2042 317.4542 308.7039 299.6747 286.1072 272.5401 258.9731 245.4056 234.5693 226.2358 217.9026 209.5692 201.236
200.0 200.0 200.0 200.0 200.0 200.0 200.0 200.0 202.6455 208.9402 215.2346 221.529 227.8237 236.8892 246.3185 255.7475 265.1768 275.2147 286.3944 297.5738 308.7536 319.933 328.209 335.8105 343.4124 351.014 355.4546 351.576 347.6975 343.8189 339.9405 335.3962 330.6173 325.8381 321.0592 319.101 328.2243 337.3478 346.4711 355.5947 359.6357 361.1358 362.6359 364.136 364.6201 358.3317 352.043 345.7545 339.4658 331.712 322.9573 314.2029 305.4481 296.4346 283.2103 269.9865 256.7627 243.5384 233.0257 224.9979 216.9705 208.9427 200.9152
200.0 200.0 200.0 200.0 200.0 200.0 200.0 200.0 202.2506 207.6057 212.9606 218.3154 223.6705 232.5078 241.8021 251.0961 260.3904 270.3533 281.5709 292.7881 304.0057 315.2229 322.6207 329.1315 335.6426 342.1534 345.86 342.1866 338.5134 334.84 331.1667 327.606 324.0851 320.5642 317.0434 315.9763 324.5488 333.1216 341.6941 350.2669 354.2539 355.9484 357.6429 359.3374 360.0265 354.0134 348.0001 341.987 335.9738 328.3093 319.5168 310.7245 301.932 292.9079 280.1156 267.3237 254.5318 241.7395 231.5912 223.8659 216.1408 208.4155 200.6904
200.0 200.0 200.0 200.0 200.0 200.0 200.0 200.0 201.8557 206.2711 210.6864 215.1017 219.5171 228.1261 237.2855 246.4445 255.6038 265.4918 276.7472 288.0022 299.2576 310.5125 317.0322 322.4522 327.8725 333.2925 336.2652 332.797 329.3289 325.8607 322.3926 319.8154 317.5528 315.2901 313.0274 312.8516 320.8733 328.8952 336.9169 344.9389 348.872 350.7608 352.6497 354.5386 355.4327 349.695 343.9572 338.2195 332.4816 324.9064 316.0761 307.2461 298.4157 289.3811 277.0208 264.6609 252.301 239.9406 230.1567 222.7337 215.3111 207.8882 200.4655
200.0 200.0 200.0 200.0 200.0 200.0 200.0 200.0 201.4608 204.9367 208.4124 211.8881 215.3639 223.7447 232.769 241.793 250.8173 260.6305 271.9236 283.2164 294.5096 305.8024 311.4439 315.7732 320.1026 324.4319 326.6707 323.4077 320.1448 316.8817 313.6188 312.0251 311.0206 310.0161 309.0116 309.7269 317.1978 324.669 332.1399 339.6111 343.4902 345.5734 347.6567 349.74 350.839 345.3768 339.9143 334.452 328.9896 321.5037 312.6356 303.7677 294.8996 285.8544 273.926 261.9981 250.0701 238.1418 228.7222 221.6017 214.4814 207.3609 200.2406
200.0 200.0 200.0 200.0 200.0 200.0 200.0 200.0 201.1138 203.764 206.4141 209.0642 211.7144 219.6408 228.2595 236.878 245.4967 255.0577 266.3867 277.7152 289.0442 300.3727 305.4808 309.1445 312.8085 316.4722 318.3525 315.5388 312.7252 309.9115 307.0979 306.3138 306.246 306.1782 306.1104 307.4556 314.3513 321.2473 328.143 335.039 338.7868 340.9607 343.1346 345.3085 346.5254 341.363 336.2003 331.0379 325.8752 318.4354 309.4399 300.4448 291.4493 282.2989 270.6255 258.9525 247.2795 235.6062 226.5703 219.9516 213.3331 206.7144 200.096
200.0 200.0 200.0 200.0 200.0 200.0 200.0 200.0 200.846 202.8591 204.8721 206.885 208.8981 215.9965 223.7621 231.5274 239.293 248.309 259.6703 271.0313 282.3925 293.7535 298.8983 302.5999 306.3016 310.0032 312.1458 310.1852 308.2247 306.2641 304.3036 304.0414 304.3785 304.7157 305.0528 306.5959 312.8761 319.1565 325.4367 331.7172 335.2058 337.2986 339.3916 341.4845 342.6754 337.8531 333.0306 328.2083 323.3859 315.9204 306.6495 297.379 288.1082 278.6962 266.985 255.2742 243.5634 231.8522 223.2321 217.4449 211.658 205.8709 200.0839
