data/zism_data/01004_01_D.txt
ncols         224
nrows         224
[rows 28 to 55 of 224, columns 64 to 127 of 224]
3615.667 3614.209 3613.579 3612.949 3612.319 3611.689 3609.906 3607.757 3605.607 3603.457 3601.599 3601.238 3600.877 3600.517 3600.156 3600.0 3600.0 3600.0 3600.0 3600.0 3600.0 3600.0 3600.0 3600.0 3600.0 3600.0 3600.0 3600.0 3600.0 3606.349 3614.473 3622.597 3630.72 3640.052 3654.659 3669.266 3683.873 3698.48 3710.194 3719.905 3729.616 3739.327 3749.038 3756.689 3764.33 3771.972 3779.613 3785.477 3788.675 3791.874 3795.072 3798.271 3799.089 3799.329 3799.569 3799.81 3799.73 3798.441 3797.153 3795.864 3794.575 3789.992 3783.338 3776.683
3612.738 3610.941 3610.433 3609.926 3609.419 3608.911 3607.539 3605.891 3604.243 3602.595 3601.173 3600.908 3600.644 3600.379 3600.115 3600.0 3600.0 3600.0 3600.0 3600.0 3600.0 3600.0 3600.0 3600.0 3600.0 3600.0 3600.0 3600.0 3600.0 3606.349 3614.473 3622.597 3630.72 3640.11 3655.032 3669.954 3684.877 3699.799 3711.967 3722.227 3732.488 3742.749 3753.01 3760.323 3767.623 3774.922 3782.222 3787.697 3790.437 3793.176 3795.915 3798.655 3799.331 3799.508 3799.684 3799.861 3799.656 3798.015 3796.374 3794.733 3793.092 3787.871 3780.4 3772.929
3609.809 3607.672 3607.288 3606.903 3606.519 3606.134 3605.172 3604.026 3602.88 3601.734 3600.747 3600.578 3600.41 3600.241 3600.073 3600.0 3600.0 3600.0 3600.0 3600.0 3600.0 3600.0 3600.0 3600.0 3600.0 3600.0 3600.0 3600.0 3600.0 3606.349 3614.473 3622.597 3630.72 3640.169 3655.406 3670.643 3685.88 3701.117 3713.739 3724.55 3735.36 3746.171 3756.981 3763.957 3770.915 3777.873 3784.831 3789.918 3792.198 3794.478 3796.758 3799.039 3799.574 3799.687 3799.799 3799.911 3799.583 3797.589 3795.596 3793.603 3791.609 3785.75 3777.463 3769.175
3606.88 3604.403 3604.142 3603.88 3603.618 3603.356 3602.805 3602.16 3601.516 3600.872 3600.321 3600.249 3600.176 3600.104 3600.031 3600.0 3600.0 3600.0 3600.0 3600.0 3600.0 3600.0 3600.0 3600.0 3600.0 3600.0 3600.0 3600.0 3600.0 3606.349 3614.473 3622.597 3630.72 3640.227 3655.78 3671.332 3686.884 3702.436 3715.511 3726.872 3738.232 3749.593 3760.953 3767.591 3774.208 3780.824 3787.441 3792.138 3793.959 3795.781 3797.602 3799.423 3799.817 3799.865 3799.914 3799.962 3799.509 3797.163 3794.817 3792.472 3790.126 3783.63 3774.525 3765.42
3604.897 3602.083 3601.856 3601.629 3601.402 3601.175 3600.926 3600.67 3600.415 3600.159 3599.946 3599.946 3599.946 3599.946 3599.946 3599.952 3599.964 3599.976 3599.988 3600.0 3600.0 3600.0 3600.0 3600.0 3600.001 3600.005 3600.009 3600.013 3600.017 3606.367 3614.491 3622.615 3630.739 3640.293 3656.101 3671.909 3687.717 3703.525 3716.997 3728.852 3740.708 3752.563 3764.417 3770.75 3777.058 3783.366 3789.674 3794.027 3795.451 3796.875 3798.298 3799.722 3799.965 3799.922 3799.878 3799.835 3799.195 3796.305 3793.415 3790.525 3787.635 3780.513 3770.731 3760.949
3605.808 3602.662 3602.2 3601.738 3601.276 3600.814 3600.541 3600.328 3600.116 3599.903 3599.725 3599.725 3599.725 3599.725 3599.725 3599.759 3599.819 3599.879 3599.938 3599.998 3600.0 3600.0 3600.0 3600.0 3600.008 3600.028 3600.047 3600.067 3600.087 3606.441 3614.564 3622.688 3630.812 3640.381 3656.263 3672.146 3688.029 3703.911 3717.607 3729.788 3741.968 3754.149 3766.33 3772.457 3778.556 3784.656 3790.755 3794.9 3796.116 3797.332 3798.547 3799.763 3799.823 3799.604 3799.384 3799.165 3798.148 3794.127 3790.105 3786.083 3782.061 3774.348 3764.315 3754.282
3606.719 3603.242 3602.545 3601.848 3601.151 3600.454 3600.156 3599.987 3599.816 3599.646 3599.504 3599.504 3599.504 3599.504 3599.504 3599.565 3599.673 3599.781 3599.889 3599.997 3600.0 3600.0 3600.0 3600.0 3600.014 3600.05 3600.085 3600.122 3600.157 3606.514 3614.638 3622.762 3630.886 3640.468 3656.426 3672.383 3688.341 3704.298 3718.217 3730.723 3743.229 3755.736 3768.242 3774.163 3780.054 3785.946 3791.837 3795.774 3796.781 3797.789 3798.796 3799.803 3799.681 3799.286 3798.89 3798.494 3797.102 3791.948 3786.794 3781.641 3776.487 3768.183 3757.899 3747.615
3607.63 3603.821 3602.889 3601.957 3601.025 3600.094 3599.772 3599.645 3599.517 3599.39 3599.283 3599.283 3599.283 3599.283 3599.283 3599.372 3599.528 3599.684 3599.84 3599.996 3600.0 3600.0 3600.0 3600.0 3600.02 3600.072 3600.124 3600.176 3600.228 3606.588 3614.712 3622.836 3630.959 3640.556 3656.588 3672.62 3688.652 3704.685 3718.826 3731.658 3744.49 3757.322 3770.154 3775.87 3781.552 3787.236 3792.919 3796.648 3797.447 3798.246 3799.045 3799.844 3799.54 3798.968 3798.396 3797.824 3796.055 3789.77 3783.484 3777.199 3770.913 3762.018 3751.483 3740.948
3608.541 3604.4 3603.234 3602.067 3600.9 3599.733 3599.387 3599.302 3599.218 3599.133 3599.063 3599.063 3599.063 3599.063 3599.063 3599.178 3599.382 3599.586 3599.79 3599.994 3600.0 3600.0 3600.0 3600.0 3600.026 3600.094 3600.162 3600.23 3600.298 3606.662 3614.785 3622.909 3631.033 3640.643 3656.75 3672.857 3688.964 3705.071 3719.436 3732.593 3745.751 3758.909 3772.066 3777.576 3783.051 3788.526 3794.0 3797.521 3798.112 3798.703 3799.294 3799.885 3799.398 3798.65 3797.901 3797.153 3795.008 3787.591 3780.174 3772.757 3765.339 3755.853 3745.067 3734.282
3609.327 3605.153 3603.793 3602.434 3601.074 3599.715 3599.323 3599.239 3599.155 3599.07 3599.0 3599.0 3599.0 3599.0 3599.0 3599.124 3599.341 3599.559 3599.776 3599.994 3600.089 3600.181 3600.273 3600.365 3600.593 3601.044 3601.496 3601.948 3602.4 3608.713 3616.664 3624.616 3632.567 3641.875 3657.115 3672.354 3687.594 3702.833 3716.866 3730.062 3743.258 3756.454 3769.65 3775.608 3781.534 3787.459 3793.385 3797.187 3797.807 3798.427 3799.048 3799.668 3798.703 3797.353 3796.004 3794.654 3791.841 3783.502 3775.164 3766.826 3758.487 3749.044 3738.908 3728.771
3610.066 3605.974 3604.438 3602.902 3601.367 3599.831 3599.384 3599.284 3599.184 3599.084 3599.0 3599.0 3599.0 3599.0 3599.0 3599.124 3599.341 3599.559 3599.776 3599.994 3600.214 3600.434 3600.654 3600.874 3601.381 3602.361 3603.341 3604.322 3605.302 3611.542 3619.254 3626.965 3634.676 3643.559 3657.56 3671.56 3685.561 3699.562 3713.043 3726.165 3739.286 3752.407 3765.529 3772.194 3778.829 3785.465 3792.1 3796.378 3797.121 3797.864 3798.606 3799.349 3797.79 3795.671 3793.553 3791.435 3787.838 3778.662 3769.485 3760.308 3751.132 3741.982 3732.849 3723.716
3610.804 3606.795 3605.083 3603.371 3601.659 3599.947 3599.445 3599.329 3599.213 3599.097 3599.0 3599.0 3599.0 3599.0 3599.0 3599.124 3599.341 3599.559 3599.776 3599.994 3600.339 3600.687 3601.035 3601.383 3602.169 3603.677 3605.186 3606.695 3608.204 3614.372 3621.843 3629.314 3636.785 3645.242 3658.004 3670.766 3683.529 3696.291 3709.221 3722.268 3735.314 3748.361 3761.408 3768.779 3776.125 3783.47 3790.815 3795.568 3796.434 3797.3 3798.165 3799.031 3796.876 3793.99 3791.103 3788.216 3783.835 3773.821 3763.806 3753.792 3743.777 3734.92 3726.791 3718.661
3611.542 3607.616 3605.728 3603.84 3601.951 3600.063 3599.507 3599.375 3599.243 3599.111 3599.0 3599.0 3599.0 3599.0 3599.0 3599.124 3599.341 3599.559 3599.776 3599.994 3600.463 3600.939 3601.416 3601.892 3602.957 3604.994 3607.031 3609.069 3611.106 3617.202 3624.433 3631.664 3638.895 3646.925 3658.448 3669.972 3681.496 3693.019 3705.399 3718.371 3731.343 3744.314 3757.287 3765.364 3773.42 3781.475 3789.531 3794.759 3795.747 3796.736 3797.724 3798.712 3795.963 3792.308 3788.652 3784.996 3779.833 3768.98 3758.127 3747.274 3736.421 3727.857 3720.732 3713.606
3611.797 3608.038 3606.062 3604.086 3602.111 3600.135 3599.549 3599.406 3599.263 3599.12 3599.0 3599.0 3599.0 3599.0 3599.0 3599.146 3599.404 3599.662 3599.92 3600.178 3600.928 3601.693 3602.457 3603.221 3604.695 3607.341 3609.988 3612.634 3615.28 3621.307 3628.28 3635.252 3642.225 3649.833 3660.221 3670.609 3680.996 3691.384 3703.17 3715.926 3728.681 3741.437 3754.192 3762.59 3770.969 3779.347 3787.725 3793.137 3794.101 3795.066 3796.03 3796.994 3793.668 3789.301 3784.934 3780.566 3774.733 3763.366 3751.999 3740.632 3729.264 3721.107 3714.967 3708.827
3609.971 3606.743 3605.061 3603.379 3601.697 3600.015 3599.508 3599.376 3599.243 3599.111 3599.0 3599.0 3599.0 3599.0 3599.0 3599.268 3599.739 3600.21 3600.682 3601.153 3602.859 3604.601 3606.342 3608.083 3610.526 3614.128 3617.73 3621.332 3624.933 3630.906 3637.543 3644.179 3650.815 3658.021 3667.714 3677.408 3687.101 3696.795 3707.809 3719.737 3731.665 3743.593 3755.521 3762.576 3769.609 3776.642 3783.675 3788.017 3788.324 3788.632 3788.94 3789.248 3785.419 3780.588 3775.756 3770.925 3764.908 3754.422 3743.936 3733.449 3722.963 3715.703 3710.471 3705.238
3608.145 3605.449 3604.061 3602.672 3601.283 3599.895 3599.467 3599.345 3599.224 3599.102 3599.0 3599.0 3599.0 3599.0 3599.0 3599.389 3600.074 3600.759 3601.443 3602.128 3604.79 3607.509 3610.227 3612.946 3616.357 3620.915 3625.472 3630.029 3634.587 3640.506 3646.806 3653.106 3659.406 3666.208 3675.208 3684.207 3693.207 3702.206 3712.447 3723.547 3734.648 3745.748 3756.849 3762.561 3768.249 3773.937 3779.624 3782.896 3782.548 3782.199 3781.85 3781.501 3777.171 3771.875 3766.578 3761.282 3755.083 3745.478 3735.873 3726.267 3716.661 3710.299 3705.974 3701.649
3606.319 3604.154 3603.06 3601.965 3600.87 3599.775 3599.426 3599.315 3599.204 3599.093 3599.0 3599.0 3599.0 3599.0 3599.0 3599.51 3600.408 3601.307 3602.205 3603.104 3606.721 3610.417 3614.112 3617.808 3622.188 3627.701 3633.214 3638.727 3644.24 3650.105 3656.069 3662.032 3667.996 3674.396 3682.701 3691.006 3699.312 3707.617 3717.085 3727.358 3737.631 3747.904 3758.177 3762.547 3766.889 3771.231 3775.574 3777.776 3776.771 3775.765 3774.76 3773.754 3768.922 3763.161 3757.401 3751.64 3745.259 3736.534 3727.809 3719.084 3710.36 3704.895 3701.477 3698.06
3604.492 3602.86 3602.059 3601.258 3600.456 3599.655 3599.385 3599.285 3599.184 3599.084 3599.0 3599.0 3599.0 3599.0 3599.0 3599.631 3600.743 3601.855 3602.967 3604.079 3608.653 3613.325 3617.997 3622.67 3628.019 3634.488 3640.956 3647.425 3653.893 3659.704 3665.332 3670.959 3676.586 3682.583 3690.194 3697.805 3705.417 3713.028 3721.723 3731.169 3740.615 3750.06 3759.506 3762.532 3765.529 3768.527 3771.524 3772.656 3770.994 3769.332 3767.67 3766.008 3760.673 3754.448 3748.223 3741.998 3735.434 3727.59 3719.746 3711.902 3704.058 3699.49 3696.981 3694.471
3603.179 3601.921 3601.322 3600.723 3600.124 3599.525 3599.317 3599.235 3599.152 3599.069 3599.015 3599.111 3599.206 3599.301 3599.396 3600.431 3602.182 3603.934 3605.685 3607.437 3612.851 3618.371 3623.89 3629.409 3635.503 3642.547 3649.591 3656.635 3663.679 3669.782 3675.622 3681.462 3687.302 3693.426 3700.791 3708.155 3715.52 3722.884 3730.781 3739.047 3747.313 3755.579 3763.845 3764.689 3765.5 3766.31 3767.121 3766.504 3763.749 3760.993 3758.238 3755.482 3750.283 3744.491 3738.699 3732.908 3726.913 3720.15 3713.388 3706.625 3699.863 3695.963 3693.861 3691.759
3602.132 3601.166 3600.722 3600.278 3599.833 3599.389 3599.235 3599.174 3599.113 3599.051 3599.039 3599.278 3599.517 3599.757 3599.996 3601.581 3604.192 3606.803 3609.414 3612.025 3618.222 3624.52 3630.819 3637.118 3643.84 3651.263 3658.687 3666.11 3673.533 3680.107 3686.443 3692.78 3699.116 3705.641 3712.99 3720.338 3727.687 3735.035 3742.121 3749.026 3755.93 3762.835 3769.74 3767.968 3766.157 3764.346 3762.535 3759.818 3755.744 3751.67 3747.596 3743.521 3738.787 3733.892 3728.997 3724.102 3719.064 3713.487 3707.91 3702.333 3696.756 3693.405 3691.452 3689.5
3601.084 3600.411 3600.122 3599.833 3599.543 3599.253 3599.153 3599.113 3599.073 3599.033 3599.063 3599.446 3599.829 3600.212 3600.596 3602.731 3606.202 3609.673 3613.143 3616.614 3623.592 3630.67 3637.748 3644.826 3652.177 3659.98 3667.782 3675.584 3683.386 3690.431 3697.264 3704.097 3710.93 3717.856 3725.188 3732.521 3739.853 3747.186 3753.461 3759.004 3764.547 3770.09 3775.634 3771.246 3766.814 3762.382 3757.95 3753.133 3747.74 3742.347 3736.954 3731.561 3727.291 3723.293 3719.295 3715.297 3711.217 3706.824 3702.433 3698.041 3693.649 3690.847 3689.044 3687.241
3600.036 3599.656 3599.522 3599.387 3599.252 3599.118 3599.071 3599.053 3599.034 3599.016 3599.086 3599.614 3600.141 3600.668 3601.196 3603.882 3608.212 3612.542 3616.872 3621.202 3628.962 3636.82 3644.677 3652.535 3660.515 3668.696 3676.877 3685.059 3693.24 3700.756 3708.085 3715.415 3722.744 3730.071 3737.388 3744.704 3752.021 3759.337 3764.801 3768.983 3773.165 3777.346 3781.528 3774.525 3767.471 3760.418 3753.364 3746.448 3739.736 3733.024 3726.312 3719.6 3715.794 3712.693 3709.592 3706.491 3703.368 3700.162 3696.955 3693.748 3690.542 3688.289 3686.635 3684.982
3599.127 3599.0 3599.0 3599.0 3599.0 3599.0 3599.003 3599.007 3599.011 3599.016 3599.133 3599.832 3600.531 3601.229 3601.928 3605.163 3610.331 3615.498 3620.666 3625.833 3634.296 3642.853 3651.41 3659.968 3668.532 3677.109 3685.686 3694.263 3702.84 3710.811 3718.612 3726.413 3734.214 3741.902 3749.099 3756.295 3763.492 3770.688 3775.321 3778.178 3781.036 3783.893 3786.75 3777.334 3767.863 3758.391 3748.919 3740.079 3732.186 3724.292 3716.399 3708.505 3705.109 3702.802 3700.496 3698.189 3695.921 3693.797 3691.674 3689.55 3687.426 3685.699 3684.222 3682.744
3599.141 3599.0 3599.0 3599.0 3599.0 3599.0 3599.027 3599.064 3599.1 3599.136 3599.338 3600.389 3601.44 3602.491 3603.542 3607.321 3613.177 3619.033 3624.889 3630.745 3639.388 3648.111 3656.833 3665.556 3674.415 3683.499 3692.583 3701.668 3710.752 3719.071 3727.176 3735.281 3743.387 3751.172 3757.557 3763.942 3770.327 3776.712 3780.375 3782.154 3783.933 3785.712 3787.491 3777.012 3766.479 3755.945 3745.411 3735.826 3727.666 3719.506 3711.345 3703.185 3699.826 3697.632 3695.438 3693.243 3691.147 3689.424 3687.701 3685.977 3684.254 3682.898 3681.773 3680.648
3599.155 3599.0 3599.0 3599.0 3599.0 3599.0 3599.052 3599.12 3599.188 3599.257 3599.542 3600.946 3602.349 3603.753 3605.156 3609.478 3616.022 3622.567 3629.112 3635.656 3644.48 3653.368 3662.256 3671.145 3680.298 3689.889 3699.48 3709.072 3718.663 3727.331 3735.74 3744.15 3752.56 3760.441 3766.015 3771.588 3777.162 3782.735 3785.429 3786.13 3786.831 3787.531 3788.232 3776.691 3765.095 3753.498 3741.902 3731.574 3723.146 3714.719 3706.292 3697.865 3694.544 3692.461 3690.379 3688.297 3686.374 3685.051 3683.728 3682.405 3681.082 3680.097 3679.324 3678.552
3599.168 3599.0 3599.0 3599.0 3599.0 3599.0 3599.076 3599.176 3599.277 3599.377 3599.747 3601.503 3603.259 3605.014 3606.77 3611.635 3618.868 3626.102 3633.335 3640.568 3649.572 3658.625 3667.679 3676.733 3686.18 3696.279 3706.377 3716.476 3726.574 3735.591 3744.305 3753.019 3761.732 3769.711 3774.473 3779.235 3783.997 3788.759 3790.484 3790.106 3789.728 3789.35 3788.972 3776.369 3763.711 3751.052 3738.394 3727.321 3718.627 3709.933 3701.238 3692.544 3689.261 3687.291 3685.321 3683.351 3681.6 3680.677 3679.755 3678.832 3677.91 3677.296 3676.875 3676.455
3599.182 3599.0 3599.0 3599.0 3599.0 3599.0 3599.1 3599.233 3599.365 3599.497 3599.951 3602.06 3604.168 3606.276 3608.384 3613.792 3621.714 3629.636 3637.558 3645.48 3654.664 3663.883 3673.102 3682.322 3692.063 3702.669 3713.274 3723.88 3734.486 3743.851 3752.869 3761.887 3770.905 3778.98 3782.931 3786.881 3790.832 3794.782 3795.538 3794.082 3792.626 3791.169 3789.713 3776.047 3762.327 3748.606 3734.885 3723.068 3714.107 3705.146 3696.185 3687.223 3683.979 3682.121 3680.263 3678.405 3676.826 3676.304 3675.782 3675.26 3674.738 3674.494 3674.427 3674.359
3599.241 3599.0 3599.0 3599.0 3599.0 3599.0 3599.142 3599.329 3599.515 3599.702 3600.281 3602.873 3605.465 3608.057 3610.65 3616.47 3624.75 3633.03 3641.31 3649.59 3658.738 3667.911 3677.083 3686.257 3695.94 3706.469 3716.997 3727.526 3738.054 3747.474 3756.585 3765.696 3774.806 3782.826 3786.077 3789.329 3792.58 3795.831 3795.609 3792.981 3790.354 3787.726 3785.099 3771.268 3757.387 3743.506 3729.625 3717.847 3709.223 3700.598 3691.974 3683.349 3680.087 3678.126 3676.165 3674.204 3672.579 3672.219 3671.86 3671.5 3671.141 3671.22 3671.575 3671.93
