data/zism_data/01001_01_D.txt
ncols         224
nrows         224
[rows 196 to 223 of 224, columns 0 to 62 of 224]
1102.372 1104.561 1106.75 1108.94 1111.953 1117.136 1122.318 1127.501 1132.683 1136.537 1139.923 1143.308 1146.694 1149.307 1148.883 1148.46 1148.036 1147.613 1143.378 1137.237 1131.096 1124.955 1119.081 1114.991 1110.901 1106.81 1102.72 1100.711 1100.123 1099.536 1098.949 1098.398 1098.441 1098.485 1098.528 1098.571 1098.658 1098.786 1098.912 1099.04 1099.167 1099.336 1099.505 1099.675 1099.845 1099.762 1099.371 1098.98 1098.589 1098.198 1098.012 1097.846 1097.68 1097.514 1097.594 1098.083 1098.573 1099.062 1099.551 1099.694 1099.771 1099.848 1099.926
1100.991 1102.568 1104.146 1105.723 1108.201 1113.05 1117.899 1122.748 1127.598 1131.022 1133.943 1136.865 1139.786 1142.014 1141.52 1141.025 1140.53 1140.036 1136.234 1130.779 1125.324 1119.869 1114.695 1111.399 1108.104 1104.808 1101.512 1099.936 1099.535 1099.135 1098.734 1098.362 1098.461 1098.561 1098.66 1098.76 1098.871 1098.992 1099.112 1099.233 1099.354 1099.496 1099.638 1099.78 1099.922 1099.858 1099.543 1099.228 1098.913 1098.598 1098.486 1098.394 1098.302 1098.21 1098.306 1098.713 1099.12 1099.528 1099.935 1100.0 1100.0 1100.0 1100.0
1101.074 1102.394 1103.713 1105.033 1107.191 1111.557 1115.923 1120.289 1124.655 1127.513 1129.838 1132.163 1134.489 1136.268 1135.902 1135.537 1135.171 1134.805 1131.716 1127.265 1122.813 1118.362 1114.092 1111.027 1107.962 1104.897 1101.832 1100.315 1099.855 1099.395 1098.935 1098.508 1098.619 1098.729 1098.839 1098.95 1099.06 1099.17 1099.28 1099.39 1099.5 1099.61 1099.72 1099.83 1099.94 1099.868 1099.574 1099.281 1098.987 1098.693 1098.618 1098.563 1098.509 1098.454 1098.551 1098.9 1099.248 1099.596 1099.944 1100.0 1100.0 1100.0 1100.0
1101.158 1102.219 1103.281 1104.343 1106.181 1110.064 1113.947 1117.829 1121.712 1124.003 1125.733 1127.462 1129.192 1130.522 1130.285 1130.048 1129.812 1129.575 1127.198 1123.75 1120.303 1116.856 1113.489 1110.655 1107.821 1104.987 1102.153 1100.694 1100.175 1099.656 1099.137 1098.655 1098.776 1098.897 1099.018 1099.139 1099.249 1099.349 1099.448 1099.547 1099.647 1099.724 1099.802 1099.88 1099.957 1099.878 1099.606 1099.333 1099.061 1098.789 1098.75 1098.733 1098.716 1098.699 1098.797 1099.086 1099.375 1099.665 1099.954 1100.0 1100.0 1100.0 1100.0
1101.241 1102.045 1102.849 1103.653 1105.171 1108.571 1111.97 1115.37 1118.77 1120.494 1121.628 1122.761 1123.895 1124.776 1124.668 1124.56 1124.452 1124.344 1122.679 1120.236 1117.793 1115.35 1112.886 1110.283 1107.679 1105.076 1102.473 1101.073 1100.495 1099.917 1099.339 1098.802 1098.934 1099.065 1099.197 1099.329 1099.438 1099.527 1099.616 1099.704 1099.793 1099.839 1099.884 1099.93 1099.975 1099.887 1099.637 1099.386 1099.135 1098.885 1098.881 1098.902 1098.923 1098.943 1099.043 1099.273 1099.503 1099.733 1099.963 1100.0 1100.0 1100.0 1100.0
1101.324 1101.87 1102.416 1102.963 1104.161 1107.078 1109.994 1112.911 1115.827 1116.985 1117.523 1118.06 1118.598 1119.03 1119.051 1119.072 1119.093 1119.114 1118.161 1116.722 1115.283 1113.844 1112.283 1109.91 1107.538 1105.166 1102.793 1101.452 1100.815 1100.178 1099.541 1098.948 1099.091 1099.234 1099.376 1099.519 1099.628 1099.705 1099.783 1099.861 1099.939 1099.953 1099.966 1099.98 1099.993 1099.897 1099.668 1099.439 1099.209 1098.98 1099.013 1099.071 1099.13 1099.188 1099.288 1099.459 1099.63 1099.802 1099.973 1100.0 1100.0 1100.0 1100.0
1101.519 1101.963 1102.407 1102.851 1103.845 1106.284 1108.724 1111.163 1113.603 1114.362 1114.529 1114.696 1114.863 1115.007 1115.058 1115.109 1115.161 1115.212 1114.695 1113.895 1113.095 1112.295 1111.325 1109.221 1107.118 1105.015 1102.911 1101.674 1101.029 1100.383 1099.738 1099.137 1099.265 1099.393 1099.521 1099.649 1099.743 1099.807 1099.871 1099.935 1099.999 1100.0 1100.0 1100.0 1100.0 1099.914 1099.722 1099.53 1099.338 1099.146 1099.188 1099.252 1099.316 1099.38 1099.468 1099.596 1099.724 1099.852 1099.98 1100.0 1100.0 1100.0 1100.0
1101.791 1102.24 1102.69 1103.139 1104.007 1105.974 1107.941 1109.908 1111.875 1112.353 1112.305 1112.257 1112.209 1112.174 1112.188 1112.201 1112.215 1112.229 1111.957 1111.544 1111.13 1110.716 1110.121 1108.313 1106.505 1104.697 1102.889 1101.787 1101.169 1100.55 1099.932 1099.354 1099.45 1099.546 1099.641 1099.737 1099.808 1099.856 1099.904 1099.951 1099.999 1100.0 1100.0 1100.0 1100.0 1099.936 1099.792 1099.648 1099.505 1099.361 1099.392 1099.44 1099.488 1099.536 1099.602 1099.698 1099.793 1099.889 1099.985 1100.0 1100.0 1100.0 1100.0
1102.063 1102.518 1102.973 1103.428 1104.169 1105.663 1107.158 1108.653 1110.147 1110.343 1110.08 1109.818 1109.555 1109.341 1109.317 1109.293 1109.269 1109.245 1109.219 1109.192 1109.165 1109.138 1108.917 1107.405 1105.892 1104.379 1102.866 1101.901 1101.309 1100.717 1100.125 1099.572 1099.635 1099.699 1099.762 1099.826 1099.873 1099.904 1099.936 1099.968 1100.0 1100.0 1100.0 1100.0 1100.0 1099.957 1099.862 1099.767 1099.672 1099.576 1099.597 1099.629 1099.661 1099.692 1099.736 1099.799 1099.863 1099.926 1099.99 1100.0 1100.0 1100.0 1100.0
1102.336 1102.796 1103.256 1103.716 1104.331 1105.353 1106.375 1107.397 1108.419 1108.333 1107.856 1107.379 1106.901 1106.508 1106.447 1106.385 1106.324 1106.262 1106.481 1106.841 1107.2 1107.56 1107.714 1106.496 1105.279 1104.061 1102.844 1102.014 1101.449 1100.884 1100.319 1099.789 1099.82 1099.852 1099.883 1099.914 1099.937 1099.953 1099.969 1099.984 1100.0 1100.0 1100.0 1100.0 1100.0 1099.979 1099.932 1099.885 1099.838 1099.791 1099.802 1099.817 1099.833 1099.848 1099.87 1099.901 1099.932 1099.964 1099.995 1100.0 1100.0 1100.0 1100.0
1102.598 1103.062 1103.525 1103.989 1104.479 1105.037 1105.596 1106.155 1106.713 1106.353 1105.669 1104.984 1104.299 1103.734 1103.64 1103.545 1103.449 1103.354 1103.811 1104.544 1105.277 1106.01 1106.527 1105.6 1104.673 1103.746 1102.819 1102.124 1101.587 1101.05 1100.512 1100.006 1100.005 1100.004 1100.002 1100.001 1100.0 1100.0 1100.0 1100.0 1100.0 1100.0 1100.0 1100.0 1100.0 1100.0 1100.0 1100.0 1100.0 1100.0 1099.999 1099.997 1099.995 1099.994 1099.992 1099.991 1099.99 1099.989 1099.987 1099.982 1099.976 1099.97 1099.964
1102.546 1102.945 1103.344 1103.743 1104.142 1104.54 1104.937 1105.335 1105.732 1105.362 1104.72 1104.079 1103.437 1102.927 1102.934 1102.941 1102.948 1102.955 1103.403 1104.072 1104.74 1105.409 1105.886 1105.094 1104.301 1103.509 1102.716 1102.11 1101.632 1101.154 1100.676 1100.223 1100.173 1100.123 1100.073 1100.024 1100.0 1100.0 1100.0 1100.0 1100.0 1100.0 1100.0 1100.0 1100.0 1100.0 1100.0 1100.0 1100.0 1100.0 1099.95 1099.894 1099.839 1099.784 1099.733 1099.688 1099.644 1099.6 1099.556 1099.372 1099.162 1098.952 1098.742
1102.494 1102.828 1103.163 1103.498 1103.805 1104.042 1104.278 1104.515 1104.751 1104.371 1103.772 1103.173 1102.575 1102.12 1102.229 1102.338 1102.447 1102.556 1102.995 1103.599 1104.203 1104.807 1105.246 1104.588 1103.93 1103.271 1102.613 1102.097 1101.678 1101.259 1100.839 1100.439 1100.341 1100.243 1100.145 1100.047 1100.0 1100.0 1100.0 1100.0 1100.0 1100.0 1100.0 1100.0 1100.0 1100.0 1100.0 1100.0 1100.0 1100.0 1099.901 1099.792 1099.683 1099.574 1099.473 1099.386 1099.299 1099.211 1099.124 1098.762 1098.348 1097.934 1097.52
1102.442 1102.712 1102.982 1103.252 1103.469 1103.544 1103.62 1103.695 1103.771 1103.38 1102.824 1102.268 1101.712 1101.312 1101.523 1101.734 1101.945 1102.156 1102.586 1103.126 1103.666 1104.205 1104.606 1104.082 1103.558 1103.034 1102.51 1102.083 1101.723 1101.363 1101.003 1100.656 1100.509 1100.363 1100.216 1100.07 1100.0 1100.0 1100.0 1100.0 1100.0 1100.0 1100.0 1100.0 1100.0 1100.0 1100.0 1100.0 1100.0 1100.0 1099.852 1099.689 1099.526 1099.364 1099.213 1099.083 1098.953 1098.823 1098.693 1098.152 1097.534 1096.916 1096.298
1102.389 1102.595 1102.801 1103.007 1103.132 1103.047 1102.961 1102.875 1102.79 1102.388 1101.875 1101.363 1100.85 1100.505 1100.818 1101.131 1101.444 1101.757 1102.178 1102.653 1103.129 1103.604 1103.966 1103.576 1103.186 1102.796 1102.406 1102.069 1101.768 1101.468 1101.167 1100.872 1100.677 1100.483 1100.288 1100.093 1100.0 1100.0 1100.0 1100.0 1100.0 1100.0 1100.0 1100.0 1100.0 1100.0 1100.0 1100.0 1100.0 1100.0 1099.802 1099.586 1099.37 1099.153 1098.953 1098.78 1098.607 1098.434 1098.261 1097.542 1096.72 1095.898 1095.076
1102.324 1102.478 1102.632 1102.786 1102.845 1102.653 1102.462 1102.27 1102.079 1101.698 1101.251 1100.804 1100.356 1100.072 1100.424 1100.776 1101.129 1101.481 1101.877 1102.296 1102.714 1103.132 1103.458 1103.164 1102.871 1102.578 1102.284 1101.999 1101.72 1101.44 1101.161 1100.886 1100.688 1100.49 1100.292 1100.095 1100.0 1100.0 1100.0 1100.0 1100.0 1100.0 1100.0 1100.0 1100.0 1100.0 1100.0 1100.0 1100.0 1100.0 1099.772 1099.522 1099.272 1099.022 1098.76 1098.479 1098.198 1097.916 1097.635 1096.629 1095.485 1094.341 1093.197
1102.245 1102.361 1102.478 1102.594 1102.614 1102.379 1102.145 1101.91 1101.676 1101.352 1100.996 1100.64 1100.284 1100.065 1100.385 1100.705 1101.025 1101.346 1101.699 1102.069 1102.439 1102.809 1103.099 1102.86 1102.62 1102.38 1102.141 1101.865 1101.564 1101.263 1100.962 1100.67 1100.52 1100.371 1100.221 1100.072 1100.0 1100.0 1100.0 1100.0 1100.0 1100.0 1100.0 1100.0 1100.0 1100.0 1100.0 1100.0 1100.0 1100.0 1099.762 1099.501 1099.241 1098.98 1098.643 1098.179 1097.715 1097.251 1096.787 1095.368 1093.768 1092.167 1090.567
1102.166 1102.245 1102.323 1102.402 1102.383 1102.105 1101.828 1101.551 1101.273 1101.005 1100.74 1100.476 1100.211 1100.058 1100.346 1100.634 1100.922 1101.21 1101.521 1101.842 1102.164 1102.486 1102.741 1102.555 1102.369 1102.183 1101.997 1101.73 1101.408 1101.085 1100.763 1100.453 1100.352 1100.251 1100.15 1100.048 1100.0 1100.0 1100.0 1100.0 1100.0 1100.0 1100.0 1100.0 1100.0 1100.0 1100.0 1100.0 1100.0 1100.0 1099.752 1099.481 1099.209 1098.938 1098.525 1097.879 1097.232 1096.586 1095.94 1094.108 1092.051 1089.994 1087.938
1102.087 1102.128 1102.169 1102.21 1102.152 1101.831 1101.511 1101.191 1100.87 1100.658 1100.485 1100.312 1100.138 1100.052 1100.308 1100.563 1100.819 1101.075 1101.342 1101.616 1101.889 1102.162 1102.383 1102.25 1102.118 1101.986 1101.854 1101.596 1101.252 1100.908 1100.564 1100.237 1100.184 1100.131 1100.078 1100.025 1100.0 1100.0 1100.0 1100.0 1100.0 1100.0 1100.0 1100.0 1100.0 1100.0 1100.0 1100.0 1100.0 1100.0 1099.742 1099.46 1099.178 1098.896 1098.408 1097.579 1096.75 1095.921 1095.092 1092.848 1090.334 1087.821 1085.308
1102.008 1102.011 1102.015 1102.018 1101.921 1101.557 1101.194 1100.831 1100.467 1100.312 1100.23 1100.148 1100.065 1100.045 1100.269 1100.492 1100.716 1100.939 1101.164 1101.389 1101.614 1101.839 1102.024 1101.946 1101.867 1101.789 1101.71 1101.461 1101.096 1100.73 1100.365 1100.021 1100.016 1100.011 1100.007 1100.002 1100.0 1100.0 1100.0 1100.0 1100.0 1100.0 1100.0 1100.0 1100.0 1100.0 1100.0 1100.0 1100.0 1100.0 1099.733 1099.44 1099.147 1098.854 1098.29 1097.279 1096.267 1095.256 1094.244 1091.587 1088.618 1085.648 1082.679
1101.622 1101.564 1101.505 1101.447 1101.309 1100.961 1100.613 1100.265 1099.917 1099.84 1099.859 1099.878 1099.897 1099.96 1100.2 1100.44 1100.68 1100.92 1101.128 1101.319 1101.51 1101.701 1101.857 1101.774 1101.69 1101.607 1101.524 1101.295 1100.967 1100.638 1100.309 1099.998 1099.959 1099.92 1099.881 1099.842 1099.844 1099.883 1099.922 1099.961 1099.999 1100.0 1100.0 1100.0 1100.0 1100.0 1100.0 1100.0 1100.0 1100.0 1099.732 1099.438 1099.144 1098.85 1098.252 1097.15 1096.048 1094.947 1093.845 1091.198 1088.258 1085.318 1082.378
1101.204 1101.082 1100.959 1100.836 1100.657 1100.331 1100.004 1099.678 1099.351 1099.355 1099.476 1099.597 1099.718 1099.867 1100.129 1100.39 1100.651 1100.913 1101.106 1101.265 1101.424 1101.583 1101.709 1101.615 1101.521 1101.427 1101.334 1101.126 1100.84 1100.555 1100.269 1099.995 1099.913 1099.832 1099.75 1099.668 1099.672 1099.753 1099.835 1099.917 1099.999 1100.0 1100.0 1100.0 1100.0 1100.0 1100.0 1100.0 1100.0 1100.0 1099.732 1099.438 1099.144 1098.85 1098.221 1097.039 1095.857 1094.675 1093.492 1090.901 1088.041 1085.182 1082.322
1100.787 1100.6 1100.412 1100.225 1100.006 1099.701 1099.396 1099.091 1098.786 1098.871 1099.094 1099.316 1099.539 1099.774 1100.057 1100.34 1100.623 1100.906 1101.085 1101.211 1101.338 1101.465 1101.562 1101.457 1101.352 1101.248 1101.143 1100.956 1100.714 1100.471 1100.229 1099.993 1099.868 1099.743 1099.618 1099.494 1099.499 1099.624 1099.749 1099.873 1099.998 1100.0 1100.0 1100.0 1100.0 1100.0 1100.0 1100.0 1100.0 1100.0 1099.732 1099.438 1099.144 1098.85 1098.191 1096.928 1095.665 1094.403 1093.14 1090.603 1087.824 1085.045 1082.266
1100.369 1100.118 1099.866 1099.614 1099.354 1099.07 1098.787 1098.503 1098.22 1098.386 1098.711 1099.036 1099.361 1099.681 1099.986 1100.29 1100.594 1100.899 1101.063 1101.158 1101.252 1101.347 1101.414 1101.299 1101.183 1101.068 1100.953 1100.787 1100.588 1100.388 1100.188 1099.99 1099.823 1099.655 1099.487 1099.319 1099.327 1099.494 1099.662 1099.83 1099.998 1100.0 1100.0 1100.0 1100.0 1100.0 1100.0 1100.0 1100.0 1100.0 1099.732 1099.438 1099.144 1098.85 1098.161 1096.817 1095.474 1094.131 1092.787 1090.305 1087.607 1084.909 1082.21
1099.663 1099.31 1098.957 1098.604 1098.279 1098.028 1097.777 1097.526 1097.275 1097.578 1098.077 1098.576 1099.074 1099.539 1099.87 1100.202 1100.533 1100.865 1101.024 1101.097 1101.171 1101.244 1101.292 1101.17 1101.047 1100.925 1100.802 1100.641 1100.453 1100.265 1100.077 1099.889 1099.706 1099.523 1099.34 1099.157 1099.174 1099.376 1099.577 1099.779 1099.98 1099.987 1099.991 1099.994 1099.998 1100.0 1100.0 1100.0 1100.0 1100.0 1099.718 1099.41 1099.101 1098.792 1098.077 1096.69 1095.303 1093.916 1092.529 1090.227 1087.751 1085.275 1082.799
1098.403 1097.878 1097.353 1096.829 1096.394 1096.197 1096.0 1095.802 1095.605 1096.152 1096.962 1097.772 1098.583 1099.303 1099.672 1100.041 1100.41 1100.779 1100.951 1101.024 1101.098 1101.171 1101.219 1101.097 1100.974 1100.852 1100.729 1100.539 1100.303 1100.067 1099.83 1099.599 1099.453 1099.308 1099.163 1099.017 1099.061 1099.279 1099.496 1099.714 1099.931 1099.949 1099.963 1099.978 1099.992 1100.0 1100.0 1100.0 1100.0 1100.0 1099.679 1099.327 1098.976 1098.624 1097.893 1096.532 1095.172 1093.812 1092.452 1090.569 1088.587 1086.605 1084.623
1097.143 1096.446 1095.75 1095.053 1094.509 1094.365 1094.222 1094.078 1093.935 1094.726 1095.848 1096.969 1098.091 1099.067 1099.474 1099.88 1100.287 1100.693 1100.878 1100.951 1101.025 1101.098 1101.146 1101.024 1100.901 1100.779 1100.656 1100.438 1100.153 1099.868 1099.583 1099.309 1099.201 1099.093 1098.985 1098.877 1098.948 1099.181 1099.415 1099.649 1099.882 1099.911 1099.936 1099.961 1099.986 1100.0 1100.0 1100.0 1100.0 1100.0 1099.64 1099.245 1098.851 1098.456 1097.708 1096.375 1095.041 1093.708 1092.375 1090.911 1089.423 1087.935 1086.448
1095.883 1095.015 1094.146 1093.278 1092.624 1092.534 1092.444 1092.354 1092.264 1093.3 1094.733 1096.166 1097.599 1098.831 1099.276 1099.72 1100.164 1100.608 1100.805 1100.878 1100.952 1101.025 1101.073 1100.951 1100.828 1100.706 1100.583 1100.336 1100.003 1099.67 1099.337 1099.019 1098.948 1098.878 1098.808 1098.738 1098.834 1099.084 1099.334 1099.584 1099.833 1099.872 1099.908 1099.944 1099.98 1100.0 1100.0 1100.0 1100.0 1100.0 1099.601 1099.163 1098.725 1098.288 1097.523 1096.217 1094.91 1093.604 1092.297 1091.254 1090.26 1089.266 1088.272
