data/zism_data/01000_03_D.txt
ncols         224
nrows         224
[rows 28 to 55 of 224, columns 0 to 62 of 224]
1563.068 1569.141 1575.214 1581.288 1589.501 1597.746 1605.99 1614.235 1622.889 1632.076 1641.263 1650.45 1659.636 1669.992 1680.5 1691.008 1701.517 1711.897 1722.022 1732.147 1742.272 1752.397 1760.158 1767.264 1774.369 1781.474 1787.987 1792.536 1797.085 1801.634 1806.182 1810.371 1814.392 1818.413 1822.434 1826.435 1830.309 1834.183 1838.058 1841.932 1845.664 1849.294 1852.924 1856.554 1860.18 1863.684 1867.187 1870.691 1874.194 1877.104 1879.366 1881.628 1883.89 1886.153 1889.334 1892.586 1895.839 1899.092 1903.278 1909.007 1914.736 1920.465 1926.194
1569.821 1575.792 1581.764 1587.735 1595.757 1603.808 1611.86 1619.911 1628.501 1637.789 1647.078 1656.367 1665.656 1676.402 1687.34 1698.277 1709.215 1720.05 1730.679 1741.308 1751.937 1762.566 1770.324 1777.285 1784.245 1791.206 1797.557 1801.892 1806.226 1810.56 1814.894 1818.883 1822.711 1826.538 1830.366 1834.193 1838.019 1841.845 1845.671 1849.497 1853.181 1856.763 1860.344 1863.926 1867.499 1870.799 1874.098 1877.398 1880.698 1883.283 1885.089 1886.895 1888.701 1890.507 1893.64 1896.877 1900.114 1903.35 1907.409 1912.827 1918.245 1923.663 1929.08
1576.462 1582.361 1588.261 1594.161 1602.033 1609.934 1617.835 1625.736 1634.301 1643.728 1653.156 1662.583 1672.01 1683.131 1694.475 1705.818 1717.162 1728.392 1739.394 1750.396 1761.398 1772.4 1780.134 1786.961 1793.787 1800.614 1806.819 1810.966 1815.113 1819.26 1823.406 1827.236 1830.917 1834.598 1838.279 1841.974 1845.756 1849.539 1853.323 1857.105 1860.734 1864.25 1867.766 1871.282 1874.787 1877.923 1881.058 1884.194 1887.329 1889.657 1891.105 1892.553 1894.001 1895.45 1898.587 1901.857 1905.126 1908.396 1912.362 1917.48 1922.599 1927.717 1932.835
1582.437 1588.444 1594.452 1600.459 1608.433 1616.436 1624.439 1632.442 1641.218 1651.0 1660.781 1670.562 1680.344 1691.743 1703.355 1714.967 1726.578 1737.853 1748.453 1759.052 1769.652 1780.252 1787.844 1794.601 1801.357 1808.114 1814.26 1818.38 1822.5 1826.62 1830.74 1834.648 1838.458 1842.268 1846.078 1849.883 1853.655 1857.427 1861.199 1864.972 1868.499 1871.849 1875.199 1878.549 1881.895 1885.1 1888.305 1891.51 1894.715 1897.185 1898.853 1900.521 1902.189 1903.857 1907.309 1910.901 1914.492 1918.084 1922.163 1927.051 1931.939 1936.826 1941.714
1588.413 1594.528 1600.642 1606.756 1614.833 1622.938 1631.043 1639.148 1648.135 1658.271 1668.406 1678.542 1688.677 1700.355 1712.235 1724.115 1735.995 1747.314 1757.512 1767.709 1777.906 1788.104 1795.554 1802.241 1808.928 1815.615 1821.7 1825.793 1829.887 1833.98 1838.073 1842.061 1845.999 1849.938 1853.877 1857.792 1861.554 1865.315 1869.077 1872.838 1876.265 1879.448 1882.632 1885.815 1889.002 1892.276 1895.551 1898.826 1902.101 1904.713 1906.601 1908.489 1910.377 1912.265 1916.031 1919.945 1923.858 1927.771 1931.965 1936.622 1941.279 1945.936 1950.593
1594.389 1600.611 1606.833 1613.054 1621.232 1629.439 1637.646 1645.853 1655.053 1665.542 1676.032 1686.521 1697.011 1708.967 1721.115 1733.264 1745.412 1756.776 1766.571 1776.365 1786.161 1795.955 1803.263 1809.881 1816.498 1823.115 1829.141 1833.207 1837.274 1841.34 1845.406 1849.473 1853.541 1857.608 1861.675 1865.702 1869.452 1873.203 1876.954 1880.705 1884.03 1887.047 1890.065 1893.082 1896.109 1899.453 1902.798 1906.142 1909.487 1912.24 1914.348 1916.456 1918.564 1920.672 1924.753 1928.989 1933.224 1937.459 1941.767 1946.193 1950.619 1955.045 1959.472
1600.365 1606.694 1613.023 1619.352 1627.632 1635.941 1644.25 1652.559 1661.97 1672.814 1683.657 1694.501 1705.345 1717.579 1729.995 1742.412 1754.828 1766.237 1775.63 1785.022 1794.415 1803.807 1810.973 1817.521 1824.068 1830.616 1836.582 1840.621 1844.661 1848.7 1852.74 1856.886 1861.082 1865.278 1869.474 1873.611 1877.351 1881.091 1884.831 1888.571 1891.796 1894.647 1897.498 1900.349 1903.216 1906.63 1910.044 1913.459 1916.873 1919.768 1922.096 1924.424 1926.752 1929.08 1933.475 1938.033 1942.59 1947.147 1951.568 1955.764 1959.959 1964.155 1968.35
1605.321 1611.792 1618.264 1624.735 1632.933 1641.155 1649.378 1657.601 1666.956 1677.784 1688.612 1699.44 1710.268 1722.504 1734.924 1747.344 1759.764 1771.09 1780.227 1789.364 1798.501 1807.637 1814.738 1821.273 1827.808 1834.344 1840.373 1844.727 1849.08 1853.434 1857.788 1862.216 1866.677 1871.14 1875.602 1879.965 1883.672 1887.379 1891.086 1894.793 1898.018 1900.894 1903.77 1906.646 1909.542 1913.102 1916.663 1920.224 1923.784 1926.932 1929.63 1932.328 1935.025 1937.723 1942.243 1946.906 1951.568 1956.23 1960.66 1964.704 1968.749 1972.793 1976.838
1609.581 1616.219 1622.856 1629.494 1637.482 1645.49 1653.499 1661.507 1670.624 1681.184 1691.744 1702.303 1712.863 1724.911 1737.154 1749.397 1761.64 1772.796 1781.777 1790.759 1799.74 1808.721 1815.809 1822.371 1828.933 1835.495 1841.672 1846.573 1851.474 1856.375 1861.276 1866.123 1870.944 1875.766 1880.587 1885.257 1888.916 1892.574 1896.233 1899.892 1903.187 1906.219 1909.25 1912.281 1915.334 1919.093 1922.852 1926.611 1930.37 1933.848 1937.018 1940.188 1943.358 1946.528 1951.042 1955.661 1960.281 1964.9 1969.267 1973.215 1977.163 1981.111 1985.059
1613.841 1620.645 1627.449 1634.253 1642.032 1649.825 1657.619 1665.412 1674.292 1684.583 1694.875 1705.167 1715.458 1727.318 1739.384 1751.45 1763.516 1774.502 1783.328 1792.154 1800.979 1809.805 1816.88 1823.469 1830.057 1836.646 1842.971 1848.419 1853.867 1859.316 1864.764 1870.03 1875.211 1880.392 1885.573 1890.549 1894.159 1897.77 1901.38 1904.991 1908.356 1911.543 1914.73 1917.917 1921.126 1925.084 1929.042 1932.999 1936.957 1940.764 1944.406 1948.048 1951.69 1955.332 1959.841 1964.417 1968.994 1973.57 1977.874 1981.725 1985.576 1989.428 1993.279
1618.1 1625.071 1632.041 1639.011 1646.582 1654.16 1661.739 1669.318 1677.96 1687.983 1698.006 1708.03 1718.053 1729.725 1741.614 1753.503 1765.392 1776.208 1784.879 1793.549 1802.219 1810.889 1817.951 1824.566 1831.182 1837.798 1844.269 1850.265 1856.261 1862.256 1868.252 1873.937 1879.478 1885.018 1890.559 1895.841 1899.403 1902.965 1906.527 1910.09 1913.525 1916.867 1920.21 1923.552 1926.919 1931.075 1935.231 1939.387 1943.543 1947.679 1951.794 1955.908 1960.022 1964.136 1968.64 1973.173 1977.707 1982.24 1986.481 1990.235 1993.99 1997.745 2001.5
1622.323 1629.453 1636.583 1643.713 1651.081 1658.452 1665.823 1673.195 1681.602 1691.357 1701.111 1710.865 1720.62 1732.089 1743.784 1755.478 1767.172 1777.802 1786.303 1794.805 1803.306 1811.807 1818.843 1825.472 1832.101 1838.729 1845.336 1851.87 1858.404 1864.938 1871.472 1877.573 1883.47 1889.368 1895.266 1900.855 1904.389 1907.923 1911.456 1914.99 1918.506 1922.009 1925.512 1929.015 1932.542 1936.901 1941.26 1945.619 1949.978 1954.442 1959.02 1963.599 1968.177 1972.756 1977.257 1981.753 1986.249 1990.745 1994.929 1998.599 2002.269 2005.938 2009.608
1625.733 1632.874 1640.015 1647.155 1654.47 1661.788 1669.106 1676.423 1684.679 1694.155 1703.63 1713.106 1722.581 1733.501 1744.61 1755.72 1766.829 1776.917 1784.963 1793.008 1801.053 1809.099 1815.809 1822.148 1828.486 1834.825 1841.289 1848.167 1855.044 1861.921 1868.799 1875.221 1881.43 1887.639 1893.848 1899.761 1903.702 1907.644 1911.585 1915.527 1919.366 1923.132 1926.898 1930.664 1934.455 1939.109 1943.763 1948.417 1953.071 1957.828 1962.696 1967.564 1972.432 1977.3 1981.893 1986.464 1991.035 1995.606 1999.9 2003.736 2007.572 2011.407 2015.244
1629.144 1636.295 1643.447 1650.598 1657.86 1665.124 1672.388 1679.652 1687.756 1696.953 1706.149 1715.346 1724.542 1734.913 1745.438 1755.962 1766.487 1776.033 1783.622 1791.211 1798.801 1806.39 1812.774 1818.823 1824.872 1830.922 1837.242 1844.463 1851.684 1858.905 1866.125 1872.869 1879.389 1885.909 1892.429 1898.667 1903.016 1907.365 1911.714 1916.063 1920.227 1924.256 1928.284 1932.313 1936.368 1941.318 1946.267 1951.216 1956.165 1961.214 1966.372 1971.529 1976.687 1981.845 1986.528 1991.174 1995.821 2000.467 2004.87 2008.872 2012.875 2016.877 2020.879
1632.554 1639.716 1646.878 1654.041 1661.25 1668.461 1675.671 1682.881 1690.834 1699.751 1708.669 1717.586 1726.504 1736.325 1746.265 1756.204 1766.144 1775.148 1782.282 1789.415 1796.548 1803.681 1809.739 1815.499 1821.258 1827.018 1833.196 1840.76 1848.324 1855.888 1863.452 1870.517 1877.349 1884.18 1891.011 1897.572 1902.329 1907.086 1911.843 1916.6 1921.087 1925.379 1929.671 1933.962 1938.281 1943.526 1948.77 1954.014 1959.258 1964.6 1970.047 1975.495 1980.943 1986.39 1991.164 1995.885 2000.606 2005.328 2009.84 2014.009 2018.178 2022.346 2026.515
1635.965 1643.137 1650.31 1657.483 1664.64 1671.797 1678.953 1686.11 1693.911 1702.549 1711.188 1719.826 1728.465 1737.737 1747.092 1756.447 1765.802 1774.264 1780.941 1787.618 1794.295 1800.972 1806.705 1812.174 1817.644 1823.114 1829.149 1837.056 1844.964 1852.871 1860.779 1868.165 1875.308 1882.451 1889.593 1896.478 1901.642 1906.807 1911.972 1917.137 1921.948 1926.502 1931.057 1935.611 1940.194 1945.734 1951.273 1956.812 1962.352 1967.985 1973.723 1979.46 1985.198 1990.935 1995.8 2000.596 2005.392 2010.188 2014.811 2019.146 2023.481 2027.816 2032.151
1638.03 1645.121 1652.212 1659.303 1666.32 1673.335 1680.351 1687.367 1694.996 1703.421 1711.847 1720.272 1728.698 1737.44 1746.223 1755.006 1763.79 1771.768 1778.134 1784.501 1790.867 1797.234 1802.636 1807.771 1812.906 1818.042 1823.821 1831.733 1839.646 1847.558 1855.471 1863.092 1870.578 1878.063 1885.549 1892.776 1898.279 1903.783 1909.287 1914.791 1919.859 1924.61 1929.361 1934.113 1938.9 1944.885 1950.87 1956.855 1962.84 1968.859 1974.915 1980.971 1987.027 1993.084 1998.065 2002.963 2007.861 2012.759 2017.529 2022.089 2026.648 2031.207 2035.767
1638.71 1645.624 1652.538 1659.452 1666.239 1673.024 1679.809 1686.594 1694.029 1702.31 1710.591 1718.871 1727.152 1735.384 1743.609 1751.835 1760.06 1767.612 1773.818 1780.023 1786.229 1792.434 1797.504 1802.258 1807.012 1811.766 1817.173 1824.742 1832.311 1839.88 1847.449 1855.218 1863.078 1870.94 1878.801 1886.389 1892.161 1897.933 1903.705 1909.478 1914.733 1919.613 1924.493 1929.373 1934.302 1940.888 1947.474 1954.06 1960.646 1967.146 1973.55 1979.955 1986.36 1992.765 1997.892 2002.918 2007.945 2012.972 2017.929 2022.773 2027.617 2032.461 2037.304
1639.39 1646.127 1652.864 1659.601 1666.158 1672.712 1679.267 1685.821 1693.063 1701.199 1709.335 1717.47 1725.606 1733.328 1740.995 1748.663 1756.33 1763.456 1769.501 1775.546 1781.59 1787.635 1792.371 1796.745 1801.118 1805.491 1810.526 1817.751 1824.977 1832.203 1839.428 1847.343 1855.579 1863.816 1872.053 1880.003 1886.043 1892.083 1898.124 1904.164 1909.607 1914.615 1919.624 1924.633 1929.705 1936.892 1944.079 1951.266 1958.453 1965.432 1972.186 1978.94 1985.693 1992.447 1997.718 2002.874 2008.029 2013.184 2018.329 2023.458 2028.586 2033.714 2038.842
1640.07 1646.63 1653.19 1659.75 1666.077 1672.401 1678.724 1685.048 1692.097 1700.088 1708.078 1716.069 1724.06 1731.272 1738.381 1745.491 1752.6 1759.301 1765.185 1771.068 1776.952 1782.835 1787.239 1791.231 1795.223 1799.216 1803.878 1810.76 1817.643 1824.525 1831.407 1839.468 1848.08 1856.692 1865.305 1873.616 1879.925 1886.234 1892.542 1898.851 1904.481 1909.618 1914.756 1919.893 1925.108 1932.896 1940.683 1948.471 1956.259 1963.719 1970.821 1977.924 1985.026 1992.129 1997.545 2002.829 2008.113 2013.397 2018.729 2024.142 2029.555 2034.967 2040.38
1640.75 1647.133 1653.516 1659.899 1665.996 1672.089 1678.182 1684.275 1691.13 1698.976 1706.822 1714.668 1722.514 1729.216 1735.767 1742.319 1748.87 1755.145 1760.868 1766.591 1772.313 1778.036 1782.106 1785.718 1789.329 1792.94 1797.23 1803.769 1810.308 1816.847 1823.386 1831.593 1840.581 1849.569 1858.557 1867.23 1873.807 1880.384 1886.96 1893.537 1899.354 1904.621 1909.887 1915.154 1920.511 1928.899 1937.288 1945.677 1954.065 1962.006 1969.457 1976.908 1984.359 1991.811 1997.371 2002.784 2008.197 2013.61 2019.13 2024.827 2030.523 2036.22 2041.917
1637.479 1643.119 1648.759 1654.398 1660.222 1666.049 1671.876 1677.703 1684.395 1692.213 1700.03 1707.848 1715.665 1722.549 1729.311 1736.073 1742.834 1749.246 1754.96 1760.673 1766.386 1772.1 1776.246 1779.956 1783.667 1787.377 1791.651 1797.791 1803.931 1810.071 1816.211 1823.882 1832.27 1840.658 1849.046 1857.215 1863.923 1870.632 1877.341 1884.049 1889.956 1895.28 1900.604 1905.929 1911.336 1919.517 1927.698 1935.879 1944.06 1952.063 1959.873 1967.683 1975.493 1983.303 1989.188 1994.921 2000.655 2006.389 2012.315 2018.559 2024.803 2031.047 2037.291
1633.964 1638.826 1643.688 1648.55 1654.098 1659.657 1665.215 1670.774 1677.305 1685.101 1692.897 1700.693 1708.489 1715.599 1722.618 1729.637 1736.656 1743.24 1748.953 1754.667 1760.38 1766.093 1770.34 1774.179 1778.019 1781.858 1786.137 1791.875 1797.613 1803.35 1809.088 1816.181 1823.909 1831.637 1839.365 1846.976 1853.808 1860.64 1867.472 1874.304 1880.294 1885.672 1891.05 1896.428 1901.88 1909.803 1917.726 1925.65 1933.573 1941.614 1949.784 1957.953 1966.123 1974.292 1980.511 1986.577 1992.644 1998.71 2005.056 2011.863 2018.671 2025.478 2032.285
1630.45 1634.533 1638.617 1642.701 1647.974 1653.264 1658.555 1663.845 1670.215 1677.99 1685.764 1693.539 1701.313 1708.648 1715.925 1723.201 1730.478 1737.234 1742.947 1748.66 1754.374 1760.087 1764.435 1768.403 1772.371 1776.339 1780.624 1785.959 1791.294 1796.63 1801.965 1808.48 1815.548 1822.616 1829.684 1836.737 1843.693 1850.648 1857.604 1864.559 1870.631 1876.063 1881.495 1886.927 1892.423 1900.089 1907.755 1915.421 1923.086 1931.165 1939.694 1948.223 1956.752 1965.281 1971.834 1978.234 1984.633 1991.031 1997.797 2005.167 2012.538 2019.909 2027.28
1626.935 1630.241 1633.547 1636.852 1641.85 1646.872 1651.894 1656.916 1663.125 1670.878 1678.631 1686.385 1694.138 1701.697 1709.232 1716.766 1724.3 1731.227 1736.941 1742.654 1748.367 1754.081 1758.529 1762.626 1766.723 1770.82 1775.11 1780.043 1784.976 1789.909 1794.841 1800.779 1807.187 1813.595 1820.003 1826.499 1833.578 1840.657 1847.735 1854.814 1860.969 1866.455 1871.94 1877.426 1882.967 1890.375 1897.783 1905.192 1912.6 1920.716 1929.605 1938.493 1947.382 1956.27 1963.158 1969.89 1976.621 1983.353 1990.538 1998.472 2006.406 2014.34 2022.274
1623.278 1625.863 1628.447 1631.032 1635.851 1640.704 1645.556 1650.409 1656.5 1664.202 1671.905 1679.607 1687.309 1695.001 1702.693 1710.384 1718.074 1725.115 1730.853 1736.592 1742.33 1748.069 1752.579 1756.748 1760.917 1765.086 1769.358 1773.97 1778.582 1783.194 1787.807 1793.254 1799.093 1804.931 1810.769 1816.768 1823.834 1830.9 1837.965 1845.031 1851.253 1856.864 1862.474 1868.084 1873.739 1880.881 1888.024 1895.166 1902.309 1910.383 1919.473 1928.564 1937.654 1946.745 1954.098 1961.316 1968.533 1975.751 1983.428 1991.867 2000.306 2008.744 2017.183
1619.4 1621.351 1623.303 1625.254 1630.049 1634.885 1639.722 1644.558 1650.598 1658.204 1665.81 1673.415 1681.021 1688.702 1696.393 1704.084 1711.775 1718.837 1724.64 1730.443 1736.245 1742.048 1746.56 1750.713 1754.866 1759.018 1763.233 1767.652 1772.071 1776.49 1780.91 1786.003 1791.412 1796.821 1802.231 1807.826 1814.667 1821.507 1828.348 1835.188 1841.453 1847.299 1853.146 1858.992 1864.868 1871.731 1878.595 1885.458 1892.321 1900.229 1909.277 1918.325 1927.372 1936.42 1944.442 1952.384 1960.326 1968.267 1976.552 1985.404 1994.256 2003.108 2011.959
1615.522 1616.84 1618.158 1619.477 1624.246 1629.066 1633.887 1638.707 1644.696 1652.205 1659.714 1667.224 1674.733 1682.403 1690.094 1697.785 1705.476 1712.559 1718.426 1724.293 1730.161 1736.028 1740.541 1744.678 1748.814 1752.951 1757.108 1761.334 1765.56 1769.786 1774.012 1778.752 1783.732 1788.712 1793.692 1798.885 1805.5 1812.115 1818.73 1825.345 1831.652 1837.734 1843.817 1849.9 1855.997 1862.581 1869.165 1875.75 1882.334 1890.076 1899.081 1908.085 1917.09 1926.095 1934.785 1943.452 1952.118 1960.784 1969.676 1978.941 1988.206 1997.471 2006.736
