data/zism_data/01008_02_D.txt
ncols         224
nrows         224
[rows 174 to 202 of 224, columns 65 to 129 of 224]
1403.16 1403.838 1407.026 1411.099 1415.172 1419.246 1423.887 1430.976 1438.065 1445.154 1452.243 1458.44 1464.129 1469.818 1475.508 1481.134 1486.092 1491.051 1496.01 1500.968 1506.908 1513.695 1520.483 1527.27 1534.058 1541.019 1547.982 1554.945 1561.908 1568.206 1573.639 1579.072 1584.504 1589.937 1592.265 1594.186 1596.107 1598.028 1599.289 1599.229 1599.169 1599.109 1599.049 1598.382 1597.547 1596.712 1595.876 1595.199 1595.046 1594.892 1594.739 1594.586 1595.265 1596.335 1597.405 1598.475 1599.422 1599.553 1599.683 1599.814 1599.945 1600.0 1600.0 1600.0 1600.0
1403.024 1403.774 1407.08 1411.289 1415.497 1419.706 1424.48 1431.691 1438.901 1446.112 1453.322 1459.489 1465.063 1470.637 1476.211 1481.692 1486.196 1490.701 1495.206 1499.711 1505.394 1512.094 1518.794 1525.495 1532.195 1539.342 1546.496 1553.65 1560.803 1567.229 1572.709 1578.189 1583.669 1589.15 1591.538 1593.522 1595.505 1597.489 1598.73 1598.485 1598.241 1597.996 1597.752 1596.84 1595.743 1594.647 1593.55 1592.677 1592.544 1592.411 1592.279 1592.146 1593.052 1594.445 1595.837 1597.23 1598.469 1598.69 1598.91 1599.13 1599.35 1599.499 1599.597 1599.695 1599.793
1405.648 1406.863 1410.551 1415.112 1419.674 1424.235 1429.281 1436.411 1443.541 1450.672 1457.802 1463.582 1468.595 1473.607 1478.62 1483.528 1487.338 1491.148 1494.959 1498.769 1504.037 1510.567 1517.096 1523.625 1530.155 1537.252 1544.357 1551.463 1558.568 1564.914 1570.271 1575.628 1580.985 1586.343 1588.939 1591.174 1593.409 1595.643 1596.988 1596.551 1596.114 1595.677 1595.24 1593.99 1592.513 1591.037 1589.561 1588.425 1588.415 1588.405 1588.395 1588.386 1589.626 1591.452 1593.277 1595.102 1596.737 1597.102 1597.466 1597.83 1598.195 1598.516 1598.807 1599.097 1599.388
1408.272 1409.952 1414.022 1418.936 1423.85 1428.764 1434.081 1441.131 1448.181 1455.232 1462.282 1467.675 1472.126 1476.578 1481.029 1485.365 1488.48 1491.595 1494.711 1497.826 1502.681 1509.039 1515.398 1521.756 1528.114 1535.161 1542.219 1549.276 1556.334 1562.599 1567.833 1573.067 1578.301 1583.536 1586.34 1588.826 1591.312 1593.798 1595.245 1594.616 1593.987 1593.358 1592.728 1591.139 1589.283 1587.428 1585.572 1584.173 1584.286 1584.399 1584.512 1584.625 1586.2 1588.458 1590.717 1592.975 1595.005 1595.514 1596.022 1596.531 1597.04 1597.533 1598.016 1598.499 1598.982
1410.896 1413.041 1417.493 1422.76 1428.027 1433.293 1438.881 1445.851 1452.821 1459.791 1466.761 1471.768 1475.658 1479.548 1483.439 1487.201 1489.622 1492.043 1494.463 1496.884 1501.324 1507.512 1513.699 1519.886 1526.074 1533.071 1540.08 1547.09 1554.099 1560.284 1565.395 1570.506 1575.617 1580.729 1583.741 1586.478 1589.215 1591.952 1593.503 1592.682 1591.86 1591.038 1590.216 1588.289 1586.053 1583.818 1581.583 1579.921 1580.157 1580.393 1580.629 1580.865 1582.774 1585.465 1588.156 1590.847 1593.273 1593.926 1594.579 1595.232 1595.885 1596.551 1597.226 1597.901 1598.576
1413.52 1416.129 1420.964 1426.583 1432.203 1437.823 1443.682 1450.571 1457.461 1464.351 1471.241 1475.86 1479.19 1482.519 1485.848 1489.038 1490.764 1492.49 1494.216 1495.941 1499.968 1505.984 1512.001 1518.017 1524.033 1530.981 1537.942 1544.904 1551.865 1557.968 1562.957 1567.945 1572.933 1577.922 1581.142 1584.13 1587.119 1590.107 1591.761 1590.747 1589.733 1588.719 1587.705 1585.438 1582.823 1580.209 1577.594 1575.669 1576.028 1576.387 1576.746 1577.105 1579.348 1582.472 1585.596 1588.72 1591.54 1592.338 1593.135 1593.932 1594.73 1595.568 1596.435 1597.303 1598.17
1418.432 1421.325 1426.346 1432.117 1437.888 1443.659 1449.59 1456.209 1462.827 1469.446 1476.065 1480.295 1483.169 1486.043 1488.916 1491.672 1493.186 1494.7 1496.213 1497.727 1501.321 1506.714 1512.107 1517.499 1522.892 1529.248 1535.618 1541.988 1548.358 1554.05 1558.86 1563.67 1568.48 1573.29 1576.134 1578.72 1581.305 1583.891 1585.248 1584.147 1583.046 1581.945 1580.844 1578.478 1575.761 1573.043 1570.326 1568.276 1568.436 1568.596 1568.756 1568.916 1571.273 1574.659 1578.045 1581.431 1584.56 1585.969 1587.378 1588.787 1590.197 1591.765 1593.449 1595.132 1596.816
1423.488 1426.653 1431.848 1437.758 1443.668 1449.578 1455.568 1461.904 1468.239 1474.574 1480.91 1484.751 1487.176 1489.601 1492.026 1494.356 1495.688 1497.02 1498.352 1499.684 1502.844 1507.585 1512.326 1517.066 1521.807 1527.537 1533.282 1539.027 1544.772 1550.031 1554.659 1559.288 1563.916 1568.545 1570.975 1573.117 1575.259 1577.401 1578.436 1577.255 1576.074 1574.893 1573.712 1571.261 1568.458 1565.655 1562.852 1560.685 1560.626 1560.567 1560.508 1560.449 1562.908 1566.545 1570.182 1573.819 1577.25 1579.3 1581.351 1583.402 1585.453 1587.786 1590.325 1592.863 1595.402
1428.543 1431.981 1437.35 1443.399 1449.448 1455.497 1461.547 1467.599 1473.651 1479.703 1485.755 1489.208 1491.184 1493.16 1495.135 1497.039 1498.19 1499.34 1500.491 1501.641 1504.367 1508.456 1512.545 1516.633 1520.722 1525.827 1530.946 1536.066 1541.185 1546.012 1550.459 1554.906 1559.352 1563.799 1565.816 1567.515 1569.213 1570.912 1571.624 1570.362 1569.101 1567.84 1566.579 1564.044 1561.156 1558.267 1555.378 1553.095 1552.817 1552.539 1552.261 1551.983 1554.543 1558.431 1562.319 1566.208 1569.94 1572.632 1575.324 1578.016 1580.708 1583.807 1587.201 1590.594 1593.988
1433.599 1437.309 1442.851 1449.039 1455.228 1461.415 1467.525 1473.293 1479.062 1484.831 1490.6 1493.664 1495.191 1496.718 1498.245 1499.723 1500.692 1501.661 1502.629 1503.598 1505.89 1509.327 1512.764 1516.2 1519.637 1524.116 1528.61 1533.104 1537.599 1541.993 1546.258 1550.523 1554.788 1559.053 1560.657 1561.912 1563.167 1564.422 1564.811 1563.47 1562.129 1560.787 1559.446 1556.827 1553.853 1550.879 1547.905 1545.505 1545.008 1544.51 1544.013 1543.516 1546.177 1550.317 1554.456 1558.596 1562.63 1565.963 1569.297 1572.63 1575.964 1579.828 1584.077 1588.325 1592.574
1437.826 1441.748 1447.336 1453.511 1459.687 1465.863 1471.904 1477.364 1482.823 1488.283 1493.743 1496.512 1497.754 1498.995 1500.236 1501.444 1502.303 1503.161 1504.02 1504.879 1506.817 1509.689 1512.562 1515.434 1518.306 1522.216 1526.14 1530.065 1533.99 1537.964 1542.001 1546.038 1550.076 1554.113 1555.332 1556.181 1557.031 1557.88 1557.954 1556.479 1555.004 1553.528 1552.053 1549.447 1546.527 1543.607 1540.686 1538.285 1537.602 1536.92 1536.237 1535.555 1538.424 1542.956 1547.488 1552.02 1556.504 1560.67 1564.836 1569.002 1573.168 1577.681 1582.447 1587.212 1591.978
1440.658 1444.687 1450.105 1456.014 1461.922 1467.831 1473.588 1478.695 1483.802 1488.91 1494.016 1496.652 1497.882 1499.113 1500.343 1501.542 1502.412 1503.281 1504.15 1505.02 1506.739 1509.195 1511.65 1514.106 1516.561 1519.996 1523.445 1526.894 1530.343 1533.916 1537.648 1541.381 1545.114 1548.847 1549.728 1550.235 1550.742 1551.25 1551.021 1549.321 1547.622 1545.922 1544.222 1541.793 1539.161 1536.53 1533.898 1531.689 1530.878 1530.067 1529.256 1528.446 1531.704 1536.866 1542.029 1547.191 1552.374 1557.695 1563.015 1568.335 1573.655 1578.623 1583.335 1588.047 1592.759
1443.491 1447.626 1452.875 1458.516 1464.157 1469.799 1475.273 1480.027 1484.781 1489.536 1494.29 1496.791 1498.011 1499.23 1500.45 1501.641 1502.521 1503.401 1504.281 1505.161 1506.662 1508.7 1510.739 1512.778 1514.816 1517.776 1520.749 1523.723 1526.696 1529.867 1533.296 1536.724 1540.152 1543.58 1544.124 1544.289 1544.454 1544.619 1544.088 1542.164 1540.239 1538.315 1536.391 1534.139 1531.796 1529.453 1527.11 1525.092 1524.153 1523.214 1522.275 1521.336 1524.983 1530.776 1536.569 1542.362 1548.245 1554.719 1561.194 1567.668 1574.143 1579.565 1584.224 1588.882 1593.541
1446.323 1450.566 1455.645 1461.018 1466.393 1471.767 1476.958 1481.359 1485.761 1490.162 1494.564 1496.93 1498.139 1499.348 1500.557 1501.739 1502.629 1503.52 1504.411 1505.301 1506.584 1508.206 1509.828 1511.449 1513.071 1515.556 1518.054 1520.552 1523.05 1525.819 1528.943 1532.067 1535.19 1538.314 1538.519 1538.343 1538.166 1537.989 1537.155 1535.006 1532.857 1530.709 1528.56 1526.485 1524.431 1522.376 1520.322 1518.496 1517.429 1516.362 1515.294 1514.227 1518.262 1524.686 1531.11 1537.533 1544.115 1551.743 1559.373 1567.001 1574.631 1580.507 1585.112 1589.717 1594.322
1449.156 1453.505 1458.414 1463.521 1468.628 1473.734 1478.642 1482.691 1486.74 1490.789 1494.838 1497.069 1498.267 1499.466 1500.664 1501.837 1502.738 1503.64 1504.541 1505.442 1506.506 1507.711 1508.916 1510.121 1511.326 1513.336 1515.359 1517.381 1519.403 1521.771 1524.59 1527.409 1530.228 1533.047 1532.915 1532.396 1531.877 1531.358 1530.221 1527.848 1525.475 1523.102 1520.729 1518.831 1517.065 1515.299 1513.534 1511.9 1510.704 1509.509 1508.313 1507.118 1511.542 1518.596 1525.65 1532.704 1539.984 1548.768 1557.552 1566.335 1575.118 1581.448 1586.0 1590.552 1595.104
1448.321 1452.554 1457.308 1462.246 1467.185 1472.123 1476.878 1480.84 1484.803 1488.765 1492.728 1495.006 1496.327 1497.648 1498.969 1500.247 1501.082 1501.917 1502.751 1503.586 1504.47 1505.395 1506.321 1507.246 1508.172 1509.815 1511.469 1513.123 1514.777 1516.745 1519.122 1521.499 1523.875 1526.252 1525.987 1525.375 1524.763 1524.151 1523.037 1520.916 1518.795 1516.674 1514.554 1513.172 1511.995 1510.819 1509.642 1508.661 1508.325 1507.989 1507.653 1507.317 1512.442 1520.123 1527.803 1535.484 1543.289 1551.925 1560.562 1569.198 1577.834 1583.813 1587.864 1591.916 1595.967
1446.591 1450.653 1455.256 1460.05 1464.844 1469.638 1474.271 1478.213 1482.154 1486.095 1490.036 1492.405 1493.881 1495.357 1496.833 1498.246 1498.995 1499.744 1500.493 1501.242 1501.954 1502.634 1503.314 1503.993 1504.673 1505.976 1507.288 1508.599 1509.911 1511.479 1513.381 1515.282 1517.183 1519.084 1518.735 1518.091 1517.448 1516.804 1515.79 1514.038 1512.286 1510.534 1508.782 1507.999 1507.486 1506.972 1506.458 1506.241 1507.006 1507.771 1508.536 1509.301 1515.202 1523.509 1531.814 1540.12 1548.409 1556.58 1564.751 1572.922 1581.094 1586.524 1589.966 1593.408 1596.85
1444.861 1448.752 1453.203 1457.853 1462.503 1467.153 1471.665 1475.585 1479.505 1483.424 1487.344 1489.804 1491.435 1493.066 1494.697 1496.244 1496.908 1497.571 1498.235 1498.899 1499.439 1499.873 1500.307 1500.741 1501.174 1502.137 1503.106 1504.076 1505.046 1506.214 1507.64 1509.065 1510.49 1511.916 1511.484 1510.808 1510.132 1509.456 1508.544 1507.161 1505.778 1504.394 1503.011 1502.827 1502.976 1503.125 1503.274 1503.821 1505.687 1507.553 1509.419 1511.285 1517.963 1526.895 1535.826 1544.757 1553.528 1561.234 1568.941 1576.647 1584.354 1589.235 1592.068 1594.901 1597.734
1443.131 1446.851 1451.151 1455.657 1460.162 1464.668 1469.059 1472.957 1476.855 1480.754 1484.652 1487.204 1488.99 1490.775 1492.561 1494.242 1494.82 1495.398 1495.977 1496.555 1496.924 1497.112 1497.3 1497.488 1497.676 1498.297 1498.925 1499.553 1500.181 1500.949 1501.898 1502.848 1503.798 1504.748 1504.232 1503.524 1502.816 1502.108 1501.298 1500.283 1499.269 1498.254 1497.24 1497.655 1498.466 1499.278 1500.089 1501.401 1504.368 1507.335 1510.302 1513.268 1520.724 1530.281 1539.837 1549.393 1558.648 1565.889 1573.131 1580.372 1587.613 1591.946 1594.17 1596.394 1598.617
1440.829 1444.35 1448.51 1452.895 1457.28 1461.665 1465.949 1469.796 1473.643 1477.49 1481.337 1483.95 1485.864 1487.777 1489.69 1491.473 1491.884 1492.295 1492.706 1493.117 1493.276 1493.218 1493.161 1493.103 1493.045 1493.354 1493.669 1493.984 1494.298 1494.734 1495.328 1495.921 1496.515 1497.109 1496.672 1496.1 1495.529 1494.957 1494.436 1494.016 1493.597 1493.177 1492.758 1493.897 1495.469 1497.042 1498.614 1500.759 1504.801 1508.842 1512.883 1516.925 1524.945 1534.828 1544.71 1554.593 1564.051 1570.677 1577.302 1583.928 1590.553 1594.314 1595.998 1597.681 1599.365
1436.67 1439.902 1443.955 1448.297 1452.64 1456.982 1461.203 1464.9 1468.597 1472.294 1475.992 1478.575 1480.526 1482.476 1484.427 1486.206 1486.184 1486.162 1486.14 1486.118 1485.945 1485.642 1485.338 1485.034 1484.731 1484.821 1484.916 1485.012 1485.107 1485.433 1486.059 1486.685 1487.31 1487.936 1488.108 1488.22 1488.333 1488.445 1488.824 1489.735 1490.646 1491.557 1492.468 1494.742 1497.394 1500.046 1502.698 1505.901 1510.931 1515.962 1520.991 1526.022 1533.917 1543.153 1552.389 1561.625 1570.376 1575.895 1581.415 1586.934 1592.453 1595.566 1596.934 1598.303 1599.671
1432.51 1435.454 1439.4 1443.699 1447.999 1452.298 1456.456 1460.004 1463.552 1467.099 1470.647 1473.2 1475.188 1477.176 1479.164 1480.94 1480.485 1480.03 1479.575 1479.12 1478.615 1478.065 1477.516 1476.966 1476.417 1476.287 1476.164 1476.04 1475.917 1476.133 1476.79 1477.448 1478.106 1478.764 1479.544 1480.34 1481.137 1481.933 1483.212 1485.453 1487.695 1489.937 1492.179 1495.587 1499.318 1503.05 1506.781 1511.044 1517.062 1523.081 1529.1 1535.118 1542.888 1551.478 1560.067 1568.656 1576.701 1581.114 1585.527 1589.94 1594.353 1596.818 1597.871 1598.924 1599.977
1428.35 1431.006 1434.845 1439.101 1443.358 1447.615 1451.71 1455.108 1458.506 1461.904 1465.302 1467.825 1469.85 1471.875 1473.901 1475.673 1474.785 1473.898 1473.01 1472.122 1471.284 1470.489 1469.693 1468.898 1468.103 1467.754 1467.411 1467.068 1466.726 1466.832 1467.522 1468.211 1468.901 1469.591 1470.98 1472.46 1473.941 1475.422 1477.599 1481.172 1484.745 1488.317 1491.89 1496.432 1501.243 1506.054 1510.865 1516.186 1523.193 1530.2 1537.208 1544.215 1551.86 1559.803 1567.745 1575.688 1583.026 1586.333 1589.639 1592.946 1596.253 1598.07 1598.808 1599.546 1600.284
1424.19 1426.557 1430.289 1434.503 1438.718 1442.932 1446.964 1450.212 1453.46 1456.708 1459.957 1462.449 1464.512 1466.575 1468.638 1470.406 1469.086 1467.765 1466.445 1465.124 1463.953 1462.912 1461.871 1460.83 1459.789 1459.22 1458.658 1458.097 1457.535 1457.531 1458.253 1458.975 1459.697 1460.418 1462.416 1464.58 1466.745 1468.91 1471.987 1476.89 1481.794 1486.697 1491.6 1497.276 1503.167 1509.058 1514.949 1521.328 1529.324 1537.32 1545.316 1553.312 1560.831 1568.128 1575.424 1582.72 1589.351 1591.552 1593.752 1595.952 1598.152 1599.322 1599.745 1600.167 1600.59
1420.378 1422.502 1426.082 1430.174 1434.267 1438.36 1442.27 1445.39 1448.51 1451.63 1454.75 1457.102 1459.017 1460.932 1462.847 1464.452 1462.806 1461.159 1459.512 1457.865 1456.373 1455.015 1453.657 1452.299 1450.941 1450.352 1449.774 1449.196 1448.618 1448.954 1450.477 1452.001 1453.524 1455.047 1458.177 1461.517 1464.857 1468.198 1472.314 1477.981 1483.649 1489.316 1494.984 1501.08 1507.295 1513.511 1519.726 1526.367 1534.418 1542.47 1550.521 1558.573 1565.725 1572.457 1579.188 1585.919 1591.997 1593.714 1595.432 1597.149 1598.866 1599.749 1600.027 1600.306 1600.584
1416.738 1418.644 1422.047 1425.98 1429.913 1433.845 1437.603 1440.605 1443.607 1446.61 1449.612 1451.768 1453.443 1455.117 1456.792 1458.154 1456.235 1454.315 1452.396 1450.477 1448.669 1446.958 1445.247 1443.537 1441.826 1441.316 1440.823 1440.331 1439.839 1440.739 1443.448 1446.158 1448.868 1451.578 1456.102 1460.864 1465.625 1470.387 1475.611 1481.76 1487.909 1494.057 1500.206 1506.365 1512.526 1518.688 1524.85 1531.354 1538.994 1546.634 1554.274 1561.914 1568.578 1574.786 1580.994 1587.202 1592.802 1594.348 1595.894 1597.44 1598.987 1599.764 1599.983 1600.203 1600.422
1413.099 1414.785 1418.013 1421.786 1425.558 1429.33 1432.935 1435.82 1438.705 1441.59 1444.475 1446.434 1447.869 1449.303 1450.737 1451.855 1449.664 1447.472 1445.28 1443.088 1440.965 1438.901 1436.838 1434.774 1432.711 1432.28 1431.873 1431.466 1431.059 1432.523 1436.42 1440.316 1444.212 1448.109 1454.027 1460.21 1466.394 1472.577 1478.909 1485.539 1492.168 1498.798 1505.427 1511.649 1517.757 1523.866 1529.974 1536.342 1543.57 1550.799 1558.027 1565.256 1571.432 1577.116 1582.8 1588.484 1593.606 1594.981 1596.357 1597.732 1599.107 1599.778 1599.939 1600.1 1600.26
1409.46 1410.927 1413.979 1417.591 1421.203 1424.815 1428.268 1431.035 1433.802 1436.57 1439.337 1441.101 1442.294 1443.488 1444.682 1445.557 1443.093 1440.628 1438.164 1435.7 1433.261 1430.845 1428.428 1426.012 1423.596 1423.244 1422.923 1422.601 1422.28 1424.308 1429.391 1434.474 1439.557 1444.64 1451.952 1459.557 1467.162 1474.766 1482.207 1489.317 1496.428 1503.538 1510.649 1516.933 1522.988 1529.043 1535.098 1541.329 1548.146 1554.963 1561.78 1568.597 1574.286 1579.446 1584.606 1589.766 1594.411 1595.615 1596.819 1598.024 1599.228 1599.793 1599.895 1599.997 1600.099
1406.044 1407.287 1410.134 1413.547 1416.96 1420.374 1423.642 1426.287 1428.932 1431.577 1434.222 1435.786 1436.736 1437.685 1438.635 1439.267 1436.574 1433.881 1431.188 1428.495 1425.804 1423.114 1420.424 1417.734 1415.044 1414.876 1414.745 1414.615 1414.484 1417.126 1423.374 1429.621 1435.868 1442.116 1450.674 1459.536 1468.397 1477.259 1485.654 1493.117 1500.58 1508.043 1515.506 1521.796 1527.76 1533.724 1539.688 1545.755 1552.16 1558.565 1564.969 1571.375 1576.607 1581.29 1585.973 1590.656 1594.87 1595.955 1597.041 1598.126 1599.212 1599.7 1599.754 1599.808 1599.862
