data/zism_data/01003_02_D.txt
ncols         224
nrows         224
[rows 168 to 195 of 224, columns 63 to 125 of 224]
1465.125 1467.905 1470.686 1473.466 1479.981 1486.665 1493.349 1500.034 1506.11 1511.347 1516.584 1521.821 1527.058 1531.553 1535.951 1540.349 1544.747 1548.289 1550.226 1552.163 1554.1 1556.037 1552.519 1547.734 1542.949 1538.165 1535.002 1536.106 1537.21 1538.314 1539.418 1547.853 1558.876 1569.899 1580.921 1590.168 1592.437 1594.706 1596.975 1599.244 1599.984 1599.96 1599.937 1599.913 1599.685 1598.094 1596.504 1594.913 1593.322 1587.995 1580.116 1572.237 1564.359 1556.42 1547.518 1538.616 1529.714 1520.811 1513.614 1507.979 1502.344 1496.71 1491.075
1471.693 1472.803 1473.914 1475.024 1480.737 1486.659 1492.581 1498.503 1504.39 1510.228 1516.066 1521.905 1527.743 1532.726 1537.596 1542.467 1547.337 1551.447 1554.13 1556.813 1559.497 1562.18 1559.09 1554.66 1550.23 1545.8 1542.71 1543.148 1543.586 1544.025 1544.463 1552.074 1562.216 1572.358 1582.5 1591.005 1593.081 1595.157 1597.232 1599.308 1599.995 1599.987 1599.98 1599.972 1599.762 1598.204 1596.645 1595.087 1593.528 1588.112 1580.062 1572.011 1563.96 1555.846 1546.702 1537.558 1528.414 1519.27 1512.408 1507.638 1502.868 1498.098 1493.328
1477.562 1477.779 1477.996 1478.213 1482.993 1487.98 1492.968 1497.955 1503.415 1509.528 1515.64 1521.752 1527.865 1533.451 1538.969 1544.487 1550.005 1554.761 1558.089 1561.417 1564.745 1568.073 1565.475 1561.5 1557.526 1553.552 1550.636 1550.504 1550.373 1550.241 1550.11 1556.813 1565.927 1575.042 1584.157 1591.806 1593.697 1595.588 1597.479 1599.37 1599.983 1599.958 1599.932 1599.907 1599.663 1597.959 1596.255 1594.551 1592.847 1587.343 1579.245 1571.147 1563.048 1554.9 1545.934 1536.969 1528.004 1519.039 1512.584 1508.43 1504.276 1500.122 1495.968
1482.803 1482.826 1482.85 1482.873 1486.602 1490.5 1494.397 1498.295 1503.114 1509.205 1515.296 1521.386 1527.478 1533.774 1540.097 1546.42 1552.744 1558.217 1562.098 1565.979 1569.86 1573.741 1571.691 1568.265 1564.838 1561.412 1558.759 1558.145 1557.53 1556.915 1556.301 1562.02 1569.975 1577.93 1585.885 1592.574 1594.288 1596.001 1597.715 1599.429 1599.951 1599.877 1599.803 1599.73 1599.403 1597.393 1595.383 1593.373 1591.363 1585.774 1577.74 1569.706 1561.672 1553.617 1545.21 1536.803 1528.397 1519.99 1514.006 1510.244 1506.482 1502.72 1498.958
1488.043 1487.873 1487.703 1487.534 1490.212 1493.019 1495.827 1498.634 1502.813 1508.882 1514.952 1521.021 1527.09 1534.096 1541.225 1548.353 1555.482 1561.673 1566.107 1570.541 1574.975 1579.409 1577.908 1575.029 1572.15 1569.271 1566.883 1565.785 1564.687 1563.589 1562.491 1567.227 1574.023 1580.818 1587.613 1593.342 1594.878 1596.415 1597.951 1599.488 1599.919 1599.797 1599.675 1599.553 1599.144 1596.828 1594.512 1592.196 1589.88 1584.205 1576.235 1568.266 1560.296 1552.334 1544.485 1536.637 1528.789 1520.94 1515.429 1512.058 1508.688 1505.318 1501.948
1493.283 1492.92 1492.557 1492.194 1493.821 1495.539 1497.256 1498.974 1502.511 1508.559 1514.607 1520.655 1526.703 1534.418 1542.352 1550.286 1558.22 1565.129 1570.116 1575.103 1580.09 1585.077 1584.125 1581.794 1579.462 1577.131 1575.006 1573.425 1571.844 1570.263 1568.682 1572.435 1578.07 1583.706 1589.341 1594.109 1595.469 1596.828 1598.188 1599.547 1599.886 1599.716 1599.546 1599.375 1598.885 1596.263 1593.641 1591.019 1588.397 1582.636 1574.731 1566.826 1558.921 1551.051 1543.761 1536.471 1529.181 1521.891 1516.851 1513.873 1510.895 1507.916 1504.938
1498.523 1497.967 1497.411 1496.854 1497.431 1498.058 1498.686 1499.313 1502.21 1508.237 1514.263 1520.289 1526.316 1534.741 1543.48 1552.219 1560.959 1568.585 1574.125 1579.665 1585.205 1590.745 1590.342 1588.558 1586.774 1584.991 1583.13 1581.065 1579.001 1576.937 1574.872 1577.642 1582.118 1586.594 1591.07 1594.877 1596.059 1597.242 1598.424 1599.606 1599.854 1599.636 1599.417 1599.198 1598.626 1595.698 1592.77 1589.842 1586.914 1581.067 1573.226 1565.385 1557.545 1549.769 1543.037 1536.305 1529.574 1522.842 1518.273 1515.687 1513.101 1510.514 1507.928
1500.51 1500.143 1499.776 1499.41 1499.956 1500.544 1501.132 1501.719 1504.625 1510.729 1516.832 1522.935 1529.038 1537.384 1546.023 1554.662 1563.302 1570.802 1576.166 1581.529 1586.893 1592.257 1592.163 1590.803 1589.443 1588.083 1586.611 1584.844 1583.078 1581.312 1579.545 1581.772 1585.409 1589.046 1592.683 1595.779 1596.753 1597.727 1598.701 1599.675 1599.801 1599.503 1599.205 1598.907 1598.168 1594.483 1590.799 1587.115 1583.431 1577.183 1569.184 1561.186 1553.187 1545.301 1539.247 1533.193 1527.138 1521.084 1516.992 1514.7 1512.407 1510.115 1507.822
1502.373 1502.21 1502.048 1501.885 1502.44 1503.028 1503.616 1504.204 1507.143 1513.327 1519.511 1525.695 1531.879 1540.115 1548.62 1557.125 1565.63 1572.972 1578.131 1583.291 1588.451 1593.61 1593.818 1592.877 1591.936 1590.994 1589.916 1588.477 1587.038 1585.599 1584.16 1585.862 1588.672 1591.482 1594.292 1596.687 1597.451 1598.216 1598.981 1599.745 1599.748 1599.369 1598.99 1598.612 1597.701 1593.244 1588.787 1584.329 1579.872 1573.211 1565.046 1556.881 1548.716 1540.713 1535.341 1529.968 1524.596 1519.223 1515.609 1513.607 1511.604 1509.601 1507.599
1504.236 1504.278 1504.319 1504.36 1504.924 1505.512 1506.1 1506.688 1509.662 1515.926 1522.19 1528.454 1534.719 1542.846 1551.217 1559.587 1567.958 1575.141 1580.097 1585.053 1590.008 1594.964 1595.474 1594.951 1594.428 1593.906 1593.221 1592.11 1590.998 1589.887 1588.776 1589.952 1591.935 1593.918 1595.901 1597.594 1598.149 1598.705 1599.26 1599.815 1599.694 1599.235 1598.776 1598.317 1597.235 1592.005 1586.774 1581.544 1576.313 1569.24 1560.908 1552.577 1544.245 1536.125 1531.434 1526.744 1522.054 1517.363 1514.226 1512.513 1510.801 1509.088 1507.375
1506.1 1506.345 1506.59 1506.836 1507.409 1507.996 1508.584 1509.172 1512.18 1518.525 1524.87 1531.214 1537.559 1545.576 1553.813 1562.05 1570.287 1577.311 1582.063 1586.814 1591.566 1596.318 1597.129 1597.025 1596.921 1596.817 1596.526 1595.743 1594.959 1594.175 1593.391 1594.041 1595.197 1596.354 1597.51 1598.502 1598.847 1599.193 1599.539 1599.885 1599.64 1599.101 1598.561 1598.021 1596.769 1590.765 1584.762 1578.758 1572.754 1565.269 1556.77 1548.273 1539.775 1531.537 1527.528 1523.52 1519.511 1515.502 1512.843 1511.42 1509.997 1508.575 1507.152
1507.563 1507.999 1508.435 1508.872 1509.546 1510.231 1510.915 1511.6 1514.567 1520.682 1526.797 1532.912 1539.027 1546.619 1554.405 1562.191 1569.976 1576.683 1581.366 1586.05 1590.733 1595.416 1596.691 1597.174 1597.657 1598.141 1598.361 1597.889 1597.418 1596.946 1596.475 1596.798 1597.401 1598.004 1598.607 1599.129 1599.33 1599.531 1599.732 1599.933 1599.454 1598.636 1597.818 1596.999 1595.39 1588.507 1581.625 1574.742 1567.86 1560.039 1551.577 1543.115 1534.653 1526.483 1523.04 1519.596 1516.153 1512.71 1510.41 1509.159 1507.908 1506.656 1505.405
1508.428 1509.036 1509.644 1510.252 1511.165 1512.092 1513.018 1513.944 1516.76 1522.183 1527.605 1533.028 1538.45 1545.145 1552.008 1558.87 1565.732 1571.883 1576.7 1581.518 1586.336 1591.153 1593.133 1594.454 1595.774 1597.095 1598.002 1597.821 1597.639 1597.458 1597.276 1597.568 1598.026 1598.484 1598.942 1599.338 1599.491 1599.644 1599.796 1599.949 1599.071 1597.678 1596.286 1594.893 1592.648 1584.73 1576.811 1568.892 1560.973 1552.933 1544.809 1536.686 1528.563 1520.733 1517.682 1514.631 1511.579 1508.528 1506.413 1505.156 1503.9 1502.643 1501.386
1509.293 1510.073 1510.853 1511.633 1512.784 1513.953 1515.121 1516.289 1518.954 1523.684 1528.413 1533.143 1537.873 1543.671 1549.61 1555.549 1561.487 1567.083 1572.035 1576.986 1581.938 1586.89 1589.575 1591.733 1593.891 1596.05 1597.644 1597.752 1597.86 1597.969 1598.077 1598.337 1598.65 1598.964 1599.277 1599.548 1599.652 1599.756 1599.861 1599.965 1598.688 1596.721 1594.754 1592.786 1589.907 1580.952 1571.997 1563.042 1554.087 1545.827 1538.042 1530.257 1522.472 1514.984 1512.324 1509.665 1507.006 1504.346 1502.416 1501.154 1499.892 1498.63 1497.368
1510.159 1511.11 1512.062 1513.014 1514.404 1515.813 1517.223 1518.633 1521.147 1525.184 1529.221 1533.258 1537.295 1542.197 1547.213 1552.228 1557.243 1562.283 1567.369 1572.455 1577.541 1582.627 1586.017 1589.013 1592.009 1595.005 1597.285 1597.683 1598.082 1598.48 1598.878 1599.107 1599.275 1599.443 1599.611 1599.757 1599.813 1599.869 1599.925 1599.981 1598.305 1595.764 1593.222 1590.68 1587.166 1577.175 1567.184 1557.193 1547.201 1538.722 1531.275 1523.828 1516.381 1509.234 1506.967 1504.699 1502.432 1500.165 1498.419 1497.151 1495.884 1494.616 1493.349
1511.024 1512.148 1513.271 1514.395 1516.023 1517.675 1519.326 1520.977 1523.34 1526.685 1530.029 1533.374 1536.718 1540.723 1544.815 1548.907 1552.998 1557.483 1562.703 1567.923 1573.143 1578.364 1582.458 1586.292 1590.126 1593.959 1596.927 1597.615 1598.303 1598.991 1599.68 1599.876 1599.9 1599.923 1599.946 1599.966 1599.974 1599.982 1599.99 1599.997 1597.922 1594.806 1591.69 1588.573 1584.425 1573.398 1562.37 1551.343 1540.315 1531.616 1524.507 1517.399 1510.29 1503.485 1501.609 1499.734 1497.858 1495.983 1494.422 1493.149 1491.876 1490.603 1489.33
1510.699 1511.882 1513.064 1514.247 1515.915 1517.605 1519.296 1520.986 1523.146 1525.956 1528.766 1531.575 1534.385 1537.623 1540.917 1544.212 1547.506 1551.353 1556.234 1561.115 1565.997 1570.878 1575.311 1579.639 1583.968 1588.296 1591.607 1592.238 1592.869 1593.5 1594.131 1594.416 1594.578 1594.74 1594.903 1595.198 1596.019 1596.839 1597.659 1598.479 1596.899 1594.119 1591.338 1588.558 1584.746 1574.062 1563.377 1552.693 1542.008 1533.255 1525.822 1518.389 1510.956 1503.823 1501.55 1499.278 1497.006 1494.734 1492.764 1491.071 1489.378 1487.685 1485.993
1510.146 1511.366 1512.587 1513.807 1515.477 1517.167 1518.857 1520.547 1522.496 1524.801 1527.106 1529.41 1531.715 1534.212 1536.733 1539.254 1541.776 1544.968 1549.42 1553.872 1558.324 1562.775 1567.476 1572.234 1576.992 1581.75 1585.338 1585.846 1586.353 1586.861 1587.369 1587.764 1588.119 1588.475 1588.83 1589.479 1591.276 1593.073 1594.871 1596.668 1595.754 1593.483 1591.213 1588.942 1585.653 1575.576 1565.498 1555.42 1545.342 1536.568 1528.683 1520.8 1512.916 1505.325 1502.505 1499.686 1496.866 1494.046 1491.554 1489.361 1487.169 1484.977 1482.785
1509.593 1510.851 1512.109 1513.367 1515.038 1516.729 1518.419 1520.109 1521.845 1523.645 1525.446 1527.246 1529.046 1530.8 1532.548 1534.297 1536.045 1538.584 1542.606 1546.628 1550.651 1554.673 1559.641 1564.829 1570.016 1575.204 1579.069 1579.453 1579.837 1580.221 1580.606 1581.111 1581.66 1582.209 1582.758 1583.758 1586.533 1589.308 1592.082 1594.857 1594.608 1592.848 1591.087 1589.327 1586.561 1577.09 1567.618 1558.147 1548.676 1539.88 1531.545 1523.21 1514.875 1506.828 1503.46 1500.093 1496.725 1493.358 1490.343 1487.652 1484.96 1482.269 1479.577
1509.041 1510.336 1511.632 1512.927 1514.6 1516.29 1517.98 1519.67 1521.195 1522.49 1523.786 1525.081 1526.377 1527.389 1528.364 1529.339 1530.314 1532.2 1535.792 1539.385 1542.978 1546.57 1551.806 1557.423 1563.041 1568.658 1572.8 1573.061 1573.321 1573.582 1573.843 1574.459 1575.201 1575.943 1576.686 1578.038 1581.79 1585.542 1589.294 1593.045 1593.462 1592.212 1590.962 1589.711 1587.468 1578.604 1569.739 1560.874 1552.01 1543.192 1534.406 1525.62 1516.834 1508.33 1504.415 1500.5 1496.585 1492.67 1489.133 1485.942 1482.751 1479.56 1476.37
1508.35 1509.682 1511.014 1512.345 1514.007 1515.684 1517.36 1519.037 1520.367 1521.219 1522.071 1522.923 1523.775 1524.089 1524.332 1524.576 1524.82 1526.049 1529.127 1532.206 1535.284 1538.362 1543.529 1549.181 1554.834 1560.486 1564.614 1564.73 1564.846 1564.962 1565.079 1565.86 1566.876 1567.892 1568.907 1570.727 1575.705 1580.682 1585.66 1590.638 1591.921 1591.356 1590.791 1590.227 1588.664 1580.447 1572.229 1564.011 1555.794 1547.045 1537.933 1528.821 1519.709 1510.871 1506.478 1502.085 1497.693 1493.3 1489.347 1485.796 1482.246 1478.696 1475.146
1507.303 1508.666 1510.03 1511.394 1513.011 1514.639 1516.268 1517.896 1519.078 1519.646 1520.213 1520.78 1521.348 1521.078 1520.699 1520.32 1519.941 1520.508 1522.851 1525.193 1527.536 1529.879 1534.101 1538.76 1543.419 1548.078 1551.431 1551.349 1551.266 1551.184 1551.102 1552.188 1553.687 1555.186 1556.685 1559.271 1566.122 1572.974 1579.825 1586.677 1589.346 1589.925 1590.504 1591.083 1590.613 1583.147 1575.681 1568.215 1560.749 1552.306 1543.193 1534.082 1524.97 1516.114 1511.426 1506.738 1502.05 1497.362 1493.271 1489.726 1486.181 1482.636 1479.091
1506.255 1507.651 1509.047 1510.443 1512.015 1513.595 1515.175 1516.755 1517.79 1518.073 1518.355 1518.638 1518.921 1518.068 1517.066 1516.064 1515.062 1514.967 1516.574 1518.181 1519.788 1521.396 1524.673 1528.339 1532.004 1535.67 1538.249 1537.968 1537.687 1537.406 1537.125 1538.517 1540.499 1542.481 1544.463 1547.814 1556.539 1565.265 1573.99 1582.715 1586.772 1588.495 1590.217 1591.94 1592.562 1585.848 1579.134 1572.42 1565.705 1557.566 1548.454 1539.343 1530.23 1521.358 1516.375 1511.391 1506.408 1501.425 1497.195 1493.655 1490.116 1486.576 1483.037
1505.207 1506.635 1508.063 1509.491 1511.019 1512.55 1514.082 1515.614 1516.501 1516.499 1516.497 1516.496 1516.494 1515.057 1513.432 1511.808 1510.183 1509.426 1510.298 1511.169 1512.041 1512.912 1515.245 1517.917 1520.59 1523.262 1525.066 1524.587 1524.107 1523.627 1523.148 1524.845 1527.31 1529.776 1532.241 1536.357 1546.956 1557.556 1568.155 1578.754 1584.198 1587.064 1589.93 1592.797 1594.511 1588.549 1582.586 1576.624 1570.661 1562.827 1553.715 1544.603 1535.491 1526.602 1521.323 1516.045 1510.766 1505.487 1501.119 1497.585 1494.051 1490.516 1486.982
1504.159 1505.619 1507.08 1508.54 1510.023 1511.506 1512.989 1514.473 1515.212 1514.926 1514.64 1514.353 1514.067 1512.047 1509.799 1507.551 1505.304 1503.885 1504.021 1504.157 1504.293 1504.429 1505.817 1507.496 1509.175 1510.854 1511.884 1511.205 1510.527 1509.849 1509.171 1511.173 1514.122 1517.071 1520.019 1524.901 1537.374 1549.847 1562.32 1574.793 1581.624 1585.633 1589.643 1593.653 1596.46 1591.249 1586.038 1580.828 1575.617 1568.088 1558.976 1549.864 1540.752 1531.845 1526.271 1520.698 1515.124 1509.55 1505.043 1501.514 1497.985 1494.457 1490.928
1503.897 1505.263 1506.629 1507.995 1509.321 1510.644 1511.968 1513.292 1513.85 1513.352 1512.854 1512.356 1511.858 1509.541 1506.985 1504.43 1501.875 1500.053 1499.607 1499.161 1498.715 1498.269 1499.128 1500.289 1501.451 1502.613 1503.369 1503.057 1502.744 1502.432 1502.12 1504.708 1508.321 1511.933 1515.546 1521.082 1534.177 1547.272 1560.367 1573.462 1580.755 1585.148 1589.541 1593.934 1597.122 1592.279 1587.436 1582.593 1577.749 1570.577 1561.815 1553.053 1544.29 1535.713 1530.143 1524.573 1519.004 1513.434 1508.966 1505.508 1502.05 1498.592 1495.134
1503.949 1505.17 1506.391 1507.612 1508.736 1509.856 1510.975 1512.095 1512.458 1511.777 1511.097 1510.416 1509.736 1507.236 1504.498 1501.76 1499.022 1496.9 1495.933 1494.967 1494.0 1493.033 1493.528 1494.362 1495.197 1496.031 1496.712 1496.99 1497.269 1497.547 1497.825 1501.111 1505.459 1509.807 1514.156 1520.303 1533.522 1546.74 1559.958 1573.177 1580.565 1585.039 1589.512 1593.986 1597.272 1592.644 1588.015 1583.387 1578.758 1571.964 1563.69 1555.416 1547.142 1539.032 1533.586 1528.14 1522.694 1517.248 1512.889 1509.528 1506.166 1502.805 1499.443
1504.0 1505.076 1506.152 1507.228 1508.151 1509.067 1509.982 1510.898 1511.066 1510.203 1509.34 1508.477 1507.614 1504.932 1502.011 1499.091 1496.17 1493.748 1492.26 1490.772 1489.285 1487.797 1487.928 1488.435 1488.942 1489.449 1490.055 1490.924 1491.793 1492.662 1493.531 1497.515 1502.598 1507.682 1512.765 1519.525 1532.866 1546.209 1559.55 1572.892 1580.375 1584.929 1589.483 1594.037 1597.422 1593.008 1588.594 1584.181 1579.767 1573.35 1565.565 1557.78 1549.994 1542.352 1537.029 1531.706 1526.384 1521.061 1516.812 1513.547 1510.283 1507.018 1503.753
