data/zism_data/01014_01_D.txt
ncols         224
nrows         224
[rows 58 to 86 of 224, columns 65 to 129 of 224]
1076.583 1082.774 1088.964 1091.995 1094.072 1096.15 1098.227 1099.837 1099.903 1099.968 1100.033 1100.099 1100.141 1100.174 1100.207 1100.239 1100.267 1100.267 1100.267 1100.267 1100.267 1100.383 1100.569 1100.755 1100.941 1101.139 1101.461 1101.783 1102.104 1102.426 1102.677 1102.869 1103.062 1103.255 1103.442 1103.282 1103.122 1102.962 1102.802 1102.627 1102.434 1102.241 1102.048 1101.856 1101.498 1101.131 1100.764 1100.396 1100.173 1100.16 1100.146 1100.133 1100.12 1100.13 1100.143 1100.156 1100.169 1100.165 1100.126 1100.086 1100.047 1100.008 1100.0 1100.0 1100.0
1076.987 1083.585 1090.183 1093.111 1094.931 1096.75 1098.57 1099.971 1099.983 1099.994 1100.006 1100.018 1100.025 1100.031 1100.037 1100.043 1100.048 1100.048 1100.048 1100.048 1100.048 1100.144 1100.298 1100.452 1100.606 1100.778 1101.137 1101.496 1101.855 1102.215 1102.461 1102.617 1102.772 1102.927 1103.078 1102.928 1102.779 1102.63 1102.48 1102.328 1102.173 1102.018 1101.863 1101.708 1101.352 1100.985 1100.618 1100.25 1100.031 1100.029 1100.026 1100.024 1100.022 1100.023 1100.026 1100.028 1100.03 1100.03 1100.023 1100.016 1100.008 1100.001 1100.0 1100.0 1100.0
1076.948 1083.777 1090.607 1093.513 1095.234 1096.956 1098.678 1100.0 1100.0 1100.0 1100.0 1100.0 1099.95 1099.879 1099.808 1099.737 1099.668 1099.614 1099.56 1099.505 1099.451 1099.577 1099.812 1100.046 1100.281 1100.528 1100.895 1101.262 1101.63 1101.997 1102.25 1102.41 1102.569 1102.729 1102.884 1102.754 1102.624 1102.494 1102.363 1102.221 1102.066 1101.91 1101.755 1101.6 1101.296 1100.983 1100.67 1100.357 1100.156 1100.118 1100.08 1100.043 1100.005 1100.0 1100.0 1100.0 1100.0 1100.0 1100.0 1100.0 1100.0 1100.0 1100.0 1100.0 1100.0
1076.784 1083.796 1090.807 1093.715 1095.383 1097.051 1098.719 1100.0 1100.0 1100.0 1100.0 1100.0 1099.887 1099.725 1099.563 1099.4 1099.244 1099.12 1098.996 1098.872 1098.747 1098.917 1099.265 1099.612 1099.96 1100.309 1100.676 1101.044 1101.411 1101.779 1102.04 1102.216 1102.391 1102.567 1102.739 1102.63 1102.521 1102.412 1102.303 1102.167 1102.001 1101.835 1101.669 1101.503 1101.264 1101.021 1100.778 1100.534 1100.355 1100.269 1100.183 1100.097 1100.011 1100.0 1100.0 1100.0 1100.0 1100.0 1100.0 1100.0 1100.0 1100.0 1100.0 1100.0 1100.0
1076.62 1083.814 1091.008 1093.917 1095.531 1097.146 1098.76 1100.0 1100.0 1100.0 1100.0 1100.0 1099.824 1099.57 1099.317 1099.063 1098.819 1098.626 1098.432 1098.238 1098.044 1098.258 1098.718 1099.178 1099.638 1100.09 1100.457 1100.825 1101.192 1101.56 1101.83 1102.022 1102.214 1102.405 1102.593 1102.506 1102.418 1102.331 1102.244 1102.114 1101.937 1101.76 1101.583 1101.406 1101.233 1101.059 1100.885 1100.712 1100.554 1100.42 1100.286 1100.152 1100.017 1100.0 1100.0 1100.0 1100.0 1100.0 1100.0 1100.0 1100.0 1100.0 1100.0 1100.0 1100.0
1076.456 1083.833 1091.209 1094.119 1095.679 1097.24 1098.801 1100.0 1100.0 1100.0 1100.0 1100.0 1099.76 1099.416 1099.071 1098.727 1098.395 1098.131 1097.868 1097.604 1097.341 1097.599 1098.171 1098.744 1099.316 1099.871 1100.239 1100.606 1100.973 1101.341 1101.62 1101.828 1102.036 1102.244 1102.447 1102.381 1102.316 1102.25 1102.184 1102.06 1101.872 1101.685 1101.497 1101.31 1101.201 1101.097 1100.993 1100.889 1100.753 1100.571 1100.389 1100.206 1100.024 1100.0 1100.0 1100.0 1100.0 1100.0 1100.0 1100.0 1100.0 1100.0 1100.0 1100.0 1100.0
1075.538 1083.161 1090.783 1093.791 1095.406 1097.021 1098.636 1099.86 1099.791 1099.722 1099.653 1099.584 1099.22 1098.727 1098.235 1097.743 1097.3 1097.12 1096.94 1096.76 1096.58 1096.946 1097.641 1098.336 1099.032 1099.698 1100.062 1100.426 1100.79 1101.154 1101.438 1101.654 1101.871 1102.089 1102.302 1102.25 1102.199 1102.148 1102.097 1101.979 1101.789 1101.598 1101.408 1101.218 1101.154 1101.098 1101.043 1100.987 1100.868 1100.658 1100.448 1100.238 1100.027 1100.0 1100.0 1100.0 1100.0 1100.0 1100.0 1100.0 1100.0 1100.0 1100.0 1100.0 1100.0
1071.811 1079.916 1088.021 1091.49 1093.561 1095.632 1097.702 1099.201 1098.805 1098.409 1098.013 1097.616 1096.903 1096.052 1095.2 1094.349 1093.708 1094.182 1094.656 1095.13 1095.604 1096.316 1097.172 1098.029 1098.885 1099.697 1100.045 1100.393 1100.741 1101.089 1101.356 1101.557 1101.758 1101.958 1102.156 1102.094 1102.032 1101.97 1101.908 1101.797 1101.634 1101.47 1101.307 1101.143 1101.051 1100.963 1100.875 1100.787 1100.669 1100.507 1100.345 1100.183 1100.021 1100.0 1100.0 1100.0 1100.0 1100.0 1100.0 1100.0 1100.0 1100.0 1100.0 1100.0 1100.0
1068.084 1076.671 1085.258 1089.19 1091.716 1094.243 1096.769 1098.542 1097.818 1097.095 1096.372 1095.649 1094.587 1093.376 1092.165 1090.954 1090.116 1091.244 1092.372 1093.5 1094.628 1095.687 1096.704 1097.721 1098.738 1099.695 1100.027 1100.359 1100.691 1101.023 1101.274 1101.459 1101.644 1101.828 1102.01 1101.937 1101.864 1101.792 1101.719 1101.615 1101.479 1101.342 1101.205 1101.069 1100.948 1100.828 1100.708 1100.587 1100.47 1100.356 1100.242 1100.129 1100.015 1100.0 1100.0 1100.0 1100.0 1100.0 1100.0 1100.0 1100.0 1100.0 1100.0 1100.0 1100.0
1064.357 1073.427 1082.496 1086.89 1089.872 1092.853 1095.835 1097.882 1096.832 1095.782 1094.732 1093.682 1092.27 1090.7 1089.13 1087.56 1086.525 1088.307 1090.089 1091.87 1093.652 1095.058 1096.236 1097.413 1098.591 1099.694 1100.01 1100.326 1100.641 1100.957 1101.192 1101.361 1101.53 1101.698 1101.864 1101.78 1101.697 1101.613 1101.53 1101.434 1101.324 1101.214 1101.104 1100.994 1100.844 1100.692 1100.54 1100.388 1100.271 1100.205 1100.14 1100.074 1100.009 1100.0 1100.0 1100.0 1100.0 1100.0 1100.0 1100.0 1100.0 1100.0 1100.0 1100.0 1100.0
1060.63 1070.182 1079.734 1084.589 1088.027 1091.464 1094.902 1097.223 1095.846 1094.469 1093.092 1091.715 1089.953 1088.024 1086.095 1084.166 1082.933 1085.369 1087.805 1090.241 1092.676 1094.428 1095.767 1097.106 1098.444 1099.693 1099.992 1100.292 1100.592 1100.891 1101.11 1101.263 1101.416 1101.568 1101.718 1101.623 1101.529 1101.435 1101.341 1101.252 1101.169 1101.086 1101.003 1100.92 1100.741 1100.557 1100.372 1100.188 1100.071 1100.054 1100.037 1100.02 1100.002 1100.0 1100.0 1100.0 1100.0 1100.0 1100.0 1100.0 1100.0 1100.0 1100.0 1100.0 1100.0
1056.251 1065.766 1075.28 1080.149 1083.615 1087.081 1090.548 1092.678 1090.381 1088.085 1085.789 1083.492 1081.578 1079.83 1078.083 1076.335 1075.494 1079.43 1083.367 1087.304 1091.241 1093.684 1095.225 1096.766 1098.307 1099.736 1099.999 1100.262 1100.525 1100.788 1100.987 1101.134 1101.281 1101.428 1101.572 1101.488 1101.403 1101.319 1101.235 1101.146 1101.052 1100.958 1100.864 1100.769 1100.605 1100.437 1100.268 1100.1 1099.987 1099.956 1099.925 1099.894 1099.864 1099.886 1099.917 1099.948 1099.979 1100.0 1100.0 1100.0 1100.0 1100.0 1100.0 1100.0 1100.0
1051.51 1060.697 1069.885 1074.517 1077.774 1081.031 1084.288 1085.968 1082.423 1078.878 1075.332 1071.787 1069.828 1068.563 1067.297 1066.032 1065.911 1071.821 1077.73 1083.64 1089.549 1092.876 1094.642 1096.408 1098.174 1099.805 1100.02 1100.234 1100.449 1100.664 1100.841 1100.988 1101.135 1101.282 1101.426 1101.363 1101.301 1101.238 1101.175 1101.082 1100.956 1100.829 1100.703 1100.577 1100.451 1100.326 1100.2 1100.075 1099.968 1099.889 1099.809 1099.73 1099.651 1099.709 1099.789 1099.868 1099.947 1100.0 1100.0 1100.0 1100.0 1100.0 1100.0 1100.0 1100.0
1046.768 1055.629 1064.489 1068.885 1071.933 1074.981 1078.029 1079.259 1074.465 1069.67 1064.876 1060.082 1058.078 1057.295 1056.513 1055.73 1056.329 1064.211 1072.093 1079.975 1087.857 1092.068 1094.059 1096.05 1098.042 1099.874 1100.04 1100.207 1100.373 1100.54 1100.695 1100.842 1100.989 1101.136 1101.281 1101.239 1101.198 1101.157 1101.115 1101.018 1100.859 1100.701 1100.542 1100.384 1100.297 1100.214 1100.132 1100.049 1099.948 1099.821 1099.693 1099.566 1099.438 1099.533 1099.66 1099.787 1099.915 1100.0 1100.0 1100.0 1100.0 1100.0 1100.0 1100.0 1100.0
1042.027 1050.56 1059.094 1063.253 1066.092 1068.931 1071.77 1072.55 1066.506 1060.463 1054.42 1048.377 1046.328 1046.028 1045.728 1045.428 1046.747 1056.601 1066.456 1076.311 1086.166 1091.26 1093.476 1095.693 1097.909 1099.943 1100.061 1100.179 1100.297 1100.416 1100.55 1100.697 1100.844 1100.99 1101.135 1101.115 1101.095 1101.075 1101.055 1100.954 1100.763 1100.573 1100.382 1100.191 1100.143 1100.103 1100.063 1100.024 1099.929 1099.753 1099.577 1099.401 1099.226 1099.356 1099.531 1099.707 1099.883 1100.0 1100.0 1100.0 1100.0 1100.0 1100.0 1100.0 1100.0
1037.205 1045.361 1053.518 1057.426 1060.051 1062.677 1065.302 1065.658 1058.497 1051.335 1044.174 1037.013 1034.984 1035.2 1035.416 1035.632 1037.68 1049.391 1061.102 1072.813 1084.523 1090.455 1092.892 1095.33 1097.767 1099.999 1100.073 1100.147 1100.221 1100.295 1100.408 1100.552 1100.697 1100.842 1100.984 1100.98 1100.976 1100.972 1100.968 1100.864 1100.649 1100.434 1100.22 1100.005 1099.991 1099.989 1099.987 1099.985 1099.895 1099.676 1099.457 1099.237 1099.018 1099.182 1099.403 1099.624 1099.845 1099.993 1099.995 1099.997 1099.998 1100.0 1100.0 1100.0 1100.0
1031.356 1038.505 1045.654 1049.119 1051.47 1053.822 1056.174 1056.447 1049.833 1043.218 1036.604 1029.989 1028.783 1029.942 1031.102 1032.261 1035.162 1047.248 1059.334 1071.421 1083.506 1089.687 1092.296 1094.905 1097.514 1099.902 1099.982 1100.061 1100.14 1100.219 1100.317 1100.429 1100.542 1100.654 1100.764 1100.707 1100.649 1100.592 1100.534 1100.44 1100.306 1100.172 1100.038 1099.903 1099.869 1099.84 1099.811 1099.782 1099.683 1099.479 1099.276 1099.073 1098.87 1099.045 1099.277 1099.509 1099.741 1099.903 1099.926 1099.949 1099.972 1099.995 1100.0 1100.0 1100.0
1025.508 1031.649 1037.791 1040.811 1042.89 1044.968 1047.047 1047.236 1041.168 1035.101 1029.033 1022.965 1022.582 1024.685 1026.787 1028.89 1032.645 1045.106 1057.567 1070.029 1082.49 1088.918 1091.699 1094.479 1097.26 1099.806 1099.89 1099.975 1100.06 1100.144 1100.226 1100.307 1100.387 1100.467 1100.545 1100.434 1100.323 1100.211 1100.1 1100.017 1099.963 1099.909 1099.855 1099.802 1099.746 1099.69 1099.635 1099.579 1099.47 1099.283 1099.096 1098.909 1098.722 1098.909 1099.151 1099.394 1099.637 1099.813 1099.858 1099.902 1099.947 1099.991 1100.0 1100.0 1100.0
1019.66 1024.793 1029.927 1032.504 1034.309 1036.114 1037.919 1038.025 1032.504 1026.983 1021.463 1015.942 1016.381 1019.427 1022.473 1025.52 1030.127 1042.964 1055.8 1068.637 1081.473 1088.15 1091.102 1094.054 1097.006 1099.709 1099.799 1099.889 1099.979 1100.069 1100.136 1100.184 1100.232 1100.28 1100.325 1100.16 1099.996 1099.831 1099.666 1099.593 1099.62 1099.646 1099.673 1099.7 1099.624 1099.541 1099.459 1099.376 1099.258 1099.087 1098.916 1098.745 1098.574 1098.772 1099.025 1099.279 1099.532 1099.723 1099.789 1099.855 1099.921 1099.987 1100.0 1100.0 1100.0
1013.812 1017.937 1022.063 1024.196 1025.728 1027.259 1028.791 1028.814 1023.84 1018.866 1013.892 1008.918 1010.18 1014.169 1018.159 1022.149 1027.609 1040.821 1054.033 1067.245 1080.456 1087.381 1090.505 1093.628 1096.752 1099.612 1099.707 1099.803 1099.898 1099.993 1100.045 1100.061 1100.077 1100.093 1100.105 1099.887 1099.669 1099.45 1099.232 1099.169 1099.276 1099.384 1099.491 1099.598 1099.501 1099.392 1099.283 1099.173 1099.046 1098.891 1098.736 1098.581 1098.426 1098.635 1098.9 1099.164 1099.428 1099.633 1099.72 1099.808 1099.895 1099.982 1100.0 1100.0 1100.0
1009.962 1013.139 1016.316 1018.032 1019.306 1020.581 1021.856 1021.851 1017.607 1013.363 1009.119 1004.875 1006.631 1011.011 1015.391 1019.771 1025.529 1038.554 1051.58 1064.605 1077.63 1084.742 1088.277 1091.812 1095.348 1098.6 1098.873 1099.146 1099.42 1099.693 1099.772 1099.691 1099.61 1099.529 1099.443 1099.044 1098.646 1098.247 1097.848 1097.795 1098.12 1098.446 1098.771 1099.096 1099.053 1098.987 1098.921 1098.855 1098.734 1098.53 1098.326 1098.123 1097.919 1098.202 1098.558 1098.913 1099.269 1099.543 1099.652 1099.76 1099.869 1099.978 1100.0 1100.0 1100.0
1008.082 1010.369 1012.656 1013.98 1015.014 1016.047 1017.08 1017.101 1013.769 1010.436 1007.104 1003.771 1005.696 1009.92 1014.145 1018.369 1023.879 1036.165 1048.45 1060.736 1073.021 1080.258 1084.442 1088.626 1092.81 1096.684 1097.306 1097.928 1098.55 1099.172 1099.318 1099.077 1098.835 1098.593 1098.344 1097.64 1096.936 1096.231 1095.527 1095.484 1096.163 1096.842 1097.521 1098.2 1098.283 1098.33 1098.377 1098.424 1098.323 1098.007 1097.691 1097.375 1097.058 1097.476 1098.003 1098.53 1099.058 1099.453 1099.583 1099.713 1099.843 1099.974 1100.0 1100.0 1100.0
1006.202 1007.599 1008.996 1009.929 1010.721 1011.513 1012.305 1012.352 1009.931 1007.51 1005.088 1002.667 1004.761 1008.83 1012.899 1016.968 1022.229 1033.775 1045.321 1056.867 1068.413 1075.775 1080.608 1085.44 1090.273 1094.769 1095.74 1096.71 1097.681 1098.651 1098.865 1098.463 1098.06 1097.657 1097.246 1096.236 1095.226 1094.216 1093.206 1093.173 1094.206 1095.239 1096.271 1097.304 1097.514 1097.673 1097.833 1097.992 1097.913 1097.484 1097.055 1096.626 1096.198 1096.749 1097.448 1098.147 1098.846 1099.363 1099.514 1099.666 1099.818 1099.969 1100.0 1100.0 1100.0
1004.321 1004.829 1005.336 1005.877 1006.428 1006.979 1007.53 1007.603 1006.093 1004.583 1003.073 1001.563 1003.826 1007.739 1011.653 1015.567 1020.579 1031.385 1042.192 1052.998 1063.804 1071.292 1076.773 1082.254 1087.735 1092.854 1094.173 1095.492 1096.811 1098.13 1098.412 1097.849 1097.285 1096.722 1096.147 1094.832 1093.516 1092.201 1090.885 1090.862 1092.249 1093.635 1095.022 1096.408 1096.745 1097.017 1097.289 1097.561 1097.502 1096.961 1096.42 1095.878 1095.337 1096.023 1096.894 1097.764 1098.635 1099.273 1099.446 1099.619 1099.792 1099.965 1100.0 1100.0 1100.0
1002.441 1002.059 1001.676 1001.825 1002.135 1002.445 1002.755 1002.854 1002.255 1001.656 1001.057 1000.459 1002.891 1006.649 1010.407 1014.165 1018.929 1028.995 1039.062 1049.129 1059.195 1066.808 1072.938 1079.068 1085.198 1090.939 1092.607 1094.274 1095.941 1097.608 1097.959 1097.234 1096.51 1095.786 1095.049 1093.428 1091.807 1090.186 1088.565 1088.551 1090.292 1092.032 1093.772 1095.512 1095.976 1096.36 1096.745 1097.129 1097.092 1096.438 1095.784 1095.13 1094.476 1095.297 1096.339 1097.381 1098.423 1099.182 1099.377 1099.572 1099.766 1099.961 1100.0 1100.0 1100.0
1004.969 1003.401 1001.833 1001.58 1001.724 1001.867 1002.011 1002.022 1001.593 1001.165 1000.736 1000.307 1002.335 1005.436 1008.538 1011.64 1015.628 1024.288 1032.949 1041.61 1050.27 1057.502 1063.87 1070.238 1076.605 1082.637 1085.138 1087.64 1090.141 1092.643 1093.222 1092.231 1091.241 1090.251 1089.245 1087.219 1085.192 1083.165 1081.139 1081.37 1084.065 1086.76 1089.456 1092.151 1093.124 1093.992 1094.86 1095.727 1095.883 1094.996 1094.109 1093.223 1092.336 1093.472 1094.911 1096.349 1097.788 1098.84 1099.116 1099.392 1099.668 1099.944 1100.0 1100.0 1100.0
1007.807 1005.033 1002.259 1001.602 1001.585 1001.568 1001.551 1001.466 1001.155 1000.844 1000.534 1000.223 1001.805 1004.215 1006.625 1009.035 1012.21 1019.418 1026.626 1033.834 1041.042 1047.857 1054.434 1061.01 1067.587 1073.885 1077.255 1080.625 1083.995 1087.365 1088.183 1086.92 1085.656 1084.392 1083.112 1080.672 1078.233 1075.793 1073.354 1073.847 1077.539 1081.231 1084.924 1088.616 1090.127 1091.504 1092.881 1094.258 1094.618 1093.49 1092.362 1091.234 1090.106 1091.569 1093.421 1095.272 1097.124 1098.479 1098.841 1099.203 1099.565 1099.927 1100.0 1100.0 1100.0
1010.645 1006.665 1002.684 1001.625 1001.447 1001.269 1001.091 1000.91 1000.717 1000.524 1000.331 1000.138 1001.275 1002.994 1004.712 1006.431 1008.793 1014.548 1020.304 1026.059 1031.814 1038.212 1044.998 1051.784 1058.569 1065.134 1069.372 1073.61 1077.849 1082.087 1083.145 1081.608 1080.071 1078.534 1076.978 1074.126 1071.273 1068.421 1065.569 1066.323 1071.013 1075.702 1080.392 1085.081 1087.13 1089.016 1090.902 1092.788 1093.353 1091.984 1090.615 1089.245 1087.876 1089.667 1091.931 1094.196 1096.46 1098.119 1098.566 1099.014 1099.462 1099.909 1100.0 1100.0 1100.0
1013.483 1008.296 1003.11 1001.647 1001.308 1000.97 1000.631 1000.353 1000.278 1000.203 1000.129 1000.054 1000.745 1001.772 1002.799 1003.827 1005.376 1009.679 1013.981 1018.284 1022.586 1028.567 1035.562 1042.557 1049.551 1056.382 1061.489 1066.596 1071.703 1076.81 1078.107 1076.297 1074.486 1072.676 1070.844 1067.579 1064.314 1061.049 1057.784 1058.8 1064.487 1070.173 1075.859 1081.546 1084.132 1086.527 1088.923 1091.318 1092.088 1090.477 1088.867 1087.256 1085.646 1087.764 1090.441 1093.119 1095.796 1097.758 1098.292 1098.825 1099.358 1099.892 1100.0 1100.0 1100.0
