data/zism_data/01016_03_D.txt
ncols         224
nrows         224
[rows 196 to 223 of 224, columns 126 to 188 of 224]
1464.086 1464.301 1464.517 1464.734 1464.961 1465.188 1465.416 1465.643 1465.958 1466.327 1466.695 1467.064 1467.421 1467.668 1467.916 1468.163 1468.41 1468.597 1468.74 1468.884 1469.028 1469.17 1469.296 1469.421 1469.547 1469.672 1469.661 1469.535 1469.41 1469.284 1469.162 1469.162 1469.162 1469.162 1469.162 1469.162 1469.162 1469.162 1469.162 1469.162 1469.162 1469.162 1469.162 1469.162 1469.162 1469.162 1469.162 1469.162 1469.162 1469.162 1469.162 1469.162 1469.162 1469.162 1469.162 1469.162 1469.162 1469.162 1469.03 1468.886 1468.743 1468.599 1468.513
1464.629 1464.817 1465.005 1465.203 1465.457 1465.712 1465.966 1466.22 1466.546 1466.914 1467.283 1467.652 1468.007 1468.238 1468.469 1468.7 1468.931 1469.14 1469.332 1469.524 1469.717 1469.903 1469.996 1470.089 1470.182 1470.275 1470.266 1470.173 1470.08 1469.987 1469.897 1469.897 1469.897 1469.897 1469.897 1469.897 1469.897 1469.897 1469.897 1469.897 1469.897 1469.897 1469.897 1469.897 1469.897 1469.897 1469.897 1469.897 1469.897 1469.897 1469.897 1469.897 1469.897 1469.897 1469.897 1469.897 1469.897 1469.897 1469.719 1469.527 1469.335 1469.142 1469.028
1465.149 1465.315 1465.48 1465.66 1465.931 1466.201 1466.472 1466.742 1467.082 1467.464 1467.846 1468.228 1468.594 1468.813 1469.032 1469.251 1469.47 1469.696 1469.926 1470.156 1470.386 1470.606 1470.68 1470.754 1470.828 1470.902 1470.898 1470.831 1470.764 1470.697 1470.631 1470.631 1470.631 1470.631 1470.631 1470.631 1470.631 1470.631 1470.631 1470.631 1470.631 1470.631 1470.631 1470.631 1470.631 1470.631 1470.631 1470.631 1470.631 1470.631 1470.631 1470.631 1470.631 1470.63 1470.628 1470.626 1470.624 1470.622 1470.42 1470.201 1469.981 1469.762 1469.63
1465.637 1465.786 1465.935 1466.101 1466.372 1466.642 1466.913 1467.183 1467.543 1467.958 1468.372 1468.787 1469.181 1469.395 1469.609 1469.822 1470.036 1470.272 1470.524 1470.776 1471.027 1471.268 1471.342 1471.415 1471.489 1471.563 1471.568 1471.518 1471.467 1471.416 1471.366 1471.366 1471.366 1471.366 1471.366 1471.366 1471.366 1471.366 1471.366 1471.366 1471.366 1471.366 1471.366 1471.366 1471.366 1471.366 1471.366 1471.366 1471.366 1471.366 1471.366 1471.366 1471.366 1471.363 1471.355 1471.348 1471.34 1471.332 1471.135 1470.921 1470.708 1470.494 1470.36
1466.124 1466.257 1466.39 1466.542 1466.813 1467.083 1467.354 1467.624 1468.004 1468.451 1468.898 1469.345 1469.769 1469.977 1470.185 1470.393 1470.602 1470.848 1471.122 1471.395 1471.669 1471.929 1472.003 1472.077 1472.151 1472.224 1472.239 1472.204 1472.169 1472.135 1472.101 1472.101 1472.101 1472.101 1472.101 1472.101 1472.101 1472.101 1472.101 1472.101 1472.101 1472.101 1472.101 1472.101 1472.101 1472.101 1472.101 1472.101 1472.101 1472.101 1472.101 1472.101 1472.101 1472.095 1472.082 1472.069 1472.056 1472.043 1471.85 1471.642 1471.434 1471.226 1471.091
1466.612 1466.729 1466.845 1466.983 1467.254 1467.524 1467.795 1468.065 1468.465 1468.945 1469.424 1469.904 1470.356 1470.559 1470.762 1470.964 1471.167 1471.424 1471.719 1472.014 1472.31 1472.591 1472.664 1472.738 1472.812 1472.886 1472.909 1472.891 1472.872 1472.854 1472.836 1472.836 1472.836 1472.836 1472.836 1472.836 1472.836 1472.836 1472.836 1472.836 1472.836 1472.836 1472.836 1472.836 1472.836 1472.836 1472.836 1472.836 1472.836 1472.836 1472.836 1472.836 1472.836 1472.828 1472.809 1472.791 1472.772 1472.754 1472.566 1472.363 1472.16 1471.957 1471.821
1467.099 1467.2 1467.3 1467.424 1467.694 1467.965 1468.236 1468.506 1468.926 1469.438 1469.951 1470.463 1470.943 1471.141 1471.338 1471.536 1471.733 1472.0 1472.317 1472.634 1472.951 1473.252 1473.326 1473.399 1473.473 1473.547 1473.579 1473.577 1473.575 1473.573 1473.571 1473.571 1473.571 1473.571 1473.571 1473.571 1473.571 1473.571 1473.571 1473.571 1473.571 1473.571 1473.571 1473.571 1473.571 1473.571 1473.571 1473.571 1473.571 1473.571 1473.571 1473.571 1473.571 1473.56 1473.536 1473.513 1473.489 1473.465 1473.281 1473.084 1472.886 1472.689 1472.552
1467.545 1467.681 1467.817 1467.97 1468.231 1468.492 1468.753 1469.014 1469.416 1469.904 1470.392 1470.88 1471.343 1471.572 1471.802 1472.032 1472.262 1472.549 1472.878 1473.208 1473.537 1473.851 1473.953 1474.055 1474.157 1474.259 1474.306 1474.306 1474.306 1474.306 1474.306 1474.306 1474.306 1474.306 1474.306 1474.306 1474.306 1474.306 1474.306 1474.306 1474.306 1474.306 1474.306 1474.306 1474.306 1474.306 1474.306 1474.306 1474.306 1474.306 1474.306 1474.306 1474.306 1474.291 1474.257 1474.223 1474.189 1474.155 1473.94 1473.711 1473.481 1473.251 1473.098
1467.984 1468.163 1468.343 1468.532 1468.782 1469.032 1469.283 1469.533 1469.91 1470.366 1470.822 1471.277 1471.714 1471.982 1472.249 1472.517 1472.785 1473.094 1473.434 1473.774 1474.114 1474.441 1474.576 1474.71 1474.845 1474.979 1475.041 1475.041 1475.041 1475.041 1475.041 1475.041 1475.041 1475.041 1475.041 1475.041 1475.041 1475.041 1475.041 1475.041 1475.041 1475.041 1475.041 1475.041 1475.041 1475.041 1475.041 1475.041 1475.041 1475.041 1475.041 1475.041 1475.041 1475.021 1474.976 1474.931 1474.886 1474.841 1474.591 1474.324 1474.056 1473.788 1473.617
1468.423 1468.646 1468.869 1469.094 1469.333 1469.573 1469.812 1470.051 1470.405 1470.828 1471.251 1471.674 1472.085 1472.391 1472.696 1473.002 1473.308 1473.64 1473.99 1474.341 1474.692 1475.031 1475.198 1475.365 1475.532 1475.7 1475.775 1475.775 1475.775 1475.775 1475.775 1475.775 1475.775 1475.775 1475.775 1475.775 1475.775 1475.775 1475.775 1475.775 1475.775 1475.775 1475.775 1475.775 1475.775 1475.775 1475.775 1475.775 1475.775 1475.775 1475.775 1475.775 1475.775 1475.751 1475.695 1475.639 1475.584 1475.528 1475.242 1474.937 1474.631 1474.325 1474.135
1468.862 1469.128 1469.395 1469.656 1469.884 1470.113 1470.341 1470.57 1470.899 1471.289 1471.68 1472.07 1472.456 1472.8 1473.144 1473.487 1473.831 1474.185 1474.547 1474.908 1475.27 1475.621 1475.821 1476.02 1476.22 1476.42 1476.51 1476.51 1476.51 1476.51 1476.51 1476.51 1476.51 1476.51 1476.51 1476.51 1476.51 1476.51 1476.51 1476.51 1476.51 1476.51 1476.51 1476.51 1476.51 1476.51 1476.51 1476.51 1476.51 1476.51 1476.51 1476.51 1476.51 1476.481 1476.414 1476.348 1476.281 1476.215 1475.893 1475.549 1475.206 1474.862 1474.654
1469.277 1469.573 1469.868 1470.153 1470.374 1470.595 1470.817 1471.038 1471.355 1471.731 1472.107 1472.484 1472.86 1473.236 1473.612 1473.988 1474.364 1474.737 1475.108 1475.479 1475.849 1476.211 1476.439 1476.668 1476.896 1477.125 1477.231 1477.234 1477.238 1477.241 1477.245 1477.245 1477.245 1477.245 1477.245 1477.245 1477.245 1477.245 1477.245 1477.245 1477.245 1477.245 1477.245 1477.245 1477.245 1477.245 1477.245 1477.245 1477.245 1477.245 1477.245 1477.245 1477.245 1477.209 1477.128 1477.047 1476.966 1476.885 1476.546 1476.184 1475.823 1475.461 1475.245
1469.645 1469.94 1470.235 1470.52 1470.741 1470.963 1471.184 1471.406 1471.736 1472.134 1472.532 1472.929 1473.327 1473.725 1474.123 1474.521 1474.919 1475.304 1475.68 1476.056 1476.432 1476.8 1477.05 1477.301 1477.551 1477.801 1477.922 1477.937 1477.951 1477.966 1477.98 1477.98 1477.98 1477.98 1477.98 1477.98 1477.98 1477.98 1477.98 1477.98 1477.98 1477.98 1477.98 1477.98 1477.98 1477.98 1477.98 1477.98 1477.98 1477.98 1477.98 1477.98 1477.98 1477.935 1477.832 1477.729 1477.627 1477.524 1477.203 1476.863 1476.523 1476.183 1475.98
1470.012 1470.307 1470.603 1470.888 1471.109 1471.33 1471.552 1471.773 1472.117 1472.536 1472.956 1473.375 1473.795 1474.214 1474.634 1475.053 1475.473 1475.87 1476.252 1476.633 1477.015 1477.389 1477.661 1477.933 1478.205 1478.477 1478.614 1478.639 1478.665 1478.69 1478.715 1478.715 1478.715 1478.715 1478.715 1478.715 1478.715 1478.715 1478.715 1478.715 1478.715 1478.715 1478.715 1478.715 1478.715 1478.715 1478.715 1478.715 1478.715 1478.715 1478.715 1478.715 1478.715 1478.66 1478.536 1478.411 1478.287 1478.162 1477.859 1477.541 1477.223 1476.905 1476.715
1470.38 1470.675 1470.97 1471.255 1471.476 1471.698 1471.919 1472.14 1472.498 1472.939 1473.38 1473.821 1474.262 1474.703 1475.145 1475.586 1476.027 1476.437 1476.824 1477.211 1477.598 1477.979 1478.272 1478.566 1478.859 1479.153 1479.306 1479.342 1479.378 1479.414 1479.449 1479.449 1479.449 1479.449 1479.449 1479.449 1479.449 1479.449 1479.449 1479.449 1479.449 1479.449 1479.449 1479.449 1479.449 1479.449 1479.449 1479.449 1479.449 1479.449 1479.449 1479.449 1479.449 1479.385 1479.239 1479.093 1478.947 1478.801 1478.516 1478.22 1477.923 1477.626 1477.449
1470.747 1471.042 1471.337 1471.622 1471.844 1472.065 1472.286 1472.508 1472.878 1473.341 1473.804 1474.267 1474.73 1475.193 1475.656 1476.119 1476.581 1477.003 1477.396 1477.788 1478.18 1478.568 1478.883 1479.198 1479.514 1479.829 1479.998 1480.045 1480.092 1480.139 1480.184 1480.184 1480.184 1480.184 1480.184 1480.184 1480.184 1480.184 1480.184 1480.184 1480.184 1480.184 1480.184 1480.184 1480.184 1480.184 1480.184 1480.184 1480.184 1480.184 1480.184 1480.184 1480.184 1480.111 1479.943 1479.775 1479.607 1479.44 1479.173 1478.898 1478.623 1478.348 1478.184
1470.825 1471.146 1471.468 1471.78 1472.036 1472.292 1472.547 1472.803 1473.203 1473.692 1474.181 1474.67 1475.156 1475.619 1476.082 1476.545 1477.008 1477.451 1477.879 1478.307 1478.735 1479.156 1479.485 1479.813 1480.142 1480.47 1480.655 1480.722 1480.788 1480.854 1480.919 1480.919 1480.919 1480.919 1480.919 1480.919 1480.919 1480.919 1480.919 1480.919 1480.919 1480.919 1480.919 1480.919 1480.919 1480.919 1480.919 1480.919 1480.919 1480.911 1480.902 1480.893 1480.885 1480.801 1480.62 1480.439 1480.258 1480.078 1479.83 1479.577 1479.323 1479.07 1478.919
1470.83 1471.184 1471.537 1471.884 1472.183 1472.482 1472.781 1473.081 1473.514 1474.03 1474.546 1475.062 1475.572 1476.03 1476.487 1476.945 1477.402 1477.868 1478.339 1478.811 1479.282 1479.745 1480.084 1480.423 1480.763 1481.102 1481.304 1481.392 1481.48 1481.568 1481.654 1481.654 1481.654 1481.654 1481.654 1481.654 1481.654 1481.654 1481.654 1481.654 1481.654 1481.654 1481.654 1481.654 1481.654 1481.654 1481.654 1481.654 1481.654 1481.635 1481.616 1481.596 1481.577 1481.482 1481.29 1481.099 1480.907 1480.715 1480.487 1480.255 1480.024 1479.792 1479.654
1470.835 1471.221 1471.607 1471.988 1472.33 1472.673 1473.016 1473.358 1473.825 1474.368 1474.911 1475.454 1475.988 1476.44 1476.892 1477.344 1477.797 1478.285 1478.8 1479.315 1479.829 1480.334 1480.684 1481.034 1481.384 1481.734 1481.953 1482.062 1482.172 1482.282 1482.389 1482.389 1482.389 1482.389 1482.389 1482.389 1482.389 1482.389 1482.389 1482.389 1482.389 1482.389 1482.389 1482.389 1482.389 1482.389 1482.389 1482.389 1482.389 1482.36 1482.329 1482.299 1482.269 1482.163 1481.96 1481.758 1481.555 1481.353 1481.144 1480.934 1480.724 1480.514 1480.389
1470.84 1471.259 1471.677 1472.092 1472.478 1472.864 1473.25 1473.635 1474.135 1474.706 1475.276 1475.846 1476.404 1476.851 1477.297 1477.744 1478.191 1478.702 1479.26 1479.819 1480.377 1480.922 1481.283 1481.644 1482.005 1482.366 1482.601 1482.733 1482.864 1482.996 1483.124 1483.124 1483.124 1483.124 1483.124 1483.124 1483.124 1483.124 1483.124 1483.124 1483.124 1483.124 1483.124 1483.124 1483.124 1483.124 1483.124 1483.124 1483.124 1483.084 1483.043 1483.002 1482.961 1482.844 1482.631 1482.417 1482.204 1481.991 1481.8 1481.612 1481.424 1481.236 1481.124
1470.806 1471.253 1471.7 1472.144 1472.567 1472.991 1473.415 1473.838 1474.365 1474.955 1475.546 1476.136 1476.713 1477.168 1477.623 1478.079 1478.534 1479.073 1479.672 1480.271 1480.869 1481.453 1481.822 1482.191 1482.56 1482.929 1483.188 1483.357 1483.526 1483.694 1483.858 1483.858 1483.858 1483.858 1483.858 1483.858 1483.858 1483.858 1483.858 1483.858 1483.858 1483.858 1483.858 1483.858 1483.858 1483.858 1483.858 1483.858 1483.858 1483.806 1483.751 1483.696 1483.641 1483.512 1483.286 1483.06 1482.835 1482.609 1482.442 1482.28 1482.118 1481.955 1481.858
1470.661 1471.125 1471.588 1472.049 1472.494 1472.939 1473.385 1473.83 1474.365 1474.955 1475.546 1476.136 1476.717 1477.222 1477.726 1478.23 1478.734 1479.313 1479.944 1480.575 1481.206 1481.821 1482.189 1482.558 1482.927 1483.296 1483.6 1483.85 1484.1 1484.35 1484.593 1484.593 1484.593 1484.593 1484.593 1484.593 1484.593 1484.593 1484.593 1484.593 1484.593 1484.593 1484.593 1484.593 1484.593 1484.593 1484.593 1484.593 1484.593 1484.52 1484.443 1484.367 1484.29 1484.141 1483.899 1483.658 1483.416 1483.174 1483.04 1482.916 1482.792 1482.667 1482.593
1470.517 1470.996 1471.476 1471.953 1472.421 1472.888 1473.355 1473.822 1474.365 1474.955 1475.546 1476.136 1476.722 1477.275 1477.828 1478.381 1478.934 1479.552 1480.216 1480.88 1481.543 1482.188 1482.557 1482.926 1483.295 1483.663 1484.012 1484.343 1484.675 1485.006 1485.328 1485.328 1485.328 1485.328 1485.328 1485.328 1485.328 1485.328 1485.328 1485.328 1485.328 1485.328 1485.328 1485.328 1485.328 1485.328 1485.328 1485.328 1485.328 1485.234 1485.136 1485.038 1484.939 1484.771 1484.513 1484.255 1483.997 1483.739 1483.639 1483.552 1483.466 1483.38 1483.328
1470.372 1470.868 1471.364 1471.859 1472.347 1472.836 1473.325 1473.814 1474.365 1474.955 1475.546 1476.136 1476.727 1477.329 1477.931 1478.533 1479.135 1479.791 1480.488 1481.184 1481.88 1482.555 1482.924 1483.293 1483.662 1484.031 1484.424 1484.836 1485.249 1485.662 1486.063 1486.063 1486.063 1486.063 1486.063 1486.063 1486.063 1486.063 1486.063 1486.063 1486.063 1486.063 1486.063 1486.063 1486.063 1486.063 1486.063 1486.063 1486.063 1485.948 1485.828 1485.708 1485.588 1485.401 1485.126 1484.852 1484.578 1484.303 1484.237 1484.189 1484.14 1484.092 1484.063
1470.228 1470.74 1471.252 1471.764 1472.274 1472.784 1473.295 1473.805 1474.365 1474.955 1475.546 1476.136 1476.732 1477.383 1478.033 1478.684 1479.335 1480.031 1480.76 1481.488 1482.217 1482.923 1483.292 1483.661 1484.029 1484.398 1484.836 1485.33 1485.824 1486.318 1486.798 1486.798 1486.798 1486.798 1486.798 1486.798 1486.798 1486.798 1486.798 1486.798 1486.798 1486.798 1486.798 1486.798 1486.798 1486.798 1486.798 1486.798 1486.798 1486.662 1486.521 1486.379 1486.237 1486.031 1485.74 1485.449 1485.159 1484.868 1484.835 1484.825 1484.814 1484.804 1484.798
1470.007 1470.543 1471.08 1471.614 1472.134 1472.654 1473.175 1473.695 1474.268 1474.874 1475.48 1476.086 1476.699 1477.371 1478.043 1478.714 1479.386 1480.11 1480.872 1481.633 1482.394 1483.133 1483.537 1483.941 1484.345 1484.75 1485.207 1485.707 1486.208 1486.709 1487.197 1487.248 1487.299 1487.35 1487.401 1487.45 1487.497 1487.544 1487.592 1487.639 1487.651 1487.662 1487.674 1487.686 1487.675 1487.64 1487.605 1487.569 1487.534 1487.384 1487.228 1487.073 1486.918 1486.704 1486.417 1486.13 1485.843 1485.555 1485.532 1485.532 1485.532 1485.532 1485.542
1469.758 1470.322 1470.885 1471.443 1471.969 1472.495 1473.02 1473.546 1474.135 1474.762 1475.39 1476.018 1476.651 1477.334 1478.016 1478.699 1479.382 1480.129 1480.923 1481.717 1482.511 1483.283 1483.736 1484.189 1484.642 1485.095 1485.562 1486.041 1486.52 1486.999 1487.468 1487.59 1487.711 1487.833 1487.954 1488.071 1488.183 1488.296 1488.408 1488.52 1488.549 1488.577 1488.605 1488.633 1488.608 1488.523 1488.439 1488.355 1488.271 1488.108 1487.942 1487.776 1487.609 1487.395 1487.118 1486.842 1486.566 1486.289 1486.267 1486.267 1486.267 1486.267 1486.29
1469.509 1470.1 1470.69 1471.272 1471.803 1472.335 1472.866 1473.397 1474.001 1474.651 1475.3 1475.949 1476.603 1477.297 1477.99 1478.684 1479.377 1480.148 1480.975 1481.801 1482.628 1483.433 1483.935 1484.437 1484.938 1485.44 1485.918 1486.375 1486.833 1487.29 1487.74 1487.932 1488.124 1488.316 1488.508 1488.692 1488.87 1489.047 1489.224 1489.401 1489.447 1489.491 1489.535 1489.579 1489.54 1489.407 1489.274 1489.141 1489.008 1488.833 1488.656 1488.479 1488.301 1488.085 1487.82 1487.554 1487.289 1487.023 1487.002 1487.002 1487.002 1487.002 1487.038
