data/zism_data/01017_02_D.txt
ncols         224
nrows         224
[rows 112 to 139 of 224, columns 126 to 188 of 224]
1497.285 1497.392 1497.5 1497.534 1497.548 1497.561 1497.575 1497.547 1497.361 1497.175 1496.989 1496.803 1496.627 1496.457 1496.286 1496.116 1495.946 1495.776 1495.605 1495.435 1495.265 1495.115 1494.985 1494.855 1494.725 1494.595 1494.605 1494.627 1494.649 1494.671 1494.722 1494.825 1494.928 1495.031 1495.135 1495.308 1495.5 1495.692 1495.884 1496.095 1496.372 1496.65 1496.927 1497.205 1497.446 1497.667 1497.888 1498.109 1498.315 1498.342 1498.369 1498.396 1498.422 1498.436 1498.436 1498.436 1498.436 1498.436 1498.255 1498.063 1497.871 1497.679 1497.524
1497.531 1497.681 1497.831 1497.879 1497.898 1497.916 1497.935 1497.909 1497.707 1497.505 1497.302 1497.1 1496.919 1496.748 1496.578 1496.408 1496.238 1496.067 1495.897 1495.727 1495.557 1495.415 1495.3 1495.186 1495.072 1494.958 1494.96 1494.972 1494.983 1494.994 1495.028 1495.105 1495.182 1495.258 1495.335 1495.494 1495.676 1495.857 1496.038 1496.25 1496.57 1496.89 1497.21 1497.53 1497.793 1498.025 1498.257 1498.489 1498.705 1498.743 1498.78 1498.818 1498.855 1498.873 1498.873 1498.873 1498.873 1498.873 1498.703 1498.521 1498.34 1498.158 1498.018
1497.777 1497.969 1498.161 1498.224 1498.248 1498.272 1498.296 1498.27 1498.052 1497.834 1497.616 1497.398 1497.21 1497.04 1496.87 1496.7 1496.529 1496.359 1496.189 1496.019 1495.849 1495.714 1495.616 1495.518 1495.42 1495.322 1495.315 1495.316 1495.316 1495.317 1495.335 1495.385 1495.435 1495.485 1495.535 1495.68 1495.851 1496.022 1496.193 1496.405 1496.768 1497.13 1497.493 1497.856 1498.14 1498.383 1498.625 1498.868 1499.095 1499.143 1499.191 1499.239 1499.287 1499.311 1499.311 1499.311 1499.311 1499.311 1499.15 1498.979 1498.809 1498.638 1498.512
1498.041 1498.195 1498.349 1498.399 1498.418 1498.437 1498.457 1498.436 1498.263 1498.09 1497.916 1497.743 1497.546 1497.335 1497.125 1496.914 1496.706 1496.541 1496.376 1496.211 1496.046 1495.909 1495.802 1495.694 1495.587 1495.48 1495.472 1495.472 1495.472 1495.472 1495.502 1495.586 1495.67 1495.754 1495.838 1495.998 1496.178 1496.358 1496.539 1496.749 1497.069 1497.388 1497.707 1498.027 1498.283 1498.506 1498.729 1498.952 1499.163 1499.232 1499.3 1499.369 1499.438 1499.495 1499.541 1499.586 1499.631 1499.677 1499.552 1499.418 1499.283 1499.148 1499.049
1498.306 1498.417 1498.529 1498.565 1498.579 1498.593 1498.607 1498.592 1498.467 1498.341 1498.216 1498.09 1497.883 1497.63 1497.377 1497.124 1496.877 1496.717 1496.557 1496.397 1496.237 1496.098 1495.98 1495.862 1495.744 1495.626 1495.618 1495.618 1495.618 1495.618 1495.661 1495.782 1495.904 1496.025 1496.146 1496.322 1496.513 1496.704 1496.895 1497.104 1497.375 1497.646 1497.918 1498.189 1498.415 1498.617 1498.819 1499.02 1499.213 1499.303 1499.393 1499.484 1499.574 1499.665 1499.759 1499.852 1499.945 1500.039 1499.952 1499.855 1499.757 1499.66 1499.588
1498.571 1498.64 1498.709 1498.731 1498.74 1498.748 1498.757 1498.748 1498.67 1498.593 1498.515 1498.437 1498.221 1497.925 1497.63 1497.334 1497.047 1496.893 1496.738 1496.584 1496.429 1496.288 1496.159 1496.03 1495.902 1495.773 1495.764 1495.764 1495.764 1495.764 1495.82 1495.979 1496.137 1496.296 1496.454 1496.647 1496.848 1497.05 1497.251 1497.458 1497.681 1497.905 1498.128 1498.352 1498.547 1498.728 1498.908 1499.089 1499.263 1499.375 1499.486 1499.598 1499.709 1499.836 1499.977 1500.118 1500.26 1500.401 1500.352 1500.292 1500.231 1500.171 1500.127
1498.836 1498.862 1498.888 1498.897 1498.9 1498.904 1498.907 1498.903 1498.874 1498.844 1498.814 1498.785 1498.559 1498.221 1497.882 1497.544 1497.218 1497.069 1496.92 1496.77 1496.621 1496.477 1496.338 1496.198 1496.059 1495.92 1495.91 1495.91 1495.91 1495.91 1495.979 1496.175 1496.371 1496.567 1496.762 1496.971 1497.183 1497.396 1497.608 1497.812 1497.988 1498.163 1498.339 1498.515 1498.679 1498.839 1498.998 1499.157 1499.314 1499.447 1499.579 1499.712 1499.845 1500.006 1500.195 1500.384 1500.573 1500.763 1500.752 1500.729 1500.706 1500.683 1500.666
1499.019 1499.027 1499.035 1499.034 1499.03 1499.026 1499.022 1499.018 1499.014 1499.01 1499.005 1499.001 1498.776 1498.423 1498.071 1497.718 1497.38 1497.24 1497.1 1496.96 1496.82 1496.683 1496.55 1496.416 1496.282 1496.148 1496.138 1496.138 1496.138 1496.138 1496.211 1496.414 1496.616 1496.819 1497.022 1497.226 1497.431 1497.635 1497.84 1498.032 1498.178 1498.324 1498.47 1498.615 1498.761 1498.907 1499.053 1499.199 1499.347 1499.511 1499.675 1499.839 1500.003 1500.198 1500.423 1500.648 1500.873 1501.098 1501.116 1501.123 1501.129 1501.135 1501.138
1499.069 1499.098 1499.128 1499.123 1499.108 1499.094 1499.079 1499.064 1499.049 1499.035 1499.02 1499.005 1498.796 1498.476 1498.155 1497.834 1497.526 1497.403 1497.279 1497.155 1497.031 1496.918 1496.816 1496.714 1496.612 1496.511 1496.503 1496.503 1496.503 1496.503 1496.56 1496.721 1496.881 1497.041 1497.201 1497.367 1497.534 1497.702 1497.869 1498.032 1498.178 1498.324 1498.47 1498.615 1498.761 1498.907 1499.053 1499.199 1499.35 1499.562 1499.774 1499.986 1500.198 1500.425 1500.666 1500.907 1501.148 1501.388 1501.423 1501.445 1501.467 1501.489 1501.503
1499.119 1499.169 1499.22 1499.212 1499.187 1499.161 1499.136 1499.111 1499.085 1499.06 1499.035 1499.009 1498.817 1498.528 1498.239 1497.95 1497.673 1497.566 1497.458 1497.35 1497.242 1497.153 1497.083 1497.013 1496.943 1496.873 1496.868 1496.868 1496.868 1496.868 1496.91 1497.027 1497.145 1497.263 1497.38 1497.508 1497.638 1497.768 1497.898 1498.032 1498.178 1498.324 1498.47 1498.615 1498.761 1498.907 1499.053 1499.199 1499.354 1499.614 1499.874 1500.134 1500.394 1500.652 1500.909 1501.166 1501.422 1501.679 1501.73 1501.768 1501.806 1501.844 1501.868
1499.169 1499.24 1499.313 1499.301 1499.265 1499.229 1499.193 1499.157 1499.121 1499.085 1499.049 1499.013 1498.837 1498.58 1498.323 1498.066 1497.82 1497.728 1497.636 1497.545 1497.453 1497.387 1497.349 1497.311 1497.273 1497.235 1497.233 1497.233 1497.233 1497.233 1497.26 1497.334 1497.409 1497.484 1497.559 1497.648 1497.741 1497.834 1497.927 1498.032 1498.178 1498.324 1498.47 1498.615 1498.761 1498.907 1499.053 1499.199 1499.358 1499.666 1499.974 1500.281 1500.589 1500.879 1501.152 1501.425 1501.697 1501.97 1502.037 1502.091 1502.145 1502.199 1502.233
1499.218 1499.312 1499.405 1499.39 1499.343 1499.297 1499.25 1499.203 1499.157 1499.11 1499.064 1499.017 1498.857 1498.632 1498.407 1498.182 1497.967 1497.891 1497.815 1497.739 1497.663 1497.622 1497.616 1497.61 1497.604 1497.598 1497.597 1497.597 1497.597 1497.597 1497.609 1497.641 1497.674 1497.706 1497.739 1497.789 1497.845 1497.901 1497.957 1498.032 1498.178 1498.324 1498.47 1498.615 1498.761 1498.907 1499.053 1499.199 1499.362 1499.718 1500.073 1500.429 1500.785 1501.106 1501.395 1501.683 1501.972 1502.261 1502.344 1502.414 1502.484 1502.553 1502.597
1499.277 1499.37 1499.463 1499.433 1499.367 1499.301 1499.235 1499.175 1499.135 1499.095 1499.055 1499.015 1498.864 1498.649 1498.435 1498.22 1498.016 1497.965 1497.914 1497.862 1497.811 1497.798 1497.824 1497.849 1497.875 1497.901 1497.903 1497.903 1497.903 1497.903 1497.91 1497.93 1497.95 1497.97 1497.99 1498.026 1498.066 1498.106 1498.146 1498.204 1498.324 1498.444 1498.564 1498.684 1498.812 1498.945 1499.078 1499.211 1499.364 1499.741 1500.119 1500.497 1500.874 1501.215 1501.52 1501.824 1502.129 1502.434 1502.557 1502.668 1502.78 1502.892 1502.962
1499.337 1499.425 1499.513 1499.465 1499.378 1499.291 1499.204 1499.128 1499.099 1499.069 1499.04 1499.011 1498.867 1498.658 1498.449 1498.24 1498.042 1498.018 1497.993 1497.968 1497.943 1497.959 1498.017 1498.075 1498.133 1498.191 1498.195 1498.195 1498.195 1498.195 1498.2 1498.215 1498.229 1498.244 1498.259 1498.285 1498.314 1498.344 1498.373 1498.415 1498.504 1498.592 1498.68 1498.768 1498.875 1498.992 1499.109 1499.226 1499.365 1499.759 1500.152 1500.546 1500.94 1501.296 1501.617 1501.937 1502.258 1502.579 1502.748 1502.907 1503.067 1503.227 1503.327
1499.398 1499.48 1499.563 1499.497 1499.389 1499.28 1499.172 1499.082 1499.063 1499.044 1499.026 1499.007 1498.87 1498.667 1498.463 1498.259 1498.068 1498.07 1498.072 1498.074 1498.076 1498.121 1498.211 1498.301 1498.39 1498.48 1498.487 1498.487 1498.487 1498.487 1498.49 1498.499 1498.509 1498.518 1498.527 1498.544 1498.563 1498.582 1498.6 1498.627 1498.683 1498.74 1498.796 1498.852 1498.937 1499.038 1499.139 1499.24 1499.366 1499.776 1500.185 1500.595 1501.005 1501.377 1501.714 1502.05 1502.387 1502.724 1502.939 1503.146 1503.354 1503.561 1503.692
1499.458 1499.535 1499.612 1499.529 1499.4 1499.27 1499.14 1499.035 1499.027 1499.019 1499.011 1499.003 1498.874 1498.675 1498.477 1498.278 1498.094 1498.123 1498.151 1498.18 1498.208 1498.283 1498.405 1498.526 1498.648 1498.77 1498.778 1498.778 1498.778 1498.778 1498.78 1498.784 1498.788 1498.792 1498.796 1498.803 1498.811 1498.819 1498.828 1498.839 1498.863 1498.888 1498.912 1498.936 1499.0 1499.085 1499.17 1499.255 1499.368 1499.793 1500.219 1500.644 1501.07 1501.458 1501.811 1502.163 1502.516 1502.869 1503.13 1503.385 1503.641 1503.896 1504.057
1499.503 1499.561 1499.618 1499.525 1499.386 1499.248 1499.11 1499.0 1499.0 1499.0 1499.0 1499.0 1498.883 1498.699 1498.514 1498.33 1498.161 1498.207 1498.253 1498.299 1498.345 1498.437 1498.575 1498.714 1498.852 1498.99 1499.011 1499.022 1499.034 1499.045 1499.053 1499.053 1499.053 1499.053 1499.053 1499.053 1499.053 1499.053 1499.053 1499.053 1499.053 1499.053 1499.053 1499.053 1499.103 1499.179 1499.256 1499.333 1499.439 1499.881 1500.322 1500.764 1501.205 1501.604 1501.961 1502.318 1502.675 1503.032 1503.335 1503.634 1503.934 1504.233 1504.421
1499.5 1499.493 1499.487 1499.403 1499.297 1499.191 1499.085 1499.0 1499.0 1499.0 1499.0 1499.0 1498.91 1498.768 1498.627 1498.485 1498.355 1498.39 1498.426 1498.461 1498.497 1498.567 1498.673 1498.78 1498.886 1498.992 1499.055 1499.115 1499.174 1499.233 1499.272 1499.272 1499.272 1499.272 1499.272 1499.272 1499.272 1499.272 1499.272 1499.272 1499.272 1499.272 1499.272 1499.272 1499.332 1499.425 1499.517 1499.61 1499.732 1500.19 1500.647 1501.105 1501.562 1501.952 1502.277 1502.602 1502.927 1503.253 1503.584 1503.915 1504.246 1504.578 1504.786
1499.496 1499.426 1499.356 1499.282 1499.208 1499.134 1499.059 1499.0 1499.0 1499.0 1499.0 1499.0 1498.937 1498.838 1498.739 1498.64 1498.549 1498.573 1498.598 1498.623 1498.648 1498.697 1498.771 1498.846 1498.92 1498.995 1499.099 1499.207 1499.314 1499.422 1499.49 1499.49 1499.49 1499.49 1499.49 1499.49 1499.49 1499.49 1499.49 1499.49 1499.49 1499.49 1499.49 1499.49 1499.561 1499.67 1499.779 1499.887 1500.025 1500.499 1500.972 1501.446 1501.919 1502.301 1502.594 1502.887 1503.18 1503.473 1503.833 1504.196 1504.559 1504.923 1505.151
1499.492 1499.358 1499.224 1499.161 1499.119 1499.076 1499.034 1499.0 1499.0 1499.0 1499.0 1499.0 1498.964 1498.907 1498.851 1498.794 1498.742 1498.757 1498.771 1498.785 1498.799 1498.827 1498.87 1498.912 1498.954 1498.997 1499.144 1499.299 1499.454 1499.61 1499.709 1499.709 1499.709 1499.709 1499.709 1499.709 1499.709 1499.709 1499.709 1499.709 1499.709 1499.709 1499.709 1499.709 1499.79 1499.915 1500.04 1500.164 1500.318 1500.808 1501.297 1501.787 1502.276 1502.649 1502.91 1503.172 1503.433 1503.694 1504.081 1504.477 1504.872 1505.267 1505.516
1499.488 1499.291 1499.093 1499.04 1499.029 1499.019 1499.008 1499.0 1499.0 1499.0 1499.0 1499.0 1498.991 1498.977 1498.963 1498.949 1498.936 1498.94 1498.943 1498.947 1498.95 1498.957 1498.968 1498.978 1498.989 1498.999 1499.188 1499.391 1499.594 1499.798 1499.928 1499.928 1499.928 1499.928 1499.928 1499.928 1499.928 1499.928 1499.928 1499.928 1499.928 1499.928 1499.928 1499.928 1500.02 1500.16 1500.301 1500.442 1500.611 1501.117 1501.622 1502.128 1502.633 1502.997 1503.227 1503.456 1503.685 1503.915 1504.33 1504.758 1505.185 1505.612 1505.88
1499.487 1499.268 1499.05 1499.0 1499.0 1499.0 1499.0 1499.0 1499.0 1499.0 1499.0 1499.0 1499.0 1499.0 1499.0 1499.0 1499.002 1499.027 1499.052 1499.077 1499.102 1499.118 1499.125 1499.132 1499.139 1499.146 1499.347 1499.562 1499.777 1499.992 1500.143 1500.179 1500.215 1500.251 1500.286 1500.328 1500.371 1500.413 1500.456 1500.493 1500.507 1500.522 1500.536 1500.55 1500.643 1500.778 1500.913 1501.049 1501.211 1501.686 1502.161 1502.636 1503.111 1503.458 1503.684 1503.91 1504.136 1504.362 1504.741 1505.128 1505.516 1505.904 1506.143
1499.487 1499.268 1499.05 1499.0 1499.0 1499.0 1499.0 1499.0 1499.0 1499.0 1499.0 1499.0 1499.0 1499.0 1499.0 1499.0 1499.004 1499.066 1499.129 1499.191 1499.253 1499.293 1499.311 1499.329 1499.347 1499.365 1499.56 1499.77 1499.98 1500.19 1500.357 1500.446 1500.535 1500.624 1500.713 1500.816 1500.922 1501.029 1501.136 1501.227 1501.263 1501.298 1501.334 1501.37 1501.459 1501.579 1501.698 1501.817 1501.961 1502.382 1502.804 1503.226 1503.647 1503.974 1504.211 1504.448 1504.684 1504.921 1505.23 1505.543 1505.856 1506.169 1506.356
1499.487 1499.268 1499.05 1499.0 1499.0 1499.0 1499.0 1499.0 1499.0 1499.0 1499.0 1499.0 1499.0 1499.0 1499.0 1499.0 1499.007 1499.106 1499.206 1499.305 1499.405 1499.469 1499.497 1499.526 1499.554 1499.583 1499.774 1499.979 1500.184 1500.388 1500.571 1500.713 1500.855 1500.997 1501.139 1501.304 1501.474 1501.645 1501.816 1501.961 1502.018 1502.075 1502.132 1502.189 1502.276 1502.379 1502.482 1502.585 1502.71 1503.078 1503.447 1503.815 1504.184 1504.49 1504.738 1504.985 1505.232 1505.48 1505.719 1505.958 1506.196 1506.435 1506.569
1499.487 1499.268 1499.05 1499.0 1499.0 1499.0 1499.0 1499.0 1499.0 1499.0 1499.0 1499.0 1499.0 1499.0 1499.0 1499.0 1499.009 1499.146 1499.282 1499.419 1499.556 1499.644 1499.683 1499.723 1499.762 1499.801 1499.988 1500.188 1500.387 1500.586 1500.784 1500.979 1501.175 1501.37 1501.566 1501.792 1502.026 1502.261 1502.495 1502.695 1502.774 1502.852 1502.93 1503.008 1503.092 1503.179 1503.267 1503.354 1503.459 1503.775 1504.09 1504.405 1504.721 1505.007 1505.265 1505.522 1505.78 1506.038 1506.208 1506.372 1506.536 1506.7 1506.782
1499.491 1499.274 1499.057 1499.007 1499.007 1499.007 1499.007 1499.007 1499.007 1499.007 1499.007 1499.007 1499.007 1499.007 1499.007 1499.007 1499.018 1499.185 1499.351 1499.518 1499.684 1499.793 1499.844 1499.895 1499.945 1499.996 1500.185 1500.385 1500.585 1500.785 1501.003 1501.251 1501.5 1501.748 1501.997 1502.283 1502.578 1502.874 1503.169 1503.422 1503.521 1503.62 1503.719 1503.818 1503.899 1503.972 1504.044 1504.116 1504.204 1504.467 1504.73 1504.994 1505.257 1505.521 1505.787 1506.053 1506.319 1506.585 1506.693 1506.792 1506.891 1506.99 1507.024
1499.528 1499.327 1499.126 1499.08 1499.08 1499.08 1499.08 1499.08 1499.08 1499.08 1499.08 1499.08 1499.08 1499.08 1499.08 1499.08 1499.089 1499.218 1499.347 1499.476 1499.605 1499.706 1499.778 1499.851 1499.923 1499.995 1500.235 1500.488 1500.741 1500.994 1501.265 1501.567 1501.869 1502.17 1502.472 1502.798 1503.131 1503.464 1503.797 1504.082 1504.197 1504.312 1504.427 1504.542 1504.625 1504.692 1504.76 1504.827 1504.906 1505.126 1505.347 1505.568 1505.788 1506.024 1506.274 1506.524 1506.774 1507.023 1507.146 1507.261 1507.376 1507.491 1507.529
1499.566 1499.381 1499.195 1499.153 1499.153 1499.153 1499.153 1499.153 1499.153 1499.153 1499.153 1499.153 1499.153 1499.153 1499.153 1499.153 1499.159 1499.251 1499.343 1499.435 1499.527 1499.62 1499.713 1499.806 1499.9 1499.993 1500.284 1500.59 1500.897 1501.203 1501.527 1501.882 1502.237 1502.592 1502.947 1503.314 1503.684 1504.054 1504.424 1504.742 1504.873 1505.004 1505.135 1505.266 1505.351 1505.413 1505.475 1505.537 1505.608 1505.786 1505.964 1506.142 1506.32 1506.526 1506.76 1506.994 1507.228 1507.462 1507.599 1507.73 1507.861 1507.991 1508.034
