data/zism_data/01011_02_D.txt
ncols         224
nrows         224
[rows 56 to 83 of 224, columns 0 to 64 of 224]
902.5851 901.1199 900.8382 900.5565 900.2748 900.0 900.0 900.0 900.0 900.0 900.0 900.0 900.0 900.0 900.0 900.0 900.0 900.0 900.0 900.0 900.0 900.0 900.0 900.0 900.0 900.0 900.0 900.0 900.0 900.0 900.0 900.0 900.0 900.0 900.0 900.0 900.0 900.0 900.0 900.0 900.0 900.0 900.0 900.0 900.0 900.0 900.0 900.0 900.0 900.0 900.0 899.9745 899.9016 899.8286 899.7556 899.6826 899.5526 899.4066 899.2607 899.1147 899.211 900.1969 901.1829 902.1688 903.1547
903.4173 901.5024 901.1245 900.7466 900.3687 900.0 900.0 900.0 900.0 900.0 900.0 900.0 900.0 900.0 900.0 900.0 900.0 900.0 900.0 900.0 900.0 900.0 900.0 900.0 900.0 900.0 900.0 900.0 900.0 900.0 900.0 900.0 900.0 900.0 900.0 900.0 900.0 900.0 900.0 900.0 900.0 900.0 900.0 900.0 900.0 900.0 900.0 900.0 900.0 900.0 900.0 899.9745 899.9016 899.8286 899.7556 899.6826 899.5526 899.4066 899.2607 899.1147 899.2831 900.6058 901.9285 903.2512 904.5739
906.8815 904.4628 903.7429 903.0231 902.3032 901.5962 901.4048 901.2135 901.0222 900.8307 900.7148 900.6887 900.6625 900.6363 900.6101 900.5212 900.4246 900.3279 900.2312 900.1669 900.171 900.175 900.179 900.183 900.1749 900.1628 900.1507 900.1386 900.1235 900.0953 900.0671 900.0389 900.0107 900.0 900.0 900.0 900.0 900.0102 900.2076 900.405 900.6024 900.7998 901.1952 901.8015 902.4078 903.0141 903.6204 903.8888 904.1265 904.3642 904.6019 904.7382 904.6853 904.6325 904.5797 904.5268 904.4075 904.2696 904.1317 903.9938 904.2238 905.8046 907.3856 908.9664 910.5474
914.699 911.6868 910.2185 908.7502 907.2819 905.8324 905.1332 904.434 903.7348 903.0356 902.6121 902.5164 902.4207 902.3251 902.2294 901.9046 901.5513 901.198 900.8447 900.6099 900.6246 900.6393 900.654 900.6688 900.639 900.5949 900.5507 900.5066 900.4514 900.3484 900.2453 900.1423 900.0392 900.0 900.0 900.0 900.0 900.0373 900.7585 901.4799 902.2011 902.9224 904.3671 906.5825 908.7979 911.0132 913.2286 914.2094 915.0779 915.9464 916.8149 917.3804 917.381 917.3817 917.3823 917.3829 917.292 917.1755 917.059 916.9424 917.2167 918.9258 920.635 922.3442 924.0534
922.5162 918.9105 916.6938 914.4772 912.2605 910.0685 908.8615 907.6544 906.4473 905.2403 904.5092 904.3441 904.1789 904.0137 903.8486 903.2879 902.678 902.0681 901.4583 901.0528 901.0782 901.1036 901.129 901.1544 901.1032 901.027 900.9507 900.8745 900.7792 900.6014 900.4235 900.2456 900.0677 900.0 900.0 900.0 900.0 900.0643 901.3095 902.5546 903.7998 905.0449 907.5388 911.3632 915.1877 919.0121 922.8365 924.5296 926.0289 927.5282 929.0275 930.0222 930.0763 930.1304 930.1845 930.2386 930.176 930.0809 929.9858 929.8906 930.2091 932.0466 933.884 935.7216 937.559
930.3334 926.1342 923.1692 920.2042 917.2391 914.3045 912.5897 910.8748 909.1599 907.4451 906.4064 906.1718 905.9371 905.7024 905.4677 904.6712 903.8047 902.9382 902.0718 901.4957 901.5319 901.5679 901.6041 901.6401 901.5673 901.459 901.3507 901.2424 901.1071 900.8544 900.6017 900.3489 900.0963 900.0 900.0 900.0 900.0 900.0914 901.8604 903.6295 905.3984 907.1675 910.7106 916.144 921.5775 927.0109 932.4443 934.8499 936.9799 939.11 941.2401 942.6641 942.7716 942.8792 942.9867 943.0942 943.0601 942.9863 942.9125 942.8388 943.2015 945.1673 947.1331 949.0988 951.0646
938.1509 933.3582 929.6448 925.9313 922.2178 918.5407 916.318 914.0953 911.8726 909.6498 908.3036 907.9995 907.6953 907.3911 907.087 906.0545 904.9315 903.8084 902.6853 901.9387 901.9855 902.0323 902.079 902.1259 902.0315 901.8911 901.7507 901.6104 901.435 901.1074 900.7798 900.4523 900.1248 900.0 900.0 900.0 900.0 900.1185 902.4114 904.7043 906.9972 909.2901 913.8825 920.925 927.9675 935.0101 942.0526 945.1705 947.9313 950.6922 953.4531 955.3063 955.4673 955.6283 955.7893 955.9503 955.9446 955.8922 955.8398 955.7874 956.1945 958.2885 960.3826 962.4766 964.5706
947.1722 942.6855 938.8817 935.0778 931.2739 927.5126 925.4532 923.3939 921.3346 919.2753 917.8912 917.31 916.7288 916.1476 915.5664 913.7568 911.7943 909.8317 907.8691 906.3321 905.6919 905.0517 904.4115 903.7713 903.3207 902.9319 902.543 902.1542 901.7678 901.3918 901.016 900.6401 900.2642 900.1074 900.0853 900.0632 900.0411 900.1324 902.3044 904.4765 906.6486 908.8206 913.4904 920.8216 928.1528 935.4839 942.8151 946.7538 950.3839 954.014 957.6441 960.0988 960.3618 960.6248 960.8878 961.1509 961.3015 961.4206 961.5397 961.6589 962.2197 964.4023 966.5848 968.7675 970.95
956.4474 952.456 948.7003 944.9445 941.1887 937.4818 935.7271 933.9725 932.2179 930.4633 929.0981 928.1962 927.2943 926.3924 925.4904 922.7896 919.8649 916.9401 914.0153 911.5574 910.0833 908.6092 907.1351 905.6609 904.7836 904.1008 903.418 902.7351 902.1016 901.6829 901.2643 900.8456 900.4269 900.2373 900.1885 900.1396 900.0909 900.1436 902.059 903.9745 905.89 907.8054 912.348 919.6899 927.0317 934.3736 941.7155 946.4979 951.0474 955.5969 960.1465 963.2388 963.6141 963.9894 964.3646 964.7399 965.0738 965.3961 965.7183 966.0406 966.7783 969.041 971.3038 973.5666 975.8293
965.7222 962.2261 958.5185 954.8109 951.1032 947.4506 946.0007 944.5507 943.1008 941.6509 940.3047 939.0821 937.8594 936.6368 935.4141 931.8221 927.9352 924.0483 920.1613 916.7825 914.4745 912.1665 909.8585 907.5505 906.2466 905.2697 904.2929 903.316 902.4355 901.974 901.5126 901.0511 900.5897 900.3672 900.2917 900.2161 900.1406 900.1547 901.8136 903.4725 905.1313 906.7902 911.2056 918.5582 925.9108 933.2633 940.6158 946.2419 951.7108 957.1798 962.6487 966.3787 966.8663 967.3538 967.8414 968.3289 968.846 969.3714 969.8969 970.4222 971.3367 973.6796 976.0226 978.3655 980.7085
974.9974 971.9966 968.3371 964.6776 961.0181 957.4198 956.2746 955.1293 953.9841 952.8389 951.5117 949.9684 948.425 946.8816 945.3382 940.8549 936.0058 931.1567 926.3076 922.0078 918.8659 915.724 912.5821 909.4402 907.7095 906.4387 905.1678 903.897 902.7693 902.2651 901.7609 901.2567 900.7525 900.4971 900.3949 900.2927 900.1904 900.1658 901.5681 902.9704 904.3727 905.775 910.0632 917.4265 924.7897 932.153 939.5162 945.9859 952.3743 958.7628 965.1511 969.5188 970.1186 970.7184 971.3182 971.918 972.6183 973.3469 974.0754 974.804 975.8952 978.3184 980.7415 983.1647 985.5878
982.6801 980.2058 976.774 973.3422 969.9103 966.5416 965.6996 964.8575 964.0156 963.1735 961.8955 960.0991 958.3027 956.5063 954.7099 949.4019 943.6568 937.9117 932.1666 926.9644 922.9062 918.848 914.7897 910.7315 908.6227 907.1492 905.6756 904.202 902.9163 902.4488 901.9813 901.5138 901.0463 900.7975 900.6833 900.569 900.4548 900.4043 901.525 902.6456 903.7663 904.887 908.8221 915.7559 922.6897 929.6235 936.5573 943.3077 950.0416 956.7753 963.5091 968.1202 968.7733 969.4265 970.0797 970.7328 971.5496 972.412 973.2745 974.137 975.3384 977.7844 980.2303 982.6762 985.1221
986.1729 984.3073 981.5757 978.8442 976.1127 973.4345 972.8918 972.3492 971.8066 971.2639 970.1143 968.243 966.3718 964.5005 962.6293 956.6712 950.2044 943.7377 937.2709 931.2146 926.023 920.8315 915.64 910.4484 908.0894 906.6533 905.217 903.7809 902.5715 902.3499 902.1284 901.9068 901.6852 901.5466 901.4591 901.3715 901.284 901.2409 902.0142 902.7874 903.5605 904.3337 907.3209 912.667 918.0131 923.3592 928.7053 934.2552 939.8236 945.392 950.9604 954.7775 955.3291 955.8807 956.4323 956.9839 957.7408 958.5552 959.3696 960.184 961.3201 963.6378 965.9554 968.273 970.5907
989.6655 988.4086 986.3774 984.3461 982.3148 980.3271 980.0839 979.8406 979.5973 979.354 978.3328 976.3867 974.4406 972.4945 970.5484 963.9402 956.7518 949.5634 942.3751 935.4646 929.1398 922.815 916.4902 910.1653 907.5561 906.1573 904.7585 903.3598 902.2267 902.2511 902.2754 902.2997 902.324 902.2957 902.2349 902.174 902.1132 902.0775 902.5033 902.929 903.3547 903.7805 905.8197 909.5782 913.3367 917.0952 920.8536 925.2029 929.606 934.0091 938.4122 941.4352 941.8853 942.3353 942.7853 943.2354 943.9326 944.6989 945.4651 946.2314 947.3022 949.4916 951.681 953.8704 956.0597
993.1583 992.5099 991.179 989.848 988.517 987.2198 987.2759 987.332 987.388 987.4441 986.5513 984.5303 982.5094 980.4885 978.4675 971.2093 963.2993 955.3892 947.4791 939.7146 932.2565 924.7985 917.3404 909.8823 907.0227 905.6614 904.3 902.9387 901.882 902.1522 902.4225 902.6927 902.9629 903.0447 903.0106 902.9765 902.9424 902.9141 902.9924 903.0707 903.1489 903.2272 904.3185 906.4894 908.6602 910.8311 913.0019 916.1507 919.3884 922.6262 925.864 928.0931 928.4415 928.79 929.1385 929.4869 930.1243 930.8425 931.5607 932.2789 933.2844 935.3455 937.4066 939.4677 941.5287
996.6511 996.6115 995.9808 995.35 994.7194 994.1127 994.4681 994.8235 995.179 995.5345 994.7701 992.6743 990.5785 988.4827 986.3869 978.4786 969.8469 961.2151 952.5834 943.9647 935.3734 926.782 918.1906 909.5992 906.4894 905.1655 903.8415 902.5176 901.5373 902.0534 902.5695 903.0856 903.6017 903.7938 903.7864 903.7791 903.7717 903.7508 903.4816 903.2123 902.9431 902.6739 902.8173 903.4005 903.9836 904.5668 905.1499 907.0981 909.1705 911.2429 913.3152 914.7504 914.9973 915.2442 915.4911 915.738 916.3156 916.9857 917.6557 918.3258 919.2661 921.1989 923.1317 925.0645 926.9973
996.4323 996.4587 996.1564 995.8541 995.5518 995.2728 995.9276 996.5825 997.2372 997.892 997.2153 994.9556 992.6959 990.4362 988.1765 979.8528 970.7745 961.6961 952.6177 943.6593 934.9534 926.2476 917.5417 908.8358 905.7786 904.5618 903.345 902.1283 901.247 901.827 902.4069 902.9869 903.5668 904.0755 904.5403 905.0052 905.47 905.9054 905.8 905.6946 905.5893 905.4839 905.217 904.7781 904.3392 903.9002 903.4612 904.6005 905.8832 907.1661 908.4489 909.3454 909.5217 909.6981 909.8743 910.0507 910.5208 911.073 911.6252 912.1775 912.9529 914.5483 916.1436 917.7389 919.3342
994.803 994.6893 994.5742 994.4589 994.3438 994.2546 995.2088 996.163 997.1171 998.0713 997.4669 995.0093 992.5518 990.0943 987.6368 978.987 969.5665 960.146 950.7255 941.6227 933.1895 924.7563 916.3231 907.8898 905.0004 903.9173 902.8341 901.751 900.9774 901.552 902.1266 902.7012 903.2759 904.1797 905.286 906.3923 907.4987 908.5609 908.8137 909.0665 909.3193 909.5721 909.0992 907.8531 906.6069 905.3607 904.1146 904.5936 905.2296 905.8655 906.5015 906.9564 907.074 907.1915 907.309 907.4265 907.771 908.1789 908.5868 908.9947 909.5674 910.7458 911.9242 913.1025 914.2809
993.1739 992.92 992.9919 993.0638 993.1357 993.2364 994.4899 995.7435 996.9969 998.2505 997.7183 995.063 992.4077 989.7524 987.097 978.1212 968.3585 958.5959 948.8333 939.5863 931.4257 923.2651 915.1044 906.9438 904.2222 903.2728 902.3232 901.3737 900.7078 901.2771 901.8464 902.4156 902.9849 904.2839 906.0317 907.7795 909.5273 911.2163 911.8273 912.4383 913.0493 913.6602 912.9813 910.9279 908.8746 906.8212 904.7679 904.5867 904.5759 904.565 904.5541 904.5676 904.6263 904.6851 904.7438 904.8025 905.0213 905.2849 905.5484 905.812 906.1821 906.9435 907.7049 908.4663 909.2277
991.5446 991.1506 991.4097 991.6686 991.9277 992.2182 993.7711 995.3239 996.8768 998.4297 997.9697 995.1166 992.2635 989.4105 986.5574 977.2552 967.1505 957.0458 946.941 937.5497 929.6617 921.7738 913.8858 905.9979 903.444 902.6282 901.8123 900.9965 900.4382 901.0022 901.5661 902.13 902.6939 904.3881 906.7774 909.1667 911.556 913.8719 914.841 915.8101 916.7793 917.7484 916.8634 914.0029 911.1423 908.2818 905.4212 904.5798 903.9222 903.2645 902.6068 902.1786 902.1786 902.1785 902.1784 902.1783 902.2715 902.3907 902.5099 902.6292 902.7966 903.1411 903.4855 903.83 904.1744
989.1221 988.6039 989.0565 989.5092 989.9617 990.4478 992.2731 994.0983 995.9236 997.7489 997.3257 994.2293 991.1328 988.0364 984.9399 975.396 965.0495 954.7031 944.3566 934.9366 927.4691 920.0016 912.5341 905.0665 902.7175 902.0363 901.3549 900.6736 900.2258 900.7946 901.3634 901.9322 902.501 904.5902 907.6144 910.6387 913.6629 916.6013 917.963 919.3246 920.6863 922.048 921.0058 917.4022 913.7986 910.195 906.5914 905.0884 903.7765 902.4645 901.1526 900.2758 900.2104 900.1451 900.0797 900.0143 900.0 900.0 900.0 900.0 900.0 900.0 900.0 900.0 900.0
982.9305 982.3643 983.0414 983.7184 984.3956 985.1042 987.0738 989.0434 991.013 992.9827 992.4279 988.8717 985.3156 981.7593 978.2032 968.8175 958.7062 948.595 938.4837 929.5845 923.2395 916.8946 910.5496 904.2047 902.2364 901.6941 901.1517 900.6094 900.2846 900.9069 901.5291 902.1513 902.7736 905.2572 908.8854 912.5137 916.142 919.6819 921.5995 923.5172 925.4348 927.3525 926.3848 922.3429 918.301 914.2591 910.2172 908.0455 906.044 904.0425 902.041 900.6817 900.5201 900.3585 900.1969 900.0353 900.0 900.0 900.0 900.0 900.0 900.0 900.0 900.0 900.0
976.7393 976.1248 977.0264 977.928 978.8297 979.7608 981.8747 983.9886 986.1026 988.2166 987.5302 983.5143 979.4984 975.4825 971.4667 962.2393 952.3632 942.4871 932.611 924.2325 919.0101 913.7877 908.5652 903.3428 901.7552 901.3519 900.9486 900.5452 900.3434 901.0191 901.6948 902.3705 903.0461 905.9241 910.1564 914.3887 918.6211 922.7625 925.236 927.7096 930.1832 932.6567 931.7637 927.2834 922.8032 918.323 913.8427 911.0025 908.3114 905.6203 902.9293 901.0876 900.8298 900.572 900.3141 900.0563 900.0 900.0 900.0 900.0 900.0 900.0 900.0 900.0 900.0
970.548 969.8853 971.0114 972.1376 973.2637 974.4174 976.6757 978.9339 981.1922 983.4505 982.6324 978.1569 973.6813 969.2057 964.7302 955.661 946.0201 936.3792 926.7383 918.8806 914.7806 910.6808 906.5809 902.481 901.2741 901.0098 900.7454 900.4811 900.4022 901.1313 901.8605 902.5897 903.3188 906.5911 911.4274 916.2638 921.1001 925.843 928.8726 931.902 934.9315 937.9611 937.1425 932.224 927.3054 922.3868 917.4683 913.9595 910.5788 907.1982 903.8176 901.4935 901.1395 900.7854 900.4314 900.0773 900.0 900.0 900.0 900.0 900.0 900.0 900.0 900.0 900.0
964.3564 963.6456 964.9963 966.3469 967.6975 969.0738 971.4764 973.879 976.2816 978.6842 977.7346 972.7993 967.864 962.9286 957.9934 949.0825 939.6768 930.2711 920.8655 913.5284 910.5511 907.5738 904.5964 901.6191 900.7929 900.6676 900.5422 900.4169 900.4611 901.2437 902.0262 902.8088 903.5914 907.2581 912.6985 918.1389 923.5792 928.9237 932.5092 936.0946 939.6801 943.2655 942.5215 937.1647 931.8078 926.4509 921.094 916.9165 912.8463 908.7761 904.7059 901.8994 901.4492 900.9988 900.5486 900.0983 900.0 900.0 900.0 900.0 900.0 900.0 900.0 900.0 900.0
955.8597 955.3048 956.9033 958.5018 960.1002 961.7083 963.6989 965.6895 967.6801 969.6707 968.5095 963.6008 958.6921 953.7835 948.8748 940.9938 932.7427 924.4916 916.2406 909.9353 907.7307 905.5262 903.3217 901.1171 900.7088 900.8856 901.0625 901.2394 901.7253 903.5574 905.3895 907.2216 909.0536 913.4177 919.3389 925.26 931.1812 936.9641 940.2093 943.4546 946.6998 949.9451 948.799 942.9738 937.1486 931.3234 925.4982 920.7534 916.1069 911.4603 906.8138 903.5242 902.7645 902.0048 901.2451 900.4855 900.2883 900.2483 900.2083 900.1683 900.1305 900.1005 900.0706 900.0406 900.0106
945.9686 945.6931 947.5535 949.4139 951.2744 953.1197 954.3619 955.6041 956.8463 958.0885 956.6673 952.0794 947.4915 942.9036 938.3157 931.9913 925.4509 918.9105 912.3701 907.4056 905.7624 904.1191 902.4759 900.8327 900.8647 901.4424 902.0203 902.598 903.7185 907.2024 910.6863 914.1702 917.6541 922.8988 929.2263 935.5537 941.8812 948.0037 950.3669 952.7302 955.0934 957.4566 955.6199 949.3083 942.9966 936.6849 930.3733 925.1224 919.968 914.8137 909.6593 905.886 904.688 903.49 902.292 901.094 900.7509 900.6468 900.5427 900.4385 900.34 900.2619 900.1838 900.1057 900.0276
936.0778 936.0817 938.204 940.3264 942.4487 944.5314 945.0252 945.519 946.0129 946.5067 944.8256 940.5583 936.2912 932.024 927.7568 922.9893 918.1594 913.3296 908.4998 904.876 903.7941 902.7122 901.6302 900.5483 901.0206 901.9993 902.978 903.9567 905.7116 910.8473 915.983 921.1187 926.2543 932.3796 939.1133 945.847 952.5807 959.043 960.5242 962.0054 963.4866 964.9678 962.4407 955.6426 948.8444 942.0463 935.2482 929.4913 923.8291 918.1669 912.5047 908.2479 906.6115 904.9752 903.3388 901.7025 901.2135 901.0452 900.877 900.7087 900.5494 900.4232 900.297 900.1708 900.0446
