data/zism_data/01010_03_D.txt
ncols         224
nrows         224
[rows 0 to 27 of 224, columns 0 to 62 of 224]
500.3292 499.828 499.3052 498.7825 498.2598 497.9947 498.0849 498.1751 498.2653 498.3555 498.3271 498.2843 498.2414 498.1985 497.6993 496.3968 495.0944 493.7919 492.4894 490.563 488.5118 486.4606 484.4095 482.4151 480.5505 478.6859 476.8214 474.9568 474.478 474.4007 474.3234 474.2461 471.4117 460.144 448.8763 437.6086 426.3409 407.5001 385.6759 363.8517 342.0275 323.4346 318.7603 314.0862 309.412 304.7378 305.1967 308.3069 311.417 314.5271 318.0879 324.6528 331.2178 337.7827 344.3477 349.9182 354.8297 359.7412 364.6527 369.3245 370.9277 372.5309 374.134
500.631 500.2732 499.8925 499.5117 499.131 498.8793 498.8057 498.7321 498.6585 498.5849 498.4728 498.356 498.2393 498.1225 497.5716 496.2566 494.9416 493.6266 492.3116 490.2518 488.0431 485.8344 483.6256 481.3214 478.7986 476.2758 473.7531 471.2304 470.7353 470.8277 470.9201 471.0125 468.5577 458.3111 448.0645 437.818 427.5715 408.8567 386.8059 364.7551 342.7042 323.7936 318.4094 313.0252 307.641 302.2568 302.1241 304.7037 307.2833 309.8629 312.9185 319.148 325.3775 331.607 337.8365 343.1422 347.8359 352.5296 357.2233 361.6975 363.3628 365.0281 366.6933
500.4797 500.1781 499.8511 499.5242 499.1972 498.9767 498.9031 498.8295 498.7559 498.6823 498.5942 498.5043 498.4144 498.3245 497.8882 496.8421 495.796 494.7498 493.7037 491.8725 489.8843 487.896 485.9078 483.4901 480.0908 476.6915 473.2922 469.893 468.2253 467.0593 465.8933 464.7274 461.4712 451.8216 442.1719 432.5222 422.8727 404.9052 383.6611 362.4169 341.1728 322.9492 317.7371 312.525 307.3129 302.1008 301.6685 303.705 305.7415 307.778 310.2141 315.3142 320.4144 325.5146 330.6147 334.9529 338.7862 342.6195 346.4528 350.1036 351.4193 352.735 354.0508
500.3284 500.083 499.8098 499.5366 499.2634 499.0741 499.0005 498.9269 498.8533 498.7798 498.7156 498.6526 498.5896 498.5266 498.2048 497.4276 496.6504 495.8731 495.0959 493.4932 491.7255 489.9577 488.19 485.6589 481.383 477.1072 472.8314 468.5556 465.7153 463.2909 460.8665 458.4422 454.3848 445.332 436.2793 427.2265 418.1738 400.9538 380.5163 360.0788 339.6413 322.1049 317.0648 312.0248 306.9848 301.9448 301.213 302.7064 304.1997 305.6931 307.5096 311.4804 315.4513 319.4222 323.393 326.7636 329.7365 332.7093 335.6822 338.5096 339.4758 340.442 341.4082
500.1771 499.9879 499.7685 499.5491 499.3297 499.1715 499.0979 499.0244 498.9507 498.8772 498.837 498.8008 498.7647 498.7286 498.5214 498.0131 497.5047 496.9964 496.4881 495.114 493.5667 492.0194 490.4721 487.8276 482.6753 477.5229 472.3705 467.2181 463.2053 459.5225 455.8398 452.1571 447.2984 438.8425 430.3866 421.9308 413.475 397.0023 377.3715 357.7406 338.1098 321.2605 316.3925 311.5246 306.6567 301.7887 300.7574 301.7077 302.6579 303.6082 304.8051 307.6466 310.4882 313.3298 316.1713 318.5743 320.6868 322.7992 324.9116 326.9156 327.5323 328.149 328.7656
500.0258 499.8929 499.7272 499.5616 499.3959 499.269 499.1954 499.1218 499.0482 498.9746 498.9583 498.9491 498.9399 498.9307 498.838 498.5986 498.3591 498.1197 497.8802 496.7346 495.4079 494.0811 492.7543 489.9964 483.9675 477.9385 471.9096 465.8807 460.6953 455.7541 450.813 445.8719 440.2119 432.353 424.494 416.635 408.7762 393.0509 374.2267 355.4025 336.5783 320.4161 315.7202 311.0244 306.3286 301.6327 300.3019 300.709 301.1161 301.5233 302.1006 303.8128 305.5251 307.2374 308.9496 310.385 311.6371 312.889 314.1411 315.3217 315.5888 315.8559 316.123
499.8376 499.7364 499.6104 499.4844 499.3584 499.2618 499.2059 499.1499 499.094 499.0381 499.054 499.0788 499.1035 499.1282 499.0881 498.9338 498.7796 498.6253 498.471 497.0848 495.4521 493.8194 492.1868 488.8784 481.7398 474.6011 467.4625 460.3239 454.3024 448.6045 442.9066 437.2088 431.1761 424.1189 417.0617 410.0045 402.9474 388.547 371.2536 353.9603 336.667 321.7204 316.8822 312.044 307.2058 302.3677 300.7397 300.7698 300.7998 300.8298 301.0039 302.1379 303.2719 304.406 305.54 306.4846 307.3036 308.1227 308.9417 309.7105 309.8365 309.9625 310.0885
499.6301 499.5478 499.4541 499.3604 499.2666 499.2 499.171 499.142 499.1129 499.0839 499.1363 499.1987 499.261 499.3234 499.3034 499.1384 498.9734 498.8083 498.6433 496.7713 494.5579 492.3445 490.1311 486.0439 477.6738 469.3036 460.9335 452.5634 445.8817 439.6891 433.4964 427.3039 421.1222 414.9738 408.8254 402.677 396.5287 383.7545 368.3703 352.986 337.6017 324.1468 319.0021 313.8574 308.7127 303.568 301.6442 301.3838 301.1235 300.8632 300.7468 301.5905 302.4341 303.2777 304.1214 304.8241 305.4334 306.0427 306.652 307.2239 307.3177 307.4114 307.5051
499.4226 499.3593 499.2978 499.2363 499.1748 499.1383 499.1361 499.134 499.1318 499.1296 499.2186 499.3186 499.4186 499.5186 499.5187 499.3429 499.1672 498.9914 498.8156 496.4579 493.6637 490.8695 488.0753 483.2094 473.6078 464.0061 454.4045 444.803 437.461 430.7736 424.0862 417.3989 411.0682 405.8286 400.589 395.3494 390.1099 378.9621 365.4869 352.0117 338.5365 326.5732 321.1219 315.6707 310.2195 304.7683 302.5486 301.9979 301.4472 300.8965 300.4897 301.043 301.5962 302.1495 302.7027 303.1635 303.5631 303.9627 304.3622 304.7373 304.7988 304.8602 304.9217
499.2151 499.1707 499.1415 499.1123 499.0831 499.0765 499.1013 499.126 499.1507 499.1754 499.3008 499.4385 499.5761 499.7138 499.734 499.5475 499.361 499.1744 498.9879 496.1444 492.7695 489.3945 486.0196 480.3748 469.5417 458.7086 447.8755 437.0425 429.0403 421.8582 414.676 407.494 401.0143 396.6835 392.3527 388.0219 383.6911 374.1697 362.6036 351.0374 339.4713 328.9995 323.2418 317.4841 311.7263 305.9686 303.453 302.6119 301.7708 300.9298 300.2327 300.4955 300.7584 301.0212 301.2841 301.503 301.6928 301.8827 302.0725 302.2507 302.2799 302.3091 302.3383
499.2184 499.161 499.1335 499.1059 499.0784 499.0789 499.1183 499.1577 499.1971 499.2364 499.371 499.5172 499.6635 499.8097 499.8154 499.5737 499.332 499.0904 498.8487 495.4958 491.5208 487.5457 483.5706 477.1646 465.2021 453.2395 441.277 429.3146 420.6928 413.0388 405.3849 397.7311 391.1056 387.6259 384.1462 380.6665 377.1869 369.3345 359.7596 350.1847 340.6098 331.717 325.7625 319.8079 313.8533 307.8988 305.0712 303.8586 302.646 301.4334 300.3687 300.2896 300.2105 300.1314 300.0523 300.018 300.0135 300.0089 300.0043 300.0 300.0 300.0 300.0
501.2314 500.8583 500.5403 500.2224 499.9044 499.6937 499.6309 499.568 499.5052 499.4424 499.3262 499.2035 499.0808 498.9582 498.619 497.8986 497.1783 496.458 495.7377 491.6508 486.8905 482.1303 477.3701 470.3704 458.2519 446.1333 434.0148 421.8964 413.0436 405.1369 397.2302 389.3236 382.5818 379.4033 376.2247 373.0462 369.8677 364.0912 357.2914 350.4915 343.6916 337.2112 332.1063 327.0015 321.8967 316.7918 313.4983 311.1402 308.7822 306.4241 304.2546 303.3419 302.4292 301.5165 300.6038 300.2082 300.1552 300.1021 300.0492 300.0 300.0 300.0 300.0
503.2445 502.5556 501.9472 501.3388 500.7304 500.3084 500.1434 499.9784 499.8134 499.6484 499.2814 498.8898 498.4982 498.1066 497.4225 496.2235 495.0246 493.8256 492.6266 487.8057 482.2603 476.7148 471.1695 463.5761 451.3016 439.0271 426.7526 414.4782 405.3944 397.2349 389.0755 380.9161 374.058 371.1806 368.3033 365.4259 362.5485 358.848 354.8232 350.7983 346.7735 342.7053 338.4502 334.1951 329.94 325.6849 321.9254 318.4219 314.9183 311.4148 308.1405 306.3942 304.6479 302.9016 301.1552 300.3983 300.2969 300.1955 300.0941 300.0 300.0 300.0 300.0
505.2576 504.2529 503.3541 502.4553 501.5565 500.9231 500.6559 500.3887 500.1216 499.8543 499.2366 498.5761 497.9156 497.2551 496.2261 494.5485 492.8708 491.1933 489.5156 483.9606 477.63 471.2994 464.9689 456.7819 444.3514 431.9209 419.4904 407.0601 397.7452 389.333 380.9208 372.5086 365.5342 362.958 360.3818 357.8056 355.2294 353.6047 352.3549 351.1051 349.8554 348.1995 344.7941 341.3887 337.9833 334.5779 330.3525 325.7035 321.0545 316.4055 312.0264 309.4465 306.8665 304.2866 301.7067 300.5884 300.4386 300.2888 300.1389 300.0 300.0 300.0 300.0
507.2706 505.9501 504.7609 503.5717 502.3825 501.5378 501.1685 500.7991 500.4297 500.0603 499.1918 498.2624 497.333 496.4036 495.0297 492.8734 490.7171 488.5609 486.4046 480.1155 472.9997 465.884 458.7683 449.9876 437.4012 424.8147 412.2282 399.6419 390.096 381.431 372.7661 364.1011 357.0105 354.7354 352.4603 350.1852 347.9102 348.3614 349.8867 351.412 352.9372 353.6936 351.138 348.5823 346.0266 343.4709 338.7796 332.9851 327.1906 321.3962 315.9123 312.4988 309.0852 305.6717 302.2581 300.7785 300.5803 300.382 300.1838 300.0 300.0 300.0 300.0
513.5826 511.6913 509.9195 508.1476 506.3757 504.948 503.995 503.0421 502.0891 501.1362 499.6505 498.0997 496.549 494.9982 492.983 490.1504 487.3178 484.4852 481.6526 474.8209 467.1894 459.5579 451.9264 442.885 430.6212 418.3572 406.0934 393.8296 384.2468 375.4408 366.6348 357.8289 350.5904 348.1465 345.7027 343.2589 340.815 342.6214 346.1021 349.5827 353.0634 355.7348 354.92 354.1051 353.2903 352.4754 348.0978 341.88 335.6621 329.4443 323.4279 318.7538 314.0798 309.4058 304.7317 302.5034 301.8958 301.2881 300.6804 300.1149 300.0891 300.0634 300.0376
523.6638 520.978 518.3672 515.7564 513.1456 510.8089 508.8504 506.8918 504.9333 502.9748 500.5505 498.0694 495.5883 493.1073 490.191 486.5087 482.8264 479.1442 475.4619 468.2556 460.3444 452.4333 444.5222 435.5121 423.9904 412.4686 400.9468 389.4251 379.9757 371.1267 362.2777 353.4288 346.0148 342.9901 339.9655 336.9409 333.9163 336.4457 341.1632 345.8807 350.5982 354.7485 356.4558 358.1631 359.8704 361.5777 358.1973 352.1892 346.1811 340.1731 334.1258 327.817 321.5081 315.1993 308.8904 305.5739 304.2403 302.9066 301.573 300.3306 300.2564 300.1822 300.1081
533.7449 530.2647 526.815 523.3653 519.9155 516.6699 513.7057 510.7416 507.7775 504.8134 501.4506 498.0392 494.6277 491.2163 487.3989 482.867 478.3351 473.8032 469.2712 461.6902 453.4995 445.3087 437.1179 428.1392 417.3596 406.5799 395.8003 385.0207 375.7047 366.8126 357.9206 349.0287 341.4391 337.8337 334.2283 330.6229 327.0175 330.2701 336.2244 342.1787 348.133 353.7623 357.9917 362.2211 366.4505 370.6799 368.2968 362.4984 356.7001 350.9018 344.8237 336.8801 328.9364 320.9928 313.0491 308.6445 306.5848 304.5252 302.4655 300.5463 300.4237 300.3011 300.1785
543.826 539.5514 535.2628 530.9741 526.6855 522.5308 518.5611 514.5914 510.6217 506.652 502.3506 498.0089 493.6672 489.3254 484.6069 479.2253 473.8437 468.4621 463.0805 455.1249 446.6544 438.1841 429.7137 420.7663 410.7288 400.6913 390.6537 380.6163 371.4336 362.4985 353.5635 344.6285 336.8635 332.6773 328.4911 324.3049 320.1187 324.0945 331.2856 338.4767 345.6678 352.7761 359.5276 366.2791 373.0306 379.7821 378.3963 372.8077 367.2191 361.6305 355.5216 345.9432 336.3647 326.7863 317.2079 311.715 308.9294 306.1437 303.3581 300.762 300.591 300.42 300.249
553.9072 548.8381 543.7105 538.5829 533.4554 528.3918 523.4165 518.4412 513.4659 508.4905 503.2507 497.9786 492.7066 487.4345 481.8148 475.5836 469.3523 463.1211 456.8898 448.5595 439.8095 431.0594 422.3094 413.3934 404.098 394.8026 385.5072 376.2119 367.1625 358.1844 349.2064 340.2284 332.2878 327.5208 322.7539 317.9869 313.22 317.9189 326.3468 334.7747 343.2027 351.7899 361.0634 370.3371 379.6107 388.8843 388.4958 383.1169 377.7381 372.3593 366.2195 355.0063 343.793 332.5798 321.3666 314.7856 311.2739 307.7623 304.2507 300.9776 300.7583 300.5389 300.3195
562.5983 557.4907 552.2759 547.0613 541.8466 536.4678 530.8627 525.2576 519.6526 514.0475 508.7197 503.4256 498.1316 492.8376 487.0739 480.4837 473.8935 467.3033 460.7131 451.4853 441.7299 431.9746 422.2194 412.7631 403.9906 395.218 386.4455 377.673 369.0923 360.5671 352.042 343.5169 335.7064 330.082 324.4576 318.8331 313.2087 316.665 323.6987 330.7323 337.7659 345.4124 355.6994 365.9864 376.2734 386.5604 387.4092 383.3833 379.3575 375.3317 370.4276 359.6678 348.908 338.1482 327.3884 320.8748 317.1749 313.475 309.7751 306.2835 305.4571 304.6308 303.8044
571.2476 566.1243 560.845 555.5657 550.2864 544.6103 538.3868 532.1633 525.9399 519.7164 514.3261 509.0374 503.7488 498.4601 492.5751 485.6407 478.7063 471.772 464.8376 454.6965 443.914 433.1316 422.3493 412.3357 404.0793 395.8231 387.5668 379.3105 371.2085 363.1512 355.0939 347.0367 339.3654 332.8752 326.3851 319.8949 313.4047 315.5593 321.1194 326.6796 332.2397 338.8727 350.1277 361.3827 372.6377 383.8927 385.9861 383.3476 380.7092 378.0708 374.4404 364.1969 353.9533 343.7098 333.4663 327.055 323.1829 319.3109 315.4389 311.7424 310.2923 308.8421 307.392
579.8969 574.7578 569.4139 564.0702 558.7263 552.7529 545.9109 539.069 532.2272 525.3853 519.9326 514.6492 509.3659 504.0826 498.0764 490.7978 483.5192 476.2407 468.9621 457.9077 446.0981 434.2886 422.4792 411.9082 404.1681 396.4281 388.688 380.9481 373.3248 365.7353 358.1458 350.5565 343.0245 335.6685 328.3126 320.9566 313.6007 314.4536 318.5402 322.6269 326.7135 332.3331 344.5561 356.7791 369.0021 381.2251 384.563 383.312 382.0609 380.8098 378.4533 368.726 358.9987 349.2714 339.5442 333.235 329.1909 325.1468 321.1027 317.2014 315.1274 313.0535 310.9796
588.5461 583.3914 577.983 572.5746 567.1663 560.8954 553.4351 545.9747 538.5145 531.0541 525.539 520.261 514.9831 509.7051 503.5776 495.9548 488.3321 480.7094 473.0866 461.1189 448.2823 435.4456 422.6091 411.4807 404.2569 397.0331 389.8094 382.5856 375.441 368.3194 361.1978 354.0762 346.6836 338.4618 330.2401 322.0183 313.7967 313.3478 315.961 318.5742 321.1874 325.7934 338.9844 352.1754 365.3664 378.5574 383.1399 383.2762 383.4126 383.549 382.4661 373.2551 364.0441 354.833 345.622 339.4152 335.1989 330.9827 326.7664 322.6603 319.9626 317.2649 314.5672
592.2496 587.4531 582.3868 577.3207 572.2544 566.1946 558.7643 551.334 543.9037 536.4735 531.0545 525.8809 520.7072 515.5336 509.3908 501.5426 493.6943 485.8462 477.9979 465.558 452.1999 438.8417 425.4836 414.0599 407.0578 400.0557 393.0536 386.0516 379.3196 372.6658 366.0121 359.3583 352.1315 343.1517 334.1718 325.192 316.2123 314.675 316.0697 317.4644 318.859 322.5442 336.0965 349.6488 363.2011 376.7534 382.0853 383.1717 384.258 385.3444 385.169 376.5819 367.9949 359.4079 350.8208 345.0487 341.1418 337.2349 333.3279 329.4945 326.6017 323.7088 320.816
588.7995 584.902 580.7662 576.6304 572.4946 567.3809 560.9186 554.4564 547.9941 541.5319 536.4387 531.5123 526.5861 521.6599 515.6554 507.7534 499.8513 491.9493 484.0473 471.7733 458.6248 445.4763 432.328 420.988 413.7816 406.5751 399.3687 392.1623 385.7472 379.5613 373.3754 367.1895 360.1669 350.5848 341.0026 331.4205 321.8385 319.5214 320.0663 320.6113 321.1562 324.0545 337.0905 350.1265 363.1625 376.1985 381.5638 382.9675 384.3711 385.7747 385.977 378.1698 370.3626 362.5554 354.7482 349.8917 346.9904 344.0892 341.1879 338.3181 335.85 333.382 330.9141
585.3494 582.3509 579.1455 575.9401 572.7347 568.5673 563.073 557.5787 552.0845 546.5903 541.8228 537.1439 532.465 527.7861 521.9199 513.9641 506.0083 498.0525 490.0967 477.9885 465.0498 452.1111 439.1724 427.9161 420.5053 413.0945 405.6837 398.273 392.1747 386.4567 380.7387 375.0208 368.2023 358.0179 347.8334 337.649 327.4646 324.3677 324.0629 323.7581 323.4534 325.5648 338.0844 350.6042 363.1239 375.6436 381.0423 382.7632 384.4842 386.2052 386.7851 379.7577 372.7303 365.7029 358.6755 354.7346 352.8391 350.9435 349.0479 347.1416 345.0984 343.0553 341.0121
581.8992 579.7998 577.5248 575.2498 572.9749 569.7537 565.2274 560.7011 556.1749 551.6486 547.2068 542.7753 538.3439 533.9124 528.1844 520.1749 512.1653 504.1557 496.1461 484.2037 471.4747 458.7457 446.0168 434.8442 427.2291 419.614 411.9988 404.3837 398.6023 393.3522 388.102 382.8519 376.2377 365.451 354.6642 343.8774 333.0908 329.2141 328.0596 326.9051 325.7505 327.075 339.0784 351.0818 363.0852 375.0887 380.5208 382.5591 384.5973 386.6356 387.5931 381.3455 375.098 368.8504 362.6028 359.5776 358.6877 357.7978 356.9078 355.9651 354.3468 352.7285 351.1102
