data/zism_data/01010_04_D.txt
ncols         224
nrows         224
[rows 140 to 167 of 224, columns 128 to 191 of 224]
175.7234 172.3926 169.0686 165.781 162.4933 159.2055 155.9178 153.043 150.4102 147.7773 145.1445 142.6767 141.6711 140.6654 139.6597 138.6541 138.7945 139.7909 140.7873 141.7837 142.8324 145.0337 147.2349 149.4361 151.6374 153.0213 153.6339 154.2465 154.8591 155.4717 153.8648 152.2253 150.5857 148.9463 146.5538 143.2652 139.9766 136.6879 133.3992 133.9608 134.823 135.6854 136.5477 137.661 139.1532 140.6453 142.1375 143.6296 145.2044 146.7916 148.3787 149.9659 152.2751 155.9823 159.6896 163.3969 167.1041 169.874 172.4263 174.9785 177.5308 178.7466 176.5697 174.3928
176.0719 172.8164 169.5806 166.4489 163.3171 160.1853 157.0535 154.2737 151.7 149.1263 146.5527 144.1708 143.4877 142.8048 142.1217 141.4388 142.0127 143.5253 145.0379 146.5505 148.1309 151.2034 154.2758 157.3481 160.4206 162.6342 164.0373 165.4404 166.8436 168.2467 166.2326 164.1683 162.1039 160.0397 156.3141 150.6108 144.9077 139.2045 133.5012 132.5958 132.0654 131.5348 131.0043 131.1299 132.2457 133.3614 134.4771 135.5929 137.4505 139.4195 141.3884 143.3574 146.0394 150.1015 154.1637 158.2259 162.288 165.1335 167.6966 170.2595 172.8225 174.0703 171.9795 169.8887
176.4204 173.2402 170.0925 167.1168 164.141 161.1651 158.1893 155.5044 152.9898 150.4753 147.9608 145.6648 145.3044 144.9441 144.5838 144.2234 145.2308 147.2596 149.2885 151.3174 153.4294 157.373 161.3167 165.2602 169.2038 172.2471 174.4407 176.6343 178.828 181.0217 178.6004 176.1113 173.6221 171.1331 166.0744 157.9565 149.8389 141.721 133.6031 131.2309 129.3077 127.3843 125.461 124.5989 125.3382 126.0775 126.8168 127.5561 129.6967 132.0475 134.3982 136.749 139.8036 144.2206 148.6378 153.0549 157.4719 160.393 162.9668 165.5405 168.1143 169.3941 167.3893 165.3846
176.6539 173.5062 170.4032 167.5363 164.6694 161.8025 158.9355 156.4414 154.1657 151.89 149.6144 147.5597 147.4621 147.3645 147.2669 147.1693 148.374 150.5511 152.7282 154.9054 157.1633 161.1994 165.2355 169.2715 173.3076 176.4217 178.6656 180.9096 183.1536 185.3976 182.9885 180.511 178.0334 175.556 170.3251 161.8164 153.308 144.7993 136.2906 132.9395 129.9914 127.0431 124.0949 122.4374 122.7275 123.0177 123.3078 123.598 125.5209 127.6888 129.8566 132.0244 134.8985 139.1399 143.3815 147.623 151.8644 154.6987 157.2062 159.7136 162.2211 163.5443 161.8608 160.1774
176.8579 173.7316 170.6622 167.8921 165.122 162.3518 159.5817 157.303 155.3123 153.3217 151.331 149.5575 149.7073 149.8571 150.0069 150.1566 151.4978 153.7287 155.9597 158.1906 160.4953 164.4238 168.3524 172.2808 176.2094 179.1994 181.3035 183.4077 185.5118 187.616 185.3268 182.973 180.6191 178.2654 173.1606 164.781 156.4016 148.022 139.6423 135.4376 131.5591 127.6805 123.8019 121.3984 121.2207 121.043 120.8653 120.6876 122.2643 124.1041 125.9439 127.7837 130.3353 134.2648 138.1945 142.1241 146.0536 148.7593 151.1808 153.6022 156.0236 157.3929 156.0913 154.7897
177.0618 173.9571 170.9212 168.2479 165.5745 162.9012 160.2278 158.1646 156.459 154.7533 153.0477 151.5553 151.9525 152.3497 152.7468 153.144 154.6217 156.9064 159.1911 161.4758 163.8272 167.6483 171.4693 175.2902 179.1112 181.977 183.9413 185.9057 187.8701 189.8344 187.6651 185.435 183.2048 180.9747 175.9962 167.7455 159.4952 151.2446 142.994 137.9356 133.1268 128.3178 123.5089 120.3593 119.7138 119.0683 118.4228 117.7773 119.0077 120.5195 122.0312 123.543 125.7721 129.3897 133.0075 136.6252 140.2429 142.8199 145.1553 147.4907 149.8261 151.2416 150.3218 149.402
177.2658 174.1826 171.1801 168.6037 166.0271 163.4505 160.874 159.0262 157.6056 156.1849 154.7643 153.5532 154.1977 154.8422 155.4868 156.1313 157.7456 160.084 162.4225 164.761 167.1592 170.8727 174.5862 178.2995 182.013 184.7546 186.5791 188.4037 190.2283 192.0529 190.0034 187.8969 185.7905 183.6841 178.8316 170.7101 162.5888 154.4672 146.3456 140.4337 134.6945 128.9552 123.2158 119.3203 118.2069 117.0936 115.9803 114.8669 115.751 116.9348 118.1186 119.3023 121.2089 124.5146 127.8205 131.1263 134.4321 136.8805 139.1299 141.3792 143.6286 145.0902 144.5522 144.0143
177.6393 174.6153 171.6783 169.1998 166.7213 164.2428 161.7643 160.1127 158.9456 157.7786 156.6116 155.6521 156.5302 157.4082 158.2863 159.1644 160.8928 163.2561 165.6195 167.9829 170.3989 173.976 177.553 181.1299 184.707 187.2801 188.9057 190.5314 192.1572 193.7829 191.7472 189.6577 187.5681 185.4787 180.7528 172.8884 165.0243 157.1599 149.2955 142.883 136.584 130.2849 123.9857 119.5976 118.093 116.5884 115.0839 113.5793 114.1152 114.9571 115.799 116.6409 118.1871 121.0968 124.0066 126.9164 129.8261 132.0363 134.0841 136.1318 138.1796 139.5704 139.2936 139.0169
178.5693 175.7282 172.9611 170.5849 168.2085 165.8322 163.4559 161.9369 160.9205 159.904 158.8876 158.0825 159.1488 160.2151 161.2814 162.3477 164.1166 166.41 168.7034 170.9969 173.3361 176.6819 180.0276 183.3733 186.7191 188.9779 190.211 191.4441 192.6772 193.9104 191.5404 189.1174 186.6945 184.2716 179.6739 172.4871 165.3006 158.1139 150.9271 145.1722 139.5293 133.8863 128.2432 124.194 122.5496 120.9052 119.2608 117.6164 117.7973 118.252 118.7067 119.1614 120.2233 122.4608 124.6984 126.936 129.1734 130.7856 132.2525 133.7195 135.1864 136.1226 135.7113 135.3001
179.4993 176.841 174.2439 171.9699 169.6957 167.4216 165.1474 163.7612 162.8953 162.0294 161.1636 160.5129 161.7674 163.0219 164.2765 165.5311 167.3403 169.5638 171.7874 174.011 176.2732 179.3877 182.5022 185.6167 188.7312 190.6758 191.5163 192.3568 193.1973 194.0378 191.3336 188.5772 185.8208 183.0645 178.595 172.0858 165.5769 159.0678 152.5587 147.4614 142.4746 137.4877 132.5007 128.7904 127.0061 125.2219 123.4377 121.6534 121.4794 121.5469 121.6144 121.6819 122.2595 123.8248 125.3901 126.9555 128.5208 129.5349 130.421 131.3071 132.1933 132.6748 132.129 131.5833
180.4294 177.9539 175.5268 173.3549 171.1829 169.0109 166.8389 165.5854 164.8701 164.1549 163.4396 162.9433 164.3861 165.8288 167.2716 168.7144 170.5641 172.7177 174.8714 177.025 179.2103 182.0936 184.9769 187.86 190.7433 192.3736 192.8215 193.2695 193.7174 194.1653 191.1268 188.037 184.9472 181.8575 177.516 171.6845 165.8532 160.0217 154.1902 149.7506 145.4199 141.0891 136.7582 133.3867 131.4626 129.5386 127.6146 125.6905 125.1615 124.8418 124.5221 124.2024 124.2957 125.1888 126.0819 126.975 127.868 128.2841 128.5895 128.8948 129.2001 129.2269 128.5468 127.8666
181.3593 179.0667 176.8096 174.7399 172.6701 170.6003 168.5305 167.4096 166.845 166.2803 165.7156 165.3737 167.0047 168.6357 170.2667 171.8977 173.7879 175.8716 177.9553 180.0391 182.1474 184.7995 187.4515 190.1034 192.7554 194.0714 194.1268 194.1821 194.2375 194.2928 190.92 187.4968 184.0735 180.6504 176.4371 171.2832 166.1295 160.9756 155.8218 152.0399 148.3652 144.6905 141.0157 137.9831 135.9192 133.8553 131.7914 129.7275 128.8436 128.1367 127.4298 126.7229 126.3319 126.5528 126.7736 126.9945 127.2154 127.0334 126.7579 126.4825 126.207 125.7791 124.9645 124.1498
182.3706 180.1633 177.9914 176.0058 174.0201 172.0344 170.0487 169.0379 168.5986 168.1592 167.7198 167.5012 169.2373 170.9735 172.7097 174.4458 176.3927 178.4967 180.6008 182.7049 184.8375 187.5977 190.3579 193.1181 195.8783 197.3143 197.5007 197.6872 197.8736 198.06 194.421 190.7257 187.0305 183.3353 179.056 174.0813 169.1069 164.1322 159.1576 155.6187 152.1921 148.7653 145.3386 142.444 140.3522 138.2604 136.1687 134.0769 133.3457 132.8185 132.2914 131.7643 131.6381 132.2882 132.9383 133.5884 134.2384 133.9327 133.4051 132.8775 132.3499 131.397 129.3644 127.332
183.4217 181.252 179.1237 177.2134 175.303 173.3926 171.4822 170.5704 170.244 169.9175 169.5911 169.4805 171.2812 173.0818 174.8825 176.6833 178.6946 180.8632 183.0318 185.2004 187.4066 190.4411 193.4757 196.5101 199.5446 201.313 201.8865 202.4602 203.0338 203.6074 199.7355 195.7983 191.861 187.9238 183.4835 178.4444 173.4053 168.3662 163.327 159.8283 156.4501 153.0717 149.6934 146.8386 144.7737 142.7088 140.644 138.5791 138.2488 138.1788 138.1087 138.0387 138.5436 140.1617 141.7798 143.3979 145.0159 144.8184 144.1994 143.5804 142.9614 141.449 137.6687 133.8885
184.4727 182.3407 180.256 178.421 176.5859 174.7508 172.9156 172.1029 171.8894 171.6759 171.4624 171.4597 173.325 175.1902 177.0554 178.9207 180.9966 183.2296 185.4628 187.696 189.9758 193.2846 196.5934 199.902 203.2108 205.3116 206.2723 207.2332 208.194 209.1548 205.05 200.8708 196.6915 192.5124 187.9111 182.8074 177.7038 172.6001 167.4964 164.0379 160.7081 157.3781 154.0482 151.2332 149.1952 147.1572 145.1192 143.0812 143.152 143.539 143.9261 144.3131 145.4492 148.0352 150.6212 153.2073 155.7933 155.7041 154.9937 154.2833 153.5729 151.5009 145.9729 140.4451
185.5237 183.4294 181.3883 179.6286 177.8687 176.1089 174.3491 173.6353 173.5348 173.4342 173.3336 173.439 175.3688 177.2985 179.2283 181.1581 183.2985 185.5961 187.8938 190.1915 192.545 196.128 199.711 203.2939 206.877 209.3101 210.6581 212.0061 213.3541 214.7021 210.3645 205.9432 201.5219 197.1008 192.3385 187.1703 182.0022 176.834 171.6657 168.2475 164.966 161.6844 158.4029 155.6277 153.6166 151.6055 149.5945 147.5833 148.055 148.8992 149.7433 150.5874 152.3546 155.9085 159.4626 163.0166 166.5706 166.5895 165.7877 164.986 164.1842 161.5528 154.277 147.0015
186.5603 184.5071 182.5127 180.8282 179.1436 177.4591 175.7746 175.1543 175.1578 175.1613 175.1648 175.3685 177.3445 179.3205 181.2966 183.2726 185.4654 187.8199 190.1744 192.529 194.9518 198.8774 202.803 206.7285 210.6541 213.476 215.2565 217.037 218.8176 220.5981 216.008 211.3241 206.6402 201.9565 196.9922 191.6941 186.3961 181.098 175.7999 172.4094 169.1681 165.9267 162.6853 159.9507 157.9806 156.0105 154.0404 152.0703 152.8936 154.136 155.3784 156.6207 158.93 163.3047 167.6796 172.0545 176.4292 176.584 175.7591 174.9343 174.1094 171.0522 162.3283 153.6048
187.4789 185.4956 183.5719 181.9627 180.3535 178.7442 177.135 176.5629 176.5986 176.6344 176.6702 176.8925 178.7663 180.6402 182.5141 184.3879 186.5339 188.883 191.2322 193.5814 196.0381 200.8617 205.6854 210.5089 215.3326 219.0028 221.5845 224.1663 226.7481 229.3299 224.3275 219.2134 214.0993 208.9854 203.4854 197.5257 191.5663 185.6068 179.6472 176.1839 172.9157 169.6474 166.3791 163.6904 161.8763 160.0621 158.248 156.4339 157.2074 158.3691 159.5308 160.6925 162.8204 166.8187 170.8172 174.8156 178.8139 179.3299 179.0374 178.7449 178.4524 176.0567 168.3224 160.5883
188.3974 186.4841 184.6312 183.0973 181.5633 180.0294 178.4954 177.9714 178.0395 178.1075 178.1756 178.4165 180.1882 181.9598 183.7315 185.5032 187.6024 189.9462 192.29 194.6338 197.1244 202.8461 208.5678 214.2894 220.0111 224.5296 227.9126 231.2956 234.6787 238.0618 232.6469 227.1027 221.5584 216.0143 209.9785 203.3574 196.7366 190.1155 183.4944 179.9583 176.6632 173.368 170.0728 167.4302 165.772 164.1138 162.4556 160.7974 161.5212 162.6022 163.6832 164.7643 166.7108 170.3327 173.9547 177.5767 181.1986 182.0758 182.3156 182.5555 182.7954 181.0613 174.3165 167.5718
189.316 187.4726 185.6905 184.2318 182.7732 181.3145 179.8558 179.38 179.4803 179.5806 179.681 179.9405 181.61 183.2795 184.949 186.6185 188.671 191.0093 193.3478 195.6862 198.2106 204.8305 211.4503 218.0698 224.6896 230.0564 234.2406 238.4249 242.6093 246.7936 240.9664 234.9919 229.0175 223.0432 216.4716 209.189 201.9068 194.6243 187.3418 183.7327 180.4108 177.0887 173.7666 171.1699 169.6677 168.1654 166.6632 165.161 165.8349 166.8353 167.8357 168.8361 170.6012 173.8467 177.0923 180.3379 183.5834 184.8217 185.5939 186.3661 187.1384 186.0659 180.3105 174.5554
190.2346 188.4611 186.7497 185.3664 183.983 182.5996 181.2162 180.7886 180.9212 181.0538 181.1863 181.4645 183.0318 184.5991 186.1665 187.7338 189.7395 192.0725 194.4055 196.7386 199.2969 206.8148 214.3327 221.8503 229.3682 235.5832 240.5686 245.5542 250.5398 255.5255 249.2859 242.8812 236.4765 230.0721 222.9647 215.0207 207.077 199.133 191.189 187.5071 184.1583 180.8094 177.4604 174.9097 173.5634 172.2171 170.8708 169.5245 170.1487 171.0684 171.9881 172.9079 174.4916 177.3606 180.2298 183.099 185.9681 187.5675 188.8722 190.1768 191.4814 191.0705 186.3046 181.5389
190.9458 189.2245 187.5662 186.2405 184.9147 183.589 182.2632 181.8605 181.9989 182.1372 182.2756 182.5524 184.0559 185.5592 187.0627 188.5661 190.5263 192.8273 195.1285 197.4297 199.9888 208.2252 216.4615 224.6976 232.934 239.9071 245.688 251.469 257.25 263.031 256.7155 250.2222 243.7288 237.2356 229.7216 220.9925 212.2637 203.5345 194.8054 190.9734 187.5241 184.0747 180.6252 178.0927 176.9435 175.7944 174.6453 173.4962 174.0657 174.893 175.7202 176.5475 177.8829 180.2019 182.5209 184.8399 187.1589 188.6256 189.8944 191.1632 192.4321 192.1603 187.9776 183.7951
191.4854 189.8018 188.182 186.8993 185.6166 184.3338 183.0511 182.6541 182.7763 182.8985 183.0208 183.2798 184.751 186.2221 187.6933 189.1645 191.08 193.3273 195.5747 197.8221 200.3546 209.161 217.9675 226.7736 235.5801 243.2367 249.8081 256.3796 262.9512 269.5228 263.4096 257.1098 250.81 244.5105 236.6965 227.0801 217.4639 207.8474 198.2309 194.185 190.5744 186.9636 183.3528 180.8154 179.8975 178.9796 178.0617 177.1439 177.6547 178.3798 179.1049 179.83 180.8617 182.4869 184.1122 185.7374 187.3626 188.2883 189.0517 189.815 190.5783 190.0138 186.0785 182.1434
192.0251 190.3791 188.7978 187.5581 186.3184 185.0787 183.839 183.4477 183.5538 183.6599 183.766 184.0073 185.4462 186.885 188.3239 189.7628 191.6338 193.8273 196.021 198.2146 200.7203 210.0968 219.4734 228.8496 238.2261 246.5663 253.9282 261.2903 268.6525 276.0146 270.1037 263.9975 257.8913 251.7853 243.6715 233.1676 222.6642 212.1603 201.6565 197.3966 193.6246 189.8525 186.0804 183.5381 182.8514 182.1648 181.4782 180.7915 181.2437 181.8666 182.4895 183.1125 183.8405 184.772 185.7034 186.6349 187.5664 187.9511 188.2089 188.4667 188.7245 187.8673 184.1794 180.4917
192.5647 190.9563 189.4136 188.2169 187.0202 185.8235 184.6268 184.2413 184.3313 184.4212 184.5112 184.7347 186.1413 187.5479 188.9546 190.3612 192.1876 194.3273 196.4672 198.607 201.0861 211.0327 220.9793 230.9255 240.8721 249.8958 258.0482 266.201 274.3537 282.5065 276.7977 270.8851 264.9725 259.0602 250.6465 239.2552 227.8644 216.4732 205.082 200.6081 196.6748 192.7414 188.808 186.2608 185.8054 185.35 184.8946 184.4392 184.8327 185.3534 185.8742 186.3949 186.8193 187.057 187.2947 187.5324 187.7701 187.6139 187.3662 187.1185 186.8708 185.7208 182.2803 178.84
193.1044 191.5336 190.0294 188.8757 187.7221 186.5684 185.4147 185.0349 185.1087 185.1826 185.2564 185.4621 186.8365 188.2108 189.5852 190.9595 192.7413 194.8273 196.9134 198.9994 201.4519 211.9685 222.4852 233.0015 243.5182 253.2254 262.1684 271.1117 280.055 288.9983 283.4918 277.7728 272.0538 266.335 257.6214 245.3428 233.0647 220.7861 208.5075 203.8197 199.7251 195.6303 191.5355 188.9835 188.7593 188.5352 188.311 188.0869 188.4216 188.8402 189.2588 189.6774 189.7981 189.3421 188.886 188.4299 187.9739 187.2767 186.5234 185.7702 185.017 183.5743 180.3812 177.1883
194.533 192.6342 190.8586 189.7321 188.6055 187.479 186.3524 185.9324 185.9265 185.9206 185.9147 186.0396 187.3234 188.6072 189.891 191.1748 192.8962 194.9443 196.9924 199.0406 201.4558 211.949 222.4422 232.935 243.4282 253.2063 262.3092 271.4124 280.5157 289.6189 284.6606 279.4955 274.3304 269.1656 260.6891 248.2704 235.8521 223.4334 211.0146 206.1032 201.7784 197.4534 193.1283 190.4835 190.374 190.2645 190.1551 190.0456 190.3986 190.821 191.2434 191.6658 191.7332 191.1133 190.4935 189.8736 189.2538 188.1756 186.9911 185.8067 184.6221 182.8051 179.3825 175.9601
195.9747 193.7426 191.6909 190.5913 189.4917 188.392 187.2923 186.8314 186.7448 186.6582 186.5717 186.6149 187.8072 188.9996 190.192 191.3844 193.0451 195.0556 197.0661 199.0766 201.4544 211.9153 222.3763 232.8368 243.2977 253.1376 262.3911 271.6449 280.8987 290.1525 285.7475 281.1417 276.5359 271.9303 263.6989 251.1511 238.6038 226.056 213.5082 208.3729 203.8168 199.2606 194.7044 191.9655 191.9689 191.9723 191.9758 191.9792 192.3516 192.7794 193.2072 193.6349 193.6528 192.877 192.1012 191.3254 190.5496 189.0929 187.4782 185.8636 184.2489 182.0564 178.3972 174.7381
