data/zism_data/01014_04_D.txt
ncols         224
nrows         224
[rows 0 to 27 of 224, columns 0 to 63 of 224]
1052.701 1060.532 1068.364 1074.589 1078.957 1083.325 1087.693 1092.061 1093.34 1094.377 1095.415 1096.453 1097.228 1097.595 1097.962 1098.33 1098.697 1098.986 1099.261 1099.537 1099.812 1100.0 1100.0 1100.0 1100.0 1100.0 1100.0 1100.0 1100.0 1100.0 1099.993 1099.966 1099.938 1099.911 1099.883 1095.678 1089.767 1083.856 1077.946 1071.309 1061.223 1051.136 1041.05 1030.964 1024.428 1019.91 1015.392 1010.873 1006.721 1005.817 1004.912 1004.007 1003.102 1002.372 1001.774 1001.177 1000.58 1000.0 1000.0 1000.0 1000.0 1000.0 1000.0 1000.0
1054.335 1062.406 1070.479 1076.779 1081.031 1085.283 1089.536 1093.788 1094.843 1095.649 1096.455 1097.26 1097.856 1098.125 1098.393 1098.662 1098.93 1099.163 1099.391 1099.618 1099.845 1100.0 1100.0 1100.0 1100.0 1100.0 1100.0 1100.0 1100.0 1100.0 1099.991 1099.957 1099.922 1099.888 1099.854 1095.839 1090.2 1084.561 1078.922 1072.624 1063.193 1053.762 1044.332 1034.901 1028.959 1025.0 1021.04 1017.081 1013.354 1011.684 1010.015 1008.346 1006.676 1005.265 1004.053 1002.841 1001.629 1000.449 1000.35 1000.25 1000.15 1000.051 1000.0 1000.0
1057.366 1065.422 1073.478 1079.621 1083.551 1087.482 1091.413 1095.343 1096.181 1096.778 1097.375 1097.971 1098.412 1098.611 1098.81 1099.009 1099.208 1099.38 1099.549 1099.717 1099.885 1100.0 1100.0 1100.0 1100.0 1100.0 1100.0 1100.0 1100.0 1100.0 1099.98 1099.897 1099.814 1099.731 1099.649 1095.955 1090.788 1085.621 1080.453 1074.729 1066.36 1057.991 1049.621 1041.252 1036.03 1032.596 1029.161 1025.727 1022.364 1019.628 1016.892 1014.156 1011.42 1009.091 1007.075 1005.058 1003.042 1001.077 1000.838 1000.599 1000.36 1000.121 1000.0 1000.0
1060.398 1068.438 1076.478 1082.462 1086.071 1089.68 1093.289 1096.898 1097.519 1097.907 1098.295 1098.682 1098.969 1099.098 1099.227 1099.356 1099.485 1099.598 1099.707 1099.816 1099.926 1100.0 1100.0 1100.0 1100.0 1100.0 1100.0 1100.0 1100.0 1100.0 1099.968 1099.837 1099.706 1099.575 1099.444 1096.071 1091.376 1086.68 1081.985 1076.835 1069.527 1062.219 1054.911 1047.603 1043.1 1040.192 1037.283 1034.374 1031.374 1027.571 1023.769 1019.966 1016.163 1012.916 1010.096 1007.275 1004.455 1001.706 1001.327 1000.949 1000.57 1000.192 1000.0 1000.0
1063.43 1071.453 1079.477 1085.304 1088.592 1091.879 1095.166 1098.453 1098.857 1099.036 1099.214 1099.393 1099.525 1099.584 1099.644 1099.703 1099.763 1099.815 1099.865 1099.915 1099.966 1100.0 1100.0 1100.0 1100.0 1100.0 1100.0 1100.0 1100.0 1100.0 1099.956 1099.777 1099.597 1099.418 1099.239 1096.187 1091.964 1087.74 1083.516 1078.94 1072.694 1066.448 1060.201 1053.955 1050.171 1047.788 1045.404 1043.021 1040.385 1035.515 1030.646 1025.776 1020.907 1016.741 1013.117 1009.492 1005.868 1002.334 1001.816 1001.298 1000.78 1000.263 1000.0 1000.0
1066.368 1074.307 1082.247 1087.884 1090.859 1093.834 1096.809 1099.784 1100.0 1100.0 1100.0 1100.0 1100.0 1100.0 1100.0 1100.0 1100.0 1100.0 1100.0 1100.0 1100.0 1100.0 1100.0 1100.0 1100.0 1100.0 1100.0 1100.0 1100.0 1100.0 1099.946 1099.725 1099.505 1099.284 1099.064 1096.362 1092.646 1088.931 1085.216 1081.244 1076.053 1070.863 1065.672 1060.482 1057.377 1055.456 1053.536 1051.616 1049.296 1043.43 1037.564 1031.699 1025.833 1020.757 1016.287 1011.818 1007.349 1002.99 1002.327 1001.663 1001.0 1000.337 1000.0 1000.0
1068.759 1076.215 1083.673 1088.932 1091.65 1094.367 1097.085 1099.803 1100.0 1100.0 1100.0 1100.0 1100.0 1100.0 1100.0 1100.0 1100.0 1100.0 1100.0 1100.0 1100.0 1100.0 1100.0 1100.0 1100.0 1100.0 1100.0 1100.0 1100.0 1100.0 1099.946 1099.725 1099.505 1099.284 1099.064 1096.875 1093.884 1090.892 1087.9 1084.704 1080.538 1076.371 1072.205 1068.038 1065.369 1063.551 1061.732 1059.914 1057.626 1051.176 1044.726 1038.276 1031.826 1025.883 1020.331 1014.779 1009.227 1003.812 1002.966 1002.12 1001.275 1000.429 1000.0 1000.0
1071.149 1078.124 1085.099 1089.98 1092.44 1094.901 1097.361 1099.822 1100.0 1100.0 1100.0 1100.0 1100.0 1100.0 1100.0 1100.0 1100.0 1100.0 1100.0 1100.0 1100.0 1100.0 1100.0 1100.0 1100.0 1100.0 1100.0 1100.0 1100.0 1100.0 1099.946 1099.725 1099.505 1099.284 1099.064 1097.389 1095.121 1092.853 1090.585 1088.165 1085.022 1081.88 1078.737 1075.594 1073.361 1071.645 1069.928 1068.212 1065.956 1058.922 1051.887 1044.853 1037.819 1031.01 1024.375 1017.74 1011.105 1004.633 1003.605 1002.577 1001.549 1000.521 1000.0 1000.0
1073.54 1080.032 1086.524 1091.027 1093.231 1095.434 1097.637 1099.84 1100.0 1100.0 1100.0 1100.0 1100.0 1100.0 1100.0 1100.0 1100.0 1100.0 1100.0 1100.0 1100.0 1100.0 1100.0 1100.0 1100.0 1100.0 1100.0 1100.0 1100.0 1100.0 1099.946 1099.725 1099.505 1099.284 1099.064 1097.903 1096.359 1094.815 1093.27 1091.626 1089.507 1087.388 1085.27 1083.151 1081.354 1079.739 1078.124 1076.51 1074.286 1066.667 1059.049 1051.43 1043.812 1036.137 1028.419 1020.701 1012.984 1005.454 1004.244 1003.034 1001.824 1000.614 1000.0 1000.0
1075.931 1081.941 1087.95 1092.075 1094.021 1095.967 1097.913 1099.859 1100.0 1100.0 1100.0 1100.0 1100.0 1100.0 1100.0 1100.0 1100.0 1100.0 1100.0 1100.0 1100.0 1100.0 1100.0 1100.0 1100.0 1100.0 1100.0 1100.0 1100.0 1100.0 1099.946 1099.725 1099.505 1099.284 1099.064 1098.417 1097.596 1096.776 1095.955 1095.087 1093.992 1092.897 1091.802 1090.707 1089.346 1087.833 1086.32 1084.808 1082.616 1074.413 1066.21 1058.007 1049.805 1041.264 1032.463 1023.662 1014.862 1006.276 1004.883 1003.491 1002.099 1000.706 1000.0 1000.0
1076.61 1082.376 1088.141 1092.12 1094.034 1095.949 1097.863 1099.777 1099.933 1099.952 1099.97 1099.989 1100.0 1100.0 1100.0 1100.0 1100.0 1100.0 1100.0 1100.0 1100.0 1100.0 1100.0 1100.0 1100.0 1100.0 1100.0 1100.0 1100.0 1100.0 1099.953 1099.76 1099.567 1099.375 1099.182 1098.807 1098.358 1097.908 1097.459 1096.987 1096.409 1095.831 1095.253 1094.675 1093.523 1092.044 1090.565 1089.086 1086.897 1078.419 1069.941 1061.463 1052.985 1044.008 1034.647 1025.285 1015.924 1006.791 1005.284 1003.778 1002.271 1000.764 1000.0 1000.0
1076.033 1081.729 1087.424 1091.428 1093.477 1095.525 1097.573 1099.621 1099.817 1099.868 1099.918 1099.969 1100.0 1100.0 1100.0 1100.0 1100.0 1100.0 1100.0 1100.0 1100.0 1100.0 1100.0 1100.0 1100.0 1100.0 1100.0 1100.0 1100.0 1100.0 1099.964 1099.82 1099.676 1099.531 1099.387 1099.106 1098.769 1098.432 1098.095 1097.742 1097.308 1096.875 1096.442 1096.009 1094.899 1093.404 1091.909 1090.414 1088.205 1079.679 1071.153 1062.626 1054.1 1045.002 1035.464 1025.926 1016.388 1007.081 1005.51 1003.939 1002.368 1000.797 1000.0 1000.0
1075.456 1081.082 1086.708 1090.737 1092.919 1095.101 1097.284 1099.466 1099.701 1099.784 1099.867 1099.95 1100.0 1100.0 1100.0 1100.0 1100.0 1100.0 1100.0 1100.0 1100.0 1100.0 1100.0 1100.0 1100.0 1100.0 1100.0 1100.0 1100.0 1100.0 1099.976 1099.88 1099.784 1099.688 1099.592 1099.405 1099.18 1098.956 1098.732 1098.496 1098.208 1097.919 1097.631 1097.343 1096.274 1094.763 1093.252 1091.741 1089.514 1080.939 1072.365 1063.79 1055.215 1045.996 1036.281 1026.566 1016.851 1007.371 1005.735 1004.1 1002.465 1000.83 1000.0 1000.0
1074.879 1080.435 1085.992 1090.045 1092.361 1094.678 1096.994 1099.31 1099.585 1099.7 1099.815 1099.93 1100.0 1100.0 1100.0 1100.0 1100.0 1100.0 1100.0 1100.0 1100.0 1100.0 1100.0 1100.0 1100.0 1100.0 1100.0 1100.0 1100.0 1100.0 1099.988 1099.94 1099.892 1099.844 1099.797 1099.703 1099.592 1099.48 1099.368 1099.251 1099.107 1098.964 1098.82 1098.676 1097.65 1096.123 1094.596 1093.069 1090.822 1082.199 1073.576 1064.953 1056.331 1046.99 1037.099 1027.207 1017.315 1007.661 1005.961 1004.261 1002.562 1000.862 1000.0 1000.0
1074.292 1079.779 1085.266 1089.346 1091.797 1094.249 1096.7 1099.151 1099.466 1099.614 1099.762 1099.91 1100.0 1100.0 1100.0 1100.0 1100.0 1100.0 1100.0 1100.0 1100.0 1100.0 1100.0 1100.0 1100.0 1100.0 1100.0 1100.0 1100.0 1100.0 1100.0 1100.0 1100.0 1100.0 1100.0 1100.0 1100.0 1100.0 1100.0 1100.0 1100.0 1100.0 1100.0 1100.0 1099.016 1097.472 1095.928 1094.384 1092.117 1083.443 1074.768 1066.094 1057.42 1047.96 1037.896 1027.831 1017.767 1007.943 1006.181 1004.42 1002.658 1000.896 1000.002 1000.003
1072.338 1077.858 1083.377 1087.605 1090.341 1093.076 1095.812 1098.547 1099.002 1099.279 1099.555 1099.832 1100.0 1100.0 1100.0 1100.0 1100.0 1100.0 1100.0 1100.0 1100.0 1100.0 1100.0 1100.0 1100.0 1100.0 1100.0 1100.0 1100.0 1100.0 1100.0 1100.0 1100.0 1100.0 1100.0 1100.0 1100.0 1100.0 1100.0 1100.0 1100.0 1100.0 1100.0 1100.0 1098.954 1097.314 1095.673 1094.033 1091.629 1082.456 1073.283 1064.11 1054.938 1045.509 1035.885 1026.26 1016.635 1007.245 1005.702 1004.16 1002.618 1001.076 1000.31 1000.342
1070.384 1075.936 1081.487 1085.865 1088.884 1091.904 1094.923 1097.943 1098.538 1098.943 1099.348 1099.753 1100.0 1100.0 1100.0 1100.0 1100.0 1100.0 1100.0 1100.0 1100.0 1100.0 1100.0 1100.0 1100.0 1100.0 1100.0 1100.0 1100.0 1100.0 1100.0 1100.0 1100.0 1100.0 1100.0 1100.0 1100.0 1100.0 1100.0 1100.0 1100.0 1100.0 1100.0 1100.0 1098.892 1097.156 1095.419 1093.682 1091.14 1081.469 1071.798 1062.126 1052.455 1043.058 1033.873 1024.688 1015.503 1006.546 1005.223 1003.901 1002.579 1001.256 1000.617 1000.682
1068.43 1074.014 1079.598 1084.124 1087.428 1090.731 1094.035 1097.339 1098.073 1098.607 1099.141 1099.675 1100.0 1100.0 1100.0 1100.0 1100.0 1100.0 1100.0 1100.0 1100.0 1100.0 1100.0 1100.0 1100.0 1100.0 1100.0 1100.0 1100.0 1100.0 1100.0 1100.0 1100.0 1100.0 1100.0 1100.0 1100.0 1100.0 1100.0 1100.0 1100.0 1100.0 1100.0 1100.0 1098.831 1096.998 1095.164 1093.331 1090.652 1080.482 1070.312 1060.142 1049.973 1040.608 1031.862 1023.117 1014.371 1005.847 1004.744 1003.642 1002.539 1001.437 1000.925 1001.022
1066.477 1072.092 1077.708 1082.383 1085.971 1089.559 1093.147 1096.735 1097.609 1098.272 1098.934 1099.597 1100.0 1100.0 1100.0 1100.0 1100.0 1100.0 1100.0 1100.0 1100.0 1100.0 1100.0 1100.0 1100.0 1100.0 1100.0 1100.0 1100.0 1100.0 1100.0 1100.0 1100.0 1100.0 1100.0 1100.0 1100.0 1100.0 1100.0 1100.0 1100.0 1100.0 1100.0 1100.0 1098.769 1096.84 1094.91 1092.98 1090.164 1079.495 1068.827 1058.159 1047.49 1038.157 1029.851 1021.545 1013.239 1005.148 1004.266 1003.383 1002.5 1001.617 1001.233 1001.362
1064.495 1070.187 1075.88 1080.69 1084.48 1088.269 1092.059 1095.849 1096.857 1097.649 1098.44 1099.231 1099.737 1099.801 1099.864 1099.927 1099.991 1100.0 1100.0 1100.0 1100.0 1100.0 1100.0 1100.0 1100.0 1100.0 1100.0 1100.0 1100.0 1100.0 1100.0 1100.0 1100.0 1100.0 1100.0 1100.0 1100.0 1100.0 1100.0 1100.0 1100.0 1100.0 1100.0 1100.0 1098.641 1096.509 1094.377 1092.245 1089.19 1077.959 1066.729 1055.499 1044.269 1035.088 1027.485 1019.881 1012.278 1004.882 1004.449 1004.016 1003.583 1003.15 1003.059 1003.318
1062.477 1068.303 1074.13 1079.057 1082.943 1086.829 1090.716 1094.602 1095.737 1096.656 1097.576 1098.496 1099.137 1099.345 1099.554 1099.762 1099.97 1100.0 1100.0 1100.0 1100.0 1100.0 1100.0 1100.0 1100.0 1100.0 1100.0 1100.0 1100.0 1100.0 1100.0 1100.0 1100.0 1100.0 1100.0 1100.0 1100.0 1100.0 1100.0 1100.0 1100.0 1100.0 1100.0 1100.0 1098.425 1095.955 1093.486 1091.016 1087.593 1075.719 1063.846 1051.972 1040.099 1031.226 1024.663 1018.099 1011.536 1005.171 1005.484 1005.796 1006.108 1006.42 1006.833 1007.35
1060.459 1066.42 1072.38 1077.424 1081.406 1085.389 1089.372 1093.355 1094.616 1095.664 1096.713 1097.761 1098.537 1098.89 1099.243 1099.596 1099.949 1100.0 1100.0 1100.0 1100.0 1100.0 1100.0 1100.0 1100.0 1100.0 1100.0 1100.0 1100.0 1100.0 1100.0 1100.0 1100.0 1100.0 1100.0 1100.0 1100.0 1100.0 1100.0 1100.0 1100.0 1100.0 1100.0 1100.0 1098.21 1095.402 1092.595 1089.788 1085.995 1073.478 1060.962 1048.445 1035.928 1027.364 1021.841 1016.317 1010.793 1005.461 1006.518 1007.575 1008.632 1009.689 1010.607 1011.382
1058.441 1064.536 1070.631 1075.791 1079.87 1083.949 1088.028 1092.108 1093.495 1094.672 1095.849 1097.026 1097.938 1098.435 1098.933 1099.43 1099.928 1100.0 1100.0 1100.0 1100.0 1100.0 1100.0 1100.0 1100.0 1100.0 1100.0 1100.0 1100.0 1100.0 1100.0 1100.0 1100.0 1100.0 1100.0 1100.0 1100.0 1100.0 1100.0 1100.0 1100.0 1100.0 1100.0 1100.0 1097.995 1094.849 1091.704 1088.559 1084.398 1071.238 1058.078 1044.918 1031.758 1023.502 1019.018 1014.535 1010.051 1005.75 1007.552 1009.354 1011.157 1012.959 1014.382 1015.413
1056.424 1062.652 1068.881 1074.158 1078.333 1082.509 1086.685 1090.86 1092.374 1093.68 1094.986 1096.291 1097.338 1097.98 1098.622 1099.265 1099.907 1100.0 1100.0 1100.0 1100.0 1100.0 1100.0 1100.0 1100.0 1100.0 1100.0 1100.0 1100.0 1100.0 1100.0 1100.0 1100.0 1100.0 1100.0 1100.0 1100.0 1100.0 1100.0 1100.0 1100.0 1100.0 1100.0 1100.0 1097.779 1094.296 1090.814 1087.331 1082.801 1068.997 1055.194 1041.391 1027.588 1019.64 1016.196 1012.752 1009.309 1006.039 1008.586 1011.134 1013.681 1016.229 1018.156 1019.445
1051.807 1057.779 1063.75 1068.77 1072.688 1076.606 1080.525 1084.443 1086.234 1087.86 1089.485 1091.11 1092.488 1093.48 1094.472 1095.464 1096.456 1096.978 1097.42 1097.862 1098.305 1098.698 1098.987 1099.275 1099.564 1099.853 1099.93 1099.949 1099.967 1099.986 1100.0 1100.0 1100.0 1100.0 1100.0 1100.0 1100.0 1100.0 1100.0 1099.99 1099.934 1099.879 1099.823 1099.767 1097.319 1093.513 1089.706 1085.9 1081.179 1068.362 1055.545 1042.728 1029.911 1022.864 1020.256 1017.647 1015.039 1012.58 1015.146 1017.712 1020.279 1022.845 1024.874 1026.35
1046.798 1052.453 1058.108 1062.814 1066.421 1070.028 1073.636 1077.243 1079.335 1081.309 1083.283 1085.256 1086.995 1088.368 1089.74 1091.113 1092.485 1093.498 1094.45 1095.401 1096.353 1097.199 1097.82 1098.441 1099.062 1099.683 1099.85 1099.89 1099.93 1099.97 1100.0 1100.0 1100.0 1100.0 1100.0 1100.0 1100.0 1100.0 1100.0 1099.979 1099.859 1099.739 1099.618 1099.498 1096.822 1092.694 1088.566 1084.438 1079.553 1067.969 1056.385 1044.801 1033.217 1027.161 1025.356 1023.552 1021.748 1020.067 1022.542 1025.017 1027.492 1029.967 1032.037 1033.691
1041.788 1047.127 1052.466 1056.858 1060.154 1063.451 1066.747 1070.044 1072.436 1074.758 1077.081 1079.403 1081.502 1083.255 1085.009 1086.762 1088.515 1090.018 1091.479 1092.94 1094.401 1095.7 1096.653 1097.607 1098.56 1099.514 1099.769 1099.831 1099.892 1099.954 1100.0 1100.0 1100.0 1100.0 1100.0 1100.0 1100.0 1100.0 1100.0 1099.968 1099.783 1099.599 1099.414 1099.23 1096.325 1091.875 1087.426 1082.976 1077.928 1067.576 1057.225 1046.874 1036.523 1031.457 1030.457 1029.457 1028.456 1027.554 1029.938 1032.322 1034.706 1037.09 1039.201 1041.031
1036.778 1041.801 1046.824 1050.902 1053.887 1056.873 1059.858 1062.844 1065.537 1068.208 1070.879 1073.549 1076.01 1078.143 1080.277 1082.411 1084.545 1086.539 1088.509 1090.479 1092.449 1094.201 1095.487 1096.773 1098.058 1099.344 1099.689 1099.772 1099.854 1099.938 1100.0 1100.0 1100.0 1100.0 1100.0 1100.0 1100.0 1100.0 1100.0 1099.957 1099.708 1099.459 1099.21 1098.961 1095.828 1091.057 1086.286 1081.514 1076.302 1067.183 1058.065 1048.947 1039.829 1035.753 1035.557 1035.361 1035.165 1035.041 1037.334 1039.627 1041.919 1044.212 1046.364 1048.371
