data/zism_data/01018_03_D.txt
ncols         224
nrows         224
[rows 56 to 83 of 224, columns 63 to 125 of 224]
1320.892 1323.601 1337.943 1352.286 1366.628 1380.971 1395.571 1410.316 1425.061 1439.806 1454.128 1463.088 1472.048 1481.009 1489.969 1495.1 1496.458 1497.816 1499.173 1500.531 1500.684 1500.752 1500.82 1500.888 1500.856 1500.653 1500.449 1500.245 1500.042 1499.892 1499.756 1499.62 1499.485 1499.137 1498.066 1496.995 1495.924 1494.853 1492.052 1488.348 1484.644 1480.94 1476.97 1470.235 1463.499 1456.764 1450.029 1443.644 1437.587 1431.529 1425.471 1419.414 1415.518 1411.74 1407.961 1404.182 1400.188 1395.843 1391.498 1387.153 1382.807 1377.584 1372.154
1324.686 1329.158 1344.209 1359.26 1374.312 1389.363 1403.735 1417.728 1431.721 1445.714 1459.271 1467.282 1475.294 1483.305 1491.316 1495.869 1497.014 1498.159 1499.303 1500.448 1500.577 1500.634 1500.691 1500.748 1500.722 1500.55 1500.379 1500.207 1500.035 1499.909 1499.794 1499.68 1499.566 1499.28 1498.412 1497.543 1496.675 1495.806 1493.4 1490.192 1486.984 1483.775 1480.294 1473.969 1467.644 1461.319 1454.994 1448.805 1442.742 1436.679 1430.616 1424.553 1420.394 1416.338 1412.282 1408.226 1403.911 1399.171 1394.432 1389.692 1384.953 1378.605 1371.88
1328.479 1334.715 1350.475 1366.235 1381.996 1397.756 1411.898 1425.14 1438.381 1451.623 1464.414 1471.476 1478.539 1485.601 1492.664 1496.639 1497.57 1498.502 1499.433 1500.364 1500.469 1500.516 1500.562 1500.609 1500.587 1500.448 1500.308 1500.168 1500.029 1499.926 1499.833 1499.74 1499.646 1499.424 1498.758 1498.092 1497.426 1496.76 1494.749 1492.036 1489.324 1486.611 1483.618 1477.703 1471.789 1465.874 1459.96 1453.965 1447.897 1441.829 1435.76 1429.692 1425.27 1420.937 1416.604 1412.271 1407.633 1402.5 1397.365 1392.232 1387.098 1379.625 1371.605
1332.272 1340.272 1356.741 1373.21 1389.679 1406.148 1420.062 1432.552 1445.042 1457.532 1469.556 1475.67 1481.784 1487.898 1494.012 1497.408 1498.126 1498.845 1499.563 1500.281 1500.362 1500.398 1500.434 1500.469 1500.453 1500.345 1500.238 1500.13 1500.022 1499.943 1499.871 1499.799 1499.727 1499.567 1499.103 1498.64 1498.176 1497.713 1496.098 1493.88 1491.664 1489.447 1486.942 1481.438 1475.933 1470.429 1464.925 1459.126 1453.052 1446.979 1440.905 1434.831 1430.146 1425.536 1420.925 1416.315 1411.356 1405.828 1400.299 1394.771 1389.243 1380.646 1371.331
1336.065 1345.828 1363.006 1380.185 1397.363 1414.541 1428.225 1439.963 1451.702 1463.44 1474.699 1479.864 1485.029 1490.194 1495.359 1498.178 1498.683 1499.188 1499.693 1500.198 1500.254 1500.28 1500.305 1500.33 1500.318 1500.243 1500.167 1500.091 1500.016 1499.96 1499.909 1499.859 1499.808 1499.71 1499.449 1499.188 1498.927 1498.666 1497.446 1495.725 1494.004 1492.282 1490.266 1485.172 1480.078 1474.984 1469.891 1464.286 1458.207 1452.128 1446.049 1439.97 1435.022 1430.135 1425.247 1420.359 1415.079 1409.156 1403.233 1397.311 1391.388 1381.667 1371.056
1342.78 1353.148 1368.968 1384.788 1400.609 1416.429 1429.157 1440.163 1451.169 1462.176 1472.776 1478.223 1483.67 1489.116 1494.563 1497.588 1498.225 1498.862 1499.499 1500.136 1500.196 1500.215 1500.235 1500.254 1500.245 1500.187 1500.129 1500.07 1500.012 1499.969 1499.93 1499.891 1499.852 1499.778 1499.584 1499.389 1499.194 1499.0 1497.917 1496.371 1494.824 1493.277 1491.414 1486.249 1481.084 1475.92 1470.755 1465.091 1458.963 1452.835 1446.707 1440.579 1435.725 1430.939 1426.154 1421.369 1416.26 1410.624 1404.987 1399.351 1393.715 1383.972 1373.267
1349.775 1360.637 1374.901 1389.164 1403.428 1417.692 1429.394 1439.67 1449.946 1460.222 1470.175 1476.021 1481.868 1487.714 1493.561 1496.867 1497.669 1498.472 1499.274 1500.076 1500.142 1500.156 1500.171 1500.185 1500.178 1500.136 1500.093 1500.051 1500.009 1499.978 1499.949 1499.921 1499.893 1499.839 1499.698 1499.556 1499.415 1499.274 1498.304 1496.901 1495.499 1494.096 1492.354 1487.072 1481.79 1476.508 1471.226 1465.478 1459.296 1453.115 1446.933 1440.752 1436.027 1431.38 1426.733 1422.086 1417.198 1411.913 1406.628 1401.344 1396.059 1386.401 1375.717
1356.77 1368.126 1380.833 1393.541 1406.248 1418.955 1429.632 1439.177 1448.723 1458.269 1467.574 1473.82 1480.066 1486.313 1492.559 1496.146 1497.114 1498.082 1499.049 1500.017 1500.089 1500.097 1500.106 1500.115 1500.111 1500.085 1500.058 1500.032 1500.005 1499.986 1499.968 1499.951 1499.933 1499.9 1499.812 1499.724 1499.636 1499.548 1498.691 1497.432 1496.173 1494.915 1493.293 1487.894 1482.495 1477.095 1471.696 1465.864 1459.629 1453.395 1447.16 1440.925 1436.329 1431.821 1427.313 1422.804 1418.135 1413.202 1408.269 1403.336 1398.404 1388.829 1378.167
1363.765 1375.615 1386.766 1397.917 1409.068 1420.219 1429.869 1438.685 1447.5 1456.315 1464.972 1471.618 1478.265 1484.911 1491.557 1495.426 1496.559 1497.692 1498.824 1499.957 1500.035 1500.038 1500.042 1500.045 1500.044 1500.033 1500.023 1500.013 1500.002 1499.995 1499.988 1499.981 1499.974 1499.96 1499.926 1499.891 1499.857 1499.822 1499.078 1497.963 1496.848 1495.733 1494.233 1488.716 1483.2 1477.683 1472.167 1466.25 1459.962 1453.674 1447.386 1441.098 1436.631 1432.261 1427.892 1423.522 1419.072 1414.491 1409.91 1405.329 1400.748 1391.258 1380.617
1368.521 1380.758 1390.881 1401.004 1411.127 1421.25 1430.166 1438.41 1446.654 1454.897 1463.046 1469.981 1476.917 1483.853 1490.788 1494.867 1496.129 1497.392 1498.655 1499.917 1499.927 1499.848 1499.77 1499.691 1499.627 1499.588 1499.549 1499.51 1499.47 1499.547 1499.654 1499.76 1499.866 1499.951 1499.963 1499.974 1499.985 1499.996 1499.325 1498.298 1497.271 1496.245 1494.803 1489.04 1483.278 1477.515 1471.752 1465.626 1459.161 1452.697 1446.232 1439.768 1435.497 1431.344 1427.192 1423.039 1418.899 1414.78 1410.661 1406.542 1402.423 1393.37 1383.162
1369.127 1381.552 1391.627 1401.702 1411.777 1421.852 1430.573 1438.539 1446.506 1454.472 1462.37 1469.391 1476.412 1483.433 1490.454 1494.607 1495.933 1497.26 1498.586 1499.913 1499.718 1499.415 1499.113 1498.811 1498.563 1498.412 1498.261 1498.11 1497.959 1498.254 1498.665 1499.075 1499.485 1499.812 1499.856 1499.899 1499.942 1499.985 1499.315 1498.272 1497.229 1496.186 1494.687 1488.44 1482.192 1475.944 1469.697 1463.127 1456.257 1449.387 1442.518 1435.648 1431.7 1427.91 1424.12 1420.33 1416.668 1413.215 1409.762 1406.31 1402.857 1394.898 1385.883
1369.733 1382.345 1392.372 1402.399 1412.427 1422.453 1430.979 1438.668 1446.358 1454.047 1461.694 1468.801 1475.907 1483.013 1490.119 1494.347 1495.737 1497.128 1498.518 1499.909 1499.508 1498.982 1498.456 1497.93 1497.5 1497.237 1496.974 1496.71 1496.447 1496.962 1497.676 1498.39 1499.104 1499.673 1499.749 1499.824 1499.899 1499.974 1499.304 1498.245 1497.187 1496.128 1494.572 1487.839 1481.106 1474.374 1467.641 1460.627 1453.353 1446.078 1438.803 1431.528 1427.904 1424.476 1421.049 1417.621 1414.437 1411.65 1408.864 1406.077 1403.29 1396.425 1388.605
1370.339 1383.139 1393.118 1403.097 1413.076 1423.055 1431.385 1438.798 1446.21 1453.622 1461.019 1468.21 1475.402 1482.593 1489.785 1494.087 1495.541 1496.996 1498.45 1499.904 1499.299 1498.549 1497.799 1497.049 1496.436 1496.061 1495.686 1495.311 1494.936 1495.669 1496.687 1497.705 1498.723 1499.535 1499.642 1499.749 1499.856 1499.963 1499.294 1498.219 1497.144 1496.069 1494.456 1487.239 1480.021 1472.803 1465.585 1458.128 1450.448 1442.768 1435.089 1427.409 1424.108 1421.042 1417.977 1414.912 1412.205 1410.085 1407.965 1405.844 1403.724 1397.953 1391.326
1370.945 1383.932 1393.863 1403.794 1413.726 1423.657 1431.792 1438.927 1446.062 1453.198 1460.343 1467.62 1474.897 1482.173 1489.45 1493.827 1495.345 1496.863 1498.382 1499.9 1499.09 1498.116 1497.142 1496.168 1495.372 1494.885 1494.398 1493.911 1493.424 1494.376 1495.698 1497.02 1498.342 1499.396 1499.535 1499.674 1499.813 1499.952 1499.283 1498.193 1497.102 1496.011 1494.341 1486.638 1478.935 1471.233 1463.53 1455.629 1447.544 1439.459 1431.374 1423.289 1420.311 1417.608 1414.906 1412.203 1409.974 1408.52 1407.066 1405.612 1404.158 1399.48 1394.048
1365.033 1377.564 1387.901 1398.238 1408.575 1418.912 1427.401 1434.859 1442.318 1449.777 1457.233 1464.65 1472.066 1479.483 1486.9 1491.302 1492.733 1494.164 1495.595 1497.026 1495.291 1493.332 1491.374 1489.415 1488.005 1487.549 1487.093 1486.637 1486.182 1488.027 1490.463 1492.9 1495.336 1497.336 1497.843 1498.351 1498.858 1499.365 1498.994 1498.165 1497.335 1496.506 1495.095 1487.625 1480.156 1472.687 1465.217 1457.182 1448.621 1440.059 1431.497 1422.936 1419.46 1416.259 1413.057 1409.855 1407.308 1405.831 1404.354 1402.877 1401.401 1397.441 1392.9
1357.37 1369.274 1380.138 1391.003 1401.868 1412.732 1421.721 1429.665 1437.609 1445.553 1453.469 1461.041 1468.612 1476.183 1483.754 1488.169 1489.472 1490.775 1492.078 1493.381 1490.527 1487.38 1484.233 1481.086 1478.946 1478.559 1478.173 1477.786 1477.4 1480.319 1484.088 1487.857 1491.626 1494.761 1495.726 1496.692 1497.658 1498.624 1498.63 1498.137 1497.643 1497.149 1496.082 1489.039 1481.996 1474.953 1467.91 1459.823 1450.766 1441.709 1432.652 1423.594 1419.401 1415.469 1411.537 1407.605 1404.526 1402.841 1401.156 1399.472 1397.787 1394.444 1390.713
1349.707 1360.983 1372.375 1383.767 1395.16 1406.552 1416.041 1424.47 1432.899 1441.328 1449.706 1457.432 1465.157 1472.883 1480.609 1485.036 1486.211 1487.386 1488.561 1489.737 1485.763 1481.427 1477.092 1472.756 1469.887 1469.57 1469.252 1468.935 1468.618 1472.612 1477.713 1482.814 1487.916 1492.185 1493.609 1495.033 1496.458 1497.882 1498.266 1498.109 1497.951 1497.793 1497.069 1490.453 1483.836 1477.219 1470.603 1462.465 1452.912 1443.359 1433.806 1424.253 1419.341 1414.679 1410.017 1405.355 1401.744 1399.851 1397.958 1396.066 1394.173 1391.448 1388.527
1342.044 1352.692 1364.612 1376.532 1388.452 1400.372 1410.361 1419.275 1428.189 1437.103 1445.942 1453.822 1461.703 1469.583 1477.464 1481.902 1482.95 1483.997 1485.045 1486.092 1480.999 1475.475 1469.951 1464.426 1460.828 1460.58 1460.332 1460.084 1459.836 1464.904 1471.338 1477.772 1484.206 1489.61 1491.492 1493.375 1495.257 1497.14 1497.903 1498.08 1498.258 1498.436 1498.056 1491.866 1485.676 1479.486 1473.296 1465.106 1455.057 1445.009 1434.96 1424.911 1419.281 1413.889 1408.496 1403.104 1398.961 1396.861 1394.76 1392.66 1390.559 1388.451 1386.34
1334.365 1344.325 1356.649 1368.972 1381.296 1393.619 1404.07 1413.479 1422.888 1432.296 1441.597 1449.526 1457.455 1465.384 1473.313 1477.698 1478.591 1479.484 1480.377 1481.27 1475.231 1468.705 1462.179 1455.653 1451.44 1451.253 1451.066 1450.879 1450.692 1456.703 1464.307 1471.91 1479.514 1485.934 1488.306 1490.678 1493.051 1495.423 1496.594 1497.138 1497.682 1498.225 1498.22 1492.494 1486.767 1481.041 1475.315 1467.237 1456.972 1446.707 1436.443 1426.178 1419.934 1413.907 1407.88 1401.853 1397.096 1394.416 1391.736 1389.057 1386.377 1384.538 1382.897
1326.629 1335.698 1348.0 1360.302 1372.605 1384.907 1395.689 1405.626 1415.562 1425.499 1435.266 1442.88 1450.495 1458.109 1465.723 1469.829 1470.477 1471.124 1471.772 1472.42 1466.026 1459.138 1452.249 1445.361 1440.93 1440.775 1440.62 1440.464 1440.309 1446.815 1455.031 1463.248 1471.465 1478.494 1481.463 1484.433 1487.402 1490.371 1492.055 1493.068 1494.081 1495.094 1495.568 1490.434 1485.299 1480.164 1475.03 1467.62 1458.097 1448.573 1439.049 1429.526 1423.026 1416.69 1410.354 1404.017 1398.367 1393.838 1389.308 1384.779 1380.249 1377.494 1375.154
1318.893 1327.072 1339.352 1351.633 1363.914 1376.195 1387.308 1397.773 1408.237 1418.701 1428.935 1436.234 1443.534 1450.834 1458.134 1461.96 1462.362 1462.765 1463.167 1463.57 1456.822 1449.571 1442.32 1435.069 1430.419 1430.296 1430.173 1430.05 1429.927 1436.927 1445.756 1454.586 1463.415 1471.054 1474.62 1478.187 1481.753 1485.32 1487.517 1488.998 1490.48 1491.962 1492.916 1488.373 1483.83 1479.287 1474.745 1468.004 1459.222 1450.439 1441.656 1432.873 1426.119 1419.473 1412.828 1406.182 1399.638 1393.259 1386.88 1380.501 1374.122 1370.449 1367.411
1311.158 1318.445 1330.704 1342.964 1355.223 1367.482 1378.928 1389.92 1400.911 1411.903 1422.603 1429.589 1436.574 1443.559 1450.544 1454.091 1454.248 1454.406 1454.563 1454.72 1447.617 1440.004 1432.39 1424.777 1419.909 1419.818 1419.726 1419.635 1419.544 1427.038 1436.481 1445.923 1455.366 1463.614 1467.778 1471.941 1476.104 1480.268 1482.978 1484.929 1486.88 1488.831 1490.265 1486.313 1482.362 1478.411 1474.459 1468.388 1460.346 1452.305 1444.263 1436.221 1429.211 1422.256 1415.302 1408.347 1400.908 1392.68 1384.451 1376.223 1367.994 1363.405 1359.669
1303.422 1309.818 1322.056 1334.294 1346.532 1358.77 1370.547 1382.066 1393.586 1405.106 1416.272 1422.943 1429.613 1436.284 1442.955 1446.222 1446.134 1446.046 1445.958 1445.871 1438.413 1430.437 1422.461 1414.485 1409.398 1409.339 1409.28 1409.221 1409.162 1417.15 1427.206 1437.261 1447.317 1456.174 1460.935 1465.695 1470.456 1475.216 1478.439 1480.859 1483.279 1485.699 1487.613 1484.253 1480.894 1477.534 1474.174 1468.772 1461.471 1454.171 1446.87 1439.569 1432.303 1425.039 1417.775 1410.511 1402.179 1392.101 1382.023 1371.945 1361.866 1356.361 1351.926
1296.897 1302.501 1314.023 1325.546 1337.069 1348.592 1360.408 1372.389 1384.369 1396.349 1407.92 1414.294 1420.668 1427.042 1433.416 1436.255 1435.611 1434.966 1434.321 1433.677 1426.396 1418.649 1410.902 1403.155 1398.297 1398.469 1398.64 1398.811 1398.982 1407.395 1417.926 1428.456 1438.987 1448.271 1453.296 1458.321 1463.345 1468.37 1471.75 1474.271 1476.791 1479.312 1481.365 1478.548 1475.73 1472.913 1470.095 1465.362 1458.848 1452.334 1445.82 1439.306 1432.365 1425.401 1418.437 1411.473 1402.9 1391.698 1380.497 1369.295 1358.093 1351.624 1346.265
1290.984 1295.845 1306.302 1316.759 1327.216 1337.673 1349.382 1361.788 1374.195 1386.601 1398.547 1404.633 1410.719 1416.805 1422.891 1425.228 1423.869 1422.51 1421.151 1419.793 1412.958 1405.739 1398.519 1391.3 1386.898 1387.4 1387.901 1388.403 1388.904 1397.707 1408.643 1419.579 1430.514 1440.134 1445.255 1450.375 1455.496 1460.616 1463.973 1466.409 1468.844 1471.28 1473.3 1471.0 1468.699 1466.399 1464.098 1460.034 1454.33 1448.627 1442.923 1437.219 1430.896 1424.54 1418.183 1411.827 1403.344 1391.385 1379.426 1367.468 1355.509 1348.055 1341.656
1285.071 1289.19 1298.581 1307.972 1317.363 1326.753 1338.355 1351.188 1364.021 1376.854 1389.173 1394.972 1400.77 1406.568 1412.367 1414.201 1412.128 1410.055 1407.981 1405.908 1399.52 1392.828 1386.136 1379.445 1375.499 1376.331 1377.163 1377.995 1378.827 1388.02 1399.36 1410.701 1422.042 1431.997 1437.213 1442.43 1447.646 1452.863 1456.196 1458.547 1460.897 1463.247 1465.235 1463.452 1461.668 1459.885 1458.101 1454.706 1449.813 1444.919 1440.026 1435.132 1429.427 1423.678 1417.929 1412.18 1403.787 1391.072 1378.356 1365.64 1352.925 1344.485 1337.046
1279.158 1282.535 1290.859 1299.184 1307.509 1315.834 1327.328 1340.588 1353.847 1367.106 1379.8 1385.311 1390.821 1396.332 1401.842 1403.174 1400.386 1397.599 1394.812 1392.024 1386.082 1379.918 1373.754 1367.59 1364.099 1365.262 1366.424 1367.587 1368.749 1378.332 1390.078 1401.824 1413.569 1423.86 1429.172 1434.484 1439.797 1445.109 1448.42 1450.685 1452.95 1455.215 1457.171 1455.904 1454.637 1453.371 1452.104 1449.378 1445.295 1441.211 1437.128 1433.045 1427.958 1422.816 1417.675 1412.534 1404.23 1390.758 1377.286 1363.813 1350.341 1340.915 1332.437
1273.395 1276.05 1283.373 1290.696 1298.019 1305.342 1316.701 1330.306 1343.912 1357.518 1370.521 1375.879 1381.237 1386.595 1391.952 1392.891 1389.475 1386.059 1382.643 1379.227 1373.59 1367.798 1362.005 1356.212 1353.069 1354.536 1356.004 1357.471 1358.938 1368.851 1380.934 1393.016 1405.098 1415.669 1421.073 1426.477 1431.881 1437.285 1440.567 1442.739 1444.912 1447.084 1448.998 1448.212 1447.427 1446.641 1445.856 1443.749 1440.413 1437.077 1433.742 1430.406 1425.875 1421.28 1416.685 1412.089 1403.904 1389.851 1375.798 1361.745 1347.691 1337.409 1328.009
