data/zism_data/01016_01_D.txt
ncols         224
nrows         224
[rows 28 to 55 of 224, columns 63 to 125 of 224]
1348.601 1348.506 1348.41 1348.389 1348.484 1348.58 1348.676 1348.771 1349.018 1349.287 1349.557 1349.826 1350.078 1350.299 1350.521 1350.742 1350.963 1351.228 1351.501 1351.774 1352.048 1352.296 1352.492 1352.687 1352.882 1353.078 1353.2 1353.304 1353.407 1353.511 1353.641 1353.836 1354.031 1354.227 1354.422 1354.531 1354.614 1354.696 1354.779 1354.881 1355.046 1355.211 1355.376 1355.541 1355.668 1355.781 1355.894 1356.007 1356.154 1356.432 1356.71 1356.988 1357.266 1357.54 1357.813 1358.087 1358.36 1358.637 1358.937 1359.237 1359.537 1359.836 1360.042
1348.737 1348.674 1348.61 1348.596 1348.66 1348.723 1348.786 1348.849 1349.077 1349.33 1349.583 1349.836 1350.078 1350.299 1350.521 1350.742 1350.963 1351.255 1351.561 1351.867 1352.172 1352.438 1352.617 1352.796 1352.975 1353.155 1353.325 1353.494 1353.663 1353.832 1354.003 1354.182 1354.362 1354.541 1354.72 1354.829 1354.917 1355.005 1355.093 1355.202 1355.378 1355.554 1355.729 1355.905 1356.019 1356.111 1356.202 1356.293 1356.421 1356.688 1356.955 1357.222 1357.489 1357.783 1358.089 1358.394 1358.7 1358.997 1359.254 1359.51 1359.766 1360.023 1360.217
1348.872 1348.842 1348.811 1348.804 1348.835 1348.865 1348.896 1348.927 1349.137 1349.373 1349.61 1349.847 1350.078 1350.299 1350.521 1350.742 1350.963 1351.282 1351.62 1351.959 1352.297 1352.58 1352.743 1352.906 1353.068 1353.231 1353.451 1353.685 1353.918 1354.152 1354.366 1354.529 1354.692 1354.855 1355.018 1355.128 1355.221 1355.314 1355.407 1355.523 1355.71 1355.896 1356.083 1356.27 1356.371 1356.441 1356.51 1356.58 1356.688 1356.945 1357.201 1357.457 1357.713 1358.026 1358.364 1358.702 1359.041 1359.357 1359.57 1359.783 1359.996 1360.209 1360.392
1349.013 1349.013 1349.013 1349.012 1349.011 1349.01 1349.009 1349.007 1349.199 1349.42 1349.641 1349.861 1350.083 1350.306 1350.529 1350.753 1350.976 1351.318 1351.685 1352.051 1352.418 1352.715 1352.865 1353.014 1353.164 1353.313 1353.579 1353.874 1354.168 1354.463 1354.717 1354.865 1355.013 1355.161 1355.309 1355.421 1355.52 1355.62 1355.72 1355.843 1356.037 1356.232 1356.427 1356.622 1356.713 1356.764 1356.815 1356.867 1356.959 1357.205 1357.451 1357.698 1357.944 1358.273 1358.639 1359.006 1359.372 1359.705 1359.877 1360.05 1360.222 1360.395 1360.568
1349.233 1349.233 1349.233 1349.224 1349.201 1349.178 1349.156 1349.133 1349.312 1349.522 1349.732 1349.942 1350.168 1350.424 1350.679 1350.935 1351.191 1351.503 1351.826 1352.149 1352.472 1352.75 1352.932 1353.114 1353.296 1353.478 1353.746 1354.035 1354.325 1354.614 1354.867 1355.026 1355.185 1355.344 1355.503 1355.633 1355.754 1355.876 1355.997 1356.129 1356.291 1356.453 1356.615 1356.778 1356.887 1356.976 1357.066 1357.155 1357.278 1357.53 1357.782 1358.033 1358.285 1358.586 1358.909 1359.232 1359.555 1359.853 1360.031 1360.209 1360.386 1360.564 1360.761
1349.454 1349.454 1349.454 1349.436 1349.392 1349.347 1349.302 1349.258 1349.425 1349.624 1349.823 1350.022 1350.253 1350.541 1350.829 1351.118 1351.406 1351.687 1351.967 1352.246 1352.526 1352.785 1352.999 1353.214 1353.428 1353.643 1353.913 1354.197 1354.481 1354.765 1355.017 1355.187 1355.356 1355.526 1355.696 1355.846 1355.989 1356.132 1356.275 1356.414 1356.544 1356.674 1356.804 1356.934 1357.062 1357.189 1357.316 1357.443 1357.598 1357.855 1358.112 1358.369 1358.626 1358.899 1359.178 1359.458 1359.738 1360.001 1360.184 1360.367 1360.551 1360.734 1360.954
1349.674 1349.674 1349.674 1349.648 1349.582 1349.516 1349.449 1349.383 1349.538 1349.727 1349.915 1350.103 1350.338 1350.659 1350.979 1351.3 1351.621 1351.871 1352.108 1352.344 1352.58 1352.82 1353.067 1353.314 1353.561 1353.808 1354.08 1354.359 1354.637 1354.916 1355.167 1355.348 1355.528 1355.709 1355.89 1356.058 1356.223 1356.387 1356.552 1356.7 1356.798 1356.895 1356.992 1357.089 1357.236 1357.401 1357.567 1357.732 1357.917 1358.18 1358.442 1358.705 1358.967 1359.212 1359.448 1359.684 1359.921 1360.149 1360.337 1360.526 1360.715 1360.904 1361.147
1349.895 1349.895 1349.895 1349.86 1349.772 1349.684 1349.596 1349.508 1349.651 1349.829 1350.006 1350.183 1350.423 1350.776 1351.129 1351.483 1351.836 1352.056 1352.248 1352.441 1352.634 1352.854 1353.134 1353.414 1353.693 1353.973 1354.247 1354.52 1354.793 1355.067 1355.317 1355.508 1355.7 1355.891 1356.083 1356.271 1356.457 1356.643 1356.83 1356.986 1357.051 1357.116 1357.181 1357.245 1357.411 1357.614 1357.817 1358.02 1358.237 1358.505 1358.773 1359.041 1359.309 1359.525 1359.718 1359.911 1360.104 1360.297 1360.491 1360.685 1360.879 1361.073 1361.339
1350.071 1350.088 1350.105 1350.071 1349.959 1349.846 1349.734 1349.621 1349.769 1349.955 1350.141 1350.328 1350.569 1350.913 1351.256 1351.6 1351.943 1352.163 1352.357 1352.552 1352.747 1352.968 1353.246 1353.524 1353.802 1354.081 1354.362 1354.644 1354.925 1355.207 1355.466 1355.666 1355.865 1356.065 1356.264 1356.464 1356.663 1356.863 1357.063 1357.23 1357.299 1357.368 1357.437 1357.506 1357.68 1357.893 1358.105 1358.318 1358.54 1358.797 1359.053 1359.309 1359.566 1359.762 1359.931 1360.101 1360.27 1360.447 1360.664 1360.88 1361.097 1361.313 1361.596
1350.206 1350.256 1350.305 1350.281 1350.142 1350.002 1349.862 1349.723 1349.89 1350.104 1350.317 1350.531 1350.773 1351.067 1351.362 1351.657 1351.951 1352.199 1352.437 1352.675 1352.913 1353.154 1353.399 1353.645 1353.891 1354.136 1354.428 1354.732 1355.035 1355.339 1355.615 1355.819 1356.025 1356.229 1356.434 1356.639 1356.844 1357.049 1357.254 1357.435 1357.542 1357.649 1357.756 1357.863 1358.035 1358.232 1358.428 1358.625 1358.828 1359.058 1359.287 1359.516 1359.746 1359.93 1360.094 1360.257 1360.421 1360.601 1360.855 1361.11 1361.364 1361.619 1361.911
1350.342 1350.424 1350.506 1350.491 1350.324 1350.158 1349.991 1349.824 1350.012 1350.253 1350.493 1350.734 1350.976 1351.222 1351.468 1351.714 1351.959 1352.235 1352.516 1352.798 1353.079 1353.339 1353.552 1353.766 1353.979 1354.192 1354.494 1354.82 1355.145 1355.47 1355.763 1355.973 1356.184 1356.394 1356.605 1356.815 1357.026 1357.236 1357.446 1357.641 1357.786 1357.93 1358.075 1358.22 1358.391 1358.571 1358.751 1358.932 1359.117 1359.319 1359.521 1359.723 1359.925 1360.097 1360.256 1360.414 1360.573 1360.754 1361.047 1361.339 1361.632 1361.924 1362.225
1350.477 1350.592 1350.706 1350.701 1350.507 1350.313 1350.12 1349.926 1350.134 1350.401 1350.669 1350.936 1351.179 1351.376 1351.573 1351.77 1351.967 1352.271 1352.596 1352.921 1353.246 1353.525 1353.706 1353.886 1354.067 1354.247 1354.561 1354.908 1355.255 1355.601 1355.911 1356.127 1356.343 1356.559 1356.775 1356.991 1357.207 1357.422 1357.638 1357.846 1358.029 1358.212 1358.394 1358.577 1358.746 1358.911 1359.075 1359.239 1359.405 1359.58 1359.755 1359.93 1360.105 1360.265 1360.418 1360.571 1360.724 1360.908 1361.238 1361.569 1361.899 1362.229 1362.54
1350.613 1350.76 1350.907 1350.911 1350.69 1350.469 1350.248 1350.027 1350.255 1350.55 1350.845 1351.139 1351.382 1351.531 1351.679 1351.827 1351.975 1352.307 1352.676 1353.044 1353.412 1353.711 1353.859 1354.007 1354.155 1354.303 1354.627 1354.996 1355.364 1355.733 1356.06 1356.281 1356.502 1356.724 1356.945 1357.166 1357.387 1357.609 1357.83 1358.051 1358.272 1358.493 1358.714 1358.934 1359.102 1359.25 1359.398 1359.545 1359.693 1359.841 1359.989 1360.137 1360.285 1360.433 1360.58 1360.728 1360.876 1361.062 1361.43 1361.798 1362.167 1362.535 1362.855
1350.76 1350.907 1351.055 1351.078 1350.904 1350.731 1350.558 1350.385 1350.577 1350.824 1351.071 1351.318 1351.536 1351.699 1351.863 1352.027 1352.19 1352.516 1352.874 1353.233 1353.591 1353.892 1354.072 1354.252 1354.431 1354.611 1354.912 1355.243 1355.575 1355.906 1356.207 1356.428 1356.65 1356.871 1357.092 1357.326 1357.563 1357.801 1358.038 1358.271 1358.493 1358.714 1358.935 1359.157 1359.332 1359.49 1359.649 1359.807 1359.964 1360.117 1360.27 1360.423 1360.576 1360.736 1360.9 1361.063 1361.227 1361.422 1361.77 1362.117 1362.465 1362.812 1363.118
1350.906 1351.054 1351.202 1351.243 1351.119 1350.995 1350.87 1350.746 1350.902 1351.1 1351.299 1351.497 1351.689 1351.868 1352.048 1352.228 1352.408 1352.728 1353.075 1353.422 1353.77 1354.074 1354.286 1354.499 1354.711 1354.923 1355.2 1355.494 1355.787 1356.081 1356.354 1356.575 1356.797 1357.018 1357.239 1357.485 1357.739 1357.992 1358.246 1358.492 1358.713 1358.935 1359.156 1359.377 1359.561 1359.73 1359.899 1360.068 1360.235 1360.393 1360.551 1360.71 1360.868 1361.041 1361.221 1361.401 1361.581 1361.786 1362.112 1362.437 1362.763 1363.089 1363.381
1351.053 1351.201 1351.349 1351.409 1351.334 1351.258 1351.182 1351.107 1351.227 1351.376 1351.526 1351.675 1351.841 1352.037 1352.234 1352.43 1352.626 1352.939 1353.276 1353.612 1353.949 1354.256 1354.501 1354.745 1354.99 1355.235 1355.488 1355.744 1355.999 1356.255 1356.501 1356.722 1356.943 1357.165 1357.386 1357.645 1357.914 1358.184 1358.454 1358.712 1358.934 1359.155 1359.376 1359.598 1359.789 1359.969 1360.149 1360.329 1360.505 1360.669 1360.833 1360.996 1361.16 1361.346 1361.542 1361.739 1361.935 1362.149 1362.454 1362.758 1363.062 1363.366 1363.643
1351.2 1351.348 1351.495 1351.575 1351.548 1351.521 1351.495 1351.468 1351.552 1351.653 1351.753 1351.854 1351.994 1352.206 1352.419 1352.631 1352.844 1353.15 1353.476 1353.802 1354.127 1354.438 1354.715 1354.992 1355.269 1355.547 1355.776 1355.994 1356.212 1356.429 1356.648 1356.869 1357.09 1357.312 1357.533 1357.804 1358.09 1358.376 1358.662 1358.933 1359.154 1359.375 1359.597 1359.818 1360.017 1360.208 1360.399 1360.59 1360.776 1360.945 1361.114 1361.283 1361.452 1361.651 1361.864 1362.076 1362.289 1362.513 1362.796 1363.078 1363.36 1363.643 1363.905
1351.341 1351.491 1351.641 1351.738 1351.753 1351.768 1351.782 1351.797 1351.863 1351.937 1352.01 1352.084 1352.208 1352.422 1352.636 1352.85 1353.064 1353.358 1353.668 1353.978 1354.288 1354.593 1354.888 1355.183 1355.478 1355.773 1355.992 1356.191 1356.39 1356.589 1356.797 1357.029 1357.26 1357.491 1357.722 1358.002 1358.297 1358.592 1358.887 1359.164 1359.382 1359.601 1359.82 1360.039 1360.244 1360.443 1360.642 1360.841 1361.036 1361.216 1361.395 1361.575 1361.754 1361.961 1362.18 1362.399 1362.618 1362.845 1363.11 1363.376 1363.642 1363.907 1364.16
1351.474 1351.629 1351.785 1351.898 1351.945 1351.992 1352.039 1352.087 1352.157 1352.231 1352.304 1352.378 1352.496 1352.693 1352.891 1353.089 1353.287 1353.56 1353.848 1354.137 1354.425 1354.715 1355.01 1355.306 1355.601 1355.896 1356.119 1356.323 1356.528 1356.732 1356.951 1357.203 1357.456 1357.709 1357.962 1358.247 1358.542 1358.837 1359.132 1359.407 1359.621 1359.834 1360.048 1360.261 1360.468 1360.673 1360.877 1361.082 1361.285 1361.48 1361.676 1361.872 1362.068 1362.276 1362.489 1362.703 1362.916 1363.137 1363.391 1363.646 1363.901 1364.156 1364.405
1351.607 1351.767 1351.928 1352.058 1352.137 1352.217 1352.297 1352.376 1352.451 1352.525 1352.598 1352.672 1352.784 1352.965 1353.147 1353.328 1353.51 1353.762 1354.029 1354.296 1354.562 1354.838 1355.133 1355.428 1355.723 1356.018 1356.245 1356.456 1356.666 1356.875 1357.104 1357.378 1357.652 1357.927 1358.201 1358.492 1358.787 1359.082 1359.377 1359.651 1359.859 1360.067 1360.275 1360.483 1360.693 1360.903 1361.113 1361.323 1361.533 1361.745 1361.957 1362.169 1362.381 1362.59 1362.798 1363.006 1363.214 1363.429 1363.673 1363.917 1364.161 1364.405 1364.65
1351.739 1351.906 1352.072 1352.217 1352.329 1352.442 1352.554 1352.666 1352.745 1352.818 1352.892 1352.966 1353.072 1353.237 1353.403 1353.568 1353.733 1353.965 1354.21 1354.455 1354.699 1354.96 1355.255 1355.551 1355.846 1356.141 1356.372 1356.588 1356.803 1357.019 1357.257 1357.553 1357.849 1358.145 1358.441 1358.737 1359.032 1359.327 1359.622 1359.894 1360.097 1360.3 1360.502 1360.705 1360.917 1361.132 1361.348 1361.563 1361.781 1362.01 1362.238 1362.466 1362.694 1362.905 1363.108 1363.31 1363.513 1363.721 1363.954 1364.187 1364.42 1364.653 1364.895
1351.872 1352.044 1352.216 1352.377 1352.521 1352.666 1352.811 1352.956 1353.039 1353.112 1353.186 1353.26 1353.36 1353.509 1353.658 1353.807 1353.956 1354.167 1354.39 1354.614 1354.837 1355.083 1355.378 1355.673 1355.968 1356.263 1356.499 1356.72 1356.941 1357.162 1357.41 1357.728 1358.045 1358.363 1358.681 1358.981 1359.277 1359.572 1359.867 1360.138 1360.335 1360.532 1360.73 1360.927 1361.141 1361.362 1361.583 1361.804 1362.03 1362.274 1362.519 1362.763 1363.008 1363.22 1363.417 1363.614 1363.811 1364.013 1364.235 1364.457 1364.68 1364.902 1365.14
1352.031 1352.198 1352.365 1352.531 1352.693 1352.855 1353.018 1353.18 1353.253 1353.312 1353.37 1353.429 1353.525 1353.687 1353.85 1354.012 1354.174 1354.386 1354.607 1354.829 1355.05 1355.295 1355.59 1355.885 1356.18 1356.475 1356.7 1356.906 1357.113 1357.319 1357.56 1357.89 1358.219 1358.549 1358.878 1359.159 1359.424 1359.69 1359.955 1360.212 1360.444 1360.675 1360.907 1361.138 1361.362 1361.583 1361.805 1362.026 1362.252 1362.493 1362.734 1362.974 1363.215 1363.429 1363.631 1363.833 1364.034 1364.24 1364.461 1364.682 1364.904 1365.125 1365.359
1352.192 1352.354 1352.516 1352.684 1352.863 1353.041 1353.22 1353.399 1353.459 1353.502 1353.544 1353.587 1353.677 1353.856 1354.035 1354.214 1354.392 1354.606 1354.828 1355.049 1355.271 1355.515 1355.81 1356.105 1356.401 1356.696 1356.907 1357.097 1357.287 1357.478 1357.71 1358.05 1358.391 1358.731 1359.072 1359.33 1359.563 1359.796 1360.029 1360.271 1360.54 1360.809 1361.079 1361.348 1361.583 1361.804 1362.025 1362.247 1362.471 1362.706 1362.942 1363.177 1363.413 1363.629 1363.836 1364.043 1364.25 1364.46 1364.681 1364.903 1365.124 1365.345 1365.576
1352.353 1352.51 1352.666 1352.837 1353.032 1353.227 1353.422 1353.617 1353.665 1353.692 1353.718 1353.744 1353.83 1354.025 1354.22 1354.415 1354.61 1354.827 1355.048 1355.27 1355.491 1355.736 1356.031 1356.326 1356.621 1356.916 1357.115 1357.288 1357.462 1357.636 1357.86 1358.211 1358.563 1358.914 1359.265 1359.501 1359.702 1359.902 1360.102 1360.329 1360.636 1360.944 1361.251 1361.558 1361.803 1362.024 1362.246 1362.467 1362.69 1362.92 1363.151 1363.381 1363.611 1363.829 1364.041 1364.254 1364.466 1364.68 1364.902 1365.123 1365.344 1365.566 1365.793
1352.514 1352.665 1352.816 1352.99 1353.202 1353.413 1353.624 1353.835 1353.871 1353.882 1353.892 1353.902 1353.983 1354.194 1354.405 1354.616 1354.828 1355.047 1355.269 1355.49 1355.711 1355.956 1356.251 1356.546 1356.841 1357.137 1357.322 1357.48 1357.637 1357.795 1358.01 1358.372 1358.734 1359.096 1359.458 1359.672 1359.84 1360.008 1360.176 1360.387 1360.733 1361.078 1361.423 1361.768 1362.023 1362.245 1362.466 1362.688 1362.91 1363.134 1363.359 1363.584 1363.808 1364.028 1364.246 1364.464 1364.682 1364.901 1365.122 1365.344 1365.565 1365.786 1366.01
1352.692 1352.842 1352.992 1353.171 1353.399 1353.626 1353.854 1354.081 1354.116 1354.122 1354.128 1354.135 1354.21 1354.413 1354.616 1354.819 1355.022 1355.244 1355.469 1355.694 1355.92 1356.166 1356.457 1356.748 1357.039 1357.33 1357.511 1357.665 1357.819 1357.973 1358.185 1358.55 1358.915 1359.28 1359.645 1359.845 1359.995 1360.145 1360.294 1360.496 1360.861 1361.226 1361.591 1361.956 1362.219 1362.445 1362.67 1362.896 1363.12 1363.344 1363.567 1363.791 1364.014 1364.236 1364.457 1364.679 1364.9 1365.121 1365.34 1365.56 1365.779 1365.998 1366.22
1352.899 1353.054 1353.209 1353.398 1353.642 1353.886 1354.129 1354.373 1354.424 1354.447 1354.469 1354.491 1354.56 1354.714 1354.869 1355.023 1355.177 1355.4 1355.636 1355.872 1356.108 1356.359 1356.639 1356.919 1357.199 1357.479 1357.671 1357.841 1358.011 1358.181 1358.403 1358.757 1359.111 1359.465 1359.819 1360.021 1360.176 1360.331 1360.486 1360.69 1361.044 1361.398 1361.752 1362.106 1362.374 1362.61 1362.847 1363.083 1363.318 1363.546 1363.775 1364.004 1364.233 1364.456 1364.678 1364.899 1365.12 1365.34 1365.554 1365.768 1365.982 1366.196 1366.42
