data/zism_data/01018_02_D.txt
ncols         224
nrows         224
[rows 196 to 223 of 224, columns 63 to 125 of 224]
1416.126 1415.384 1414.482 1413.525 1412.568 1411.611 1410.764 1410.438 1410.113 1409.787 1409.461 1408.723 1407.716 1406.709 1405.703 1404.686 1403.398 1402.11 1400.823 1399.535 1396.946 1392.873 1388.8 1384.727 1380.654 1373.231 1365.426 1357.622 1349.818 1342.177 1334.87 1327.562 1320.255 1312.948 1309.837 1308.059 1306.281 1304.503 1302.513 1299.622 1296.731 1293.841 1290.95 1288.095 1285.262 1282.429 1279.596 1276.647 1271.525 1266.402 1261.28 1256.158 1249.479 1241.126 1232.772 1224.419 1216.065 1212.272 1208.916 1205.56 1202.204 1201.251 1204.899
1409.591 1409.282 1408.79 1408.236 1407.681 1407.127 1406.68 1406.742 1406.804 1406.865 1406.927 1406.488 1405.723 1404.958 1404.192 1403.424 1402.577 1401.729 1400.882 1400.035 1397.86 1394.172 1390.484 1386.797 1383.109 1375.146 1366.696 1358.246 1349.797 1341.332 1332.836 1324.341 1315.845 1307.349 1303.443 1300.993 1298.543 1296.093 1293.533 1290.505 1287.476 1284.448 1281.42 1278.549 1275.776 1273.002 1270.228 1267.317 1261.857 1256.397 1250.937 1245.477 1239.102 1231.742 1224.383 1217.023 1209.664 1207.218 1205.244 1203.27 1201.297 1201.251 1204.899
1399.523 1400.211 1400.351 1400.303 1400.255 1400.206 1400.192 1400.339 1400.486 1400.633 1400.781 1400.33 1399.49 1398.65 1397.81 1396.982 1396.476 1395.97 1395.464 1394.957 1393.286 1390.286 1387.285 1384.285 1381.285 1373.895 1366.005 1358.115 1350.225 1342.22 1333.98 1325.74 1317.5 1309.26 1305.084 1302.197 1299.31 1296.422 1293.523 1290.569 1287.615 1284.662 1281.708 1278.466 1275.047 1271.628 1268.21 1264.642 1258.302 1251.963 1245.623 1239.284 1232.938 1226.586 1220.234 1213.882 1207.53 1205.581 1204.055 1202.529 1201.003 1201.251 1204.899
1389.456 1391.14 1391.911 1392.37 1392.828 1393.286 1393.704 1393.937 1394.169 1394.401 1394.634 1394.171 1393.257 1392.342 1391.428 1390.541 1390.375 1390.21 1390.045 1389.88 1388.712 1386.399 1384.086 1381.774 1379.461 1372.643 1365.313 1357.983 1350.652 1343.107 1335.123 1327.14 1319.156 1311.172 1306.725 1303.401 1300.076 1296.752 1293.512 1290.633 1287.754 1284.875 1281.996 1278.382 1274.319 1270.255 1266.191 1261.967 1254.748 1247.529 1240.31 1233.091 1226.775 1221.43 1216.085 1210.74 1205.396 1203.944 1202.865 1201.787 1200.708 1201.251 1204.899
1379.388 1382.069 1383.472 1384.436 1385.401 1386.365 1387.217 1387.534 1387.852 1388.169 1388.487 1388.013 1387.024 1386.035 1385.045 1384.099 1384.275 1384.451 1384.627 1384.803 1384.137 1382.512 1380.887 1379.262 1377.637 1371.392 1364.622 1357.851 1351.08 1343.995 1336.267 1328.539 1320.811 1313.083 1308.366 1304.604 1300.843 1297.082 1293.502 1290.698 1287.893 1285.089 1282.285 1278.299 1273.59 1268.882 1264.173 1259.292 1251.193 1243.095 1234.996 1226.898 1220.611 1216.274 1211.937 1207.599 1203.262 1202.306 1201.676 1201.045 1200.414 1201.251 1204.899
1369.32 1372.998 1375.032 1376.503 1377.974 1379.445 1380.729 1381.131 1381.534 1381.937 1382.34 1381.854 1380.791 1379.727 1378.663 1377.657 1378.174 1378.691 1379.208 1379.725 1379.563 1378.626 1377.688 1376.75 1375.813 1370.141 1363.93 1357.719 1351.508 1344.883 1337.411 1329.938 1322.466 1314.994 1310.007 1305.808 1301.61 1297.412 1293.492 1290.762 1288.033 1285.303 1282.573 1278.215 1272.862 1267.509 1262.155 1256.616 1247.638 1238.661 1229.683 1220.705 1214.448 1211.118 1207.788 1204.458 1201.128 1200.669 1200.486 1200.303 1200.12 1201.251 1204.899
1358.802 1362.711 1364.877 1366.444 1368.012 1369.579 1370.899 1371.05 1371.2 1371.351 1371.502 1370.855 1369.688 1368.521 1367.355 1366.256 1366.95 1367.645 1368.339 1369.033 1369.276 1369.004 1368.732 1368.46 1368.188 1363.418 1358.135 1352.853 1347.57 1341.706 1334.654 1327.601 1320.548 1313.496 1308.529 1304.225 1299.92 1295.616 1291.662 1289.205 1286.749 1284.292 1281.836 1277.927 1273.129 1268.331 1263.533 1258.484 1248.765 1239.047 1229.328 1219.609 1213.036 1209.847 1206.658 1203.469 1200.279 1200.0 1200.0 1200.0 1200.0 1201.365 1205.343
1347.974 1351.584 1353.535 1354.916 1356.296 1357.677 1358.758 1358.424 1358.09 1357.756 1357.422 1356.509 1355.219 1353.93 1352.641 1351.426 1352.184 1352.943 1353.701 1354.459 1355.04 1355.418 1355.797 1356.175 1356.553 1352.911 1348.812 1344.713 1340.614 1335.72 1329.2 1322.68 1316.161 1309.641 1304.896 1300.714 1296.532 1292.35 1288.574 1286.528 1284.482 1282.435 1280.389 1277.496 1274.084 1270.672 1267.26 1263.493 1253.129 1242.766 1232.402 1222.038 1214.91 1211.262 1207.615 1203.967 1200.32 1200.0 1200.0 1200.0 1200.0 1201.557 1206.095
1337.145 1340.457 1342.192 1343.387 1344.581 1345.776 1346.617 1345.798 1344.979 1344.16 1343.341 1342.162 1340.75 1339.338 1337.926 1336.596 1337.418 1338.24 1339.063 1339.885 1340.804 1341.832 1342.861 1343.889 1344.918 1342.405 1339.489 1336.573 1333.657 1329.733 1323.746 1317.76 1311.773 1305.786 1301.263 1297.203 1293.144 1289.085 1285.486 1283.85 1282.214 1280.578 1278.943 1277.065 1275.039 1273.013 1270.986 1268.501 1257.493 1246.484 1235.476 1224.467 1216.784 1212.678 1208.572 1204.466 1200.36 1200.0 1200.0 1200.0 1200.0 1201.749 1206.846
1326.316 1329.33 1330.85 1331.858 1332.866 1333.874 1334.477 1333.172 1331.868 1330.564 1329.26 1327.816 1326.281 1324.747 1323.212 1321.766 1322.652 1323.538 1324.425 1325.311 1326.568 1328.246 1329.925 1331.604 1333.283 1331.899 1330.166 1328.434 1326.701 1323.746 1318.293 1312.839 1307.385 1301.932 1297.629 1293.693 1289.756 1285.819 1282.397 1281.172 1279.947 1278.722 1277.496 1276.634 1275.994 1275.353 1274.713 1273.51 1261.856 1250.203 1238.55 1226.896 1218.658 1214.093 1209.529 1204.964 1200.4 1200.0 1200.0 1200.0 1200.0 1201.941 1207.598
1315.763 1318.481 1319.798 1320.634 1321.471 1322.307 1322.687 1320.914 1319.142 1317.369 1315.597 1313.896 1312.242 1310.587 1308.933 1307.373 1308.306 1309.239 1310.172 1311.105 1312.672 1314.963 1317.253 1319.544 1321.835 1321.541 1320.953 1320.366 1319.778 1317.766 1312.842 1307.918 1302.995 1298.071 1294.006 1290.214 1286.421 1282.629 1279.395 1278.546 1277.696 1276.847 1275.998 1276.096 1276.775 1277.453 1278.132 1278.15 1265.907 1253.665 1241.422 1229.179 1220.427 1215.43 1210.432 1205.435 1200.438 1200.0 1200.0 1200.0 1200.0 1202.131 1208.344
1314.375 1316.879 1318.388 1319.555 1320.722 1321.888 1322.556 1320.875 1319.193 1317.511 1315.829 1314.151 1312.475 1310.8 1309.124 1307.524 1307.924 1308.324 1308.724 1309.123 1310.098 1311.728 1313.357 1314.987 1316.617 1316.131 1315.405 1314.679 1313.952 1311.989 1307.497 1303.005 1298.513 1294.021 1290.716 1287.787 1284.858 1281.929 1279.248 1277.626 1276.004 1274.381 1272.759 1272.002 1271.775 1271.547 1271.319 1270.542 1259.563 1248.583 1237.604 1226.625 1218.728 1214.146 1209.564 1204.983 1200.401 1200.0 1200.0 1200.0 1200.0 1202.272 1208.895
1312.986 1315.277 1316.978 1318.475 1319.972 1321.47 1322.426 1320.835 1319.244 1317.652 1316.061 1314.406 1312.709 1311.012 1309.315 1307.675 1307.542 1307.409 1307.275 1307.142 1307.524 1308.493 1309.461 1310.43 1311.399 1310.722 1309.857 1308.992 1308.127 1306.212 1302.152 1298.092 1294.031 1289.971 1287.425 1285.36 1283.294 1281.229 1279.101 1276.706 1274.311 1271.916 1269.52 1267.908 1266.774 1265.641 1264.507 1262.935 1253.219 1243.502 1233.786 1224.07 1217.028 1212.862 1208.696 1204.531 1200.365 1200.0 1200.0 1200.0 1200.0 1202.413 1209.446
1311.598 1313.676 1315.567 1317.395 1319.223 1321.051 1322.296 1320.795 1319.295 1317.794 1316.293 1314.661 1312.943 1311.224 1309.506 1307.826 1307.16 1306.494 1305.827 1305.161 1304.95 1305.258 1305.566 1305.873 1306.181 1305.312 1304.308 1303.305 1302.301 1300.435 1296.807 1293.178 1289.55 1285.921 1284.135 1282.933 1281.731 1280.529 1278.954 1275.786 1272.618 1269.45 1266.282 1263.814 1261.774 1259.734 1257.694 1255.327 1246.874 1238.421 1229.968 1221.516 1215.328 1211.578 1207.828 1204.078 1200.328 1200.0 1200.0 1200.0 1200.0 1202.554 1209.997
1310.209 1312.074 1314.157 1316.316 1318.474 1320.632 1322.165 1320.755 1319.345 1317.935 1316.525 1314.916 1313.176 1311.437 1309.697 1307.977 1306.778 1305.578 1304.379 1303.18 1302.376 1302.023 1301.67 1301.317 1300.963 1299.902 1298.76 1297.617 1296.475 1294.658 1291.462 1288.265 1285.068 1281.871 1280.844 1280.506 1280.168 1279.829 1278.807 1274.866 1270.925 1266.984 1263.043 1259.719 1256.774 1253.828 1250.882 1247.719 1240.53 1233.34 1226.151 1218.961 1213.629 1210.295 1206.96 1203.626 1200.292 1200.0 1200.0 1200.0 1200.0 1202.694 1210.549
1314.269 1316.139 1318.427 1320.859 1323.291 1325.722 1327.455 1325.896 1324.338 1322.779 1321.221 1319.455 1317.555 1315.654 1313.754 1311.859 1310.094 1308.329 1306.565 1304.8 1303.306 1302.12 1300.934 1299.748 1298.562 1296.79 1294.952 1293.113 1291.275 1288.856 1285.252 1281.648 1278.044 1274.44 1273.615 1273.672 1273.729 1273.786 1273.049 1268.925 1264.802 1260.678 1256.554 1252.885 1249.494 1246.102 1242.711 1239.194 1233.345 1227.496 1221.647 1215.797 1211.42 1208.626 1205.833 1203.039 1200.245 1200.0 1200.0 1200.0 1200.0 1202.717 1210.635
1324.542 1326.668 1329.177 1331.816 1334.456 1337.095 1338.925 1336.946 1334.966 1332.987 1331.007 1328.882 1326.661 1324.441 1322.221 1319.996 1317.629 1315.262 1312.895 1310.528 1308.232 1306.017 1303.803 1301.588 1299.374 1296.3 1293.129 1289.958 1286.787 1283.025 1278.057 1273.088 1268.12 1263.151 1261.892 1261.811 1261.729 1261.647 1260.892 1257.258 1253.625 1249.991 1246.358 1242.925 1239.613 1236.302 1232.99 1229.623 1225.202 1220.781 1216.36 1211.94 1208.631 1206.52 1204.408 1202.297 1200.185 1200.0 1200.0 1200.0 1200.0 1202.603 1210.191
1334.815 1337.198 1339.926 1342.773 1345.62 1348.468 1350.396 1347.995 1345.594 1343.194 1340.793 1338.308 1335.768 1333.228 1330.688 1328.133 1325.163 1322.194 1319.225 1316.255 1313.158 1309.915 1306.672 1303.429 1300.185 1295.81 1291.307 1286.803 1282.299 1277.195 1270.862 1264.529 1258.196 1251.863 1250.17 1249.949 1249.729 1249.509 1248.734 1245.591 1242.448 1239.305 1236.162 1232.964 1229.733 1226.502 1223.27 1220.051 1217.059 1214.066 1211.074 1208.082 1205.842 1204.413 1202.984 1201.555 1200.125 1200.0 1200.0 1200.0 1200.0 1202.49 1209.747
1345.089 1347.727 1350.675 1353.73 1356.786 1359.841 1361.866 1359.045 1356.223 1353.401 1350.58 1347.735 1344.875 1342.015 1339.155 1336.27 1332.698 1329.126 1325.555 1321.983 1318.085 1313.813 1309.541 1305.269 1300.997 1295.321 1289.484 1283.648 1277.812 1271.364 1263.666 1255.969 1248.271 1240.574 1238.447 1238.088 1237.729 1237.37 1236.576 1233.924 1231.271 1228.619 1225.966 1223.004 1219.853 1216.701 1213.55 1210.48 1208.916 1207.352 1205.788 1204.224 1203.054 1202.307 1201.559 1200.813 1200.065 1200.0 1200.0 1200.0 1200.0 1202.376 1209.303
1355.362 1358.256 1361.425 1364.688 1367.95 1371.213 1373.337 1370.094 1366.851 1363.609 1360.366 1357.161 1353.982 1350.802 1347.622 1344.406 1340.233 1336.059 1331.885 1327.711 1323.011 1317.71 1312.41 1307.109 1301.809 1294.831 1287.662 1280.493 1273.324 1265.533 1256.471 1247.409 1238.347 1229.285 1226.725 1226.227 1225.729 1225.232 1224.418 1222.256 1220.094 1217.932 1215.77 1213.044 1209.972 1206.901 1203.829 1200.908 1200.773 1200.637 1200.502 1200.366 1200.265 1200.2 1200.135 1200.07 1200.006 1200.0 1200.0 1200.0 1200.0 1202.263 1208.86
1363.006 1365.335 1367.753 1370.201 1372.649 1375.097 1376.632 1373.865 1371.099 1368.332 1365.566 1362.931 1360.382 1357.833 1355.284 1352.665 1348.183 1343.701 1339.219 1334.737 1329.381 1323.027 1316.674 1310.321 1303.967 1296.383 1288.658 1280.933 1273.208 1264.829 1255.112 1245.395 1235.677 1225.96 1223.228 1222.712 1222.197 1221.681 1221.094 1220.199 1219.304 1218.409 1217.514 1215.65 1213.194 1210.738 1208.282 1205.905 1204.978 1204.052 1203.126 1202.2 1201.538 1201.162 1200.786 1200.409 1200.033 1200.0 1200.0 1200.0 1200.0 1201.935 1207.573
1370.374 1372.053 1373.618 1375.144 1376.67 1378.196 1379.07 1376.874 1374.677 1372.481 1370.285 1368.318 1366.499 1364.68 1362.861 1360.935 1356.176 1351.417 1346.658 1341.899 1335.902 1328.494 1321.085 1313.676 1306.267 1298.149 1289.95 1281.75 1273.551 1264.662 1254.364 1244.066 1233.768 1223.469 1220.593 1220.072 1219.552 1219.031 1218.695 1219.148 1219.602 1220.055 1220.509 1219.574 1217.79 1216.005 1214.221 1212.428 1210.478 1208.529 1206.579 1204.63 1203.238 1202.446 1201.654 1200.861 1200.069 1200.0 1200.0 1200.0 1200.0 1201.583 1206.199
1377.742 1378.771 1379.483 1380.087 1380.691 1381.295 1381.508 1379.882 1378.256 1376.63 1375.004 1373.704 1372.615 1371.527 1370.438 1369.206 1364.17 1359.133 1354.097 1349.061 1342.423 1333.959 1325.495 1317.031 1308.567 1299.915 1291.241 1282.568 1273.894 1264.496 1253.617 1242.738 1231.858 1220.979 1217.959 1217.432 1216.906 1216.38 1216.296 1218.098 1219.9 1221.702 1223.504 1223.498 1222.385 1221.272 1220.159 1218.951 1215.979 1213.006 1210.033 1207.06 1204.937 1203.729 1202.521 1201.314 1200.106 1200.0 1200.0 1200.0 1200.0 1201.232 1204.825
1385.109 1385.488 1385.348 1385.03 1384.712 1384.393 1383.946 1382.89 1381.835 1380.779 1379.724 1379.09 1378.732 1378.374 1378.016 1377.476 1372.163 1366.85 1361.536 1356.223 1348.945 1339.425 1329.906 1320.386 1310.867 1301.681 1292.533 1283.385 1274.237 1264.329 1252.869 1241.409 1229.949 1218.489 1215.324 1214.793 1214.261 1213.729 1213.897 1217.047 1220.198 1223.349 1226.499 1227.421 1226.98 1226.539 1226.098 1225.475 1221.479 1217.482 1213.486 1209.49 1206.637 1205.013 1203.389 1201.766 1200.142 1200.0 1200.0 1200.0 1200.0 1200.881 1203.45
1389.553 1389.394 1388.622 1387.64 1386.657 1385.675 1384.738 1384.017 1383.296 1382.575 1381.854 1381.625 1381.717 1381.81 1381.902 1381.782 1376.076 1370.371 1364.665 1358.959 1351.207 1341.121 1331.034 1320.947 1310.861 1301.546 1292.318 1283.091 1273.863 1263.941 1252.596 1241.252 1229.907 1218.563 1215.719 1215.574 1215.428 1215.282 1215.938 1220.015 1224.092 1228.169 1232.245 1233.683 1233.505 1233.328 1233.15 1232.72 1227.594 1222.469 1217.343 1212.217 1208.553 1206.461 1204.368 1202.276 1200.183 1200.0 1200.0 1200.0 1200.0 1200.602 1202.356
1388.395 1387.917 1386.937 1385.784 1384.631 1383.478 1382.38 1381.541 1380.703 1379.864 1379.026 1378.699 1378.706 1378.713 1378.72 1378.496 1372.177 1365.859 1359.54 1353.221 1345.314 1335.595 1325.876 1316.158 1306.439 1297.769 1289.219 1280.668 1272.118 1263.126 1253.231 1243.337 1233.442 1223.548 1221.915 1222.905 1223.895 1224.885 1226.482 1230.677 1234.871 1239.065 1243.259 1244.42 1243.725 1243.031 1242.336 1241.347 1234.889 1228.431 1221.973 1215.514 1210.885 1208.222 1205.559 1202.896 1200.233 1200.0 1200.0 1200.0 1200.0 1200.459 1201.797
1387.238 1386.44 1385.251 1383.927 1382.604 1381.28 1380.021 1379.065 1378.109 1377.154 1376.198 1375.774 1375.695 1375.617 1375.538 1375.21 1368.278 1361.346 1354.415 1347.483 1339.421 1330.07 1320.719 1311.368 1302.017 1293.993 1286.12 1278.246 1270.373 1262.312 1253.867 1245.422 1236.977 1228.532 1228.111 1230.237 1232.362 1234.487 1237.027 1241.338 1245.649 1249.961 1254.272 1255.157 1253.945 1252.734 1251.522 1249.974 1242.184 1234.393 1226.602 1218.811 1213.216 1209.983 1206.75 1203.516 1200.283 1200.0 1200.0 1200.0 1200.0 1200.317 1201.239
1386.081 1384.963 1383.565 1382.071 1380.577 1379.083 1377.662 1376.589 1375.516 1374.443 1373.37 1372.848 1372.684 1372.52 1372.357 1371.923 1364.379 1356.834 1349.289 1341.745 1333.528 1324.545 1315.562 1306.579 1297.596 1290.217 1283.02 1275.824 1268.627 1261.497 1254.502 1247.507 1240.512 1233.517 1234.307 1237.568 1240.828 1244.089 1247.571 1252.0 1256.428 1260.857 1265.285 1265.894 1264.165 1262.437 1260.708 1258.602 1249.478 1240.355 1231.231 1222.108 1215.547 1211.744 1207.94 1204.137 1200.333 1200.0 1200.0 1200.0 1200.0 1200.174 1200.681
