data/zism_data/01028_04_D.txt
ncols         224
nrows         224
[rows 112 to 139 of 224, columns 0 to 62 of 224]
4779.024 4778.621 4778.216 4777.813 4770.711 4763.306 4755.9 4748.495 4741.973 4736.705 4731.438 4726.17 4720.903 4723.028 4726.263 4729.498 4732.733 4737.589 4745.798 4754.006 4762.215 4770.423 4779.041 4787.772 4796.504 4805.235 4813.09 4818.158 4823.225 4828.292 4833.359 4834.832 4834.732 4834.632 4834.532 4834.056 4831.488 4828.919 4826.351 4823.783 4821.341 4818.98 4816.619 4814.258 4811.878 4809.22 4806.563 4803.905 4801.247 4798.811 4796.577 4794.344 4792.11 4789.876 4784.713 4779.484 4774.255 4769.026 4762.57 4754.519 4746.468 4738.417 4730.366
4785.851 4785.425 4784.999 4784.574 4777.518 4770.161 4762.804 4755.447 4748.947 4743.663 4738.379 4733.096 4727.812 4730.053 4733.422 4736.792 4740.162 4745.118 4753.353 4761.589 4769.824 4778.06 4786.974 4796.078 4805.181 4814.284 4822.494 4827.857 4833.221 4838.585 4843.948 4845.451 4845.265 4845.079 4844.892 4844.187 4840.588 4836.991 4833.393 4829.794 4826.11 4822.369 4818.628 4814.887 4811.169 4807.784 4804.398 4801.013 4797.627 4794.514 4791.649 4788.785 4785.921 4783.057 4777.605 4772.096 4766.586 4761.078 4754.62 4746.93 4739.24 4731.55 4723.86
4792.676 4792.229 4791.782 4791.334 4784.325 4777.017 4769.708 4762.399 4755.921 4750.621 4745.321 4740.021 4734.722 4737.078 4740.582 4744.086 4747.59 4752.646 4760.909 4769.171 4777.433 4785.696 4794.907 4804.383 4813.858 4823.333 4831.896 4837.557 4843.217 4848.877 4854.538 4856.07 4855.798 4855.525 4855.252 4854.317 4849.689 4845.062 4840.434 4835.807 4830.878 4825.758 4820.637 4815.516 4810.46 4806.347 4802.234 4798.121 4794.007 4790.216 4786.722 4783.227 4779.732 4776.237 4770.497 4764.708 4758.918 4753.128 4746.669 4739.341 4732.012 4724.684 4717.355
4799.502 4799.033 4798.564 4798.096 4791.131 4783.872 4776.611 4769.352 4762.895 4757.579 4752.263 4746.947 4741.631 4744.102 4747.741 4751.38 4755.019 4760.174 4768.464 4776.753 4785.042 4793.332 4802.84 4812.688 4822.535 4832.382 4841.299 4847.256 4853.213 4859.17 4865.126 4866.689 4866.331 4865.972 4865.613 4864.448 4858.791 4853.133 4847.476 4841.818 4835.647 4829.146 4822.646 4816.145 4809.751 4804.911 4800.069 4795.228 4790.387 4785.919 4781.794 4777.668 4773.542 4769.417 4763.389 4757.319 4751.25 4745.18 4738.719 4731.752 4724.784 4717.817 4710.849
4806.495 4805.974 4805.454 4804.934 4797.978 4790.729 4783.48 4776.232 4769.783 4764.47 4759.158 4753.845 4748.532 4751.111 4754.874 4758.637 4762.4 4767.648 4775.965 4784.282 4792.6 4800.917 4810.699 4820.888 4831.078 4841.267 4850.506 4856.721 4862.937 4869.152 4875.368 4876.958 4876.526 4876.093 4875.66 4874.282 4867.632 4860.982 4854.333 4847.684 4840.28 4832.393 4824.504 4816.616 4808.878 4803.288 4797.698 4792.108 4786.518 4781.367 4776.618 4771.87 4767.121 4762.373 4756.086 4749.765 4743.445 4737.125 4730.68 4724.075 4717.469 4710.864 4704.258
4816.194 4815.135 4814.075 4813.016 4805.469 4797.627 4789.786 4781.944 4775.279 4770.284 4765.29 4760.294 4755.3 4757.874 4761.583 4765.292 4769.001 4774.227 4782.587 4790.947 4799.308 4807.668 4817.346 4827.389 4837.433 4847.477 4856.52 4862.379 4868.239 4874.099 4879.958 4881.531 4881.228 4880.924 4880.621 4879.294 4872.262 4865.229 4858.197 4851.165 4842.699 4833.313 4823.926 4814.539 4805.329 4798.644 4791.959 4785.275 4778.59 4772.657 4767.413 4762.168 4756.924 4751.679 4745.609 4739.52 4733.431 4727.343 4721.193 4714.965 4708.737 4702.509 4696.281
4825.894 4824.295 4822.696 4821.098 4812.96 4804.526 4796.091 4787.657 4780.774 4776.098 4771.421 4766.745 4762.068 4764.636 4768.292 4771.946 4775.602 4780.805 4789.208 4797.612 4806.016 4814.419 4823.992 4833.89 4843.789 4853.687 4862.534 4868.038 4873.542 4879.045 4884.549 4886.104 4885.93 4885.756 4885.582 4884.306 4876.891 4869.476 4862.061 4854.646 4845.119 4834.233 4823.347 4812.462 4801.779 4794.0 4786.221 4778.442 4770.663 4763.948 4758.207 4752.467 4746.727 4740.986 4735.131 4729.274 4723.417 4717.561 4711.707 4705.856 4700.005 4694.155 4688.304
4835.593 4833.455 4831.317 4829.18 4820.452 4811.424 4802.396 4793.369 4786.27 4781.912 4777.553 4773.194 4768.836 4771.399 4775.0 4778.601 4782.203 4787.384 4795.83 4804.277 4812.724 4821.17 4830.639 4840.391 4850.144 4859.896 4868.548 4873.696 4878.844 4883.992 4889.14 4890.676 4890.631 4890.587 4890.542 4889.318 4881.521 4873.723 4865.925 4858.127 4847.538 4835.153 4822.769 4810.385 4798.229 4789.356 4780.483 4771.609 4762.736 4755.238 4749.002 4742.766 4736.529 4730.292 4724.654 4719.029 4713.404 4707.779 4702.22 4696.747 4691.273 4685.8 4680.327
4845.292 4842.615 4839.938 4837.262 4827.943 4818.323 4808.702 4799.082 4791.766 4787.725 4783.685 4779.644 4775.604 4778.162 4781.709 4785.256 4788.803 4793.962 4802.452 4810.942 4819.431 4827.921 4837.285 4846.892 4856.5 4866.106 4874.562 4879.354 4884.146 4888.939 4893.731 4895.249 4895.333 4895.418 4895.503 4894.33 4886.15 4877.969 4869.789 4861.608 4849.957 4836.074 4822.19 4808.308 4794.68 4784.712 4774.745 4764.776 4754.809 4746.529 4739.796 4733.064 4726.332 4719.599 4714.177 4708.783 4703.39 4697.997 4692.733 4687.637 4682.541 4677.445 4672.35
4854.439 4851.741 4849.042 4846.344 4836.92 4827.19 4817.46 4807.73 4800.456 4796.672 4792.888 4789.104 4785.319 4787.475 4790.521 4793.567 4796.613 4801.116 4808.631 4816.146 4823.66 4831.175 4839.707 4848.521 4857.336 4866.15 4873.969 4878.619 4883.27 4887.919 4892.57 4894.212 4894.539 4894.866 4895.192 4894.164 4885.581 4876.998 4868.415 4859.832 4847.472 4832.684 4817.895 4803.107 4788.583 4777.85 4767.117 4756.384 4745.651 4736.905 4729.98 4723.055 4716.131 4709.206 4703.916 4698.661 4693.407 4688.153 4683.08 4678.243 4673.407 4668.57 4663.733
4863.079 4860.833 4858.588 4856.342 4847.258 4837.862 4828.466 4819.071 4812.076 4808.491 4804.906 4801.321 4797.736 4799.125 4801.261 4803.396 4805.531 4808.797 4814.404 4820.01 4825.616 4831.222 4838.255 4845.684 4853.113 4860.542 4867.319 4872.023 4876.728 4881.432 4886.136 4888.035 4888.707 4889.378 4890.05 4889.25 4880.246 4871.243 4862.239 4853.235 4840.491 4825.342 4810.192 4795.043 4780.151 4768.955 4757.758 4746.561 4735.364 4726.441 4719.603 4712.765 4705.926 4699.088 4693.852 4688.651 4683.451 4678.251 4673.274 4668.588 4663.903 4659.217 4654.532
4871.719 4869.926 4868.134 4866.341 4857.596 4848.535 4839.473 4830.412 4823.695 4820.31 4816.924 4813.539 4810.154 4810.776 4812.0 4813.224 4814.448 4816.479 4820.176 4823.874 4827.572 4831.27 4836.803 4842.847 4848.89 4854.934 4860.67 4865.428 4870.186 4874.944 4879.702 4881.857 4882.874 4883.891 4884.908 4884.335 4874.912 4865.488 4856.063 4846.64 4833.511 4818.0 4802.489 4786.979 4771.719 4760.059 4748.399 4736.738 4725.078 4715.979 4709.226 4702.474 4695.722 4688.97 4683.789 4678.642 4673.496 4668.349 4663.469 4658.934 4654.399 4649.864 4645.33
4880.359 4879.019 4877.68 4876.34 4867.934 4859.207 4850.479 4841.752 4835.314 4832.128 4828.942 4825.757 4822.571 4822.427 4822.74 4823.053 4823.366 4824.16 4825.949 4827.738 4829.528 4831.317 4835.351 4840.009 4844.667 4849.325 4854.02 4858.832 4863.644 4868.456 4873.268 4875.68 4877.042 4878.403 4879.765 4879.421 4869.577 4859.732 4849.888 4840.043 4826.53 4810.659 4794.787 4778.915 4763.288 4751.164 4739.04 4726.916 4714.792 4705.516 4698.849 4692.184 4685.518 4678.852 4673.725 4668.632 4663.54 4658.447 4653.663 4649.279 4644.896 4640.512 4636.128
4888.999 4888.112 4887.225 4886.338 4878.271 4869.879 4861.486 4853.093 4846.933 4843.947 4840.96 4837.974 4834.988 4834.078 4833.48 4832.881 4832.283 4831.841 4831.722 4831.603 4831.483 4831.364 4833.899 4837.172 4840.444 4843.717 4847.371 4852.236 4857.102 4861.968 4866.834 4869.502 4871.209 4872.916 4874.623 4874.508 4864.243 4853.978 4843.713 4833.448 4819.55 4803.317 4787.084 4770.851 4754.856 4742.268 4729.681 4717.093 4704.505 4695.053 4688.473 4681.893 4675.313 4668.733 4663.662 4658.623 4653.584 4648.546 4643.857 4639.625 4635.392 4631.159 4626.926
4893.797 4894.712 4895.628 4896.543 4889.947 4883.009 4876.072 4869.134 4863.696 4860.388 4857.081 4853.773 4850.466 4848.255 4846.209 4844.164 4842.117 4840.043 4837.909 4835.775 4833.641 4831.507 4832.034 4833.299 4834.564 4835.83 4837.794 4841.98 4846.167 4850.354 4854.541 4857.109 4858.97 4860.83 4862.691 4862.715 4852.508 4842.3 4832.093 4821.885 4808.605 4793.35 4778.094 4762.839 4747.784 4735.593 4723.403 4711.212 4699.022 4689.413 4682.17 4674.928 4667.685 4660.442 4654.983 4649.563 4644.142 4638.722 4633.893 4629.832 4625.771 4621.71 4617.65
4898.539 4901.276 4904.014 4906.751 4901.642 4896.176 4890.71 4885.245 4880.534 4876.898 4873.261 4869.625 4865.989 4862.469 4858.968 4855.466 4851.965 4848.252 4844.102 4839.952 4835.802 4831.652 4830.162 4829.411 4828.661 4827.91 4828.175 4831.671 4835.167 4838.664 4842.161 4844.624 4846.636 4848.647 4850.659 4850.821 4840.678 4830.536 4820.393 4810.25 4797.603 4783.345 4769.086 4754.828 4740.732 4728.951 4717.17 4705.389 4693.609 4683.844 4675.928 4668.011 4660.095 4652.179 4646.324 4640.516 4634.707 4628.899 4623.925 4620.037 4616.149 4612.261 4608.373
4903.28 4907.84 4912.4 4916.959 4913.337 4909.343 4905.349 4901.354 4897.373 4893.407 4889.442 4885.477 4881.512 4876.684 4871.727 4866.77 4861.813 4856.461 4850.295 4844.128 4837.962 4831.796 4828.29 4825.523 4822.756 4819.989 4818.555 4821.361 4824.168 4826.975 4829.781 4832.14 4834.302 4836.464 4838.627 4838.927 4828.849 4818.771 4808.693 4798.615 4786.6 4773.339 4760.078 4746.817 4733.68 4722.309 4710.938 4699.566 4688.196 4678.275 4669.685 4661.095 4652.505 4643.915 4637.666 4631.469 4625.272 4619.076 4613.958 4610.242 4606.526 4602.811 4599.095
4908.022 4914.404 4920.786 4927.168 4925.032 4922.51 4919.987 4917.465 4914.21 4909.917 4905.623 4901.329 4897.034 4890.898 4884.485 4878.073 4871.66 4864.67 4856.488 4848.306 4840.123 4831.94 4826.418 4821.635 4816.852 4812.069 4808.936 4811.052 4813.168 4815.285 4817.401 4819.655 4821.968 4824.282 4826.595 4827.033 4817.02 4807.006 4796.993 4786.979 4775.597 4763.333 4751.07 4738.807 4726.628 4715.667 4704.705 4693.744 4682.783 4672.707 4663.442 4654.179 4644.915 4635.65 4629.007 4622.422 4615.838 4609.253 4603.991 4600.447 4596.904 4593.361 4589.818
4910.979 4919.093 4927.208 4935.322 4934.825 4933.937 4933.048 4932.16 4929.658 4924.863 4920.068 4915.273 4910.478 4902.899 4894.902 4886.906 4878.909 4870.304 4860.442 4850.581 4840.718 4830.856 4823.875 4817.693 4811.511 4805.329 4800.937 4802.24 4803.542 4804.846 4806.148 4808.092 4810.317 4812.542 4814.767 4815.176 4805.475 4795.773 4786.072 4776.37 4765.641 4754.251 4742.861 4731.472 4720.133 4709.523 4698.914 4688.304 4677.694 4667.542 4657.807 4648.072 4638.338 4628.603 4621.532 4614.521 4607.509 4600.497 4594.918 4591.201 4587.484 4583.767 4580.05
4911.747 4921.484 4931.222 4940.959 4942.286 4943.23 4944.175 4945.119 4943.399 4937.893 4932.386 4926.879 4921.373 4912.187 4902.449 4892.711 4882.973 4872.782 4861.653 4850.524 4839.395 4828.266 4820.507 4813.683 4806.86 4800.037 4794.926 4795.263 4795.601 4795.939 4796.277 4797.661 4799.503 4801.345 4803.187 4803.365 4794.279 4785.191 4776.104 4767.018 4756.969 4746.302 4735.634 4724.967 4714.322 4703.993 4693.663 4683.333 4673.004 4662.87 4652.914 4642.959 4633.003 4623.048 4615.508 4608.021 4600.536 4593.05 4586.942 4582.626 4578.311 4573.996 4569.681
4912.516 4923.875 4935.235 4946.596 4949.746 4952.524 4955.301 4958.079 4957.141 4950.922 4944.704 4938.486 4932.268 4921.475 4909.996 4898.517 4887.037 4875.259 4862.863 4850.467 4838.071 4825.675 4817.139 4809.674 4802.209 4794.744 4788.914 4788.287 4787.66 4787.033 4786.405 4787.229 4788.688 4790.147 4791.607 4791.555 4783.083 4774.61 4766.138 4757.665 4748.296 4738.352 4728.407 4718.462 4708.511 4698.461 4688.413 4678.363 4668.314 4658.199 4648.022 4637.846 4627.669 4617.492 4609.483 4601.523 4593.563 4585.602 4578.966 4574.052 4569.138 4564.225 4559.311
4913.284 4926.267 4939.25 4952.232 4957.207 4961.817 4966.428 4971.038 4970.882 4963.952 4957.022 4950.093 4943.163 4930.763 4917.542 4904.322 4891.101 4877.736 4864.074 4850.411 4836.748 4823.085 4813.771 4805.665 4797.558 4789.451 4782.903 4781.311 4779.718 4778.126 4776.534 4776.798 4777.875 4778.951 4780.027 4779.744 4771.886 4764.028 4756.17 4748.313 4739.624 4730.402 4721.18 4711.958 4702.7 4692.931 4683.162 4673.393 4663.624 4653.527 4643.129 4632.732 4622.334 4611.937 4603.459 4595.024 4586.589 4578.154 4570.99 4565.478 4559.965 4554.453 4548.941
4914.053 4928.658 4943.264 4957.869 4964.667 4971.111 4977.554 4983.998 4984.623 4976.982 4969.341 4961.699 4954.058 4940.05 4925.089 4910.127 4895.165 4880.213 4865.284 4850.354 4835.424 4820.495 4810.403 4801.655 4792.907 4784.159 4776.891 4774.334 4771.777 4769.219 4766.662 4766.366 4767.06 4767.753 4768.447 4767.933 4760.69 4753.446 4746.203 4738.96 4730.952 4722.452 4713.952 4705.453 4696.888 4687.399 4677.911 4668.422 4658.934 4648.856 4638.237 4627.619 4617.0 4606.381 4597.435 4588.525 4579.616 4570.707 4563.014 4556.903 4550.793 4544.682 4538.572
4910.148 4924.781 4939.414 4954.048 4961.866 4969.375 4976.883 4984.392 4985.653 4978.039 4970.424 4962.81 4955.195 4940.807 4925.403 4910.0 4894.595 4879.217 4863.893 4848.567 4833.242 4817.916 4807.336 4798.075 4788.813 4779.552 4771.705 4768.36 4765.015 4761.669 4758.325 4757.567 4757.942 4758.317 4758.692 4757.986 4751.259 4744.532 4737.805 4731.078 4723.471 4715.3 4707.129 4698.958 4690.675 4680.792 4670.91 4661.027 4651.145 4640.763 4629.923 4619.083 4608.244 4597.404 4588.379 4579.394 4570.409 4561.423 4553.819 4548.011 4542.203 4536.395 4530.586
4905.798 4920.307 4934.816 4949.326 4958.087 4966.588 4975.088 4983.589 4985.473 4977.956 4970.438 4962.92 4955.403 4940.75 4925.029 4909.307 4893.585 4877.891 4862.253 4846.615 4830.977 4815.339 4804.299 4794.536 4784.772 4775.01 4766.597 4762.481 4758.365 4754.249 4750.133 4748.924 4748.986 4749.048 4749.11 4748.216 4741.996 4735.775 4729.555 4723.335 4716.104 4708.224 4700.344 4692.464 4684.423 4674.083 4663.742 4653.401 4643.061 4632.344 4621.283 4610.223 4599.162 4588.101 4579.034 4570.011 4560.988 4551.965 4544.509 4539.089 4533.669 4528.249 4522.829
4901.448 4915.833 4930.218 4944.604 4954.309 4963.801 4973.294 4982.786 4985.292 4977.872 4970.452 4963.031 4955.61 4940.694 4924.655 4908.615 4892.575 4876.564 4860.614 4844.663 4828.712 4812.761 4801.261 4790.997 4780.732 4770.468 4761.489 4756.603 4751.716 4746.829 4741.942 4740.28 4740.03 4739.779 4739.528 4738.447 4732.733 4727.02 4721.306 4715.592 4708.737 4701.148 4693.559 4685.97 4678.172 4667.373 4656.574 4645.775 4634.976 4623.925 4612.643 4601.361 4590.08 4578.798 4569.689 4560.628 4551.568 4542.507 4535.198 4530.167 4525.135 4520.103 4515.071
4897.098 4911.359 4925.62 4939.882 4950.53 4961.015 4971.499 4981.983 4985.112 4977.789 4970.465 4963.142 4955.818 4940.638 4924.28 4907.922 4891.564 4875.237 4858.974 4842.71 4826.447 4810.184 4798.223 4787.458 4776.691 4765.926 4756.382 4750.724 4745.066 4739.408 4733.75 4731.637 4731.073 4730.51 4729.947 4728.677 4723.47 4718.263 4713.057 4707.85 4701.37 4694.072 4686.774 4679.476 4671.92 4660.663 4649.406 4638.148 4626.892 4615.506 4604.003 4592.5 4580.998 4569.495 4560.344 4551.246 4542.147 4533.049 4525.888 4521.244 4516.601 4511.957 4507.313
4893.308 4907.204 4921.099 4934.995 4946.06 4956.995 4967.932 4978.867 4982.266 4974.952 4967.638 4960.324 4953.01 4937.819 4921.448 4905.077 4888.706 4872.308 4855.856 4839.404 4822.952 4806.5 4794.067 4782.752 4771.436 4760.12 4750.019 4743.786 4737.552 4731.318 4725.084 4722.557 4721.65 4720.744 4719.837 4718.318 4713.385 4708.451 4703.517 4698.583 4692.309 4685.172 4678.035 4670.898 4663.481 4652.043 4640.607 4629.169 4617.732 4606.262 4594.759 4583.257 4571.754 4560.251 4551.394 4542.595 4533.796 4524.998 4518.23 4514.105 4509.979 4505.854 4501.729
