data/zism_data/01025_04_D.txt
ncols         224
nrows         224
[rows 84 to 111 of 224, columns 0 to 62 of 224]
1450.0 1450.0 1450.0 1450.0 1450.0 1450.0 1450.0 1450.0 1450.0 1450.0 1450.146 1450.352 1450.558 1450.764 1450.972 1451.186 1451.4 1451.614 1451.827 1452.002 1452.157 1452.312 1452.467 1452.622 1452.777 1452.932 1453.087 1453.243 1453.383 1453.516 1453.648 1453.781 1453.893 1453.849 1453.805 1453.76 1453.716 1453.589 1453.404 1453.22 1453.036 1452.849 1452.635 1452.421 1452.206 1451.992 1451.753 1451.495 1451.237 1450.979 1450.725 1450.555 1450.386 1450.216 1450.047 1449.854 1449.64 1449.426 1449.212 1449.0 1449.0 1449.0 1449.0
1449.999 1450.0 1450.0 1450.0 1450.0 1450.0 1450.0 1450.0 1450.0 1450.0 1450.144 1450.348 1450.552 1450.756 1450.963 1451.184 1451.406 1451.627 1451.848 1452.032 1452.197 1452.362 1452.527 1452.692 1452.857 1453.021 1453.186 1453.351 1453.511 1453.667 1453.823 1453.98 1454.111 1454.057 1454.001 1453.947 1453.891 1453.754 1453.56 1453.366 1453.172 1452.977 1452.766 1452.554 1452.343 1452.132 1451.891 1451.626 1451.361 1451.097 1450.835 1450.649 1450.462 1450.275 1450.089 1449.884 1449.662 1449.441 1449.22 1449.0 1449.0 1449.0 1449.0
1449.998 1450.0 1450.0 1450.0 1450.0 1450.0 1450.0 1450.0 1450.0 1450.0 1450.121 1450.292 1450.464 1450.635 1450.816 1451.038 1451.259 1451.48 1451.702 1451.907 1452.104 1452.302 1452.499 1452.696 1452.894 1453.091 1453.289 1453.486 1453.668 1453.84 1454.012 1454.185 1454.33 1454.264 1454.198 1454.133 1454.067 1453.928 1453.739 1453.551 1453.363 1453.17 1452.932 1452.694 1452.455 1452.217 1451.97 1451.716 1451.462 1451.208 1450.956 1450.742 1450.529 1450.315 1450.101 1449.884 1449.662 1449.441 1449.22 1449.0 1449.0 1449.0 1449.0
1449.996 1450.0 1450.0 1450.0 1450.0 1450.0 1450.0 1450.0 1450.0 1450.0 1450.098 1450.237 1450.376 1450.515 1450.67 1450.891 1451.113 1451.334 1451.555 1451.782 1452.012 1452.242 1452.472 1452.701 1452.931 1453.161 1453.391 1453.621 1453.824 1454.013 1454.202 1454.39 1454.548 1454.472 1454.395 1454.319 1454.242 1454.102 1453.919 1453.736 1453.553 1453.363 1453.098 1452.833 1452.568 1452.302 1452.049 1451.806 1451.563 1451.32 1451.077 1450.836 1450.596 1450.355 1450.114 1449.884 1449.662 1449.441 1449.22 1449.0 1449.0 1449.0 1449.0
1449.995 1450.0 1450.0 1450.0 1450.0 1450.0 1450.0 1450.0 1450.0 1450.0 1450.075 1450.182 1450.289 1450.395 1450.523 1450.745 1450.966 1451.187 1451.409 1451.657 1451.92 1452.182 1452.444 1452.706 1452.969 1453.231 1453.493 1453.755 1453.981 1454.186 1454.391 1454.596 1454.767 1454.68 1454.592 1454.505 1454.417 1454.276 1454.099 1453.921 1453.743 1453.557 1453.264 1452.972 1452.68 1452.387 1452.129 1451.896 1451.664 1451.432 1451.198 1450.93 1450.662 1450.395 1450.127 1449.884 1449.662 1449.441 1449.22 1449.0 1449.0 1449.0 1449.0
1449.994 1450.0 1450.0 1450.0 1450.0 1450.0 1450.0 1450.0 1450.0 1450.0 1450.052 1450.127 1450.201 1450.275 1450.377 1450.598 1450.82 1451.041 1451.262 1451.533 1451.827 1452.122 1452.417 1452.711 1453.006 1453.3 1453.595 1453.89 1454.138 1454.359 1454.58 1454.801 1454.985 1454.887 1454.789 1454.691 1454.593 1454.45 1454.278 1454.106 1453.934 1453.75 1453.43 1453.111 1452.792 1452.472 1452.208 1451.987 1451.765 1451.544 1451.319 1451.024 1450.729 1450.435 1450.14 1449.884 1449.662 1449.441 1449.22 1449.0 1449.0 1449.0 1449.0
1449.847 1449.879 1449.911 1449.943 1449.975 1450.0 1450.0 1450.0 1450.0 1450.0 1450.052 1450.126 1450.2 1450.273 1450.381 1450.634 1450.887 1451.141 1451.394 1451.686 1451.997 1452.308 1452.619 1452.923 1453.186 1453.449 1453.712 1453.976 1454.233 1454.486 1454.739 1454.992 1455.208 1455.131 1455.054 1454.976 1454.899 1454.75 1454.551 1454.352 1454.153 1453.944 1453.614 1453.283 1452.953 1452.623 1452.336 1452.082 1451.829 1451.576 1451.32 1451.009 1450.698 1450.387 1450.076 1449.845 1449.688 1449.53 1449.373 1449.217 1449.217 1449.217 1449.217
1449.697 1449.757 1449.821 1449.886 1449.95 1450.0 1450.0 1450.0 1450.0 1450.0 1450.052 1450.126 1450.2 1450.273 1450.387 1450.672 1450.958 1451.244 1451.53 1451.843 1452.171 1452.498 1452.825 1453.138 1453.369 1453.599 1453.83 1454.061 1454.326 1454.612 1454.898 1455.183 1455.43 1455.375 1455.319 1455.264 1455.208 1455.051 1454.825 1454.599 1454.374 1454.139 1453.797 1453.456 1453.115 1452.774 1452.464 1452.178 1451.892 1451.607 1451.319 1450.992 1450.665 1450.337 1450.01 1449.806 1449.713 1449.621 1449.528 1449.436 1449.436 1449.436 1449.436
1449.548 1449.634 1449.731 1449.828 1449.925 1450.0 1450.0 1450.0 1450.0 1450.0 1450.052 1450.126 1450.2 1450.273 1450.393 1450.711 1451.029 1451.347 1451.665 1452.0 1452.344 1452.688 1453.031 1453.353 1453.551 1453.749 1453.948 1454.146 1454.42 1454.738 1455.056 1455.375 1455.652 1455.618 1455.584 1455.551 1455.517 1455.352 1455.099 1454.847 1454.594 1454.333 1453.981 1453.629 1453.277 1452.925 1452.592 1452.274 1451.956 1451.638 1451.319 1450.975 1450.631 1450.288 1449.944 1449.767 1449.739 1449.711 1449.684 1449.656 1449.656 1449.656 1449.656
1449.399 1449.512 1449.641 1449.77 1449.9 1450.0 1450.0 1450.0 1450.0 1450.0 1450.052 1450.126 1450.2 1450.273 1450.399 1450.75 1451.1 1451.451 1451.801 1452.158 1452.518 1452.877 1453.237 1453.568 1453.733 1453.899 1454.065 1454.231 1454.514 1454.865 1455.215 1455.566 1455.874 1455.862 1455.85 1455.838 1455.826 1455.653 1455.374 1455.094 1454.814 1454.527 1454.165 1453.802 1453.439 1453.076 1452.72 1452.37 1452.019 1451.669 1451.318 1450.958 1450.598 1450.239 1449.879 1449.728 1449.765 1449.802 1449.839 1449.876 1449.876 1449.876 1449.876
1449.283 1449.4 1449.534 1449.667 1449.801 1449.908 1449.922 1449.936 1449.95 1449.964 1450.025 1450.106 1450.187 1450.268 1450.402 1450.771 1451.14 1451.509 1451.878 1452.247 1452.616 1452.985 1453.354 1453.692 1453.861 1454.03 1454.198 1454.367 1454.649 1454.997 1455.345 1455.692 1456.002 1456.016 1456.03 1456.044 1456.058 1455.9 1455.626 1455.352 1455.078 1454.797 1454.428 1454.059 1453.69 1453.321 1452.96 1452.605 1452.251 1451.896 1451.541 1451.176 1450.812 1450.448 1450.084 1449.943 1450.005 1450.068 1450.13 1450.191 1450.189 1450.186 1450.184
1449.211 1449.303 1449.404 1449.505 1449.606 1449.695 1449.742 1449.788 1449.835 1449.881 1449.963 1450.06 1450.157 1450.255 1450.402 1450.771 1451.14 1451.509 1451.878 1452.247 1452.616 1452.985 1453.354 1453.699 1453.917 1454.134 1454.352 1454.569 1454.838 1455.137 1455.436 1455.735 1456.005 1456.052 1456.098 1456.145 1456.191 1456.076 1455.85 1455.625 1455.4 1455.163 1454.794 1454.425 1454.056 1453.687 1453.345 1453.022 1452.7 1452.377 1452.054 1451.7 1451.347 1450.994 1450.64 1450.491 1450.526 1450.561 1450.596 1450.63 1450.623 1450.615 1450.607
1449.139 1449.206 1449.274 1449.343 1449.412 1449.483 1449.562 1449.641 1449.719 1449.798 1449.901 1450.015 1450.128 1450.241 1450.402 1450.771 1451.14 1451.509 1451.878 1452.247 1452.616 1452.985 1453.354 1453.707 1453.973 1454.239 1454.505 1454.771 1455.027 1455.277 1455.528 1455.778 1456.009 1456.088 1456.167 1456.246 1456.325 1456.251 1456.074 1455.898 1455.721 1455.529 1455.16 1454.791 1454.422 1454.054 1453.729 1453.439 1453.149 1452.859 1452.567 1452.224 1451.882 1451.539 1451.197 1451.038 1451.046 1451.054 1451.062 1451.07 1451.057 1451.044 1451.03
1449.068 1449.109 1449.145 1449.181 1449.217 1449.27 1449.381 1449.493 1449.604 1449.716 1449.84 1449.969 1450.099 1450.228 1450.402 1450.771 1451.14 1451.509 1451.878 1452.247 1452.616 1452.985 1453.354 1453.714 1454.029 1454.343 1454.658 1454.973 1455.216 1455.418 1455.62 1455.821 1456.013 1456.124 1456.236 1456.347 1456.458 1456.427 1456.299 1456.171 1456.042 1455.895 1455.526 1455.158 1454.789 1454.42 1454.113 1453.856 1453.598 1453.341 1453.08 1452.748 1452.417 1452.085 1451.753 1451.585 1451.566 1451.547 1451.528 1451.509 1451.491 1451.472 1451.454
1448.996 1449.011 1449.015 1449.019 1449.023 1449.057 1449.201 1449.345 1449.489 1449.633 1449.778 1449.924 1450.069 1450.215 1450.402 1450.771 1451.14 1451.509 1451.878 1452.247 1452.616 1452.985 1453.354 1453.722 1454.085 1454.448 1454.811 1455.175 1455.405 1455.558 1455.711 1455.865 1456.017 1456.16 1456.304 1456.448 1456.592 1456.602 1456.523 1456.443 1456.364 1456.262 1455.893 1455.524 1455.155 1454.786 1454.498 1454.273 1454.048 1453.823 1453.593 1453.272 1452.951 1452.63 1452.309 1452.133 1452.087 1452.041 1451.995 1451.949 1451.925 1451.901 1451.877
1448.99 1449.0 1449.0 1449.0 1449.0 1449.033 1449.18 1449.328 1449.476 1449.623 1449.784 1449.951 1450.118 1450.284 1450.485 1450.835 1451.185 1451.534 1451.884 1452.247 1452.616 1452.985 1453.354 1453.722 1454.091 1454.46 1454.829 1455.198 1455.454 1455.645 1455.835 1456.026 1456.213 1456.375 1456.537 1456.699 1456.86 1456.899 1456.854 1456.808 1456.763 1456.696 1456.37 1456.044 1455.718 1455.392 1455.128 1454.911 1454.695 1454.478 1454.26 1453.997 1453.735 1453.473 1453.21 1453.042 1452.96 1452.877 1452.794 1452.712 1452.61 1452.509 1452.408
1448.993 1449.0 1449.0 1449.0 1449.0 1449.033 1449.18 1449.328 1449.476 1449.623 1449.799 1449.988 1450.176 1450.364 1450.579 1450.907 1451.235 1451.563 1451.891 1452.247 1452.616 1452.985 1453.354 1453.722 1454.091 1454.46 1454.829 1455.198 1455.485 1455.724 1455.963 1456.202 1456.435 1456.613 1456.791 1456.969 1457.147 1457.211 1457.198 1457.186 1457.173 1457.139 1456.862 1456.585 1456.308 1456.03 1455.79 1455.579 1455.368 1455.157 1454.946 1454.749 1454.551 1454.354 1454.156 1453.999 1453.879 1453.758 1453.638 1453.517 1453.329 1453.142 1452.954
1448.995 1449.0 1449.0 1449.0 1449.0 1449.033 1449.18 1449.328 1449.476 1449.623 1449.815 1450.025 1450.234 1450.444 1450.672 1450.979 1451.285 1451.592 1451.899 1452.247 1452.616 1452.985 1453.354 1453.722 1454.091 1454.46 1454.829 1455.198 1455.516 1455.803 1456.091 1456.379 1456.656 1456.85 1457.045 1457.239 1457.433 1457.523 1457.543 1457.563 1457.583 1457.583 1457.354 1457.125 1456.897 1456.668 1456.453 1456.247 1456.041 1455.835 1455.633 1455.5 1455.367 1455.235 1455.102 1454.956 1454.797 1454.639 1454.481 1454.322 1454.048 1453.774 1453.5
1448.998 1449.0 1449.0 1449.0 1449.0 1449.033 1449.18 1449.328 1449.476 1449.623 1449.83 1450.061 1450.293 1450.524 1450.766 1451.051 1451.336 1451.621 1451.906 1452.247 1452.616 1452.985 1453.354 1453.722 1454.091 1454.46 1454.829 1455.198 1455.546 1455.883 1456.219 1456.556 1456.878 1457.088 1457.299 1457.509 1457.72 1457.836 1457.888 1457.94 1457.992 1458.026 1457.846 1457.666 1457.486 1457.306 1457.115 1456.914 1456.714 1456.514 1456.319 1456.251 1456.183 1456.116 1456.048 1455.913 1455.717 1455.52 1455.324 1455.127 1454.766 1454.406 1454.046
1449.0 1449.0 1449.0 1449.0 1449.0 1449.031 1449.167 1449.304 1449.441 1449.578 1449.794 1450.043 1450.293 1450.542 1450.797 1451.075 1451.353 1451.63 1451.908 1452.247 1452.616 1452.985 1453.354 1453.722 1454.091 1454.46 1454.829 1455.198 1455.567 1455.936 1456.305 1456.674 1457.027 1457.259 1457.491 1457.723 1457.955 1458.103 1458.193 1458.283 1458.373 1458.445 1458.308 1458.171 1458.034 1457.898 1457.735 1457.553 1457.371 1457.188 1457.013 1456.99 1456.967 1456.944 1456.922 1456.795 1456.573 1456.352 1456.131 1455.908 1455.477 1455.046 1454.616
1449.0 1449.0 1449.0 1449.0 1449.0 1449.023 1449.128 1449.232 1449.336 1449.441 1449.655 1449.915 1450.176 1450.436 1450.703 1451.003 1451.302 1451.602 1451.901 1452.247 1452.616 1452.985 1453.354 1453.722 1454.091 1454.46 1454.829 1455.198 1455.567 1455.936 1456.305 1456.674 1457.03 1457.295 1457.56 1457.824 1458.089 1458.278 1458.417 1458.555 1458.694 1458.813 1458.709 1458.605 1458.5 1458.396 1458.272 1458.133 1457.994 1457.855 1457.721 1457.704 1457.686 1457.669 1457.652 1457.527 1457.306 1457.084 1456.863 1456.64 1456.172 1455.703 1455.234
1449.0 1449.0 1449.0 1449.0 1449.0 1449.016 1449.088 1449.16 1449.232 1449.304 1449.516 1449.787 1450.058 1450.329 1450.61 1450.931 1451.252 1451.573 1451.894 1452.247 1452.616 1452.985 1453.354 1453.722 1454.091 1454.46 1454.829 1455.198 1455.567 1455.936 1456.305 1456.674 1457.034 1457.331 1457.628 1457.925 1458.222 1458.454 1458.641 1458.828 1459.016 1459.182 1459.11 1459.038 1458.967 1458.895 1458.809 1458.713 1458.618 1458.522 1458.429 1458.417 1458.406 1458.394 1458.381 1458.26 1458.038 1457.817 1457.596 1457.372 1456.866 1456.359 1455.853
1449.0 1449.0 1449.0 1449.0 1449.0 1449.009 1449.048 1449.088 1449.127 1449.167 1449.377 1449.659 1449.941 1450.223 1450.516 1450.859 1451.201 1451.544 1451.887 1452.247 1452.616 1452.985 1453.354 1453.722 1454.091 1454.46 1454.829 1455.198 1455.567 1455.936 1456.305 1456.674 1457.038 1457.367 1457.697 1458.026 1458.356 1458.629 1458.865 1459.101 1459.337 1459.551 1459.512 1459.472 1459.433 1459.393 1459.346 1459.294 1459.241 1459.188 1459.138 1459.131 1459.125 1459.118 1459.111 1458.992 1458.771 1458.549 1458.328 1458.104 1457.56 1457.016 1456.472
1449.0 1449.0 1449.0 1449.0 1449.0 1449.002 1449.009 1449.016 1449.023 1449.03 1449.238 1449.531 1449.824 1450.117 1450.423 1450.787 1451.151 1451.515 1451.88 1452.247 1452.616 1452.985 1453.354 1453.722 1454.091 1454.46 1454.829 1455.198 1455.567 1455.936 1456.305 1456.674 1457.042 1457.403 1457.765 1458.127 1458.489 1458.805 1459.089 1459.374 1459.658 1459.92 1459.913 1459.906 1459.899 1459.892 1459.883 1459.874 1459.865 1459.855 1459.846 1459.845 1459.844 1459.843 1459.841 1459.724 1459.503 1459.282 1459.061 1458.837 1458.255 1457.673 1457.091
1449.172 1449.163 1449.15 1449.137 1449.125 1449.115 1449.115 1449.115 1449.115 1449.115 1449.296 1449.553 1449.81 1450.067 1450.336 1450.654 1450.972 1451.29 1451.608 1451.96 1452.329 1452.698 1453.067 1453.437 1453.814 1454.192 1454.569 1454.947 1455.337 1455.736 1456.134 1456.533 1456.933 1457.344 1457.755 1458.166 1458.577 1458.955 1459.309 1459.663 1460.018 1460.348 1460.399 1460.449 1460.5 1460.551 1460.583 1460.6 1460.617 1460.633 1460.649 1460.623 1460.598 1460.573 1460.547 1460.403 1460.152 1459.901 1459.65 1459.397 1458.794 1458.191 1457.588
1449.392 1449.37 1449.341 1449.313 1449.284 1449.261 1449.261 1449.261 1449.261 1449.261 1449.408 1449.616 1449.825 1450.033 1450.25 1450.503 1450.757 1451.01 1451.263 1451.594 1451.963 1452.332 1452.701 1453.072 1453.461 1453.849 1454.237 1454.625 1455.044 1455.48 1455.916 1456.353 1456.792 1457.258 1457.723 1458.188 1458.653 1459.098 1459.527 1459.958 1460.387 1460.793 1460.908 1461.024 1461.139 1461.255 1461.327 1461.366 1461.404 1461.443 1461.477 1461.42 1461.362 1461.304 1461.246 1461.067 1460.778 1460.49 1460.201 1459.91 1459.29 1458.671 1458.052
1449.611 1449.578 1449.533 1449.488 1449.443 1449.408 1449.408 1449.408 1449.408 1449.408 1449.52 1449.68 1449.84 1450.0 1450.165 1450.353 1450.542 1450.73 1450.919 1451.228 1451.597 1451.965 1452.334 1452.708 1453.107 1453.506 1453.905 1454.304 1454.75 1455.224 1455.699 1456.173 1456.652 1457.171 1457.691 1458.21 1458.729 1459.24 1459.746 1460.252 1460.757 1461.237 1461.418 1461.598 1461.779 1461.959 1462.072 1462.132 1462.192 1462.252 1462.306 1462.216 1462.126 1462.035 1461.945 1461.731 1461.404 1461.078 1460.751 1460.422 1459.787 1459.151 1458.516
1449.831 1449.786 1449.724 1449.663 1449.602 1449.554 1449.554 1449.554 1449.554 1449.554 1449.632 1449.744 1449.855 1449.966 1450.079 1450.203 1450.327 1450.45 1450.574 1450.861 1451.23 1451.599 1451.968 1452.343 1452.753 1453.163 1453.573 1453.982 1454.457 1454.969 1455.481 1455.993 1456.512 1457.085 1457.658 1458.232 1458.805 1459.383 1459.964 1460.546 1461.127 1461.682 1461.927 1462.172 1462.418 1462.663 1462.817 1462.898 1462.98 1463.062 1463.135 1463.012 1462.89 1462.767 1462.644 1462.395 1462.03 1461.666 1461.301 1460.935 1460.283 1459.632 1458.98
