data/zism_data/01027_03_D.txt
ncols         224
nrows         224
[rows 196 to 223 of 224, columns 63 to 125 of 224]
998.1963 998.3039 998.4116 998.5192 998.6269 999.2084 999.933 1000.658 1001.382 1001.88 1001.629 1001.378 1001.126 1000.875 1000.642 1000.416 1000.191 999.9653 1000.3 1003.586 1006.872 1010.158 1013.444 1021.66 1032.857 1044.054 1055.251 1066.457 1077.75 1089.044 1100.338 1111.632 1120.566 1127.574 1134.583 1141.591 1148.638 1158.321 1168.004 1177.688 1187.37 1196.706 1205.662 1214.618 1223.574 1232.53 1240.798 1249.024 1257.25 1265.476 1272.724 1278.542 1284.359 1290.176 1295.993 1298.899 1301.367 1303.835 1306.304 1309.604 1314.569 1319.533 1324.498
998.105 998.1534 998.2018 998.2503 998.2988 998.6846 999.1724 999.66 1000.148 1000.495 1000.379 1000.262 1000.145 1000.028 999.9519 999.8933 999.8347 999.7762 1000.265 1003.637 1007.009 1010.381 1013.753 1022.397 1034.23 1046.062 1057.894 1069.782 1082.249 1094.716 1107.184 1119.651 1129.31 1136.679 1144.049 1151.418 1158.831 1169.257 1179.683 1190.109 1200.535 1210.564 1220.161 1229.757 1239.354 1248.95 1257.433 1265.847 1274.261 1282.676 1290.034 1295.846 1301.658 1307.47 1313.282 1316.074 1318.413 1320.752 1323.091 1326.248 1331.041 1335.833 1340.625
998.0137 998.0029 997.9922 997.9814 997.9706 998.1608 998.4117 998.6626 998.9135 999.1103 999.1281 999.1459 999.1636 999.1815 999.2622 999.3705 999.4788 999.587 1000.229 1003.688 1007.146 1010.604 1014.062 1023.135 1035.603 1048.07 1060.537 1073.107 1086.748 1100.388 1114.029 1127.67 1138.055 1145.785 1153.515 1161.244 1169.024 1180.192 1191.361 1202.53 1213.699 1224.422 1234.659 1244.896 1255.133 1265.371 1274.068 1282.671 1291.273 1299.876 1307.344 1313.15 1318.957 1324.763 1330.57 1333.249 1335.459 1337.669 1339.879 1342.892 1347.512 1352.132 1356.753
997.825 997.8046 997.7843 997.7639 997.7435 997.902 998.1146 998.327 998.5396 998.7352 998.8751 999.0151 999.155 999.295 999.7936 1000.449 1001.105 1001.76 1003.084 1007.935 1012.786 1017.637 1022.488 1032.519 1045.684 1058.849 1072.013 1085.208 1098.72 1112.231 1125.743 1139.255 1149.735 1157.743 1165.751 1173.759 1181.818 1193.365 1204.913 1216.46 1228.008 1239.01 1249.416 1259.823 1270.229 1280.635 1289.773 1298.833 1307.893 1316.952 1325.079 1331.839 1338.599 1345.36 1352.12 1354.858 1356.993 1359.127 1361.262 1363.933 1367.678 1371.423 1375.168
997.6069 997.5919 997.577 997.562 997.547 997.7233 997.9573 998.1913 998.4254 998.665 998.9233 999.1817 999.4401 999.6984 1000.694 1002.011 1003.329 1004.646 1006.812 1013.45 1020.087 1026.725 1033.363 1044.514 1058.395 1072.275 1086.155 1099.958 1112.948 1125.938 1138.927 1151.917 1162.302 1170.563 1178.824 1187.084 1195.397 1207.213 1219.03 1230.847 1242.664 1253.819 1264.252 1274.685 1285.119 1295.552 1305.198 1314.796 1324.394 1333.992 1342.943 1350.947 1358.95 1366.954 1374.958 1377.806 1379.881 1381.957 1384.032 1386.302 1388.959 1391.617 1394.275
997.3888 997.3792 997.3696 997.36 997.3504 997.5445 997.8 998.0555 998.3111 998.5948 998.9716 999.3483 999.7251 1000.102 1001.594 1003.573 1005.553 1007.533 1010.54 1018.964 1027.389 1035.813 1044.238 1056.509 1071.105 1085.701 1100.298 1114.709 1127.177 1139.644 1152.112 1164.579 1174.869 1183.383 1191.896 1200.41 1208.976 1221.061 1233.147 1245.233 1257.319 1268.627 1279.088 1289.548 1300.008 1310.468 1320.623 1330.759 1340.895 1351.031 1360.807 1370.054 1379.301 1388.548 1397.795 1400.754 1402.77 1404.786 1406.802 1408.67 1410.241 1411.811 1413.382
997.1707 997.1665 997.1623 997.1581 997.1538 997.3657 997.6428 997.9199 998.1969 998.5246 999.0198 999.515 1000.01 1000.505 1002.494 1005.135 1007.777 1010.419 1014.267 1024.479 1034.69 1044.902 1055.113 1068.503 1083.816 1099.128 1114.44 1129.459 1141.405 1153.35 1165.296 1177.241 1187.436 1196.203 1204.969 1213.736 1222.555 1234.909 1247.264 1259.62 1271.974 1283.436 1293.923 1304.41 1314.897 1325.385 1336.048 1346.722 1357.397 1368.071 1378.671 1389.161 1399.651 1410.142 1420.632 1423.702 1425.659 1427.616 1429.573 1431.038 1431.522 1432.005 1432.489
996.9703 996.9773 996.9843 996.9913 996.9984 997.2258 997.5197 997.8136 998.1075 998.4932 999.1829 999.8726 1000.562 1001.252 1003.999 1007.647 1011.295 1014.943 1019.884 1031.646 1043.408 1055.17 1066.932 1081.163 1096.887 1112.611 1128.334 1143.703 1155.334 1166.966 1178.597 1190.229 1200.417 1209.427 1218.438 1227.448 1236.505 1248.78 1261.054 1273.328 1285.602 1296.977 1307.369 1317.761 1328.153 1338.546 1349.662 1360.823 1371.984 1383.146 1394.457 1405.988 1417.519 1429.051 1440.582 1443.625 1445.395 1447.166 1448.936 1449.929 1449.37 1448.811 1448.251
996.8336 996.8729 996.9122 996.9516 996.9909 997.2258 997.5197 997.8136 998.1075 998.6018 999.7597 1000.918 1002.076 1003.234 1007.685 1013.577 1019.469 1025.361 1032.301 1044.763 1057.224 1069.686 1082.148 1096.216 1111.257 1126.297 1141.337 1156.119 1168.187 1180.254 1192.322 1204.39 1214.889 1224.109 1233.329 1242.55 1251.795 1262.728 1273.662 1284.597 1295.531 1305.951 1315.81 1325.67 1335.529 1345.389 1356.758 1368.221 1379.683 1391.146 1402.763 1414.606 1426.45 1438.293 1450.137 1452.659 1453.783 1454.907 1456.032 1456.301 1454.859 1453.417 1451.974
996.697 996.7686 996.8402 996.9118 996.9834 997.2258 997.5197 997.8136 998.1075 998.7104 1000.337 1001.963 1003.589 1005.215 1011.37 1019.507 1027.644 1035.78 1044.718 1057.88 1071.041 1084.202 1097.364 1111.27 1125.627 1139.983 1154.34 1168.536 1181.039 1193.543 1206.047 1218.55 1229.361 1238.791 1248.221 1257.651 1267.084 1276.677 1286.271 1295.865 1305.459 1314.925 1324.252 1333.578 1342.905 1352.231 1363.854 1375.618 1387.382 1399.146 1411.069 1423.224 1435.38 1447.536 1459.691 1461.693 1462.171 1462.65 1463.128 1462.672 1460.347 1458.022 1455.698
996.5603 996.6642 996.7681 996.872 996.9759 997.2258 997.5197 997.8136 998.1075 998.819 1000.913 1003.008 1005.102 1007.197 1015.056 1025.437 1035.818 1046.199 1057.135 1070.996 1084.857 1098.719 1112.579 1126.323 1139.997 1153.67 1167.343 1180.952 1193.892 1206.832 1219.771 1232.711 1243.833 1253.473 1263.113 1272.753 1282.373 1290.627 1298.88 1307.134 1315.387 1323.899 1332.693 1341.487 1350.281 1359.074 1370.95 1383.015 1395.081 1407.146 1419.375 1431.843 1444.31 1456.778 1469.246 1470.727 1470.559 1470.392 1470.224 1469.043 1465.836 1462.629 1459.421
996.4236 996.5598 996.696 996.8322 996.9684 997.2258 997.5197 997.8136 998.1075 998.9276 1001.49 1004.053 1006.616 1009.178 1018.741 1031.367 1043.993 1056.618 1069.552 1084.113 1098.674 1113.235 1127.795 1141.377 1154.367 1167.356 1180.346 1193.369 1206.745 1220.12 1233.496 1246.871 1258.305 1268.155 1278.005 1287.855 1297.662 1304.576 1311.489 1318.402 1325.316 1332.874 1341.135 1349.395 1357.656 1365.917 1378.046 1390.413 1402.779 1415.146 1427.681 1440.461 1453.241 1466.021 1478.801 1479.761 1478.947 1478.134 1477.32 1475.415 1471.325 1467.234 1463.144
996.2946 996.4882 996.6818 996.8754 997.0691 997.439 997.8621 998.2852 998.7083 999.8102 1003.161 1006.511 1009.861 1013.212 1024.067 1038.205 1052.343 1066.481 1080.689 1095.268 1109.847 1124.425 1139.004 1152.41 1165.107 1177.804 1190.501 1203.239 1216.397 1229.556 1242.714 1255.873 1267.032 1276.561 1286.09 1295.619 1305.099 1311.264 1317.429 1323.594 1329.759 1336.828 1344.883 1352.937 1360.992 1369.046 1380.71 1392.596 1404.482 1416.368 1428.43 1440.751 1453.072 1465.392 1477.713 1478.17 1476.847 1475.524 1474.201 1471.699 1466.841 1461.983 1457.125
996.1694 996.433 996.6966 996.9602 997.2238 997.7587 998.3756 998.9925 999.6094 1001.08 1005.378 1009.675 1013.973 1018.271 1030.211 1045.496 1060.781 1076.065 1091.186 1105.442 1119.698 1133.953 1148.209 1161.433 1174.033 1186.633 1199.234 1211.835 1224.45 1237.065 1249.68 1262.294 1272.886 1281.829 1290.771 1299.713 1308.608 1314.321 1320.034 1325.747 1331.46 1338.272 1346.284 1354.295 1362.307 1370.318 1381.158 1392.172 1403.186 1414.2 1425.401 1436.877 1448.353 1459.828 1471.304 1471.267 1469.502 1467.738 1465.973 1462.941 1457.372 1451.804 1446.235
996.0442 996.3777 996.7114 997.0449 997.3785 998.0786 998.8892 999.6998 1000.51 1002.349 1007.594 1012.84 1018.085 1023.33 1036.356 1052.787 1069.219 1085.65 1101.683 1115.615 1129.548 1143.481 1157.414 1170.456 1182.959 1195.462 1207.966 1220.431 1232.503 1244.574 1256.645 1268.716 1278.741 1287.096 1295.452 1303.807 1312.118 1317.379 1322.639 1327.9 1333.161 1339.717 1347.685 1355.654 1363.622 1371.59 1381.606 1391.748 1401.89 1412.032 1422.373 1433.003 1443.634 1454.264 1464.895 1464.363 1462.158 1459.952 1457.746 1454.182 1447.903 1441.625 1435.345
995.9189 996.3225 996.7261 997.1296 997.5332 998.3983 999.4028 1000.407 1001.412 1003.619 1009.811 1016.004 1022.196 1028.389 1042.501 1060.079 1077.657 1095.234 1112.179 1125.789 1139.399 1153.009 1166.619 1179.479 1191.885 1204.292 1216.698 1229.028 1240.555 1252.083 1263.61 1275.138 1284.595 1292.364 1300.133 1307.902 1315.627 1320.436 1325.245 1330.053 1334.862 1341.161 1349.087 1357.012 1364.937 1372.863 1382.055 1391.325 1400.595 1409.865 1419.344 1429.129 1438.915 1448.7 1458.486 1457.46 1454.813 1452.166 1449.519 1445.424 1438.434 1431.445 1424.455
995.7476 996.2367 996.7258 997.215 997.7041 998.7868 1000.049 1001.311 1002.572 1005.185 1012.272 1019.358 1026.445 1033.532 1048.524 1066.975 1085.426 1103.876 1121.505 1134.799 1148.093 1161.387 1174.68 1187.328 1199.586 1211.844 1224.101 1236.25 1247.249 1258.249 1269.248 1280.248 1289.17 1296.398 1303.627 1310.855 1318.042 1322.419 1326.796 1331.173 1335.55 1341.586 1349.431 1357.277 1365.122 1372.968 1381.322 1389.708 1398.093 1406.479 1415.114 1424.115 1433.116 1442.117 1451.118 1449.61 1446.527 1443.443 1440.359 1435.738 1428.041 1420.344 1412.647
995.2238 995.9175 996.6111 997.3048 997.9985 999.6992 1001.704 1003.708 1005.713 1009.01 1016.586 1024.163 1031.739 1039.316 1053.615 1070.854 1088.094 1105.334 1121.902 1134.933 1147.963 1160.993 1174.023 1186.233 1197.947 1209.661 1221.375 1232.991 1243.582 1254.172 1264.762 1275.353 1283.988 1291.028 1298.068 1305.107 1312.105 1316.207 1320.31 1324.412 1328.515 1334.235 1341.72 1349.205 1356.69 1364.174 1371.585 1378.991 1386.397 1393.803 1401.725 1410.403 1419.081 1427.759 1436.437 1434.541 1431.059 1427.578 1424.096 1418.981 1410.6 1402.22 1393.84
994.7001 995.5983 996.4965 997.3947 998.2929 1000.612 1003.359 1006.106 1008.854 1012.834 1020.901 1028.967 1037.033 1045.1 1058.705 1074.734 1090.762 1106.791 1122.3 1135.066 1147.833 1160.599 1173.365 1185.137 1196.307 1207.478 1218.648 1229.733 1239.914 1250.095 1260.277 1270.458 1278.806 1285.657 1292.509 1299.36 1306.168 1309.996 1313.824 1317.652 1321.48 1326.885 1334.009 1341.133 1348.257 1355.381 1361.848 1368.275 1374.701 1381.127 1388.337 1396.692 1405.047 1413.402 1421.757 1419.472 1415.592 1411.712 1407.832 1402.224 1393.16 1384.096 1375.032
994.1764 995.2791 996.3818 997.4846 998.5873 1001.524 1005.014 1008.504 1011.994 1016.659 1025.215 1033.771 1042.327 1050.883 1063.795 1078.613 1093.431 1108.248 1122.697 1135.2 1147.702 1160.205 1172.708 1184.041 1194.668 1205.295 1215.922 1226.474 1236.246 1246.019 1255.791 1265.563 1273.623 1280.286 1286.95 1293.613 1300.231 1303.784 1307.338 1310.891 1314.445 1319.534 1326.297 1333.061 1339.824 1346.588 1352.111 1357.558 1363.005 1368.452 1374.948 1382.98 1391.012 1399.044 1407.076 1404.403 1400.125 1395.846 1391.568 1385.466 1375.719 1365.971 1356.224
993.6526 994.9599 996.2672 997.5744 998.8817 1002.436 1006.669 1010.902 1015.135 1020.484 1029.53 1038.575 1047.621 1056.667 1068.886 1082.493 1096.099 1109.706 1123.094 1135.333 1147.572 1159.811 1172.05 1182.945 1193.029 1203.112 1213.195 1223.215 1232.579 1241.942 1251.305 1260.669 1268.441 1274.916 1281.391 1287.865 1294.294 1297.573 1300.852 1304.131 1307.41 1312.183 1318.586 1324.989 1331.392 1337.795 1342.374 1346.842 1351.309 1355.776 1361.559 1369.268 1376.977 1384.686 1392.396 1389.334 1384.657 1379.981 1375.304 1368.709 1358.278 1347.847 1337.416
993.1212 994.4718 995.8223 997.1729 998.5234 1002.226 1006.639 1011.052 1015.465 1020.967 1030.076 1039.186 1048.296 1057.406 1068.994 1081.666 1094.339 1107.011 1119.552 1131.396 1143.24 1155.085 1166.929 1177.28 1186.729 1196.177 1205.625 1215.032 1224.001 1232.971 1241.94 1250.909 1258.485 1264.923 1271.362 1277.8 1284.196 1287.653 1291.111 1294.569 1298.027 1302.597 1308.381 1314.165 1319.948 1325.732 1329.829 1333.821 1337.814 1341.807 1347.136 1354.422 1361.707 1368.993 1376.279 1372.975 1368.083 1363.19 1358.297 1351.497 1340.881 1330.266 1319.65
992.5839 993.8538 995.1236 996.3934 997.6632 1001.153 1005.313 1009.473 1013.632 1018.879 1027.725 1036.571 1045.417 1054.263 1065.269 1077.221 1089.172 1101.123 1112.978 1124.327 1135.677 1147.026 1158.375 1168.1 1176.843 1185.587 1194.33 1203.059 1211.647 1220.234 1228.821 1237.408 1244.857 1251.376 1257.895 1264.414 1270.897 1274.882 1278.868 1282.853 1286.838 1291.292 1296.258 1301.224 1306.189 1311.155 1315.123 1319.029 1322.936 1326.842 1331.917 1338.703 1345.488 1352.273 1359.058 1355.623 1350.656 1345.688 1340.72 1333.936 1323.519 1313.102 1302.686
992.0466 993.2357 994.4248 995.6139 996.803 1000.08 1003.987 1007.893 1011.8 1016.791 1025.374 1033.956 1042.538 1051.121 1061.545 1072.775 1084.005 1095.234 1106.405 1117.259 1128.113 1138.967 1149.821 1158.92 1166.958 1174.996 1183.034 1191.087 1199.292 1207.497 1215.702 1223.907 1231.229 1237.828 1244.428 1251.028 1257.598 1262.111 1266.624 1271.136 1275.649 1279.988 1284.135 1288.282 1292.43 1296.577 1300.417 1304.237 1308.057 1311.878 1316.698 1322.983 1329.268 1335.553 1341.837 1338.272 1333.228 1328.185 1323.142 1316.374 1306.156 1295.939 1285.722
991.5093 992.6177 993.726 994.8344 995.9427 999.0064 1002.66 1006.314 1009.968 1014.704 1023.022 1031.341 1039.66 1047.978 1057.82 1068.329 1078.838 1089.346 1099.831 1110.19 1120.549 1130.908 1141.267 1149.74 1157.073 1164.406 1171.739 1179.115 1186.938 1194.76 1202.583 1210.406 1217.6 1224.281 1230.962 1237.642 1244.299 1249.339 1254.38 1259.42 1264.46 1268.682 1272.012 1275.341 1278.67 1282.0 1285.71 1289.445 1293.179 1296.914 1301.48 1307.264 1313.048 1318.832 1324.616 1320.92 1315.801 1310.683 1305.564 1298.812 1288.794 1278.776 1268.757
990.9678 991.9952 993.0226 994.0501 995.0776 997.9264 1001.325 1004.724 1008.122 1012.599 1020.648 1028.698 1036.747 1044.796 1054.059 1063.853 1073.647 1083.44 1093.245 1103.106 1112.967 1122.828 1132.688 1140.534 1147.162 1153.789 1160.416 1167.115 1174.554 1181.994 1189.434 1196.874 1203.935 1210.688 1217.44 1224.192 1230.927 1236.49 1242.054 1247.618 1253.182 1257.292 1259.815 1262.339 1264.862 1267.385 1270.978 1274.637 1278.295 1281.954 1286.272 1291.555 1296.837 1302.12 1307.403 1303.574 1298.377 1293.181 1287.985 1281.248 1271.428 1261.609 1251.79
990.1342 991.0701 992.006 992.942 993.8779 996.3871 999.3713 1002.355 1005.34 1009.346 1016.739 1024.131 1031.523 1038.916 1047.788 1057.307 1066.827 1076.346 1085.808 1094.969 1104.13 1113.292 1122.453 1129.575 1135.465 1141.355 1147.245 1153.232 1160.23 1167.229 1174.227 1181.226 1187.78 1193.973 1200.165 1206.357 1212.544 1218.366 1224.189 1230.011 1235.833 1240.086 1242.625 1245.164 1247.704 1250.243 1254.44 1258.74 1263.039 1267.338 1271.809 1276.532 1281.255 1285.978 1290.701 1286.598 1281.17 1275.742 1270.315 1263.486 1253.855 1244.224 1234.593
989.3005 990.145 990.9894 991.8338 992.6783 994.8479 997.4177 999.9873 1002.557 1006.093 1012.829 1019.564 1026.3 1033.036 1041.517 1050.762 1060.007 1069.251 1078.371 1086.833 1095.294 1103.756 1112.217 1118.616 1123.769 1128.921 1134.074 1139.349 1145.906 1152.463 1159.02 1165.577 1171.625 1177.258 1182.89 1188.523 1194.162 1200.242 1206.323 1212.404 1218.484 1222.879 1225.435 1227.99 1230.546 1233.101 1237.903 1242.843 1247.782 1252.722 1257.347 1261.51 1265.673 1269.836 1274.0 1269.622 1263.963 1258.303 1252.644 1245.724 1236.282 1226.839 1217.397
