data/zism_data/01023_03_D.txt
ncols         224
nrows         224
[rows 140 to 167 of 224, columns 63 to 125 of 224]
3890.071 3883.953 3877.834 3871.716 3865.598 3858.34 3850.737 3843.135 3835.533 3828.405 3822.851 3817.296 3811.742 3806.188 3802.848 3800.478 3798.107 3795.737 3793.381 3791.103 3788.825 3786.547 3784.269 3781.984 3779.695 3777.406 3775.117 3772.774 3769.864 3766.954 3764.043 3761.133 3757.794 3754.105 3750.417 3746.728 3743.043 3739.669 3736.295 3732.92 3729.546 3726.701 3724.433 3722.166 3719.898 3717.63 3715.545 3713.472 3711.398 3709.324 3707.49 3706.008 3704.526 3703.044 3701.562 3700.914 3700.392 3699.87 3699.348 3699.0 3699.0 3699.0 3699.0
3889.271 3883.238 3877.205 3871.173 3865.14 3857.828 3850.129 3842.43 3834.731 3827.518 3821.909 3816.302 3810.694 3805.085 3801.789 3799.505 3797.22 3794.935 3792.651 3790.374 3788.096 3785.818 3783.54 3781.235 3778.914 3776.592 3774.271 3771.89 3768.889 3765.888 3762.887 3759.885 3756.405 3752.534 3748.663 3744.792 3740.925 3737.358 3733.791 3730.223 3726.656 3723.708 3721.435 3719.162 3716.888 3714.615 3712.717 3710.842 3708.966 3707.091 3705.516 3704.383 3703.249 3702.115 3700.981 3700.482 3700.078 3699.674 3699.27 3699.0 3699.0 3699.0 3699.0
3888.399 3882.466 3876.533 3870.6 3864.667 3857.34 3849.591 3841.844 3834.095 3826.835 3821.19 3815.545 3809.9 3804.255 3800.995 3798.779 3796.563 3794.347 3792.121 3789.838 3787.555 3785.272 3782.99 3780.657 3778.294 3775.931 3773.568 3771.141 3768.039 3764.938 3761.837 3758.736 3755.115 3751.069 3747.023 3742.978 3738.936 3735.187 3731.438 3727.688 3723.939 3720.888 3718.6 3716.312 3714.024 3711.735 3710.012 3708.323 3706.635 3704.946 3703.618 3702.818 3702.018 3701.219 3700.419 3700.062 3699.773 3699.483 3699.193 3699.0 3699.0 3699.0 3699.0
3886.519 3880.881 3875.243 3869.604 3863.966 3857.185 3850.059 3842.932 3835.806 3829.069 3823.623 3818.176 3812.729 3807.282 3803.964 3801.576 3799.189 3796.802 3794.419 3792.061 3789.703 3787.345 3784.988 3782.516 3779.976 3777.436 3774.896 3772.288 3768.962 3765.635 3762.309 3758.983 3755.225 3751.115 3747.005 3742.895 3738.79 3735.014 3731.238 3727.462 3723.686 3720.547 3718.103 3715.659 3713.215 3710.771 3709.059 3707.392 3705.725 3704.058 3702.795 3702.124 3701.452 3700.781 3700.11 3699.826 3699.601 3699.376 3699.15 3699.0 3699.0 3699.0 3699.0
3884.639 3879.296 3873.952 3868.609 3863.266 3857.03 3850.526 3844.021 3837.517 3831.304 3826.055 3820.807 3815.559 3810.31 3806.933 3804.374 3801.815 3799.256 3796.717 3794.284 3791.851 3789.418 3786.985 3784.375 3781.659 3778.942 3776.225 3773.436 3769.884 3766.333 3762.781 3759.23 3755.335 3751.161 3746.987 3742.813 3738.644 3734.841 3731.038 3727.235 3723.432 3720.205 3717.605 3715.006 3712.407 3709.808 3708.107 3706.461 3704.815 3703.17 3701.971 3701.429 3700.886 3700.344 3699.802 3699.591 3699.429 3699.269 3699.107 3699.0 3699.0 3699.0 3699.0
3882.759 3877.711 3872.662 3867.614 3862.565 3856.876 3850.993 3845.11 3839.228 3833.538 3828.488 3823.438 3818.388 3813.338 3809.902 3807.171 3804.44 3801.71 3799.015 3796.507 3793.999 3791.491 3788.983 3786.235 3783.341 3780.448 3777.554 3774.583 3770.807 3767.03 3763.254 3759.477 3755.446 3751.207 3746.969 3742.73 3738.497 3734.667 3730.838 3727.008 3723.178 3719.863 3717.108 3714.354 3711.599 3708.844 3707.154 3705.53 3703.906 3702.281 3701.148 3700.734 3700.321 3699.907 3699.493 3699.355 3699.258 3699.161 3699.064 3699.0 3699.0 3699.0 3699.0
3880.879 3876.125 3871.372 3866.618 3861.865 3856.721 3851.46 3846.199 3840.938 3835.772 3830.921 3826.069 3821.218 3816.366 3812.87 3809.968 3807.066 3804.164 3801.313 3798.73 3796.147 3793.564 3790.981 3788.094 3785.024 3781.953 3778.883 3775.731 3771.729 3767.728 3763.726 3759.724 3755.556 3751.253 3746.95 3742.647 3738.351 3734.494 3730.638 3726.781 3722.925 3719.521 3716.611 3713.701 3710.791 3707.881 3706.202 3704.599 3702.996 3701.393 3700.325 3700.04 3699.755 3699.469 3699.184 3699.119 3699.086 3699.054 3699.021 3699.0 3699.0 3699.0 3699.0
3880.96 3876.44 3871.92 3867.4 3862.88 3857.993 3852.994 3847.996 3842.998 3838.06 3833.321 3828.583 3823.844 3819.106 3815.575 3812.574 3809.572 3806.57 3803.615 3800.906 3798.198 3795.489 3792.781 3789.728 3786.468 3783.207 3779.946 3776.614 3772.528 3768.442 3764.356 3760.27 3756.099 3751.86 3747.62 3743.38 3739.147 3735.36 3731.573 3727.785 3723.997 3720.587 3717.588 3714.589 3711.59 3708.591 3706.804 3705.093 3703.381 3701.669 3700.514 3700.174 3699.833 3699.493 3699.153 3699.088 3699.064 3699.04 3699.016 3699.0 3699.0 3699.0 3699.0
3883.031 3878.682 3874.334 3869.985 3865.637 3860.711 3855.611 3850.511 3845.411 3840.4 3835.689 3830.977 3826.265 3821.554 3818.013 3814.984 3811.956 3808.927 3805.921 3803.036 3800.15 3797.265 3794.379 3791.133 3787.669 3784.204 3780.74 3777.227 3773.2 3769.173 3765.146 3761.119 3757.081 3753.034 3748.988 3744.941 3740.901 3737.279 3733.658 3730.037 3726.415 3723.081 3720.061 3717.04 3714.02 3710.999 3708.984 3707.031 3705.078 3703.125 3701.729 3701.148 3700.566 3699.985 3699.403 3699.265 3699.193 3699.12 3699.048 3699.0 3699.0 3699.0 3699.0
3885.101 3880.924 3876.747 3872.57 3868.393 3863.429 3858.227 3853.025 3847.823 3842.741 3838.056 3833.371 3828.687 3824.002 3820.45 3817.395 3814.34 3811.284 3808.228 3805.165 3802.103 3799.041 3795.978 3792.538 3788.87 3785.202 3781.534 3777.84 3773.872 3769.904 3765.936 3761.968 3758.063 3754.209 3750.355 3746.502 3742.654 3739.199 3735.744 3732.289 3728.833 3725.576 3722.534 3719.492 3716.45 3713.408 3711.165 3708.97 3706.776 3704.582 3702.944 3702.122 3701.299 3700.476 3699.654 3699.442 3699.321 3699.201 3699.08 3699.0 3699.0 3699.0 3699.0
3887.172 3883.166 3879.161 3875.156 3871.15 3866.147 3860.844 3855.54 3850.236 3845.082 3840.424 3835.766 3831.108 3826.449 3822.888 3819.805 3816.723 3813.641 3810.534 3807.295 3804.055 3800.816 3797.577 3793.943 3790.072 3786.2 3782.328 3778.453 3774.544 3770.635 3766.726 3762.817 3759.044 3755.384 3751.723 3748.063 3744.407 3741.118 3737.829 3734.54 3731.251 3728.07 3725.007 3721.943 3718.88 3715.817 3713.345 3710.909 3708.474 3706.038 3704.159 3703.096 3702.032 3700.968 3699.904 3699.619 3699.45 3699.281 3699.113 3699.0 3699.0 3699.0 3699.0
3889.242 3885.408 3881.574 3877.74 3873.907 3868.865 3863.46 3858.054 3852.649 3847.423 3842.791 3838.16 3833.529 3828.897 3825.325 3822.216 3819.107 3815.998 3812.84 3809.424 3806.008 3802.592 3799.176 3795.348 3791.273 3787.197 3783.122 3779.066 3775.216 3771.366 3767.516 3763.666 3760.026 3756.558 3753.091 3749.623 3746.16 3743.038 3739.915 3736.792 3733.669 3730.565 3727.48 3724.395 3721.31 3718.225 3715.525 3712.848 3710.172 3707.495 3705.375 3704.07 3702.765 3701.459 3700.155 3699.796 3699.579 3699.362 3699.145 3699.0 3699.0 3699.0 3699.0
3892.053 3888.008 3883.963 3879.918 3875.873 3870.602 3864.96 3859.318 3853.677 3848.204 3843.292 3838.379 3833.466 3828.554 3824.794 3821.539 3818.284 3815.029 3811.769 3808.484 3805.199 3801.914 3798.629 3795.006 3791.179 3787.352 3783.525 3779.72 3776.148 3772.575 3769.003 3765.431 3762.039 3758.794 3755.549 3752.304 3749.063 3746.092 3743.12 3740.148 3737.177 3734.122 3730.976 3727.83 3724.684 3721.538 3718.672 3715.824 3712.976 3710.127 3707.759 3706.093 3704.428 3702.762 3701.097 3700.519 3700.105 3699.69 3699.276 3699.0 3699.0 3699.0 3699.0
3894.921 3890.635 3886.349 3882.063 3877.777 3872.26 3866.372 3860.484 3854.595 3848.863 3843.645 3838.427 3833.208 3827.99 3824.03 3820.619 3817.208 3813.798 3810.432 3807.303 3804.173 3801.043 3797.914 3794.527 3790.984 3787.441 3783.898 3780.378 3777.101 3773.823 3770.545 3767.268 3764.132 3761.113 3758.093 3755.073 3752.056 3749.235 3746.413 3743.592 3740.771 3737.763 3734.552 3731.342 3728.132 3724.921 3721.896 3718.881 3715.866 3712.852 3710.235 3708.199 3706.164 3704.129 3702.093 3701.286 3700.662 3700.039 3699.416 3699.0 3699.0 3699.0 3699.0
3897.79 3893.263 3888.736 3884.208 3879.681 3873.919 3867.784 3861.649 3855.514 3849.521 3843.998 3838.474 3832.95 3827.427 3823.265 3819.699 3816.133 3812.567 3809.095 3806.121 3803.147 3800.173 3797.199 3794.047 3790.789 3787.53 3784.271 3781.036 3778.053 3775.071 3772.088 3769.105 3766.226 3763.431 3760.637 3757.842 3755.049 3752.378 3749.707 3747.035 3744.364 3741.404 3738.129 3734.854 3731.58 3728.305 3725.119 3721.938 3718.758 3715.577 3712.711 3710.306 3707.9 3705.495 3703.09 3702.052 3701.22 3700.387 3699.555 3699.0 3699.0 3699.0 3699.0
3900.659 3895.891 3891.122 3886.353 3881.585 3875.577 3869.196 3862.814 3856.433 3850.18 3844.351 3838.521 3832.692 3826.863 3822.5 3818.779 3815.057 3811.336 3807.758 3804.94 3802.121 3799.302 3796.484 3793.568 3790.593 3787.618 3784.644 3781.694 3779.006 3776.318 3773.63 3770.942 3768.32 3765.75 3763.18 3760.611 3758.042 3755.521 3753.0 3750.479 3747.957 3745.045 3741.706 3738.367 3735.028 3731.689 3728.342 3724.996 3721.649 3718.302 3715.187 3712.412 3709.637 3706.862 3704.086 3702.819 3701.777 3700.736 3699.694 3699.0 3699.0 3699.0 3699.0
3903.346 3898.223 3893.1 3887.977 3882.854 3876.616 3870.042 3863.468 3856.893 3850.408 3844.218 3838.027 3831.837 3825.647 3821.13 3817.345 3813.56 3809.775 3806.18 3803.584 3800.988 3798.392 3795.796 3793.148 3790.469 3787.789 3785.11 3782.457 3780.082 3777.706 3775.33 3772.954 3770.586 3768.225 3765.863 3763.501 3761.139 3758.747 3756.355 3753.963 3751.57 3748.709 3745.336 3741.964 3738.591 3735.219 3731.705 3728.182 3724.659 3721.137 3717.758 3714.59 3711.422 3708.254 3705.086 3703.585 3702.335 3701.084 3699.834 3699.004 3699.015 3699.027 3699.038
3905.705 3900.025 3894.344 3888.664 3882.983 3876.542 3869.871 3863.2 3856.53 3849.864 3843.212 3836.561 3829.91 3823.258 3818.672 3814.989 3811.306 3807.623 3804.168 3801.915 3799.662 3797.409 3795.156 3792.834 3790.471 3788.108 3785.745 3783.411 3781.378 3779.346 3777.313 3775.28 3773.164 3770.979 3768.794 3766.61 3764.423 3762.122 3759.821 3757.52 3755.219 3752.416 3749.064 3745.713 3742.362 3739.01 3735.316 3731.601 3727.885 3724.169 3720.5 3716.897 3713.295 3709.693 3706.091 3704.352 3702.892 3701.433 3699.973 3699.015 3699.058 3699.102 3699.146
3908.064 3901.826 3895.589 3889.351 3883.113 3876.468 3869.701 3862.933 3856.166 3849.319 3842.207 3835.094 3827.982 3820.87 3816.214 3812.633 3809.052 3805.47 3802.156 3800.246 3798.336 3796.426 3794.516 3792.521 3790.474 3788.427 3786.381 3784.365 3782.675 3780.986 3779.296 3777.606 3775.742 3773.734 3771.726 3769.718 3767.707 3765.497 3763.287 3761.077 3758.867 3756.122 3752.792 3749.462 3746.132 3742.802 3738.927 3735.019 3731.111 3727.202 3723.241 3719.205 3715.169 3711.132 3707.096 3705.118 3703.45 3701.781 3700.113 3699.025 3699.101 3699.177 3699.253
3910.424 3903.628 3896.833 3890.037 3883.242 3876.394 3869.53 3862.666 3855.802 3848.774 3841.201 3833.628 3826.054 3818.481 3813.756 3810.277 3806.797 3803.318 3800.144 3798.576 3797.01 3795.443 3793.876 3792.207 3790.477 3788.746 3787.016 3785.319 3783.972 3782.626 3781.279 3779.933 3778.319 3776.488 3774.657 3772.826 3770.991 3768.873 3766.754 3764.635 3762.516 3759.828 3756.52 3753.211 3749.903 3746.594 3742.539 3738.438 3734.336 3730.235 3725.983 3721.513 3717.042 3712.572 3708.101 3705.885 3704.007 3702.13 3700.252 3699.036 3699.144 3699.252 3699.36
3912.783 3905.43 3898.077 3890.724 3883.371 3876.32 3869.359 3862.399 3855.439 3848.23 3840.195 3832.161 3824.127 3816.093 3811.298 3807.92 3804.543 3801.166 3798.131 3796.907 3795.684 3794.46 3793.236 3791.893 3790.479 3789.065 3787.651 3786.272 3785.269 3784.266 3783.262 3782.259 3780.897 3779.243 3777.589 3775.935 3774.275 3772.248 3770.22 3768.192 3766.164 3763.534 3760.247 3756.96 3753.674 3750.387 3746.151 3741.856 3737.562 3733.267 3728.725 3723.82 3718.916 3714.011 3709.106 3706.652 3704.565 3702.478 3700.391 3699.047 3699.187 3699.327 3699.467
3916.343 3908.534 3900.725 3892.916 3885.106 3877.959 3871.012 3864.066 3857.119 3849.906 3841.812 3833.719 3825.625 3817.531 3812.651 3809.176 3805.702 3802.228 3799.11 3797.875 3796.639 3795.403 3794.167 3792.944 3791.728 3790.511 3789.295 3788.115 3787.306 3786.498 3785.69 3784.882 3783.719 3782.267 3780.815 3779.363 3777.903 3775.861 3773.818 3771.776 3769.734 3767.044 3763.647 3760.251 3756.854 3753.458 3749.102 3744.686 3740.27 3735.854 3731.183 3726.135 3721.088 3716.041 3710.993 3708.386 3706.145 3703.904 3701.663 3700.183 3700.224 3700.266 3700.307
3920.225 3911.987 3903.749 3895.511 3887.273 3880.059 3873.156 3866.251 3859.348 3852.179 3844.133 3836.088 3828.042 3819.997 3815.027 3811.402 3807.778 3804.154 3800.893 3799.55 3798.207 3796.864 3795.521 3794.361 3793.311 3792.261 3791.211 3790.195 3789.542 3788.89 3788.237 3787.584 3786.606 3785.364 3784.121 3782.878 3781.623 3779.538 3777.453 3775.368 3773.282 3770.501 3766.96 3763.418 3759.877 3756.336 3751.875 3747.358 3742.84 3738.323 3733.564 3728.452 3723.341 3718.229 3713.117 3710.381 3708.0 3705.62 3703.24 3701.622 3701.529 3701.437 3701.344
3924.107 3915.44 3906.773 3898.106 3889.439 3882.159 3875.298 3868.437 3861.576 3854.452 3846.454 3838.457 3830.46 3822.462 3817.403 3813.628 3809.854 3806.079 3802.675 3801.225 3799.775 3798.325 3796.875 3795.777 3794.894 3794.01 3793.126 3792.276 3791.778 3791.281 3790.784 3790.286 3789.494 3788.46 3787.426 3786.393 3785.343 3783.215 3781.087 3778.959 3776.831 3773.958 3770.272 3766.586 3762.9 3759.214 3754.649 3750.029 3745.41 3740.791 3735.945 3730.769 3725.593 3720.417 3715.241 3712.375 3709.855 3707.336 3704.816 3703.061 3702.834 3702.607 3702.38
3927.989 3918.893 3909.797 3900.701 3891.606 3884.26 3877.441 3870.623 3863.805 3856.724 3848.775 3840.826 3832.877 3824.928 3819.779 3815.854 3811.929 3808.005 3804.458 3802.9 3801.343 3799.786 3798.228 3797.194 3796.477 3795.759 3795.041 3794.356 3794.014 3793.673 3793.331 3792.989 3792.381 3791.556 3790.732 3789.907 3789.063 3786.892 3784.721 3782.55 3780.379 3777.415 3773.584 3769.753 3765.923 3762.092 3757.422 3752.701 3747.98 3743.259 3738.327 3733.086 3727.846 3722.606 3717.365 3714.37 3711.71 3709.051 3706.392 3704.499 3704.139 3703.778 3703.417
3931.451 3922.159 3912.867 3903.575 3894.283 3886.993 3880.308 3873.624 3866.938 3859.98 3852.117 3844.254 3836.39 3828.527 3823.266 3819.143 3815.02 3810.897 3807.16 3805.453 3803.746 3802.039 3800.333 3799.283 3798.632 3797.981 3797.33 3796.712 3796.45 3796.187 3795.924 3795.661 3795.177 3794.512 3793.848 3793.183 3792.496 3790.323 3788.151 3785.978 3783.805 3780.792 3776.861 3772.93 3768.999 3765.068 3760.283 3755.444 3750.606 3745.768 3740.76 3735.505 3730.249 3724.994 3719.739 3716.651 3713.889 3711.127 3708.365 3706.346 3705.815 3705.284 3704.753
3933.419 3924.759 3916.1 3907.44 3898.781 3891.988 3885.758 3879.529 3873.3 3866.742 3859.099 3851.456 3843.812 3836.168 3830.717 3826.224 3821.731 3817.239 3813.142 3811.135 3809.128 3807.121 3805.114 3803.772 3802.831 3801.89 3800.95 3800.051 3799.595 3799.14 3798.684 3798.228 3797.649 3796.968 3796.287 3795.606 3794.906 3792.877 3790.85 3788.822 3786.793 3783.884 3780.012 3776.14 3772.268 3768.396 3763.452 3758.442 3753.433 3748.423 3743.378 3738.284 3733.189 3728.095 3723.0 3719.957 3717.222 3714.487 3711.751 3709.651 3708.819 3707.988 3707.157
3935.386 3927.359 3919.332 3911.305 3903.278 3896.982 3891.208 3885.435 3879.661 3873.505 3866.081 3858.657 3851.233 3843.81 3838.168 3833.305 3828.443 3823.58 3819.125 3816.818 3814.51 3812.203 3809.896 3808.26 3807.03 3805.8 3804.57 3803.39 3802.741 3802.093 3801.444 3800.795 3800.12 3799.423 3798.726 3798.029 3797.315 3795.432 3793.548 3791.665 3789.782 3786.976 3783.163 3779.35 3775.537 3771.724 3766.622 3761.441 3756.259 3751.078 3745.997 3741.063 3736.129 3731.196 3726.262 3723.263 3720.555 3717.846 3715.138 3712.955 3711.823 3710.692 3709.56
