data/zism_data/01024_01_D.txt
ncols         224
nrows         224
[rows 0 to 27 of 224, columns 0 to 62 of 224]
1102.396 1103.066 1103.736 1103.962 1103.739 1103.515 1103.292 1103.068 1102.61 1102.145 1101.68 1101.215 1101.467 1102.607 1103.748 1104.889 1106.029 1109.316 1112.786 1116.257 1119.728 1123.315 1127.079 1130.843 1134.607 1138.371 1141.545 1144.631 1147.718 1150.804 1153.712 1156.285 1158.857 1161.429 1164.001 1165.456 1166.665 1167.874 1169.084 1170.36 1171.795 1173.23 1174.666 1176.101 1177.992 1180.02 1182.048 1184.076 1185.992 1187.56 1189.129 1190.698 1192.266 1193.423 1194.419 1195.415 1196.411 1197.262 1197.51 1197.757 1198.004 1198.251 1198.447
1103.393 1104.193 1104.993 1105.299 1105.102 1104.906 1104.709 1104.513 1103.94 1103.356 1102.772 1102.188 1102.298 1103.271 1104.244 1105.217 1106.189 1109.472 1112.954 1116.436 1119.917 1123.562 1127.456 1131.35 1135.244 1139.138 1142.532 1145.851 1149.17 1152.489 1155.589 1158.275 1160.96 1163.646 1166.332 1167.838 1169.085 1170.333 1171.58 1172.833 1174.101 1175.368 1176.636 1177.903 1179.56 1181.334 1183.107 1184.881 1186.574 1188.018 1189.462 1190.906 1192.35 1193.441 1194.394 1195.347 1196.299 1197.121 1197.401 1197.681 1197.961 1198.241 1198.465
1104.391 1105.321 1106.251 1106.635 1106.465 1106.296 1106.127 1105.957 1105.269 1104.566 1103.863 1103.16 1103.13 1103.935 1104.74 1105.545 1106.35 1109.629 1113.122 1116.614 1120.107 1123.81 1127.833 1131.857 1135.881 1139.905 1143.518 1147.07 1150.622 1154.173 1157.465 1160.265 1163.064 1165.864 1168.663 1170.221 1171.506 1172.791 1174.076 1175.307 1176.406 1177.506 1178.606 1179.705 1181.128 1182.647 1184.166 1185.685 1187.156 1188.475 1189.795 1191.115 1192.434 1193.459 1194.368 1195.278 1196.187 1196.981 1197.293 1197.605 1197.918 1198.23 1198.483
1105.388 1106.448 1107.508 1107.971 1107.829 1107.686 1107.544 1107.401 1106.599 1105.777 1104.954 1104.132 1103.961 1104.598 1105.235 1105.873 1106.51 1109.786 1113.29 1116.793 1120.296 1124.057 1128.211 1132.365 1136.519 1140.672 1144.505 1148.289 1152.074 1155.858 1159.342 1162.255 1165.168 1168.081 1170.994 1172.603 1173.927 1175.25 1176.573 1177.78 1178.712 1179.644 1180.576 1181.508 1182.696 1183.96 1185.225 1186.49 1187.737 1188.933 1190.128 1191.323 1192.518 1193.477 1194.343 1195.209 1196.075 1196.84 1197.185 1197.53 1197.875 1198.219 1198.501
1106.404 1107.587 1108.769 1109.325 1109.245 1109.166 1109.086 1109.007 1108.158 1107.287 1106.416 1105.545 1105.294 1105.814 1106.334 1106.854 1107.374 1110.634 1114.128 1117.623 1121.118 1124.909 1129.154 1133.399 1137.645 1141.89 1145.862 1149.795 1153.727 1157.659 1161.271 1164.277 1167.283 1170.289 1173.295 1174.975 1176.365 1177.754 1179.143 1180.35 1181.12 1181.89 1182.66 1183.43 1184.412 1185.458 1186.505 1187.551 1188.602 1189.672 1190.741 1191.81 1192.879 1193.775 1194.604 1195.433 1196.262 1197.003 1197.38 1197.758 1198.135 1198.512 1198.807
1107.469 1108.755 1110.04 1110.725 1110.803 1110.88 1110.958 1111.035 1110.323 1109.587 1108.851 1108.115 1107.947 1108.483 1109.019 1109.556 1110.092 1113.298 1116.733 1120.168 1123.603 1127.355 1131.589 1135.823 1140.057 1144.291 1148.197 1152.053 1155.91 1159.766 1163.342 1166.386 1169.43 1172.474 1175.517 1177.32 1178.85 1180.38 1181.91 1183.173 1183.797 1184.42 1185.044 1185.668 1186.521 1187.443 1188.364 1189.286 1190.212 1191.151 1192.09 1193.03 1193.969 1194.813 1195.62 1196.427 1197.235 1197.965 1198.374 1198.784 1199.194 1199.604 1199.869
1108.535 1109.923 1111.311 1112.126 1112.36 1112.595 1112.829 1113.064 1112.487 1111.886 1111.286 1110.685 1110.599 1111.152 1111.704 1112.257 1112.809 1115.962 1119.337 1122.713 1126.089 1129.8 1134.023 1138.246 1142.47 1146.693 1150.531 1154.312 1158.093 1161.873 1165.412 1168.494 1171.576 1174.658 1177.74 1179.664 1181.335 1183.006 1184.676 1185.995 1186.473 1186.951 1187.428 1187.906 1188.63 1189.427 1190.224 1191.021 1191.821 1192.63 1193.44 1194.249 1195.058 1195.851 1196.636 1197.422 1198.207 1198.926 1199.368 1199.811 1200.253 1200.695 1200.931
1109.6 1111.091 1112.582 1113.527 1113.918 1114.309 1114.701 1115.092 1114.651 1114.186 1113.721 1113.256 1113.252 1113.82 1114.389 1114.958 1115.527 1118.626 1121.942 1125.258 1128.574 1132.245 1136.457 1140.67 1144.882 1149.095 1152.866 1156.571 1160.275 1163.98 1167.483 1170.603 1173.722 1176.842 1179.962 1182.008 1183.82 1185.631 1187.443 1188.818 1189.149 1189.481 1189.813 1190.144 1190.738 1191.411 1192.083 1192.756 1193.43 1194.11 1194.789 1195.469 1196.148 1196.888 1197.652 1198.416 1199.18 1199.888 1200.362 1200.837 1201.312 1201.786 1201.994
1110.665 1112.259 1113.852 1114.927 1115.475 1116.024 1116.572 1117.12 1116.816 1116.486 1116.156 1115.826 1115.904 1116.489 1117.074 1117.659 1118.244 1121.29 1124.546 1127.803 1131.059 1134.69 1138.892 1143.093 1147.295 1151.497 1155.2 1158.829 1162.458 1166.087 1169.554 1172.711 1175.869 1179.026 1182.184 1184.353 1186.305 1188.257 1190.209 1191.641 1191.826 1192.011 1192.197 1192.382 1192.847 1193.395 1193.943 1194.491 1195.04 1195.589 1196.139 1196.688 1197.238 1197.926 1198.668 1199.411 1200.153 1200.849 1201.356 1201.864 1202.371 1202.878 1203.056
1111.127 1112.848 1114.568 1115.802 1116.544 1117.285 1118.026 1118.768 1118.728 1118.666 1118.603 1118.54 1118.828 1119.549 1120.27 1120.991 1121.713 1124.817 1128.126 1131.435 1134.744 1138.358 1142.437 1146.516 1150.595 1154.673 1158.316 1161.893 1165.47 1169.048 1172.45 1175.522 1178.593 1181.665 1184.736 1186.801 1188.646 1190.491 1192.336 1193.694 1193.89 1194.085 1194.281 1194.476 1194.893 1195.377 1195.86 1196.344 1196.832 1197.336 1197.84 1198.343 1198.847 1199.524 1200.269 1201.013 1201.758 1202.453 1202.945 1203.437 1203.928 1204.42 1204.55
1111.376 1113.232 1115.088 1116.492 1117.439 1118.386 1119.333 1120.28 1120.552 1120.803 1121.054 1121.306 1121.846 1122.746 1123.646 1124.546 1125.446 1128.649 1132.05 1135.451 1138.853 1142.458 1146.374 1150.291 1154.207 1158.124 1161.707 1165.241 1168.775 1172.309 1175.639 1178.58 1181.522 1184.463 1187.405 1189.287 1190.937 1192.587 1194.237 1195.477 1195.737 1195.998 1196.258 1196.518 1196.917 1197.357 1197.798 1198.238 1198.69 1199.177 1199.665 1200.152 1200.64 1201.32 1202.075 1202.831 1203.586 1204.284 1204.743 1205.202 1205.661 1206.12 1206.197
1111.625 1113.616 1115.607 1117.182 1118.335 1119.488 1120.64 1121.793 1122.375 1122.941 1123.506 1124.071 1124.865 1125.944 1127.022 1128.101 1129.18 1132.482 1135.975 1139.468 1142.961 1146.557 1150.311 1154.065 1157.82 1161.574 1165.099 1168.589 1172.08 1175.571 1178.827 1181.639 1184.45 1187.262 1190.073 1191.772 1193.228 1194.683 1196.138 1197.26 1197.585 1197.91 1198.236 1198.561 1198.941 1199.338 1199.735 1200.132 1200.547 1201.019 1201.49 1201.961 1202.432 1203.116 1203.882 1204.648 1205.414 1206.115 1206.541 1206.968 1207.395 1207.821 1207.844
1111.874 1114.001 1116.127 1117.872 1119.231 1120.589 1121.947 1123.306 1124.199 1125.078 1125.957 1126.837 1127.884 1129.141 1130.399 1131.656 1132.913 1136.314 1139.899 1143.484 1147.069 1150.657 1154.249 1157.84 1161.432 1165.024 1168.49 1171.937 1175.385 1178.832 1182.015 1184.697 1187.379 1190.06 1192.742 1194.258 1195.518 1196.779 1198.039 1199.043 1199.433 1199.823 1200.213 1200.603 1200.965 1201.319 1201.673 1202.026 1202.405 1202.86 1203.315 1203.77 1204.225 1204.911 1205.688 1206.466 1207.243 1207.945 1208.34 1208.734 1209.128 1209.522 1209.49
1112.012 1114.271 1116.529 1118.447 1120.02 1121.593 1123.166 1124.739 1125.938 1127.127 1128.316 1129.505 1130.815 1132.276 1133.737 1135.198 1136.659 1140.124 1143.76 1147.397 1151.033 1154.598 1158.052 1161.507 1164.961 1168.416 1171.82 1175.216 1178.613 1182.009 1185.103 1187.622 1190.14 1192.659 1195.178 1196.525 1197.614 1198.704 1199.794 1200.697 1201.154 1201.611 1202.069 1202.526 1202.886 1203.218 1203.549 1203.88 1204.24 1204.689 1205.137 1205.586 1206.034 1206.724 1207.508 1208.291 1209.075 1209.779 1210.156 1210.533 1210.91 1211.287 1211.209
1111.714 1114.092 1116.469 1118.571 1120.393 1122.215 1124.036 1125.858 1127.349 1128.83 1130.311 1131.793 1133.4 1135.164 1136.928 1138.692 1140.456 1143.845 1147.373 1150.902 1154.43 1157.914 1161.331 1164.747 1168.164 1171.581 1174.909 1178.224 1181.54 1184.855 1187.794 1190.021 1192.247 1194.474 1196.7 1197.932 1198.946 1199.96 1200.974 1201.846 1202.379 1202.912 1203.445 1203.978 1204.402 1204.793 1205.183 1205.574 1205.987 1206.468 1206.949 1207.43 1207.911 1208.602 1209.375 1210.148 1210.92 1211.625 1212.045 1212.465 1212.886 1213.306 1213.213
1111.416 1113.913 1116.409 1118.695 1120.765 1122.836 1124.907 1126.978 1128.76 1130.533 1132.307 1134.08 1135.985 1138.052 1140.119 1142.187 1144.254 1147.567 1150.987 1154.407 1157.827 1161.23 1164.609 1167.988 1171.367 1174.746 1177.999 1181.233 1184.467 1187.701 1190.486 1192.42 1194.354 1196.288 1198.223 1199.34 1200.278 1201.216 1202.154 1202.995 1203.604 1204.213 1204.822 1205.431 1205.917 1206.368 1206.818 1207.269 1207.734 1208.248 1208.761 1209.275 1209.789 1210.481 1211.243 1212.005 1212.766 1213.47 1213.934 1214.398 1214.861 1215.325 1215.218
1111.118 1113.734 1116.349 1118.818 1121.138 1123.458 1125.778 1128.097 1130.171 1132.236 1134.302 1136.368 1138.569 1140.94 1143.31 1145.681 1148.051 1151.288 1154.6 1157.912 1161.223 1164.547 1167.888 1171.229 1174.569 1177.91 1181.088 1184.24 1187.393 1190.546 1193.177 1194.819 1196.461 1198.103 1199.745 1200.748 1201.61 1202.472 1203.334 1204.144 1204.829 1205.514 1206.198 1206.883 1207.433 1207.943 1208.453 1208.963 1209.481 1210.027 1210.573 1211.12 1211.666 1212.359 1213.11 1213.861 1214.612 1215.316 1215.823 1216.33 1216.837 1217.344 1217.222
1110.82 1113.555 1116.289 1118.942 1121.511 1124.079 1126.648 1129.217 1131.581 1133.939 1136.297 1138.655 1141.154 1143.828 1146.501 1149.175 1151.848 1155.01 1158.213 1161.417 1164.62 1167.863 1171.166 1174.469 1177.772 1181.075 1184.177 1187.249 1190.32 1193.392 1195.869 1197.218 1198.568 1199.918 1201.267 1202.155 1202.942 1203.728 1204.515 1205.293 1206.054 1206.814 1207.575 1208.335 1208.949 1209.518 1210.088 1210.657 1211.229 1211.807 1212.386 1212.964 1213.543 1214.237 1214.978 1215.718 1216.458 1217.161 1217.712 1218.262 1218.812 1219.363 1219.226
1110.199 1112.967 1115.734 1118.536 1121.371 1124.207 1127.043 1129.879 1132.436 1134.986 1137.535 1140.084 1142.775 1145.639 1148.504 1151.369 1154.234 1157.387 1160.565 1163.743 1166.922 1170.129 1173.379 1176.63 1179.881 1183.131 1186.086 1188.997 1191.909 1194.82 1197.154 1198.396 1199.637 1200.878 1202.12 1203.0 1203.801 1204.602 1205.402 1206.203 1207.003 1207.803 1208.604 1209.404 1210.083 1210.727 1211.37 1212.014 1212.66 1213.314 1213.968 1214.622 1215.277 1216.006 1216.764 1217.522 1218.281 1219.012 1219.635 1220.257 1220.88 1221.502 1221.399
1109.418 1112.175 1114.931 1117.864 1120.976 1124.088 1127.2 1130.312 1133.014 1135.704 1138.394 1141.084 1143.913 1146.913 1149.913 1152.913 1155.913 1159.092 1162.286 1165.481 1168.675 1171.869 1175.06 1178.251 1181.442 1184.633 1187.406 1190.117 1192.828 1195.538 1197.736 1198.961 1200.187 1201.412 1202.637 1203.563 1204.423 1205.284 1206.144 1206.993 1207.815 1208.637 1209.459 1210.281 1211.027 1211.752 1212.477 1213.201 1213.932 1214.684 1215.436 1216.188 1216.939 1217.719 1218.51 1219.301 1220.091 1220.866 1221.575 1222.284 1222.994 1223.703 1223.657
1108.637 1111.383 1114.128 1117.193 1120.581 1123.969 1127.357 1130.745 1133.591 1136.422 1139.253 1142.084 1145.051 1148.186 1151.321 1154.457 1157.592 1160.797 1164.008 1167.218 1170.429 1173.609 1176.74 1179.872 1183.003 1186.135 1188.726 1191.236 1193.747 1196.257 1198.318 1199.527 1200.736 1201.945 1203.154 1204.126 1205.046 1205.966 1206.886 1207.784 1208.627 1209.47 1210.314 1211.157 1211.972 1212.778 1213.583 1214.389 1215.206 1216.055 1216.904 1217.753 1218.602 1219.433 1220.256 1221.079 1221.902 1222.72 1223.516 1224.312 1225.107 1225.903 1225.915
1107.856 1110.591 1113.326 1116.522 1120.186 1123.85 1127.514 1131.177 1134.169 1137.141 1140.112 1143.084 1146.189 1149.459 1152.73 1156.001 1159.271 1162.502 1165.729 1168.956 1172.183 1175.348 1178.42 1181.493 1184.565 1187.637 1190.046 1192.356 1194.666 1196.976 1198.901 1200.093 1201.286 1202.479 1203.672 1204.689 1205.669 1206.648 1207.628 1208.574 1209.439 1210.304 1211.169 1212.034 1212.916 1213.803 1214.69 1215.577 1216.479 1217.425 1218.372 1219.318 1220.265 1221.146 1222.002 1222.857 1223.713 1224.574 1225.456 1226.339 1227.221 1228.103 1228.173
1107.14 1109.857 1112.574 1115.89 1119.814 1123.738 1127.661 1131.585 1134.724 1137.839 1140.954 1144.069 1147.307 1150.697 1154.086 1157.476 1160.866 1164.094 1167.308 1170.523 1173.737 1176.864 1179.859 1182.854 1185.849 1188.844 1191.092 1193.23 1195.367 1197.505 1199.317 1200.513 1201.71 1202.906 1204.102 1205.172 1206.215 1207.258 1208.3 1209.3 1210.197 1211.095 1211.992 1212.889 1213.839 1214.806 1215.772 1216.738 1217.721 1218.757 1219.793 1220.83 1221.866 1222.798 1223.69 1224.582 1225.473 1226.38 1227.346 1228.313 1229.28 1230.247 1230.385
1106.862 1109.514 1112.166 1115.525 1119.6 1123.675 1127.75 1131.826 1135.126 1138.404 1141.681 1144.959 1148.291 1151.692 1155.093 1158.493 1161.894 1164.933 1167.942 1170.95 1173.959 1176.885 1179.685 1182.485 1185.285 1188.085 1190.318 1192.466 1194.615 1196.763 1198.629 1199.961 1201.292 1202.624 1203.955 1205.121 1206.25 1207.379 1208.509 1209.6 1210.6 1211.6 1212.6 1213.6 1214.624 1215.655 1216.686 1217.717 1218.759 1219.833 1220.907 1221.981 1223.055 1224.041 1224.992 1225.944 1226.895 1227.863 1228.9 1229.937 1230.974 1232.011 1232.297
1106.584 1109.171 1111.758 1115.159 1119.386 1123.613 1127.839 1132.066 1135.529 1138.969 1142.409 1145.849 1149.276 1152.687 1156.099 1159.51 1162.922 1165.773 1168.576 1171.378 1174.181 1176.906 1179.511 1182.116 1184.721 1187.326 1189.543 1191.703 1193.862 1196.021 1197.941 1199.408 1200.875 1202.342 1203.808 1205.069 1206.285 1207.501 1208.717 1209.9 1211.003 1212.105 1213.208 1214.312 1215.409 1216.505 1217.601 1218.697 1219.797 1220.909 1222.021 1223.133 1224.245 1225.284 1226.295 1227.306 1228.317 1229.346 1230.453 1231.561 1232.668 1233.776 1234.208
1106.305 1108.828 1111.35 1114.793 1119.172 1123.55 1127.928 1132.307 1135.932 1139.534 1143.136 1146.739 1150.26 1153.683 1157.105 1160.527 1163.949 1166.612 1169.209 1171.806 1174.404 1176.927 1179.337 1181.747 1184.158 1186.568 1188.769 1190.939 1193.109 1195.279 1197.253 1198.855 1200.457 1202.059 1203.662 1205.018 1206.32 1207.623 1208.925 1210.199 1211.405 1212.611 1213.817 1215.023 1216.194 1217.355 1218.516 1219.677 1220.835 1221.985 1223.135 1224.285 1225.435 1226.527 1227.598 1228.668 1229.738 1230.829 1232.007 1233.185 1234.363 1235.541 1236.119
1106.027 1108.484 1110.942 1114.428 1118.958 1123.488 1128.018 1132.547 1136.334 1140.099 1143.864 1147.628 1151.245 1154.678 1158.111 1161.544 1164.977 1167.451 1169.843 1172.234 1174.626 1176.948 1179.163 1181.378 1183.594 1185.809 1187.995 1190.175 1192.356 1194.537 1196.565 1198.302 1200.04 1201.777 1203.515 1204.967 1206.356 1207.745 1209.134 1210.499 1211.808 1213.116 1214.425 1215.734 1216.979 1218.205 1219.43 1220.656 1221.873 1223.061 1224.249 1225.436 1226.624 1227.77 1228.9 1230.03 1231.16 1232.313 1233.561 1234.809 1236.057 1237.305 1238.03
1106.164 1108.705 1111.245 1114.842 1119.51 1124.179 1128.848 1133.516 1137.415 1141.29 1145.166 1149.042 1152.732 1156.192 1159.652 1163.112 1166.572 1168.983 1171.304 1173.625 1175.945 1178.127 1180.096 1182.065 1184.034 1186.003 1188.018 1190.039 1192.06 1194.082 1196.024 1197.816 1199.609 1201.401 1203.193 1204.697 1206.137 1207.577 1209.018 1210.444 1211.836 1213.228 1214.62 1216.013 1217.297 1218.549 1219.802 1221.054 1222.301 1223.533 1224.765 1225.998 1227.23 1228.475 1229.726 1230.976 1232.227 1233.495 1234.836 1236.177 1237.518 1238.859 1239.712
