data/zism_data/01026_04_D.txt
ncols         224
nrows         224
[rows 168 to 195 of 224, columns 63 to 125 of 224]
1895.391 1895.137 1894.882 1894.628 1895.976 1897.89 1899.804 1901.718 1903.915 1907.331 1910.747 1914.163 1917.579 1920.271 1922.551 1924.832 1927.112 1929.197 1929.225 1929.253 1929.281 1929.31 1929.48 1929.773 1930.067 1930.36 1930.654 1930.99 1931.327 1931.663 1932.0 1930.707 1927.297 1923.886 1920.475 1917.064 1911.377 1905.391 1899.406 1893.42 1886.802 1878.918 1871.035 1863.151 1855.268 1846.839 1838.259 1829.678 1821.098 1813.941 1811.503 1809.065 1806.627 1804.189 1803.1 1802.643 1802.187 1801.73 1801.245 1800.576 1799.906 1799.236 1798.567
1895.472 1894.862 1894.253 1893.643 1894.668 1896.27 1897.871 1899.473 1901.4 1904.724 1908.048 1911.373 1914.697 1917.085 1918.94 1920.795 1922.65 1924.295 1923.726 1923.156 1922.587 1922.018 1921.548 1921.163 1920.778 1920.394 1920.009 1920.935 1921.88 1922.824 1923.769 1923.279 1920.923 1918.568 1916.212 1913.856 1908.819 1903.431 1898.042 1892.654 1886.461 1878.658 1870.856 1863.053 1855.25 1847.092 1838.834 1830.577 1822.319 1815.43 1813.072 1810.715 1808.357 1806.0 1804.816 1804.182 1803.547 1802.913 1802.257 1801.458 1800.659 1799.861 1799.062
1895.552 1894.588 1893.623 1892.658 1893.359 1894.649 1895.939 1897.228 1898.884 1902.117 1905.35 1908.583 1911.816 1913.899 1915.329 1916.759 1918.189 1919.393 1918.226 1917.06 1915.893 1914.727 1913.616 1912.553 1911.49 1910.427 1909.364 1910.879 1912.432 1913.986 1915.539 1915.851 1914.55 1913.249 1911.948 1910.647 1906.261 1901.47 1896.679 1891.888 1886.12 1878.399 1870.677 1862.955 1855.233 1847.344 1839.41 1831.475 1823.541 1816.918 1814.641 1812.365 1810.088 1807.811 1806.532 1805.72 1804.908 1804.096 1803.269 1802.341 1801.413 1800.485 1799.557
1894.277 1892.947 1891.617 1890.286 1890.709 1891.75 1892.791 1893.832 1895.273 1898.435 1901.596 1904.758 1907.919 1909.686 1910.661 1911.635 1912.61 1913.363 1911.79 1910.217 1908.644 1907.072 1905.765 1904.688 1903.611 1902.534 1901.457 1903.224 1905.033 1906.843 1908.652 1909.467 1908.99 1908.512 1908.035 1907.557 1904.109 1900.271 1896.433 1892.595 1887.651 1880.493 1873.334 1866.176 1859.018 1851.361 1843.565 1835.768 1827.972 1821.39 1818.828 1816.267 1813.705 1811.144 1809.564 1808.443 1807.323 1806.202 1805.085 1803.991 1802.897 1801.803 1800.709
1892.181 1890.48 1888.778 1887.077 1887.247 1888.078 1888.91 1889.741 1891.0 1894.102 1897.205 1900.307 1903.409 1904.853 1905.354 1905.854 1906.355 1906.651 1904.787 1902.924 1901.06 1899.197 1897.963 1897.273 1896.584 1895.895 1895.205 1897.021 1898.873 1900.725 1902.578 1903.714 1903.92 1904.126 1904.332 1904.538 1902.202 1899.532 1896.862 1894.192 1890.312 1884.01 1877.707 1871.405 1865.103 1857.652 1849.883 1842.114 1834.345 1827.665 1824.598 1821.531 1818.463 1815.396 1813.39 1811.882 1810.374 1808.866 1807.387 1806.105 1804.823 1803.54 1802.258
1890.086 1888.013 1885.94 1883.867 1883.785 1884.406 1885.028 1885.649 1886.727 1889.77 1892.813 1895.856 1898.899 1900.019 1900.046 1900.073 1900.101 1899.938 1897.784 1895.63 1893.476 1891.322 1890.161 1889.859 1889.557 1889.255 1888.953 1890.817 1892.712 1894.608 1896.503 1897.961 1898.851 1899.741 1900.63 1901.52 1900.295 1898.793 1897.292 1895.79 1892.973 1887.526 1882.08 1876.634 1871.187 1863.944 1856.202 1848.459 1840.717 1833.941 1830.368 1826.794 1823.221 1819.647 1817.217 1815.321 1813.426 1811.53 1809.69 1808.219 1806.748 1805.277 1803.807
1887.99 1885.546 1883.101 1880.657 1880.323 1880.735 1881.146 1881.557 1882.454 1885.438 1888.421 1891.405 1894.389 1895.186 1894.739 1894.293 1893.846 1893.226 1890.781 1888.337 1885.892 1883.447 1882.359 1882.445 1882.53 1882.616 1882.702 1884.613 1886.552 1888.49 1890.429 1892.208 1893.781 1895.355 1896.928 1898.501 1898.389 1898.055 1897.721 1897.387 1895.634 1891.043 1886.453 1881.862 1877.272 1870.236 1862.52 1854.805 1847.089 1840.217 1836.138 1832.058 1827.979 1823.899 1821.044 1818.76 1816.477 1814.194 1811.992 1810.333 1808.674 1807.015 1805.355
1885.867 1883.066 1880.265 1877.464 1876.871 1877.056 1877.242 1877.428 1878.121 1881.0 1883.879 1886.759 1889.638 1890.102 1889.193 1888.285 1887.376 1886.314 1883.641 1880.967 1878.294 1875.62 1874.639 1875.121 1875.604 1876.087 1876.569 1878.529 1880.511 1882.493 1884.475 1886.552 1888.751 1890.95 1893.15 1895.349 1896.259 1897.0 1897.741 1898.482 1897.71 1893.912 1890.115 1886.318 1882.52 1875.672 1867.976 1860.281 1852.585 1845.633 1841.144 1836.655 1832.167 1827.678 1824.467 1821.855 1819.242 1816.63 1814.121 1812.3 1810.478 1808.657 1806.836
1883.454 1880.454 1877.454 1874.454 1873.519 1873.311 1873.104 1872.897 1873.161 1875.459 1877.757 1880.055 1882.353 1882.39 1881.143 1879.895 1878.648 1877.313 1875.059 1872.805 1870.551 1868.298 1867.777 1868.754 1869.732 1870.71 1871.688 1873.703 1875.733 1877.764 1879.794 1881.907 1884.128 1886.349 1888.57 1890.79 1891.788 1892.626 1893.464 1894.302 1893.639 1889.977 1886.314 1882.651 1878.988 1872.127 1864.378 1856.628 1848.879 1842.025 1838.139 1834.253 1830.367 1826.481 1823.657 1821.33 1819.003 1816.676 1814.43 1812.722 1811.013 1809.305 1807.597
1881.042 1877.843 1874.644 1871.445 1870.166 1869.566 1868.966 1868.366 1868.202 1869.919 1871.635 1873.352 1875.069 1874.679 1873.092 1871.505 1869.919 1868.311 1866.477 1864.643 1862.809 1860.975 1860.914 1862.387 1863.86 1865.333 1866.806 1868.876 1870.955 1873.034 1875.113 1877.263 1879.505 1881.747 1883.99 1886.232 1887.318 1888.253 1889.188 1890.122 1889.569 1886.041 1882.513 1878.984 1875.456 1868.582 1860.779 1852.976 1845.173 1838.417 1835.134 1831.851 1828.568 1825.284 1822.847 1820.805 1818.764 1816.722 1814.739 1813.143 1811.548 1809.953 1808.357
1878.63 1875.231 1871.833 1868.435 1866.814 1865.821 1864.828 1863.835 1863.243 1864.378 1865.513 1866.649 1867.784 1866.967 1865.042 1863.116 1861.19 1859.309 1857.895 1856.48 1855.066 1853.652 1854.052 1856.02 1857.988 1859.956 1861.924 1864.049 1866.177 1868.304 1870.431 1872.618 1874.882 1877.146 1879.41 1881.673 1882.848 1883.879 1884.911 1885.943 1885.499 1882.105 1878.711 1875.318 1871.924 1865.037 1857.18 1849.323 1841.466 1834.809 1832.129 1829.449 1826.768 1824.088 1822.037 1820.281 1818.524 1816.768 1815.047 1813.565 1812.083 1810.6 1809.118
1876.217 1872.62 1869.022 1865.425 1863.462 1862.076 1860.69 1859.304 1858.283 1858.837 1859.391 1859.945 1860.5 1859.256 1856.991 1854.726 1852.461 1850.307 1849.312 1848.318 1847.324 1846.33 1847.19 1849.653 1852.116 1854.579 1857.043 1859.223 1861.398 1863.574 1865.75 1867.974 1870.259 1872.544 1874.83 1877.115 1878.377 1879.506 1880.634 1881.763 1881.429 1878.17 1874.91 1871.651 1868.392 1861.492 1853.582 1845.671 1837.76 1831.202 1829.124 1827.046 1824.969 1822.891 1821.227 1819.756 1818.285 1816.814 1815.356 1813.987 1812.617 1811.248 1809.879
1874.878 1871.088 1867.297 1863.506 1861.176 1859.361 1857.547 1855.732 1854.215 1853.981 1853.746 1853.511 1853.277 1851.59 1849.078 1846.565 1844.053 1841.723 1841.3 1840.876 1840.453 1840.03 1841.309 1844.06 1846.811 1849.562 1852.313 1854.498 1856.674 1858.851 1861.028 1863.16 1865.232 1867.305 1869.378 1871.451 1872.392 1873.184 1873.977 1874.769 1874.225 1871.009 1867.792 1864.576 1861.359 1854.886 1847.509 1840.131 1832.753 1826.752 1825.313 1823.874 1822.435 1820.995 1819.743 1818.578 1817.413 1816.248 1815.069 1813.801 1812.533 1811.265 1809.997
1874.415 1870.436 1866.457 1862.478 1859.76 1857.488 1855.216 1852.944 1850.875 1849.683 1848.49 1847.297 1846.104 1843.961 1841.276 1838.592 1835.907 1833.48 1833.751 1834.022 1834.293 1834.564 1836.229 1839.098 1841.967 1844.837 1847.706 1849.856 1851.995 1854.134 1856.273 1858.208 1859.877 1861.546 1863.215 1864.884 1865.169 1865.273 1865.377 1865.48 1864.466 1861.218 1857.969 1854.72 1851.471 1845.783 1839.417 1833.051 1826.685 1821.616 1820.844 1820.073 1819.301 1818.529 1817.71 1816.868 1816.025 1815.183 1814.298 1813.121 1811.945 1810.768 1809.591
1873.952 1869.784 1865.616 1861.449 1858.344 1855.615 1852.885 1850.156 1847.535 1845.384 1843.234 1841.083 1838.932 1836.331 1833.475 1830.618 1827.761 1825.237 1826.202 1827.168 1828.133 1829.099 1831.148 1834.136 1837.124 1840.112 1843.1 1845.214 1847.315 1849.417 1851.518 1853.256 1854.521 1855.787 1857.052 1858.318 1857.947 1857.362 1856.776 1856.191 1854.707 1851.426 1848.145 1844.864 1841.583 1836.679 1831.325 1825.971 1820.617 1816.48 1816.376 1816.272 1816.167 1816.063 1815.676 1815.157 1814.638 1814.119 1813.526 1812.441 1811.356 1810.271 1809.186
1873.488 1869.132 1864.776 1860.42 1856.928 1853.741 1850.554 1847.367 1844.195 1841.086 1837.977 1834.869 1831.76 1828.702 1825.673 1822.644 1819.615 1816.994 1818.654 1820.313 1821.973 1823.633 1826.068 1829.174 1832.281 1835.387 1838.493 1840.572 1842.636 1844.699 1846.763 1848.304 1849.166 1850.028 1850.89 1851.751 1850.725 1849.45 1848.176 1846.902 1844.948 1841.635 1838.321 1835.008 1831.694 1827.576 1823.234 1818.891 1814.549 1811.344 1811.908 1812.471 1813.034 1813.597 1813.643 1813.447 1813.25 1813.054 1812.754 1811.76 1810.767 1809.773 1808.78
1873.039 1868.496 1863.953 1859.411 1855.533 1851.892 1848.25 1844.608 1840.887 1836.828 1832.77 1828.711 1824.652 1821.143 1817.946 1814.749 1811.552 1808.836 1811.177 1813.518 1815.858 1818.199 1821.012 1824.233 1827.455 1830.676 1833.898 1835.939 1837.963 1839.987 1842.011 1843.354 1843.812 1844.271 1844.729 1845.187 1843.505 1841.543 1839.58 1837.618 1835.198 1831.862 1828.526 1825.191 1821.855 1818.526 1815.198 1811.871 1808.543 1806.27 1807.489 1808.707 1809.926 1811.145 1811.617 1811.739 1811.86 1811.982 1811.971 1811.067 1810.164 1809.261 1808.357
1873.547 1868.923 1864.3 1859.676 1855.572 1851.65 1847.728 1843.806 1839.783 1835.326 1830.869 1826.412 1821.955 1818.37 1815.281 1812.192 1809.102 1806.465 1808.58 1810.694 1812.809 1814.924 1817.58 1820.704 1823.829 1826.954 1830.078 1831.932 1833.768 1835.603 1837.439 1838.505 1838.57 1838.635 1838.701 1838.766 1836.477 1833.88 1831.282 1828.685 1826.06 1823.381 1820.702 1818.023 1815.344 1813.101 1810.979 1808.857 1806.735 1805.356 1806.434 1807.513 1808.592 1809.671 1810.091 1810.202 1810.313 1810.424 1810.404 1809.506 1808.608 1807.71 1806.812
1874.055 1869.351 1864.647 1859.942 1855.609 1851.408 1847.206 1843.004 1838.679 1833.824 1828.969 1824.114 1819.258 1815.598 1812.616 1809.634 1806.652 1804.094 1805.983 1807.871 1809.76 1811.648 1814.148 1817.175 1820.203 1823.231 1826.258 1827.926 1829.573 1831.22 1832.867 1833.655 1833.328 1833.0 1832.672 1832.345 1829.449 1826.216 1822.984 1819.751 1816.922 1814.9 1812.877 1810.855 1808.833 1807.676 1806.76 1805.844 1804.927 1804.441 1805.38 1806.319 1807.258 1808.197 1808.565 1808.665 1808.765 1808.866 1808.837 1807.944 1807.052 1806.159 1805.266
1874.563 1869.778 1864.993 1860.208 1855.648 1851.166 1846.684 1842.203 1837.576 1832.322 1827.069 1821.815 1816.561 1812.825 1809.951 1807.077 1804.203 1801.723 1803.385 1805.048 1806.71 1808.373 1810.715 1813.646 1816.577 1819.508 1822.439 1823.919 1825.377 1826.836 1828.295 1828.806 1828.086 1827.365 1826.644 1825.924 1822.421 1818.553 1814.685 1810.818 1807.784 1806.418 1805.053 1803.687 1802.322 1802.251 1802.541 1802.83 1803.12 1803.527 1804.326 1805.125 1805.924 1806.723 1807.039 1807.128 1807.218 1807.308 1807.27 1806.383 1805.495 1804.608 1803.721
1875.072 1870.206 1865.34 1860.474 1855.686 1850.924 1846.163 1841.401 1836.472 1830.82 1825.168 1819.516 1813.864 1810.052 1807.286 1804.519 1801.753 1799.352 1800.788 1802.225 1803.661 1805.097 1807.283 1810.117 1812.951 1815.785 1818.619 1819.912 1821.182 1822.453 1823.723 1823.957 1822.843 1821.73 1820.616 1819.503 1815.393 1810.89 1806.387 1801.884 1798.646 1797.937 1797.228 1796.519 1795.81 1796.826 1798.321 1799.817 1801.312 1802.613 1803.272 1803.931 1804.59 1805.249 1805.513 1805.592 1805.67 1805.749 1805.703 1804.821 1803.939 1803.057 1802.176
1876.288 1871.419 1866.55 1861.681 1856.711 1851.706 1846.7 1841.695 1836.504 1830.513 1824.522 1818.531 1812.54 1808.575 1805.762 1802.948 1800.135 1797.673 1798.893 1800.114 1801.335 1802.555 1804.528 1807.152 1809.776 1812.4 1815.024 1815.917 1816.785 1817.654 1818.522 1818.325 1816.744 1815.163 1813.582 1812.001 1807.651 1802.938 1798.224 1793.511 1790.316 1790.159 1790.001 1789.843 1789.685 1791.4 1793.635 1795.87 1798.104 1799.944 1800.476 1801.008 1801.54 1802.072 1802.286 1802.352 1802.417 1802.483 1802.417 1801.476 1800.536 1799.595 1798.654
1878.279 1873.49 1868.702 1863.913 1858.813 1853.603 1848.393 1843.184 1837.775 1831.509 1825.244 1818.978 1812.713 1808.511 1805.483 1802.454 1799.426 1796.749 1797.765 1798.781 1799.797 1800.813 1802.512 1804.802 1807.093 1809.383 1811.673 1811.936 1812.169 1812.402 1812.635 1811.84 1809.71 1807.58 1805.45 1803.32 1799.13 1794.67 1790.209 1785.749 1782.868 1783.147 1783.425 1783.703 1783.981 1785.972 1788.438 1790.904 1793.371 1795.362 1795.781 1796.2 1796.619 1797.038 1797.205 1797.254 1797.304 1797.353 1797.256 1796.187 1795.117 1794.047 1792.977
1880.269 1875.561 1870.853 1866.146 1860.916 1855.501 1850.087 1844.672 1839.046 1832.506 1825.966 1819.426 1812.886 1808.448 1805.204 1801.96 1798.716 1795.825 1796.636 1797.448 1798.259 1799.071 1800.496 1802.453 1804.409 1806.365 1808.322 1807.954 1807.552 1807.15 1806.748 1805.356 1802.677 1799.997 1797.318 1794.639 1790.609 1786.402 1782.194 1777.987 1775.42 1776.135 1776.849 1777.563 1778.277 1780.544 1783.241 1785.939 1788.637 1790.78 1791.086 1791.392 1791.698 1792.003 1792.124 1792.157 1792.19 1792.223 1792.096 1790.897 1789.698 1788.498 1787.299
1882.259 1877.632 1873.005 1868.378 1863.018 1857.399 1851.78 1846.161 1840.317 1833.502 1826.688 1819.873 1813.059 1808.384 1804.925 1801.465 1798.006 1794.9 1795.507 1796.115 1796.722 1797.329 1798.48 1800.103 1801.726 1803.348 1804.971 1803.972 1802.935 1801.898 1800.86 1798.871 1795.643 1792.415 1789.187 1785.958 1782.088 1778.134 1774.18 1770.225 1767.972 1769.123 1770.273 1771.423 1772.573 1775.116 1778.045 1780.974 1783.903 1786.198 1786.391 1786.583 1786.776 1786.969 1787.042 1787.059 1787.076 1787.094 1786.935 1785.607 1784.278 1782.95 1781.622
1884.249 1879.703 1875.157 1870.61 1865.12 1859.297 1853.473 1847.65 1841.588 1834.499 1827.41 1820.321 1813.232 1808.32 1804.646 1800.971 1797.296 1793.976 1794.379 1794.781 1795.184 1795.586 1796.464 1797.753 1799.042 1800.331 1801.62 1799.991 1798.318 1796.646 1794.973 1792.386 1788.609 1784.832 1781.055 1777.278 1773.567 1769.866 1766.165 1762.463 1760.524 1762.111 1763.697 1765.283 1766.869 1769.688 1772.848 1776.009 1779.169 1781.616 1781.695 1781.775 1781.855 1781.935 1781.961 1781.962 1781.963 1781.964 1781.774 1780.317 1778.859 1777.402 1775.944
1885.872 1881.533 1877.195 1872.856 1867.34 1861.408 1855.476 1849.545 1843.381 1836.221 1829.06 1821.899 1814.739 1809.612 1805.641 1801.67 1797.699 1794.067 1793.991 1793.915 1793.839 1793.764 1794.018 1794.557 1795.097 1795.636 1796.176 1793.949 1791.682 1789.415 1787.148 1784.143 1780.177 1776.21 1772.245 1768.278 1764.635 1761.035 1757.434 1753.834 1751.917 1753.366 1754.815 1756.264 1757.714 1760.298 1763.198 1766.099 1768.999 1771.24 1771.298 1771.356 1771.414 1771.472 1771.491 1771.491 1771.491 1771.491 1771.319 1770.007 1768.694 1767.381 1766.068
1887.473 1883.349 1879.226 1875.102 1869.567 1863.533 1857.499 1851.465 1845.207 1837.987 1830.768 1823.548 1816.328 1810.987 1806.715 1802.443 1798.17 1794.219 1793.649 1793.078 1792.507 1791.936 1791.545 1791.309 1791.073 1790.838 1790.602 1787.781 1784.922 1782.063 1779.204 1775.791 1771.658 1767.525 1763.393 1759.26 1755.678 1752.169 1748.66 1745.151 1743.237 1744.514 1745.791 1747.068 1748.345 1750.665 1753.275 1755.884 1758.494 1760.508 1760.55 1760.592 1760.634 1760.676 1760.689 1760.689 1760.689 1760.689 1760.539 1759.387 1758.236 1757.085 1755.933
