data/zism_data/01021_04_D.txt
ncols         224
nrows         224
[rows 0 to 27 of 224, columns 126 to 188 of 224]
1193.016 1176.796 1160.576 1144.357 1128.105 1110.811 1093.515 1076.221 1058.925 1045.177 1035.296 1025.416 1015.536 1005.655 1003.932 1002.847 1001.762 1000.676 1000.785 1002.869 1004.953 1007.037 1009.121 1017.479 1027.158 1036.837 1046.516 1057.756 1073.103 1088.449 1103.795 1119.142 1132.916 1146.093 1159.27 1172.447 1184.961 1194.329 1203.697 1213.065 1222.434 1228.699 1233.088 1237.477 1241.866 1245.164 1234.495 1223.827 1213.158 1202.49 1196.349 1194.36 1192.371 1190.381 1188.392 1199.212 1210.414 1221.616 1232.818 1250.853 1278.312 1305.77 1333.229
1202.11 1185.691 1169.272 1152.853 1136.404 1118.959 1101.513 1084.067 1066.621 1052.148 1040.917 1029.685 1018.454 1007.223 1005.103 1003.694 1002.286 1000.878 1000.584 1002.136 1003.687 1005.238 1006.789 1014.121 1022.669 1031.218 1039.767 1049.961 1064.484 1079.007 1093.53 1108.053 1121.226 1133.886 1146.546 1159.206 1171.172 1179.841 1188.509 1197.178 1205.846 1211.549 1215.459 1219.369 1223.279 1226.261 1217.363 1208.466 1199.568 1190.67 1186.539 1186.778 1187.017 1187.256 1187.495 1200.297 1213.475 1226.652 1239.83 1258.545 1284.901 1311.256 1337.612
1211.204 1194.586 1177.968 1161.35 1144.703 1127.107 1109.51 1091.914 1074.318 1059.12 1046.537 1033.955 1021.373 1008.79 1006.273 1004.541 1002.81 1001.079 1000.384 1001.402 1002.42 1003.438 1004.457 1010.762 1018.18 1025.599 1033.017 1042.165 1055.865 1069.564 1083.264 1096.964 1109.535 1121.679 1133.822 1145.965 1157.383 1165.352 1173.32 1181.289 1189.258 1194.399 1197.83 1201.261 1204.692 1207.358 1200.231 1193.104 1185.977 1178.85 1176.728 1179.196 1181.663 1184.13 1186.597 1201.383 1216.535 1231.688 1246.841 1266.238 1291.49 1316.742 1341.994
1220.106 1203.328 1186.551 1169.774 1152.979 1135.612 1118.244 1100.877 1083.509 1067.823 1053.972 1040.121 1026.27 1012.419 1009.089 1006.58 1004.072 1001.563 1000.248 1000.905 1001.563 1002.221 1002.878 1008.15 1014.393 1020.636 1026.88 1034.869 1047.453 1060.037 1072.621 1085.205 1096.979 1108.446 1119.913 1131.38 1142.114 1149.365 1156.617 1163.868 1171.12 1175.793 1178.908 1182.022 1185.136 1187.656 1182.564 1177.472 1172.381 1167.289 1167.246 1171.832 1176.418 1181.004 1185.59 1202.161 1219.089 1236.017 1252.946 1272.969 1297.263 1321.556 1345.85
1228.785 1211.895 1195.005 1178.115 1161.229 1144.529 1127.829 1111.129 1094.428 1078.53 1063.505 1048.481 1033.457 1018.432 1013.808 1009.997 1006.186 1002.375 1000.187 1000.683 1001.179 1001.675 1002.172 1006.401 1011.417 1016.433 1021.449 1028.149 1039.28 1050.41 1061.54 1072.671 1083.421 1094.027 1104.632 1115.238 1125.132 1131.647 1138.161 1144.675 1151.189 1155.504 1158.489 1161.474 1164.459 1167.029 1164.278 1161.528 1158.778 1156.028 1158.144 1164.722 1171.299 1177.877 1184.454 1202.583 1221.056 1239.529 1258.002 1278.589 1302.092 1325.593 1349.096
1237.464 1220.461 1203.458 1186.455 1169.479 1153.447 1137.413 1121.381 1105.348 1089.236 1073.038 1056.841 1040.643 1024.445 1018.528 1013.414 1008.301 1003.187 1000.126 1000.461 1000.795 1001.13 1001.465 1004.653 1008.441 1012.23 1016.019 1021.429 1031.106 1040.783 1050.461 1060.138 1069.864 1079.608 1089.353 1099.097 1108.151 1113.928 1119.705 1125.482 1131.259 1135.215 1138.071 1140.927 1143.783 1146.402 1145.993 1145.585 1145.176 1144.767 1149.042 1157.612 1166.18 1174.75 1183.319 1203.005 1223.023 1243.041 1263.059 1284.209 1306.92 1329.63 1352.342
1246.144 1229.027 1211.911 1194.795 1177.729 1162.364 1146.998 1131.633 1116.268 1099.943 1082.571 1065.2 1047.829 1030.458 1023.248 1016.831 1010.415 1003.999 1000.065 1000.238 1000.412 1000.585 1000.758 1002.904 1005.465 1008.027 1010.588 1014.709 1022.933 1031.157 1039.38 1047.605 1056.306 1065.189 1074.072 1082.956 1091.17 1096.21 1101.249 1106.288 1111.328 1114.926 1117.652 1120.379 1123.106 1125.775 1127.708 1129.641 1131.573 1133.506 1139.94 1150.501 1161.062 1171.623 1182.183 1203.428 1224.99 1246.553 1268.116 1289.829 1311.749 1333.668 1355.588
1254.823 1237.593 1220.364 1203.135 1185.979 1171.281 1156.583 1141.885 1127.187 1110.65 1092.104 1073.56 1055.016 1036.47 1027.967 1020.248 1012.529 1004.81 1000.004 1000.016 1000.028 1000.039 1000.051 1001.155 1002.49 1003.824 1005.158 1007.989 1014.76 1021.53 1028.301 1035.072 1042.749 1050.771 1058.793 1066.815 1074.189 1078.491 1082.793 1087.095 1091.397 1094.637 1097.234 1099.832 1102.43 1105.149 1109.423 1113.697 1117.971 1122.245 1130.838 1143.391 1155.943 1168.495 1181.048 1203.85 1226.957 1250.065 1273.173 1295.448 1316.577 1337.705 1358.834
1264.519 1247.675 1230.832 1213.989 1197.197 1182.128 1167.059 1151.99 1136.921 1119.98 1100.995 1082.011 1063.027 1044.043 1034.096 1024.854 1015.614 1006.372 1000.563 1000.428 1000.293 1000.158 1000.023 1000.818 1001.809 1002.799 1003.79 1005.968 1011.27 1016.573 1021.875 1027.178 1033.454 1040.101 1046.747 1053.394 1059.613 1063.801 1067.99 1072.178 1076.367 1079.928 1083.111 1086.293 1089.475 1092.811 1098.114 1103.416 1108.718 1114.021 1123.561 1136.987 1150.413 1163.839 1177.264 1200.593 1224.216 1247.84 1271.465 1293.911 1314.732 1335.553 1356.375
1274.293 1257.875 1241.457 1225.039 1208.647 1193.126 1177.604 1162.084 1146.562 1129.202 1109.836 1090.47 1071.104 1051.737 1040.334 1029.554 1018.773 1007.993 1001.169 1000.889 1000.609 1000.329 1000.049 1000.592 1001.308 1002.024 1002.74 1004.314 1008.147 1011.98 1015.813 1019.647 1024.493 1029.724 1034.954 1040.186 1045.224 1049.348 1053.472 1057.596 1061.72 1065.656 1069.479 1073.302 1077.124 1081.121 1087.35 1093.578 1099.806 1106.034 1116.427 1130.639 1144.85 1159.062 1173.273 1197.048 1221.108 1245.167 1269.228 1291.813 1312.366 1332.918 1353.471
1284.068 1268.074 1252.082 1236.089 1220.097 1204.124 1188.15 1172.177 1156.204 1138.425 1118.676 1098.928 1079.18 1059.431 1046.573 1034.253 1021.934 1009.614 1001.776 1001.35 1000.925 1000.499 1000.074 1000.365 1000.806 1001.248 1001.69 1002.66 1005.024 1007.388 1009.752 1012.115 1015.531 1019.346 1023.162 1026.977 1030.835 1034.894 1038.954 1043.013 1047.072 1051.383 1055.847 1060.31 1064.773 1069.431 1076.586 1083.739 1090.893 1098.047 1109.293 1124.291 1139.288 1154.285 1169.282 1193.503 1217.999 1242.495 1266.991 1289.716 1310.0 1330.283 1350.566
1293.842 1278.274 1262.707 1247.139 1231.546 1215.121 1198.696 1182.271 1165.845 1147.648 1127.517 1107.386 1087.256 1067.125 1052.812 1038.952 1025.093 1011.234 1002.382 1001.812 1001.241 1000.67 1000.099 1000.138 1000.305 1000.472 1000.639 1001.007 1001.901 1002.795 1003.69 1004.584 1006.569 1008.969 1011.369 1013.769 1016.446 1020.441 1024.436 1028.431 1032.425 1037.111 1042.215 1047.319 1052.422 1057.742 1065.822 1073.901 1081.981 1090.061 1102.159 1117.943 1133.726 1149.509 1165.292 1189.959 1214.891 1239.822 1264.754 1287.619 1307.634 1327.647 1347.662
1301.518 1286.013 1270.509 1255.004 1239.461 1222.621 1205.782 1188.942 1172.102 1153.733 1133.694 1113.655 1093.616 1073.577 1058.757 1044.344 1029.931 1015.518 1006.155 1005.142 1004.129 1003.116 1002.103 1001.619 1001.246 1000.873 1000.5 1000.216 1000.166 1000.115 1000.064 1000.014 1001.018 1002.424 1003.829 1005.235 1007.03 1010.676 1014.322 1017.968 1021.613 1026.198 1031.351 1036.503 1041.655 1047.056 1055.634 1064.212 1072.79 1081.368 1093.944 1110.187 1126.429 1142.672 1158.914 1183.652 1208.642 1233.633 1258.624 1281.459 1301.32 1321.18 1341.042
1305.931 1289.925 1273.92 1257.915 1241.875 1224.681 1207.486 1190.291 1173.096 1154.938 1135.727 1116.518 1097.308 1078.097 1064.246 1050.812 1037.379 1023.946 1014.852 1012.935 1011.018 1009.1 1007.183 1005.755 1004.429 1003.104 1001.778 1000.768 1000.589 1000.409 1000.229 1000.049 1000.773 1001.839 1002.906 1003.972 1005.349 1008.204 1011.059 1013.913 1016.768 1020.511 1024.792 1029.072 1033.353 1037.932 1046.344 1054.755 1063.166 1071.577 1084.048 1100.243 1116.437 1132.631 1148.824 1173.049 1197.512 1221.975 1246.439 1268.979 1288.867 1308.754 1328.642
1310.344 1293.837 1277.332 1260.826 1244.29 1226.74 1209.19 1191.64 1174.09 1156.142 1137.761 1119.38 1100.999 1082.618 1069.735 1057.281 1044.827 1032.373 1023.549 1020.728 1017.906 1015.085 1012.263 1009.891 1007.613 1005.335 1003.056 1001.321 1001.012 1000.703 1000.394 1000.085 1000.527 1001.254 1001.982 1002.709 1003.669 1005.732 1007.796 1009.859 1011.922 1014.824 1018.233 1021.641 1025.05 1028.809 1037.053 1045.297 1053.542 1061.786 1074.152 1090.298 1106.444 1122.589 1138.735 1162.445 1186.381 1210.317 1234.253 1256.498 1276.413 1296.328 1316.243
1314.756 1297.75 1280.743 1263.737 1246.705 1228.8 1210.894 1192.989 1175.083 1157.347 1139.795 1122.243 1104.691 1087.138 1075.224 1063.749 1052.275 1040.801 1032.247 1028.521 1024.795 1021.07 1017.344 1014.027 1010.796 1007.565 1004.335 1001.873 1001.435 1000.997 1000.559 1000.121 1000.281 1000.67 1001.058 1001.446 1001.988 1003.26 1004.532 1005.805 1007.077 1009.137 1011.674 1014.21 1016.747 1019.685 1027.762 1035.84 1043.917 1051.995 1064.256 1080.354 1096.45 1112.548 1128.645 1151.842 1175.25 1198.658 1222.067 1244.018 1263.96 1283.901 1303.843
1319.169 1301.661 1284.155 1266.648 1249.119 1230.859 1212.598 1194.338 1176.077 1158.552 1141.828 1125.105 1108.382 1091.658 1080.712 1070.218 1059.723 1049.229 1040.944 1036.314 1031.684 1027.054 1022.424 1018.163 1013.979 1009.796 1005.613 1002.425 1001.858 1001.291 1000.723 1000.156 1000.036 1000.085 1000.134 1000.183 1000.307 1000.788 1001.269 1001.75 1002.231 1003.45 1005.115 1006.779 1008.444 1010.561 1018.472 1026.383 1034.293 1042.204 1054.36 1070.409 1086.458 1102.507 1118.555 1141.238 1164.119 1187.0 1209.881 1231.538 1251.506 1271.474 1291.443
1324.094 1306.21 1288.327 1270.444 1252.547 1234.198 1215.849 1197.501 1179.152 1162.422 1147.457 1132.492 1117.528 1102.563 1093.387 1084.664 1075.941 1067.217 1060.024 1055.359 1050.695 1046.031 1041.366 1035.715 1029.856 1023.997 1018.139 1013.475 1011.954 1010.434 1008.914 1007.394 1006.158 1005.03 1003.903 1002.775 1001.834 1001.782 1001.729 1001.676 1001.624 1002.348 1003.541 1004.734 1005.927 1007.515 1014.164 1020.812 1027.46 1034.109 1044.87 1059.402 1073.934 1088.467 1102.998 1125.563 1148.368 1171.172 1193.977 1215.811 1236.308 1256.805 1277.302
1329.105 1310.866 1292.628 1274.39 1256.147 1237.755 1219.363 1200.971 1182.579 1166.743 1153.694 1140.646 1127.598 1114.549 1107.28 1100.462 1093.644 1086.826 1080.862 1076.311 1071.76 1067.208 1062.657 1055.541 1047.884 1040.227 1032.571 1026.303 1023.69 1021.077 1018.464 1015.851 1013.359 1010.913 1008.466 1006.02 1003.905 1003.362 1002.82 1002.277 1001.735 1002.022 1002.812 1003.601 1004.391 1005.5 1010.7 1015.901 1021.101 1026.302 1035.449 1048.216 1060.983 1073.749 1086.516 1109.029 1131.833 1154.638 1177.443 1199.535 1220.646 1241.756 1262.867
1334.117 1315.523 1296.929 1278.336 1259.746 1241.312 1222.876 1204.442 1186.006 1171.064 1159.932 1148.8 1137.668 1126.536 1121.173 1116.26 1111.348 1106.435 1101.702 1097.263 1092.825 1088.387 1083.948 1075.367 1065.912 1056.458 1047.003 1039.132 1035.426 1031.721 1028.015 1024.309 1020.561 1016.795 1013.03 1009.265 1005.975 1004.943 1003.911 1002.878 1001.846 1001.697 1002.083 1002.469 1002.854 1003.484 1007.237 1010.989 1014.742 1018.494 1026.028 1037.03 1048.03 1059.031 1070.032 1092.495 1115.299 1138.103 1160.908 1183.258 1204.982 1226.706 1248.431
1339.128 1320.179 1301.23 1282.281 1263.346 1244.868 1226.39 1207.912 1189.434 1175.386 1166.17 1156.954 1147.738 1138.522 1135.065 1132.058 1129.051 1126.044 1122.541 1118.215 1113.89 1109.565 1105.239 1095.192 1083.94 1072.688 1061.435 1051.96 1047.162 1042.364 1037.566 1032.767 1027.762 1022.678 1017.594 1012.51 1008.046 1006.524 1005.001 1003.479 1001.957 1001.372 1001.354 1001.336 1001.318 1001.469 1003.773 1006.078 1008.382 1010.687 1016.608 1025.843 1035.078 1044.314 1053.549 1075.961 1098.765 1121.569 1144.374 1166.981 1189.32 1211.657 1233.995
1343.844 1324.797 1305.75 1286.703 1267.685 1249.629 1231.573 1213.517 1195.461 1182.573 1175.321 1168.069 1160.818 1153.566 1151.643 1150.136 1148.63 1147.124 1144.646 1140.562 1136.479 1132.395 1128.312 1117.488 1105.244 1093.001 1080.757 1070.225 1064.197 1058.169 1052.141 1046.112 1039.706 1033.156 1026.605 1020.055 1014.205 1011.682 1009.159 1006.635 1004.112 1002.757 1002.109 1001.46 1000.812 1000.296 1001.476 1002.655 1003.834 1005.014 1009.49 1016.99 1024.489 1031.988 1039.487 1060.906 1082.741 1104.575 1126.41 1148.585 1171.229 1193.873 1216.518
1347.927 1329.332 1310.737 1292.143 1273.604 1256.964 1240.324 1223.683 1207.043 1195.881 1190.696 1185.512 1180.327 1175.142 1173.958 1173.087 1172.215 1171.344 1169.457 1165.89 1162.323 1158.756 1155.189 1145.06 1133.548 1122.037 1110.525 1100.104 1092.553 1085.002 1077.45 1069.899 1061.782 1053.45 1045.118 1036.786 1029.101 1024.484 1019.867 1015.25 1010.632 1007.794 1006.032 1004.269 1002.507 1000.926 1001.669 1002.413 1003.156 1003.9 1007.294 1013.12 1018.945 1024.77 1030.595 1049.013 1067.807 1086.6 1105.394 1125.659 1147.953 1170.248 1192.542
1352.01 1333.867 1315.724 1297.582 1279.524 1264.299 1249.074 1233.85 1218.625 1209.19 1206.072 1202.954 1199.836 1196.718 1196.273 1196.036 1195.8 1195.564 1194.267 1191.217 1188.167 1185.117 1182.067 1172.632 1161.852 1151.073 1140.293 1129.984 1120.909 1111.834 1102.76 1093.685 1083.858 1073.745 1063.631 1053.518 1043.996 1037.285 1030.575 1023.864 1017.153 1012.831 1009.955 1007.078 1004.202 1001.556 1001.863 1002.171 1002.478 1002.786 1005.099 1009.25 1013.401 1017.552 1021.703 1037.12 1052.873 1068.625 1084.378 1102.733 1124.678 1146.622 1168.567
1356.093 1338.402 1320.712 1303.022 1285.443 1271.634 1257.825 1244.016 1230.206 1222.499 1221.448 1220.396 1219.345 1218.294 1218.588 1218.987 1219.385 1219.784 1219.078 1216.545 1214.011 1211.478 1208.944 1200.204 1190.156 1180.109 1170.062 1159.863 1149.265 1138.667 1128.069 1117.471 1105.934 1094.039 1082.144 1070.249 1058.892 1050.087 1041.283 1032.478 1023.673 1017.869 1013.878 1009.887 1005.896 1002.186 1002.057 1001.929 1001.8 1001.672 1002.903 1005.38 1007.857 1010.335 1012.812 1025.227 1037.939 1050.65 1063.362 1079.807 1101.402 1122.996 1144.591
1360.176 1342.937 1325.699 1308.461 1291.363 1278.969 1266.575 1254.182 1241.788 1235.808 1236.823 1237.839 1238.854 1239.87 1240.903 1241.937 1242.97 1244.004 1243.889 1241.872 1239.855 1237.839 1235.822 1227.776 1218.46 1209.145 1199.83 1189.742 1177.621 1165.5 1153.379 1141.258 1128.01 1114.333 1100.657 1086.981 1073.788 1062.889 1051.991 1041.092 1030.194 1022.906 1017.801 1012.696 1007.591 1002.815 1002.251 1001.686 1001.122 1000.557 1000.707 1001.51 1002.313 1003.117 1003.92 1013.334 1023.005 1032.675 1042.346 1056.881 1078.126 1099.37 1120.615
1355.845 1340.482 1325.12 1309.758 1294.564 1285.039 1275.514 1265.99 1256.464 1252.369 1254.196 1256.023 1257.85 1259.678 1260.694 1261.647 1262.6 1263.553 1263.47 1261.675 1259.88 1258.086 1256.291 1248.728 1239.951 1231.174 1222.397 1212.512 1199.709 1186.908 1174.106 1161.304 1147.35 1132.958 1118.566 1104.173 1090.133 1077.759 1065.387 1053.014 1040.641 1031.651 1024.708 1017.764 1010.82 1004.31 1003.348 1002.385 1001.423 1000.46 1000.19 1000.553 1000.917 1001.281 1001.644 1009.262 1017.097 1024.931 1032.765 1045.469 1064.89 1084.31 1103.731
1349.177 1336.085 1322.994 1309.903 1297.01 1290.758 1284.505 1278.253 1272.0 1269.834 1272.124 1274.414 1276.704 1278.994 1279.784 1280.457 1281.13 1281.803 1281.599 1279.944 1278.289 1276.634 1274.979 1267.841 1259.549 1251.256 1242.963 1233.306 1220.057 1206.809 1193.561 1180.312 1165.931 1151.118 1136.307 1121.494 1106.88 1093.204 1079.529 1065.854 1052.178 1041.427 1032.443 1023.46 1014.476 1006.046 1004.696 1003.346 1001.996 1000.646 1000.139 1000.406 1000.673 1000.94 1001.206 1007.363 1013.696 1020.028 1026.361 1037.255 1054.443 1071.629 1088.817
