data/zism_data/01020_04_D.txt
ncols         224
nrows         224
[rows 140 to 167 of 224, columns 63 to 125 of 224]
1261.137 1251.423 1241.709 1231.995 1227.43 1223.098 1218.767 1214.435 1214.409 1220.322 1226.234 1232.146 1238.059 1241.42 1244.448 1247.475 1250.502 1249.247 1239.965 1230.683 1221.4 1212.118 1212.824 1215.849 1218.875 1221.899 1227.735 1240.968 1254.2 1267.432 1280.665 1286.611 1289.985 1293.359 1296.734 1299.449 1299.576 1299.703 1299.83 1299.958 1299.299 1298.248 1297.197 1296.145 1294.493 1288.832 1283.172 1277.511 1271.85 1266.613 1261.666 1256.718 1251.77 1246.707 1239.771 1232.836 1225.9 1218.965 1215.829 1216.177 1216.525 1216.873 1217.221
1255.086 1244.771 1234.457 1224.143 1220.966 1218.114 1215.262 1212.41 1214.075 1221.971 1229.867 1237.763 1245.659 1249.658 1253.146 1256.634 1260.122 1258.622 1247.769 1236.917 1226.063 1215.211 1215.082 1217.442 1219.802 1222.162 1227.463 1240.503 1253.542 1266.582 1279.621 1285.659 1289.226 1292.794 1296.361 1299.24 1299.415 1299.591 1299.766 1299.942 1299.256 1298.141 1297.025 1295.909 1294.282 1289.243 1284.204 1279.166 1274.127 1269.932 1266.314 1262.695 1259.077 1255.223 1247.542 1239.862 1232.181 1224.5 1220.816 1220.794 1220.772 1220.75 1220.728
1249.081 1238.272 1227.464 1216.655 1214.9 1213.557 1212.214 1210.871 1214.194 1223.952 1233.709 1243.467 1253.225 1257.801 1261.697 1265.593 1269.49 1267.747 1255.43 1243.114 1230.797 1218.481 1217.493 1219.136 1220.778 1222.42 1227.143 1239.97 1252.797 1265.625 1278.452 1284.598 1288.384 1292.171 1295.958 1299.022 1299.247 1299.473 1299.699 1299.925 1299.223 1298.058 1296.893 1295.728 1294.14 1289.737 1285.333 1280.93 1276.527 1273.347 1271.001 1268.656 1266.311 1263.619 1255.289 1246.96 1238.631 1230.302 1226.122 1225.746 1225.37 1224.994 1224.618
1243.736 1233.94 1224.145 1214.349 1214.485 1215.071 1215.658 1216.245 1220.742 1230.634 1240.526 1250.418 1260.31 1264.598 1268.151 1271.704 1275.257 1273.311 1261.054 1248.797 1236.539 1224.282 1222.109 1222.277 1222.445 1222.613 1226.134 1238.479 1250.824 1263.17 1275.514 1281.974 1286.355 1290.737 1295.118 1298.673 1298.979 1299.286 1299.592 1299.898 1299.33 1298.326 1297.322 1296.317 1294.978 1291.406 1287.833 1284.261 1280.688 1278.125 1276.252 1274.379 1272.505 1270.299 1262.694 1255.088 1247.483 1239.877 1235.976 1235.471 1234.967 1234.462 1233.957
1238.391 1229.608 1220.826 1212.044 1214.069 1216.586 1219.102 1221.619 1227.291 1237.317 1247.343 1257.369 1267.395 1271.395 1274.605 1277.815 1281.026 1278.876 1266.678 1254.479 1242.281 1230.083 1226.724 1225.418 1224.112 1222.806 1225.126 1236.989 1248.851 1260.714 1272.576 1279.349 1284.326 1289.303 1294.279 1298.325 1298.711 1299.098 1299.484 1299.871 1299.438 1298.594 1297.751 1296.907 1295.816 1293.074 1290.333 1287.591 1284.85 1282.904 1281.503 1280.101 1278.699 1276.98 1270.098 1263.216 1256.334 1249.452 1245.83 1245.197 1244.563 1243.93 1243.297
1233.046 1225.277 1217.508 1209.738 1213.653 1218.1 1222.546 1226.992 1233.84 1244.0 1254.16 1264.319 1274.479 1278.192 1281.059 1283.926 1286.793 1284.441 1272.301 1260.162 1248.022 1235.883 1231.34 1228.559 1225.779 1222.999 1224.118 1235.498 1246.878 1258.258 1269.638 1276.725 1282.297 1287.869 1293.44 1297.976 1298.443 1298.91 1299.377 1299.844 1299.545 1298.862 1298.179 1297.497 1296.654 1294.743 1292.832 1290.922 1289.011 1287.683 1286.753 1285.823 1284.894 1283.661 1277.502 1271.344 1265.186 1259.027 1255.684 1254.922 1254.16 1253.398 1252.636
1227.701 1220.945 1214.189 1207.433 1213.238 1219.614 1225.99 1232.366 1240.389 1250.683 1260.977 1271.27 1281.564 1284.989 1287.513 1290.037 1292.562 1290.006 1277.925 1265.845 1253.764 1241.684 1235.955 1231.701 1227.446 1223.192 1223.109 1234.007 1244.905 1255.803 1266.7 1274.101 1280.268 1286.435 1292.601 1297.628 1298.175 1298.723 1299.27 1299.818 1299.652 1299.13 1298.608 1298.086 1297.492 1296.412 1295.332 1294.252 1293.172 1292.462 1292.004 1291.546 1291.088 1290.341 1284.906 1279.472 1274.037 1268.602 1265.539 1264.648 1263.757 1262.867 1261.976
1224.027 1219.055 1214.084 1209.113 1216.338 1224.117 1231.896 1239.675 1248.22 1257.823 1267.427 1277.029 1286.633 1289.613 1291.725 1293.837 1295.949 1293.299 1281.722 1270.145 1258.568 1246.991 1240.257 1234.648 1229.039 1223.43 1222.151 1232.266 1242.38 1252.495 1262.609 1270.317 1277.174 1284.032 1290.889 1296.518 1297.322 1298.125 1298.929 1299.732 1299.733 1299.332 1298.931 1298.53 1298.104 1297.515 1296.925 1296.336 1295.746 1295.392 1295.198 1295.004 1294.81 1294.357 1289.691 1285.025 1280.36 1275.694 1272.964 1272.008 1271.053 1270.098 1269.142
1222.048 1219.645 1217.241 1214.837 1223.004 1231.652 1240.299 1248.947 1257.354 1265.429 1273.504 1281.579 1289.655 1292.031 1293.661 1295.29 1296.92 1294.288 1283.664 1273.042 1262.418 1251.796 1244.241 1237.399 1230.557 1223.716 1221.243 1230.27 1239.296 1248.323 1257.349 1265.355 1273.0 1280.646 1288.291 1294.637 1295.874 1297.112 1298.35 1299.587 1299.786 1299.466 1299.145 1298.825 1298.488 1298.043 1297.598 1297.154 1296.709 1296.445 1296.305 1296.164 1296.024 1295.669 1291.818 1287.967 1284.116 1280.265 1277.924 1276.969 1276.014 1275.058 1274.103
1220.07 1220.234 1220.398 1220.562 1229.671 1239.187 1248.703 1258.219 1266.487 1273.034 1279.582 1286.129 1292.677 1294.45 1295.597 1296.744 1297.891 1295.276 1285.607 1275.938 1266.269 1256.601 1248.225 1240.151 1232.076 1224.001 1220.335 1228.274 1236.212 1244.15 1252.089 1260.393 1268.826 1277.26 1285.693 1292.755 1294.427 1296.099 1297.771 1299.443 1299.84 1299.6 1299.36 1299.119 1298.871 1298.571 1298.271 1297.971 1297.671 1297.498 1297.411 1297.325 1297.238 1296.98 1293.944 1290.908 1287.872 1284.836 1282.885 1281.93 1280.974 1280.019 1279.064
1218.091 1220.823 1223.554 1226.286 1236.338 1246.722 1257.106 1267.491 1275.62 1280.64 1285.66 1290.679 1295.699 1296.868 1297.533 1298.198 1298.862 1296.264 1287.55 1278.835 1270.12 1261.406 1252.21 1242.902 1233.594 1224.286 1219.427 1226.278 1233.128 1239.978 1246.828 1255.431 1264.652 1273.874 1283.095 1290.873 1292.979 1295.086 1297.192 1299.298 1299.894 1299.734 1299.574 1299.414 1299.255 1299.1 1298.944 1298.789 1298.634 1298.551 1298.518 1298.485 1298.452 1298.292 1296.071 1293.849 1291.628 1289.406 1287.846 1286.89 1285.935 1284.98 1284.024
1216.112 1221.412 1226.711 1232.011 1243.004 1254.257 1265.51 1276.763 1284.754 1288.245 1291.737 1295.229 1298.721 1299.287 1299.469 1299.651 1299.833 1297.253 1289.492 1281.732 1273.971 1266.211 1256.194 1245.653 1235.112 1224.572 1218.52 1224.282 1230.044 1235.806 1241.568 1250.469 1260.479 1270.488 1280.498 1288.992 1291.532 1294.073 1296.613 1299.153 1299.947 1299.868 1299.788 1299.709 1299.639 1299.628 1299.618 1299.607 1299.596 1299.604 1299.625 1299.646 1299.666 1299.604 1298.197 1296.791 1295.384 1293.977 1292.806 1291.851 1290.896 1289.94 1288.985
1216.611 1223.042 1229.473 1235.904 1246.765 1257.828 1268.891 1279.953 1287.601 1290.539 1293.477 1296.415 1299.353 1299.793 1299.905 1300.018 1300.13 1297.872 1291.17 1284.468 1277.766 1271.064 1261.322 1250.876 1240.428 1229.982 1223.407 1227.022 1230.638 1234.253 1237.869 1246.348 1256.544 1266.74 1276.936 1285.714 1288.917 1292.12 1295.323 1298.527 1299.615 1299.646 1299.677 1299.708 1299.734 1299.734 1299.734 1299.734 1299.734 1299.746 1299.766 1299.785 1299.804 1299.759 1298.655 1297.552 1296.448 1295.344 1294.375 1293.529 1292.683 1291.837 1290.991
1217.305 1224.754 1232.203 1239.653 1250.297 1261.086 1271.876 1282.665 1289.954 1292.415 1294.876 1297.337 1299.798 1300.149 1300.224 1300.298 1300.373 1298.462 1292.826 1287.191 1281.556 1275.921 1266.541 1256.292 1246.044 1235.795 1228.75 1230.136 1231.521 1232.907 1234.292 1242.293 1252.628 1262.964 1273.299 1282.326 1286.21 1290.094 1293.978 1297.862 1299.252 1299.396 1299.539 1299.682 1299.807 1299.807 1299.807 1299.807 1299.807 1299.816 1299.83 1299.844 1299.858 1299.823 1298.982 1298.141 1297.3 1296.459 1295.677 1294.949 1294.221 1293.493 1292.765
1217.998 1226.466 1234.934 1243.402 1253.829 1264.345 1274.861 1285.377 1292.307 1294.291 1296.274 1298.258 1300.242 1300.505 1300.542 1300.579 1300.616 1299.052 1294.483 1289.914 1285.346 1280.777 1271.76 1261.709 1251.659 1241.609 1234.093 1233.249 1232.405 1231.56 1230.716 1238.238 1248.713 1259.188 1269.662 1278.938 1283.503 1288.068 1292.632 1297.197 1298.89 1299.146 1299.402 1299.658 1299.88 1299.88 1299.88 1299.88 1299.88 1299.885 1299.894 1299.903 1299.912 1299.887 1299.308 1298.73 1298.151 1297.573 1296.978 1296.368 1295.758 1295.148 1294.538
1218.692 1228.178 1237.665 1247.151 1257.361 1267.603 1277.846 1288.089 1294.659 1296.166 1297.673 1299.18 1300.687 1300.861 1300.86 1300.86 1300.86 1299.641 1296.139 1292.638 1289.136 1285.634 1276.978 1267.126 1257.274 1247.422 1239.437 1236.362 1233.288 1230.214 1227.14 1234.183 1244.797 1255.411 1266.025 1275.55 1280.796 1286.042 1291.287 1296.533 1298.527 1298.896 1299.264 1299.633 1299.953 1299.953 1299.953 1299.953 1299.953 1299.955 1299.959 1299.962 1299.965 1299.95 1299.635 1299.319 1299.003 1298.688 1298.28 1297.788 1297.296 1296.803 1296.311
1219.138 1229.278 1239.419 1249.559 1259.64 1269.719 1279.797 1289.876 1296.224 1297.429 1298.633 1299.837 1301.041 1301.161 1301.138 1301.116 1301.093 1300.141 1297.447 1294.753 1292.059 1289.365 1281.167 1271.692 1262.217 1252.741 1244.59 1239.925 1235.259 1230.593 1225.927 1232.372 1242.739 1253.105 1263.471 1272.893 1278.602 1284.312 1290.022 1295.732 1297.971 1298.475 1298.979 1299.483 1299.924 1299.941 1299.958 1299.976 1299.993 1300.0 1300.0 1300.0 1300.0 1299.992 1299.857 1299.721 1299.586 1299.45 1299.176 1298.775 1298.374 1297.973 1297.572
1219.138 1229.278 1239.419 1249.559 1259.671 1269.782 1279.892 1290.003 1296.375 1297.59 1298.805 1300.019 1301.234 1301.36 1301.343 1301.326 1301.308 1300.479 1298.128 1295.777 1293.427 1291.076 1283.508 1274.73 1265.951 1257.173 1249.404 1244.294 1239.183 1234.072 1228.962 1234.593 1244.016 1253.439 1262.861 1271.546 1277.331 1283.116 1288.901 1294.685 1297.068 1297.749 1298.43 1299.111 1299.711 1299.777 1299.842 1299.908 1299.973 1300.0 1300.0 1300.0 1300.0 1299.994 1299.891 1299.787 1299.684 1299.581 1299.344 1298.986 1298.628 1298.27 1297.912
1219.138 1229.278 1239.419 1249.559 1259.702 1269.845 1279.987 1290.13 1296.525 1297.751 1298.976 1300.202 1301.428 1301.559 1301.547 1301.536 1301.524 1300.818 1298.81 1296.802 1294.794 1292.786 1285.849 1277.767 1269.686 1261.604 1254.218 1248.662 1243.107 1237.551 1231.996 1236.814 1245.293 1253.772 1262.252 1270.2 1276.059 1281.919 1287.779 1293.639 1296.164 1297.022 1297.88 1298.738 1299.499 1299.613 1299.726 1299.84 1299.954 1300.0 1300.0 1300.0 1300.0 1299.996 1299.925 1299.854 1299.782 1299.711 1299.513 1299.198 1298.882 1298.567 1298.252
1219.138 1229.278 1239.419 1249.559 1259.733 1269.908 1280.082 1290.258 1296.676 1297.912 1299.148 1300.385 1301.621 1301.759 1301.752 1301.746 1301.739 1301.156 1299.491 1297.826 1296.161 1294.496 1288.189 1280.805 1273.42 1266.036 1259.032 1253.031 1247.031 1241.03 1235.03 1239.034 1246.57 1254.106 1261.642 1268.853 1274.788 1280.723 1286.658 1292.593 1295.261 1296.296 1297.331 1298.365 1299.286 1299.448 1299.61 1299.772 1299.934 1300.0 1300.0 1300.0 1300.0 1299.998 1299.959 1299.92 1299.881 1299.842 1299.681 1299.409 1299.136 1298.864 1298.591
1219.138 1229.278 1239.419 1249.559 1259.763 1269.971 1280.177 1290.385 1296.826 1298.073 1299.32 1300.567 1301.814 1301.958 1301.957 1301.956 1301.954 1301.494 1300.172 1298.85 1297.529 1296.207 1290.53 1283.842 1277.155 1270.467 1263.846 1257.4 1250.955 1244.509 1238.064 1241.255 1247.847 1254.44 1261.032 1267.507 1273.517 1279.527 1285.536 1291.547 1294.358 1295.569 1296.781 1297.993 1299.074 1299.284 1299.494 1299.704 1299.915 1300.0 1300.0 1300.0 1300.0 1300.0 1299.993 1299.986 1299.979 1299.972 1299.849 1299.62 1299.39 1299.161 1298.931
1221.628 1231.177 1240.726 1250.275 1260.331 1270.409 1280.488 1290.567 1296.933 1298.178 1299.423 1300.668 1301.913 1302.102 1302.153 1302.204 1302.255 1301.854 1300.61 1299.365 1298.12 1296.875 1291.648 1285.496 1279.345 1273.194 1267.117 1261.236 1255.356 1249.475 1243.595 1246.139 1251.657 1257.175 1262.693 1268.196 1273.639 1279.081 1284.524 1289.967 1292.74 1294.18 1295.619 1297.058 1298.356 1298.707 1299.059 1299.41 1299.761 1299.917 1299.938 1299.959 1299.98 1300.0 1300.0 1300.0 1300.0 1300.0 1299.885 1299.665 1299.444 1299.224 1299.003
1224.788 1233.586 1242.385 1251.183 1261.042 1270.949 1280.856 1290.764 1297.028 1298.268 1299.507 1300.747 1301.987 1302.232 1302.347 1302.462 1302.577 1302.221 1300.982 1299.742 1298.502 1297.263 1292.437 1286.779 1281.121 1275.463 1269.974 1264.929 1259.885 1254.841 1249.796 1251.739 1256.147 1260.556 1264.964 1269.432 1274.135 1278.838 1283.541 1288.244 1290.932 1292.612 1294.293 1295.973 1297.502 1298.02 1298.537 1299.055 1299.573 1299.811 1299.859 1299.907 1299.955 1300.0 1300.0 1300.0 1300.0 1300.0 1299.885 1299.665 1299.444 1299.224 1299.003
1227.947 1235.995 1244.043 1252.091 1261.753 1271.489 1281.224 1290.96 1297.123 1298.357 1299.592 1300.826 1302.06 1302.362 1302.541 1302.721 1302.9 1302.588 1301.354 1300.119 1298.885 1297.651 1293.226 1288.062 1282.896 1277.732 1272.83 1268.622 1264.414 1260.206 1255.998 1257.338 1260.637 1263.936 1267.235 1270.668 1274.631 1278.594 1282.557 1286.521 1289.123 1291.044 1292.966 1294.888 1296.648 1297.332 1298.016 1298.7 1299.383 1299.705 1299.78 1299.855 1299.93 1300.0 1300.0 1300.0 1300.0 1300.0 1299.885 1299.665 1299.444 1299.224 1299.003
1231.107 1238.404 1245.702 1252.999 1262.465 1272.029 1281.593 1291.157 1297.218 1298.447 1299.676 1300.905 1302.134 1302.492 1302.735 1302.979 1303.223 1302.954 1301.726 1300.497 1299.268 1298.039 1294.016 1289.344 1284.672 1280.0 1275.687 1272.315 1268.943 1265.571 1262.199 1262.938 1265.127 1267.316 1269.505 1271.905 1275.128 1278.351 1281.574 1284.797 1287.314 1289.477 1291.64 1293.803 1295.795 1296.645 1297.495 1298.344 1299.194 1299.6 1299.701 1299.803 1299.904 1300.0 1300.0 1300.0 1300.0 1300.0 1299.885 1299.665 1299.444 1299.224 1299.003
1235.348 1241.66 1247.973 1254.285 1263.423 1272.69 1281.957 1291.224 1297.131 1298.402 1299.674 1300.946 1302.218 1302.638 1302.946 1303.254 1303.562 1303.339 1302.121 1300.904 1299.686 1298.469 1294.869 1290.716 1286.563 1282.411 1278.686 1276.087 1273.488 1270.889 1268.29 1268.482 1269.659 1270.836 1272.013 1273.463 1275.985 1278.507 1281.029 1283.551 1285.951 1288.29 1290.628 1292.967 1295.128 1296.108 1297.087 1298.067 1299.047 1299.517 1299.64 1299.762 1299.885 1300.0 1300.0 1300.0 1300.0 1300.0 1299.887 1299.67 1299.453 1299.236 1299.019
1243.448 1247.938 1252.427 1256.917 1265.264 1273.786 1282.307 1290.829 1296.394 1297.88 1299.367 1300.853 1302.339 1302.84 1303.213 1303.585 1303.957 1303.788 1302.602 1301.417 1300.232 1299.046 1295.948 1292.407 1288.865 1285.323 1282.192 1280.14 1278.087 1276.035 1273.983 1273.826 1274.339 1274.851 1275.363 1276.169 1278.129 1280.088 1282.047 1284.006 1286.179 1288.459 1290.738 1293.018 1295.128 1296.108 1297.087 1298.067 1299.047 1299.517 1299.64 1299.762 1299.885 1300.0 1300.0 1300.0 1300.0 1300.0 1299.895 1299.694 1299.494 1299.293 1299.092
1251.548 1254.215 1256.882 1259.55 1267.104 1274.881 1282.658 1290.435 1295.657 1297.358 1299.059 1300.759 1302.46 1303.043 1303.48 1303.917 1304.353 1304.237 1303.083 1301.93 1300.777 1299.624 1297.028 1294.097 1291.167 1288.236 1285.698 1284.193 1282.687 1281.182 1279.676 1279.171 1279.018 1278.866 1278.714 1278.876 1280.272 1281.669 1283.065 1284.462 1286.407 1288.628 1290.849 1293.069 1295.128 1296.108 1297.087 1298.067 1299.047 1299.517 1299.64 1299.762 1299.885 1300.0 1300.0 1300.0 1300.0 1300.0 1299.904 1299.719 1299.534 1299.349 1299.165
