data/zism_data/01025_02_D.txt
ncols         224
nrows         224
[rows 112 to 139 of 224, columns 64 to 127 of 224]
1399.015 1399.011 1399.008 1399.004 1399.0 1399.004 1399.007 1399.011 1399.015 1399.042 1399.096 1399.15 1399.204 1399.258 1399.415 1399.578 1399.741 1399.905 1400.0 1400.0 1400.0 1400.0 1400.0 1400.0 1400.0 1400.0 1400.0 1400.0 1400.0 1400.0 1400.0 1400.0 1400.0 1400.0 1400.0 1400.0 1400.0 1400.0 1400.0 1400.0 1400.0 1400.004 1400.009 1400.014 1400.019 1400.046 1400.123 1400.199 1400.275 1400.351 1400.793 1401.331 1401.868 1402.406 1403.194 1404.646 1406.098 1407.551 1409.003 1410.82 1412.755 1414.691 1416.626 1418.546
1399.0 1399.0 1399.0 1399.0 1399.0 1399.0 1399.0 1399.0 1399.0 1399.036 1399.114 1399.192 1399.27 1399.349 1399.487 1399.63 1399.774 1399.917 1400.0 1400.0 1400.0 1400.0 1400.0 1400.0 1400.0 1400.0 1400.0 1400.014 1400.052 1400.089 1400.126 1400.164 1400.201 1400.238 1400.276 1400.313 1400.35 1400.388 1400.425 1400.463 1400.5 1400.506 1400.506 1400.506 1400.506 1400.537 1400.636 1400.734 1400.833 1400.932 1401.391 1401.944 1402.498 1403.052 1403.842 1405.26 1406.678 1408.095 1409.513 1411.249 1413.088 1414.927 1416.766 1418.588
1399.0 1399.0 1399.0 1399.0 1399.0 1399.0 1399.0 1399.0 1399.0 1399.053 1399.169 1399.285 1399.401 1399.517 1399.623 1399.728 1399.833 1399.939 1400.0 1400.0 1400.0 1400.0 1400.0 1400.0 1400.0 1400.0 1400.0 1400.033 1400.119 1400.205 1400.291 1400.377 1400.463 1400.549 1400.635 1400.721 1400.807 1400.893 1400.979 1401.065 1401.151 1401.166 1401.166 1401.166 1401.166 1401.206 1401.337 1401.468 1401.599 1401.731 1402.235 1402.837 1403.44 1404.042 1404.856 1406.23 1407.605 1408.979 1410.354 1411.977 1413.681 1415.385 1417.089 1418.776
1399.0 1399.0 1399.0 1399.0 1399.0 1399.0 1399.0 1399.0 1399.0 1399.07 1399.224 1399.378 1399.531 1399.685 1399.758 1399.826 1399.893 1399.961 1400.0 1400.0 1400.0 1400.0 1400.0 1400.0 1400.0 1400.0 1400.0 1400.051 1400.186 1400.321 1400.455 1400.59 1400.724 1400.859 1400.994 1401.128 1401.263 1401.398 1401.532 1401.667 1401.802 1401.825 1401.825 1401.825 1401.825 1401.875 1402.039 1402.203 1402.366 1402.53 1403.079 1403.73 1404.381 1405.032 1405.869 1407.201 1408.532 1409.863 1411.195 1412.705 1414.274 1415.843 1417.412 1418.963
1399.0 1399.0 1399.0 1399.0 1399.0 1399.0 1399.0 1399.0 1399.0 1399.087 1399.279 1399.47 1399.662 1399.854 1399.894 1399.924 1399.953 1399.983 1400.0 1400.0 1400.0 1400.0 1400.0 1400.0 1400.0 1400.0 1400.0 1400.07 1400.253 1400.436 1400.62 1400.803 1400.986 1401.17 1401.353 1401.536 1401.719 1401.903 1402.086 1402.269 1402.452 1402.484 1402.484 1402.484 1402.484 1402.545 1402.741 1402.937 1403.133 1403.328 1403.923 1404.623 1405.323 1406.022 1406.883 1408.171 1409.459 1410.747 1412.035 1413.433 1414.867 1416.301 1417.735 1419.151
1399.0 1399.0 1399.0 1399.0 1399.0 1399.003 1399.007 1399.01 1399.014 1399.115 1399.332 1399.55 1399.768 1399.986 1400.0 1400.0 1400.0 1400.0 1400.0 1400.0 1400.0 1400.0 1400.0 1400.006 1400.013 1400.02 1400.027 1400.119 1400.347 1400.576 1400.804 1401.032 1401.267 1401.502 1401.738 1401.973 1402.209 1402.444 1402.68 1402.915 1403.15 1403.203 1403.217 1403.231 1403.245 1403.325 1403.554 1403.782 1404.011 1404.239 1404.858 1405.581 1406.303 1407.026 1407.89 1409.129 1410.368 1411.607 1412.846 1414.148 1415.472 1416.795 1418.118 1419.427
1399.0 1399.0 1399.0 1399.0 1399.0 1399.019 1399.039 1399.059 1399.078 1399.181 1399.382 1399.584 1399.785 1399.987 1400.0 1400.0 1400.0 1400.0 1400.0 1400.0 1400.0 1400.0 1400.0 1400.036 1400.075 1400.114 1400.154 1400.278 1400.539 1400.799 1401.06 1401.321 1401.616 1401.916 1402.217 1402.517 1402.817 1403.117 1403.418 1403.718 1404.018 1404.135 1404.214 1404.293 1404.372 1404.507 1404.768 1405.029 1405.29 1405.551 1406.121 1406.774 1407.426 1408.078 1408.871 1410.04 1411.209 1412.378 1413.546 1414.816 1416.117 1417.419 1418.721 1420.021
1399.0 1399.0 1399.0 1399.0 1399.0 1399.035 1399.071 1399.107 1399.143 1399.246 1399.432 1399.617 1399.803 1399.988 1400.0 1400.0 1400.0 1400.0 1400.0 1400.0 1400.0 1400.0 1400.0 1400.065 1400.137 1400.208 1400.28 1400.437 1400.73 1401.023 1401.316 1401.61 1401.965 1402.33 1402.695 1403.06 1403.425 1403.791 1404.156 1404.521 1404.886 1405.068 1405.212 1405.356 1405.499 1405.689 1405.983 1406.276 1406.569 1406.862 1407.384 1407.966 1408.548 1409.13 1409.853 1410.952 1412.05 1413.149 1414.247 1415.483 1416.763 1418.043 1419.323 1420.614
1399.0 1399.0 1399.0 1399.0 1399.0 1399.051 1399.103 1399.155 1399.207 1399.312 1399.482 1399.651 1399.82 1399.989 1400.0 1400.0 1400.0 1400.0 1400.0 1400.0 1400.0 1400.0 1400.0 1400.094 1400.198 1400.302 1400.407 1400.595 1400.921 1401.247 1401.573 1401.898 1402.314 1402.744 1403.174 1403.604 1404.034 1404.464 1404.894 1405.324 1405.754 1406.001 1406.209 1406.418 1406.627 1406.871 1407.197 1407.523 1407.848 1408.174 1408.647 1409.159 1409.67 1410.182 1410.835 1411.863 1412.892 1413.92 1414.948 1416.15 1417.409 1418.667 1419.926 1421.208
1399.0 1399.0 1399.0 1399.0 1399.0 1399.066 1399.135 1399.203 1399.272 1399.378 1399.531 1399.684 1399.837 1399.99 1400.0 1400.0 1400.0 1400.0 1400.0 1400.0 1400.0 1400.0 1400.0 1400.123 1400.26 1400.396 1400.533 1400.754 1401.112 1401.471 1401.829 1402.187 1402.663 1403.158 1403.653 1404.147 1404.642 1405.137 1405.632 1406.127 1406.621 1406.933 1407.207 1407.48 1407.754 1408.053 1408.411 1408.77 1409.128 1409.486 1409.91 1410.351 1410.793 1411.234 1411.817 1412.775 1413.733 1414.691 1415.649 1416.818 1418.054 1419.291 1420.528 1421.802
1399.005 1399.016 1399.027 1399.038 1399.049 1399.11 1399.173 1399.236 1399.299 1399.4 1399.548 1399.695 1399.843 1399.99 1400.0 1400.0 1400.0 1400.0 1400.0 1400.0 1400.0 1400.0 1400.0 1400.12 1400.253 1400.386 1400.519 1400.744 1401.116 1401.489 1401.861 1402.234 1402.786 1403.368 1403.949 1404.53 1405.103 1405.659 1406.215 1406.771 1407.327 1407.697 1408.028 1408.359 1408.691 1409.043 1409.445 1409.846 1410.247 1410.649 1411.089 1411.539 1411.99 1412.44 1413.011 1413.903 1414.794 1415.685 1416.577 1417.715 1418.934 1420.153 1421.372 1422.624
1399.013 1399.04 1399.067 1399.094 1399.121 1399.167 1399.214 1399.261 1399.308 1399.4 1399.548 1399.695 1399.843 1399.99 1400.0 1400.0 1400.0 1400.0 1400.0 1400.0 1400.0 1400.0 1400.0 1400.1 1400.212 1400.323 1400.435 1400.648 1401.026 1401.404 1401.782 1402.16 1402.797 1403.476 1404.154 1404.833 1405.49 1406.105 1406.721 1407.336 1407.952 1408.377 1408.762 1409.147 1409.532 1409.938 1410.387 1410.837 1411.287 1411.737 1412.226 1412.725 1413.224 1413.724 1414.312 1415.139 1415.965 1416.792 1417.618 1418.729 1419.931 1421.134 1422.337 1423.561
1399.021 1399.064 1399.108 1399.151 1399.194 1399.225 1399.256 1399.286 1399.317 1399.4 1399.548 1399.695 1399.843 1399.99 1400.0 1400.0 1400.0 1400.0 1400.0 1400.0 1400.0 1400.0 1400.0 1400.081 1400.171 1400.261 1400.351 1400.552 1400.936 1401.319 1401.702 1402.086 1402.808 1403.584 1404.359 1405.135 1405.876 1406.551 1407.226 1407.901 1408.576 1409.056 1409.495 1409.935 1410.374 1410.832 1411.33 1411.829 1412.327 1412.826 1413.364 1413.911 1414.459 1415.007 1415.613 1416.375 1417.136 1417.898 1418.66 1419.742 1420.928 1422.115 1423.301 1424.498
1399.029 1399.089 1399.148 1399.207 1399.267 1399.283 1399.297 1399.311 1399.326 1399.4 1399.548 1399.695 1399.843 1399.99 1400.0 1400.0 1400.0 1400.0 1400.0 1400.0 1400.0 1400.0 1400.0 1400.061 1400.13 1400.198 1400.266 1400.457 1400.846 1401.234 1401.623 1402.012 1402.819 1403.692 1404.565 1405.438 1406.263 1406.998 1407.732 1408.466 1409.201 1409.736 1410.229 1410.722 1411.216 1411.726 1412.273 1412.82 1413.367 1413.915 1414.501 1415.097 1415.694 1416.29 1416.914 1417.611 1418.307 1419.004 1419.701 1420.755 1421.926 1423.096 1424.266 1425.435
1399.061 1399.133 1399.204 1399.276 1399.348 1399.35 1399.35 1399.35 1399.35 1399.416 1399.559 1399.703 1399.847 1399.991 1400.0 1400.0 1400.0 1400.0 1400.002 1400.008 1400.014 1400.019 1400.025 1400.072 1400.124 1400.175 1400.227 1400.412 1400.812 1401.213 1401.613 1402.013 1402.891 1403.845 1404.798 1405.752 1406.649 1407.44 1408.232 1409.023 1409.815 1410.403 1410.949 1411.495 1412.041 1412.602 1413.196 1413.79 1414.384 1414.978 1415.613 1416.259 1416.904 1417.55 1418.194 1418.834 1419.474 1420.114 1420.754 1421.783 1422.938 1424.092 1425.247 1426.39
1399.272 1399.328 1399.384 1399.44 1399.495 1399.497 1399.497 1399.497 1399.497 1399.547 1399.659 1399.77 1399.881 1399.993 1400.0 1400.0 1400.0 1400.0 1400.023 1400.077 1400.131 1400.185 1400.24 1400.311 1400.385 1400.458 1400.531 1400.752 1401.212 1401.672 1402.131 1402.591 1403.435 1404.34 1405.245 1406.15 1407.028 1407.858 1408.687 1409.516 1410.345 1410.976 1411.565 1412.155 1412.744 1413.345 1413.971 1414.598 1415.224 1415.85 1416.535 1417.234 1417.934 1418.634 1419.319 1419.964 1420.61 1421.255 1421.901 1422.923 1424.066 1425.21 1426.354 1427.489
1399.484 1399.524 1399.563 1399.603 1399.642 1399.643 1399.643 1399.643 1399.643 1399.679 1399.758 1399.837 1399.916 1399.995 1400.0 1400.0 1400.0 1400.0 1400.043 1400.146 1400.249 1400.352 1400.455 1400.55 1400.645 1400.74 1400.835 1401.092 1401.611 1402.13 1402.65 1403.169 1403.979 1404.835 1405.692 1406.548 1407.408 1408.275 1409.142 1410.009 1410.876 1411.549 1412.181 1412.814 1413.447 1414.087 1414.746 1415.405 1416.064 1416.722 1417.456 1418.21 1418.964 1419.718 1420.443 1421.094 1421.745 1422.396 1423.047 1424.062 1425.195 1426.328 1427.461 1428.588
1399.696 1399.719 1399.743 1399.766 1399.789 1399.79 1399.79 1399.79 1399.79 1399.811 1399.857 1399.904 1399.95 1399.997 1400.0 1400.0 1400.0 1400.0 1400.063 1400.215 1400.366 1400.518 1400.669 1400.79 1400.906 1401.023 1401.139 1401.432 1402.011 1402.589 1403.168 1403.747 1404.523 1405.331 1406.138 1406.946 1407.787 1408.692 1409.597 1410.502 1411.406 1412.122 1412.797 1413.473 1414.149 1414.83 1415.521 1416.212 1416.903 1417.595 1418.378 1419.186 1419.994 1420.802 1421.568 1422.224 1422.88 1423.537 1424.193 1425.201 1426.323 1427.446 1428.568 1429.686
1399.908 1399.915 1399.922 1399.929 1399.936 1399.936 1399.936 1399.936 1399.936 1399.943 1399.957 1399.971 1399.985 1399.999 1400.0 1400.0 1400.0 1400.0 1400.083 1400.284 1400.484 1400.684 1400.884 1401.029 1401.167 1401.305 1401.443 1401.772 1402.41 1403.048 1403.687 1404.325 1405.067 1405.826 1406.585 1407.344 1408.166 1409.109 1410.052 1410.994 1411.937 1412.695 1413.414 1414.133 1414.852 1415.572 1416.296 1417.02 1417.743 1418.467 1419.3 1420.162 1421.024 1421.885 1422.693 1423.354 1424.016 1424.678 1425.339 1426.341 1427.452 1428.563 1429.675 1430.785
1400.0 1400.0 1400.0 1400.0 1400.0 1400.018 1400.036 1400.054 1400.073 1400.083 1400.083 1400.083 1400.083 1400.083 1400.109 1400.136 1400.163 1400.191 1400.299 1400.521 1400.742 1400.963 1401.185 1401.375 1401.563 1401.75 1401.937 1402.309 1402.979 1403.649 1404.319 1404.989 1405.702 1406.421 1407.141 1407.86 1408.661 1409.617 1410.573 1411.53 1412.486 1413.269 1414.016 1414.763 1415.51 1416.263 1417.032 1417.8 1418.568 1419.337 1420.209 1421.11 1422.011 1422.911 1423.751 1424.427 1425.103 1425.779 1426.456 1427.457 1428.564 1429.67 1430.777 1431.884
1400.0 1400.0 1400.0 1400.0 1400.0 1400.049 1400.1 1400.151 1400.202 1400.229 1400.229 1400.229 1400.229 1400.229 1400.301 1400.377 1400.453 1400.529 1400.666 1400.887 1401.108 1401.33 1401.551 1401.805 1402.062 1402.32 1402.577 1402.996 1403.677 1404.358 1405.039 1405.72 1406.406 1407.093 1407.78 1408.467 1409.245 1410.196 1411.147 1412.097 1413.048 1413.844 1414.607 1415.37 1416.133 1416.915 1417.737 1418.559 1419.382 1420.204 1421.11 1422.037 1422.965 1423.893 1424.758 1425.455 1426.153 1426.851 1427.549 1428.556 1429.662 1430.769 1431.876 1432.982
1400.0 1400.0 1400.0 1400.0 1400.0 1400.081 1400.164 1400.247 1400.33 1400.376 1400.376 1400.376 1400.376 1400.376 1400.492 1400.617 1400.742 1400.867 1401.032 1401.253 1401.474 1401.696 1401.917 1402.234 1402.562 1402.89 1403.218 1403.684 1404.376 1405.068 1405.759 1406.451 1407.111 1407.765 1408.42 1409.075 1409.83 1410.775 1411.72 1412.665 1413.611 1414.419 1415.198 1415.977 1416.757 1417.566 1418.443 1419.319 1420.195 1421.072 1422.01 1422.965 1423.92 1424.874 1425.765 1426.484 1427.203 1427.923 1428.642 1429.654 1430.761 1431.868 1432.974 1434.081
1400.0 1400.0 1400.0 1400.0 1400.0 1400.112 1400.228 1400.344 1400.459 1400.522 1400.522 1400.522 1400.522 1400.522 1400.684 1400.858 1401.031 1401.205 1401.398 1401.619 1401.841 1402.062 1402.283 1402.664 1403.062 1403.46 1403.858 1404.372 1405.074 1405.777 1406.479 1407.182 1407.815 1408.438 1409.06 1409.682 1410.414 1411.354 1412.293 1413.233 1414.173 1414.994 1415.789 1416.585 1417.38 1418.218 1419.148 1420.079 1421.009 1421.94 1422.911 1423.892 1424.874 1425.856 1426.771 1427.513 1428.254 1428.995 1429.736 1430.753 1431.86 1432.966 1434.073 1435.18
1399.999 1400.0 1400.0 1400.001 1400.001 1400.144 1400.292 1400.439 1400.587 1400.668 1400.668 1400.669 1400.669 1400.67 1400.877 1401.098 1401.319 1401.54 1401.761 1401.983 1402.205 1402.427 1402.649 1403.091 1403.557 1404.024 1404.491 1405.051 1405.764 1406.477 1407.189 1407.902 1408.509 1409.099 1409.69 1410.28 1410.989 1411.924 1412.858 1413.792 1414.727 1415.56 1416.372 1417.184 1417.996 1418.861 1419.845 1420.83 1421.814 1422.798 1423.801 1424.81 1425.818 1426.827 1427.769 1428.532 1429.296 1430.059 1430.823 1431.845 1432.952 1434.059 1435.165 1436.272
1399.942 1399.975 1400.008 1400.041 1400.073 1400.218 1400.365 1400.513 1400.66 1400.756 1400.789 1400.822 1400.854 1400.887 1401.081 1401.286 1401.491 1401.696 1401.921 1402.176 1402.43 1402.684 1402.938 1403.35 1403.778 1404.207 1404.636 1405.159 1405.834 1406.509 1407.183 1407.858 1408.469 1409.071 1409.672 1410.273 1410.986 1411.909 1412.833 1413.756 1414.68 1415.538 1416.382 1417.227 1418.071 1418.967 1419.979 1420.99 1422.001 1423.012 1424.038 1425.068 1426.099 1427.129 1428.107 1428.946 1429.785 1430.624 1431.464 1432.505 1433.611 1434.718 1435.825 1436.929
1399.884 1399.95 1400.015 1400.08 1400.146 1400.291 1400.438 1400.586 1400.734 1400.844 1400.909 1400.974 1401.04 1401.105 1401.286 1401.474 1401.663 1401.852 1402.081 1402.368 1402.655 1402.941 1403.228 1403.609 1404.0 1404.391 1404.782 1405.266 1405.904 1406.541 1407.177 1407.815 1408.43 1409.042 1409.654 1410.266 1410.982 1411.895 1412.807 1413.72 1414.633 1415.516 1416.393 1417.27 1418.147 1419.073 1420.112 1421.15 1422.188 1423.226 1424.275 1425.327 1426.379 1427.431 1428.445 1429.36 1430.275 1431.189 1432.104 1433.164 1434.271 1435.377 1436.484 1437.586
1399.827 1399.925 1400.022 1400.12 1400.218 1400.364 1400.512 1400.659 1400.807 1400.932 1401.03 1401.127 1401.225 1401.323 1401.49 1401.663 1401.835 1402.008 1402.241 1402.561 1402.88 1403.199 1403.518 1403.868 1404.221 1404.574 1404.927 1405.374 1405.973 1406.573 1407.172 1407.771 1408.391 1409.013 1409.636 1410.259 1410.978 1411.88 1412.782 1413.684 1414.586 1415.494 1416.403 1417.313 1418.222 1419.179 1420.245 1421.31 1422.375 1423.44 1424.512 1425.585 1426.659 1427.732 1428.783 1429.774 1430.764 1431.755 1432.745 1433.823 1434.93 1436.037 1437.143 1438.242
1399.77 1399.9 1400.03 1400.16 1400.29 1400.437 1400.585 1400.733 1400.88 1401.02 1401.15 1401.28 1401.41 1401.54 1401.695 1401.851 1402.007 1402.164 1402.401 1402.753 1403.104 1403.456 1403.807 1404.126 1404.442 1404.757 1405.073 1405.482 1406.043 1406.604 1407.166 1407.727 1408.351 1408.984 1409.618 1410.252 1410.974 1411.865 1412.757 1413.648 1414.539 1415.472 1416.414 1417.355 1418.297 1419.286 1420.378 1421.47 1422.562 1423.654 1424.749 1425.844 1426.939 1428.034 1429.121 1430.187 1431.253 1432.32 1433.386 1434.482 1435.589 1436.696 1437.802 1438.899
