data/zism_data/01030_02_D.txt
ncols         224
nrows         224
[rows 116 to 144 of 224, columns 0 to 65 of 224]
1379.988 1380.05 1380.113 1380.222 1380.389 1380.556 1380.723 1380.89 1381.236 1381.602 1381.968 1382.335 1382.657 1382.897 1383.138 1383.378 1383.618 1383.959 1384.325 1384.691 1385.057 1385.392 1385.633 1385.873 1386.113 1386.353 1386.681 1387.048 1387.414 1387.78 1388.136 1388.429 1388.722 1389.015 1389.308 1389.557 1389.777 1389.997 1390.216 1390.436 1390.645 1390.854 1391.064 1391.273 1391.482 1391.692 1391.901 1392.11 1392.32 1392.47 1392.617 1392.764 1392.911 1393.024 1393.087 1393.149 1393.212 1393.274 1393.284 1393.284 1393.284 1393.284 1393.293 1393.325 1393.356 1393.387
1379.468 1379.563 1379.657 1379.806 1380.021 1380.236 1380.451 1380.666 1381.017 1381.383 1381.75 1382.116 1382.455 1382.743 1383.032 1383.32 1383.608 1383.959 1384.325 1384.691 1385.057 1385.404 1385.693 1385.981 1386.269 1386.558 1386.9 1387.266 1387.633 1387.999 1388.355 1388.648 1388.941 1389.234 1389.526 1389.776 1389.996 1390.215 1390.435 1390.654 1390.858 1391.062 1391.266 1391.47 1391.674 1391.878 1392.082 1392.286 1392.49 1392.605 1392.714 1392.824 1392.933 1393.037 1393.132 1393.226 1393.321 1393.415 1393.43 1393.43 1393.43 1393.43 1393.444 1393.491 1393.538 1393.586
1378.949 1379.075 1379.202 1379.39 1379.653 1379.916 1380.179 1380.442 1380.798 1381.164 1381.531 1381.897 1382.253 1382.589 1382.926 1383.262 1383.599 1383.959 1384.325 1384.691 1385.057 1385.416 1385.753 1386.089 1386.425 1386.762 1387.119 1387.485 1387.852 1388.218 1388.573 1388.866 1389.159 1389.452 1389.745 1389.995 1390.215 1390.434 1390.654 1390.873 1391.072 1391.27 1391.469 1391.667 1391.866 1392.065 1392.263 1392.462 1392.661 1392.74 1392.812 1392.884 1392.956 1393.05 1393.176 1393.303 1393.429 1393.556 1393.576 1393.576 1393.576 1393.576 1393.594 1393.658 1393.721 1393.784
1378.449 1378.618 1378.787 1379.018 1379.325 1379.632 1379.94 1380.247 1380.618 1380.996 1381.375 1381.753 1382.134 1382.518 1382.903 1383.287 1383.672 1384.038 1384.401 1384.763 1385.125 1385.486 1385.844 1386.202 1386.561 1386.919 1387.291 1387.669 1388.048 1388.426 1388.791 1389.078 1389.365 1389.652 1389.939 1390.193 1390.425 1390.657 1390.889 1391.119 1391.31 1391.502 1391.693 1391.884 1392.079 1392.279 1392.478 1392.677 1392.877 1392.934 1392.983 1393.032 1393.081 1393.163 1393.298 1393.432 1393.566 1393.701 1393.722 1393.722 1393.722 1393.722 1393.745 1393.824 1393.904 1393.983
1377.983 1378.211 1378.439 1378.719 1379.063 1379.408 1379.752 1380.097 1380.501 1380.911 1381.322 1381.732 1382.151 1382.583 1383.016 1383.448 1383.881 1384.249 1384.6 1384.952 1385.303 1385.651 1385.988 1386.325 1386.661 1386.998 1387.386 1387.797 1388.207 1388.618 1389.008 1389.279 1389.55 1389.821 1390.091 1390.358 1390.622 1390.886 1391.15 1391.41 1391.591 1391.772 1391.952 1392.133 1392.328 1392.538 1392.748 1392.958 1393.168 1393.226 1393.275 1393.324 1393.373 1393.443 1393.545 1393.647 1393.749 1393.852 1393.868 1393.868 1393.868 1393.868 1393.896 1393.991 1394.086 1394.182
1377.517 1377.804 1378.09 1378.419 1378.801 1379.183 1379.565 1379.947 1380.384 1380.826 1381.269 1381.711 1382.167 1382.648 1383.129 1383.609 1384.09 1384.459 1384.8 1385.141 1385.481 1385.816 1386.131 1386.447 1386.762 1387.078 1387.481 1387.924 1388.367 1388.809 1389.224 1389.479 1389.734 1389.989 1390.244 1390.523 1390.819 1391.115 1391.411 1391.702 1391.872 1392.042 1392.211 1392.381 1392.576 1392.797 1393.018 1393.239 1393.459 1393.518 1393.567 1393.616 1393.665 1393.722 1393.792 1393.862 1393.932 1394.003 1394.014 1394.014 1394.014 1394.014 1394.046 1394.157 1394.269 1394.38
1377.051 1377.396 1377.742 1378.12 1378.539 1378.959 1379.378 1379.798 1380.267 1380.741 1381.216 1381.69 1382.184 1382.713 1383.241 1383.77 1384.299 1384.669 1385.0 1385.33 1385.66 1385.981 1386.275 1386.569 1386.863 1387.157 1387.577 1388.051 1388.526 1389.0 1389.441 1389.68 1389.919 1390.157 1390.396 1390.688 1391.016 1391.344 1391.672 1391.993 1392.152 1392.312 1392.471 1392.63 1392.825 1393.056 1393.288 1393.519 1393.75 1393.81 1393.859 1393.908 1393.956 1394.001 1394.039 1394.077 1394.116 1394.154 1394.16 1394.16 1394.16 1394.16 1394.197 1394.324 1394.452 1394.579
1376.585 1376.989 1377.393 1377.821 1378.278 1378.734 1379.191 1379.648 1380.15 1380.656 1381.163 1381.67 1382.201 1382.778 1383.354 1383.931 1384.508 1384.88 1385.199 1385.519 1385.838 1386.146 1386.419 1386.691 1386.964 1387.237 1387.672 1388.179 1388.685 1389.192 1389.657 1389.88 1390.103 1390.326 1390.549 1390.853 1391.213 1391.573 1391.933 1392.284 1392.433 1392.582 1392.73 1392.879 1393.073 1393.315 1393.557 1393.8 1394.042 1394.102 1394.151 1394.199 1394.248 1394.28 1394.286 1394.293 1394.299 1394.305 1394.306 1394.306 1394.306 1394.306 1394.347 1394.491 1394.634 1394.778
1376.413 1376.846 1377.278 1377.728 1378.201 1378.674 1379.146 1379.619 1380.127 1380.64 1381.153 1381.666 1382.204 1382.79 1383.376 1383.962 1384.548 1384.958 1385.323 1385.688 1386.053 1386.398 1386.684 1386.97 1387.256 1387.542 1387.968 1388.454 1388.941 1389.428 1389.88 1390.125 1390.371 1390.617 1390.863 1391.157 1391.484 1391.811 1392.139 1392.46 1392.645 1392.831 1393.016 1393.201 1393.401 1393.615 1393.829 1394.042 1394.256 1394.307 1394.347 1394.387 1394.427 1394.452 1394.452 1394.452 1394.452 1394.452 1394.452 1394.452 1394.452 1394.452 1394.486 1394.607 1394.728 1394.848
1376.31 1376.764 1377.218 1377.685 1378.168 1378.651 1379.134 1379.618 1380.127 1380.64 1381.153 1381.666 1382.204 1382.79 1383.376 1383.962 1384.548 1385.005 1385.428 1385.852 1386.276 1386.671 1386.978 1387.286 1387.593 1387.9 1388.31 1388.765 1389.219 1389.674 1390.103 1390.381 1390.659 1390.937 1391.214 1391.493 1391.772 1392.051 1392.33 1392.608 1392.841 1393.075 1393.308 1393.542 1393.747 1393.924 1394.1 1394.277 1394.453 1394.491 1394.521 1394.55 1394.579 1394.597 1394.597 1394.597 1394.597 1394.597 1394.597 1394.597 1394.597 1394.597 1394.623 1394.712 1394.8 1394.888
1376.207 1376.682 1377.157 1377.641 1378.135 1378.629 1379.123 1379.617 1380.127 1380.64 1381.153 1381.666 1382.204 1382.79 1383.376 1383.962 1384.548 1385.051 1385.534 1386.016 1386.499 1386.944 1387.272 1387.601 1387.93 1388.258 1388.652 1389.075 1389.498 1389.92 1390.327 1390.636 1390.946 1391.256 1391.566 1391.829 1392.06 1392.291 1392.522 1392.756 1393.037 1393.319 1393.601 1393.882 1394.094 1394.233 1394.372 1394.511 1394.65 1394.676 1394.694 1394.713 1394.732 1394.743 1394.743 1394.743 1394.743 1394.743 1394.743 1394.743 1394.743 1394.743 1394.76 1394.816 1394.872 1394.929
1376.104 1376.6 1377.097 1377.597 1378.102 1378.606 1379.111 1379.615 1380.127 1380.64 1381.153 1381.666 1382.204 1382.79 1383.376 1383.962 1384.548 1385.098 1385.64 1386.181 1386.722 1387.216 1387.567 1387.917 1388.267 1388.617 1388.995 1389.385 1389.776 1390.167 1390.55 1390.892 1391.234 1391.576 1391.918 1392.165 1392.348 1392.531 1392.714 1392.904 1393.233 1393.563 1393.893 1394.223 1394.44 1394.542 1394.643 1394.745 1394.846 1394.86 1394.868 1394.876 1394.884 1394.889 1394.889 1394.889 1394.889 1394.889 1394.889 1394.889 1394.889 1394.889 1394.896 1394.921 1394.945 1394.969
1376.061 1376.573 1377.086 1377.6 1378.115 1378.631 1379.146 1379.661 1380.175 1380.689 1381.203 1381.718 1382.254 1382.834 1383.413 1383.993 1384.573 1385.156 1385.741 1386.326 1386.91 1387.443 1387.817 1388.191 1388.565 1388.939 1389.307 1389.674 1390.04 1390.406 1390.773 1391.14 1391.508 1391.875 1392.243 1392.49 1392.654 1392.819 1392.983 1393.156 1393.511 1393.865 1394.22 1394.575 1394.791 1394.864 1394.937 1395.01 1395.084 1395.081 1395.073 1395.065 1395.057 1395.053 1395.053 1395.053 1395.053 1395.053 1395.053 1395.053 1395.053 1395.053 1395.053 1395.053 1395.053 1395.053
1376.207 1376.719 1377.232 1377.751 1378.277 1378.803 1379.329 1379.855 1380.375 1380.894 1381.413 1381.933 1382.464 1383.017 1383.57 1384.122 1384.675 1385.249 1385.828 1386.408 1386.987 1387.524 1387.93 1388.336 1388.742 1389.148 1389.526 1389.893 1390.259 1390.625 1390.992 1391.365 1391.738 1392.111 1392.484 1392.777 1393.017 1393.256 1393.495 1393.738 1394.044 1394.351 1394.657 1394.964 1395.155 1395.229 1395.302 1395.375 1395.448 1395.415 1395.375 1395.336 1395.296 1395.272 1395.272 1395.272 1395.272 1395.272 1395.272 1395.272 1395.272 1395.272 1395.272 1395.272 1395.272 1395.272
1376.352 1376.865 1377.378 1377.901 1378.438 1378.975 1379.511 1380.048 1380.574 1381.099 1381.624 1382.148 1382.673 1383.2 1383.726 1384.252 1384.778 1385.342 1385.916 1386.49 1387.064 1387.605 1388.043 1388.481 1388.919 1389.357 1389.745 1390.111 1390.478 1390.844 1391.212 1391.59 1391.968 1392.347 1392.725 1393.065 1393.379 1393.693 1394.007 1394.319 1394.578 1394.836 1395.094 1395.353 1395.52 1395.593 1395.667 1395.74 1395.813 1395.75 1395.678 1395.606 1395.534 1395.49 1395.49 1395.49 1395.49 1395.49 1395.49 1395.49 1395.49 1395.49 1395.49 1395.49 1395.49 1395.49
1376.498 1377.011 1377.524 1378.052 1378.599 1379.147 1379.694 1380.242 1380.773 1381.303 1381.833 1382.364 1382.883 1383.382 1383.882 1384.381 1384.881 1385.435 1386.004 1386.573 1387.141 1387.686 1388.156 1388.626 1389.096 1389.566 1389.964 1390.33 1390.697 1391.063 1391.432 1391.815 1392.199 1392.582 1392.966 1393.352 1393.741 1394.13 1394.519 1394.901 1395.111 1395.321 1395.532 1395.742 1395.885 1395.958 1396.031 1396.105 1396.178 1396.084 1395.98 1395.876 1395.772 1395.709 1395.709 1395.709 1395.709 1395.709 1395.709 1395.709 1395.709 1395.709 1395.709 1395.709 1395.709 1395.709
1376.644 1377.157 1377.67 1378.203 1378.761 1379.319 1379.877 1380.435 1380.973 1381.508 1382.044 1382.579 1383.093 1383.565 1384.038 1384.511 1384.983 1385.528 1386.091 1386.655 1387.218 1387.766 1388.269 1388.771 1389.273 1389.775 1390.183 1390.549 1390.915 1391.282 1391.651 1392.04 1392.429 1392.818 1393.207 1393.64 1394.104 1394.568 1395.031 1395.482 1395.644 1395.807 1395.969 1396.131 1396.25 1396.323 1396.396 1396.469 1396.543 1396.419 1396.283 1396.147 1396.011 1395.928 1395.928 1395.928 1395.928 1395.928 1395.928 1395.928 1395.928 1395.928 1395.928 1395.928 1395.928 1395.928
1376.84 1377.378 1377.916 1378.46 1379.011 1379.561 1380.112 1380.663 1381.198 1381.732 1382.265 1382.799 1383.312 1383.787 1384.261 1384.736 1385.211 1385.746 1386.297 1386.848 1387.399 1387.94 1388.453 1388.965 1389.478 1389.991 1390.407 1390.78 1391.154 1391.527 1391.903 1392.294 1392.684 1393.075 1393.465 1393.903 1394.374 1394.844 1395.315 1395.772 1395.944 1396.115 1396.287 1396.458 1396.569 1396.617 1396.666 1396.714 1396.762 1396.647 1396.522 1396.397 1396.272 1396.193 1396.186 1396.179 1396.172 1396.164 1396.16 1396.157 1396.153 1396.15 1396.147 1396.147 1396.147 1396.147
1377.061 1377.636 1378.212 1378.769 1379.303 1379.838 1380.373 1380.908 1381.437 1381.965 1382.493 1383.021 1383.536 1384.027 1384.518 1385.009 1385.499 1386.025 1386.56 1387.095 1387.63 1388.159 1388.672 1389.184 1389.697 1390.21 1390.633 1391.017 1391.401 1391.785 1392.17 1392.561 1392.952 1393.342 1393.733 1394.155 1394.599 1395.042 1395.486 1395.92 1396.129 1396.338 1396.547 1396.756 1396.867 1396.878 1396.888 1396.899 1396.91 1396.823 1396.73 1396.637 1396.544 1396.481 1396.463 1396.445 1396.427 1396.409 1396.399 1396.39 1396.381 1396.372 1396.366 1396.366 1396.366 1396.366
1377.282 1377.894 1378.507 1379.078 1379.596 1380.115 1380.634 1381.153 1381.675 1382.198 1382.721 1383.244 1383.761 1384.268 1384.774 1385.281 1385.788 1386.304 1386.823 1387.342 1387.86 1388.378 1388.89 1389.403 1389.916 1390.429 1390.859 1391.254 1391.649 1392.044 1392.438 1392.829 1393.219 1393.61 1394.0 1394.407 1394.824 1395.241 1395.658 1396.067 1396.314 1396.56 1396.806 1397.053 1397.165 1397.138 1397.111 1397.085 1397.058 1396.999 1396.938 1396.877 1396.817 1396.768 1396.74 1396.711 1396.683 1396.654 1396.638 1396.623 1396.609 1396.595 1396.585 1396.585 1396.585 1396.585
1377.502 1378.153 1378.803 1379.386 1379.889 1380.392 1380.895 1381.397 1381.913 1382.431 1382.948 1383.466 1383.985 1384.508 1385.031 1385.554 1386.076 1386.583 1387.086 1387.589 1388.091 1388.597 1389.109 1389.622 1390.135 1390.647 1391.086 1391.491 1391.897 1392.302 1392.705 1393.096 1393.487 1393.877 1394.268 1394.658 1395.049 1395.439 1395.829 1396.215 1396.499 1396.782 1397.066 1397.35 1397.462 1397.398 1397.334 1397.27 1397.206 1397.175 1397.146 1397.118 1397.089 1397.056 1397.017 1396.978 1396.938 1396.899 1396.876 1396.857 1396.837 1396.817 1396.803 1396.803 1396.803 1396.803
1377.718 1378.402 1379.087 1379.684 1380.173 1380.662 1381.151 1381.64 1382.15 1382.663 1383.175 1383.688 1384.21 1384.748 1385.286 1385.824 1386.363 1386.86 1387.347 1387.835 1388.322 1388.815 1389.328 1389.841 1390.354 1390.866 1391.313 1391.73 1392.147 1392.564 1392.978 1393.37 1393.761 1394.153 1394.545 1394.922 1395.288 1395.654 1396.02 1396.384 1396.7 1397.015 1397.33 1397.645 1397.758 1397.663 1397.567 1397.472 1397.376 1397.366 1397.361 1397.356 1397.351 1397.33 1397.282 1397.234 1397.186 1397.139 1397.107 1397.078 1397.049 1397.02 1397.0 1397.0 1397.0 1397.0
1377.885 1378.58 1379.276 1379.881 1380.375 1380.869 1381.364 1381.858 1382.369 1382.881 1383.394 1383.907 1384.432 1384.981 1385.53 1386.079 1386.628 1387.119 1387.596 1388.072 1388.549 1389.034 1389.547 1390.06 1390.572 1391.085 1391.546 1391.985 1392.424 1392.862 1393.296 1393.698 1394.101 1394.503 1394.905 1395.286 1395.653 1396.019 1396.385 1396.748 1397.042 1397.336 1397.63 1397.924 1398.036 1397.962 1397.888 1397.814 1397.74 1397.685 1397.632 1397.579 1397.526 1397.48 1397.443 1397.406 1397.369 1397.331 1397.265 1397.194 1397.122 1397.051 1397.0 1397.0 1397.0 1397.0
1378.052 1378.758 1379.465 1380.078 1380.577 1381.077 1381.577 1382.076 1382.587 1383.1 1383.613 1384.126 1384.655 1385.214 1385.774 1386.334 1386.893 1387.378 1387.844 1388.31 1388.776 1389.253 1389.766 1390.279 1390.791 1391.304 1391.78 1392.24 1392.7 1393.16 1393.613 1394.026 1394.44 1394.853 1395.266 1395.651 1396.017 1396.384 1396.75 1397.112 1397.384 1397.657 1397.929 1398.202 1398.314 1398.261 1398.209 1398.156 1398.103 1398.005 1397.904 1397.803 1397.702 1397.63 1397.603 1397.577 1397.551 1397.524 1397.424 1397.31 1397.195 1397.081 1397.0 1397.0 1397.0 1397.0
1378.22 1378.936 1379.653 1380.275 1380.78 1381.285 1381.789 1382.294 1382.806 1383.319 1383.832 1384.344 1384.877 1385.448 1386.018 1386.588 1387.159 1387.637 1388.092 1388.547 1389.003 1389.472 1389.985 1390.497 1391.01 1391.523 1392.014 1392.495 1392.977 1393.458 1393.931 1394.355 1394.779 1395.202 1395.626 1396.016 1396.382 1396.748 1397.115 1397.476 1397.727 1397.978 1398.229 1398.48 1398.592 1398.561 1398.529 1398.498 1398.467 1398.324 1398.175 1398.026 1397.877 1397.78 1397.764 1397.748 1397.733 1397.717 1397.583 1397.426 1397.269 1397.112 1397.0 1397.0 1397.0 1397.0
1378.387 1379.114 1379.842 1380.472 1380.982 1381.492 1382.002 1382.513 1383.025 1383.538 1384.051 1384.563 1385.1 1385.681 1386.262 1386.843 1387.424 1387.896 1388.341 1388.785 1389.229 1389.691 1390.203 1390.716 1391.229 1391.742 1392.248 1392.75 1393.253 1393.756 1394.249 1394.683 1395.118 1395.552 1395.987 1396.38 1396.747 1397.113 1397.479 1397.84 1398.069 1398.299 1398.529 1398.759 1398.87 1398.86 1398.85 1398.84 1398.83 1398.644 1398.447 1398.249 1398.052 1397.93 1397.925 1397.92 1397.915 1397.91 1397.741 1397.541 1397.342 1397.142 1397.0 1397.0 1397.0 1397.0
1378.465 1379.198 1379.93 1380.564 1381.076 1381.589 1382.102 1382.615 1383.127 1383.64 1384.153 1384.666 1385.21 1385.813 1386.416 1387.019 1387.622 1388.115 1388.58 1389.045 1389.51 1389.987 1390.5 1391.013 1391.526 1392.038 1392.557 1393.078 1393.6 1394.121 1394.629 1395.06 1395.491 1395.922 1396.353 1396.735 1397.084 1397.433 1397.783 1398.125 1398.331 1398.537 1398.742 1398.948 1399.046 1399.035 1399.023 1399.012 1399.001 1398.817 1398.623 1398.429 1398.235 1398.107 1398.081 1398.055 1398.03 1398.004 1397.834 1397.637 1397.441 1397.244 1397.102 1397.096 1397.091 1397.085
1378.465 1379.198 1379.93 1380.564 1381.076 1381.589 1382.102 1382.615 1383.127 1383.64 1384.153 1384.666 1385.221 1385.856 1386.491 1387.126 1387.761 1388.299 1388.813 1389.326 1389.839 1390.352 1390.865 1391.378 1391.89 1392.403 1392.933 1393.47 1394.007 1394.545 1395.064 1395.479 1395.894 1396.309 1396.724 1397.081 1397.398 1397.715 1398.032 1398.343 1398.522 1398.701 1398.88 1399.058 1399.133 1399.1 1399.067 1399.035 1399.002 1398.862 1398.716 1398.57 1398.424 1398.307 1398.233 1398.159 1398.085 1398.012 1397.87 1397.716 1397.562 1397.408 1397.293 1397.277 1397.261 1397.244
1378.465 1379.198 1379.93 1380.564 1381.076 1381.589 1382.102 1382.615 1383.127 1383.64 1384.153 1384.666 1385.232 1385.899 1386.567 1387.234 1387.901 1388.484 1389.045 1389.606 1390.167 1390.717 1391.229 1391.742 1392.255 1392.768 1393.309 1393.862 1394.415 1394.969 1395.5 1395.899 1396.297 1396.696 1397.095 1397.427 1397.712 1397.997 1398.282 1398.561 1398.713 1398.865 1399.017 1399.169 1399.22 1399.166 1399.111 1399.057 1399.003 1398.908 1398.81 1398.712 1398.614 1398.507 1398.385 1398.263 1398.141 1398.019 1397.906 1397.795 1397.683 1397.572 1397.485 1397.458 1397.431 1397.404
