data/zism_data/01038_04_D.txt
ncols         224
nrows         224
[rows 56 to 83 of 224, columns 63 to 125 of 224]
1289.038 1287.054 1285.07 1283.086 1280.892 1278.689 1276.485 1274.281 1272.125 1270.033 1267.942 1265.85 1263.758 1261.957 1260.193 1258.428 1256.664 1255.155 1254.123 1253.091 1252.059 1251.027 1251.039 1251.294 1251.548 1251.803 1252.542 1254.557 1256.573 1258.588 1260.603 1262.281 1263.838 1265.396 1266.954 1267.682 1265.154 1262.625 1260.097 1257.569 1253.925 1249.724 1245.522 1241.321 1237.225 1233.837 1230.448 1227.06 1223.672 1221.494 1220.142 1218.79 1217.439 1216.219 1217.142 1218.065 1218.988 1219.911 1221.763 1224.468 1227.172 1229.877 1232.581
1289.038 1287.054 1285.07 1283.086 1280.851 1278.604 1276.358 1274.111 1271.88 1269.67 1267.46 1265.25 1263.04 1261.243 1259.5 1257.758 1256.016 1254.573 1253.691 1252.81 1251.928 1251.047 1251.184 1251.557 1251.93 1252.303 1253.196 1255.459 1257.722 1259.985 1262.248 1264.121 1265.856 1267.592 1269.327 1270.134 1267.293 1264.453 1261.612 1258.771 1254.862 1250.419 1245.975 1241.531 1237.273 1234.25 1231.228 1228.206 1225.184 1223.445 1222.583 1221.721 1220.859 1220.089 1220.808 1221.526 1222.245 1222.963 1224.625 1227.152 1229.679 1232.205 1234.732
1288.558 1286.664 1284.771 1282.877 1280.687 1278.483 1276.279 1274.076 1271.888 1269.722 1267.557 1265.391 1263.226 1261.457 1259.741 1258.024 1256.308 1254.922 1254.155 1253.388 1252.621 1251.854 1252.223 1252.854 1253.486 1254.118 1255.23 1257.61 1259.989 1262.368 1264.748 1266.826 1268.797 1270.769 1272.741 1273.792 1271.228 1268.663 1266.099 1263.534 1259.51 1254.756 1250.003 1245.249 1240.729 1237.765 1234.801 1231.837 1228.873 1227.237 1226.507 1225.778 1225.048 1224.396 1225.01 1225.623 1226.237 1226.85 1228.322 1230.581 1232.839 1235.098 1237.357
1287.986 1286.2 1284.414 1282.628 1280.5 1278.355 1276.21 1274.066 1271.944 1269.854 1267.764 1265.673 1263.583 1261.847 1260.158 1258.468 1256.779 1255.448 1254.788 1254.129 1253.47 1252.811 1253.431 1254.348 1255.265 1256.182 1257.526 1259.997 1262.468 1264.939 1267.41 1269.695 1271.914 1274.133 1276.353 1277.68 1275.503 1273.326 1271.149 1268.972 1264.862 1259.785 1254.708 1249.632 1244.83 1241.866 1238.902 1235.939 1232.975 1231.377 1230.712 1230.047 1229.382 1228.786 1229.314 1229.841 1230.368 1230.896 1232.177 1234.151 1236.124 1238.098 1240.071
1287.414 1285.736 1284.058 1282.38 1280.312 1278.227 1276.141 1274.056 1272.0 1269.985 1267.97 1265.956 1263.941 1262.237 1260.575 1258.912 1257.249 1255.973 1255.422 1254.87 1254.319 1253.767 1254.639 1255.841 1257.043 1258.246 1259.822 1262.385 1264.947 1267.509 1270.071 1272.563 1275.03 1277.497 1279.964 1281.568 1279.778 1277.989 1276.199 1274.41 1270.213 1264.814 1259.414 1254.014 1248.932 1245.969 1243.005 1240.041 1237.077 1235.517 1234.917 1234.317 1233.716 1233.176 1233.617 1234.059 1234.5 1234.941 1236.033 1237.721 1239.409 1241.097 1242.785
1286.842 1285.272 1283.701 1282.131 1280.124 1278.098 1276.072 1274.046 1272.056 1270.117 1268.177 1266.238 1264.298 1262.627 1260.992 1259.356 1257.72 1256.499 1256.055 1255.611 1255.167 1254.724 1255.847 1257.335 1258.822 1260.31 1262.118 1264.772 1267.426 1270.08 1272.733 1275.432 1278.147 1280.861 1283.576 1285.455 1284.053 1282.651 1281.249 1279.847 1275.565 1269.843 1264.12 1258.397 1253.034 1250.07 1247.106 1244.143 1241.179 1239.658 1239.122 1238.586 1238.05 1237.566 1237.921 1238.276 1238.631 1238.987 1239.888 1241.291 1242.694 1244.097 1245.5
1286.042 1284.568 1283.094 1281.62 1279.699 1277.757 1275.815 1273.873 1271.966 1270.106 1268.247 1266.387 1264.528 1262.887 1261.275 1259.663 1258.052 1256.882 1256.543 1256.203 1255.864 1255.525 1256.844 1258.548 1260.252 1261.956 1263.937 1266.647 1269.356 1272.065 1274.775 1277.593 1280.449 1283.305 1286.161 1288.22 1287.146 1286.072 1284.999 1283.925 1279.702 1273.905 1268.107 1262.31 1256.885 1253.951 1251.017 1248.083 1245.148 1243.654 1243.144 1242.634 1242.124 1241.661 1241.969 1242.277 1242.585 1242.893 1243.649 1244.815 1245.98 1247.146 1248.312
1284.682 1283.278 1281.874 1280.47 1278.69 1276.894 1275.097 1273.3 1271.516 1269.748 1267.98 1266.212 1264.444 1262.828 1261.232 1259.637 1258.041 1256.916 1256.673 1256.431 1256.188 1255.946 1257.323 1259.075 1260.828 1262.58 1264.587 1267.265 1269.942 1272.619 1275.296 1278.018 1280.756 1283.493 1286.231 1288.232 1287.342 1286.451 1285.56 1284.67 1280.863 1275.598 1270.334 1265.069 1260.122 1257.29 1254.458 1251.626 1248.794 1247.3 1246.719 1246.139 1245.559 1245.033 1245.39 1245.746 1246.103 1246.459 1247.176 1248.224 1249.271 1250.319 1251.366
1283.321 1281.987 1280.653 1279.319 1277.682 1276.03 1274.379 1272.728 1271.066 1269.389 1267.713 1266.036 1264.36 1262.769 1261.19 1259.61 1258.03 1256.95 1256.804 1256.658 1256.513 1256.367 1257.802 1259.603 1261.404 1263.204 1265.238 1267.883 1270.527 1273.172 1275.817 1278.443 1281.062 1283.682 1286.301 1288.245 1287.537 1286.83 1286.122 1285.414 1282.024 1277.292 1272.56 1267.829 1263.358 1260.628 1257.898 1255.169 1252.439 1250.945 1250.295 1249.645 1248.995 1248.406 1248.811 1249.215 1249.62 1250.025 1250.703 1251.633 1252.562 1253.491 1254.42
1281.96 1280.697 1279.433 1278.169 1276.673 1275.167 1273.661 1272.155 1270.616 1269.031 1267.446 1265.861 1264.276 1262.71 1261.147 1259.583 1258.02 1256.983 1256.935 1256.886 1256.837 1256.789 1258.28 1260.13 1261.979 1263.829 1265.888 1268.501 1271.113 1273.726 1276.338 1278.868 1281.369 1283.87 1286.371 1288.258 1287.733 1287.208 1286.684 1286.159 1283.185 1278.986 1274.787 1270.588 1266.594 1263.967 1261.339 1258.712 1256.084 1254.59 1253.87 1253.15 1252.43 1251.778 1252.231 1252.684 1253.138 1253.591 1254.231 1255.042 1255.852 1256.663 1257.474
1280.6 1279.406 1278.212 1277.018 1275.665 1274.304 1272.943 1271.583 1270.166 1268.673 1267.179 1265.686 1264.192 1262.651 1261.104 1259.557 1258.009 1257.017 1257.065 1257.113 1257.161 1257.21 1258.759 1260.657 1262.555 1264.453 1266.538 1269.119 1271.699 1274.279 1276.859 1279.294 1281.676 1284.058 1286.441 1288.271 1287.929 1287.587 1287.245 1286.904 1284.346 1280.68 1277.014 1273.348 1269.83 1267.305 1264.78 1262.255 1259.729 1258.235 1257.445 1256.655 1255.865 1255.15 1255.652 1256.154 1256.655 1257.157 1257.758 1258.45 1259.143 1259.835 1260.527
1279.119 1277.987 1276.855 1275.724 1274.424 1273.117 1271.811 1270.504 1269.139 1267.693 1266.247 1264.801 1263.355 1261.838 1260.311 1258.783 1257.256 1256.266 1256.284 1256.302 1256.32 1256.338 1257.895 1259.809 1261.724 1263.638 1265.737 1268.321 1270.904 1273.488 1276.072 1278.405 1280.649 1282.893 1285.137 1286.886 1286.687 1286.489 1286.29 1286.092 1283.915 1280.75 1277.585 1274.42 1271.365 1269.046 1266.727 1264.407 1262.088 1260.685 1259.909 1259.132 1258.356 1257.657 1258.232 1258.806 1259.38 1259.954 1260.567 1261.216 1261.866 1262.515 1263.165
1277.596 1276.523 1275.451 1274.378 1273.102 1271.817 1270.531 1269.246 1267.907 1266.493 1265.08 1263.667 1262.253 1260.758 1259.252 1257.747 1256.241 1255.239 1255.182 1255.124 1255.066 1255.009 1256.556 1258.476 1260.396 1262.316 1264.423 1267.023 1269.623 1272.223 1274.823 1277.052 1279.151 1281.25 1283.349 1285.007 1284.938 1284.869 1284.799 1284.73 1282.923 1280.248 1277.573 1274.898 1272.3 1270.223 1268.146 1266.069 1263.991 1262.713 1261.979 1261.246 1260.512 1259.86 1260.514 1261.169 1261.824 1262.479 1263.122 1263.755 1264.389 1265.022 1265.655
1276.073 1275.06 1274.046 1273.033 1271.78 1270.516 1269.252 1267.988 1266.675 1265.294 1263.913 1262.532 1261.151 1259.678 1258.194 1256.71 1255.226 1254.212 1254.079 1253.946 1253.813 1253.68 1255.218 1257.143 1259.068 1260.993 1263.109 1265.725 1268.341 1270.957 1273.573 1275.699 1277.653 1279.606 1281.56 1283.129 1283.189 1283.249 1283.309 1283.369 1281.932 1279.746 1277.561 1275.375 1273.235 1271.4 1269.565 1267.73 1265.895 1264.74 1264.05 1263.36 1262.669 1262.062 1262.797 1263.533 1264.268 1265.004 1265.677 1266.295 1266.912 1267.529 1268.146
1274.55 1273.596 1272.641 1271.687 1270.457 1269.215 1267.973 1266.731 1265.444 1264.095 1262.746 1261.397 1260.048 1258.599 1257.136 1255.673 1254.211 1253.185 1252.976 1252.768 1252.56 1252.351 1253.879 1255.81 1257.74 1259.671 1261.795 1264.427 1267.059 1269.692 1272.324 1274.347 1276.155 1277.963 1279.771 1281.251 1281.44 1281.629 1281.818 1282.007 1280.94 1279.244 1277.548 1275.853 1274.17 1272.578 1270.985 1269.392 1267.799 1266.768 1266.121 1265.474 1264.826 1264.264 1265.08 1265.896 1266.713 1267.529 1268.233 1268.834 1269.435 1270.036 1270.637
1273.095 1272.189 1271.284 1270.379 1269.172 1267.951 1266.73 1265.51 1264.247 1262.925 1261.603 1260.282 1258.96 1257.551 1256.13 1254.709 1253.288 1252.272 1252.012 1251.753 1251.494 1251.234 1252.738 1254.651 1256.563 1258.476 1260.583 1263.203 1265.823 1268.443 1271.063 1272.986 1274.663 1276.34 1278.017 1279.417 1279.728 1280.039 1280.351 1280.662 1279.929 1278.675 1277.42 1276.165 1274.901 1273.57 1272.238 1270.907 1269.575 1268.697 1268.129 1267.56 1266.991 1266.506 1267.376 1268.247 1269.118 1269.988 1270.715 1271.31 1271.905 1272.5 1273.095
1271.931 1271.031 1270.131 1269.231 1268.045 1266.846 1265.647 1264.447 1263.199 1261.883 1260.566 1259.25 1257.934 1256.639 1255.348 1254.056 1252.765 1251.851 1251.645 1251.44 1251.234 1251.029 1252.446 1254.241 1256.035 1257.829 1259.814 1262.299 1264.785 1267.27 1269.755 1271.592 1273.199 1274.806 1276.413 1277.775 1278.178 1278.581 1278.983 1279.386 1278.838 1277.815 1276.792 1275.769 1274.75 1273.764 1272.777 1271.79 1270.803 1270.202 1269.865 1269.528 1269.19 1268.92 1269.731 1270.542 1271.354 1272.165 1272.883 1273.516 1274.149 1274.781 1275.414
1270.767 1269.872 1268.978 1268.083 1266.918 1265.74 1264.563 1263.385 1262.151 1260.84 1259.53 1258.219 1256.908 1255.728 1254.566 1253.403 1252.241 1251.43 1251.278 1251.127 1250.975 1250.823 1252.155 1253.831 1255.507 1257.183 1259.044 1261.395 1263.746 1266.097 1268.448 1270.197 1271.734 1273.271 1274.808 1276.134 1276.628 1277.122 1277.616 1278.11 1277.747 1276.955 1276.164 1275.372 1274.6 1273.958 1273.315 1272.673 1272.031 1271.707 1271.601 1271.495 1271.39 1271.333 1272.086 1272.838 1273.59 1274.342 1275.052 1275.722 1276.392 1277.063 1277.733
1269.603 1268.714 1267.825 1266.936 1265.791 1264.635 1263.479 1262.323 1261.104 1259.798 1258.493 1257.187 1255.882 1254.817 1253.784 1252.75 1251.717 1251.009 1250.911 1250.814 1250.716 1250.618 1251.864 1253.421 1254.979 1256.536 1258.275 1260.491 1262.707 1264.924 1267.14 1268.802 1270.27 1271.737 1273.204 1274.492 1275.078 1275.663 1276.249 1276.834 1276.656 1276.096 1275.536 1274.976 1274.45 1274.152 1273.854 1273.556 1273.258 1273.212 1273.338 1273.463 1273.589 1273.747 1274.44 1275.133 1275.826 1276.519 1277.22 1277.928 1278.636 1279.344 1280.052
1268.439 1267.555 1266.671 1265.788 1264.664 1263.529 1262.395 1261.26 1260.056 1258.756 1257.456 1256.156 1254.856 1253.906 1253.001 1252.097 1251.193 1250.588 1250.544 1250.5 1250.456 1250.412 1251.572 1253.011 1254.45 1255.889 1257.505 1259.587 1261.669 1263.75 1265.832 1267.408 1268.805 1270.202 1271.599 1272.85 1273.527 1274.204 1274.882 1275.559 1275.565 1275.236 1274.908 1274.579 1274.299 1274.346 1274.392 1274.439 1274.486 1274.717 1275.074 1275.431 1275.788 1276.161 1276.795 1277.429 1278.062 1278.696 1279.388 1280.134 1280.88 1281.625 1282.371
1267.893 1266.96 1266.027 1265.094 1263.959 1262.815 1261.671 1260.527 1259.308 1257.986 1256.664 1255.342 1254.019 1253.187 1252.419 1251.651 1250.883 1250.378 1250.368 1250.357 1250.346 1250.335 1251.4 1252.713 1254.027 1255.341 1256.825 1258.759 1260.692 1262.626 1264.559 1266.049 1267.383 1268.717 1270.051 1271.276 1272.072 1272.869 1273.665 1274.461 1274.675 1274.598 1274.521 1274.445 1274.42 1274.743 1275.065 1275.388 1275.71 1276.158 1276.692 1277.225 1277.759 1278.296 1278.895 1279.493 1280.092 1280.69 1281.387 1282.174 1282.961 1283.748 1284.534
1267.7 1266.686 1265.672 1264.658 1263.494 1262.323 1261.152 1259.981 1258.731 1257.371 1256.011 1254.651 1253.291 1252.578 1251.95 1251.322 1250.694 1250.288 1250.299 1250.31 1250.321 1250.331 1251.295 1252.479 1253.664 1254.849 1256.196 1257.974 1259.751 1261.528 1263.306 1264.712 1265.986 1267.261 1268.536 1269.741 1270.672 1271.602 1272.533 1273.464 1273.899 1274.085 1274.272 1274.459 1274.695 1275.254 1275.814 1276.373 1276.932 1277.563 1278.242 1278.92 1279.599 1280.272 1280.849 1281.426 1282.004 1282.581 1283.29 1284.12 1284.949 1285.779 1286.609
1267.506 1266.411 1265.317 1264.222 1263.029 1261.831 1260.633 1259.435 1258.153 1256.756 1255.358 1253.961 1252.563 1251.97 1251.482 1250.993 1250.505 1250.198 1250.23 1250.263 1250.295 1250.327 1251.19 1252.245 1253.301 1254.356 1255.567 1257.189 1258.81 1260.431 1262.052 1263.374 1264.589 1265.805 1267.021 1268.206 1269.271 1270.336 1271.401 1272.467 1273.122 1273.573 1274.024 1274.474 1274.97 1275.766 1276.562 1277.359 1278.155 1278.968 1279.792 1280.616 1281.44 1282.249 1282.804 1283.36 1283.915 1284.471 1285.192 1286.065 1286.938 1287.811 1288.684
1267.312 1266.137 1264.961 1263.786 1262.563 1261.339 1260.114 1258.889 1257.576 1256.141 1254.706 1253.27 1251.835 1251.361 1251.013 1250.665 1250.316 1250.108 1250.162 1250.216 1250.269 1250.323 1251.085 1252.011 1252.938 1253.864 1254.938 1256.404 1257.869 1259.334 1260.799 1262.036 1263.192 1264.349 1265.505 1266.67 1267.87 1269.07 1270.27 1271.469 1272.346 1273.06 1273.775 1274.489 1275.245 1276.278 1277.311 1278.344 1279.377 1280.372 1281.342 1282.311 1283.281 1284.225 1284.759 1285.293 1285.827 1286.361 1287.095 1288.011 1288.927 1289.843 1290.759
1267.182 1265.921 1264.66 1263.399 1262.139 1260.88 1259.62 1258.361 1257.015 1255.55 1254.086 1252.622 1251.157 1250.795 1250.577 1250.36 1250.142 1250.025 1250.097 1250.169 1250.241 1250.313 1250.973 1251.768 1252.564 1253.36 1254.296 1255.603 1256.91 1258.216 1259.523 1260.683 1261.792 1262.9 1264.008 1265.163 1266.498 1267.833 1269.169 1270.504 1271.602 1272.582 1273.561 1274.541 1275.557 1276.815 1278.074 1279.333 1280.591 1281.759 1282.864 1283.969 1285.074 1286.145 1286.666 1287.188 1287.709 1288.23 1288.975 1289.923 1290.872 1291.821 1292.77
1267.713 1266.318 1264.922 1263.527 1262.148 1260.77 1259.392 1258.014 1256.625 1255.219 1253.814 1252.409 1251.004 1250.677 1250.492 1250.306 1250.121 1250.019 1250.075 1250.131 1250.187 1250.243 1250.782 1251.432 1252.082 1252.733 1253.513 1254.637 1255.761 1256.885 1258.008 1259.172 1260.351 1261.529 1262.707 1263.947 1265.428 1266.908 1268.389 1269.87 1271.203 1272.462 1273.722 1274.981 1276.255 1277.621 1278.987 1280.353 1281.72 1282.95 1284.087 1285.224 1286.362 1287.468 1288.07 1288.672 1289.274 1289.876 1290.62 1291.494 1292.367 1293.24 1294.114
1268.245 1266.715 1265.185 1263.655 1262.157 1260.661 1259.164 1257.668 1256.234 1254.888 1253.542 1252.196 1250.85 1250.559 1250.406 1250.253 1250.1 1250.014 1250.054 1250.093 1250.133 1250.173 1250.59 1251.095 1251.6 1252.105 1252.73 1253.671 1254.612 1255.553 1256.493 1257.661 1258.91 1260.158 1261.406 1262.731 1264.357 1265.983 1267.609 1269.235 1270.803 1272.343 1273.882 1275.421 1276.952 1278.426 1279.9 1281.374 1282.848 1284.141 1285.311 1286.48 1287.65 1288.791 1289.474 1290.157 1290.84 1291.523 1292.266 1293.064 1293.862 1294.66 1295.458
1268.776 1267.112 1265.447 1263.783 1262.166 1260.551 1258.936 1257.321 1255.844 1254.557 1253.271 1251.984 1250.697 1250.441 1250.32 1250.199 1250.079 1250.008 1250.032 1250.056 1250.079 1250.103 1250.399 1250.759 1251.119 1251.478 1251.948 1252.705 1253.463 1254.221 1254.979 1256.151 1257.469 1258.787 1260.105 1261.516 1263.287 1265.058 1266.829 1268.601 1270.404 1272.223 1274.042 1275.862 1277.65 1279.231 1280.813 1282.395 1283.976 1285.332 1286.534 1287.736 1288.938 1290.114 1290.878 1291.641 1292.405 1293.169 1293.911 1294.634 1295.356 1296.079 1296.802
