data/zism_data/01039_01_D.txt
ncols         224
nrows         224
[rows 28 to 55 of 224, columns 0 to 62 of 224]
4608.381 4610.231 4612.081 4613.931 4615.773 4617.594 4619.415 4621.235 4623.056 4627.983 4634.007 4640.031 4646.055 4652.39 4659.948 4667.506 4675.064 4682.623 4687.326 4690.601 4693.876 4697.152 4700.0 4700.0 4700.0 4700.0 4700.0 4699.783 4699.417 4699.05 4698.685 4698.255 4696.793 4695.333 4693.871 4692.41 4688.563 4682.529 4676.495 4670.46 4664.426 4657.188 4649.933 4642.677 4635.422 4630.374 4628.032 4625.691 4623.35 4621.008 4621.231 4621.699 4622.167 4622.635 4623.69 4625.718 4627.745 4629.772 4631.8 4632.816 4633.641 4634.465 4635.29
4613.922 4616.041 4618.16 4620.279 4622.341 4624.254 4626.166 4628.079 4629.991 4634.552 4640.048 4645.544 4651.041 4656.834 4663.795 4670.756 4677.717 4684.677 4688.909 4691.775 4694.641 4697.507 4700.0 4700.0 4700.0 4700.0 4700.0 4699.763 4699.365 4698.967 4698.568 4698.097 4696.442 4694.787 4693.132 4691.477 4687.054 4680.095 4673.135 4666.175 4659.215 4650.966 4642.699 4634.431 4626.164 4620.457 4617.89 4615.322 4612.754 4610.187 4610.853 4611.827 4612.8 4613.774 4615.301 4617.743 4620.185 4622.626 4625.068 4626.544 4627.837 4629.13 4630.423
4619.463 4621.852 4624.24 4626.628 4628.91 4630.914 4632.918 4634.922 4636.926 4641.121 4646.09 4651.059 4656.027 4661.279 4667.643 4674.006 4680.369 4686.732 4690.491 4692.949 4695.406 4697.863 4700.0 4700.0 4700.0 4700.0 4700.0 4699.744 4699.313 4698.883 4698.452 4697.939 4696.091 4694.242 4692.393 4690.544 4685.546 4677.66 4669.774 4661.889 4654.003 4644.744 4635.464 4626.185 4616.905 4610.54 4607.746 4604.953 4602.159 4599.365 4600.474 4601.953 4603.433 4604.913 4606.911 4609.768 4612.624 4615.48 4618.336 4620.272 4622.033 4623.794 4625.556
4623.879 4626.481 4629.083 4631.686 4634.175 4636.365 4638.556 4640.747 4642.937 4647.0 4651.724 4656.447 4661.171 4666.09 4671.775 4677.46 4683.145 4688.831 4692.088 4694.133 4696.178 4698.222 4699.991 4699.925 4699.859 4699.793 4699.728 4699.16 4698.25 4697.339 4696.429 4695.437 4693.104 4690.772 4688.44 4686.108 4680.784 4672.716 4664.649 4656.582 4648.515 4639.354 4630.177 4621.0 4611.824 4605.398 4602.346 4599.293 4596.24 4593.188 4594.199 4595.599 4596.998 4598.396 4600.327 4603.136 4605.944 4608.753 4611.562 4613.628 4615.553 4617.479 4619.404
4627.767 4630.558 4633.349 4636.14 4638.829 4641.251 4643.673 4646.095 4648.517 4652.557 4657.167 4661.778 4666.389 4671.072 4676.042 4681.011 4685.98 4690.949 4693.692 4695.322 4696.952 4698.583 4699.979 4699.816 4699.653 4699.49 4699.327 4698.311 4696.712 4695.112 4693.513 4691.836 4688.885 4685.934 4682.982 4680.031 4674.498 4666.598 4658.697 4650.797 4642.897 4634.354 4625.801 4617.249 4608.696 4602.492 4599.165 4595.837 4592.51 4589.183 4589.847 4590.89 4591.934 4592.978 4594.587 4597.133 4599.678 4602.223 4604.768 4606.81 4608.756 4610.703 4612.65
4631.656 4634.635 4637.614 4640.593 4643.482 4646.136 4648.79 4651.443 4654.097 4658.113 4662.611 4667.108 4671.606 4676.054 4680.308 4684.561 4688.814 4693.067 4695.296 4696.511 4697.727 4698.943 4699.966 4699.707 4699.447 4699.187 4698.927 4697.462 4695.174 4692.886 4690.598 4688.235 4684.665 4681.095 4677.525 4673.955 4668.213 4660.479 4652.746 4645.012 4637.279 4629.354 4621.425 4613.498 4605.569 4599.585 4595.983 4592.381 4588.78 4585.178 4585.494 4586.182 4586.871 4587.56 4588.848 4591.129 4593.411 4595.692 4597.974 4599.992 4601.96 4603.928 4605.896
4635.544 4638.711 4641.879 4645.047 4648.136 4651.021 4653.906 4656.791 4659.676 4663.669 4668.054 4672.439 4676.824 4681.037 4684.574 4688.111 4691.648 4695.186 4696.899 4697.701 4698.502 4699.303 4699.954 4699.597 4699.24 4698.883 4698.527 4696.613 4693.636 4690.659 4687.682 4684.634 4680.445 4676.256 4672.067 4667.879 4661.928 4654.361 4646.794 4639.228 4631.661 4624.354 4617.05 4609.746 4602.442 4596.678 4592.802 4588.926 4585.05 4581.174 4581.141 4581.474 4581.808 4582.141 4583.109 4585.126 4587.144 4589.162 4591.179 4593.173 4595.163 4597.153 4599.143
4639.228 4642.599 4645.969 4649.34 4652.639 4655.751 4658.862 4661.974 4665.085 4669.027 4673.262 4677.498 4681.733 4685.688 4688.542 4691.397 4694.251 4697.106 4698.343 4698.771 4699.199 4699.627 4699.94 4699.482 4699.025 4698.567 4698.109 4695.753 4692.1 4688.448 4684.795 4681.074 4676.242 4671.41 4666.579 4661.747 4655.578 4648.184 4640.79 4633.396 4626.001 4619.31 4612.629 4605.949 4599.268 4593.737 4589.616 4585.495 4581.374 4577.252 4576.856 4576.814 4576.773 4576.731 4577.356 4579.083 4580.809 4582.535 4584.262 4586.214 4588.209 4590.204 4592.199
4641.548 4645.22 4648.892 4652.564 4656.135 4659.44 4662.746 4666.051 4669.356 4673.058 4676.9 4680.743 4684.585 4688.133 4690.525 4692.917 4695.308 4697.7 4698.718 4699.049 4699.38 4699.712 4699.923 4699.336 4698.75 4698.163 4697.576 4694.818 4690.579 4686.339 4682.1 4677.78 4672.146 4666.512 4660.878 4655.245 4648.802 4641.618 4634.434 4627.249 4620.065 4613.981 4607.915 4601.847 4595.78 4590.566 4586.396 4582.227 4578.057 4573.887 4573.025 4572.477 4571.93 4571.382 4571.513 4572.766 4574.019 4575.271 4576.524 4578.315 4580.208 4582.101 4583.994
4643.868 4647.842 4651.815 4655.789 4659.631 4663.13 4666.629 4670.128 4673.627 4677.09 4680.539 4683.988 4687.438 4690.579 4692.507 4694.436 4696.365 4698.293 4699.093 4699.327 4699.562 4699.796 4699.907 4699.19 4698.475 4697.758 4697.042 4693.884 4689.058 4684.231 4679.405 4674.486 4668.05 4661.614 4655.179 4648.743 4642.026 4635.052 4628.077 4621.103 4614.128 4608.653 4603.199 4597.746 4592.292 4587.394 4583.176 4578.958 4574.74 4570.522 4569.193 4568.14 4567.086 4566.033 4565.67 4566.449 4567.228 4568.007 4568.786 4570.416 4572.206 4573.997 4575.788
4646.188 4650.463 4654.738 4659.013 4663.127 4666.82 4670.513 4674.206 4677.898 4681.121 4684.177 4687.234 4690.29 4693.024 4694.49 4695.956 4697.421 4698.887 4699.468 4699.605 4699.743 4699.88 4699.89 4699.044 4698.199 4697.354 4696.509 4692.949 4687.537 4682.124 4676.71 4671.192 4663.954 4656.716 4649.479 4642.241 4635.25 4628.486 4621.721 4614.957 4608.192 4603.324 4598.484 4593.645 4588.805 4584.223 4579.956 4575.689 4571.423 4567.157 4565.362 4563.803 4562.243 4560.684 4559.827 4560.132 4560.438 4560.743 4561.048 4562.517 4564.205 4565.893 4567.582
4648.508 4653.084 4657.661 4662.237 4666.624 4670.51 4674.397 4678.283 4682.17 4685.152 4687.816 4690.479 4693.143 4695.469 4696.472 4697.475 4698.478 4699.481 4699.842 4699.883 4699.924 4699.964 4699.873 4698.898 4697.924 4696.95 4695.975 4692.015 4686.015 4680.016 4674.016 4667.898 4659.858 4651.818 4643.779 4635.739 4628.474 4621.919 4615.365 4608.81 4602.256 4597.996 4593.77 4589.543 4585.317 4581.051 4576.736 4572.421 4568.106 4563.792 4561.53 4559.465 4557.4 4555.334 4553.984 4553.816 4553.647 4553.479 4553.311 4554.617 4556.203 4557.789 4559.375
4650.516 4655.287 4660.059 4664.831 4669.383 4673.357 4677.331 4681.306 4685.28 4688.015 4690.314 4692.613 4694.911 4696.889 4697.607 4698.325 4699.043 4699.761 4700.0 4700.0 4700.0 4700.0 4699.835 4698.569 4697.303 4696.037 4694.771 4690.45 4684.042 4677.633 4671.224 4664.702 4656.332 4647.961 4639.59 4631.22 4623.862 4617.434 4611.004 4604.576 4598.146 4594.06 4590.007 4585.955 4581.902 4577.702 4573.319 4568.937 4564.555 4560.173 4557.527 4555.046 4552.565 4550.085 4548.293 4547.642 4546.991 4546.339 4545.688 4546.928 4548.527 4550.127 4551.726
4652.296 4657.187 4662.077 4666.967 4671.608 4675.593 4679.578 4683.563 4687.547 4690.032 4691.986 4693.94 4695.894 4697.566 4698.127 4698.689 4699.251 4699.813 4700.0 4700.0 4700.0 4700.0 4699.782 4698.106 4696.432 4694.757 4693.082 4688.428 4681.739 4675.051 4668.362 4661.577 4653.217 4644.858 4636.498 4628.138 4620.82 4614.455 4608.091 4601.727 4595.362 4591.133 4586.935 4582.737 4578.54 4574.223 4569.76 4565.297 4560.834 4556.371 4553.398 4550.568 4547.737 4544.907 4542.713 4541.571 4540.43 4539.289 4538.148 4539.392 4541.088 4542.784 4544.48
4654.077 4659.086 4664.094 4669.103 4673.833 4677.829 4681.824 4685.82 4689.815 4692.048 4693.657 4695.267 4696.877 4698.242 4698.648 4699.054 4699.459 4699.865 4700.0 4700.0 4700.0 4700.0 4699.728 4697.644 4695.56 4693.476 4691.392 4686.406 4679.438 4672.469 4665.501 4658.453 4650.104 4641.754 4633.406 4625.057 4617.777 4611.477 4605.177 4598.877 4592.578 4588.207 4583.863 4579.52 4575.177 4570.744 4566.2 4561.656 4557.113 4552.569 4549.27 4546.09 4542.909 4539.729 4537.132 4535.501 4533.87 4532.239 4530.608 4531.855 4533.648 4535.441 4537.234
4655.858 4660.985 4666.112 4671.239 4676.058 4680.064 4684.07 4688.077 4692.083 4694.064 4695.329 4696.594 4697.859 4698.918 4699.168 4699.418 4699.667 4699.917 4700.0 4700.0 4700.0 4700.0 4699.675 4697.182 4694.689 4692.196 4689.703 4684.384 4677.136 4669.888 4662.639 4655.328 4646.99 4638.651 4630.313 4621.975 4614.734 4608.499 4602.264 4596.029 4589.793 4585.28 4580.792 4576.303 4571.814 4567.265 4562.641 4558.016 4553.392 4548.767 4545.142 4541.611 4538.081 4534.551 4531.552 4529.431 4527.31 4525.189 4523.068 4524.319 4526.209 4528.099 4529.989
4657.614 4662.852 4668.09 4673.328 4678.229 4682.245 4686.26 4690.275 4694.291 4696.025 4696.956 4697.886 4698.817 4699.578 4699.676 4699.773 4699.87 4699.968 4700.0 4700.0 4700.0 4700.0 4699.623 4696.729 4693.836 4690.943 4688.05 4682.411 4674.896 4667.38 4659.865 4652.303 4643.987 4635.672 4627.356 4619.041 4611.844 4605.672 4599.5 4593.328 4587.156 4582.501 4577.868 4573.234 4568.601 4563.933 4559.222 4554.511 4549.8 4545.089 4541.126 4537.236 4533.345 4529.454 4526.049 4523.448 4520.846 4518.245 4515.644 4516.886 4518.857 4520.829 4522.8
4658.53 4663.634 4668.737 4673.841 4678.628 4682.584 4686.54 4690.496 4694.452 4696.164 4697.083 4698.003 4698.923 4699.671 4699.748 4699.823 4699.899 4699.975 4700.0 4700.0 4700.0 4700.0 4699.61 4696.62 4693.63 4690.64 4687.65 4682.067 4674.713 4667.359 4660.005 4652.62 4644.725 4636.829 4628.933 4621.037 4614.052 4607.902 4601.752 4595.602 4589.451 4584.668 4579.906 4575.144 4570.381 4565.516 4560.525 4555.534 4550.543 4545.553 4540.908 4536.295 4531.684 4527.071 4523.154 4520.386 4517.618 4514.85 4512.081 4512.931 4514.466 4516.001 4517.537
4659.446 4664.416 4669.384 4674.353 4679.027 4682.924 4686.82 4690.717 4694.614 4696.302 4697.211 4698.12 4699.029 4699.765 4699.819 4699.874 4699.928 4699.982 4700.0 4700.0 4700.0 4700.0 4699.597 4696.511 4693.424 4690.337 4687.25 4681.724 4674.531 4667.339 4660.146 4652.938 4645.462 4637.986 4630.51 4623.034 4616.261 4610.132 4604.003 4597.875 4591.746 4586.836 4581.945 4577.053 4572.161 4567.099 4561.829 4556.558 4551.287 4546.017 4540.688 4535.355 4530.022 4524.688 4520.259 4517.324 4514.389 4511.454 4508.519 4508.975 4510.074 4511.174 4512.273
4660.363 4665.197 4670.031 4674.866 4679.426 4683.263 4687.101 4690.938 4694.776 4696.441 4697.339 4698.237 4699.135 4699.858 4699.891 4699.923 4699.957 4699.989 4700.0 4700.0 4700.0 4700.0 4699.585 4696.401 4693.217 4690.034 4686.85 4681.38 4674.349 4667.318 4660.288 4653.255 4646.199 4639.143 4632.087 4625.031 4618.47 4612.362 4606.255 4600.148 4594.041 4589.004 4583.983 4578.962 4573.941 4568.683 4563.132 4557.582 4552.031 4546.48 4540.47 4534.415 4528.36 4522.306 4517.364 4514.262 4511.16 4508.058 4504.956 4505.02 4505.683 4506.346 4507.01
4661.279 4665.979 4670.679 4675.378 4679.824 4683.603 4687.381 4691.16 4694.938 4696.58 4697.467 4698.354 4699.242 4699.951 4699.962 4699.974 4699.985 4699.996 4700.0 4700.0 4700.0 4700.0 4699.572 4696.292 4693.011 4689.73 4686.45 4681.037 4674.167 4667.298 4660.429 4653.573 4646.937 4640.3 4633.664 4627.027 4620.678 4614.593 4608.507 4602.421 4596.335 4591.172 4586.022 4580.872 4575.722 4570.266 4564.436 4558.605 4552.774 4546.944 4540.25 4533.475 4526.699 4519.923 4514.469 4511.2 4507.931 4504.663 4501.394 4501.064 4501.291 4501.519 4501.746
4661.922 4666.583 4671.243 4675.903 4680.302 4684.011 4687.72 4691.429 4695.138 4696.74 4697.598 4698.457 4699.315 4700.0 4700.0 4700.0 4700.0 4700.0 4700.0 4700.0 4700.0 4700.0 4699.581 4696.368 4693.155 4689.943 4686.73 4681.493 4674.872 4668.252 4661.631 4655.026 4648.674 4642.321 4635.968 4629.615 4623.47 4617.517 4611.563 4605.61 4599.656 4594.375 4589.104 4583.832 4578.56 4572.893 4566.742 4560.59 4554.439 4548.288 4541.267 4534.164 4527.061 4519.958 4514.196 4510.652 4507.108 4503.564 4500.021 4499.176 4498.844 4498.512 4498.18
4662.268 4666.993 4671.718 4676.443 4680.866 4684.494 4688.122 4691.75 4695.378 4696.924 4697.734 4698.544 4699.354 4700.0 4700.0 4700.0 4700.0 4700.0 4700.0 4700.0 4700.0 4700.0 4699.613 4696.648 4693.683 4690.718 4687.753 4682.82 4676.544 4670.269 4663.993 4657.72 4651.502 4645.283 4639.065 4632.847 4626.898 4621.198 4615.498 4609.797 4604.097 4598.708 4593.323 4587.938 4582.554 4576.66 4570.143 4563.625 4557.107 4550.59 4543.631 4536.63 4529.629 4522.628 4516.782 4512.845 4508.909 4504.972 4501.035 4499.545 4498.519 4497.492 4496.465
4662.613 4667.403 4672.192 4676.982 4681.43 4684.977 4688.524 4692.072 4695.619 4697.107 4697.869 4698.631 4699.393 4700.0 4700.0 4700.0 4700.0 4700.0 4700.0 4700.0 4700.0 4700.0 4699.646 4696.928 4694.21 4691.493 4688.775 4684.148 4678.217 4672.286 4666.354 4660.414 4654.33 4648.246 4642.162 4636.079 4630.327 4624.879 4619.432 4613.984 4608.537 4603.04 4597.542 4592.044 4586.547 4580.426 4573.543 4566.66 4559.776 4552.893 4545.995 4539.097 4532.198 4525.299 4519.369 4515.039 4510.709 4506.379 4502.05 4499.913 4498.192 4496.472 4494.751
4662.958 4667.813 4672.667 4677.521 4681.993 4685.46 4688.927 4692.393 4695.86 4697.292 4698.005 4698.718 4699.432 4700.0 4700.0 4700.0 4700.0 4700.0 4700.0 4700.0 4700.0 4700.0 4699.678 4697.208 4694.738 4692.268 4689.798 4685.476 4679.889 4674.302 4668.715 4663.107 4657.158 4651.208 4645.259 4639.31 4633.755 4628.56 4623.366 4618.171 4612.977 4607.372 4601.761 4596.15 4590.54 4584.193 4576.943 4569.694 4562.444 4555.195 4548.359 4541.563 4534.767 4527.97 4521.955 4517.232 4512.51 4507.787 4503.065 4500.282 4497.867 4495.452 4493.037
4663.304 4668.223 4673.142 4678.06 4682.557 4685.943 4689.329 4692.715 4696.101 4697.476 4698.14 4698.805 4699.47 4700.0 4700.0 4700.0 4700.0 4700.0 4700.0 4700.0 4700.0 4700.0 4699.71 4697.488 4695.266 4693.043 4690.821 4686.804 4681.562 4676.319 4671.077 4665.801 4659.986 4654.171 4648.357 4642.542 4637.183 4632.241 4627.3 4622.358 4617.417 4611.704 4605.98 4600.257 4594.533 4587.96 4580.344 4572.729 4565.113 4557.498 4550.724 4544.029 4537.335 4530.641 4524.542 4519.426 4514.311 4509.195 4504.08 4500.65 4497.541 4494.432 4491.322
4664.326 4669.389 4674.452 4679.515 4684.056 4687.221 4690.387 4693.552 4696.718 4697.944 4698.485 4699.027 4699.568 4700.0 4700.0 4700.0 4700.0 4700.0 4699.98 4699.95 4699.92 4699.89 4699.57 4697.316 4695.062 4692.807 4690.553 4686.666 4681.663 4676.66 4671.657 4666.623 4661.072 4655.521 4649.971 4644.421 4639.279 4634.51 4629.742 4624.973 4620.205 4614.812 4609.409 4604.007 4598.604 4592.396 4585.198 4578.0 4570.802 4563.604 4556.782 4549.996 4543.209 4536.423 4530.186 4524.856 4519.528 4514.199 4508.87 4504.874 4501.13 4497.386 4493.643
4665.4 4670.614 4675.828 4681.042 4685.628 4688.562 4691.496 4694.43 4697.364 4698.434 4698.847 4699.259 4699.671 4700.0 4700.0 4700.0 4700.0 4700.0 4699.958 4699.896 4699.834 4699.772 4699.417 4697.108 4694.8 4692.492 4690.184 4686.412 4681.641 4676.87 4672.098 4667.297 4662.022 4656.746 4651.47 4646.194 4641.27 4636.668 4632.067 4627.465 4622.864 4617.823 4612.776 4607.729 4602.682 4596.884 4590.165 4583.446 4576.728 4570.009 4563.13 4556.236 4549.342 4542.447 4536.068 4530.54 4525.012 4519.484 4513.957 4509.399 4505.025 4500.652 4496.278
