data/zism_data/01031_01_D.txt
ncols         224
nrows         224
[rows 112 to 139 of 224, columns 128 to 191 of 224]
4495.428 4498.752 4502.077 4503.904 4504.579 4505.254 4505.93 4506.604 4507.2 4507.795 4508.391 4508.986 4509.412 4509.641 4509.871 4510.1 4510.329 4510.015 4509.648 4509.282 4508.916 4508.493 4507.971 4507.449 4506.926 4506.404 4505.494 4504.494 4503.495 4502.495 4500.707 4496.685 4492.663 4488.642 4484.62 4476.681 4467.143 4457.604 4448.066 4438.224 4426.781 4415.339 4403.896 4392.454 4384.492 4378.767 4373.042 4367.318 4362.126 4365.585 4369.044 4372.504 4375.963 4381.06 4387.747 4394.434 4401.122 4407.809 4410.064 4412.118 4414.172 4416.226 4415.418 4410.422
4494.636 4498.11 4501.584 4503.478 4504.157 4504.836 4505.515 4506.193 4506.766 4507.338 4507.911 4508.484 4508.886 4509.09 4509.295 4509.5 4509.704 4509.389 4509.025 4508.661 4508.297 4507.872 4507.339 4506.807 4506.275 4505.743 4504.652 4503.432 4502.212 4500.993 4498.92 4494.431 4489.942 4485.454 4480.964 4473.062 4463.766 4454.47 4445.174 4435.543 4424.147 4412.751 4401.355 4389.959 4381.537 4375.025 4368.514 4362.003 4356.046 4359.1 4362.154 4365.208 4368.261 4373.322 4380.333 4387.344 4394.354 4401.365 4403.762 4405.95 4408.138 4410.325 4409.62 4404.678
4493.418 4497.151 4500.884 4502.918 4503.645 4504.373 4505.1 4505.825 4506.365 4506.906 4507.447 4507.987 4508.354 4508.521 4508.688 4508.854 4509.021 4508.708 4508.35 4507.991 4507.632 4507.193 4506.612 4506.031 4505.451 4504.87 4503.382 4501.683 4499.984 4498.285 4495.704 4490.623 4485.542 4480.461 4475.38 4467.573 4458.654 4449.735 4440.816 4431.514 4420.193 4408.873 4397.552 4386.231 4377.301 4369.907 4362.513 4355.119 4348.296 4350.752 4353.208 4355.665 4358.121 4363.136 4370.637 4378.137 4385.638 4393.138 4395.706 4398.05 4400.394 4402.737 4402.164 4397.319
4492.202 4496.193 4500.184 4502.357 4503.133 4503.909 4504.685 4505.457 4505.965 4506.474 4506.982 4507.49 4507.823 4507.952 4508.081 4508.21 4508.339 4508.027 4507.674 4507.321 4506.968 4506.514 4505.885 4505.256 4504.626 4503.997 4502.111 4499.933 4497.755 4495.578 4492.488 4486.815 4481.142 4475.469 4469.796 4462.085 4453.542 4445.0 4436.458 4427.484 4416.239 4404.994 4393.749 4382.503 4373.065 4364.789 4356.512 4348.235 4340.546 4342.405 4344.264 4346.123 4347.981 4352.951 4360.941 4368.931 4376.921 4384.912 4387.65 4390.15 4392.65 4395.15 4394.708 4389.961
4490.985 4495.234 4499.483 4501.797 4502.621 4503.446 4504.27 4505.089 4505.565 4506.041 4506.517 4506.993 4507.291 4507.382 4507.474 4507.565 4507.656 4507.347 4506.999 4506.651 4506.303 4505.835 4505.158 4504.48 4503.802 4503.125 4500.84 4498.184 4495.527 4492.87 4489.272 4483.007 4476.742 4470.477 4464.211 4456.597 4448.431 4440.265 4432.1 4423.455 4412.285 4401.115 4389.945 4378.776 4368.83 4359.67 4350.51 4341.351 4332.795 4334.057 4335.318 4336.58 4337.841 4342.765 4351.245 4359.725 4368.205 4376.685 4379.594 4382.25 4384.906 4387.562 4387.252 4382.602
4489.768 4494.276 4498.783 4501.236 4502.109 4502.982 4503.855 4504.721 4505.165 4505.609 4506.052 4506.496 4506.759 4506.813 4506.867 4506.92 4506.974 4506.666 4506.323 4505.981 4505.638 4505.157 4504.431 4503.704 4502.978 4502.252 4499.57 4496.434 4493.298 4490.163 4486.056 4479.199 4472.341 4465.484 4458.627 4451.108 4443.319 4435.53 4427.741 4419.426 4408.331 4397.237 4386.142 4375.048 4364.594 4354.552 4344.509 4334.467 4325.045 4325.709 4326.374 4327.038 4327.702 4332.579 4341.549 4350.519 4359.488 4368.458 4371.538 4374.35 4377.162 4379.974 4379.797 4375.243
4488.59 4493.313 4498.038 4500.615 4501.541 4502.466 4503.393 4504.311 4504.746 4505.181 4505.616 4506.05 4506.297 4506.328 4506.358 4506.388 4506.418 4506.065 4505.677 4505.288 4504.899 4504.298 4503.322 4502.346 4501.371 4500.395 4497.311 4493.738 4490.166 4486.593 4482.136 4475.173 4468.211 4461.248 4454.286 4446.748 4438.976 4431.203 4423.43 4415.151 4404.203 4393.254 4382.305 4371.356 4360.826 4350.566 4340.305 4330.045 4320.381 4320.415 4320.449 4320.483 4320.517 4324.774 4333.133 4341.493 4349.853 4358.212 4361.63 4364.823 4368.016 4371.208 4371.481 4367.478
4487.417 4492.351 4497.285 4499.983 4500.963 4501.943 4502.923 4503.895 4504.324 4504.753 4505.183 4505.612 4505.847 4505.855 4505.864 4505.872 4505.881 4505.478 4505.035 4504.593 4504.15 4503.413 4502.157 4500.901 4499.646 4498.39 4494.904 4490.901 4486.897 4482.894 4478.11 4471.116 4464.121 4457.126 4450.131 4442.557 4434.747 4426.937 4419.126 4410.841 4400.048 4389.255 4378.462 4367.669 4357.129 4346.75 4336.371 4325.992 4316.18 4315.579 4314.978 4314.376 4313.775 4317.326 4324.911 4332.495 4340.08 4347.665 4351.445 4355.052 4358.659 4362.267 4363.037 4359.653
4486.245 4491.388 4496.532 4499.353 4500.386 4501.42 4502.453 4503.478 4503.902 4504.326 4504.75 4505.174 4505.396 4505.382 4505.37 4505.356 4505.344 4504.89 4504.393 4503.897 4503.4 4502.527 4500.992 4499.456 4497.92 4496.385 4492.497 4488.063 4483.629 4479.195 4474.084 4467.058 4460.03 4453.003 4445.976 4438.366 4430.518 4422.67 4414.822 4406.53 4395.893 4385.256 4374.62 4363.983 4353.431 4342.934 4332.437 4321.939 4311.979 4310.743 4309.506 4308.27 4307.033 4309.878 4316.688 4323.497 4330.307 4337.116 4341.259 4345.281 4349.303 4353.324 4354.592 4351.827
4485.072 4490.426 4495.779 4498.722 4499.809 4500.896 4501.984 4503.062 4503.48 4503.899 4504.317 4504.736 4504.944 4504.91 4504.875 4504.841 4504.807 4504.301 4503.751 4503.201 4502.651 4501.642 4499.827 4498.011 4496.195 4494.38 4490.09 4485.225 4480.361 4475.496 4470.059 4463.0 4455.94 4448.881 4441.821 4434.175 4426.29 4418.404 4410.519 4402.219 4391.739 4381.258 4370.777 4360.297 4349.734 4339.118 4328.502 4317.887 4307.778 4305.906 4304.035 4302.163 4300.292 4302.43 4308.465 4314.499 4320.534 4326.568 4331.074 4335.51 4339.946 4344.382 4346.147 4344.001
4482.944 4488.588 4494.232 4497.417 4498.711 4500.005 4501.299 4502.58 4502.997 4503.414 4503.83 4504.247 4504.439 4504.373 4504.306 4504.239 4504.172 4503.553 4502.881 4502.208 4501.537 4500.333 4498.192 4496.052 4493.912 4491.771 4487.18 4482.019 4476.858 4471.698 4466.041 4458.974 4451.907 4444.84 4437.774 4430.077 4422.123 4414.169 4406.216 4397.887 4387.578 4377.27 4366.961 4356.653 4346.211 4335.684 4325.156 4314.628 4304.569 4302.125 4299.681 4297.237 4294.792 4296.22 4301.408 4306.595 4311.783 4316.971 4321.723 4326.455 4331.187 4335.919 4338.143 4336.693
4478.904 4485.0 4491.096 4494.767 4496.572 4498.377 4500.183 4501.967 4502.39 4502.812 4503.234 4503.656 4503.827 4503.706 4503.585 4503.465 4503.345 4502.484 4501.554 4500.623 4499.693 4498.174 4495.619 4493.064 4490.509 4487.955 4483.263 4478.076 4472.888 4467.701 4462.035 4455.011 4447.987 4440.964 4433.94 4426.164 4418.081 4409.999 4401.916 4393.51 4383.407 4373.303 4363.199 4353.095 4343.038 4333.01 4322.983 4312.956 4303.343 4300.452 4297.561 4294.67 4291.78 4292.484 4296.682 4300.879 4305.076 4309.273 4314.039 4318.831 4323.622 4328.414 4331.018 4330.418
4474.864 4481.412 4487.96 4492.117 4494.433 4496.75 4499.066 4501.355 4501.783 4502.21 4502.638 4503.065 4503.214 4503.04 4502.865 4502.691 4502.517 4501.416 4500.227 4499.038 4497.849 4496.015 4493.046 4490.077 4487.107 4484.139 4479.347 4474.133 4468.918 4463.704 4458.029 4451.048 4444.068 4437.087 4430.107 4422.251 4414.04 4405.827 4397.615 4389.134 4379.235 4369.335 4359.436 4349.537 4339.864 4330.337 4320.811 4311.284 4302.117 4298.779 4295.441 4292.104 4288.767 4288.749 4291.956 4295.163 4298.37 4301.577 4306.356 4311.207 4316.058 4320.908 4323.892 4324.143
4470.823 4477.824 4484.824 4489.466 4492.294 4495.122 4497.95 4500.743 4501.176 4501.609 4502.042 4502.475 4502.601 4502.373 4502.145 4501.917 4501.688 4500.347 4498.9 4497.453 4496.005 4493.856 4490.473 4487.089 4483.706 4480.322 4475.431 4470.189 4464.948 4459.707 4454.023 4447.085 4440.148 4433.21 4426.273 4418.339 4409.998 4401.656 4393.315 4384.758 4375.063 4365.368 4355.673 4345.979 4336.691 4327.665 4318.639 4309.612 4300.89 4297.106 4293.322 4289.538 4285.754 4285.014 4287.23 4289.447 4291.663 4293.88 4298.673 4303.583 4308.493 4313.402 4316.767 4317.868
4466.783 4474.236 4481.688 4486.816 4490.155 4493.495 4496.833 4500.13 4500.569 4501.007 4501.446 4501.884 4501.988 4501.707 4501.424 4501.143 4500.86 4499.278 4497.573 4495.867 4494.161 4491.698 4487.899 4484.102 4480.304 4476.506 4471.515 4466.246 4460.978 4455.709 4450.017 4443.123 4436.229 4429.334 4422.439 4414.426 4405.956 4397.485 4389.015 4380.382 4370.892 4361.401 4351.911 4342.42 4333.517 4324.992 4316.466 4307.941 4299.665 4295.434 4291.203 4286.972 4282.741 4281.278 4282.504 4283.73 4284.957 4286.183 4290.99 4295.959 4300.928 4305.897 4309.642 4311.593
4461.728 4469.512 4477.297 4482.923 4486.89 4490.856 4494.822 4498.739 4499.316 4499.893 4500.47 4501.046 4501.118 4500.606 4500.095 4499.583 4499.071 4497.112 4495.015 4492.918 4490.821 4488.037 4484.043 4480.049 4476.056 4472.063 4467.12 4461.958 4456.796 4451.634 4446.088 4439.456 4432.823 4426.19 4419.558 4411.736 4403.428 4395.12 4386.812 4378.334 4368.963 4359.591 4350.22 4340.848 4332.09 4323.726 4315.362 4306.998 4298.854 4294.279 4289.705 4285.13 4280.556 4278.624 4279.258 4279.894 4280.528 4281.163 4285.832 4290.685 4295.537 4300.39 4304.215 4306.537
4456.414 4464.5 4472.585 4478.714 4483.337 4487.96 4492.583 4497.15 4497.899 4498.648 4499.397 4500.146 4500.183 4499.396 4498.61 4497.824 4497.038 4494.667 4492.145 4489.622 4487.1 4483.994 4479.86 4475.727 4471.593 4467.459 4462.604 4457.583 4452.56 4447.538 4442.178 4435.863 4429.548 4423.233 4416.918 4409.356 4401.286 4393.214 4385.144 4376.88 4367.606 4358.331 4349.056 4339.782 4331.107 4322.818 4314.53 4306.241 4298.15 4293.258 4288.366 4283.473 4278.581 4276.244 4276.389 4276.535 4276.68 4276.825 4281.318 4286.009 4290.7 4295.391 4299.221 4301.79
4451.099 4459.487 4467.874 4474.505 4479.785 4485.064 4490.344 4495.561 4496.481 4497.403 4498.324 4499.245 4499.247 4498.187 4497.126 4496.065 4495.004 4492.221 4489.273 4486.326 4483.378 4479.951 4475.677 4471.403 4467.13 4462.856 4458.089 4453.207 4448.324 4443.442 4438.269 4432.271 4426.274 4420.276 4414.279 4406.978 4399.143 4391.309 4383.475 4375.426 4366.249 4357.071 4347.893 4338.715 4330.124 4321.911 4313.698 4305.484 4297.445 4292.236 4287.026 4281.816 4276.606 4273.865 4273.52 4273.175 4272.831 4272.486 4276.804 4281.333 4285.863 4290.392 4294.227 4297.043
4445.785 4454.474 4463.163 4470.296 4476.232 4482.168 4488.105 4493.971 4495.064 4496.158 4497.251 4498.345 4498.312 4496.977 4495.641 4494.306 4492.971 4489.775 4486.403 4483.03 4479.657 4475.908 4471.494 4467.081 4462.667 4458.254 4453.573 4448.831 4444.088 4439.346 4434.359 4428.679 4423.0 4417.32 4411.64 4404.598 4397.001 4389.403 4381.806 4373.972 4364.891 4355.81 4346.729 4337.648 4329.141 4321.003 4312.866 4304.728 4296.741 4291.214 4285.687 4280.16 4274.632 4271.485 4270.651 4269.816 4268.982 4268.148 4272.29 4276.658 4281.025 4285.394 4289.232 4292.296
4440.604 4449.477 4458.349 4465.84 4472.269 4478.698 4485.126 4491.481 4492.793 4494.105 4495.417 4496.729 4496.71 4495.152 4493.594 4492.037 4490.479 4486.977 4483.29 4479.603 4475.917 4471.934 4467.433 4462.931 4458.43 4453.928 4449.295 4444.63 4439.966 4435.302 4430.443 4425.031 4419.62 4414.209 4408.797 4402.069 4394.802 4387.536 4380.269 4372.74 4363.83 4354.918 4346.007 4337.096 4328.695 4320.621 4312.547 4304.474 4296.525 4290.614 4284.704 4278.792 4272.882 4269.266 4267.88 4266.494 4265.108 4263.723 4267.585 4271.686 4275.787 4279.888 4283.646 4286.902
4435.803 4444.525 4453.246 4460.687 4467.143 4473.598 4480.054 4486.44 4488.102 4489.764 4491.426 4493.087 4493.221 4491.588 4489.955 4488.322 4486.689 4483.18 4479.494 4475.807 4472.12 4468.159 4463.717 4459.274 4454.832 4450.39 4445.689 4440.928 4436.167 4431.405 4426.508 4421.226 4415.944 4410.662 4405.38 4399.113 4392.443 4385.774 4379.105 4372.139 4363.605 4355.071 4346.536 4338.002 4329.768 4321.726 4313.685 4305.643 4297.692 4291.211 4284.729 4278.248 4271.767 4267.501 4265.389 4263.276 4261.164 4259.051 4262.341 4265.877 4269.413 4272.949 4276.384 4279.672
4431.001 4439.572 4448.143 4455.534 4462.016 4468.499 4474.981 4481.399 4483.411 4485.422 4487.434 4489.446 4489.732 4488.024 4486.315 4484.607 4482.898 4479.383 4475.697 4472.01 4468.323 4464.383 4460.0 4455.618 4451.234 4446.852 4442.083 4437.225 4432.367 4427.509 4422.574 4417.421 4412.268 4407.115 4401.962 4396.157 4390.085 4384.014 4377.942 4371.538 4363.38 4355.223 4347.065 4338.908 4330.841 4322.832 4314.822 4306.813 4298.86 4291.808 4284.756 4277.704 4270.652 4265.737 4262.897 4260.058 4257.219 4254.38 4257.098 4260.068 4263.039 4266.01 4269.123 4272.443
4426.2 4434.62 4443.04 4450.38 4456.89 4463.399 4469.909 4476.358 4478.72 4481.082 4483.443 4485.805 4486.244 4484.46 4482.676 4480.892 4479.108 4475.587 4471.9 4468.213 4464.526 4460.608 4456.285 4451.961 4447.637 4443.313 4438.477 4433.522 4428.567 4423.612 4418.64 4413.616 4408.592 4403.568 4398.544 4393.201 4387.727 4382.252 4376.778 4370.937 4363.156 4355.375 4347.594 4339.813 4331.914 4323.937 4315.96 4307.983 4300.027 4292.404 4284.782 4277.159 4269.537 4263.972 4260.406 4256.84 4253.274 4249.708 4251.854 4254.26 4256.665 4259.071 4261.86 4265.213
4421.398 4429.667 4437.937 4445.227 4451.764 4458.3 4464.836 4471.317 4474.029 4476.74 4479.452 4482.163 4482.755 4480.896 4479.036 4477.177 4475.318 4471.79 4468.103 4464.416 4460.729 4456.833 4452.568 4448.304 4444.039 4439.775 4434.871 4429.819 4424.768 4419.716 4414.705 4409.81 4404.916 4400.021 4395.126 4390.245 4385.368 4380.491 4375.615 4370.335 4362.931 4355.527 4348.124 4340.719 4332.986 4325.042 4317.098 4309.153 4301.194 4293.001 4284.808 4276.615 4268.421 4262.207 4257.915 4253.622 4249.329 4245.037 4246.61 4248.451 4250.291 4252.131 4254.599 4257.983
4416.483 4424.648 4432.814 4439.981 4446.381 4452.781 4459.18 4465.53 4468.51 4471.489 4474.468 4477.448 4478.22 4476.442 4474.663 4472.885 4471.106 4467.76 4464.264 4460.768 4457.272 4453.521 4449.319 4445.118 4440.917 4436.715 4431.862 4426.857 4421.853 4416.849 4411.923 4407.22 4402.517 4397.814 4393.111 4388.778 4384.596 4380.415 4376.233 4371.589 4364.507 4357.425 4350.344 4343.262 4335.605 4327.58 4319.555 4311.53 4303.444 4294.38 4285.316 4276.252 4267.188 4260.018 4254.687 4249.355 4244.024 4238.693 4239.871 4241.345 4242.819 4244.293 4246.536 4249.902
4411.525 4419.604 4427.684 4434.701 4440.901 4447.102 4453.302 4459.459 4462.675 4465.892 4469.108 4472.324 4473.289 4471.65 4470.012 4468.373 4466.734 4463.641 4460.409 4457.176 4453.944 4450.384 4446.248 4442.111 4437.974 4433.837 4429.079 4424.177 4419.275 4414.373 4409.579 4405.091 4400.603 4396.116 4391.628 4387.877 4384.428 4380.978 4377.528 4373.547 4366.767 4359.987 4353.207 4346.426 4338.813 4330.663 4322.514 4314.365 4306.106 4296.057 4286.008 4275.959 4265.91 4257.667 4251.179 4244.69 4238.202 4231.714 4232.563 4233.747 4234.931 4236.114 4238.168 4241.497
4406.566 4414.56 4422.553 4429.42 4435.421 4441.423 4447.424 4453.388 4456.841 4460.294 4463.748 4467.2 4468.357 4466.858 4465.359 4463.861 4462.362 4459.521 4456.553 4453.585 4450.616 4447.248 4443.176 4439.104 4435.031 4430.959 4426.296 4421.496 4416.696 4411.897 4407.234 4402.962 4398.689 4394.417 4390.145 4386.977 4384.259 4381.541 4378.823 4375.506 4369.027 4362.548 4356.069 4349.59 4342.019 4333.746 4325.473 4317.2 4308.768 4297.733 4286.7 4275.666 4264.632 4255.317 4247.671 4240.025 4232.38 4224.734 4225.256 4226.149 4227.042 4227.934 4229.8 4233.091
4401.608 4409.515 4417.422 4424.14 4429.942 4435.744 4441.546 4447.317 4451.007 4454.697 4458.387 4462.077 4463.425 4462.066 4460.708 4459.349 4457.99 4455.402 4452.698 4449.993 4447.289 4444.112 4440.104 4436.097 4432.089 4428.081 4423.513 4418.816 4414.118 4409.421 4404.89 4400.833 4396.776 4392.719 4388.662 4386.076 4384.09 4382.104 4380.119 4377.465 4371.287 4365.109 4358.932 4352.754 4345.226 4336.829 4328.432 4320.036 4311.429 4299.41 4287.391 4275.373 4263.354 4252.966 4244.164 4235.36 4226.558 4217.755 4217.948 4218.55 4219.153 4219.755 4221.433 4224.687
