data/zism_data/01032_04_D.txt
ncols         224
nrows         224
[rows 84 to 111 of 224, columns 0 to 62 of 224]
4643.424 4641.653 4639.883 4638.112 4636.54 4634.975 4633.409 4631.843 4630.243 4628.6 4626.956 4625.312 4623.668 4622.24 4620.833 4619.426 4618.019 4616.676 4615.438 4614.201 4612.963 4611.725 4610.497 4609.27 4608.043 4606.817 4605.6 4604.405 4603.209 4602.014 4600.818 4600.165 4599.65 4599.135 4598.62 4598.149 4597.801 4597.453 4597.105 4596.757 4596.548 4596.387 4596.227 4596.066 4595.862 4595.494 4595.126 4594.758 4594.39 4594.113 4593.879 4593.645 4593.411 4593.208 4593.181 4593.155 4593.128 4593.101 4593.22 4593.428 4593.635 4593.843 4594.051
4645.187 4643.3 4641.414 4639.528 4637.828 4636.133 4634.439 4632.745 4630.975 4629.109 4627.244 4625.378 4623.513 4621.959 4620.436 4618.912 4617.389 4615.986 4614.78 4613.573 4612.366 4611.159 4609.946 4608.733 4607.52 4606.306 4605.114 4603.964 4602.814 4601.665 4600.516 4599.914 4599.452 4598.989 4598.526 4598.098 4597.762 4597.426 4597.09 4596.754 4596.558 4596.411 4596.263 4596.116 4595.924 4595.562 4595.199 4594.837 4594.475 4594.214 4594.002 4593.79 4593.577 4593.397 4593.397 4593.397 4593.397 4593.397 4593.533 4593.751 4593.969 4594.187 4594.405
4646.37 4644.359 4642.349 4640.339 4638.488 4636.643 4634.797 4632.951 4631.032 4629.021 4627.01 4624.999 4622.988 4621.279 4619.598 4617.918 4616.238 4614.729 4613.495 4612.261 4611.027 4609.793 4608.642 4607.504 4606.366 4605.228 4604.139 4603.152 4602.164 4601.177 4600.189 4599.638 4599.197 4598.756 4598.315 4597.914 4597.621 4597.329 4597.036 4596.743 4596.558 4596.411 4596.263 4596.116 4595.931 4595.601 4595.271 4594.941 4594.611 4594.394 4594.23 4594.067 4593.903 4593.764 4593.764 4593.764 4593.764 4593.764 4593.89 4594.092 4594.293 4594.495 4594.697
4647.553 4645.418 4643.284 4641.149 4639.148 4637.151 4635.155 4633.158 4631.09 4628.933 4626.776 4624.619 4622.462 4620.598 4618.761 4616.924 4615.087 4613.471 4612.21 4610.95 4609.688 4608.428 4607.337 4606.274 4605.212 4604.15 4603.165 4602.339 4601.514 4600.688 4599.863 4599.361 4598.942 4598.523 4598.104 4597.73 4597.48 4597.231 4596.981 4596.731 4596.558 4596.411 4596.263 4596.116 4595.938 4595.64 4595.342 4595.045 4594.747 4594.574 4594.459 4594.344 4594.229 4594.131 4594.131 4594.131 4594.131 4594.131 4594.247 4594.432 4594.618 4594.803 4594.989
4648.736 4646.478 4644.219 4641.96 4639.809 4637.661 4635.512 4633.364 4631.148 4628.845 4626.542 4624.24 4621.937 4619.917 4617.923 4615.93 4613.936 4612.213 4610.926 4609.638 4608.35 4607.062 4606.032 4605.045 4604.059 4603.072 4602.19 4601.527 4600.863 4600.2 4599.537 4599.085 4598.688 4598.29 4597.893 4597.546 4597.34 4597.133 4596.927 4596.72 4596.558 4596.411 4596.263 4596.116 4595.944 4595.679 4595.414 4595.149 4594.884 4594.754 4594.687 4594.621 4594.554 4594.498 4594.498 4594.498 4594.498 4594.498 4594.603 4594.772 4594.942 4595.111 4595.281
4649.919 4647.537 4645.154 4642.771 4640.469 4638.169 4635.87 4633.571 4631.206 4628.757 4626.309 4623.86 4621.412 4619.236 4617.085 4614.936 4612.785 4610.956 4609.641 4608.326 4607.012 4605.697 4604.727 4603.816 4602.905 4601.994 4601.216 4600.715 4600.213 4599.712 4599.21 4598.809 4598.433 4598.057 4597.681 4597.362 4597.199 4597.036 4596.873 4596.709 4596.558 4596.411 4596.263 4596.116 4595.951 4595.718 4595.485 4595.253 4595.02 4594.934 4594.916 4594.897 4594.88 4594.864 4594.864 4594.864 4594.864 4594.864 4594.96 4595.113 4595.266 4595.419 4595.573
4650.687 4648.119 4645.55 4642.982 4640.511 4638.044 4635.576 4633.108 4630.603 4628.05 4625.496 4622.943 4620.39 4618.133 4615.904 4613.676 4611.448 4609.586 4608.312 4607.038 4605.765 4604.491 4603.629 4602.838 4602.047 4601.256 4600.588 4600.178 4599.767 4599.355 4598.945 4598.603 4598.279 4597.956 4597.632 4597.354 4597.2 4597.046 4596.892 4596.737 4596.599 4596.465 4596.332 4596.198 4596.048 4595.838 4595.627 4595.417 4595.206 4595.139 4595.139 4595.139 4595.139 4595.142 4595.162 4595.183 4595.203 4595.224 4595.314 4595.448 4595.582 4595.715 4595.851
4651.211 4648.421 4645.631 4642.842 4640.192 4637.546 4634.9 4632.254 4629.614 4626.979 4624.345 4621.71 4619.076 4616.783 4614.522 4612.261 4610.0 4608.149 4606.957 4605.764 4604.571 4603.378 4602.654 4602.008 4601.363 4600.717 4600.164 4599.802 4599.439 4599.077 4598.715 4598.439 4598.186 4597.932 4597.679 4597.449 4597.284 4597.119 4596.954 4596.789 4596.664 4596.552 4596.439 4596.328 4596.198 4596.004 4595.81 4595.615 4595.421 4595.359 4595.359 4595.359 4595.359 4595.367 4595.42 4595.473 4595.525 4595.578 4595.668 4595.78 4595.892 4596.004 4596.122
4651.735 4648.724 4645.712 4642.702 4639.872 4637.048 4634.224 4631.4 4628.624 4625.909 4623.193 4620.478 4617.763 4615.433 4613.139 4610.846 4608.553 4606.713 4605.602 4604.49 4603.378 4602.267 4601.678 4601.178 4600.679 4600.179 4599.74 4599.426 4599.112 4598.798 4598.485 4598.275 4598.092 4597.908 4597.725 4597.543 4597.368 4597.192 4597.017 4596.841 4596.729 4596.638 4596.548 4596.457 4596.349 4596.17 4595.992 4595.814 4595.636 4595.579 4595.579 4595.579 4595.579 4595.592 4595.677 4595.762 4595.848 4595.933 4596.021 4596.111 4596.202 4596.292 4596.393
4652.259 4649.026 4645.794 4642.561 4639.552 4636.55 4633.548 4630.546 4627.635 4624.838 4622.042 4619.245 4616.449 4614.083 4611.757 4609.431 4607.105 4605.277 4604.246 4603.215 4602.185 4601.154 4600.702 4600.348 4599.994 4599.641 4599.315 4599.05 4598.785 4598.52 4598.255 4598.111 4597.998 4597.884 4597.771 4597.639 4597.452 4597.266 4597.079 4596.893 4596.793 4596.725 4596.656 4596.587 4596.499 4596.336 4596.175 4596.013 4595.851 4595.799 4595.799 4595.799 4595.799 4595.817 4595.935 4596.052 4596.17 4596.287 4596.375 4596.443 4596.512 4596.581 4596.665
4652.713 4649.261 4645.809 4642.357 4639.17 4635.99 4632.811 4629.631 4626.586 4623.711 4620.836 4617.961 4615.086 4612.701 4610.362 4608.023 4605.684 4603.882 4602.941 4602.0 4601.059 4600.117 4599.794 4599.577 4599.358 4599.141 4598.922 4598.703 4598.483 4598.264 4598.044 4597.961 4597.914 4597.865 4597.817 4597.73 4597.537 4597.343 4597.15 4596.956 4596.869 4596.819 4596.769 4596.719 4596.649 4596.504 4596.36 4596.216 4596.072 4596.025 4596.025 4596.025 4596.025 4596.047 4596.192 4596.336 4596.48 4596.625 4596.711 4596.764 4596.815 4596.867 4596.938
4652.438 4648.786 4645.134 4641.482 4638.127 4634.78 4631.433 4628.086 4624.924 4621.995 4619.066 4616.137 4613.208 4610.99 4608.84 4606.69 4604.541 4602.923 4602.161 4601.397 4600.634 4599.872 4599.602 4599.417 4599.231 4599.045 4598.854 4598.651 4598.448 4598.245 4598.041 4597.97 4597.933 4597.896 4597.858 4597.788 4597.626 4597.466 4597.305 4597.144 4597.057 4596.996 4596.935 4596.874 4596.803 4596.69 4596.579 4596.467 4596.354 4596.319 4596.319 4596.319 4596.319 4596.336 4596.448 4596.56 4596.672 4596.784 4596.878 4596.963 4597.047 4597.131 4597.239
4652.163 4648.311 4644.459 4640.608 4637.084 4633.57 4630.056 4626.542 4623.262 4620.279 4617.296 4614.313 4611.33 4609.28 4607.319 4605.358 4603.397 4601.965 4601.38 4600.795 4600.21 4599.625 4599.41 4599.256 4599.103 4598.95 4598.786 4598.599 4598.412 4598.225 4598.038 4597.979 4597.952 4597.926 4597.899 4597.845 4597.717 4597.588 4597.459 4597.331 4597.244 4597.172 4597.101 4597.029 4596.956 4596.876 4596.797 4596.717 4596.638 4596.612 4596.612 4596.612 4596.612 4596.625 4596.704 4596.784 4596.863 4596.943 4597.045 4597.162 4597.279 4597.396 4597.539
4651.887 4647.836 4643.785 4639.733 4636.041 4632.359 4628.678 4624.996 4621.6 4618.563 4615.525 4612.488 4609.452 4607.57 4605.798 4604.026 4602.254 4601.006 4600.6 4600.193 4599.786 4599.379 4599.217 4599.097 4598.976 4598.855 4598.718 4598.547 4598.376 4598.206 4598.035 4597.987 4597.972 4597.956 4597.94 4597.903 4597.807 4597.71 4597.614 4597.518 4597.432 4597.35 4597.267 4597.185 4597.11 4597.063 4597.016 4596.968 4596.921 4596.906 4596.906 4596.906 4596.906 4596.913 4596.96 4597.007 4597.055 4597.102 4597.212 4597.362 4597.511 4597.66 4597.84
4651.612 4647.361 4643.11 4638.859 4634.998 4631.149 4627.3 4623.451 4619.938 4616.846 4613.755 4610.664 4607.573 4605.859 4604.276 4602.693 4601.11 4600.048 4599.819 4599.591 4599.362 4599.134 4599.025 4598.937 4598.848 4598.76 4598.649 4598.495 4598.34 4598.186 4598.031 4597.996 4597.991 4597.986 4597.981 4597.96 4597.896 4597.833 4597.769 4597.705 4597.62 4597.526 4597.433 4597.34 4597.263 4597.249 4597.234 4597.219 4597.204 4597.2 4597.2 4597.2 4597.2 4597.202 4597.216 4597.231 4597.246 4597.261 4597.379 4597.561 4597.742 4597.924 4598.141
4651.434 4647.056 4642.679 4638.301 4634.288 4630.287 4626.285 4622.283 4618.667 4615.537 4612.406 4609.276 4606.146 4604.606 4603.218 4601.83 4600.442 4599.537 4599.407 4599.278 4599.148 4599.019 4598.937 4598.863 4598.79 4598.716 4598.619 4598.471 4598.324 4598.177 4598.03 4598.0 4598.0 4598.0 4598.0 4597.988 4597.945 4597.902 4597.859 4597.815 4597.76 4597.7 4597.64 4597.58 4597.533 4597.533 4597.533 4597.533 4597.533 4597.533 4597.533 4597.533 4597.533 4597.533 4597.533 4597.533 4597.533 4597.533 4597.651 4597.842 4598.032 4598.223 4598.46
4651.336 4646.894 4642.452 4638.009 4633.858 4629.716 4625.574 4621.432 4617.726 4614.568 4611.411 4608.253 4605.096 4603.737 4602.548 4601.36 4600.172 4599.403 4599.306 4599.208 4599.111 4599.014 4598.937 4598.863 4598.79 4598.716 4598.619 4598.471 4598.324 4598.177 4598.03 4598.0 4598.0 4598.0 4598.0 4597.991 4597.959 4597.927 4597.894 4597.862 4597.861 4597.871 4597.881 4597.892 4597.899 4597.899 4597.899 4597.899 4597.899 4597.899 4597.899 4597.899 4597.899 4597.899 4597.899 4597.899 4597.899 4597.899 4598.012 4598.191 4598.371 4598.55 4598.796
4651.239 4646.732 4642.225 4637.718 4633.429 4629.146 4624.864 4620.581 4616.784 4613.6 4610.416 4607.231 4604.047 4602.868 4601.879 4600.891 4599.902 4599.269 4599.204 4599.139 4599.074 4599.009 4598.937 4598.863 4598.79 4598.716 4598.619 4598.471 4598.324 4598.177 4598.03 4598.0 4598.0 4598.0 4598.0 4597.994 4597.973 4597.951 4597.929 4597.908 4597.961 4598.042 4598.123 4598.203 4598.267 4598.267 4598.267 4598.267 4598.267 4598.267 4598.267 4598.267 4598.267 4598.267 4598.267 4598.267 4598.267 4598.267 4598.372 4598.541 4598.709 4598.878 4599.133
4651.142 4646.57 4641.998 4637.426 4632.999 4628.576 4624.153 4619.73 4615.843 4612.632 4609.42 4606.209 4602.998 4601.999 4601.21 4600.421 4599.632 4599.134 4599.102 4599.069 4599.037 4599.005 4598.937 4598.863 4598.79 4598.716 4598.619 4598.471 4598.324 4598.177 4598.03 4598.0 4598.0 4598.0 4598.0 4597.997 4597.986 4597.976 4597.965 4597.954 4598.063 4598.213 4598.364 4598.514 4598.633 4598.633 4598.633 4598.633 4598.633 4598.633 4598.633 4598.633 4598.633 4598.633 4598.633 4598.633 4598.633 4598.633 4598.731 4598.89 4599.047 4599.206 4599.469
4651.045 4646.408 4641.771 4637.134 4632.569 4628.006 4623.442 4618.879 4614.901 4611.664 4608.425 4605.187 4601.949 4601.129 4600.541 4599.952 4599.363 4599.0 4599.0 4599.0 4599.0 4599.0 4598.937 4598.863 4598.79 4598.716 4598.619 4598.471 4598.324 4598.177 4598.03 4598.0 4598.0 4598.0 4598.0 4598.0 4598.0 4598.0 4598.0 4598.0 4598.163 4598.384 4598.605 4598.826 4599.0 4599.0 4599.0 4599.0 4599.0 4599.0 4599.0 4599.0 4599.0 4599.0 4599.0 4599.0 4599.0 4599.0 4599.092 4599.239 4599.386 4599.533 4599.805
4650.08 4645.713 4641.347 4636.98 4632.496 4628.008 4623.521 4619.033 4615.102 4611.875 4608.647 4605.419 4602.192 4601.325 4600.682 4600.039 4599.396 4599.0 4599.0 4599.0 4599.0 4599.0 4598.951 4598.894 4598.836 4598.779 4598.703 4598.588 4598.473 4598.358 4598.243 4598.207 4598.191 4598.175 4598.159 4598.151 4598.167 4598.184 4598.2 4598.216 4598.419 4598.688 4598.958 4599.228 4599.473 4599.63 4599.786 4599.943 4600.1 4600.223 4600.331 4600.439 4600.547 4600.616 4600.464 4600.313 4600.162 4600.011 4600.12 4600.386 4600.651 4600.917 4601.319
4649.116 4645.019 4640.922 4636.825 4632.422 4628.01 4623.598 4619.186 4615.302 4612.086 4608.869 4605.652 4602.436 4601.52 4600.823 4600.126 4599.429 4599.0 4599.0 4599.0 4599.0 4599.0 4598.965 4598.923 4598.882 4598.841 4598.787 4598.704 4598.622 4598.539 4598.457 4598.415 4598.382 4598.35 4598.317 4598.302 4598.334 4598.367 4598.399 4598.432 4598.675 4598.993 4599.311 4599.629 4599.946 4600.259 4600.573 4600.886 4601.199 4601.446 4601.662 4601.878 4602.094 4602.231 4601.929 4601.626 4601.324 4601.021 4601.147 4601.532 4601.917 4602.302 4602.833
4648.151 4644.325 4640.498 4636.671 4632.349 4628.013 4623.676 4619.34 4615.503 4612.297 4609.091 4605.885 4602.679 4601.715 4600.964 4600.213 4599.462 4599.0 4599.0 4599.0 4599.0 4599.0 4598.979 4598.954 4598.929 4598.904 4598.871 4598.82 4598.771 4598.72 4598.67 4598.622 4598.573 4598.524 4598.476 4598.453 4598.502 4598.55 4598.599 4598.647 4598.931 4599.298 4599.665 4600.031 4600.419 4600.889 4601.359 4601.829 4602.298 4602.669 4602.993 4603.317 4603.641 4603.847 4603.393 4602.939 4602.486 4602.032 4602.175 4602.679 4603.183 4603.686 4604.348
4647.187 4643.63 4640.073 4636.516 4632.276 4628.015 4623.754 4619.493 4615.704 4612.508 4609.313 4606.118 4602.923 4601.91 4601.105 4600.3 4599.496 4599.0 4599.0 4599.0 4599.0 4599.0 4598.993 4598.984 4598.975 4598.966 4598.955 4598.937 4598.919 4598.901 4598.884 4598.829 4598.764 4598.699 4598.634 4598.604 4598.669 4598.734 4598.799 4598.863 4599.188 4599.603 4600.018 4600.433 4600.893 4601.519 4602.145 4602.771 4603.398 4603.892 4604.324 4604.756 4605.188 4605.462 4604.857 4604.252 4603.648 4603.043 4603.203 4603.825 4604.448 4605.07 4605.862
4646.107 4642.781 4639.455 4636.128 4632.057 4627.962 4623.869 4619.774 4616.093 4612.934 4609.774 4606.614 4603.455 4602.344 4601.428 4600.513 4599.597 4599.031 4599.023 4599.016 4599.008 4599.001 4599.0 4599.0 4599.0 4599.0 4599.0 4599.0 4599.0 4599.0 4599.0 4598.947 4598.881 4598.815 4598.749 4598.73 4598.843 4598.957 4599.069 4599.183 4599.591 4600.104 4600.618 4601.13 4601.703 4602.495 4603.288 4604.081 4604.874 4605.516 4606.088 4606.66 4607.232 4607.619 4606.969 4606.318 4605.668 4605.019 4605.199 4605.881 4606.563 4607.245 4608.103
4644.891 4641.748 4638.605 4635.463 4631.664 4627.845 4624.026 4620.208 4616.709 4613.614 4610.519 4607.424 4604.329 4603.062 4601.968 4600.874 4599.781 4599.098 4599.074 4599.051 4599.027 4599.003 4599.0 4599.0 4599.0 4599.0 4599.0 4599.0 4599.0 4599.0 4599.0 4598.96 4598.91 4598.86 4598.81 4598.827 4599.026 4599.226 4599.425 4599.625 4600.172 4600.841 4601.511 4602.181 4602.914 4603.885 4604.856 4605.827 4606.798 4607.618 4608.369 4609.119 4609.869 4610.418 4609.85 4609.281 4608.712 4608.143 4608.347 4609.018 4609.689 4610.36 4611.207
4643.675 4640.715 4637.756 4634.797 4631.271 4627.728 4624.184 4620.641 4617.324 4614.294 4611.264 4608.234 4605.204 4603.779 4602.507 4601.235 4599.964 4599.165 4599.125 4599.085 4599.045 4599.006 4599.0 4599.0 4599.0 4599.0 4599.0 4599.0 4599.0 4599.0 4599.0 4598.973 4598.939 4598.905 4598.872 4598.923 4599.209 4599.495 4599.781 4600.067 4600.752 4601.578 4602.404 4603.231 4604.125 4605.274 4606.423 4607.573 4608.722 4609.721 4610.649 4611.578 4612.506 4613.219 4612.73 4612.243 4611.755 4611.267 4611.495 4612.155 4612.815 4613.476 4614.312
4642.458 4639.683 4636.907 4634.132 4630.878 4627.61 4624.342 4621.074 4617.94 4614.975 4612.009 4609.044 4606.079 4604.497 4603.047 4601.597 4600.147 4599.232 4599.176 4599.12 4599.064 4599.008 4599.0 4599.0 4599.0 4599.0 4599.0 4599.0 4599.0 4599.0 4599.0 4598.986 4598.968 4598.951 4598.933 4599.02 4599.392 4599.764 4600.137 4600.509 4601.333 4602.315 4603.298 4604.281 4605.336 4606.664 4607.991 4609.318 4610.646 4611.823 4612.929 4614.036 4615.143 4616.019 4615.612 4615.205 4614.798 4614.391 4614.643 4615.292 4615.942 4616.591 4617.417
