data/zism_data/01034_02_D.txt
ncols         224
nrows         224
[rows 84 to 111 of 224, columns 0 to 63 of 224]
1614.04 1613.471 1612.901 1612.075 1610.933 1609.792 1608.65 1607.509 1606.486 1605.476 1604.466 1603.456 1602.647 1602.215 1601.783 1601.351 1600.919 1600.848 1600.87 1600.891 1600.912 1601.089 1601.739 1602.389 1603.039 1603.689 1604.835 1606.198 1607.561 1608.924 1610.25 1611.356 1612.462 1613.568 1614.674 1615.666 1616.579 1617.493 1618.406 1619.29 1619.529 1619.767 1620.006 1620.245 1619.557 1617.916 1616.275 1614.634 1612.993 1611.525 1610.068 1608.612 1607.155 1608.302 1613.497 1618.693 1623.888 1629.084 1635.824 1642.858 1649.891 1656.924 1663.698 1669.836
1615.126 1614.438 1613.75 1612.825 1611.608 1610.391 1609.174 1607.957 1606.869 1605.794 1604.72 1603.645 1602.792 1602.355 1601.917 1601.48 1601.043 1601.001 1601.06 1601.119 1601.178 1601.411 1602.174 1602.937 1603.7 1604.463 1605.621 1606.952 1608.282 1609.613 1610.91 1612.011 1613.112 1614.213 1615.313 1616.383 1617.431 1618.479 1619.527 1620.548 1620.986 1621.424 1621.861 1622.299 1621.723 1620.103 1618.484 1616.864 1615.245 1613.723 1612.207 1610.691 1609.175 1610.412 1615.93 1621.449 1626.967 1632.486 1639.187 1646.113 1653.039 1659.964 1666.665 1672.814
1616.232 1615.436 1614.639 1613.613 1612.304 1610.995 1609.686 1608.377 1607.164 1605.961 1604.758 1603.555 1602.627 1602.215 1601.802 1601.39 1600.977 1600.992 1601.115 1601.239 1601.362 1601.67 1602.539 1603.409 1604.278 1605.147 1606.346 1607.688 1609.03 1610.372 1611.685 1612.831 1613.976 1615.122 1616.268 1617.421 1618.581 1619.74 1620.899 1622.033 1622.623 1623.213 1623.803 1624.393 1624.02 1622.657 1621.294 1619.931 1618.567 1617.529 1616.511 1615.492 1614.474 1616.119 1621.907 1627.695 1633.483 1639.27 1645.546 1651.915 1658.284 1664.652 1670.785 1676.341
1617.35 1616.452 1615.553 1614.424 1613.013 1611.602 1610.191 1608.779 1607.406 1606.036 1604.666 1603.297 1602.275 1601.905 1601.536 1601.166 1600.797 1600.885 1601.089 1601.293 1601.497 1601.891 1602.863 1603.834 1604.806 1605.778 1607.033 1608.413 1609.792 1611.172 1612.529 1613.75 1614.971 1616.192 1617.413 1618.655 1619.911 1621.167 1622.423 1623.655 1624.369 1625.083 1625.796 1626.51 1626.396 1625.432 1624.467 1623.502 1622.537 1622.307 1622.123 1621.939 1621.755 1624.001 1630.026 1636.05 1642.075 1648.099 1653.716 1659.256 1664.796 1670.336 1675.602 1680.2
1618.468 1617.467 1616.467 1615.236 1613.722 1612.209 1610.695 1609.182 1607.648 1606.111 1604.575 1603.038 1601.923 1601.596 1601.27 1600.943 1600.616 1600.777 1601.062 1601.347 1601.632 1602.112 1603.186 1604.26 1605.334 1606.408 1607.721 1609.138 1610.555 1611.973 1613.373 1614.669 1615.965 1617.262 1618.558 1619.888 1621.241 1622.594 1623.947 1625.277 1626.115 1626.952 1627.79 1628.627 1628.773 1628.206 1627.64 1627.073 1626.506 1627.086 1627.736 1628.387 1629.037 1631.883 1638.144 1644.406 1650.667 1656.929 1661.887 1666.598 1671.308 1676.019 1680.42 1684.059
1619.586 1618.483 1617.38 1616.047 1614.431 1612.815 1611.2 1609.584 1607.89 1606.186 1604.483 1602.78 1601.57 1601.287 1601.003 1600.72 1600.436 1600.67 1601.036 1601.402 1601.768 1602.333 1603.509 1604.686 1605.862 1607.038 1608.408 1609.863 1611.318 1612.773 1614.216 1615.588 1616.96 1618.331 1619.703 1621.121 1622.571 1624.021 1625.471 1626.899 1627.86 1628.822 1629.783 1630.744 1631.149 1630.981 1630.812 1630.644 1630.476 1631.865 1633.349 1634.834 1636.318 1639.765 1646.263 1652.761 1659.26 1665.758 1670.057 1673.939 1677.821 1681.703 1685.237 1687.918
1620.724 1619.525 1618.327 1616.894 1615.174 1613.454 1611.734 1610.014 1608.163 1606.296 1604.43 1602.563 1601.26 1601.012 1600.764 1600.516 1600.268 1600.563 1600.996 1601.429 1601.862 1602.499 1603.759 1605.019 1606.279 1607.54 1608.966 1610.464 1611.962 1613.461 1614.952 1616.406 1617.859 1619.312 1620.765 1622.273 1623.82 1625.366 1626.912 1628.439 1629.534 1630.628 1631.723 1632.818 1633.49 1633.727 1633.963 1634.2 1634.436 1636.599 1638.881 1641.162 1643.443 1647.446 1654.127 1660.807 1667.487 1674.168 1677.831 1680.921 1684.011 1687.102 1689.809 1691.578
1622.066 1620.841 1619.615 1618.112 1616.268 1614.424 1612.581 1610.737 1608.762 1606.771 1604.781 1602.791 1601.392 1601.101 1600.81 1600.519 1600.228 1600.454 1600.812 1601.169 1601.527 1602.08 1603.233 1604.385 1605.538 1606.691 1608.155 1609.756 1611.356 1612.957 1614.557 1616.156 1617.754 1619.352 1620.951 1622.573 1624.21 1625.848 1627.486 1629.11 1630.442 1631.774 1633.105 1634.437 1635.463 1636.173 1636.883 1637.593 1638.303 1640.874 1643.559 1646.244 1648.929 1653.024 1659.311 1665.599 1671.886 1678.174 1681.439 1684.131 1686.823 1689.516 1691.814 1693.147
1623.409 1622.156 1620.903 1619.33 1617.362 1615.395 1613.427 1611.46 1609.361 1607.247 1605.133 1603.019 1601.524 1601.19 1600.856 1600.522 1600.188 1600.345 1600.627 1600.909 1601.192 1601.662 1602.707 1603.752 1604.797 1605.842 1607.344 1609.047 1610.75 1612.453 1614.162 1615.906 1617.649 1619.393 1621.137 1622.872 1624.601 1626.33 1628.06 1629.782 1631.35 1632.919 1634.488 1636.056 1637.435 1638.619 1639.803 1640.986 1642.17 1645.149 1648.237 1651.326 1654.415 1658.602 1664.496 1670.391 1676.285 1682.18 1685.048 1687.342 1689.636 1691.929 1693.818 1694.715
1624.751 1623.471 1622.192 1620.548 1618.456 1616.365 1614.274 1612.183 1609.96 1607.722 1605.484 1603.246 1601.656 1601.279 1600.902 1600.525 1600.147 1600.236 1600.443 1600.65 1600.857 1601.243 1602.181 1603.118 1604.055 1604.993 1606.534 1608.339 1610.144 1611.949 1613.766 1615.656 1617.545 1619.434 1621.323 1623.171 1624.992 1626.813 1628.633 1630.453 1632.259 1634.064 1635.87 1637.675 1639.408 1641.065 1642.722 1644.38 1646.037 1649.423 1652.916 1656.408 1659.901 1664.18 1669.681 1675.182 1680.684 1686.186 1688.656 1690.552 1692.448 1694.343 1695.823 1696.284
1626.093 1624.787 1623.48 1621.766 1619.551 1617.336 1615.121 1612.906 1610.559 1608.197 1605.836 1603.474 1601.788 1601.368 1600.948 1600.527 1600.107 1600.127 1600.258 1600.39 1600.521 1600.825 1601.655 1602.484 1603.314 1604.144 1605.723 1607.63 1609.538 1611.445 1613.371 1615.405 1617.44 1619.474 1621.509 1623.471 1625.383 1627.295 1629.207 1631.125 1633.167 1635.209 1637.252 1639.294 1641.38 1643.511 1645.642 1647.773 1649.904 1653.698 1657.594 1661.49 1665.386 1669.757 1674.866 1679.974 1685.083 1690.192 1692.265 1693.762 1695.26 1696.757 1697.828 1697.853
1627.63 1626.374 1625.118 1623.414 1621.161 1618.908 1616.655 1614.402 1611.938 1609.449 1606.961 1604.473 1602.638 1602.03 1601.421 1600.813 1600.204 1600.135 1600.203 1600.271 1600.339 1600.56 1601.246 1601.932 1602.619 1603.305 1604.807 1606.666 1608.524 1610.383 1612.275 1614.369 1616.463 1618.557 1620.651 1622.652 1624.59 1626.529 1628.467 1630.42 1632.672 1634.924 1637.177 1639.429 1641.871 1644.509 1647.146 1649.783 1652.42 1656.593 1660.86 1665.128 1669.395 1673.827 1678.516 1683.205 1687.894 1692.583 1694.335 1695.529 1696.723 1697.917 1698.716 1698.548
1629.326 1628.183 1627.039 1625.412 1623.192 1620.971 1618.75 1616.53 1613.953 1611.335 1608.718 1606.1 1604.075 1603.159 1602.244 1601.329 1600.414 1600.239 1600.253 1600.268 1600.282 1600.419 1600.933 1601.448 1601.962 1602.476 1603.806 1605.492 1607.178 1608.864 1610.608 1612.691 1614.774 1616.857 1618.94 1620.921 1622.833 1624.745 1626.656 1628.591 1631.031 1633.472 1635.913 1638.354 1641.154 1644.324 1647.494 1650.665 1653.835 1658.363 1662.974 1667.586 1672.198 1676.667 1680.915 1685.163 1689.41 1693.658 1695.149 1696.117 1697.085 1698.052 1698.693 1698.53
1631.022 1629.991 1628.961 1627.411 1625.222 1623.034 1620.846 1618.658 1615.968 1613.221 1610.474 1607.727 1605.511 1604.289 1603.067 1601.845 1600.623 1600.343 1600.304 1600.264 1600.224 1600.279 1600.621 1600.963 1601.305 1601.647 1602.804 1604.318 1605.832 1607.346 1608.941 1611.013 1613.085 1615.158 1617.23 1619.191 1621.075 1622.96 1624.845 1626.762 1629.391 1632.02 1634.649 1637.279 1640.437 1644.14 1647.843 1651.546 1655.249 1660.133 1665.089 1670.045 1675.001 1679.508 1683.314 1687.12 1690.926 1694.733 1695.963 1696.705 1697.447 1698.189 1698.67 1698.513
1632.717 1631.8 1630.883 1629.409 1627.253 1625.097 1622.941 1620.785 1617.983 1615.107 1612.231 1609.355 1606.948 1605.419 1603.89 1602.361 1600.832 1600.447 1600.354 1600.26 1600.167 1600.138 1600.308 1600.478 1600.648 1600.817 1601.802 1603.144 1604.486 1605.828 1607.274 1609.335 1611.397 1613.458 1615.52 1617.46 1619.318 1621.176 1623.033 1624.933 1627.751 1630.568 1633.386 1636.203 1639.72 1643.956 1648.191 1652.427 1656.663 1661.902 1667.203 1672.504 1677.804 1682.348 1685.713 1689.077 1692.442 1695.807 1696.777 1697.293 1697.809 1698.325 1698.647 1698.495
1634.416 1633.613 1632.81 1631.415 1629.293 1627.171 1625.049 1622.927 1620.012 1617.008 1614.004 1611.0 1608.402 1606.565 1604.728 1602.891 1601.054 1600.562 1600.412 1600.262 1600.113 1600.0 1600.0 1600.0 1600.0 1600.0 1600.814 1601.985 1603.155 1604.326 1605.623 1607.67 1609.717 1611.764 1613.811 1615.727 1617.552 1619.378 1621.204 1623.081 1626.088 1629.095 1632.103 1635.11 1638.986 1643.757 1648.527 1653.298 1658.069 1663.661 1669.304 1674.947 1680.59 1685.169 1688.095 1691.021 1693.946 1696.872 1697.583 1697.875 1698.166 1698.458 1698.622 1698.475
1636.294 1635.696 1635.098 1633.883 1631.911 1629.94 1627.969 1625.998 1623.04 1619.972 1616.903 1613.834 1611.057 1608.827 1606.598 1604.368 1602.138 1601.39 1601.02 1600.65 1600.279 1600.0 1600.0 1600.0 1600.0 1600.0 1600.743 1601.811 1602.88 1603.948 1605.119 1606.897 1608.675 1610.453 1612.23 1613.806 1615.245 1616.683 1618.121 1619.639 1622.926 1626.214 1629.501 1632.788 1637.135 1642.573 1648.011 1653.449 1658.887 1664.691 1670.517 1676.343 1682.168 1686.741 1689.366 1691.99 1694.614 1697.238 1697.816 1698.005 1698.194 1698.383 1698.461 1698.265
1638.173 1637.78 1637.386 1636.351 1634.531 1632.71 1630.889 1629.069 1626.069 1622.935 1619.802 1616.669 1613.713 1611.09 1608.467 1605.845 1603.222 1602.219 1601.628 1601.036 1600.445 1600.0 1600.0 1600.0 1600.0 1600.0 1600.672 1601.638 1602.604 1603.57 1604.615 1606.123 1607.632 1609.141 1610.65 1611.886 1612.937 1613.987 1615.038 1616.198 1619.765 1623.332 1626.899 1630.466 1635.284 1641.389 1647.495 1653.601 1659.706 1665.721 1671.729 1677.738 1683.747 1688.314 1690.636 1692.959 1695.282 1697.605 1698.048 1698.135 1698.222 1698.309 1698.3 1698.056
1640.052 1639.863 1639.674 1638.819 1637.149 1635.479 1633.81 1632.14 1629.097 1625.899 1622.701 1619.503 1616.369 1613.353 1610.337 1607.322 1604.306 1603.047 1602.235 1601.423 1600.612 1600.0 1600.0 1600.0 1600.0 1600.0 1600.601 1601.465 1602.328 1603.192 1604.11 1605.35 1606.589 1607.829 1609.069 1609.966 1610.629 1611.292 1611.955 1612.756 1616.603 1620.45 1624.297 1628.144 1633.433 1640.206 1646.979 1653.752 1660.525 1666.75 1672.942 1679.134 1685.326 1689.886 1691.907 1693.928 1695.95 1697.971 1698.28 1698.265 1698.25 1698.234 1698.139 1697.846
1641.931 1641.946 1641.961 1641.287 1639.768 1638.249 1636.73 1635.211 1632.125 1628.863 1625.6 1622.338 1619.024 1615.616 1612.207 1608.798 1605.39 1603.875 1602.843 1601.81 1600.778 1600.0 1600.0 1600.0 1600.0 1600.0 1600.53 1601.291 1602.053 1602.814 1603.606 1604.576 1605.547 1606.517 1607.488 1608.045 1608.321 1608.596 1608.872 1609.314 1613.441 1617.568 1621.695 1625.822 1631.582 1639.022 1646.462 1653.903 1661.343 1667.78 1674.155 1680.53 1686.905 1691.458 1693.178 1694.898 1696.618 1698.338 1698.513 1698.395 1698.278 1698.16 1697.978 1697.637
1643.695 1643.946 1644.197 1643.753 1642.456 1641.16 1639.864 1638.567 1635.534 1632.305 1629.076 1625.846 1622.452 1618.748 1615.045 1611.341 1607.637 1605.776 1604.384 1602.992 1601.6 1600.53 1600.448 1600.365 1600.283 1600.201 1600.679 1601.403 1602.126 1602.85 1603.57 1604.274 1604.978 1605.682 1606.386 1606.657 1606.633 1606.608 1606.583 1606.746 1611.035 1615.323 1619.612 1623.9 1630.069 1638.174 1646.279 1654.385 1662.49 1669.055 1675.526 1681.996 1688.466 1692.958 1694.371 1695.784 1697.198 1698.611 1698.667 1698.465 1698.263 1698.061 1697.804 1697.409
1645.336 1645.856 1646.376 1646.215 1645.22 1644.225 1643.23 1642.235 1639.359 1636.269 1633.18 1630.09 1626.722 1622.83 1618.938 1615.046 1611.153 1608.847 1606.943 1605.04 1603.136 1601.639 1601.384 1601.13 1600.875 1600.621 1601.069 1601.825 1602.581 1603.336 1604.047 1604.487 1604.927 1605.367 1605.807 1605.85 1605.621 1605.392 1605.163 1605.131 1609.452 1613.773 1618.093 1622.414 1628.926 1637.693 1646.46 1655.228 1663.995 1670.598 1677.069 1683.539 1690.009 1694.379 1695.48 1696.581 1697.682 1698.783 1698.735 1698.469 1698.202 1697.936 1697.615 1697.161
1646.976 1647.765 1648.554 1648.677 1647.984 1647.29 1646.597 1645.903 1643.183 1640.233 1637.284 1634.334 1630.992 1626.911 1622.831 1618.75 1614.67 1611.917 1609.502 1607.088 1604.673 1602.748 1602.321 1601.894 1601.467 1601.04 1601.459 1602.247 1603.035 1603.823 1604.523 1604.699 1604.876 1605.052 1605.229 1605.043 1604.609 1604.175 1603.742 1603.516 1607.869 1612.222 1616.575 1620.928 1627.782 1637.212 1646.641 1656.07 1665.499 1672.141 1678.612 1685.082 1691.552 1695.8 1696.589 1697.378 1698.167 1698.955 1698.803 1698.472 1698.141 1697.81 1697.426 1696.913
1648.617 1649.675 1650.733 1651.14 1650.747 1650.355 1649.963 1649.571 1647.007 1644.197 1641.388 1638.578 1635.261 1630.993 1626.724 1622.455 1618.186 1614.987 1612.061 1609.135 1606.209 1603.857 1603.257 1602.658 1602.059 1601.46 1601.849 1602.669 1603.489 1604.31 1604.999 1604.911 1604.824 1604.737 1604.65 1604.235 1603.597 1602.959 1602.321 1601.901 1606.286 1610.672 1615.057 1619.442 1626.639 1636.73 1646.821 1656.913 1667.004 1673.684 1680.155 1686.625 1693.096 1697.221 1697.697 1698.174 1698.651 1699.128 1698.871 1698.476 1698.08 1697.685 1697.238 1696.666
1650.257 1651.584 1652.912 1653.602 1653.511 1653.421 1653.33 1653.239 1650.831 1648.162 1645.492 1642.823 1639.531 1635.074 1630.617 1626.159 1621.702 1618.058 1614.621 1611.183 1607.746 1604.965 1604.194 1603.423 1602.651 1601.88 1602.238 1603.091 1603.944 1604.797 1605.475 1605.124 1604.773 1604.422 1604.071 1603.428 1602.585 1601.743 1600.9 1600.286 1604.703 1609.121 1613.539 1617.956 1625.496 1636.249 1647.002 1657.756 1668.509 1675.228 1681.698 1688.168 1694.639 1698.642 1698.806 1698.971 1699.135 1699.3 1698.939 1698.479 1698.019 1697.559 1697.049 1696.418
1652.276 1654.131 1655.986 1657.071 1657.21 1657.35 1657.49 1657.63 1655.271 1652.63 1649.988 1647.347 1644.065 1639.582 1635.099 1630.615 1626.132 1622.317 1618.673 1615.028 1611.384 1608.398 1607.429 1606.461 1605.492 1604.523 1604.688 1605.35 1606.012 1606.674 1607.141 1606.455 1605.769 1605.084 1604.398 1603.582 1602.677 1601.771 1600.866 1600.168 1604.035 1607.902 1611.768 1615.635 1623.032 1634.062 1645.091 1656.122 1667.151 1674.24 1681.085 1687.931 1694.777 1698.959 1698.999 1699.039 1699.079 1699.119 1698.702 1698.197 1697.693 1697.188 1696.64 1695.985
1654.319 1656.718 1659.116 1660.602 1660.967 1661.333 1661.699 1662.065 1659.748 1657.128 1654.509 1651.889 1648.616 1644.116 1639.617 1635.117 1630.618 1626.65 1622.817 1618.984 1615.151 1611.975 1610.807 1609.638 1608.47 1607.302 1607.265 1607.722 1608.18 1608.637 1608.88 1607.855 1606.83 1605.805 1604.781 1603.795 1602.836 1601.877 1600.917 1600.143 1603.423 1606.703 1609.983 1613.263 1620.487 1631.769 1643.052 1654.335 1665.618 1673.096 1680.34 1687.584 1694.828 1699.209 1699.136 1699.063 1698.99 1698.917 1698.445 1697.897 1697.35 1696.802 1696.218 1695.541
1656.362 1659.304 1662.246 1664.132 1664.724 1665.316 1665.908 1666.5 1664.225 1661.627 1659.029 1656.431 1653.166 1648.65 1644.135 1639.619 1635.103 1630.982 1626.96 1622.939 1618.918 1615.551 1614.183 1612.816 1611.449 1610.082 1609.841 1610.094 1610.347 1610.6 1610.618 1609.255 1607.891 1606.527 1605.163 1604.008 1602.995 1601.982 1600.969 1600.117 1602.81 1605.504 1608.197 1610.891 1617.941 1629.477 1641.013 1652.549 1664.085 1671.953 1679.595 1687.237 1694.88 1699.459 1699.273 1699.086 1698.9 1698.714 1698.188 1697.598 1697.007 1696.417 1695.795 1695.097
