data/zism_data/01036_02_D.txt
ncols         224
nrows         224
[rows 168 to 195 of 224, columns 126 to 188 of 224]
4579.844 4579.858 4579.873 4579.887 4579.158 4577.707 4576.255 4574.803 4573.352 4563.711 4553.588 4543.464 4533.341 4523.064 4512.538 4502.012 4491.486 4480.96 4477.056 4474.617 4472.177 4469.737 4468.243 4469.492 4470.741 4471.99 4473.239 4474.958 4476.884 4478.81 4480.735 4482.856 4486.269 4489.681 4493.093 4496.506 4501.601 4507.974 4514.348 4520.721 4527.118 4537.595 4548.072 4558.55 4569.027 4580.92 4594.593 4608.266 4621.939 4635.612 4647.448 4659.034 4670.62 4682.206 4688.91 4685.124 4681.338 4677.551 4673.765 4664.057 4652.427 4640.796 4629.166
4571.744 4571.582 4571.42 4571.258 4570.095 4567.958 4565.821 4563.685 4561.548 4551.122 4540.207 4529.291 4518.375 4508.04 4498.643 4489.246 4479.849 4470.452 4467.506 4465.987 4464.468 4462.949 4462.367 4464.504 4466.642 4468.779 4470.917 4473.36 4475.938 4478.517 4481.096 4483.913 4488.315 4492.718 4497.121 4501.523 4507.663 4515.123 4522.583 4530.042 4537.517 4547.706 4557.894 4568.083 4578.271 4589.616 4602.417 4615.218 4628.019 4640.82 4651.086 4661.008 4670.93 4680.852 4685.803 4680.074 4674.346 4668.617 4662.888 4652.409 4640.388 4628.367 4616.345
4563.645 4563.306 4562.967 4562.628 4561.031 4558.209 4555.388 4552.566 4549.745 4538.533 4526.825 4515.118 4503.411 4493.016 4484.748 4476.48 4468.212 4459.944 4457.957 4457.358 4456.759 4456.161 4456.491 4459.516 4462.542 4465.567 4468.593 4471.762 4474.993 4478.225 4481.456 4484.97 4490.363 4495.755 4501.148 4506.54 4513.725 4522.271 4530.817 4539.363 4547.917 4557.816 4567.715 4577.615 4587.514 4598.313 4610.241 4622.17 4634.099 4646.027 4654.724 4662.982 4671.239 4679.497 4682.696 4675.025 4667.354 4659.682 4652.011 4640.761 4628.349 4615.938 4603.525
4555.545 4555.03 4554.515 4554.0 4551.968 4548.461 4544.955 4541.448 4537.942 4525.943 4513.444 4500.945 4488.446 4477.992 4470.853 4463.714 4456.576 4449.437 4448.408 4448.729 4449.051 4449.372 4450.614 4454.528 4458.442 4462.356 4466.271 4470.164 4474.048 4477.932 4481.816 4486.028 4492.41 4498.792 4505.175 4511.557 4519.787 4529.418 4539.051 4548.683 4558.315 4567.926 4577.537 4587.147 4596.758 4607.009 4618.065 4629.122 4640.178 4651.234 4658.362 4664.956 4671.549 4678.143 4679.589 4669.975 4660.362 4650.748 4641.134 4629.113 4616.311 4603.508 4590.706
4546.78 4545.883 4544.986 4544.088 4541.442 4537.094 4532.747 4528.398 4524.051 4511.978 4499.448 4486.919 4474.39 4464.38 4458.452 4452.524 4446.596 4440.667 4440.71 4442.072 4443.435 4444.797 4447.032 4451.799 4456.565 4461.332 4466.098 4470.656 4475.122 4479.587 4484.052 4488.901 4496.297 4503.692 4511.087 4518.482 4527.422 4537.535 4547.647 4557.76 4567.865 4576.643 4585.42 4594.198 4602.976 4612.183 4621.931 4631.678 4641.426 4651.174 4656.82 4661.909 4666.998 4672.086 4672.253 4661.844 4651.434 4641.024 4630.614 4618.394 4605.585 4592.776 4579.967
4537.587 4536.176 4534.765 4533.354 4529.977 4524.687 4519.397 4514.108 4508.818 4497.127 4485.058 4472.989 4460.92 4451.677 4447.012 4442.347 4437.681 4433.016 4434.203 4436.684 4439.165 4441.646 4444.925 4450.521 4456.117 4461.713 4467.309 4472.492 4477.493 4482.494 4487.494 4492.943 4501.365 4509.788 4518.211 4526.633 4536.068 4546.272 4556.476 4566.679 4576.869 4584.463 4592.059 4599.653 4607.249 4615.093 4623.251 4631.409 4639.567 4647.726 4651.948 4655.635 4659.321 4663.008 4662.199 4651.73 4641.262 4630.793 4620.325 4608.271 4595.704 4583.136 4570.567
4528.393 4526.469 4524.544 4522.62 4518.511 4512.28 4506.048 4499.817 4493.585 4482.276 4470.667 4459.059 4447.451 4438.974 4435.571 4432.169 4428.767 4425.364 4427.696 4431.295 4434.895 4438.495 4442.818 4449.244 4455.669 4462.095 4468.52 4474.329 4479.864 4485.4 4490.936 4496.984 4506.435 4515.885 4525.335 4534.785 4544.715 4555.01 4565.304 4575.599 4585.872 4592.284 4598.697 4605.109 4611.521 4618.002 4624.571 4631.14 4637.709 4644.278 4647.076 4649.36 4651.645 4653.929 4652.145 4641.618 4631.09 4620.563 4610.035 4598.149 4585.822 4573.495 4561.167
4519.2 4516.762 4514.323 4511.885 4507.046 4499.873 4492.699 4485.526 4478.353 4467.426 4456.277 4445.129 4433.981 4426.271 4424.131 4421.992 4419.853 4417.713 4421.189 4425.907 4430.625 4435.343 4440.711 4447.966 4455.221 4462.476 4469.731 4476.165 4482.236 4488.307 4494.377 4501.025 4511.503 4521.981 4532.458 4542.936 4553.361 4563.747 4574.133 4584.519 4594.875 4600.105 4605.334 4610.564 4615.793 4620.913 4625.892 4630.872 4635.851 4640.831 4642.204 4643.086 4643.968 4644.851 4642.091 4631.505 4620.918 4610.332 4599.746 4588.027 4575.94 4563.854 4551.768
4509.741 4506.83 4503.918 4501.007 4495.495 4487.455 4479.414 4471.373 4463.332 4452.864 4442.252 4431.64 4421.028 4414.128 4413.242 4412.355 4411.469 4410.583 4415.169 4420.966 4426.763 4432.56 4438.935 4446.986 4455.039 4463.091 4471.143 4478.2 4484.818 4491.436 4498.054 4505.306 4516.764 4528.222 4539.68 4551.138 4562.027 4572.485 4582.943 4593.401 4603.824 4607.864 4611.905 4615.946 4619.986 4623.747 4627.156 4630.565 4633.974 4637.383 4637.347 4636.843 4636.338 4635.833 4632.114 4621.484 4610.854 4600.224 4589.594 4578.033 4566.17 4554.307 4542.444
4495.957 4493.238 4490.52 4487.801 4482.558 4474.86 4467.161 4459.463 4451.765 4442.993 4434.158 4425.322 4416.487 4411.102 4411.308 4411.513 4411.718 4411.923 4417.063 4423.293 4429.523 4435.753 4442.52 4450.845 4459.17 4467.495 4475.82 4483.473 4490.83 4498.186 4505.542 4513.464 4525.136 4536.808 4548.48 4560.152 4571.003 4581.231 4591.459 4601.688 4611.874 4614.625 4617.375 4620.126 4622.877 4625.361 4627.507 4629.653 4631.799 4633.945 4632.755 4631.111 4629.466 4627.822 4623.389 4612.962 4602.536 4592.109 4581.682 4570.126 4558.205 4546.283 4534.361
4482.172 4479.646 4477.121 4474.595 4469.62 4462.264 4454.909 4447.553 4440.197 4433.122 4426.063 4419.005 4411.946 4408.076 4409.373 4410.67 4411.967 4413.264 4418.956 4425.62 4432.283 4438.947 4446.106 4454.704 4463.302 4471.9 4480.498 4488.747 4496.841 4504.937 4513.031 4521.623 4533.509 4545.395 4557.281 4569.167 4579.98 4589.978 4599.976 4609.974 4619.924 4621.385 4622.847 4624.308 4625.769 4626.975 4627.858 4628.741 4629.624 4630.507 4628.163 4625.378 4622.594 4619.81 4614.664 4604.44 4594.217 4583.994 4573.77 4562.22 4550.24 4538.259 4526.278
4468.388 4466.055 4463.722 4461.389 4456.683 4449.669 4442.656 4435.643 4428.63 4423.251 4417.969 4412.687 4407.405 4405.05 4407.439 4409.828 4412.216 4414.604 4420.849 4427.946 4435.043 4442.14 4449.691 4458.563 4467.433 4476.304 4485.175 4494.02 4502.853 4511.687 4520.52 4529.781 4541.881 4553.981 4566.081 4578.181 4588.956 4598.724 4608.492 4618.259 4627.974 4628.146 4628.317 4628.489 4628.661 4628.588 4628.208 4627.829 4627.449 4627.07 4623.57 4619.646 4615.723 4611.798 4605.939 4595.918 4585.898 4575.878 4565.858 4554.314 4542.274 4530.235 4518.195
4454.604 4452.464 4450.323 4448.183 4443.746 4437.075 4430.404 4423.733 4417.063 4413.38 4409.875 4406.37 4402.864 4402.024 4405.505 4408.985 4412.465 4415.945 4422.743 4430.273 4437.803 4445.333 4453.277 4462.421 4471.565 4480.708 4489.852 4499.293 4508.865 4518.437 4528.008 4537.939 4550.253 4562.567 4574.882 4587.196 4597.932 4607.47 4617.007 4626.545 4636.023 4634.906 4633.788 4632.67 4631.552 4630.202 4628.559 4626.917 4625.274 4623.632 4618.978 4613.914 4608.851 4603.787 4597.214 4587.397 4577.581 4567.764 4557.947 4546.408 4534.31 4522.211 4510.113
4442.316 4440.483 4438.649 4436.815 4432.975 4427.184 4421.393 4415.603 4409.812 4407.595 4405.589 4403.583 4401.578 4402.07 4406.609 4411.148 4415.688 4420.227 4427.333 4435.006 4442.68 4450.353 4458.496 4467.999 4477.502 4487.006 4496.509 4506.501 4516.708 4526.916 4537.123 4547.623 4560.07 4572.517 4584.963 4597.41 4607.937 4617.006 4626.074 4635.143 4644.148 4641.721 4639.295 4636.868 4634.442 4631.616 4628.287 4624.958 4621.629 4618.3 4612.279 4605.891 4599.502 4593.114 4585.726 4576.185 4566.645 4557.105 4547.565 4536.139 4524.102 4512.064 4500.026
4431.483 4430.066 4428.65 4427.233 4424.31 4419.921 4415.532 4411.144 4406.755 4405.778 4405.003 4404.229 4403.454 4405.099 4410.666 4416.232 4421.799 4427.365 4434.543 4442.078 4449.612 4457.146 4465.299 4475.247 4485.194 4495.142 4505.089 4515.588 4526.331 4537.073 4547.815 4558.788 4571.288 4583.788 4596.289 4608.789 4618.94 4627.308 4635.676 4644.044 4652.344 4648.59 4644.837 4641.083 4637.33 4632.835 4627.409 4621.982 4616.556 4611.129 4603.533 4595.641 4587.75 4579.858 4571.553 4562.361 4553.168 4543.976 4534.784 4523.577 4511.716 4499.854 4487.993
4420.649 4419.65 4418.651 4417.652 4415.645 4412.658 4409.671 4406.685 4403.698 4403.962 4404.417 4404.874 4405.329 4408.128 4414.722 4421.316 4427.91 4434.504 4441.754 4449.149 4456.544 4463.94 4472.103 4482.495 4492.886 4503.278 4513.67 4524.676 4535.953 4547.231 4558.508 4569.953 4582.506 4595.06 4607.614 4620.168 4629.944 4637.611 4645.278 4652.945 4660.54 4655.459 4650.379 4645.298 4640.218 4634.055 4626.531 4619.006 4611.482 4603.958 4594.787 4585.392 4575.996 4566.601 4557.38 4548.536 4539.691 4530.847 4522.002 4511.014 4499.329 4487.645 4475.96
4409.816 4409.234 4408.652 4408.071 4406.98 4405.396 4403.811 4402.226 4400.641 4402.146 4403.832 4405.519 4407.205 4411.157 4418.778 4426.399 4434.021 4441.643 4448.965 4456.221 4463.477 4470.733 4478.907 4489.742 4500.578 4511.414 4522.25 4533.763 4545.576 4557.388 4569.201 4581.117 4593.725 4606.332 4618.939 4631.546 4640.948 4647.914 4654.879 4661.845 4668.736 4662.329 4655.921 4649.513 4643.105 4635.274 4625.653 4616.031 4606.409 4596.788 4586.042 4575.143 4564.243 4553.344 4543.208 4534.711 4526.214 4517.718 4509.221 4498.451 4486.943 4475.435 4463.927
4398.982 4398.818 4398.653 4398.489 4398.315 4398.132 4397.95 4397.767 4397.584 4400.329 4403.246 4406.164 4409.081 4414.186 4422.834 4431.483 4440.132 4448.781 4456.176 4463.292 4470.41 4477.526 4485.71 4496.99 4508.271 4519.55 4530.831 4542.851 4555.199 4567.546 4579.894 4592.282 4604.943 4617.604 4630.265 4642.926 4651.952 4658.217 4664.481 4670.746 4676.933 4669.198 4661.463 4653.729 4645.994 4636.494 4624.774 4613.055 4601.336 4589.616 4577.295 4564.893 4552.49 4540.087 4529.035 4520.886 4512.737 4504.588 4496.439 4485.888 4474.557 4463.225 4451.894
4395.757 4395.917 4396.079 4396.24 4396.745 4397.585 4398.426 4399.266 4400.107 4404.544 4409.194 4413.844 4418.494 4424.742 4433.579 4442.416 4451.252 4460.089 4467.748 4475.145 4482.542 4489.94 4498.381 4509.849 4521.317 4532.786 4544.254 4556.426 4568.91 4581.394 4593.877 4606.239 4617.797 4629.354 4640.912 4652.469 4659.708 4663.664 4667.62 4671.577 4675.459 4666.162 4656.864 4647.567 4638.269 4627.448 4614.711 4601.974 4589.237 4576.5 4564.193 4551.945 4539.697 4527.449 4516.537 4508.495 4500.454 4492.412 4484.37 4473.901 4462.644 4451.387 4440.13
4392.877 4393.359 4393.841 4394.323 4395.497 4397.343 4399.19 4401.037 4402.883 4409.035 4415.439 4421.845 4428.25 4435.64 4444.627 4453.614 4462.601 4471.587 4479.518 4487.215 4494.913 4502.61 4511.319 4522.963 4534.608 4546.253 4557.898 4570.207 4582.808 4595.409 4608.01 4620.323 4630.725 4641.126 4651.528 4661.93 4667.315 4668.89 4670.465 4672.04 4673.545 4662.675 4651.804 4640.933 4630.063 4617.936 4604.23 4590.525 4576.819 4563.113 4550.893 4538.875 4526.857 4514.839 4504.114 4496.169 4488.224 4480.278 4472.333 4461.94 4450.753 4439.565 4428.377
4389.998 4390.8 4391.604 4392.407 4394.249 4397.102 4399.954 4402.807 4405.66 4413.524 4421.685 4429.845 4438.006 4446.539 4455.675 4464.812 4473.949 4483.085 4491.289 4499.285 4507.282 4515.279 4524.256 4536.078 4547.899 4559.72 4571.542 4583.986 4596.705 4609.424 4622.143 4634.407 4643.652 4652.898 4662.144 4671.39 4674.923 4674.117 4673.31 4672.504 4671.632 4659.188 4646.744 4634.3 4621.856 4608.424 4593.75 4579.076 4564.401 4549.727 4537.593 4525.805 4514.018 4502.229 4491.692 4483.843 4475.994 4468.146 4460.296 4449.979 4438.862 4427.744 4416.625
4387.118 4388.242 4389.366 4390.49 4393.001 4396.86 4400.718 4404.577 4408.436 4418.014 4427.93 4437.846 4447.762 4457.438 4466.724 4476.01 4485.297 4494.583 4503.059 4511.355 4519.652 4527.949 4537.194 4549.192 4561.19 4573.188 4585.186 4597.766 4610.603 4623.439 4636.276 4648.491 4656.581 4664.67 4672.76 4680.85 4682.531 4679.343 4676.155 4672.967 4669.719 4655.702 4641.684 4627.667 4613.649 4598.912 4583.269 4567.626 4551.983 4536.34 4524.293 4512.735 4501.177 4489.619 4479.27 4471.517 4463.765 4456.012 4448.259 4438.019 4426.97 4415.922 4404.874
4384.972 4386.547 4388.123 4389.699 4393.122 4398.34 4403.559 4408.778 4413.997 4425.177 4436.709 4448.241 4459.773 4470.401 4479.566 4488.731 4497.896 4507.062 4515.602 4524.005 4532.408 4540.811 4550.081 4561.867 4573.652 4585.438 4597.225 4609.464 4621.904 4634.343 4646.783 4658.458 4665.05 4671.643 4678.236 4684.829 4684.612 4679.221 4673.83 4668.438 4662.995 4648.223 4633.451 4618.679 4603.907 4588.621 4572.689 4556.757 4540.826 4524.894 4512.957 4501.564 4490.171 4478.778 4468.457 4460.438 4452.419 4444.4 4436.381 4426.198 4415.313 4404.427 4393.542
4383.901 4386.119 4388.336 4390.554 4395.246 4402.343 4409.439 4416.537 4423.634 4436.252 4449.197 4462.142 4475.086 4486.391 4495.037 4503.683 4512.328 4520.974 4529.276 4537.503 4545.729 4553.955 4562.894 4573.898 4584.903 4595.908 4606.913 4618.115 4629.404 4640.693 4651.982 4662.396 4666.992 4671.589 4676.186 4680.783 4678.601 4671.267 4663.934 4656.6 4649.228 4634.899 4620.571 4606.244 4591.916 4577.19 4561.965 4546.739 4531.514 4516.288 4504.498 4493.174 4481.851 4470.527 4460.0 4451.184 4442.368 4433.551 4424.735 4414.583 4403.997 4393.412 4382.826
4382.83 4385.69 4388.55 4391.41 4397.37 4406.345 4415.32 4424.296 4433.271 4447.329 4461.686 4476.043 4490.401 4502.38 4510.507 4518.634 4526.761 4534.888 4542.951 4551.001 4559.051 4567.101 4575.707 4585.931 4596.154 4606.377 4616.601 4626.766 4636.904 4647.043 4657.182 4666.333 4668.934 4671.535 4674.136 4676.737 4672.589 4663.313 4654.037 4644.761 4635.459 4621.575 4607.691 4593.808 4579.924 4565.759 4551.24 4536.721 4522.202 4507.683 4496.038 4484.784 4473.53 4462.276 4451.543 4441.93 4432.316 4422.703 4413.089 4402.968 4392.682 4382.396 4372.109
4381.759 4385.261 4388.763 4392.265 4399.494 4410.348 4421.201 4432.055 4442.908 4458.404 4474.174 4489.944 4505.714 4518.37 4525.978 4533.585 4541.193 4548.801 4556.625 4564.499 4572.372 4580.245 4588.52 4597.962 4607.404 4616.847 4626.289 4635.416 4644.404 4653.393 4662.38 4670.271 4670.876 4671.481 4672.086 4672.691 4666.578 4655.359 4644.141 4632.922 4621.691 4608.252 4594.812 4581.373 4567.933 4554.328 4540.516 4526.703 4512.89 4499.077 4487.578 4476.394 4465.209 4454.025 4443.086 4432.676 4422.265 4411.854 4401.443 4391.353 4381.366 4371.379 4361.393
4380.688 4384.832 4388.976 4393.121 4401.618 4414.35 4427.082 4439.813 4452.545 4469.48 4486.663 4503.846 4521.029 4534.359 4541.448 4548.537 4555.625 4562.714 4570.3 4577.997 4585.693 4593.39 4601.333 4609.995 4618.655 4627.316 4635.977 4644.067 4651.905 4659.742 4667.58 4674.209 4672.818 4671.427 4670.036 4668.646 4660.566 4647.405 4634.244 4621.083 4607.923 4594.928 4581.932 4568.937 4555.941 4542.897 4529.791 4516.684 4503.578 4490.471 4479.118 4468.003 4456.889 4445.774 4434.629 4423.421 4412.213 4401.005 4389.797 4379.737 4370.05 4360.363 4350.676
4381.66 4386.776 4391.892 4397.007 4406.8 4421.14 4435.48 4449.82 4464.16 4481.037 4498.063 4515.089 4532.115 4545.127 4551.638 4558.148 4564.658 4571.168 4577.823 4584.51 4591.198 4597.885 4604.79 4612.326 4619.862 4627.399 4634.935 4641.54 4647.733 4653.926 4660.119 4665.151 4662.478 4659.805 4657.131 4654.458 4645.681 4632.266 4618.851 4605.436 4592.029 4579.985 4567.942 4555.899 4543.855 4531.555 4518.931 4506.306 4493.682 4481.058 4469.501 4458.09 4446.679 4435.268 4423.889 4412.579 4401.269 4389.958 4378.648 4369.101 4360.125 4351.15 4342.174
