data/zism_data/01033_03_D.txt
ncols         224
nrows         224
[rows 168 to 195 of 224, columns 0 to 63 of 224]
4005.411 4004.934 4004.457 4003.98 4003.31 4002.13 4000.949 3999.769 3998.588 3997.127 3995.568 3994.008 3992.448 3991.151 3990.885 3990.618 3990.352 3990.086 3990.944 3992.364 3993.784 3995.204 3996.532 3997.247 3997.962 3998.677 3999.391 3998.533 3996.6 3994.667 3992.735 3991.028 3992.996 3994.963 3996.93 3998.898 4003.69 4011.072 4018.453 4025.835 4033.217 4037.635 4042.01 4046.385 4050.76 4052.524 4051.088 4049.652 4048.217 4046.781 4044.265 4041.646 4039.028 4036.409 4034.765 4034.732 4034.7 4034.668 4034.635 4036.166 4037.992 4039.818 4041.645 4042.109
4007.689 4007.643 4007.597 4007.551 4007.117 4005.662 4004.207 4002.752 4001.297 3999.422 3997.4 3995.377 3993.354 3991.554 3990.625 3989.697 3988.769 3987.841 3988.065 3988.866 3989.667 3990.469 3991.204 3991.499 3991.793 3992.088 3992.383 3991.185 3988.967 3986.749 3984.531 3982.631 3985.901 3989.171 3992.441 3995.711 4001.09 4008.401 4015.713 4023.025 4030.337 4034.287 4038.188 4042.09 4045.991 4047.361 4045.629 4043.897 4042.166 4040.434 4037.701 4034.872 4032.043 4029.215 4027.586 4027.941 4028.296 4028.651 4029.007 4030.707 4032.663 4034.618 4036.574 4037.072
4009.968 4010.352 4010.737 4011.121 4010.923 4009.194 4007.464 4005.735 4004.006 4001.717 3999.232 3996.746 3994.26 3991.957 3990.366 3988.776 3987.186 3985.595 3985.186 3985.369 3985.551 3985.733 3985.875 3985.75 3985.625 3985.5 3985.375 3983.837 3981.334 3978.83 3976.327 3974.234 3978.807 3983.379 3987.952 3992.524 3998.489 4005.731 4012.973 4020.215 4027.456 4030.939 4034.367 4037.794 4041.222 4042.198 4040.17 4038.143 4036.115 4034.087 4031.136 4028.098 4025.059 4022.021 4020.407 4021.15 4021.892 4022.635 4023.378 4025.249 4027.333 4029.418 4031.503 4032.036
4012.765 4013.536 4014.308 4015.08 4015.085 4013.071 4011.057 4009.043 4007.03 4004.322 4001.37 3998.418 3995.465 3992.653 3990.389 3988.125 3985.861 3983.598 3982.524 3982.047 3981.569 3981.091 3980.6 3980.022 3979.444 3978.866 3978.288 3976.387 3973.582 3970.777 3967.972 3965.668 3971.498 3977.328 3983.158 3988.988 3995.556 4002.802 4010.047 4017.292 4024.538 4027.582 4030.564 4033.547 4036.529 4037.141 4034.845 4032.551 4030.255 4027.96 4024.818 4021.595 4018.372 4015.149 4013.549 4014.633 4015.717 4016.802 4017.886 4019.887 4022.062 4024.236 4026.411 4026.939
4022.2 4022.805 4023.41 4024.015 4023.786 4021.363 4018.94 4016.518 4014.095 4010.899 4007.43 4003.961 4000.492 3997.101 3994.019 3990.938 3987.856 3984.774 3982.639 3980.977 3979.315 3977.653 3976.018 3974.563 3973.107 3971.652 3970.197 3967.635 3964.319 3961.003 3957.687 3954.94 3961.448 3967.956 3974.464 3980.972 3988.359 3996.552 4004.745 4012.938 4021.131 4024.109 4027.01 4029.912 4032.814 4033.427 4031.234 4029.041 4026.848 4024.656 4021.65 4018.567 4015.483 4012.4 4010.794 4011.631 4012.468 4013.304 4014.141 4015.759 4017.524 4019.29 4021.056 4021.082
4031.636 4032.074 4032.512 4032.95 4032.487 4029.656 4026.824 4023.992 4021.16 4017.475 4013.49 4009.504 4005.518 4001.55 3997.65 3993.75 3989.85 3985.95 3982.753 3979.906 3977.061 3974.214 3971.435 3969.103 3966.77 3964.438 3962.105 3958.884 3955.056 3951.229 3947.401 3944.212 3951.398 3958.585 3965.771 3972.957 3981.163 3990.303 3999.443 4008.583 4017.723 4020.635 4023.457 4026.277 4029.098 4029.712 4027.622 4025.531 4023.441 4021.35 4018.481 4015.538 4012.595 4009.652 4008.04 4008.629 4009.218 4009.807 4010.396 4011.63 4012.987 4014.344 4015.7 4015.224
4041.071 4041.342 4041.614 4041.885 4041.189 4037.948 4034.707 4031.466 4028.225 4024.052 4019.55 4015.047 4010.544 4005.998 4001.28 3996.562 3991.844 3987.126 3982.867 3978.836 3974.806 3970.776 3966.853 3963.643 3960.433 3957.223 3954.013 3950.132 3945.793 3941.454 3937.115 3933.484 3941.349 3949.213 3957.077 3964.942 3973.966 3984.053 3994.141 4004.228 4014.316 4017.162 4019.902 4022.643 4025.383 4025.999 4024.01 4022.022 4020.034 4018.045 4015.313 4012.51 4009.707 4006.903 4005.285 4005.626 4005.968 4006.31 4006.651 4007.502 4008.45 4009.397 4010.345 4009.366
4050.507 4050.611 4050.715 4050.82 4049.89 4046.24 4042.59 4038.94 4035.291 4030.628 4025.609 4020.59 4015.571 4010.447 4004.911 3999.375 3993.838 3988.302 3982.981 3977.766 3972.552 3967.338 3962.27 3958.183 3954.096 3950.008 3945.921 3941.38 3936.53 3931.68 3926.83 3922.756 3931.299 3939.841 3948.384 3956.927 3966.769 3977.804 3988.839 3999.874 4010.908 4013.689 4016.348 4019.008 4021.667 4022.284 4020.398 4018.512 4016.626 4014.74 4012.145 4009.481 4006.818 4004.155 4002.53 4002.624 4002.718 4002.812 4002.906 4003.374 4003.913 4004.451 4004.99 4003.508
4060.081 4059.984 4059.888 4059.792 4058.636 4054.692 4050.748 4046.805 4042.861 4037.8 4032.346 4026.891 4021.437 4015.872 4009.875 4003.877 3997.879 3991.882 3985.931 3980.005 3974.078 3968.151 3962.363 3957.497 3952.63 3947.764 3942.897 3937.637 3932.107 3926.577 3921.047 3916.31 3924.464 3932.617 3940.771 3948.925 3959.054 3970.994 3982.934 3994.874 4006.813 4009.854 4012.764 4015.674 4018.584 4019.43 4017.744 4016.059 4014.373 4012.688 4010.227 4007.693 4005.158 4002.623 4000.858 4000.365 3999.871 3999.378 3998.884 3998.402 3997.922 3997.442 3996.963 3994.642
4069.781 4069.454 4069.126 4068.798 4067.423 4063.291 4059.158 4055.026 4050.894 4045.518 4039.703 4033.888 4028.073 4022.193 4016.061 4009.929 4003.797 3997.665 3991.483 3985.276 3979.07 3972.863 3966.741 3961.186 3955.631 3950.075 3944.52 3938.484 3932.12 3925.755 3919.391 3913.789 3920.576 3927.362 3934.149 3940.935 3950.863 3963.669 3976.476 3989.282 4002.089 4005.688 4009.153 4012.617 4016.082 4017.363 4015.968 4014.573 4013.178 4011.784 4009.456 4007.04 4004.624 4002.208 4000.177 3998.785 3997.393 3996.0 3994.608 3992.657 3990.6 3988.543 3986.486 3983.018
4079.482 4078.923 4078.364 4077.805 4076.21 4071.889 4067.569 4063.248 4058.927 4053.236 4047.06 4040.884 4034.708 4028.514 4022.248 4015.981 4009.714 4003.447 3997.034 3990.548 3984.061 3977.574 3971.12 3964.875 3958.631 3952.386 3946.142 3939.331 3932.132 3924.934 3917.735 3911.268 3916.688 3922.107 3927.526 3932.946 3942.671 3956.344 3970.018 3983.691 3997.364 4001.522 4005.541 4009.56 4013.579 4015.296 4014.192 4013.088 4011.984 4010.879 4008.686 4006.388 4004.09 4001.792 3999.497 3997.206 3994.915 3992.623 3990.332 3986.912 3983.278 3979.644 3976.01 3971.393
4089.183 4088.393 4087.602 4086.812 4084.997 4080.488 4075.979 4071.47 4066.961 4060.953 4054.417 4047.88 4041.344 4034.835 4028.434 4022.033 4015.631 4009.23 4002.585 3995.819 3989.052 3982.286 3975.498 3968.565 3961.631 3954.698 3947.765 3940.178 3932.145 3924.113 3916.08 3908.748 3912.8 3916.852 3920.904 3924.956 3934.48 3949.02 3963.559 3978.099 3992.639 3997.356 4001.93 4006.503 4011.076 4013.229 4012.416 4011.602 4010.789 4009.975 4007.915 4005.735 4003.556 4001.376 3998.816 3995.626 3992.436 3989.246 3986.056 3981.167 3975.956 3970.745 3965.534 3959.769
4098.884 4097.862 4096.84 4095.818 4093.784 4089.086 4084.389 4079.691 4074.994 4068.671 4061.774 4054.877 4047.98 4041.156 4034.62 4028.084 4021.549 4015.013 4008.137 4001.09 3994.044 3986.998 3979.876 3972.254 3964.632 3957.009 3949.387 3941.025 3932.158 3923.291 3914.424 3906.227 3908.912 3911.596 3914.281 3916.966 3926.289 3941.695 3957.101 3972.508 3987.914 3993.19 3998.318 4003.446 4008.573 4011.162 4010.639 4010.116 4009.594 4009.071 4007.144 4005.083 4003.022 4000.961 3998.136 3994.047 3989.958 3985.869 3981.78 3975.422 3968.634 3961.846 3955.058 3948.145
4107.011 4105.601 4104.191 4102.78 4100.466 4095.774 4091.082 4086.389 4081.697 4075.429 4068.605 4061.781 4054.957 4048.168 4041.513 4034.858 4028.204 4021.549 4014.816 4008.044 4001.271 3994.499 3987.618 3980.013 3972.407 3964.801 3957.196 3948.332 3938.61 3928.888 3919.166 3910.066 3911.075 3912.084 3913.094 3914.103 3921.961 3936.096 3950.231 3964.367 3978.502 3984.976 3991.337 3997.699 4004.06 4007.6 4007.682 4007.763 4007.844 4007.926 4006.126 4004.147 4002.168 4000.189 3997.005 3991.829 3986.653 3981.477 3976.301 3969.082 3961.474 3953.867 3946.259 3939.138
4115.092 4113.289 4111.485 4109.682 4107.086 4102.404 4097.723 4093.041 4088.359 4082.158 4075.42 4068.683 4061.945 4055.2 4048.427 4041.654 4034.881 4028.108 4021.529 4015.047 4008.566 4002.084 3995.461 3987.893 3980.325 3972.757 3965.189 3955.832 3945.254 3934.676 3924.098 3914.094 3913.419 3912.744 3912.068 3911.393 3917.749 3930.549 3943.349 3956.15 3968.95 3976.641 3984.256 3991.872 3999.487 4003.993 4004.689 4005.384 4006.079 4006.774 4005.101 4003.203 4001.304 3999.406 3995.861 3989.592 3983.324 3977.055 3970.787 3962.723 3954.319 3945.915 3937.511 3930.209
4123.172 4120.976 4118.78 4116.583 4113.706 4109.035 4104.364 4099.693 4095.022 4088.887 4082.236 4075.584 4068.933 4062.232 4055.341 4048.449 4041.558 4034.666 4028.242 4022.051 4015.86 4009.669 4003.303 3995.773 3988.243 3980.712 3973.182 3963.332 3951.898 3940.465 3929.031 3918.123 3915.763 3913.403 3911.043 3908.683 3913.536 3925.002 3936.467 3947.933 3959.398 3968.305 3977.175 3986.045 3994.914 4000.387 4001.696 4003.004 4004.313 4005.622 4004.076 4002.258 4000.441 3998.623 3994.716 3987.355 3979.994 3972.633 3965.272 3956.365 3947.164 3937.963 3928.762 3921.28
4131.252 4128.663 4126.074 4123.485 4120.326 4115.666 4111.005 4106.345 4101.685 4095.617 4089.051 4082.486 4075.92 4069.265 4062.255 4055.245 4048.235 4041.225 4034.955 4029.054 4023.154 4017.254 4011.146 4003.654 3996.161 3988.668 3981.176 3970.833 3958.543 3946.253 3933.964 3922.152 3918.107 3914.062 3910.018 3905.973 3909.324 3919.454 3929.585 3939.716 3949.846 3959.97 3970.094 3980.218 3990.341 3996.78 3998.703 4000.625 4002.547 4004.47 4003.051 4001.314 3999.577 3997.84 3993.572 3985.118 3976.665 3968.211 3959.757 3950.006 3940.009 3930.011 3920.014 3912.351
4138.521 4135.614 4132.706 4129.799 4126.413 4121.765 4117.118 4112.471 4107.824 4101.843 4095.391 4088.938 4082.486 4075.907 4068.831 4061.755 4054.678 4047.602 4041.36 4035.536 4029.711 4023.887 4017.837 4010.282 4002.728 3995.173 3987.618 3976.875 3963.953 3951.032 3938.111 3925.63 3920.312 3914.994 3909.677 3904.359 3906.345 3915.028 3923.711 3932.393 3941.076 3951.576 3962.104 3972.631 3983.158 3990.144 3992.789 3995.433 3998.078 4000.722 3999.308 3997.507 3995.706 3993.905 3989.357 3980.265 3971.173 3962.082 3952.99 3943.279 3933.451 3923.623 3913.795 3906.512
4144.67 4141.547 4138.424 4135.302 4131.764 4127.133 4122.502 4117.871 4113.24 4107.375 4101.073 4094.771 4088.47 4082.012 4074.941 4067.87 4060.799 4053.729 4047.341 4041.296 4035.251 4029.206 4022.938 4015.184 4007.43 3999.677 3991.923 3980.907 3967.662 3954.418 3941.174 3928.348 3922.325 3916.302 3910.279 3904.256 3905.069 3912.148 3919.226 3926.305 3933.384 3943.103 3952.86 3962.618 3972.375 3979.329 3982.845 3986.362 3989.879 3993.395 3991.816 3989.751 3987.686 3985.621 3980.905 3971.802 3962.7 3953.597 3944.495 3936.045 3927.719 3919.392 3911.066 3904.935
4150.818 4147.48 4144.143 4140.805 4137.116 4132.5 4127.886 4123.271 4118.656 4112.906 4106.755 4100.604 4094.454 4088.117 4081.052 4073.986 4066.92 4059.855 4053.323 4047.057 4040.791 4034.525 4028.039 4020.086 4012.134 4004.181 3996.228 3984.939 3971.372 3957.804 3944.237 3931.066 3924.338 3917.61 3910.882 3904.154 3903.793 3909.267 3914.742 3920.217 3925.692 3934.629 3943.617 3952.604 3961.593 3968.514 3972.903 3977.291 3981.679 3986.068 3984.323 3981.995 3979.667 3977.338 3972.453 3963.34 3954.226 3945.113 3936.0 3928.811 3921.986 3915.161 3908.337 3903.359
4156.967 4153.415 4149.861 4146.308 4142.467 4137.868 4133.27 4128.671 4124.072 4118.438 4112.438 4106.438 4100.438 4094.222 4087.162 4080.102 4073.042 4065.981 4059.304 4052.817 4046.331 4039.844 4033.14 4024.989 4016.836 4008.685 4000.532 3988.971 3975.081 3961.19 3947.3 3933.784 3926.351 3918.918 3911.485 3904.052 3902.516 3906.387 3910.258 3914.129 3918.0 3926.155 3934.373 3942.591 3950.81 3957.699 3962.959 3968.22 3973.48 3978.741 3976.831 3974.239 3971.647 3969.054 3964.001 3954.877 3945.753 3936.629 3927.505 3921.576 3916.253 3910.93 3905.607 3901.782
4163.116 4159.348 4155.58 4151.811 4147.818 4143.236 4138.653 4134.071 4129.488 4123.97 4118.12 4112.271 4106.421 4100.327 4093.272 4086.218 4079.163 4072.108 4065.285 4058.578 4051.871 4045.163 4038.242 4029.891 4021.54 4013.188 4004.837 3993.003 3978.79 3964.577 3950.363 3936.502 3928.364 3920.226 3912.088 3903.949 3901.24 3903.507 3905.774 3908.041 3910.307 3917.681 3925.129 3932.578 3940.027 3946.884 3953.016 3959.149 3965.281 3971.414 3969.339 3966.483 3963.627 3960.771 3955.549 3946.414 3937.28 3928.145 3919.01 3914.342 3910.52 3906.699 3902.878 3900.206
4167.968 4164.139 4160.31 4156.48 4152.415 4147.727 4143.039 4138.351 4133.663 4128.186 4122.431 4116.676 4110.921 4104.889 4097.764 4090.64 4083.516 4076.391 4069.242 4062.08 4054.918 4047.756 4040.377 4031.551 4022.724 4013.898 4005.072 3993.136 3979.077 3965.019 3950.96 3937.259 3929.365 3921.472 3913.579 3905.686 3902.779 3904.444 3906.108 3907.772 3909.437 3915.028 3920.678 3926.327 3931.976 3937.471 3942.776 3948.082 3953.387 3958.692 3956.865 3954.358 3951.852 3949.345 3944.919 3937.318 3929.717 3922.116 3914.515 3910.838 3907.905 3904.973 3902.04 3900.0
4172.625 4168.759 4164.892 4161.025 4156.897 4152.086 4147.274 4142.462 4137.65 4132.205 4126.536 4120.868 4115.199 4109.218 4102.013 4094.808 4087.603 4080.398 4072.895 4065.243 4057.592 4049.94 4042.068 4032.725 4023.382 4014.038 4004.695 3992.684 3978.852 3965.019 3951.187 3937.72 3930.215 3922.709 3915.204 3907.698 3904.741 3905.953 3907.165 3908.378 3909.59 3913.249 3916.945 3920.64 3924.335 3928.268 3932.492 3936.715 3940.938 3945.162 3943.644 3941.578 3939.513 3937.448 3933.962 3928.126 3922.291 3916.455 3910.619 3907.894 3905.758 3903.622 3901.486 3900.0
4177.283 4173.378 4169.474 4165.569 4161.38 4156.445 4151.509 4146.574 4141.638 4136.224 4130.642 4125.059 4119.476 4113.548 4106.262 4098.977 4091.691 4084.405 4076.549 4068.407 4060.266 4052.124 4043.759 4033.899 4024.039 4014.179 4004.319 3992.233 3978.626 3965.02 3951.413 3938.183 3931.064 3923.946 3916.828 3909.71 3906.702 3907.462 3908.223 3908.983 3909.743 3911.47 3913.212 3914.953 3916.695 3919.065 3922.207 3925.349 3928.49 3931.632 3930.422 3928.798 3927.175 3925.551 3923.005 3918.935 3914.865 3910.794 3906.724 3904.949 3903.61 3902.271 3900.932 3900.0
4181.94 4177.998 4174.056 4170.113 4165.863 4160.804 4155.745 4150.685 4145.625 4140.243 4134.747 4129.25 4123.754 4117.878 4110.511 4103.145 4095.778 4088.412 4080.202 4071.571 4062.939 4054.308 4045.449 4035.073 4024.696 4014.319 4003.943 3991.781 3978.401 3965.02 3951.639 3938.645 3931.914 3925.183 3918.453 3911.722 3908.664 3908.972 3909.28 3909.588 3909.896 3909.691 3909.479 3909.267 3909.054 3909.863 3911.922 3913.982 3916.042 3918.101 3917.201 3916.018 3914.836 3913.653 3912.048 3909.743 3907.438 3905.134 3902.829 3902.005 3901.463 3900.92 3900.377 3900.0
4185.73 4181.792 4177.855 4173.918 4169.625 4164.398 4159.17 4153.942 4148.714 4143.287 4137.789 4132.291 4126.793 4120.878 4113.327 4105.774 4098.223 4090.67 4081.998 4072.765 4063.533 4054.3 4044.888 4034.28 4023.671 4013.063 4002.454 3990.581 3977.843 3965.106 3952.368 3940.025 3934.076 3928.128 3922.18 3916.231 3913.392 3913.402 3913.412 3913.423 3913.433 3911.532 3909.603 3907.673 3905.744 3905.061 3905.905 3906.749 3907.592 3908.436 3907.733 3906.882 3906.031 3905.18 3904.263 3903.239 3902.213 3901.188 3900.163 3900.026 3900.057 3900.088 3900.119 3900.159
4187.664 4183.824 4179.983 4176.143 4171.848 4166.356 4160.865 4155.374 4149.882 4144.246 4138.56 4132.874 4127.188 4121.04 4113.079 4105.118 4097.157 4089.196 4079.827 4069.754 4059.682 4049.61 4039.517 4029.285 4019.053 4008.822 3998.59 3987.781 3976.578 3965.374 3954.171 3943.366 3939.043 3934.72 3930.398 3926.075 3924.03 3924.072 3924.115 3924.157 3924.2 3921.106 3917.966 3914.825 3911.685 3909.66 3909.002 3908.344 3907.687 3907.029 3906.283 3905.529 3904.775 3904.021 3903.256 3902.473 3901.69 3900.907 3900.125 3900.107 3900.235 3900.363 3900.491 3900.657
