data/zism_data/01032_03_D.txt
ncols         224
nrows         224
[rows 145 to 173 of 224, columns 128 to 191 of 224]
4636.194 4637.99 4639.786 4641.583 4643.16 4644.596 4646.032 4647.468 4648.903 4650.332 4651.76 4653.188 4654.617 4655.867 4656.973 4658.079 4659.185 4660.28 4660.933 4661.585 4662.237 4662.889 4663.647 4664.514 4665.381 4666.249 4667.116 4667.908 4668.698 4669.488 4670.277 4671.036 4671.754 4672.472 4673.19 4673.908 4674.643 4675.379 4676.115 4676.851 4677.321 4677.351 4677.381 4677.411 4677.44 4676.872 4676.196 4675.52 4674.843 4674.152 4673.428 4672.704 4671.98 4671.256 4670.323 4669.334 4668.346 4667.357 4666.272 4664.911 4663.55 4662.189 4660.829 4659.253
4637.863 4639.686 4641.509 4643.333 4644.9 4646.304 4647.708 4649.112 4650.52 4651.975 4653.43 4654.886 4656.341 4657.568 4658.609 4659.65 4660.691 4661.722 4662.298 4662.875 4663.452 4664.028 4664.708 4665.494 4666.28 4667.066 4667.852 4668.688 4669.527 4670.365 4671.204 4671.983 4672.685 4673.387 4674.088 4674.791 4675.523 4676.259 4676.995 4677.731 4678.211 4678.269 4678.325 4678.382 4678.439 4677.92 4677.298 4676.676 4676.054 4675.403 4674.689 4673.976 4673.263 4672.55 4671.649 4670.698 4669.748 4668.797 4667.731 4666.338 4664.944 4663.551 4662.158 4660.55
4639.532 4641.382 4643.233 4645.083 4646.642 4648.013 4649.384 4650.756 4652.136 4653.618 4655.101 4656.583 4658.065 4659.269 4660.245 4661.221 4662.197 4663.163 4663.664 4664.165 4664.666 4665.167 4665.769 4666.474 4667.179 4667.884 4668.589 4669.469 4670.356 4671.243 4672.13 4672.93 4673.615 4674.301 4674.987 4675.672 4676.403 4677.14 4677.875 4678.612 4679.102 4679.186 4679.27 4679.354 4679.438 4678.969 4678.401 4677.833 4677.265 4676.653 4675.951 4675.249 4674.546 4673.844 4672.975 4672.062 4671.149 4670.236 4669.19 4667.764 4666.339 4664.913 4663.487 4661.847
4641.201 4643.079 4644.956 4646.833 4648.383 4649.722 4651.061 4652.399 4653.752 4655.261 4656.771 4658.28 4659.789 4660.969 4661.88 4662.792 4663.703 4664.604 4665.029 4665.455 4665.88 4666.306 4666.829 4667.453 4668.077 4668.701 4669.325 4670.25 4671.185 4672.121 4673.057 4673.876 4674.546 4675.215 4675.885 4676.554 4677.284 4678.02 4678.756 4679.492 4679.993 4680.104 4680.214 4680.325 4680.437 4680.017 4679.503 4678.989 4678.475 4677.904 4677.212 4676.521 4675.829 4675.137 4674.301 4673.426 4672.551 4671.676 4670.648 4669.19 4667.733 4666.275 4664.817 4663.144
4643.745 4645.591 4647.437 4649.284 4650.771 4652.029 4653.287 4654.544 4655.819 4657.288 4658.757 4660.227 4661.695 4662.812 4663.64 4664.468 4665.296 4666.114 4666.458 4666.802 4667.146 4667.489 4667.944 4668.515 4669.086 4669.656 4670.227 4671.161 4672.108 4673.056 4674.003 4674.835 4675.516 4676.196 4676.877 4677.558 4678.289 4679.025 4679.761 4680.497 4681.005 4681.137 4681.269 4681.401 4681.533 4681.167 4680.713 4680.26 4679.806 4679.287 4678.63 4677.974 4677.317 4676.661 4675.843 4674.981 4674.119 4673.258 4672.229 4670.73 4669.23 4667.731 4666.231 4664.48
4646.96 4648.73 4650.501 4652.272 4653.658 4654.797 4655.936 4657.075 4658.232 4659.61 4660.987 4662.365 4663.742 4664.764 4665.495 4666.226 4666.957 4667.677 4667.935 4668.192 4668.449 4668.707 4669.103 4669.641 4670.179 4670.717 4671.255 4672.172 4673.104 4674.035 4674.966 4675.803 4676.516 4677.229 4677.942 4678.655 4679.389 4680.125 4680.861 4681.597 4682.112 4682.26 4682.408 4682.556 4682.704 4682.396 4682.007 4681.618 4681.229 4680.771 4680.169 4679.566 4678.964 4678.361 4677.55 4676.683 4675.816 4674.949 4673.904 4672.356 4670.808 4669.26 4667.712 4665.849
4650.175 4651.87 4653.565 4655.261 4656.545 4657.565 4658.585 4659.605 4660.646 4661.932 4663.217 4664.503 4665.789 4666.715 4667.349 4667.983 4668.617 4669.241 4669.412 4669.583 4669.753 4669.924 4670.26 4670.766 4671.272 4671.777 4672.283 4673.184 4674.099 4675.014 4675.929 4676.771 4677.516 4678.262 4679.007 4679.753 4680.49 4681.226 4681.962 4682.698 4683.218 4683.382 4683.547 4683.711 4683.875 4683.625 4683.301 4682.976 4682.651 4682.256 4681.708 4681.159 4680.61 4680.062 4679.258 4678.385 4677.513 4676.64 4675.579 4673.982 4672.385 4670.789 4669.192 4667.218
4653.391 4655.01 4656.629 4658.249 4659.431 4660.333 4661.234 4662.135 4663.06 4664.253 4665.447 4666.641 4667.835 4668.667 4669.204 4669.74 4670.277 4670.804 4670.888 4670.973 4671.057 4671.142 4671.418 4671.892 4672.365 4672.838 4673.312 4674.195 4675.094 4675.993 4676.892 4677.738 4678.516 4679.294 4680.072 4680.85 4681.59 4682.326 4683.062 4683.798 4684.325 4684.505 4684.686 4684.866 4685.046 4684.854 4684.594 4684.334 4684.075 4683.74 4683.246 4682.751 4682.257 4681.762 4680.965 4680.087 4679.209 4678.332 4677.253 4675.608 4673.963 4672.317 4670.672 4668.586
4656.621 4658.162 4659.702 4661.243 4662.322 4663.104 4663.886 4664.669 4665.477 4666.579 4667.682 4668.785 4669.887 4670.625 4671.064 4671.503 4671.943 4672.373 4672.37 4672.367 4672.364 4672.361 4672.577 4673.018 4673.458 4673.898 4674.338 4675.205 4676.087 4676.969 4677.852 4678.703 4679.514 4680.325 4681.136 4681.947 4682.69 4683.425 4684.161 4684.896 4685.429 4685.625 4685.823 4686.02 4686.217 4686.082 4685.887 4685.692 4685.498 4685.225 4684.784 4684.344 4683.904 4683.464 4682.674 4681.792 4680.91 4680.027 4678.934 4677.241 4675.549 4673.857 4672.165 4669.97
4660.521 4661.834 4663.148 4664.461 4665.376 4666.035 4666.693 4667.351 4668.04 4669.077 4670.115 4671.153 4672.19 4672.845 4673.188 4673.53 4673.872 4674.204 4674.072 4673.939 4673.807 4673.675 4673.792 4674.168 4674.543 4674.919 4675.294 4676.127 4676.977 4677.827 4678.677 4679.539 4680.415 4681.29 4682.166 4683.042 4683.761 4684.464 4685.167 4685.87 4686.396 4686.631 4686.866 4687.101 4687.336 4687.271 4687.151 4687.033 4686.914 4686.712 4686.337 4685.962 4685.586 4685.211 4684.461 4683.611 4682.761 4681.911 4680.85 4679.189 4677.53 4675.87 4674.21 4672.028
4664.42 4665.507 4666.594 4667.681 4668.431 4668.965 4669.499 4670.033 4670.602 4671.575 4672.548 4673.521 4674.494 4675.066 4675.311 4675.556 4675.801 4676.036 4675.773 4675.512 4675.25 4674.988 4675.008 4675.318 4675.629 4675.939 4676.25 4677.05 4677.867 4678.685 4679.502 4680.374 4681.314 4682.255 4683.196 4684.136 4684.832 4685.503 4686.173 4686.844 4687.364 4687.637 4687.91 4688.183 4688.455 4688.46 4688.416 4688.373 4688.329 4688.201 4687.89 4687.58 4687.269 4686.958 4686.247 4685.43 4684.612 4683.794 4682.765 4681.138 4679.511 4677.883 4676.256 4674.086
4668.319 4669.179 4670.04 4670.9 4671.486 4671.896 4672.306 4672.715 4673.165 4674.073 4674.981 4675.889 4676.797 4677.287 4677.435 4677.583 4677.73 4677.867 4677.475 4677.083 4676.692 4676.301 4676.223 4676.469 4676.715 4676.96 4677.207 4677.972 4678.757 4679.542 4680.328 4681.209 4682.214 4683.22 4684.225 4685.23 4685.903 4686.542 4687.18 4687.817 4688.332 4688.643 4688.953 4689.264 4689.574 4689.649 4689.681 4689.713 4689.745 4689.688 4689.443 4689.197 4688.951 4688.706 4688.034 4687.249 4686.463 4685.678 4684.681 4683.086 4681.491 4679.896 4678.302 4676.144
4672.219 4672.852 4673.485 4674.119 4674.541 4674.826 4675.112 4675.397 4675.728 4676.571 4677.414 4678.258 4679.101 4679.508 4679.559 4679.609 4679.66 4679.698 4679.177 4678.656 4678.135 4677.614 4677.438 4677.62 4677.8 4677.981 4678.163 4678.895 4679.647 4680.4 4681.153 4682.044 4683.114 4684.185 4685.255 4686.325 4686.975 4687.58 4688.186 4688.792 4689.3 4689.648 4689.997 4690.345 4690.693 4690.838 4690.946 4691.053 4691.161 4691.177 4690.996 4690.815 4690.634 4690.453 4689.82 4689.067 4688.314 4687.562 4686.597 4685.035 4683.472 4681.91 4680.347 4678.202
4675.981 4676.431 4676.882 4677.333 4677.634 4677.839 4678.044 4678.25 4678.496 4679.218 4679.939 4680.662 4681.383 4681.672 4681.607 4681.543 4681.478 4681.401 4680.763 4680.125 4679.488 4678.85 4678.586 4678.708 4678.829 4678.95 4679.071 4679.785 4680.521 4681.257 4681.993 4682.887 4683.986 4685.085 4686.184 4687.282 4687.943 4688.557 4689.172 4689.787 4690.311 4690.687 4691.063 4691.438 4691.814 4692.014 4692.182 4692.35 4692.517 4692.589 4692.458 4692.326 4692.194 4692.063 4691.482 4690.783 4690.083 4689.383 4688.473 4686.969 4685.464 4683.96 4682.456 4680.34
4679.593 4679.909 4680.225 4680.54 4680.769 4680.942 4681.115 4681.288 4681.49 4682.028 4682.566 4683.104 4683.642 4683.774 4683.575 4683.375 4683.175 4682.964 4682.224 4681.483 4680.743 4680.002 4679.66 4679.728 4679.795 4679.862 4679.929 4680.641 4681.377 4682.113 4682.849 4683.738 4684.826 4685.915 4687.002 4688.09 4688.798 4689.467 4690.136 4690.804 4691.369 4691.761 4692.153 4692.545 4692.937 4693.175 4693.386 4693.597 4693.809 4693.92 4693.821 4693.722 4693.623 4693.523 4693.009 4692.385 4691.761 4691.137 4690.305 4688.887 4687.47 4686.052 4684.634 4682.565
4683.206 4683.386 4683.567 4683.748 4683.904 4684.044 4684.185 4684.325 4684.483 4684.837 4685.192 4685.547 4685.901 4685.876 4685.542 4685.207 4684.873 4684.527 4683.684 4682.841 4681.998 4681.155 4680.734 4680.747 4680.761 4680.774 4680.788 4681.497 4682.233 4682.969 4683.705 4684.589 4685.667 4686.744 4687.821 4688.898 4689.654 4690.377 4691.1 4691.822 4692.426 4692.834 4693.243 4693.651 4694.059 4694.337 4694.591 4694.845 4695.1 4695.251 4695.185 4695.118 4695.051 4694.984 4694.537 4693.988 4693.439 4692.89 4692.138 4690.806 4689.475 4688.143 4686.812 4684.79
4686.818 4686.864 4686.91 4686.955 4687.039 4687.147 4687.255 4687.363 4687.477 4687.647 4687.818 4687.989 4688.16 4687.979 4687.509 4687.04 4686.57 4686.09 4685.145 4684.199 4683.253 4682.308 4681.808 4681.767 4681.727 4681.686 4681.646 4682.353 4683.089 4683.825 4684.561 4685.44 4686.507 4687.574 4688.64 4689.707 4690.51 4691.287 4692.063 4692.84 4693.484 4693.908 4694.333 4694.757 4695.182 4695.498 4695.796 4696.093 4696.391 4696.583 4696.548 4696.513 4696.479 4696.444 4696.063 4695.59 4695.117 4694.644 4693.97 4692.725 4691.479 4690.234 4688.989 4687.014
4690.431 4690.341 4690.252 4690.163 4690.174 4690.25 4690.325 4690.401 4690.47 4690.457 4690.445 4690.432 4690.419 4690.081 4689.476 4688.872 4688.267 4687.653 4686.604 4685.557 4684.508 4683.46 4682.882 4682.787 4682.692 4682.598 4682.503 4683.209 4683.945 4684.681 4685.417 4686.292 4687.348 4688.403 4689.459 4690.515 4691.366 4692.197 4693.027 4693.858 4694.542 4694.982 4695.423 4695.863 4696.304 4696.66 4697.0 4697.341 4697.682 4697.913 4697.911 4697.909 4697.907 4697.905 4697.59 4697.193 4696.795 4696.398 4695.802 4694.643 4693.484 4692.326 4691.167 4689.239
4692.312 4692.234 4692.156 4692.079 4692.083 4692.142 4692.201 4692.259 4692.306 4692.221 4692.136 4692.051 4691.965 4691.542 4690.843 4690.144 4689.445 4688.737 4687.647 4686.557 4685.466 4684.376 4683.69 4683.42 4683.15 4682.881 4682.611 4683.281 4683.987 4684.693 4685.398 4686.285 4687.405 4688.525 4689.646 4690.767 4691.715 4692.645 4693.575 4694.505 4695.247 4695.679 4696.11 4696.542 4696.973 4697.296 4697.599 4697.902 4698.205 4698.412 4698.412 4698.412 4698.412 4698.412 4698.157 4697.835 4697.514 4697.191 4696.69 4695.678 4694.667 4693.655 4692.643 4690.881
4694.073 4694.017 4693.96 4693.904 4693.908 4693.95 4693.992 4694.035 4694.062 4693.912 4693.762 4693.612 4693.462 4692.959 4692.168 4691.377 4690.586 4689.788 4688.66 4687.532 4686.404 4685.275 4684.48 4684.027 4683.573 4683.12 4682.667 4683.299 4683.972 4684.646 4685.319 4686.217 4687.408 4688.599 4689.79 4690.98 4692.028 4693.061 4694.093 4695.125 4695.928 4696.349 4696.769 4697.19 4697.611 4697.895 4698.155 4698.415 4698.675 4698.852 4698.852 4698.852 4698.852 4698.852 4698.657 4698.411 4698.165 4697.918 4697.512 4696.651 4695.791 4694.93 4694.07 4692.483
4695.834 4695.799 4695.764 4695.729 4695.732 4695.758 4695.784 4695.81 4695.817 4695.603 4695.388 4695.173 4694.958 4694.375 4693.493 4692.61 4691.728 4690.839 4689.673 4688.507 4687.341 4686.175 4685.27 4684.633 4683.996 4683.359 4682.722 4683.317 4683.958 4684.599 4685.239 4686.15 4687.411 4688.672 4689.933 4691.194 4692.341 4693.476 4694.611 4695.747 4696.608 4697.019 4697.428 4697.838 4698.248 4698.494 4698.711 4698.928 4699.144 4699.292 4699.292 4699.292 4699.292 4699.292 4699.157 4698.986 4698.816 4698.645 4698.334 4697.625 4696.915 4696.206 4695.496 4694.084
4697.595 4697.582 4697.568 4697.555 4697.556 4697.566 4697.576 4697.586 4697.573 4697.293 4697.014 4696.734 4696.455 4695.792 4694.818 4693.843 4692.869 4691.89 4690.686 4689.482 4688.278 4687.075 4686.06 4685.239 4684.419 4683.598 4682.778 4683.334 4683.943 4684.551 4685.16 4686.083 4687.414 4688.745 4690.076 4691.407 4692.654 4693.892 4695.129 4696.367 4697.289 4697.688 4698.087 4698.487 4698.886 4699.093 4699.267 4699.44 4699.614 4699.732 4699.732 4699.732 4699.732 4699.732 4699.657 4699.562 4699.467 4699.372 4699.156 4698.598 4698.04 4697.481 4696.923 4695.686
4698.444 4698.45 4698.457 4698.463 4698.485 4698.517 4698.548 4698.58 4698.585 4698.281 4697.977 4697.672 4697.368 4696.65 4695.595 4694.539 4693.483 4692.423 4691.163 4689.902 4688.642 4687.381 4686.272 4685.318 4684.365 4683.412 4682.458 4682.991 4683.58 4684.169 4684.757 4685.691 4687.074 4688.456 4689.838 4691.221 4692.559 4693.894 4695.228 4696.562 4697.547 4697.957 4698.366 4698.775 4699.185 4699.388 4699.555 4699.721 4699.887 4700.0 4700.0 4700.0 4700.0 4700.0 4699.964 4699.92 4699.875 4699.83 4699.686 4699.26 4698.834 4698.408 4697.982 4696.925
4697.875 4697.898 4697.921 4697.943 4698.021 4698.133 4698.246 4698.359 4698.441 4698.175 4697.909 4697.642 4697.376 4696.639 4695.519 4694.398 4693.277 4692.152 4690.805 4689.458 4688.111 4686.765 4685.585 4684.578 4683.57 4682.563 4681.555 4682.086 4682.675 4683.264 4683.853 4684.796 4686.2 4687.604 4689.007 4690.412 4691.831 4693.251 4694.671 4696.092 4697.148 4697.601 4698.053 4698.506 4698.958 4699.209 4699.424 4699.639 4699.854 4700.0 4700.0 4700.0 4700.0 4700.0 4699.973 4699.939 4699.905 4699.871 4699.762 4699.438 4699.115 4698.791 4698.468 4697.601
4697.307 4697.346 4697.385 4697.423 4697.557 4697.75 4697.944 4698.138 4698.297 4698.069 4697.84 4697.612 4697.383 4696.628 4695.443 4694.257 4693.072 4691.881 4690.448 4689.015 4687.582 4686.148 4684.898 4683.836 4682.775 4681.714 4680.652 4681.182 4681.77 4682.359 4682.948 4683.9 4685.326 4686.751 4688.177 4689.603 4691.102 4692.609 4694.116 4695.623 4696.749 4697.244 4697.74 4698.236 4698.732 4699.03 4699.294 4699.557 4699.821 4700.0 4700.0 4700.0 4700.0 4700.0 4699.981 4699.958 4699.935 4699.912 4699.837 4699.616 4699.396 4699.175 4698.954 4698.277
4696.739 4696.793 4696.849 4696.904 4697.092 4697.367 4697.642 4697.916 4698.154 4697.963 4697.772 4697.582 4697.391 4696.617 4695.367 4694.117 4692.866 4691.61 4690.091 4688.571 4687.051 4685.532 4684.211 4683.096 4681.98 4680.865 4679.75 4680.276 4680.865 4681.454 4682.043 4683.005 4684.452 4685.899 4687.346 4688.793 4690.373 4691.966 4693.56 4695.153 4696.349 4696.888 4697.427 4697.966 4698.505 4698.852 4699.164 4699.476 4699.788 4700.0 4700.0 4700.0 4700.0 4700.0 4699.99 4699.978 4699.965 4699.953 4699.913 4699.794 4699.676 4699.558 4699.44 4698.952
4696.17 4696.241 4696.313 4696.384 4696.628 4696.984 4697.339 4697.695 4698.01 4697.857 4697.704 4697.551 4697.398 4696.605 4695.291 4693.976 4692.661 4691.339 4689.733 4688.127 4686.521 4684.915 4683.524 4682.355 4681.186 4680.016 4678.847 4679.372 4679.96 4680.549 4681.138 4682.109 4683.578 4685.047 4686.516 4687.984 4689.645 4691.324 4693.004 4694.684 4695.95 4696.532 4697.114 4697.696 4698.278 4698.673 4699.033 4699.394 4699.754 4700.0 4700.0 4700.0 4700.0 4700.0 4699.999 4699.997 4699.996 4699.994 4699.988 4699.973 4699.957 4699.941 4699.926 4699.628
4692.938 4693.034 4693.13 4693.227 4693.6 4694.151 4694.703 4695.253 4695.754 4695.676 4695.598 4695.519 4695.44 4694.718 4693.472 4692.225 4690.978 4689.723 4688.122 4686.521 4684.92 4683.319 4681.92 4680.729 4679.538 4678.346 4677.155 4677.683 4678.277 4678.87 4679.463 4680.467 4682.003 4683.539 4685.075 4686.611 4688.219 4689.834 4691.449 4693.064 4694.325 4695.001 4695.677 4696.352 4697.028 4697.586 4698.124 4698.661 4699.199 4699.583 4699.643 4699.703 4699.762 4699.822 4699.863 4699.9 4699.937 4699.973 4700.0 4700.0 4700.0 4700.0 4700.0 4699.781
4689.227 4689.35 4689.474 4689.597 4690.112 4690.879 4691.646 4692.414 4693.12 4693.122 4693.125 4693.127 4693.13 4692.495 4691.339 4690.184 4689.029 4687.865 4686.285 4684.706 4683.127 4681.547 4680.151 4678.944 4677.736 4676.529 4675.321 4675.854 4676.453 4677.052 4677.65 4678.69 4680.302 4681.913 4683.525 4685.137 4686.668 4688.191 4689.715 4691.238 4692.48 4693.259 4694.037 4694.815 4695.594 4696.337 4697.075 4697.812 4698.549 4699.092 4699.222 4699.352 4699.481 4699.611 4699.702 4699.781 4699.861 4699.941 4700.0 4700.0 4700.0 4700.0 4700.0 4699.84
