data/zism_data/01044_03_D.txt
ncols         224
nrows         224
[rows 124 to 154 of 224, columns 140 to 209 of 224]
1349.322 1349.372 1349.423 1349.473 1349.524 1349.607 1349.708 1349.809 1349.911 1350.0 1350.0 1350.0 1350.0 1350.0 1350.0 1350.0 1350.0 1350.0 1350.0 1350.0 1350.0 1350.0 1350.0 1350.0 1350.0 1350.0 1350.0 1350.0 1350.0 1350.0 1350.0 1350.0 1350.0 1350.0 1350.0 1350.0 1350.0 1350.0 1350.0 1350.0 1350.0 1350.0 1350.0 1350.0 1350.0 1350.0 1350.0 1350.0 1350.0 1350.0 1350.0 1350.0 1350.0 1350.0 1350.0 1350.0 1350.0 1350.0 1350.0 1350.0 1350.0 1350.0 1350.0 1350.0 1349.92 1349.802 1349.684 1349.566 1349.458 1349.409
1349.105 1349.172 1349.238 1349.305 1349.372 1349.482 1349.615 1349.749 1349.882 1350.0 1350.0 1350.0 1350.0 1350.0 1350.0 1350.0 1350.0 1350.0 1350.0 1350.0 1350.0 1350.0 1350.0 1350.0 1350.0 1350.0 1350.0 1350.0 1350.0 1350.0 1350.0 1350.0 1350.0 1350.0 1350.0 1350.0 1350.0 1350.0 1350.0 1350.0 1350.0 1350.0 1350.0 1350.0 1350.0 1350.0 1350.0 1350.0 1350.0 1350.0 1350.0 1350.0 1350.0 1350.0 1350.0 1350.0 1350.0 1350.0 1350.0 1350.0 1350.0 1350.0 1350.0 1350.0 1349.894 1349.738 1349.583 1349.427 1349.287 1349.238
1349.012 1349.076 1349.14 1349.204 1349.269 1349.393 1349.549 1349.705 1349.862 1350.0 1350.0 1350.0 1350.0 1350.0 1350.0 1350.0 1350.0 1350.0 1350.0 1350.0 1350.0 1350.0 1350.0 1350.0 1350.0 1350.0 1350.0 1350.0 1350.0 1350.0 1350.0 1350.0 1350.0 1350.0 1350.0 1350.0 1350.0 1350.0 1350.0 1350.0 1350.0 1350.0 1350.0 1350.0 1350.0 1350.0 1350.0 1350.0 1350.0 1350.0 1350.0 1350.0 1350.0 1350.0 1350.0 1349.993 1349.984 1349.974 1349.965 1349.953 1349.935 1349.916 1349.897 1349.879 1349.771 1349.621 1349.471 1349.322 1349.188 1349.145
1349.009 1349.057 1349.105 1349.153 1349.201 1349.33 1349.503 1349.675 1349.848 1350.0 1350.0 1350.0 1350.0 1350.0 1350.0 1350.0 1350.0 1350.0 1350.0 1350.0 1350.0 1350.0 1350.0 1350.0 1350.0 1350.0 1350.0 1350.0 1350.0 1350.0 1350.0 1350.0 1350.0 1350.0 1350.0 1350.0 1350.0 1350.0 1350.0 1350.0 1350.0 1350.0 1350.0 1350.0 1350.0 1350.0 1350.0 1350.0 1350.0 1350.0 1350.0 1350.0 1350.0 1350.0 1350.0 1349.981 1349.955 1349.93 1349.904 1349.873 1349.822 1349.771 1349.72 1349.669 1349.577 1349.465 1349.353 1349.241 1349.14 1349.108
1349.006 1349.038 1349.07 1349.101 1349.133 1349.267 1349.456 1349.645 1349.833 1350.0 1350.0 1350.0 1350.0 1350.0 1350.0 1350.0 1350.0 1350.0 1350.0 1350.0 1350.0 1350.0 1350.0 1350.0 1350.0 1350.0 1350.0 1350.0 1350.0 1350.0 1350.0 1350.0 1350.0 1350.0 1350.0 1350.0 1350.0 1350.0 1350.0 1350.0 1350.0 1350.0 1350.0 1350.0 1350.0 1350.0 1350.0 1350.0 1350.0 1350.0 1350.0 1350.0 1350.0 1350.0 1350.0 1349.969 1349.927 1349.885 1349.844 1349.793 1349.71 1349.626 1349.543 1349.46 1349.383 1349.308 1349.234 1349.16 1349.093 1349.072
1349.003 1349.019 1349.034 1349.05 1349.066 1349.205 1349.409 1349.614 1349.819 1350.0 1350.0 1350.0 1350.0 1350.0 1350.0 1350.0 1350.0 1350.0 1350.0 1350.0 1350.0 1350.0 1350.0 1350.0 1350.0 1350.0 1350.0 1350.0 1350.0 1350.0 1350.0 1350.0 1350.0 1350.0 1350.0 1350.0 1350.0 1350.0 1350.0 1350.0 1350.0 1350.0 1350.0 1350.0 1350.0 1350.0 1350.0 1350.0 1350.0 1350.0 1350.0 1350.0 1350.0 1350.0 1350.0 1349.956 1349.899 1349.841 1349.783 1349.713 1349.597 1349.481 1349.366 1349.25 1349.188 1349.152 1349.115 1349.079 1349.046 1349.035
1349.0 1349.0 1349.0 1349.0 1349.0 1349.143 1349.362 1349.581 1349.8 1349.994 1349.994 1349.994 1349.995 1349.995 1349.995 1349.996 1349.996 1349.997 1349.997 1349.998 1349.998 1349.999 1350.0 1350.0 1350.0 1350.0 1350.0 1350.0 1350.0 1350.0 1350.0 1350.0 1350.0 1350.0 1350.0 1350.0 1350.0 1350.0 1350.0 1350.0 1350.0 1350.0 1350.0 1350.0 1350.0 1350.0 1350.0 1350.0 1350.0 1350.0 1350.0 1349.999 1349.998 1349.997 1349.996 1349.94 1349.867 1349.793 1349.72 1349.631 1349.485 1349.339 1349.193 1349.047 1349.0 1349.0 1349.0 1349.0 1349.0 1349.0
1349.0 1349.0 1349.0 1349.0 1349.0 1349.111 1349.282 1349.453 1349.623 1349.775 1349.786 1349.797 1349.808 1349.819 1349.834 1349.85 1349.867 1349.884 1349.901 1349.923 1349.945 1349.967 1349.989 1350.0 1350.0 1350.0 1350.0 1350.0 1350.0 1350.0 1350.0 1350.0 1350.0 1350.0 1350.0 1350.0 1350.0 1350.0 1350.0 1350.0 1350.0 1350.0 1350.0 1350.0 1350.0 1350.0 1350.0 1350.0 1350.0 1350.0 1349.99 1349.957 1349.924 1349.891 1349.857 1349.794 1349.72 1349.647 1349.573 1349.491 1349.378 1349.264 1349.15 1349.036 1349.0 1349.0 1349.0 1349.0 1349.0 1349.0
1349.0 1349.0 1349.0 1349.0 1349.0 1349.08 1349.202 1349.324 1349.446 1349.557 1349.578 1349.6 1349.622 1349.644 1349.672 1349.705 1349.738 1349.771 1349.804 1349.847 1349.891 1349.935 1349.979 1350.0 1350.0 1350.0 1350.0 1350.0 1350.0 1350.0 1350.0 1350.0 1350.0 1350.0 1350.0 1350.0 1350.0 1350.0 1350.0 1350.0 1350.0 1350.0 1350.0 1350.0 1350.0 1350.0 1350.0 1350.0 1350.0 1350.0 1349.981 1349.916 1349.85 1349.784 1349.719 1349.647 1349.574 1349.5 1349.427 1349.352 1349.27 1349.189 1349.107 1349.026 1349.0 1349.0 1349.0 1349.0 1349.0 1349.0
1349.0 1349.0 1349.0 1349.0 1349.0 1349.048 1349.122 1349.196 1349.269 1349.338 1349.371 1349.403 1349.436 1349.469 1349.511 1349.56 1349.609 1349.657 1349.707 1349.772 1349.837 1349.903 1349.968 1350.0 1350.0 1350.0 1350.0 1350.0 1350.0 1350.0 1350.0 1350.0 1350.0 1350.0 1350.0 1350.0 1350.0 1350.0 1350.0 1350.0 1350.0 1350.0 1350.0 1350.0 1350.0 1350.0 1350.0 1350.0 1350.0 1350.0 1349.972 1349.874 1349.776 1349.678 1349.58 1349.501 1349.427 1349.354 1349.28 1349.212 1349.163 1349.114 1349.065 1349.016 1349.0 1349.0 1349.0 1349.0 1349.0 1349.0
1349.0 1349.0 1349.0 1349.0 1349.0 1349.016 1349.042 1349.067 1349.092 1349.12 1349.163 1349.206 1349.25 1349.293 1349.349 1349.414 1349.479 1349.544 1349.61 1349.697 1349.784 1349.87 1349.957 1350.0 1350.0 1350.0 1350.0 1350.0 1350.0 1350.0 1350.0 1350.0 1350.0 1350.0 1350.0 1350.0 1350.0 1350.0 1350.0 1350.0 1350.0 1350.0 1350.0 1350.0 1350.0 1350.0 1350.0 1350.0 1350.0 1350.0 1349.962 1349.832 1349.702 1349.572 1349.442 1349.354 1349.281 1349.207 1349.134 1349.073 1349.056 1349.039 1349.022 1349.005 1349.0 1349.0 1349.0 1349.0 1349.0 1349.0
1349.0 1349.0 1349.0 1349.0 1349.0 1349.0 1349.0 1349.0 1349.0 1349.005 1349.049 1349.093 1349.137 1349.18 1349.237 1349.303 1349.369 1349.434 1349.502 1349.605 1349.708 1349.811 1349.914 1349.968 1349.973 1349.978 1349.983 1349.988 1349.991 1349.993 1349.996 1349.999 1350.0 1350.0 1350.0 1350.0 1350.0 1350.0 1350.0 1350.0 1350.0 1349.997 1349.99 1349.982 1349.974 1349.966 1349.952 1349.937 1349.921 1349.906 1349.857 1349.725 1349.594 1349.462 1349.331 1349.249 1349.183 1349.117 1349.051 1349.0 1349.0 1349.0 1349.0 1349.0 1349.0 1349.0 1349.0 1349.0 1349.0 1349.0
1349.0 1349.0 1349.0 1349.0 1349.0 1349.0 1349.0 1349.0 1349.0 1349.004 1349.037 1349.07 1349.103 1349.136 1349.179 1349.228 1349.278 1349.328 1349.38 1349.494 1349.608 1349.722 1349.836 1349.9 1349.916 1349.932 1349.948 1349.964 1349.972 1349.98 1349.988 1349.995 1350.0 1350.0 1350.0 1350.0 1350.0 1350.0 1350.0 1350.0 1350.0 1349.991 1349.968 1349.944 1349.92 1349.896 1349.852 1349.805 1349.757 1349.709 1349.646 1349.547 1349.448 1349.349 1349.249 1349.188 1349.138 1349.088 1349.039 1349.0 1349.0 1349.0 1349.0 1349.0 1349.0 1349.0 1349.0 1349.0 1349.0 1349.0
1349.0 1349.0 1349.0 1349.0 1349.0 1349.0 1349.0 1349.0 1349.0 1349.003 1349.025 1349.047 1349.069 1349.092 1349.121 1349.154 1349.188 1349.221 1349.258 1349.383 1349.508 1349.632 1349.757 1349.832 1349.859 1349.885 1349.912 1349.939 1349.953 1349.966 1349.979 1349.992 1350.0 1350.0 1350.0 1350.0 1350.0 1350.0 1350.0 1350.0 1350.0 1349.985 1349.946 1349.906 1349.865 1349.825 1349.752 1349.672 1349.592 1349.512 1349.436 1349.369 1349.302 1349.235 1349.168 1349.127 1349.093 1349.06 1349.026 1349.0 1349.0 1349.0 1349.0 1349.0 1349.0 1349.0 1349.0 1349.0 1349.0 1349.0
1349.0 1349.0 1349.0 1349.0 1349.0 1349.0 1349.0 1349.0 1349.0 1349.001 1349.013 1349.024 1349.036 1349.047 1349.062 1349.08 1349.097 1349.114 1349.137 1349.272 1349.408 1349.543 1349.679 1349.764 1349.802 1349.839 1349.877 1349.914 1349.933 1349.952 1349.971 1349.989 1350.0 1350.0 1350.0 1350.0 1350.0 1350.0 1350.0 1350.0 1350.0 1349.98 1349.923 1349.867 1349.811 1349.755 1349.652 1349.54 1349.428 1349.315 1349.226 1349.191 1349.156 1349.122 1349.087 1349.065 1349.048 1349.031 1349.014 1349.0 1349.0 1349.0 1349.0 1349.0 1349.0 1349.0 1349.0 1349.0 1349.0 1349.0
1349.0 1349.0 1349.0 1349.0 1349.0 1349.0 1349.0 1349.0 1349.0 1349.0 1349.001 1349.002 1349.002 1349.003 1349.004 1349.005 1349.007 1349.008 1349.015 1349.161 1349.308 1349.454 1349.6 1349.697 1349.745 1349.793 1349.841 1349.889 1349.914 1349.938 1349.962 1349.986 1350.0 1350.0 1350.0 1350.0 1350.0 1350.0 1350.0 1350.0 1350.0 1349.974 1349.901 1349.829 1349.757 1349.685 1349.553 1349.408 1349.263 1349.119 1349.015 1349.013 1349.011 1349.008 1349.006 1349.004 1349.003 1349.002 1349.001 1349.0 1349.0 1349.0 1349.0 1349.0 1349.0 1349.0 1349.0 1349.0 1349.0 1349.0
1349.0 1349.0 1349.0 1349.0 1349.0 1349.0 1349.0 1349.0 1349.0 1349.0 1349.0 1349.0 1349.0 1349.0 1349.0 1349.0 1349.0 1349.0 1349.005 1349.122 1349.239 1349.356 1349.473 1349.551 1349.59 1349.629 1349.668 1349.707 1349.741 1349.776 1349.81 1349.845 1349.877 1349.907 1349.937 1349.967 1349.997 1349.96 1349.915 1349.87 1349.825 1349.775 1349.717 1349.658 1349.599 1349.541 1349.434 1349.317 1349.2 1349.083 1349.0 1349.0 1349.0 1349.0 1349.0 1349.0 1349.0 1349.0 1349.0 1349.0 1349.0 1349.0 1349.0 1349.0 1349.0 1349.0 1349.0 1349.0 1349.0 1349.0
1349.0 1349.0 1349.0 1349.0 1349.0 1349.0 1349.0 1349.0 1349.0 1349.0 1349.0 1349.0 1349.0 1349.0 1349.0 1349.0 1349.0 1349.0 1349.004 1349.088 1349.173 1349.258 1349.343 1349.399 1349.427 1349.455 1349.483 1349.512 1349.556 1349.602 1349.647 1349.692 1349.745 1349.807 1349.869 1349.931 1349.994 1349.916 1349.823 1349.729 1349.636 1349.561 1349.519 1349.476 1349.434 1349.392 1349.314 1349.23 1349.145 1349.06 1349.0 1349.0 1349.0 1349.0 1349.0 1349.0 1349.0 1349.0 1349.0 1349.0 1349.0 1349.0 1349.0 1349.0 1349.0 1349.0 1349.0 1349.0 1349.0 1349.0
1349.0 1349.0 1349.0 1349.0 1349.0 1349.0 1349.0 1349.0 1349.0 1349.0 1349.0 1349.0 1349.0 1349.0 1349.0 1349.0 1349.0 1349.0 1349.002 1349.055 1349.107 1349.16 1349.212 1349.247 1349.264 1349.282 1349.299 1349.317 1349.371 1349.427 1349.483 1349.539 1349.612 1349.707 1349.801 1349.896 1349.99 1349.873 1349.731 1349.589 1349.447 1349.347 1349.321 1349.295 1349.269 1349.242 1349.194 1349.142 1349.09 1349.037 1349.0 1349.0 1349.0 1349.0 1349.0 1349.0 1349.0 1349.0 1349.0 1349.0 1349.0 1349.0 1349.0 1349.0 1349.0 1349.0 1349.0 1349.0 1349.0 1349.0
1349.0 1349.0 1349.0 1349.0 1349.0 1349.0 1349.0 1349.0 1349.0 1349.0 1349.0 1349.0 1349.0 1349.0 1349.0 1349.0 1349.0 1349.0 1349.001 1349.021 1349.041 1349.061 1349.081 1349.095 1349.101 1349.108 1349.115 1349.122 1349.187 1349.253 1349.32 1349.387 1349.48 1349.607 1349.733 1349.86 1349.987 1349.829 1349.639 1349.448 1349.258 1349.133 1349.123 1349.113 1349.103 1349.093 1349.075 1349.055 1349.034 1349.014 1349.0 1349.0 1349.0 1349.0 1349.0 1349.0 1349.0 1349.0 1349.0 1349.0 1349.0 1349.0 1349.0 1349.0 1349.0 1349.0 1349.0 1349.0 1349.0 1349.0
1349.0 1349.0 1349.0 1349.0 1349.0 1349.0 1349.0 1349.0 1349.0 1349.0 1349.0 1349.0 1349.0 1349.0 1349.0 1349.0 1349.0 1349.0 1349.0 1349.0 1349.0 1349.0 1349.0 1349.0 1349.0 1349.0 1349.0 1349.0 1349.065 1349.133 1349.2 1349.268 1349.364 1349.499 1349.634 1349.769 1349.904 1349.735 1349.533 1349.331 1349.129 1349.0 1349.0 1349.0 1349.0 1349.0 1349.0 1349.0 1349.0 1349.0 1349.0 1349.0 1349.0 1349.0 1349.0 1349.0 1349.0 1349.0 1349.0 1349.0 1349.0 1349.0 1349.0 1349.0 1349.0 1349.0 1349.0 1349.0 1349.0 1349.0
1349.0 1349.0 1349.0 1349.0 1349.0 1349.0 1349.0 1349.0 1349.0 1349.0 1349.0 1349.0 1349.0 1349.0 1349.0 1349.0 1349.0 1349.0 1349.0 1349.0 1349.0 1349.0 1349.0 1349.0 1349.0 1349.0 1349.0 1349.0 1349.05 1349.101 1349.152 1349.203 1349.277 1349.38 1349.482 1349.585 1349.687 1349.559 1349.406 1349.252 1349.098 1349.0 1349.0 1349.0 1349.0 1349.0 1349.0 1349.0 1349.0 1349.0 1349.0 1349.0 1349.0 1349.0 1349.0 1349.0 1349.0 1349.0 1349.0 1349.0 1349.0 1349.0 1349.0 1349.0 1349.0 1349.0 1349.0 1349.0 1349.0 1349.0
1349.0 1349.0 1349.0 1349.0 1349.0 1349.0 1349.0 1349.0 1349.0 1349.0 1349.0 1349.0 1349.0 1349.0 1349.0 1349.0 1349.0 1349.0 1349.0 1349.0 1349.0 1349.0 1349.0 1349.0 1349.0 1349.0 1349.0 1349.0 1349.034 1349.069 1349.104 1349.139 1349.19 1349.26 1349.33 1349.4 1349.471 1349.383 1349.278 1349.172 1349.067 1349.0 1349.0 1349.0 1349.0 1349.0 1349.0 1349.0 1349.0 1349.0 1349.0 1349.0 1349.0 1349.0 1349.0 1349.0 1349.0 1349.0 1349.0 1349.0 1349.0 1349.0 1349.0 1349.0 1349.0 1349.0 1349.0 1349.0 1349.0 1349.0
1349.0 1349.0 1349.0 1349.0 1349.0 1349.0 1349.0 1349.0 1349.0 1349.0 1349.0 1349.0 1349.0 1349.0 1349.0 1349.0 1349.0 1349.0 1349.0 1349.0 1349.0 1349.0 1349.0 1349.0 1349.0 1349.0 1349.0 1349.0 1349.018 1349.037 1349.056 1349.075 1349.102 1349.14 1349.178 1349.216 1349.254 1349.207 1349.15 1349.093 1349.036 1349.0 1349.0 1349.0 1349.0 1349.0 1349.0 1349.0 1349.0 1349.0 1349.0 1349.0 1349.0 1349.0 1349.0 1349.0 1349.0 1349.0 1349.0 1349.0 1349.0 1349.0 1349.0 1349.0 1349.0 1349.0 1349.0 1349.0 1349.0 1349.0
1349.0 1349.0 1349.0 1349.0 1349.0 1349.0 1349.0 1349.0 1349.0 1349.0 1349.0 1349.0 1349.0 1349.0 1349.0 1349.0 1349.0 1349.0 1349.0 1349.0 1349.0 1349.0 1349.0 1349.0 1349.0 1349.0 1349.0 1349.0 1349.003 1349.005 1349.008 1349.011 1349.015 1349.021 1349.026 1349.032 1349.038 1349.031 1349.022 1349.014 1349.005 1349.0 1349.0 1349.0 1349.0 1349.0 1349.0 1349.0 1349.0 1349.0 1349.0 1349.0 1349.0 1349.0 1349.0 1349.0 1349.0 1349.0 1349.0 1349.0 1349.0 1349.0 1349.0 1349.0 1349.0 1349.0 1349.0 1349.0 1349.0 1349.0
1349.0 1349.0 1349.0 1349.0 1349.0 1349.0 1349.0 1349.0 1349.0 1349.0 1349.0 1349.0 1349.0 1349.0 1349.0 1349.0 1349.0 1349.0 1349.0 1349.0 1349.0 1349.0 1349.0 1349.0 1349.0 1349.0 1349.0 1349.0 1349.0 1349.0 1349.0 1349.0 1349.0 1349.0 1349.0 1349.0 1349.0 1349.0 1349.0 1349.0 1349.0 1349.0 1349.0 1349.0 1349.0 1349.0 1349.0 1349.0 1349.0 1349.0 1349.0 1349.0 1349.0 1349.0 1349.0 1349.0 1349.0 1349.0 1349.0 1349.0 1349.0 1349.0 1349.0 1349.0 1349.0 1349.0 1349.0 1349.0 1349.0 1349.0
1349.0 1349.0 1349.0 1349.0 1349.0 1349.0 1349.0 1349.0 1349.0 1349.0 1349.0 1349.0 1349.0 1349.0 1349.0 1349.0 1349.0 1349.0 1349.0 1349.0 1349.0 1349.0 1349.0 1349.0 1349.0 1349.0 1349.0 1349.0 1349.0 1349.0 1349.0 1349.0 1349.0 1349.0 1349.0 1349.0 1349.0 1349.0 1349.0 1349.0 1349.0 1349.0 1349.0 1349.0 1349.0 1349.0 1349.0 1349.0 1349.0 1349.0 1349.0 1349.0 1349.0 1349.0 1349.0 1349.0 1349.0 1349.0 1349.0 1349.0 1349.0 1349.0 1349.0 1349.0 1349.0 1349.0 1349.0 1349.0 1349.0 1349.0
1349.0 1349.0 1349.0 1349.0 1349.0 1349.0 1349.0 1349.0 1349.0 1349.0 1349.0 1349.0 1349.0 1349.0 1349.0 1349.0 1349.0 1349.0 1349.0 1349.0 1349.0 1349.0 1349.0 1349.0 1349.0 1349.0 1349.0 1349.0 1349.0 1349.0 1349.0 1349.0 1349.0 1349.0 1349.0 1349.0 1349.0 1349.0 1349.0 1349.0 1349.0 1349.0 1349.0 1349.0 1349.0 1349.0 1349.0 1349.0 1349.0 1349.0 1349.0 1349.0 1349.0 1349.0 1349.0 1349.0 1349.0 1349.0 1349.0 1349.0 1349.0 1349.0 1349.0 1349.0 1349.0 1349.0 1349.0 1349.0 1349.0 1349.0
1349.0 1349.0 1349.0 1349.0 1349.0 1349.0 1349.0 1349.0 1349.0 1349.0 1349.0 1349.0 1349.0 1349.0 1349.0 1349.0 1349.0 1349.0 1349.0 1349.0 1349.0 1349.0 1349.0 1349.0 1349.0 1349.0 1349.0 1349.0 1349.0 1349.0 1349.0 1349.0 1349.0 1349.0 1349.0 1349.0 1349.0 1349.0 1349.0 1349.0 1349.0 1349.0 1349.0 1349.0 1349.0 1349.0 1349.0 1349.0 1349.0 1349.0 1349.0 1349.0 1349.0 1349.0 1349.0 1349.0 1349.0 1349.0 1349.0 1349.0 1349.0 1349.0 1349.0 1349.0 1349.0 1349.0 1349.0 1349.0 1349.0 1349.0
1349.0 1349.0 1349.0 1349.0 1349.0 1349.0 1349.0 1349.0 1349.0 1349.0 1349.0 1349.0 1349.0 1349.0 1349.0 1349.0 1349.0 1349.0 1349.0 1349.0 1349.0 1349.0 1349.0 1349.0 1349.0 1349.0 1349.0 1349.0 1349.0 1349.0 1349.0 1349.0 1349.0 1349.0 1349.0 1349.0 1349.0 1349.0 1349.0 1349.0 1349.0 1349.0 1349.0 1349.0 1349.0 1349.0 1349.0 1349.0 1349.0 1349.0 1349.0 1349.0 1349.0 1349.0 1349.0 1349.0 1349.0 1349.0 1349.0 1349.0 1349.0 1349.0 1349.0 1349.0 1349.0 1349.0 1349.0 1349.0 1349.0 1349.0
1349.0 1349.0 1349.0 1349.0 1349.0 1349.0 1349.0 1349.0 1349.0 1349.0 1349.0 1349.0 1349.0 1349.0 1349.0 1349.0 1349.0 1349.0 1349.0 1349.0 1349.0 1349.0 1349.0 1349.0 1349.0 1349.0 1349.0 1349.0 1349.0 1349.0 1349.0 1349.0 1349.0 1349.0 1349.0 1349.0 1349.0 1349.0 1349.0 1349.0 1349.0 1349.0 1349.0 1349.0 1349.0 1349.0 1349.0 1349.0 1349.0 1349.0 1349.0 1349.0 1349.0 1349.0 1349.0 1349.0 1349.0 1349.0 1349.0 1349.0 1349.0 1349.0 1349.0 1349.0 1349.0 1349.0 1349.0 1349.0 1349.0 1349.0
