data/zism_data/01042_02_D.txt
ncols         224
nrows         224
[rows 112 to 139 of 224, columns 126 to 188 of 224]
1298.704 1299.286 1299.868 1300.45 1300.822 1300.936 1301.051 1301.165 1301.28 1300.15 1298.901 1297.652 1296.403 1293.877 1289.241 1284.605 1279.969 1275.333 1270.04 1264.623 1259.206 1253.789 1249.432 1247.496 1245.561 1243.625 1241.689 1241.012 1240.715 1240.418 1240.121 1240.172 1241.375 1242.578 1243.781 1244.984 1246.919 1249.174 1251.429 1253.685 1256.015 1258.738 1261.462 1264.186 1266.909 1269.787 1272.758 1275.729 1278.701 1281.625 1284.061 1286.496 1288.932 1291.367 1292.759 1293.299 1293.839 1294.379 1294.891 1293.458 1292.026 1290.593 1289.161
1298.218 1298.624 1299.03 1299.437 1299.607 1299.487 1299.367 1299.248 1299.128 1297.506 1295.742 1293.977 1292.212 1289.315 1284.546 1279.776 1275.007 1270.238 1265.658 1261.113 1256.569 1252.024 1248.387 1246.824 1245.26 1243.697 1242.134 1241.674 1241.547 1241.42 1241.293 1241.479 1242.698 1243.917 1245.135 1246.354 1248.106 1250.09 1252.074 1254.058 1256.119 1258.587 1261.055 1263.524 1265.992 1268.624 1271.356 1274.088 1276.82 1279.519 1281.875 1284.23 1286.586 1288.942 1290.353 1290.995 1291.636 1292.277 1292.888 1291.434 1289.98 1288.526 1287.073
1297.731 1297.962 1298.192 1298.423 1298.391 1298.038 1297.684 1297.33 1296.977 1294.863 1292.582 1290.301 1288.02 1284.752 1279.849 1274.947 1270.045 1265.143 1261.275 1257.603 1253.931 1250.259 1247.342 1246.151 1244.96 1243.769 1242.578 1242.335 1242.379 1242.422 1242.466 1242.786 1244.02 1245.255 1246.49 1247.725 1249.292 1251.005 1252.718 1254.431 1256.223 1258.436 1260.649 1262.862 1265.074 1267.462 1269.954 1272.446 1274.939 1277.412 1279.688 1281.964 1284.24 1286.516 1287.948 1288.69 1289.432 1290.174 1290.884 1289.409 1287.934 1286.459 1284.984
1296.924 1296.966 1297.008 1297.05 1296.807 1296.216 1295.624 1295.033 1294.441 1291.897 1289.167 1286.437 1283.707 1280.138 1275.182 1270.226 1265.27 1260.314 1257.14 1254.304 1251.468 1248.632 1246.404 1245.566 1244.728 1243.89 1243.052 1243.011 1243.21 1243.41 1243.609 1244.046 1245.273 1246.499 1247.726 1248.952 1250.329 1251.771 1253.213 1254.655 1256.179 1258.138 1260.096 1262.055 1264.013 1266.159 1268.417 1270.675 1272.933 1275.186 1277.388 1279.59 1281.793 1283.995 1285.44 1286.266 1287.093 1287.92 1288.713 1287.234 1285.755 1284.275 1282.796
1293.367 1293.106 1292.845 1292.583 1292.052 1291.189 1290.326 1289.463 1288.6 1286.149 1283.547 1280.945 1278.342 1275.09 1270.761 1266.433 1262.105 1257.777 1255.141 1252.826 1250.512 1248.197 1246.388 1245.737 1245.085 1244.433 1243.781 1243.808 1244.039 1244.27 1244.502 1244.913 1245.921 1246.93 1247.938 1248.946 1250.071 1251.247 1252.423 1253.599 1254.861 1256.575 1258.289 1260.003 1261.716 1263.65 1265.716 1267.783 1269.849 1271.926 1274.107 1276.288 1278.469 1280.65 1282.053 1282.821 1283.589 1284.357 1285.095 1283.76 1282.424 1281.088 1279.753
1289.81 1289.246 1288.681 1288.117 1287.296 1286.162 1285.028 1283.894 1282.759 1280.401 1277.927 1275.452 1272.977 1270.041 1266.341 1262.64 1258.94 1255.239 1253.142 1251.349 1249.555 1247.762 1246.373 1245.907 1245.442 1244.976 1244.511 1244.605 1244.868 1245.131 1245.394 1245.779 1246.57 1247.36 1248.15 1248.94 1249.814 1250.724 1251.634 1252.544 1253.543 1255.012 1256.481 1257.95 1259.419 1261.141 1263.016 1264.891 1266.766 1268.666 1270.826 1272.985 1275.145 1277.305 1278.666 1279.376 1280.085 1280.795 1281.477 1280.285 1279.093 1277.901 1276.709
1286.254 1285.386 1284.518 1283.65 1282.541 1281.135 1279.729 1278.324 1276.918 1274.653 1272.306 1269.959 1267.613 1264.992 1261.92 1258.847 1255.774 1252.702 1251.143 1249.871 1248.599 1247.327 1246.357 1246.078 1245.798 1245.519 1245.24 1245.402 1245.697 1245.992 1246.287 1246.646 1247.218 1247.79 1248.362 1248.934 1249.557 1250.201 1250.844 1251.488 1252.225 1253.449 1254.674 1255.898 1257.122 1258.633 1260.316 1262.0 1263.683 1265.406 1267.545 1269.683 1271.821 1273.96 1275.279 1275.93 1276.581 1277.233 1277.859 1276.811 1275.763 1274.714 1273.666
1282.697 1281.526 1280.354 1279.183 1277.785 1276.108 1274.431 1272.754 1271.078 1268.905 1266.686 1264.467 1262.248 1259.943 1257.499 1255.054 1252.609 1250.164 1249.143 1248.393 1247.642 1246.892 1246.341 1246.248 1246.155 1246.062 1245.969 1246.198 1246.525 1246.852 1247.179 1247.512 1247.866 1248.22 1248.574 1248.928 1249.299 1249.677 1250.055 1250.433 1250.907 1251.886 1252.866 1253.846 1254.825 1256.124 1257.616 1259.108 1260.6 1262.146 1264.263 1266.38 1268.498 1270.615 1271.892 1272.485 1273.078 1273.67 1274.241 1273.337 1272.432 1271.527 1270.623
1278.368 1277.053 1275.739 1274.424 1272.931 1271.219 1269.508 1267.797 1266.085 1264.182 1262.261 1260.339 1258.418 1256.496 1254.572 1252.649 1250.725 1248.802 1248.108 1247.647 1247.187 1246.726 1246.418 1246.458 1246.498 1246.538 1246.578 1246.828 1247.141 1247.455 1247.769 1248.06 1248.279 1248.497 1248.715 1248.934 1249.152 1249.37 1249.589 1249.807 1250.112 1250.876 1251.641 1252.405 1253.169 1254.262 1255.555 1256.847 1258.14 1259.497 1261.534 1263.571 1265.609 1267.646 1268.829 1269.315 1269.802 1270.288 1270.755 1269.917 1269.079 1268.24 1267.402
1273.268 1271.969 1270.67 1269.372 1267.978 1266.469 1264.959 1263.45 1261.941 1260.483 1259.03 1257.576 1256.123 1254.649 1253.141 1251.632 1250.124 1248.615 1248.036 1247.634 1247.232 1246.83 1246.587 1246.707 1246.826 1246.946 1247.066 1247.289 1247.545 1247.8 1248.055 1248.289 1248.454 1248.62 1248.785 1248.95 1249.115 1249.28 1249.445 1249.61 1249.841 1250.419 1250.997 1251.575 1252.153 1253.047 1254.132 1255.217 1256.302 1257.458 1259.357 1261.256 1263.155 1265.054 1266.09 1266.422 1266.754 1267.086 1267.4 1266.552 1265.703 1264.854 1264.005
1268.168 1266.885 1265.602 1264.319 1263.025 1261.718 1260.411 1259.104 1257.797 1256.784 1255.799 1254.814 1253.828 1252.802 1251.709 1250.615 1249.522 1248.428 1247.965 1247.621 1247.278 1246.934 1246.756 1246.956 1247.155 1247.354 1247.554 1247.751 1247.948 1248.145 1248.341 1248.518 1248.63 1248.742 1248.854 1248.966 1249.078 1249.19 1249.302 1249.414 1249.57 1249.962 1250.354 1250.746 1251.137 1251.832 1252.709 1253.587 1254.464 1255.419 1257.179 1258.94 1260.701 1262.461 1263.35 1263.528 1263.706 1263.883 1264.046 1263.186 1262.327 1261.468 1260.608
1263.067 1261.8 1260.534 1259.267 1258.073 1256.968 1255.863 1254.758 1253.653 1253.084 1252.568 1252.051 1251.534 1250.956 1250.277 1249.599 1248.92 1248.241 1247.894 1247.609 1247.323 1247.038 1246.925 1247.204 1247.484 1247.763 1248.042 1248.213 1248.351 1248.489 1248.627 1248.747 1248.806 1248.865 1248.923 1248.982 1249.041 1249.1 1249.158 1249.217 1249.299 1249.505 1249.71 1249.916 1250.122 1250.617 1251.287 1251.957 1252.627 1253.379 1255.002 1256.624 1258.246 1259.869 1260.611 1260.634 1260.657 1260.681 1260.691 1259.821 1258.951 1258.081 1257.211
1257.967 1256.716 1255.465 1254.214 1253.12 1252.217 1251.314 1250.411 1249.508 1249.385 1249.337 1249.288 1249.239 1249.109 1248.846 1248.582 1248.318 1248.055 1247.822 1247.596 1247.369 1247.142 1247.094 1247.453 1247.812 1248.172 1248.531 1248.675 1248.755 1248.834 1248.914 1248.976 1248.982 1248.987 1248.993 1248.998 1249.004 1249.009 1249.015 1249.021 1249.028 1249.048 1249.067 1249.086 1249.106 1249.401 1249.864 1250.326 1250.789 1251.34 1252.824 1254.308 1255.792 1257.276 1257.871 1257.74 1257.609 1257.479 1257.337 1256.456 1255.575 1254.695 1253.814
1255.98 1254.922 1253.863 1252.805 1251.903 1251.192 1250.482 1249.772 1249.062 1249.0 1249.0 1249.0 1249.0 1248.931 1248.749 1248.567 1248.384 1248.202 1248.016 1247.829 1247.641 1247.454 1247.414 1247.71 1248.006 1248.302 1248.598 1248.723 1248.797 1248.87 1248.944 1249.0 1249.0 1249.0 1249.0 1249.0 1249.0 1249.0 1249.0 1249.0 1249.0 1249.0 1249.0 1249.0 1249.0 1249.23 1249.6 1249.969 1250.339 1250.781 1251.988 1253.196 1254.403 1255.611 1256.086 1255.962 1255.839 1255.716 1255.584 1254.84 1254.097 1253.353 1252.61
1254.356 1253.51 1252.665 1251.819 1251.12 1250.601 1250.083 1249.564 1249.045 1249.0 1249.0 1249.0 1249.0 1248.947 1248.808 1248.668 1248.528 1248.388 1248.24 1248.09 1247.94 1247.791 1247.752 1247.968 1248.184 1248.4 1248.616 1248.723 1248.797 1248.87 1248.944 1249.0 1249.0 1249.0 1249.0 1249.0 1249.0 1249.0 1249.0 1249.0 1249.0 1249.0 1249.0 1249.0 1249.0 1249.181 1249.47 1249.76 1250.049 1250.393 1251.308 1252.223 1253.138 1254.053 1254.411 1254.314 1254.218 1254.121 1254.018 1253.428 1252.839 1252.25 1251.66
1252.732 1252.099 1251.466 1250.833 1250.337 1250.01 1249.683 1249.356 1249.028 1249.0 1249.0 1249.0 1249.0 1248.963 1248.866 1248.769 1248.672 1248.575 1248.464 1248.352 1248.239 1248.127 1248.09 1248.226 1248.362 1248.499 1248.635 1248.723 1248.797 1248.87 1248.944 1249.0 1249.0 1249.0 1249.0 1249.0 1249.0 1249.0 1249.0 1249.0 1249.0 1249.0 1249.0 1249.0 1249.0 1249.131 1249.341 1249.55 1249.76 1250.006 1250.628 1251.251 1251.873 1252.495 1252.736 1252.666 1252.596 1252.526 1252.451 1252.016 1251.581 1251.146 1250.711
1251.107 1250.687 1250.267 1249.847 1249.554 1249.419 1249.283 1249.147 1249.012 1249.0 1249.0 1249.0 1249.0 1248.979 1248.925 1248.87 1248.816 1248.761 1248.689 1248.613 1248.538 1248.463 1248.427 1248.484 1248.54 1248.597 1248.654 1248.723 1248.797 1248.87 1248.944 1249.0 1249.0 1249.0 1249.0 1249.0 1249.0 1249.0 1249.0 1249.0 1249.0 1249.0 1249.0 1249.0 1249.0 1249.081 1249.211 1249.341 1249.471 1249.619 1249.948 1250.278 1250.608 1250.938 1251.062 1251.018 1250.975 1250.932 1250.885 1250.604 1250.323 1250.043 1249.762
1249.953 1249.695 1249.436 1249.178 1249.044 1249.064 1249.085 1249.105 1249.125 1249.144 1249.162 1249.181 1249.2 1249.194 1249.15 1249.105 1249.06 1249.016 1248.953 1248.887 1248.821 1248.755 1248.707 1248.703 1248.698 1248.693 1248.689 1248.741 1248.809 1248.878 1248.947 1249.0 1249.0 1249.0 1249.0 1249.0 1249.0 1249.0 1249.0 1249.0 1249.0 1249.0 1249.0 1249.0 1249.0 1249.043 1249.112 1249.181 1249.249 1249.322 1249.437 1249.552 1249.667 1249.781 1249.82 1249.797 1249.774 1249.751 1249.726 1249.566 1249.405 1249.244 1249.084
1249.942 1249.72 1249.499 1249.278 1249.196 1249.285 1249.375 1249.464 1249.553 1249.636 1249.719 1249.801 1249.884 1249.892 1249.778 1249.665 1249.551 1249.437 1249.314 1249.189 1249.065 1248.94 1248.847 1248.827 1248.806 1248.786 1248.765 1248.801 1248.854 1248.906 1248.959 1249.0 1249.0 1249.0 1249.0 1249.0 1249.0 1249.0 1249.0 1249.0 1249.0 1249.0 1249.0 1249.0 1249.0 1249.033 1249.086 1249.139 1249.192 1249.248 1249.336 1249.424 1249.512 1249.6 1249.63 1249.612 1249.595 1249.577 1249.558 1249.434 1249.311 1249.188 1249.064
1249.93 1249.746 1249.562 1249.378 1249.348 1249.506 1249.665 1249.823 1249.982 1250.129 1250.275 1250.422 1250.568 1250.59 1250.407 1250.224 1250.041 1249.858 1249.675 1249.492 1249.309 1249.126 1248.987 1248.951 1248.914 1248.878 1248.841 1248.861 1248.898 1248.935 1248.972 1249.0 1249.0 1249.0 1249.0 1249.0 1249.0 1249.0 1249.0 1249.0 1249.0 1249.0 1249.0 1249.0 1249.0 1249.023 1249.06 1249.097 1249.134 1249.173 1249.234 1249.296 1249.357 1249.419 1249.44 1249.427 1249.415 1249.403 1249.389 1249.303 1249.217 1249.131 1249.045
1249.919 1249.772 1249.625 1249.478 1249.5 1249.727 1249.955 1250.182 1250.41 1250.622 1250.832 1251.042 1251.252 1251.288 1251.036 1250.784 1250.532 1250.28 1250.036 1249.795 1249.553 1249.311 1249.127 1249.075 1249.022 1248.97 1248.917 1248.921 1248.942 1248.963 1248.984 1249.0 1249.0 1249.0 1249.0 1249.0 1249.0 1249.0 1249.0 1249.0 1249.0 1249.0 1249.0 1249.0 1249.0 1249.013 1249.034 1249.055 1249.076 1249.098 1249.133 1249.168 1249.203 1249.238 1249.25 1249.243 1249.236 1249.229 1249.221 1249.172 1249.123 1249.074 1249.026
1249.907 1249.797 1249.688 1249.578 1249.651 1249.948 1250.245 1250.542 1250.839 1251.115 1251.389 1251.662 1251.937 1251.986 1251.665 1251.344 1251.022 1250.701 1250.397 1250.097 1249.797 1249.497 1249.267 1249.199 1249.13 1249.062 1248.993 1248.981 1248.986 1248.991 1248.996 1249.0 1249.0 1249.0 1249.0 1249.0 1249.0 1249.0 1249.0 1249.0 1249.0 1249.0 1249.0 1249.0 1249.0 1249.003 1249.008 1249.013 1249.018 1249.023 1249.032 1249.04 1249.048 1249.057 1249.059 1249.058 1249.056 1249.054 1249.053 1249.041 1249.029 1249.018 1249.006
1250.58 1250.563 1250.545 1250.528 1250.714 1251.149 1251.584 1252.02 1252.455 1252.682 1252.888 1253.094 1253.3 1253.261 1252.815 1252.37 1251.925 1251.479 1251.042 1250.607 1250.171 1249.736 1249.404 1249.308 1249.213 1249.118 1249.022 1249.0 1249.0 1249.0 1249.0 1249.0 1249.0 1249.0 1249.0 1249.0 1249.0 1249.0 1249.0 1249.0 1249.0 1249.0 1249.0 1249.0 1249.0 1249.0 1249.0 1249.0 1249.0 1249.0 1249.0 1249.0 1249.0 1249.0 1249.0 1249.0 1249.0 1249.0 1249.0 1249.0 1249.0 1249.0 1249.0
1251.564 1251.664 1251.763 1251.863 1252.19 1252.795 1253.401 1254.007 1254.612 1254.737 1254.815 1254.894 1254.972 1254.797 1254.203 1253.609 1253.014 1252.42 1251.816 1251.21 1250.605 1249.999 1249.539 1249.412 1249.284 1249.157 1249.03 1249.0 1249.0 1249.0 1249.0 1249.0 1249.0 1249.0 1249.0 1249.0 1249.0 1249.0 1249.0 1249.0 1249.0 1249.0 1249.0 1249.0 1249.0 1249.0 1249.0 1249.0 1249.0 1249.0 1249.0 1249.0 1249.0 1249.0 1249.0 1249.0 1249.0 1249.0 1249.0 1249.0 1249.0 1249.0 1249.0
1252.548 1252.765 1252.981 1253.198 1253.666 1254.442 1255.218 1255.994 1256.77 1256.792 1256.743 1256.694 1256.645 1256.334 1255.591 1254.847 1254.104 1253.361 1252.59 1251.814 1251.038 1250.262 1249.674 1249.515 1249.355 1249.196 1249.037 1249.0 1249.0 1249.0 1249.0 1249.0 1249.0 1249.0 1249.0 1249.0 1249.0 1249.0 1249.0 1249.0 1249.0 1249.0 1249.0 1249.0 1249.0 1249.0 1249.0 1249.0 1249.0 1249.0 1249.0 1249.0 1249.0 1249.0 1249.0 1249.0 1249.0 1249.0 1249.0 1249.0 1249.0 1249.0 1249.0
1253.532 1253.866 1254.2 1254.533 1255.142 1256.088 1257.034 1257.98 1258.927 1258.848 1258.671 1258.494 1258.317 1257.87 1256.978 1256.086 1255.194 1254.302 1253.364 1252.418 1251.472 1250.526 1249.809 1249.618 1249.427 1249.235 1249.044 1249.0 1249.0 1249.0 1249.0 1249.0 1249.0 1249.0 1249.0 1249.0 1249.0 1249.0 1249.0 1249.0 1249.0 1249.0 1249.0 1249.0 1249.0 1249.0 1249.0 1249.0 1249.0 1249.0 1249.0 1249.0 1249.0 1249.0 1249.0 1249.0 1249.0 1249.0 1249.0 1249.0 1249.0 1249.0 1249.0
1254.695 1255.144 1255.592 1256.04 1256.776 1257.864 1258.952 1260.04 1261.128 1260.94 1260.63 1260.319 1260.009 1259.419 1258.367 1257.314 1256.262 1255.21 1254.108 1252.996 1251.885 1250.773 1249.933 1249.712 1249.492 1249.272 1249.051 1249.0 1249.0 1249.0 1249.0 1249.0 1249.0 1249.0 1249.0 1249.0 1249.0 1249.0 1249.0 1249.0 1249.0 1249.0 1249.0 1249.0 1249.0 1249.0 1249.0 1249.0 1249.0 1249.0 1249.0 1249.0 1249.0 1249.0 1249.0 1249.0 1249.0 1249.0 1249.0 1249.0 1249.0 1249.0 1249.0
1257.825 1258.364 1258.903 1259.442 1260.151 1261.069 1261.986 1262.904 1263.822 1263.439 1262.932 1262.424 1261.917 1261.099 1259.764 1258.43 1257.096 1255.762 1254.521 1253.297 1252.074 1250.851 1249.933 1249.712 1249.492 1249.272 1249.051 1249.0 1249.0 1249.0 1249.0 1249.0 1249.0 1249.0 1249.0 1249.0 1249.0 1249.0 1249.0 1249.0 1249.0 1249.0 1249.0 1249.0 1249.0 1249.0 1249.0 1249.0 1249.0 1249.0 1249.0 1249.0 1249.0 1249.0 1249.0 1249.0 1249.0 1249.0 1249.0 1249.0 1249.0 1249.0 1249.0
