data/zism_data/01046_01_D.txt
ncols         224
nrows         224
[rows 0 to 27 of 224, columns 0 to 62 of 224]
4460.963 4464.257 4467.551 4470.844 4472.71 4470.818 4468.925 4467.033 4465.14 4462.057 4458.552 4455.048 4451.544 4447.782 4443.009 4438.236 4433.462 4428.689 4423.554 4418.239 4412.923 4407.608 4402.657 4400.137 4397.617 4395.097 4392.576 4390.847 4389.657 4388.467 4387.277 4386.192 4386.81 4387.428 4388.045 4388.663 4389.951 4391.852 4393.754 4395.655 4397.557 4400.22 4402.894 4405.568 4408.242 4410.727 4412.979 4415.23 4417.482 4419.735 4418.988 4417.957 4416.925 4415.893 4414.091 4411.016 4407.94 4404.865 4401.79 4397.791 4393.616 4389.441 4385.267
4463.886 4467.354 4470.821 4474.289 4476.233 4474.169 4472.104 4470.04 4467.975 4464.843 4461.334 4457.826 4454.317 4450.525 4445.618 4440.711 4435.805 4430.898 4425.542 4419.96 4414.378 4408.797 4403.609 4401.047 4398.485 4395.922 4393.36 4391.669 4390.572 4389.475 4388.377 4387.381 4388.024 4388.666 4389.309 4389.951 4391.229 4393.091 4394.953 4396.814 4398.675 4401.504 4404.348 4407.191 4410.035 4412.697 4415.139 4417.58 4420.022 4422.463 4421.797 4420.835 4419.873 4418.911 4417.152 4414.078 4411.004 4407.93 4404.855 4400.835 4396.635 4392.435 4388.235
4465.776 4469.593 4473.41 4477.227 4479.439 4477.428 4475.417 4473.406 4471.395 4468.376 4465.002 4461.628 4458.253 4454.532 4449.448 4444.365 4439.281 4434.197 4428.584 4422.707 4416.83 4410.954 4405.483 4402.722 4399.961 4397.201 4394.439 4392.677 4391.596 4390.515 4389.434 4388.45 4389.033 4389.616 4390.2 4390.783 4392.033 4393.895 4395.756 4397.618 4399.479 4402.615 4405.77 4408.925 4412.08 4415.005 4417.651 4420.296 4422.942 4425.587 4424.919 4423.936 4422.952 4421.968 4420.211 4417.175 4414.138 4411.102 4408.065 4404.213 4400.206 4396.199 4392.193
4467.667 4471.833 4475.999 4480.165 4482.645 4480.687 4478.73 4476.772 4474.815 4471.91 4468.67 4465.43 4462.19 4458.54 4453.278 4448.018 4442.756 4437.495 4431.627 4425.455 4419.282 4413.11 4407.357 4404.397 4401.438 4398.479 4395.519 4393.685 4392.62 4391.556 4390.491 4389.518 4390.042 4390.566 4391.091 4391.615 4392.837 4394.699 4396.56 4398.421 4400.283 4403.726 4407.192 4410.658 4414.125 4417.313 4420.163 4423.013 4425.862 4428.712 4428.042 4427.037 4426.032 4425.026 4423.27 4420.271 4417.272 4414.273 4411.274 4407.59 4403.777 4399.963 4396.15
4469.558 4474.073 4478.588 4483.103 4485.85 4483.946 4482.043 4480.139 4478.235 4475.443 4472.337 4469.232 4466.126 4462.547 4457.109 4451.67 4446.232 4440.794 4434.669 4428.202 4421.734 4415.267 4409.231 4406.073 4402.915 4399.756 4396.598 4394.693 4393.645 4392.596 4391.547 4390.586 4391.051 4391.517 4391.982 4392.447 4393.641 4395.502 4397.364 4399.226 4401.087 4404.837 4408.614 4412.392 4416.169 4419.622 4422.675 4425.729 4428.782 4431.836 4431.164 4430.138 4429.111 4428.084 4426.329 4423.367 4420.406 4417.444 4414.483 4410.968 4407.348 4403.728 4400.108
4471.449 4476.313 4481.177 4486.041 4489.056 4487.206 4485.355 4483.506 4481.656 4478.977 4476.005 4473.034 4470.062 4466.554 4460.939 4455.323 4449.708 4444.092 4437.712 4430.949 4424.187 4417.423 4411.105 4407.748 4404.391 4401.034 4397.677 4395.702 4394.669 4393.636 4392.604 4391.655 4392.061 4392.467 4392.873 4393.279 4394.445 4396.306 4398.167 4400.029 4401.891 4405.947 4410.036 4414.125 4418.214 4421.93 4425.188 4428.445 4431.703 4434.96 4434.287 4433.239 4432.19 4431.143 4429.388 4426.464 4423.54 4420.616 4417.692 4414.346 4410.919 4407.492 4404.065
4474.403 4479.127 4483.851 4488.575 4491.552 4489.936 4488.318 4486.702 4485.084 4482.581 4479.764 4476.947 4474.13 4470.719 4464.975 4459.231 4453.488 4447.744 4441.151 4434.134 4427.117 4420.099 4413.514 4409.807 4406.101 4402.395 4398.688 4396.573 4395.544 4394.516 4393.487 4392.537 4392.876 4393.215 4393.554 4393.893 4395.19 4397.366 4399.541 4401.716 4403.892 4408.284 4412.708 4417.133 4421.558 4425.431 4428.628 4431.825 4435.021 4438.218 4437.494 4436.396 4435.297 4434.2 4432.42 4429.513 4426.606 4423.7 4420.793 4417.53 4414.198 4410.867 4407.536
4477.695 4482.124 4486.552 4490.98 4493.824 4492.497 4491.17 4489.843 4488.516 4486.207 4483.551 4480.895 4478.239 4474.934 4469.077 4463.221 4457.365 4451.508 4444.717 4437.458 4430.199 4422.939 4416.092 4411.989 4407.885 4403.781 4399.677 4397.401 4396.372 4395.343 4394.315 4393.361 4393.63 4393.899 4394.169 4394.438 4395.917 4398.506 4401.095 4403.684 4406.272 4411.009 4415.778 4420.546 4425.314 4429.312 4432.364 4435.416 4438.467 4441.519 4440.728 4439.571 4438.414 4437.256 4435.444 4432.548 4429.652 4426.756 4423.86 4420.653 4417.386 4414.119 4410.852
4480.987 4485.12 4489.253 4493.386 4496.096 4495.059 4494.021 4492.984 4491.947 4489.833 4487.338 4484.843 4482.348 4479.148 4473.18 4467.21 4461.241 4455.272 4448.282 4440.781 4433.281 4425.78 4418.671 4414.17 4409.668 4405.167 4400.667 4398.229 4397.2 4396.171 4395.143 4394.185 4394.385 4394.584 4394.783 4394.982 4396.645 4399.646 4402.649 4405.651 4408.653 4413.735 4418.847 4423.959 4429.071 4433.192 4436.099 4439.006 4441.913 4444.819 4443.962 4442.746 4441.529 4440.313 4438.468 4435.583 4432.698 4429.813 4426.927 4423.775 4420.573 4417.371 4414.168
4484.279 4488.117 4491.955 4495.792 4498.368 4497.621 4496.874 4496.126 4495.379 4493.459 4491.125 4488.792 4486.458 4483.363 4477.282 4471.2 4465.118 4459.036 4451.847 4444.105 4436.363 4428.621 4421.249 4416.351 4411.453 4406.554 4401.656 4399.057 4398.028 4397.0 4395.971 4395.009 4395.139 4395.268 4395.398 4395.527 4397.372 4400.787 4404.203 4407.619 4411.035 4416.46 4421.916 4427.372 4432.827 4437.073 4439.834 4442.596 4445.358 4448.12 4447.196 4445.92 4444.645 4443.37 4441.492 4438.618 4435.743 4432.869 4429.994 4426.898 4423.76 4420.622 4417.484
4487.45 4490.967 4494.484 4498.001 4500.413 4499.917 4499.422 4498.927 4498.432 4496.682 4494.489 4492.296 4490.103 4487.099 4480.91 4474.721 4468.531 4462.342 4454.954 4446.965 4438.978 4430.989 4423.362 4418.142 4412.921 4407.701 4402.48 4399.758 4398.742 4397.726 4396.71 4395.758 4395.844 4395.93 4396.017 4396.103 4398.127 4401.928 4405.728 4409.529 4413.33 4419.115 4424.93 4430.746 4436.561 4440.958 4443.615 4446.273 4448.932 4451.59 4450.574 4449.209 4447.844 4446.479 4444.542 4441.66 4438.777 4435.894 4433.012 4429.922 4426.793 4423.665 4420.536
4490.125 4493.218 4496.311 4499.404 4501.536 4501.137 4500.738 4500.339 4499.941 4498.26 4496.126 4493.992 4491.858 4488.884 4482.609 4476.334 4470.059 4463.783 4456.191 4447.939 4439.688 4431.438 4423.58 4418.343 4413.106 4407.87 4402.633 4399.942 4398.991 4398.04 4397.088 4396.2 4396.351 4396.501 4396.652 4396.803 4398.998 4403.066 4407.136 4411.205 4415.274 4421.481 4427.721 4433.96 4440.199 4444.859 4447.581 4450.304 4453.026 4455.749 4454.543 4452.963 4451.383 4449.804 4447.701 4444.732 4441.763 4438.795 4435.826 4432.542 4429.199 4425.856 4422.512
4492.801 4495.47 4498.139 4500.807 4502.658 4502.356 4502.054 4501.752 4501.45 4499.838 4497.763 4495.688 4493.614 4490.669 4484.308 4477.947 4471.585 4465.225 4457.428 4448.914 4440.399 4431.885 4423.796 4418.544 4413.291 4408.039 4402.786 4400.127 4399.24 4398.353 4397.465 4396.642 4396.857 4397.072 4397.287 4397.502 4399.868 4404.206 4408.543 4412.881 4417.218 4423.848 4430.511 4437.175 4443.838 4448.76 4451.547 4454.334 4457.121 4459.908 4458.512 4456.717 4454.922 4453.128 4450.859 4447.804 4444.75 4441.695 4438.641 4435.163 4431.604 4428.046 4424.488
4495.477 4497.721 4499.966 4502.21 4503.781 4503.575 4503.37 4503.165 4502.959 4501.416 4499.4 4497.384 4495.369 4492.454 4486.007 4479.56 4473.113 4466.666 4458.665 4449.888 4441.11 4432.333 4424.014 4418.745 4413.476 4408.207 4402.938 4400.312 4399.489 4398.666 4397.843 4397.084 4397.364 4397.643 4397.923 4398.202 4400.739 4405.345 4409.951 4414.557 4419.163 4426.214 4433.302 4440.39 4447.477 4452.661 4455.513 4458.364 4461.215 4464.067 4462.48 4460.471 4458.462 4456.453 4454.017 4450.876 4447.736 4444.596 4441.455 4437.783 4434.01 4430.237 4426.464
4498.152 4499.973 4501.793 4503.614 4504.903 4504.794 4504.686 4504.577 4504.468 4502.994 4501.037 4499.081 4497.124 4494.239 4487.706 4481.173 4474.64 4468.107 4459.902 4450.862 4441.822 4432.781 4424.23 4418.946 4413.661 4408.376 4403.091 4400.496 4399.738 4398.979 4398.221 4397.526 4397.87 4398.214 4398.558 4398.902 4401.609 4406.484 4411.358 4416.233 4421.107 4428.581 4436.093 4443.604 4451.116 4456.563 4459.479 4462.395 4465.31 4468.226 4466.449 4464.225 4462.001 4459.777 4457.175 4453.949 4450.723 4447.496 4444.27 4440.404 4436.416 4432.428 4428.44
4500.034 4501.652 4503.27 4504.888 4506.032 4505.932 4505.831 4505.73 4505.629 4504.13 4502.137 4500.144 4498.151 4495.226 4488.638 4482.049 4475.461 4468.873 4460.675 4451.671 4442.667 4433.664 4425.138 4419.789 4414.44 4409.091 4403.743 4401.081 4400.254 4399.427 4398.6 4397.855 4398.444 4399.033 4399.623 4400.211 4403.358 4408.849 4414.339 4419.83 4425.321 4432.972 4440.656 4448.339 4456.023 4461.477 4464.198 4466.919 4469.64 4472.361 4470.346 4467.88 4465.414 4462.948 4460.152 4456.809 4453.466 4450.123 4446.78 4442.781 4438.657 4434.532 4430.408
4501.458 4503.001 4504.544 4506.087 4507.165 4507.021 4506.878 4506.734 4506.591 4505.013 4502.928 4500.844 4498.76 4495.754 4489.128 4482.502 4475.876 4469.251 4461.18 4452.386 4443.591 4434.797 4426.441 4421.001 4415.561 4410.121 4404.681 4401.896 4400.924 4399.952 4398.98 4398.119 4399.057 4399.995 4400.933 4401.871 4405.61 4411.917 4418.224 4424.531 4430.838 4438.528 4446.238 4453.948 4461.659 4466.973 4469.351 4471.728 4474.105 4476.483 4474.203 4471.479 4468.755 4466.032 4463.024 4459.547 4456.07 4452.593 4449.115 4445.018 4440.802 4436.587 4432.372
4502.883 4504.351 4505.819 4507.286 4508.298 4508.112 4507.925 4507.738 4507.552 4505.895 4503.72 4501.544 4499.369 4496.282 4489.619 4482.956 4476.292 4469.629 4461.685 4453.1 4444.515 4435.931 4427.745 4422.213 4416.682 4411.15 4405.619 4402.711 4401.594 4400.478 4399.36 4398.383 4399.67 4400.957 4402.244 4403.531 4407.863 4414.986 4422.109 4429.232 4436.355 4444.083 4451.82 4459.558 4467.295 4472.47 4474.503 4476.537 4478.571 4480.605 4478.06 4475.078 4472.097 4469.115 4465.896 4462.285 4458.673 4455.062 4451.451 4447.255 4442.948 4438.642 4434.335
4504.308 4505.701 4507.093 4508.485 4509.431 4509.202 4508.972 4508.742 4508.513 4506.777 4504.511 4502.244 4499.977 4496.811 4490.11 4483.409 4476.708 4470.007 4462.189 4453.814 4445.439 4437.064 4429.048 4423.425 4417.803 4412.18 4406.558 4403.526 4402.264 4401.002 4399.741 4398.647 4400.283 4401.919 4403.555 4405.191 4410.116 4418.055 4425.994 4433.933 4441.872 4449.639 4457.402 4465.167 4472.931 4477.966 4479.656 4481.346 4483.037 4484.727 4481.916 4478.677 4475.438 4472.198 4468.768 4465.023 4461.277 4457.532 4453.786 4449.492 4445.094 4440.696 4436.298
4505.789 4507.097 4508.404 4509.711 4510.58 4510.293 4510.007 4509.721 4509.435 4507.621 4505.269 4502.916 4500.563 4497.328 4490.624 4483.919 4477.215 4470.51 4462.835 4454.674 4446.513 4438.353 4430.51 4424.783 4419.057 4413.331 4407.604 4404.439 4403.024 4401.609 4400.194 4398.977 4400.976 4402.975 4404.974 4406.972 4412.47 4421.176 4429.882 4438.588 4447.293 4455.077 4462.848 4470.618 4478.388 4483.276 4484.632 4485.987 4487.343 4488.698 4485.64 4482.161 4478.682 4475.203 4471.57 4467.682 4463.794 4459.906 4456.018 4451.624 4447.134 4442.645 4438.155
4507.982 4509.08 4510.178 4511.276 4511.929 4511.412 4510.895 4510.377 4509.86 4507.975 4505.606 4503.237 4500.869 4497.708 4491.433 4485.158 4478.882 4472.607 4465.262 4457.38 4449.499 4441.617 4433.982 4427.993 4422.003 4416.014 4410.024 4406.6 4404.927 4403.254 4401.582 4400.153 4402.689 4405.225 4407.76 4410.296 4416.124 4424.969 4433.814 4442.66 4451.505 4459.037 4466.549 4474.062 4481.574 4486.222 4487.357 4488.492 4489.628 4490.763 4487.676 4484.186 4480.696 4477.207 4473.474 4469.339 4465.204 4461.069 4456.934 4452.419 4447.833 4443.247 4438.661
4510.174 4511.063 4511.952 4512.84 4513.278 4512.53 4511.782 4511.034 4510.286 4508.328 4505.943 4503.559 4501.174 4498.086 4492.241 4486.396 4480.55 4474.705 4467.688 4460.086 4452.484 4444.881 4437.455 4431.203 4424.95 4418.697 4412.445 4408.761 4406.83 4404.9 4402.969 4401.329 4404.401 4407.474 4410.547 4413.619 4419.776 4428.761 4437.747 4446.731 4455.716 4462.996 4470.251 4477.505 4484.76 4489.167 4490.082 4490.998 4491.913 4492.828 4489.712 4486.211 4482.711 4479.21 4475.378 4470.996 4466.614 4462.232 4457.85 4453.215 4448.532 4443.849 4439.167
4512.367 4513.046 4513.725 4514.404 4514.627 4513.648 4512.669 4511.69 4510.711 4508.682 4506.281 4503.879 4501.479 4498.466 4493.05 4487.634 4482.218 4476.802 4470.115 4462.792 4455.469 4448.146 4440.928 4434.412 4427.896 4421.381 4414.865 4410.921 4408.733 4406.545 4404.357 4402.505 4406.114 4409.724 4413.333 4416.943 4423.43 4432.554 4441.679 4450.803 4459.928 4466.956 4473.953 4480.95 4487.946 4492.112 4492.808 4493.503 4494.198 4494.893 4491.748 4488.237 4484.726 4481.214 4477.282 4472.653 4468.024 4463.395 4458.766 4454.011 4449.231 4444.452 4439.672
4514.56 4515.029 4515.499 4515.969 4515.976 4514.766 4513.557 4512.347 4511.137 4509.035 4506.618 4504.201 4501.784 4498.845 4493.859 4488.873 4483.886 4478.9 4472.542 4465.498 4458.454 4451.41 4444.401 4437.622 4430.843 4424.064 4417.286 4413.082 4410.636 4408.19 4405.744 4403.681 4407.827 4411.973 4416.12 4420.266 4427.083 4436.347 4445.611 4454.875 4464.139 4470.915 4477.654 4484.394 4491.133 4495.058 4495.533 4496.008 4496.483 4496.958 4493.784 4490.262 4486.74 4483.218 4479.186 4474.31 4469.434 4464.558 4459.682 4454.806 4449.93 4445.054 4440.178
4517.342 4517.518 4517.693 4517.869 4517.603 4516.176 4514.749 4513.322 4511.895 4509.68 4507.186 4504.693 4502.199 4499.251 4494.516 4489.78 4485.045 4480.31 4474.184 4467.361 4460.539 4453.716 4446.906 4440.174 4433.442 4426.71 4419.979 4415.826 4413.436 4411.045 4408.654 4406.661 4411.133 4415.605 4420.077 4424.549 4431.431 4440.522 4449.613 4458.704 4467.795 4474.252 4480.671 4487.089 4493.507 4497.204 4497.563 4497.922 4498.282 4498.641 4495.489 4492.003 4488.517 4485.031 4480.945 4475.866 4470.787 4465.708 4460.628 4455.445 4450.242 4445.039 4439.835
4520.69 4520.49 4520.29 4520.089 4519.495 4517.864 4516.233 4514.602 4512.971 4510.604 4507.976 4505.348 4502.72 4499.681 4495.027 4490.372 4485.717 4481.063 4475.074 4468.418 4461.762 4455.106 4448.485 4442.097 4435.709 4429.32 4422.932 4419.13 4417.093 4415.057 4413.021 4411.369 4415.964 4420.56 4425.155 4429.751 4436.445 4445.064 4453.682 4462.301 4470.919 4476.994 4483.031 4489.068 4495.106 4498.585 4498.928 4499.271 4499.614 4499.958 4496.878 4493.472 4490.067 4486.662 4482.564 4477.325 4472.084 4466.844 4461.604 4455.935 4450.184 4444.433 4438.682
4524.039 4523.462 4522.886 4522.31 4521.387 4519.552 4517.717 4515.882 4514.047 4511.527 4508.765 4506.003 4503.241 4500.112 4495.538 4490.963 4486.389 4481.815 4475.964 4469.475 4462.985 4456.496 4450.064 4444.02 4437.975 4431.931 4425.886 4422.434 4420.751 4419.069 4417.387 4416.076 4420.795 4425.514 4430.233 4434.953 4441.459 4449.605 4457.751 4465.897 4474.043 4479.736 4485.392 4491.048 4496.704 4499.966 4500.293 4500.62 4500.947 4501.274 4498.267 4494.941 4491.617 4488.292 4484.185 4478.783 4473.382 4467.981 4462.58 4456.424 4450.126 4443.827 4437.529
4527.387 4526.435 4525.483 4524.531 4523.279 4521.24 4519.201 4517.162 4515.123 4512.451 4509.555 4506.659 4503.762 4500.542 4496.048 4491.555 4487.062 4482.568 4476.854 4470.532 4464.208 4457.885 4451.644 4445.942 4440.242 4434.541 4428.84 4425.737 4424.41 4423.082 4421.754 4420.784 4425.626 4430.469 4435.312 4440.154 4446.474 4454.147 4461.821 4469.494 4477.168 4482.478 4487.752 4493.027 4498.302 4501.347 4501.658 4501.969 4502.28 4502.59 4499.655 4496.411 4493.167 4489.922 4485.804 4480.242 4474.68 4469.118 4463.555 4456.914 4450.068 4443.222 4436.375
