data/zism_data/01044_01_D.txt
ncols         224
nrows         224
[rows 32 to 63 of 224, columns 142 to 212 of 224]
1350.0 1350.0 1350.0 1350.0 1350.0 1350.0 1350.0 1350.0 1350.0 1350.0 1350.0 1350.0 1350.0 1350.0 1350.0 1350.0 1350.0 1350.0 1350.0 1350.0 1350.0 1350.0 1350.0 1350.0 1350.0 1350.0 1350.123 1350.25 1350.376 1350.503 1350.59 1350.627 1350.663 1350.699 1350.735 1350.69 1350.636 1350.581 1350.527 1350.466 1350.394 1350.322 1350.249 1350.177 1350.134 1350.098 1350.062 1350.026 1350.0 1350.0 1350.0 1350.0 1350.0 1350.0 1350.0 1350.0 1350.0 1350.0 1350.0 1350.0 1350.0 1350.0 1350.0 1350.0 1350.0 1350.0 1350.0 1350.0 1350.0 1350.0 1350.0
1350.0 1350.0 1350.0 1350.0 1350.0 1350.0 1350.0 1350.0 1350.0 1350.0 1350.0 1350.0 1350.0 1350.0 1350.0 1350.0 1350.0 1350.0 1350.0 1350.0 1350.0 1350.0 1350.0 1350.0 1350.0 1350.0 1350.196 1350.398 1350.6 1350.802 1350.942 1350.999 1351.057 1351.115 1351.172 1351.1 1351.014 1350.927 1350.841 1350.744 1350.628 1350.513 1350.397 1350.282 1350.214 1350.156 1350.099 1350.041 1350.0 1350.0 1350.0 1350.0 1350.0 1350.0 1350.0 1350.0 1350.0 1350.0 1350.0 1350.0 1350.0 1350.0 1350.0 1350.0 1350.0 1350.0 1350.0 1350.0 1350.0 1350.0 1350.0
1350.0 1350.0 1350.0 1350.0 1350.0 1350.0 1350.0 1350.0 1350.0 1350.0 1350.0 1350.0 1350.0 1350.0 1350.0 1350.0 1350.0 1350.0 1350.0 1350.0 1350.0 1350.0 1350.0 1350.0 1350.0 1350.0 1350.269 1350.547 1350.824 1351.101 1351.293 1351.372 1351.451 1351.53 1351.61 1351.511 1351.392 1351.273 1351.154 1351.021 1350.863 1350.704 1350.546 1350.387 1350.294 1350.215 1350.135 1350.056 1350.0 1350.0 1350.0 1350.0 1350.0 1350.0 1350.0 1350.0 1350.0 1350.0 1350.0 1350.0 1350.0 1350.0 1350.0 1350.0 1350.0 1350.0 1350.0 1350.0 1350.0 1350.0 1350.0
1350.0 1350.0 1350.0 1350.0 1350.0 1350.0 1350.0 1350.0 1350.002 1350.003 1350.004 1350.006 1350.007 1350.009 1350.01 1350.011 1350.013 1350.012 1350.011 1350.011 1350.01 1350.013 1350.019 1350.025 1350.032 1350.038 1350.386 1350.745 1351.103 1351.461 1351.709 1351.812 1351.916 1352.02 1352.123 1351.99 1351.831 1351.671 1351.511 1351.338 1351.139 1350.94 1350.741 1350.543 1350.416 1350.304 1350.192 1350.08 1350.0 1350.0 1350.0 1350.0 1350.0 1350.0 1350.0 1350.0 1350.0 1350.0 1350.0 1350.0 1350.0 1350.0 1350.0 1350.0 1350.0 1350.0 1350.0 1350.0 1350.0 1350.0 1350.0
1350.0 1350.0 1350.0 1350.0 1350.0 1350.0 1350.0 1350.001 1350.014 1350.026 1350.038 1350.05 1350.062 1350.074 1350.087 1350.099 1350.11 1350.104 1350.098 1350.092 1350.086 1350.111 1350.165 1350.22 1350.275 1350.33 1350.794 1351.271 1351.748 1352.224 1352.558 1352.704 1352.851 1352.998 1353.144 1352.929 1352.672 1352.416 1352.159 1351.916 1351.696 1351.475 1351.255 1351.035 1350.815 1350.595 1350.376 1350.156 1350.0 1350.0 1350.0 1350.0 1350.0 1350.0 1350.0 1350.0 1350.0 1350.0 1350.0 1350.0 1350.0 1350.0 1350.0 1350.0 1350.0 1350.0 1350.0 1350.0 1350.0 1350.0 1350.0
1350.0 1350.0 1350.0 1350.0 1350.0 1350.0 1350.0 1350.003 1350.026 1350.049 1350.072 1350.094 1350.117 1350.14 1350.163 1350.186 1350.208 1350.196 1350.185 1350.173 1350.162 1350.208 1350.312 1350.415 1350.518 1350.621 1351.202 1351.797 1352.393 1352.988 1353.407 1353.596 1353.786 1353.976 1354.165 1353.867 1353.514 1353.16 1352.807 1352.494 1352.252 1352.01 1351.769 1351.527 1351.214 1350.887 1350.56 1350.232 1350.0 1350.0 1350.0 1350.0 1350.0 1350.0 1350.0 1350.0 1350.0 1350.0 1350.0 1350.0 1350.0 1350.0 1350.0 1350.0 1350.0 1350.0 1350.0 1350.0 1350.0 1350.0 1350.0
1350.0 1350.0 1350.0 1350.0 1350.0 1350.0 1350.0 1350.004 1350.038 1350.071 1350.105 1350.139 1350.172 1350.206 1350.24 1350.274 1350.305 1350.288 1350.271 1350.255 1350.238 1350.306 1350.458 1350.61 1350.761 1350.913 1351.61 1352.324 1353.037 1353.751 1354.255 1354.488 1354.721 1354.954 1355.187 1354.806 1354.355 1353.905 1353.455 1353.072 1352.809 1352.546 1352.282 1352.019 1351.614 1351.179 1350.744 1350.309 1350.0 1350.0 1350.0 1350.0 1350.0 1350.0 1350.0 1350.0 1350.0 1350.0 1350.0 1350.0 1350.0 1350.0 1350.0 1350.0 1350.0 1350.0 1350.0 1350.0 1350.0 1350.0 1350.0
1350.0 1350.0 1350.0 1350.0 1350.0 1350.0 1350.0 1350.005 1350.05 1350.094 1350.139 1350.183 1350.228 1350.272 1350.316 1350.361 1350.402 1350.38 1350.358 1350.336 1350.314 1350.404 1350.604 1350.804 1351.004 1351.205 1352.018 1352.85 1353.682 1354.514 1355.104 1355.38 1355.656 1355.932 1356.208 1355.744 1355.197 1354.65 1354.103 1353.651 1353.366 1353.081 1352.796 1352.511 1352.013 1351.471 1350.928 1350.385 1350.0 1350.0 1350.0 1350.0 1350.0 1350.0 1350.0 1350.0 1350.0 1350.0 1350.0 1350.0 1350.0 1350.0 1350.0 1350.0 1350.0 1350.0 1350.0 1350.0 1350.0 1350.0 1350.0
1350.0 1350.0 1350.0 1350.0 1350.0 1350.0 1350.0 1350.005 1350.048 1350.09 1350.133 1350.176 1350.246 1350.335 1350.425 1350.515 1350.602 1350.646 1350.69 1350.734 1350.779 1350.917 1351.147 1351.377 1351.607 1351.836 1352.699 1353.581 1354.463 1355.344 1355.95 1356.198 1356.445 1356.692 1356.939 1356.444 1355.866 1355.287 1354.709 1354.216 1353.875 1353.535 1353.194 1352.853 1352.308 1351.721 1351.133 1350.545 1350.119 1350.091 1350.063 1350.035 1350.007 1350.0 1350.0 1350.0 1350.0 1350.0 1350.0 1350.0 1350.0 1350.0 1350.0 1350.0 1350.0 1350.0 1350.0 1350.0 1350.0 1350.0 1350.0
1350.0 1350.0 1350.0 1350.0 1350.0 1350.0 1350.0 1350.004 1350.036 1350.068 1350.1 1350.132 1350.238 1350.397 1350.557 1350.716 1350.876 1351.038 1351.201 1351.364 1351.526 1351.731 1351.977 1352.223 1352.469 1352.715 1353.578 1354.46 1355.342 1356.224 1356.794 1356.961 1357.127 1357.293 1357.46 1356.971 1356.409 1355.847 1355.284 1354.773 1354.352 1353.93 1353.509 1353.087 1352.528 1351.94 1351.353 1350.765 1350.325 1350.248 1350.172 1350.095 1350.019 1350.0 1350.0 1350.0 1350.0 1350.0 1350.0 1350.0 1350.0 1350.0 1350.0 1350.0 1350.0 1350.0 1350.0 1350.0 1350.0 1350.0 1350.0
1350.0 1350.0 1350.0 1350.0 1350.0 1350.0 1350.0 1350.002 1350.024 1350.045 1350.066 1350.087 1350.229 1350.459 1350.688 1350.918 1351.15 1351.431 1351.711 1351.992 1352.273 1352.545 1352.807 1353.069 1353.331 1353.593 1354.457 1355.339 1356.221 1357.102 1357.638 1357.724 1357.809 1357.895 1357.981 1357.499 1356.952 1356.406 1355.86 1355.33 1354.828 1354.325 1353.823 1353.321 1352.748 1352.16 1351.572 1350.984 1350.531 1350.406 1350.281 1350.156 1350.031 1350.0 1350.0 1350.0 1350.0 1350.0 1350.0 1350.0 1350.0 1350.0 1350.0 1350.0 1350.0 1350.0 1350.0 1350.0 1350.0 1350.0 1350.0
1350.0 1350.0 1350.0 1350.0 1350.0 1350.0 1350.0 1350.001 1350.012 1350.022 1350.033 1350.043 1350.221 1350.521 1350.82 1351.119 1351.423 1351.823 1352.222 1352.621 1353.021 1353.359 1353.637 1353.915 1354.194 1354.472 1355.336 1356.218 1357.1 1357.981 1358.482 1358.487 1358.492 1358.497 1358.502 1358.026 1357.496 1356.966 1356.436 1355.886 1355.303 1354.721 1354.138 1353.555 1352.968 1352.38 1351.792 1351.204 1350.736 1350.563 1350.39 1350.216 1350.043 1350.0 1350.0 1350.0 1350.0 1350.0 1350.0 1350.0 1350.0 1350.0 1350.0 1350.0 1350.0 1350.0 1350.0 1350.0 1350.0 1350.0 1350.0
1350.0 1350.0 1350.0 1350.0 1350.0 1350.0 1350.0 1350.0 1350.0 1350.0 1350.0 1350.0 1350.213 1350.581 1350.949 1351.316 1351.691 1352.208 1352.726 1353.244 1353.762 1354.168 1354.466 1354.764 1355.062 1355.36 1356.224 1357.104 1357.985 1358.865 1359.33 1359.254 1359.177 1359.101 1359.025 1358.552 1358.034 1357.516 1356.998 1356.428 1355.765 1355.103 1354.44 1353.778 1353.177 1352.589 1352.001 1351.413 1350.932 1350.713 1350.493 1350.274 1350.054 1350.0 1350.0 1350.0 1350.0 1350.0 1350.0 1350.0 1350.0 1350.0 1350.0 1350.0 1350.0 1350.0 1350.0 1350.0 1350.0 1350.0 1350.0
1350.0 1350.0 1350.0 1350.0 1350.0 1350.0 1350.0 1350.0 1350.0 1350.0 1350.0 1350.0 1350.219 1350.598 1350.976 1351.355 1351.745 1352.381 1353.017 1353.653 1354.289 1354.825 1355.263 1355.701 1356.139 1356.577 1357.403 1358.24 1359.078 1359.915 1360.313 1360.14 1359.967 1359.794 1359.62 1359.031 1358.395 1357.759 1357.123 1356.461 1355.756 1355.05 1354.344 1353.639 1353.03 1352.443 1351.855 1351.267 1350.795 1350.608 1350.421 1350.233 1350.046 1350.0 1350.0 1350.0 1350.0 1350.0 1350.0 1350.0 1350.0 1350.0 1350.0 1350.0 1350.0 1350.0 1350.0 1350.0 1350.0 1350.0 1350.0
1350.0 1350.0 1350.0 1350.0 1350.0 1350.0 1350.0 1350.0 1350.0 1350.0 1350.0 1350.0 1350.226 1350.615 1351.004 1351.393 1351.798 1352.553 1353.308 1354.062 1354.817 1355.482 1356.06 1356.638 1357.216 1357.794 1358.582 1359.376 1360.171 1360.965 1361.297 1361.026 1360.756 1360.486 1360.216 1359.511 1358.756 1358.002 1357.247 1356.494 1355.746 1354.997 1354.248 1353.5 1352.884 1352.296 1351.708 1351.12 1350.658 1350.503 1350.348 1350.193 1350.038 1350.0 1350.0 1350.0 1350.0 1350.0 1350.0 1350.0 1350.0 1350.0 1350.0 1350.0 1350.0 1350.0 1350.0 1350.0 1350.0 1350.0 1350.0
1350.0 1350.0 1350.0 1350.0 1350.0 1350.0 1350.0 1350.0 1350.0 1350.0 1350.0 1350.0 1350.232 1350.632 1351.032 1351.432 1351.852 1352.725 1353.599 1354.472 1355.345 1356.139 1356.857 1357.575 1358.292 1359.01 1359.761 1360.512 1361.263 1362.015 1362.28 1361.913 1361.546 1361.179 1360.812 1359.99 1359.117 1358.244 1357.371 1356.528 1355.736 1354.944 1354.152 1353.361 1352.737 1352.149 1351.562 1350.974 1350.521 1350.398 1350.276 1350.153 1350.03 1350.0 1350.0 1350.0 1350.0 1350.0 1350.0 1350.0 1350.0 1350.0 1350.0 1350.0 1350.0 1350.0 1350.0 1350.0 1350.0 1350.0 1350.0
1350.0 1350.0 1350.0 1350.0 1350.0 1350.0 1350.0 1350.0 1350.0 1350.0 1350.0 1350.0 1350.238 1350.649 1351.06 1351.47 1351.906 1352.898 1353.889 1354.881 1355.872 1356.796 1357.654 1358.511 1359.369 1360.227 1360.94 1361.648 1362.356 1363.065 1363.263 1362.799 1362.336 1361.872 1361.408 1360.47 1359.479 1358.487 1357.496 1356.561 1355.726 1354.891 1354.056 1353.222 1352.591 1352.003 1351.415 1350.827 1350.384 1350.293 1350.203 1350.113 1350.022 1350.0 1350.0 1350.0 1350.0 1350.0 1350.0 1350.0 1350.0 1350.0 1350.0 1350.0 1350.0 1350.0 1350.0 1350.0 1350.0 1350.0 1350.0
1350.0 1350.0 1350.0 1350.0 1350.0 1350.0 1350.0 1350.0 1350.0 1350.0 1350.0 1350.0 1350.228 1350.621 1351.014 1351.408 1351.832 1352.939 1354.047 1355.154 1356.261 1357.332 1358.369 1359.405 1360.441 1361.478 1362.179 1362.87 1363.561 1364.252 1364.377 1363.767 1363.158 1362.548 1361.939 1360.847 1359.701 1358.555 1357.409 1356.369 1355.514 1354.66 1353.805 1352.95 1352.346 1351.794 1351.242 1350.69 1350.279 1350.214 1350.148 1350.082 1350.016 1350.0 1350.0 1350.0 1350.0 1350.0 1350.0 1350.0 1350.0 1350.0 1350.0 1350.0 1350.0 1350.0 1350.0 1350.0 1350.0 1350.0 1350.0
1350.0 1350.0 1350.0 1350.0 1350.0 1350.0 1350.0 1350.0 1350.0 1350.0 1350.0 1350.0 1350.2 1350.545 1350.889 1351.234 1351.617 1352.837 1354.058 1355.278 1356.498 1357.737 1358.994 1360.251 1361.508 1362.765 1363.483 1364.185 1364.887 1365.589 1365.634 1364.825 1364.016 1363.207 1362.398 1361.113 1359.773 1358.433 1357.093 1355.931 1355.082 1354.233 1353.383 1352.534 1351.993 1351.516 1351.04 1350.563 1350.211 1350.161 1350.111 1350.062 1350.012 1350.0 1350.0 1350.0 1350.0 1350.0 1350.0 1350.0 1350.0 1350.0 1350.0 1350.0 1350.0 1350.0 1350.0 1350.0 1350.0 1350.0 1350.0
1350.0 1350.0 1350.0 1350.0 1350.0 1350.0 1350.0 1350.0 1350.0 1350.0 1350.0 1350.0 1350.172 1350.468 1350.764 1351.061 1351.402 1352.736 1354.069 1355.402 1356.736 1358.142 1359.62 1361.098 1362.575 1364.053 1364.788 1365.5 1366.213 1366.925 1366.89 1365.882 1364.874 1363.866 1362.858 1361.378 1359.844 1358.311 1356.777 1355.494 1354.65 1353.806 1352.962 1352.118 1351.64 1351.239 1350.838 1350.437 1350.142 1350.109 1350.075 1350.042 1350.008 1350.0 1350.0 1350.0 1350.0 1350.0 1350.0 1350.0 1350.0 1350.0 1350.0 1350.0 1350.0 1350.0 1350.0 1350.0 1350.0 1350.0 1350.0
1350.0 1350.0 1350.0 1350.0 1350.0 1350.0 1350.0 1350.0 1350.0 1350.0 1350.0 1350.0 1350.144 1350.392 1350.64 1350.887 1351.187 1352.634 1354.08 1355.527 1356.973 1358.547 1360.246 1361.944 1363.642 1365.341 1366.092 1366.816 1367.539 1368.262 1368.146 1366.939 1365.732 1364.525 1363.318 1361.643 1359.916 1358.189 1356.462 1355.056 1354.218 1353.379 1352.541 1351.702 1351.287 1350.961 1350.636 1350.31 1350.073 1350.056 1350.039 1350.022 1350.004 1350.0 1350.0 1350.0 1350.0 1350.0 1350.0 1350.0 1350.0 1350.0 1350.0 1350.0 1350.0 1350.0 1350.0 1350.0 1350.0 1350.0 1350.0
1350.0 1350.0 1350.0 1350.0 1350.0 1350.0 1350.0 1350.0 1350.0 1350.0 1350.0 1350.0 1350.116 1350.315 1350.515 1350.714 1350.973 1352.532 1354.091 1355.651 1357.21 1358.952 1360.871 1362.79 1364.709 1366.629 1367.397 1368.131 1368.865 1369.599 1369.403 1367.996 1366.59 1365.184 1363.778 1361.909 1359.988 1358.067 1356.146 1354.619 1353.786 1352.952 1352.119 1351.286 1350.934 1350.684 1350.433 1350.183 1350.005 1350.004 1350.003 1350.001 1350.0 1350.0 1350.0 1350.0 1350.0 1350.0 1350.0 1350.0 1350.0 1350.0 1350.0 1350.0 1350.0 1350.0 1350.0 1350.0 1350.0 1350.0 1350.0
1350.0 1350.0 1350.0 1350.0 1350.0 1350.0 1350.0 1350.0 1350.0 1350.0 1350.0 1350.0 1350.108 1350.294 1350.48 1350.666 1350.912 1352.49 1354.067 1355.645 1357.223 1359.093 1361.248 1363.402 1365.557 1367.712 1368.531 1369.311 1370.091 1370.871 1370.644 1369.108 1367.573 1366.037 1364.502 1362.477 1360.397 1358.318 1356.238 1354.59 1353.702 1352.814 1351.927 1351.039 1350.724 1350.529 1350.333 1350.139 1350.0 1350.0 1350.0 1350.0 1350.0 1350.0 1350.0 1350.0 1350.0 1350.0 1350.0 1350.0 1350.0 1350.0 1350.0 1350.0 1350.0 1350.0 1350.0 1350.0 1350.0 1350.0 1350.0
1350.0 1350.0 1350.0 1350.0 1350.0 1350.0 1350.0 1350.0 1350.0 1350.0 1350.0 1350.0 1350.102 1350.277 1350.452 1350.627 1350.864 1352.452 1354.041 1355.629 1357.217 1359.213 1361.605 1363.996 1366.388 1368.779 1369.653 1370.481 1371.309 1372.137 1371.884 1370.225 1368.566 1366.906 1365.247 1363.069 1360.834 1358.598 1356.362 1354.593 1353.646 1352.699 1351.752 1350.805 1350.524 1350.383 1350.241 1350.1 1350.0 1350.0 1350.0 1350.0 1350.0 1350.0 1350.0 1350.0 1350.0 1350.0 1350.0 1350.0 1350.0 1350.0 1350.0 1350.0 1350.0 1350.0 1350.0 1350.0 1350.0 1350.0 1350.0
1350.0 1350.0 1350.0 1350.0 1350.0 1350.0 1350.0 1350.0 1350.0 1350.0 1350.0 1350.0 1350.095 1350.26 1350.424 1350.589 1350.815 1352.415 1354.014 1355.613 1357.212 1359.333 1361.962 1364.59 1367.218 1369.847 1370.774 1371.651 1372.527 1373.404 1373.124 1371.341 1369.558 1367.775 1365.992 1363.662 1361.27 1358.878 1356.486 1354.596 1353.59 1352.583 1351.577 1350.571 1350.324 1350.237 1350.149 1350.062 1350.0 1350.0 1350.0 1350.0 1350.0 1350.0 1350.0 1350.0 1350.0 1350.0 1350.0 1350.0 1350.0 1350.0 1350.0 1350.0 1350.0 1350.0 1350.0 1350.0 1350.0 1350.0 1350.0
1350.0 1350.0 1350.0 1350.0 1350.0 1350.0 1350.0 1350.0 1350.0 1350.0 1350.0 1350.0 1350.089 1350.243 1350.396 1350.55 1350.767 1352.377 1353.987 1355.597 1357.207 1359.453 1362.319 1365.184 1368.049 1370.914 1371.896 1372.821 1373.746 1374.671 1374.365 1372.458 1370.551 1368.644 1366.737 1364.254 1361.706 1359.158 1356.61 1354.599 1353.533 1352.468 1351.403 1350.337 1350.124 1350.091 1350.057 1350.024 1350.0 1350.0 1350.0 1350.0 1350.0 1350.0 1350.0 1350.0 1350.0 1350.0 1350.0 1350.0 1350.0 1350.0 1350.0 1350.0 1350.0 1350.0 1350.0 1350.0 1350.0 1350.0 1350.0
1350.0 1350.0 1350.0 1350.0 1350.0 1350.0 1350.0 1350.0 1350.0 1350.0 1350.0 1350.0 1350.079 1350.216 1350.353 1350.49 1350.688 1352.248 1353.808 1355.368 1356.928 1359.203 1362.173 1365.143 1368.114 1371.084 1372.133 1373.125 1374.116 1375.108 1374.814 1372.848 1370.883 1368.917 1366.951 1364.437 1361.86 1359.284 1356.707 1354.664 1353.56 1352.456 1351.351 1350.247 1350.045 1350.033 1350.021 1350.009 1350.0 1350.0 1350.0 1350.0 1350.0 1350.0 1350.0 1350.0 1350.0 1350.0 1350.0 1350.0 1350.0 1350.0 1350.0 1350.0 1350.0 1350.0 1350.0 1350.0 1350.0 1350.0 1350.0
1350.0 1350.0 1350.0 1350.0 1350.0 1350.0 1350.0 1350.0 1350.0 1350.0 1350.0 1350.0 1350.064 1350.174 1350.284 1350.393 1350.56 1351.969 1353.378 1354.787 1356.196 1358.34 1361.197 1364.054 1366.911 1369.769 1370.909 1371.997 1373.086 1374.175 1373.956 1372.039 1370.122 1368.204 1366.287 1363.942 1361.548 1359.155 1356.761 1354.833 1353.724 1352.614 1351.504 1350.395 1350.165 1350.12 1350.076 1350.032 1350.0 1350.0 1350.0 1350.0 1350.0 1350.0 1350.0 1350.0 1350.0 1350.0 1350.0 1350.0 1350.0 1350.0 1350.0 1350.0 1350.0 1350.0 1350.0 1350.0 1350.0 1350.0 1350.0
1350.0 1350.0 1350.0 1350.0 1350.0 1350.0 1350.0 1350.0 1350.0 1350.0 1350.0 1350.0 1350.048 1350.131 1350.214 1350.297 1350.431 1351.69 1352.948 1354.206 1355.465 1357.477 1360.221 1362.965 1365.709 1368.454 1369.684 1370.87 1372.055 1373.241 1373.098 1371.229 1369.361 1367.492 1365.623 1363.447 1361.237 1359.026 1356.816 1355.002 1353.887 1352.772 1351.657 1350.542 1350.285 1350.208 1350.131 1350.055 1350.0 1350.0 1350.0 1350.0 1350.0 1350.0 1350.0 1350.0 1350.0 1350.0 1350.0 1350.0 1350.0 1350.0 1350.0 1350.0 1350.0 1350.0 1350.0 1350.0 1350.0 1350.0 1350.0
1350.0 1350.0 1350.0 1350.0 1350.0 1350.0 1350.0 1350.0 1350.0 1350.0 1350.0 1350.0 1350.032 1350.089 1350.145 1350.201 1350.303 1351.41 1352.518 1353.626 1354.734 1356.614 1359.245 1361.876 1364.507 1367.139 1368.46 1369.742 1371.025 1372.307 1372.24 1370.42 1368.6 1366.779 1364.959 1362.952 1360.925 1358.897 1356.87 1355.171 1354.051 1352.93 1351.81 1350.69 1350.405 1350.296 1350.187 1350.078 1350.0 1350.0 1350.0 1350.0 1350.0 1350.0 1350.0 1350.0 1350.0 1350.0 1350.0 1350.0 1350.0 1350.0 1350.0 1350.0 1350.0 1350.0 1350.0 1350.0 1350.0 1350.0 1350.0
1350.0 1350.0 1350.0 1350.0 1350.0 1350.0 1350.0 1350.0 1350.0 1350.0 1350.0 1350.0 1350.017 1350.046 1350.075 1350.104 1350.174 1351.131 1352.088 1353.045 1354.002 1355.751 1358.269 1360.787 1363.305 1365.823 1367.236 1368.615 1369.994 1371.374 1371.383 1369.611 1367.839 1366.067 1364.295 1362.457 1360.613 1358.769 1356.924 1355.34 1354.214 1353.089 1351.963 1350.837 1350.525 1350.383 1350.242 1350.1 1350.0 1350.0 1350.0 1350.0 1350.0 1350.0 1350.0 1350.0 1350.0 1350.0 1350.0 1350.0 1350.0 1350.0 1350.0 1350.0 1350.0 1350.0 1350.0 1350.0 1350.0 1350.0 1350.0
1350.0 1350.0 1350.0 1350.0 1350.0 1350.0 1350.0 1350.0 1350.0 1350.0 1350.0 1350.0 1350.012 1350.032 1350.052 1350.072 1350.124 1350.886 1351.648 1352.41 1353.171 1354.652 1356.83 1359.008 1361.187 1363.365 1364.698 1366.005 1367.312 1368.619 1368.699 1367.185 1365.67 1364.156 1362.641 1361.002 1359.35 1357.697 1356.045 1354.636 1353.656 1352.676 1351.696 1350.716 1350.446 1350.326 1350.206 1350.085 1350.0 1350.0 1350.0 1350.0 1350.0 1350.0 1350.0 1350.0 1350.0 1350.0 1350.0 1350.0 1350.0 1350.0 1350.0 1350.0 1350.0 1350.0 1350.0 1350.0 1350.0 1350.0 1350.0
