data/zism_data/01048_02_D.txt
ncols         224
nrows         224
[rows 84 to 111 of 224, columns 0 to 62 of 224]
4512.949 4513.938 4514.933 4515.928 4516.922 4517.909 4518.85 4519.791 4520.732 4521.673 4522.693 4523.772 4524.851 4525.929 4527.008 4528.102 4529.196 4530.291 4531.385 4532.47 4533.542 4534.614 4535.686 4536.758 4537.779 4538.792 4539.805 4540.818 4541.788 4542.656 4543.524 4544.392 4545.26 4545.916 4546.493 4547.069 4547.646 4548.261 4549.072 4549.884 4550.695 4551.506 4552.328 4553.156 4553.985 4554.814 4555.64 4556.325 4557.011 4557.696 4558.381 4558.862 4559.095 4559.329 4559.563 4559.796 4559.784 4559.74 4559.696 4559.651 4559.502 4559.123 4558.743
4512.714 4513.682 4514.66 4515.639 4516.618 4517.592 4518.538 4519.484 4520.43 4521.376 4522.437 4523.58 4524.722 4525.865 4527.008 4528.102 4529.196 4530.291 4531.385 4532.477 4533.565 4534.653 4535.741 4536.829 4537.903 4538.976 4540.047 4541.12 4542.132 4543.005 4543.879 4544.752 4545.625 4546.248 4546.776 4547.305 4547.834 4548.418 4549.294 4550.169 4551.045 4551.92 4552.778 4553.623 4554.468 4555.313 4556.155 4556.873 4557.59 4558.307 4559.024 4559.518 4559.741 4559.964 4560.187 4560.41 4560.425 4560.413 4560.401 4560.389 4560.265 4559.896 4559.527
4512.369 4513.337 4514.327 4515.316 4516.305 4517.292 4518.26 4519.229 4520.197 4521.165 4522.26 4523.447 4524.634 4525.821 4527.008 4528.102 4529.196 4530.291 4531.385 4532.479 4533.573 4534.668 4535.762 4536.856 4537.951 4539.045 4540.139 4541.233 4542.268 4543.164 4544.059 4544.954 4545.85 4546.486 4547.027 4547.568 4548.108 4548.708 4549.614 4550.521 4551.427 4552.333 4553.215 4554.08 4554.944 4555.809 4556.67 4557.399 4558.129 4558.858 4559.588 4560.109 4560.378 4560.646 4560.916 4561.185 4561.216 4561.216 4561.216 4561.216 4561.102 4560.737 4560.372
4511.955 4512.94 4513.956 4514.972 4515.989 4517.002 4518.003 4519.003 4520.004 4521.004 4522.131 4523.351 4524.57 4525.79 4527.008 4528.102 4529.196 4530.291 4531.385 4532.479 4533.573 4534.668 4535.762 4536.856 4537.951 4539.045 4540.139 4541.233 4542.278 4543.205 4544.133 4545.061 4545.988 4546.668 4547.257 4547.846 4548.436 4549.077 4549.994 4550.911 4551.829 4552.746 4553.644 4554.53 4555.416 4556.302 4557.184 4557.914 4558.643 4559.373 4560.102 4560.66 4561.009 4561.358 4561.708 4562.057 4562.098 4562.098 4562.098 4562.098 4561.983 4561.619 4561.254
4511.542 4512.543 4513.586 4514.629 4515.672 4516.713 4517.746 4518.778 4519.811 4520.844 4522.003 4523.254 4524.506 4525.757 4527.008 4528.102 4529.196 4530.291 4531.385 4532.479 4533.573 4534.668 4535.762 4536.856 4537.951 4539.045 4540.139 4541.233 4542.287 4543.247 4544.207 4545.167 4546.126 4546.851 4547.488 4548.125 4548.762 4549.446 4550.374 4551.302 4552.229 4553.158 4554.073 4554.98 4555.888 4556.795 4557.699 4558.428 4559.158 4559.887 4560.617 4561.21 4561.64 4562.07 4562.5 4562.929 4562.979 4562.979 4562.979 4562.979 4562.865 4562.5 4562.136
4511.128 4512.146 4513.215 4514.285 4515.355 4516.424 4517.489 4518.554 4519.619 4520.683 4521.875 4523.158 4524.442 4525.726 4527.008 4528.102 4529.196 4530.291 4531.385 4532.479 4533.573 4534.668 4535.762 4536.856 4537.951 4539.045 4540.139 4541.233 4542.297 4543.289 4544.281 4545.272 4546.265 4547.033 4547.718 4548.404 4549.089 4549.815 4550.754 4551.692 4552.631 4553.57 4554.502 4555.431 4556.36 4557.289 4558.213 4558.942 4559.672 4560.401 4561.131 4561.761 4562.271 4562.782 4563.292 4563.802 4563.861 4563.861 4563.861 4563.861 4563.747 4563.382 4563.018
4510.737 4511.772 4512.869 4513.966 4515.063 4516.16 4517.254 4518.348 4519.442 4520.537 4521.757 4523.07 4524.383 4525.696 4527.008 4528.105 4529.202 4530.299 4531.396 4532.492 4533.586 4534.681 4535.775 4536.869 4537.961 4539.054 4540.146 4541.239 4542.311 4543.333 4544.355 4545.378 4546.401 4547.216 4547.955 4548.693 4549.431 4550.203 4551.15 4552.097 4553.044 4553.991 4554.938 4555.885 4556.832 4557.779 4558.721 4559.453 4560.186 4560.918 4561.65 4562.318 4562.907 4563.496 4564.085 4564.674 4564.745 4564.746 4564.747 4564.749 4564.635 4564.271 4563.906
4510.576 4511.648 4512.777 4513.906 4515.036 4516.16 4517.254 4518.348 4519.442 4520.537 4521.757 4523.07 4524.383 4525.696 4527.008 4528.137 4529.267 4530.396 4531.525 4532.639 4533.733 4534.828 4535.922 4537.016 4538.09 4539.161 4540.232 4541.303 4542.364 4543.403 4544.441 4545.48 4546.519 4547.413 4548.253 4549.093 4549.934 4550.789 4551.719 4552.65 4553.581 4554.512 4555.443 4556.374 4557.305 4558.235 4559.163 4559.927 4560.691 4561.456 4562.22 4562.935 4563.588 4564.242 4564.895 4565.549 4565.641 4565.658 4565.675 4565.693 4565.59 4565.226 4564.861
4510.416 4511.524 4512.686 4513.847 4515.008 4516.16 4517.254 4518.348 4519.442 4520.537 4521.757 4523.07 4524.383 4525.696 4527.008 4528.17 4529.331 4530.493 4531.654 4532.786 4533.88 4534.974 4536.069 4537.163 4538.218 4539.268 4540.317 4541.367 4542.418 4543.473 4544.527 4545.583 4546.637 4547.61 4548.552 4549.494 4550.436 4551.374 4552.289 4553.203 4554.118 4555.033 4555.948 4556.862 4557.777 4558.692 4559.604 4560.401 4561.197 4561.994 4562.791 4563.552 4564.27 4564.987 4565.705 4566.423 4566.537 4566.57 4566.604 4566.637 4566.546 4566.181 4565.816
4510.255 4511.4 4512.594 4513.787 4514.981 4516.16 4517.254 4518.348 4519.442 4520.537 4521.757 4523.07 4524.383 4525.696 4527.009 4528.202 4529.396 4530.589 4531.783 4532.933 4534.027 4535.121 4536.215 4537.31 4538.347 4539.375 4540.403 4541.431 4542.472 4543.542 4544.614 4545.685 4546.755 4547.807 4548.851 4549.895 4550.938 4551.959 4552.857 4553.756 4554.655 4555.554 4556.453 4557.351 4558.25 4559.148 4560.046 4560.875 4561.703 4562.532 4563.361 4564.168 4564.951 4565.733 4566.515 4567.297 4567.433 4567.482 4567.532 4567.582 4567.501 4567.136 4566.771
4510.094 4511.276 4512.502 4513.728 4514.953 4516.16 4517.254 4518.348 4519.442 4520.537 4521.757 4523.07 4524.383 4525.696 4527.009 4528.234 4529.46 4530.686 4531.912 4533.08 4534.174 4535.268 4536.362 4537.457 4538.475 4539.481 4540.488 4541.495 4542.525 4543.612 4544.7 4545.787 4546.874 4548.003 4549.149 4550.295 4551.44 4552.544 4553.427 4554.31 4555.192 4556.075 4556.958 4557.84 4558.723 4559.605 4560.487 4561.348 4562.209 4563.07 4563.931 4564.786 4565.632 4566.479 4567.325 4568.171 4568.329 4568.394 4568.46 4568.526 4568.457 4568.092 4567.727
4509.771 4510.988 4512.243 4513.498 4514.753 4515.99 4517.123 4518.255 4519.388 4520.521 4521.771 4523.107 4524.444 4525.781 4527.117 4528.378 4529.639 4530.899 4532.16 4533.348 4534.442 4535.537 4536.631 4537.725 4538.735 4539.732 4540.729 4541.726 4542.75 4543.838 4544.927 4546.015 4547.104 4548.252 4549.423 4550.594 4551.765 4552.892 4553.794 4554.696 4555.598 4556.5 4557.397 4558.29 4559.183 4560.076 4560.969 4561.854 4562.738 4563.622 4564.506 4565.381 4566.245 4567.108 4567.972 4568.835 4569.037 4569.151 4569.266 4569.38 4569.354 4569.022 4568.69
4509.317 4510.566 4511.848 4513.13 4514.412 4515.682 4516.884 4518.086 4519.289 4520.491 4521.795 4523.175 4524.555 4525.934 4527.313 4528.612 4529.91 4531.208 4532.507 4533.716 4534.81 4535.904 4536.999 4538.093 4539.103 4540.099 4541.096 4542.093 4543.114 4544.192 4545.27 4546.347 4547.425 4548.543 4549.676 4550.81 4551.943 4553.047 4553.997 4554.948 4555.898 4556.848 4557.783 4558.708 4559.634 4560.559 4561.484 4562.384 4563.285 4564.185 4565.085 4565.959 4566.801 4567.644 4568.486 4569.328 4569.593 4569.783 4569.972 4570.162 4570.206 4569.932 4569.659
4508.862 4510.145 4511.454 4512.762 4514.07 4515.374 4516.646 4517.917 4519.189 4520.461 4521.82 4523.243 4524.665 4526.087 4527.509 4528.845 4530.181 4531.517 4532.853 4534.083 4535.177 4536.271 4537.366 4538.46 4539.47 4540.467 4541.464 4542.46 4543.479 4544.545 4545.612 4546.679 4547.746 4548.834 4549.93 4551.026 4552.122 4553.202 4554.2 4555.199 4556.197 4557.196 4558.17 4559.127 4560.085 4561.042 4561.999 4562.915 4563.832 4564.748 4565.665 4566.538 4567.358 4568.179 4569.0 4569.82 4570.149 4570.414 4570.678 4570.943 4571.057 4570.843 4570.628
4508.408 4509.723 4511.059 4512.394 4513.729 4515.065 4516.407 4517.749 4519.09 4520.432 4521.845 4523.31 4524.775 4526.241 4527.706 4529.079 4530.453 4531.826 4533.199 4534.451 4535.545 4536.639 4537.733 4538.828 4539.837 4540.834 4541.831 4542.828 4543.843 4544.899 4545.955 4547.011 4548.067 4549.125 4550.184 4551.242 4552.3 4553.356 4554.403 4555.45 4556.497 4557.543 4558.557 4559.546 4560.536 4561.525 4562.514 4563.446 4564.378 4565.311 4566.244 4567.116 4567.915 4568.714 4569.513 4570.313 4570.706 4571.045 4571.385 4571.724 4571.908 4571.753 4571.598
4507.958 4509.306 4510.668 4512.03 4513.393 4514.762 4516.172 4517.583 4518.993 4520.403 4521.87 4523.377 4524.885 4526.393 4527.9 4529.311 4530.722 4532.132 4533.543 4534.815 4535.91 4537.005 4538.1 4539.195 4540.205 4541.202 4542.199 4543.197 4544.208 4545.254 4546.3 4547.346 4548.392 4549.419 4550.441 4551.463 4552.484 4553.518 4554.612 4555.706 4556.8 4557.895 4558.946 4559.967 4560.988 4562.01 4563.029 4563.977 4564.925 4565.873 4566.82 4567.691 4568.471 4569.25 4570.029 4570.808 4571.265 4571.679 4572.094 4572.508 4572.762 4572.666 4572.569
4507.801 4509.186 4510.585 4511.985 4513.385 4514.786 4516.19 4517.595 4519.0 4520.405 4521.882 4523.411 4524.94 4526.47 4527.999 4529.42 4530.841 4532.262 4533.684 4534.983 4536.126 4537.27 4538.413 4539.556 4540.591 4541.61 4542.628 4543.647 4544.677 4545.733 4546.79 4547.847 4548.903 4549.946 4550.983 4552.021 4553.059 4554.105 4555.2 4556.294 4557.388 4558.482 4559.534 4560.555 4561.576 4562.598 4563.616 4564.516 4565.415 4566.314 4567.214 4568.09 4568.939 4569.788 4570.637 4571.485 4572.012 4572.496 4572.98 4573.464 4573.783 4573.74 4573.697
4507.645 4509.065 4510.503 4511.94 4513.377 4514.809 4516.209 4517.608 4519.008 4520.408 4521.894 4523.445 4524.996 4526.547 4528.097 4529.529 4530.96 4532.393 4533.825 4535.151 4536.343 4537.534 4538.726 4539.917 4540.977 4542.017 4543.057 4544.098 4545.146 4546.213 4547.28 4548.347 4549.415 4550.472 4551.526 4552.58 4553.633 4554.693 4555.788 4556.882 4557.976 4559.07 4560.122 4561.143 4562.164 4563.185 4564.203 4565.054 4565.905 4566.756 4567.607 4568.489 4569.408 4570.326 4571.245 4572.163 4572.76 4573.313 4573.867 4574.421 4574.804 4574.815 4574.826
4507.489 4508.945 4510.42 4511.895 4513.37 4514.833 4516.227 4517.621 4519.016 4520.41 4521.907 4523.479 4525.051 4526.624 4528.195 4529.638 4531.08 4532.523 4533.965 4535.319 4536.559 4537.799 4539.039 4540.278 4541.363 4542.425 4543.486 4544.548 4545.614 4546.692 4547.77 4548.848 4549.926 4550.998 4552.068 4553.138 4554.208 4555.281 4556.375 4557.47 4558.564 4559.658 4560.709 4561.73 4562.752 4563.773 4564.79 4565.592 4566.396 4567.198 4568.001 4568.888 4569.876 4570.865 4571.853 4572.841 4573.507 4574.13 4574.754 4575.377 4575.825 4575.89 4575.954
4507.333 4508.825 4510.337 4511.85 4513.362 4514.856 4516.246 4517.634 4519.023 4520.412 4521.919 4523.513 4525.106 4526.7 4528.293 4529.746 4531.2 4532.653 4534.106 4535.487 4536.775 4538.063 4539.351 4540.639 4541.749 4542.832 4543.915 4544.998 4546.083 4547.172 4548.26 4549.349 4550.438 4551.524 4552.61 4553.696 4554.782 4555.869 4556.963 4558.058 4559.152 4560.246 4561.297 4562.318 4563.34 4564.361 4565.376 4566.131 4566.886 4567.641 4568.395 4569.287 4570.345 4571.403 4572.461 4573.519 4574.254 4574.948 4575.641 4576.334 4576.847 4576.964 4577.083
4507.46 4509.0 4510.552 4512.104 4513.657 4515.183 4516.554 4517.924 4519.295 4520.666 4522.157 4523.736 4525.315 4526.895 4528.473 4529.921 4531.371 4532.819 4534.268 4535.666 4537.0 4538.333 4539.667 4541.0 4542.142 4543.254 4544.366 4545.479 4546.594 4547.716 4548.838 4549.961 4551.083 4552.196 4553.306 4554.416 4555.525 4556.633 4557.727 4558.821 4559.916 4561.01 4562.047 4563.045 4564.043 4565.042 4566.034 4566.779 4567.524 4568.269 4569.014 4569.912 4570.996 4572.08 4573.164 4574.248 4575.019 4575.749 4576.479 4577.208 4577.765 4577.944 4578.123
4507.896 4509.496 4511.091 4512.687 4514.282 4515.839 4517.178 4518.517 4519.855 4521.194 4522.64 4524.166 4525.691 4527.217 4528.742 4530.169 4531.597 4533.024 4534.451 4535.856 4537.233 4538.609 4539.986 4541.362 4542.542 4543.691 4544.841 4545.991 4547.15 4548.332 4549.513 4550.694 4551.876 4553.028 4554.17 4555.312 4556.454 4557.588 4558.682 4559.776 4560.871 4561.965 4562.974 4563.924 4564.874 4565.824 4566.77 4567.547 4568.324 4569.101 4569.878 4570.784 4571.847 4572.91 4573.972 4575.035 4575.803 4576.533 4577.262 4577.992 4578.57 4578.819 4579.068
4508.333 4509.992 4511.63 4513.268 4514.906 4516.496 4517.803 4519.109 4520.416 4521.722 4523.124 4524.596 4526.068 4527.54 4529.011 4530.417 4531.823 4533.229 4534.635 4536.046 4537.466 4538.885 4540.305 4541.724 4542.942 4544.129 4545.316 4546.503 4547.707 4548.947 4550.188 4551.428 4552.668 4553.86 4555.034 4556.208 4557.382 4558.543 4559.637 4560.732 4561.826 4562.92 4563.9 4564.802 4565.704 4566.606 4567.505 4568.314 4569.124 4569.933 4570.742 4571.656 4572.698 4573.739 4574.78 4575.821 4576.587 4577.316 4578.046 4578.775 4579.376 4579.694 4580.013
4508.769 4510.488 4512.169 4513.85 4515.531 4517.153 4518.427 4519.701 4520.976 4522.25 4523.607 4525.025 4526.444 4527.862 4529.281 4530.665 4532.049 4533.434 4534.818 4536.237 4537.699 4539.161 4540.624 4542.086 4543.342 4544.566 4545.791 4547.016 4548.263 4549.563 4550.862 4552.161 4553.46 4554.692 4555.898 4557.104 4558.31 4559.499 4560.593 4561.687 4562.781 4563.875 4564.828 4565.681 4566.534 4567.388 4568.241 4569.083 4569.924 4570.765 4571.606 4572.528 4573.548 4574.568 4575.587 4576.607 4577.371 4578.1 4578.83 4579.559 4580.182 4580.57 4580.958
4509.206 4510.984 4512.708 4514.432 4516.156 4517.81 4519.052 4520.293 4521.536 4522.778 4524.091 4525.456 4526.82 4528.185 4529.55 4530.913 4532.276 4533.639 4535.002 4536.427 4537.932 4539.438 4540.942 4542.447 4543.742 4545.004 4546.266 4547.529 4548.82 4550.178 4551.536 4552.895 4554.253 4555.523 4556.762 4558.0 4559.239 4560.454 4561.548 4562.643 4563.737 4564.831 4565.754 4566.56 4567.365 4568.17 4568.977 4569.85 4570.724 4571.597 4572.471 4573.401 4574.399 4575.397 4576.396 4577.394 4578.155 4578.884 4579.614 4580.343 4580.987 4581.445 4581.903
4509.274 4511.073 4512.82 4514.567 4516.313 4517.993 4519.278 4520.564 4521.85 4523.135 4524.485 4525.882 4527.279 4528.676 4530.073 4531.41 4532.746 4534.083 4535.419 4536.826 4538.323 4539.821 4541.318 4542.816 4544.098 4545.347 4546.597 4547.846 4549.133 4550.51 4551.887 4553.264 4554.641 4555.929 4557.185 4558.439 4559.695 4560.934 4562.083 4563.233 4564.383 4565.533 4566.498 4567.336 4568.173 4569.011 4569.851 4570.756 4571.662 4572.567 4573.473 4574.4 4575.351 4576.303 4577.254 4578.206 4578.984 4579.738 4580.493 4581.248 4581.917 4582.399 4582.881
4509.32 4511.138 4512.906 4514.674 4516.442 4518.147 4519.48 4520.814 4522.148 4523.482 4524.874 4526.309 4527.743 4529.178 4530.612 4531.921 4533.231 4534.541 4535.85 4537.238 4538.725 4540.211 4541.698 4543.185 4544.451 4545.685 4546.918 4548.151 4549.432 4550.825 4552.218 4553.611 4555.004 4556.308 4557.58 4558.851 4560.123 4561.384 4562.593 4563.801 4565.01 4566.219 4567.23 4568.106 4568.981 4569.856 4570.733 4571.671 4572.609 4573.546 4574.484 4575.407 4576.31 4577.213 4578.117 4579.02 4579.815 4580.597 4581.379 4582.16 4582.854 4583.358 4583.862
4509.366 4511.202 4512.992 4514.781 4516.571 4518.301 4519.683 4521.065 4522.447 4523.829 4525.263 4526.735 4528.208 4529.68 4531.15 4532.433 4533.716 4534.999 4536.282 4537.649 4539.125 4540.602 4542.078 4543.554 4544.805 4546.022 4547.239 4548.457 4549.731 4551.14 4552.549 4553.958 4555.367 4556.688 4557.975 4559.262 4560.55 4561.834 4563.102 4564.37 4565.637 4566.905 4567.963 4568.876 4569.789 4570.701 4571.615 4572.585 4573.556 4574.525 4575.496 4576.414 4577.269 4578.124 4578.979 4579.834 4580.647 4581.456 4582.264 4583.073 4583.792 4584.317 4584.842
