data/zism_data/01043_03_D.txt
ncols         224
nrows         224
[rows 140 to 167 of 224, columns 0 to 62 of 224]
1583.858 1583.136 1582.414 1582.107 1582.033 1581.96 1581.886 1581.794 1581.573 1581.351 1581.13 1580.909 1580.53 1580.05 1579.569 1579.088 1578.598 1578.007 1577.417 1576.827 1576.237 1575.672 1575.126 1574.581 1574.036 1573.51 1573.356 1573.201 1573.047 1572.893 1572.848 1572.9 1572.951 1573.003 1573.057 1573.314 1573.571 1573.828 1574.085 1574.408 1574.8 1575.191 1575.582 1575.973 1576.22 1576.464 1576.708 1576.952 1577.3 1577.772 1578.244 1578.715 1579.187 1579.235 1579.258 1579.28 1579.302 1579.312 1579.305 1579.297 1579.29 1579.282 1579.067
1585.027 1584.37 1583.713 1583.43 1583.356 1583.282 1583.208 1583.117 1582.895 1582.674 1582.453 1582.231 1581.804 1581.242 1580.68 1580.117 1579.553 1578.963 1578.372 1577.782 1577.192 1576.646 1576.133 1575.62 1575.107 1574.614 1574.509 1574.404 1574.298 1574.193 1574.162 1574.198 1574.233 1574.268 1574.305 1574.48 1574.656 1574.832 1575.007 1575.298 1575.706 1576.113 1576.521 1576.928 1577.191 1577.451 1577.711 1577.971 1578.314 1578.753 1579.192 1579.631 1580.071 1580.132 1580.171 1580.21 1580.248 1580.265 1580.252 1580.239 1580.226 1580.214 1579.988
1586.196 1585.604 1585.013 1584.752 1584.679 1584.605 1584.531 1584.439 1584.218 1583.997 1583.775 1583.554 1583.078 1582.434 1581.79 1581.147 1580.508 1579.918 1579.328 1578.737 1578.147 1577.619 1577.139 1576.659 1576.178 1575.719 1575.662 1575.606 1575.549 1575.493 1575.476 1575.495 1575.514 1575.533 1575.553 1575.647 1575.741 1575.836 1575.93 1576.188 1576.612 1577.036 1577.459 1577.883 1578.163 1578.439 1578.715 1578.991 1579.328 1579.734 1580.141 1580.547 1580.954 1581.029 1581.084 1581.139 1581.194 1581.218 1581.2 1581.181 1581.163 1581.145 1580.909
1587.365 1586.839 1586.312 1586.075 1586.001 1585.928 1585.854 1585.762 1585.541 1585.319 1585.098 1584.877 1584.351 1583.626 1582.901 1582.177 1581.463 1580.873 1580.283 1579.693 1579.102 1578.593 1578.145 1577.697 1577.25 1576.824 1576.816 1576.808 1576.8 1576.793 1576.79 1576.793 1576.796 1576.798 1576.801 1576.814 1576.827 1576.84 1576.853 1577.078 1577.518 1577.958 1578.398 1578.838 1579.134 1579.426 1579.719 1580.011 1580.341 1580.716 1581.09 1581.464 1581.838 1581.926 1581.998 1582.069 1582.14 1582.171 1582.147 1582.123 1582.1 1582.076 1581.83
1588.609 1588.125 1587.64 1587.389 1587.27 1587.151 1587.031 1586.899 1586.678 1586.457 1586.235 1586.014 1585.475 1584.728 1583.981 1583.234 1582.499 1581.891 1581.282 1580.674 1580.066 1579.567 1579.151 1578.736 1578.321 1577.926 1577.926 1577.926 1577.926 1577.926 1577.926 1577.926 1577.926 1577.926 1577.926 1577.926 1577.926 1577.926 1577.926 1578.133 1578.548 1578.963 1579.379 1579.794 1580.105 1580.414 1580.723 1581.031 1581.349 1581.677 1582.005 1582.333 1582.661 1582.736 1582.796 1582.856 1582.916 1582.943 1582.922 1582.902 1582.882 1582.862 1582.636
1589.867 1589.42 1588.974 1588.702 1588.528 1588.355 1588.181 1588.002 1587.78 1587.559 1587.338 1587.116 1586.571 1585.813 1585.055 1584.297 1583.551 1582.921 1582.291 1581.66 1581.03 1580.541 1580.158 1579.775 1579.392 1579.029 1579.029 1579.029 1579.029 1579.029 1579.029 1579.029 1579.029 1579.029 1579.029 1579.029 1579.029 1579.029 1579.029 1579.219 1579.602 1579.984 1580.367 1580.75 1581.076 1581.401 1581.726 1582.051 1582.355 1582.634 1582.913 1583.193 1583.472 1583.529 1583.573 1583.617 1583.661 1583.68 1583.665 1583.65 1583.636 1583.621 1583.42
1591.124 1590.716 1590.307 1590.014 1589.786 1589.559 1589.331 1589.104 1588.883 1588.661 1588.44 1588.219 1587.667 1586.898 1586.129 1585.361 1584.602 1583.95 1583.299 1582.647 1581.995 1581.514 1581.164 1580.814 1580.464 1580.131 1580.131 1580.131 1580.131 1580.131 1580.131 1580.131 1580.131 1580.131 1580.131 1580.131 1580.131 1580.131 1580.131 1580.305 1580.655 1581.005 1581.356 1581.706 1582.047 1582.389 1582.73 1583.071 1583.362 1583.592 1583.822 1584.052 1584.283 1584.322 1584.35 1584.377 1584.405 1584.417 1584.408 1584.398 1584.389 1584.38 1584.204
1592.382 1592.011 1591.641 1591.327 1591.045 1590.763 1590.481 1590.206 1589.985 1589.764 1589.542 1589.321 1588.762 1587.983 1587.203 1586.424 1585.654 1584.98 1584.307 1583.633 1582.96 1582.488 1582.171 1581.853 1581.535 1581.233 1581.233 1581.233 1581.233 1581.233 1581.233 1581.233 1581.233 1581.233 1581.233 1581.233 1581.233 1581.233 1581.233 1581.391 1581.709 1582.026 1582.344 1582.662 1583.019 1583.376 1583.734 1584.091 1584.368 1584.549 1584.731 1584.912 1585.094 1585.115 1585.126 1585.138 1585.149 1585.154 1585.15 1585.146 1585.143 1585.139 1584.988
1593.589 1593.243 1592.897 1592.569 1592.251 1591.933 1591.615 1591.307 1591.071 1590.834 1590.598 1590.362 1589.795 1589.011 1588.228 1587.444 1586.669 1585.982 1585.295 1584.608 1583.921 1583.462 1583.177 1582.892 1582.606 1582.336 1582.336 1582.336 1582.336 1582.336 1582.336 1582.336 1582.336 1582.336 1582.336 1582.336 1582.336 1582.336 1582.336 1582.477 1582.762 1583.048 1583.333 1583.618 1583.985 1584.354 1584.723 1585.092 1585.359 1585.506 1585.654 1585.801 1585.949 1585.958 1585.958 1585.958 1585.958 1585.958 1585.958 1585.958 1585.958 1585.958 1585.819
1594.679 1594.328 1593.977 1593.65 1593.338 1593.025 1592.712 1592.403 1592.118 1591.833 1591.548 1591.263 1590.683 1589.91 1589.138 1588.365 1587.6 1586.918 1586.237 1585.555 1584.874 1584.436 1584.183 1583.93 1583.678 1583.438 1583.438 1583.438 1583.438 1583.438 1583.438 1583.438 1583.438 1583.438 1583.438 1583.438 1583.438 1583.438 1583.438 1583.563 1583.816 1584.069 1584.321 1584.574 1584.94 1585.309 1585.678 1586.047 1586.314 1586.462 1586.609 1586.757 1586.904 1586.913 1586.913 1586.913 1586.913 1586.913 1586.913 1586.913 1586.913 1586.913 1586.76
1595.77 1595.413 1595.056 1594.731 1594.424 1594.117 1593.81 1593.499 1593.165 1592.832 1592.498 1592.164 1591.572 1590.81 1590.047 1589.286 1588.531 1587.855 1587.179 1586.503 1585.826 1585.41 1585.189 1584.969 1584.749 1584.54 1584.54 1584.54 1584.54 1584.54 1584.54 1584.54 1584.54 1584.54 1584.54 1584.54 1584.54 1584.54 1584.54 1584.649 1584.869 1585.09 1585.31 1585.53 1585.896 1586.265 1586.633 1587.002 1587.269 1587.417 1587.564 1587.712 1587.859 1587.868 1587.868 1587.868 1587.868 1587.868 1587.868 1587.868 1587.868 1587.868 1587.7
1596.86 1596.498 1596.136 1595.813 1595.511 1595.209 1594.907 1594.595 1594.213 1593.83 1593.448 1593.065 1592.46 1591.709 1590.958 1590.206 1589.462 1588.792 1588.121 1587.45 1586.779 1586.383 1586.196 1586.008 1585.82 1585.642 1585.642 1585.642 1585.642 1585.642 1585.642 1585.642 1585.642 1585.642 1585.642 1585.642 1585.642 1585.642 1585.642 1585.735 1585.923 1586.111 1586.298 1586.486 1586.851 1587.22 1587.589 1587.958 1588.225 1588.372 1588.52 1588.667 1588.815 1588.823 1588.823 1588.823 1588.823 1588.823 1588.823 1588.823 1588.823 1588.823 1588.641
1597.951 1597.583 1597.216 1596.894 1596.597 1596.301 1596.005 1595.692 1595.26 1594.829 1594.398 1593.966 1593.348 1592.608 1591.868 1591.127 1590.393 1589.728 1589.063 1588.398 1587.732 1587.357 1587.202 1587.047 1586.892 1586.744 1586.744 1586.744 1586.744 1586.744 1586.744 1586.744 1586.744 1586.744 1586.744 1586.744 1586.744 1586.744 1586.744 1586.821 1586.977 1587.132 1587.287 1587.442 1587.806 1588.175 1588.544 1588.913 1589.18 1589.327 1589.475 1589.622 1589.77 1589.778 1589.778 1589.778 1589.778 1589.778 1589.778 1589.778 1589.778 1589.778 1589.581
1598.481 1598.162 1597.843 1597.563 1597.306 1597.048 1596.791 1596.51 1596.068 1595.625 1595.182 1594.74 1594.119 1593.381 1592.643 1591.905 1591.178 1590.559 1589.941 1589.323 1588.705 1588.364 1588.233 1588.102 1587.971 1587.847 1587.847 1587.847 1587.847 1587.847 1587.847 1587.847 1587.847 1587.847 1587.847 1587.847 1587.847 1587.847 1587.847 1587.912 1588.042 1588.173 1588.304 1588.435 1588.791 1589.151 1589.512 1589.873 1590.147 1590.319 1590.492 1590.664 1590.837 1590.847 1590.847 1590.847 1590.847 1590.843 1590.835 1590.826 1590.818 1590.81 1590.593
1598.842 1598.588 1598.334 1598.109 1597.9 1597.691 1597.483 1597.245 1596.802 1596.36 1595.917 1595.474 1594.853 1594.116 1593.378 1592.64 1591.918 1591.359 1590.801 1590.242 1589.683 1589.38 1589.271 1589.162 1589.053 1588.949 1588.949 1588.949 1588.949 1588.949 1588.949 1588.949 1588.949 1588.949 1588.949 1588.949 1588.949 1588.949 1588.949 1589.003 1589.112 1589.221 1589.331 1589.44 1589.784 1590.134 1590.484 1590.834 1591.117 1591.322 1591.527 1591.732 1591.937 1591.949 1591.949 1591.949 1591.949 1591.941 1591.922 1591.902 1591.883 1591.864 1591.627
1599.203 1599.014 1598.825 1598.655 1598.495 1598.335 1598.175 1597.98 1597.537 1597.094 1596.652 1596.209 1595.588 1594.85 1594.113 1593.375 1592.658 1592.159 1591.66 1591.161 1590.662 1590.397 1590.309 1590.222 1590.134 1590.051 1590.051 1590.051 1590.051 1590.051 1590.051 1590.051 1590.051 1590.051 1590.051 1590.051 1590.051 1590.051 1590.051 1590.094 1590.182 1590.27 1590.357 1590.445 1590.778 1591.117 1591.456 1591.795 1592.087 1592.325 1592.562 1592.8 1593.037 1593.051 1593.051 1593.051 1593.051 1593.038 1593.008 1592.978 1592.948 1592.918 1592.66
1599.564 1599.44 1599.316 1599.2 1599.089 1598.978 1598.866 1598.715 1598.272 1597.829 1597.387 1596.944 1596.323 1595.585 1594.847 1594.11 1593.398 1592.958 1592.519 1592.08 1591.64 1591.413 1591.348 1591.282 1591.216 1591.153 1591.153 1591.153 1591.153 1591.153 1591.153 1591.153 1591.153 1591.153 1591.153 1591.153 1591.153 1591.153 1591.153 1591.186 1591.252 1591.318 1591.384 1591.449 1591.772 1592.1 1592.428 1592.756 1593.057 1593.327 1593.597 1593.868 1594.138 1594.153 1594.153 1594.153 1594.153 1594.136 1594.095 1594.054 1594.013 1593.973 1593.694
1599.84 1599.774 1599.708 1599.639 1599.569 1599.499 1599.429 1599.315 1598.887 1598.46 1598.032 1597.605 1597.003 1596.288 1595.573 1594.858 1594.171 1593.786 1593.402 1593.017 1592.632 1592.438 1592.387 1592.337 1592.286 1592.238 1592.238 1592.238 1592.238 1592.238 1592.238 1592.238 1592.238 1592.238 1592.238 1592.238 1592.238 1592.238 1592.238 1592.263 1592.314 1592.364 1592.415 1592.465 1592.773 1593.087 1593.4 1593.713 1594.014 1594.299 1594.584 1594.869 1595.154 1595.17 1595.17 1595.17 1595.17 1595.151 1595.104 1595.057 1595.01 1594.964 1594.667
1599.837 1599.803 1599.769 1599.723 1599.669 1599.615 1599.562 1599.47 1599.107 1598.745 1598.382 1598.02 1597.503 1596.886 1596.268 1595.651 1595.056 1594.71 1594.363 1594.016 1593.669 1593.488 1593.432 1593.376 1593.32 1593.267 1593.267 1593.267 1593.267 1593.267 1593.267 1593.267 1593.267 1593.267 1593.267 1593.267 1593.267 1593.267 1593.267 1593.295 1593.351 1593.407 1593.463 1593.518 1593.8 1594.086 1594.372 1594.659 1594.925 1595.166 1595.408 1595.65 1595.891 1595.905 1595.905 1595.905 1595.905 1595.89 1595.854 1595.818 1595.782 1595.747 1595.441
1599.833 1599.832 1599.831 1599.807 1599.769 1599.732 1599.694 1599.625 1599.327 1599.03 1598.733 1598.435 1598.003 1597.483 1596.963 1596.443 1595.941 1595.633 1595.324 1595.015 1594.706 1594.538 1594.477 1594.416 1594.354 1594.296 1594.296 1594.296 1594.296 1594.296 1594.296 1594.296 1594.296 1594.296 1594.296 1594.296 1594.296 1594.296 1594.296 1594.326 1594.388 1594.449 1594.51 1594.572 1594.827 1595.086 1595.345 1595.604 1595.835 1596.034 1596.232 1596.43 1596.629 1596.64 1596.64 1596.64 1596.64 1596.629 1596.604 1596.579 1596.554 1596.529 1596.215
1599.83 1599.861 1599.893 1599.891 1599.869 1599.848 1599.827 1599.78 1599.547 1599.315 1599.083 1598.85 1598.503 1598.081 1597.658 1597.236 1596.827 1596.556 1596.285 1596.014 1595.743 1595.588 1595.522 1595.455 1595.388 1595.325 1595.325 1595.325 1595.325 1595.325 1595.325 1595.325 1595.325 1595.325 1595.325 1595.325 1595.325 1595.325 1595.325 1595.358 1595.425 1595.491 1595.558 1595.625 1595.853 1596.085 1596.318 1596.55 1596.746 1596.901 1597.056 1597.211 1597.366 1597.375 1597.375 1597.375 1597.375 1597.369 1597.355 1597.341 1597.326 1597.312 1596.989
1599.827 1599.891 1599.955 1599.974 1599.969 1599.965 1599.96 1599.935 1599.767 1599.6 1599.433 1599.265 1599.003 1598.678 1598.353 1598.028 1597.712 1597.479 1597.246 1597.013 1596.78 1596.639 1596.566 1596.494 1596.422 1596.354 1596.354 1596.354 1596.354 1596.354 1596.354 1596.354 1596.354 1596.354 1596.354 1596.354 1596.354 1596.354 1596.354 1596.389 1596.462 1596.534 1596.606 1596.678 1596.88 1597.085 1597.29 1597.495 1597.657 1597.769 1597.88 1597.992 1598.103 1598.11 1598.11 1598.11 1598.11 1598.108 1598.105 1598.102 1598.098 1598.095 1597.763
1599.748 1599.833 1599.918 1599.956 1599.967 1599.979 1599.99 1599.985 1599.86 1599.735 1599.61 1599.485 1599.305 1599.089 1598.873 1598.657 1598.441 1598.22 1597.998 1597.777 1597.556 1597.425 1597.362 1597.3 1597.237 1597.178 1597.178 1597.178 1597.178 1597.178 1597.178 1597.178 1597.178 1597.178 1597.178 1597.178 1597.178 1597.178 1597.178 1597.209 1597.271 1597.334 1597.396 1597.459 1597.623 1597.79 1597.956 1598.123 1598.251 1598.334 1598.418 1598.501 1598.584 1598.589 1598.589 1598.589 1598.589 1598.589 1598.589 1598.589 1598.589 1598.589 1598.275
1599.636 1599.738 1599.839 1599.893 1599.921 1599.948 1599.976 1599.989 1599.896 1599.804 1599.712 1599.619 1599.521 1599.419 1599.317 1599.215 1599.102 1598.881 1598.66 1598.438 1598.217 1598.095 1598.049 1598.003 1597.957 1597.913 1597.913 1597.913 1597.913 1597.913 1597.913 1597.913 1597.913 1597.913 1597.913 1597.913 1597.913 1597.913 1597.913 1597.936 1597.982 1598.028 1598.074 1598.12 1598.242 1598.365 1598.488 1598.612 1598.706 1598.768 1598.83 1598.891 1598.953 1598.956 1598.956 1598.956 1598.956 1598.956 1598.956 1598.956 1598.956 1598.956 1598.672
1599.524 1599.642 1599.76 1599.83 1599.874 1599.918 1599.962 1599.993 1599.933 1599.873 1599.813 1599.753 1599.737 1599.748 1599.76 1599.772 1599.764 1599.542 1599.321 1599.1 1598.878 1598.766 1598.736 1598.706 1598.676 1598.648 1598.648 1598.648 1598.648 1598.648 1598.648 1598.648 1598.648 1598.648 1598.648 1598.648 1598.648 1598.648 1598.648 1598.662 1598.692 1598.722 1598.752 1598.782 1598.861 1598.941 1599.021 1599.1 1599.162 1599.202 1599.242 1599.281 1599.321 1599.324 1599.324 1599.324 1599.324 1599.324 1599.324 1599.324 1599.324 1599.324 1599.069
1599.412 1599.546 1599.68 1599.767 1599.827 1599.887 1599.947 1599.997 1599.969 1599.942 1599.915 1599.887 1599.952 1600.078 1600.204 1600.329 1600.425 1600.204 1599.982 1599.761 1599.54 1599.436 1599.423 1599.409 1599.395 1599.382 1599.382 1599.382 1599.382 1599.382 1599.382 1599.382 1599.382 1599.382 1599.382 1599.382 1599.382 1599.382 1599.382 1599.389 1599.403 1599.417 1599.43 1599.444 1599.48 1599.516 1599.553 1599.589 1599.617 1599.635 1599.654 1599.672 1599.69 1599.691 1599.691 1599.691 1599.691 1599.691 1599.691 1599.691 1599.691 1599.691 1599.466
1599.301 1599.446 1599.591 1599.695 1599.776 1599.856 1599.937 1600.009 1600.015 1600.021 1600.027 1600.033 1600.168 1600.389 1600.609 1600.83 1601.013 1600.797 1600.582 1600.367 1600.151 1600.062 1600.067 1600.072 1600.077 1600.082 1600.085 1600.087 1600.09 1600.093 1600.093 1600.092 1600.092 1600.091 1600.09 1600.083 1600.076 1600.069 1600.062 1600.055 1600.048 1600.041 1600.034 1600.027 1600.021 1600.015 1600.009 1600.003 1600.0 1600.0 1600.0 1600.0 1600.0 1600.0 1600.0 1600.0 1600.0 1600.0 1600.0 1600.0 1600.0 1600.0 1599.806
1599.193 1599.321 1599.45 1599.576 1599.7 1599.824 1599.948 1600.062 1600.106 1600.15 1600.194 1600.238 1600.385 1600.601 1600.816 1601.031 1601.212 1601.035 1600.857 1600.68 1600.503 1600.447 1600.485 1600.523 1600.561 1600.597 1600.616 1600.635 1600.654 1600.673 1600.678 1600.672 1600.666 1600.659 1600.652 1600.602 1600.552 1600.502 1600.451 1600.401 1600.351 1600.3 1600.25 1600.2 1600.156 1600.112 1600.068 1600.024 1600.0 1600.0 1600.0 1600.0 1600.0 1600.0 1600.0 1600.0 1600.0 1600.0 1600.0 1600.0 1600.0 1600.0 1599.851
