data/zism_data/01045_02_D.txt
ncols         224
nrows         224
[rows 84 to 111 of 224, columns 0 to 62 of 224]
1701.32 1702.08 1702.839 1703.599 1704.359 1705.63 1707.209 1708.789 1710.368 1711.844 1712.065 1712.287 1712.509 1712.73 1711.776 1709.779 1707.781 1705.783 1703.786 1703.52 1703.284 1703.049 1702.813 1703.32 1704.785 1706.25 1707.714 1709.179 1709.669 1710.037 1710.406 1710.774 1710.703 1709.793 1708.883 1707.972 1707.062 1706.058 1705.03 1704.002 1702.974 1702.37 1703.035 1703.7 1704.365 1705.03 1709.615 1715.853 1722.09 1728.328 1734.499 1740.313 1746.127 1751.942 1757.756 1762.845 1767.471 1772.096 1776.722 1781.127 1782.286 1783.444 1784.603
1701.864 1702.937 1704.009 1705.082 1706.155 1707.836 1709.885 1711.933 1713.982 1715.893 1716.125 1716.358 1716.59 1716.823 1715.576 1713.017 1710.458 1707.9 1705.341 1704.97 1704.637 1704.304 1703.972 1704.551 1706.307 1708.063 1709.82 1711.576 1712.241 1712.772 1713.302 1713.833 1713.829 1712.806 1711.782 1710.758 1709.734 1708.402 1706.991 1705.58 1704.169 1703.248 1703.794 1704.34 1704.887 1705.433 1710.325 1717.048 1723.771 1730.494 1737.132 1743.307 1749.483 1755.659 1761.835 1767.091 1771.76 1776.429 1781.098 1785.561 1787.006 1788.45 1789.895
1702.408 1703.793 1705.179 1706.565 1707.95 1710.042 1712.56 1715.078 1717.597 1719.941 1720.185 1720.428 1720.671 1720.915 1719.376 1716.256 1713.136 1710.016 1706.896 1706.421 1705.99 1705.56 1705.13 1705.782 1707.83 1709.877 1711.925 1713.973 1714.814 1715.507 1716.199 1716.891 1716.955 1715.818 1714.681 1713.544 1712.407 1710.746 1708.952 1707.158 1705.364 1704.126 1704.553 1704.981 1705.408 1705.836 1711.034 1718.243 1725.452 1732.661 1739.765 1746.302 1752.839 1759.376 1765.913 1771.337 1776.049 1780.761 1785.474 1789.996 1791.726 1793.457 1795.187
1706.259 1708.094 1709.928 1711.762 1713.597 1715.887 1718.453 1721.019 1723.585 1725.951 1725.9 1725.848 1725.797 1725.745 1723.956 1720.624 1717.292 1713.959 1710.627 1709.939 1709.295 1708.651 1708.008 1708.563 1710.664 1712.766 1714.867 1716.969 1718.042 1718.989 1719.935 1720.881 1721.166 1720.188 1719.209 1718.23 1717.251 1715.406 1713.34 1711.275 1709.209 1707.645 1707.586 1707.526 1707.466 1707.406 1712.393 1719.506 1726.618 1733.731 1740.812 1747.726 1754.639 1761.552 1768.466 1774.071 1778.841 1783.611 1788.38 1792.954 1794.641 1796.328 1798.014
1710.484 1712.782 1715.081 1717.379 1719.678 1722.143 1724.709 1727.275 1729.841 1732.182 1731.801 1731.421 1731.04 1730.659 1728.624 1725.119 1721.614 1718.109 1714.604 1713.69 1712.82 1711.95 1711.08 1711.519 1713.647 1715.776 1717.904 1720.033 1721.344 1722.555 1723.766 1724.976 1725.5 1724.71 1723.92 1723.13 1722.34 1720.327 1718.002 1715.678 1713.353 1711.463 1710.874 1710.286 1709.697 1709.109 1713.825 1720.775 1727.726 1734.677 1741.681 1748.972 1756.263 1763.554 1770.845 1776.634 1781.463 1786.292 1791.122 1795.746 1797.351 1798.957 1800.563
1714.709 1717.471 1720.234 1722.996 1725.759 1728.399 1730.965 1733.531 1736.097 1738.412 1737.703 1736.993 1736.283 1735.574 1733.292 1729.614 1725.937 1722.259 1718.582 1717.442 1716.345 1715.248 1714.151 1714.474 1716.63 1718.785 1720.941 1723.096 1724.646 1726.121 1727.596 1729.071 1729.834 1729.232 1728.631 1728.03 1727.429 1725.248 1722.665 1720.081 1717.497 1715.281 1714.163 1713.046 1711.929 1710.811 1715.256 1722.045 1728.834 1735.623 1742.55 1750.219 1757.888 1765.556 1773.225 1779.197 1784.086 1788.974 1793.863 1798.537 1800.062 1801.587 1803.112
1718.934 1722.16 1725.387 1728.613 1731.84 1734.655 1737.221 1739.787 1742.353 1744.643 1743.604 1742.566 1741.527 1740.488 1737.96 1734.109 1730.259 1726.409 1722.559 1721.193 1719.87 1718.546 1717.223 1717.43 1719.613 1721.795 1723.978 1726.16 1727.948 1729.688 1731.427 1733.167 1734.167 1733.755 1733.343 1732.93 1732.518 1730.169 1727.327 1724.484 1721.641 1719.098 1717.452 1715.806 1714.16 1712.514 1716.688 1723.315 1729.942 1736.569 1743.419 1751.465 1759.512 1767.558 1775.605 1781.76 1786.708 1791.656 1796.604 1801.329 1802.773 1804.217 1805.661
1724.23 1727.769 1731.308 1734.847 1738.386 1741.219 1743.626 1746.032 1748.439 1750.558 1749.212 1747.866 1746.52 1745.174 1742.454 1738.515 1734.576 1730.637 1726.698 1725.141 1723.625 1722.109 1720.593 1720.682 1722.844 1725.005 1727.167 1729.329 1731.304 1733.256 1735.208 1737.16 1738.396 1738.262 1738.128 1737.994 1737.861 1735.65 1732.909 1730.168 1727.428 1724.852 1722.771 1720.69 1718.608 1716.527 1720.265 1726.455 1732.645 1738.835 1745.325 1753.426 1761.527 1769.628 1777.729 1783.895 1788.825 1793.754 1798.684 1803.39 1804.815 1806.24 1807.665
1731.354 1734.947 1738.54 1742.132 1745.725 1748.31 1750.285 1752.26 1754.235 1755.935 1754.319 1752.703 1751.088 1749.472 1746.654 1742.768 1738.883 1734.998 1731.113 1729.425 1727.774 1726.123 1724.471 1724.44 1726.499 1728.558 1730.617 1732.676 1734.751 1736.827 1738.903 1740.979 1742.445 1742.743 1743.041 1743.339 1743.636 1742.085 1740.062 1738.039 1736.016 1733.91 1731.553 1729.197 1726.84 1724.484 1727.503 1732.786 1738.07 1743.353 1749.001 1756.605 1764.21 1771.815 1779.42 1785.299 1790.078 1794.856 1799.635 1804.205 1805.716 1807.228 1808.739
1738.477 1742.124 1745.771 1749.418 1753.065 1755.401 1756.944 1758.488 1760.031 1761.312 1759.426 1757.541 1755.655 1753.769 1750.853 1747.022 1743.191 1739.359 1735.528 1733.708 1731.922 1730.136 1728.35 1728.198 1730.155 1732.111 1734.068 1736.024 1738.198 1740.398 1742.598 1744.798 1746.494 1747.223 1747.953 1748.682 1749.412 1748.52 1747.215 1745.91 1744.604 1742.967 1740.336 1737.704 1735.072 1732.441 1734.74 1739.117 1743.494 1747.871 1752.677 1759.785 1766.893 1774.001 1781.109 1786.704 1791.331 1795.958 1800.586 1805.02 1806.618 1808.215 1809.813
1745.601 1749.302 1753.003 1756.704 1760.405 1762.492 1763.604 1764.715 1765.827 1766.689 1764.533 1762.378 1760.222 1758.067 1755.052 1751.275 1747.498 1743.721 1739.943 1737.991 1736.071 1734.15 1732.229 1731.956 1733.81 1735.664 1737.518 1739.372 1741.645 1743.969 1746.293 1748.618 1750.543 1751.704 1752.865 1754.027 1755.188 1754.956 1754.368 1753.78 1753.193 1752.025 1749.118 1746.211 1743.304 1740.398 1741.978 1745.448 1748.918 1752.389 1756.352 1762.964 1769.576 1776.188 1782.799 1788.108 1792.584 1797.061 1801.537 1805.835 1807.519 1809.203 1810.887
1752.725 1756.48 1760.235 1763.99 1767.744 1769.583 1770.263 1770.943 1771.623 1772.065 1769.64 1767.215 1764.789 1762.364 1759.251 1755.528 1751.805 1748.082 1744.358 1742.275 1740.219 1738.163 1736.107 1735.714 1737.465 1739.217 1740.968 1742.72 1745.092 1747.54 1749.988 1752.437 1754.592 1756.185 1757.778 1759.37 1760.964 1761.391 1761.521 1761.651 1761.781 1761.082 1757.9 1754.718 1751.536 1748.354 1749.215 1751.779 1754.343 1756.906 1760.028 1766.143 1772.259 1778.374 1784.489 1789.512 1793.837 1798.163 1802.488 1806.65 1808.421 1810.191 1811.961
1759.352 1762.907 1766.462 1770.016 1773.571 1775.131 1775.483 1775.836 1776.188 1776.316 1773.725 1771.134 1768.543 1765.953 1762.824 1759.219 1755.613 1752.007 1748.401 1746.33 1744.284 1742.239 1740.193 1739.727 1741.299 1742.871 1744.442 1746.014 1748.428 1750.946 1753.464 1755.983 1758.313 1760.283 1762.253 1764.223 1766.194 1767.016 1767.547 1768.077 1768.607 1768.236 1765.164 1762.093 1759.021 1755.949 1756.285 1758.055 1759.826 1761.597 1763.947 1769.412 1774.877 1780.342 1785.806 1790.55 1794.833 1799.116 1803.399 1807.535 1809.505 1811.474 1813.444
1765.885 1769.192 1772.498 1775.805 1779.111 1780.386 1780.431 1780.475 1780.52 1780.353 1777.616 1774.88 1772.143 1769.407 1766.279 1762.802 1759.326 1755.85 1752.374 1750.341 1748.333 1746.326 1744.318 1743.788 1745.166 1746.543 1747.921 1749.299 1751.744 1754.322 1756.899 1759.477 1761.972 1764.309 1766.646 1768.983 1771.32 1772.488 1773.359 1774.229 1775.099 1775.029 1772.14 1769.252 1766.364 1763.476 1763.323 1764.322 1765.321 1766.32 1767.913 1772.698 1777.483 1782.268 1787.053 1791.518 1795.78 1800.041 1804.302 1808.432 1810.623 1812.814 1815.005
1772.418 1775.476 1778.534 1781.593 1784.651 1785.641 1785.378 1785.115 1784.852 1784.389 1781.507 1778.625 1775.743 1772.861 1769.733 1766.386 1763.039 1759.693 1756.346 1754.353 1752.383 1750.413 1748.443 1747.85 1749.033 1750.216 1751.4 1752.583 1755.06 1757.697 1760.333 1762.97 1765.63 1768.334 1771.038 1773.743 1776.447 1777.96 1779.17 1780.38 1781.59 1781.821 1779.116 1776.412 1773.707 1771.002 1770.36 1770.588 1770.816 1771.043 1771.879 1775.984 1780.089 1784.194 1788.299 1792.486 1796.726 1800.966 1805.206 1809.329 1811.742 1814.154 1816.566
1778.951 1781.761 1784.571 1787.381 1790.191 1790.895 1790.325 1789.755 1789.185 1788.426 1785.399 1782.371 1779.343 1776.315 1773.187 1769.97 1766.753 1763.535 1760.318 1758.364 1756.432 1754.5 1752.568 1751.911 1752.9 1753.889 1754.878 1755.867 1758.376 1761.072 1763.768 1766.464 1769.289 1772.36 1775.431 1778.502 1781.573 1783.432 1784.982 1786.532 1788.082 1788.614 1786.093 1783.571 1781.05 1778.529 1777.399 1776.854 1776.31 1775.766 1775.845 1779.27 1782.695 1786.12 1789.545 1793.454 1797.673 1801.891 1806.109 1810.227 1812.86 1815.494 1818.127
1784.498 1786.976 1789.454 1791.932 1794.41 1794.893 1794.17 1793.447 1792.724 1791.824 1788.785 1785.746 1782.707 1779.668 1776.583 1773.459 1770.334 1767.209 1764.085 1762.173 1760.282 1758.391 1756.5 1755.793 1756.615 1757.436 1758.258 1759.08 1761.614 1764.359 1767.105 1769.85 1772.778 1776.054 1779.331 1782.608 1785.884 1787.93 1789.662 1791.394 1793.125 1793.852 1791.567 1789.281 1786.995 1784.71 1783.235 1782.103 1780.97 1779.838 1779.329 1782.168 1785.007 1787.847 1790.686 1794.338 1798.51 1802.681 1806.853 1810.942 1813.829 1816.716 1819.603
1787.87 1789.829 1791.789 1793.749 1795.709 1796.115 1795.581 1795.047 1794.512 1793.808 1791.055 1788.302 1785.549 1782.796 1779.852 1776.738 1773.624 1770.51 1767.396 1765.532 1763.69 1761.848 1760.005 1759.279 1759.992 1760.706 1761.42 1762.134 1764.68 1767.452 1770.225 1772.997 1775.891 1779.016 1782.142 1785.267 1788.393 1790.274 1791.839 1793.404 1794.968 1795.657 1793.722 1791.787 1789.853 1787.918 1786.418 1785.102 1783.786 1782.47 1781.747 1784.209 1786.671 1789.132 1791.594 1795.036 1799.105 1803.174 1807.243 1811.257 1814.468 1817.679 1820.889
1791.241 1792.683 1794.125 1795.567 1797.008 1797.337 1796.991 1796.646 1796.3 1795.793 1793.326 1790.859 1788.392 1785.925 1783.121 1780.018 1776.914 1773.811 1770.708 1768.892 1767.098 1765.304 1763.51 1762.764 1763.37 1763.976 1764.582 1765.188 1767.746 1770.545 1773.345 1776.144 1779.004 1781.978 1784.952 1787.927 1790.901 1792.619 1794.016 1795.414 1796.811 1797.462 1795.878 1794.294 1792.71 1791.126 1789.601 1788.102 1786.602 1785.103 1784.166 1786.25 1788.334 1790.418 1792.502 1795.734 1799.701 1803.667 1807.634 1811.572 1815.107 1818.641 1822.175
1794.612 1795.536 1796.46 1797.384 1798.308 1798.558 1798.402 1798.245 1798.089 1797.777 1795.596 1793.415 1791.234 1789.053 1786.389 1783.297 1780.205 1777.112 1774.02 1772.252 1770.507 1768.761 1767.016 1766.25 1766.748 1767.246 1767.744 1768.242 1770.812 1773.638 1776.465 1779.291 1782.117 1784.94 1787.763 1790.586 1793.41 1794.964 1796.194 1797.424 1798.654 1799.267 1798.034 1796.801 1795.567 1794.334 1792.784 1791.101 1789.418 1787.736 1786.585 1788.291 1789.997 1791.703 1793.409 1796.432 1800.296 1804.16 1808.024 1811.887 1815.745 1819.604 1823.462
1797.984 1798.389 1798.795 1799.201 1799.607 1799.78 1799.812 1799.845 1799.877 1799.762 1797.867 1795.972 1794.077 1792.182 1789.658 1786.577 1783.495 1780.413 1777.332 1775.612 1773.915 1772.218 1770.521 1769.736 1770.126 1770.516 1770.906 1771.296 1773.878 1776.732 1779.585 1782.438 1785.23 1787.902 1790.574 1793.246 1795.918 1797.308 1798.371 1799.434 1800.496 1801.073 1800.19 1799.307 1798.424 1797.542 1795.967 1794.101 1792.234 1790.368 1789.003 1790.332 1791.66 1792.989 1794.317 1797.13 1800.892 1804.653 1808.414 1812.202 1816.384 1820.566 1824.748
1799.004 1799.298 1799.591 1799.884 1800.177 1800.36 1800.476 1800.591 1800.707 1800.689 1799.068 1797.446 1795.824 1794.203 1791.896 1788.981 1786.067 1783.152 1780.238 1778.477 1776.736 1774.995 1773.254 1772.414 1772.739 1773.063 1773.387 1773.712 1776.198 1778.952 1781.705 1784.459 1787.13 1789.643 1792.155 1794.668 1797.181 1798.479 1799.467 1800.455 1801.444 1801.977 1801.145 1800.313 1799.482 1798.65 1797.125 1795.307 1793.49 1791.672 1790.318 1791.45 1792.582 1793.714 1794.847 1797.439 1800.962 1804.486 1808.01 1811.603 1816.223 1820.842 1825.462
1799.372 1799.666 1799.959 1800.252 1800.545 1800.762 1800.931 1801.101 1801.27 1801.323 1799.971 1798.62 1797.268 1795.916 1793.847 1791.143 1788.439 1785.735 1783.031 1781.205 1779.393 1777.582 1775.771 1774.869 1775.139 1775.409 1775.68 1775.95 1778.31 1780.929 1783.548 1786.167 1788.694 1791.044 1793.395 1795.746 1798.097 1799.323 1800.263 1801.203 1802.143 1802.631 1801.767 1800.903 1800.039 1799.175 1797.719 1796.015 1794.311 1792.607 1791.325 1792.312 1793.298 1794.285 1795.271 1797.639 1800.887 1804.136 1807.384 1810.75 1815.839 1820.928 1826.017
1799.74 1800.034 1800.327 1800.62 1800.913 1801.163 1801.387 1801.61 1801.834 1801.957 1800.875 1799.793 1798.711 1797.629 1795.799 1793.305 1790.812 1788.318 1785.824 1783.933 1782.051 1780.17 1778.288 1777.323 1777.539 1777.756 1777.972 1778.188 1780.423 1782.907 1785.391 1787.875 1790.257 1792.446 1794.635 1796.824 1799.013 1800.168 1801.059 1801.95 1802.842 1803.286 1802.389 1801.492 1800.596 1799.699 1798.314 1796.724 1795.133 1793.542 1792.333 1793.173 1794.014 1794.855 1795.696 1797.839 1800.812 1803.785 1806.759 1809.896 1815.455 1821.014 1826.572
1800.108 1800.402 1800.695 1800.988 1801.281 1801.565 1801.842 1802.12 1802.397 1802.591 1801.779 1800.967 1800.154 1799.342 1797.75 1795.467 1793.184 1790.901 1788.617 1786.66 1784.709 1782.757 1780.806 1779.777 1779.939 1780.102 1780.264 1780.427 1782.535 1784.884 1787.233 1789.582 1791.821 1793.848 1795.875 1797.902 1799.929 1801.012 1801.855 1802.698 1803.54 1803.94 1803.011 1802.082 1801.153 1800.224 1798.909 1797.432 1795.954 1794.477 1793.34 1794.035 1794.731 1795.426 1796.121 1798.039 1800.737 1803.435 1806.133 1809.043 1815.071 1821.099 1827.127
1800.215 1800.547 1800.879 1801.21 1801.542 1801.888 1802.242 1802.597 1802.952 1803.237 1802.685 1802.133 1801.581 1801.028 1799.659 1797.564 1795.47 1793.375 1791.281 1789.266 1787.252 1785.239 1783.225 1782.129 1782.217 1782.305 1782.393 1782.481 1784.443 1786.636 1788.83 1791.024 1793.12 1795.032 1796.944 1798.855 1800.767 1801.832 1802.681 1803.53 1804.379 1804.782 1803.851 1802.92 1801.989 1801.057 1799.786 1798.371 1796.956 1795.541 1794.445 1795.059 1795.672 1796.286 1796.9 1798.662 1801.158 1803.653 1806.149 1808.891 1815.267 1821.643 1828.018
1799.554 1800.037 1800.519 1801.002 1801.485 1801.978 1802.479 1802.979 1803.479 1803.917 1803.597 1803.277 1802.957 1802.637 1801.442 1799.472 1797.501 1795.531 1793.56 1791.51 1789.459 1787.408 1785.356 1784.18 1784.133 1784.086 1784.039 1783.992 1785.747 1787.725 1789.703 1791.681 1793.643 1795.576 1797.51 1799.443 1801.376 1802.578 1803.595 1804.611 1805.627 1806.178 1805.333 1804.488 1803.643 1802.798 1801.492 1799.99 1798.489 1796.988 1795.836 1796.557 1797.279 1798.001 1798.723 1800.534 1803.04 1805.546 1808.052 1810.804 1817.169 1823.534 1829.899
1798.893 1799.526 1800.16 1800.794 1801.428 1802.069 1802.715 1803.361 1804.007 1804.597 1804.509 1804.421 1804.333 1804.245 1803.225 1801.379 1799.532 1797.686 1795.839 1793.755 1791.665 1789.576 1787.487 1786.231 1786.049 1785.867 1785.686 1785.504 1787.052 1788.814 1790.576 1792.338 1794.166 1796.12 1798.075 1800.03 1801.985 1803.325 1804.509 1805.692 1806.875 1807.573 1806.815 1806.056 1805.297 1804.539 1803.197 1801.61 1800.022 1798.435 1797.226 1798.056 1798.886 1799.716 1800.545 1802.405 1804.922 1807.439 1809.956 1812.717 1819.071 1825.425 1831.779
