data/zism_data/01044_04_D.txt
ncols         224
nrows         224
[rows 124 to 154 of 224, columns 0 to 68 of 224]
1349.046 1349.069 1349.092 1349.172 1349.319 1349.466 1349.613 1349.76 1349.818 1349.868 1349.919 1349.969 1350.0 1350.0 1350.0 1350.0 1350.0 1350.0 1350.0 1350.0 1350.0 1350.0 1350.0 1350.0 1350.0 1350.0 1350.0 1350.0 1350.0 1350.0 1350.0 1350.0 1350.0 1350.0 1350.0 1350.0 1350.0 1350.0 1350.0 1350.0 1350.0 1350.0 1350.0 1350.0 1350.0 1350.0 1350.0 1350.0 1350.0 1350.0 1350.0 1350.0 1350.0 1350.0 1350.0 1350.0 1350.0 1350.0 1350.0 1350.0 1350.0 1350.0 1350.0 1350.0 1350.0 1350.0 1350.0 1350.0 1350.0
1349.014 1349.02 1349.027 1349.099 1349.246 1349.393 1349.54 1349.687 1349.759 1349.826 1349.893 1349.959 1350.0 1350.0 1350.0 1350.0 1350.0 1350.0 1350.0 1350.0 1350.0 1350.0 1350.0 1350.0 1350.0 1350.0 1350.0 1350.0 1350.0 1350.0 1350.0 1350.0 1350.0 1350.0 1350.0 1350.0 1350.0 1350.0 1350.0 1350.0 1350.0 1350.0 1350.0 1350.0 1350.0 1350.0 1350.0 1350.0 1350.0 1350.0 1350.0 1350.0 1350.0 1350.0 1350.0 1350.0 1350.0 1350.0 1350.0 1350.0 1350.0 1350.0 1350.0 1350.0 1350.0 1350.0 1350.0 1350.0 1350.0
1349.0 1349.0 1349.0 1349.059 1349.188 1349.316 1349.444 1349.573 1349.667 1349.76 1349.852 1349.944 1350.0 1350.0 1350.0 1350.0 1350.0 1350.0 1350.0 1350.0 1350.0 1350.0 1350.0 1350.0 1350.0 1350.0 1350.0 1350.0 1350.0 1350.0 1350.0 1350.0 1350.0 1350.0 1350.0 1350.0 1350.0 1350.0 1350.0 1350.0 1350.0 1350.0 1350.0 1350.0 1350.0 1350.0 1350.0 1350.0 1350.0 1350.0 1350.0 1350.0 1350.0 1350.0 1350.0 1350.0 1350.0 1350.0 1350.0 1350.0 1350.0 1350.0 1350.0 1350.0 1350.0 1350.0 1350.0 1350.0 1350.0
1349.0 1349.0 1349.0 1349.045 1349.141 1349.236 1349.332 1349.428 1349.551 1349.675 1349.8 1349.924 1350.0 1350.0 1350.0 1350.0 1350.0 1350.0 1350.0 1350.0 1350.0 1350.0 1350.0 1350.0 1350.0 1350.0 1350.0 1350.0 1350.0 1350.0 1350.0 1350.0 1350.0 1350.0 1350.0 1350.0 1350.0 1350.0 1350.0 1350.0 1350.0 1350.0 1350.0 1350.0 1350.0 1350.0 1350.0 1350.0 1350.0 1350.0 1350.0 1350.0 1350.0 1350.0 1350.0 1350.0 1350.0 1350.0 1350.0 1350.0 1350.0 1350.0 1350.0 1350.0 1350.0 1350.0 1350.0 1350.0 1350.0
1349.0 1349.0 1349.0 1349.03 1349.093 1349.157 1349.22 1349.284 1349.434 1349.591 1349.748 1349.905 1350.0 1350.0 1350.0 1350.0 1350.0 1350.0 1350.0 1350.0 1350.0 1350.0 1350.0 1350.0 1350.0 1350.0 1350.0 1350.0 1350.0 1350.0 1350.0 1350.0 1350.0 1350.0 1350.0 1350.0 1350.0 1350.0 1350.0 1350.0 1350.0 1350.0 1350.0 1350.0 1350.0 1350.0 1350.0 1350.0 1350.0 1350.0 1350.0 1350.0 1350.0 1350.0 1350.0 1350.0 1350.0 1350.0 1350.0 1350.0 1350.0 1350.0 1350.0 1350.0 1350.0 1350.0 1350.0 1350.0 1350.0
1349.0 1349.0 1349.0 1349.015 1349.046 1349.077 1349.109 1349.14 1349.318 1349.507 1349.696 1349.885 1350.0 1350.0 1350.0 1350.0 1350.0 1350.0 1350.0 1350.0 1350.0 1350.0 1350.0 1350.0 1350.0 1350.0 1350.0 1350.0 1350.0 1350.0 1350.0 1350.0 1350.0 1350.0 1350.0 1350.0 1350.0 1350.0 1350.0 1350.0 1350.0 1350.0 1350.0 1350.0 1350.0 1350.0 1350.0 1350.0 1350.0 1350.0 1350.0 1350.0 1350.0 1350.0 1350.0 1350.0 1350.0 1350.0 1350.0 1350.0 1350.0 1350.0 1350.0 1350.0 1350.0 1350.0 1350.0 1350.0 1350.0
1349.0 1349.0 1349.0 1349.0 1349.0 1349.0 1349.0 1349.0 1349.203 1349.422 1349.642 1349.861 1349.995 1349.996 1349.997 1349.999 1350.0 1350.0 1350.0 1350.0 1350.0 1350.0 1350.0 1350.0 1350.0 1350.0 1350.0 1350.0 1350.0 1350.0 1350.0 1350.0 1350.0 1350.0 1350.0 1350.0 1350.0 1350.0 1350.0 1350.0 1350.0 1350.0 1350.0 1350.0 1350.0 1350.0 1350.0 1350.0 1350.0 1350.0 1350.0 1350.0 1350.0 1350.0 1350.0 1350.0 1350.0 1350.0 1350.0 1350.0 1350.0 1350.0 1350.0 1349.999 1349.998 1349.997 1349.996 1349.995 1349.995
1349.0 1349.0 1349.0 1349.0 1349.0 1349.0 1349.0 1349.0 1349.163 1349.339 1349.516 1349.692 1349.816 1349.861 1349.905 1349.949 1349.994 1350.0 1350.0 1350.0 1350.0 1350.0 1350.0 1350.0 1350.0 1350.0 1350.0 1350.0 1350.0 1350.0 1350.0 1350.0 1350.0 1350.0 1350.0 1350.0 1350.0 1350.0 1350.0 1350.0 1350.0 1350.0 1350.0 1350.0 1350.0 1350.0 1350.0 1350.0 1350.0 1350.0 1350.0 1350.0 1350.0 1350.0 1350.0 1350.0 1350.0 1350.0 1350.0 1350.0 1350.0 1350.0 1349.984 1349.95 1349.917 1349.884 1349.851 1349.833 1349.817
1349.0 1349.0 1349.0 1349.0 1349.0 1349.0 1349.0 1349.0 1349.123 1349.256 1349.39 1349.523 1349.638 1349.725 1349.813 1349.9 1349.987 1350.0 1350.0 1350.0 1350.0 1350.0 1350.0 1350.0 1350.0 1350.0 1350.0 1350.0 1350.0 1350.0 1350.0 1350.0 1350.0 1350.0 1350.0 1350.0 1350.0 1350.0 1350.0 1350.0 1350.0 1350.0 1350.0 1350.0 1350.0 1350.0 1350.0 1350.0 1350.0 1350.0 1350.0 1350.0 1350.0 1350.0 1350.0 1350.0 1350.0 1350.0 1350.0 1350.0 1350.0 1350.0 1349.968 1349.902 1349.837 1349.771 1349.706 1349.671 1349.639
1349.0 1349.0 1349.0 1349.0 1349.0 1349.0 1349.0 1349.0 1349.083 1349.173 1349.264 1349.354 1349.459 1349.59 1349.72 1349.851 1349.981 1350.0 1350.0 1350.0 1350.0 1350.0 1350.0 1350.0 1350.0 1350.0 1350.0 1350.0 1350.0 1350.0 1350.0 1350.0 1350.0 1350.0 1350.0 1350.0 1350.0 1350.0 1350.0 1350.0 1350.0 1350.0 1350.0 1350.0 1350.0 1350.0 1350.0 1350.0 1350.0 1350.0 1350.0 1350.0 1350.0 1350.0 1350.0 1350.0 1350.0 1350.0 1350.0 1350.0 1350.0 1350.0 1349.952 1349.854 1349.756 1349.658 1349.56 1349.509 1349.461
1349.0 1349.0 1349.0 1349.0 1349.0 1349.0 1349.0 1349.0 1349.044 1349.09 1349.137 1349.184 1349.281 1349.454 1349.628 1349.801 1349.975 1350.0 1350.0 1350.0 1350.0 1350.0 1350.0 1350.0 1350.0 1350.0 1350.0 1350.0 1350.0 1350.0 1350.0 1350.0 1350.0 1350.0 1350.0 1350.0 1350.0 1350.0 1350.0 1350.0 1350.0 1350.0 1350.0 1350.0 1350.0 1350.0 1350.0 1350.0 1350.0 1350.0 1350.0 1350.0 1350.0 1350.0 1350.0 1350.0 1350.0 1350.0 1350.0 1350.0 1350.0 1350.0 1349.936 1349.806 1349.676 1349.546 1349.415 1349.348 1349.282
1349.0 1349.0 1349.0 1349.0 1349.0 1349.0 1349.0 1349.0 1349.02 1349.042 1349.064 1349.086 1349.168 1349.343 1349.519 1349.694 1349.87 1349.912 1349.933 1349.954 1349.974 1349.989 1349.992 1349.994 1349.997 1349.999 1350.0 1350.0 1350.0 1350.0 1350.0 1350.0 1350.0 1350.0 1350.0 1350.0 1350.0 1350.0 1350.0 1350.0 1350.0 1350.0 1350.0 1350.0 1350.0 1350.0 1350.0 1350.0 1350.0 1350.0 1350.0 1350.0 1350.0 1349.996 1349.988 1349.98 1349.973 1349.965 1349.954 1349.944 1349.934 1349.923 1349.851 1349.714 1349.578 1349.441 1349.304 1349.235 1349.17
1349.0 1349.0 1349.0 1349.0 1349.0 1349.0 1349.0 1349.0 1349.015 1349.032 1349.048 1349.065 1349.127 1349.259 1349.391 1349.524 1349.656 1349.73 1349.793 1349.857 1349.921 1349.966 1349.974 1349.982 1349.99 1349.998 1350.0 1350.0 1350.0 1350.0 1350.0 1350.0 1350.0 1350.0 1350.0 1350.0 1350.0 1350.0 1350.0 1350.0 1350.0 1350.0 1350.0 1350.0 1350.0 1350.0 1350.0 1350.0 1350.0 1350.0 1350.0 1350.0 1350.0 1349.986 1349.963 1349.939 1349.915 1349.891 1349.859 1349.827 1349.795 1349.763 1349.691 1349.575 1349.46 1349.345 1349.23 1349.178 1349.128
1349.0 1349.0 1349.0 1349.0 1349.0 1349.0 1349.0 1349.0 1349.01 1349.021 1349.033 1349.044 1349.086 1349.175 1349.264 1349.353 1349.443 1349.547 1349.653 1349.76 1349.867 1349.944 1349.957 1349.97 1349.984 1349.997 1350.0 1350.0 1350.0 1350.0 1350.0 1350.0 1350.0 1350.0 1350.0 1350.0 1350.0 1350.0 1350.0 1350.0 1350.0 1350.0 1350.0 1350.0 1350.0 1350.0 1350.0 1350.0 1350.0 1350.0 1350.0 1350.0 1350.0 1349.977 1349.937 1349.897 1349.857 1349.817 1349.764 1349.71 1349.657 1349.604 1349.53 1349.437 1349.343 1349.249 1349.156 1349.12 1349.086
1349.0 1349.0 1349.0 1349.0 1349.0 1349.0 1349.0 1349.0 1349.005 1349.011 1349.017 1349.023 1349.044 1349.09 1349.137 1349.183 1349.229 1349.364 1349.514 1349.663 1349.813 1349.921 1349.94 1349.958 1349.977 1349.996 1350.0 1350.0 1350.0 1350.0 1350.0 1350.0 1350.0 1350.0 1350.0 1350.0 1350.0 1350.0 1350.0 1350.0 1350.0 1350.0 1350.0 1350.0 1350.0 1350.0 1350.0 1350.0 1350.0 1350.0 1350.0 1350.0 1350.0 1349.968 1349.912 1349.856 1349.8 1349.743 1349.668 1349.593 1349.518 1349.443 1349.37 1349.298 1349.226 1349.154 1349.082 1349.062 1349.045
1349.0 1349.0 1349.0 1349.0 1349.0 1349.0 1349.0 1349.0 1349.0 1349.001 1349.001 1349.002 1349.003 1349.006 1349.009 1349.012 1349.016 1349.181 1349.374 1349.567 1349.759 1349.898 1349.922 1349.947 1349.971 1349.995 1350.0 1350.0 1350.0 1350.0 1350.0 1350.0 1350.0 1350.0 1350.0 1350.0 1350.0 1350.0 1350.0 1350.0 1350.0 1350.0 1350.0 1350.0 1350.0 1350.0 1350.0 1350.0 1350.0 1350.0 1350.0 1350.0 1350.0 1349.959 1349.887 1349.815 1349.742 1349.669 1349.573 1349.476 1349.38 1349.283 1349.21 1349.159 1349.109 1349.058 1349.007 1349.004 1349.003
1349.0 1349.0 1349.0 1349.0 1349.0 1349.0 1349.0 1349.0 1349.0 1349.0 1349.0 1349.0 1349.0 1349.0 1349.0 1349.0 1349.0 1349.133 1349.289 1349.445 1349.601 1349.728 1349.793 1349.857 1349.922 1349.986 1350.0 1350.0 1350.0 1350.0 1350.0 1350.0 1350.0 1350.0 1350.0 1350.0 1350.0 1350.0 1350.0 1350.0 1350.0 1350.0 1350.0 1350.0 1350.0 1350.0 1350.0 1350.0 1349.999 1349.984 1349.969 1349.954 1349.939 1349.882 1349.794 1349.705 1349.617 1349.529 1349.451 1349.373 1349.295 1349.216 1349.158 1349.119 1349.08 1349.041 1349.002 1349.0 1349.0
1349.0 1349.0 1349.0 1349.0 1349.0 1349.0 1349.0 1349.0 1349.0 1349.0 1349.0 1349.0 1349.0 1349.0 1349.0 1349.0 1349.0 1349.097 1349.21 1349.323 1349.435 1349.547 1349.654 1349.762 1349.869 1349.977 1350.0 1350.0 1350.0 1350.0 1350.0 1350.0 1350.0 1350.0 1350.0 1350.0 1350.0 1350.0 1350.0 1350.0 1350.0 1350.0 1350.0 1350.0 1350.0 1350.0 1350.0 1350.0 1349.997 1349.966 1349.935 1349.903 1349.872 1349.8 1349.695 1349.59 1349.486 1349.383 1349.326 1349.27 1349.213 1349.157 1349.114 1349.086 1349.058 1349.029 1349.001 1349.0 1349.0
1349.0 1349.0 1349.0 1349.0 1349.0 1349.0 1349.0 1349.0 1349.0 1349.0 1349.0 1349.0 1349.0 1349.0 1349.0 1349.0 1349.0 1349.06 1349.13 1349.2 1349.269 1349.365 1349.516 1349.666 1349.817 1349.967 1350.0 1350.0 1350.0 1350.0 1350.0 1350.0 1350.0 1350.0 1350.0 1350.0 1350.0 1350.0 1350.0 1350.0 1350.0 1350.0 1350.0 1350.0 1350.0 1350.0 1350.0 1350.0 1349.995 1349.948 1349.901 1349.853 1349.806 1349.717 1349.597 1349.476 1349.355 1349.237 1349.202 1349.167 1349.132 1349.097 1349.071 1349.053 1349.036 1349.018 1349.001 1349.0 1349.0
1349.0 1349.0 1349.0 1349.0 1349.0 1349.0 1349.0 1349.0 1349.0 1349.0 1349.0 1349.0 1349.0 1349.0 1349.0 1349.0 1349.0 1349.023 1349.05 1349.077 1349.103 1349.183 1349.377 1349.571 1349.764 1349.958 1350.0 1350.0 1350.0 1350.0 1350.0 1350.0 1350.0 1350.0 1350.0 1350.0 1350.0 1350.0 1350.0 1350.0 1350.0 1350.0 1350.0 1350.0 1350.0 1350.0 1350.0 1350.0 1349.994 1349.93 1349.867 1349.803 1349.74 1349.635 1349.498 1349.361 1349.224 1349.091 1349.078 1349.064 1349.051 1349.037 1349.027 1349.02 1349.014 1349.007 1349.0 1349.0 1349.0
1349.0 1349.0 1349.0 1349.0 1349.0 1349.0 1349.0 1349.0 1349.0 1349.0 1349.0 1349.0 1349.0 1349.0 1349.0 1349.0 1349.0 1349.0 1349.0 1349.0 1349.0 1349.065 1349.269 1349.474 1349.678 1349.882 1349.93 1349.934 1349.938 1349.942 1349.945 1349.945 1349.945 1349.945 1349.945 1349.945 1349.945 1349.945 1349.945 1349.945 1349.945 1349.945 1349.945 1349.945 1349.942 1349.938 1349.934 1349.93 1349.919 1349.85 1349.781 1349.711 1349.642 1349.535 1349.401 1349.266 1349.131 1349.0 1349.0 1349.0 1349.0 1349.0 1349.0 1349.0 1349.0 1349.0 1349.0 1349.0 1349.0
1349.0 1349.0 1349.0 1349.0 1349.0 1349.0 1349.0 1349.0 1349.0 1349.0 1349.0 1349.0 1349.0 1349.0 1349.0 1349.0 1349.0 1349.0 1349.0 1349.0 1349.0 1349.051 1349.213 1349.374 1349.535 1349.696 1349.743 1349.757 1349.772 1349.787 1349.798 1349.798 1349.798 1349.798 1349.798 1349.798 1349.798 1349.798 1349.798 1349.798 1349.798 1349.798 1349.798 1349.798 1349.789 1349.774 1349.759 1349.744 1349.725 1349.667 1349.608 1349.549 1349.49 1349.407 1349.305 1349.202 1349.099 1349.0 1349.0 1349.0 1349.0 1349.0 1349.0 1349.0 1349.0 1349.0 1349.0 1349.0 1349.0
1349.0 1349.0 1349.0 1349.0 1349.0 1349.0 1349.0 1349.0 1349.0 1349.0 1349.0 1349.0 1349.0 1349.0 1349.0 1349.0 1349.0 1349.0 1349.0 1349.0 1349.0 1349.038 1349.156 1349.274 1349.392 1349.51 1349.556 1349.581 1349.607 1349.632 1349.652 1349.652 1349.652 1349.652 1349.652 1349.652 1349.652 1349.652 1349.652 1349.652 1349.652 1349.652 1349.652 1349.652 1349.635 1349.61 1349.584 1349.559 1349.531 1349.483 1349.435 1349.387 1349.339 1349.279 1349.209 1349.138 1349.068 1349.0 1349.0 1349.0 1349.0 1349.0 1349.0 1349.0 1349.0 1349.0 1349.0 1349.0 1349.0
1349.0 1349.0 1349.0 1349.0 1349.0 1349.0 1349.0 1349.0 1349.0 1349.0 1349.0 1349.0 1349.0 1349.0 1349.0 1349.0 1349.0 1349.0 1349.0 1349.0 1349.0 1349.024 1349.099 1349.174 1349.249 1349.324 1349.369 1349.405 1349.442 1349.478 1349.505 1349.505 1349.505 1349.505 1349.505 1349.505 1349.505 1349.505 1349.505 1349.505 1349.505 1349.505 1349.505 1349.505 1349.482 1349.446 1349.409 1349.373 1349.337 1349.3 1349.262 1349.225 1349.188 1349.151 1349.113 1349.075 1349.037 1349.0 1349.0 1349.0 1349.0 1349.0 1349.0 1349.0 1349.0 1349.0 1349.0 1349.0 1349.0
1349.0 1349.0 1349.0 1349.0 1349.0 1349.0 1349.0 1349.0 1349.0 1349.0 1349.0 1349.0 1349.0 1349.0 1349.0 1349.0 1349.0 1349.0 1349.0 1349.0 1349.0 1349.01 1349.042 1349.074 1349.106 1349.138 1349.182 1349.229 1349.276 1349.323 1349.359 1349.359 1349.359 1349.359 1349.359 1349.359 1349.359 1349.359 1349.359 1349.359 1349.359 1349.359 1349.359 1349.359 1349.329 1349.282 1349.234 1349.187 1349.142 1349.116 1349.09 1349.063 1349.037 1349.022 1349.017 1349.011 1349.005 1349.0 1349.0 1349.0 1349.0 1349.0 1349.0 1349.0 1349.0 1349.0 1349.0 1349.0 1349.0
1349.0 1349.0 1349.0 1349.0 1349.0 1349.0 1349.0 1349.0 1349.0 1349.0 1349.0 1349.0 1349.0 1349.0 1349.0 1349.0 1349.0 1349.0 1349.0 1349.0 1349.0 1349.006 1349.026 1349.047 1349.067 1349.087 1349.122 1349.162 1349.203 1349.243 1349.273 1349.273 1349.273 1349.273 1349.273 1349.273 1349.273 1349.273 1349.273 1349.273 1349.273 1349.273 1349.273 1349.273 1349.247 1349.207 1349.167 1349.127 1349.089 1349.069 1349.049 1349.029 1349.009 1349.0 1349.0 1349.0 1349.0 1349.0 1349.0 1349.0 1349.0 1349.0 1349.0 1349.0 1349.0 1349.0 1349.0 1349.0 1349.0
1349.0 1349.0 1349.0 1349.0 1349.0 1349.0 1349.0 1349.0 1349.0 1349.0 1349.0 1349.0 1349.0 1349.0 1349.0 1349.0 1349.0 1349.0 1349.0 1349.0 1349.0 1349.005 1349.019 1349.034 1349.049 1349.063 1349.089 1349.119 1349.148 1349.177 1349.2 1349.2 1349.2 1349.2 1349.2 1349.2 1349.2 1349.2 1349.2 1349.2 1349.2 1349.2 1349.2 1349.2 1349.181 1349.151 1349.122 1349.093 1349.065 1349.05 1349.036 1349.021 1349.006 1349.0 1349.0 1349.0 1349.0 1349.0 1349.0 1349.0 1349.0 1349.0 1349.0 1349.0 1349.0 1349.0 1349.0 1349.0 1349.0
1349.0 1349.0 1349.0 1349.0 1349.0 1349.0 1349.0 1349.0 1349.0 1349.0 1349.0 1349.0 1349.0 1349.0 1349.0 1349.0 1349.0 1349.0 1349.0 1349.0 1349.0 1349.003 1349.012 1349.021 1349.031 1349.04 1349.057 1349.075 1349.094 1349.112 1349.126 1349.126 1349.126 1349.126 1349.126 1349.126 1349.126 1349.126 1349.126 1349.126 1349.126 1349.126 1349.126 1349.126 1349.115 1349.096 1349.077 1349.059 1349.041 1349.032 1349.023 1349.013 1349.004 1349.0 1349.0 1349.0 1349.0 1349.0 1349.0 1349.0 1349.0 1349.0 1349.0 1349.0 1349.0 1349.0 1349.0 1349.0 1349.0
1349.0 1349.0 1349.0 1349.0 1349.0 1349.0 1349.0 1349.0 1349.0 1349.0 1349.0 1349.0 1349.0 1349.0 1349.0 1349.0 1349.0 1349.0 1349.0 1349.0 1349.0 1349.001 1349.005 1349.009 1349.013 1349.017 1349.024 1349.032 1349.039 1349.047 1349.053 1349.053 1349.053 1349.053 1349.053 1349.053 1349.053 1349.053 1349.053 1349.053 1349.053 1349.053 1349.053 1349.053 1349.048 1349.04 1349.032 1349.025 1349.017 1349.013 1349.01 1349.006 1349.002 1349.0 1349.0 1349.0 1349.0 1349.0 1349.0 1349.0 1349.0 1349.0 1349.0 1349.0 1349.0 1349.0 1349.0 1349.0 1349.0
1349.0 1349.0 1349.0 1349.0 1349.0 1349.0 1349.0 1349.0 1349.0 1349.0 1349.0 1349.0 1349.0 1349.0 1349.0 1349.0 1349.0 1349.0 1349.0 1349.0 1349.0 1349.0 1349.0 1349.0 1349.0 1349.0 1349.0 1349.0 1349.0 1349.0 1349.0 1349.0 1349.0 1349.0 1349.0 1349.0 1349.0 1349.0 1349.0 1349.0 1349.0 1349.0 1349.0 1349.0 1349.0 1349.0 1349.0 1349.0 1349.0 1349.0 1349.0 1349.0 1349.0 1349.0 1349.0 1349.0 1349.0 1349.0 1349.0 1349.0 1349.0 1349.0 1349.0 1349.0 1349.0 1349.0 1349.0 1349.0 1349.0
1349.0 1349.0 1349.0 1349.0 1349.0 1349.0 1349.0 1349.0 1349.0 1349.0 1349.0 1349.0 1349.0 1349.0 1349.0 1349.0 1349.0 1349.0 1349.0 1349.0 1349.0 1349.0 1349.0 1349.0 1349.0 1349.0 1349.0 1349.0 1349.0 1349.0 1349.0 1349.0 1349.0 1349.0 1349.0 1349.0 1349.0 1349.0 1349.0 1349.0 1349.0 1349.0 1349.0 1349.0 1349.0 1349.0 1349.0 1349.0 1349.0 1349.0 1349.0 1349.0 1349.0 1349.0 1349.0 1349.0 1349.0 1349.0 1349.0 1349.0 1349.0 1349.0 1349.0 1349.0 1349.0 1349.0 1349.0 1349.0 1349.0
