data/zism_data/01052_02_D.txt
ncols         224
nrows         224
[rows 112 to 139 of 224, columns 126 to 188 of 224]
1568.181 1568.423 1568.665 1568.907 1569.147 1569.385 1569.623 1569.86 1570.098 1570.359 1570.623 1570.887 1571.151 1571.315 1571.315 1571.315 1571.315 1571.315 1571.093 1570.83 1570.566 1570.302 1570.087 1569.983 1569.88 1569.776 1569.672 1569.386 1569.045 1568.703 1568.362 1567.998 1567.561 1567.125 1566.688 1566.251 1565.863 1565.496 1565.128 1564.761 1564.384 1563.956 1563.528 1563.1 1562.672 1562.182 1561.655 1561.127 1560.6 1560.075 1559.578 1559.081 1558.584 1558.087 1557.528 1556.918 1556.308 1555.699 1555.088 1554.405 1553.722 1553.039 1552.356
1568.641 1568.905 1569.168 1569.432 1569.667 1569.867 1570.067 1570.267 1570.467 1570.765 1571.071 1571.378 1571.685 1571.876 1571.876 1571.876 1571.876 1571.876 1571.618 1571.312 1571.005 1570.698 1570.466 1570.405 1570.345 1570.284 1570.224 1569.939 1569.587 1569.234 1568.882 1568.503 1568.034 1567.565 1567.096 1566.627 1566.229 1565.861 1565.494 1565.127 1564.749 1564.315 1563.882 1563.449 1563.015 1562.527 1562.005 1561.483 1560.961 1560.438 1559.903 1559.368 1558.833 1558.299 1557.711 1557.08 1556.449 1555.818 1555.186 1554.481 1553.777 1553.072 1552.368
1569.102 1569.387 1569.672 1569.957 1570.187 1570.349 1570.512 1570.674 1570.836 1571.17 1571.52 1571.87 1572.219 1572.437 1572.437 1572.437 1572.437 1572.437 1572.143 1571.793 1571.444 1571.094 1570.845 1570.828 1570.81 1570.792 1570.775 1570.492 1570.129 1569.766 1569.403 1569.008 1568.506 1568.005 1567.504 1567.003 1566.595 1566.227 1565.86 1565.493 1565.114 1564.675 1564.236 1563.798 1563.359 1562.872 1562.355 1561.839 1561.322 1560.801 1560.228 1559.656 1559.083 1558.511 1557.894 1557.242 1556.589 1555.937 1555.283 1554.557 1553.831 1553.105 1552.379
1569.586 1569.874 1570.161 1570.449 1570.681 1570.843 1571.006 1571.169 1571.332 1571.673 1572.031 1572.389 1572.746 1572.969 1572.969 1572.969 1572.969 1572.969 1572.685 1572.346 1572.007 1571.668 1571.421 1571.383 1571.345 1571.307 1571.268 1570.977 1570.61 1570.243 1569.875 1569.476 1568.971 1568.466 1567.961 1567.457 1567.034 1566.648 1566.261 1565.875 1565.476 1565.016 1564.556 1564.096 1563.636 1563.142 1562.628 1562.114 1561.599 1561.078 1560.484 1559.89 1559.296 1558.701 1558.068 1557.404 1556.739 1556.075 1555.41 1554.703 1553.997 1553.291 1552.585
1570.088 1570.365 1570.642 1570.918 1571.156 1571.346 1571.536 1571.725 1571.915 1572.244 1572.585 1572.927 1573.269 1573.482 1573.482 1573.482 1573.482 1573.482 1573.238 1572.947 1572.657 1572.367 1572.133 1572.031 1571.928 1571.825 1571.723 1571.417 1571.049 1570.682 1570.314 1569.919 1569.43 1568.941 1568.453 1567.964 1567.524 1567.105 1566.686 1566.268 1565.837 1565.345 1564.853 1564.36 1563.868 1563.362 1562.848 1562.333 1561.819 1561.297 1560.692 1560.087 1559.482 1558.877 1558.236 1557.566 1556.896 1556.226 1555.557 1554.899 1554.241 1553.583 1552.926
1570.59 1570.856 1571.122 1571.388 1571.632 1571.848 1572.065 1572.282 1572.498 1572.814 1573.14 1573.466 1573.791 1573.994 1573.994 1573.994 1573.994 1573.994 1573.791 1573.549 1573.307 1573.065 1572.845 1572.678 1572.511 1572.344 1572.177 1571.856 1571.488 1571.121 1570.753 1570.361 1569.889 1569.416 1568.944 1568.471 1568.014 1567.563 1567.112 1566.661 1566.198 1565.673 1565.149 1564.624 1564.1 1563.582 1563.067 1562.553 1562.039 1561.515 1560.9 1560.284 1559.668 1559.052 1558.404 1557.729 1557.053 1556.378 1555.704 1555.094 1554.485 1553.876 1553.266
1571.091 1571.347 1571.602 1571.857 1572.107 1572.351 1572.594 1572.838 1573.081 1573.385 1573.695 1574.004 1574.314 1574.506 1574.506 1574.506 1574.506 1574.506 1574.344 1574.15 1573.957 1573.763 1573.558 1573.326 1573.094 1572.862 1572.631 1572.295 1571.927 1571.56 1571.192 1570.804 1570.348 1569.891 1569.435 1568.979 1568.504 1568.02 1567.537 1567.054 1566.559 1566.002 1565.445 1564.888 1564.332 1563.801 1563.287 1562.772 1562.258 1561.734 1561.108 1560.481 1559.855 1559.228 1558.572 1557.891 1557.21 1556.53 1555.851 1555.29 1554.729 1554.168 1553.607
1571.594 1571.839 1572.084 1572.329 1572.585 1572.855 1573.125 1573.395 1573.665 1573.956 1574.249 1574.543 1574.836 1575.019 1575.021 1575.022 1575.023 1575.025 1574.9 1574.752 1574.604 1574.455 1574.263 1573.969 1573.676 1573.383 1573.089 1572.738 1572.369 1572.0 1571.632 1571.246 1570.806 1570.365 1569.924 1569.484 1568.991 1568.476 1567.961 1567.446 1566.92 1566.332 1565.743 1565.155 1564.567 1564.025 1563.51 1562.995 1562.481 1561.955 1561.318 1560.68 1560.042 1559.405 1558.742 1558.058 1557.374 1556.691 1556.01 1555.497 1554.984 1554.471 1553.958
1572.111 1572.362 1572.612 1572.863 1573.127 1573.407 1573.688 1573.969 1574.249 1574.527 1574.804 1575.081 1575.358 1575.546 1575.585 1575.624 1575.663 1575.702 1575.552 1575.366 1575.18 1574.994 1574.78 1574.503 1574.226 1573.948 1573.671 1573.295 1572.888 1572.482 1572.075 1571.662 1571.227 1570.792 1570.356 1569.921 1569.419 1568.888 1568.357 1567.826 1567.285 1566.691 1566.098 1565.504 1564.911 1564.36 1563.834 1563.309 1562.783 1562.246 1561.587 1560.928 1560.269 1559.61 1558.969 1558.345 1557.72 1557.096 1556.474 1556.004 1555.534 1555.064 1554.594
1572.629 1572.885 1573.141 1573.396 1573.668 1573.96 1574.251 1574.542 1574.834 1575.097 1575.358 1575.62 1575.88 1576.072 1576.149 1576.225 1576.302 1576.379 1576.203 1575.979 1575.756 1575.532 1575.297 1575.036 1574.775 1574.514 1574.253 1573.851 1573.407 1572.963 1572.519 1572.078 1571.648 1571.218 1570.788 1570.358 1569.847 1569.3 1568.752 1568.205 1567.65 1567.051 1566.452 1565.853 1565.254 1564.695 1564.158 1563.622 1563.086 1562.537 1561.856 1561.176 1560.495 1559.814 1559.197 1558.632 1558.066 1557.501 1556.938 1556.511 1556.084 1555.657 1555.231
1573.146 1573.408 1573.669 1573.93 1574.21 1574.512 1574.814 1575.116 1575.418 1575.668 1575.913 1576.158 1576.403 1576.599 1576.713 1576.827 1576.942 1577.056 1576.854 1576.593 1576.332 1576.071 1575.814 1575.569 1575.324 1575.08 1574.835 1574.408 1573.926 1573.444 1572.963 1572.494 1572.069 1571.645 1571.22 1570.796 1570.275 1569.711 1569.148 1568.585 1568.015 1567.411 1566.806 1566.202 1565.598 1565.029 1564.482 1563.935 1563.388 1562.828 1562.126 1561.423 1560.721 1560.019 1559.425 1558.919 1558.412 1557.906 1557.402 1557.018 1556.634 1556.251 1555.867
1573.664 1573.931 1574.197 1574.464 1574.751 1575.064 1575.377 1575.69 1576.003 1576.239 1576.468 1576.696 1576.925 1577.125 1577.277 1577.429 1577.581 1577.733 1577.506 1577.207 1576.908 1576.609 1576.332 1576.103 1575.874 1575.645 1575.416 1574.964 1574.445 1573.926 1573.406 1572.91 1572.491 1572.072 1571.652 1571.233 1570.703 1570.123 1569.544 1568.964 1568.38 1567.77 1567.161 1566.551 1565.942 1565.364 1564.806 1564.249 1563.691 1563.119 1562.395 1561.671 1560.948 1560.224 1559.653 1559.206 1558.759 1558.312 1557.866 1557.525 1557.184 1556.844 1556.503
1574.28 1574.544 1574.808 1575.072 1575.356 1575.664 1575.972 1576.281 1576.589 1576.817 1577.037 1577.257 1577.478 1577.679 1577.848 1578.017 1578.186 1578.354 1578.129 1577.829 1577.528 1577.228 1576.947 1576.711 1576.475 1576.24 1576.004 1575.531 1574.987 1574.443 1573.899 1573.38 1572.945 1572.511 1572.076 1571.642 1571.101 1570.513 1569.925 1569.337 1568.746 1568.136 1567.526 1566.916 1566.307 1565.724 1565.158 1564.592 1564.026 1563.448 1562.736 1562.025 1561.313 1560.602 1560.051 1559.632 1559.213 1558.794 1558.377 1558.077 1557.776 1557.476 1557.176
1575.001 1575.254 1575.508 1575.761 1576.03 1576.316 1576.603 1576.889 1577.176 1577.402 1577.623 1577.843 1578.063 1578.262 1578.426 1578.589 1578.753 1578.916 1578.722 1578.459 1578.196 1577.934 1577.669 1577.401 1577.133 1576.865 1576.596 1576.108 1575.553 1574.998 1574.444 1573.908 1573.436 1572.964 1572.491 1572.019 1571.467 1570.879 1570.291 1569.703 1569.113 1568.508 1567.904 1567.299 1566.695 1566.111 1565.54 1564.968 1564.397 1563.818 1563.155 1562.492 1561.828 1561.165 1560.634 1560.209 1559.785 1559.361 1558.939 1558.676 1558.413 1558.151 1557.888
1575.722 1575.965 1576.208 1576.45 1576.703 1576.968 1577.233 1577.498 1577.763 1577.988 1578.208 1578.428 1578.649 1578.846 1579.004 1579.162 1579.32 1579.478 1579.314 1579.089 1578.864 1578.639 1578.391 1578.091 1577.79 1577.49 1577.189 1576.685 1576.12 1575.554 1574.989 1574.436 1573.926 1573.416 1572.906 1572.397 1571.833 1571.245 1570.657 1570.069 1569.479 1568.88 1568.281 1567.682 1567.083 1566.498 1565.921 1565.345 1564.768 1564.188 1563.573 1562.959 1562.344 1561.729 1561.216 1560.787 1560.357 1559.927 1559.5 1559.275 1559.05 1558.825 1558.6
1576.443 1576.675 1576.907 1577.139 1577.376 1577.62 1577.864 1578.107 1578.351 1578.573 1578.793 1579.014 1579.234 1579.429 1579.582 1579.735 1579.887 1580.04 1579.907 1579.72 1579.532 1579.345 1579.113 1578.781 1578.448 1578.115 1577.782 1577.262 1576.686 1576.11 1575.533 1574.964 1574.416 1573.869 1573.321 1572.774 1572.198 1571.611 1571.023 1570.435 1569.846 1569.252 1568.659 1568.065 1567.472 1566.885 1566.303 1565.721 1565.139 1564.558 1563.992 1563.426 1562.859 1562.293 1561.799 1561.364 1560.929 1560.493 1560.062 1559.875 1559.687 1559.5 1559.313
1577.165 1577.386 1577.607 1577.828 1578.05 1578.272 1578.494 1578.716 1578.938 1579.159 1579.379 1579.599 1579.82 1580.013 1580.16 1580.307 1580.455 1580.602 1580.5 1580.35 1580.2 1580.051 1579.835 1579.47 1579.105 1578.74 1578.375 1577.84 1577.253 1576.666 1576.078 1575.492 1574.907 1574.322 1573.736 1573.151 1572.564 1571.976 1571.389 1570.801 1570.213 1569.625 1569.036 1568.448 1567.86 1567.272 1566.685 1566.097 1565.51 1564.928 1564.41 1563.892 1563.375 1562.857 1562.381 1561.941 1561.5 1561.06 1560.624 1560.474 1560.324 1560.174 1560.025
1577.856 1578.037 1578.218 1578.398 1578.594 1578.81 1579.025 1579.241 1579.456 1579.676 1579.897 1580.117 1580.338 1580.525 1580.657 1580.789 1580.921 1581.053 1580.938 1580.776 1580.614 1580.452 1580.237 1579.899 1579.562 1579.224 1578.887 1578.364 1577.786 1577.209 1576.631 1576.052 1575.469 1574.886 1574.303 1573.72 1573.134 1572.546 1571.958 1571.37 1570.782 1570.189 1569.596 1569.003 1568.41 1567.823 1567.241 1566.658 1566.075 1565.498 1564.978 1564.459 1563.94 1563.42 1562.963 1562.557 1562.151 1561.745 1561.343 1561.196 1561.049 1560.902 1560.755
1578.546 1578.683 1578.821 1578.958 1579.129 1579.339 1579.549 1579.759 1579.969 1580.188 1580.409 1580.629 1580.85 1581.031 1581.147 1581.263 1581.378 1581.494 1581.363 1581.185 1581.007 1580.829 1580.612 1580.307 1580.002 1579.697 1579.391 1578.885 1578.318 1577.751 1577.183 1576.614 1576.036 1575.459 1574.881 1574.304 1573.719 1573.131 1572.544 1571.956 1571.366 1570.768 1570.17 1569.572 1568.973 1568.388 1567.81 1567.233 1566.656 1566.083 1565.558 1565.033 1564.508 1563.984 1563.545 1563.177 1562.808 1562.44 1562.075 1561.928 1561.781 1561.634 1561.487
1579.235 1579.33 1579.424 1579.519 1579.663 1579.868 1580.072 1580.277 1580.482 1580.701 1580.921 1581.142 1581.362 1581.537 1581.637 1581.737 1581.836 1581.936 1581.789 1581.595 1581.4 1581.206 1580.988 1580.715 1580.442 1580.169 1579.896 1579.406 1578.849 1578.293 1577.736 1577.176 1576.604 1576.032 1575.46 1574.888 1574.305 1573.717 1573.129 1572.541 1571.951 1571.347 1570.744 1570.14 1569.536 1568.952 1568.38 1567.808 1567.236 1566.668 1566.138 1565.607 1565.077 1564.547 1564.127 1563.796 1563.465 1563.135 1562.807 1562.66 1562.513 1562.366 1562.219
1579.925 1579.976 1580.028 1580.079 1580.197 1580.396 1580.596 1580.795 1580.995 1581.213 1581.433 1581.654 1581.874 1582.043 1582.127 1582.21 1582.294 1582.378 1582.214 1582.004 1581.794 1581.583 1581.364 1581.123 1580.882 1580.642 1580.401 1579.926 1579.38 1578.835 1578.289 1577.739 1577.172 1576.605 1576.038 1575.472 1574.89 1574.302 1573.715 1573.127 1572.536 1571.927 1571.318 1570.708 1570.099 1569.517 1568.95 1568.383 1567.817 1567.253 1566.717 1566.182 1565.646 1565.111 1564.709 1564.416 1564.123 1563.829 1563.538 1563.391 1563.245 1563.098 1562.951
1580.55 1580.577 1580.603 1580.63 1580.729 1580.917 1581.105 1581.292 1581.48 1581.702 1581.926 1582.151 1582.375 1582.544 1582.622 1582.699 1582.777 1582.854 1582.685 1582.468 1582.252 1582.035 1581.814 1581.582 1581.349 1581.117 1580.884 1580.424 1579.895 1579.366 1578.837 1578.301 1577.74 1577.178 1576.617 1576.056 1575.477 1574.891 1574.305 1573.72 1573.13 1572.517 1571.905 1571.292 1570.68 1570.097 1569.531 1568.966 1568.401 1567.838 1567.301 1566.764 1566.227 1565.691 1565.306 1565.047 1564.788 1564.528 1564.27 1564.105 1563.94 1563.775 1563.61
1581.068 1581.1 1581.131 1581.163 1581.256 1581.422 1581.589 1581.755 1581.921 1582.151 1582.386 1582.621 1582.856 1583.036 1583.124 1583.213 1583.301 1583.389 1583.23 1583.025 1582.819 1582.613 1582.39 1582.125 1581.86 1581.595 1581.331 1580.884 1580.382 1579.88 1579.378 1578.863 1578.307 1577.751 1577.195 1576.639 1576.066 1575.486 1574.905 1574.325 1573.739 1573.127 1572.515 1571.902 1571.29 1570.703 1570.133 1569.562 1568.991 1568.424 1567.892 1567.361 1566.829 1566.298 1565.931 1565.699 1565.466 1565.233 1565.001 1564.788 1564.574 1564.361 1564.148
1581.585 1581.623 1581.66 1581.697 1581.783 1581.928 1582.073 1582.217 1582.362 1582.6 1582.845 1583.091 1583.337 1583.528 1583.627 1583.726 1583.825 1583.924 1583.776 1583.581 1583.386 1583.191 1582.965 1582.668 1582.371 1582.074 1581.777 1581.344 1580.868 1580.393 1579.918 1579.426 1578.875 1578.324 1577.774 1577.223 1576.656 1576.08 1575.505 1574.93 1574.349 1573.737 1573.124 1572.512 1571.9 1571.31 1570.734 1570.158 1569.582 1569.01 1568.484 1567.958 1567.432 1566.905 1566.556 1566.35 1566.144 1565.939 1565.732 1565.47 1565.209 1564.947 1564.685
1582.103 1582.146 1582.188 1582.231 1582.31 1582.433 1582.557 1582.68 1582.803 1583.048 1583.305 1583.562 1583.819 1584.02 1584.13 1584.24 1584.349 1584.459 1584.322 1584.137 1583.953 1583.769 1583.541 1583.212 1582.882 1582.553 1582.224 1581.803 1581.355 1580.907 1580.458 1579.988 1579.443 1578.897 1578.352 1577.807 1577.245 1576.675 1576.105 1575.536 1574.959 1574.347 1573.734 1573.122 1572.51 1571.916 1571.335 1570.753 1570.172 1569.596 1569.075 1568.554 1568.034 1567.513 1567.18 1567.002 1566.823 1566.644 1566.463 1566.153 1565.843 1565.533 1565.223
1582.62 1582.668 1582.717 1582.765 1582.837 1582.939 1583.041 1583.142 1583.244 1583.497 1583.765 1584.032 1584.3 1584.512 1584.632 1584.753 1584.873 1584.994 1584.867 1584.694 1584.521 1584.347 1584.116 1583.755 1583.393 1583.032 1582.67 1582.263 1581.842 1581.42 1580.999 1580.55 1580.01 1579.47 1578.931 1578.391 1577.834 1577.27 1576.705 1576.141 1575.569 1574.957 1574.344 1573.732 1573.119 1572.523 1571.936 1571.349 1570.762 1570.182 1569.666 1569.151 1568.636 1568.12 1567.805 1567.653 1567.501 1567.349 1567.194 1566.836 1566.477 1566.119 1565.76
1583.125 1583.165 1583.205 1583.246 1583.322 1583.442 1583.562 1583.682 1583.802 1584.05 1584.311 1584.571 1584.832 1585.047 1585.187 1585.327 1585.467 1585.607 1585.478 1585.298 1585.118 1584.937 1584.688 1584.281 1583.874 1583.467 1583.06 1582.653 1582.245 1581.838 1581.43 1580.999 1580.491 1579.983 1579.475 1578.967 1578.417 1577.849 1577.281 1576.714 1576.14 1575.532 1574.924 1574.316 1573.708 1573.112 1572.524 1571.937 1571.349 1570.769 1570.281 1569.793 1569.306 1568.818 1568.517 1568.37 1568.223 1568.076 1567.926 1567.559 1567.191 1566.824 1566.457
1583.627 1583.656 1583.686 1583.715 1583.797 1583.944 1584.091 1584.238 1584.385 1584.626 1584.875 1585.125 1585.375 1585.592 1585.753 1585.915 1586.077 1586.238 1586.103 1585.912 1585.721 1585.53 1585.259 1584.803 1584.348 1583.893 1583.437 1583.027 1582.63 1582.233 1581.836 1581.422 1580.952 1580.481 1580.011 1579.541 1578.999 1578.426 1577.852 1577.279 1576.702 1576.099 1575.496 1574.894 1574.291 1573.698 1573.11 1572.522 1571.934 1571.358 1570.902 1570.446 1569.991 1569.535 1569.249 1569.102 1568.955 1568.808 1568.658 1568.291 1567.923 1567.556 1567.188
