data/zism_data/01057_04_D.txt
ncols         224
nrows         224
[rows 84 to 111 of 224, columns 0 to 62 of 224]
4207.604 4206.249 4205.61 4205.894 4206.178 4206.461 4206.745 4206.394 4205.961 4205.529 4205.096 4204.46 4203.422 4202.385 4201.347 4200.31 4198.767 4197.086 4195.406 4193.725 4191.282 4186.36 4181.438 4176.516 4171.593 4165.503 4158.875 4152.247 4145.619 4139.139 4133.616 4128.092 4122.569 4117.046 4114.82 4114.948 4115.077 4115.205 4115.553 4122.354 4129.155 4135.957 4142.758 4149.903 4157.419 4164.934 4172.45 4179.965 4182.338 4184.334 4186.331 4188.327 4188.855 4186.999 4185.142 4183.286 4181.429 4177.58 4173.325 4169.07 4164.814 4160.071 4154.072
4207.648 4205.617 4204.262 4203.779 4203.295 4202.812 4202.329 4201.827 4201.323 4200.818 4200.314 4199.701 4198.874 4198.046 4197.219 4196.392 4194.928 4193.29 4191.652 4190.015 4187.595 4182.631 4177.667 4172.704 4167.74 4161.579 4154.865 4148.151 4141.438 4134.899 4129.488 4124.076 4118.664 4113.252 4110.943 4110.85 4110.757 4110.663 4110.774 4116.902 4123.03 4129.158 4135.286 4141.99 4149.312 4156.634 4163.956 4171.278 4174.03 4176.448 4178.865 4181.283 4182.215 4180.738 4179.26 4177.783 4176.305 4172.504 4168.229 4163.955 4159.681 4154.935 4148.978
4211.814 4209.273 4207.237 4205.853 4204.468 4203.083 4201.699 4200.947 4200.276 4199.605 4198.935 4198.183 4197.27 4196.356 4195.443 4194.53 4192.866 4190.998 4189.13 4187.261 4184.651 4179.629 4174.606 4169.583 4164.56 4158.351 4151.594 4144.838 4138.082 4131.532 4126.319 4121.105 4115.893 4110.679 4108.431 4108.3 4108.169 4108.038 4108.083 4113.299 4118.515 4123.73 4128.946 4135.0 4141.951 4148.903 4155.854 4162.806 4165.958 4168.832 4171.706 4174.579 4175.941 4174.85 4173.759 4172.667 4171.576 4167.876 4163.645 4159.413 4155.182 4150.492 4144.626
4215.98 4212.929 4210.213 4207.927 4205.641 4203.354 4201.068 4200.067 4199.23 4198.393 4197.556 4196.665 4195.666 4194.667 4193.667 4192.668 4190.805 4188.706 4186.607 4184.508 4181.708 4176.626 4171.544 4166.462 4161.38 4155.123 4148.323 4141.524 4134.725 4128.165 4123.15 4118.135 4113.121 4108.106 4105.919 4105.75 4105.582 4105.413 4105.392 4109.695 4113.999 4118.303 4122.606 4128.009 4134.59 4141.171 4147.753 4154.334 4157.886 4161.216 4164.546 4167.875 4169.667 4168.962 4168.257 4167.552 4166.847 4163.249 4159.06 4154.871 4150.683 4146.05 4140.274
4220.146 4216.585 4213.188 4210.0 4206.813 4203.625 4200.438 4199.187 4198.184 4197.18 4196.177 4195.146 4194.061 4192.977 4191.892 4190.807 4188.744 4186.414 4184.084 4181.754 4178.764 4173.623 4168.482 4163.341 4158.2 4151.895 4145.053 4138.21 4131.368 4124.798 4119.981 4115.165 4110.349 4105.533 4103.406 4103.2 4102.994 4102.788 4102.7 4106.092 4109.483 4112.875 4116.266 4121.018 4127.229 4133.44 4139.652 4145.863 4149.814 4153.6 4157.386 4161.172 4163.393 4163.074 4162.755 4162.437 4162.118 4158.621 4154.475 4150.329 4146.184 4141.607 4135.923
4224.312 4220.242 4216.164 4212.075 4207.985 4203.896 4199.807 4198.307 4197.137 4195.968 4194.798 4193.628 4192.457 4191.286 4190.116 4188.945 4186.682 4184.122 4181.562 4179.001 4175.82 4170.62 4165.42 4160.22 4155.02 4148.667 4141.782 4134.896 4128.012 4121.431 4116.813 4112.195 4107.577 4102.959 4100.894 4100.65 4100.407 4100.163 4100.009 4102.488 4104.967 4107.447 4109.926 4114.027 4119.868 4125.709 4131.55 4137.391 4141.742 4145.984 4150.227 4154.468 4157.119 4157.187 4157.254 4157.322 4157.389 4153.993 4149.89 4145.787 4141.685 4137.165 4131.572
4235.255 4231.743 4227.459 4222.184 4216.908 4211.632 4206.355 4204.452 4202.978 4201.505 4200.031 4198.435 4196.597 4194.758 4192.92 4191.082 4188.624 4185.997 4183.369 4180.742 4177.514 4172.329 4167.144 4161.958 4156.774 4150.436 4143.565 4136.696 4129.826 4123.222 4118.338 4113.453 4108.569 4103.685 4101.399 4100.97 4100.541 4100.111 4099.762 4101.757 4103.753 4105.749 4107.744 4111.25 4116.377 4121.504 4126.631 4131.758 4136.141 4140.469 4144.797 4149.125 4151.958 4152.364 4152.77 4153.176 4153.583 4150.376 4146.432 4142.489 4138.545 4134.226 4128.941
4246.297 4243.359 4238.878 4232.411 4225.944 4219.477 4213.01 4210.699 4208.92 4207.141 4205.362 4203.335 4200.821 4198.307 4195.792 4193.278 4190.624 4187.933 4185.241 4182.549 4179.275 4174.106 4168.938 4163.769 4158.6 4152.278 4145.424 4138.57 4131.717 4125.09 4119.932 4114.774 4109.616 4104.458 4101.949 4101.332 4100.715 4100.098 4099.551 4101.069 4102.587 4104.105 4105.623 4108.535 4112.943 4117.351 4121.759 4126.167 4130.576 4134.984 4139.393 4143.801 4146.813 4147.557 4148.301 4149.045 4149.79 4146.774 4142.991 4139.209 4135.426 4131.311 4126.337
4257.339 4254.976 4250.297 4242.639 4234.98 4227.322 4219.664 4216.947 4214.862 4212.777 4210.692 4208.235 4205.045 4201.854 4198.664 4195.474 4192.625 4189.869 4187.112 4184.356 4181.037 4175.884 4170.731 4165.579 4160.426 4154.12 4147.282 4140.445 4133.607 4126.958 4121.526 4116.094 4110.663 4105.231 4102.499 4101.694 4100.889 4100.084 4099.34 4100.38 4101.421 4102.461 4103.502 4105.82 4109.509 4113.198 4116.887 4120.576 4125.011 4129.5 4133.988 4138.478 4141.667 4142.75 4143.833 4144.915 4145.997 4143.172 4139.55 4135.929 4132.308 4128.395 4123.732
4268.382 4266.592 4261.715 4252.866 4244.017 4235.167 4226.318 4223.195 4220.804 4218.414 4216.022 4213.136 4209.269 4205.402 4201.536 4197.669 4194.625 4191.805 4188.984 4186.164 4182.799 4177.662 4172.525 4167.389 4162.252 4155.962 4149.141 4142.319 4135.498 4128.826 4123.12 4117.415 4111.709 4106.004 4103.048 4102.056 4101.063 4100.07 4099.129 4099.692 4100.255 4100.818 4101.381 4103.104 4106.075 4109.045 4112.015 4114.985 4119.445 4124.015 4128.584 4133.154 4136.522 4137.943 4139.363 4140.784 4142.205 4139.57 4136.109 4132.649 4129.188 4125.479 4121.127
4278.199 4276.681 4271.92 4262.987 4254.055 4245.123 4236.19 4233.149 4230.861 4228.572 4226.284 4223.173 4218.439 4213.706 4208.972 4204.238 4200.572 4197.197 4193.822 4190.448 4186.606 4181.248 4175.889 4170.531 4165.172 4158.83 4152.034 4145.237 4138.441 4131.766 4125.869 4119.971 4114.074 4108.176 4104.913 4103.529 4102.146 4100.763 4099.43 4099.604 4099.778 4099.953 4100.126 4101.358 4103.723 4106.089 4108.454 4110.819 4115.111 4119.544 4123.977 4128.41 4131.781 4133.427 4135.074 4136.72 4138.367 4135.922 4132.644 4129.365 4126.086 4122.603 4118.593
4286.425 4284.783 4280.546 4272.971 4265.396 4257.821 4250.246 4247.92 4246.265 4244.61 4242.954 4239.889 4234.039 4228.189 4222.339 4216.489 4211.648 4207.083 4202.517 4197.951 4193.074 4187.184 4181.294 4175.405 4169.515 4163.03 4156.272 4149.514 4142.755 4136.101 4130.117 4124.134 4118.151 4112.167 4108.486 4106.448 4104.41 4102.372 4100.398 4100.298 4100.199 4100.099 4100.0 4100.869 4102.779 4104.688 4106.597 4108.507 4112.377 4116.392 4120.406 4124.421 4127.563 4129.29 4131.017 4132.744 4134.471 4132.214 4129.145 4126.075 4123.006 4119.78 4116.151
4294.65 4292.885 4289.173 4282.955 4276.738 4270.52 4264.303 4262.692 4261.67 4260.647 4259.625 4256.605 4249.639 4242.673 4235.707 4228.741 4222.725 4216.968 4211.211 4205.455 4199.542 4193.121 4186.7 4180.279 4173.857 4167.231 4160.51 4153.79 4147.068 4140.435 4134.366 4128.297 4122.228 4116.159 4112.06 4109.367 4106.674 4103.982 4101.366 4100.992 4100.619 4100.246 4099.873 4100.381 4101.834 4103.287 4104.741 4106.194 4109.644 4113.24 4116.835 4120.431 4123.345 4125.153 4126.96 4128.768 4130.575 4128.505 4125.646 4122.785 4119.925 4116.956 4113.708
4302.876 4300.987 4297.799 4292.939 4288.079 4283.219 4278.359 4277.463 4277.074 4276.685 4276.296 4273.321 4265.239 4257.157 4249.075 4240.993 4233.802 4226.854 4219.906 4212.958 4206.009 4199.057 4192.104 4185.152 4178.2 4171.432 4164.749 4158.065 4151.382 4144.77 4138.615 4132.46 4126.305 4120.15 4115.633 4112.286 4108.938 4105.591 4102.333 4101.687 4101.04 4100.393 4099.746 4099.892 4100.889 4101.887 4102.884 4103.881 4106.91 4110.087 4113.265 4116.442 4119.128 4121.016 4122.904 4124.792 4126.68 4124.797 4122.146 4119.495 4116.844 4114.133 4111.266
4311.102 4309.09 4306.426 4302.923 4299.42 4295.918 4292.415 4292.235 4292.479 4292.723 4292.967 4290.037 4280.839 4271.641 4262.443 4253.245 4244.879 4236.74 4228.601 4220.461 4212.477 4204.993 4197.51 4190.026 4182.543 4175.633 4168.987 4162.341 4155.696 4149.104 4142.863 4136.623 4130.382 4124.141 4119.207 4115.205 4111.203 4107.201 4103.301 4102.38 4101.46 4100.54 4099.619 4099.403 4099.945 4100.486 4101.027 4101.568 4104.176 4106.935 4109.694 4112.453 4114.91 4116.878 4118.847 4120.815 4122.784 4121.089 4118.647 4116.206 4113.764 4111.31 4108.824
4321.164 4319.635 4317.625 4314.996 4312.367 4309.738 4307.109 4306.277 4305.674 4305.072 4304.469 4300.951 4291.675 4282.4 4273.125 4263.85 4254.766 4245.734 4236.703 4227.671 4218.888 4210.912 4202.935 4194.958 4186.982 4180.319 4174.261 4168.203 4162.145 4156.105 4150.187 4144.268 4138.349 4132.431 4127.256 4122.614 4117.972 4113.33 4108.775 4106.784 4104.793 4102.802 4100.811 4099.897 4100.139 4100.38 4100.622 4100.864 4103.03 4105.337 4107.644 4109.951 4112.091 4113.96 4115.829 4117.697 4119.566 4118.134 4116.03 4113.926 4111.821 4109.69 4107.491
4331.466 4330.501 4329.162 4327.344 4325.525 4323.706 4321.887 4320.224 4318.58 4316.937 4315.293 4311.104 4301.887 4292.671 4283.455 4274.239 4264.497 4254.613 4244.728 4234.843 4225.292 4216.828 4208.363 4199.898 4191.433 4185.068 4179.67 4174.271 4168.874 4163.456 4157.913 4152.37 4146.827 4141.284 4135.894 4130.613 4125.333 4120.052 4114.841 4111.675 4108.508 4105.342 4102.176 4100.52 4100.482 4100.445 4100.407 4100.37 4102.092 4103.943 4105.794 4107.646 4109.456 4111.201 4112.947 4114.692 4116.437 4115.279 4113.529 4111.778 4110.028 4108.229 4106.303
4341.768 4341.367 4340.699 4339.691 4338.682 4337.674 4336.665 4334.17 4331.486 4328.801 4326.117 4321.256 4312.099 4302.942 4293.785 4284.627 4274.229 4263.491 4252.753 4242.015 4231.697 4222.744 4213.791 4204.838 4195.885 4189.817 4185.079 4180.341 4175.603 4170.807 4165.64 4160.472 4155.305 4150.137 4144.531 4138.612 4132.692 4126.773 4120.906 4116.565 4112.224 4107.883 4103.542 4101.142 4100.825 4100.509 4100.192 4099.876 4101.154 4102.549 4103.944 4105.339 4106.821 4108.443 4110.064 4111.687 4113.309 4112.423 4111.027 4109.631 4108.235 4106.767 4105.115
4352.071 4352.232 4352.236 4352.038 4351.84 4351.641 4351.443 4348.117 4344.392 4340.666 4336.94 4331.409 4322.311 4313.212 4304.114 4295.016 4283.959 4272.369 4260.778 4249.187 4238.102 4228.66 4219.219 4209.777 4200.336 4194.566 4190.488 4186.41 4182.332 4178.158 4173.366 4168.574 4163.782 4158.99 4153.168 4146.61 4140.053 4133.495 4126.972 4121.456 4115.939 4110.423 4104.907 4101.764 4101.168 4100.573 4099.978 4099.382 4100.217 4101.156 4102.094 4103.033 4104.186 4105.684 4107.183 4108.681 4110.18 4109.568 4108.526 4107.484 4106.442 4105.306 4103.927
4361.413 4362.002 4362.496 4362.866 4363.237 4363.607 4363.978 4360.059 4355.593 4351.127 4346.661 4340.615 4331.447 4322.279 4313.111 4303.943 4292.417 4280.246 4268.075 4255.905 4244.371 4234.906 4225.442 4215.977 4206.513 4201.09 4197.531 4193.972 4190.412 4186.704 4182.033 4177.363 4172.693 4168.022 4161.957 4154.895 4147.833 4140.771 4133.721 4127.019 4120.316 4113.614 4106.912 4102.972 4101.996 4101.019 4100.043 4099.066 4099.543 4100.126 4100.709 4101.292 4102.161 4103.495 4104.829 4106.163 4107.497 4107.089 4106.326 4105.563 4104.801 4103.937 4102.812
4368.836 4369.582 4370.2 4370.656 4371.112 4371.569 4372.025 4367.993 4363.387 4358.782 4354.176 4347.927 4338.432 4328.937 4319.441 4309.946 4298.324 4286.122 4273.919 4261.716 4250.371 4241.813 4233.255 4224.697 4216.14 4211.165 4207.841 4204.518 4201.195 4197.639 4192.583 4187.526 4182.469 4177.413 4171.048 4163.75 4156.452 4149.154 4141.836 4133.926 4126.017 4118.108 4110.198 4105.351 4103.79 4102.229 4100.667 4099.106 4099.398 4099.826 4100.253 4100.68 4101.359 4102.446 4103.533 4104.621 4105.708 4105.365 4104.731 4104.097 4103.463 4102.751 4101.841
4376.26 4377.16 4377.904 4378.446 4378.988 4379.53 4380.072 4375.926 4371.181 4366.437 4361.691 4355.239 4345.417 4335.594 4325.772 4315.95 4304.232 4291.997 4279.762 4267.527 4256.37 4248.719 4241.068 4233.417 4225.766 4221.239 4218.152 4215.064 4211.977 4208.574 4203.131 4197.688 4192.246 4186.803 4180.139 4172.605 4165.071 4157.537 4149.951 4140.834 4131.718 4122.601 4113.484 4107.73 4105.584 4103.438 4101.292 4099.146 4099.253 4099.525 4099.797 4100.068 4100.557 4101.397 4102.238 4103.078 4103.918 4103.641 4103.135 4102.63 4102.125 4101.566 4100.871
4383.683 4384.739 4385.608 4386.236 4386.864 4387.492 4388.12 4383.86 4378.976 4374.091 4369.207 4362.552 4352.402 4342.252 4332.103 4321.953 4310.14 4297.873 4285.605 4273.338 4262.37 4255.626 4248.881 4242.137 4235.393 4231.314 4228.462 4225.611 4222.76 4219.51 4213.681 4207.851 4202.022 4196.193 4189.231 4181.46 4173.69 4165.92 4158.066 4147.742 4137.418 4127.095 4116.771 4110.109 4107.378 4104.648 4101.917 4099.186 4099.108 4099.224 4099.34 4099.457 4099.755 4100.348 4100.942 4101.535 4102.129 4101.917 4101.54 4101.164 4100.787 4100.381 4099.9
4391.107 4392.318 4393.312 4394.026 4394.74 4395.454 4396.167 4391.793 4386.77 4381.746 4376.721 4369.864 4359.387 4348.91 4338.433 4327.956 4316.047 4303.749 4291.449 4279.15 4268.37 4262.532 4256.695 4250.857 4245.02 4241.388 4238.773 4236.158 4233.542 4230.445 4224.229 4218.014 4211.798 4205.583 4198.322 4190.316 4182.31 4174.304 4166.181 4154.65 4143.119 4131.588 4120.057 4112.489 4109.173 4105.857 4102.542 4099.226 4098.963 4098.924 4098.884 4098.845 4098.953 4099.299 4099.646 4099.993 4100.339 4100.192 4099.944 4099.697 4099.449 4099.196 4098.93
4393.888 4394.949 4395.814 4396.429 4397.044 4397.659 4398.274 4394.294 4389.727 4385.16 4380.592 4374.169 4364.083 4353.997 4343.911 4333.825 4322.288 4310.355 4298.423 4286.49 4276.137 4270.92 4265.704 4260.488 4255.272 4251.788 4249.103 4246.417 4243.731 4240.524 4233.947 4227.371 4220.794 4214.217 4206.745 4198.632 4190.52 4182.408 4174.177 4162.451 4150.725 4138.998 4127.271 4118.976 4114.361 4109.747 4105.133 4100.519 4099.85 4099.47 4099.09 4098.71 4098.555 4098.764 4098.973 4099.182 4099.391 4099.275 4099.094 4098.912 4098.729 4098.556 4098.403
4395.38 4396.205 4396.872 4397.336 4397.801 4398.266 4398.731 4395.286 4391.34 4387.396 4383.451 4377.64 4368.144 4358.647 4349.151 4339.655 4328.621 4317.166 4305.71 4294.255 4284.395 4279.72 4275.046 4270.372 4265.697 4262.278 4259.437 4256.596 4253.754 4250.365 4243.435 4236.503 4229.573 4222.642 4214.981 4206.799 4198.617 4190.435 4182.139 4170.499 4158.858 4147.218 4135.578 4126.604 4120.493 4114.381 4108.27 4102.159 4101.023 4100.251 4099.48 4098.708 4098.27 4098.372 4098.474 4098.575 4098.677 4098.583 4098.45 4098.316 4098.182 4098.067 4098.0
4396.873 4397.461 4397.929 4398.244 4398.559 4398.873 4399.188 4396.277 4392.955 4389.632 4386.31 4381.11 4372.204 4363.298 4354.392 4345.486 4334.953 4323.976 4312.998 4302.021 4292.652 4288.52 4284.388 4280.255 4276.123 4272.768 4269.771 4266.774 4263.778 4260.207 4252.921 4245.636 4238.352 4231.066 4223.217 4214.965 4206.714 4198.462 4190.102 4178.547 4166.993 4155.438 4143.883 4134.232 4126.624 4119.016 4111.407 4103.799 4102.196 4101.033 4099.87 4098.707 4097.985 4097.979 4097.974 4097.968 4097.962 4097.891 4097.805 4097.72 4097.635 4097.579 4097.598
4398.365 4398.717 4398.987 4399.151 4399.315 4399.479 4399.644 4397.268 4394.568 4391.868 4389.168 4384.58 4376.264 4367.949 4359.633 4351.317 4341.286 4330.786 4320.286 4309.786 4300.91 4297.32 4293.729 4290.139 4286.548 4283.258 4280.105 4276.953 4273.801 4270.047 4262.408 4254.769 4247.13 4239.491 4231.454 4223.132 4214.811 4206.489 4198.064 4186.595 4175.127 4163.658 4152.189 4141.86 4132.755 4123.65 4114.545 4105.439 4103.37 4101.815 4100.26 4098.705 4097.7 4097.587 4097.474 4097.361 4097.248 4097.198 4097.161 4097.124 4097.087 4097.09 4097.195
