data/zism_data/01054_02_D.txt
ncols         224
nrows         224
[rows 84 to 111 of 224, columns 0 to 63 of 224]
4422.459 4420.542 4418.625 4416.804 4415.101 4413.398 4411.695 4409.992 4409.417 4408.97 4408.523 4408.076 4407.391 4406.258 4405.125 4403.993 4402.861 4402.716 4402.823 4402.93 4403.036 4403.409 4404.594 4405.779 4406.965 4408.15 4408.761 4409.12 4409.479 4409.839 4410.315 4411.481 4412.648 4413.814 4414.98 4415.731 4416.198 4416.664 4417.131 4417.577 4417.577 4417.577 4417.577 4417.577 4417.577 4417.577 4417.577 4417.577 4417.577 4417.577 4417.577 4417.577 4417.577 4417.213 4416.285 4415.356 4414.428 4413.5 4411.533 4409.369 4407.205 4405.042 4403.341 4402.777
4427.965 4425.659 4423.353 4421.179 4419.168 4417.158 4415.147 4413.137 4412.405 4411.817 4411.229 4410.642 4409.758 4408.319 4406.88 4405.441 4404.002 4403.828 4403.975 4404.123 4404.271 4404.762 4406.304 4407.846 4409.389 4410.931 4411.739 4412.228 4412.715 4413.203 4413.837 4415.335 4416.833 4418.331 4419.828 4420.793 4421.394 4421.995 4422.596 4423.171 4423.171 4423.171 4423.171 4423.171 4423.171 4423.171 4423.171 4423.171 4423.171 4423.171 4423.171 4423.171 4423.171 4422.713 4421.543 4420.374 4419.203 4418.033 4415.591 4412.908 4410.225 4407.542 4405.441 4404.767
4435.639 4433.176 4430.714 4428.554 4426.764 4424.973 4423.182 4421.392 4420.359 4419.412 4418.465 4417.518 4416.29 4414.534 4412.778 4411.022 4409.267 4409.041 4409.205 4409.369 4409.533 4410.132 4412.066 4414.0 4415.934 4417.868 4419.027 4419.848 4420.668 4421.489 4422.473 4424.421 4426.37 4428.318 4430.267 4431.539 4432.349 4433.159 4433.97 4434.745 4434.745 4434.745 4434.745 4434.745 4434.745 4434.745 4434.745 4434.745 4434.745 4434.745 4434.745 4434.745 4434.745 4434.165 4432.684 4431.203 4429.722 4428.24 4425.496 4422.513 4419.529 4416.545 4414.17 4413.287
4443.312 4440.694 4438.076 4435.929 4434.358 4432.788 4431.217 4429.646 4428.313 4427.006 4425.7 4424.393 4422.82 4420.748 4418.676 4416.604 4414.532 4414.255 4414.435 4414.614 4414.794 4415.503 4417.829 4420.154 4422.479 4424.805 4426.315 4427.468 4428.622 4429.775 4431.108 4433.507 4435.907 4438.306 4440.705 4442.284 4443.304 4444.323 4445.343 4446.318 4446.318 4446.318 4446.318 4446.318 4446.318 4446.318 4446.318 4446.318 4446.318 4446.318 4446.318 4446.318 4446.318 4445.617 4443.824 4442.032 4440.239 4438.447 4435.401 4432.117 4428.833 4425.548 4422.899 4421.807
4450.984 4448.211 4445.438 4443.304 4441.953 4440.603 4439.252 4437.901 4436.267 4434.601 4432.935 4431.269 4429.352 4426.963 4424.574 4422.185 4419.796 4419.468 4419.664 4419.86 4420.056 4420.873 4423.59 4426.308 4429.025 4431.742 4433.603 4435.088 4436.574 4438.061 4439.744 4442.594 4445.443 4448.293 4451.143 4453.029 4454.258 4455.487 4456.716 4457.891 4457.891 4457.891 4457.891 4457.891 4457.891 4457.891 4457.891 4457.891 4457.891 4457.891 4457.891 4457.891 4457.891 4457.068 4454.964 4452.861 4450.757 4448.654 4445.305 4441.721 4438.136 4434.552 4431.628 4430.327
4458.657 4455.729 4452.8 4450.679 4449.548 4448.417 4447.287 4446.156 4444.221 4442.196 4440.17 4438.145 4435.883 4433.177 4430.472 4427.767 4425.062 4424.682 4424.894 4425.106 4425.318 4426.244 4429.353 4432.461 4435.57 4438.679 4440.89 4442.709 4444.527 4446.346 4448.379 4451.68 4454.98 4458.281 4461.581 4463.775 4465.213 4466.651 4468.089 4469.465 4469.465 4469.465 4469.465 4469.465 4469.465 4469.465 4469.465 4469.465 4469.465 4469.465 4469.465 4469.465 4469.465 4468.52 4466.105 4463.69 4461.275 4458.861 4455.21 4451.325 4447.44 4443.555 4440.358 4438.847
4465.58 4462.814 4460.049 4458.092 4457.125 4456.159 4455.192 4454.226 4452.1 4449.844 4447.587 4445.331 4442.909 4440.175 4437.442 4434.708 4431.975 4431.544 4431.7 4431.855 4432.01 4432.919 4436.131 4439.343 4442.555 4445.768 4448.166 4450.208 4452.25 4454.292 4456.518 4459.827 4463.135 4466.444 4469.753 4471.945 4473.374 4474.803 4476.232 4477.599 4477.599 4477.599 4477.599 4477.599 4477.599 4477.599 4477.599 4477.599 4477.599 4477.599 4477.599 4477.599 4477.599 4476.667 4474.285 4471.903 4469.521 4467.14 4463.63 4459.907 4456.183 4452.459 4449.387 4447.91
4471.815 4469.506 4467.196 4465.541 4464.687 4463.833 4462.979 4462.125 4459.91 4457.541 4455.172 4452.803 4450.39 4447.892 4445.395 4442.897 4440.4 4439.918 4439.951 4439.982 4440.014 4440.79 4443.841 4446.893 4449.944 4452.995 4455.43 4457.596 4459.761 4461.927 4464.2 4467.112 4470.024 4472.936 4475.847 4477.753 4478.973 4480.193 4481.413 4482.58 4482.58 4482.58 4482.58 4482.58 4482.58 4482.58 4482.58 4482.58 4482.58 4482.58 4482.58 4482.58 4482.58 4481.784 4479.751 4477.718 4475.686 4473.652 4470.69 4467.551 4464.413 4461.274 4458.691 4457.472
4478.05 4476.196 4474.343 4472.99 4472.249 4471.507 4470.766 4470.024 4467.719 4465.238 4462.756 4460.274 4457.87 4455.608 4453.347 4451.085 4448.824 4448.292 4448.201 4448.11 4448.018 4448.661 4451.552 4454.442 4457.332 4460.222 4462.694 4464.983 4467.272 4469.561 4471.883 4474.397 4476.912 4479.427 4481.941 4483.562 4484.573 4485.583 4486.594 4487.561 4487.561 4487.561 4487.561 4487.561 4487.561 4487.561 4487.561 4487.561 4487.561 4487.561 4487.561 4487.561 4487.561 4486.901 4485.217 4483.533 4481.849 4480.165 4477.75 4475.196 4472.642 4470.088 4467.995 4467.033
4484.285 4482.888 4481.49 4480.438 4479.81 4479.181 4478.553 4477.924 4475.529 4472.935 4470.341 4467.747 4465.35 4463.325 4461.299 4459.274 4457.249 4456.667 4456.452 4456.237 4456.022 4456.533 4459.262 4461.991 4464.721 4467.45 4469.958 4472.371 4474.783 4477.196 4479.565 4481.683 4483.8 4485.918 4488.036 4489.371 4490.172 4490.974 4491.775 4492.542 4492.542 4492.542 4492.542 4492.542 4492.542 4492.542 4492.542 4492.542 4492.542 4492.542 4492.542 4492.542 4492.542 4492.019 4490.684 4489.348 4488.013 4486.677 4484.809 4482.84 4480.871 4478.902 4477.299 4476.595
4490.52 4489.578 4488.637 4487.887 4487.371 4486.855 4486.339 4485.824 4483.339 4480.632 4477.925 4475.218 4472.83 4471.041 4469.252 4467.463 4465.673 4465.041 4464.703 4464.364 4464.026 4464.404 4466.972 4469.541 4472.109 4474.677 4477.223 4479.759 4482.294 4484.83 4487.248 4488.968 4490.688 4492.409 4494.13 4495.18 4495.772 4496.364 4496.956 4497.522 4497.522 4497.522 4497.522 4497.522 4497.522 4497.522 4497.522 4497.522 4497.522 4497.522 4497.522 4497.522 4497.522 4497.136 4496.15 4495.163 4494.176 4493.189 4491.869 4490.484 4489.1 4487.716 4486.604 4486.156
4493.049 4492.288 4491.526 4490.905 4490.455 4490.005 4489.555 4489.104 4486.989 4484.685 4482.381 4480.077 4478.034 4476.481 4474.928 4473.375 4471.822 4471.164 4470.733 4470.303 4469.873 4470.1 4472.341 4474.582 4476.822 4479.063 4481.29 4483.512 4485.733 4487.955 4490.052 4491.417 4492.783 4494.148 4495.513 4496.341 4496.802 4497.263 4497.724 4498.165 4498.165 4498.165 4498.165 4498.165 4498.165 4498.165 4498.165 4498.165 4498.165 4498.165 4498.165 4498.165 4498.165 4497.864 4497.096 4496.328 4495.56 4494.792 4493.765 4492.689 4491.614 4490.538 4489.674 4489.329
4495.467 4494.878 4494.289 4493.791 4493.405 4493.019 4492.633 4492.248 4490.514 4488.629 4486.744 4484.858 4483.17 4481.854 4480.537 4479.219 4477.902 4477.219 4476.698 4476.176 4475.654 4475.731 4477.64 4479.547 4481.456 4483.364 4485.262 4487.156 4489.05 4490.945 4492.711 4493.722 4494.733 4495.744 4496.755 4497.363 4497.695 4498.027 4498.36 4498.677 4498.677 4498.677 4498.677 4498.677 4498.677 4498.677 4498.677 4498.677 4498.677 4498.677 4498.677 4498.677 4498.677 4498.461 4497.907 4497.354 4496.8 4496.246 4495.506 4494.731 4493.957 4493.181 4492.559 4492.31
4497.886 4497.468 4497.051 4496.676 4496.355 4496.033 4495.712 4495.391 4494.04 4492.573 4491.106 4489.639 4488.307 4487.226 4486.145 4485.063 4483.982 4483.275 4482.662 4482.049 4481.437 4481.363 4482.938 4484.514 4486.089 4487.664 4489.234 4490.801 4492.368 4493.935 4495.37 4496.027 4496.684 4497.341 4497.998 4498.385 4498.589 4498.792 4498.996 4499.19 4499.19 4499.19 4499.19 4499.19 4499.19 4499.19 4499.19 4499.19 4499.19 4499.19 4499.19 4499.19 4499.19 4499.058 4498.718 4498.379 4498.041 4497.701 4497.249 4496.774 4496.299 4495.824 4495.443 4495.291
4500.305 4500.059 4499.813 4499.562 4499.305 4499.048 4498.791 4498.534 4497.565 4496.517 4495.469 4494.42 4493.443 4492.598 4491.753 4490.908 4490.063 4489.331 4488.626 4487.922 4487.219 4486.994 4488.237 4489.479 4490.722 4491.965 4493.206 4494.445 4495.685 4496.925 4498.028 4498.332 4498.634 4498.937 4499.24 4499.407 4499.482 4499.557 4499.631 4499.703 4499.703 4499.703 4499.703 4499.703 4499.703 4499.703 4499.703 4499.703 4499.703 4499.703 4499.703 4499.703 4499.703 4499.654 4499.53 4499.405 4499.281 4499.156 4498.99 4498.816 4498.642 4498.468 4498.328 4498.272
4501.882 4501.715 4501.548 4501.361 4501.148 4500.935 4500.722 4500.509 4499.812 4499.06 4498.309 4497.557 4496.836 4496.173 4495.51 4494.847 4494.184 4493.502 4492.815 4492.128 4491.441 4491.158 4492.111 4493.064 4494.017 4494.97 4495.923 4496.876 4497.829 4498.782 4499.609 4499.698 4499.787 4499.875 4499.964 4500.0 4500.0 4500.0 4500.0 4500.0 4500.0 4500.0 4500.0 4500.0 4500.0 4500.0 4500.0 4500.0 4500.0 4500.0 4500.0 4500.0 4500.0 4500.0 4500.0 4500.0 4500.0 4500.0 4500.0 4500.0 4500.0 4500.0 4499.984 4499.93
4502.298 4502.083 4501.868 4501.661 4501.464 4501.268 4501.07 4500.874 4500.294 4499.671 4499.048 4498.425 4497.826 4497.27 4496.714 4496.159 4495.603 4495.075 4494.555 4494.034 4493.513 4493.299 4494.021 4494.744 4495.466 4496.188 4496.91 4497.632 4498.354 4499.077 4499.704 4499.771 4499.838 4499.906 4499.973 4500.0 4500.0 4500.0 4500.0 4500.0 4500.0 4500.0 4500.0 4500.0 4500.0 4500.0 4500.0 4500.0 4500.0 4500.0 4500.0 4500.0 4500.0 4500.0 4500.0 4500.0 4500.0 4500.0 4500.0 4500.0 4500.0 4500.0 4499.947 4499.764
4502.714 4502.451 4502.188 4501.961 4501.78 4501.6 4501.419 4501.238 4500.776 4500.282 4499.788 4499.293 4498.815 4498.367 4497.918 4497.47 4497.022 4496.648 4496.294 4495.94 4495.585 4495.439 4495.931 4496.422 4496.914 4497.406 4497.897 4498.389 4498.88 4499.372 4499.799 4499.844 4499.89 4499.936 4499.981 4500.0 4500.0 4500.0 4500.0 4500.0 4500.0 4500.0 4500.0 4500.0 4500.0 4500.0 4500.0 4500.0 4500.0 4500.0 4500.0 4500.0 4500.0 4500.0 4500.0 4500.0 4500.0 4500.0 4500.0 4500.0 4500.0 4500.0 4499.91 4499.598
4503.13 4502.819 4502.507 4502.261 4502.097 4501.932 4501.768 4501.603 4501.258 4500.893 4500.527 4500.162 4499.805 4499.464 4499.123 4498.782 4498.441 4498.222 4498.034 4497.846 4497.658 4497.58 4497.841 4498.102 4498.363 4498.624 4498.884 4499.145 4499.406 4499.667 4499.893 4499.917 4499.941 4499.966 4499.99 4500.0 4500.0 4500.0 4500.0 4500.0 4500.0 4500.0 4500.0 4500.0 4500.0 4500.0 4500.0 4500.0 4500.0 4500.0 4500.0 4500.0 4500.0 4500.0 4500.0 4500.0 4500.0 4500.0 4500.0 4500.0 4500.0 4500.0 4499.873 4499.432
4503.546 4503.187 4502.827 4502.562 4502.413 4502.265 4502.116 4501.967 4501.74 4501.503 4501.267 4501.03 4500.794 4500.561 4500.327 4500.093 4499.859 4499.795 4499.773 4499.751 4499.729 4499.721 4499.751 4499.781 4499.811 4499.841 4499.871 4499.901 4499.932 4499.961 4499.988 4499.99 4499.993 4499.996 4499.999 4500.0 4500.0 4500.0 4500.0 4500.0 4500.0 4500.0 4500.0 4500.0 4500.0 4500.0 4500.0 4500.0 4500.0 4500.0 4500.0 4500.0 4500.0 4500.0 4500.0 4500.0 4500.0 4500.0 4500.0 4500.0 4500.0 4500.0 4499.835 4499.266
4503.492 4503.135 4502.778 4502.512 4502.356 4502.2 4502.044 4501.889 4501.7 4501.509 4501.317 4501.125 4500.923 4500.704 4500.484 4500.264 4500.044 4500.0 4500.0 4500.0 4500.0 4500.0 4500.0 4500.0 4500.0 4500.0 4500.0 4500.0 4500.0 4500.0 4500.0 4500.0 4500.0 4500.0 4500.0 4499.956 4499.881 4499.806 4499.731 4499.65 4499.417 4499.184 4498.95 4498.717 4498.571 4498.515 4498.459 4498.403 4498.347 4498.344 4498.344 4498.344 4498.344 4498.329 4498.292 4498.254 4498.217 4498.18 4497.935 4497.65 4497.366 4497.081 4496.494 4495.166
4503.367 4503.021 4502.675 4502.409 4502.243 4502.076 4501.91 4501.743 4501.583 4501.423 4501.264 4501.104 4500.923 4500.704 4500.484 4500.264 4500.044 4500.0 4500.0 4500.0 4500.0 4500.0 4500.0 4500.0 4500.0 4500.0 4500.0 4500.0 4500.0 4500.0 4500.0 4500.0 4500.0 4500.0 4500.0 4499.905 4499.744 4499.583 4499.423 4499.248 4498.746 4498.245 4497.743 4497.242 4496.928 4496.808 4496.687 4496.567 4496.446 4496.439 4496.439 4496.439 4496.439 4496.408 4496.328 4496.248 4496.167 4496.087 4495.56 4494.948 4494.336 4493.724 4492.658 4490.477
4503.242 4502.907 4502.571 4502.307 4502.129 4501.952 4501.775 4501.598 4501.465 4501.338 4501.21 4501.083 4500.923 4500.704 4500.484 4500.264 4500.044 4500.0 4500.0 4500.0 4500.0 4500.0 4500.0 4500.0 4500.0 4500.0 4500.0 4500.0 4500.0 4500.0 4500.0 4500.0 4500.0 4500.0 4500.0 4499.854 4499.607 4499.361 4499.115 4498.846 4498.076 4497.306 4496.536 4495.766 4495.285 4495.1 4494.915 4494.73 4494.545 4494.535 4494.535 4494.535 4494.535 4494.487 4494.364 4494.24 4494.117 4493.994 4493.185 4492.246 4491.307 4490.368 4488.821 4485.787
4503.117 4502.792 4502.467 4502.204 4502.016 4501.828 4501.64 4501.452 4501.348 4501.252 4501.157 4501.062 4500.923 4500.704 4500.484 4500.264 4500.044 4500.0 4500.0 4500.0 4500.0 4500.0 4500.0 4500.0 4500.0 4500.0 4500.0 4500.0 4500.0 4500.0 4500.0 4500.0 4500.0 4500.0 4500.0 4499.803 4499.47 4499.138 4498.806 4498.443 4497.405 4496.367 4495.329 4494.291 4493.642 4493.392 4493.143 4492.894 4492.645 4492.63 4492.63 4492.63 4492.63 4492.565 4492.399 4492.233 4492.067 4491.901 4490.81 4489.543 4488.277 4487.011 4484.984 4481.098
4502.853 4502.55 4502.249 4501.994 4501.799 4501.604 4501.409 4501.213 4501.117 4501.032 4500.946 4500.861 4500.709 4500.433 4500.157 4499.881 4499.604 4499.488 4499.413 4499.338 4499.263 4499.192 4499.136 4499.079 4499.023 4498.966 4498.847 4498.7 4498.553 4498.405 4498.25 4498.048 4497.847 4497.645 4497.443 4497.072 4496.585 4496.099 4495.613 4495.089 4493.743 4492.397 4491.052 4489.706 4488.864 4488.54 4488.216 4487.893 4487.568 4487.55 4487.55 4487.55 4487.55 4487.476 4487.288 4487.099 4486.911 4486.722 4485.491 4484.061 4482.631 4481.202 4478.906 4474.485
4502.29 4502.036 4501.782 4501.555 4501.359 4501.164 4500.969 4500.774 4500.644 4500.521 4500.398 4500.275 4500.037 4499.584 4499.131 4498.678 4498.224 4497.884 4497.573 4497.262 4496.95 4496.658 4496.424 4496.191 4495.958 4495.724 4495.229 4494.621 4494.013 4493.404 4492.763 4491.928 4491.093 4490.258 4489.423 4488.617 4487.83 4487.042 4486.256 4485.428 4483.69 4481.953 4480.215 4478.478 4477.39 4476.969 4476.549 4476.128 4475.708 4475.684 4475.684 4475.684 4475.684 4475.618 4475.451 4475.284 4475.117 4474.95 4473.88 4472.638 4471.396 4470.155 4468.035 4463.765
4501.727 4501.521 4501.316 4501.115 4500.92 4500.725 4500.529 4500.334 4500.17 4500.01 4499.85 4499.689 4499.365 4498.735 4498.105 4497.475 4496.844 4496.28 4495.732 4495.185 4494.638 4494.124 4493.713 4493.303 4492.893 4492.482 4491.613 4490.543 4489.473 4488.403 4487.275 4485.807 4484.339 4482.871 4481.403 4480.161 4479.074 4477.987 4476.899 4475.767 4473.637 4471.508 4469.379 4467.25 4465.916 4465.398 4464.882 4464.365 4463.848 4463.818 4463.818 4463.818 4463.818 4463.761 4463.615 4463.47 4463.324 4463.179 4462.27 4461.215 4460.162 4459.107 4457.165 4453.045
4501.165 4501.007 4500.85 4500.676 4500.48 4500.285 4500.09 4499.895 4499.697 4499.499 4499.301 4499.103 4498.693 4497.886 4497.079 4496.271 4495.464 4494.676 4493.892 4493.109 4492.325 4491.59 4491.002 4490.415 4489.827 4489.24 4487.996 4486.464 4484.933 4483.401 4481.788 4479.687 4477.585 4475.484 4473.383 4471.706 4470.318 4468.93 4467.542 4466.105 4463.584 4461.063 4458.543 4456.022 4454.441 4453.828 4453.214 4452.601 4451.987 4451.952 4451.952 4451.952 4451.952 4451.903 4451.779 4451.655 4451.531 4451.407 4450.659 4449.792 4448.926 4448.06 4446.294 4442.325
