data/zism_data/01058_01_D.txt
ncols         224
nrows         224
[rows 56 to 83 of 224, columns 63 to 125 of 224]
1053.051 1053.198 1053.309 1053.421 1053.532 1053.643 1053.786 1053.947 1054.108 1054.269 1054.421 1054.455 1054.49 1054.525 1054.56 1054.589 1054.612 1054.635 1054.658 1054.681 1054.683 1054.683 1054.683 1054.683 1054.678 1054.667 1054.655 1054.644 1054.632 1054.611 1054.588 1054.565 1054.542 1054.477 1054.27 1054.063 1053.855 1053.648 1053.441 1053.233 1053.026 1052.819 1052.622 1052.529 1052.436 1052.344 1052.251 1052.131 1051.985 1051.839 1051.693 1051.547 1051.46 1051.375 1051.291 1051.206 1051.202 1051.328 1051.454 1051.58 1051.707 1052.154 1052.676
1053.128 1053.275 1053.402 1053.53 1053.657 1053.784 1053.95 1054.138 1054.326 1054.514 1054.689 1054.708 1054.726 1054.745 1054.764 1054.779 1054.792 1054.804 1054.816 1054.829 1054.83 1054.83 1054.83 1054.83 1054.827 1054.821 1054.815 1054.809 1054.802 1054.791 1054.779 1054.766 1054.754 1054.696 1054.484 1054.271 1054.058 1053.846 1053.633 1053.421 1053.208 1052.995 1052.797 1052.747 1052.697 1052.648 1052.598 1052.498 1052.353 1052.207 1052.061 1051.915 1051.832 1051.753 1051.674 1051.595 1051.61 1051.779 1051.948 1052.117 1052.286 1052.737 1053.254
1053.206 1053.352 1053.495 1053.639 1053.782 1053.925 1054.114 1054.329 1054.544 1054.758 1054.957 1054.96 1054.962 1054.965 1054.968 1054.97 1054.971 1054.973 1054.975 1054.976 1054.977 1054.977 1054.977 1054.977 1054.976 1054.975 1054.975 1054.974 1054.973 1054.971 1054.97 1054.968 1054.966 1054.916 1054.698 1054.479 1054.262 1054.044 1053.826 1053.608 1053.39 1053.172 1052.972 1052.965 1052.958 1052.952 1052.945 1052.866 1052.72 1052.574 1052.428 1052.282 1052.205 1052.131 1052.057 1051.983 1052.018 1052.23 1052.442 1052.654 1052.866 1053.321 1053.832
1053.38 1053.53 1053.68 1053.831 1053.981 1054.131 1054.311 1054.508 1054.704 1054.9 1055.083 1055.092 1055.101 1055.11 1055.119 1055.13 1055.144 1055.157 1055.171 1055.184 1055.185 1055.185 1055.185 1055.185 1055.18 1055.167 1055.153 1055.14 1055.126 1055.102 1055.075 1055.048 1055.021 1054.958 1054.77 1054.583 1054.396 1054.208 1054.024 1053.841 1053.658 1053.476 1053.309 1053.309 1053.309 1053.309 1053.309 1053.247 1053.128 1053.01 1052.891 1052.772 1052.679 1052.588 1052.497 1052.406 1052.44 1052.677 1052.914 1053.151 1053.387 1053.835 1054.332
1053.571 1053.727 1053.883 1054.039 1054.194 1054.35 1054.515 1054.684 1054.854 1055.023 1055.182 1055.202 1055.221 1055.241 1055.261 1055.285 1055.315 1055.345 1055.374 1055.404 1055.406 1055.406 1055.406 1055.406 1055.395 1055.365 1055.336 1055.306 1055.277 1055.223 1055.164 1055.105 1055.046 1054.966 1054.816 1054.667 1054.517 1054.367 1054.224 1054.084 1053.944 1053.804 1053.676 1053.676 1053.676 1053.676 1053.676 1053.631 1053.545 1053.458 1053.371 1053.285 1053.173 1053.061 1052.949 1052.836 1052.865 1053.123 1053.381 1053.639 1053.898 1054.337 1054.818
1053.763 1053.924 1054.085 1054.246 1054.407 1054.569 1054.718 1054.861 1055.003 1055.146 1055.281 1055.311 1055.341 1055.372 1055.402 1055.441 1055.486 1055.532 1055.578 1055.623 1055.626 1055.626 1055.626 1055.626 1055.609 1055.564 1055.518 1055.473 1055.427 1055.345 1055.253 1055.162 1055.071 1054.975 1054.862 1054.75 1054.638 1054.526 1054.423 1054.326 1054.229 1054.132 1054.044 1054.044 1054.044 1054.044 1054.044 1054.016 1053.961 1053.906 1053.852 1053.797 1053.667 1053.534 1053.4 1053.266 1053.289 1053.569 1053.849 1054.128 1054.408 1054.838 1055.303
1053.955 1054.121 1054.288 1054.454 1054.621 1054.787 1054.921 1055.037 1055.153 1055.269 1055.379 1055.421 1055.462 1055.503 1055.544 1055.596 1055.657 1055.719 1055.781 1055.843 1055.847 1055.847 1055.847 1055.847 1055.824 1055.762 1055.701 1055.639 1055.577 1055.466 1055.343 1055.219 1055.096 1054.983 1054.908 1054.834 1054.759 1054.684 1054.623 1054.569 1054.515 1054.461 1054.411 1054.411 1054.411 1054.411 1054.411 1054.4 1054.377 1054.355 1054.332 1054.31 1054.161 1054.006 1053.851 1053.696 1053.714 1054.015 1054.316 1054.617 1054.918 1055.339 1055.788
1054.14 1054.309 1054.473 1054.636 1054.8 1054.964 1055.089 1055.193 1055.297 1055.4 1055.501 1055.558 1055.614 1055.671 1055.728 1055.793 1055.866 1055.939 1056.012 1056.085 1056.089 1056.089 1056.089 1056.089 1056.062 1055.985 1055.909 1055.833 1055.757 1055.628 1055.485 1055.343 1055.2 1055.079 1055.034 1054.989 1054.943 1054.898 1054.862 1054.831 1054.8 1054.769 1054.742 1054.75 1054.758 1054.766 1054.775 1054.779 1054.779 1054.779 1054.779 1054.779 1054.629 1054.472 1054.315 1054.158 1054.177 1054.485 1054.793 1055.101 1055.409 1055.818 1056.251
1054.312 1054.476 1054.618 1054.76 1054.903 1055.045 1055.176 1055.302 1055.427 1055.552 1055.674 1055.758 1055.841 1055.925 1056.009 1056.087 1056.16 1056.233 1056.306 1056.379 1056.383 1056.383 1056.383 1056.383 1056.352 1056.265 1056.178 1056.091 1056.004 1055.881 1055.749 1055.617 1055.485 1055.375 1055.341 1055.306 1055.272 1055.237 1055.191 1055.138 1055.086 1055.034 1054.989 1055.024 1055.059 1055.094 1055.129 1055.146 1055.146 1055.146 1055.146 1055.146 1055.037 1054.923 1054.809 1054.695 1054.73 1055.012 1055.293 1055.574 1055.855 1056.246 1056.663
1054.483 1054.643 1054.764 1054.885 1055.005 1055.126 1055.264 1055.41 1055.557 1055.703 1055.848 1055.958 1056.068 1056.179 1056.289 1056.381 1056.454 1056.527 1056.6 1056.672 1056.677 1056.677 1056.677 1056.677 1056.642 1056.544 1056.446 1056.349 1056.251 1056.135 1056.013 1055.892 1055.771 1055.672 1055.648 1055.624 1055.6 1055.576 1055.52 1055.446 1055.372 1055.298 1055.237 1055.298 1055.36 1055.422 1055.484 1055.513 1055.513 1055.513 1055.513 1055.513 1055.446 1055.374 1055.303 1055.231 1055.284 1055.538 1055.792 1056.047 1056.301 1056.674 1057.075
1054.655 1054.81 1054.909 1055.009 1055.108 1055.207 1055.351 1055.519 1055.687 1055.855 1056.021 1056.158 1056.295 1056.433 1056.57 1056.675 1056.748 1056.821 1056.893 1056.966 1056.971 1056.971 1056.971 1056.971 1056.932 1056.823 1056.715 1056.607 1056.498 1056.388 1056.278 1056.167 1056.057 1055.968 1055.955 1055.942 1055.929 1055.915 1055.848 1055.753 1055.658 1055.563 1055.484 1055.572 1055.661 1055.75 1055.838 1055.881 1055.881 1055.881 1055.881 1055.881 1055.854 1055.825 1055.797 1055.768 1055.837 1056.064 1056.292 1056.519 1056.747 1057.102 1057.486
1054.826 1054.977 1055.055 1055.133 1055.21 1055.288 1055.438 1055.628 1055.817 1056.007 1056.194 1056.358 1056.522 1056.686 1056.85 1056.969 1057.042 1057.115 1057.187 1057.26 1057.265 1057.265 1057.265 1057.265 1057.222 1057.103 1056.983 1056.864 1056.745 1056.642 1056.542 1056.442 1056.342 1056.265 1056.262 1056.26 1056.257 1056.255 1056.177 1056.061 1055.944 1055.827 1055.731 1055.846 1055.962 1056.077 1056.193 1056.248 1056.248 1056.248 1056.248 1056.248 1056.262 1056.276 1056.291 1056.305 1056.39 1056.591 1056.792 1056.992 1057.193 1057.53 1057.898
1054.935 1055.074 1055.16 1055.245 1055.33 1055.416 1055.574 1055.772 1055.971 1056.17 1056.367 1056.545 1056.724 1056.902 1057.081 1057.2 1057.26 1057.321 1057.382 1057.442 1057.446 1057.446 1057.446 1057.446 1057.409 1057.308 1057.207 1057.106 1057.005 1056.891 1056.773 1056.655 1056.537 1056.446 1056.446 1056.446 1056.446 1056.446 1056.38 1056.279 1056.178 1056.077 1055.994 1056.094 1056.196 1056.297 1056.397 1056.478 1056.54 1056.602 1056.663 1056.725 1056.759 1056.792 1056.824 1056.857 1056.938 1057.1 1057.262 1057.423 1057.585 1057.931 1058.321
1055.026 1055.151 1055.253 1055.354 1055.456 1055.557 1055.724 1055.928 1056.132 1056.336 1056.539 1056.728 1056.917 1057.107 1057.296 1057.412 1057.457 1057.501 1057.546 1057.59 1057.593 1057.593 1057.593 1057.593 1057.566 1057.492 1057.418 1057.344 1057.269 1057.139 1056.994 1056.85 1056.705 1056.593 1056.593 1056.593 1056.593 1056.593 1056.544 1056.47 1056.396 1056.322 1056.261 1056.335 1056.409 1056.483 1056.557 1056.667 1056.809 1056.951 1057.093 1057.235 1057.284 1057.327 1057.37 1057.414 1057.486 1057.604 1057.723 1057.842 1057.96 1058.324 1058.746
1055.116 1055.228 1055.346 1055.463 1055.581 1055.698 1055.875 1056.084 1056.293 1056.503 1056.711 1056.911 1057.111 1057.311 1057.511 1057.625 1057.653 1057.681 1057.71 1057.738 1057.74 1057.74 1057.74 1057.74 1057.723 1057.675 1057.628 1057.581 1057.533 1057.387 1057.216 1057.044 1056.873 1056.74 1056.74 1056.74 1056.74 1056.74 1056.709 1056.662 1056.614 1056.567 1056.528 1056.575 1056.623 1056.67 1056.717 1056.855 1057.078 1057.301 1057.523 1057.746 1057.808 1057.862 1057.916 1057.97 1058.033 1058.109 1058.184 1058.26 1058.336 1058.718 1059.172
1055.206 1055.305 1055.439 1055.572 1055.706 1055.839 1056.025 1056.24 1056.454 1056.669 1056.884 1057.094 1057.305 1057.516 1057.726 1057.837 1057.849 1057.862 1057.874 1057.886 1057.887 1057.887 1057.887 1057.887 1057.88 1057.859 1057.838 1057.818 1057.797 1057.635 1057.437 1057.239 1057.041 1056.887 1056.887 1056.887 1056.887 1056.887 1056.874 1056.853 1056.832 1056.812 1056.795 1056.815 1056.836 1056.857 1056.877 1057.044 1057.347 1057.65 1057.953 1058.256 1058.333 1058.398 1058.462 1058.527 1058.58 1058.613 1058.646 1058.679 1058.712 1059.111 1059.597
1055.317 1055.41 1055.557 1055.704 1055.851 1055.999 1056.191 1056.408 1056.626 1056.844 1057.061 1057.279 1057.497 1057.714 1057.932 1058.045 1058.055 1058.065 1058.075 1058.085 1058.081 1058.076 1058.071 1058.066 1058.06 1058.054 1058.048 1058.042 1058.035 1057.869 1057.661 1057.453 1057.246 1057.085 1057.085 1057.085 1057.085 1057.085 1057.085 1057.085 1057.085 1057.085 1057.085 1057.085 1057.085 1057.085 1057.085 1057.272 1057.631 1057.991 1058.351 1058.711 1058.803 1058.881 1058.959 1059.037 1059.089 1059.101 1059.112 1059.123 1059.134 1059.535 1060.027
1055.496 1055.607 1055.76 1055.912 1056.065 1056.217 1056.408 1056.62 1056.832 1057.045 1057.257 1057.469 1057.681 1057.894 1058.106 1058.238 1058.291 1058.344 1058.396 1058.449 1058.428 1058.401 1058.375 1058.349 1058.32 1058.287 1058.254 1058.221 1058.188 1058.054 1057.895 1057.735 1057.576 1057.453 1057.453 1057.453 1057.453 1057.453 1057.453 1057.453 1057.453 1057.453 1057.453 1057.453 1057.453 1057.453 1057.453 1057.628 1057.966 1058.305 1058.643 1058.981 1059.093 1059.192 1059.292 1059.391 1059.475 1059.535 1059.594 1059.653 1059.713 1060.058 1060.469
1055.676 1055.804 1055.962 1056.12 1056.278 1056.436 1056.625 1056.832 1057.039 1057.246 1057.453 1057.659 1057.866 1058.073 1058.28 1058.431 1058.527 1058.622 1058.718 1058.814 1058.775 1058.728 1058.68 1058.632 1058.58 1058.52 1058.46 1058.4 1058.34 1058.24 1058.128 1058.017 1057.906 1057.82 1057.82 1057.82 1057.82 1057.82 1057.82 1057.82 1057.82 1057.82 1057.82 1057.82 1057.82 1057.82 1057.82 1057.984 1058.301 1058.618 1058.935 1059.252 1059.383 1059.503 1059.624 1059.745 1059.861 1059.969 1060.076 1060.184 1060.292 1060.58 1060.911
1055.854 1056.001 1056.164 1056.328 1056.491 1056.654 1056.842 1057.043 1057.245 1057.447 1057.648 1057.85 1058.051 1058.253 1058.454 1058.624 1058.763 1058.901 1059.04 1059.178 1059.123 1059.053 1058.984 1058.915 1058.839 1058.753 1058.666 1058.579 1058.493 1058.425 1058.362 1058.299 1058.236 1058.188 1058.188 1058.188 1058.188 1058.188 1058.188 1058.188 1058.188 1058.188 1058.188 1058.188 1058.188 1058.188 1058.188 1058.341 1058.636 1058.932 1059.227 1059.522 1059.672 1059.815 1059.957 1060.099 1060.247 1060.403 1060.558 1060.714 1060.87 1061.103 1061.354
1056.034 1056.198 1056.367 1056.536 1056.704 1056.873 1057.059 1057.255 1057.451 1057.647 1057.844 1058.04 1058.236 1058.432 1058.628 1058.817 1058.999 1059.18 1059.362 1059.543 1059.47 1059.379 1059.289 1059.198 1059.099 1058.985 1058.872 1058.759 1058.645 1058.61 1058.596 1058.581 1058.566 1058.555 1058.555 1058.555 1058.555 1058.555 1058.555 1058.555 1058.555 1058.555 1058.555 1058.555 1058.555 1058.555 1058.555 1058.697 1058.971 1059.245 1059.519 1059.793 1059.962 1060.126 1060.29 1060.453 1060.632 1060.837 1061.041 1061.245 1061.449 1061.626 1061.796
1056.221 1056.395 1056.569 1056.743 1056.917 1057.091 1057.281 1057.479 1057.677 1057.875 1058.074 1058.272 1058.47 1058.669 1058.867 1059.054 1059.23 1059.406 1059.582 1059.757 1059.692 1059.61 1059.527 1059.445 1059.351 1059.237 1059.123 1059.009 1058.895 1058.871 1058.871 1058.871 1058.871 1058.871 1058.871 1058.871 1058.871 1058.871 1058.874 1058.877 1058.881 1058.885 1058.889 1058.896 1058.904 1058.911 1058.919 1059.055 1059.311 1059.568 1059.824 1060.08 1060.266 1060.447 1060.628 1060.81 1061.005 1061.224 1061.443 1061.662 1061.881 1062.056 1062.22
1056.413 1056.593 1056.772 1056.951 1057.13 1057.31 1057.505 1057.708 1057.912 1058.115 1058.319 1058.523 1058.726 1058.93 1059.134 1059.31 1059.459 1059.608 1059.757 1059.906 1059.859 1059.798 1059.737 1059.676 1059.6 1059.496 1059.393 1059.29 1059.186 1059.165 1059.165 1059.165 1059.165 1059.165 1059.165 1059.165 1059.165 1059.165 1059.171 1059.18 1059.189 1059.198 1059.208 1059.226 1059.245 1059.263 1059.281 1059.414 1059.654 1059.895 1060.135 1060.375 1060.575 1060.772 1060.97 1061.167 1061.373 1061.592 1061.81 1062.029 1062.248 1062.445 1062.636
1056.605 1056.79 1056.974 1057.159 1057.344 1057.528 1057.729 1057.938 1058.146 1058.355 1058.564 1058.773 1058.982 1059.191 1059.4 1059.566 1059.688 1059.81 1059.932 1060.055 1060.026 1059.986 1059.947 1059.908 1059.849 1059.756 1059.663 1059.571 1059.478 1059.459 1059.459 1059.459 1059.459 1059.459 1059.459 1059.459 1059.459 1059.459 1059.469 1059.483 1059.497 1059.512 1059.528 1059.557 1059.585 1059.614 1059.643 1059.773 1059.997 1060.221 1060.446 1060.67 1060.884 1061.097 1061.311 1061.525 1061.74 1061.959 1062.178 1062.397 1062.615 1062.834 1063.052
1056.797 1056.987 1057.177 1057.367 1057.557 1057.747 1057.952 1058.167 1058.381 1058.595 1058.81 1059.024 1059.238 1059.453 1059.667 1059.822 1059.917 1060.013 1060.108 1060.203 1060.193 1060.175 1060.157 1060.139 1060.098 1060.016 1059.934 1059.852 1059.77 1059.753 1059.753 1059.753 1059.753 1059.753 1059.753 1059.753 1059.753 1059.753 1059.766 1059.786 1059.806 1059.825 1059.847 1059.886 1059.926 1059.966 1060.005 1060.132 1060.34 1060.548 1060.756 1060.964 1061.193 1061.423 1061.652 1061.882 1062.108 1062.326 1062.545 1062.764 1062.983 1063.223 1063.468
1056.988 1057.184 1057.379 1057.574 1057.77 1057.965 1058.176 1058.395 1058.613 1058.832 1059.051 1059.264 1059.478 1059.692 1059.906 1060.05 1060.125 1060.201 1060.276 1060.352 1060.357 1060.357 1060.357 1060.357 1060.331 1060.261 1060.19 1060.12 1060.05 1060.035 1060.035 1060.035 1060.035 1060.035 1060.035 1060.035 1060.035 1060.035 1060.051 1060.074 1060.097 1060.121 1060.147 1060.202 1060.256 1060.311 1060.365 1060.492 1060.685 1060.877 1061.07 1061.263 1061.505 1061.75 1061.995 1062.24 1062.475 1062.694 1062.913 1063.131 1063.35 1063.611 1063.882
1057.18 1057.381 1057.582 1057.782 1057.983 1058.184 1058.396 1058.615 1058.834 1059.053 1059.269 1059.45 1059.632 1059.813 1059.995 1060.131 1060.223 1060.314 1060.406 1060.498 1060.504 1060.504 1060.504 1060.504 1060.484 1060.43 1060.375 1060.321 1060.267 1060.256 1060.256 1060.256 1060.256 1060.256 1060.256 1060.256 1060.256 1060.256 1060.267 1060.286 1060.304 1060.322 1060.346 1060.438 1060.531 1060.623 1060.715 1060.854 1061.036 1061.218 1061.4 1061.582 1061.834 1062.089 1062.345 1062.601 1062.842 1063.061 1063.28 1063.499 1063.718 1063.996 1064.288
1057.372 1057.578 1057.784 1057.99 1058.196 1058.402 1058.617 1058.835 1059.054 1059.273 1059.487 1059.636 1059.786 1059.935 1060.085 1060.213 1060.321 1060.428 1060.536 1060.644 1060.651 1060.651 1060.651 1060.651 1060.637 1060.599 1060.56 1060.522 1060.484 1060.476 1060.476 1060.476 1060.476 1060.476 1060.476 1060.476 1060.476 1060.476 1060.484 1060.497 1060.51 1060.523 1060.546 1060.675 1060.805 1060.935 1061.064 1061.215 1061.387 1061.558 1061.73 1061.901 1062.162 1062.429 1062.695 1062.961 1063.21 1063.429 1063.647 1063.866 1064.085 1064.381 1064.695
