data/zism_data/01056_03_D.txt
ncols         224
nrows         224
[rows 0 to 27 of 224, columns 64 to 127 of 224]
4621.935 4621.935 4621.935 4621.935 4621.935 4622.311 4622.896 4623.481 4624.066 4624.726 4626.334 4627.942 4629.55 4631.159 4632.798 4634.469 4636.139 4637.81 4639.48 4641.418 4643.375 4645.332 4647.289 4649.167 4650.911 4652.654 4654.397 4656.14 4656.959 4657.542 4658.124 4658.706 4659.167 4659.22 4659.272 4659.325 4659.377 4659.462 4659.563 4659.663 4659.764 4659.941 4660.911 4661.882 4662.852 4663.823 4664.969 4666.278 4667.587 4668.896 4670.206 4670.745 4671.243 4671.742 4672.24 4672.498 4672.364 4672.229 4672.095 4671.96 4671.935 4671.935 4671.935 4671.935
4619.541 4619.541 4619.541 4619.541 4619.541 4619.954 4620.597 4621.24 4621.884 4622.606 4624.331 4626.055 4627.78 4629.504 4631.188 4632.832 4634.476 4636.12 4637.764 4639.641 4641.535 4643.428 4645.321 4647.175 4648.96 4650.746 4652.532 4654.317 4655.099 4655.623 4656.146 4656.67 4657.083 4657.114 4657.145 4657.176 4657.208 4657.316 4657.464 4657.613 4657.761 4657.989 4659.039 4660.088 4661.138 4662.188 4663.383 4664.713 4666.044 4667.374 4668.705 4669.12 4669.485 4669.852 4670.217 4670.369 4670.171 4669.974 4669.776 4669.578 4669.541 4669.541 4669.541 4669.541
4617.146 4617.146 4617.146 4617.146 4617.146 4617.596 4618.298 4619.0 4619.701 4620.486 4622.327 4624.168 4626.009 4627.85 4629.578 4631.196 4632.813 4634.431 4636.048 4637.864 4639.694 4641.524 4643.354 4645.183 4647.011 4648.838 4650.667 4652.494 4653.238 4653.704 4654.169 4654.635 4654.998 4655.007 4655.018 4655.028 4655.038 4655.17 4655.366 4655.563 4655.758 4656.036 4657.165 4658.294 4659.424 4660.553 4661.797 4663.149 4664.5 4665.852 4667.204 4667.494 4667.728 4667.961 4668.195 4668.24 4667.979 4667.718 4667.457 4667.195 4667.146 4667.146 4667.146 4667.146
4614.976 4614.968 4614.959 4614.951 4614.943 4615.419 4616.165 4616.911 4617.657 4618.488 4620.402 4622.315 4624.229 4626.142 4627.925 4629.579 4631.234 4632.888 4634.543 4636.328 4638.122 4639.916 4641.709 4643.489 4645.243 4646.997 4648.751 4650.506 4651.193 4651.605 4652.019 4652.431 4652.752 4652.761 4652.769 4652.777 4652.786 4652.976 4653.261 4653.546 4653.831 4654.196 4655.388 4656.58 4657.772 4658.964 4660.241 4661.597 4662.953 4664.31 4665.666 4665.87 4666.013 4666.156 4666.298 4666.263 4665.938 4665.614 4665.289 4664.964 4664.896 4664.887 4664.879 4664.871
4613.013 4612.989 4612.965 4612.941 4612.917 4613.408 4614.186 4614.963 4615.741 4616.604 4618.549 4620.494 4622.439 4624.384 4626.231 4627.981 4629.731 4631.48 4633.23 4635.012 4636.795 4638.578 4640.361 4642.068 4643.643 4645.217 4646.791 4648.365 4648.978 4649.343 4649.708 4650.073 4650.361 4650.386 4650.41 4650.434 4650.458 4650.737 4651.149 4651.562 4651.974 4652.458 4653.698 4654.938 4656.177 4657.417 4658.711 4660.057 4661.403 4662.749 4664.094 4664.248 4664.337 4664.427 4664.517 4664.425 4664.037 4663.648 4663.26 4662.872 4662.778 4662.754 4662.729 4662.706
4611.051 4611.011 4610.971 4610.93 4610.89 4611.396 4612.206 4613.015 4613.825 4614.72 4616.696 4618.673 4620.65 4622.627 4624.538 4626.383 4628.228 4630.073 4631.918 4633.696 4635.468 4637.241 4639.014 4640.648 4642.042 4643.437 4644.831 4646.225 4646.763 4647.08 4647.398 4647.715 4647.97 4648.01 4648.05 4648.09 4648.13 4648.499 4649.038 4649.577 4650.116 4650.721 4652.008 4653.295 4654.583 4655.87 4657.182 4658.517 4659.852 4661.188 4662.522 4662.625 4662.662 4662.699 4662.735 4662.587 4662.135 4661.683 4661.231 4660.779 4660.661 4660.621 4660.581 4660.541
4609.088 4609.032 4608.976 4608.92 4608.864 4609.384 4610.226 4611.067 4611.909 4612.835 4614.844 4616.852 4618.861 4620.87 4622.844 4624.784 4626.725 4628.665 4630.605 4632.379 4634.142 4635.904 4637.666 4639.228 4640.442 4641.656 4642.871 4644.085 4644.548 4644.818 4645.087 4645.357 4645.579 4645.635 4645.691 4645.747 4645.803 4646.26 4646.926 4647.592 4648.258 4648.983 4650.318 4651.653 4652.988 4654.323 4655.653 4656.978 4658.302 4659.626 4660.951 4661.003 4660.987 4660.97 4660.954 4660.749 4660.233 4659.717 4659.202 4658.687 4658.543 4658.487 4658.432 4658.375
4607.125 4607.053 4606.981 4606.91 4606.838 4607.373 4608.246 4609.119 4609.992 4610.951 4612.991 4615.031 4617.072 4619.112 4621.15 4623.186 4625.222 4627.257 4629.293 4631.063 4632.815 4634.567 4636.318 4637.808 4638.842 4639.876 4640.911 4641.945 4642.333 4642.555 4642.777 4643.0 4643.188 4643.26 4643.332 4643.403 4643.475 4644.021 4644.814 4645.607 4646.401 4647.246 4648.628 4650.011 4651.394 4652.776 4654.124 4655.438 4656.751 4658.065 4659.379 4659.38 4659.311 4659.242 4659.173 4658.91 4658.331 4657.752 4657.173 4656.594 4656.426 4656.354 4656.282 4656.21
4605.708 4605.655 4605.602 4605.549 4605.496 4606.13 4607.148 4608.166 4609.184 4610.274 4612.288 4614.301 4616.314 4618.327 4620.331 4622.324 4624.317 4626.311 4628.304 4629.998 4631.67 4633.342 4635.014 4636.404 4637.302 4638.201 4639.099 4639.998 4640.32 4640.495 4640.669 4640.844 4641.005 4641.123 4641.24 4641.357 4641.474 4642.08 4642.942 4643.803 4644.665 4645.573 4646.974 4648.375 4649.775 4651.176 4652.509 4653.778 4655.046 4656.315 4657.584 4657.58 4657.507 4657.434 4657.361 4657.074 4656.436 4655.798 4655.161 4654.523 4654.303 4654.181 4654.059 4653.937
4604.334 4604.302 4604.27 4604.238 4604.206 4604.947 4606.118 4607.29 4608.461 4609.692 4611.673 4613.654 4615.636 4617.617 4619.578 4621.519 4623.459 4625.399 4627.34 4628.951 4630.538 4632.126 4633.713 4635.001 4635.767 4636.533 4637.299 4638.065 4638.323 4638.45 4638.577 4638.704 4638.839 4639.004 4639.169 4639.333 4639.499 4640.163 4641.088 4642.013 4642.938 4643.905 4645.322 4646.739 4648.156 4649.572 4650.888 4652.109 4653.33 4654.551 4655.772 4655.766 4655.693 4655.62 4655.547 4655.237 4654.542 4653.846 4653.15 4652.454 4652.18 4652.005 4651.83 4651.655
4602.96 4602.949 4602.938 4602.927 4602.916 4603.763 4605.088 4606.413 4607.738 4609.109 4611.059 4613.008 4614.958 4616.907 4618.826 4620.713 4622.601 4624.488 4626.376 4627.904 4629.407 4630.91 4632.412 4633.598 4634.231 4634.865 4635.499 4636.133 4636.325 4636.405 4636.484 4636.563 4636.673 4636.885 4637.098 4637.31 4637.523 4638.245 4639.233 4640.222 4641.21 4642.238 4643.67 4645.103 4646.536 4647.968 4649.266 4650.44 4651.613 4652.787 4653.96 4653.951 4653.878 4653.806 4653.732 4653.401 4652.647 4651.893 4651.139 4650.385 4650.057 4649.829 4649.601 4649.373
4601.586 4601.596 4601.606 4601.617 4601.626 4602.58 4604.059 4605.537 4607.016 4608.526 4610.444 4612.362 4614.28 4616.198 4618.073 4619.908 4621.743 4623.577 4625.412 4626.857 4628.275 4629.693 4631.111 4632.195 4632.696 4633.198 4633.699 4634.2 4634.328 4634.36 4634.392 4634.423 4634.506 4634.767 4635.027 4635.287 4635.547 4636.328 4637.379 4638.432 4639.483 4640.57 4642.019 4643.467 4644.916 4646.364 4647.645 4648.771 4649.897 4651.023 4652.149 4652.137 4652.064 4651.991 4651.918 4651.565 4650.752 4649.94 4649.128 4648.315 4647.934 4647.653 4647.372 4647.091
4600.554 4600.594 4600.634 4600.675 4600.715 4601.719 4603.261 4604.802 4606.344 4607.911 4609.799 4611.687 4613.575 4615.462 4617.292 4619.063 4620.833 4622.604 4624.375 4625.721 4627.037 4628.353 4629.668 4630.643 4631.024 4631.405 4631.787 4632.168 4632.249 4632.252 4632.256 4632.26 4632.334 4632.653 4632.971 4633.29 4633.608 4634.455 4635.578 4636.7 4637.823 4638.975 4640.434 4641.893 4643.352 4644.811 4646.078 4647.167 4648.256 4649.345 4650.434 4650.42 4650.347 4650.274 4650.202 4649.825 4648.953 4648.08 4647.208 4646.335 4645.891 4645.546 4645.202 4644.857
4600.201 4600.289 4600.377 4600.465 4600.553 4601.5 4602.924 4604.35 4605.774 4607.231 4609.093 4610.955 4612.816 4614.677 4616.451 4618.137 4619.823 4621.509 4623.196 4624.407 4625.585 4626.763 4627.941 4628.793 4629.08 4629.366 4629.652 4629.938 4630.008 4630.022 4630.036 4630.05 4630.151 4630.549 4630.947 4631.345 4631.743 4632.672 4633.879 4635.087 4636.294 4637.523 4638.982 4640.441 4641.9 4643.359 4644.618 4645.691 4646.765 4647.837 4648.911 4648.896 4648.823 4648.75 4648.677 4648.277 4647.341 4646.405 4645.469 4644.533 4644.008 4643.579 4643.149 4642.72
4599.848 4599.984 4600.119 4600.255 4600.391 4601.28 4602.588 4603.896 4605.205 4606.552 4608.387 4610.222 4612.057 4613.892 4615.609 4617.211 4618.813 4620.415 4622.016 4623.093 4624.133 4625.174 4626.214 4626.944 4627.135 4627.326 4627.517 4627.708 4627.767 4627.791 4627.816 4627.841 4627.968 4628.445 4628.922 4629.399 4629.876 4630.889 4632.181 4633.473 4634.765 4636.072 4637.531 4638.99 4640.449 4641.908 4643.159 4644.216 4645.273 4646.33 4647.387 4647.372 4647.299 4647.227 4647.153 4646.729 4645.729 4644.73 4643.73 4642.731 4642.125 4641.611 4641.097 4640.583
4599.496 4599.679 4599.862 4600.045 4600.229 4601.06 4602.251 4603.444 4604.636 4605.873 4607.682 4609.49 4611.298 4613.107 4614.769 4616.286 4617.802 4619.319 4620.836 4621.779 4622.682 4623.584 4624.487 4625.095 4625.191 4625.287 4625.382 4625.478 4625.525 4625.561 4625.596 4625.631 4625.784 4626.341 4626.897 4627.454 4628.011 4629.106 4630.483 4631.86 4633.237 4634.621 4636.08 4637.539 4638.998 4640.457 4641.699 4642.74 4643.782 4644.823 4645.864 4645.848 4645.775 4645.702 4645.629 4645.181 4644.118 4643.055 4641.992 4640.929 4640.242 4639.644 4639.045 4638.446
4599.143 4599.374 4599.604 4599.835 4600.066 4600.84 4601.916 4602.991 4604.066 4605.194 4606.976 4608.758 4610.54 4612.322 4613.927 4615.36 4616.792 4618.224 4619.656 4620.465 4621.23 4621.996 4622.76 4623.247 4623.247 4623.247 4623.247 4623.248 4623.284 4623.33 4623.375 4623.421 4623.601 4624.237 4624.873 4625.509 4626.145 4627.323 4628.785 4630.247 4631.708 4633.169 4634.628 4636.087 4637.546 4639.005 4640.239 4641.265 4642.29 4643.315 4644.341 4644.324 4644.251 4644.178 4644.105 4643.632 4642.506 4641.379 4640.253 4639.126 4638.359 4637.676 4636.993 4636.309
4598.889 4599.128 4599.368 4599.607 4599.846 4600.563 4601.546 4602.528 4603.511 4604.546 4606.247 4607.947 4609.648 4611.349 4612.895 4614.29 4615.684 4617.079 4618.474 4619.181 4619.839 4620.499 4621.157 4621.525 4621.387 4621.249 4621.11 4620.972 4621.014 4621.102 4621.189 4621.277 4621.51 4622.237 4622.964 4623.692 4624.419 4625.641 4627.12 4628.599 4630.079 4631.559 4633.054 4634.548 4636.042 4637.537 4638.768 4639.753 4640.739 4641.726 4642.711 4642.693 4642.62 4642.547 4642.474 4642.002 4640.879 4639.755 4638.632 4637.509 4636.655 4635.863 4635.071 4634.28
4598.67 4598.904 4599.138 4599.372 4599.606 4600.267 4601.165 4602.063 4602.961 4603.91 4605.51 4607.11 4608.71 4610.31 4611.796 4613.169 4614.542 4615.916 4617.29 4617.906 4618.47 4619.034 4619.597 4619.849 4619.557 4619.265 4618.973 4618.681 4618.734 4618.875 4619.016 4619.156 4619.452 4620.274 4621.097 4621.919 4622.742 4623.992 4625.466 4626.94 4628.415 4629.895 4631.437 4632.979 4634.52 4636.062 4637.292 4638.23 4639.168 4640.106 4641.045 4641.023 4640.951 4640.877 4640.805 4640.343 4639.246 4638.149 4637.053 4635.956 4635.012 4634.104 4633.196 4632.288
4598.452 4598.68 4598.909 4599.138 4599.366 4599.97 4600.784 4601.597 4602.411 4603.274 4604.773 4606.272 4607.772 4609.271 4610.696 4612.049 4613.401 4614.753 4616.106 4616.632 4617.101 4617.569 4618.037 4618.172 4617.727 4617.281 4616.836 4616.391 4616.454 4616.647 4616.841 4617.035 4617.393 4618.311 4619.229 4620.146 4621.064 4622.344 4623.813 4625.281 4626.75 4628.229 4629.819 4631.409 4632.999 4634.588 4635.815 4636.706 4637.597 4638.488 4639.378 4639.354 4639.282 4639.208 4639.136 4638.684 4637.614 4636.543 4635.473 4634.403 4633.37 4632.345 4631.321 4630.296
4598.232 4598.456 4598.679 4598.903 4599.126 4599.674 4600.403 4601.131 4601.86 4602.638 4604.036 4605.435 4606.834 4608.232 4609.597 4610.929 4612.26 4613.591 4614.922 4615.358 4615.731 4616.104 4616.477 4616.495 4615.896 4615.297 4614.699 4614.1 4614.174 4614.42 4614.667 4614.914 4615.334 4616.347 4617.36 4618.374 4619.387 4620.695 4622.159 4623.623 4625.086 4626.564 4628.202 4629.839 4631.477 4633.114 4634.339 4635.183 4636.025 4636.869 4637.711 4637.686 4637.612 4637.54 4637.466 4637.025 4635.981 4634.938 4633.894 4632.85 4631.727 4630.586 4629.445 4628.304
4598.024 4598.243 4598.461 4598.679 4598.897 4599.39 4600.036 4600.683 4601.329 4602.022 4603.316 4604.609 4605.903 4607.196 4608.493 4609.794 4611.094 4612.395 4613.695 4614.043 4614.324 4614.605 4614.886 4614.798 4614.068 4613.339 4612.609 4611.88 4611.965 4612.26 4612.555 4612.85 4613.328 4614.431 4615.534 4616.637 4617.74 4619.077 4620.536 4621.994 4623.453 4624.931 4626.598 4628.266 4629.934 4631.601 4632.82 4633.623 4634.425 4635.228 4636.03 4636.0 4635.926 4635.852 4635.777 4635.344 4634.326 4633.308 4632.29 4631.271 4630.073 4628.832 4627.591 4626.35
4597.878 4598.091 4598.304 4598.517 4598.729 4599.176 4599.754 4600.332 4600.909 4601.529 4602.69 4603.852 4605.012 4606.173 4607.362 4608.578 4609.794 4611.01 4612.226 4612.499 4612.705 4612.912 4613.119 4612.983 4612.254 4611.524 4610.795 4610.065 4610.168 4610.484 4610.8 4611.116 4611.624 4612.785 4613.946 4615.107 4616.268 4617.625 4619.084 4620.543 4622.002 4623.473 4625.072 4626.671 4628.27 4629.868 4631.054 4631.857 4632.66 4633.462 4634.265 4634.225 4634.14 4634.054 4633.969 4633.538 4632.541 4631.544 4630.547 4629.55 4628.351 4627.105 4625.859 4624.612
4597.732 4597.939 4598.147 4598.354 4598.562 4598.963 4599.472 4599.98 4600.489 4601.036 4602.064 4603.093 4604.122 4605.151 4606.231 4607.362 4608.493 4609.625 4610.755 4610.954 4611.086 4611.219 4611.352 4611.169 4610.44 4609.71 4608.981 4608.251 4608.371 4608.708 4609.045 4609.383 4609.919 4611.139 4612.358 4613.578 4614.797 4616.174 4617.633 4619.092 4620.551 4622.016 4623.546 4625.076 4626.605 4628.136 4629.289 4630.091 4630.894 4631.696 4632.499 4632.449 4632.353 4632.257 4632.162 4631.732 4630.756 4629.78 4628.805 4627.829 4626.629 4625.378 4624.126 4622.875
4597.586 4597.788 4597.99 4598.192 4598.395 4598.75 4599.189 4599.629 4600.069 4600.542 4601.438 4602.335 4603.231 4604.128 4605.1 4606.146 4607.192 4608.239 4609.285 4609.409 4609.467 4609.526 4609.584 4609.355 4608.625 4607.896 4607.167 4606.437 4606.573 4606.932 4607.291 4607.649 4608.215 4609.493 4610.771 4612.048 4613.326 4614.722 4616.181 4617.64 4619.099 4620.559 4622.02 4623.48 4624.942 4626.403 4627.523 4628.325 4629.128 4629.93 4630.733 4630.673 4630.567 4630.46 4630.354 4629.926 4628.971 4628.017 4627.062 4626.107 4624.908 4623.651 4622.394 4621.137
4597.44 4597.637 4597.833 4598.03 4598.227 4598.536 4598.907 4599.278 4599.649 4600.049 4600.813 4601.577 4602.341 4603.105 4603.969 4604.93 4605.892 4606.854 4607.815 4607.864 4607.848 4607.833 4607.817 4607.541 4606.812 4606.082 4605.353 4604.623 4604.776 4605.156 4605.535 4605.915 4606.511 4607.847 4609.183 4610.519 4611.854 4613.271 4614.73 4616.189 4617.648 4619.101 4620.493 4621.886 4623.278 4624.67 4625.757 4626.56 4627.362 4628.165 4628.967 4628.897 4628.78 4628.664 4628.546 4628.12 4627.186 4626.253 4625.319 4624.386 4623.186 4621.924 4620.662 4619.4
4597.293 4597.485 4597.677 4597.868 4598.06 4598.333 4598.653 4598.973 4599.293 4599.638 4600.296 4600.954 4601.612 4602.271 4603.015 4603.845 4604.675 4605.505 4606.335 4606.35 4606.307 4606.264 4606.221 4605.954 4605.295 4604.636 4603.977 4603.318 4603.465 4603.819 4604.172 4604.526 4605.1 4606.427 4607.753 4609.08 4610.406 4611.82 4613.279 4614.737 4616.196 4617.646 4619.002 4620.358 4621.714 4623.07 4624.139 4624.941 4625.744 4626.546 4627.349 4627.28 4627.165 4627.049 4626.933 4626.521 4625.627 4624.732 4623.838 4622.943 4621.732 4620.447 4619.162 4617.877
4597.147 4597.333 4597.52 4597.706 4597.892 4598.141 4598.423 4598.706 4598.989 4599.293 4599.866 4600.44 4601.013 4601.587 4602.204 4602.865 4603.525 4604.186 4604.846 4604.859 4604.828 4604.795 4604.763 4604.549 4604.017 4603.485 4602.953 4602.421 4602.543 4602.833 4603.124 4603.414 4603.925 4605.188 4606.451 4607.713 4608.977 4610.368 4611.827 4613.286 4614.745 4616.194 4617.539 4618.885 4620.23 4621.575 4622.639 4623.441 4624.244 4625.046 4625.849 4625.79 4625.685 4625.58 4625.475 4625.09 4624.249 4623.407 4622.565 4621.723 4620.493 4619.17 4617.848 4616.526
