data/zism_data/01054_04_D.txt
ncols         224
nrows         224
[rows 168 to 195 of 224, columns 0 to 62 of 224]
4420.926 4421.175 4421.425 4422.096 4423.284 4424.472 4425.66 4426.848 4430.6 4434.641 4438.683 4442.724 4446.69 4450.516 4454.341 4458.167 4461.992 4465.044 4467.899 4470.753 4473.608 4476.895 4481.503 4486.111 4490.72 4495.328 4496.622 4496.466 4496.31 4496.154 4495.557 4492.354 4489.15 4485.947 4482.744 4477.955 4472.084 4466.213 4460.342 4454.38 4446.416 4438.452 4430.487 4422.523 4415.816 4410.406 4404.995 4399.584 4394.174 4392.897 4391.875 4390.853 4389.831 4389.438 4390.023 4390.608 4391.194 4391.779 4393.496 4395.428 4397.359 4399.291 4401.829
4413.934 4414.082 4414.229 4414.809 4415.916 4417.023 4418.131 4419.238 4422.678 4426.382 4430.085 4433.789 4437.402 4440.847 4444.292 4447.736 4451.18 4454.202 4457.116 4460.029 4462.943 4466.222 4470.615 4475.008 4479.402 4483.795 4485.229 4485.369 4485.508 4485.647 4485.396 4482.836 4480.276 4477.717 4475.158 4470.796 4465.204 4459.612 4454.021 4448.353 4441.033 4433.712 4426.391 4419.071 4412.887 4407.873 4402.859 4397.846 4392.832 4391.68 4390.765 4389.85 4388.935 4388.695 4389.506 4390.317 4391.128 4391.938 4394.034 4396.374 4398.713 4401.052 4404.001
4406.943 4406.989 4407.034 4407.521 4408.548 4409.575 4410.602 4411.628 4414.757 4418.123 4421.488 4424.854 4428.114 4431.178 4434.241 4437.305 4440.368 4443.359 4446.332 4449.305 4452.278 4455.548 4459.727 4463.906 4468.084 4472.263 4473.837 4474.272 4474.706 4475.141 4475.234 4473.319 4471.403 4469.487 4467.572 4463.637 4458.324 4453.011 4447.698 4442.326 4435.649 4428.973 4422.296 4415.619 4409.958 4405.341 4400.724 4396.107 4391.491 4390.462 4389.655 4388.847 4388.04 4387.953 4388.989 4390.026 4391.062 4392.098 4394.572 4397.319 4400.066 4402.813 4406.173
4400.268 4400.21 4400.153 4400.545 4401.489 4402.434 4403.377 4404.322 4407.128 4410.144 4413.16 4416.177 4419.073 4421.745 4424.417 4427.088 4429.76 4432.699 4435.707 4438.714 4441.721 4444.96 4448.908 4452.856 4456.804 4460.752 4462.466 4463.203 4463.939 4464.675 4465.118 4463.826 4462.535 4461.243 4459.951 4456.45 4451.438 4446.428 4441.417 4436.36 4430.31 4424.259 4418.208 4412.158 4407.001 4402.765 4398.528 4394.292 4390.055 4389.149 4388.449 4387.749 4387.048 4387.12 4388.39 4389.661 4390.932 4392.203 4395.061 4398.221 4401.38 4404.54 4408.308
4397.639 4397.463 4397.288 4397.565 4398.396 4399.228 4400.059 4400.891 4403.242 4405.764 4408.287 4410.81 4413.199 4415.34 4417.48 4419.621 4421.762 4424.371 4427.099 4429.827 4432.556 4435.476 4438.984 4442.492 4446.0 4449.508 4451.36 4452.489 4453.617 4454.745 4455.576 4454.655 4453.733 4452.812 4451.89 4448.893 4444.477 4440.062 4435.646 4431.177 4425.529 4419.881 4414.233 4408.585 4403.711 4399.636 4395.56 4391.484 4387.408 4386.613 4386.021 4385.427 4384.834 4385.109 4386.734 4388.359 4389.984 4391.609 4394.921 4398.553 4402.184 4405.816 4409.963
4395.01 4394.716 4394.423 4394.584 4395.303 4396.021 4396.74 4397.459 4399.355 4401.384 4403.413 4405.442 4407.325 4408.935 4410.544 4412.154 4413.763 4416.042 4418.491 4420.94 4423.39 4425.992 4429.06 4432.128 4435.196 4438.264 4440.255 4441.775 4443.294 4444.814 4446.034 4445.483 4444.932 4444.38 4443.829 4441.335 4437.516 4433.696 4429.876 4425.994 4420.748 4415.502 4410.257 4405.011 4400.421 4396.506 4392.592 4388.677 4384.762 4384.078 4383.592 4383.106 4382.621 4383.099 4385.079 4387.058 4389.037 4391.016 4394.781 4398.884 4402.988 4407.092 4411.618
4392.381 4391.969 4391.558 4391.604 4392.209 4392.815 4393.422 4394.028 4395.469 4397.004 4398.54 4400.075 4401.452 4402.53 4403.608 4404.686 4405.765 4407.713 4409.884 4412.054 4414.224 4416.507 4419.136 4421.764 4424.392 4427.02 4429.149 4431.061 4432.972 4434.884 4436.492 4436.311 4436.13 4435.949 4435.768 4433.778 4430.554 4427.33 4424.105 4420.811 4415.967 4411.124 4406.281 4401.438 4397.131 4393.377 4389.624 4385.87 4382.116 4381.542 4381.163 4380.785 4380.407 4381.089 4383.422 4385.755 4388.089 4390.422 4394.641 4399.216 4403.792 4408.368 4413.273
4389.752 4389.222 4388.693 4388.623 4389.116 4389.61 4390.103 4390.597 4391.583 4392.625 4393.666 4394.708 4395.578 4396.125 4396.672 4397.219 4397.766 4399.384 4401.276 4403.167 4405.059 4407.023 4409.211 4411.399 4413.587 4415.776 4418.044 4420.347 4422.65 4424.953 4426.95 4427.139 4427.329 4427.518 4427.707 4426.222 4423.593 4420.964 4418.335 4415.628 4411.187 4406.746 4402.305 4397.864 4393.841 4390.248 4386.655 4383.063 4379.469 4379.006 4378.735 4378.464 4378.192 4379.079 4381.767 4384.454 4387.141 4389.829 4394.5 4399.548 4404.596 4409.645 4414.928
4387.489 4386.877 4386.267 4386.101 4386.481 4386.862 4387.243 4387.624 4388.323 4389.059 4389.795 4390.531 4391.103 4391.368 4391.633 4391.898 4392.163 4393.468 4395.039 4396.609 4398.18 4399.808 4401.615 4403.422 4405.229 4407.036 4409.275 4411.705 4414.133 4416.563 4418.694 4419.075 4419.455 4419.835 4420.215 4419.095 4416.95 4414.804 4412.659 4410.429 4406.314 4402.2 4398.086 4393.972 4390.175 4386.704 4383.233 4379.762 4376.291 4375.909 4375.717 4375.525 4375.333 4376.371 4379.32 4382.269 4385.218 4388.167 4393.061 4398.323 4403.586 4408.849 4414.341
4385.561 4384.901 4384.242 4384.0 4384.268 4384.535 4384.803 4385.071 4385.639 4386.241 4386.842 4387.444 4387.91 4388.121 4388.333 4388.544 4388.755 4389.764 4390.975 4392.186 4393.396 4394.673 4396.153 4397.633 4399.112 4400.592 4402.65 4404.961 4407.271 4409.583 4411.617 4412.024 4412.432 4412.838 4413.246 4412.362 4410.598 4408.834 4407.07 4405.214 4401.358 4397.501 4393.645 4389.789 4386.164 4382.779 4379.394 4376.008 4372.623 4372.296 4372.159 4372.021 4371.882 4373.021 4376.147 4379.274 4382.4 4385.526 4390.43 4395.671 4400.913 4406.154 4411.697
4383.633 4382.925 4382.218 4381.898 4382.053 4382.208 4382.364 4382.519 4382.955 4383.422 4383.89 4384.357 4384.717 4384.875 4385.033 4385.19 4385.348 4386.059 4386.91 4387.762 4388.613 4389.539 4390.691 4391.843 4392.996 4394.148 4396.024 4398.217 4400.41 4402.603 4404.541 4404.975 4405.408 4405.842 4406.276 4405.63 4404.247 4402.863 4401.48 4400.0 4396.401 4392.803 4389.204 4385.604 4382.153 4378.854 4375.554 4372.255 4368.956 4368.685 4368.6 4368.516 4368.431 4369.672 4372.976 4376.279 4379.582 4382.885 4387.799 4393.019 4398.239 4403.458 4409.054
4381.705 4380.949 4380.193 4379.796 4379.839 4379.881 4379.924 4379.967 4380.271 4380.604 4380.938 4381.271 4381.524 4381.628 4381.732 4381.836 4381.94 4382.354 4382.846 4383.338 4383.83 4384.404 4385.229 4386.054 4386.879 4387.704 4389.398 4391.473 4393.548 4395.623 4397.463 4397.924 4398.385 4398.846 4399.307 4398.898 4397.896 4396.893 4395.891 4394.787 4391.445 4388.104 4384.762 4381.421 4378.142 4374.929 4371.715 4368.501 4365.288 4365.073 4365.042 4365.011 4364.98 4366.324 4369.804 4373.284 4376.764 4380.244 4385.169 4390.367 4395.565 4400.764 4406.411
4379.777 4378.973 4378.169 4377.694 4377.625 4377.555 4377.484 4377.415 4377.586 4377.786 4377.985 4378.184 4378.332 4378.382 4378.433 4378.483 4378.533 4378.649 4378.782 4378.914 4379.046 4379.269 4379.767 4380.265 4380.763 4381.26 4382.773 4384.729 4386.686 4388.643 4390.387 4390.874 4391.362 4391.849 4392.337 4392.166 4391.544 4390.922 4390.301 4389.573 4386.489 4383.405 4380.321 4377.237 4374.131 4371.004 4367.876 4364.748 4361.621 4361.461 4361.484 4361.506 4361.529 4362.975 4366.632 4370.289 4373.946 4377.604 4382.538 4387.715 4392.892 4398.069 4403.767
4378.328 4377.418 4376.508 4375.899 4375.659 4375.419 4375.179 4374.939 4374.88 4374.841 4374.802 4374.763 4374.69 4374.557 4374.424 4374.29 4374.157 4374.198 4374.283 4374.369 4374.455 4374.624 4375.05 4375.476 4375.901 4376.327 4377.689 4379.459 4381.23 4383.001 4384.588 4385.087 4385.585 4386.084 4386.583 4386.481 4385.97 4385.458 4384.947 4384.329 4381.351 4378.374 4375.396 4372.419 4369.433 4366.438 4363.443 4360.448 4357.453 4357.385 4357.499 4357.611 4357.725 4359.298 4363.143 4366.987 4370.832 4374.677 4379.649 4384.836 4390.023 4395.209 4400.873
4376.893 4375.875 4374.858 4374.113 4373.701 4373.29 4372.878 4372.466 4372.172 4371.892 4371.611 4371.331 4371.036 4370.715 4370.394 4370.072 4369.751 4369.724 4369.772 4369.82 4369.868 4369.994 4370.355 4370.716 4371.078 4371.439 4372.65 4374.234 4375.817 4377.4 4378.828 4379.337 4379.846 4380.356 4380.865 4380.829 4380.419 4380.01 4379.601 4379.083 4376.208 4373.333 4370.457 4367.582 4364.713 4361.853 4358.992 4356.131 4353.27 4353.296 4353.5 4353.705 4353.909 4355.611 4359.644 4363.676 4367.709 4371.741 4376.753 4381.95 4387.148 4392.345 4397.971
4375.457 4374.333 4373.208 4372.327 4371.744 4371.16 4370.577 4369.993 4369.465 4368.943 4368.421 4367.899 4367.382 4366.873 4366.364 4365.854 4365.346 4365.25 4365.261 4365.271 4365.282 4365.363 4365.66 4365.957 4366.254 4366.551 4367.612 4369.008 4370.403 4371.798 4373.067 4373.587 4374.107 4374.627 4375.148 4375.176 4374.869 4374.561 4374.253 4373.839 4371.065 4368.292 4365.518 4362.745 4359.994 4357.268 4354.541 4351.814 4349.087 4349.207 4349.502 4349.798 4350.093 4351.925 4356.145 4360.365 4364.586 4368.806 4373.857 4379.065 4384.273 4389.481 4395.07
4374.022 4372.79 4371.558 4370.541 4369.786 4369.03 4368.275 4367.521 4366.758 4365.994 4365.231 4364.468 4363.728 4363.031 4362.333 4361.637 4360.94 4360.777 4360.75 4360.723 4360.696 4360.732 4360.965 4361.198 4361.431 4361.663 4362.574 4363.782 4364.989 4366.197 4367.307 4367.837 4368.368 4368.899 4369.43 4369.523 4369.318 4369.112 4368.907 4368.594 4365.922 4363.251 4360.579 4357.908 4355.275 4352.682 4350.089 4347.497 4344.904 4345.118 4345.504 4345.891 4346.278 4348.238 4352.646 4357.054 4361.462 4365.871 4370.96 4376.179 4381.398 4386.617 4392.168
4373.194 4371.83 4370.466 4369.275 4368.296 4367.318 4366.339 4365.36 4364.36 4363.358 4362.355 4361.353 4360.388 4359.494 4358.601 4357.707 4356.813 4356.532 4356.406 4356.281 4356.155 4356.104 4356.282 4356.459 4356.636 4356.813 4357.561 4358.559 4359.556 4360.553 4361.485 4362.034 4362.582 4363.13 4363.679 4363.834 4363.722 4363.609 4363.497 4363.276 4360.688 4358.101 4355.513 4352.926 4350.395 4347.923 4345.451 4342.979 4340.506 4340.905 4341.479 4342.054 4342.629 4344.758 4349.304 4353.851 4358.397 4362.943 4368.053 4373.269 4378.484 4383.701 4389.191
4373.203 4371.672 4370.142 4368.728 4367.454 4366.18 4364.906 4363.632 4362.39 4361.151 4359.913 4358.674 4357.483 4356.38 4355.277 4354.174 4353.071 4352.602 4352.294 4351.986 4351.678 4351.479 4351.613 4351.748 4351.882 4352.017 4352.583 4353.339 4354.095 4354.851 4355.581 4356.156 4356.731 4357.306 4357.881 4358.096 4358.063 4358.031 4357.999 4357.858 4355.33 4352.801 4350.272 4347.744 4345.293 4342.923 4340.553 4338.183 4335.813 4336.52 4337.417 4338.313 4339.21 4341.563 4346.178 4350.794 4355.411 4360.026 4365.129 4370.323 4375.518 4380.712 4386.11
4373.212 4371.516 4369.819 4368.18 4366.611 4365.042 4363.473 4361.904 4360.42 4358.945 4357.471 4355.996 4354.578 4353.266 4351.954 4350.641 4349.329 4348.672 4348.182 4347.691 4347.201 4346.854 4346.945 4347.037 4347.128 4347.22 4347.605 4348.12 4348.634 4349.148 4349.675 4350.277 4350.879 4351.482 4352.084 4352.357 4352.405 4352.454 4352.502 4352.44 4349.971 4347.501 4345.032 4342.562 4340.191 4337.923 4335.655 4333.387 4331.119 4332.135 4333.354 4334.573 4335.791 4338.367 4343.052 4347.738 4352.424 4357.11 4362.205 4367.378 4372.551 4377.725 4383.029
4373.221 4371.358 4369.495 4367.632 4365.768 4363.904 4362.04 4360.176 4358.45 4356.739 4355.028 4353.317 4351.672 4350.151 4348.63 4347.108 4345.587 4344.742 4344.069 4343.396 4342.724 4342.229 4342.277 4342.326 4342.374 4342.423 4342.627 4342.9 4343.173 4343.446 4343.771 4344.399 4345.028 4345.657 4346.286 4346.618 4346.747 4346.875 4347.004 4347.022 4344.612 4342.201 4339.791 4337.38 4335.09 4332.924 4330.757 4328.591 4326.425 4327.75 4329.291 4330.832 4332.372 4335.171 4339.926 4344.682 4349.438 4354.193 4359.282 4364.433 4369.585 4374.736 4379.948
4373.23 4371.201 4369.172 4367.084 4364.925 4362.766 4360.607 4358.448 4356.48 4354.533 4352.586 4350.639 4348.768 4347.037 4345.306 4343.575 4341.845 4340.812 4339.957 4339.102 4338.247 4337.604 4337.609 4337.614 4337.62 4337.625 4337.649 4337.681 4337.712 4337.744 4337.866 4338.521 4339.177 4339.833 4340.489 4340.879 4341.088 4341.297 4341.507 4341.605 4339.253 4336.901 4334.55 4332.198 4329.988 4327.924 4325.86 4323.795 4321.731 4323.366 4325.229 4327.091 4328.953 4331.975 4336.8 4341.625 4346.451 4351.276 4356.358 4361.488 4366.618 4371.749 4376.867
4374.718 4372.667 4370.616 4368.415 4366.031 4363.647 4361.263 4358.879 4356.521 4354.165 4351.809 4349.454 4347.192 4345.107 4343.023 4340.938 4338.854 4337.478 4336.281 4335.085 4333.889 4332.939 4332.743 4332.547 4332.351 4332.155 4332.096 4332.096 4332.096 4332.096 4332.211 4333.011 4333.81 4334.609 4335.408 4335.872 4336.105 4336.339 4336.573 4336.694 4334.335 4331.978 4329.62 4327.262 4325.125 4323.213 4321.302 4319.391 4317.48 4319.137 4321.014 4322.89 4324.767 4327.8 4332.635 4337.469 4342.303 4347.138 4352.171 4357.243 4362.314 4367.386 4372.428
4376.427 4374.376 4372.325 4370.028 4367.429 4364.831 4362.232 4359.633 4356.862 4354.072 4351.282 4348.492 4345.816 4343.356 4340.896 4338.436 4335.976 4334.232 4332.671 4331.11 4329.549 4328.269 4327.848 4327.426 4327.005 4326.583 4326.455 4326.455 4326.455 4326.455 4326.594 4327.555 4328.515 4329.475 4330.435 4330.973 4331.223 4331.473 4331.723 4331.858 4329.484 4327.11 4324.736 4322.362 4320.296 4318.546 4316.796 4315.046 4313.296 4314.932 4316.776 4318.62 4320.464 4323.479 4328.313 4333.147 4337.982 4342.816 4347.796 4352.803 4357.81 4362.817 4367.785
4378.136 4376.085 4374.034 4371.641 4368.827 4366.014 4363.201 4360.387 4357.205 4353.979 4350.754 4347.53 4344.44 4341.604 4338.769 4335.933 4333.098 4330.987 4329.061 4327.135 4325.209 4323.599 4322.952 4322.305 4321.659 4321.012 4320.815 4320.815 4320.815 4320.815 4320.978 4322.099 4323.22 4324.341 4325.462 4326.075 4326.341 4326.607 4326.873 4327.023 4324.633 4322.243 4319.853 4317.463 4315.468 4313.878 4312.29 4310.7 4309.111 4310.726 4312.538 4314.35 4316.162 4319.157 4323.991 4328.826 4333.66 4338.494 4343.42 4348.362 4353.305 4358.248 4363.143
4379.845 4377.794 4375.743 4373.253 4370.226 4367.197 4364.169 4361.142 4357.546 4353.887 4350.228 4346.568 4343.064 4339.853 4336.642 4333.431 4330.22 4327.742 4325.451 4323.161 4320.87 4318.928 4318.057 4317.185 4316.313 4315.44 4315.175 4315.175 4315.175 4315.175 4315.361 4316.643 4317.925 4319.207 4320.489 4321.177 4321.459 4321.741 4322.023 4322.188 4319.782 4317.375 4314.97 4312.563 4310.639 4309.211 4307.783 4306.355 4304.927 4306.521 4308.3 4310.081 4311.86 4314.835 4319.67 4324.504 4329.338 4334.172 4339.044 4343.922 4348.801 4353.679 4358.5
4381.59 4379.507 4377.423 4374.831 4371.614 4368.397 4365.18 4361.963 4358.072 4354.104 4350.137 4346.169 4342.355 4338.829 4335.302 4331.775 4328.248 4325.422 4322.775 4320.128 4317.481 4315.22 4314.142 4313.063 4311.985 4310.906 4310.572 4310.563 4310.555 4310.546 4310.731 4312.056 4313.381 4314.706 4316.031 4316.733 4317.009 4317.284 4317.56 4317.725 4315.443 4313.161 4310.879 4308.597 4306.835 4305.609 4304.383 4303.157 4301.931 4303.419 4305.075 4306.73 4308.385 4311.238 4315.952 4320.667 4325.381 4330.096 4334.917 4339.758 4344.6 4349.441 4354.209
4383.413 4381.228 4379.042 4376.333 4372.982 4369.631 4366.28 4362.929 4358.991 4354.985 4350.98 4346.976 4343.071 4339.357 4335.642 4331.927 4328.213 4325.08 4322.095 4319.109 4316.125 4313.568 4312.323 4311.078 4309.833 4308.588 4308.185 4308.149 4308.114 4308.079 4308.21 4309.326 4310.442 4311.558 4312.673 4313.258 4313.48 4313.703 4313.925 4314.057 4312.198 4310.34 4308.482 4306.624 4305.22 4304.284 4303.348 4302.411 4301.475 4302.676 4304.01 4305.343 4306.677 4309.187 4313.525 4317.864 4322.203 4326.542 4331.322 4336.184 4341.047 4345.91 4350.67
