data/zism_data/01052_03_D.txt
ncols         224
nrows         224
[rows 174 to 202 of 224, columns 0 to 65 of 224]
1599.765 1599.828 1599.891 1599.954 1600.0 1600.0 1600.0 1600.0 1600.0 1600.0 1600.0 1600.0 1600.0 1600.0 1600.0 1600.0 1600.0 1600.0 1600.0 1600.0 1600.0 1600.0 1600.0 1600.0 1600.0 1600.0 1600.0 1600.0 1600.0 1600.0 1600.0 1600.0 1600.0 1600.0 1600.0 1600.0 1600.018 1600.053 1600.087 1600.122 1600.156 1600.163 1600.17 1600.177 1600.184 1600.202 1600.233 1600.264 1600.295 1600.326 1600.492 1600.67 1600.848 1601.026 1601.283 1601.671 1602.059 1602.448 1602.836 1603.215 1603.593 1603.971 1604.348 1604.827 1605.538 1606.249
1599.825 1599.872 1599.919 1599.966 1600.0 1600.0 1600.0 1600.0 1600.0 1600.0 1600.0 1600.0 1600.0 1600.0 1600.0 1600.0 1600.0 1600.0 1600.0 1600.0 1600.0 1600.0 1600.0 1600.0 1600.0 1600.0 1600.0 1600.0 1600.0 1600.0 1600.0 1600.0 1600.0 1600.0 1600.0 1600.0 1600.046 1600.134 1600.223 1600.311 1600.399 1600.418 1600.436 1600.453 1600.471 1600.516 1600.596 1600.675 1600.755 1600.834 1601.048 1601.275 1601.501 1601.727 1602.027 1602.447 1602.868 1603.288 1603.709 1604.107 1604.501 1604.895 1605.288 1605.767 1606.44 1607.113
1599.885 1599.916 1599.947 1599.978 1600.0 1600.0 1600.0 1600.0 1600.0 1600.0 1600.0 1600.0 1600.0 1600.0 1600.0 1600.0 1600.0 1600.0 1600.0 1600.0 1600.0 1600.0 1600.0 1600.0 1600.0 1600.0 1600.0 1600.0 1600.0 1600.0 1600.0 1600.0 1600.0 1600.0 1600.0 1600.0 1600.074 1600.216 1600.358 1600.5 1600.642 1600.673 1600.701 1600.729 1600.758 1600.831 1600.959 1601.087 1601.215 1601.343 1601.605 1601.879 1602.154 1602.429 1602.771 1603.224 1603.676 1604.129 1604.582 1604.999 1605.409 1605.819 1606.229 1606.707 1607.343 1607.978
1599.945 1599.96 1599.975 1599.989 1600.0 1600.0 1600.0 1600.0 1600.0 1600.0 1600.0 1600.0 1600.0 1600.0 1600.0 1600.0 1600.0 1600.0 1600.0 1600.0 1600.0 1600.0 1600.0 1600.0 1600.0 1600.0 1600.0 1600.0 1600.0 1600.0 1600.0 1600.0 1600.0 1600.0 1600.0 1600.0 1600.102 1600.298 1600.494 1600.69 1600.886 1600.927 1600.966 1601.005 1601.045 1601.146 1601.322 1601.498 1601.674 1601.851 1602.161 1602.484 1602.808 1603.131 1603.515 1604.0 1604.485 1604.97 1605.455 1605.89 1606.317 1606.743 1607.169 1607.647 1608.245 1608.843
1600.017 1600.014 1600.011 1600.008 1600.006 1600.006 1600.006 1600.006 1600.006 1600.006 1600.006 1600.006 1600.006 1600.006 1600.006 1600.006 1600.006 1600.006 1600.006 1600.006 1600.006 1600.006 1600.007 1600.012 1600.017 1600.023 1600.028 1600.03 1600.031 1600.031 1600.032 1600.032 1600.032 1600.032 1600.032 1600.032 1600.163 1600.413 1600.663 1600.913 1601.163 1601.217 1601.268 1601.319 1601.37 1601.496 1601.717 1601.937 1602.158 1602.378 1602.733 1603.1 1603.468 1603.835 1604.258 1604.774 1605.29 1605.806 1606.322 1606.777 1607.221 1607.664 1608.108 1608.588 1609.15 1609.713
1600.21 1600.175 1600.14 1600.105 1600.08 1600.08 1600.08 1600.08 1600.08 1600.08 1600.08 1600.08 1600.08 1600.08 1600.08 1600.08 1600.08 1600.08 1600.08 1600.08 1600.08 1600.08 1600.088 1600.152 1600.217 1600.281 1600.345 1600.375 1600.381 1600.387 1600.392 1600.398 1600.398 1600.398 1600.398 1600.398 1600.559 1600.869 1601.178 1601.487 1601.796 1601.872 1601.945 1602.017 1602.089 1602.228 1602.449 1602.669 1602.89 1603.11 1603.465 1603.832 1604.2 1604.567 1604.996 1605.528 1606.06 1606.592 1607.124 1607.609 1608.085 1608.561 1609.037 1609.536 1610.088 1610.639
1600.404 1600.336 1600.269 1600.202 1600.153 1600.153 1600.153 1600.153 1600.153 1600.153 1600.153 1600.153 1600.153 1600.153 1600.153 1600.153 1600.153 1600.153 1600.153 1600.153 1600.153 1600.153 1600.169 1600.292 1600.416 1600.539 1600.663 1600.72 1600.731 1600.742 1600.753 1600.764 1600.764 1600.764 1600.764 1600.764 1600.956 1601.325 1601.693 1602.061 1602.43 1602.528 1602.622 1602.715 1602.809 1602.96 1603.181 1603.401 1603.621 1603.842 1604.197 1604.564 1604.931 1605.299 1605.734 1606.282 1606.83 1607.379 1607.927 1608.441 1608.949 1609.458 1609.966 1610.484 1611.025 1611.566
1600.597 1600.497 1600.398 1600.298 1600.226 1600.226 1600.226 1600.226 1600.226 1600.226 1600.226 1600.226 1600.226 1600.226 1600.226 1600.226 1600.226 1600.226 1600.226 1600.226 1600.226 1600.226 1600.25 1600.432 1600.615 1600.798 1600.98 1601.064 1601.081 1601.098 1601.114 1601.13 1601.13 1601.13 1601.13 1601.13 1601.353 1601.781 1602.208 1602.636 1603.063 1603.183 1603.299 1603.414 1603.529 1603.692 1603.912 1604.133 1604.353 1604.574 1604.928 1605.296 1605.663 1606.031 1606.472 1607.036 1607.601 1608.165 1608.729 1609.273 1609.814 1610.354 1610.895 1611.432 1611.962 1612.492
1600.79 1600.658 1600.527 1600.395 1600.299 1600.299 1600.299 1600.299 1600.299 1600.299 1600.299 1600.299 1600.299 1600.299 1600.299 1600.299 1600.299 1600.299 1600.299 1600.299 1600.299 1600.299 1600.331 1600.572 1600.814 1601.056 1601.298 1601.409 1601.431 1601.453 1601.475 1601.496 1601.496 1601.496 1601.496 1601.496 1601.75 1602.236 1602.723 1603.21 1603.697 1603.839 1603.976 1604.112 1604.249 1604.424 1604.644 1604.865 1605.085 1605.306 1605.66 1606.028 1606.395 1606.762 1607.21 1607.79 1608.371 1608.951 1609.531 1610.105 1610.678 1611.251 1611.824 1612.38 1612.9 1613.419
1601.012 1600.882 1600.752 1600.622 1600.528 1600.528 1600.528 1600.528 1600.528 1600.528 1600.528 1600.528 1600.528 1600.528 1600.528 1600.528 1600.528 1600.528 1600.545 1600.571 1600.597 1600.623 1600.68 1600.943 1601.207 1601.471 1601.734 1601.854 1601.876 1601.898 1601.919 1601.941 1601.967 1601.993 1602.018 1602.044 1602.316 1602.813 1603.31 1603.808 1604.305 1604.474 1604.638 1604.802 1604.966 1605.156 1605.376 1605.597 1605.817 1606.037 1606.392 1606.759 1607.127 1607.494 1607.942 1608.521 1609.1 1609.679 1610.259 1610.852 1611.449 1612.045 1612.642 1613.216 1613.739 1614.262
1601.257 1601.16 1601.062 1600.965 1600.894 1600.894 1600.894 1600.894 1600.894 1600.894 1600.894 1600.894 1600.894 1600.894 1600.894 1600.894 1600.894 1600.894 1600.944 1601.018 1601.092 1601.166 1601.264 1601.517 1601.77 1602.023 1602.276 1602.388 1602.404 1602.42 1602.437 1602.456 1602.53 1602.605 1602.679 1602.753 1603.031 1603.496 1603.961 1604.426 1604.891 1605.091 1605.287 1605.484 1605.68 1605.887 1606.108 1606.328 1606.549 1606.769 1607.124 1607.491 1607.859 1608.226 1608.667 1609.23 1609.794 1610.357 1610.92 1611.525 1612.137 1612.75 1613.362 1613.953 1614.492 1615.031
1601.503 1601.438 1601.373 1601.307 1601.26 1601.26 1601.26 1601.26 1601.26 1601.26 1601.26 1601.26 1601.26 1601.26 1601.26 1601.26 1601.26 1601.26 1601.342 1601.464 1601.587 1601.71 1601.848 1602.09 1602.332 1602.574 1602.817 1602.921 1602.932 1602.943 1602.954 1602.971 1603.094 1603.216 1603.339 1603.462 1603.746 1604.179 1604.611 1605.044 1605.477 1605.708 1605.937 1606.166 1606.394 1606.619 1606.84 1607.06 1607.281 1607.501 1607.856 1608.223 1608.591 1608.958 1609.393 1609.94 1610.487 1611.034 1611.581 1612.197 1612.826 1613.454 1614.083 1614.689 1615.245 1615.8
1601.749 1601.716 1601.683 1601.65 1601.626 1601.626 1601.626 1601.626 1601.626 1601.626 1601.626 1601.626 1601.626 1601.626 1601.626 1601.626 1601.626 1601.626 1601.74 1601.911 1602.082 1602.253 1602.432 1602.663 1602.895 1603.126 1603.358 1603.455 1603.46 1603.466 1603.471 1603.486 1603.657 1603.828 1603.999 1604.17 1604.461 1604.861 1605.262 1605.662 1606.063 1606.326 1606.586 1606.847 1607.108 1607.351 1607.572 1607.792 1608.012 1608.233 1608.588 1608.955 1609.322 1609.69 1610.119 1610.65 1611.181 1611.711 1612.242 1612.869 1613.514 1614.159 1614.804 1615.426 1615.997 1616.569
1601.995 1601.994 1601.993 1601.993 1601.992 1601.992 1601.992 1601.992 1601.992 1601.992 1601.992 1601.992 1601.992 1601.992 1601.992 1601.992 1601.992 1601.992 1602.138 1602.358 1602.577 1602.796 1603.016 1603.237 1603.457 1603.678 1603.899 1603.988 1603.988 1603.989 1603.989 1604.001 1604.221 1604.44 1604.66 1604.879 1605.176 1605.544 1605.912 1606.28 1606.648 1606.943 1607.236 1607.529 1607.823 1608.083 1608.303 1608.524 1608.744 1608.965 1609.319 1609.687 1610.054 1610.422 1610.845 1611.359 1611.874 1612.389 1612.904 1613.541 1614.202 1614.863 1615.524 1616.163 1616.75 1617.338
1602.319 1602.329 1602.34 1602.35 1602.358 1602.358 1602.358 1602.358 1602.358 1602.358 1602.358 1602.358 1602.358 1602.358 1602.358 1602.358 1602.358 1602.358 1602.505 1602.725 1602.946 1603.166 1603.391 1603.643 1603.895 1604.147 1604.399 1604.51 1604.526 1604.542 1604.558 1604.584 1604.789 1604.994 1605.198 1605.403 1605.676 1606.012 1606.348 1606.684 1607.02 1607.34 1607.66 1607.981 1608.301 1608.586 1608.827 1609.069 1609.31 1609.552 1609.927 1610.316 1610.704 1611.093 1611.54 1612.086 1612.632 1613.178 1613.724 1614.35 1614.99 1615.63 1616.27 1616.891 1617.469 1618.046
1602.645 1602.666 1602.687 1602.708 1602.724 1602.724 1602.724 1602.724 1602.724 1602.724 1602.724 1602.724 1602.724 1602.724 1602.724 1602.724 1602.724 1602.724 1602.871 1603.091 1603.312 1603.532 1603.761 1604.045 1604.329 1604.614 1604.898 1605.032 1605.064 1605.096 1605.128 1605.169 1605.358 1605.546 1605.735 1605.923 1606.172 1606.475 1606.779 1607.083 1607.386 1607.733 1608.08 1608.427 1608.774 1609.083 1609.346 1609.609 1609.872 1610.135 1610.532 1610.942 1611.352 1611.762 1612.236 1612.814 1613.392 1613.97 1614.549 1615.161 1615.78 1616.398 1617.017 1617.62 1618.187 1618.753
1602.97 1603.002 1603.035 1603.067 1603.09 1603.09 1603.09 1603.09 1603.09 1603.09 1603.09 1603.09 1603.09 1603.09 1603.09 1603.09 1603.09 1603.09 1603.237 1603.457 1603.678 1603.898 1604.131 1604.448 1604.764 1605.081 1605.397 1605.554 1605.602 1605.65 1605.698 1605.754 1605.926 1606.098 1606.271 1606.443 1606.667 1606.938 1607.21 1607.481 1607.752 1608.125 1608.499 1608.873 1609.247 1609.581 1609.865 1610.15 1610.434 1610.719 1611.138 1611.569 1612.0 1612.432 1612.931 1613.541 1614.152 1614.762 1615.373 1615.972 1616.569 1617.167 1617.764 1618.349 1618.905 1619.46
1603.296 1603.339 1603.382 1603.425 1603.456 1603.456 1603.456 1603.456 1603.456 1603.456 1603.456 1603.456 1603.456 1603.456 1603.456 1603.456 1603.456 1603.456 1603.603 1603.823 1604.044 1604.264 1604.501 1604.85 1605.199 1605.548 1605.896 1606.076 1606.14 1606.204 1606.269 1606.338 1606.495 1606.651 1606.807 1606.963 1607.163 1607.402 1607.641 1607.88 1608.119 1608.517 1608.918 1609.319 1609.72 1610.078 1610.384 1610.69 1610.996 1611.302 1611.743 1612.196 1612.649 1613.102 1613.626 1614.269 1614.912 1615.554 1616.197 1616.784 1617.359 1617.935 1618.511 1619.077 1619.622 1620.167
1603.614 1603.67 1603.725 1603.781 1603.822 1603.822 1603.822 1603.822 1603.822 1603.822 1603.822 1603.822 1603.822 1603.822 1603.824 1603.827 1603.829 1603.831 1603.991 1604.23 1604.468 1604.707 1604.963 1605.333 1605.702 1606.072 1606.441 1606.634 1606.705 1606.776 1606.848 1606.922 1607.056 1607.189 1607.322 1607.456 1607.634 1607.855 1608.075 1608.296 1608.516 1608.938 1609.364 1609.79 1610.215 1610.595 1610.918 1611.241 1611.563 1611.886 1612.346 1612.818 1613.29 1613.762 1614.3 1614.945 1615.591 1616.236 1616.881 1617.46 1618.026 1618.591 1619.157 1619.719 1620.274 1620.829
1603.92 1603.991 1604.063 1604.135 1604.188 1604.188 1604.188 1604.188 1604.188 1604.188 1604.188 1604.188 1604.188 1604.189 1604.197 1604.204 1604.212 1604.22 1604.41 1604.692 1604.973 1605.255 1605.549 1605.924 1606.299 1606.674 1607.049 1607.24 1607.306 1607.372 1607.438 1607.506 1607.607 1607.708 1607.809 1607.91 1608.073 1608.294 1608.514 1608.735 1608.955 1609.399 1609.846 1610.293 1610.74 1611.136 1611.47 1611.804 1612.137 1612.471 1612.946 1613.434 1613.923 1614.411 1614.944 1615.552 1616.16 1616.768 1617.375 1617.952 1618.523 1619.094 1619.665 1620.243 1620.835 1621.428
1604.225 1604.313 1604.401 1604.49 1604.553 1604.553 1604.553 1604.553 1604.553 1604.553 1604.553 1604.553 1604.553 1604.556 1604.569 1604.582 1604.595 1604.608 1604.829 1605.154 1605.478 1605.803 1606.135 1606.516 1606.896 1607.276 1607.657 1607.847 1607.908 1607.968 1608.029 1608.089 1608.158 1608.227 1608.296 1608.365 1608.512 1608.733 1608.953 1609.174 1609.394 1609.859 1610.328 1610.796 1611.265 1611.678 1612.022 1612.367 1612.711 1613.056 1613.546 1614.051 1614.555 1615.059 1615.589 1616.159 1616.729 1617.299 1617.869 1618.445 1619.021 1619.597 1620.174 1620.767 1621.397 1622.027
1604.531 1604.635 1604.74 1604.844 1604.919 1604.919 1604.919 1604.919 1604.919 1604.919 1604.919 1604.919 1604.919 1604.923 1604.941 1604.96 1604.978 1604.997 1605.248 1605.616 1605.983 1606.351 1606.721 1607.107 1607.493 1607.879 1608.265 1608.454 1608.509 1608.564 1608.619 1608.673 1608.709 1608.746 1608.782 1608.819 1608.952 1609.172 1609.392 1609.613 1609.833 1610.319 1610.809 1611.3 1611.79 1612.219 1612.574 1612.93 1613.285 1613.64 1614.146 1614.667 1615.188 1615.708 1616.233 1616.766 1617.298 1617.831 1618.363 1618.937 1619.519 1620.101 1620.682 1621.29 1621.958 1622.626
1604.837 1604.957 1605.078 1605.198 1605.285 1605.285 1605.285 1605.285 1605.285 1605.285 1605.285 1605.285 1605.285 1605.29 1605.314 1605.338 1605.361 1605.385 1605.667 1606.078 1606.488 1606.899 1607.307 1607.699 1608.09 1608.481 1608.872 1609.06 1609.11 1609.16 1609.209 1609.257 1609.261 1609.265 1609.269 1609.274 1609.391 1609.611 1609.831 1610.052 1610.272 1610.78 1611.291 1611.803 1612.314 1612.761 1613.127 1613.493 1613.859 1614.224 1614.746 1615.283 1615.82 1616.357 1616.878 1617.372 1617.867 1618.362 1618.857 1619.429 1620.017 1620.604 1621.191 1621.814 1622.519 1623.225
1605.05 1605.178 1605.305 1605.432 1605.532 1605.56 1605.588 1605.616 1605.644 1605.651 1605.651 1605.651 1605.651 1605.658 1605.692 1605.726 1605.76 1605.793 1606.076 1606.483 1606.89 1607.297 1607.702 1608.089 1608.476 1608.863 1609.251 1609.448 1609.516 1609.583 1609.651 1609.716 1609.744 1609.772 1609.8 1609.828 1609.949 1610.156 1610.362 1610.569 1610.775 1611.258 1611.744 1612.23 1612.717 1613.15 1613.517 1613.884 1614.252 1614.619 1615.152 1615.7 1616.248 1616.796 1617.319 1617.8 1618.28 1618.761 1619.241 1619.8 1620.374 1620.948 1621.522 1622.147 1622.89 1623.633
1605.25 1605.382 1605.515 1605.648 1605.76 1605.82 1605.881 1605.941 1606.001 1606.017 1606.017 1606.017 1606.017 1606.026 1606.071 1606.115 1606.16 1606.205 1606.484 1606.88 1607.276 1607.672 1608.067 1608.449 1608.831 1609.212 1609.594 1609.802 1609.891 1609.981 1610.07 1610.157 1610.218 1610.278 1610.338 1610.398 1610.527 1610.717 1610.907 1611.098 1611.288 1611.738 1612.192 1612.646 1613.1 1613.516 1613.883 1614.25 1614.618 1614.985 1615.527 1616.086 1616.645 1617.204 1617.73 1618.199 1618.669 1619.139 1619.609 1620.153 1620.71 1621.268 1621.826 1622.451 1623.232 1624.013
1605.449 1605.587 1605.725 1605.863 1605.989 1606.081 1606.174 1606.266 1606.359 1606.383 1606.383 1606.383 1606.383 1606.394 1606.45 1606.505 1606.56 1606.616 1606.891 1607.277 1607.662 1608.048 1608.432 1608.809 1609.185 1609.562 1609.938 1610.157 1610.267 1610.378 1610.489 1610.598 1610.691 1610.783 1610.876 1610.969 1611.104 1611.278 1611.452 1611.626 1611.8 1612.219 1612.64 1613.062 1613.484 1613.881 1614.249 1614.616 1614.984 1615.351 1615.903 1616.473 1617.043 1617.612 1618.14 1618.599 1619.058 1619.517 1619.977 1620.505 1621.047 1621.588 1622.13 1622.755 1623.574 1624.392
1605.649 1605.792 1605.936 1606.079 1606.217 1606.342 1606.467 1606.592 1606.716 1606.749 1606.749 1606.749 1606.749 1606.762 1606.828 1606.895 1606.961 1607.027 1607.299 1607.673 1608.048 1608.423 1608.797 1609.168 1609.54 1609.911 1610.282 1610.511 1610.643 1610.775 1610.907 1611.039 1611.164 1611.289 1611.414 1611.539 1611.681 1611.839 1611.997 1612.155 1612.313 1612.699 1613.089 1613.478 1613.868 1614.247 1614.615 1614.982 1615.35 1615.717 1616.279 1616.859 1617.44 1618.02 1618.551 1618.999 1619.448 1619.896 1620.344 1620.857 1621.383 1621.908 1622.434 1623.06 1623.916 1624.771
1605.871 1606.02 1606.169 1606.318 1606.463 1606.6 1606.737 1606.873 1607.01 1607.048 1607.052 1607.055 1607.059 1607.078 1607.158 1607.238 1607.318 1607.399 1607.663 1608.021 1608.378 1608.735 1609.094 1609.461 1609.829 1610.196 1610.563 1610.809 1610.971 1611.133 1611.295 1611.457 1611.604 1611.751 1611.898 1612.045 1612.194 1612.346 1612.498 1612.65 1612.802 1613.162 1613.524 1613.886 1614.249 1614.613 1614.981 1615.348 1615.715 1616.083 1616.652 1617.239 1617.827 1618.415 1618.946 1619.384 1619.821 1620.259 1620.697 1621.202 1621.719 1622.237 1622.755 1623.385 1624.272 1625.158
1606.144 1606.298 1606.452 1606.606 1606.747 1606.851 1606.956 1607.061 1607.165 1607.203 1607.217 1607.231 1607.245 1607.277 1607.379 1607.481 1607.582 1607.684 1607.935 1608.26 1608.585 1608.91 1609.24 1609.608 1609.975 1610.342 1610.71 1610.984 1611.195 1611.405 1611.616 1611.823 1611.97 1612.117 1612.264 1612.411 1612.568 1612.737 1612.905 1613.073 1613.241 1613.585 1613.931 1614.277 1614.623 1614.979 1615.347 1615.714 1616.081 1616.449 1617.018 1617.605 1618.193 1618.781 1619.308 1619.735 1620.162 1620.589 1621.015 1621.528 1622.056 1622.585 1623.113 1623.756 1624.659 1625.562
