data/zism_data/01053_03_D.txt
ncols         224
nrows         224
[rows 84 to 111 of 224, columns 126 to 188 of 224]
1434.637 1436.215 1437.786 1439.358 1440.93 1442.367 1443.426 1444.484 1445.542 1446.6 1447.227 1447.691 1448.154 1448.618 1449.006 1449.072 1449.138 1449.204 1449.27 1449.221 1449.11 1448.999 1448.888 1448.787 1448.765 1448.742 1448.72 1448.697 1448.441 1448.014 1447.588 1447.161 1446.694 1445.335 1443.975 1442.615 1441.256 1439.758 1438.127 1436.495 1434.864 1433.232 1432.206 1431.198 1430.191 1429.183 1428.399 1427.908 1427.416 1426.924 1426.432 1425.697 1424.934 1424.171 1423.408 1422.836 1422.602 1422.367 1422.133 1421.898 1422.429 1423.12 1423.811
1435.072 1436.667 1438.266 1439.866 1441.465 1442.928 1444.004 1445.081 1446.157 1447.233 1447.83 1448.245 1448.66 1449.075 1449.424 1449.489 1449.554 1449.619 1449.683 1449.664 1449.599 1449.534 1449.469 1449.412 1449.412 1449.412 1449.412 1449.412 1449.196 1448.822 1448.449 1448.076 1447.665 1446.422 1445.179 1443.935 1442.692 1441.28 1439.704 1438.128 1436.551 1434.975 1434.019 1433.081 1432.143 1431.205 1430.433 1429.879 1429.324 1428.769 1428.214 1427.381 1426.517 1425.652 1424.788 1424.13 1423.838 1423.545 1423.253 1422.96 1423.422 1424.043 1424.664
1435.395 1436.959 1438.526 1440.093 1441.66 1443.11 1444.229 1445.349 1446.468 1447.588 1448.161 1448.528 1448.894 1449.261 1449.568 1449.616 1449.665 1449.714 1449.762 1449.747 1449.699 1449.65 1449.601 1449.558 1449.558 1449.558 1449.558 1449.558 1449.389 1449.096 1448.804 1448.512 1448.186 1447.137 1446.087 1445.038 1443.988 1442.71 1441.209 1439.708 1438.207 1436.707 1435.784 1434.878 1433.972 1433.067 1432.281 1431.651 1431.021 1430.39 1429.76 1428.866 1427.943 1427.019 1426.095 1425.384 1425.049 1424.713 1424.378 1424.042 1424.434 1424.98 1425.526
1435.718 1437.25 1438.785 1440.32 1441.855 1443.292 1444.455 1445.617 1446.78 1447.942 1448.493 1448.811 1449.129 1449.447 1449.711 1449.744 1449.776 1449.809 1449.841 1449.831 1449.799 1449.766 1449.734 1449.705 1449.705 1449.705 1449.705 1449.705 1449.582 1449.37 1449.159 1448.947 1448.708 1447.852 1446.996 1446.14 1445.285 1444.14 1442.714 1441.289 1439.864 1438.438 1437.549 1436.675 1435.802 1434.928 1434.128 1433.423 1432.717 1432.012 1431.306 1430.351 1429.368 1428.385 1427.402 1426.638 1426.26 1425.881 1425.503 1425.124 1425.447 1425.917 1426.387
1436.041 1437.542 1439.045 1440.547 1442.049 1443.474 1444.68 1445.885 1447.091 1448.297 1448.824 1449.093 1449.363 1449.633 1449.854 1449.871 1449.887 1449.904 1449.92 1449.915 1449.899 1449.882 1449.866 1449.851 1449.851 1449.851 1449.851 1449.851 1449.776 1449.645 1449.514 1449.383 1449.229 1448.567 1447.905 1447.243 1446.581 1445.57 1444.22 1442.87 1441.52 1440.17 1439.314 1438.473 1437.631 1436.79 1435.975 1435.195 1434.414 1433.633 1432.852 1431.836 1430.794 1429.752 1428.71 1427.893 1427.471 1427.049 1426.627 1426.206 1426.459 1426.853 1427.248
1436.364 1437.834 1439.304 1440.774 1442.244 1443.657 1444.905 1446.154 1447.402 1448.651 1449.155 1449.376 1449.597 1449.818 1449.998 1449.998 1449.998 1449.999 1449.999 1449.999 1449.999 1449.998 1449.998 1449.998 1449.998 1449.998 1449.998 1449.998 1449.969 1449.919 1449.869 1449.818 1449.75 1449.282 1448.814 1448.345 1447.877 1447.0 1445.725 1444.45 1443.176 1441.901 1441.079 1440.27 1439.461 1438.652 1437.823 1436.967 1436.11 1435.254 1434.398 1433.322 1432.22 1431.119 1430.017 1429.147 1428.682 1428.217 1427.752 1427.288 1427.471 1427.79 1428.11
1436.447 1437.923 1439.409 1440.894 1442.38 1443.795 1445.013 1446.23 1447.447 1448.665 1449.16 1449.38 1449.601 1449.821 1450.0 1450.0 1450.0 1450.0 1450.0 1450.0 1450.0 1450.0 1450.0 1450.0 1450.0 1450.0 1450.0 1450.0 1449.978 1449.939 1449.901 1449.863 1449.81 1449.446 1449.081 1448.716 1448.352 1447.625 1446.548 1445.471 1444.393 1443.316 1442.515 1441.723 1440.93 1440.138 1439.294 1438.384 1437.474 1436.563 1435.653 1434.57 1433.468 1432.366 1431.264 1430.371 1429.847 1429.323 1428.8 1428.276 1428.404 1428.669 1428.935
1436.527 1438.009 1439.511 1441.013 1442.514 1443.933 1445.118 1446.303 1447.489 1448.674 1449.16 1449.38 1449.601 1449.821 1450.0 1450.0 1450.0 1450.0 1450.0 1450.0 1450.0 1450.0 1450.0 1450.0 1450.0 1450.0 1450.0 1450.0 1449.984 1449.956 1449.929 1449.901 1449.863 1449.601 1449.339 1449.076 1448.814 1448.239 1447.361 1446.483 1445.604 1444.726 1443.947 1443.171 1442.395 1441.618 1440.76 1439.796 1438.832 1437.868 1436.904 1435.815 1434.713 1433.611 1432.509 1431.595 1431.012 1430.429 1429.846 1429.263 1429.336 1429.548 1429.759
1436.607 1438.095 1439.613 1441.131 1442.649 1444.071 1445.224 1446.377 1447.53 1448.683 1449.16 1449.38 1449.601 1449.821 1450.0 1450.0 1450.0 1450.0 1450.0 1450.0 1450.0 1450.0 1450.0 1450.0 1450.0 1450.0 1450.0 1450.0 1449.99 1449.973 1449.957 1449.94 1449.917 1449.757 1449.596 1449.436 1449.276 1448.853 1448.174 1447.495 1446.816 1446.137 1445.379 1444.619 1443.859 1443.099 1442.226 1441.208 1440.19 1439.172 1438.154 1437.061 1435.958 1434.856 1433.754 1432.818 1432.176 1431.534 1430.892 1430.25 1430.268 1430.426 1430.584
1436.687 1438.181 1439.715 1441.249 1442.783 1444.209 1445.33 1446.45 1447.571 1448.691 1449.16 1449.38 1449.601 1449.821 1450.0 1450.0 1450.0 1450.0 1450.0 1450.0 1450.0 1450.0 1450.0 1450.0 1450.0 1450.0 1450.0 1450.0 1449.996 1449.99 1449.984 1449.978 1449.97 1449.912 1449.854 1449.797 1449.739 1449.467 1448.987 1448.507 1448.027 1447.547 1446.811 1446.067 1445.323 1444.579 1443.692 1442.62 1441.549 1440.477 1439.405 1438.306 1437.204 1436.101 1434.999 1434.042 1433.341 1432.639 1431.938 1431.237 1431.2 1431.304 1431.408
1436.855 1438.311 1439.81 1441.309 1442.807 1444.198 1445.284 1446.37 1447.456 1448.542 1449.021 1449.269 1449.518 1449.766 1449.969 1449.976 1449.984 1449.99 1449.998 1450.0 1450.0 1450.0 1450.0 1450.0 1450.0 1450.0 1450.0 1450.0 1450.0 1450.0 1450.0 1450.0 1450.0 1450.0 1450.0 1450.0 1450.0 1449.829 1449.492 1449.155 1448.818 1448.481 1447.79 1447.088 1446.385 1445.683 1444.813 1443.725 1442.637 1441.549 1440.461 1439.381 1438.302 1437.223 1436.144 1435.19 1434.455 1433.721 1432.986 1432.251 1432.159 1432.202 1432.245
1437.137 1438.498 1439.895 1441.291 1442.688 1443.993 1445.041 1446.09 1447.138 1448.186 1448.701 1449.015 1449.328 1449.641 1449.899 1449.922 1449.946 1449.969 1449.992 1450.0 1450.0 1450.0 1450.0 1450.0 1450.0 1450.0 1450.0 1450.0 1450.0 1450.0 1450.0 1450.0 1450.0 1450.0 1450.0 1450.0 1450.0 1449.865 1449.598 1449.331 1449.063 1448.797 1448.18 1447.553 1446.927 1446.3 1445.487 1444.431 1443.375 1442.319 1441.263 1440.235 1439.21 1438.185 1437.16 1436.24 1435.505 1434.77 1434.036 1433.301 1433.151 1433.124 1433.097
1437.42 1438.685 1439.98 1441.274 1442.568 1443.788 1444.799 1445.809 1446.82 1447.83 1448.382 1448.76 1449.137 1449.515 1449.829 1449.868 1449.908 1449.947 1449.986 1450.0 1450.0 1450.0 1450.0 1450.0 1450.0 1450.0 1450.0 1450.0 1450.0 1450.0 1450.0 1450.0 1450.0 1450.0 1450.0 1450.0 1450.0 1449.9 1449.703 1449.506 1449.309 1449.112 1448.571 1448.019 1447.468 1446.917 1446.16 1445.136 1444.113 1443.089 1442.066 1441.089 1440.118 1439.147 1438.176 1437.29 1436.555 1435.82 1435.085 1434.351 1434.143 1434.046 1433.949
1437.703 1438.873 1440.064 1441.256 1442.448 1443.583 1444.556 1445.529 1446.501 1447.474 1448.063 1448.505 1448.947 1449.389 1449.759 1449.814 1449.87 1449.925 1449.981 1450.0 1450.0 1450.0 1450.0 1450.0 1450.0 1450.0 1450.0 1450.0 1450.0 1450.0 1450.0 1450.0 1450.0 1450.0 1450.0 1450.0 1450.0 1449.936 1449.808 1449.681 1449.554 1449.427 1448.961 1448.485 1448.009 1447.533 1446.833 1445.842 1444.851 1443.859 1442.868 1441.943 1441.026 1440.108 1439.191 1438.34 1437.605 1436.87 1436.135 1435.401 1435.135 1434.968 1434.801
1437.986 1439.06 1440.149 1441.239 1442.328 1443.378 1444.313 1445.248 1446.183 1447.118 1447.743 1448.25 1448.757 1449.264 1449.689 1449.76 1449.832 1449.903 1449.975 1450.0 1450.0 1450.0 1450.0 1450.0 1450.0 1450.0 1450.0 1450.0 1450.0 1450.0 1450.0 1450.0 1450.0 1450.0 1450.0 1450.0 1450.0 1449.971 1449.914 1449.857 1449.8 1449.743 1449.352 1448.951 1448.551 1448.15 1447.507 1446.548 1445.589 1444.63 1443.671 1442.797 1441.934 1441.07 1440.207 1439.39 1438.655 1437.92 1437.185 1436.45 1436.127 1435.89 1435.653
1437.88 1438.896 1439.931 1440.966 1442.001 1443.006 1443.927 1444.849 1445.77 1446.691 1447.335 1447.873 1448.411 1448.949 1449.41 1449.536 1449.661 1449.787 1449.913 1449.963 1449.973 1449.982 1449.992 1450.0 1450.0 1450.0 1450.0 1450.0 1450.0 1450.0 1450.0 1450.0 1450.0 1450.0 1450.0 1450.0 1450.0 1449.98 1449.94 1449.901 1449.862 1449.822 1449.473 1449.114 1448.755 1448.397 1447.816 1446.947 1446.077 1445.207 1444.338 1443.5 1442.667 1441.833 1441.0 1440.202 1439.467 1438.733 1437.998 1437.263 1436.89 1436.592 1436.295
1437.723 1438.687 1439.673 1440.66 1441.646 1442.613 1443.523 1444.434 1445.344 1446.255 1446.915 1447.48 1448.045 1448.61 1449.104 1449.288 1449.474 1449.659 1449.844 1449.921 1449.942 1449.962 1449.982 1450.0 1450.0 1450.0 1450.0 1450.0 1450.0 1450.0 1450.0 1450.0 1450.0 1450.0 1450.0 1450.0 1450.0 1449.985 1449.957 1449.928 1449.899 1449.871 1449.558 1449.237 1448.916 1448.595 1448.078 1447.305 1446.533 1445.76 1444.987 1444.184 1443.377 1442.571 1441.764 1440.984 1440.249 1439.514 1438.779 1438.044 1437.622 1437.266 1436.909
1437.567 1438.477 1439.415 1440.353 1441.291 1442.219 1443.119 1444.019 1444.918 1445.818 1446.495 1447.087 1447.679 1448.271 1448.797 1449.042 1449.286 1449.53 1449.774 1449.879 1449.91 1449.942 1449.973 1450.0 1450.0 1450.0 1450.0 1450.0 1450.0 1450.0 1450.0 1450.0 1450.0 1450.0 1450.0 1450.0 1450.0 1449.991 1449.973 1449.955 1449.937 1449.919 1449.644 1449.36 1449.077 1448.794 1448.34 1447.664 1446.988 1446.312 1445.637 1444.867 1444.088 1443.308 1442.528 1441.765 1441.03 1440.295 1439.56 1438.826 1438.354 1437.939 1437.523
1437.41 1438.267 1439.157 1440.047 1440.936 1441.826 1442.715 1443.604 1444.493 1445.381 1446.075 1446.694 1447.313 1447.932 1448.491 1448.794 1449.098 1449.401 1449.705 1449.838 1449.879 1449.921 1449.963 1450.0 1450.0 1450.0 1450.0 1450.0 1450.0 1450.0 1450.0 1450.0 1450.0 1450.0 1450.0 1450.0 1450.0 1449.996 1449.989 1449.982 1449.975 1449.968 1449.729 1449.483 1449.238 1448.992 1448.602 1448.023 1447.444 1446.865 1446.286 1445.551 1444.798 1444.045 1443.293 1442.546 1441.812 1441.077 1440.342 1439.607 1439.087 1438.612 1438.137
1437.323 1438.115 1438.937 1439.758 1440.58 1441.411 1442.271 1443.132 1443.992 1444.852 1445.556 1446.2 1446.844 1447.488 1448.08 1448.446 1448.812 1449.178 1449.545 1449.719 1449.791 1449.864 1449.936 1450.0 1450.0 1450.0 1450.0 1450.0 1450.0 1450.0 1450.0 1450.0 1450.0 1450.0 1450.0 1450.0 1450.0 1450.0 1450.0 1450.0 1450.0 1450.0 1449.796 1449.587 1449.377 1449.167 1448.837 1448.349 1447.862 1447.375 1446.887 1446.177 1445.443 1444.708 1443.973 1443.24 1442.511 1441.781 1441.052 1440.322 1439.766 1439.246 1438.726
1437.376 1438.078 1438.792 1439.506 1440.22 1440.955 1441.75 1442.546 1443.342 1444.138 1444.839 1445.505 1446.17 1446.836 1447.458 1447.894 1448.33 1448.767 1449.203 1449.447 1449.59 1449.732 1449.874 1450.0 1450.0 1450.0 1450.0 1450.0 1450.0 1450.0 1450.0 1450.0 1450.0 1450.0 1450.0 1450.0 1450.0 1450.0 1450.0 1450.0 1450.0 1450.0 1449.828 1449.65 1449.473 1449.296 1449.018 1448.612 1448.205 1447.798 1447.392 1446.69 1445.955 1445.22 1444.486 1443.759 1443.045 1442.332 1441.619 1440.905 1440.339 1439.803 1439.267
1437.429 1438.042 1438.648 1439.254 1439.86 1440.499 1441.23 1441.961 1442.692 1443.423 1444.122 1444.809 1445.496 1446.183 1446.836 1447.343 1447.849 1448.355 1448.861 1449.176 1449.388 1449.6 1449.812 1450.0 1450.0 1450.0 1450.0 1450.0 1450.0 1450.0 1450.0 1450.0 1450.0 1450.0 1450.0 1450.0 1450.0 1450.0 1450.0 1450.0 1450.0 1450.0 1449.859 1449.714 1449.569 1449.424 1449.2 1448.874 1448.548 1448.222 1447.896 1447.203 1446.468 1445.733 1444.998 1444.277 1443.58 1442.883 1442.186 1441.489 1440.911 1440.359 1439.807
1437.483 1438.005 1438.503 1439.001 1439.5 1440.042 1440.709 1441.375 1442.042 1442.708 1443.405 1444.114 1444.822 1445.531 1446.215 1446.791 1447.367 1447.943 1448.519 1448.904 1449.186 1449.468 1449.75 1450.0 1450.0 1450.0 1450.0 1450.0 1450.0 1450.0 1450.0 1450.0 1450.0 1450.0 1450.0 1450.0 1450.0 1450.0 1450.0 1450.0 1450.0 1450.0 1449.891 1449.778 1449.665 1449.552 1449.382 1449.136 1448.891 1448.646 1448.401 1447.716 1446.981 1446.246 1445.511 1444.796 1444.115 1443.434 1442.753 1442.072 1441.484 1440.916 1440.348
1437.536 1437.968 1438.358 1438.749 1439.14 1439.586 1440.188 1440.79 1441.392 1441.994 1442.688 1443.418 1444.149 1444.879 1445.593 1446.239 1446.885 1447.531 1448.178 1448.632 1448.984 1449.336 1449.689 1450.0 1450.0 1450.0 1450.0 1450.0 1450.0 1450.0 1450.0 1450.0 1450.0 1450.0 1450.0 1450.0 1450.0 1450.0 1450.0 1450.0 1450.0 1450.0 1449.922 1449.841 1449.761 1449.68 1449.563 1449.399 1449.234 1449.07 1448.905 1448.228 1447.494 1446.759 1446.024 1445.314 1444.65 1443.985 1443.32 1442.655 1442.057 1441.472 1440.888
1436.982 1437.373 1437.723 1438.074 1438.425 1438.835 1439.414 1439.994 1440.573 1441.153 1441.863 1442.623 1443.383 1444.143 1444.887 1445.561 1446.235 1446.909 1447.583 1448.09 1448.508 1448.926 1449.344 1449.717 1449.751 1449.785 1449.818 1449.852 1449.883 1449.913 1449.942 1449.972 1450.0 1450.0 1450.0 1450.0 1450.0 1450.0 1450.0 1450.0 1450.0 1450.0 1449.933 1449.863 1449.794 1449.725 1449.62 1449.469 1449.318 1449.167 1449.015 1448.351 1447.629 1446.907 1446.185 1445.483 1444.817 1444.152 1443.486 1442.821 1442.223 1441.639 1441.055
1436.259 1436.623 1436.952 1437.281 1437.61 1438.002 1438.571 1439.139 1439.708 1440.277 1441.007 1441.8 1442.592 1443.385 1444.158 1444.848 1445.538 1446.228 1446.918 1447.473 1447.955 1448.438 1448.921 1449.356 1449.433 1449.51 1449.586 1449.663 1449.734 1449.801 1449.869 1449.936 1450.0 1450.0 1450.0 1450.0 1450.0 1450.0 1450.0 1450.0 1450.0 1450.0 1449.938 1449.874 1449.81 1449.746 1449.642 1449.486 1449.329 1449.172 1449.016 1448.366 1447.66 1446.953 1446.248 1445.554 1444.883 1444.212 1443.541 1442.87 1442.276 1441.698 1441.12
1435.536 1435.874 1436.181 1436.489 1436.796 1437.169 1437.727 1438.285 1438.843 1439.401 1440.152 1440.976 1441.801 1442.626 1443.428 1444.135 1444.841 1445.547 1446.253 1446.856 1447.403 1447.95 1448.497 1448.995 1449.115 1449.234 1449.354 1449.474 1449.585 1449.69 1449.795 1449.9 1450.0 1450.0 1450.0 1450.0 1450.0 1450.0 1450.0 1450.0 1450.0 1450.0 1449.943 1449.885 1449.826 1449.768 1449.664 1449.502 1449.34 1449.178 1449.016 1448.38 1447.69 1447.0 1446.31 1445.625 1444.949 1444.273 1443.596 1442.92 1442.329 1441.756 1441.184
1434.814 1435.124 1435.41 1435.696 1435.982 1436.336 1436.883 1437.43 1437.977 1438.525 1439.296 1440.153 1441.01 1441.867 1442.699 1443.421 1444.144 1444.866 1445.589 1446.239 1446.85 1447.462 1448.074 1448.634 1448.797 1448.959 1449.122 1449.285 1449.436 1449.579 1449.721 1449.864 1450.0 1450.0 1450.0 1450.0 1450.0 1450.0 1450.0 1450.0 1450.0 1450.0 1449.948 1449.895 1449.842 1449.789 1449.686 1449.519 1449.352 1449.184 1449.017 1448.395 1447.721 1447.047 1446.373 1445.697 1445.015 1444.333 1443.652 1442.97 1442.383 1441.815 1441.248
