data/zism_data/01069_03_D.txt
ncols         224
nrows         224
[rows 112 to 139 of 224, columns 128 to 191 of 224]
994.2045 995.9048 997.6051 999.3055 999.5204 999.6678 999.8153 999.9627 999.962 999.7687 999.5754 999.3822 999.1889 993.7986 987.9134 982.0281 976.1429 968.1998 957.056 945.9121 934.7683 923.6245 917.9073 913.0041 908.1008 903.1977 900.5358 902.0762 903.6165 905.1569 906.6973 915.9061 926.7292 937.5523 948.3754 958.6589 967.709 976.7593 985.8093 994.8594 997.376 998.0778 998.7795 999.4813 1000.0 1000.0 1000.0 1000.0 1000.0 996.9171 992.7458 988.5748 984.4037 978.4257 965.9427 953.4598 940.9766 928.4937 927.4267 931.3541 935.2816 939.209 944.1655 954.0101
991.7306 994.1637 996.5968 999.0299 999.3185 999.5097 999.7008 999.892 999.9454 999.8198 999.6942 999.5686 999.443 994.7581 989.639 984.52 979.4009 972.0151 961.1034 950.1918 939.2802 928.3685 921.906 916.111 910.3158 904.5207 901.2332 902.6473 904.0615 905.4757 906.8899 916.025 926.7854 937.5459 948.3063 958.4615 967.2332 976.005 984.7767 993.5484 996.1763 997.0976 998.0189 998.9402 999.6211 999.6211 999.6211 999.6211 999.6211 996.2906 991.7846 987.2787 982.7728 976.4213 963.4261 950.4308 937.4354 924.4402 922.6405 925.7388 928.8372 931.9355 936.2782 946.5324
988.8078 992.106 995.4043 998.7025 999.0901 999.3453 999.6005 999.8558 999.9594 999.8658 999.7722 999.6786 999.5851 995.649 991.3471 987.0451 982.7431 975.9946 965.4408 954.887 944.3331 933.7793 926.5229 919.7612 912.9995 906.2377 902.214 903.3237 904.4335 905.5433 906.6531 915.3161 925.5693 935.8224 946.0756 955.8664 964.6007 973.3351 982.0694 990.8037 993.8038 995.211 996.6183 998.0256 999.0657 999.0657 999.0657 999.0657 999.0657 995.5655 990.8298 986.0942 981.3586 974.8287 961.8388 948.8489 935.8588 922.8689 920.2462 922.1589 924.0717 925.9846 929.3247 939.4453
985.8849 990.0483 994.2117 998.3751 998.8616 999.1809 999.5002 999.8195 999.9733 999.9117 999.8503 999.7888 999.7272 996.54 993.0551 989.5702 986.0853 979.9742 969.7781 959.5821 949.3861 939.1901 931.1398 923.4116 915.6831 907.9548 903.1948 904.0001 904.8055 905.6108 906.4162 914.6072 924.3531 934.0989 943.8447 953.2714 961.9682 970.6652 979.3621 988.059 991.4313 993.3245 995.2177 997.111 998.5103 998.5103 998.5103 998.5103 998.5103 994.8404 989.8751 984.9099 979.9446 973.236 960.2515 947.2669 934.2822 921.2976 917.8517 918.579 919.3063 920.0336 922.3712 932.3583
982.9622 987.9907 993.0192 998.0478 998.6332 999.0165 999.3999 999.7833 999.9872 999.9577 999.9283 999.8988 999.8693 997.431 994.7631 992.0953 989.4275 983.9537 974.1155 964.2773 954.4391 944.6008 935.7568 927.0618 918.3668 909.6718 904.1755 904.6765 905.1774 905.6784 906.1794 913.8984 923.1369 932.3754 941.614 950.6763 959.3357 967.9954 976.6548 985.3143 989.0587 991.4379 993.8171 996.1964 997.9549 997.9549 997.9549 997.9549 997.9549 994.1152 988.9203 983.7254 978.5305 971.6434 958.6642 945.6849 932.7055 919.7263 915.4574 914.9991 914.5408 914.0826 915.4176 925.2712
980.0061 985.905 991.8038 997.7026 998.3909 998.8422 999.2936 999.7449 1000.0 1000.0 1000.0 1000.0 1000.0 998.2759 996.3878 994.4995 992.6113 987.7697 978.334 968.8984 959.4628 950.0272 940.4247 930.7972 921.1695 911.542 905.3168 905.4707 905.6246 905.7785 905.9324 913.145 921.8434 930.5419 939.2404 947.9091 956.5096 965.1102 973.7108 982.3113 986.4286 989.3007 992.1727 995.0449 997.168 997.1693 997.1706 997.1719 997.1732 993.1848 987.7882 982.3917 976.9952 969.973 957.0982 944.2234 931.3484 918.4736 913.4369 911.8293 910.2217 908.6141 908.9623 918.6014
976.6713 983.4993 990.3272 997.1552 997.9911 998.5546 999.118 999.6815 1000.0 1000.0 1000.0 1000.0 1000.0 998.5978 997.062 995.5262 993.9904 989.7206 981.1981 972.6755 964.1531 955.6306 945.6735 935.5014 925.329 915.1569 908.2867 907.6076 906.9285 906.2493 905.5703 911.8835 919.6689 927.4543 935.2397 943.1805 951.4766 959.7729 968.069 976.3652 980.8636 984.3069 987.7504 991.1938 993.7435 993.7608 993.7781 993.7954 993.8127 989.9154 984.6363 979.3572 974.0782 967.4161 955.7748 944.1335 932.4921 920.8508 915.6769 913.3324 910.9879 908.6434 908.1851 916.6868
973.3364 981.0935 988.8506 996.6078 997.5913 998.2669 998.9425 999.6182 1000.0 1000.0 1000.0 1000.0 1000.0 998.9196 997.7362 996.5529 995.3695 991.6716 984.0622 976.4528 968.8434 961.234 950.9225 940.2057 929.4887 918.7719 911.2567 909.7445 908.2324 906.7202 905.208 910.6221 917.4944 924.3666 931.2389 938.4518 946.4436 954.4355 962.4272 970.419 975.2983 979.3132 983.3279 987.3428 990.319 990.3523 990.3856 990.4189 990.4523 986.6459 981.4843 976.3228 971.1612 964.8591 954.4514 944.0436 933.6357 923.228 917.9169 914.8355 911.7542 908.6728 907.4079 914.7722
970.0015 978.6878 987.3741 996.0604 997.1915 997.9793 998.767 999.5547 1000.0 1000.0 1000.0 1000.0 1000.0 999.2413 998.4105 997.5795 996.7487 993.6226 986.9263 980.23 973.5338 966.8375 956.1714 944.91 933.6483 922.3868 914.2267 911.8815 909.5363 907.191 904.8458 909.3607 915.3199 921.279 927.2382 933.7233 941.4106 949.0981 956.7855 964.4728 969.7332 974.3193 978.9055 983.4918 986.8944 986.9437 986.9931 987.0424 987.0918 983.3765 978.3323 973.2882 968.2441 962.3022 953.128 943.9538 934.7795 925.6052 920.1569 916.3387 912.5204 908.7021 906.6307 912.8575
966.6666 976.282 985.8975 995.5129 996.7917 997.6917 998.5915 999.4914 1000.0 1000.0 1000.0 1000.0 1000.0 999.5632 999.0847 998.6063 998.1278 995.5735 989.7904 984.0073 978.2241 972.441 961.4204 949.6143 937.8079 926.0018 917.1967 914.0184 910.8401 907.6619 904.4835 908.0993 913.1453 918.1913 923.2374 928.9946 936.3776 943.7607 951.1437 958.5266 964.168 969.3255 974.483 979.6407 983.4698 983.5352 983.6006 983.666 983.7313 980.107 975.1803 970.2537 965.3271 959.7452 951.8046 943.864 935.9232 927.9825 922.397 917.8418 913.2866 908.7314 905.8535 910.9428
964.2495 974.2644 984.2794 994.2944 995.8007 996.9201 998.0396 999.159 999.8118 999.8578 999.9039 999.95 999.996 999.7588 999.4946 999.2305 998.9662 996.8637 991.9016 986.9395 981.9774 977.0152 966.0953 954.2819 942.4681 930.6546 921.4935 917.3057 913.1178 908.9299 904.742 907.4892 911.6963 915.9034 920.1105 925.1993 932.3035 939.4078 946.5119 953.6161 959.3557 964.7161 970.0767 975.4372 979.4419 979.6052 979.7684 979.9316 980.0949 976.721 972.0986 967.4763 962.8539 957.7005 950.6352 943.5699 936.5044 929.4391 923.8405 918.8836 913.9267 908.9698 905.5728 909.5861
962.83 972.6688 982.5075 992.3463 994.1667 995.6225 997.0784 998.5342 999.4189 999.5611 999.7033 999.8455 999.9876 999.8173 999.6172 999.4171 999.217 997.4355 993.1943 988.9531 984.7119 980.4706 970.1463 958.9095 947.6725 936.4357 927.2328 921.8434 916.4541 911.0647 905.6752 907.5871 911.0359 914.4848 917.9336 922.4186 929.2717 936.1251 942.9783 949.8314 955.3618 960.5247 965.6876 970.8506 974.758 975.1082 975.4583 975.8085 976.1586 973.2084 969.0933 964.9783 960.8633 956.2125 949.6331 943.0538 936.4743 929.8949 924.4182 919.4239 914.4296 909.4353 905.832 908.8359
961.4105 971.0731 980.7356 990.3981 992.5327 994.325 996.1172 997.9095 999.0261 999.2644 999.5027 999.741 999.9793 999.8758 999.7398 999.6038 999.4678 998.0074 994.4871 990.9667 987.4464 983.926 974.1972 963.5371 952.8769 942.2168 932.9722 926.3812 919.7903 913.1995 906.6085 907.685 910.3755 913.0662 915.7568 919.6378 926.2401 932.8423 939.4446 946.0468 951.3679 956.3333 961.2986 966.264 970.0741 970.6111 971.1483 971.6853 972.2224 969.6959 966.0881 962.4803 958.8726 954.7245 948.6311 942.5377 936.4442 930.3507 924.9959 919.9642 914.9326 909.9009 906.0911 908.0858
959.991 969.4774 978.9637 988.45 990.8987 993.0273 995.156 997.2847 998.6333 998.9677 999.3021 999.6365 999.9709 999.9343 999.8624 999.7905 999.7186 998.5793 995.7798 992.9803 990.1808 987.3813 978.2481 968.1648 958.0813 947.9979 938.7114 930.9191 923.1266 915.3342 907.5417 907.7829 909.7152 911.6475 913.5799 916.8571 923.2083 929.5596 935.9109 942.2621 947.3741 952.1418 956.9096 961.6774 965.3902 966.1142 966.8381 967.5621 968.2861 966.1833 963.0828 959.9824 956.882 953.2365 947.629 942.0215 936.414 930.8065 925.5735 920.5045 915.4355 910.3664 906.3503 907.3356
958.5716 967.8817 977.1918 986.502 989.2647 991.7298 994.1949 996.66 998.2404 998.671 999.1015 999.532 999.9626 999.9929 999.985 999.9772 999.9693 999.1511 997.0725 994.9939 992.9153 990.8367 982.299 972.7924 963.2856 953.7789 944.4507 935.4568 926.4629 917.469 908.475 907.8808 909.0549 910.2289 911.403 914.0764 920.1766 926.277 932.3773 938.4775 943.3803 947.9505 952.5206 957.0909 960.7064 961.6172 962.5281 963.439 964.3499 962.6708 960.0776 957.4845 954.8914 951.7485 946.627 941.5055 936.3839 931.2623 926.1512 921.0448 915.9384 910.832 906.6094 906.5855
956.6592 965.2448 973.8304 982.416 985.5049 988.3439 991.1829 994.0219 995.9187 996.5906 997.2626 997.9345 998.6064 998.6649 998.6649 998.6649 998.6649 997.9686 996.1891 994.4096 992.6301 990.8506 982.9023 974.0287 965.155 956.2813 947.2626 937.9716 928.6807 919.3897 910.0986 908.8457 909.285 909.7242 910.1634 912.1764 917.7866 923.397 929.0072 934.6174 939.3104 943.7486 948.1868 952.6251 956.171 957.1891 958.2072 959.2253 960.2433 958.8426 956.588 954.3335 952.079 949.2987 944.6256 939.9525 935.2794 930.6063 925.7883 920.907 916.0256 911.1442 907.0299 906.5591
954.6782 962.4627 970.2473 978.0317 981.4485 984.6667 987.8848 991.103 993.3279 994.2615 995.1951 996.1288 997.0624 997.1436 997.1436 997.1436 997.1436 996.5413 995.0021 993.463 991.9238 990.3846 983.0249 974.7921 966.5592 958.3264 949.6661 940.2043 930.7425 921.2806 911.8186 909.9316 909.6392 909.3469 909.0544 910.3992 915.4861 920.5731 925.6599 930.7468 935.2299 939.5453 943.8607 948.1761 951.6563 952.7705 953.8848 954.999 956.1132 954.9703 953.0309 951.0914 949.152 946.7147 942.4849 938.255 934.0251 929.7953 925.2943 920.6746 916.0549 911.4352 907.4729 906.6337
952.6972 959.6807 966.6641 973.6476 977.3922 980.9895 984.5868 988.1841 990.7371 991.9324 993.1277 994.323 995.5183 995.6223 995.6223 995.6223 995.6223 995.114 993.8151 992.5163 991.2174 989.9186 983.1475 975.5555 967.9635 960.3715 952.0698 942.437 932.8043 923.1715 913.5386 911.0175 909.9935 908.9695 907.9456 908.6221 913.1856 917.7491 922.3127 926.8762 931.1494 935.3419 939.5345 943.7271 947.1417 948.352 949.5623 950.7726 951.9829 951.0981 949.4737 947.8494 946.225 944.1306 940.3441 936.5575 932.7709 928.9843 924.8002 920.4422 916.0842 911.7261 907.916 906.7082
950.7161 956.8986 963.0809 969.2634 973.3358 977.3123 981.2888 985.2653 988.1463 989.6033 991.0602 992.5173 993.9742 994.101 994.101 994.101 994.101 993.6867 992.6282 991.5696 990.511 989.4525 983.27 976.319 969.3677 962.4166 954.4733 944.6697 934.866 925.0624 915.2586 912.1034 910.3478 908.5922 906.8366 906.8449 910.8851 914.9253 918.9655 923.0056 927.0689 931.1386 935.2083 939.2781 942.627 943.9334 945.2398 946.5463 947.8527 947.2258 945.9166 944.6073 943.298 941.5466 938.2033 934.86 931.5166 928.1733 924.3061 920.2098 916.1134 912.017 908.3589 906.7827
948.6528 954.1138 959.5748 965.0358 969.2858 973.4808 977.6757 981.8706 984.9568 986.6018 988.2468 989.8917 991.5367 991.6797 991.6797 991.6797 991.6797 991.3284 990.4305 989.5327 988.6348 987.7369 982.075 975.6984 969.3217 962.9451 955.3929 945.6365 935.8802 926.1238 916.3673 912.7536 910.433 908.1124 905.7918 905.241 908.7357 912.2305 915.7252 919.2198 923.0465 926.9654 930.8843 934.8032 938.0615 939.4478 940.8341 942.2205 943.6068 943.2239 942.2164 941.2089 940.2015 938.78 935.8682 932.9564 930.0444 927.1326 923.5807 919.749 915.9173 912.0856 908.6012 906.767
946.3738 951.3221 956.2704 961.2188 965.2525 969.2445 973.2365 977.2285 980.1978 981.8373 983.477 985.1166 986.7562 986.8987 986.8987 986.8987 986.8987 986.5286 985.5827 984.6368 983.6909 982.745 977.425 971.4489 965.4727 959.4966 952.4211 943.2842 934.1473 925.0103 915.8733 912.2614 909.8127 907.3639 904.9152 904.0916 906.9828 909.8742 912.7654 915.6567 919.1767 922.8713 926.5659 930.2605 933.3627 934.7864 936.2101 937.6339 939.0576 938.8817 938.1413 937.4008 936.6604 935.535 933.0236 930.5123 928.0009 925.4895 922.249 918.6896 915.1302 911.5708 908.317 906.5149
944.0947 948.5305 952.9661 957.4019 961.2192 965.0082 968.7974 972.5864 975.4387 977.0729 978.7072 980.3414 981.9757 982.1178 982.1178 982.1178 982.1178 981.7289 980.7349 979.7409 978.7469 977.753 972.775 967.1994 961.6237 956.0481 949.4492 940.9318 932.4143 923.8969 915.3792 911.7692 909.1923 906.6154 904.0385 902.9422 905.23 907.5179 909.8057 912.0936 915.3068 918.7772 922.2474 925.7178 928.6639 930.1251 931.5862 933.0473 934.5084 934.5396 934.0662 933.5927 933.1193 932.2899 930.179 928.0682 925.9573 923.8464 920.9173 917.6302 914.3431 911.0561 908.0328 906.2628
941.8157 945.7388 949.6619 953.585 957.1859 960.772 964.3583 967.9445 970.6796 972.3085 973.9374 975.5664 977.1953 977.337 977.337 977.337 977.337 976.9292 975.8871 974.8452 973.8031 972.7611 968.1251 962.95 957.7748 952.5997 946.4775 938.5794 930.6814 922.7834 914.8852 911.277 908.572 905.8669 903.1619 901.7927 903.4772 905.1616 906.8461 908.5305 911.4371 914.683 917.9291 921.1752 923.9653 925.4638 926.9623 928.4608 929.9593 930.1976 929.9911 929.7847 929.5782 929.0448 927.3345 925.6241 923.9137 922.2034 919.5856 916.5709 913.5561 910.5414 907.7487 906.0106
939.5367 942.9471 946.3575 949.768 953.1525 956.5358 959.9191 963.3024 965.9205 967.5441 969.1677 970.7913 972.4148 972.556 972.556 972.556 972.556 972.1295 971.0394 969.9493 968.8592 967.7691 963.4751 958.7005 953.9258 949.1512 943.5056 936.2271 928.9484 921.6699 914.3912 910.7849 907.9517 905.1185 902.2853 900.6433 901.7243 902.8054 903.8864 904.9673 907.5672 910.5889 913.6107 916.6324 919.2666 920.8024 922.3383 923.8742 925.41 925.8555 925.916 925.9766 926.0371 925.7997 924.4899 923.18 921.8701 920.5603 918.2538 915.5115 912.769 910.0266 907.4644 905.7584
934.9802 938.1554 941.3306 944.5057 947.6756 950.8452 954.0147 957.1843 959.6292 961.1321 962.6351 964.1381 965.6411 965.9559 966.1576 966.3593 966.561 966.3117 965.3609 964.41 963.4592 962.5084 958.7123 954.4895 950.2666 946.0438 940.9861 934.363 927.7399 921.1168 914.4935 910.9518 908.059 905.166 902.2731 900.4728 901.1701 901.8674 902.5648 903.262 905.431 908.0087 910.5864 913.1642 915.447 916.8942 918.3414 919.7886 921.2357 921.8314 922.1265 922.4217 922.7168 922.7164 921.6522 920.588 919.5237 918.4594 916.4072 913.9227 911.4382 908.9537 906.6359 905.1096
929.3249 932.3986 935.4724 938.5461 941.5021 944.4528 947.4034 950.354 952.5986 953.9253 955.252 956.5787 957.9055 958.478 958.9788 959.4796 959.9803 960.0029 959.2817 958.5604 957.8392 957.1179 953.8951 950.2971 946.699 943.101 938.6848 932.7345 926.7842 920.834 914.8836 911.4369 908.5173 905.5977 902.678 900.7747 901.1943 901.6139 902.0335 902.4531 904.1313 906.1589 908.1866 910.2144 912.0517 913.3493 914.647 915.9446 917.2423 917.9608 918.4749 918.989 919.5031 919.7112 918.8178 917.9244 917.0311 916.1377 914.3121 912.0786 909.845 907.6115 905.5446 904.2693
923.6696 926.6419 929.6142 932.5864 935.3287 938.0604 940.7921 943.5237 945.5679 946.7184 947.869 949.0195 950.1699 951.0002 951.8 952.5998 953.3996 953.694 953.2024 952.7108 952.2192 951.7275 949.078 946.1047 943.1315 940.1582 936.3835 931.1061 925.8286 920.5512 915.2737 911.9219 908.9756 906.0293 903.0829 901.0765 901.2184 901.3604 901.5023 901.6442 902.8315 904.3092 905.7869 907.2646 908.6563 909.8044 910.9526 912.1008 913.2489 914.0903 914.8233 915.5563 916.2893 916.7059 915.9835 915.261 914.5385 913.816 912.2169 910.2344 908.2518 906.2693 904.4534 903.4291
918.0143 920.8852 923.756 926.6268 929.1552 931.668 934.1807 936.6935 938.5374 939.5116 940.4858 941.4601 942.4344 943.5224 944.6212 945.72 946.8188 947.3852 947.1232 946.8611 946.5991 946.3371 944.2608 941.9124 939.5638 937.2154 934.0822 929.4776 924.873 920.2684 915.6638 912.407 909.434 906.4609 903.4879 901.3784 901.2426 901.1068 900.9711 900.8353 901.5318 902.4595 903.3871 904.3148 905.2609 906.2596 907.2582 908.2569 909.2555 910.2197 911.1716 912.1236 913.0756 913.7007 913.1491 912.5975 912.0459 911.4943 910.1218 908.3903 906.6587 904.9271 903.3622 902.5889
