data/zism_data/01063_02_D.txt
ncols         224
nrows         224
[rows 56 to 83 of 224, columns 0 to 62 of 224]
2123.109 2126.048 2128.987 2131.925 2135.794 2139.706 2143.617 2147.529 2151.79 2156.546 2161.303 2166.061 2170.818 2175.451 2180.065 2184.679 2189.294 2193.404 2196.469 2199.535 2202.601 2205.667 2206.731 2207.24 2207.748 2208.256 2209.325 2212.176 2215.027 2217.878 2220.729 2225.935 2232.171 2238.407 2244.643 2250.708 2255.826 2260.943 2266.061 2271.178 2274.645 2277.051 2279.457 2281.863 2284.183 2285.278 2286.373 2287.469 2288.564 2289.179 2289.354 2289.529 2289.704 2289.879 2290.729 2291.594 2292.459 2293.324 2294.175 2295.008 2295.84 2296.673 2297.506
2126.174 2129.182 2132.191 2135.199 2138.984 2142.804 2146.624 2150.444 2154.733 2159.689 2164.645 2169.602 2174.558 2179.006 2183.378 2187.75 2192.123 2195.978 2198.764 2201.55 2204.336 2207.122 2208.399 2209.257 2210.115 2210.974 2212.354 2215.393 2218.433 2221.472 2224.512 2229.703 2235.837 2241.971 2248.104 2254.106 2259.374 2264.643 2269.911 2275.179 2278.659 2280.989 2283.32 2285.65 2287.896 2288.932 2289.968 2291.004 2292.041 2292.61 2292.753 2292.896 2293.039 2293.181 2293.657 2294.139 2294.622 2295.105 2295.513 2295.824 2296.134 2296.445 2296.756
2129.238 2132.316 2135.395 2138.473 2142.173 2145.902 2149.63 2153.359 2157.677 2162.832 2167.987 2173.143 2178.298 2182.562 2186.692 2190.822 2194.952 2198.552 2201.058 2203.564 2206.07 2208.577 2210.067 2211.275 2212.483 2213.691 2215.382 2218.61 2221.838 2225.066 2228.294 2233.472 2239.503 2245.535 2251.566 2257.504 2262.923 2268.342 2273.761 2279.18 2282.673 2284.928 2287.183 2289.438 2291.609 2292.586 2293.563 2294.54 2295.517 2296.042 2296.152 2296.263 2296.373 2296.484 2296.584 2296.685 2296.786 2296.886 2296.851 2296.64 2296.428 2296.217 2296.005
2130.938 2134.031 2137.124 2140.216 2143.88 2147.569 2151.259 2154.948 2159.261 2164.462 2169.662 2174.863 2180.063 2184.276 2188.341 2192.406 2196.47 2200.011 2202.47 2204.929 2207.388 2209.847 2211.478 2212.878 2214.279 2215.68 2217.49 2220.605 2223.72 2226.835 2229.95 2235.027 2240.962 2246.898 2252.834 2258.73 2264.408 2270.085 2275.763 2281.441 2285.039 2287.301 2289.562 2291.824 2293.992 2294.818 2295.644 2296.47 2297.296 2297.653 2297.58 2297.508 2297.435 2297.363 2296.675 2295.974 2295.273 2294.573 2293.733 2292.715 2291.696 2290.678 2289.659
2131.761 2134.833 2137.904 2140.975 2144.633 2148.317 2152.001 2155.685 2159.973 2165.119 2170.266 2175.413 2180.559 2184.807 2188.921 2193.034 2197.147 2200.754 2203.315 2205.876 2208.437 2210.998 2212.723 2214.215 2215.707 2217.199 2219.007 2221.814 2224.623 2227.43 2230.239 2235.158 2241.003 2246.847 2252.691 2258.56 2264.566 2270.572 2276.578 2282.584 2286.347 2288.667 2290.988 2293.309 2295.519 2296.135 2296.751 2297.367 2297.983 2298.094 2297.741 2297.389 2297.036 2296.684 2294.943 2293.171 2291.399 2289.626 2287.751 2285.743 2283.734 2281.725 2279.716
2132.585 2135.635 2138.685 2141.734 2145.385 2149.064 2152.743 2156.421 2160.684 2165.777 2170.87 2175.963 2181.055 2185.339 2189.5 2193.662 2197.824 2201.497 2204.16 2206.823 2209.487 2212.15 2213.968 2215.552 2217.136 2218.719 2220.523 2223.024 2225.525 2228.026 2230.527 2235.291 2241.043 2246.796 2252.549 2258.39 2264.724 2271.058 2277.393 2283.727 2287.655 2290.034 2292.415 2294.794 2297.046 2297.452 2297.858 2298.264 2298.67 2298.535 2297.902 2297.27 2296.638 2296.005 2293.21 2290.367 2287.524 2284.68 2281.769 2278.77 2275.771 2272.771 2269.772
2133.409 2136.437 2139.465 2142.493 2146.138 2149.812 2153.485 2157.158 2161.396 2166.435 2171.473 2176.513 2181.552 2185.87 2190.08 2194.29 2198.5 2202.239 2205.005 2207.771 2210.536 2213.302 2215.214 2216.889 2218.564 2220.24 2222.039 2224.233 2226.427 2228.622 2230.816 2235.422 2241.084 2246.745 2252.406 2258.22 2264.882 2271.545 2278.208 2284.87 2288.962 2291.401 2293.841 2296.28 2298.573 2298.769 2298.965 2299.161 2299.357 2298.976 2298.063 2297.151 2296.239 2295.327 2291.478 2287.563 2283.649 2279.734 2275.787 2271.798 2267.808 2263.819 2259.829
2133.997 2136.993 2139.99 2142.986 2146.616 2150.274 2153.932 2157.59 2161.804 2166.808 2171.812 2176.816 2181.82 2186.197 2190.479 2194.761 2199.043 2202.862 2205.724 2208.586 2211.448 2214.311 2216.306 2218.06 2219.814 2221.568 2223.352 2225.232 2227.113 2228.993 2230.873 2235.323 2240.897 2246.471 2252.045 2257.836 2264.836 2271.837 2278.838 2285.839 2290.1 2292.599 2295.098 2297.597 2299.932 2299.922 2299.911 2299.901 2299.89 2299.234 2297.985 2296.736 2295.487 2294.238 2289.343 2284.365 2279.389 2274.412 2269.47 2264.573 2259.676 2254.779 2249.882
2131.211 2134.03 2136.849 2139.668 2143.14 2146.642 2150.144 2153.646 2157.866 2163.107 2168.348 2173.589 2178.83 2183.593 2188.284 2192.976 2197.667 2201.767 2204.645 2207.523 2210.402 2213.28 2215.199 2216.85 2218.502 2220.154 2221.76 2223.22 2224.681 2226.141 2227.602 2231.905 2237.452 2242.999 2248.546 2254.387 2261.867 2269.347 2276.826 2284.306 2288.797 2291.366 2293.935 2296.504 2298.895 2298.723 2298.551 2298.379 2298.207 2296.872 2294.471 2292.071 2289.67 2287.269 2281.432 2275.519 2269.605 2263.692 2258.342 2253.725 2249.108 2244.49 2239.874
2128.426 2131.068 2133.709 2136.35 2139.665 2143.011 2146.357 2149.703 2153.929 2159.407 2164.885 2170.363 2175.84 2180.99 2186.09 2191.19 2196.291 2200.672 2203.566 2206.461 2209.355 2212.25 2214.092 2215.641 2217.191 2218.74 2220.168 2221.208 2222.249 2223.29 2224.33 2228.487 2234.007 2239.527 2245.047 2250.938 2258.897 2266.856 2274.815 2282.774 2287.495 2290.134 2292.773 2295.412 2297.857 2297.524 2297.19 2296.857 2296.523 2294.51 2290.958 2287.405 2283.853 2280.3 2273.522 2266.672 2259.822 2252.972 2247.215 2242.877 2238.54 2234.203 2229.865
2125.641 2128.104 2130.568 2133.032 2136.19 2139.38 2142.57 2145.759 2149.992 2155.707 2161.421 2167.136 2172.85 2178.387 2183.896 2189.405 2194.915 2199.576 2202.487 2205.398 2208.308 2211.219 2212.984 2214.432 2215.879 2217.326 2218.576 2219.197 2219.817 2220.438 2221.059 2225.069 2230.562 2236.055 2241.549 2247.49 2255.927 2264.366 2272.803 2281.241 2286.192 2288.901 2291.61 2294.319 2296.82 2296.324 2295.83 2295.334 2294.84 2292.148 2287.444 2282.74 2278.036 2273.331 2265.612 2257.825 2250.039 2242.252 2236.087 2232.029 2227.972 2223.915 2219.857
2122.856 2125.142 2127.428 2129.714 2132.715 2135.749 2138.782 2141.816 2146.055 2152.006 2157.958 2163.909 2169.861 2175.783 2181.702 2187.62 2193.538 2198.481 2201.408 2204.335 2207.262 2210.188 2211.877 2213.222 2214.567 2215.912 2216.984 2217.185 2217.385 2217.586 2217.787 2221.651 2227.117 2232.583 2238.05 2244.041 2252.958 2261.875 2270.792 2279.709 2284.89 2287.669 2290.448 2293.227 2295.782 2295.125 2294.469 2293.813 2293.156 2289.787 2283.931 2278.074 2272.219 2266.362 2257.702 2248.978 2240.255 2231.532 2224.959 2221.182 2217.404 2213.627 2209.849
2119.176 2121.369 2123.561 2125.754 2128.519 2131.309 2134.1 2136.89 2140.965 2146.864 2152.763 2158.662 2164.561 2170.818 2177.128 2183.439 2189.75 2195.075 2198.366 2201.658 2204.949 2208.24 2210.033 2211.411 2212.789 2214.166 2215.162 2214.943 2214.724 2214.505 2214.286 2217.628 2222.528 2227.428 2232.329 2237.888 2247.121 2256.355 2265.588 2274.821 2280.236 2283.198 2286.159 2289.12 2291.837 2291.044 2290.251 2289.459 2288.666 2284.89 2278.379 2271.868 2265.358 2258.847 2250.192 2241.49 2232.788 2224.086 2217.853 2214.83 2211.807 2208.784 2205.761
2114.676 2116.853 2119.029 2121.206 2123.661 2126.128 2128.596 2131.063 2134.817 2140.399 2145.98 2151.562 2157.143 2163.686 2170.374 2177.061 2183.749 2189.551 2193.526 2197.501 2201.475 2205.45 2207.514 2209.048 2210.582 2212.115 2213.129 2212.49 2211.852 2211.213 2210.574 2213.051 2216.891 2220.73 2224.571 2229.256 2238.656 2248.056 2257.456 2266.856 2272.511 2275.757 2279.004 2282.25 2285.226 2284.321 2283.415 2282.509 2281.604 2277.67 2270.959 2264.25 2257.54 2250.83 2243.05 2235.247 2227.444 2219.641 2214.433 2212.6 2210.766 2208.932 2207.099
2110.177 2112.337 2114.498 2116.658 2118.803 2120.948 2123.093 2125.237 2128.67 2133.934 2139.198 2144.462 2149.726 2156.555 2163.619 2170.683 2177.748 2184.027 2188.686 2193.344 2198.002 2202.66 2204.995 2206.685 2208.375 2210.065 2211.097 2210.038 2208.98 2207.921 2206.862 2208.474 2211.253 2214.033 2216.812 2220.625 2230.191 2239.758 2249.325 2258.892 2264.785 2268.317 2271.849 2275.381 2278.616 2277.597 2276.579 2275.56 2274.541 2270.449 2263.54 2256.631 2249.722 2242.813 2235.908 2229.004 2222.1 2215.196 2211.013 2210.369 2209.725 2209.081 2208.437
2105.677 2107.821 2109.966 2112.11 2113.946 2115.767 2117.589 2119.411 2122.523 2127.469 2132.416 2137.362 2142.308 2149.424 2156.865 2164.306 2171.747 2178.503 2183.845 2189.187 2194.529 2199.871 2202.477 2204.322 2206.168 2208.014 2209.065 2207.586 2206.108 2204.629 2203.15 2203.896 2205.616 2207.335 2209.054 2211.993 2221.727 2231.46 2241.194 2250.928 2257.06 2260.877 2264.694 2268.511 2272.006 2270.874 2269.742 2268.611 2267.479 2263.229 2256.121 2249.012 2241.904 2234.796 2228.766 2222.761 2216.756 2210.75 2207.593 2208.139 2208.684 2209.229 2209.775
2101.177 2103.305 2105.434 2107.562 2109.088 2110.587 2112.085 2113.584 2116.376 2121.005 2125.633 2130.262 2134.891 2142.292 2150.11 2157.928 2165.746 2172.979 2179.004 2185.03 2191.055 2197.081 2199.957 2201.959 2203.961 2205.963 2207.032 2205.134 2203.236 2201.337 2199.438 2199.319 2199.978 2200.637 2201.296 2203.361 2213.261 2223.162 2233.062 2242.963 2249.334 2253.437 2257.539 2261.642 2265.395 2264.151 2262.906 2261.661 2260.417 2256.009 2248.701 2241.394 2234.086 2226.779 2221.624 2216.518 2211.411 2206.305 2204.173 2205.908 2207.643 2209.378 2211.113
2092.043 2095.403 2098.762 2102.123 2103.932 2105.671 2107.411 2109.15 2111.825 2115.831 2119.837 2123.843 2127.848 2134.59 2141.742 2148.894 2156.046 2162.931 2169.266 2175.602 2181.937 2188.272 2191.882 2194.735 2197.588 2200.441 2202.069 2199.798 2197.527 2195.256 2192.985 2191.861 2191.239 2190.616 2189.993 2190.836 2199.839 2208.843 2217.847 2226.851 2233.24 2237.949 2242.658 2247.367 2251.756 2251.568 2251.379 2251.19 2251.001 2247.431 2240.761 2234.092 2227.423 2220.753 2216.688 2212.68 2208.673 2204.666 2203.516 2206.083 2208.649 2211.215 2213.782
2082.805 2087.424 2092.044 2096.663 2098.77 2100.762 2102.754 2104.746 2107.31 2110.686 2114.062 2117.438 2120.814 2126.875 2133.337 2139.8 2146.263 2152.783 2159.419 2166.056 2172.692 2179.329 2183.683 2187.402 2191.122 2194.842 2197.04 2194.397 2191.755 2189.113 2186.471 2184.339 2182.429 2180.521 2178.612 2178.223 2186.306 2194.39 2202.473 2210.557 2216.959 2222.282 2227.604 2232.927 2237.961 2238.854 2239.747 2240.64 2241.533 2238.823 2232.81 2226.797 2220.784 2214.771 2211.8 2208.896 2205.992 2203.088 2202.921 2206.311 2209.7 2213.09 2216.48
2073.567 2079.446 2085.325 2091.204 2093.607 2095.852 2098.097 2100.343 2102.795 2105.541 2108.287 2111.034 2113.78 2119.159 2124.933 2130.707 2136.481 2142.635 2149.573 2156.51 2163.448 2170.386 2175.484 2180.07 2184.656 2189.242 2192.011 2188.997 2185.984 2182.97 2179.956 2176.816 2173.621 2170.426 2167.23 2165.611 2172.774 2179.937 2187.1 2194.263 2200.679 2206.615 2212.552 2218.488 2224.166 2226.141 2228.115 2230.09 2232.065 2230.215 2224.859 2219.502 2214.146 2208.79 2206.912 2205.112 2203.311 2201.511 2202.325 2206.538 2210.752 2214.965 2219.178
2064.329 2071.468 2078.606 2085.745 2088.445 2090.943 2093.441 2095.939 2098.28 2100.396 2102.513 2104.629 2106.746 2111.444 2116.529 2121.614 2126.699 2132.486 2139.726 2146.965 2154.204 2161.444 2167.285 2172.738 2178.19 2183.643 2186.982 2183.597 2180.212 2176.827 2173.442 2169.294 2164.813 2160.331 2155.849 2153.0 2159.242 2165.485 2171.727 2177.97 2184.399 2190.949 2197.499 2204.049 2210.371 2213.427 2216.484 2219.541 2222.597 2221.607 2216.907 2212.208 2207.508 2202.809 2202.025 2201.328 2200.631 2199.934 2201.729 2206.766 2211.803 2216.84 2221.877
2056.821 2064.996 2073.172 2081.348 2084.583 2087.594 2090.605 2093.615 2096.051 2097.669 2099.287 2100.905 2102.523 2106.445 2110.712 2114.979 2119.247 2124.361 2131.225 2138.09 2144.954 2151.819 2157.745 2163.412 2169.078 2174.744 2178.243 2174.845 2171.446 2168.048 2164.65 2160.164 2155.204 2150.243 2145.282 2141.886 2147.208 2152.531 2157.853 2163.175 2169.437 2176.303 2183.169 2190.036 2196.724 2200.858 2204.991 2209.125 2213.259 2213.222 2209.361 2205.501 2201.641 2197.78 2197.911 2198.13 2198.349 2198.568 2201.221 2207.037 2212.853 2218.668 2224.484
2051.561 2060.484 2069.408 2078.332 2082.413 2086.274 2090.136 2093.997 2096.796 2098.085 2099.375 2100.665 2101.954 2104.977 2108.259 2111.541 2114.824 2118.865 2124.475 2130.086 2135.696 2141.307 2146.464 2151.495 2156.526 2161.558 2164.681 2161.735 2158.789 2155.842 2152.896 2148.945 2144.555 2140.165 2135.775 2132.722 2137.124 2141.526 2145.928 2150.33 2156.189 2162.985 2169.781 2176.578 2183.27 2188.475 2193.68 2198.885 2204.09 2205.127 2202.343 2199.559 2196.775 2193.991 2194.803 2195.695 2196.587 2197.479 2200.825 2207.362 2213.899 2220.437 2226.974
2046.3 2055.972 2065.644 2075.316 2080.243 2084.955 2089.667 2094.378 2097.541 2098.502 2099.463 2100.425 2101.386 2103.509 2105.806 2108.103 2110.401 2113.369 2117.726 2122.082 2126.438 2130.795 2135.182 2139.578 2143.974 2148.37 2151.119 2148.625 2146.13 2143.636 2141.142 2137.726 2133.906 2130.087 2126.267 2123.558 2127.04 2130.521 2134.002 2137.484 2142.94 2149.667 2156.393 2163.119 2169.816 2176.092 2182.368 2188.645 2194.92 2197.031 2195.323 2193.616 2191.908 2190.201 2191.695 2193.26 2194.824 2196.389 2200.43 2207.688 2214.947 2222.205 2229.463
2041.04 2051.46 2061.88 2072.301 2078.073 2083.635 2089.198 2094.759 2098.285 2098.918 2099.551 2100.184 2100.817 2102.041 2103.353 2104.666 2105.978 2107.874 2110.976 2114.078 2117.18 2120.283 2123.9 2127.661 2131.422 2135.183 2137.557 2135.515 2133.473 2131.431 2129.389 2126.507 2123.258 2120.009 2116.76 2114.395 2116.956 2119.517 2122.078 2124.639 2129.693 2136.349 2143.005 2149.662 2156.363 2163.71 2171.057 2178.404 2185.751 2188.936 2188.305 2187.674 2187.042 2186.411 2188.587 2190.824 2193.062 2195.3 2200.034 2208.014 2215.993 2223.973 2231.952
2035.779 2046.948 2058.116 2069.285 2075.904 2082.316 2088.728 2095.14 2099.03 2099.335 2099.639 2099.944 2100.249 2100.573 2100.9 2101.228 2101.555 2102.378 2104.226 2106.074 2107.923 2109.771 2112.619 2115.745 2118.871 2121.997 2123.995 2122.405 2120.815 2119.225 2117.635 2115.288 2112.609 2109.931 2107.252 2105.231 2106.871 2108.512 2110.153 2111.793 2116.445 2123.031 2129.617 2136.204 2142.909 2151.328 2159.746 2168.164 2176.582 2180.84 2181.286 2181.731 2182.177 2182.622 2185.479 2188.389 2191.3 2194.21 2199.639 2208.339 2217.04 2225.741 2234.442
2032.21 2043.248 2054.287 2065.326 2072.89 2080.297 2087.704 2095.11 2099.7 2100.285 2100.871 2101.457 2102.042 2102.189 2102.27 2102.351 2102.432 2102.832 2103.891 2104.951 2106.01 2107.07 2109.291 2111.834 2114.378 2116.921 2118.659 2117.833 2117.007 2116.181 2115.355 2114.005 2112.424 2110.844 2109.263 2108.26 2110.472 2112.685 2114.897 2117.109 2121.617 2127.601 2133.585 2139.569 2145.627 2152.746 2159.865 2166.985 2174.104 2177.965 2178.839 2179.714 2180.588 2181.462 2184.517 2187.621 2190.725 2193.828 2199.556 2208.695 2217.834 2226.973 2236.112
2028.847 2039.648 2050.45 2061.252 2069.774 2078.193 2086.611 2095.03 2100.36 2101.301 2102.242 2103.183 2104.123 2104.181 2104.106 2104.031 2103.956 2104.012 2104.339 2104.667 2104.994 2105.321 2106.932 2108.9 2110.868 2112.835 2114.327 2114.303 2114.279 2114.255 2114.231 2113.933 2113.515 2113.098 2112.68 2112.777 2115.743 2118.708 2121.674 2124.64 2129.037 2134.353 2139.669 2144.986 2150.316 2155.848 2161.379 2166.911 2172.442 2175.727 2176.951 2178.175 2179.399 2180.623 2183.817 2187.056 2190.294 2193.532 2199.511 2209.054 2218.597 2228.139 2237.682
