data/zism_data/01067_02_D.txt
ncols         224
nrows         224
[rows 84 to 111 of 224, columns 0 to 62 of 224]
1549.622 1549.588 1549.554 1549.265 1548.681 1548.097 1547.513 1546.929 1545.172 1543.323 1541.474 1539.625 1537.347 1534.403 1531.458 1528.514 1525.569 1522.559 1519.537 1516.515 1513.493 1510.896 1509.205 1507.515 1505.825 1504.135 1503.339 1502.792 1502.245 1501.698 1501.178 1500.741 1500.304 1499.867 1499.43 1499.072 1498.745 1498.418 1498.091 1497.808 1497.729 1497.65 1497.572 1497.493 1497.295 1497.03 1496.765 1496.5 1496.233 1495.951 1495.669 1495.387 1495.105 1494.813 1494.514 1494.215 1493.916 1493.612 1493.166 1492.72 1492.274 1491.828 1491.332
1549.503 1549.458 1549.413 1549.075 1548.4 1547.724 1547.048 1546.372 1544.583 1542.708 1540.832 1538.956 1536.67 1533.747 1530.824 1527.901 1524.979 1521.809 1518.598 1515.387 1512.177 1509.45 1507.76 1506.07 1504.38 1502.69 1501.941 1501.453 1500.965 1500.477 1500.054 1499.828 1499.601 1499.375 1499.149 1498.893 1498.626 1498.359 1498.091 1497.86 1497.803 1497.746 1497.689 1497.632 1497.463 1497.23 1496.998 1496.765 1496.53 1496.275 1496.02 1495.765 1495.51 1495.242 1494.964 1494.687 1494.409 1494.127 1493.703 1493.278 1492.854 1492.429 1491.973
1549.326 1549.311 1549.296 1548.955 1548.238 1547.521 1546.804 1546.087 1544.295 1542.419 1540.543 1538.667 1536.399 1533.521 1530.643 1527.766 1524.888 1521.667 1518.388 1515.109 1511.831 1509.083 1507.47 1505.858 1504.245 1502.632 1501.87 1501.344 1500.818 1500.292 1499.852 1499.675 1499.497 1499.32 1499.143 1498.939 1498.724 1498.51 1498.295 1498.109 1498.06 1498.011 1497.962 1497.913 1497.766 1497.562 1497.359 1497.155 1496.949 1496.728 1496.507 1496.285 1496.064 1495.833 1495.593 1495.354 1495.115 1494.871 1494.472 1494.072 1493.673 1493.273 1492.828
1549.116 1549.155 1549.193 1548.877 1548.149 1547.421 1546.693 1545.965 1544.187 1542.328 1540.468 1538.608 1536.373 1533.555 1530.736 1527.918 1525.1 1521.892 1518.619 1515.345 1512.072 1509.368 1507.879 1506.391 1504.902 1503.413 1502.602 1501.979 1501.356 1500.733 1500.207 1499.982 1499.756 1499.53 1499.304 1499.121 1498.955 1498.788 1498.622 1498.477 1498.428 1498.379 1498.33 1498.281 1498.15 1497.974 1497.797 1497.62 1497.443 1497.26 1497.076 1496.892 1496.709 1496.521 1496.331 1496.14 1495.95 1495.754 1495.381 1495.009 1494.636 1494.264 1493.811
1548.906 1548.998 1549.091 1548.798 1548.059 1547.321 1546.582 1545.844 1544.08 1542.236 1540.393 1538.549 1536.347 1533.588 1530.829 1528.07 1525.312 1522.117 1518.849 1515.581 1512.313 1509.652 1508.288 1506.923 1505.559 1504.195 1503.334 1502.614 1501.894 1501.173 1500.563 1500.288 1500.014 1499.74 1499.465 1499.302 1499.185 1499.067 1498.95 1498.844 1498.795 1498.746 1498.697 1498.648 1498.535 1498.385 1498.236 1498.086 1497.937 1497.791 1497.645 1497.5 1497.354 1497.21 1497.068 1496.926 1496.784 1496.636 1496.291 1495.945 1495.6 1495.254 1494.794
1548.695 1548.842 1548.989 1548.72 1547.97 1547.221 1546.471 1545.722 1543.972 1542.145 1540.318 1538.49 1536.321 1533.622 1530.922 1528.223 1525.523 1522.342 1519.08 1515.817 1512.555 1509.937 1508.697 1507.456 1506.216 1504.976 1504.067 1503.249 1502.431 1501.614 1500.918 1500.595 1500.272 1499.949 1499.626 1499.484 1499.415 1499.346 1499.277 1499.212 1499.163 1499.114 1499.065 1499.016 1498.92 1498.797 1498.674 1498.552 1498.431 1498.323 1498.215 1498.107 1497.999 1497.899 1497.806 1497.712 1497.619 1497.519 1497.2 1496.882 1496.563 1496.245 1495.777
1548.505 1548.7 1548.895 1548.655 1547.91 1547.165 1546.42 1545.676 1543.958 1542.165 1540.371 1538.578 1536.454 1533.816 1531.177 1528.539 1525.901 1522.754 1519.521 1516.287 1513.054 1510.492 1509.363 1508.234 1507.104 1505.975 1505.003 1504.075 1503.147 1502.218 1501.425 1501.045 1500.665 1500.285 1499.905 1499.771 1499.739 1499.706 1499.674 1499.638 1499.584 1499.531 1499.477 1499.423 1499.341 1499.242 1499.143 1499.044 1498.947 1498.869 1498.792 1498.714 1498.636 1498.573 1498.521 1498.468 1498.416 1498.357 1498.066 1497.775 1497.484 1497.192 1496.72
1548.533 1548.717 1548.901 1548.732 1548.155 1547.578 1547.0 1546.423 1544.923 1543.351 1541.779 1540.207 1538.249 1535.692 1533.135 1530.578 1528.02 1525.125 1522.173 1519.22 1516.268 1513.888 1512.732 1511.576 1510.419 1509.263 1508.087 1506.905 1505.723 1504.54 1503.52 1502.994 1502.468 1501.942 1501.417 1501.176 1501.052 1500.927 1500.803 1500.682 1500.574 1500.466 1500.359 1500.251 1500.142 1500.032 1499.923 1499.813 1499.701 1499.575 1499.449 1499.323 1499.196 1499.09 1499.0 1498.91 1498.82 1498.725 1498.467 1498.208 1497.949 1497.69 1497.251
1548.56 1548.734 1548.907 1548.81 1548.4 1547.99 1547.58 1547.17 1545.887 1544.537 1543.186 1541.836 1540.045 1537.568 1535.092 1532.616 1530.139 1527.496 1524.824 1522.153 1519.481 1517.284 1516.101 1514.918 1513.734 1512.551 1511.17 1509.734 1508.299 1506.863 1505.615 1504.943 1504.272 1503.6 1502.928 1502.58 1502.364 1502.148 1501.932 1501.725 1501.564 1501.402 1501.24 1501.079 1500.943 1500.823 1500.702 1500.582 1500.456 1500.281 1500.106 1499.931 1499.756 1499.608 1499.48 1499.352 1499.224 1499.094 1498.867 1498.641 1498.415 1498.188 1497.781
1548.588 1548.75 1548.913 1548.887 1548.645 1548.402 1548.16 1547.917 1546.852 1545.723 1544.594 1543.464 1541.84 1539.445 1537.049 1534.654 1532.259 1529.867 1527.476 1525.085 1522.694 1520.68 1519.47 1518.26 1517.05 1515.839 1514.254 1512.564 1510.875 1509.185 1507.71 1506.893 1506.075 1505.258 1504.44 1503.985 1503.677 1503.369 1503.061 1502.769 1502.554 1502.338 1502.122 1501.907 1501.745 1501.614 1501.482 1501.351 1501.21 1500.987 1500.763 1500.54 1500.316 1500.125 1499.96 1499.794 1499.628 1499.462 1499.268 1499.074 1498.88 1498.686 1498.311
1548.615 1548.767 1548.919 1548.965 1548.89 1548.815 1548.74 1548.664 1547.817 1546.909 1546.001 1545.093 1543.635 1541.321 1539.007 1536.692 1534.378 1532.238 1530.128 1528.018 1525.908 1524.076 1522.839 1521.602 1520.365 1519.127 1517.338 1515.394 1513.451 1511.507 1509.805 1508.842 1507.879 1506.916 1505.952 1505.389 1504.99 1504.59 1504.19 1503.813 1503.543 1503.274 1503.004 1502.734 1502.546 1502.404 1502.262 1502.12 1501.965 1501.693 1501.42 1501.148 1500.876 1500.643 1500.439 1500.236 1500.032 1499.83 1499.669 1499.507 1499.346 1499.184 1498.842
1548.779 1548.914 1549.049 1549.121 1549.121 1549.121 1549.121 1549.121 1548.443 1547.712 1546.981 1546.25 1544.992 1542.913 1540.835 1538.756 1536.677 1534.751 1532.85 1530.949 1529.048 1527.322 1525.969 1524.616 1523.262 1521.909 1519.979 1517.889 1515.798 1513.708 1511.872 1510.814 1509.755 1508.697 1507.638 1506.976 1506.476 1505.975 1505.475 1505.003 1504.664 1504.326 1503.987 1503.649 1503.415 1503.242 1503.068 1502.894 1502.706 1502.385 1502.064 1501.743 1501.423 1501.149 1500.91 1500.672 1500.434 1500.197 1500.011 1499.826 1499.64 1499.454 1499.108
1549.054 1549.168 1549.281 1549.342 1549.342 1549.342 1549.342 1549.342 1548.794 1548.203 1547.613 1547.022 1545.991 1544.274 1542.557 1540.84 1539.123 1537.378 1535.629 1533.879 1532.13 1530.446 1528.904 1527.362 1525.819 1524.277 1522.259 1520.11 1517.96 1515.811 1513.917 1512.804 1511.692 1510.579 1509.467 1508.712 1508.104 1507.495 1506.887 1506.311 1505.892 1505.472 1505.053 1504.633 1504.34 1504.117 1503.895 1503.673 1503.435 1503.066 1502.697 1502.328 1501.958 1501.645 1501.374 1501.103 1500.833 1500.562 1500.307 1500.051 1499.795 1499.539 1499.16
1549.329 1549.421 1549.513 1549.562 1549.562 1549.562 1549.562 1549.562 1549.145 1548.694 1548.244 1547.794 1546.99 1545.635 1544.279 1542.924 1541.569 1540.006 1538.408 1536.809 1535.211 1533.57 1531.839 1530.108 1528.376 1526.645 1524.54 1522.331 1520.122 1517.913 1515.961 1514.794 1513.628 1512.461 1511.295 1510.448 1509.732 1509.015 1508.299 1507.62 1507.12 1506.619 1506.119 1505.618 1505.264 1504.993 1504.722 1504.451 1504.165 1503.747 1503.329 1502.912 1502.494 1502.141 1501.838 1501.535 1501.231 1500.928 1500.602 1500.276 1499.95 1499.624 1499.212
1549.604 1549.675 1549.745 1549.783 1549.783 1549.783 1549.783 1549.783 1549.495 1549.186 1548.876 1548.566 1547.989 1546.995 1546.002 1545.008 1544.015 1542.634 1541.187 1539.739 1538.292 1536.694 1534.774 1532.854 1530.933 1529.013 1526.82 1524.552 1522.283 1520.015 1518.005 1516.785 1515.564 1514.344 1513.123 1512.184 1511.359 1510.535 1509.711 1508.929 1508.347 1507.766 1507.184 1506.603 1506.188 1505.869 1505.549 1505.23 1504.895 1504.429 1503.962 1503.496 1503.029 1502.637 1502.301 1501.966 1501.63 1501.293 1500.897 1500.501 1500.104 1499.708 1499.263
1549.876 1549.925 1549.974 1550.0 1550.0 1550.0 1550.0 1550.0 1549.841 1549.671 1549.5 1549.329 1548.976 1548.341 1547.707 1547.072 1546.437 1545.235 1543.938 1542.64 1541.342 1539.786 1537.68 1535.573 1533.466 1531.359 1529.08 1526.753 1524.427 1522.1 1520.032 1518.758 1517.484 1516.21 1514.936 1513.905 1512.973 1512.042 1511.11 1510.225 1509.563 1508.901 1508.239 1507.577 1507.103 1506.736 1506.369 1506.001 1505.619 1505.104 1504.589 1504.074 1503.56 1503.128 1502.76 1502.392 1502.024 1501.653 1501.188 1500.722 1500.257 1499.791 1499.314
1549.904 1549.942 1549.98 1550.0 1550.0 1550.0 1550.0 1550.0 1549.876 1549.743 1549.61 1549.477 1549.203 1548.708 1548.214 1547.719 1547.225 1546.067 1544.796 1543.525 1542.255 1540.712 1538.589 1536.466 1534.343 1532.22 1529.942 1527.62 1525.299 1522.977 1520.909 1519.613 1518.318 1517.022 1515.726 1514.639 1513.637 1512.635 1511.633 1510.684 1509.984 1509.284 1508.585 1507.885 1507.397 1507.03 1506.662 1506.295 1505.91 1505.368 1504.826 1504.285 1503.743 1503.278 1502.872 1502.466 1502.061 1501.653 1501.177 1500.7 1500.224 1499.748 1499.278
1549.931 1549.958 1549.985 1550.0 1550.0 1550.0 1550.0 1550.0 1549.912 1549.816 1549.721 1549.626 1549.429 1549.075 1548.721 1548.367 1548.013 1546.898 1545.654 1544.411 1543.167 1541.638 1539.498 1537.359 1535.22 1533.081 1530.803 1528.487 1526.171 1523.855 1521.785 1520.468 1519.151 1517.834 1516.516 1515.373 1514.301 1513.229 1512.156 1511.142 1510.405 1509.668 1508.93 1508.193 1507.691 1507.324 1506.956 1506.589 1506.201 1505.632 1505.064 1504.495 1503.926 1503.428 1502.984 1502.541 1502.097 1501.652 1501.165 1500.678 1500.191 1499.704 1499.242
1549.958 1549.975 1549.991 1550.0 1550.0 1550.0 1550.0 1550.0 1549.947 1549.889 1549.832 1549.774 1549.656 1549.442 1549.228 1549.015 1548.801 1547.73 1546.513 1545.296 1544.079 1542.563 1540.408 1538.252 1536.097 1533.941 1531.665 1529.354 1527.043 1524.733 1522.662 1521.323 1519.984 1518.645 1517.307 1516.107 1514.965 1513.822 1512.68 1511.601 1510.826 1510.051 1509.276 1508.5 1507.985 1507.618 1507.25 1506.883 1506.492 1505.896 1505.301 1504.705 1504.109 1503.578 1503.097 1502.615 1502.134 1501.652 1501.154 1500.656 1500.158 1499.661 1499.207
1549.986 1549.991 1549.997 1550.0 1550.0 1550.0 1550.0 1550.0 1549.982 1549.962 1549.942 1549.922 1549.882 1549.809 1549.735 1549.662 1549.589 1548.561 1547.371 1546.181 1544.992 1543.489 1541.317 1539.146 1536.974 1534.802 1532.526 1530.221 1527.916 1525.611 1523.538 1522.178 1520.817 1519.457 1518.097 1516.841 1515.629 1514.416 1513.203 1512.06 1511.247 1510.434 1509.621 1508.808 1508.279 1507.912 1507.544 1507.177 1506.783 1506.161 1505.538 1504.915 1504.292 1503.728 1503.209 1502.69 1502.171 1501.652 1501.143 1500.634 1500.126 1499.617 1499.171
1550.0 1550.0 1550.0 1550.0 1550.0 1550.0 1550.0 1550.0 1550.0 1550.0 1550.0 1550.0 1549.991 1549.968 1549.944 1549.921 1549.898 1548.909 1547.757 1546.604 1545.452 1543.973 1541.798 1539.624 1537.449 1535.274 1533.007 1530.715 1528.423 1526.131 1524.048 1522.604 1521.16 1519.716 1518.272 1516.939 1515.651 1514.363 1513.075 1511.872 1511.073 1510.273 1509.474 1508.675 1508.151 1507.784 1507.416 1507.049 1506.657 1506.049 1505.44 1504.832 1504.223 1503.664 1503.144 1502.623 1502.102 1501.582 1501.083 1500.584 1500.085 1499.586 1499.152
1550.0 1550.0 1550.0 1550.0 1550.0 1550.0 1550.0 1550.0 1550.0 1550.0 1550.0 1550.0 1549.972 1549.9 1549.828 1549.756 1549.685 1548.73 1547.626 1546.523 1545.419 1543.977 1541.813 1539.649 1537.484 1535.32 1533.073 1530.802 1528.532 1526.262 1524.158 1522.563 1520.967 1519.372 1517.777 1516.343 1514.974 1513.604 1512.235 1510.978 1510.249 1509.52 1508.791 1508.062 1507.563 1507.196 1506.828 1506.461 1506.075 1505.526 1504.977 1504.428 1503.879 1503.367 1502.884 1502.401 1501.918 1501.436 1500.969 1500.503 1500.036 1499.57 1499.152
1550.0 1550.0 1550.0 1550.0 1550.0 1550.0 1550.0 1550.0 1550.0 1550.0 1550.0 1550.0 1549.953 1549.832 1549.712 1549.592 1549.471 1548.551 1547.496 1546.441 1545.386 1543.98 1541.827 1539.674 1537.52 1535.367 1533.139 1530.89 1528.641 1526.392 1524.267 1522.521 1520.775 1519.028 1517.282 1515.746 1514.296 1512.846 1511.396 1510.084 1509.425 1508.766 1508.107 1507.448 1506.975 1506.608 1506.241 1505.873 1505.494 1505.004 1504.514 1504.025 1503.535 1503.07 1502.625 1502.18 1501.735 1501.29 1500.856 1500.422 1499.988 1499.554 1499.152
1550.0 1550.0 1550.0 1550.0 1550.0 1550.0 1550.0 1550.0 1550.0 1550.0 1550.0 1550.0 1549.934 1549.765 1549.596 1549.427 1549.258 1548.372 1547.366 1546.359 1545.353 1543.984 1541.841 1539.699 1537.556 1535.414 1533.205 1530.978 1528.75 1526.523 1524.377 1522.479 1520.582 1518.685 1516.787 1515.15 1513.619 1512.088 1510.557 1509.19 1508.601 1508.012 1507.424 1506.835 1506.388 1506.02 1505.653 1505.285 1504.912 1504.481 1504.051 1503.621 1503.191 1502.773 1502.366 1501.958 1501.551 1501.144 1500.742 1500.34 1499.939 1499.537 1499.152
1550.0 1550.0 1550.0 1550.0 1550.0 1550.0 1550.0 1550.0 1550.0 1550.0 1550.0 1550.0 1549.915 1549.697 1549.48 1549.262 1549.044 1548.194 1547.236 1546.277 1545.319 1543.987 1541.855 1539.724 1537.592 1535.46 1533.271 1531.065 1528.859 1526.654 1524.487 1522.438 1520.389 1518.341 1516.292 1514.553 1512.941 1511.329 1509.717 1508.296 1507.777 1507.259 1506.74 1506.222 1505.8 1505.432 1505.065 1504.698 1504.33 1503.959 1503.588 1503.217 1502.846 1502.476 1502.107 1501.737 1501.367 1500.998 1500.629 1500.259 1499.89 1499.521 1499.152
1550.0 1550.0 1550.0 1550.0 1550.0 1550.0 1550.0 1550.0 1550.0 1550.0 1550.0 1550.0 1549.914 1549.693 1549.473 1549.252 1549.032 1548.17 1547.2 1546.229 1545.259 1543.933 1541.847 1539.762 1537.677 1535.591 1533.389 1531.154 1528.919 1526.684 1524.457 1522.252 1520.047 1517.842 1515.637 1513.781 1512.068 1510.354 1508.641 1507.139 1506.64 1506.141 1505.642 1505.142 1504.77 1504.468 1504.167 1503.866 1503.563 1503.252 1502.94 1502.629 1502.318 1501.992 1501.655 1501.318 1500.981 1500.645 1500.339 1500.032 1499.726 1499.42 1499.098
1550.0 1550.0 1550.0 1550.0 1550.0 1550.0 1550.0 1550.0 1550.0 1550.0 1550.0 1550.0 1549.914 1549.693 1549.473 1549.252 1549.032 1548.156 1547.17 1546.183 1545.196 1543.875 1541.838 1539.801 1537.765 1535.728 1533.511 1531.243 1528.976 1526.709 1524.418 1522.057 1519.695 1517.333 1514.972 1512.998 1511.182 1509.366 1507.55 1505.966 1505.483 1505.0 1504.517 1504.034 1503.712 1503.481 1503.25 1503.019 1502.786 1502.534 1502.281 1502.029 1501.777 1501.496 1501.191 1500.887 1500.582 1500.28 1500.038 1499.796 1499.555 1499.313 1499.041
1550.0 1550.0 1550.0 1550.0 1550.0 1550.0 1550.0 1550.0 1550.0 1550.0 1550.0 1550.0 1549.914 1549.693 1549.473 1549.252 1549.032 1548.142 1547.14 1546.137 1545.134 1543.817 1541.829 1539.84 1537.852 1535.864 1533.632 1531.333 1529.033 1526.733 1524.38 1521.861 1519.343 1516.825 1514.307 1512.215 1510.296 1508.378 1506.459 1504.793 1504.326 1503.86 1503.393 1502.926 1502.655 1502.494 1502.333 1502.172 1502.008 1501.815 1501.622 1501.43 1501.237 1501.0 1500.728 1500.455 1500.183 1499.914 1499.737 1499.56 1499.384 1499.207 1498.983
