data/zism_data/01064_02_D.txt
ncols         224
nrows         224
[rows 62 to 92 of 224, columns 138 to 206 of 224]
1048.0 1048.0 1048.0 1048.0 1048.0 1048.0 1048.0 1048.0 1048.0 1048.0 1048.0 1048.0 1048.0 1048.0 1048.0 1048.0 1048.0 1048.0 1048.0 1048.0 1047.999 1047.997 1047.995 1047.993 1047.99 1047.984 1047.977 1047.971 1047.964 1047.83 1047.619 1047.407 1047.196 1047.0 1047.0 1047.0 1047.0 1047.0 1047.0 1047.0 1047.0 1047.0 1047.0 1047.0 1047.0 1047.0 1047.0 1047.0 1047.0 1047.0 1047.0 1047.0 1047.0 1047.0 1047.0 1047.0 1046.955 1046.814 1046.673 1046.532 1046.391 1046.298 1046.219 1046.141 1046.062 1046.0 1046.0 1046.0 1046.0
1048.0 1048.0 1048.0 1048.0 1048.0 1048.0 1048.0 1048.0 1048.0 1048.0 1048.0 1048.0 1048.0 1048.0 1048.0 1048.0 1048.0 1048.0 1048.0 1048.0 1048.0 1048.0 1048.0 1048.0 1048.0 1048.0 1048.0 1048.0 1048.0 1047.871 1047.665 1047.458 1047.252 1047.06 1047.046 1047.033 1047.02 1047.006 1047.0 1047.0 1047.0 1047.0 1047.0 1047.0 1047.0 1047.0 1047.0 1047.0 1047.0 1047.0 1047.0 1047.0 1047.0 1047.0 1047.0 1047.0 1046.953 1046.807 1046.66 1046.514 1046.367 1046.277 1046.204 1046.131 1046.057 1046.0 1046.0 1046.0 1046.0
1048.0 1048.0 1048.0 1048.0 1048.0 1048.0 1048.0 1048.0 1048.0 1048.0 1048.0 1048.0 1048.0 1048.0 1048.0 1048.0 1048.0 1048.0 1048.0 1048.0 1048.0 1048.0 1048.0 1048.0 1048.0 1048.0 1048.0 1048.0 1048.0 1047.881 1047.691 1047.501 1047.31 1047.132 1047.102 1047.073 1047.043 1047.014 1047.0 1047.0 1047.0 1047.0 1047.0 1047.0 1047.0 1047.0 1047.0 1047.0 1047.0 1047.0 1047.0 1047.0 1047.0 1047.0 1047.0 1047.0 1046.953 1046.807 1046.66 1046.514 1046.367 1046.277 1046.204 1046.131 1046.057 1046.0 1046.0 1046.0 1046.0
1048.0 1048.0 1048.0 1048.0 1048.0 1048.0 1048.0 1048.0 1048.0 1048.0 1048.0 1048.0 1048.0 1048.0 1048.0 1048.0 1048.0 1048.0 1048.0 1048.0 1048.0 1048.0 1048.0 1048.0 1048.0 1048.0 1048.0 1048.0 1048.0 1047.891 1047.717 1047.543 1047.369 1047.204 1047.158 1047.113 1047.067 1047.022 1047.0 1047.0 1047.0 1047.0 1047.0 1047.0 1047.0 1047.0 1047.0 1047.0 1047.0 1047.0 1047.0 1047.0 1047.0 1047.0 1047.0 1047.0 1046.953 1046.807 1046.66 1046.514 1046.367 1046.277 1046.204 1046.131 1046.057 1046.0 1046.0 1046.0 1046.0
1048.0 1048.0 1048.0 1048.0 1048.0 1048.0 1048.0 1048.0 1048.0 1048.0 1048.0 1048.0 1048.0 1048.0 1048.0 1048.0 1048.0 1048.0 1048.0 1048.0 1048.0 1048.0 1048.0 1048.0 1048.0 1048.0 1048.0 1048.0 1048.0 1047.901 1047.743 1047.585 1047.427 1047.276 1047.214 1047.153 1047.091 1047.029 1047.0 1047.0 1047.0 1047.0 1047.0 1047.0 1047.0 1047.0 1047.0 1047.0 1047.0 1047.0 1047.0 1047.0 1047.0 1047.0 1047.0 1047.0 1046.953 1046.807 1046.66 1046.514 1046.367 1046.277 1046.204 1046.131 1046.057 1046.0 1046.0 1046.0 1046.0
1048.0 1048.0 1048.0 1048.0 1048.0 1048.0 1048.0 1048.0 1048.0 1048.0 1048.0 1048.0 1048.0 1048.0 1048.0 1048.0 1048.0 1048.0 1048.0 1048.0 1048.0 1048.0 1048.0 1048.0 1048.0 1048.0 1048.0 1048.0 1048.0 1047.914 1047.777 1047.639 1047.501 1047.368 1047.286 1047.203 1047.121 1047.039 1047.0 1047.0 1047.0 1047.0 1047.0 1047.0 1047.0 1047.0 1047.0 1047.0 1047.0 1047.0 1047.0 1047.0 1047.0 1047.0 1047.0 1047.0 1046.953 1046.807 1046.66 1046.514 1046.367 1046.277 1046.204 1046.131 1046.057 1046.0 1046.0 1046.0 1046.0
1048.0 1048.0 1048.0 1048.0 1048.0 1048.0 1048.0 1048.0 1048.0 1048.0 1048.0 1048.0 1048.0 1048.0 1048.0 1048.0 1048.0 1048.0 1048.0 1048.0 1048.0 1048.0 1048.0 1048.0 1048.0 1048.0 1048.0 1048.0 1048.0 1047.934 1047.829 1047.723 1047.618 1047.512 1047.398 1047.283 1047.169 1047.055 1047.0 1047.0 1047.0 1047.0 1047.0 1047.0 1047.0 1047.0 1047.0 1047.0 1047.0 1047.0 1047.0 1047.0 1047.0 1047.0 1047.0 1047.0 1046.953 1046.807 1046.66 1046.514 1046.367 1046.277 1046.204 1046.131 1046.057 1046.0 1046.0 1046.0 1046.0
1048.0 1048.0 1048.0 1048.0 1048.0 1048.0 1048.0 1048.0 1048.0 1048.0 1048.0 1048.0 1048.0 1048.0 1048.0 1048.0 1048.0 1048.0 1048.0 1048.0 1048.0 1048.0 1048.0 1048.0 1048.0 1048.0 1048.0 1048.0 1048.0 1047.954 1047.881 1047.808 1047.735 1047.656 1047.51 1047.363 1047.217 1047.07 1047.0 1047.0 1047.0 1047.0 1047.0 1047.0 1047.0 1047.0 1047.0 1047.0 1047.0 1047.0 1047.0 1047.0 1047.0 1047.0 1047.0 1047.0 1046.953 1046.807 1046.66 1046.514 1046.367 1046.277 1046.204 1046.131 1046.057 1046.0 1046.0 1046.0 1046.0
1048.0 1048.0 1048.0 1048.0 1048.0 1048.0 1048.0 1048.0 1048.0 1048.0 1048.0 1048.0 1048.0 1048.0 1048.0 1048.0 1048.0 1048.0 1048.0 1048.0 1048.0 1048.0 1048.0 1048.0 1048.0 1048.0 1048.0 1048.0 1048.0 1047.974 1047.933 1047.892 1047.851 1047.8 1047.622 1047.443 1047.264 1047.085 1047.0 1047.0 1047.0 1047.0 1047.0 1047.0 1047.0 1047.0 1047.0 1047.0 1047.0 1047.0 1047.0 1047.0 1047.0 1047.0 1047.0 1047.0 1046.953 1046.807 1046.66 1046.514 1046.367 1046.277 1046.204 1046.131 1046.057 1046.0 1046.0 1046.0 1046.0
1048.0 1048.0 1048.0 1048.0 1048.0 1048.0 1048.0 1048.0 1048.0 1048.0 1048.0 1048.0 1048.0 1048.0 1048.0 1048.0 1048.0 1048.0 1048.0 1048.0 1048.0 1048.0 1048.0 1048.0 1048.0 1048.0 1048.0 1048.0 1048.0 1047.995 1047.986 1047.977 1047.968 1047.944 1047.734 1047.523 1047.312 1047.101 1047.0 1047.0 1047.0 1047.0 1047.0 1047.0 1047.0 1047.0 1047.0 1047.0 1047.0 1047.0 1047.0 1047.0 1047.0 1047.0 1047.0 1047.0 1046.953 1046.807 1046.66 1046.514 1046.367 1046.277 1046.204 1046.131 1046.057 1046.0 1046.0 1046.0 1046.0
1048.0 1048.0 1048.0 1048.0 1048.0 1048.0 1048.0 1048.0 1048.0 1048.0 1048.0 1048.0 1048.0 1048.0 1048.0 1048.0 1048.0 1048.0 1048.0 1048.0 1048.0 1048.0 1048.0 1048.0 1048.0 1048.0 1048.0 1048.0 1048.0 1048.0 1048.0 1048.0 1048.0 1047.986 1047.789 1047.593 1047.396 1047.2 1047.094 1047.071 1047.047 1047.024 1047.001 1047.0 1047.0 1047.0 1047.0 1047.0 1047.0 1047.0 1047.0 1047.0 1047.0 1047.0 1047.0 1047.0 1046.953 1046.807 1046.66 1046.514 1046.367 1046.277 1046.204 1046.131 1046.057 1046.0 1046.0 1046.0 1046.0
1048.0 1048.0 1048.0 1048.0 1048.0 1048.0 1048.0 1048.0 1048.0 1048.0 1048.0 1048.0 1048.0 1048.0 1048.0 1048.0 1048.0 1048.0 1048.0 1048.0 1048.0 1048.0 1048.0 1048.0 1048.0 1048.0 1048.0 1048.0 1048.0 1048.0 1048.0 1048.0 1048.0 1047.988 1047.824 1047.66 1047.495 1047.331 1047.224 1047.168 1047.113 1047.057 1047.002 1047.0 1047.0 1047.0 1047.0 1047.0 1047.0 1047.0 1047.0 1047.0 1047.0 1047.0 1047.0 1047.0 1046.953 1046.807 1046.66 1046.514 1046.367 1046.277 1046.204 1046.131 1046.057 1046.0 1046.0 1046.0 1046.0
1048.0 1048.0 1048.0 1048.0 1048.0 1048.0 1048.0 1048.0 1048.0 1048.0 1048.0 1048.0 1048.0 1048.0 1048.0 1048.0 1048.0 1048.0 1048.0 1048.0 1048.0 1048.0 1048.0 1048.0 1048.0 1048.0 1048.0 1048.0 1048.0 1048.0 1048.0 1048.0 1048.0 1047.99 1047.858 1047.726 1047.594 1047.462 1047.353 1047.266 1047.178 1047.09 1047.003 1047.0 1047.0 1047.0 1047.0 1047.0 1047.0 1047.0 1047.0 1047.0 1047.0 1047.0 1047.0 1047.0 1046.953 1046.807 1046.66 1046.514 1046.367 1046.277 1046.204 1046.131 1046.057 1046.0 1046.0 1046.0 1046.0
1048.0 1048.0 1048.0 1048.0 1048.0 1048.0 1048.0 1048.0 1048.0 1048.0 1048.0 1048.0 1048.0 1048.0 1048.0 1048.0 1048.0 1048.0 1048.0 1048.0 1048.0 1048.0 1048.0 1048.0 1048.0 1048.0 1048.0 1048.0 1048.0 1048.0 1048.0 1048.0 1048.0 1047.993 1047.893 1047.793 1047.693 1047.593 1047.483 1047.363 1047.243 1047.123 1047.003 1047.0 1047.0 1047.0 1047.0 1047.0 1047.0 1047.0 1047.0 1047.0 1047.0 1047.0 1047.0 1047.0 1046.953 1046.807 1046.66 1046.514 1046.367 1046.277 1046.204 1046.131 1046.057 1046.0 1046.0 1046.0 1046.0
1048.028 1048.026 1048.022 1048.018 1048.015 1048.011 1048.008 1048.006 1048.004 1048.002 1048.0 1048.0 1048.0 1048.0 1048.0 1048.0 1048.0 1048.0 1048.0 1048.0 1048.0 1048.0 1048.0 1048.0 1048.0 1048.0 1048.0 1048.0 1048.0 1048.0 1048.0 1048.0 1048.0 1047.995 1047.923 1047.852 1047.781 1047.709 1047.598 1047.449 1047.301 1047.153 1047.004 1047.0 1047.0 1047.0 1047.0 1047.0 1047.0 1047.0 1047.0 1047.0 1047.0 1047.0 1047.0 1047.0 1046.954 1046.812 1046.669 1046.526 1046.383 1046.291 1046.214 1046.137 1046.06 1046.0 1046.0 1046.0 1046.0
1048.192 1048.173 1048.149 1048.123 1048.098 1048.073 1048.053 1048.04 1048.027 1048.015 1048.002 1048.0 1048.0 1048.0 1048.0 1048.0 1048.0 1048.0 1048.0 1048.0 1048.0 1048.0 1048.0 1048.0 1048.0 1048.0 1048.0 1048.0 1048.0 1048.0 1048.0 1048.0 1048.0 1047.996 1047.935 1047.874 1047.814 1047.753 1047.641 1047.482 1047.323 1047.164 1047.005 1047.0 1047.0 1047.0 1047.0 1047.0 1047.0 1047.0 1047.0 1047.0 1047.0 1047.0 1047.0 1047.0 1046.961 1046.84 1046.719 1046.597 1046.476 1046.372 1046.274 1046.176 1046.077 1046.0 1046.0 1046.0 1046.0
1048.356 1048.321 1048.275 1048.229 1048.182 1048.135 1048.097 1048.074 1048.051 1048.027 1048.004 1048.0 1048.0 1048.0 1048.0 1048.0 1048.0 1048.0 1048.0 1048.0 1048.0 1048.0 1048.0 1048.0 1048.0 1048.0 1048.0 1048.0 1048.0 1048.0 1048.0 1048.0 1048.0 1047.996 1047.946 1047.896 1047.847 1047.797 1047.684 1047.514 1047.345 1047.175 1047.005 1047.0 1047.0 1047.0 1047.0 1047.0 1047.0 1047.0 1047.0 1047.0 1047.0 1047.0 1047.0 1047.0 1046.968 1046.868 1046.768 1046.669 1046.569 1046.453 1046.334 1046.214 1046.094 1046.0 1046.0 1046.0 1046.0
1048.52 1048.469 1048.402 1048.334 1048.266 1048.198 1048.142 1048.108 1048.074 1048.04 1048.006 1048.0 1048.0 1048.0 1048.0 1048.0 1048.0 1048.0 1048.0 1048.0 1048.0 1048.0 1048.0 1048.0 1048.0 1048.0 1048.0 1048.0 1048.0 1048.0 1048.0 1048.0 1048.0 1047.997 1047.958 1047.919 1047.88 1047.84 1047.727 1047.547 1047.366 1047.186 1047.005 1047.0 1047.0 1047.0 1047.0 1047.0 1047.0 1047.0 1047.0 1047.0 1047.0 1047.0 1047.0 1047.0 1046.975 1046.897 1046.818 1046.74 1046.661 1046.535 1046.393 1046.252 1046.111 1046.0 1046.0 1046.0 1046.0
1048.683 1048.616 1048.528 1048.439 1048.349 1048.26 1048.187 1048.142 1048.097 1048.053 1048.008 1048.0 1048.0 1048.0 1048.0 1048.0 1048.0 1048.0 1048.0 1048.0 1048.0 1048.0 1048.0 1048.0 1048.0 1048.0 1048.0 1048.0 1048.0 1048.0 1048.0 1048.0 1048.0 1047.998 1047.969 1047.941 1047.913 1047.884 1047.771 1047.579 1047.388 1047.197 1047.005 1047.0 1047.0 1047.0 1047.0 1047.0 1047.0 1047.0 1047.0 1047.0 1047.0 1047.0 1047.0 1047.0 1046.982 1046.925 1046.868 1046.811 1046.754 1046.616 1046.453 1046.29 1046.127 1046.0 1046.0 1046.0 1046.0
1048.78 1048.717 1048.634 1048.55 1048.466 1048.381 1048.305 1048.243 1048.181 1048.119 1048.057 1048.037 1048.027 1048.017 1048.007 1048.0 1048.0 1048.0 1048.0 1048.0 1048.0 1048.0 1048.0 1048.0 1048.0 1048.0 1048.0 1048.0 1048.0 1048.0 1048.0 1048.0 1048.0 1047.998 1047.977 1047.956 1047.935 1047.914 1047.8 1047.602 1047.403 1047.204 1047.006 1047.0 1047.0 1047.0 1047.0 1047.0 1047.0 1047.0 1047.0 1047.0 1047.0 1047.0 1047.0 1047.0 1046.987 1046.944 1046.902 1046.86 1046.818 1046.69 1046.536 1046.381 1046.227 1046.104 1046.09 1046.077 1046.063
1048.836 1048.789 1048.727 1048.664 1048.602 1048.539 1048.468 1048.385 1048.301 1048.217 1048.133 1048.097 1048.071 1048.045 1048.019 1048.0 1048.0 1048.0 1048.0 1048.0 1048.0 1048.0 1048.0 1048.0 1048.0 1048.0 1048.0 1048.0 1048.0 1048.0 1048.0 1048.0 1048.0 1047.999 1047.983 1047.967 1047.952 1047.936 1047.822 1047.618 1047.414 1047.21 1047.006 1047.0 1047.0 1047.0 1047.0 1047.0 1047.0 1047.0 1047.0 1047.0 1047.0 1047.0 1047.0 1047.0 1046.99 1046.958 1046.927 1046.896 1046.864 1046.759 1046.632 1046.504 1046.377 1046.27 1046.235 1046.2 1046.165
1048.892 1048.861 1048.82 1048.779 1048.738 1048.696 1048.631 1048.526 1048.421 1048.316 1048.21 1048.157 1048.115 1048.073 1048.031 1048.0 1048.0 1048.0 1048.0 1048.0 1048.0 1048.0 1048.0 1048.0 1048.0 1048.0 1048.0 1048.0 1048.0 1048.0 1048.0 1048.0 1048.0 1047.999 1047.989 1047.979 1047.968 1047.958 1047.844 1047.634 1047.425 1047.215 1047.006 1047.0 1047.0 1047.0 1047.0 1047.0 1047.0 1047.0 1047.0 1047.0 1047.0 1047.0 1047.0 1047.0 1046.993 1046.973 1046.952 1046.931 1046.911 1046.829 1046.728 1046.628 1046.527 1046.436 1046.38 1046.323 1046.267
1048.948 1048.933 1048.914 1048.894 1048.874 1048.854 1048.794 1048.667 1048.541 1048.414 1048.287 1048.217 1048.159 1048.101 1048.042 1048.0 1048.0 1048.0 1048.0 1048.0 1048.0 1048.0 1048.0 1048.0 1048.0 1048.0 1048.0 1048.0 1048.0 1048.0 1048.0 1048.0 1048.0 1048.0 1047.995 1047.99 1047.985 1047.98 1047.865 1047.651 1047.436 1047.221 1047.006 1047.0 1047.0 1047.0 1047.0 1047.0 1047.0 1047.0 1047.0 1047.0 1047.0 1047.0 1047.0 1047.0 1046.997 1046.987 1046.977 1046.967 1046.957 1046.898 1046.824 1046.751 1046.677 1046.602 1046.525 1046.447 1046.369
1049.0 1049.0 1049.0 1049.0 1049.0 1049.0 1048.946 1048.802 1048.657 1048.513 1048.369 1048.284 1048.212 1048.14 1048.068 1048.015 1048.013 1048.011 1048.008 1048.006 1048.005 1048.003 1048.002 1048.001 1048.0 1048.0 1048.0 1048.0 1048.0 1048.0 1048.0 1048.0 1048.0 1048.0 1048.0 1048.0 1048.0 1048.0 1047.887 1047.671 1047.455 1047.238 1047.022 1047.013 1047.009 1047.005 1047.002 1047.0 1047.0 1047.0 1047.0 1047.0 1047.0 1047.0 1047.0 1047.0 1047.0 1047.0 1047.0 1047.0 1047.0 1046.963 1046.915 1046.867 1046.819 1046.76 1046.664 1046.568 1046.472
1049.0 1049.0 1049.0 1049.0 1049.0 1049.0 1048.958 1048.846 1048.734 1048.622 1048.51 1048.444 1048.388 1048.332 1048.276 1048.226 1048.192 1048.157 1048.123 1048.088 1048.066 1048.049 1048.031 1048.014 1048.0 1048.0 1048.0 1048.0 1048.0 1048.0 1048.0 1048.0 1048.0 1048.0 1048.0 1048.0 1048.0 1048.0 1047.912 1047.744 1047.576 1047.408 1047.241 1047.185 1047.134 1047.082 1047.03 1047.0 1047.0 1047.0 1047.0 1047.0 1047.0 1047.0 1047.0 1047.0 1047.0 1047.0 1047.0 1047.0 1047.0 1046.971 1046.934 1046.897 1046.859 1046.814 1046.739 1046.665 1046.59
1049.0 1049.0 1049.0 1049.0 1049.0 1049.0 1048.97 1048.89 1048.81 1048.731 1048.651 1048.604 1048.564 1048.524 1048.484 1048.437 1048.37 1048.304 1048.237 1048.17 1048.128 1048.094 1048.061 1048.028 1048.0 1048.0 1048.0 1048.0 1048.0 1048.0 1048.0 1048.0 1048.0 1048.0 1048.0 1048.0 1048.0 1048.0 1047.938 1047.818 1047.698 1047.578 1047.459 1047.358 1047.258 1047.158 1047.058 1047.0 1047.0 1047.0 1047.0 1047.0 1047.0 1047.0 1047.0 1047.0 1047.0 1047.0 1047.0 1047.0 1047.0 1046.98 1046.953 1046.926 1046.9 1046.867 1046.814 1046.761 1046.708
1049.0 1049.0 1049.0 1049.0 1049.0 1049.0 1048.982 1048.934 1048.887 1048.839 1048.792 1048.764 1048.74 1048.716 1048.692 1048.648 1048.549 1048.45 1048.351 1048.252 1048.189 1048.14 1048.09 1048.041 1048.0 1048.0 1048.0 1048.0 1048.0 1048.0 1048.0 1048.0 1048.0 1048.0 1048.0 1048.0 1048.0 1048.0 1047.963 1047.891 1047.82 1047.749 1047.677 1047.531 1047.383 1047.234 1047.086 1047.0 1047.0 1047.0 1047.0 1047.0 1047.0 1047.0 1047.0 1047.0 1047.0 1047.0 1047.0 1047.0 1047.0 1046.988 1046.972 1046.956 1046.94 1046.921 1046.889 1046.857 1046.826
1049.0 1049.0 1049.0 1049.0 1049.0 1049.0 1048.994 1048.979 1048.963 1048.948 1048.933 1048.924 1048.916 1048.908 1048.901 1048.859 1048.728 1048.597 1048.466 1048.334 1048.251 1048.185 1048.12 1048.054 1048.0 1048.0 1048.0 1048.0 1048.0 1048.0 1048.0 1048.0 1048.0 1048.0 1048.0 1048.0 1048.0 1048.0 1047.988 1047.965 1047.942 1047.919 1047.896 1047.704 1047.507 1047.311 1047.114 1047.0 1047.0 1047.0 1047.0 1047.0 1047.0 1047.0 1047.0 1047.0 1047.0 1047.0 1047.0 1047.0 1047.0 1046.996 1046.991 1046.986 1046.981 1046.974 1046.964 1046.954 1046.944
1049.0 1049.0 1049.0 1049.0 1049.0 1049.0 1049.0 1049.0 1049.0 1049.0 1049.0 1049.0 1049.0 1049.0 1049.0 1048.963 1048.827 1048.692 1048.557 1048.422 1048.323 1048.239 1048.154 1048.07 1048.0 1048.0 1048.0 1048.0 1048.0 1048.0 1048.0 1048.0 1048.0 1048.0 1048.0 1048.0 1048.0 1048.0 1048.0 1048.0 1048.0 1048.0 1048.0 1047.792 1047.578 1047.364 1047.15 1047.023 1047.018 1047.012 1047.006 1047.001 1047.0 1047.0 1047.0 1047.0 1047.0 1047.0 1047.0 1047.0 1047.0 1047.0 1047.0 1047.0 1047.0 1047.0 1047.0 1047.0 1047.0
1049.0 1049.0 1049.0 1049.0 1049.0 1049.0 1049.0 1049.0 1049.0 1049.0 1049.0 1049.0 1049.0 1049.0 1049.0 1048.969 1048.855 1048.741 1048.627 1048.513 1048.405 1048.299 1048.193 1048.088 1048.0 1048.0 1048.0 1048.0 1048.0 1048.0 1048.0 1048.0 1048.0 1048.0 1048.0 1048.0 1048.0 1048.0 1048.0 1048.0 1048.0 1048.0 1048.0 1047.802 1047.599 1047.396 1047.192 1047.068 1047.051 1047.035 1047.018 1047.002 1047.0 1047.0 1047.0 1047.0 1047.0 1047.0 1047.0 1047.0 1047.0 1047.0 1047.0 1047.0 1047.0 1047.0 1047.0 1047.0 1047.0
1049.0 1049.0 1049.0 1049.0 1049.0 1049.0 1049.0 1049.0 1049.0 1049.0 1049.0 1049.0 1049.0 1049.0 1049.0 1048.975 1048.882 1048.79 1048.697 1048.605 1048.487 1048.36 1048.233 1048.105 1048.0 1048.0 1048.0 1048.0 1048.0 1048.0 1048.0 1048.0 1048.0 1048.0 1048.0 1048.0 1048.0 1048.0 1048.0 1048.0 1048.0 1048.0 1048.0 1047.813 1047.62 1047.428 1047.235 1047.112 1047.085 1047.058 1047.031 1047.004 1047.0 1047.0 1047.0 1047.0 1047.0 1047.0 1047.0 1047.0 1047.0 1047.0 1047.0 1047.0 1047.0 1047.0 1047.0 1047.0 1047.0
