data/zism_data/01064_04_D.txt
ncols         224
nrows         224
[rows 145 to 173 of 224, columns 0 to 63 of 224]
1049.0 1049.0 1049.0 1049.066 1049.212 1049.359 1049.505 1049.652 1049.732 1049.806 1049.879 1049.952 1050.0 1050.0 1050.0 1050.0 1050.0 1050.0 1050.0 1050.0 1050.0 1050.054 1050.274 1050.494 1050.713 1050.933 1051.0 1051.0 1051.0 1051.0 1051.01 1051.078 1051.146 1051.214 1051.282 1051.4 1051.552 1051.703 1051.855 1052.0 1052.0 1052.0 1052.0 1052.0 1052.039 1052.117 1052.195 1052.274 1052.352 1052.49 1052.631 1052.773 1052.914 1053.0 1053.0 1053.0 1053.0 1053.0 1053.185 1053.404 1053.624 1053.844 1054.0 1054.0
1049.0 1049.0 1049.0 1049.066 1049.212 1049.359 1049.505 1049.652 1049.732 1049.806 1049.879 1049.952 1050.0 1050.0 1050.0 1050.0 1050.0 1050.0 1050.0 1050.0 1050.0 1050.054 1050.274 1050.494 1050.713 1050.933 1051.0 1051.0 1051.0 1051.0 1051.007 1051.053 1051.1 1051.147 1051.193 1051.315 1051.488 1051.661 1051.834 1052.0 1052.0 1052.0 1052.0 1052.0 1052.049 1052.149 1052.249 1052.349 1052.449 1052.567 1052.687 1052.807 1052.927 1053.0 1053.0 1053.0 1053.0 1053.0 1053.185 1053.404 1053.624 1053.844 1054.0 1054.0
1049.0 1049.0 1049.0 1049.066 1049.212 1049.359 1049.505 1049.652 1049.732 1049.806 1049.879 1049.952 1050.0 1050.0 1050.0 1050.0 1050.0 1050.0 1050.0 1050.0 1050.0 1050.054 1050.274 1050.494 1050.713 1050.933 1051.0 1051.0 1051.0 1051.0 1051.004 1051.029 1051.054 1051.079 1051.104 1051.23 1051.425 1051.619 1051.814 1052.0 1052.0 1052.0 1052.0 1052.0 1052.06 1052.181 1052.302 1052.424 1052.545 1052.645 1052.743 1052.842 1052.94 1053.0 1053.0 1053.0 1053.0 1053.0 1053.185 1053.404 1053.624 1053.844 1054.0 1054.0
1049.0 1049.0 1049.0 1049.066 1049.212 1049.359 1049.505 1049.652 1049.732 1049.806 1049.879 1049.952 1050.0 1050.0 1050.0 1050.0 1050.0 1050.0 1050.0 1050.0 1050.0 1050.054 1050.274 1050.494 1050.713 1050.933 1051.0 1051.0 1051.0 1051.0 1051.0 1051.004 1051.008 1051.012 1051.016 1051.145 1051.361 1051.577 1051.793 1052.0 1052.0 1052.0 1052.0 1052.0 1052.07 1052.213 1052.356 1052.499 1052.641 1052.722 1052.799 1052.876 1052.953 1053.0 1053.0 1053.0 1053.0 1053.0 1053.185 1053.404 1053.624 1053.844 1054.0 1054.0
1049.0 1049.0 1049.0 1049.066 1049.212 1049.359 1049.505 1049.652 1049.732 1049.806 1049.879 1049.952 1050.0 1050.0 1050.0 1050.0 1050.0 1050.0 1050.0 1050.0 1050.0 1050.048 1050.241 1050.434 1050.627 1050.82 1050.897 1050.924 1050.951 1050.977 1051.0 1051.0 1051.0 1051.0 1051.0 1051.131 1051.35 1051.57 1051.79 1052.0 1052.0 1052.0 1052.0 1052.0 1052.072 1052.219 1052.365 1052.512 1052.658 1052.736 1052.809 1052.882 1052.955 1053.0 1053.0 1053.0 1053.0 1053.0 1053.185 1053.404 1053.624 1053.844 1054.004 1054.017
1049.0 1049.0 1049.0 1049.066 1049.212 1049.359 1049.505 1049.652 1049.732 1049.806 1049.879 1049.952 1050.0 1050.0 1050.0 1050.0 1050.0 1050.0 1050.0 1050.0 1050.0 1050.04 1050.201 1050.362 1050.523 1050.683 1050.773 1050.832 1050.891 1050.95 1051.0 1051.0 1051.0 1051.0 1051.0 1051.131 1051.35 1051.57 1051.79 1052.0 1052.0 1052.0 1052.0 1052.0 1052.072 1052.219 1052.365 1052.512 1052.658 1052.736 1052.809 1052.882 1052.955 1053.0 1053.0 1053.0 1053.0 1053.0 1053.185 1053.404 1053.624 1053.844 1054.009 1054.038
1049.0 1049.0 1049.0 1049.066 1049.212 1049.359 1049.505 1049.652 1049.732 1049.806 1049.879 1049.952 1050.0 1050.0 1050.0 1050.0 1050.0 1050.0 1050.0 1050.0 1050.0 1050.032 1050.161 1050.289 1050.418 1050.547 1050.649 1050.74 1050.831 1050.922 1051.0 1051.0 1051.0 1051.0 1051.0 1051.131 1051.35 1051.57 1051.79 1052.0 1052.0 1052.0 1052.0 1052.0 1052.072 1052.219 1052.365 1052.512 1052.658 1052.736 1052.809 1052.882 1052.955 1053.0 1053.0 1053.0 1053.0 1053.0 1053.185 1053.404 1053.624 1053.844 1054.013 1054.059
1049.0 1049.0 1049.0 1049.066 1049.212 1049.359 1049.505 1049.652 1049.732 1049.806 1049.879 1049.952 1050.0 1050.0 1050.0 1050.0 1050.0 1050.0 1050.0 1050.0 1050.0 1050.024 1050.12 1050.217 1050.314 1050.41 1050.525 1050.648 1050.771 1050.895 1051.0 1051.0 1051.0 1051.0 1051.0 1051.131 1051.35 1051.57 1051.79 1052.0 1052.0 1052.0 1052.0 1052.0 1052.072 1052.219 1052.365 1052.512 1052.658 1052.736 1052.809 1052.882 1052.955 1053.0 1053.0 1053.0 1053.0 1053.0 1053.185 1053.404 1053.624 1053.844 1054.018 1054.079
1049.0 1049.0 1049.0 1049.062 1049.199 1049.337 1049.475 1049.612 1049.696 1049.774 1049.851 1049.929 1049.981 1049.986 1049.99 1049.995 1049.999 1050.0 1050.0 1050.0 1050.0 1050.018 1050.091 1050.165 1050.238 1050.311 1050.435 1050.582 1050.728 1050.875 1051.0 1051.0 1051.0 1051.0 1051.0 1051.131 1051.35 1051.57 1051.79 1052.0 1052.0 1052.0 1052.0 1052.0 1052.072 1052.219 1052.365 1052.512 1052.658 1052.736 1052.809 1052.882 1052.955 1053.0 1053.0 1053.0 1053.0 1053.0 1053.185 1053.404 1053.624 1053.844 1054.021 1054.094
1049.0 1049.0 1049.0 1049.047 1049.153 1049.258 1049.364 1049.469 1049.564 1049.658 1049.752 1049.845 1049.914 1049.934 1049.955 1049.975 1049.996 1050.0 1050.0 1050.0 1050.0 1050.018 1050.091 1050.165 1050.238 1050.311 1050.435 1050.582 1050.728 1050.875 1051.0 1051.0 1051.0 1051.0 1051.0 1051.131 1051.35 1051.57 1051.79 1052.0 1052.0 1052.0 1052.0 1052.0 1052.072 1052.219 1052.365 1052.512 1052.658 1052.736 1052.809 1052.882 1052.955 1053.0 1053.0 1053.0 1053.0 1053.0 1053.185 1053.404 1053.624 1053.844 1054.021 1054.094
1049.0 1049.0 1049.0 1049.033 1049.106 1049.179 1049.253 1049.326 1049.432 1049.542 1049.652 1049.762 1049.846 1049.883 1049.919 1049.956 1049.993 1050.0 1050.0 1050.0 1050.0 1050.018 1050.091 1050.165 1050.238 1050.311 1050.435 1050.582 1050.728 1050.875 1051.0 1051.0 1051.0 1051.0 1051.0 1051.131 1051.35 1051.57 1051.79 1052.0 1052.0 1052.0 1052.0 1052.0 1052.072 1052.219 1052.365 1052.512 1052.658 1052.736 1052.809 1052.882 1052.955 1053.0 1053.0 1053.0 1053.0 1053.0 1053.185 1053.404 1053.624 1053.844 1054.021 1054.094
1049.0 1049.0 1049.0 1049.018 1049.059 1049.101 1049.142 1049.183 1049.3 1049.426 1049.552 1049.678 1049.778 1049.831 1049.884 1049.937 1049.989 1050.0 1050.0 1050.0 1050.0 1050.018 1050.091 1050.165 1050.238 1050.311 1050.435 1050.582 1050.728 1050.875 1051.0 1051.0 1051.0 1051.0 1051.0 1051.131 1051.35 1051.57 1051.79 1052.0 1052.0 1052.0 1052.0 1052.0 1052.072 1052.219 1052.365 1052.512 1052.658 1052.736 1052.809 1052.882 1052.955 1053.0 1053.0 1053.0 1053.0 1053.0 1053.185 1053.404 1053.624 1053.844 1054.021 1054.094
1049.0 1049.0 1049.0 1049.004 1049.013 1049.022 1049.031 1049.039 1049.168 1049.31 1049.452 1049.594 1049.711 1049.78 1049.848 1049.917 1049.986 1050.0 1050.0 1050.0 1050.0 1050.018 1050.091 1050.165 1050.238 1050.311 1050.435 1050.582 1050.728 1050.875 1051.0 1051.0 1051.0 1051.0 1051.0 1051.131 1051.35 1051.57 1051.79 1052.0 1052.0 1052.0 1052.0 1052.0 1052.072 1052.219 1052.365 1052.512 1052.658 1052.736 1052.809 1052.882 1052.955 1053.0 1053.0 1053.0 1053.0 1053.0 1053.185 1053.404 1053.624 1053.844 1054.021 1054.094
1049.0 1049.0 1049.0 1049.0 1049.0 1049.0 1049.0 1049.0 1049.111 1049.234 1049.357 1049.48 1049.594 1049.691 1049.787 1049.884 1049.98 1050.0 1050.0 1050.0 1050.0 1050.018 1050.091 1050.165 1050.238 1050.311 1050.435 1050.582 1050.728 1050.875 1051.0 1051.0 1051.0 1051.0 1051.0 1051.131 1051.35 1051.57 1051.79 1052.0 1052.0 1052.0 1052.0 1052.0 1052.061 1052.184 1052.307 1052.43 1052.553 1052.651 1052.748 1052.845 1052.941 1053.0 1053.0 1053.0 1053.0 1053.0 1053.185 1053.404 1053.624 1053.844 1054.021 1054.094
1049.0 1049.0 1049.0 1049.0 1049.0 1049.0 1049.0 1049.0 1049.082 1049.173 1049.264 1049.355 1049.459 1049.588 1049.716 1049.845 1049.974 1050.0 1050.0 1050.0 1050.0 1050.018 1050.091 1050.165 1050.238 1050.311 1050.435 1050.582 1050.728 1050.875 1051.0 1051.0 1051.0 1051.0 1051.0 1051.131 1051.35 1051.57 1051.79 1052.0 1052.0 1052.0 1052.0 1052.0 1052.045 1052.136 1052.227 1052.318 1052.409 1052.535 1052.664 1052.793 1052.922 1053.0 1053.0 1053.0 1053.0 1053.0 1053.185 1053.404 1053.624 1053.844 1054.021 1054.094
1049.0 1049.0 1049.0 1049.0 1049.0 1049.0 1049.0 1049.0 1049.053 1049.112 1049.17 1049.229 1049.323 1049.484 1049.645 1049.806 1049.967 1050.0 1050.0 1050.0 1050.0 1050.018 1050.091 1050.165 1050.238 1050.311 1050.435 1050.582 1050.728 1050.875 1051.0 1051.0 1051.0 1051.0 1051.0 1051.131 1051.35 1051.57 1051.79 1052.0 1052.0 1052.0 1052.0 1052.0 1052.029 1052.088 1052.146 1052.205 1052.264 1052.419 1052.58 1052.741 1052.902 1053.0 1053.0 1053.0 1053.0 1053.0 1053.185 1053.404 1053.624 1053.844 1054.021 1054.094
1049.0 1049.0 1049.0 1049.0 1049.0 1049.0 1049.0 1049.0 1049.024 1049.051 1049.077 1049.104 1049.188 1049.381 1049.574 1049.768 1049.961 1050.0 1050.0 1050.0 1050.0 1050.018 1050.091 1050.165 1050.238 1050.311 1050.435 1050.582 1050.728 1050.875 1051.0 1051.0 1051.0 1051.0 1051.0 1051.131 1051.35 1051.57 1051.79 1052.0 1052.0 1052.0 1052.0 1052.0 1052.013 1052.04 1052.066 1052.093 1052.12 1052.303 1052.496 1052.689 1052.882 1053.0 1053.0 1053.0 1053.0 1053.0 1053.185 1053.404 1053.624 1053.844 1054.021 1054.094
1049.0 1049.0 1049.0 1049.0 1049.0 1049.0 1049.0 1049.0 1049.0 1049.0 1049.0 1049.0 1049.076 1049.296 1049.516 1049.736 1049.955 1050.0 1050.0 1050.0 1050.0 1050.018 1050.089 1050.16 1050.232 1050.303 1050.428 1050.576 1050.725 1050.873 1051.0 1051.0 1051.0 1051.0 1051.0 1051.127 1051.341 1051.556 1051.77 1051.975 1051.98 1051.986 1051.992 1051.997 1052.0 1052.0 1052.0 1052.0 1052.0 1052.207 1052.427 1052.646 1052.866 1053.0 1053.0 1053.0 1053.0 1053.0 1053.185 1053.404 1053.624 1053.844 1054.02 1054.091
1049.0 1049.0 1049.0 1049.0 1049.0 1049.0 1049.0 1049.0 1049.0 1049.0 1049.0 1049.0 1049.076 1049.296 1049.516 1049.736 1049.955 1050.0 1050.0 1050.0 1050.0 1050.015 1050.076 1050.136 1050.197 1050.258 1050.387 1050.546 1050.705 1050.864 1051.0 1051.0 1051.0 1051.0 1051.0 1051.108 1051.29 1051.472 1051.654 1051.83 1051.867 1051.905 1051.943 1051.981 1052.0 1052.0 1052.0 1052.0 1052.0 1052.207 1052.427 1052.646 1052.866 1053.0 1053.0 1053.0 1053.0 1053.0 1053.185 1053.404 1053.624 1053.844 1054.016 1054.07
1049.0 1049.0 1049.0 1049.0 1049.0 1049.0 1049.0 1049.0 1049.0 1049.0 1049.0 1049.0 1049.076 1049.296 1049.516 1049.736 1049.955 1050.0 1050.0 1050.0 1050.0 1050.012 1050.062 1050.112 1050.162 1050.212 1050.345 1050.515 1050.685 1050.855 1051.0 1051.0 1051.0 1051.0 1051.0 1051.089 1051.239 1051.389 1051.538 1051.685 1051.755 1051.825 1051.895 1051.964 1052.0 1052.0 1052.0 1052.0 1052.0 1052.207 1052.427 1052.646 1052.866 1053.0 1053.0 1053.0 1053.0 1053.0 1053.185 1053.404 1053.624 1053.844 1054.011 1054.049
1049.0 1049.0 1049.0 1049.0 1049.0 1049.0 1049.0 1049.0 1049.0 1049.0 1049.0 1049.0 1049.076 1049.296 1049.516 1049.736 1049.955 1050.0 1050.0 1050.0 1050.0 1050.01 1050.049 1050.088 1050.127 1050.166 1050.304 1050.484 1050.665 1050.846 1051.0 1051.0 1051.0 1051.0 1051.0 1051.07 1051.188 1051.305 1051.423 1051.54 1051.642 1051.744 1051.846 1051.948 1052.0 1052.0 1052.0 1052.0 1052.0 1052.207 1052.427 1052.646 1052.866 1053.0 1053.0 1053.0 1053.0 1053.0 1053.185 1053.404 1053.624 1053.844 1054.006 1054.029
1049.0 1049.0 1049.0 1049.0 1049.0 1049.0 1049.0 1049.0 1049.0 1049.0 1049.0 1049.0 1049.076 1049.296 1049.516 1049.736 1049.955 1050.0 1050.0 1050.0 1050.0 1050.007 1050.036 1050.064 1050.092 1050.121 1050.263 1050.454 1050.645 1050.836 1051.0 1051.0 1051.0 1051.0 1051.0 1051.051 1051.136 1051.222 1051.307 1051.394 1051.529 1051.663 1051.797 1051.932 1052.0 1052.0 1052.0 1052.0 1052.0 1052.207 1052.427 1052.646 1052.866 1053.0 1053.0 1053.0 1053.0 1053.0 1053.185 1053.404 1053.624 1053.844 1054.002 1054.008
1049.0 1049.0 1049.0 1049.0 1049.0 1049.0 1049.0 1049.0 1049.0 1049.0 1049.0 1049.0 1049.076 1049.296 1049.516 1049.736 1049.955 1050.0 1050.0 1050.0 1050.0 1050.005 1050.026 1050.047 1050.068 1050.089 1050.227 1050.416 1050.604 1050.793 1050.956 1050.966 1050.976 1050.986 1050.996 1051.044 1051.117 1051.19 1051.263 1051.34 1051.486 1051.633 1051.779 1051.926 1052.0 1052.0 1052.0 1052.0 1052.0 1052.207 1052.427 1052.646 1052.866 1053.0 1053.0 1053.0 1053.0 1053.0 1053.182 1053.398 1053.615 1053.831 1053.986 1053.989
1049.0 1049.0 1049.0 1049.0 1049.0 1049.0 1049.0 1049.0 1049.0 1049.0 1049.0 1049.0 1049.076 1049.296 1049.516 1049.736 1049.955 1050.0 1050.0 1050.0 1050.0 1050.004 1050.02 1050.035 1050.051 1050.067 1050.195 1050.373 1050.551 1050.729 1050.885 1050.911 1050.937 1050.963 1050.989 1051.044 1051.117 1051.19 1051.263 1051.34 1051.486 1051.633 1051.779 1051.926 1052.0 1052.0 1052.0 1052.0 1052.0 1052.207 1052.427 1052.646 1052.866 1053.0 1053.0 1053.0 1053.0 1053.0 1053.177 1053.388 1053.599 1053.811 1053.963 1053.972
1049.0 1049.0 1049.0 1049.0 1049.0 1049.0 1049.0 1049.0 1049.0 1049.0 1049.0 1049.0 1049.076 1049.296 1049.516 1049.736 1049.955 1050.0 1050.0 1050.0 1050.0 1050.003 1050.013 1050.023 1050.034 1050.044 1050.163 1050.331 1050.498 1050.665 1050.814 1050.856 1050.898 1050.941 1050.983 1051.044 1051.117 1051.19 1051.263 1051.34 1051.486 1051.633 1051.779 1051.926 1052.0 1052.0 1052.0 1052.0 1052.0 1052.207 1052.427 1052.646 1052.866 1053.0 1053.0 1053.0 1053.0 1053.0 1053.173 1053.379 1053.584 1053.79 1053.94 1053.954
1049.0 1049.0 1049.0 1049.0 1049.0 1049.0 1049.0 1049.0 1049.0 1049.0 1049.0 1049.0 1049.076 1049.296 1049.516 1049.736 1049.955 1050.0 1050.0 1050.0 1050.0 1050.001 1050.006 1050.011 1050.016 1050.021 1050.131 1050.288 1050.444 1050.601 1050.743 1050.801 1050.86 1050.918 1050.976 1051.044 1051.117 1051.19 1051.263 1051.34 1051.486 1051.633 1051.779 1051.926 1052.0 1052.0 1052.0 1052.0 1052.0 1052.207 1052.427 1052.646 1052.866 1053.0 1053.0 1053.0 1053.0 1053.0 1053.168 1053.369 1053.569 1053.769 1053.917 1053.937
1049.0 1049.0 1049.0 1049.0 1049.0 1049.0 1049.0 1049.0 1049.0 1049.0 1049.0 1049.0 1049.075 1049.292 1049.508 1049.724 1049.94 1049.987 1049.99 1049.994 1049.997 1050.0 1050.0 1050.0 1050.0 1050.0 1050.1 1050.244 1050.389 1050.533 1050.667 1050.743 1050.818 1050.894 1050.969 1051.043 1051.115 1051.187 1051.259 1051.334 1051.482 1051.63 1051.777 1051.925 1052.0 1052.0 1052.0 1052.0 1052.0 1052.207 1052.427 1052.646 1052.866 1053.0 1053.0 1053.0 1053.0 1053.0 1053.164 1053.358 1053.553 1053.747 1053.893 1053.918
1049.0 1049.0 1049.0 1049.0 1049.0 1049.0 1049.0 1049.0 1049.0 1049.0 1049.0 1049.0 1049.058 1049.226 1049.394 1049.562 1049.73 1049.806 1049.857 1049.909 1049.961 1050.0 1050.0 1050.0 1050.0 1050.0 1050.078 1050.19 1050.302 1050.414 1050.525 1050.633 1050.741 1050.849 1050.956 1051.033 1051.089 1051.145 1051.201 1051.262 1051.426 1051.589 1051.753 1051.917 1052.0 1052.0 1052.0 1052.0 1052.0 1052.207 1052.427 1052.646 1052.866 1053.0 1053.0 1053.0 1053.0 1053.0 1053.155 1053.338 1053.522 1053.706 1053.847 1053.883
1049.0 1049.0 1049.0 1049.0 1049.0 1049.0 1049.0 1049.0 1049.0 1049.0 1049.0 1049.0 1049.042 1049.161 1049.281 1049.401 1049.52 1049.624 1049.724 1049.824 1049.925 1050.0 1050.0 1050.0 1050.0 1050.0 1050.056 1050.135 1050.215 1050.295 1050.383 1050.523 1050.663 1050.803 1050.943 1051.024 1051.064 1051.104 1051.143 1051.189 1051.369 1051.549 1051.729 1051.909 1052.0 1052.0 1052.0 1052.0 1052.0 1052.207 1052.427 1052.646 1052.866 1053.0 1053.0 1053.0 1053.0 1053.0 1053.146 1053.319 1053.492 1053.665 1053.801 1053.848
