data/zism_data/01076_03_D.txt
ncols         224
nrows         224
[rows 62 to 92 of 224, columns 0 to 68 of 224]
1046.0 1046.0 1046.0 1046.0 1046.0 1046.0 1046.0 1046.0 1046.0 1046.0 1046.0 1046.0 1046.0 1046.0 1046.0 1046.0 1046.0 1046.0 1046.0 1046.0 1046.0 1046.0 1046.0 1046.0 1046.0 1046.0 1046.0 1046.0 1046.0 1046.0 1046.0 1046.0 1046.0 1046.0 1046.0 1046.0 1046.0 1046.0 1046.0 1046.0 1046.0 1046.0 1046.0 1046.0 1046.0 1046.0 1046.0 1046.0 1046.0 1046.0 1046.0 1046.0 1046.0 1046.0 1046.001 1046.002 1046.004 1046.005 1046.007 1046.018 1046.03 1046.042 1046.055 1046.12 1046.303 1046.486 1046.67 1046.853 1046.914
1046.0 1046.0 1046.0 1046.0 1046.0 1046.0 1046.0 1046.0 1046.0 1046.0 1046.0 1046.0 1046.0 1046.0 1046.0 1046.0 1046.0 1046.0 1046.0 1046.0 1046.0 1046.0 1046.0 1046.0 1046.0 1046.0 1046.0 1046.0 1046.0 1046.0 1046.0 1046.0 1046.0 1046.0 1046.0 1046.0 1046.0 1046.0 1046.0 1046.0 1046.0 1046.0 1046.0 1046.0 1046.0 1046.0 1046.0 1046.0 1046.0 1046.0 1046.0 1046.0 1046.0 1046.0 1046.003 1046.01 1046.016 1046.023 1046.03 1046.078 1046.134 1046.189 1046.245 1046.326 1046.467 1046.607 1046.747 1046.888 1046.934
1046.0 1046.0 1046.0 1046.0 1046.0 1046.0 1046.0 1046.0 1046.0 1046.0 1046.0 1046.0 1046.0 1046.0 1046.0 1046.0 1046.0 1046.0 1046.0 1046.0 1046.0 1046.0 1046.0 1046.0 1046.0 1046.0 1046.0 1046.0 1046.0 1046.0 1046.0 1046.0 1046.0 1046.0 1046.0 1046.0 1046.0 1046.0 1046.0 1046.0 1046.0 1046.0 1046.0 1046.0 1046.0 1046.0 1046.0 1046.0 1046.0 1046.0 1046.0 1046.0 1046.0 1046.0 1046.005 1046.017 1046.029 1046.042 1046.054 1046.139 1046.237 1046.336 1046.435 1046.533 1046.63 1046.728 1046.825 1046.922 1046.954
1046.0 1046.0 1046.0 1046.0 1046.0 1046.0 1046.0 1046.0 1046.0 1046.0 1046.0 1046.0 1046.0 1046.0 1046.0 1046.0 1046.0 1046.0 1046.0 1046.0 1046.0 1046.0 1046.0 1046.0 1046.0 1046.0 1046.0 1046.0 1046.0 1046.0 1046.0 1046.0 1046.0 1046.0 1046.0 1046.0 1046.0 1046.0 1046.0 1046.0 1046.0 1046.0 1046.0 1046.0 1046.0 1046.0 1046.0 1046.0 1046.0 1046.0 1046.0 1046.0 1046.0 1046.0 1046.007 1046.024 1046.042 1046.06 1046.078 1046.199 1046.341 1046.483 1046.624 1046.74 1046.794 1046.848 1046.902 1046.957 1046.974
1046.0 1046.0 1046.0 1046.0 1046.0 1046.0 1046.0 1046.0 1046.0 1046.0 1046.0 1046.0 1046.0 1046.0 1046.0 1046.0 1046.0 1046.0 1046.0 1046.0 1046.0 1046.0 1046.0 1046.0 1046.0 1046.0 1046.0 1046.0 1046.0 1046.0 1046.0 1046.0 1046.0 1046.0 1046.0 1046.0 1046.0 1046.0 1046.0 1046.0 1046.0 1046.0 1046.0 1046.0 1046.0 1046.0 1046.0 1046.0 1046.0 1046.0 1046.0 1046.0 1046.0 1046.0 1046.009 1046.032 1046.055 1046.078 1046.101 1046.26 1046.445 1046.629 1046.814 1046.946 1046.957 1046.969 1046.98 1046.991 1046.995
1046.133 1046.098 1046.062 1046.026 1046.0 1046.0 1046.0 1046.0 1046.0 1046.0 1046.0 1046.0 1046.0 1046.0 1046.0 1046.0 1046.0 1046.0 1046.0 1046.0 1046.0 1046.0 1046.0 1046.0 1046.0 1046.0 1046.0 1046.0 1046.0 1046.0 1046.0 1046.0 1046.0 1046.0 1046.0 1046.0 1046.0 1046.0 1046.0 1046.0 1046.0 1046.0 1046.0 1046.0 1046.0 1046.0 1046.0 1046.0 1046.0 1046.0 1046.0 1046.0 1046.0 1046.0 1046.021 1046.078 1046.134 1046.19 1046.246 1046.393 1046.558 1046.722 1046.886 1047.0 1047.0 1047.0 1047.0 1047.0 1047.0
1046.314 1046.229 1046.145 1046.061 1046.0 1046.0 1046.0 1046.0 1046.0 1046.0 1046.0 1046.0 1046.0 1046.0 1046.0 1046.0 1046.0 1046.0 1046.0 1046.0 1046.0 1046.0 1046.0 1046.0 1046.0 1046.0 1046.0 1046.0 1046.0 1046.0 1046.0 1046.0 1046.0 1046.0 1046.0 1046.0 1046.0 1046.0 1046.0 1046.0 1046.0 1046.0 1046.0 1046.0 1046.0 1046.0 1046.0 1046.0 1046.0 1046.0 1046.0 1046.0 1046.0 1046.0 1046.037 1046.137 1046.236 1046.336 1046.435 1046.553 1046.674 1046.795 1046.916 1047.0 1047.0 1047.0 1047.0 1047.0 1047.0
1046.494 1046.362 1046.229 1046.096 1046.0 1046.0 1046.0 1046.0 1046.0 1046.0 1046.0 1046.0 1046.0 1046.0 1046.0 1046.0 1046.0 1046.0 1046.0 1046.0 1046.0 1046.0 1046.0 1046.0 1046.0 1046.0 1046.0 1046.0 1046.0 1046.0 1046.0 1046.0 1046.0 1046.0 1046.0 1046.0 1046.0 1046.0 1046.0 1046.0 1046.0 1046.0 1046.0 1046.0 1046.0 1046.0 1046.0 1046.0 1046.0 1046.0 1046.0 1046.0 1046.0 1046.0 1046.054 1046.196 1046.339 1046.481 1046.623 1046.712 1046.79 1046.868 1046.946 1047.0 1047.0 1047.0 1047.0 1047.0 1047.0
1046.675 1046.494 1046.312 1046.131 1046.0 1046.0 1046.0 1046.0 1046.0 1046.0 1046.0 1046.0 1046.0 1046.0 1046.0 1046.0 1046.0 1046.0 1046.0 1046.0 1046.0 1046.0 1046.0 1046.0 1046.0 1046.0 1046.0 1046.0 1046.0 1046.0 1046.0 1046.0 1046.0 1046.0 1046.0 1046.0 1046.0 1046.0 1046.0 1046.0 1046.0 1046.0 1046.0 1046.0 1046.0 1046.0 1046.0 1046.0 1046.0 1046.0 1046.0 1046.0 1046.0 1046.0 1046.07 1046.255 1046.441 1046.626 1046.812 1046.871 1046.906 1046.941 1046.976 1047.0 1047.0 1047.0 1047.0 1047.0 1047.0
1046.828 1046.617 1046.406 1046.195 1046.041 1046.041 1046.041 1046.041 1046.041 1046.039 1046.036 1046.033 1046.03 1046.027 1046.025 1046.023 1046.021 1046.019 1046.02 1046.022 1046.024 1046.026 1046.028 1046.03 1046.032 1046.034 1046.036 1046.037 1046.037 1046.037 1046.037 1046.036 1046.028 1046.02 1046.012 1046.004 1046.0 1046.0 1046.0 1046.0 1046.0 1046.0 1046.0 1046.0 1046.0 1046.0 1046.0 1046.0 1046.0 1046.0 1046.007 1046.016 1046.024 1046.032 1046.117 1046.329 1046.542 1046.754 1046.966 1047.0 1047.0 1047.0 1047.0 1047.0 1047.0 1047.0 1047.0 1047.0 1047.0
1046.868 1046.705 1046.542 1046.379 1046.261 1046.261 1046.261 1046.261 1046.261 1046.247 1046.228 1046.209 1046.189 1046.172 1046.159 1046.146 1046.133 1046.12 1046.125 1046.137 1046.15 1046.163 1046.176 1046.189 1046.201 1046.214 1046.227 1046.232 1046.232 1046.232 1046.232 1046.229 1046.178 1046.127 1046.076 1046.024 1046.0 1046.0 1046.0 1046.0 1046.0 1046.0 1046.0 1046.0 1046.0 1046.0 1046.0 1046.0 1046.0 1046.0 1046.047 1046.098 1046.149 1046.2 1046.296 1046.465 1046.635 1046.804 1046.973 1047.0 1047.0 1047.0 1047.0 1047.0 1047.0 1047.0 1047.0 1047.0 1047.0
1046.907 1046.793 1046.678 1046.564 1046.481 1046.481 1046.481 1046.481 1046.481 1046.455 1046.419 1046.384 1046.349 1046.316 1046.292 1046.269 1046.245 1046.222 1046.229 1046.253 1046.276 1046.3 1046.324 1046.347 1046.371 1046.394 1046.418 1046.427 1046.427 1046.427 1046.427 1046.422 1046.328 1046.234 1046.139 1046.045 1046.0 1046.0 1046.0 1046.0 1046.0 1046.0 1046.0 1046.0 1046.0 1046.0 1046.0 1046.0 1046.0 1046.0 1046.086 1046.18 1046.275 1046.369 1046.475 1046.601 1046.727 1046.854 1046.98 1047.0 1047.0 1047.0 1047.0 1047.0 1047.0 1047.0 1047.0 1047.0 1047.0
1046.946 1046.88 1046.814 1046.748 1046.701 1046.701 1046.701 1046.701 1046.701 1046.663 1046.611 1046.56 1046.508 1046.46 1046.426 1046.391 1046.357 1046.323 1046.334 1046.369 1046.403 1046.437 1046.472 1046.506 1046.54 1046.575 1046.609 1046.623 1046.623 1046.623 1046.623 1046.615 1046.478 1046.34 1046.203 1046.066 1046.0 1046.0 1046.0 1046.0 1046.0 1046.0 1046.0 1046.0 1046.0 1046.0 1046.0 1046.0 1046.0 1046.0 1046.125 1046.263 1046.4 1046.537 1046.654 1046.737 1046.82 1046.904 1046.987 1047.0 1047.0 1047.0 1047.0 1047.0 1047.0 1047.0 1047.0 1047.0 1047.0
1046.986 1046.968 1046.951 1046.933 1046.92 1046.92 1046.92 1046.92 1046.92 1046.87 1046.803 1046.735 1046.667 1046.604 1046.559 1046.514 1046.469 1046.424 1046.439 1046.484 1046.529 1046.574 1046.619 1046.665 1046.71 1046.755 1046.8 1046.818 1046.818 1046.818 1046.818 1046.808 1046.627 1046.447 1046.267 1046.086 1046.0 1046.0 1046.0 1046.0 1046.0 1046.0 1046.0 1046.0 1046.0 1046.0 1046.0 1046.0 1046.0 1046.0 1046.165 1046.345 1046.525 1046.706 1046.833 1046.873 1046.913 1046.953 1046.994 1047.0 1047.0 1047.0 1047.0 1047.0 1047.0 1047.0 1047.0 1047.0 1047.0
1047.0 1047.0 1047.0 1047.0 1047.0 1047.0 1047.0 1047.0 1047.0 1046.953 1046.89 1046.827 1046.764 1046.705 1046.663 1046.62 1046.578 1046.536 1046.55 1046.592 1046.635 1046.677 1046.719 1046.761 1046.803 1046.845 1046.887 1046.905 1046.905 1046.905 1046.905 1046.895 1046.726 1046.558 1046.389 1046.221 1046.133 1046.119 1046.105 1046.092 1046.078 1046.071 1046.064 1046.057 1046.051 1046.056 1046.077 1046.097 1046.118 1046.138 1046.294 1046.463 1046.631 1046.799 1046.912 1046.933 1046.955 1046.976 1046.997 1047.0 1047.0 1047.0 1047.0 1047.0 1047.0 1047.0 1047.0 1047.0 1047.0
1047.0 1047.0 1047.0 1047.0 1047.0 1047.0 1047.0 1047.0 1047.0 1046.965 1046.918 1046.871 1046.824 1046.78 1046.749 1046.718 1046.686 1046.655 1046.665 1046.697 1046.728 1046.759 1046.791 1046.822 1046.853 1046.885 1046.916 1046.929 1046.929 1046.929 1046.929 1046.922 1046.796 1046.671 1046.545 1046.42 1046.341 1046.306 1046.271 1046.236 1046.2 1046.183 1046.165 1046.147 1046.13 1046.144 1046.197 1046.25 1046.302 1046.355 1046.474 1046.6 1046.725 1046.851 1046.935 1046.95 1046.966 1046.982 1046.998 1047.0 1047.0 1047.0 1047.0 1047.0 1047.0 1047.0 1047.0 1047.0 1047.0
1047.0 1047.0 1047.0 1047.0 1047.0 1047.0 1047.0 1047.0 1047.0 1046.977 1046.946 1046.915 1046.885 1046.856 1046.835 1046.814 1046.794 1046.773 1046.78 1046.801 1046.821 1046.842 1046.863 1046.883 1046.904 1046.924 1046.945 1046.953 1046.953 1046.953 1046.953 1046.948 1046.866 1046.784 1046.701 1046.619 1046.55 1046.493 1046.436 1046.38 1046.323 1046.294 1046.266 1046.237 1046.209 1046.231 1046.317 1046.402 1046.487 1046.572 1046.655 1046.737 1046.82 1046.902 1046.957 1046.968 1046.978 1046.988 1046.998 1047.0 1047.0 1047.0 1047.0 1047.0 1047.0 1047.0 1047.0 1047.0 1047.0
1047.0 1047.0 1047.0 1047.0 1047.0 1047.0 1047.0 1047.0 1047.0 1046.989 1046.974 1046.96 1046.945 1046.931 1046.921 1046.911 1046.902 1046.892 1046.895 1046.905 1046.915 1046.925 1046.934 1046.944 1046.954 1046.964 1046.974 1046.978 1046.978 1046.978 1046.978 1046.975 1046.936 1046.897 1046.857 1046.818 1046.759 1046.68 1046.602 1046.524 1046.445 1046.406 1046.366 1046.327 1046.288 1046.319 1046.437 1046.554 1046.672 1046.789 1046.835 1046.875 1046.914 1046.953 1046.98 1046.984 1046.989 1046.994 1046.999 1047.0 1047.0 1047.0 1047.0 1047.0 1047.0 1047.0 1047.0 1047.0 1047.0
1047.0 1047.0 1047.0 1047.0 1047.0 1047.0 1047.0 1047.0 1047.0 1047.0 1047.0 1047.0 1047.0 1047.0 1047.0 1047.0 1047.0 1047.0 1047.0 1047.0 1047.0 1047.0 1047.0 1047.0 1047.0 1047.0 1047.0 1047.0 1047.0 1047.0 1047.0 1047.0 1047.0 1047.0 1047.0 1047.0 1046.95 1046.854 1046.758 1046.662 1046.566 1046.517 1046.469 1046.421 1046.373 1046.411 1046.555 1046.699 1046.843 1046.987 1047.0 1047.0 1047.0 1047.0 1047.0 1047.0 1047.0 1047.0 1047.0 1047.0 1047.0 1047.0 1047.0 1047.0 1047.0 1047.0 1047.0 1047.0 1047.0
1047.0 1047.0 1047.0 1047.0 1047.0 1047.0 1047.0 1047.0 1047.0 1047.0 1047.0 1047.0 1047.0 1047.0 1047.0 1047.0 1047.0 1047.0 1047.0 1047.0 1047.0 1047.0 1047.0 1047.0 1047.0 1047.0 1047.0 1047.0 1047.0 1047.0 1047.0 1047.0 1047.0 1047.0 1047.0 1047.0 1046.961 1046.887 1046.812 1046.737 1046.663 1046.625 1046.588 1046.55 1046.513 1046.543 1046.655 1046.767 1046.878 1046.99 1047.0 1047.0 1047.0 1047.0 1047.0 1047.0 1047.0 1047.0 1047.0 1047.0 1047.0 1047.0 1047.0 1047.0 1047.0 1047.0 1047.0 1047.0 1047.0
1047.0 1047.0 1047.0 1047.0 1047.0 1047.0 1047.0 1047.0 1047.0 1047.0 1047.0 1047.0 1047.0 1047.0 1047.0 1047.0 1047.0 1047.0 1047.0 1047.0 1047.0 1047.0 1047.0 1047.0 1047.0 1047.0 1047.0 1047.0 1047.0 1047.0 1047.0 1047.0 1047.0 1047.0 1047.0 1047.0 1046.972 1046.919 1046.866 1046.813 1046.76 1046.733 1046.707 1046.68 1046.654 1046.675 1046.754 1046.834 1046.914 1046.993 1047.0 1047.0 1047.0 1047.0 1047.0 1047.0 1047.0 1047.0 1047.0 1047.0 1047.0 1047.0 1047.0 1047.0 1047.0 1047.0 1047.0 1047.0 1047.0
1047.0 1047.0 1047.0 1047.0 1047.0 1047.0 1047.0 1047.0 1047.0 1047.0 1047.0 1047.0 1047.0 1047.0 1047.0 1047.0 1047.0 1047.0 1047.0 1047.0 1047.0 1047.0 1047.0 1047.0 1047.0 1047.0 1047.0 1047.0 1047.0 1047.0 1047.0 1047.0 1047.0 1047.0 1047.0 1047.0 1046.984 1046.952 1046.921 1046.889 1046.858 1046.842 1046.826 1046.81 1046.794 1046.807 1046.854 1046.901 1046.949 1046.996 1047.0 1047.0 1047.0 1047.0 1047.0 1047.0 1047.0 1047.0 1047.0 1047.0 1047.0 1047.0 1047.0 1047.0 1047.0 1047.0 1047.0 1047.0 1047.0
1047.0 1047.0 1047.0 1047.0 1047.0 1047.0 1047.0 1047.0 1047.0 1047.0 1047.0 1047.0 1047.0 1047.0 1047.0 1047.0 1047.0 1047.0 1047.0 1047.0 1047.0 1047.0 1047.0 1047.0 1047.0 1047.0 1047.0 1047.0 1047.0 1047.0 1047.0 1047.0 1047.0 1047.0 1047.0 1047.0 1046.995 1046.985 1046.975 1046.965 1046.955 1046.95 1046.945 1046.94 1046.935 1046.939 1046.954 1046.969 1046.984 1046.999 1047.0 1047.0 1047.0 1047.0 1047.0 1047.0 1047.0 1047.0 1047.0 1047.0 1047.0 1047.0 1047.0 1047.0 1047.0 1047.0 1047.0 1047.0 1047.0
1047.0 1047.0 1047.0 1047.0 1047.0 1047.0 1047.0 1047.0 1047.0 1047.0 1047.0 1047.0 1047.0 1047.0 1047.0 1047.0 1047.0 1047.0 1047.0 1047.0 1047.0 1047.0 1047.0 1047.0 1047.0 1047.0 1047.0 1047.0 1047.0 1047.0 1047.0 1047.0 1047.0 1047.0 1047.0 1047.0 1047.0 1047.0 1047.0 1047.0 1047.0 1047.0 1047.0 1047.0 1047.0 1047.0 1047.0 1047.0 1047.0 1047.0 1047.0 1047.0 1047.0 1047.0 1047.0 1047.0 1047.0 1047.0 1047.0 1047.0 1047.0 1047.0 1047.0 1047.0 1047.0 1047.0 1047.0 1047.0 1047.0
1047.0 1047.0 1047.0 1047.0 1047.0 1047.0 1047.0 1047.0 1047.0 1047.0 1047.0 1047.0 1047.0 1047.0 1047.0 1047.0 1047.0 1047.0 1047.0 1047.0 1047.0 1047.0 1047.0 1047.0 1047.0 1047.0 1047.0 1047.0 1047.0 1047.0 1047.0 1047.0 1047.0 1047.0 1047.0 1047.0 1047.0 1047.0 1047.0 1047.0 1047.0 1047.0 1047.0 1047.0 1047.0 1047.0 1047.0 1047.0 1047.0 1047.0 1047.0 1047.0 1047.0 1047.0 1047.0 1047.0 1047.0 1047.0 1047.0 1047.0 1047.0 1047.0 1047.0 1047.0 1047.0 1047.0 1047.0 1047.0 1047.0
1047.0 1047.0 1047.0 1047.0 1047.0 1047.0 1047.0 1047.0 1047.0 1047.0 1047.0 1047.0 1047.0 1047.0 1047.0 1047.0 1047.0 1047.0 1047.0 1047.0 1047.0 1047.0 1047.0 1047.0 1047.0 1047.0 1047.0 1047.0 1047.0 1047.0 1047.0 1047.0 1047.0 1047.0 1047.0 1047.0 1047.0 1047.0 1047.0 1047.0 1047.0 1047.0 1047.0 1047.0 1047.0 1047.0 1047.0 1047.0 1047.0 1047.0 1047.0 1047.0 1047.0 1047.0 1047.0 1047.0 1047.0 1047.0 1047.0 1047.0 1047.0 1047.0 1047.0 1047.0 1047.0 1047.0 1047.0 1047.0 1047.0
1047.0 1047.0 1047.0 1047.0 1047.0 1047.0 1047.0 1047.0 1047.0 1047.0 1047.0 1047.0 1047.0 1047.0 1047.0 1047.0 1047.0 1047.0 1047.0 1047.0 1047.0 1047.0 1047.0 1047.0 1047.0 1047.0 1047.0 1047.0 1047.0 1047.0 1047.0 1047.0 1047.0 1047.0 1047.0 1047.0 1047.0 1047.0 1047.0 1047.0 1047.0 1047.0 1047.0 1047.0 1047.0 1047.0 1047.0 1047.0 1047.0 1047.0 1047.0 1047.0 1047.0 1047.0 1047.0 1047.0 1047.0 1047.0 1047.0 1047.0 1047.0 1047.0 1047.0 1047.0 1047.0 1047.0 1047.0 1047.0 1047.0
1047.0 1047.0 1047.0 1047.0 1047.0 1047.0 1047.0 1047.0 1047.0 1047.0 1047.0 1047.0 1047.0 1047.0 1047.0 1047.0 1047.0 1047.0 1047.0 1047.0 1047.0 1047.0 1047.0 1047.0 1047.0 1047.0 1047.0 1047.0 1047.0 1047.0 1047.0 1047.0 1047.0 1047.0 1047.0 1047.0 1047.0 1047.0 1047.0 1047.0 1047.0 1047.0 1047.0 1047.0 1047.0 1047.0 1047.0 1047.0 1047.0 1047.0 1047.0 1047.0 1047.0 1047.0 1047.0 1047.0 1047.0 1047.0 1047.0 1047.0 1047.0 1047.0 1047.0 1047.0 1047.0 1047.0 1047.0 1047.0 1047.0
1047.0 1047.0 1047.0 1047.0 1047.0 1047.0 1047.0 1047.0 1047.0 1047.0 1047.0 1047.0 1047.0 1047.0 1047.0 1047.0 1047.0 1047.0 1047.0 1047.0 1047.0 1047.0 1047.0 1047.0 1047.0 1047.0 1047.0 1047.0 1047.0 1047.0 1047.0 1047.0 1047.0 1047.0 1047.0 1047.0 1047.0 1047.0 1047.0 1047.0 1047.0 1047.0 1047.0 1047.0 1047.0 1047.0 1047.0 1047.0 1047.0 1047.0 1047.0 1047.0 1047.0 1047.0 1047.0 1047.0 1047.0 1047.0 1047.0 1047.0 1047.0 1047.0 1047.0 1047.0 1047.0 1047.0 1047.0 1047.0 1047.0
1047.0 1047.0 1047.0 1047.0 1047.0 1047.0 1047.0 1047.0 1047.0 1047.0 1047.0 1047.0 1047.0 1047.0 1047.0 1047.0 1047.0 1047.0 1047.0 1047.0 1047.0 1047.0 1047.0 1047.0 1047.0 1047.0 1047.0 1047.0 1047.0 1047.0 1047.0 1047.0 1047.0 1047.0 1047.0 1047.0 1047.0 1047.0 1047.0 1047.0 1047.0 1047.0 1047.0 1047.0 1047.0 1047.0 1047.0 1047.0 1047.0 1047.0 1047.0 1047.0 1047.0 1047.0 1047.0 1047.0 1047.0 1047.0 1047.0 1047.0 1047.0 1047.0 1047.0 1047.0 1047.0 1047.0 1047.0 1047.0 1047.0
1047.0 1047.0 1047.0 1047.0 1047.0 1047.0 1047.0 1047.0 1047.0 1047.0 1047.0 1047.0 1047.0 1047.0 1047.0 1047.0 1047.0 1047.0 1047.0 1047.0 1047.0 1047.0 1047.0 1047.0 1047.0 1047.0 1047.0 1047.0 1047.0 1047.0 1047.0 1047.0 1047.0 1047.0 1047.0 1047.0 1047.0 1047.0 1047.0 1047.0 1047.0 1047.0 1047.0 1047.0 1047.0 1047.0 1047.0 1047.0 1047.0 1047.0 1047.0 1047.0 1047.0 1047.0 1047.0 1047.0 1047.0 1047.0 1047.0 1047.0 1047.0 1047.0 1047.0 1047.0 1047.0 1047.0 1047.0 1047.0 1047.0
