data/zism_data/01070_02_D.txt
ncols         224
nrows         224
[rows 0 to 27 of 224, columns 64 to 127 of 224]
3598.524 3598.327 3598.13 3597.471 3596.65 3595.828 3595.007 3594.091 3592.765 3591.44 3590.115 3588.789 3587.502 3586.237 3584.972 3583.706 3582.446 3581.242 3580.038 3578.833 3577.629 3576.617 3575.772 3574.927 3574.082 3573.237 3573.085 3572.944 3572.803 3572.661 3572.261 3571.525 3570.789 3570.053 3569.317 3568.102 3566.823 3565.545 3564.267 3562.887 3561.305 3559.723 3558.142 3556.56 3554.698 3552.758 3550.819 3548.879 3546.932 3544.96 3542.988 3541.016 3539.043 3537.322 3535.718 3534.115 3532.511 3530.861 3528.904 3526.947 3524.99 3523.033 3520.952 3518.781
3598.009 3597.78 3597.551 3596.891 3596.081 3595.27 3594.459 3593.556 3592.252 3590.948 3589.644 3588.34 3587.064 3585.805 3584.545 3583.285 3582.024 3580.75 3579.475 3578.201 3576.926 3575.856 3574.963 3574.069 3573.176 3572.282 3572.077 3571.882 3571.687 3571.492 3571.033 3570.232 3569.432 3568.631 3567.831 3566.598 3565.309 3564.02 3562.731 3561.326 3559.69 3558.055 3556.419 3554.783 3552.876 3550.894 3548.911 3546.928 3544.971 3543.095 3541.22 3539.344 3537.469 3535.724 3534.039 3532.355 3530.67 3528.942 3526.92 3524.899 3522.877 3520.856 3518.766 3516.627
3597.494 3597.233 3596.971 3596.312 3595.511 3594.712 3593.912 3593.021 3591.739 3590.456 3589.174 3587.892 3586.627 3585.373 3584.118 3582.864 3581.601 3580.257 3578.913 3577.568 3576.224 3575.095 3574.153 3573.211 3572.27 3571.328 3571.069 3570.82 3570.571 3570.322 3569.805 3568.94 3568.074 3567.209 3566.344 3565.094 3563.794 3562.494 3561.195 3559.765 3558.075 3556.386 3554.696 3553.007 3551.054 3549.029 3547.003 3544.977 3543.009 3541.23 3539.452 3537.674 3535.895 3534.126 3532.36 3530.595 3528.83 3527.023 3524.937 3522.851 3520.765 3518.678 3516.58 3514.474
3596.979 3596.686 3596.392 3595.732 3594.942 3594.153 3593.364 3592.486 3591.225 3589.964 3588.704 3587.443 3586.189 3584.94 3583.691 3582.442 3581.179 3579.764 3578.35 3576.936 3575.521 3574.334 3573.344 3572.354 3571.364 3570.373 3570.06 3569.758 3569.455 3569.152 3568.576 3567.647 3566.717 3565.787 3564.857 3563.591 3562.28 3560.969 3559.659 3558.204 3556.46 3554.717 3552.974 3551.23 3549.232 3547.164 3545.095 3543.026 3541.047 3539.366 3537.684 3536.002 3534.321 3532.527 3530.681 3528.836 3526.99 3525.104 3522.953 3520.802 3518.652 3516.501 3514.395 3512.32
3596.438 3596.108 3595.779 3595.118 3594.34 3593.561 3592.783 3591.92 3590.692 3589.465 3588.238 3587.01 3585.771 3584.526 3583.281 3582.036 3580.773 3579.321 3577.869 3576.417 3574.966 3573.736 3572.697 3571.658 3570.619 3569.58 3569.183 3568.795 3568.408 3568.02 3567.371 3566.383 3565.394 3564.406 3563.417 3562.117 3560.776 3559.436 3558.095 3556.614 3554.85 3553.087 3551.324 3549.561 3547.551 3545.472 3543.393 3541.313 3539.336 3537.698 3536.06 3534.422 3532.784 3530.953 3529.03 3527.108 3525.186 3523.227 3521.02 3518.814 3516.607 3514.401 3512.315 3510.318
3595.825 3595.452 3595.08 3594.416 3593.648 3592.88 3592.113 3591.271 3590.108 3588.945 3587.782 3586.619 3585.404 3584.159 3582.914 3581.668 3580.409 3579.006 3577.603 3576.2 3574.796 3573.563 3572.475 3571.388 3570.301 3569.214 3568.651 3568.097 3567.542 3566.988 3566.226 3565.194 3564.162 3563.131 3562.099 3560.723 3559.302 3557.88 3556.459 3554.947 3553.254 3551.561 3549.867 3548.174 3546.238 3544.234 3542.23 3540.227 3538.285 3536.55 3534.815 3533.08 3531.345 3529.439 3527.452 3525.465 3523.479 3521.459 3519.22 3516.981 3514.743 3512.504 3510.517 3508.713
3595.212 3594.796 3594.381 3593.713 3592.956 3592.199 3591.443 3590.621 3589.523 3588.425 3587.327 3586.229 3585.037 3583.792 3582.546 3581.301 3580.046 3578.691 3577.337 3575.982 3574.627 3573.39 3572.254 3571.118 3569.983 3568.847 3568.12 3567.398 3566.677 3565.955 3565.08 3564.006 3562.931 3561.856 3560.781 3559.329 3557.827 3556.325 3554.823 3553.28 3551.657 3550.034 3548.411 3546.788 3544.926 3542.997 3541.069 3539.14 3537.234 3535.402 3533.57 3531.739 3529.907 3527.925 3525.874 3523.823 3521.771 3519.691 3517.42 3515.149 3512.878 3510.607 3508.719 3507.109
3594.599 3594.14 3593.682 3593.011 3592.265 3591.519 3590.773 3589.972 3588.939 3587.905 3586.871 3585.838 3584.669 3583.424 3582.179 3580.934 3579.683 3578.377 3577.07 3575.764 3574.458 3573.217 3572.033 3570.849 3569.665 3568.48 3567.588 3566.699 3565.811 3564.923 3563.935 3562.817 3561.699 3560.582 3559.464 3557.935 3556.352 3554.769 3553.186 3551.613 3550.06 3548.507 3546.954 3545.401 3543.613 3541.76 3539.906 3538.053 3536.183 3534.254 3532.325 3530.397 3528.468 3526.412 3524.296 3522.18 3520.064 3517.923 3515.62 3513.317 3511.013 3508.71 3506.921 3505.505
3593.986 3593.484 3592.983 3592.309 3591.573 3590.838 3590.103 3589.323 3588.354 3587.385 3586.416 3585.447 3584.302 3583.057 3581.812 3580.566 3579.32 3578.062 3576.804 3575.546 3574.288 3573.044 3571.811 3570.579 3569.346 3568.114 3567.056 3566.001 3564.946 3563.89 3562.789 3561.628 3560.468 3559.307 3558.146 3556.541 3554.877 3553.214 3551.55 3549.947 3548.463 3546.98 3545.497 3544.014 3542.3 3540.522 3538.745 3536.967 3535.132 3533.106 3531.08 3529.055 3527.029 3524.898 3522.718 3520.537 3518.356 3516.156 3513.82 3511.484 3509.149 3506.813 3505.123 3503.9
3593.826 3593.337 3592.849 3592.206 3591.509 3590.813 3590.116 3589.371 3588.419 3587.467 3586.514 3585.562 3584.433 3583.204 3581.975 3580.746 3579.514 3578.265 3577.016 3575.767 3574.517 3573.283 3572.062 3570.841 3569.619 3568.398 3567.246 3566.096 3564.946 3563.795 3562.608 3561.372 3560.136 3558.901 3557.665 3556.018 3554.318 3552.617 3550.917 3549.306 3547.877 3546.448 3545.019 3543.59 3541.903 3540.145 3538.387 3536.629 3534.798 3532.723 3530.648 3528.573 3526.499 3524.316 3522.083 3519.849 3517.616 3515.376 3513.092 3510.808 3508.523 3506.239 3504.606 3503.446
3593.827 3593.37 3592.914 3592.315 3591.667 3591.019 3590.371 3589.665 3588.713 3587.76 3586.808 3585.856 3584.741 3583.533 3582.325 3581.118 3579.906 3578.651 3577.397 3576.142 3574.887 3573.668 3572.479 3571.29 3570.101 3568.912 3567.692 3566.471 3565.251 3564.031 3562.766 3561.444 3560.123 3558.801 3557.479 3555.803 3554.081 3552.359 3550.637 3549.029 3547.648 3546.267 3544.886 3543.506 3541.83 3540.072 3538.314 3536.556 3534.717 3532.61 3530.502 3528.396 3526.288 3524.063 3521.781 3519.499 3517.218 3514.946 3512.742 3510.539 3508.335 3506.131 3504.542 3503.398
3593.827 3593.403 3592.979 3592.425 3591.825 3591.225 3590.625 3589.959 3589.007 3588.054 3587.102 3586.15 3585.049 3583.862 3582.676 3581.49 3580.297 3579.037 3577.777 3576.517 3575.257 3574.052 3572.896 3571.739 3570.582 3569.426 3568.137 3566.847 3565.556 3564.266 3562.925 3561.517 3560.109 3558.701 3557.293 3555.588 3553.844 3552.101 3550.357 3548.751 3547.418 3546.086 3544.754 3543.422 3541.756 3539.998 3538.24 3536.482 3534.636 3532.496 3530.357 3528.218 3526.078 3523.809 3521.479 3519.149 3516.819 3514.516 3512.393 3510.27 3508.147 3506.024 3504.478 3503.35
3593.828 3593.436 3593.044 3592.534 3591.982 3591.431 3590.88 3590.253 3589.301 3588.348 3587.396 3586.444 3585.356 3584.192 3583.027 3581.862 3580.689 3579.423 3578.158 3576.892 3575.627 3574.437 3573.313 3572.188 3571.064 3569.939 3568.583 3567.222 3565.862 3564.502 3563.083 3561.589 3560.095 3558.601 3557.107 3555.373 3553.608 3551.843 3550.078 3548.473 3547.189 3545.905 3544.622 3543.338 3541.683 3539.925 3538.167 3536.409 3534.555 3532.383 3530.211 3528.04 3525.868 3523.556 3521.177 3518.799 3516.42 3514.085 3512.043 3510.001 3507.959 3505.917 3504.414 3503.302
3593.938 3593.587 3593.236 3592.771 3592.266 3591.76 3591.255 3590.667 3589.722 3588.776 3587.83 3586.885 3585.812 3584.666 3583.521 3582.375 3581.219 3579.947 3578.676 3577.404 3576.132 3574.942 3573.824 3572.705 3571.587 3570.469 3569.061 3567.65 3566.238 3564.826 3563.347 3561.781 3560.215 3558.649 3557.083 3555.313 3553.517 3551.72 3549.924 3548.308 3547.053 3545.798 3544.543 3543.288 3541.637 3539.877 3538.117 3536.357 3534.496 3532.301 3530.105 3527.91 3525.715 3523.384 3520.99 3518.596 3516.201 3513.863 3511.899 3509.934 3507.969 3506.004 3504.538 3503.433
3594.478 3594.202 3593.927 3593.509 3593.042 3592.574 3592.107 3591.555 3590.642 3589.729 3588.815 3587.902 3586.847 3585.713 3584.578 3583.444 3582.296 3581.013 3579.731 3578.448 3577.166 3575.919 3574.704 3573.489 3572.273 3571.058 3569.67 3568.28 3566.89 3565.5 3564.026 3562.444 3560.862 3559.28 3557.698 3555.864 3553.998 3552.131 3550.264 3548.586 3547.282 3545.979 3544.675 3543.372 3541.702 3539.931 3538.16 3536.39 3534.523 3532.338 3530.154 3527.969 3525.785 3523.535 3521.253 3518.972 3516.691 3514.459 3512.56 3510.659 3508.759 3506.859 3505.401 3504.263
3595.018 3594.817 3594.617 3594.247 3593.817 3593.388 3592.958 3592.443 3591.562 3590.681 3589.8 3588.919 3587.883 3586.759 3585.635 3584.511 3583.373 3582.08 3580.786 3579.493 3578.199 3576.896 3575.584 3574.271 3572.959 3571.647 3570.28 3568.911 3567.542 3566.174 3564.705 3563.107 3561.508 3559.91 3558.312 3556.415 3554.478 3552.542 3550.605 3548.864 3547.511 3546.16 3544.808 3543.456 3541.768 3539.986 3538.204 3536.422 3534.55 3532.376 3530.202 3528.029 3525.855 3523.685 3521.517 3519.349 3517.181 3515.056 3513.22 3511.385 3509.549 3507.714 3506.264 3505.094
3595.558 3595.433 3595.308 3594.985 3594.593 3594.201 3593.809 3593.331 3592.482 3591.634 3590.785 3589.936 3588.918 3587.805 3586.692 3585.579 3584.45 3583.146 3581.842 3580.537 3579.233 3577.873 3576.464 3575.055 3573.646 3572.237 3570.889 3569.542 3568.194 3566.847 3565.384 3563.769 3562.155 3560.541 3558.926 3556.965 3554.959 3552.952 3550.946 3549.141 3547.741 3546.341 3544.94 3543.54 3541.833 3540.04 3538.248 3536.455 3534.577 3532.414 3530.251 3528.088 3525.925 3523.836 3521.781 3519.725 3517.67 3515.652 3513.881 3512.11 3510.339 3508.569 3507.127 3505.925
3596.098 3596.048 3595.999 3595.724 3595.369 3595.015 3594.66 3594.219 3593.403 3592.586 3591.77 3590.953 3589.954 3588.852 3587.75 3586.647 3585.527 3584.212 3582.897 3581.582 3580.267 3578.85 3577.344 3575.838 3574.332 3572.826 3571.498 3570.172 3568.846 3567.521 3566.063 3564.432 3562.802 3561.171 3559.54 3557.516 3555.439 3553.363 3551.286 3549.419 3547.97 3546.521 3545.073 3543.624 3541.898 3540.094 3538.291 3536.488 3534.604 3532.452 3530.299 3528.147 3525.995 3523.986 3522.044 3520.102 3518.16 3516.249 3514.542 3512.836 3511.13 3509.423 3507.99 3506.756
3596.605 3596.616 3596.628 3596.407 3596.105 3595.802 3595.5 3595.109 3594.335 3593.562 3592.789 3592.015 3591.034 3589.936 3588.837 3587.738 3586.622 3585.325 3584.028 3582.731 3581.434 3580.014 3578.486 3576.959 3575.431 3573.904 3572.487 3571.072 3569.656 3568.241 3566.694 3564.976 3563.257 3561.539 3559.82 3557.752 3555.638 3553.523 3551.409 3549.519 3548.075 3546.632 3545.189 3543.745 3542.04 3540.262 3538.483 3536.705 3534.857 3532.777 3530.696 3528.616 3526.536 3524.597 3522.725 3520.853 3518.981 3517.141 3515.521 3513.901 3512.281 3510.661 3509.277 3508.064
3597.095 3597.161 3597.226 3597.063 3596.82 3596.577 3596.334 3596.0 3595.275 3594.55 3593.825 3593.1 3592.136 3591.038 3589.939 3588.84 3587.727 3586.463 3585.198 3583.933 3582.668 3581.271 3579.76 3578.249 3576.738 3575.226 3573.667 3572.106 3570.545 3568.985 3567.302 3565.459 3563.617 3561.775 3559.932 3557.831 3555.695 3553.559 3551.424 3549.53 3548.118 3546.707 3545.296 3543.885 3542.22 3540.485 3538.75 3537.015 3535.224 3533.246 3531.268 3529.289 3527.311 3525.438 3523.615 3521.791 3519.967 3518.183 3516.659 3515.136 3513.613 3512.09 3510.774 3509.61
3597.586 3597.705 3597.824 3597.719 3597.535 3597.351 3597.167 3596.891 3596.214 3595.538 3594.861 3594.184 3593.239 3592.14 3591.041 3589.943 3588.832 3587.6 3586.367 3585.135 3583.903 3582.529 3581.034 3579.539 3578.044 3576.549 3574.846 3573.14 3571.434 3569.728 3567.909 3565.943 3563.977 3562.011 3560.044 3557.91 3555.752 3553.595 3551.438 3549.54 3548.162 3546.783 3545.404 3544.025 3542.401 3540.709 3539.017 3537.325 3535.59 3533.715 3531.839 3529.963 3528.087 3526.28 3524.504 3522.729 3520.954 3519.224 3517.798 3516.371 3514.945 3513.519 3512.272 3511.156
3598.077 3598.25 3598.422 3598.375 3598.25 3598.126 3598.001 3597.781 3597.153 3596.525 3595.897 3595.269 3594.341 3593.242 3592.144 3591.045 3589.937 3588.737 3587.537 3586.337 3585.137 3583.787 3582.308 3580.829 3579.35 3577.871 3576.025 3574.174 3572.323 3570.471 3568.517 3566.427 3564.337 3562.247 3560.157 3557.989 3555.81 3553.631 3551.452 3549.551 3548.205 3546.858 3545.511 3544.165 3542.582 3540.933 3539.284 3537.635 3535.957 3534.183 3532.41 3530.636 3528.863 3527.121 3525.394 3523.667 3521.94 3520.266 3518.936 3517.606 3516.277 3514.947 3513.77 3512.702
3598.546 3598.76 3598.973 3598.976 3598.905 3598.834 3598.763 3598.597 3598.023 3597.45 3596.877 3596.303 3595.401 3594.312 3593.222 3592.132 3591.035 3589.859 3588.683 3587.506 3586.33 3584.992 3583.514 3582.035 3580.557 3579.079 3577.101 3575.115 3573.13 3571.145 3569.07 3566.878 3564.686 3562.494 3560.302 3558.113 3555.924 3553.735 3551.546 3549.645 3548.323 3547.0 3545.677 3544.355 3542.81 3541.203 3539.597 3537.99 3536.366 3534.682 3532.999 3531.316 3529.633 3527.951 3526.271 3524.59 3522.91 3521.287 3520.047 3518.807 3517.568 3516.328 3515.217 3514.198
3598.876 3599.041 3599.206 3599.208 3599.154 3599.098 3599.043 3598.909 3598.433 3597.956 3597.48 3597.003 3596.18 3595.161 3594.141 3593.122 3592.085 3590.877 3589.668 3588.46 3587.251 3585.844 3584.263 3582.682 3581.102 3579.521 3577.483 3575.439 3573.394 3571.35 3569.26 3567.111 3564.962 3562.813 3560.664 3558.537 3556.413 3554.288 3552.164 3550.296 3548.941 3547.586 3546.231 3544.876 3543.354 3541.785 3540.216 3538.647 3537.054 3535.381 3533.709 3532.036 3530.364 3528.708 3527.06 3525.412 3523.763 3522.174 3520.978 3519.781 3518.584 3517.388 3516.326 3515.361
3599.206 3599.323 3599.439 3599.441 3599.402 3599.363 3599.324 3599.221 3598.842 3598.462 3598.083 3597.703 3596.96 3596.01 3595.061 3594.111 3593.136 3591.895 3590.654 3589.414 3588.173 3586.695 3585.012 3583.329 3581.646 3579.964 3577.866 3575.762 3573.658 3571.555 3569.45 3567.344 3565.238 3563.133 3561.027 3558.962 3556.902 3554.842 3552.782 3550.947 3549.559 3548.172 3546.785 3545.397 3543.897 3542.366 3540.835 3539.304 3537.742 3536.081 3534.419 3532.757 3531.095 3529.465 3527.849 3526.233 3524.617 3523.062 3521.908 3520.754 3519.601 3518.448 3517.435 3516.524
3599.536 3599.604 3599.672 3599.673 3599.651 3599.628 3599.605 3599.533 3599.251 3598.968 3598.685 3598.403 3597.739 3596.86 3595.98 3595.1 3594.187 3592.913 3591.64 3590.367 3589.094 3587.546 3585.761 3583.976 3582.191 3580.406 3578.249 3576.086 3573.923 3571.76 3569.64 3567.577 3565.515 3563.452 3561.389 3559.386 3557.391 3555.396 3553.4 3551.597 3550.177 3548.758 3547.338 3545.919 3544.441 3542.948 3541.454 3539.961 3538.431 3536.78 3535.129 3533.478 3531.827 3530.222 3528.638 3527.054 3525.471 3523.949 3522.839 3521.728 3520.617 3519.507 3518.543 3517.687
3599.866 3599.886 3599.906 3599.906 3599.899 3599.893 3599.886 3599.846 3599.66 3599.474 3599.288 3599.102 3598.519 3597.709 3596.899 3596.09 3595.237 3593.931 3592.626 3591.321 3590.015 3588.398 3586.51 3584.623 3582.736 3580.848 3578.631 3576.409 3574.187 3571.965 3569.83 3567.811 3565.791 3563.771 3561.751 3559.811 3557.88 3555.949 3554.019 3552.248 3550.796 3549.344 3547.892 3546.44 3544.985 3543.53 3542.073 3540.618 3539.119 3537.479 3535.838 3534.198 3532.558 3530.979 3529.427 3527.876 3526.325 3524.836 3523.769 3522.702 3521.634 3520.567 3519.653 3518.849
3600.131 3600.131 3600.131 3600.115 3600.092 3600.07 3600.047 3600.004 3599.87 3599.737 3599.603 3599.469 3598.933 3598.167 3597.402 3596.637 3595.822 3594.484 3593.146 3591.808 3590.471 3588.807 3586.863 3584.918 3582.973 3581.028 3578.831 3576.629 3574.427 3572.226 3570.129 3568.169 3566.208 3564.248 3562.287 3560.384 3558.49 3556.595 3554.7 3552.929 3551.407 3549.884 3548.362 3546.839 3545.396 3543.974 3542.553 3541.131 3539.669 3538.072 3536.474 3534.877 3533.279 3531.748 3530.249 3528.749 3527.249 3525.813 3524.805 3523.796 3522.788 3521.78 3520.89 3520.086
