data/zism_data/01073_01_D.txt
ncols         224
nrows         224
[rows 116 to 144 of 224, columns 128 to 191 of 224]
1300.046 1300.032 1300.087 1300.141 1300.196 1300.272 1301.313 1302.353 1303.393 1304.433 1306.019 1308.247 1310.475 1312.703 1314.931 1317.012 1319.076 1321.14 1323.204 1324.605 1324.696 1324.786 1324.876 1324.967 1323.205 1320.902 1318.599 1316.296 1314.67 1315.564 1316.457 1317.351 1318.245 1321.039 1324.858 1328.678 1332.497 1335.974 1335.884 1335.794 1335.705 1335.615 1333.019 1328.161 1323.304 1318.446 1313.588 1310.579 1307.639 1304.699 1301.76 1300.88 1303.07 1305.261 1307.452 1309.642 1312.093 1314.593 1317.094 1319.594 1320.57 1317.575 1314.581 1311.586
1300.032 1300.016 1300.044 1300.072 1300.1 1300.143 1300.888 1301.633 1302.378 1303.123 1304.475 1306.542 1308.609 1310.676 1312.743 1314.793 1316.841 1318.889 1320.937 1322.236 1322.052 1321.869 1321.685 1321.502 1319.371 1316.671 1313.97 1311.27 1309.245 1309.736 1310.227 1310.718 1311.209 1314.173 1318.47 1322.767 1327.064 1331.012 1331.325 1331.638 1331.951 1332.264 1330.068 1325.608 1321.148 1316.687 1312.227 1309.516 1306.872 1304.227 1301.583 1300.75 1302.619 1304.487 1306.356 1308.225 1310.087 1311.948 1313.81 1315.671 1316.269 1313.575 1310.881 1308.187
1300.025 1300.011 1300.031 1300.051 1300.071 1300.103 1300.716 1301.329 1301.942 1302.555 1303.79 1305.757 1307.723 1309.69 1311.656 1313.547 1315.43 1317.312 1319.195 1320.326 1319.972 1319.617 1319.262 1318.908 1316.824 1314.236 1311.647 1309.058 1307.133 1307.679 1308.225 1308.771 1309.316 1312.209 1316.368 1320.527 1324.686 1328.511 1328.857 1329.204 1329.551 1329.897 1327.887 1323.75 1319.612 1315.474 1311.336 1308.823 1306.371 1303.919 1301.468 1300.653 1302.279 1303.904 1305.53 1307.156 1308.69 1310.207 1311.723 1313.24 1313.677 1311.302 1308.928 1306.553
1300.018 1300.008 1300.023 1300.037 1300.051 1300.076 1300.582 1301.087 1301.593 1302.099 1303.234 1305.109 1306.984 1308.859 1310.735 1312.448 1314.142 1315.837 1317.531 1318.486 1317.975 1317.465 1316.955 1316.445 1314.472 1312.071 1309.67 1307.269 1305.518 1306.188 1306.857 1307.526 1308.195 1310.982 1314.91 1318.838 1322.765 1326.378 1326.703 1327.028 1327.354 1327.679 1325.822 1321.996 1318.17 1314.343 1310.517 1308.186 1305.911 1303.636 1301.361 1300.56 1301.955 1303.35 1304.745 1306.14 1307.385 1308.6 1309.816 1311.032 1311.341 1309.289 1307.237 1305.184
1300.011 1300.005 1300.014 1300.023 1300.032 1300.05 1300.448 1300.846 1301.244 1301.642 1302.678 1304.461 1306.245 1308.029 1309.813 1311.348 1312.855 1314.362 1315.868 1316.645 1315.979 1315.313 1314.647 1313.981 1312.119 1309.906 1307.693 1305.48 1303.903 1304.696 1305.489 1306.282 1307.074 1309.754 1313.451 1317.148 1320.845 1324.245 1324.549 1324.852 1325.156 1325.46 1323.757 1320.242 1316.727 1313.212 1309.697 1307.548 1305.45 1303.353 1301.255 1300.467 1301.631 1302.796 1303.96 1305.124 1306.079 1306.994 1307.909 1308.824 1309.006 1307.276 1305.545 1303.815
1300.005 1300.002 1300.006 1300.009 1300.013 1300.023 1300.313 1300.604 1300.895 1301.186 1302.121 1303.814 1305.506 1307.199 1308.892 1310.249 1311.568 1312.886 1314.205 1314.805 1313.983 1313.162 1312.34 1311.518 1309.766 1307.741 1305.716 1303.691 1302.288 1303.204 1304.121 1305.037 1305.953 1308.526 1311.992 1315.459 1318.925 1322.112 1322.394 1322.677 1322.959 1323.241 1321.692 1318.488 1315.285 1312.081 1308.878 1306.911 1304.99 1303.07 1301.149 1300.375 1301.308 1302.241 1303.174 1304.108 1304.773 1305.388 1306.002 1306.617 1306.67 1305.262 1303.854 1302.446
1300.087 1300.064 1300.048 1300.032 1300.016 1300.004 1300.208 1300.411 1300.614 1300.817 1301.651 1303.228 1304.804 1306.38 1307.957 1309.168 1310.339 1311.509 1312.679 1313.152 1312.246 1311.34 1310.435 1309.529 1307.904 1306.068 1304.233 1302.398 1301.155 1302.118 1303.081 1304.043 1305.006 1307.435 1310.654 1313.873 1317.093 1320.052 1320.306 1320.559 1320.813 1321.067 1319.646 1316.715 1313.784 1310.852 1307.921 1306.163 1304.451 1302.738 1301.025 1300.294 1301.027 1301.76 1302.493 1303.225 1303.665 1304.049 1304.432 1304.816 1304.784 1303.667 1302.551 1301.434
1300.348 1300.256 1300.192 1300.127 1300.063 1300.003 1300.158 1300.313 1300.468 1300.622 1301.354 1302.764 1304.174 1305.584 1306.994 1308.126 1309.226 1310.327 1311.427 1311.874 1311.027 1310.18 1309.333 1308.487 1307.025 1305.383 1303.741 1302.099 1300.985 1301.841 1302.696 1303.552 1304.407 1306.617 1309.557 1312.497 1315.437 1318.138 1318.349 1318.559 1318.77 1318.98 1317.641 1314.903 1312.165 1309.427 1306.689 1305.197 1303.753 1302.309 1300.865 1300.238 1300.831 1301.425 1302.018 1302.611 1302.952 1303.244 1303.536 1303.829 1303.794 1302.909 1302.023 1301.138
1300.608 1300.449 1300.336 1300.223 1300.11 1300.002 1300.109 1300.215 1300.322 1300.428 1301.057 1302.301 1303.544 1304.788 1306.031 1307.083 1308.114 1309.145 1310.175 1310.595 1309.808 1309.02 1308.232 1307.445 1306.145 1304.697 1303.248 1301.799 1300.816 1301.564 1302.312 1303.06 1303.808 1305.798 1308.459 1311.12 1313.781 1316.224 1316.391 1316.559 1316.727 1316.894 1315.637 1313.092 1310.547 1308.002 1305.457 1304.231 1303.056 1301.88 1300.704 1300.182 1300.636 1301.089 1301.543 1301.997 1302.238 1302.439 1302.64 1302.842 1302.805 1302.151 1301.496 1300.841
1300.869 1300.641 1300.48 1300.319 1300.158 1300.001 1300.059 1300.118 1300.176 1300.234 1300.76 1301.837 1302.914 1303.991 1305.068 1306.041 1307.002 1307.963 1308.923 1309.317 1308.588 1307.86 1307.131 1306.402 1305.266 1304.011 1302.755 1301.5 1300.646 1301.286 1301.927 1302.568 1303.208 1304.98 1307.362 1309.744 1312.125 1314.309 1314.434 1314.559 1314.683 1314.808 1313.632 1311.28 1308.929 1306.577 1304.225 1303.265 1302.358 1301.451 1300.543 1300.126 1300.44 1300.754 1301.068 1301.382 1301.525 1301.635 1301.744 1301.854 1301.816 1301.392 1300.968 1300.544
1301.13 1300.833 1300.624 1300.414 1300.205 1300.0 1300.01 1300.02 1300.03 1300.039 1300.464 1301.374 1302.285 1303.195 1304.106 1304.999 1305.89 1306.781 1307.672 1308.039 1307.369 1306.699 1306.03 1305.36 1304.387 1303.325 1302.263 1301.201 1300.476 1301.009 1301.543 1302.076 1302.609 1304.162 1306.264 1308.367 1310.469 1312.395 1312.477 1312.558 1312.64 1312.722 1311.627 1309.469 1307.31 1305.152 1302.994 1302.299 1301.66 1301.021 1300.382 1300.07 1300.245 1300.419 1300.593 1300.768 1300.811 1300.83 1300.848 1300.867 1300.827 1300.634 1300.441 1300.248
1303.143 1302.414 1301.827 1301.24 1300.653 1300.078 1300.061 1300.043 1300.026 1300.009 1300.352 1301.118 1301.883 1302.649 1303.414 1304.206 1305.002 1305.797 1306.593 1306.922 1306.329 1305.735 1305.142 1304.549 1303.712 1302.805 1301.897 1300.99 1300.366 1300.796 1301.226 1301.656 1302.087 1303.436 1305.28 1307.125 1308.97 1310.659 1310.728 1310.797 1310.865 1310.934 1309.961 1308.047 1306.134 1304.22 1302.307 1301.765 1301.274 1300.784 1300.293 1300.048 1300.169 1300.289 1300.41 1300.53 1300.549 1300.549 1300.549 1300.549 1300.516 1300.396 1300.275 1300.155
1305.602 1304.349 1303.3 1302.251 1301.202 1300.175 1300.137 1300.098 1300.059 1300.021 1300.288 1300.914 1301.54 1302.166 1302.792 1303.478 1304.172 1304.865 1305.559 1305.847 1305.334 1304.821 1304.308 1303.796 1303.09 1302.327 1301.565 1300.802 1300.271 1300.599 1300.927 1301.255 1301.583 1302.733 1304.325 1305.917 1307.51 1308.968 1309.032 1309.095 1309.159 1309.222 1308.382 1306.726 1305.07 1303.414 1301.759 1301.339 1300.967 1300.595 1300.223 1300.035 1300.124 1300.212 1300.3 1300.388 1300.403 1300.403 1300.403 1300.403 1300.378 1300.29 1300.202 1300.113
1308.061 1306.284 1304.773 1303.263 1301.752 1300.273 1300.213 1300.153 1300.093 1300.032 1300.224 1300.71 1301.196 1301.683 1302.169 1302.75 1303.341 1303.933 1304.524 1304.772 1304.339 1303.907 1303.475 1303.042 1302.467 1301.849 1301.232 1300.615 1300.176 1300.402 1300.628 1300.854 1301.08 1302.03 1303.37 1304.71 1306.05 1307.278 1307.336 1307.394 1307.452 1307.51 1306.803 1305.405 1304.007 1302.608 1301.21 1300.914 1300.66 1300.406 1300.152 1300.022 1300.078 1300.135 1300.191 1300.247 1300.256 1300.256 1300.256 1300.256 1300.24 1300.184 1300.128 1300.072
1310.52 1308.219 1306.247 1304.274 1302.301 1300.37 1300.289 1300.207 1300.126 1300.044 1300.159 1300.506 1300.853 1301.2 1301.546 1302.021 1302.511 1303.0 1303.49 1303.697 1303.345 1302.993 1302.641 1302.289 1301.844 1301.372 1300.899 1300.427 1300.081 1300.205 1300.329 1300.453 1300.577 1301.327 1302.415 1303.502 1304.59 1305.587 1305.64 1305.693 1305.745 1305.798 1305.224 1304.083 1302.943 1301.802 1300.662 1300.489 1300.353 1300.217 1300.081 1300.01 1300.033 1300.057 1300.081 1300.105 1300.109 1300.109 1300.109 1300.109 1300.102 1300.078 1300.054 1300.031
1313.261 1310.427 1307.956 1305.485 1303.015 1300.595 1300.464 1300.333 1300.202 1300.071 1300.106 1300.335 1300.565 1300.794 1301.024 1301.405 1301.804 1302.202 1302.601 1302.771 1302.487 1302.203 1301.919 1301.635 1301.304 1300.96 1300.616 1300.271 1300.01 1300.056 1300.102 1300.147 1300.193 1300.761 1301.611 1302.46 1303.309 1304.088 1304.137 1304.186 1304.235 1304.283 1303.834 1302.936 1302.038 1301.14 1300.242 1300.165 1300.119 1300.073 1300.027 1300.0 1300.0 1300.0 1300.0 1300.0 1300.0 1300.0 1300.0 1300.0 1300.0 1300.0 1300.0 1300.0
1316.797 1313.407 1310.335 1307.263 1304.19 1301.18 1300.92 1300.66 1300.4 1300.14 1300.081 1300.257 1300.433 1300.608 1300.784 1301.107 1301.447 1301.786 1302.126 1302.267 1302.015 1301.764 1301.512 1301.26 1300.999 1300.735 1300.472 1300.208 1300.007 1300.043 1300.078 1300.113 1300.148 1300.583 1301.234 1301.885 1302.535 1303.133 1303.182 1303.231 1303.279 1303.328 1302.984 1302.284 1301.585 1300.885 1300.186 1300.127 1300.091 1300.056 1300.021 1300.0 1300.0 1300.0 1300.0 1300.0 1300.0 1300.0 1300.0 1300.0 1300.0 1300.0 1300.0 1300.0
1320.334 1316.387 1312.714 1309.04 1305.367 1301.765 1301.376 1300.987 1300.599 1300.21 1300.056 1300.178 1300.301 1300.423 1300.545 1300.809 1301.09 1301.37 1301.651 1301.763 1301.544 1301.324 1301.105 1300.886 1300.694 1300.511 1300.328 1300.144 1300.005 1300.03 1300.054 1300.078 1300.103 1300.405 1300.857 1301.309 1301.761 1302.178 1302.227 1302.275 1302.324 1302.373 1302.133 1301.632 1301.131 1300.63 1300.13 1300.088 1300.063 1300.039 1300.015 1300.0 1300.0 1300.0 1300.0 1300.0 1300.0 1300.0 1300.0 1300.0 1300.0 1300.0 1300.0 1300.0
1323.871 1319.367 1315.092 1310.817 1306.542 1302.35 1301.832 1301.315 1300.797 1300.28 1300.031 1300.1 1300.168 1300.237 1300.305 1300.511 1300.733 1300.954 1301.176 1301.26 1301.073 1300.885 1300.698 1300.511 1300.389 1300.286 1300.184 1300.081 1300.003 1300.017 1300.03 1300.044 1300.058 1300.227 1300.48 1300.734 1300.987 1301.223 1301.271 1301.32 1301.369 1301.417 1301.282 1300.98 1300.678 1300.376 1300.073 1300.049 1300.036 1300.022 1300.008 1300.0 1300.0 1300.0 1300.0 1300.0 1300.0 1300.0 1300.0 1300.0 1300.0 1300.0 1300.0 1300.0
1327.408 1322.347 1317.471 1312.595 1307.719 1302.935 1302.288 1301.642 1300.996 1300.349 1300.007 1300.022 1300.036 1300.051 1300.066 1300.213 1300.376 1300.538 1300.7 1300.756 1300.601 1300.446 1300.291 1300.136 1300.084 1300.062 1300.04 1300.017 1300.001 1300.004 1300.007 1300.01 1300.012 1300.049 1300.104 1300.158 1300.213 1300.267 1300.316 1300.365 1300.413 1300.462 1300.431 1300.328 1300.224 1300.121 1300.017 1300.011 1300.008 1300.005 1300.002 1300.0 1300.0 1300.0 1300.0 1300.0 1300.0 1300.0 1300.0 1300.0 1300.0 1300.0 1300.0 1300.0
1329.673 1324.146 1318.894 1313.642 1308.39 1303.237 1302.524 1301.811 1301.098 1300.385 1300.0 1300.0 1300.0 1300.0 1300.0 1300.11 1300.233 1300.356 1300.479 1300.519 1300.396 1300.273 1300.151 1300.028 1300.0 1300.0 1300.0 1300.0 1300.0 1300.0 1300.0 1300.0 1300.0 1300.0 1300.0 1300.0 1300.0 1300.004 1300.045 1300.085 1300.126 1300.167 1300.165 1300.124 1300.083 1300.042 1300.001 1300.0 1300.0 1300.0 1300.0 1300.0 1300.0 1300.0 1300.0 1300.0 1300.0 1300.0 1300.0 1300.0 1300.0 1300.0 1300.0 1300.0
1331.455 1325.495 1319.953 1314.411 1308.869 1303.432 1302.676 1301.92 1301.164 1300.408 1300.0 1300.0 1300.0 1300.0 1300.0 1300.081 1300.172 1300.262 1300.353 1300.383 1300.292 1300.202 1300.111 1300.021 1300.0 1300.0 1300.0 1300.0 1300.0 1300.0 1300.0 1300.0 1300.0 1300.0 1300.0 1300.0 1300.0 1300.003 1300.033 1300.063 1300.093 1300.123 1300.122 1300.092 1300.062 1300.031 1300.001 1300.0 1300.0 1300.0 1300.0 1300.0 1300.0 1300.0 1300.0 1300.0 1300.0 1300.0 1300.0 1300.0 1300.0 1300.0 1300.0 1300.0
1333.238 1326.844 1321.013 1315.181 1309.349 1303.627 1302.828 1302.029 1301.23 1300.432 1300.0 1300.0 1300.0 1300.0 1300.0 1300.052 1300.111 1300.169 1300.227 1300.247 1300.188 1300.13 1300.072 1300.013 1300.0 1300.0 1300.0 1300.0 1300.0 1300.0 1300.0 1300.0 1300.0 1300.0 1300.0 1300.0 1300.0 1300.002 1300.021 1300.041 1300.06 1300.08 1300.078 1300.059 1300.04 1300.02 1300.001 1300.0 1300.0 1300.0 1300.0 1300.0 1300.0 1300.0 1300.0 1300.0 1300.0 1300.0 1300.0 1300.0 1300.0 1300.0 1300.0 1300.0
1335.02 1328.194 1322.072 1315.95 1309.828 1303.822 1302.98 1302.139 1301.297 1300.455 1300.0 1300.0 1300.0 1300.0 1300.0 1300.023 1300.05 1300.076 1300.102 1300.11 1300.084 1300.058 1300.032 1300.006 1300.0 1300.0 1300.0 1300.0 1300.0 1300.0 1300.0 1300.0 1300.0 1300.0 1300.0 1300.0 1300.0 1300.001 1300.01 1300.018 1300.027 1300.036 1300.035 1300.026 1300.018 1300.009 1300.0 1300.0 1300.0 1300.0 1300.0 1300.0 1300.0 1300.0 1300.0 1300.0 1300.0 1300.0 1300.0 1300.0 1300.0 1300.0 1300.0 1300.0
1336.406 1329.259 1322.914 1316.569 1310.224 1303.999 1303.118 1302.237 1301.357 1300.476 1300.0 1300.0 1300.0 1300.0 1300.0 1300.0 1300.0 1300.0 1300.0 1300.0 1300.0 1300.0 1300.0 1300.0 1300.0 1300.0 1300.0 1300.0 1300.0 1300.0 1300.0 1300.0 1300.0 1300.0 1300.0 1300.0 1300.0 1300.0 1300.0 1300.0 1300.0 1300.0 1300.0 1300.0 1300.0 1300.0 1300.0 1300.0 1300.0 1300.0 1300.0 1300.0 1300.0 1300.0 1300.0 1300.0 1300.0 1300.0 1300.0 1300.0 1300.0 1300.0 1300.0 1300.0
1336.088 1329.101 1322.82 1316.54 1310.259 1304.096 1303.194 1302.292 1301.39 1300.487 1300.0 1300.0 1300.0 1300.0 1300.0 1300.0 1300.0 1300.0 1300.0 1300.0 1300.0 1300.0 1300.0 1300.0 1300.0 1300.0 1300.0 1300.0 1300.0 1300.0 1300.0 1300.0 1300.0 1300.0 1300.0 1300.0 1300.0 1300.0 1300.0 1300.0 1300.0 1300.0 1300.0 1300.0 1300.0 1300.0 1300.0 1300.0 1300.0 1300.0 1300.0 1300.0 1300.0 1300.0 1300.0 1300.0 1300.0 1300.0 1300.0 1300.0 1300.0 1300.0 1300.0 1300.0
1335.769 1328.942 1322.726 1316.51 1310.294 1304.194 1303.27 1302.346 1301.423 1300.499 1300.0 1300.0 1300.0 1300.0 1300.0 1300.0 1300.0 1300.0 1300.0 1300.0 1300.0 1300.0 1300.0 1300.0 1300.0 1300.0 1300.0 1300.0 1300.0 1300.0 1300.0 1300.0 1300.0 1300.0 1300.0 1300.0 1300.0 1300.0 1300.0 1300.0 1300.0 1300.0 1300.0 1300.0 1300.0 1300.0 1300.0 1300.0 1300.0 1300.0 1300.0 1300.0 1300.0 1300.0 1300.0 1300.0 1300.0 1300.0 1300.0 1300.0 1300.0 1300.0 1300.0 1300.0
1335.45 1328.784 1322.632 1316.481 1310.329 1304.292 1303.346 1302.401 1301.456 1300.511 1300.0 1300.0 1300.0 1300.0 1300.0 1300.0 1300.0 1300.0 1300.0 1300.0 1300.0 1300.0 1300.0 1300.0 1300.0 1300.0 1300.0 1300.0 1300.0 1300.0 1300.0 1300.0 1300.0 1300.0 1300.0 1300.0 1300.0 1300.0 1300.0 1300.0 1300.0 1300.0 1300.0 1300.0 1300.0 1300.0 1300.0 1300.0 1300.0 1300.0 1300.0 1300.0 1300.0 1300.0 1300.0 1300.0 1300.0 1300.0 1300.0 1300.0 1300.0 1300.0 1300.0 1300.0
1335.131 1328.626 1322.538 1316.451 1310.364 1304.389 1303.422 1302.456 1301.489 1300.522 1300.0 1300.0 1300.0 1300.0 1300.0 1300.0 1300.0 1300.0 1300.0 1300.0 1300.0 1300.0 1300.0 1300.0 1300.0 1300.0 1300.0 1300.0 1300.0 1300.0 1300.0 1300.0 1300.0 1300.0 1300.0 1300.0 1300.0 1300.0 1300.0 1300.0 1300.0 1300.0 1300.0 1300.0 1300.0 1300.0 1300.0 1300.0 1300.0 1300.0 1300.0 1300.0 1300.0 1300.0 1300.0 1300.0 1300.0 1300.0 1300.0 1300.0 1300.0 1300.0 1300.0 1300.0
