data/zism_data/01076_04_D.txt
ncols         224
nrows         224
[rows 120 to 149 of 224, columns 138 to 206 of 224]
1046.0 1046.0 1046.0 1046.0 1046.0 1046.0 1046.0 1046.0 1046.0 1046.0 1045.982 1045.922 1045.863 1045.804 1045.744 1045.607 1045.446 1045.285 1045.124 1045.0 1045.0 1045.0 1045.0 1045.0 1045.0 1045.0 1045.0 1045.0 1044.996 1044.972 1044.947 1044.923 1044.898 1044.767 1044.571 1044.375 1044.179 1044.0 1044.0 1044.0 1044.0 1044.0 1044.0 1044.0 1044.0 1044.0 1044.0 1044.0 1044.0 1044.0 1044.0 1044.0 1044.0 1044.0 1044.0 1044.0 1043.904 1043.803 1043.701 1043.6 1043.491 1043.372 1043.253 1043.134 1043.016 1043.0 1043.0 1043.0 1043.0
1046.0 1046.0 1046.0 1046.0 1046.0 1046.0 1045.995 1045.988 1045.982 1045.976 1045.95 1045.878 1045.807 1045.735 1045.664 1045.538 1045.395 1045.252 1045.11 1045.0 1045.0 1045.0 1045.0 1045.0 1045.0 1045.0 1045.0 1045.0 1044.995 1044.965 1044.935 1044.905 1044.875 1044.745 1044.554 1044.364 1044.174 1044.0 1044.0 1044.0 1044.0 1044.0 1044.0 1044.0 1044.0 1044.0 1044.0 1044.0 1044.0 1044.0 1044.0 1044.0 1044.0 1044.0 1044.0 1044.0 1043.933 1043.861 1043.79 1043.719 1043.616 1043.467 1043.318 1043.168 1043.019 1043.0 1043.0 1043.0 1043.0
1046.0 1046.0 1046.0 1046.0 1046.0 1046.0 1045.954 1045.899 1045.844 1045.79 1045.735 1045.68 1045.624 1045.569 1045.514 1045.416 1045.306 1045.195 1045.085 1045.0 1045.0 1045.0 1045.0 1045.0 1045.0 1045.0 1045.0 1045.0 1044.988 1044.915 1044.842 1044.769 1044.696 1044.576 1044.429 1044.282 1044.135 1044.0 1044.0 1044.0 1044.0 1044.0 1044.0 1044.0 1044.0 1044.0 1044.0 1044.0 1044.0 1044.0 1044.0 1044.0 1044.0 1044.0 1044.0 1044.0 1043.948 1043.893 1043.838 1043.782 1043.682 1043.517 1043.352 1043.187 1043.022 1043.0 1043.0 1043.0 1043.0
1046.0 1046.0 1046.0 1046.0 1046.0 1046.0 1045.913 1045.81 1045.707 1045.604 1045.52 1045.481 1045.442 1045.403 1045.364 1045.295 1045.216 1045.138 1045.06 1045.0 1045.0 1045.0 1045.0 1045.0 1045.0 1045.0 1045.0 1045.0 1044.981 1044.865 1044.749 1044.633 1044.517 1044.408 1044.304 1044.199 1044.095 1044.0 1044.0 1044.0 1044.0 1044.0 1044.0 1044.0 1044.0 1044.0 1044.0 1044.0 1044.0 1044.0 1044.0 1044.0 1044.0 1044.0 1044.0 1044.0 1043.963 1043.924 1043.885 1043.846 1043.749 1043.568 1043.386 1043.205 1043.024 1043.0 1043.0 1043.0 1043.0
1046.0 1046.0 1046.0 1046.0 1046.0 1046.0 1045.873 1045.721 1045.569 1045.418 1045.305 1045.282 1045.259 1045.236 1045.213 1045.173 1045.127 1045.081 1045.035 1045.0 1045.0 1045.0 1045.0 1045.0 1045.0 1045.0 1045.0 1045.0 1044.975 1044.815 1044.656 1044.497 1044.337 1044.239 1044.178 1044.117 1044.056 1044.0 1044.0 1044.0 1044.0 1044.0 1044.0 1044.0 1044.0 1044.0 1044.0 1044.0 1044.0 1044.0 1044.0 1044.0 1044.0 1044.0 1044.0 1044.0 1043.978 1043.955 1043.932 1043.91 1043.816 1043.618 1043.421 1043.223 1043.026 1043.0 1043.0 1043.0 1043.0
1046.0 1046.0 1046.0 1046.0 1046.0 1046.0 1045.832 1045.632 1045.432 1045.232 1045.09 1045.083 1045.077 1045.07 1045.063 1045.051 1045.038 1045.024 1045.01 1045.0 1045.0 1045.0 1045.0 1045.0 1045.0 1045.0 1045.0 1045.0 1044.968 1044.765 1044.563 1044.361 1044.158 1044.071 1044.053 1044.035 1044.016 1044.0 1044.0 1044.0 1044.0 1044.0 1044.0 1044.0 1044.0 1044.0 1044.0 1044.0 1044.0 1044.0 1044.0 1044.0 1044.0 1044.0 1044.0 1044.0 1043.994 1043.987 1043.98 1043.973 1043.883 1043.669 1043.455 1043.242 1043.028 1043.0 1043.0 1043.0 1043.0
1046.0 1045.992 1045.97 1045.948 1045.926 1045.904 1045.734 1045.535 1045.337 1045.138 1045.0 1045.0 1045.0 1045.0 1045.0 1045.0 1045.0 1045.0 1045.0 1045.0 1045.0 1045.0 1045.0 1045.0 1044.991 1044.979 1044.966 1044.954 1044.91 1044.702 1044.494 1044.286 1044.078 1044.0 1044.0 1044.0 1044.0 1044.0 1044.0 1044.0 1044.0 1044.0 1044.0 1044.0 1044.0 1044.0 1044.0 1044.0 1044.0 1044.0 1044.0 1044.0 1044.0 1044.0 1044.0 1044.0 1044.0 1044.0 1044.0 1044.0 1043.918 1043.716 1043.515 1043.313 1043.111 1043.069 1043.05 1043.031 1043.012
1046.0 1045.978 1045.918 1045.859 1045.799 1045.74 1045.595 1045.434 1045.273 1045.112 1045.0 1045.0 1045.0 1045.0 1045.0 1045.0 1045.0 1045.0 1045.0 1045.0 1045.0 1045.0 1045.0 1045.0 1044.976 1044.942 1044.908 1044.874 1044.816 1044.63 1044.443 1044.257 1044.07 1044.0 1044.0 1044.0 1044.0 1044.0 1044.0 1044.0 1044.0 1044.0 1044.0 1044.0 1044.0 1044.0 1044.0 1044.0 1044.0 1044.0 1044.0 1044.0 1044.0 1044.0 1044.0 1044.0 1044.0 1044.0 1044.0 1044.0 1043.931 1043.762 1043.592 1043.423 1043.254 1043.187 1043.136 1043.085 1043.034
1046.0 1045.963 1045.866 1045.769 1045.672 1045.575 1045.456 1045.332 1045.209 1045.086 1045.0 1045.0 1045.0 1045.0 1045.0 1045.0 1045.0 1045.0 1045.0 1045.0 1045.0 1045.0 1045.0 1045.0 1044.961 1044.906 1044.85 1044.795 1044.722 1044.557 1044.392 1044.227 1044.062 1044.0 1044.0 1044.0 1044.0 1044.0 1044.0 1044.0 1044.0 1044.0 1044.0 1044.0 1044.0 1044.0 1044.0 1044.0 1044.0 1044.0 1044.0 1044.0 1044.0 1044.0 1044.0 1044.0 1044.0 1044.0 1044.0 1044.0 1043.944 1043.807 1043.67 1043.533 1043.396 1043.305 1043.222 1043.139 1043.056
1046.0 1045.949 1045.814 1045.679 1045.545 1045.41 1045.316 1045.231 1045.145 1045.06 1045.0 1045.0 1045.0 1045.0 1045.0 1045.0 1045.0 1045.0 1045.0 1045.0 1045.0 1045.0 1045.0 1045.0 1044.946 1044.869 1044.792 1044.715 1044.628 1044.484 1044.341 1044.197 1044.054 1044.0 1044.0 1044.0 1044.0 1044.0 1044.0 1044.0 1044.0 1044.0 1044.0 1044.0 1044.0 1044.0 1044.0 1044.0 1044.0 1044.0 1044.0 1044.0 1044.0 1044.0 1044.0 1044.0 1044.0 1044.0 1044.0 1044.0 1043.957 1043.853 1043.748 1043.643 1043.538 1043.424 1043.308 1043.193 1043.077
1045.996 1045.931 1045.76 1045.589 1045.419 1045.248 1045.18 1045.131 1045.083 1045.034 1045.0 1045.0 1045.0 1045.0 1045.0 1045.0 1045.0 1045.0 1045.0 1045.0 1045.0 1045.0 1045.0 1045.0 1044.932 1044.835 1044.738 1044.64 1044.539 1044.416 1044.293 1044.171 1044.048 1044.001 1044.001 1044.001 1044.0 1044.0 1044.0 1044.0 1044.0 1044.0 1044.0 1044.0 1044.0 1044.0 1044.0 1044.0 1044.0 1044.0 1044.0 1044.0 1044.0 1044.0 1044.0 1044.0 1044.0 1044.0 1044.0 1044.0 1043.97 1043.897 1043.824 1043.751 1043.678 1043.541 1043.393 1043.246 1043.098
1045.848 1045.77 1045.626 1045.482 1045.339 1045.195 1045.14 1045.102 1045.064 1045.026 1045.0 1045.0 1045.0 1045.0 1045.0 1045.0 1045.0 1045.0 1045.0 1045.0 1045.0 1045.0 1045.0 1045.0 1044.947 1044.871 1044.796 1044.72 1044.635 1044.501 1044.368 1044.234 1044.101 1044.043 1044.032 1044.021 1044.01 1044.0 1044.0 1044.0 1044.0 1044.0 1044.0 1044.0 1044.0 1044.0 1044.0 1044.0 1044.0 1044.0 1044.0 1044.0 1044.0 1044.0 1044.0 1044.0 1044.0 1044.0 1044.0 1044.0 1043.977 1043.92 1043.863 1043.806 1043.749 1043.6 1043.436 1043.273 1043.109
1045.701 1045.609 1045.492 1045.375 1045.259 1045.142 1045.1 1045.073 1045.046 1045.019 1045.0 1045.0 1045.0 1045.0 1045.0 1045.0 1045.0 1045.0 1045.0 1045.0 1045.0 1045.0 1045.0 1045.0 1044.962 1044.908 1044.854 1044.799 1044.731 1044.586 1044.442 1044.298 1044.153 1044.085 1044.064 1044.042 1044.02 1044.0 1044.0 1044.0 1044.0 1044.0 1044.0 1044.0 1044.0 1044.0 1044.0 1044.0 1044.0 1044.0 1044.0 1044.0 1044.0 1044.0 1044.0 1044.0 1044.0 1044.0 1044.0 1044.0 1043.984 1043.943 1043.902 1043.861 1043.821 1043.659 1043.479 1043.3 1043.12
1045.553 1045.448 1045.359 1045.269 1045.179 1045.089 1045.061 1045.044 1045.028 1045.011 1045.0 1045.0 1045.0 1045.0 1045.0 1045.0 1045.0 1045.0 1045.0 1045.0 1045.0 1045.0 1045.0 1045.0 1044.977 1044.944 1044.912 1044.879 1044.827 1044.672 1044.517 1044.361 1044.206 1044.128 1044.095 1044.062 1044.03 1044.0 1044.0 1044.0 1044.0 1044.0 1044.0 1044.0 1044.0 1044.0 1044.0 1044.0 1044.0 1044.0 1044.0 1044.0 1044.0 1044.0 1044.0 1044.0 1044.0 1044.0 1044.0 1044.0 1043.99 1043.965 1043.941 1043.916 1043.892 1043.718 1043.522 1043.326 1043.131
1045.406 1045.288 1045.225 1045.162 1045.099 1045.036 1045.021 1045.015 1045.01 1045.004 1045.0 1045.0 1045.0 1045.0 1045.0 1045.0 1045.0 1045.0 1045.0 1045.0 1045.0 1045.0 1045.0 1045.0 1044.992 1044.981 1044.97 1044.958 1044.923 1044.757 1044.591 1044.425 1044.259 1044.17 1044.126 1044.083 1044.04 1044.0 1044.0 1044.0 1044.0 1044.0 1044.0 1044.0 1044.0 1044.0 1044.0 1044.0 1044.0 1044.0 1044.0 1044.0 1044.0 1044.0 1044.0 1044.0 1044.0 1044.0 1044.0 1044.0 1043.997 1043.988 1043.98 1043.971 1043.963 1043.777 1043.565 1043.353 1043.141
1045.339 1045.214 1045.163 1045.111 1045.06 1045.008 1045.0 1045.0 1045.0 1045.0 1045.0 1045.0 1045.0 1045.0 1045.0 1045.0 1045.0 1045.0 1045.0 1045.0 1045.0 1045.0 1045.0 1045.0 1045.0 1045.0 1045.0 1045.0 1044.976 1044.822 1044.669 1044.515 1044.362 1044.277 1044.233 1044.189 1044.145 1044.103 1044.08 1044.057 1044.034 1044.01 1044.0 1044.0 1044.0 1044.0 1044.0 1044.0 1044.0 1044.0 1044.0 1044.0 1044.0 1044.0 1044.0 1044.0 1044.0 1044.0 1044.0 1044.0 1044.0 1044.0 1044.0 1044.0 1044.0 1043.815 1043.602 1043.39 1043.177
1045.36 1045.237 1045.18 1045.123 1045.066 1045.009 1045.0 1045.0 1045.0 1045.0 1045.0 1045.0 1045.0 1045.0 1045.0 1045.0 1045.0 1045.0 1045.0 1045.0 1045.0 1045.0 1045.0 1045.0 1045.0 1045.0 1045.0 1045.0 1044.982 1044.866 1044.75 1044.634 1044.519 1044.454 1044.421 1044.388 1044.355 1044.319 1044.247 1044.175 1044.104 1044.032 1044.0 1044.0 1044.0 1044.0 1044.0 1044.0 1044.0 1044.0 1044.0 1044.0 1044.0 1044.0 1044.0 1044.0 1044.0 1044.0 1044.0 1044.0 1044.0 1044.0 1044.0 1044.0 1044.0 1043.829 1043.632 1043.436 1043.239
1045.381 1045.259 1045.197 1045.135 1045.072 1045.01 1045.0 1045.0 1045.0 1045.0 1045.0 1045.0 1045.0 1045.0 1045.0 1045.0 1045.0 1045.0 1045.0 1045.0 1045.0 1045.0 1045.0 1045.0 1045.0 1045.0 1045.0 1045.0 1044.988 1044.909 1044.831 1044.753 1044.675 1044.632 1044.61 1044.587 1044.565 1044.534 1044.414 1044.294 1044.174 1044.054 1044.0 1044.0 1044.0 1044.0 1044.0 1044.0 1044.0 1044.0 1044.0 1044.0 1044.0 1044.0 1044.0 1044.0 1044.0 1044.0 1044.0 1044.0 1044.0 1044.0 1044.0 1044.0 1044.0 1043.843 1043.663 1043.482 1043.302
1045.402 1045.282 1045.214 1045.146 1045.078 1045.011 1045.0 1045.0 1045.0 1045.0 1045.0 1045.0 1045.0 1045.0 1045.0 1045.0 1045.0 1045.0 1045.0 1045.0 1045.0 1045.0 1045.0 1045.0 1045.0 1045.0 1045.0 1045.0 1044.994 1044.953 1044.913 1044.872 1044.832 1044.81 1044.798 1044.786 1044.775 1044.75 1044.581 1044.413 1044.244 1044.076 1044.0 1044.0 1044.0 1044.0 1044.0 1044.0 1044.0 1044.0 1044.0 1044.0 1044.0 1044.0 1044.0 1044.0 1044.0 1044.0 1044.0 1044.0 1044.0 1044.0 1044.0 1044.0 1044.0 1043.857 1043.693 1043.529 1043.364
1045.423 1045.304 1045.231 1045.158 1045.085 1045.012 1045.0 1045.0 1045.0 1045.0 1045.0 1045.0 1045.0 1045.0 1045.0 1045.0 1045.0 1045.0 1045.0 1045.0 1045.0 1045.0 1045.0 1045.0 1045.0 1045.0 1045.0 1045.0 1045.0 1044.997 1044.994 1044.991 1044.989 1044.987 1044.986 1044.986 1044.985 1044.965 1044.748 1044.531 1044.314 1044.097 1044.0 1044.0 1044.0 1044.0 1044.0 1044.0 1044.0 1044.0 1044.0 1044.0 1044.0 1044.0 1044.0 1044.0 1044.0 1044.0 1044.0 1044.0 1044.0 1044.0 1044.0 1044.0 1044.0 1043.871 1043.723 1043.575 1043.427
1045.542 1045.445 1045.382 1045.318 1045.255 1045.191 1045.173 1045.163 1045.153 1045.143 1045.13 1045.11 1045.09 1045.07 1045.05 1045.038 1045.028 1045.018 1045.008 1045.0 1045.0 1045.0 1045.0 1045.0 1045.0 1045.0 1045.0 1045.0 1045.0 1045.0 1045.0 1045.0 1045.0 1045.0 1045.0 1045.0 1045.0 1044.985 1044.809 1044.634 1044.458 1044.283 1044.19 1044.165 1044.14 1044.115 1044.09 1044.07 1044.05 1044.03 1044.01 1044.0 1044.0 1044.0 1044.0 1044.0 1044.0 1044.0 1044.0 1044.0 1044.0 1044.0 1044.0 1044.0 1044.0 1043.868 1043.716 1043.564 1043.412
1045.669 1045.596 1045.543 1045.49 1045.438 1045.385 1045.359 1045.338 1045.318 1045.297 1045.27 1045.228 1045.187 1045.145 1045.104 1045.078 1045.057 1045.037 1045.016 1045.0 1045.0 1045.0 1045.0 1045.0 1045.0 1045.0 1045.0 1045.0 1045.0 1045.0 1045.0 1045.0 1045.0 1045.0 1045.0 1045.0 1045.0 1044.989 1044.862 1044.735 1044.608 1044.481 1044.395 1044.343 1044.291 1044.239 1044.188 1044.146 1044.105 1044.063 1044.022 1044.0 1044.0 1044.0 1044.0 1044.0 1044.0 1044.0 1044.0 1044.0 1044.0 1044.0 1044.0 1044.0 1044.0 1043.863 1043.706 1043.549 1043.391
1045.795 1045.746 1045.704 1045.662 1045.62 1045.578 1045.545 1045.514 1045.482 1045.451 1045.41 1045.347 1045.284 1045.221 1045.158 1045.119 1045.087 1045.056 1045.024 1045.0 1045.0 1045.0 1045.0 1045.0 1045.0 1045.0 1045.0 1045.0 1045.0 1045.0 1045.0 1045.0 1045.0 1045.0 1045.0 1045.0 1045.0 1044.993 1044.915 1044.836 1044.757 1044.679 1044.6 1044.521 1044.442 1044.364 1044.285 1044.222 1044.159 1044.096 1044.033 1044.0 1044.0 1044.0 1044.0 1044.0 1044.0 1044.0 1044.0 1044.0 1044.0 1044.0 1044.0 1044.0 1044.0 1043.859 1043.696 1043.533 1043.37
1045.921 1045.897 1045.866 1045.835 1045.803 1045.772 1045.732 1045.689 1045.647 1045.605 1045.55 1045.465 1045.38 1045.296 1045.211 1045.159 1045.117 1045.075 1045.032 1045.0 1045.0 1045.0 1045.0 1045.0 1045.0 1045.0 1045.0 1045.0 1045.0 1045.0 1045.0 1045.0 1045.0 1045.0 1045.0 1045.0 1045.0 1044.997 1044.967 1044.937 1044.907 1044.877 1044.805 1044.699 1044.593 1044.488 1044.382 1044.298 1044.213 1044.129 1044.044 1044.0 1044.0 1044.0 1044.0 1044.0 1044.0 1044.0 1044.0 1044.0 1044.0 1044.0 1044.0 1044.0 1044.0 1043.854 1043.686 1043.518 1043.35
1046.0 1045.992 1045.969 1045.947 1045.924 1045.902 1045.86 1045.815 1045.77 1045.725 1045.667 1045.577 1045.487 1045.397 1045.307 1045.252 1045.207 1045.162 1045.117 1045.083 1045.083 1045.083 1045.083 1045.083 1045.072 1045.055 1045.039 1045.023 1045.009 1045.007 1045.005 1045.003 1045.001 1045.0 1045.0 1045.0 1045.0 1045.0 1045.0 1045.0 1045.0 1045.0 1044.932 1044.81 1044.688 1044.565 1044.443 1044.345 1044.247 1044.149 1044.051 1044.0 1044.0 1044.0 1044.0 1044.0 1044.0 1044.0 1044.0 1044.0 1044.0 1044.0 1044.0 1044.0 1044.0 1043.853 1043.683 1043.514 1043.344
1046.0 1045.994 1045.976 1045.959 1045.942 1045.925 1045.894 1045.86 1045.825 1045.791 1045.747 1045.678 1045.61 1045.542 1045.473 1045.431 1045.397 1045.363 1045.329 1045.302 1045.302 1045.302 1045.302 1045.302 1045.261 1045.202 1045.143 1045.083 1045.032 1045.025 1045.018 1045.01 1045.003 1045.0 1045.0 1045.0 1045.0 1045.0 1045.0 1045.0 1045.0 1045.0 1044.932 1044.81 1044.688 1044.565 1044.443 1044.345 1044.247 1044.149 1044.051 1044.0 1044.0 1044.0 1044.0 1044.0 1044.0 1044.0 1044.0 1044.0 1044.0 1044.0 1044.0 1044.0 1044.0 1043.857 1043.693 1043.529 1043.365
1046.0 1045.996 1045.984 1045.972 1045.96 1045.949 1045.927 1045.904 1045.88 1045.857 1045.827 1045.78 1045.733 1045.686 1045.639 1045.61 1045.587 1045.564 1045.54 1045.522 1045.522 1045.522 1045.522 1045.522 1045.451 1045.349 1045.246 1045.144 1045.056 1045.043 1045.03 1045.018 1045.005 1045.0 1045.0 1045.0 1045.0 1045.0 1045.0 1045.0 1045.0 1045.0 1044.932 1044.81 1044.688 1044.565 1044.443 1044.345 1044.247 1044.149 1044.051 1044.0 1044.0 1044.0 1044.0 1044.0 1044.0 1044.0 1044.0 1044.0 1044.0 1044.0 1044.0 1044.0 1044.0 1043.862 1043.703 1043.545 1043.386
1046.0 1045.998 1045.991 1045.985 1045.979 1045.972 1045.961 1045.948 1045.935 1045.923 1045.906 1045.881 1045.856 1045.831 1045.805 1045.79 1045.777 1045.764 1045.752 1045.742 1045.742 1045.742 1045.742 1045.742 1045.641 1045.495 1045.35 1045.205 1045.08 1045.061 1045.043 1045.025 1045.007 1045.0 1045.0 1045.0 1045.0 1045.0 1045.0 1045.0 1045.0 1045.0 1044.932 1044.81 1044.688 1044.565 1044.443 1044.345 1044.247 1044.149 1044.051 1044.0 1044.0 1044.0 1044.0 1044.0 1044.0 1044.0 1044.0 1044.0 1044.0 1044.0 1044.0 1044.0 1044.0 1043.867 1043.714 1043.56 1043.407
1046.0 1046.0 1045.999 1045.998 1045.997 1045.996 1045.994 1045.992 1045.99 1045.989 1045.986 1045.982 1045.979 1045.975 1045.971 1045.969 1045.967 1045.965 1045.963 1045.962 1045.962 1045.962 1045.962 1045.962 1045.831 1045.642 1045.454 1045.265 1045.103 1045.08 1045.056 1045.032 1045.009 1045.0 1045.0 1045.0 1045.0 1045.0 1045.0 1045.0 1045.0 1045.0 1044.932 1044.81 1044.688 1044.565 1044.443 1044.345 1044.247 1044.149 1044.051 1044.0 1044.0 1044.0 1044.0 1044.0 1044.0 1044.0 1044.0 1044.0 1044.0 1044.0 1044.0 1044.0 1044.0 1043.871 1043.724 1043.576 1043.428
1046.0 1046.0 1046.0 1046.0 1046.0 1046.0 1046.0 1046.0 1046.0 1046.0 1046.0 1046.0 1046.0 1046.0 1046.0 1046.0 1046.0 1046.0 1046.0 1046.0 1046.0 1046.0 1046.0 1046.0 1045.87 1045.683 1045.496 1045.309 1045.146 1045.113 1045.079 1045.046 1045.013 1045.0 1045.0 1045.0 1045.0 1045.0 1045.0 1045.0 1045.0 1045.0 1044.923 1044.782 1044.642 1044.502 1044.363 1044.282 1044.202 1044.122 1044.042 1044.0 1044.0 1044.0 1044.0 1044.0 1044.0 1044.0 1044.0 1044.0 1044.0 1044.0 1044.0 1044.0 1044.0 1043.872 1043.725 1043.578 1043.431
