data/zism_data/01073_03_D.txt
ncols         224
nrows         224
[rows 196 to 223 of 224, columns 63 to 125 of 224]
1370.222 1364.913 1361.283 1359.683 1358.083 1356.483 1354.883 1357.907 1361.499 1365.091 1368.683 1371.536 1372.879 1374.221 1375.564 1376.906 1375.745 1373.82 1371.896 1369.971 1367.463 1362.681 1357.899 1353.117 1348.335 1342.119 1335.106 1328.093 1321.08 1313.864 1304.337 1294.809 1285.281 1275.753 1266.187 1256.586 1246.985 1237.385 1227.784 1222.631 1217.682 1212.732 1207.783 1204.325 1203.16 1201.995 1200.829 1199.664 1199.355 1199.218 1199.081 1198.944 1198.828 1198.768 1198.708 1198.648 1198.588 1198.446 1198.269 1198.093 1197.916 1197.766 1197.766
1373.293 1368.564 1365.747 1365.242 1364.738 1364.233 1363.728 1366.743 1370.19 1373.637 1377.084 1379.699 1380.612 1381.525 1382.437 1383.35 1381.714 1379.301 1376.888 1374.475 1371.497 1366.323 1361.15 1355.976 1350.802 1344.181 1336.754 1329.327 1321.901 1314.263 1304.203 1294.144 1284.084 1274.025 1263.928 1253.795 1243.663 1233.53 1223.398 1218.561 1213.966 1209.371 1204.776 1201.749 1201.131 1200.514 1199.896 1199.278 1199.132 1199.081 1199.03 1198.979 1198.936 1198.913 1198.891 1198.869 1198.846 1198.696 1198.493 1198.29 1198.086 1197.913 1197.913
1376.76 1372.644 1370.483 1370.688 1370.893 1371.098 1371.303 1374.102 1377.219 1380.336 1383.453 1385.714 1386.228 1386.742 1387.256 1387.77 1385.724 1382.899 1380.073 1377.248 1373.874 1368.365 1362.856 1357.346 1351.837 1344.936 1337.259 1329.582 1321.906 1313.993 1303.385 1292.777 1282.168 1271.56 1261.056 1250.649 1240.242 1229.835 1219.428 1215.049 1210.946 1206.843 1202.74 1200.202 1200.071 1199.94 1199.809 1199.678 1199.977 1200.363 1200.748 1201.134 1201.449 1201.573 1201.697 1201.821 1201.946 1201.586 1201.027 1200.468 1199.909 1199.399 1199.174
1380.808 1377.353 1375.619 1375.969 1376.319 1376.669 1377.019 1379.298 1381.813 1384.329 1386.845 1388.586 1388.746 1388.905 1389.065 1389.224 1386.865 1383.739 1380.613 1377.487 1373.823 1368.061 1362.299 1356.538 1350.776 1343.778 1336.09 1328.403 1320.715 1312.747 1301.564 1290.381 1279.198 1268.016 1257.288 1246.983 1236.678 1226.373 1216.068 1212.356 1208.945 1205.535 1202.124 1200.163 1200.429 1200.695 1200.962 1201.228 1202.384 1203.72 1205.056 1206.392 1207.483 1207.914 1208.344 1208.774 1209.204 1208.341 1206.944 1205.548 1204.151 1202.845 1202.068
1384.857 1382.062 1380.755 1381.25 1381.745 1382.24 1382.735 1384.494 1386.408 1388.323 1390.237 1391.458 1391.263 1391.068 1390.874 1390.679 1388.007 1384.58 1381.153 1377.726 1373.771 1367.757 1361.743 1355.729 1349.715 1342.62 1334.921 1327.223 1319.525 1311.501 1299.743 1287.986 1276.229 1264.471 1253.52 1243.317 1233.114 1222.911 1212.708 1209.662 1206.944 1204.226 1201.509 1200.123 1200.787 1201.451 1202.114 1202.778 1204.792 1207.078 1209.364 1211.65 1213.518 1214.254 1214.991 1215.727 1216.463 1215.096 1212.862 1210.628 1208.394 1206.291 1204.961
1388.905 1386.77 1385.891 1386.531 1387.171 1387.811 1388.451 1389.69 1391.003 1392.316 1393.629 1394.33 1393.781 1393.232 1392.682 1392.133 1389.148 1385.421 1381.693 1377.966 1373.719 1367.453 1361.187 1354.921 1348.654 1341.461 1333.752 1326.043 1318.334 1310.254 1297.922 1285.591 1273.259 1260.927 1249.751 1239.65 1229.55 1219.449 1209.348 1206.969 1204.943 1202.918 1200.893 1200.084 1201.145 1202.206 1203.267 1204.328 1207.199 1210.436 1213.672 1216.909 1219.553 1220.595 1221.637 1222.68 1223.722 1221.851 1218.78 1215.708 1212.636 1209.738 1207.854
1392.953 1391.479 1391.027 1391.812 1392.597 1393.382 1394.167 1394.886 1395.598 1396.31 1397.021 1397.202 1396.299 1395.395 1394.491 1393.588 1390.289 1386.261 1382.233 1378.205 1373.668 1367.149 1360.631 1354.112 1347.593 1340.303 1332.584 1324.864 1317.144 1309.008 1296.102 1283.195 1270.289 1257.383 1245.983 1235.984 1225.985 1215.986 1205.987 1204.275 1202.943 1201.61 1200.277 1200.045 1201.503 1202.961 1204.419 1205.878 1209.606 1213.793 1217.98 1222.167 1225.587 1226.936 1228.284 1229.632 1230.981 1228.607 1224.697 1220.788 1216.879 1213.184 1210.748
1394.589 1393.476 1393.173 1393.851 1394.529 1395.207 1395.884 1396.036 1396.123 1396.21 1396.297 1395.801 1394.114 1392.426 1390.738 1389.051 1385.385 1381.117 1376.849 1372.581 1367.888 1361.542 1355.196 1348.85 1342.504 1335.269 1327.538 1319.808 1312.077 1303.943 1291.186 1278.429 1265.672 1252.915 1241.962 1232.686 1223.41 1214.134 1204.858 1203.496 1202.496 1201.497 1200.497 1200.829 1203.208 1205.586 1207.964 1210.343 1215.091 1220.317 1225.542 1230.768 1235.034 1236.702 1238.37 1240.039 1241.707 1239.326 1235.275 1231.224 1227.172 1223.213 1219.794
1395.862 1395.066 1394.871 1395.404 1395.937 1396.47 1397.002 1396.579 1396.038 1395.496 1394.955 1393.759 1391.223 1388.687 1386.151 1383.615 1379.575 1375.076 1370.577 1366.078 1361.25 1355.14 1349.03 1342.92 1336.81 1329.653 1321.911 1314.17 1306.429 1298.306 1285.806 1273.307 1260.807 1248.308 1237.902 1229.442 1220.982 1212.522 1204.063 1203.003 1202.283 1201.563 1200.843 1201.737 1205.114 1208.491 1211.869 1215.246 1221.037 1227.315 1233.593 1239.871 1244.992 1246.982 1248.973 1250.964 1252.954 1250.64 1246.551 1242.463 1238.374 1234.23 1229.764
1397.136 1396.656 1396.569 1396.957 1397.345 1397.733 1398.12 1397.122 1395.952 1394.783 1393.614 1391.717 1388.333 1384.948 1381.564 1378.179 1373.764 1369.034 1364.304 1359.575 1354.611 1348.737 1342.864 1336.99 1331.117 1324.036 1316.285 1308.533 1300.781 1292.668 1280.427 1268.185 1255.943 1243.701 1233.843 1226.199 1218.555 1210.911 1203.267 1202.511 1202.07 1201.629 1201.188 1202.645 1207.021 1211.397 1215.772 1220.148 1226.983 1234.313 1241.644 1248.974 1254.95 1257.263 1259.575 1261.888 1264.201 1261.954 1257.828 1253.702 1249.575 1245.246 1239.734
1398.409 1398.247 1398.267 1398.51 1398.753 1398.996 1399.239 1397.664 1395.867 1394.07 1392.272 1389.675 1385.442 1381.209 1376.977 1372.744 1367.953 1362.993 1358.032 1353.071 1347.972 1342.335 1336.698 1331.06 1325.423 1318.42 1310.658 1302.895 1295.132 1287.031 1275.047 1263.063 1251.079 1239.095 1229.783 1222.955 1216.128 1209.3 1202.472 1202.019 1201.857 1201.695 1201.533 1203.553 1208.928 1214.302 1219.677 1225.051 1232.929 1241.312 1249.694 1258.077 1264.908 1267.543 1270.178 1272.813 1275.448 1273.269 1269.105 1264.941 1260.777 1256.263 1249.703
1399.229 1399.328 1399.444 1399.579 1399.714 1399.85 1399.985 1397.899 1395.539 1393.18 1390.821 1387.543 1382.389 1377.234 1372.08 1366.925 1361.682 1356.412 1351.142 1345.871 1340.568 1335.137 1329.705 1324.274 1318.842 1311.841 1303.965 1296.09 1288.214 1280.045 1268.505 1256.964 1245.424 1233.884 1225.274 1219.388 1213.502 1207.615 1201.729 1201.559 1201.652 1201.744 1201.836 1204.382 1210.698 1217.013 1223.329 1229.645 1238.325 1247.483 1256.641 1265.799 1273.227 1275.98 1278.733 1281.486 1284.239 1282.272 1278.359 1274.445 1270.532 1266.116 1258.764
1399.144 1399.393 1399.576 1399.679 1399.782 1399.885 1399.989 1397.516 1394.727 1391.938 1389.15 1385.233 1379.01 1372.787 1366.564 1360.341 1354.49 1348.753 1343.016 1337.278 1331.633 1326.346 1321.06 1315.773 1310.487 1303.334 1295.142 1286.949 1278.757 1270.362 1259.638 1248.914 1238.189 1227.465 1219.866 1215.172 1210.478 1205.783 1201.089 1201.167 1201.463 1201.759 1202.056 1205.051 1212.193 1219.336 1226.478 1233.621 1242.624 1252.002 1261.38 1270.758 1278.268 1280.731 1283.194 1285.657 1288.12 1286.654 1283.568 1280.481 1277.394 1273.643 1266.006
1399.058 1399.458 1399.708 1399.779 1399.85 1399.921 1399.992 1397.134 1393.916 1390.697 1387.479 1382.922 1375.631 1368.339 1361.048 1353.757 1347.298 1341.094 1334.889 1328.685 1322.698 1317.556 1312.415 1307.273 1302.131 1294.827 1286.318 1277.809 1269.3 1260.678 1250.771 1240.863 1230.955 1221.047 1214.458 1210.956 1207.453 1203.951 1200.449 1200.774 1201.274 1201.775 1202.275 1205.719 1213.689 1221.658 1229.628 1237.597 1246.922 1256.52 1266.118 1275.716 1283.309 1285.482 1287.655 1289.829 1292.002 1291.036 1288.776 1286.517 1284.257 1281.171 1273.249
1398.972 1399.522 1399.841 1399.88 1399.918 1399.957 1399.996 1396.751 1393.104 1389.455 1385.807 1380.612 1372.252 1363.892 1355.532 1347.172 1340.106 1333.435 1326.763 1320.092 1313.763 1308.766 1303.769 1298.773 1293.776 1286.32 1277.494 1268.668 1259.843 1250.995 1241.904 1232.812 1223.72 1214.628 1209.051 1206.74 1204.43 1202.119 1199.808 1200.381 1201.085 1201.79 1202.495 1206.388 1215.185 1223.981 1232.777 1241.573 1251.22 1261.038 1270.857 1280.675 1288.35 1290.233 1292.117 1294.0 1295.883 1295.418 1293.985 1292.552 1291.12 1288.698 1280.491
1398.887 1399.587 1399.973 1399.98 1399.986 1399.993 1399.999 1396.369 1392.292 1388.214 1384.136 1378.301 1368.873 1359.445 1350.016 1340.588 1332.914 1325.776 1318.637 1311.499 1304.827 1299.976 1295.124 1290.272 1285.421 1277.813 1268.67 1259.528 1250.385 1241.312 1233.037 1224.761 1216.485 1208.209 1203.643 1202.524 1201.406 1200.287 1199.168 1199.988 1200.897 1201.805 1202.714 1207.057 1216.68 1226.303 1235.926 1245.549 1255.518 1265.557 1275.595 1285.633 1293.391 1294.984 1296.578 1298.171 1299.764 1299.8 1299.194 1298.588 1297.982 1296.225 1287.734
1398.061 1399.314 1399.988 1399.963 1399.937 1399.911 1399.886 1396.174 1392.01 1387.845 1383.68 1377.731 1368.133 1358.535 1348.937 1339.339 1331.271 1323.669 1316.068 1308.466 1301.308 1295.874 1290.439 1285.005 1279.571 1271.669 1262.394 1253.119 1243.844 1234.732 1227.495 1220.258 1213.021 1205.784 1201.923 1201.2 1200.477 1199.754 1199.032 1200.371 1201.804 1203.238 1204.672 1209.568 1219.787 1230.005 1240.224 1250.443 1260.036 1269.503 1278.97 1288.437 1295.703 1297.024 1298.344 1299.665 1300.985 1301.021 1300.527 1300.033 1299.539 1297.925 1289.757
1397.047 1398.955 1399.974 1399.916 1399.858 1399.8 1399.742 1396.027 1391.863 1387.698 1383.533 1377.603 1368.064 1358.525 1348.986 1339.447 1331.039 1322.976 1314.913 1306.85 1299.167 1292.965 1286.763 1280.561 1274.359 1266.128 1256.766 1247.405 1238.044 1228.941 1222.8 1216.658 1210.516 1204.374 1201.141 1200.611 1200.082 1199.553 1199.023 1200.951 1202.991 1205.032 1207.072 1212.547 1223.303 1234.059 1244.815 1255.57 1264.61 1273.304 1281.997 1290.691 1297.321 1298.373 1299.425 1300.477 1301.529 1301.437 1300.873 1300.309 1299.746 1298.141 1290.452
1396.034 1398.597 1399.959 1399.869 1399.779 1399.689 1399.599 1395.88 1391.716 1387.551 1383.386 1377.476 1367.996 1358.516 1349.036 1339.556 1330.808 1322.283 1313.758 1305.233 1297.026 1290.056 1283.086 1276.117 1269.147 1260.586 1251.139 1241.692 1232.245 1223.151 1218.104 1213.058 1208.011 1202.965 1200.359 1200.023 1199.687 1199.351 1199.015 1201.531 1204.178 1206.825 1209.472 1215.527 1226.82 1238.112 1249.405 1260.697 1269.184 1277.104 1285.025 1292.946 1298.939 1299.722 1300.506 1301.289 1302.073 1301.853 1301.219 1300.586 1299.952 1298.358 1291.146
1395.02 1398.238 1399.945 1399.822 1399.7 1399.578 1399.455 1395.733 1391.569 1387.404 1383.24 1377.348 1367.927 1358.506 1349.085 1339.664 1330.576 1321.59 1312.603 1303.616 1294.885 1287.148 1279.41 1271.672 1263.935 1255.044 1245.511 1235.978 1226.445 1217.36 1213.409 1209.458 1205.507 1201.555 1199.578 1199.435 1199.292 1199.149 1199.006 1202.111 1205.365 1208.619 1211.873 1218.507 1230.336 1242.166 1253.995 1265.824 1273.758 1280.905 1288.053 1295.2 1300.556 1301.071 1301.586 1302.102 1302.617 1302.269 1301.566 1300.862 1300.159 1298.575 1291.841
1393.837 1397.679 1399.717 1399.573 1399.428 1399.283 1399.138 1395.405 1391.231 1387.056 1382.882 1377.03 1367.748 1358.466 1349.183 1339.901 1330.573 1321.232 1311.89 1302.548 1293.372 1284.843 1276.314 1267.785 1259.255 1250.096 1240.585 1231.073 1221.563 1212.572 1209.544 1206.516 1203.487 1200.459 1199.01 1199.03 1199.049 1199.069 1199.089 1202.844 1206.77 1210.697 1214.623 1221.847 1234.141 1246.434 1258.728 1271.021 1278.37 1284.72 1291.07 1297.421 1302.128 1302.394 1302.661 1302.927 1303.193 1302.688 1301.864 1301.04 1300.217 1298.599 1292.34
1392.173 1396.553 1398.887 1398.748 1398.608 1398.469 1398.329 1394.563 1390.351 1386.139 1381.927 1376.17 1367.253 1358.336 1349.419 1340.502 1331.218 1321.823 1312.427 1303.031 1293.637 1284.249 1274.861 1265.473 1256.084 1246.828 1237.644 1228.461 1219.277 1210.623 1208.03 1205.436 1202.843 1200.249 1199.049 1199.144 1199.239 1199.333 1199.428 1204.008 1208.794 1213.579 1218.365 1226.211 1238.762 1251.313 1263.865 1276.416 1283.088 1288.574 1294.06 1299.546 1303.57 1303.643 1303.716 1303.789 1303.862 1303.114 1302.027 1300.94 1299.854 1298.08 1292.288
1390.51 1395.426 1398.057 1397.923 1397.789 1397.655 1397.521 1393.721 1389.472 1385.222 1380.973 1375.31 1366.758 1358.206 1349.654 1341.103 1331.863 1322.414 1312.964 1303.515 1293.902 1283.655 1273.408 1263.161 1252.914 1243.56 1234.704 1225.848 1216.992 1208.674 1206.515 1204.357 1202.198 1200.04 1199.088 1199.258 1199.428 1199.598 1199.768 1205.173 1210.817 1216.462 1222.106 1230.575 1243.384 1256.193 1269.001 1281.81 1287.806 1292.428 1297.049 1301.671 1305.012 1304.892 1304.771 1304.651 1304.531 1303.54 1302.19 1300.84 1299.49 1297.56 1292.235
1388.846 1394.299 1397.226 1397.098 1396.969 1396.84 1396.712 1392.88 1388.593 1384.305 1380.018 1374.45 1366.263 1358.077 1349.89 1341.703 1332.508 1323.005 1313.502 1303.999 1294.168 1283.062 1271.955 1260.849 1249.743 1240.292 1231.764 1223.235 1214.707 1206.725 1205.001 1203.278 1201.554 1199.83 1199.127 1199.372 1199.617 1199.862 1200.107 1206.337 1212.841 1219.344 1225.848 1234.938 1248.005 1261.072 1274.138 1287.205 1292.525 1296.282 1300.039 1303.796 1306.454 1306.14 1305.827 1305.513 1305.199 1303.966 1302.353 1300.74 1299.127 1297.041 1292.183
1387.182 1393.172 1396.396 1396.273 1396.149 1396.026 1395.903 1392.038 1387.713 1383.388 1379.064 1373.59 1365.769 1357.947 1350.125 1342.304 1333.152 1323.596 1314.039 1304.482 1294.433 1282.468 1270.503 1258.537 1246.572 1237.025 1228.824 1220.623 1212.422 1204.776 1203.487 1202.198 1200.91 1199.621 1199.166 1199.486 1199.807 1200.127 1200.447 1207.501 1214.864 1222.227 1229.59 1239.302 1252.626 1265.951 1279.275 1292.599 1297.243 1300.136 1303.029 1305.921 1307.896 1307.389 1306.882 1306.375 1305.868 1304.392 1302.516 1300.64 1298.764 1296.521 1292.13
1383.313 1389.568 1393.057 1393.199 1393.342 1393.485 1393.628 1389.651 1385.168 1380.685 1376.202 1370.716 1363.177 1355.639 1348.101 1340.563 1331.377 1321.688 1312.0 1302.312 1292.06 1279.613 1267.166 1254.719 1242.272 1233.0 1225.496 1217.993 1210.489 1203.512 1202.577 1201.641 1200.706 1199.77 1199.801 1200.729 1201.657 1202.586 1203.514 1211.625 1220.065 1228.505 1236.944 1246.963 1259.409 1271.855 1284.301 1296.747 1300.789 1303.137 1305.484 1307.831 1309.361 1308.68 1307.999 1307.319 1306.638 1305.024 1303.025 1301.026 1299.027 1296.778 1293.068
1378.606 1385.022 1388.764 1389.272 1389.78 1390.287 1390.795 1386.677 1381.99 1377.303 1372.616 1367.075 1359.79 1352.504 1345.218 1337.932 1328.681 1318.832 1308.983 1299.133 1288.684 1275.899 1263.114 1250.328 1237.543 1228.688 1222.022 1215.356 1208.69 1202.51 1201.896 1201.283 1200.669 1200.056 1200.662 1202.401 1204.14 1205.879 1207.618 1216.873 1226.473 1236.072 1245.672 1255.877 1267.013 1278.149 1289.284 1300.42 1303.89 1305.813 1307.736 1309.66 1310.835 1309.987 1309.14 1308.293 1307.446 1305.734 1303.665 1301.596 1299.527 1297.33 1294.383
1373.899 1380.476 1384.471 1385.344 1386.217 1387.09 1387.963 1383.703 1378.812 1373.921 1369.03 1363.435 1356.402 1349.368 1342.335 1335.301 1325.986 1315.976 1305.965 1295.955 1285.308 1272.185 1259.061 1245.938 1232.814 1224.377 1218.548 1212.719 1206.891 1201.507 1201.215 1200.924 1200.633 1200.342 1201.523 1204.073 1206.622 1209.172 1211.722 1222.122 1232.881 1243.64 1254.399 1264.791 1274.616 1284.442 1294.268 1304.094 1306.991 1308.49 1309.989 1311.488 1312.308 1311.295 1310.281 1309.267 1308.254 1306.443 1304.305 1302.166 1300.028 1297.882 1295.697
