data/zism_data/01080_02_D.txt
ncols         224
nrows         224
[rows 196 to 223 of 224, columns 126 to 188 of 224]
1224.487 1224.268 1224.05 1223.993 1223.983 1223.974 1223.964 1223.914 1223.704 1223.495 1223.286 1223.076 1222.991 1222.977 1222.962 1222.948 1222.923 1222.741 1222.559 1222.377 1222.195 1222.066 1221.99 1221.914 1221.838 1221.761 1221.603 1221.437 1221.272 1221.106 1220.999 1220.996 1220.992 1220.989 1220.986 1220.977 1220.965 1220.954 1220.943 1220.905 1220.768 1220.632 1220.496 1220.359 1220.309 1220.306 1220.303 1220.3 1220.297 1220.295 1220.294 1220.292 1220.29 1220.29 1220.29 1220.29 1220.29 1220.29 1220.29 1220.29 1220.29 1220.29 1220.29
1224.487 1224.268 1224.05 1224.0 1224.0 1224.0 1224.0 1223.96 1223.763 1223.567 1223.37 1223.174 1223.088 1223.066 1223.043 1223.021 1222.988 1222.801 1222.614 1222.427 1222.239 1222.109 1222.036 1221.963 1221.89 1221.817 1221.678 1221.534 1221.39 1221.246 1221.141 1221.108 1221.074 1221.041 1221.007 1221.0 1221.0 1221.0 1221.0 1220.973 1220.849 1220.726 1220.602 1220.479 1220.436 1220.436 1220.436 1220.436 1220.436 1220.436 1220.436 1220.436 1220.436 1220.436 1220.436 1220.436 1220.436 1220.436 1220.436 1220.436 1220.436 1220.436 1220.436
1224.487 1224.268 1224.05 1224.0 1224.0 1224.0 1224.0 1223.966 1223.802 1223.637 1223.473 1223.308 1223.214 1223.159 1223.105 1223.051 1222.988 1222.812 1222.635 1222.459 1222.283 1222.158 1222.085 1222.012 1221.939 1221.866 1221.761 1221.655 1221.548 1221.441 1221.343 1221.262 1221.18 1221.099 1221.017 1221.0 1221.0 1221.0 1221.0 1220.98 1220.888 1220.797 1220.705 1220.614 1220.581 1220.581 1220.581 1220.581 1220.581 1220.581 1220.581 1220.581 1220.581 1220.581 1220.581 1220.581 1220.581 1220.581 1220.581 1220.581 1220.581 1220.581 1220.581
1224.487 1224.268 1224.05 1224.0 1224.0 1224.0 1224.0 1223.973 1223.84 1223.708 1223.575 1223.442 1223.339 1223.253 1223.167 1223.081 1222.989 1222.823 1222.658 1222.492 1222.326 1222.206 1222.133 1222.06 1221.987 1221.914 1221.845 1221.775 1221.705 1221.636 1221.545 1221.415 1221.286 1221.157 1221.027 1221.0 1221.0 1221.0 1221.0 1220.987 1220.927 1220.868 1220.808 1220.748 1220.727 1220.727 1220.727 1220.727 1220.727 1220.727 1220.727 1220.727 1220.727 1220.727 1220.727 1220.727 1220.727 1220.727 1220.727 1220.727 1220.727 1220.727 1220.727
1224.487 1224.268 1224.05 1224.0 1224.0 1224.0 1224.0 1223.979 1223.879 1223.778 1223.677 1223.577 1223.465 1223.347 1223.229 1223.11 1222.99 1222.835 1222.68 1222.524 1222.369 1222.255 1222.182 1222.109 1222.036 1221.963 1221.928 1221.895 1221.863 1221.831 1221.746 1221.569 1221.392 1221.215 1221.037 1221.0 1221.0 1221.0 1221.0 1220.994 1220.966 1220.938 1220.911 1220.883 1220.873 1220.873 1220.873 1220.873 1220.873 1220.873 1220.873 1220.873 1220.873 1220.873 1220.873 1220.873 1220.873 1220.873 1220.873 1220.873 1220.873 1220.873 1220.873
1224.497 1224.282 1224.068 1224.016 1224.012 1224.008 1224.003 1223.985 1223.915 1223.844 1223.773 1223.702 1223.582 1223.434 1223.286 1223.138 1222.991 1222.849 1222.707 1222.566 1222.424 1222.316 1222.241 1222.167 1222.093 1222.018 1222.01 1222.007 1222.005 1222.002 1221.924 1221.711 1221.499 1221.286 1221.074 1221.028 1221.027 1221.027 1221.026 1221.025 1221.024 1221.022 1221.021 1221.02 1221.019 1221.019 1221.019 1221.019 1221.019 1221.019 1221.019 1221.019 1221.019 1221.019 1221.019 1221.019 1221.019 1221.019 1221.019 1221.019 1221.019 1221.019 1221.019
1224.572 1224.389 1224.206 1224.137 1224.101 1224.065 1224.029 1223.989 1223.934 1223.879 1223.824 1223.769 1223.645 1223.481 1223.317 1223.153 1222.993 1222.883 1222.773 1222.663 1222.554 1222.456 1222.371 1222.286 1222.201 1222.116 1222.088 1222.064 1222.04 1222.016 1221.941 1221.776 1221.612 1221.447 1221.282 1221.243 1221.237 1221.231 1221.225 1221.217 1221.205 1221.193 1221.181 1221.169 1221.165 1221.165 1221.165 1221.165 1221.165 1221.165 1221.165 1221.165 1221.165 1221.165 1221.165 1221.165 1221.165 1221.165 1221.165 1221.165 1221.165 1221.165 1221.165
1224.647 1224.496 1224.345 1224.258 1224.19 1224.122 1224.054 1223.992 1223.953 1223.914 1223.875 1223.836 1223.708 1223.528 1223.348 1223.168 1222.995 1222.917 1222.839 1222.761 1222.683 1222.597 1222.501 1222.406 1222.31 1222.214 1222.165 1222.12 1222.074 1222.029 1221.958 1221.841 1221.725 1221.608 1221.491 1221.458 1221.446 1221.435 1221.423 1221.41 1221.387 1221.364 1221.342 1221.319 1221.311 1221.311 1221.311 1221.311 1221.311 1221.311 1221.311 1221.311 1221.311 1221.311 1221.311 1221.311 1221.311 1221.311 1221.311 1221.311 1221.311 1221.311 1221.311
1224.722 1224.603 1224.484 1224.38 1224.28 1224.18 1224.08 1223.995 1223.972 1223.949 1223.926 1223.903 1223.771 1223.575 1223.379 1223.183 1222.997 1222.951 1222.905 1222.859 1222.813 1222.737 1222.631 1222.525 1222.419 1222.312 1222.243 1222.176 1222.109 1222.043 1221.975 1221.906 1221.838 1221.769 1221.7 1221.672 1221.656 1221.639 1221.622 1221.602 1221.569 1221.535 1221.502 1221.469 1221.457 1221.457 1221.457 1221.457 1221.457 1221.457 1221.457 1221.457 1221.457 1221.457 1221.457 1221.457 1221.457 1221.457 1221.457 1221.457 1221.457 1221.457 1221.457
1224.796 1224.709 1224.623 1224.501 1224.369 1224.237 1224.105 1223.999 1223.992 1223.985 1223.978 1223.971 1223.833 1223.622 1223.41 1223.198 1222.999 1222.985 1222.971 1222.957 1222.943 1222.878 1222.761 1222.644 1222.527 1222.41 1222.32 1222.232 1222.144 1222.057 1221.993 1221.972 1221.951 1221.93 1221.909 1221.887 1221.865 1221.843 1221.821 1221.794 1221.75 1221.706 1221.662 1221.618 1221.603 1221.603 1221.603 1221.603 1221.603 1221.603 1221.603 1221.603 1221.603 1221.603 1221.603 1221.603 1221.603 1221.603 1221.603 1221.603 1221.603 1221.603 1221.603
1224.863 1224.793 1224.724 1224.59 1224.438 1224.286 1224.135 1224.013 1224.01 1224.007 1224.004 1224.001 1223.878 1223.686 1223.494 1223.302 1223.121 1223.094 1223.067 1223.041 1223.014 1222.947 1222.84 1222.734 1222.627 1222.521 1222.434 1222.348 1222.263 1222.178 1222.119 1222.107 1222.095 1222.083 1222.071 1222.047 1222.02 1221.992 1221.965 1221.934 1221.892 1221.849 1221.806 1221.764 1221.749 1221.749 1221.749 1221.749 1221.749 1221.749 1221.749 1221.749 1221.749 1221.749 1221.749 1221.749 1221.749 1221.749 1221.749 1221.749 1221.749 1221.749 1221.749
1224.925 1224.86 1224.795 1224.655 1224.492 1224.33 1224.167 1224.036 1224.028 1224.02 1224.011 1224.003 1223.909 1223.765 1223.62 1223.476 1223.337 1223.262 1223.187 1223.113 1223.038 1222.96 1222.88 1222.8 1222.72 1222.64 1222.575 1222.511 1222.447 1222.383 1222.33 1222.297 1222.263 1222.23 1222.197 1222.164 1222.132 1222.099 1222.066 1222.034 1222.002 1221.97 1221.938 1221.906 1221.895 1221.895 1221.895 1221.895 1221.895 1221.895 1221.895 1221.895 1221.895 1221.895 1221.895 1221.895 1221.895 1221.895 1221.895 1221.895 1221.895 1221.895 1221.895
1224.986 1224.926 1224.867 1224.72 1224.546 1224.373 1224.2 1224.059 1224.046 1224.032 1224.019 1224.005 1223.939 1223.843 1223.747 1223.651 1223.553 1223.43 1223.307 1223.185 1223.062 1222.974 1222.92 1222.867 1222.813 1222.76 1222.716 1222.674 1222.631 1222.588 1222.541 1222.487 1222.432 1222.378 1222.323 1222.282 1222.244 1222.206 1222.168 1222.133 1222.112 1222.091 1222.069 1222.048 1222.04 1222.04 1222.04 1222.04 1222.04 1222.04 1222.04 1222.04 1222.04 1222.04 1222.04 1222.04 1222.04 1222.04 1222.04 1222.04 1222.04 1222.04 1222.04
1225.047 1224.993 1224.939 1224.784 1224.6 1224.417 1224.233 1224.083 1224.064 1224.045 1224.026 1224.007 1223.969 1223.921 1223.873 1223.825 1223.768 1223.598 1223.427 1223.256 1223.086 1222.987 1222.96 1222.933 1222.906 1222.88 1222.858 1222.836 1222.815 1222.793 1222.752 1222.677 1222.601 1222.525 1222.449 1222.399 1222.356 1222.312 1222.269 1222.233 1222.222 1222.212 1222.201 1222.19 1222.186 1222.186 1222.186 1222.186 1222.186 1222.186 1222.186 1222.186 1222.186 1222.186 1222.186 1222.186 1222.186 1222.186 1222.186 1222.186 1222.186 1222.186 1222.186
1225.108 1225.059 1225.01 1224.849 1224.655 1224.46 1224.266 1224.106 1224.082 1224.057 1224.033 1224.009 1224.0 1223.999 1223.999 1223.999 1223.984 1223.766 1223.547 1223.328 1223.11 1223.0 1223.0 1223.0 1222.999 1222.999 1222.999 1222.999 1222.999 1222.999 1222.964 1222.867 1222.769 1222.672 1222.575 1222.516 1222.468 1222.419 1222.37 1222.333 1222.332 1222.332 1222.332 1222.332 1222.332 1222.332 1222.332 1222.332 1222.332 1222.332 1222.332 1222.332 1222.332 1222.332 1222.332 1222.332 1222.332 1222.332 1222.332 1222.332 1222.332 1222.332 1222.332
1225.155 1225.086 1225.016 1224.858 1224.674 1224.49 1224.306 1224.152 1224.117 1224.083 1224.048 1224.013 1224.0 1224.0 1224.0 1224.0 1223.987 1223.784 1223.581 1223.378 1223.175 1223.065 1223.049 1223.033 1223.017 1223.001 1223.0 1223.0 1223.0 1223.0 1222.973 1222.897 1222.82 1222.744 1222.668 1222.622 1222.584 1222.546 1222.508 1222.478 1222.478 1222.478 1222.478 1222.478 1222.478 1222.478 1222.478 1222.478 1222.478 1222.478 1222.478 1222.478 1222.478 1222.478 1222.478 1222.478 1222.478 1222.478 1222.478 1222.478 1222.478 1222.478 1222.478
1225.203 1225.112 1225.021 1224.866 1224.693 1224.519 1224.346 1224.199 1224.153 1224.108 1224.062 1224.017 1224.0 1224.0 1224.0 1224.0 1223.988 1223.801 1223.614 1223.427 1223.24 1223.13 1223.098 1223.066 1223.034 1223.002 1223.0 1223.0 1223.0 1223.0 1222.98 1222.926 1222.871 1222.816 1222.761 1222.728 1222.7 1222.673 1222.646 1222.624 1222.624 1222.624 1222.624 1222.624 1222.624 1222.624 1222.624 1222.624 1222.624 1222.624 1222.624 1222.624 1222.624 1222.624 1222.624 1222.624 1222.624 1222.624 1222.624 1222.624 1222.624 1222.624 1222.624
1225.25 1225.138 1225.025 1224.874 1224.711 1224.549 1224.386 1224.245 1224.189 1224.133 1224.077 1224.021 1224.0 1224.0 1224.0 1224.0 1223.989 1223.818 1223.647 1223.476 1223.304 1223.195 1223.147 1223.099 1223.051 1223.004 1223.0 1223.0 1223.0 1223.0 1222.988 1222.954 1222.921 1222.887 1222.854 1222.833 1222.817 1222.8 1222.783 1222.77 1222.77 1222.77 1222.77 1222.77 1222.77 1222.77 1222.77 1222.77 1222.77 1222.77 1222.77 1222.77 1222.77 1222.77 1222.77 1222.77 1222.77 1222.77 1222.77 1222.77 1222.77 1222.77 1222.77
1225.297 1225.164 1225.03 1224.882 1224.73 1224.578 1224.426 1224.292 1224.225 1224.158 1224.091 1224.024 1224.0 1224.0 1224.0 1224.0 1223.99 1223.835 1223.68 1223.525 1223.369 1223.26 1223.196 1223.132 1223.068 1223.005 1223.0 1223.0 1223.0 1223.0 1222.996 1222.983 1222.971 1222.959 1222.947 1222.939 1222.933 1222.927 1222.921 1222.916 1222.916 1222.916 1222.916 1222.916 1222.916 1222.916 1222.916 1222.916 1222.916 1222.916 1222.916 1222.916 1222.916 1222.916 1222.916 1222.916 1222.916 1222.916 1222.916 1222.916 1222.916 1222.916 1222.916
1225.34 1225.187 1225.035 1224.898 1224.765 1224.633 1224.5 1224.377 1224.291 1224.204 1224.118 1224.032 1224.0 1224.0 1224.0 1224.0 1223.991 1223.859 1223.727 1223.594 1223.462 1223.362 1223.296 1223.23 1223.164 1223.098 1223.093 1223.093 1223.093 1223.093 1223.091 1223.087 1223.082 1223.078 1223.073 1223.07 1223.068 1223.066 1223.063 1223.062 1223.062 1223.062 1223.062 1223.062 1223.062 1223.062 1223.062 1223.062 1223.062 1223.062 1223.062 1223.062 1223.062 1223.062 1223.062 1223.062 1223.062 1223.062 1223.062 1223.062 1223.062 1223.062 1223.062
1225.375 1225.207 1225.038 1224.922 1224.822 1224.721 1224.621 1224.517 1224.398 1224.28 1224.162 1224.043 1224.0 1224.0 1224.0 1224.0 1223.993 1223.893 1223.792 1223.692 1223.592 1223.516 1223.466 1223.416 1223.365 1223.315 1223.312 1223.312 1223.312 1223.312 1223.306 1223.291 1223.276 1223.261 1223.245 1223.236 1223.229 1223.221 1223.214 1223.208 1223.208 1223.208 1223.208 1223.208 1223.208 1223.208 1223.208 1223.208 1223.208 1223.208 1223.208 1223.208 1223.208 1223.208 1223.208 1223.208 1223.208 1223.208 1223.208 1223.208 1223.208 1223.208 1223.208
1225.411 1225.226 1225.042 1224.947 1224.878 1224.81 1224.741 1224.656 1224.506 1224.355 1224.205 1224.055 1224.0 1224.0 1224.0 1224.0 1223.995 1223.927 1223.859 1223.79 1223.721 1223.67 1223.636 1223.601 1223.567 1223.533 1223.53 1223.53 1223.53 1223.53 1223.521 1223.495 1223.47 1223.444 1223.418 1223.402 1223.39 1223.377 1223.364 1223.354 1223.354 1223.354 1223.354 1223.354 1223.354 1223.354 1223.354 1223.354 1223.354 1223.354 1223.354 1223.354 1223.354 1223.354 1223.354 1223.354 1223.354 1223.354 1223.354 1223.354 1223.354 1223.354 1223.354
1225.447 1225.246 1225.045 1224.972 1224.935 1224.899 1224.862 1224.796 1224.613 1224.431 1224.249 1224.067 1224.0 1224.0 1224.0 1224.0 1223.998 1223.961 1223.924 1223.888 1223.851 1223.824 1223.805 1223.787 1223.769 1223.75 1223.749 1223.749 1223.749 1223.749 1223.736 1223.7 1223.663 1223.627 1223.59 1223.568 1223.55 1223.532 1223.514 1223.5 1223.5 1223.5 1223.5 1223.5 1223.5 1223.5 1223.5 1223.5 1223.5 1223.5 1223.5 1223.5 1223.5 1223.5 1223.5 1223.5 1223.5 1223.5 1223.5 1223.5 1223.5 1223.5 1223.5
1225.482 1225.266 1225.049 1224.996 1224.992 1224.987 1224.982 1224.935 1224.721 1224.507 1224.292 1224.078 1224.0 1224.0 1224.0 1224.0 1224.0 1223.995 1223.99 1223.986 1223.981 1223.978 1223.975 1223.973 1223.971 1223.968 1223.968 1223.968 1223.968 1223.968 1223.951 1223.904 1223.857 1223.81 1223.763 1223.734 1223.711 1223.687 1223.664 1223.645 1223.645 1223.645 1223.645 1223.645 1223.645 1223.645 1223.645 1223.645 1223.645 1223.645 1223.645 1223.645 1223.645 1223.645 1223.645 1223.645 1223.645 1223.645 1223.645 1223.645 1223.645 1223.645 1223.645
1225.583 1225.405 1225.227 1225.155 1225.114 1225.073 1225.033 1224.962 1224.775 1224.588 1224.401 1224.214 1224.125 1224.093 1224.062 1224.03 1224.0 1224.0 1224.0 1224.0 1224.0 1224.0 1224.0 1224.0 1224.0 1224.0 1224.0 1224.0 1224.0 1224.0 1223.991 1223.965 1223.939 1223.913 1223.887 1223.866 1223.846 1223.827 1223.807 1223.791 1223.791 1223.791 1223.791 1223.791 1223.791 1223.791 1223.791 1223.791 1223.791 1223.791 1223.791 1223.791 1223.791 1223.791 1223.791 1223.791 1223.791 1223.791 1223.791 1223.791 1223.791 1223.791 1223.791
1225.695 1225.565 1225.435 1225.337 1225.248 1225.159 1225.071 1224.969 1224.82 1224.67 1224.52 1224.37 1224.272 1224.203 1224.134 1224.065 1224.0 1224.0 1224.0 1224.0 1224.0 1224.0 1224.0 1224.0 1224.0 1224.0 1224.0 1224.0 1224.0 1224.0 1224.0 1224.001 1224.002 1224.002 1224.003 1223.992 1223.977 1223.963 1223.948 1223.937 1223.937 1223.937 1223.937 1223.937 1223.937 1223.937 1223.937 1223.937 1223.937 1223.937 1223.937 1223.937 1223.937 1223.937 1223.937 1223.937 1223.937 1223.937 1223.937 1223.937 1223.937 1223.937 1223.937
1225.807 1225.725 1225.643 1225.519 1225.382 1225.245 1225.109 1224.977 1224.865 1224.752 1224.639 1224.527 1224.418 1224.312 1224.206 1224.099 1224.0 1224.0 1224.0 1224.0 1224.0 1224.0 1224.0 1224.0 1224.0 1224.0 1224.0 1224.0 1224.0 1224.0 1224.01 1224.037 1224.064 1224.092 1224.119 1224.118 1224.108 1224.099 1224.09 1224.083 1224.083 1224.083 1224.083 1224.083 1224.083 1224.083 1224.083 1224.083 1224.083 1224.083 1224.083 1224.083 1224.083 1224.083 1224.083 1224.083 1224.083 1224.083 1224.083 1224.083 1224.083 1224.083 1224.083
1225.92 1225.885 1225.851 1225.701 1225.516 1225.331 1225.147 1224.985 1224.909 1224.834 1224.759 1224.683 1224.565 1224.421 1224.278 1224.134 1224.0 1224.0 1224.0 1224.0 1224.0 1224.0 1224.0 1224.0 1224.0 1224.0 1224.0 1224.0 1224.0 1224.0 1224.019 1224.073 1224.127 1224.181 1224.235 1224.243 1224.24 1224.236 1224.232 1224.229 1224.229 1224.229 1224.229 1224.229 1224.229 1224.229 1224.229 1224.229 1224.229 1224.229 1224.229 1224.229 1224.229 1224.229 1224.229 1224.229 1224.229 1224.229 1224.229 1224.229 1224.229 1224.229 1224.229
