data/zism_data/01086_04_D.txt
ncols         224
nrows         224
[rows 140 to 167 of 224, columns 0 to 62 of 224]
3792.285 3792.19 3792.094 3792.097 3792.22 3792.343 3792.466 3792.588 3792.702 3792.814 3792.927 3793.04 3793.074 3792.961 3792.849 3792.736 3792.624 3792.336 3792.004 3791.672 3791.339 3791.032 3790.802 3790.572 3790.342 3790.112 3789.899 3789.694 3789.489 3789.284 3789.111 3789.128 3789.146 3789.162 3789.179 3789.315 3789.532 3789.749 3789.965 3790.188 3790.555 3790.921 3791.287 3791.653 3792.094 3792.612 3793.13 3793.648 3794.166 3794.605 3795.04 3795.474 3795.908 3796.27 3796.52 3796.769 3797.018 3797.268 3797.461 3797.644 3797.826 3798.009 3798.136
3792.841 3792.729 3792.617 3792.635 3792.812 3792.989 3793.166 3793.342 3793.471 3793.594 3793.718 3793.841 3793.878 3793.755 3793.632 3793.509 3793.385 3793.087 3792.744 3792.401 3792.058 3791.732 3791.459 3791.186 3790.912 3790.639 3790.421 3790.227 3790.032 3789.838 3789.674 3789.686 3789.697 3789.709 3789.72 3789.832 3790.01 3790.19 3790.369 3790.556 3790.922 3791.288 3791.655 3792.021 3792.472 3793.012 3793.552 3794.091 3794.631 3795.051 3795.463 3795.876 3796.289 3796.646 3796.917 3797.188 3797.459 3797.73 3797.904 3798.06 3798.215 3798.371 3798.462
3793.396 3793.269 3793.141 3793.174 3793.405 3793.635 3793.866 3794.096 3794.24 3794.374 3794.508 3794.642 3794.683 3794.549 3794.415 3794.281 3794.147 3793.838 3793.484 3793.13 3792.776 3792.432 3792.115 3791.799 3791.483 3791.167 3790.943 3790.759 3790.576 3790.393 3790.237 3790.243 3790.249 3790.255 3790.261 3790.348 3790.49 3790.631 3790.772 3790.923 3791.29 3791.656 3792.022 3792.388 3792.85 3793.412 3793.973 3794.534 3795.095 3795.496 3795.887 3796.278 3796.669 3797.022 3797.314 3797.607 3797.899 3798.192 3798.347 3798.475 3798.604 3798.733 3798.788
3793.952 3793.808 3793.664 3793.712 3793.997 3794.281 3794.566 3794.85 3795.009 3795.154 3795.299 3795.443 3795.488 3795.343 3795.198 3795.053 3794.908 3794.588 3794.224 3793.859 3793.495 3793.132 3792.772 3792.413 3792.053 3791.694 3791.465 3791.292 3791.119 3790.947 3790.799 3790.8 3790.801 3790.802 3790.803 3790.865 3790.968 3791.072 3791.176 3791.291 3791.657 3792.023 3792.389 3792.756 3793.229 3793.811 3794.394 3794.976 3795.559 3795.941 3796.31 3796.68 3797.05 3797.397 3797.712 3798.026 3798.34 3798.654 3798.789 3798.891 3798.993 3799.095 3799.114
3794.458 3794.365 3794.273 3794.36 3794.667 3794.973 3795.28 3795.587 3795.786 3795.973 3796.16 3796.348 3796.405 3796.217 3796.03 3795.843 3795.656 3795.293 3794.886 3794.479 3794.072 3793.676 3793.309 3792.943 3792.577 3792.21 3791.983 3791.817 3791.651 3791.484 3791.34 3791.326 3791.313 3791.299 3791.286 3791.327 3791.407 3791.487 3791.566 3791.658 3792.024 3792.391 3792.757 3793.123 3793.578 3794.123 3794.668 3795.213 3795.759 3796.174 3796.581 3796.988 3797.394 3797.754 3798.04 3798.325 3798.611 3798.897 3799.044 3799.164 3799.284 3799.405 3799.424
3794.954 3794.927 3794.899 3795.029 3795.352 3795.674 3795.997 3796.32 3796.564 3796.8 3797.036 3797.271 3797.343 3797.107 3796.872 3796.636 3796.4 3795.99 3795.534 3795.079 3794.623 3794.19 3793.823 3793.457 3793.091 3792.725 3792.501 3792.34 3792.179 3792.018 3791.876 3791.847 3791.817 3791.787 3791.758 3791.78 3791.838 3791.896 3791.954 3792.025 3792.392 3792.758 3793.124 3793.49 3793.921 3794.418 3794.915 3795.412 3795.908 3796.366 3796.822 3797.277 3797.732 3798.107 3798.355 3798.603 3798.851 3799.099 3799.262 3799.409 3799.557 3799.704 3799.732
3795.451 3795.488 3795.525 3795.698 3796.036 3796.375 3796.714 3797.053 3797.343 3797.627 3797.911 3798.195 3798.281 3797.997 3797.713 3797.429 3797.145 3796.686 3796.182 3795.678 3795.174 3794.704 3794.338 3793.972 3793.605 3793.239 3793.02 3792.864 3792.708 3792.553 3792.413 3792.367 3792.321 3792.275 3792.229 3792.233 3792.269 3792.306 3792.342 3792.393 3792.759 3793.125 3793.492 3793.858 3794.265 3794.713 3795.161 3795.61 3796.058 3796.559 3797.063 3797.566 3798.07 3798.459 3798.67 3798.88 3799.091 3799.301 3799.481 3799.655 3799.829 3800.003 3800.039
3795.948 3796.049 3796.151 3796.366 3796.721 3797.076 3797.431 3797.786 3798.121 3798.453 3798.786 3799.119 3799.22 3798.887 3798.555 3798.222 3797.89 3797.382 3796.83 3796.277 3795.725 3795.219 3794.852 3794.486 3794.12 3793.754 3793.538 3793.387 3793.237 3793.087 3792.949 3792.887 3792.825 3792.763 3792.701 3792.685 3792.7 3792.715 3792.73 3792.76 3793.126 3793.493 3793.859 3794.225 3794.608 3795.008 3795.408 3795.808 3796.208 3796.751 3797.304 3797.856 3798.408 3798.812 3798.985 3799.157 3799.33 3799.503 3799.699 3799.9 3800.102 3800.302 3800.347
3796.786 3796.956 3797.125 3797.431 3797.906 3798.38 3798.854 3799.329 3799.681 3800.019 3800.358 3800.696 3800.754 3800.286 3799.819 3799.351 3798.883 3798.278 3797.638 3796.998 3796.358 3795.784 3795.411 3795.038 3794.665 3794.292 3794.067 3793.906 3793.744 3793.583 3793.434 3793.359 3793.284 3793.21 3793.135 3793.105 3793.107 3793.109 3793.11 3793.127 3793.479 3793.83 3794.182 3794.533 3794.894 3795.265 3795.636 3796.008 3796.379 3796.938 3797.51 3798.081 3798.652 3799.063 3799.224 3799.385 3799.547 3799.708 3799.934 3800.171 3800.409 3800.647 3800.72
3798.406 3798.651 3798.896 3799.404 3800.233 3801.063 3801.892 3802.722 3803.028 3803.275 3803.522 3803.769 3803.651 3802.849 3802.048 3801.246 3800.445 3799.63 3798.813 3797.995 3797.177 3796.464 3796.07 3795.676 3795.281 3794.887 3794.621 3794.411 3794.201 3793.992 3793.801 3793.721 3793.64 3793.56 3793.48 3793.451 3793.458 3793.466 3793.472 3793.492 3793.795 3794.099 3794.402 3794.705 3795.049 3795.437 3795.824 3796.211 3796.598 3797.113 3797.636 3798.159 3798.682 3799.082 3799.292 3799.501 3799.711 3799.921 3800.204 3800.501 3800.798 3801.095 3801.244
3800.027 3800.347 3800.667 3801.376 3802.561 3803.745 3804.93 3806.115 3806.375 3806.53 3806.686 3806.841 3806.548 3805.412 3804.277 3803.142 3802.007 3800.983 3799.988 3798.992 3797.997 3797.145 3796.729 3796.313 3795.897 3795.481 3795.175 3794.917 3794.659 3794.401 3794.167 3794.082 3793.996 3793.911 3793.825 3793.798 3793.81 3793.822 3793.835 3793.858 3794.112 3794.367 3794.622 3794.876 3795.204 3795.608 3796.011 3796.414 3796.818 3797.288 3797.762 3798.237 3798.711 3799.101 3799.359 3799.617 3799.875 3800.134 3800.474 3800.83 3801.187 3801.543 3801.769
3801.647 3802.042 3802.438 3803.348 3804.888 3806.428 3807.968 3809.508 3809.722 3809.786 3809.85 3809.914 3809.444 3807.975 3806.506 3805.037 3803.569 3802.336 3801.163 3799.99 3798.817 3797.825 3797.388 3796.95 3796.513 3796.076 3795.729 3795.423 3795.116 3794.81 3794.534 3794.443 3794.352 3794.261 3794.17 3794.144 3794.161 3794.179 3794.197 3794.223 3794.429 3794.635 3794.842 3795.048 3795.359 3795.779 3796.198 3796.618 3797.037 3797.463 3797.889 3798.315 3798.741 3799.12 3799.427 3799.733 3800.04 3800.346 3800.744 3801.16 3801.575 3801.99 3802.293
3803.267 3803.738 3804.209 3805.32 3807.215 3809.111 3811.006 3812.901 3813.069 3813.041 3813.013 3812.986 3812.341 3810.538 3808.736 3806.933 3805.13 3803.688 3802.338 3800.987 3799.636 3798.506 3798.047 3797.588 3797.129 3796.67 3796.283 3795.928 3795.573 3795.218 3794.901 3794.804 3794.708 3794.612 3794.515 3794.49 3794.513 3794.536 3794.559 3794.588 3794.746 3794.904 3795.062 3795.219 3795.514 3795.95 3796.385 3796.821 3797.257 3797.638 3798.015 3798.393 3798.77 3799.139 3799.494 3799.849 3800.204 3800.559 3801.015 3801.489 3801.964 3802.438 3802.817
3808.77 3809.225 3809.68 3810.74 3812.54 3814.34 3816.139 3817.939 3817.8 3817.441 3817.082 3816.723 3815.761 3813.671 3811.58 3809.489 3807.398 3805.687 3804.072 3802.457 3800.842 3799.48 3798.892 3798.304 3797.716 3797.128 3796.694 3796.328 3795.962 3795.595 3795.267 3795.161 3795.055 3794.949 3794.843 3794.812 3794.833 3794.853 3794.873 3794.898 3795.032 3795.167 3795.301 3795.435 3795.705 3796.115 3796.526 3796.937 3797.347 3797.708 3798.066 3798.424 3798.782 3799.156 3799.556 3799.955 3800.354 3800.754 3801.28 3801.83 3802.381 3802.931 3803.401
3815.444 3815.856 3816.269 3817.2 3818.769 3820.337 3821.906 3823.474 3822.948 3822.185 3821.423 3820.66 3819.34 3816.975 3814.609 3812.244 3809.879 3807.88 3805.974 3804.069 3802.163 3800.542 3799.793 3799.043 3798.294 3797.544 3797.062 3796.695 3796.329 3795.963 3795.633 3795.516 3795.399 3795.282 3795.166 3795.127 3795.142 3795.157 3795.172 3795.192 3795.31 3795.427 3795.545 3795.663 3795.907 3796.28 3796.653 3797.025 3797.398 3797.747 3798.094 3798.441 3798.789 3799.173 3799.615 3800.058 3800.5 3800.943 3801.544 3802.175 3802.806 3803.437 3804.004
3822.118 3822.488 3822.857 3823.661 3824.998 3826.335 3827.672 3829.009 3828.096 3826.93 3825.764 3824.598 3822.919 3820.279 3817.639 3814.999 3812.359 3810.073 3807.877 3805.68 3803.484 3801.604 3800.694 3799.783 3798.872 3797.961 3797.429 3797.063 3796.697 3796.33 3795.999 3795.871 3795.744 3795.616 3795.489 3795.443 3795.452 3795.462 3795.471 3795.485 3795.586 3795.688 3795.79 3795.892 3796.109 3796.444 3796.779 3797.114 3797.449 3797.786 3798.122 3798.459 3798.795 3799.19 3799.675 3800.161 3800.646 3801.132 3801.807 3802.519 3803.231 3803.943 3804.606
3828.793 3829.119 3829.445 3830.121 3831.227 3832.332 3833.438 3834.543 3833.245 3831.675 3830.105 3828.535 3826.498 3823.583 3820.669 3817.754 3814.84 3812.266 3809.779 3807.292 3804.805 3802.667 3801.594 3800.522 3799.45 3798.377 3797.796 3797.43 3797.064 3796.698 3796.365 3796.226 3796.088 3795.95 3795.812 3795.758 3795.762 3795.766 3795.77 3795.778 3795.864 3795.949 3796.035 3796.121 3796.311 3796.608 3796.906 3797.203 3797.501 3797.825 3798.15 3798.476 3798.802 3799.207 3799.735 3800.264 3800.792 3801.321 3802.071 3802.864 3803.656 3804.449 3805.208
3835.937 3836.174 3836.411 3836.89 3837.665 3838.441 3839.216 3839.992 3838.336 3836.406 3834.476 3832.546 3830.181 3826.998 3823.815 3820.633 3817.45 3814.581 3811.792 3809.004 3806.215 3803.802 3802.539 3801.277 3800.014 3798.752 3798.113 3797.746 3797.38 3797.014 3796.68 3796.537 3796.395 3796.252 3796.109 3796.051 3796.051 3796.051 3796.051 3796.055 3796.135 3796.216 3796.297 3796.377 3796.544 3796.799 3797.054 3797.309 3797.563 3797.873 3798.185 3798.498 3798.81 3799.226 3799.804 3800.382 3800.959 3801.537 3802.368 3803.246 3804.124 3805.003 3805.854
3844.638 3844.633 3844.627 3844.678 3844.797 3844.915 3845.034 3845.153 3843.238 3841.092 3838.947 3836.802 3834.209 3830.779 3827.349 3823.919 3820.489 3817.299 3814.171 3811.043 3807.915 3805.177 3803.629 3802.081 3800.533 3798.985 3798.26 3797.893 3797.527 3797.161 3796.829 3796.703 3796.576 3796.449 3796.323 3796.271 3796.271 3796.271 3796.271 3796.276 3796.389 3796.502 3796.615 3796.729 3796.882 3797.078 3797.274 3797.469 3797.665 3797.95 3798.241 3798.532 3798.823 3799.253 3799.901 3800.549 3801.197 3801.844 3802.772 3803.752 3804.733 3805.714 3806.644
3853.339 3853.091 3852.844 3852.466 3851.928 3851.39 3850.852 3850.314 3848.139 3845.778 3843.418 3841.057 3838.239 3834.561 3830.883 3827.205 3823.527 3820.017 3816.55 3813.083 3809.616 3806.552 3804.719 3802.885 3801.052 3799.219 3798.406 3798.04 3797.674 3797.308 3796.979 3796.868 3796.758 3796.647 3796.537 3796.492 3796.492 3796.492 3796.492 3796.498 3796.644 3796.789 3796.934 3797.08 3797.22 3797.357 3797.493 3797.63 3797.766 3798.028 3798.297 3798.567 3798.836 3799.281 3799.999 3800.716 3801.434 3802.152 3803.177 3804.259 3805.342 3806.425 3807.434
3862.04 3861.55 3861.06 3860.254 3859.059 3857.865 3856.67 3855.476 3853.04 3850.464 3847.888 3845.313 3842.267 3838.342 3834.417 3830.491 3826.565 3822.735 3818.929 3815.123 3811.317 3807.927 3805.808 3803.69 3801.571 3799.453 3798.553 3798.187 3797.821 3797.455 3797.128 3797.034 3796.939 3796.845 3796.751 3796.712 3796.712 3796.712 3796.712 3796.72 3796.898 3797.075 3797.253 3797.431 3797.559 3797.636 3797.713 3797.791 3797.868 3798.106 3798.354 3798.601 3798.849 3799.308 3800.096 3800.884 3801.671 3802.459 3803.581 3804.766 3805.951 3807.136 3808.224
3870.74 3870.009 3869.277 3868.042 3866.191 3864.34 3862.488 3860.637 3857.941 3855.15 3852.359 3849.568 3846.296 3842.123 3837.95 3833.777 3829.604 3825.453 3821.308 3817.163 3813.017 3809.301 3806.898 3804.494 3802.09 3799.687 3798.7 3798.334 3797.968 3797.602 3797.277 3797.199 3797.121 3797.043 3796.965 3796.933 3796.933 3796.933 3796.933 3796.942 3797.152 3797.362 3797.572 3797.782 3797.897 3797.915 3797.933 3797.951 3797.969 3798.183 3798.41 3798.636 3798.862 3799.336 3800.193 3801.051 3801.909 3802.766 3803.985 3805.272 3806.56 3807.847 3809.014
3876.82 3875.991 3875.163 3873.707 3871.48 3869.253 3867.026 3864.799 3861.791 3858.694 3855.598 3852.502 3848.984 3844.676 3840.367 3836.059 3831.751 3827.356 3822.939 3818.522 3814.105 3810.139 3807.551 3804.963 3802.375 3799.788 3798.761 3798.417 3798.073 3797.729 3797.426 3797.356 3797.286 3797.217 3797.147 3797.137 3797.167 3797.197 3797.227 3797.264 3797.45 3797.636 3797.822 3798.008 3798.104 3798.108 3798.112 3798.115 3798.119 3798.302 3798.495 3798.689 3798.882 3799.347 3800.233 3801.12 3802.006 3802.893 3804.152 3805.481 3806.811 3808.141 3809.367
3881.752 3880.891 3880.031 3878.443 3875.963 3873.483 3871.003 3868.523 3865.18 3861.739 3858.298 3854.857 3851.085 3846.69 3842.296 3837.902 3833.507 3828.902 3824.243 3819.583 3814.924 3810.741 3808.013 3805.286 3802.558 3799.83 3798.783 3798.472 3798.16 3797.849 3797.573 3797.509 3797.445 3797.381 3797.317 3797.334 3797.407 3797.48 3797.553 3797.629 3797.767 3797.904 3798.042 3798.179 3798.254 3798.263 3798.272 3798.281 3798.29 3798.438 3798.594 3798.749 3798.905 3799.351 3800.248 3801.146 3802.043 3802.94 3804.214 3805.56 3806.906 3808.252 3809.529
3886.684 3885.791 3884.898 3883.179 3880.446 3877.713 3874.98 3872.247 3868.569 3864.784 3860.998 3857.213 3853.186 3848.705 3844.225 3839.744 3835.264 3830.448 3825.546 3820.645 3815.744 3811.344 3808.476 3805.608 3802.74 3799.873 3798.806 3798.527 3798.247 3797.968 3797.721 3797.662 3797.604 3797.545 3797.486 3797.531 3797.647 3797.763 3797.879 3797.994 3798.083 3798.173 3798.262 3798.351 3798.403 3798.418 3798.432 3798.447 3798.461 3798.573 3798.692 3798.81 3798.928 3799.355 3800.263 3801.171 3802.079 3802.987 3804.277 3805.639 3807.001 3808.363 3809.69
3891.616 3890.691 3889.766 3887.915 3884.929 3881.943 3878.958 3875.972 3871.958 3867.828 3863.698 3859.569 3855.287 3850.72 3846.154 3841.587 3837.021 3831.994 3826.85 3821.707 3816.563 3811.946 3808.938 3805.931 3802.923 3799.915 3798.828 3798.581 3798.334 3798.088 3797.869 3797.815 3797.762 3797.709 3797.655 3797.728 3797.887 3798.047 3798.206 3798.36 3798.4 3798.441 3798.482 3798.522 3798.553 3798.573 3798.593 3798.613 3798.633 3798.709 3798.79 3798.871 3798.951 3799.36 3800.278 3801.197 3802.116 3803.034 3804.34 3805.718 3807.096 3808.474 3809.852
3895.795 3894.859 3893.923 3891.954 3888.718 3885.483 3882.248 3879.012 3874.644 3870.147 3865.651 3861.154 3856.604 3851.954 3847.304 3842.653 3838.003 3832.833 3827.529 3822.226 3816.922 3812.171 3809.111 3806.052 3802.991 3799.931 3798.848 3798.629 3798.41 3798.191 3797.998 3797.954 3797.91 3797.866 3797.823 3797.921 3798.115 3798.31 3798.504 3798.69 3798.696 3798.701 3798.706 3798.711 3798.722 3798.74 3798.757 3798.775 3798.792 3798.836 3798.882 3798.927 3798.972 3799.357 3800.269 3801.182 3802.094 3803.006 3804.341 3805.756 3807.171 3808.586 3810.031
3895.999 3895.166 3894.332 3892.315 3888.848 3885.382 3881.915 3878.448 3873.62 3868.639 3863.659 3858.677 3853.787 3849.067 3844.347 3839.627 3834.907 3829.94 3824.911 3819.883 3814.854 3810.411 3807.76 3805.109 3802.458 3799.807 3798.852 3798.638 3798.425 3798.211 3798.027 3798.015 3798.004 3797.993 3797.981 3798.089 3798.278 3798.467 3798.656 3798.839 3798.876 3798.914 3798.951 3798.989 3798.995 3798.969 3798.944 3798.918 3798.893 3798.914 3798.938 3798.962 3798.986 3799.319 3800.135 3800.95 3801.766 3802.581 3804.022 3805.583 3807.143 3808.703 3810.303
