data/zism_data/01088_01_D.txt
ncols         224
nrows         224
[rows 0 to 28 of 224, columns 134 to 200 of 224]
1347.333 1347.212 1347.16 1347.134 1347.107 1347.081 1347.057 1347.044 1347.031 1347.018 1347.005 1346.961 1346.9 1346.84 1346.78 1346.712 1346.592 1346.471 1346.35 1346.23 1346.164 1346.137 1346.111 1346.085 1346.059 1346.051 1346.042 1346.033 1346.024 1346.018 1346.013 1346.009 1346.005 1346.0 1346.0 1346.0 1346.0 1346.0 1346.0 1346.0 1346.0 1346.0 1346.0 1346.0 1346.0 1346.0 1346.0 1346.0 1346.0 1346.0 1346.0 1346.0 1346.0 1346.0 1346.0 1346.0 1346.0 1346.0 1346.0 1346.0 1346.0 1346.0 1346.0 1346.0 1346.0 1346.045 1346.252
1347.512 1347.424 1347.357 1347.298 1347.24 1347.181 1347.128 1347.098 1347.069 1347.04 1347.01 1346.971 1346.927 1346.883 1346.839 1346.79 1346.701 1346.613 1346.525 1346.436 1346.365 1346.307 1346.248 1346.189 1346.132 1346.113 1346.093 1346.074 1346.054 1346.039 1346.03 1346.02 1346.01 1346.0 1346.0 1346.0 1346.0 1346.0 1346.0 1346.0 1346.0 1346.0 1346.0 1346.0 1346.0 1346.0 1346.0 1346.0 1346.0 1346.0 1346.0 1346.0 1346.0 1346.0 1346.0 1346.0 1346.0 1346.0 1346.0 1346.0 1346.0 1346.0 1346.0 1346.0 1346.0 1346.042 1346.233
1347.691 1347.635 1347.554 1347.463 1347.372 1347.281 1347.198 1347.152 1347.107 1347.061 1347.016 1346.982 1346.954 1346.926 1346.898 1346.867 1346.811 1346.755 1346.699 1346.643 1346.567 1346.476 1346.385 1346.294 1346.205 1346.175 1346.145 1346.114 1346.084 1346.061 1346.046 1346.031 1346.016 1346.0 1346.0 1346.0 1346.0 1346.0 1346.0 1346.0 1346.0 1346.0 1346.0 1346.0 1346.0 1346.0 1346.0 1346.0 1346.0 1346.0 1346.0 1346.0 1346.0 1346.0 1346.0 1346.0 1346.0 1346.0 1346.0 1346.0 1346.0 1346.0 1346.0 1346.0 1346.0 1346.038 1346.213
1347.87 1347.847 1347.751 1347.627 1347.504 1347.38 1347.268 1347.207 1347.145 1347.083 1347.021 1346.992 1346.981 1346.969 1346.957 1346.944 1346.921 1346.897 1346.874 1346.85 1346.769 1346.645 1346.522 1346.398 1346.278 1346.237 1346.196 1346.155 1346.114 1346.083 1346.062 1346.042 1346.021 1346.001 1346.0 1346.0 1346.0 1346.0 1346.0 1346.0 1346.0 1346.0 1346.0 1346.0 1346.0 1346.0 1346.0 1346.0 1346.0 1346.0 1346.0 1346.0 1346.0 1346.0 1346.0 1346.0 1346.0 1346.0 1346.0 1346.0 1346.0 1346.0 1346.0 1346.0 1346.0 1346.035 1346.193
1348.017 1348.004 1347.9 1347.762 1347.624 1347.486 1347.361 1347.292 1347.223 1347.154 1347.085 1347.052 1347.039 1347.025 1347.012 1347.0 1347.0 1347.0 1347.0 1347.0 1346.92 1346.782 1346.644 1346.506 1346.372 1346.326 1346.28 1346.234 1346.188 1346.153 1346.13 1346.107 1346.084 1346.061 1346.048 1346.034 1346.021 1346.008 1346.0 1346.0 1346.0 1346.0 1346.0 1346.0 1346.0 1346.0 1346.0 1346.0 1346.0 1346.0 1346.0 1346.0 1346.0 1346.0 1346.0 1346.0 1346.0 1346.0 1346.0 1346.0 1346.0 1346.0 1346.0 1346.0 1346.0 1346.03 1346.168
1348.079 1348.017 1347.923 1347.818 1347.712 1347.607 1347.511 1347.458 1347.405 1347.352 1347.3 1347.241 1347.179 1347.117 1347.055 1347.0 1347.0 1347.0 1347.0 1347.0 1346.939 1346.833 1346.728 1346.622 1346.519 1346.484 1346.449 1346.414 1346.378 1346.352 1346.334 1346.317 1346.299 1346.282 1346.221 1346.159 1346.097 1346.035 1346.0 1346.0 1346.0 1346.0 1346.0 1346.0 1346.0 1346.0 1346.0 1346.0 1346.0 1346.0 1346.0 1346.0 1346.0 1346.0 1346.0 1346.0 1346.0 1346.0 1346.0 1346.0 1346.0 1346.0 1346.0 1346.0 1346.0 1346.023 1346.129
1348.141 1348.03 1347.947 1347.874 1347.8 1347.727 1347.661 1347.624 1347.588 1347.551 1347.514 1347.429 1347.319 1347.208 1347.098 1347.0 1347.0 1347.0 1347.0 1347.0 1346.958 1346.884 1346.811 1346.738 1346.667 1346.642 1346.618 1346.593 1346.569 1346.551 1346.539 1346.526 1346.514 1346.502 1346.394 1346.284 1346.173 1346.063 1346.0 1346.0 1346.0 1346.0 1346.0 1346.0 1346.0 1346.0 1346.0 1346.0 1346.0 1346.0 1346.0 1346.0 1346.0 1346.0 1346.0 1346.0 1346.0 1346.0 1346.0 1346.0 1346.0 1346.0 1346.0 1346.0 1346.0 1346.016 1346.089
1348.203 1348.044 1347.97 1347.93 1347.889 1347.848 1347.811 1347.79 1347.77 1347.75 1347.729 1347.618 1347.459 1347.3 1347.141 1347.0 1347.0 1347.0 1347.0 1347.0 1346.976 1346.935 1346.895 1346.854 1346.814 1346.801 1346.787 1346.773 1346.76 1346.75 1346.743 1346.736 1346.729 1346.722 1346.568 1346.408 1346.249 1346.09 1346.0 1346.0 1346.0 1346.0 1346.0 1346.0 1346.0 1346.0 1346.0 1346.0 1346.0 1346.0 1346.0 1346.0 1346.0 1346.0 1346.0 1346.0 1346.0 1346.0 1346.0 1346.0 1346.0 1346.0 1346.0 1346.0 1346.0 1346.009 1346.05
1348.265 1348.057 1347.994 1347.985 1347.977 1347.969 1347.961 1347.957 1347.952 1347.948 1347.944 1347.807 1347.599 1347.391 1347.184 1347.0 1347.0 1347.0 1347.0 1347.0 1346.995 1346.987 1346.978 1346.97 1346.962 1346.959 1346.956 1346.953 1346.95 1346.948 1346.947 1346.945 1346.944 1346.943 1346.741 1346.533 1346.325 1346.117 1346.0 1346.0 1346.0 1346.0 1346.0 1346.0 1346.0 1346.0 1346.0 1346.0 1346.0 1346.0 1346.0 1346.0 1346.0 1346.0 1346.0 1346.0 1346.0 1346.0 1346.0 1346.0 1346.0 1346.0 1346.0 1346.0 1346.0 1346.002 1346.01
1348.372 1348.18 1348.106 1348.078 1348.051 1348.023 1348.0 1348.0 1348.0 1348.0 1348.0 1347.88 1347.695 1347.511 1347.326 1347.161 1347.141 1347.121 1347.101 1347.081 1347.063 1347.047 1347.031 1347.015 1347.0 1347.0 1347.0 1347.0 1347.0 1347.0 1347.0 1347.0 1347.0 1347.0 1346.821 1346.636 1346.452 1346.267 1346.159 1346.151 1346.144 1346.135 1346.128 1346.134 1346.142 1346.15 1346.158 1346.159 1346.147 1346.135 1346.123 1346.111 1346.119 1346.13 1346.142 1346.154 1346.159 1346.147 1346.135 1346.124 1346.112 1346.091 1346.067 1346.043 1346.019 1346.0 1346.0
1348.495 1348.341 1348.25 1348.185 1348.119 1348.053 1348.0 1348.0 1348.0 1348.0 1348.0 1347.911 1347.775 1347.64 1347.504 1347.378 1347.331 1347.284 1347.237 1347.19 1347.149 1347.111 1347.073 1347.036 1347.0 1347.0 1347.0 1347.0 1347.0 1347.0 1347.0 1347.0 1347.0 1347.0 1346.868 1346.732 1346.596 1346.46 1346.375 1346.356 1346.338 1346.319 1346.3 1346.315 1346.334 1346.353 1346.371 1346.373 1346.345 1346.317 1346.289 1346.26 1346.279 1346.307 1346.335 1346.363 1346.375 1346.347 1346.319 1346.291 1346.263 1346.213 1346.157 1346.1 1346.044 1346.0 1346.0
1348.619 1348.502 1348.395 1348.291 1348.188 1348.084 1348.0 1348.0 1348.0 1348.0 1348.0 1347.943 1347.856 1347.768 1347.681 1347.595 1347.521 1347.447 1347.373 1347.299 1347.234 1347.175 1347.116 1347.057 1347.0 1347.0 1347.0 1347.0 1347.0 1347.0 1347.0 1347.0 1347.0 1347.0 1346.915 1346.828 1346.74 1346.653 1346.591 1346.561 1346.532 1346.502 1346.473 1346.496 1346.526 1346.555 1346.585 1346.588 1346.543 1346.499 1346.455 1346.41 1346.439 1346.484 1346.528 1346.572 1346.591 1346.547 1346.502 1346.458 1346.413 1346.336 1346.247 1346.158 1346.069 1346.0 1346.0
1348.742 1348.663 1348.539 1348.397 1348.256 1348.115 1348.0 1348.0 1348.0 1348.0 1348.0 1347.975 1347.936 1347.897 1347.859 1347.813 1347.712 1347.611 1347.51 1347.409 1347.319 1347.239 1347.158 1347.077 1347.0 1347.0 1347.0 1347.0 1347.0 1347.0 1347.0 1347.0 1347.0 1347.0 1346.962 1346.924 1346.885 1346.846 1346.807 1346.766 1346.726 1346.686 1346.645 1346.677 1346.718 1346.758 1346.798 1346.802 1346.742 1346.681 1346.621 1346.56 1346.599 1346.66 1346.721 1346.781 1346.807 1346.746 1346.686 1346.625 1346.564 1346.458 1346.337 1346.216 1346.095 1346.0 1346.0
1348.847 1348.801 1348.667 1348.501 1348.335 1348.169 1348.033 1348.026 1348.018 1348.01 1348.003 1348.0 1348.0 1348.0 1348.0 1347.986 1347.869 1347.752 1347.635 1347.518 1347.415 1347.321 1347.228 1347.134 1347.044 1347.038 1347.031 1347.025 1347.018 1347.013 1347.01 1347.007 1347.003 1347.0 1347.0 1347.0 1347.0 1347.0 1346.98 1346.933 1346.886 1346.839 1346.792 1346.83 1346.877 1346.923 1346.97 1346.975 1346.904 1346.834 1346.764 1346.694 1346.74 1346.81 1346.88 1346.95 1346.98 1346.909 1346.839 1346.769 1346.699 1346.576 1346.435 1346.295 1346.155 1346.045 1346.045
1348.883 1348.847 1348.736 1348.597 1348.458 1348.319 1348.198 1348.152 1348.107 1348.061 1348.016 1348.0 1348.0 1348.0 1348.0 1347.99 1347.9 1347.81 1347.719 1347.63 1347.55 1347.478 1347.406 1347.334 1347.263 1347.224 1347.186 1347.147 1347.108 1347.078 1347.059 1347.04 1347.02 1347.001 1347.0 1347.0 1347.0 1347.0 1346.984 1346.948 1346.912 1346.876 1346.84 1346.869 1346.905 1346.941 1346.977 1346.98 1346.926 1346.872 1346.818 1346.764 1346.8 1346.854 1346.908 1346.962 1346.984 1346.93 1346.876 1346.822 1346.768 1346.674 1346.566 1346.458 1346.35 1346.265 1346.265
1348.918 1348.893 1348.805 1348.693 1348.581 1348.469 1348.362 1348.279 1348.195 1348.112 1348.029 1348.0 1348.0 1348.0 1348.0 1347.993 1347.93 1347.867 1347.804 1347.741 1347.685 1347.635 1347.584 1347.534 1347.483 1347.411 1347.34 1347.268 1347.197 1347.144 1347.108 1347.072 1347.037 1347.001 1347.0 1347.0 1347.0 1347.0 1346.989 1346.964 1346.939 1346.913 1346.888 1346.908 1346.933 1346.959 1346.984 1346.986 1346.948 1346.911 1346.873 1346.835 1346.86 1346.898 1346.935 1346.973 1346.989 1346.951 1346.913 1346.876 1346.838 1346.772 1346.696 1346.62 1346.545 1346.486 1346.486
1348.953 1348.939 1348.873 1348.788 1348.703 1348.618 1348.526 1348.405 1348.284 1348.163 1348.042 1348.0 1348.0 1348.0 1348.0 1347.996 1347.96 1347.924 1347.888 1347.852 1347.82 1347.791 1347.762 1347.734 1347.702 1347.598 1347.494 1347.39 1347.286 1347.209 1347.157 1347.105 1347.053 1347.001 1347.0 1347.0 1347.0 1347.0 1346.994 1346.979 1346.965 1346.951 1346.936 1346.948 1346.962 1346.976 1346.991 1346.992 1346.971 1346.949 1346.927 1346.906 1346.92 1346.941 1346.963 1346.985 1346.994 1346.972 1346.951 1346.929 1346.907 1346.87 1346.826 1346.783 1346.74 1346.706 1346.706
1348.988 1348.985 1348.942 1348.884 1348.826 1348.768 1348.691 1348.532 1348.373 1348.214 1348.055 1348.0 1348.0 1348.0 1348.0 1347.999 1347.99 1347.981 1347.972 1347.963 1347.955 1347.948 1347.941 1347.933 1347.921 1347.784 1347.648 1347.512 1347.376 1347.274 1347.206 1347.138 1347.07 1347.002 1347.0 1347.0 1347.0 1347.0 1346.998 1346.995 1346.991 1346.988 1346.984 1346.987 1346.99 1346.994 1346.998 1346.998 1346.993 1346.987 1346.982 1346.976 1346.98 1346.985 1346.991 1346.996 1346.998 1346.993 1346.988 1346.982 1346.977 1346.967 1346.957 1346.946 1346.935 1346.927 1346.927
1349.0 1349.0 1348.97 1348.928 1348.886 1348.844 1348.783 1348.637 1348.49 1348.344 1348.198 1348.133 1348.111 1348.09 1348.068 1348.048 1348.037 1348.026 1348.015 1348.005 1348.0 1348.0 1348.0 1348.0 1347.995 1347.869 1347.744 1347.619 1347.493 1347.4 1347.337 1347.274 1347.211 1347.149 1347.115 1347.083 1347.051 1347.018 1347.0 1347.0 1347.0 1347.0 1347.0 1347.0 1347.0 1347.0 1347.0 1347.0 1347.0 1347.0 1347.0 1347.0 1347.0 1347.0 1347.0 1347.0 1347.0 1347.0 1347.0 1347.0 1347.0 1347.0 1347.0 1347.0 1347.0 1347.0 1347.0
1349.0 1349.0 1348.978 1348.947 1348.916 1348.885 1348.839 1348.73 1348.622 1348.514 1348.405 1348.332 1348.278 1348.224 1348.17 1348.119 1348.092 1348.065 1348.038 1348.011 1348.0 1348.0 1348.0 1348.0 1347.996 1347.903 1347.81 1347.717 1347.624 1347.555 1347.508 1347.462 1347.415 1347.369 1347.289 1347.208 1347.127 1347.046 1347.0 1347.0 1347.0 1347.0 1347.0 1347.0 1347.0 1347.0 1347.0 1347.0 1347.0 1347.0 1347.0 1347.0 1347.0 1347.0 1347.0 1347.0 1347.0 1347.0 1347.0 1347.0 1347.0 1347.0 1347.0 1347.0 1347.0 1347.0 1347.0
1349.0 1349.0 1348.985 1348.965 1348.945 1348.925 1348.895 1348.824 1348.754 1348.683 1348.612 1348.531 1348.445 1348.359 1348.272 1348.191 1348.148 1348.105 1348.061 1348.018 1348.0 1348.0 1348.0 1348.0 1347.997 1347.937 1347.876 1347.816 1347.755 1347.71 1347.68 1347.649 1347.619 1347.589 1347.462 1347.332 1347.203 1347.073 1347.0 1347.0 1347.0 1347.0 1347.0 1347.0 1347.0 1347.0 1347.0 1347.0 1347.0 1347.0 1347.0 1347.0 1347.0 1347.0 1347.0 1347.0 1347.0 1347.0 1347.0 1347.0 1347.0 1347.0 1347.0 1347.0 1347.0 1347.0 1347.0
1349.0 1349.0 1348.993 1348.984 1348.974 1348.965 1348.951 1348.918 1348.885 1348.853 1348.82 1348.731 1348.612 1348.493 1348.375 1348.263 1348.203 1348.144 1348.084 1348.025 1348.0 1348.0 1348.0 1348.0 1347.999 1347.971 1347.942 1347.914 1347.886 1347.865 1347.851 1347.837 1347.823 1347.809 1347.635 1347.457 1347.279 1347.101 1347.0 1347.0 1347.0 1347.0 1347.0 1347.0 1347.0 1347.0 1347.0 1347.0 1347.0 1347.0 1347.0 1347.0 1347.0 1347.0 1347.0 1347.0 1347.0 1347.0 1347.0 1347.0 1347.0 1347.0 1347.0 1347.0 1347.0 1347.0 1347.0
1349.0 1349.0 1349.0 1349.0 1349.0 1349.0 1349.0 1349.0 1349.0 1349.0 1349.0 1348.907 1348.764 1348.621 1348.479 1348.344 1348.269 1348.194 1348.119 1348.044 1348.011 1348.008 1348.005 1348.003 1348.0 1348.0 1348.0 1348.0 1348.0 1348.0 1348.0 1348.0 1348.0 1348.0 1347.792 1347.578 1347.364 1347.15 1347.026 1347.02 1347.013 1347.007 1347.001 1347.0 1347.0 1347.0 1347.0 1347.002 1347.006 1347.01 1347.014 1347.018 1347.019 1347.019 1347.019 1347.019 1347.019 1347.019 1347.019 1347.019 1347.019 1347.019 1347.019 1347.019 1347.019 1347.019 1347.019
1349.0 1349.0 1349.0 1349.0 1349.0 1349.0 1349.0 1349.0 1349.0 1349.0 1349.0 1348.928 1348.818 1348.707 1348.597 1348.49 1348.404 1348.318 1348.232 1348.147 1348.097 1348.072 1348.048 1348.023 1348.0 1348.0 1348.0 1348.0 1348.0 1348.0 1348.0 1348.0 1348.0 1348.0 1347.839 1347.674 1347.508 1347.343 1347.225 1347.17 1347.115 1347.061 1347.006 1347.0 1347.0 1347.0 1347.0 1347.013 1347.05 1347.087 1347.123 1347.16 1347.166 1347.166 1347.166 1347.166 1347.166 1347.166 1347.166 1347.166 1347.166 1347.166 1347.166 1347.166 1347.166 1347.166 1347.166
1349.0 1349.0 1349.0 1349.0 1349.0 1349.0 1349.0 1349.0 1349.0 1349.0 1349.0 1348.949 1348.871 1348.793 1348.715 1348.635 1348.539 1348.442 1348.346 1348.249 1348.182 1348.136 1348.09 1348.044 1348.0 1348.0 1348.0 1348.0 1348.0 1348.0 1348.0 1348.0 1348.0 1348.0 1347.886 1347.77 1347.653 1347.536 1347.425 1347.321 1347.218 1347.114 1347.01 1347.0 1347.0 1347.0 1347.0 1347.025 1347.094 1347.163 1347.232 1347.301 1347.313 1347.313 1347.313 1347.313 1347.313 1347.313 1347.313 1347.313 1347.313 1347.313 1347.313 1347.313 1347.313 1347.313 1347.313
1349.0 1349.0 1349.0 1349.0 1349.0 1349.0 1349.0 1349.0 1349.0 1349.0 1349.0 1348.97 1348.925 1348.879 1348.834 1348.781 1348.674 1348.566 1348.459 1348.352 1348.267 1348.2 1348.132 1348.065 1348.0 1348.0 1348.0 1348.0 1348.0 1348.0 1348.0 1348.0 1348.0 1348.0 1347.934 1347.865 1347.797 1347.729 1347.624 1347.472 1347.32 1347.168 1347.015 1347.0 1347.0 1347.0 1347.0 1347.037 1347.138 1347.24 1347.341 1347.442 1347.46 1347.46 1347.46 1347.46 1347.46 1347.46 1347.46 1347.46 1347.46 1347.46 1347.46 1347.46 1347.46 1347.46 1347.46
1349.0 1349.0 1349.0 1349.0 1349.0 1349.0 1349.0 1349.0 1349.0 1349.0 1349.0 1348.991 1348.978 1348.965 1348.952 1348.927 1348.809 1348.69 1348.572 1348.454 1348.353 1348.264 1348.175 1348.085 1348.0 1348.0 1348.0 1348.0 1348.0 1348.0 1348.0 1348.0 1348.0 1348.0 1347.981 1347.961 1347.941 1347.922 1347.823 1347.623 1347.422 1347.221 1347.02 1347.0 1347.0 1347.0 1347.0 1347.048 1347.182 1347.316 1347.45 1347.584 1347.607 1347.607 1347.607 1347.607 1347.607 1347.607 1347.607 1347.607 1347.607 1347.607 1347.607 1347.607 1347.607 1347.607 1347.607
1349.0 1349.0 1349.0 1349.0 1349.0 1349.0 1349.0 1349.0 1349.0 1349.0 1349.0 1349.0 1349.0 1349.0 1349.0 1348.988 1348.881 1348.775 1348.668 1348.562 1348.457 1348.352 1348.248 1348.144 1348.043 1348.034 1348.024 1348.014 1348.005 1348.0 1348.0 1348.0 1348.0 1348.0 1348.0 1348.0 1348.0 1348.0 1347.917 1347.725 1347.534 1347.342 1347.15 1347.131 1347.131 1347.131 1347.131 1347.177 1347.305 1347.433 1347.56 1347.688 1347.71 1347.71 1347.71 1347.71 1347.71 1347.71 1347.71 1347.71 1347.71 1347.71 1347.71 1347.71 1347.71 1347.71 1347.71
1349.0 1349.0 1349.0 1349.0 1349.0 1349.0 1349.0 1349.0 1349.0 1349.0 1349.0 1349.0 1349.0 1349.0 1349.0 1348.991 1348.911 1348.832 1348.752 1348.673 1348.573 1348.458 1348.343 1348.227 1348.116 1348.09 1348.064 1348.039 1348.013 1348.0 1348.0 1348.0 1348.0 1348.0 1348.0 1348.0 1348.0 1348.0 1347.938 1347.795 1347.652 1347.509 1347.366 1347.351 1347.351 1347.351 1347.351 1347.386 1347.481 1347.577 1347.672 1347.767 1347.784 1347.784 1347.784 1347.784 1347.784 1347.784 1347.784 1347.784 1347.784 1347.784 1347.784 1347.784 1347.784 1347.784 1347.784
