data/zism_data/01089_04_D.txt
ncols         224
nrows         224
[rows 28 to 55 of 224, columns 64 to 127 of 224]
243.4197 244.6367 239.9436 235.2505 230.5575 225.8644 221.2413 216.6369 212.0325 207.4282 203.6846 202.8843 202.084 201.2837 200.4834 200.1835 200.1364 200.0893 200.0423 199.9783 199.7665 199.5547 199.3428 199.131 199.0305 199.0248 199.019 199.0133 199.0076 199.0059 199.0042 199.0026 199.001 199.0 199.0 199.0 199.0 199.0 199.0 199.0 199.0 199.0 199.0 199.0 199.0 199.0 199.0 199.6185 200.4657 201.313 202.1602 203.9882 210.6777 217.3672 224.0567 230.7462 238.5764 247.1487 255.721 264.2933 272.6081 275.2979 277.9878 280.6777
252.1738 253.5338 248.7385 243.9433 239.1481 234.3528 228.9524 223.3896 217.8267 212.2638 207.5984 206.0018 204.4052 202.8086 201.212 200.5775 200.4293 200.2812 200.133 199.9776 199.7584 199.5392 199.32 199.1008 199.0 199.0 199.0 199.0 199.0 199.0 199.0 199.0 199.0 199.0 199.0 199.0 199.0 199.0 199.0 199.0 199.0 199.0 199.0 199.0 199.0 199.0 199.0 199.9765 201.3143 202.6521 203.9899 206.3802 213.9884 221.5965 229.2047 236.8128 244.8826 253.2528 261.6231 269.9933 278.0882 280.1709 282.2536 284.3362
260.9736 262.4593 257.6961 252.9328 248.1696 243.4064 237.2553 230.7315 224.2076 217.6838 212.0695 209.5652 207.061 204.5567 202.0525 201.0352 200.7696 200.504 200.2384 199.9776 199.7584 199.5392 199.32 199.1008 199.0 199.0 199.0 199.0 199.0 199.0 199.0 199.0 199.0 199.0 199.0 199.0 199.0 199.0 199.0 199.0 199.0 199.0 199.0 199.0 199.0 199.0 199.0 200.374 202.2563 204.1386 206.0209 209.0159 217.5263 226.0367 234.5472 243.0576 251.2858 259.3304 267.3749 275.4195 283.1784 284.7005 286.2227 287.7448
269.7734 271.3848 266.6536 261.9224 257.1912 252.46 245.5581 238.0734 230.5886 223.1038 216.5406 213.1287 209.7168 206.3049 202.8931 201.493 201.11 200.7269 200.3439 199.9776 199.7584 199.5392 199.32 199.1008 199.0 199.0 199.0 199.0 199.0 199.0 199.0 199.0 199.0 199.0 199.0 199.0 199.0 199.0 199.0 199.0 199.0 199.0 199.0 199.0 199.0 199.0 199.0 200.7715 203.1983 205.6251 208.052 211.6516 221.0643 230.477 239.8897 249.3024 257.689 265.4078 273.1267 280.8456 288.2686 289.2302 290.1917 291.1533
278.5732 280.3103 275.6111 270.912 266.2128 261.5136 253.861 245.4153 236.9695 228.5238 221.0117 216.6922 212.3726 208.0531 203.7336 201.9508 201.4503 200.9498 200.4493 199.9776 199.7584 199.5392 199.32 199.1008 199.0 199.0 199.0 199.0 199.0 199.0 199.0 199.0 199.0 199.0 199.0 199.0 199.0 199.0 199.0 199.0 199.0 199.0 199.0 199.0 199.0 199.0 199.0 201.1689 204.1404 207.1116 210.083 214.2872 224.6022 234.9172 245.2322 255.5472 264.0921 271.4854 278.8786 286.2718 293.3589 293.7598 294.1608 294.5618
284.467 285.9941 281.178 276.362 271.5459 266.7299 258.6232 249.6329 240.6426 231.6524 223.5995 218.7524 213.9052 209.058 204.2108 202.2072 201.6409 201.0747 200.5084 199.979 199.7735 199.5679 199.3624 199.1569 199.0616 199.0601 199.0585 199.057 199.0555 199.0436 199.0314 199.0193 199.0071 199.0 199.0 199.0 199.0 199.0 199.0 199.0 199.0 199.0 199.0107 199.0471 199.0836 199.1201 199.1566 201.9203 205.6931 209.4657 213.2385 218.1942 229.0132 239.8323 250.6514 261.4705 269.8925 276.7549 283.6173 290.4797 297.0424 297.0606 297.0789 297.0971
283.0583 283.5324 278.2252 272.918 267.6108 262.3036 254.4885 246.0001 237.5117 229.0232 221.4554 217.0353 212.6152 208.1952 203.7752 201.9575 201.4553 200.9531 200.4509 199.9839 199.8264 199.669 199.5115 199.354 199.2779 199.271 199.2642 199.2573 199.2505 199.1966 199.1418 199.0869 199.032 199.0 199.0 199.0 199.0 199.0 199.0 199.0 199.0 199.0 199.0481 199.2127 199.3773 199.5419 199.7065 203.5609 208.7805 213.9999 219.2194 225.2956 235.6182 245.9408 256.2633 266.5859 274.1783 279.9943 285.8103 291.6263 297.1913 297.2736 297.3559 297.4382
281.6497 281.0707 275.2723 269.474 263.6756 257.8773 250.3539 242.3673 234.3807 226.3941 219.3112 215.3182 211.3253 207.3324 203.3395 201.7078 201.2696 200.8315 200.3934 199.9888 199.8794 199.77 199.6605 199.5511 199.4942 199.482 199.4698 199.4576 199.4454 199.3497 199.2521 199.1546 199.057 199.0 199.0 199.0 199.0 199.0 199.0 199.0 199.0 199.0 199.0855 199.3782 199.671 199.9637 200.2565 205.2016 211.8679 218.534 225.2003 232.3971 242.2231 252.0492 261.8752 271.7013 278.4641 283.2337 288.0034 292.773 297.3403 297.4866 297.633 297.7794
280.241 278.6089 272.3195 266.03 259.7405 253.451 246.2192 238.7345 231.2497 223.765 217.167 213.6012 210.0354 206.4696 202.9038 201.4581 201.084 200.7099 200.3358 199.9937 199.9324 199.871 199.8096 199.7482 199.7105 199.693 199.6755 199.6579 199.6404 199.5028 199.3625 199.2222 199.0819 199.0 199.0 199.0 199.0 199.0 199.0 199.0 199.0 199.0 199.1229 199.5438 199.9646 200.3855 200.8064 206.8422 214.9553 223.0681 231.1812 239.4986 248.8281 258.1576 267.4872 276.8167 282.7498 286.4731 290.1964 293.9197 297.4892 297.6996 297.9101 298.1205
278.8323 276.1472 269.3666 262.5859 255.8053 249.0247 242.0846 235.1017 228.1188 221.1358 215.0228 211.8841 208.7455 205.6068 202.4681 201.2084 200.8983 200.5883 200.2783 199.9986 199.9853 199.972 199.9587 199.9453 199.9268 199.904 199.8811 199.8582 199.8353 199.6559 199.4729 199.2899 199.1069 199.0 199.0 199.0 199.0 199.0 199.0 199.0 199.0 199.0 199.1603 199.7093 200.2583 200.8073 201.3564 208.4828 218.0427 227.6022 237.1622 246.6 255.433 264.2661 273.0991 281.9321 287.0356 289.7125 292.3894 295.0664 297.6381 297.9126 298.1871 298.4616
270.1843 267.2072 260.7339 254.2607 247.7875 241.3143 235.2576 229.3128 223.3679 217.4231 212.243 209.6781 207.1131 204.5482 201.9832 200.9587 200.7127 200.4668 200.2208 200.0 200.0 200.0 200.0 200.0 199.9889 199.9684 199.9479 199.9274 199.9069 199.7461 199.5821 199.4181 199.2542 199.144 199.1092 199.0745 199.0398 199.0051 199.0033 199.0072 199.011 199.0149 199.3122 200.3211 201.33 202.3389 203.3479 211.3336 221.9004 232.4669 243.0338 253.1764 261.2159 269.2553 277.2947 285.3342 289.734 291.7658 293.7976 295.8294 297.7845 298.0652 298.3459 298.6266
258.7576 255.7805 249.9212 244.062 238.2027 232.3434 227.3973 222.6963 217.9953 213.2944 209.2193 207.2843 205.3494 203.4144 201.4795 200.709 200.5271 200.3452 200.1633 200.0 200.0 200.0 200.0 200.0 199.9918 199.9767 199.9615 199.9463 199.9312 199.8122 199.691 199.5697 199.4484 199.3432 199.2604 199.1776 199.0948 199.0121 199.0079 199.017 199.0262 199.0354 199.508 201.1042 202.7004 204.2965 205.8927 214.6488 226.0538 237.4585 248.8635 259.5512 266.6831 273.8149 280.9468 288.0786 291.8232 293.3638 294.9045 296.4452 297.93 298.1946 298.4593 298.724
247.3309 244.3539 239.1086 233.8632 228.6179 223.3726 219.5369 216.0798 212.6228 209.1657 206.1955 204.8906 203.5856 202.2807 200.9757 200.4593 200.3414 200.2236 200.1058 200.0 200.0 200.0 200.0 200.0 199.9947 199.9849 199.9751 199.9652 199.9554 199.8784 199.7998 199.7212 199.6427 199.5424 199.4116 199.2807 199.1499 199.0191 199.0124 199.0269 199.0415 199.056 199.7038 201.8873 204.0707 206.2541 208.4375 217.964 230.2072 242.45 254.6932 265.9261 272.1503 278.3745 284.5988 290.8231 293.9123 294.9619 296.0114 297.0609 298.0754 298.3241 298.5727 298.8214
235.9042 232.9272 228.2959 223.6645 219.0331 214.4017 211.6766 209.4634 207.2502 205.037 203.1718 202.4969 201.8219 201.1469 200.4719 200.2096 200.1558 200.1021 200.0483 200.0 200.0 200.0 200.0 200.0 199.9976 199.9931 199.9886 199.9841 199.9797 199.9445 199.9086 199.8728 199.8369 199.7416 199.5627 199.3839 199.205 199.0261 199.017 199.0368 199.0567 199.0766 199.8997 202.6703 205.441 208.2117 210.9824 221.2793 234.3606 247.4416 260.5229 272.3009 277.6175 282.9342 288.2509 293.5675 296.0015 296.5599 297.1183 297.6767 298.2208 298.4535 298.6861 298.9188
225.3965 222.5332 218.5826 214.632 210.6815 206.7309 205.0115 203.8913 202.7711 201.6508 200.7487 200.5922 200.4358 200.2794 200.1229 200.0602 200.0447 200.0293 200.0139 200.0 200.0 200.0 200.0 200.0 200.0 200.0 200.0 200.0 200.0 200.0 200.0 200.0 200.0 199.912 199.7005 199.489 199.2776 199.0661 199.0553 199.0788 199.1023 199.1258 200.0956 203.3601 206.6245 209.889 213.1535 224.0792 237.8392 251.5988 265.3589 277.5732 282.1245 286.6759 291.2273 295.7787 297.6722 297.8363 298.0005 298.1646 298.3308 298.5423 298.7538 298.9653
219.6914 217.536 214.6158 211.6956 208.7753 205.8551 204.5938 203.7778 202.9619 202.146 201.4648 201.2443 201.0238 200.8033 200.5828 200.4347 200.3232 200.2116 200.1001 200.0 200.0 200.0 200.0 200.0 200.0 200.0 200.0 200.0 200.0 200.0 200.0 200.0 200.0 199.932 199.7686 199.6051 199.4417 199.2783 199.2699 199.2881 199.3062 199.3244 200.292 203.5618 206.8316 210.1014 213.3713 224.1854 237.7906 251.3954 265.0007 277.0825 281.6125 286.1426 290.6726 295.2027 297.1556 297.4319 297.7081 297.9844 298.2557 298.4191 298.5826 298.746
213.9864 212.5388 210.6489 208.7591 206.8692 204.9794 204.176 203.6644 203.1528 202.6412 202.181 201.8964 201.6118 201.3273 201.0427 200.8092 200.6016 200.394 200.1864 200.0 200.0 200.0 200.0 200.0 200.0 200.0 200.0 200.0 200.0 200.0 200.0 200.0 200.0 199.952 199.8366 199.7212 199.6058 199.4904 199.4845 199.4974 199.5102 199.523 200.4884 203.7635 207.0387 210.3139 213.5891 224.2916 237.7421 251.192 264.6425 276.5919 281.1006 285.6092 290.1179 294.6266 296.639 297.0274 297.4157 297.8041 298.1805 298.2959 298.4113 298.5267
208.2813 207.5416 206.6821 205.8226 204.9631 204.1036 203.7583 203.551 203.3437 203.1364 202.8971 202.5485 202.1999 201.8512 201.5026 201.1838 200.8801 200.5764 200.2727 200.0 200.0 200.0 200.0 200.0 200.0 200.0 200.0 200.0 200.0 200.0 200.0 200.0 200.0 199.972 199.9046 199.8373 199.77 199.7026 199.6992 199.7067 199.7142 199.7216 200.6848 203.9653 207.2458 210.5263 213.8068 224.3978 237.6935 250.9886 264.2842 276.1013 280.5886 285.0759 289.5632 294.0505 296.1225 296.6229 297.1234 297.6238 298.1053 298.1727 298.24 298.3074
202.5763 202.5444 202.7152 202.8861 203.057 203.2278 203.3405 203.4375 203.5346 203.6316 203.6133 203.2006 202.7879 202.3752 201.9625 201.5583 201.1585 200.7587 200.3589 200.0 200.0 200.0 200.0 200.0 200.0 200.0 200.0 200.0 200.0 200.0 200.0 200.0 200.0 199.992 199.9727 199.9534 199.9341 199.9148 199.9138 199.916 199.9181 199.9203 200.8812 204.1671 207.4529 210.7388 214.0246 224.504 237.6449 250.7852 263.926 275.6106 280.0766 284.5425 289.0085 293.4744 295.6059 296.2184 296.831 297.4436 298.0302 298.0495 298.0688 298.088
204.1976 204.6089 205.0368 205.4648 205.8927 206.3206 206.2666 206.0832 205.8998 205.7164 205.4152 204.7116 204.0079 203.3042 202.6006 202.0201 201.5018 200.9836 200.4653 200.0 200.0 200.0 200.0 200.0 200.0 200.0 200.0 200.0 200.0 200.0 200.0 200.0 200.0 200.0 200.0 200.0 200.0 200.0 200.0 200.0 200.0 200.0 200.9181 204.0623 207.2065 210.3507 213.4949 223.7577 236.6543 249.5503 262.4468 273.9632 278.6378 283.3125 287.9872 292.6619 294.8932 295.5348 296.1764 296.818 297.4268 297.3214 297.2159 297.1105
210.7332 211.41 211.5763 211.7426 211.909 212.0753 211.4356 210.5795 209.7234 208.8673 207.9454 206.7986 205.6518 204.505 203.3582 202.5403 201.8886 201.2368 200.5851 200.0 200.0 200.0 200.0 200.0 200.0 200.0 200.0 200.0 200.0 200.0 200.0 200.0 200.0 200.0 200.0 200.0 200.0 200.0 200.0 200.0 200.0 200.0 200.8479 203.7519 206.6558 209.5598 212.4637 222.4396 235.0318 247.6236 260.2158 271.5398 276.5775 281.6152 286.653 291.6907 294.0489 294.6638 295.2787 295.8936 296.4693 296.1876 295.906 295.6244
217.2687 218.2111 218.1158 218.0205 217.9252 217.83 216.6046 215.0759 213.5471 212.0183 210.4757 208.8857 207.2958 205.7058 204.1159 203.0605 202.2753 201.4901 200.7049 200.0 200.0 200.0 200.0 200.0 200.0 200.0 200.0 200.0 200.0 200.0 200.0 200.0 200.0 200.0 200.0 200.0 200.0 200.0 200.0 200.0 200.0 200.0 200.7778 203.4415 206.1052 208.7689 211.4326 221.1214 233.4093 245.6968 257.9847 269.1164 274.5172 279.918 285.3187 290.7195 293.2047 293.7929 294.3811 294.9693 295.5117 295.0539 294.5961 294.1382
223.8042 225.0122 224.6553 224.2984 223.9415 223.5846 221.7736 219.5722 217.3707 215.1693 213.0059 210.9728 208.9397 206.9066 204.8736 203.5807 202.6621 201.7434 200.8248 200.0 200.0 200.0 200.0 200.0 200.0 200.0 200.0 200.0 200.0 200.0 200.0 200.0 200.0 200.0 200.0 200.0 200.0 200.0 200.0 200.0 200.0 200.0 200.7076 203.1311 205.5546 207.978 210.4015 219.8033 231.7868 243.77 255.7536 266.6931 272.4569 278.2207 283.9845 289.7483 292.3604 292.9219 293.4834 294.0449 294.5541 293.9201 293.2861 292.6521
230.484 231.9073 231.2424 230.5775 229.9127 229.2478 226.8362 223.9557 221.0751 218.1945 215.4096 212.9519 210.4942 208.0365 205.5788 204.0614 203.0195 201.9775 200.9355 200.0 200.0 200.0 200.0 200.0 200.0 200.0 200.0 200.0 200.0 200.0 200.0 200.0 200.0 200.0 200.0 200.0 200.0 200.0 200.0 200.0 200.0 200.0 200.6359 202.8139 204.9919 207.1698 209.3478 218.4596 230.1367 241.8134 253.4905 264.2375 270.3735 276.5095 282.6455 288.7815 291.5266 292.0655 292.6044 293.1433 293.6229 292.8063 291.9897 291.1731
240.9722 241.2829 239.0859 236.8888 234.6918 232.4947 229.0897 225.3603 221.6309 217.9015 214.4743 212.0807 209.687 207.2934 204.8997 203.4996 202.6018 201.7039 200.8061 200.0 200.0 200.0 200.0 200.0 200.0 200.0 200.0 200.0 200.0 200.0 200.0 200.0 200.0 200.0 200.0 200.0 200.0 200.0 200.0 200.0 200.0 200.0 200.5237 202.3173 204.1109 205.9044 207.698 216.441 227.7551 239.0688 250.3828 260.9308 267.6807 274.4307 281.1807 287.9306 290.9695 291.5938 292.2181 292.8425 293.3882 292.2193 291.0504 289.8815
251.4603 250.6585 246.9293 243.2001 239.4709 235.7417 231.3432 226.7649 222.1867 217.6084 213.539 211.2094 208.8798 206.5502 204.2206 202.9378 202.1841 201.4304 200.6767 200.0 200.0 200.0 200.0 200.0 200.0 200.0 200.0 200.0 200.0 200.0 200.0 200.0 200.0 200.0 200.0 200.0 200.0 200.0 200.0 200.0 200.0 200.0 200.4115 201.8206 203.2298 204.639 206.0482 214.4224 225.3735 236.3241 247.2751 257.624 264.988 272.3519 279.7159 287.0798 290.4124 291.1222 291.8319 292.5416 293.1537 291.6324 290.1111 288.5898
261.9485 260.0341 254.7728 249.5114 244.25 238.9887 233.5966 228.1696 222.7425 217.3154 212.6037 210.3382 208.0726 205.8071 203.5416 202.376 201.7664 201.1568 200.5473 200.0 200.0 200.0 200.0 200.0 200.0 200.0 200.0 200.0 200.0 200.0 200.0 200.0 200.0 200.0 200.0 200.0 200.0 200.0 200.0 200.0 200.0 200.0 200.2992 201.324 202.3488 203.3737 204.3985 212.4039 222.9919 233.5795 244.1675 254.3173 262.2952 270.2731 278.251 286.2289 289.8553 290.6505 291.4456 292.2408 292.919 291.0454 289.1718 287.2982
272.4366 269.4097 262.6162 255.8227 249.0291 242.2356 235.8501 229.5742 223.2983 217.0224 211.6684 209.4669 207.2654 205.064 202.8625 201.8141 201.3487 200.8833 200.4179 200.0 200.0 200.0 200.0 200.0 200.0 200.0 200.0 200.0 200.0 200.0 200.0 200.0 200.0 200.0 200.0 200.0 200.0 200.0 200.0 200.0 200.0 200.0 200.187 200.8274 201.4678 202.1083 202.7487 210.3853 220.6102 230.8348 241.0598 251.0106 259.6025 268.1943 276.7862 285.3781 289.2982 290.1788 291.0593 291.9399 292.6844 290.4585 288.2325 286.0066
