data/zism_data/01085_02_D.txt
ncols         224
nrows         224
[rows 87 to 115 of 224, columns 0 to 64 of 224]
1382.93 1381.668 1380.406 1378.935 1377.221 1375.508 1373.794 1372.08 1369.771 1367.415 1365.059 1362.703 1361.009 1360.343 1359.678 1359.012 1358.347 1359.706 1361.409 1363.111 1364.814 1366.366 1367.599 1368.832 1370.065 1371.297 1371.521 1371.463 1371.406 1371.349 1371.037 1369.943 1368.85 1367.757 1366.664 1366.544 1366.821 1367.097 1367.374 1367.498 1366.898 1366.298 1365.698 1365.097 1364.95 1365.062 1365.172 1365.284 1365.353 1365.057 1364.762 1364.466 1364.17 1363.468 1362.453 1361.438 1360.423 1359.419 1358.787 1358.155 1357.523 1356.892 1355.987 1354.801 1353.614
1385.562 1384.543 1383.524 1382.292 1380.815 1379.338 1377.862 1376.385 1374.057 1371.664 1369.27 1366.877 1364.978 1363.85 1362.721 1361.593 1360.465 1361.55 1363.01 1364.471 1365.931 1367.248 1368.26 1369.272 1370.284 1371.297 1371.173 1370.733 1370.294 1369.855 1369.124 1367.504 1365.883 1364.262 1362.642 1362.086 1361.964 1361.843 1361.721 1361.559 1361.201 1360.843 1360.484 1360.126 1360.373 1360.963 1361.553 1362.143 1362.65 1362.424 1362.198 1361.973 1361.747 1361.139 1360.237 1359.335 1358.433 1357.543 1357.068 1356.592 1356.116 1355.641 1354.9 1353.886 1352.872
1388.195 1387.418 1386.641 1385.649 1384.409 1383.169 1381.929 1380.689 1378.344 1375.913 1373.482 1371.05 1368.948 1367.356 1365.765 1364.174 1362.583 1363.394 1364.612 1365.83 1367.048 1368.13 1368.922 1369.713 1370.504 1371.296 1370.825 1370.003 1369.182 1368.36 1367.212 1365.064 1362.916 1360.768 1358.62 1357.628 1357.108 1356.588 1356.068 1355.619 1355.503 1355.387 1355.271 1355.155 1355.795 1356.864 1357.933 1359.002 1359.947 1359.791 1359.635 1359.479 1359.324 1358.81 1358.021 1357.232 1356.443 1355.668 1355.348 1355.029 1354.709 1354.389 1353.813 1352.971 1352.129
1390.443 1389.874 1389.305 1388.525 1387.499 1386.473 1385.448 1384.422 1382.193 1379.87 1377.547 1375.224 1373.08 1371.214 1369.348 1367.482 1365.616 1366.161 1367.115 1368.068 1369.021 1369.871 1370.501 1371.131 1371.761 1372.39 1371.713 1370.672 1369.631 1368.59 1367.206 1364.772 1362.338 1359.904 1357.47 1356.186 1355.372 1354.558 1353.744 1353.064 1353.022 1352.979 1352.937 1352.895 1353.629 1354.804 1355.978 1357.153 1358.189 1358.002 1357.815 1357.628 1357.441 1356.973 1356.289 1355.604 1354.92 1354.25 1354.044 1353.838 1353.633 1353.427 1352.983 1352.294 1351.605
1392.336 1391.945 1391.554 1390.958 1390.127 1389.295 1388.463 1387.631 1385.641 1383.56 1381.479 1379.399 1377.362 1375.394 1373.426 1371.457 1369.489 1369.775 1370.443 1371.111 1371.78 1372.401 1372.923 1373.445 1373.967 1374.489 1373.733 1372.623 1371.512 1370.401 1368.948 1366.45 1363.951 1361.452 1358.954 1357.51 1356.496 1355.483 1354.47 1353.611 1353.488 1353.366 1353.243 1353.12 1353.673 1354.611 1355.549 1356.487 1357.298 1356.987 1356.676 1356.365 1356.054 1355.587 1355.0 1354.412 1353.825 1353.251 1353.12 1352.99 1352.86 1352.73 1352.39 1351.836 1351.281
1394.23 1394.016 1393.803 1393.392 1392.754 1392.116 1391.478 1390.84 1389.089 1387.25 1385.411 1383.573 1381.644 1379.573 1377.503 1375.432 1373.362 1373.389 1373.772 1374.155 1374.538 1374.931 1375.345 1375.759 1376.174 1376.588 1375.754 1374.573 1373.393 1372.212 1370.69 1368.127 1365.564 1363.001 1360.438 1358.833 1357.621 1356.408 1355.196 1354.159 1353.955 1353.752 1353.548 1353.344 1353.718 1354.418 1355.119 1355.82 1356.406 1355.971 1355.537 1355.102 1354.668 1354.201 1353.711 1353.22 1352.73 1352.252 1352.197 1352.142 1352.087 1352.032 1351.797 1351.377 1350.957
1396.123 1396.088 1396.052 1395.826 1395.382 1394.938 1394.494 1394.049 1392.536 1390.94 1389.344 1387.747 1385.926 1383.753 1381.58 1379.407 1377.234 1377.003 1377.101 1377.198 1377.296 1377.46 1377.767 1378.073 1378.38 1378.687 1377.775 1376.524 1375.273 1374.023 1372.433 1369.805 1367.177 1364.549 1361.921 1360.157 1358.745 1357.334 1355.922 1354.706 1354.422 1354.138 1353.853 1353.569 1353.762 1354.226 1354.69 1355.154 1355.515 1354.956 1354.398 1353.839 1353.281 1352.816 1352.422 1352.028 1351.635 1351.253 1351.273 1351.294 1351.314 1351.335 1351.204 1350.919 1350.634
1398.017 1398.159 1398.3 1398.26 1398.01 1397.759 1397.509 1397.258 1395.984 1394.63 1393.276 1391.922 1390.207 1387.932 1385.657 1383.382 1381.107 1380.617 1380.429 1380.242 1380.054 1379.99 1380.189 1380.388 1380.587 1380.786 1379.796 1378.475 1377.154 1375.833 1374.175 1371.482 1368.79 1366.097 1363.405 1361.481 1359.87 1358.259 1356.648 1355.254 1354.889 1354.524 1354.159 1353.793 1353.806 1354.033 1354.261 1354.488 1354.623 1353.941 1353.258 1352.576 1351.894 1351.43 1351.133 1350.836 1350.539 1350.254 1350.35 1350.446 1350.541 1350.637 1350.611 1350.461 1350.31
1398.443 1398.575 1398.706 1398.687 1398.494 1398.302 1398.109 1397.916 1396.891 1395.8 1394.708 1393.618 1392.179 1390.198 1388.219 1386.238 1384.258 1383.746 1383.482 1383.218 1382.954 1382.823 1382.978 1383.132 1383.286 1383.44 1382.512 1381.283 1380.055 1378.826 1377.227 1374.496 1371.765 1369.034 1366.303 1364.342 1362.694 1361.046 1359.398 1357.934 1357.347 1356.76 1356.173 1355.587 1355.284 1355.144 1355.004 1354.864 1354.661 1353.902 1353.143 1352.384 1351.625 1351.155 1350.908 1350.661 1350.415 1350.177 1350.254 1350.331 1350.408 1350.485 1350.467 1350.352 1350.236
1398.826 1398.941 1399.056 1399.054 1398.915 1398.776 1398.637 1398.499 1397.721 1396.894 1396.067 1395.239 1394.081 1392.408 1390.734 1389.061 1387.388 1386.86 1386.526 1386.192 1385.858 1385.666 1385.777 1385.888 1385.999 1386.111 1385.249 1384.117 1382.985 1381.854 1380.319 1377.55 1374.781 1372.013 1369.244 1367.249 1365.568 1363.888 1362.208 1360.678 1359.865 1359.052 1358.239 1357.426 1356.805 1356.294 1355.782 1355.271 1354.726 1353.892 1353.058 1352.223 1351.389 1350.914 1350.716 1350.517 1350.319 1350.128 1350.183 1350.239 1350.294 1350.35 1350.337 1350.254 1350.17
1399.209 1399.308 1399.407 1399.421 1399.336 1399.251 1399.166 1399.081 1398.552 1397.988 1397.424 1396.861 1395.983 1394.617 1393.25 1391.884 1390.517 1389.974 1389.57 1389.166 1388.762 1388.509 1388.577 1388.645 1388.713 1388.781 1387.986 1386.951 1385.916 1384.881 1383.41 1380.604 1377.797 1374.991 1372.185 1370.156 1368.443 1366.73 1365.018 1363.422 1362.383 1361.344 1360.305 1359.266 1358.327 1357.443 1356.561 1355.678 1354.792 1353.882 1352.973 1352.063 1351.153 1350.673 1350.523 1350.373 1350.223 1350.078 1350.112 1350.146 1350.18 1350.214 1350.206 1350.155 1350.104
1399.592 1399.675 1399.757 1399.787 1399.756 1399.725 1399.694 1399.663 1399.382 1399.082 1398.782 1398.483 1397.885 1396.826 1395.766 1394.707 1393.647 1393.088 1392.614 1392.141 1391.667 1391.352 1391.377 1391.402 1391.427 1391.452 1390.723 1389.785 1388.847 1387.909 1386.502 1383.658 1380.814 1377.97 1375.126 1373.063 1371.318 1369.573 1367.828 1366.167 1364.901 1363.636 1362.371 1361.106 1359.848 1358.593 1357.339 1356.085 1354.858 1353.873 1352.887 1351.902 1350.917 1350.432 1350.33 1350.229 1350.127 1350.029 1350.041 1350.054 1350.066 1350.079 1350.076 1350.057 1350.038
1399.831 1399.898 1399.964 1400.0 1400.0 1400.0 1400.0 1400.0 1399.876 1399.743 1399.609 1399.476 1399.073 1398.25 1397.427 1396.604 1395.781 1395.259 1394.787 1394.316 1393.844 1393.528 1393.541 1393.555 1393.568 1393.582 1392.904 1392.033 1391.163 1390.292 1388.947 1386.152 1383.356 1380.56 1377.765 1375.686 1373.9 1372.114 1370.327 1368.604 1367.178 1365.753 1364.327 1362.901 1361.39 1359.83 1358.27 1356.71 1355.197 1354.105 1353.013 1351.921 1350.829 1350.31 1350.232 1350.154 1350.076 1350.0 1350.0 1350.0 1350.0 1350.0 1350.0 1350.0 1350.0
1399.872 1399.922 1399.973 1400.0 1400.0 1400.0 1400.0 1400.0 1399.906 1399.805 1399.704 1399.603 1399.274 1398.591 1397.908 1397.225 1396.542 1396.127 1395.758 1395.389 1395.02 1394.783 1394.829 1394.875 1394.921 1394.967 1394.316 1393.473 1392.629 1391.786 1390.502 1387.873 1385.245 1382.616 1379.987 1377.918 1376.078 1374.238 1372.398 1370.618 1369.123 1367.627 1366.131 1364.636 1362.962 1361.186 1359.411 1357.636 1355.914 1354.671 1353.429 1352.186 1350.943 1350.353 1350.264 1350.175 1350.086 1350.0 1350.0 1350.0 1350.0 1350.0 1350.0 1350.0 1350.0
1399.913 1399.947 1399.982 1400.0 1400.0 1400.0 1400.0 1400.0 1399.936 1399.867 1399.799 1399.73 1399.475 1398.932 1398.389 1397.846 1397.303 1396.996 1396.729 1396.462 1396.196 1396.039 1396.117 1396.195 1396.273 1396.351 1395.729 1394.912 1394.096 1393.279 1392.057 1389.595 1387.133 1384.671 1382.209 1380.151 1378.257 1376.363 1374.469 1372.633 1371.067 1369.501 1367.936 1366.37 1364.534 1362.543 1360.552 1358.562 1356.631 1355.238 1353.844 1352.451 1351.057 1350.395 1350.296 1350.196 1350.097 1350.0 1350.0 1350.0 1350.0 1350.0 1350.0 1350.0 1350.0
1399.954 1399.972 1399.99 1400.0 1400.0 1400.0 1400.0 1400.0 1399.966 1399.93 1399.893 1399.857 1399.677 1399.274 1398.87 1398.467 1398.064 1397.865 1397.7 1397.536 1397.371 1397.294 1397.405 1397.515 1397.626 1397.736 1397.142 1396.352 1395.562 1394.773 1393.612 1391.317 1389.022 1386.727 1384.432 1382.383 1380.436 1378.488 1376.54 1374.647 1373.011 1371.376 1369.74 1368.105 1366.105 1363.899 1361.693 1359.487 1357.349 1355.804 1354.26 1352.716 1351.172 1350.438 1350.328 1350.217 1350.107 1350.0 1350.0 1350.0 1350.0 1350.0 1350.0 1350.0 1350.0
1399.995 1399.997 1399.999 1400.0 1400.0 1400.0 1400.0 1400.0 1399.996 1399.992 1399.988 1399.983 1399.878 1399.615 1399.352 1399.088 1398.825 1398.734 1398.671 1398.609 1398.547 1398.55 1398.693 1398.835 1398.978 1399.121 1398.555 1397.792 1397.029 1396.266 1395.167 1393.039 1390.91 1388.782 1386.654 1384.616 1382.614 1380.613 1378.611 1376.661 1374.956 1373.25 1371.545 1369.839 1367.677 1365.256 1362.835 1360.413 1358.066 1356.371 1354.676 1352.981 1351.286 1350.481 1350.36 1350.239 1350.118 1350.0 1350.0 1350.0 1350.0 1350.0 1350.0 1350.0 1350.0
1400.0 1400.0 1400.0 1400.0 1400.0 1400.0 1400.0 1400.0 1400.0 1400.0 1400.0 1400.0 1399.922 1399.724 1399.526 1399.328 1399.13 1399.067 1399.028 1398.988 1398.948 1398.959 1399.078 1399.197 1399.316 1399.435 1398.94 1398.274 1397.608 1396.943 1395.971 1394.066 1392.161 1390.256 1388.35 1386.339 1384.283 1382.228 1380.173 1378.143 1376.231 1374.32 1372.409 1370.497 1368.156 1365.571 1362.986 1360.401 1357.91 1356.247 1354.584 1352.921 1351.257 1350.468 1350.35 1350.232 1350.114 1350.0 1350.0 1350.0 1350.0 1350.0 1350.0 1350.0 1350.0
1400.0 1400.0 1400.0 1400.0 1400.0 1400.0 1400.0 1400.0 1400.0 1400.0 1400.0 1400.0 1399.943 1399.799 1399.655 1399.511 1399.366 1399.321 1399.292 1399.263 1399.234 1399.242 1399.329 1399.415 1399.502 1399.588 1399.17 1398.612 1398.054 1397.496 1396.663 1394.989 1393.316 1391.642 1389.968 1387.985 1385.876 1383.767 1381.658 1379.544 1377.406 1375.269 1373.132 1370.994 1368.472 1365.731 1362.99 1360.249 1357.623 1356.019 1354.415 1352.811 1351.207 1350.446 1350.334 1350.222 1350.109 1350.0 1350.0 1350.0 1350.0 1350.0 1350.0 1350.0 1350.0
1400.0 1400.0 1400.0 1400.0 1400.0 1400.0 1400.0 1400.0 1400.0 1400.0 1400.0 1400.0 1399.965 1399.874 1399.784 1399.693 1399.603 1399.574 1399.556 1399.538 1399.52 1399.525 1399.579 1399.633 1399.688 1399.742 1399.401 1398.951 1398.5 1398.05 1397.355 1395.913 1394.47 1393.028 1391.586 1389.632 1387.469 1385.306 1383.143 1380.945 1378.582 1376.218 1373.855 1371.491 1368.788 1365.89 1362.993 1360.096 1357.336 1355.791 1354.246 1352.702 1351.157 1350.425 1350.318 1350.211 1350.104 1350.0 1350.0 1350.0 1350.0 1350.0 1350.0 1350.0 1350.0
1400.0 1400.0 1400.0 1400.0 1400.0 1400.0 1400.0 1400.0 1400.0 1400.0 1400.0 1400.0 1399.986 1399.949 1399.912 1399.876 1399.839 1399.827 1399.82 1399.813 1399.805 1399.807 1399.829 1399.851 1399.873 1399.895 1399.632 1399.289 1398.946 1398.604 1398.047 1396.836 1395.625 1394.414 1393.203 1391.278 1389.062 1386.845 1384.628 1382.346 1379.757 1377.167 1374.578 1371.989 1369.103 1366.05 1362.996 1359.943 1357.049 1355.563 1354.078 1352.592 1351.107 1350.404 1350.302 1350.2 1350.099 1350.0 1350.0 1350.0 1350.0 1350.0 1350.0 1350.0 1350.0
1399.969 1399.954 1399.938 1399.93 1399.93 1399.93 1399.93 1399.93 1399.93 1399.93 1399.93 1399.93 1399.936 1399.951 1399.967 1399.982 1399.998 1400.0 1400.0 1400.0 1400.0 1400.0 1400.0 1400.0 1400.0 1400.0 1399.784 1399.507 1399.231 1398.955 1398.485 1397.423 1396.361 1395.3 1394.238 1392.325 1390.065 1387.804 1385.544 1383.197 1380.434 1377.672 1374.909 1372.147 1369.118 1365.938 1362.758 1359.577 1356.579 1355.188 1353.798 1352.408 1351.018 1350.362 1350.271 1350.18 1350.089 1350.0 1350.0 1350.0 1350.0 1350.0 1350.0 1350.0 1350.0
1399.872 1399.808 1399.745 1399.71 1399.71 1399.71 1399.71 1399.71 1399.71 1399.71 1399.71 1399.71 1399.735 1399.799 1399.863 1399.927 1399.991 1400.0 1400.0 1400.0 1400.0 1400.0 1400.0 1400.0 1400.0 1400.0 1399.767 1399.469 1399.171 1398.873 1398.381 1397.292 1396.203 1395.115 1394.026 1392.09 1389.808 1387.526 1385.244 1382.869 1380.047 1377.226 1374.404 1371.583 1368.491 1365.246 1362.001 1358.756 1355.717 1354.499 1353.281 1352.063 1350.845 1350.276 1350.207 1350.137 1350.068 1350.0 1350.0 1350.0 1350.0 1350.0 1350.0 1350.0 1350.0
1399.775 1399.663 1399.551 1399.49 1399.49 1399.49 1399.49 1399.49 1399.49 1399.49 1399.49 1399.49 1399.534 1399.647 1399.759 1399.871 1399.984 1400.0 1400.0 1400.0 1400.0 1400.0 1400.0 1400.0 1400.0 1400.0 1399.75 1399.431 1399.111 1398.792 1398.276 1397.161 1396.045 1394.93 1393.814 1391.855 1389.551 1387.248 1384.945 1382.541 1379.66 1376.78 1373.899 1371.018 1367.864 1364.554 1361.245 1357.935 1354.856 1353.81 1352.764 1351.718 1350.673 1350.191 1350.143 1350.095 1350.047 1350.0 1350.0 1350.0 1350.0 1350.0 1350.0 1350.0 1350.0
1399.678 1399.518 1399.357 1399.271 1399.271 1399.271 1399.271 1399.271 1399.271 1399.271 1399.271 1399.271 1399.334 1399.494 1399.655 1399.816 1399.977 1400.0 1400.0 1400.0 1400.0 1400.0 1400.0 1400.0 1400.0 1400.0 1399.733 1399.392 1399.051 1398.71 1398.172 1397.03 1395.887 1394.745 1393.602 1391.62 1389.295 1386.97 1384.645 1382.213 1379.273 1376.333 1373.393 1370.453 1367.237 1363.863 1360.489 1357.115 1353.994 1353.121 1352.247 1351.374 1350.5 1350.105 1350.079 1350.052 1350.026 1350.0 1350.0 1350.0 1350.0 1350.0 1350.0 1350.0 1350.0
1399.582 1399.372 1399.163 1399.051 1399.051 1399.051 1399.051 1399.051 1399.051 1399.051 1399.051 1399.051 1399.133 1399.342 1399.551 1399.76 1399.97 1400.0 1400.0 1400.0 1400.0 1400.0 1400.0 1400.0 1400.0 1400.0 1399.716 1399.354 1398.991 1398.629 1398.068 1396.898 1395.729 1394.559 1393.39 1391.385 1389.038 1386.692 1384.345 1381.886 1378.886 1375.887 1372.888 1369.889 1366.609 1363.171 1359.732 1356.294 1353.133 1352.431 1351.73 1351.029 1350.328 1350.02 1350.015 1350.01 1350.005 1350.0 1350.0 1350.0 1350.0 1350.0 1350.0 1350.0 1350.0
1399.48 1399.276 1399.072 1398.955 1398.938 1398.922 1398.905 1398.889 1398.887 1398.887 1398.887 1398.887 1398.97 1399.183 1399.395 1399.607 1399.819 1399.857 1399.865 1399.874 1399.882 1399.865 1399.795 1399.724 1399.654 1399.584 1399.194 1398.715 1398.236 1397.757 1397.071 1395.755 1394.439 1393.122 1391.806 1389.772 1387.446 1385.119 1382.793 1380.361 1377.431 1374.501 1371.57 1368.64 1365.49 1362.214 1358.938 1355.662 1352.658 1352.059 1351.459 1350.86 1350.261 1350.0 1350.0 1350.0 1350.0 1350.0 1350.0 1350.0 1350.0 1350.0 1350.0 1350.0 1350.0
1399.376 1399.194 1399.011 1398.896 1398.858 1398.82 1398.782 1398.744 1398.741 1398.741 1398.741 1398.741 1398.82 1399.021 1399.223 1399.424 1399.625 1399.671 1399.69 1399.709 1399.728 1399.689 1399.528 1399.366 1399.204 1399.042 1398.518 1397.894 1397.27 1396.645 1395.805 1394.306 1392.807 1391.308 1389.808 1387.745 1385.45 1383.156 1380.862 1378.475 1375.653 1372.83 1370.008 1367.185 1364.221 1361.177 1358.132 1355.088 1352.3 1351.781 1351.263 1350.744 1350.225 1350.0 1350.0 1350.0 1350.0 1350.0 1350.0 1350.0 1350.0 1350.0 1350.0 1350.0 1350.0
1399.273 1399.112 1398.951 1398.837 1398.778 1398.718 1398.658 1398.599 1398.594 1398.594 1398.594 1398.594 1398.669 1398.86 1399.05 1399.241 1399.432 1399.485 1399.515 1399.544 1399.574 1399.514 1399.26 1399.007 1398.754 1398.501 1397.843 1397.073 1396.304 1395.534 1394.539 1392.857 1391.175 1389.493 1387.81 1385.716 1383.454 1381.193 1378.931 1376.59 1373.875 1371.16 1368.445 1365.73 1362.953 1360.14 1357.327 1354.514 1351.942 1351.504 1351.066 1350.628 1350.19 1350.0 1350.0 1350.0 1350.0 1350.0 1350.0 1350.0 1350.0 1350.0 1350.0 1350.0 1350.0
