data/zism_data/01088_02_D.txt
ncols         224
nrows         224
[rows 155 to 185 of 224, columns 71 to 141 of 224]
1349.0 1349.0 1349.0 1349.0 1349.0 1349.085 1349.18 1349.276 1349.372 1349.446 1349.478 1349.51 1349.541 1349.573 1349.613 1349.655 1349.696 1349.738 1349.782 1349.833 1349.884 1349.935 1349.987 1349.868 1349.689 1349.51 1349.331 1349.18 1349.139 1349.097 1349.055 1349.014 1349.0 1349.0 1349.0 1349.0 1349.0 1349.0 1349.0 1349.0 1349.0 1349.0 1349.0 1349.0 1349.0 1349.0 1349.0 1349.0 1349.0 1349.0 1349.0 1349.0 1349.0 1349.0 1349.0 1349.0 1349.0 1349.0 1349.0 1349.0 1349.0 1349.0 1349.0 1349.0 1349.0 1349.0 1349.0 1349.0 1349.0 1349.0 1349.0
1349.0 1349.0 1349.0 1349.0 1349.0 1349.056 1349.119 1349.183 1349.246 1349.295 1349.316 1349.337 1349.358 1349.379 1349.426 1349.478 1349.531 1349.583 1349.644 1349.728 1349.811 1349.895 1349.978 1349.876 1349.708 1349.54 1349.371 1349.227 1349.175 1349.122 1349.07 1349.017 1349.0 1349.0 1349.0 1349.0 1349.0 1349.0 1349.0 1349.0 1349.0 1349.0 1349.0 1349.0 1349.0 1349.0 1349.0 1349.0 1349.0 1349.0 1349.0 1349.0 1349.0 1349.0 1349.0 1349.0 1349.0 1349.0 1349.0 1349.0 1349.0 1349.0 1349.0 1349.0 1349.0 1349.0 1349.0 1349.0 1349.0 1349.0 1349.0
1349.0 1349.0 1349.0 1349.0 1349.0 1349.027 1349.058 1349.089 1349.12 1349.144 1349.155 1349.165 1349.175 1349.186 1349.239 1349.302 1349.365 1349.428 1349.506 1349.622 1349.738 1349.854 1349.97 1349.884 1349.726 1349.569 1349.412 1349.274 1349.211 1349.147 1349.084 1349.021 1349.0 1349.0 1349.0 1349.0 1349.0 1349.0 1349.0 1349.0 1349.0 1349.0 1349.0 1349.0 1349.0 1349.0 1349.0 1349.0 1349.0 1349.0 1349.0 1349.0 1349.0 1349.0 1349.0 1349.0 1349.0 1349.0 1349.0 1349.0 1349.0 1349.0 1349.0 1349.0 1349.0 1349.0 1349.0 1349.0 1349.0 1349.0 1349.0
1349.0 1349.0 1349.0 1349.0 1349.0 1349.0 1349.0 1349.0 1349.0 1349.0 1349.0 1349.0 1349.0 1349.0 1349.059 1349.132 1349.205 1349.277 1349.37 1349.517 1349.663 1349.809 1349.955 1349.886 1349.74 1349.594 1349.448 1349.316 1349.243 1349.17 1349.097 1349.024 1349.0 1349.0 1349.0 1349.0 1349.0 1349.0 1349.0 1349.0 1349.0 1349.0 1349.0 1349.0 1349.0 1349.0 1349.0 1349.0 1349.0 1349.0 1349.0 1349.0 1349.0 1349.0 1349.0 1349.0 1349.0 1349.0 1349.0 1349.0 1349.0 1349.0 1349.0 1349.0 1349.0 1349.0 1349.0 1349.0 1349.0 1349.001 1349.001
1349.0 1349.0 1349.0 1349.0 1349.0 1349.0 1349.0 1349.0 1349.0 1349.0 1349.0 1349.0 1349.0 1349.0 1349.046 1349.103 1349.159 1349.216 1349.292 1349.423 1349.553 1349.683 1349.813 1349.755 1349.63 1349.506 1349.381 1349.27 1349.207 1349.145 1349.083 1349.021 1349.0 1349.0 1349.0 1349.0 1349.0 1349.0 1349.0 1349.0 1349.0 1349.0 1349.0 1349.0 1349.0 1349.0 1349.0 1349.0 1349.0 1349.0 1349.0 1349.0 1349.0 1349.0 1349.0 1349.0 1349.0 1349.0 1349.0 1349.0 1349.0 1349.0 1349.0 1349.0 1349.0 1349.0 1349.0 1349.0 1349.004 1349.016 1349.027
1349.0 1349.0 1349.0 1349.0 1349.0 1349.0 1349.0 1349.0 1349.0 1349.0 1349.0 1349.0 1349.0 1349.0 1349.033 1349.073 1349.114 1349.154 1349.215 1349.328 1349.442 1349.556 1349.67 1349.624 1349.521 1349.418 1349.315 1349.223 1349.171 1349.12 1349.069 1349.017 1349.0 1349.0 1349.0 1349.0 1349.0 1349.0 1349.0 1349.0 1349.0 1349.0 1349.0 1349.0 1349.0 1349.0 1349.0 1349.0 1349.0 1349.0 1349.0 1349.0 1349.0 1349.0 1349.0 1349.0 1349.0 1349.0 1349.0 1349.0 1349.0 1349.0 1349.0 1349.0 1349.0 1349.0 1349.0 1349.0 1349.008 1349.03 1349.052
1349.0 1349.0 1349.0 1349.0 1349.0 1349.0 1349.0 1349.0 1349.0 1349.0 1349.0 1349.0 1349.0 1349.0 1349.02 1349.044 1349.068 1349.092 1349.137 1349.234 1349.332 1349.43 1349.527 1349.493 1349.411 1349.33 1349.249 1349.176 1349.135 1349.095 1349.054 1349.014 1349.0 1349.0 1349.0 1349.0 1349.0 1349.0 1349.0 1349.0 1349.0 1349.0 1349.0 1349.0 1349.0 1349.0 1349.0 1349.0 1349.0 1349.0 1349.0 1349.0 1349.0 1349.0 1349.0 1349.0 1349.0 1349.0 1349.0 1349.0 1349.0 1349.0 1349.0 1349.0 1349.0 1349.0 1349.0 1349.0 1349.012 1349.045 1349.078
1349.0 1349.0 1349.0 1349.0 1349.0 1349.0 1349.0 1349.0 1349.0 1349.0 1349.0 1349.0 1349.0 1349.0 1349.006 1349.014 1349.022 1349.03 1349.059 1349.14 1349.222 1349.303 1349.385 1349.362 1349.302 1349.242 1349.183 1349.129 1349.099 1349.07 1349.04 1349.01 1349.0 1349.0 1349.0 1349.0 1349.0 1349.0 1349.0 1349.0 1349.0 1349.0 1349.0 1349.0 1349.0 1349.0 1349.0 1349.0 1349.0 1349.0 1349.0 1349.0 1349.0 1349.0 1349.0 1349.0 1349.0 1349.0 1349.0 1349.0 1349.0 1349.0 1349.0 1349.0 1349.0 1349.0 1349.0 1349.0 1349.016 1349.06 1349.104
1349.0 1349.0 1349.0 1349.0 1349.0 1349.0 1349.0 1349.0 1349.0 1349.0 1349.0 1349.0 1349.0 1349.0 1349.0 1349.0 1349.0 1349.0 1349.018 1349.083 1349.149 1349.214 1349.279 1349.264 1349.22 1349.177 1349.133 1349.094 1349.073 1349.051 1349.029 1349.007 1349.0 1349.0 1349.0 1349.0 1348.999 1348.994 1348.988 1348.983 1348.977 1348.978 1348.984 1348.989 1348.995 1349.0 1349.0 1349.0 1349.0 1349.0 1349.0 1349.0 1349.0 1349.0 1349.0 1349.0 1349.0 1349.0 1349.0 1349.0 1349.0 1349.0 1349.0 1349.0 1349.017 1349.037 1349.056 1349.075 1349.105 1349.154 1349.203
1349.0 1349.0 1349.0 1349.0 1349.0 1349.0 1349.0 1349.0 1349.0 1349.0 1349.0 1349.0 1349.0 1349.0 1349.0 1349.0 1349.0 1349.0 1349.014 1349.063 1349.112 1349.161 1349.21 1349.198 1349.166 1349.133 1349.1 1349.071 1349.055 1349.038 1349.022 1349.005 1349.0 1349.0 1349.0 1349.0 1348.998 1348.982 1348.965 1348.949 1348.933 1348.936 1348.952 1348.968 1348.985 1349.0 1349.0 1349.0 1349.0 1349.0 1349.0 1349.0 1349.0 1349.0 1349.0 1349.0 1349.0 1349.0 1349.0 1349.0 1349.0 1349.0 1349.0 1349.0 1349.052 1349.109 1349.166 1349.223 1349.277 1349.326 1349.375
1349.0 1349.0 1349.0 1349.0 1349.0 1349.0 1349.0 1349.0 1349.0 1349.0 1349.0 1349.0 1349.0 1349.0 1349.0 1349.0 1349.0 1349.0 1349.009 1349.042 1349.075 1349.108 1349.141 1349.133 1349.111 1349.089 1349.067 1349.047 1349.036 1349.026 1349.015 1349.004 1349.0 1349.0 1349.0 1349.0 1348.996 1348.969 1348.942 1348.915 1348.888 1348.893 1348.92 1348.947 1348.974 1349.0 1349.0 1349.0 1349.0 1349.0 1349.0 1349.0 1349.0 1349.0 1349.0 1349.0 1349.0 1349.0 1349.0 1349.0 1349.0 1349.0 1349.0 1349.0 1349.087 1349.181 1349.276 1349.371 1349.448 1349.497 1349.546
1349.0 1349.0 1349.0 1349.0 1349.0 1349.0 1349.0 1349.0 1349.0 1349.0 1349.0 1349.0 1349.0 1349.0 1349.0 1349.0 1349.0 1349.0 1349.005 1349.021 1349.038 1349.055 1349.071 1349.067 1349.056 1349.045 1349.034 1349.024 1349.019 1349.013 1349.007 1349.002 1349.0 1349.0 1349.0 1349.0 1348.995 1348.957 1348.919 1348.881 1348.844 1348.851 1348.889 1348.926 1348.964 1349.0 1349.0 1349.0 1349.0 1349.0 1349.0 1349.0 1349.0 1349.0 1349.0 1349.0 1349.0 1349.0 1349.0 1349.0 1349.0 1349.0 1349.0 1349.0 1349.121 1349.254 1349.386 1349.519 1349.62 1349.669 1349.718
1349.0 1349.0 1349.0 1349.0 1349.0 1349.0 1349.0 1349.0 1349.0 1349.0 1349.0 1349.0 1349.0 1349.0 1349.0 1349.0 1349.0 1349.0 1349.0 1349.001 1349.001 1349.002 1349.002 1349.002 1349.002 1349.001 1349.001 1349.001 1349.0 1349.0 1349.0 1349.0 1349.0 1349.0 1349.0 1349.0 1348.994 1348.945 1348.896 1348.848 1348.799 1348.808 1348.857 1348.905 1348.954 1349.0 1349.0 1349.0 1349.0 1349.0 1349.0 1349.0 1349.0 1349.0 1349.0 1349.0 1349.0 1349.0 1349.0 1349.0 1349.0 1349.0 1349.0 1349.0 1349.156 1349.326 1349.496 1349.667 1349.791 1349.84 1349.889
1349.0 1349.0 1349.0 1349.0 1349.0 1349.0 1349.0 1349.0 1349.0 1349.0 1349.0 1349.0 1349.0 1349.0 1349.0 1349.0 1349.0 1349.0 1349.0 1349.0 1349.0 1349.0 1349.0 1349.0 1349.0 1349.0 1349.0 1349.0 1349.0 1349.0 1349.0 1349.0 1348.969 1348.921 1348.874 1348.827 1348.781 1348.742 1348.704 1348.665 1348.627 1348.643 1348.698 1348.752 1348.806 1348.859 1348.891 1348.922 1348.953 1348.985 1349.0 1349.0 1349.0 1349.0 1349.0 1349.0 1349.0 1349.0 1349.0 1349.0 1349.0 1349.0 1349.0 1349.0 1349.166 1349.348 1349.53 1349.712 1349.84 1349.878 1349.917
1349.0 1349.0 1349.0 1349.0 1349.0 1349.0 1349.0 1349.0 1349.0 1349.0 1349.0 1349.0 1349.0 1349.0 1349.0 1349.0 1349.0 1349.0 1349.0 1349.0 1349.0 1349.0 1349.0 1349.0 1349.0 1349.0 1349.0 1349.0 1349.0 1349.0 1349.0 1349.0 1348.936 1348.84 1348.745 1348.649 1348.562 1348.534 1348.506 1348.479 1348.451 1348.475 1348.535 1348.594 1348.654 1348.714 1348.778 1348.842 1348.906 1348.969 1349.0 1349.0 1349.0 1349.0 1349.0 1349.0 1349.0 1349.0 1349.0 1349.0 1349.0 1349.0 1349.0 1349.0 1349.176 1349.369 1349.561 1349.754 1349.885 1349.912 1349.94
1349.0 1349.0 1349.0 1349.0 1349.0 1349.0 1349.0 1349.0 1349.0 1349.0 1349.0 1349.0 1349.0 1349.0 1349.0 1349.0 1349.0 1349.0 1349.0 1349.0 1349.0 1349.0 1349.0 1349.0 1349.0 1349.0 1349.0 1349.0 1349.0 1349.0 1349.0 1349.0 1348.904 1348.759 1348.615 1348.471 1348.343 1348.326 1348.309 1348.292 1348.275 1348.307 1348.372 1348.437 1348.502 1348.569 1348.665 1348.761 1348.858 1348.954 1349.0 1349.0 1349.0 1349.0 1349.0 1349.0 1349.0 1349.0 1349.0 1349.0 1349.0 1349.0 1349.0 1349.0 1349.186 1349.389 1349.593 1349.797 1349.93 1349.947 1349.964
1349.0 1349.0 1349.0 1349.0 1349.0 1349.0 1349.0 1349.0 1349.0 1349.0 1349.0 1349.0 1349.0 1349.0 1349.0 1349.0 1349.0 1349.0 1349.0 1349.0 1349.0 1349.0 1349.0 1349.0 1349.0 1349.0 1349.0 1349.0 1349.0 1349.0 1349.0 1349.0 1348.871 1348.678 1348.485 1348.292 1348.124 1348.118 1348.112 1348.105 1348.099 1348.139 1348.209 1348.28 1348.35 1348.424 1348.552 1348.681 1348.81 1348.938 1349.0 1349.0 1349.0 1349.0 1349.0 1349.0 1349.0 1349.0 1349.0 1349.0 1349.0 1349.0 1349.0 1349.0 1349.196 1349.41 1349.624 1349.839 1349.975 1349.981 1349.987
1348.904 1348.904 1348.904 1348.904 1348.904 1348.904 1348.904 1348.904 1348.904 1348.904 1348.904 1348.904 1348.904 1348.904 1348.91 1348.917 1348.924 1348.931 1348.936 1348.936 1348.936 1348.936 1348.936 1348.936 1348.936 1348.936 1348.936 1348.936 1348.933 1348.931 1348.929 1348.926 1348.789 1348.585 1348.381 1348.177 1348.0 1348.0 1348.0 1348.0 1348.0 1348.039 1348.106 1348.172 1348.239 1348.31 1348.464 1348.618 1348.772 1348.926 1349.0 1349.0 1349.0 1349.0 1349.0 1349.0 1349.0 1349.0 1349.0 1349.0 1349.0 1349.0 1349.0 1349.0 1349.201 1349.422 1349.642 1349.863 1350.0 1350.0 1350.0
1348.684 1348.684 1348.684 1348.684 1348.684 1348.684 1348.684 1348.684 1348.684 1348.684 1348.684 1348.684 1348.684 1348.684 1348.703 1348.726 1348.749 1348.772 1348.789 1348.789 1348.789 1348.789 1348.789 1348.789 1348.789 1348.789 1348.789 1348.788 1348.78 1348.772 1348.764 1348.757 1348.643 1348.477 1348.311 1348.145 1348.0 1348.0 1348.0 1348.0 1348.0 1348.03 1348.08 1348.13 1348.181 1348.238 1348.408 1348.578 1348.748 1348.919 1349.0 1349.0 1349.0 1349.0 1349.0 1349.0 1349.0 1349.0 1349.0 1349.0 1349.0 1349.0 1349.0 1349.0 1349.201 1349.422 1349.642 1349.863 1350.0 1350.0 1350.0
1348.463 1348.463 1348.463 1348.463 1348.463 1348.463 1348.463 1348.463 1348.463 1348.463 1348.463 1348.463 1348.463 1348.463 1348.495 1348.535 1348.574 1348.614 1348.642 1348.642 1348.642 1348.642 1348.642 1348.642 1348.642 1348.642 1348.642 1348.64 1348.626 1348.613 1348.6 1348.587 1348.497 1348.369 1348.24 1348.112 1348.0 1348.0 1348.0 1348.0 1348.0 1348.02 1348.054 1348.088 1348.122 1348.165 1348.352 1348.538 1348.724 1348.911 1349.0 1349.0 1349.0 1349.0 1349.0 1349.0 1349.0 1349.0 1349.0 1349.0 1349.0 1349.0 1349.0 1349.0 1349.201 1349.422 1349.642 1349.863 1350.0 1350.0 1350.0
1348.243 1348.243 1348.243 1348.243 1348.243 1348.243 1348.243 1348.243 1348.243 1348.243 1348.243 1348.243 1348.243 1348.243 1348.288 1348.344 1348.399 1348.455 1348.495 1348.495 1348.495 1348.495 1348.495 1348.495 1348.495 1348.495 1348.495 1348.491 1348.473 1348.454 1348.436 1348.417 1348.351 1348.26 1348.169 1348.079 1348.0 1348.0 1348.0 1348.0 1348.0 1348.011 1348.028 1348.046 1348.064 1348.093 1348.295 1348.498 1348.7 1348.903 1349.0 1349.0 1349.0 1349.0 1349.0 1349.0 1349.0 1349.0 1349.0 1349.0 1349.0 1349.0 1349.0 1349.0 1349.201 1349.422 1349.642 1349.863 1350.0 1350.0 1350.0
1348.022 1348.022 1348.022 1348.022 1348.022 1348.022 1348.022 1348.022 1348.022 1348.022 1348.022 1348.022 1348.022 1348.022 1348.081 1348.152 1348.224 1348.296 1348.348 1348.348 1348.348 1348.348 1348.348 1348.348 1348.348 1348.348 1348.348 1348.343 1348.319 1348.296 1348.272 1348.248 1348.204 1348.152 1348.099 1348.046 1348.0 1348.0 1348.0 1348.0 1348.0 1348.001 1348.003 1348.004 1348.006 1348.02 1348.239 1348.458 1348.677 1348.895 1349.0 1349.0 1349.0 1349.0 1349.0 1349.0 1349.0 1349.0 1349.0 1349.0 1349.0 1349.0 1349.0 1349.0 1349.201 1349.422 1349.642 1349.863 1350.0 1350.0 1350.0
1347.934 1347.934 1347.934 1347.934 1347.934 1347.934 1347.934 1347.934 1347.934 1347.939 1347.954 1347.968 1347.983 1347.997 1348.048 1348.107 1348.166 1348.225 1348.267 1348.267 1348.267 1348.267 1348.267 1348.267 1348.267 1348.267 1348.267 1348.263 1348.244 1348.224 1348.204 1348.185 1348.152 1348.113 1348.073 1348.034 1348.0 1348.0 1348.0 1348.0 1348.0 1348.0 1348.0 1348.0 1348.0 1348.013 1348.233 1348.454 1348.674 1348.895 1349.0 1349.0 1349.0 1349.0 1349.0 1349.0 1349.0 1349.0 1349.0 1349.013 1349.042 1349.071 1349.1 1349.13 1349.307 1349.498 1349.689 1349.881 1350.0 1350.0 1350.0
1347.86 1347.86 1347.86 1347.86 1347.86 1347.86 1347.86 1347.86 1347.86 1347.871 1347.902 1347.933 1347.964 1347.994 1348.035 1348.077 1348.12 1348.163 1348.194 1348.194 1348.194 1348.194 1348.194 1348.194 1348.194 1348.194 1348.194 1348.191 1348.177 1348.162 1348.148 1348.134 1348.11 1348.082 1348.053 1348.025 1348.0 1348.0 1348.0 1348.0 1348.0 1348.0 1348.0 1348.0 1348.0 1348.013 1348.233 1348.454 1348.674 1348.895 1349.0 1349.0 1349.0 1349.0 1349.0 1349.0 1349.0 1349.0 1349.0 1349.028 1349.089 1349.151 1349.212 1349.274 1349.424 1349.583 1349.742 1349.901 1350.0 1350.0 1350.0
1347.787 1347.787 1347.787 1347.787 1347.787 1347.787 1347.787 1347.787 1347.787 1347.803 1347.85 1347.897 1347.944 1347.991 1348.021 1348.048 1348.075 1348.101 1348.12 1348.12 1348.12 1348.12 1348.12 1348.12 1348.12 1348.12 1348.12 1348.119 1348.11 1348.101 1348.092 1348.083 1348.068 1348.051 1348.033 1348.015 1348.0 1348.0 1348.0 1348.0 1348.0 1348.0 1348.0 1348.0 1348.0 1348.013 1348.233 1348.454 1348.674 1348.895 1349.0 1349.0 1349.0 1349.0 1349.0 1349.0 1349.0 1349.0 1349.0 1349.042 1349.136 1349.23 1349.324 1349.418 1349.542 1349.668 1349.795 1349.921 1350.0 1350.0 1350.0
1347.714 1347.714 1347.714 1347.714 1347.714 1347.714 1347.714 1347.714 1347.714 1347.735 1347.799 1347.862 1347.925 1347.988 1348.008 1348.019 1348.029 1348.039 1348.047 1348.047 1348.047 1348.047 1348.047 1348.047 1348.047 1348.047 1348.047 1348.046 1348.043 1348.039 1348.036 1348.032 1348.027 1348.02 1348.013 1348.006 1348.0 1348.0 1348.0 1348.0 1348.0 1348.0 1348.0 1348.0 1348.0 1348.013 1348.233 1348.454 1348.674 1348.895 1349.0 1349.0 1349.0 1349.0 1349.0 1349.0 1349.0 1349.0 1349.0 1349.057 1349.183 1349.309 1349.436 1349.562 1349.659 1349.753 1349.847 1349.941 1350.0 1350.0 1350.0
1347.613 1347.613 1347.613 1347.613 1347.613 1347.613 1347.613 1347.613 1347.613 1347.637 1347.704 1347.772 1347.84 1347.907 1347.92 1347.92 1347.92 1347.92 1347.92 1347.92 1347.92 1347.92 1347.92 1347.92 1347.92 1347.92 1347.92 1347.92 1347.92 1347.92 1347.92 1347.92 1347.92 1347.92 1347.92 1347.92 1347.922 1347.94 1347.958 1347.975 1347.993 1348.0 1348.0 1348.0 1348.0 1348.012 1348.215 1348.417 1348.62 1348.823 1348.929 1348.947 1348.964 1348.982 1349.0 1349.0 1349.0 1349.0 1349.0 1349.061 1349.196 1349.331 1349.466 1349.602 1349.686 1349.765 1349.845 1349.924 1349.976 1349.981 1349.987
1347.466 1347.466 1347.466 1347.466 1347.466 1347.466 1347.466 1347.466 1347.466 1347.484 1347.536 1347.587 1347.639 1347.69 1347.7 1347.7 1347.7 1347.7 1347.7 1347.7 1347.7 1347.7 1347.7 1347.7 1347.7 1347.7 1347.7 1347.7 1347.7 1347.7 1347.7 1347.7 1347.7 1347.7 1347.7 1347.7 1347.708 1347.775 1347.841 1347.907 1347.973 1348.0 1348.0 1348.0 1348.0 1348.009 1348.163 1348.317 1348.472 1348.626 1348.734 1348.8 1348.867 1348.933 1348.999 1349.0 1349.0 1349.0 1349.0 1349.046 1349.149 1349.252 1349.355 1349.458 1349.554 1349.649 1349.745 1349.84 1349.908 1349.93 1349.952
1347.319 1347.319 1347.319 1347.319 1347.319 1347.319 1347.319 1347.319 1347.319 1347.332 1347.367 1347.402 1347.437 1347.473 1347.479 1347.479 1347.479 1347.479 1347.479 1347.479 1347.479 1347.479 1347.479 1347.479 1347.479 1347.479 1347.479 1347.479 1347.479 1347.479 1347.479 1347.479 1347.479 1347.479 1347.479 1347.479 1347.494 1347.609 1347.724 1347.839 1347.953 1348.0 1348.0 1348.0 1348.0 1348.006 1348.112 1348.217 1348.323 1348.429 1348.539 1348.654 1348.769 1348.884 1348.998 1349.0 1349.0 1349.0 1349.0 1349.032 1349.102 1349.172 1349.243 1349.313 1349.422 1349.533 1349.645 1349.757 1349.841 1349.879 1349.917
1347.172 1347.172 1347.172 1347.172 1347.172 1347.172 1347.172 1347.172 1347.172 1347.179 1347.198 1347.217 1347.236 1347.255 1347.259 1347.259 1347.259 1347.259 1347.259 1347.259 1347.259 1347.259 1347.259 1347.259 1347.259 1347.259 1347.259 1347.259 1347.259 1347.259 1347.259 1347.259 1347.259 1347.259 1347.259 1347.259 1347.28 1347.443 1347.607 1347.77 1347.934 1348.0 1348.0 1348.0 1348.0 1348.003 1348.06 1348.117 1348.174 1348.231 1348.344 1348.507 1348.671 1348.834 1348.998 1349.0 1349.0 1349.0 1349.0 1349.017 1349.055 1349.093 1349.131 1349.169 1349.289 1349.417 1349.545 1349.673 1349.773 1349.828 1349.882
1347.026 1347.026 1347.026 1347.026 1347.026 1347.026 1347.026 1347.026 1347.026 1347.026 1347.029 1347.032 1347.035 1347.038 1347.038 1347.038 1347.038 1347.038 1347.038 1347.038 1347.038 1347.038 1347.038 1347.038 1347.038 1347.038 1347.038 1347.038 1347.038 1347.038 1347.038 1347.038 1347.038 1347.038 1347.038 1347.038 1347.066 1347.278 1347.49 1347.702 1347.914 1348.0 1348.0 1348.0 1348.0 1348.0 1348.009 1348.017 1348.026 1348.034 1348.149 1348.361 1348.573 1348.785 1348.997 1349.0 1349.0 1349.0 1349.0 1349.003 1349.008 1349.014 1349.019 1349.025 1349.157 1349.301 1349.445 1349.59 1349.706 1349.777 1349.847
