data/zism_data/01093_02_D.txt
ncols         224
nrows         224
[rows 168 to 195 of 224, columns 0 to 63 of 224]
3831.961 3834.529 3837.097 3840.646 3845.684 3850.723 3855.762 3860.8 3866.003 3871.248 3876.492 3881.738 3886.897 3891.694 3896.491 3901.289 3906.086 3911.283 3916.761 3922.24 3927.718 3933.195 3939.457 3945.73 3952.003 3958.276 3963.053 3965.412 3967.771 3970.131 3972.49 3971.846 3970.351 3968.857 3967.363 3965.437 3961.5 3957.562 3953.625 3949.688 3946.194 3943.031 3939.868 3936.704 3933.541 3931.116 3928.714 3926.312 3923.91 3921.723 3919.907 3918.092 3916.276 3914.46 3912.804 3911.198 3909.591 3907.984 3906.369 3904.714 3903.059 3901.403 3899.748 3897.906
3824.381 3826.54 3828.7 3832.108 3837.412 3842.715 3848.019 3853.323 3858.816 3864.358 3869.9 3875.442 3880.892 3885.955 3891.017 3896.08 3901.142 3906.571 3912.256 3917.94 3923.625 3929.31 3935.428 3941.553 3947.677 3953.802 3958.27 3960.062 3961.854 3963.645 3965.437 3964.312 3962.361 3960.411 3958.46 3956.188 3952.415 3948.642 3944.869 3941.096 3937.959 3935.294 3932.63 3929.965 3927.3 3925.143 3923.0 3920.858 3918.716 3916.707 3914.928 3913.15 3911.371 3909.593 3907.889 3906.208 3904.527 3902.845 3901.2 3899.741 3898.282 3896.823 3895.364 3893.638
3816.801 3818.552 3820.303 3823.57 3829.139 3834.708 3840.277 3845.846 3851.63 3857.469 3863.308 3869.147 3874.888 3880.216 3885.543 3890.871 3896.199 3901.858 3907.75 3913.642 3919.533 3925.425 3931.4 3937.376 3943.352 3949.328 3953.488 3954.712 3955.936 3957.16 3958.384 3956.778 3954.371 3951.965 3949.558 3946.939 3943.331 3939.722 3936.114 3932.505 3929.724 3927.558 3925.392 3923.226 3921.06 3919.169 3917.287 3915.404 3913.522 3911.691 3909.95 3908.208 3906.467 3904.725 3902.973 3901.218 3899.463 3897.707 3896.032 3894.769 3893.506 3892.243 3890.981 3889.37
3809.221 3810.563 3811.906 3815.032 3820.866 3826.701 3832.535 3838.369 3844.443 3850.579 3856.715 3862.852 3868.884 3874.477 3880.07 3885.663 3891.256 3897.146 3903.244 3909.343 3915.441 3921.54 3927.372 3933.199 3939.027 3944.854 3948.705 3949.362 3950.018 3950.675 3951.331 3949.245 3946.382 3943.519 3940.656 3937.69 3934.246 3930.802 3927.358 3923.915 3921.489 3919.822 3918.154 3916.487 3914.819 3913.195 3911.573 3909.95 3908.328 3906.676 3904.971 3903.267 3901.563 3899.858 3898.058 3896.228 3894.399 3892.569 3890.863 3889.796 3888.73 3887.664 3886.597 3885.103
3805.898 3807.252 3808.606 3811.815 3817.84 3823.865 3829.891 3835.916 3842.219 3848.594 3854.969 3861.344 3867.608 3873.405 3879.202 3884.999 3890.796 3896.799 3902.946 3909.093 3915.24 3921.387 3926.679 3931.958 3937.236 3942.515 3945.775 3945.773 3945.772 3945.771 3945.769 3943.164 3939.823 3936.481 3933.139 3929.771 3926.282 3922.792 3919.303 3915.814 3913.339 3911.617 3909.896 3908.175 3906.454 3904.674 3902.892 3901.109 3899.327 3897.609 3896.0 3894.39 3892.781 3891.172 3889.518 3887.85 3886.181 3884.513 3882.997 3882.265 3881.534 3880.802 3880.071 3878.845
3805.313 3806.948 3808.583 3812.019 3818.187 3824.355 3830.524 3836.692 3843.185 3849.761 3856.338 3862.915 3869.374 3875.335 3881.296 3887.257 3893.219 3899.258 3905.352 3911.446 3917.54 3923.634 3928.131 3932.603 3937.075 3941.548 3944.036 3943.319 3942.601 3941.884 3941.166 3938.019 3934.184 3930.349 3926.514 3922.708 3919.038 3915.368 3911.698 3908.029 3905.242 3903.113 3900.983 3898.854 3896.724 3894.515 3892.303 3890.091 3887.879 3885.938 3884.461 3882.985 3881.508 3880.032 3878.648 3877.293 3875.938 3874.582 3873.397 3873.09 3872.782 3872.475 3872.168 3871.307
3804.728 3806.644 3808.56 3812.222 3818.533 3824.845 3831.157 3837.468 3844.15 3850.929 3857.707 3864.485 3871.138 3877.264 3883.39 3889.516 3895.641 3901.717 3907.758 3913.799 3919.841 3925.881 3929.583 3933.249 3936.915 3940.581 3942.297 3940.864 3939.43 3937.996 3936.563 3932.873 3928.544 3924.216 3919.888 3915.644 3911.794 3907.944 3904.094 3900.243 3897.146 3894.608 3892.07 3889.532 3886.994 3884.355 3881.714 3879.072 3876.431 3874.266 3872.922 3871.579 3870.235 3868.891 3867.778 3866.735 3865.693 3864.651 3863.796 3863.914 3864.031 3864.148 3864.265 3863.769
3804.143 3806.34 3808.537 3812.425 3818.88 3825.335 3831.79 3838.244 3845.116 3852.096 3859.076 3866.055 3872.904 3879.194 3885.484 3891.774 3898.064 3904.176 3910.164 3916.153 3922.141 3928.128 3931.034 3933.894 3936.754 3939.614 3940.558 3938.409 3936.259 3934.109 3931.959 3927.727 3922.906 3918.084 3913.262 3908.58 3904.55 3900.519 3896.489 3892.458 3889.05 3886.103 3883.157 3880.21 3877.264 3874.197 3871.125 3868.054 3864.983 3862.595 3861.384 3860.173 3858.962 3857.75 3856.908 3856.178 3855.449 3854.72 3854.196 3854.738 3855.279 3855.821 3856.363 3856.232
3803.765 3806.263 3808.761 3812.885 3819.477 3826.07 3832.662 3839.254 3846.315 3853.497 3860.679 3867.862 3874.904 3881.355 3887.806 3894.258 3900.709 3906.854 3912.786 3918.717 3924.648 3930.58 3932.712 3934.787 3936.862 3938.938 3939.128 3936.274 3933.419 3930.565 3927.71 3922.952 3917.655 3912.358 3907.061 3901.95 3897.711 3893.472 3889.233 3884.994 3881.244 3877.858 3874.472 3871.086 3867.7 3864.192 3860.68 3857.168 3853.656 3851.036 3849.948 3848.861 3847.774 3846.687 3846.106 3845.68 3845.255 3844.83 3844.626 3845.574 3846.521 3847.468 3848.416 3848.635
3806.764 3809.883 3813.002 3817.517 3824.151 3830.786 3837.421 3844.055 3851.298 3858.698 3866.097 3873.497 3880.736 3887.293 3893.85 3900.407 3906.965 3913.085 3918.9 3924.714 3930.529 3936.344 3938.051 3939.696 3941.342 3942.987 3942.714 3939.34 3935.965 3932.591 3929.217 3924.199 3918.716 3913.234 3907.751 3902.37 3897.462 3892.554 3887.647 3882.739 3878.163 3873.833 3869.503 3865.173 3860.843 3856.705 3852.572 3848.439 3844.307 3841.288 3840.185 3839.082 3837.979 3836.875 3836.412 3836.146 3835.88 3835.614 3835.56 3836.608 3837.656 3838.704 3839.752 3840.075
3809.763 3813.503 3817.242 3822.148 3828.825 3835.502 3842.18 3848.857 3856.281 3863.898 3871.515 3879.132 3886.567 3893.23 3899.894 3906.557 3913.22 3919.316 3925.014 3930.712 3936.41 3942.108 3943.39 3944.605 3945.821 3947.037 3946.299 3942.406 3938.511 3934.617 3930.723 3925.446 3919.778 3914.109 3908.441 3902.789 3897.213 3891.637 3886.061 3880.485 3875.082 3869.808 3864.534 3859.259 3853.985 3849.217 3844.463 3839.71 3834.957 3831.54 3830.421 3829.302 3828.183 3827.063 3826.718 3826.611 3826.504 3826.397 3826.493 3827.642 3828.791 3829.94 3831.089 3831.515
3812.763 3817.123 3821.483 3826.78 3833.499 3840.219 3846.938 3853.658 3861.263 3869.098 3876.933 3884.767 3892.399 3899.168 3905.937 3912.707 3919.476 3925.546 3931.128 3936.709 3942.291 3947.872 3948.728 3949.515 3950.301 3951.087 3949.885 3945.471 3941.057 3936.644 3932.229 3926.693 3920.839 3914.985 3909.131 3903.208 3896.964 3890.719 3884.475 3878.231 3872.001 3865.783 3859.564 3853.346 3847.128 3841.729 3836.355 3830.981 3825.608 3821.792 3820.657 3819.522 3818.387 3817.252 3817.025 3817.077 3817.129 3817.181 3817.427 3818.677 3819.926 3821.176 3822.425 3822.956
3815.762 3820.743 3825.723 3831.411 3838.173 3844.935 3851.697 3858.459 3866.246 3874.298 3882.35 3890.403 3898.23 3905.105 3911.981 3918.856 3925.732 3931.777 3937.242 3942.707 3948.171 3953.635 3954.067 3954.424 3954.78 3955.137 3953.471 3948.537 3943.603 3938.67 3933.736 3927.94 3921.901 3915.861 3909.821 3903.627 3896.715 3889.802 3882.889 3875.976 3868.92 3861.758 3854.595 3847.433 3840.27 3834.241 3828.247 3822.252 3816.258 3812.044 3810.894 3809.742 3808.592 3807.44 3807.331 3807.542 3807.754 3807.965 3808.36 3809.711 3811.061 3812.412 3813.762 3814.396
3818.485 3824.078 3829.671 3835.82 3842.813 3849.806 3856.799 3863.792 3871.736 3879.928 3888.12 3896.312 3904.265 3911.209 3918.152 3925.096 3932.04 3938.066 3943.449 3948.832 3954.214 3959.597 3959.801 3959.927 3960.052 3960.178 3958.257 3953.03 3947.802 3942.575 3937.347 3931.34 3925.112 3918.884 3912.656 3906.229 3898.874 3891.519 3884.164 3876.809 3869.209 3861.428 3853.647 3845.865 3838.084 3831.589 3825.133 3818.677 3812.22 3807.627 3806.24 3804.853 3803.465 3802.077 3801.89 3802.072 3802.254 3802.436 3802.781 3803.969 3805.156 3806.343 3807.531 3808.065
3820.94 3827.137 3833.335 3840.013 3847.419 3854.826 3862.233 3869.639 3877.72 3885.975 3894.23 3902.486 3910.497 3917.472 3924.448 3931.424 3938.399 3944.41 3949.745 3955.08 3960.416 3965.75 3965.917 3966.005 3966.094 3966.183 3964.211 3958.909 3953.607 3948.306 3943.004 3936.831 3930.412 3923.993 3917.574 3910.951 3903.373 3895.795 3888.217 3880.639 3872.771 3864.688 3856.604 3848.521 3840.437 3833.635 3826.87 3820.106 3813.343 3808.39 3806.551 3804.713 3802.874 3801.036 3800.58 3800.55 3800.52 3800.49 3800.589 3801.357 3802.126 3802.894 3803.663 3803.899
3823.394 3830.197 3836.999 3844.206 3852.026 3859.846 3867.667 3875.487 3883.703 3892.022 3900.341 3908.66 3916.729 3923.736 3930.744 3937.751 3944.759 3950.754 3956.042 3961.329 3966.617 3971.904 3972.033 3972.085 3972.136 3972.188 3970.165 3964.789 3959.412 3954.036 3948.66 3942.323 3935.713 3929.103 3922.493 3915.673 3907.872 3900.071 3892.271 3884.47 3876.333 3867.948 3859.562 3851.176 3842.79 3835.68 3828.608 3821.537 3814.465 3809.152 3806.862 3804.573 3802.284 3799.994 3799.271 3799.028 3798.786 3798.544 3798.397 3798.747 3799.096 3799.445 3799.795 3799.734
3825.849 3833.256 3840.663 3848.399 3856.633 3864.867 3873.101 3881.335 3889.687 3898.07 3906.452 3914.835 3922.961 3930.0 3937.039 3944.079 3951.118 3957.099 3962.338 3967.578 3972.818 3978.058 3978.149 3978.164 3978.178 3978.193 3976.118 3970.668 3965.217 3959.767 3954.317 3947.814 3941.013 3934.212 3927.411 3920.394 3912.371 3904.347 3896.324 3888.3 3879.896 3871.208 3862.519 3853.831 3845.143 3837.725 3830.346 3822.967 3815.588 3809.914 3807.174 3804.433 3801.693 3798.953 3797.961 3797.506 3797.052 3796.597 3796.205 3796.135 3796.066 3795.996 3795.927 3795.568
3828.303 3836.315 3844.327 3852.592 3861.239 3869.887 3878.535 3887.183 3895.67 3904.117 3912.563 3921.009 3929.193 3936.264 3943.335 3950.406 3957.478 3963.443 3968.635 3973.827 3979.019 3984.211 3984.265 3984.243 3984.22 3984.198 3982.072 3976.547 3971.022 3965.498 3959.973 3953.305 3946.313 3939.321 3932.33 3925.116 3916.87 3908.624 3900.377 3892.131 3883.458 3874.467 3865.477 3856.486 3847.496 3839.771 3832.083 3824.396 3816.71 3810.676 3807.485 3804.294 3801.103 3797.912 3796.651 3795.984 3795.318 3794.651 3794.013 3793.525 3793.036 3792.547 3792.059 3791.403
3831.264 3839.713 3848.162 3856.73 3865.477 3874.224 3882.97 3891.717 3900.328 3908.905 3917.48 3926.056 3934.39 3941.696 3949.001 3956.307 3963.614 3969.31 3973.881 3978.452 3983.023 3987.594 3987.583 3987.502 3987.423 3987.343 3985.275 3979.996 3974.716 3969.437 3964.158 3957.486 3950.42 3943.354 3936.288 3929.065 3921.114 3913.162 3905.211 3897.259 3888.794 3879.948 3871.101 3862.255 3853.409 3845.428 3837.474 3829.521 3821.567 3815.163 3811.424 3807.686 3803.948 3800.209 3798.584 3797.609 3796.633 3795.658 3794.702 3793.845 3792.988 3792.131 3791.274 3790.213
3834.248 3843.126 3852.005 3860.865 3869.697 3878.529 3887.361 3896.192 3904.927 3913.635 3922.344 3931.052 3939.539 3947.089 3954.639 3962.189 3969.739 3975.156 3979.08 3983.004 3986.927 3990.851 3990.772 3990.634 3990.496 3990.357 3988.353 3983.334 3978.314 3973.295 3968.276 3961.608 3954.472 3947.337 3940.202 3932.979 3925.346 3917.712 3910.079 3902.446 3894.211 3885.53 3876.847 3868.165 3859.484 3851.251 3843.031 3834.813 3826.594 3819.819 3815.529 3811.239 3806.949 3802.658 3800.664 3799.376 3798.088 3796.8 3795.522 3794.299 3793.076 3791.853 3790.63 3789.158
3837.231 3846.54 3855.848 3865.001 3873.918 3882.834 3891.751 3900.667 3909.524 3918.366 3927.207 3936.048 3944.689 3952.483 3960.277 3968.071 3975.865 3981.001 3984.278 3987.555 3990.831 3994.108 3993.962 3993.766 3993.569 3993.372 3991.431 3986.672 3981.912 3977.153 3972.394 3965.729 3958.525 3951.321 3944.117 3936.893 3929.578 3922.263 3914.948 3907.633 3899.628 3891.111 3882.593 3874.076 3865.558 3857.073 3848.589 3840.104 3831.62 3824.475 3819.633 3814.792 3809.95 3805.108 3802.744 3801.143 3799.542 3797.941 3796.342 3794.753 3793.164 3791.575 3789.986 3788.103
3840.215 3849.953 3859.691 3869.137 3878.138 3887.14 3896.141 3905.143 3914.122 3923.096 3932.07 3941.044 3949.839 3957.877 3965.915 3973.953 3981.991 3986.847 3989.477 3992.106 3994.736 3997.365 3997.152 3996.897 3996.642 3996.387 3994.509 3990.01 3985.51 3981.011 3976.512 3969.851 3962.577 3955.304 3948.031 3940.807 3933.81 3926.813 3919.817 3912.82 3905.045 3896.693 3888.339 3879.986 3871.633 3862.895 3854.146 3845.396 3836.647 3829.131 3823.738 3818.344 3812.951 3807.557 3804.824 3802.91 3800.996 3799.082 3797.161 3795.207 3793.251 3791.297 3789.342 3787.049
3843.922 3853.892 3863.862 3873.467 3882.519 3891.571 3900.623 3909.675 3918.71 3927.741 3936.772 3945.803 3954.628 3962.581 3970.533 3978.486 3986.439 3990.95 3993.053 3995.156 3997.259 3999.362 3999.12 3998.843 3998.566 3998.29 3996.546 3992.434 3988.321 3984.209 3980.096 3973.643 3966.527 3959.411 3952.295 3945.243 3938.494 3931.744 3924.995 3918.246 3910.737 3902.665 3894.593 3886.52 3878.448 3869.634 3860.798 3851.962 3843.126 3835.384 3829.525 3823.666 3817.807 3811.948 3808.778 3806.434 3804.091 3801.748 3799.403 3797.047 3794.692 3792.336 3789.981 3787.277
3848.688 3858.6 3868.511 3878.082 3887.133 3896.185 3905.237 3914.289 3923.282 3932.261 3941.239 3950.217 3958.89 3966.275 3973.66 3981.045 3988.43 3992.502 3994.255 3996.008 3997.761 3999.513 3999.298 3999.053 3998.808 3998.563 3997.058 3993.519 3989.979 3986.439 3982.9 3976.953 3970.325 3963.697 3957.069 3950.445 3943.839 3937.232 3930.626 3924.02 3916.831 3909.21 3901.588 3893.967 3886.345 3877.715 3869.054 3860.393 3851.732 3843.976 3837.777 3831.579 3825.38 3819.182 3815.473 3812.531 3809.588 3806.645 3803.724 3800.918 3798.112 3795.305 3792.499 3789.383
3853.455 3863.308 3873.161 3882.696 3891.748 3900.8 3909.852 3918.904 3927.855 3936.78 3945.705 3954.63 3963.152 3969.97 3976.787 3983.605 3990.422 3994.054 3995.457 3996.86 3998.262 3999.665 3999.476 3999.263 3999.05 3998.836 3997.57 3994.604 3991.637 3988.67 3985.703 3980.263 3974.124 3967.983 3961.844 3955.647 3949.184 3942.72 3936.258 3929.795 3922.926 3915.755 3908.584 3901.414 3894.243 3885.796 3877.31 3868.823 3860.338 3852.568 3846.03 3839.492 3832.954 3826.416 3822.169 3818.627 3815.084 3811.542 3808.047 3804.789 3801.532 3798.275 3795.018 3791.489
3858.222 3868.016 3877.811 3887.311 3896.363 3905.415 3914.467 3923.519 3932.428 3941.3 3950.172 3959.043 3967.414 3973.664 3979.914 3986.164 3992.414 3995.606 3996.659 3997.712 3998.764 3999.817 3999.654 3999.472 3999.291 3999.11 3998.083 3995.689 3993.295 3990.901 3988.507 3983.574 3977.922 3972.27 3966.618 3960.848 3954.528 3948.208 3941.889 3935.569 3929.02 3922.3 3915.58 3908.86 3902.141 3893.876 3885.565 3877.254 3868.944 3861.159 3854.282 3847.405 3840.527 3833.649 3828.864 3824.723 3820.581 3816.44 3812.368 3808.66 3804.952 3801.244 3797.536 3793.595
3862.988 3872.725 3882.461 3891.926 3900.978 3910.03 3919.082 3928.134 3937.0 3945.819 3954.638 3963.457 3971.676 3977.359 3983.041 3988.723 3994.406 3997.158 3997.861 3998.563 3999.266 3999.969 3999.832 3999.682 3999.532 3999.383 3998.594 3996.774 3994.953 3993.132 3991.311 3986.884 3981.72 3976.556 3971.392 3966.05 3959.873 3953.697 3947.52 3941.344 3935.114 3928.845 3922.576 3916.307 3910.039 3901.958 3893.822 3885.685 3877.55 3869.751 3862.534 3855.317 3848.1 3840.883 3835.56 3830.819 3826.078 3821.337 3816.691 3812.532 3808.373 3804.214 3800.055 3795.701
3865.844 3875.558 3885.273 3894.747 3903.858 3912.969 3922.08 3931.191 3940.003 3948.737 3957.471 3966.205 3974.278 3979.556 3984.834 3990.112 3995.39 3997.875 3998.404 3998.934 3999.463 3999.992 3999.862 3999.721 3999.581 3999.441 3998.703 3997.002 3995.3 3993.598 3991.897 3987.654 3982.693 3977.731 3972.769 3967.635 3961.692 3955.749 3949.807 3943.864 3937.964 3932.096 3926.228 3920.36 3914.493 3906.989 3899.437 3891.884 3884.331 3876.929 3869.785 3862.641 3855.498 3848.354 3842.7 3837.505 3832.31 3827.115 3822.031 3817.526 3813.021 3808.515 3804.01 3799.34
