data/zism_data/01091_02_D.txt
ncols         224
nrows         224
[rows 168 to 195 of 224, columns 63 to 125 of 224]
3699.65 3699.851 3700.052 3700.253 3700.583 3700.919 3701.255 3701.591 3701.989 3702.472 3702.955 3703.438 3703.92 3704.287 3704.639 3704.991 3705.343 3705.612 3705.728 3705.843 3705.959 3706.074 3706.285 3706.517 3706.75 3706.983 3707.156 3707.176 3707.195 3707.214 3707.234 3707.173 3707.083 3706.994 3706.905 3706.793 3706.592 3706.391 3706.189 3705.988 3705.777 3705.56 3705.343 3705.126 3704.928 3704.858 3704.788 3704.718 3704.648 3704.77 3705.021 3705.273 3705.525 3705.786 3706.201 3706.616 3707.03 3707.445 3707.835 3708.202 3708.57 3708.937 3709.305
3699.56 3699.766 3699.973 3700.18 3700.479 3700.782 3701.086 3701.39 3701.755 3702.205 3702.656 3703.106 3703.557 3703.906 3704.241 3704.577 3704.912 3705.16 3705.243 3705.326 3705.409 3705.492 3705.728 3705.998 3706.268 3706.539 3706.739 3706.752 3706.766 3706.78 3706.794 3706.72 3706.614 3706.509 3706.404 3706.278 3706.071 3705.865 3705.658 3705.451 3705.223 3704.985 3704.746 3704.508 3704.288 3704.197 3704.105 3704.014 3703.922 3704.054 3704.338 3704.623 3704.907 3705.201 3705.665 3706.128 3706.591 3707.054 3707.468 3707.835 3708.202 3708.57 3708.937
3699.47 3699.682 3699.894 3700.106 3700.375 3700.646 3700.917 3701.188 3701.521 3701.939 3702.357 3702.775 3703.193 3703.524 3703.843 3704.163 3704.482 3704.708 3704.759 3704.809 3704.86 3704.911 3705.17 3705.479 3705.787 3706.095 3706.321 3706.329 3706.338 3706.346 3706.354 3706.267 3706.145 3706.024 3705.902 3705.762 3705.55 3705.338 3705.126 3704.914 3704.67 3704.41 3704.15 3703.89 3703.649 3703.535 3703.422 3703.309 3703.196 3703.338 3703.655 3703.972 3704.288 3704.616 3705.128 3705.64 3706.152 3706.664 3707.1 3707.468 3707.835 3708.202 3708.57
3699.38 3699.597 3699.815 3700.032 3700.27 3700.509 3700.748 3700.986 3701.287 3701.672 3702.058 3702.444 3702.83 3703.142 3703.445 3703.748 3704.052 3704.256 3704.274 3704.292 3704.311 3704.329 3704.613 3704.959 3705.305 3705.651 3705.903 3705.906 3705.909 3705.912 3705.915 3705.814 3705.676 3705.538 3705.401 3705.247 3705.029 3704.812 3704.594 3704.377 3704.117 3703.835 3703.553 3703.271 3703.009 3702.874 3702.74 3702.605 3702.47 3702.623 3702.972 3703.321 3703.67 3704.031 3704.592 3705.152 3705.713 3706.273 3706.733 3707.1 3707.468 3707.835 3708.202
3699.301 3699.503 3699.704 3699.906 3700.124 3700.342 3700.56 3700.778 3701.053 3701.406 3701.759 3702.113 3702.466 3702.75 3703.025 3703.3 3703.576 3703.761 3703.78 3703.799 3703.818 3703.837 3704.123 3704.472 3704.82 3705.169 3705.422 3705.422 3705.422 3705.422 3705.422 3705.301 3705.137 3704.974 3704.811 3704.637 3704.424 3704.21 3703.997 3703.784 3703.524 3703.242 3702.96 3702.678 3702.414 3702.277 3702.139 3702.002 3701.864 3702.021 3702.379 3702.737 3703.095 3703.466 3704.052 3704.637 3705.223 3705.809 3706.29 3706.676 3707.062 3707.448 3707.835
3699.237 3699.395 3699.553 3699.712 3699.922 3700.135 3700.348 3700.56 3700.819 3701.139 3701.46 3701.781 3702.102 3702.344 3702.576 3702.808 3703.04 3703.213 3703.275 3703.337 3703.399 3703.461 3703.721 3704.026 3704.332 3704.637 3704.858 3704.858 3704.858 3704.858 3704.858 3704.709 3704.508 3704.307 3704.106 3703.906 3703.708 3703.511 3703.314 3703.117 3702.881 3702.626 3702.371 3702.115 3701.878 3701.762 3701.646 3701.531 3701.415 3701.567 3701.904 3702.24 3702.576 3702.927 3703.507 3704.087 3704.667 3705.248 3705.749 3706.178 3706.608 3707.037 3707.467
3699.172 3699.287 3699.403 3699.518 3699.721 3699.928 3700.136 3700.343 3700.584 3700.873 3701.162 3701.45 3701.739 3701.939 3702.128 3702.316 3702.505 3702.665 3702.77 3702.875 3702.98 3703.085 3703.318 3703.58 3703.843 3704.105 3704.295 3704.295 3704.295 3704.295 3704.295 3704.118 3703.879 3703.64 3703.401 3703.174 3702.993 3702.812 3702.631 3702.45 3702.238 3702.01 3701.781 3701.553 3701.342 3701.248 3701.154 3701.059 3700.965 3701.114 3701.428 3701.743 3702.058 3702.388 3702.963 3703.537 3704.112 3704.687 3705.208 3705.681 3706.153 3706.626 3707.099
3699.108 3699.18 3699.252 3699.324 3699.52 3699.722 3699.924 3700.126 3700.35 3700.607 3700.863 3701.119 3701.375 3701.533 3701.679 3701.824 3701.97 3702.116 3702.265 3702.413 3702.562 3702.71 3702.916 3703.135 3703.354 3703.573 3703.732 3703.732 3703.732 3703.732 3703.732 3703.527 3703.25 3702.973 3702.697 3702.443 3702.278 3702.113 3701.948 3701.783 3701.594 3701.393 3701.192 3700.991 3700.806 3700.733 3700.661 3700.588 3700.515 3700.66 3700.953 3701.246 3701.54 3701.849 3702.418 3702.987 3703.557 3704.126 3704.667 3705.183 3705.699 3706.215 3706.73
3699.043 3699.072 3699.101 3699.13 3699.319 3699.515 3699.712 3699.908 3700.116 3700.34 3700.564 3700.788 3701.011 3701.128 3701.23 3701.333 3701.435 3701.568 3701.76 3701.951 3702.143 3702.334 3702.513 3702.689 3702.865 3703.041 3703.168 3703.168 3703.168 3703.168 3703.168 3702.936 3702.621 3702.307 3701.992 3701.711 3701.563 3701.414 3701.265 3701.117 3700.951 3700.777 3700.603 3700.428 3700.27 3700.219 3700.168 3700.117 3700.065 3700.206 3700.478 3700.749 3701.021 3701.31 3701.874 3702.438 3703.001 3703.565 3704.127 3704.686 3705.245 3705.803 3706.362
3699.029 3699.049 3699.069 3699.088 3699.24 3699.396 3699.554 3699.711 3699.888 3700.094 3700.3 3700.506 3700.712 3700.81 3700.893 3700.976 3701.06 3701.182 3701.378 3701.574 3701.77 3701.966 3702.115 3702.252 3702.39 3702.527 3702.627 3702.627 3702.627 3702.627 3702.627 3702.417 3702.132 3701.848 3701.563 3701.31 3701.177 3701.045 3700.912 3700.78 3700.625 3700.458 3700.292 3700.125 3699.975 3699.936 3699.896 3699.857 3699.818 3699.953 3700.208 3700.463 3700.718 3700.988 3701.498 3702.008 3702.518 3703.028 3703.563 3704.122 3704.68 3705.239 3705.797
3699.021 3699.035 3699.05 3699.064 3699.174 3699.288 3699.401 3699.515 3699.661 3699.851 3700.041 3700.23 3700.42 3700.501 3700.569 3700.636 3700.703 3700.815 3701.011 3701.207 3701.403 3701.599 3701.717 3701.816 3701.916 3702.016 3702.088 3702.088 3702.088 3702.088 3702.088 3701.906 3701.659 3701.412 3701.166 3700.946 3700.829 3700.713 3700.597 3700.481 3700.334 3700.173 3700.012 3699.851 3699.707 3699.678 3699.65 3699.622 3699.593 3699.723 3699.962 3700.201 3700.439 3700.69 3701.141 3701.592 3702.042 3702.493 3702.997 3703.55 3704.103 3704.656 3705.209
3699.013 3699.022 3699.031 3699.04 3699.108 3699.178 3699.249 3699.32 3699.434 3699.607 3699.781 3699.954 3700.128 3700.193 3700.244 3700.295 3700.346 3700.448 3700.644 3700.84 3701.035 3701.231 3701.319 3701.381 3701.442 3701.504 3701.549 3701.549 3701.549 3701.549 3701.549 3701.395 3701.186 3700.977 3700.768 3700.582 3700.481 3700.381 3700.281 3700.181 3700.044 3699.888 3699.733 3699.577 3699.439 3699.421 3699.404 3699.386 3699.368 3699.493 3699.716 3699.938 3700.161 3700.393 3700.784 3701.175 3701.567 3701.958 3702.431 3702.979 3703.526 3704.074 3704.622
3699.005 3699.009 3699.012 3699.015 3699.042 3699.07 3699.097 3699.125 3699.207 3699.364 3699.521 3699.679 3699.836 3699.885 3699.92 3699.955 3699.99 3700.08 3700.276 3700.472 3700.668 3700.864 3700.921 3700.945 3700.969 3700.993 3701.01 3701.01 3701.01 3701.01 3701.01 3700.884 3700.713 3700.542 3700.371 3700.217 3700.134 3700.05 3699.966 3699.882 3699.754 3699.604 3699.453 3699.302 3699.171 3699.164 3699.157 3699.15 3699.143 3699.263 3699.469 3699.676 3699.882 3700.095 3700.427 3700.759 3701.091 3701.423 3701.865 3702.407 3702.949 3703.491 3704.034
3699.0 3699.0 3699.0 3699.0 3699.0 3699.0 3699.0 3699.0 3699.057 3699.192 3699.327 3699.463 3699.598 3699.633 3699.656 3699.678 3699.701 3699.778 3699.959 3700.139 3700.319 3700.5 3700.534 3700.534 3700.534 3700.534 3700.534 3700.534 3700.534 3700.534 3700.534 3700.434 3700.298 3700.163 3700.028 3699.906 3699.839 3699.771 3699.704 3699.636 3699.523 3699.388 3699.253 3699.118 3699.0 3699.0 3699.0 3699.0 3699.0 3699.107 3699.287 3699.468 3699.648 3699.835 3700.123 3700.411 3700.699 3700.987 3701.393 3701.906 3702.419 3702.933 3703.446
3699.0 3699.0 3699.0 3699.0 3699.0 3699.0 3699.0 3699.0 3699.043 3699.146 3699.249 3699.352 3699.455 3699.482 3699.499 3699.516 3699.533 3699.592 3699.729 3699.866 3700.003 3700.14 3700.166 3700.166 3700.166 3700.166 3700.166 3700.166 3700.166 3700.166 3700.166 3700.09 3699.987 3699.885 3699.782 3699.689 3699.638 3699.586 3699.535 3699.484 3699.398 3699.295 3699.192 3699.089 3699.0 3699.0 3699.0 3699.0 3699.0 3699.082 3699.219 3699.356 3699.493 3699.638 3699.91 3700.181 3700.453 3700.725 3701.086 3701.53 3701.973 3702.416 3702.859
3699.0 3699.0 3699.0 3699.0 3699.0 3699.0 3699.0 3699.0 3699.03 3699.1 3699.17 3699.241 3699.311 3699.33 3699.342 3699.353 3699.365 3699.406 3699.499 3699.593 3699.687 3699.781 3699.799 3699.799 3699.799 3699.799 3699.799 3699.799 3699.799 3699.799 3699.799 3699.747 3699.676 3699.606 3699.535 3699.472 3699.437 3699.402 3699.366 3699.331 3699.272 3699.202 3699.132 3699.061 3699.0 3699.0 3699.0 3699.0 3699.0 3699.056 3699.15 3699.244 3699.338 3699.441 3699.697 3699.952 3700.208 3700.464 3700.781 3701.154 3701.527 3701.9 3702.273
3699.0 3699.0 3699.0 3699.0 3699.0 3699.0 3699.0 3699.0 3699.016 3699.054 3699.092 3699.13 3699.168 3699.178 3699.185 3699.191 3699.197 3699.219 3699.27 3699.32 3699.371 3699.422 3699.431 3699.431 3699.431 3699.431 3699.431 3699.431 3699.431 3699.431 3699.431 3699.403 3699.365 3699.327 3699.289 3699.255 3699.236 3699.217 3699.198 3699.179 3699.147 3699.109 3699.071 3699.033 3699.0 3699.0 3699.0 3699.0 3699.0 3699.03 3699.081 3699.132 3699.182 3699.244 3699.483 3699.723 3699.962 3700.202 3700.474 3700.777 3701.08 3701.383 3701.686
3699.0 3699.0 3699.0 3699.0 3699.0 3699.0 3699.0 3699.0 3699.002 3699.008 3699.014 3699.019 3699.025 3699.026 3699.027 3699.028 3699.029 3699.032 3699.04 3699.047 3699.055 3699.063 3699.064 3699.064 3699.064 3699.064 3699.064 3699.064 3699.064 3699.064 3699.064 3699.06 3699.054 3699.049 3699.043 3699.038 3699.035 3699.032 3699.029 3699.027 3699.022 3699.016 3699.01 3699.005 3699.0 3699.0 3699.0 3699.0 3699.0 3699.004 3699.012 3699.02 3699.027 3699.047 3699.27 3699.494 3699.717 3699.94 3700.168 3700.401 3700.634 3700.866 3701.099
3699.0 3699.0 3699.0 3699.0 3699.0 3699.0 3699.0 3699.0 3699.0 3699.0 3699.0 3699.0 3699.0 3699.0 3699.0 3699.0 3699.0 3699.0 3699.0 3699.0 3699.0 3699.0 3699.0 3699.0 3699.0 3699.0 3699.0 3699.0 3699.0 3699.0 3699.0 3699.0 3699.0 3699.0 3699.0 3699.0 3699.0 3699.0 3699.0 3699.0 3699.0 3699.0 3699.0 3699.0 3699.0 3699.0 3699.0 3699.0 3699.0 3699.0 3699.0 3699.0 3699.0 3699.011 3699.196 3699.38 3699.565 3699.75 3699.951 3700.167 3700.383 3700.599 3700.815
3699.0 3699.0 3699.0 3699.0 3699.0 3699.0 3699.0 3699.0 3699.0 3699.0 3699.0 3699.0 3699.0 3699.0 3699.0 3699.0 3699.0 3699.0 3699.0 3699.0 3699.0 3699.0 3699.0 3699.0 3699.0 3699.0 3699.0 3699.0 3699.0 3699.0 3699.0 3699.0 3699.0 3699.0 3699.0 3699.0 3699.0 3699.0 3699.0 3699.0 3699.0 3699.0 3699.0 3699.0 3699.0 3699.0 3699.0 3699.0 3699.0 3699.0 3699.0 3699.0 3699.0 3699.008 3699.15 3699.291 3699.433 3699.574 3699.752 3699.963 3700.173 3700.384 3700.594
3699.0 3699.0 3699.0 3699.0 3699.0 3699.0 3699.0 3699.0 3699.0 3699.0 3699.0 3699.0 3699.0 3699.0 3699.0 3699.0 3699.0 3699.0 3699.0 3699.0 3699.0 3699.0 3699.0 3699.0 3699.0 3699.0 3699.0 3699.0 3699.0 3699.0 3699.0 3699.0 3699.0 3699.0 3699.0 3699.0 3699.0 3699.0 3699.0 3699.0 3699.0 3699.0 3699.0 3699.0 3699.0 3699.0 3699.0 3699.0 3699.0 3699.0 3699.0 3699.0 3699.0 3699.006 3699.104 3699.202 3699.301 3699.399 3699.553 3699.759 3699.964 3700.169 3700.374
3699.0 3699.0 3699.0 3699.0 3699.0 3699.0 3699.0 3699.0 3699.0 3699.0 3699.0 3699.0 3699.0 3699.0 3699.0 3699.0 3699.0 3699.0 3699.0 3699.0 3699.0 3699.0 3699.0 3699.0 3699.0 3699.0 3699.0 3699.0 3699.0 3699.0 3699.0 3699.0 3699.0 3699.0 3699.0 3699.0 3699.0 3699.0 3699.0 3699.0 3699.0 3699.0 3699.0 3699.0 3699.0 3699.0 3699.0 3699.0 3699.0 3699.0 3699.0 3699.0 3699.0 3699.003 3699.058 3699.114 3699.169 3699.224 3699.354 3699.554 3699.754 3699.954 3700.154
3699.0 3699.0 3699.0 3699.0 3699.0 3699.0 3699.0 3699.0 3699.0 3699.0 3699.0 3699.0 3699.0 3699.0 3699.0 3699.0 3699.0 3699.0 3699.0 3699.0 3699.0 3699.0 3699.0 3699.0 3699.0 3699.0 3699.0 3699.0 3699.0 3699.0 3699.0 3699.0 3699.0 3699.0 3699.0 3699.0 3699.0 3699.0 3699.0 3699.0 3699.0 3699.0 3699.0 3699.0 3699.0 3699.0 3699.0 3699.0 3699.0 3699.0 3699.0 3699.0 3699.0 3699.001 3699.024 3699.047 3699.07 3699.093 3699.2 3699.383 3699.567 3699.75 3699.933
3699.0 3699.0 3699.0 3699.0 3699.0 3699.0 3699.0 3699.0 3699.0 3699.0 3699.0 3699.0 3699.0 3699.0 3699.0 3699.0 3699.0 3699.0 3699.0 3699.0 3699.0 3699.0 3699.0 3699.0 3699.0 3699.0 3699.0 3699.0 3699.0 3699.0 3699.0 3699.0 3699.0 3699.0 3699.0 3699.0 3699.0 3699.0 3699.0 3699.0 3699.0 3699.0 3699.0 3699.0 3699.0 3699.0 3699.0 3699.0 3699.0 3699.0 3699.0 3699.0 3699.0 3699.001 3699.019 3699.036 3699.054 3699.071 3699.153 3699.293 3699.433 3699.573 3699.714
3699.0 3699.0 3699.0 3699.0 3699.0 3699.0 3699.0 3699.0 3699.0 3699.0 3699.0 3699.0 3699.0 3699.0 3699.0 3699.0 3699.0 3699.0 3699.0 3699.0 3699.0 3699.0 3699.0 3699.0 3699.0 3699.0 3699.0 3699.0 3699.0 3699.0 3699.0 3699.0 3699.0 3699.0 3699.0 3699.0 3699.0 3699.0 3699.0 3699.0 3699.0 3699.0 3699.0 3699.0 3699.0 3699.0 3699.0 3699.0 3699.0 3699.0 3699.0 3699.0 3699.0 3699.001 3699.013 3699.025 3699.037 3699.049 3699.106 3699.203 3699.3 3699.397 3699.494
3699.0 3699.0 3699.0 3699.0 3699.0 3699.0 3699.0 3699.0 3699.0 3699.0 3699.0 3699.0 3699.0 3699.0 3699.0 3699.0 3699.0 3699.0 3699.0 3699.0 3699.0 3699.0 3699.0 3699.0 3699.0 3699.0 3699.0 3699.0 3699.0 3699.0 3699.0 3699.0 3699.0 3699.0 3699.0 3699.0 3699.0 3699.0 3699.0 3699.0 3699.0 3699.0 3699.0 3699.0 3699.0 3699.0 3699.0 3699.0 3699.0 3699.0 3699.0 3699.0 3699.0 3699.0 3699.007 3699.014 3699.021 3699.027 3699.059 3699.113 3699.166 3699.22 3699.274
3699.0 3699.0 3699.0 3699.0 3699.0 3699.0 3699.0 3699.0 3699.0 3699.0 3699.0 3699.0 3699.0 3699.0 3699.0 3699.0 3699.0 3699.0 3699.0 3699.0 3699.0 3699.0 3699.0 3699.0 3699.0 3699.0 3699.0 3699.0 3699.0 3699.0 3699.0 3699.0 3699.0 3699.0 3699.0 3699.0 3699.0 3699.0 3699.0 3699.0 3699.0 3699.0 3699.0 3699.0 3699.0 3699.0 3699.0 3699.0 3699.0 3699.0 3699.0 3699.0 3699.0 3699.0 3699.001 3699.003 3699.004 3699.005 3699.011 3699.022 3699.033 3699.043 3699.054
3699.0 3699.0 3699.0 3699.0 3699.0 3699.0 3699.0 3699.0 3699.0 3699.0 3699.0 3699.0 3699.0 3699.0 3699.0 3699.0 3699.0 3699.0 3699.0 3699.0 3699.0 3699.0 3699.0 3699.0 3699.0 3699.0 3699.0 3699.0 3699.0 3699.0 3699.0 3699.0 3699.0 3699.0 3699.0 3699.0 3699.0 3699.0 3699.0 3699.0 3699.0 3699.0 3699.0 3699.0 3699.0 3699.0 3699.0 3699.0 3699.0 3699.0 3699.0 3699.0 3699.0 3699.0 3699.0 3699.0 3699.0 3699.0 3699.0 3699.0 3699.0 3699.0 3699.0
