data/zism_data/01098_02_D.txt
ncols         224
nrows         224
[rows 112 to 139 of 224, columns 0 to 62 of 224]
1290.572 1293.083 1295.594 1297.988 1300.239 1302.49 1304.741 1306.992 1308.299 1309.5 1310.7 1311.9 1313.635 1316.371 1319.107 1321.844 1324.58 1325.597 1326.176 1326.756 1327.335 1327.137 1324.561 1321.985 1319.408 1316.832 1313.736 1310.412 1307.088 1303.764 1299.883 1292.713 1285.543 1278.373 1271.203 1261.551 1250.202 1238.854 1227.505 1216.338 1209.133 1201.929 1194.724 1187.52 1182.121 1178.581 1175.04 1171.5 1167.959 1168.424 1169.135 1169.847 1170.558 1173.179 1178.771 1184.363 1189.954 1195.546 1208.638 1223.152 1237.666 1252.18 1266.023
1284.134 1286.051 1287.969 1289.928 1291.939 1293.95 1295.96 1297.971 1299.316 1300.586 1301.856 1303.125 1304.926 1307.721 1310.516 1313.311 1316.106 1317.071 1317.57 1318.07 1318.569 1318.465 1316.513 1314.562 1312.611 1310.66 1308.326 1305.825 1303.324 1300.823 1297.78 1291.534 1285.289 1279.043 1272.798 1263.533 1252.206 1240.879 1229.552 1218.384 1210.704 1203.024 1195.344 1187.664 1181.766 1177.702 1173.638 1169.573 1165.509 1165.662 1166.074 1166.486 1166.898 1169.44 1175.293 1181.147 1187.0 1192.854 1205.413 1219.243 1233.073 1246.903 1260.217
1277.695 1279.02 1280.344 1281.869 1283.639 1285.409 1287.18 1288.95 1290.333 1291.672 1293.011 1294.351 1296.217 1299.071 1301.924 1304.778 1307.632 1308.545 1308.964 1309.384 1309.803 1309.792 1308.466 1307.14 1305.814 1304.488 1302.917 1301.239 1299.561 1297.883 1295.677 1290.355 1285.034 1279.713 1274.392 1265.515 1254.209 1242.904 1231.598 1220.43 1212.274 1204.119 1195.963 1187.808 1181.41 1176.823 1172.235 1167.647 1163.059 1162.9 1163.013 1163.126 1163.239 1165.7 1171.816 1177.931 1184.046 1190.162 1202.187 1215.333 1228.48 1241.626 1254.41
1273.241 1273.764 1274.287 1275.133 1276.374 1277.615 1278.855 1280.096 1281.055 1281.982 1282.909 1283.836 1285.117 1287.061 1289.005 1290.949 1292.894 1293.041 1292.731 1292.421 1292.111 1291.67 1290.827 1289.984 1289.141 1288.299 1287.691 1287.185 1286.68 1286.175 1285.141 1280.993 1276.845 1272.697 1268.548 1260.856 1250.743 1240.63 1230.517 1220.498 1212.541 1204.585 1196.628 1188.671 1182.062 1176.839 1171.616 1166.393 1161.17 1160.496 1160.101 1159.707 1159.313 1161.592 1168.03 1174.468 1180.906 1187.344 1198.932 1211.495 1224.059 1236.622 1248.813
1268.893 1268.604 1268.315 1268.468 1269.164 1269.86 1270.555 1271.251 1271.761 1272.25 1272.739 1273.228 1273.888 1274.87 1275.853 1276.835 1277.817 1277.16 1276.086 1275.012 1273.938 1273.038 1272.671 1272.304 1271.936 1271.569 1271.935 1272.621 1273.308 1273.994 1274.152 1271.19 1268.228 1265.266 1262.304 1255.839 1246.982 1238.125 1229.267 1220.459 1212.738 1205.016 1197.295 1189.573 1182.767 1176.903 1171.039 1165.174 1159.31 1158.111 1157.198 1156.286 1155.373 1157.464 1164.228 1170.992 1177.756 1184.52 1195.674 1207.661 1219.647 1231.634 1243.227
1264.545 1263.443 1262.342 1261.804 1261.954 1262.105 1262.256 1262.406 1262.467 1262.518 1262.569 1262.62 1262.66 1262.68 1262.7 1262.721 1262.741 1261.28 1259.442 1257.604 1255.766 1254.407 1254.515 1254.624 1254.732 1254.84 1256.18 1258.058 1259.936 1261.814 1263.162 1261.386 1259.611 1257.835 1256.059 1250.822 1243.22 1235.619 1228.017 1220.421 1212.934 1205.448 1197.962 1190.475 1183.472 1176.967 1170.461 1163.956 1157.451 1155.726 1154.295 1152.864 1151.433 1153.337 1160.426 1167.516 1174.606 1181.696 1192.417 1203.826 1215.236 1226.645 1237.642
1260.197 1258.283 1256.37 1255.139 1254.745 1254.35 1253.956 1253.562 1253.174 1252.786 1252.399 1252.011 1251.431 1250.49 1249.548 1248.607 1247.665 1245.4 1242.798 1240.195 1237.593 1235.776 1236.36 1236.944 1237.527 1238.111 1240.424 1243.494 1246.564 1249.634 1252.173 1251.583 1250.994 1250.404 1249.815 1245.805 1239.459 1233.113 1226.768 1220.383 1213.131 1205.88 1198.628 1191.377 1184.177 1177.031 1169.884 1162.738 1155.591 1153.341 1151.391 1149.442 1147.493 1149.209 1156.625 1164.04 1171.456 1178.872 1189.16 1199.992 1210.825 1221.657 1232.056
1256.182 1253.485 1250.788 1248.871 1247.909 1246.947 1245.986 1245.024 1244.27 1243.54 1242.81 1242.08 1241.087 1239.604 1238.12 1236.637 1235.153 1232.539 1229.637 1226.735 1223.833 1221.834 1222.598 1223.361 1224.124 1224.888 1227.596 1231.156 1234.715 1238.275 1241.36 1241.646 1241.933 1242.219 1242.506 1239.421 1234.035 1228.649 1223.263 1217.803 1210.728 1203.653 1196.578 1189.503 1182.255 1174.828 1167.401 1159.974 1152.548 1149.814 1147.369 1144.923 1142.478 1143.864 1151.208 1158.552 1165.897 1173.241 1183.245 1193.754 1204.263 1214.771 1224.833
1252.714 1249.279 1245.844 1243.25 1241.684 1240.119 1238.553 1236.988 1236.005 1235.088 1234.17 1233.253 1232.189 1230.85 1229.51 1228.171 1226.832 1224.613 1222.171 1219.729 1217.286 1215.559 1216.017 1216.476 1216.935 1217.394 1219.552 1222.455 1225.357 1228.259 1230.836 1231.491 1232.146 1232.801 1233.456 1230.804 1225.893 1220.983 1216.072 1211.071 1204.076 1197.081 1190.086 1183.091 1176.036 1168.92 1161.803 1154.686 1147.569 1144.42 1141.516 1138.611 1135.706 1136.53 1143.152 1149.775 1156.398 1163.021 1172.987 1183.586 1194.186 1204.786 1214.933
1249.245 1245.073 1240.901 1237.629 1235.459 1233.29 1231.121 1228.952 1227.739 1226.635 1225.531 1224.427 1223.291 1222.096 1220.901 1219.706 1218.511 1216.688 1214.705 1212.722 1210.739 1209.283 1209.437 1209.591 1209.745 1209.9 1211.508 1213.753 1215.998 1218.243 1220.311 1221.335 1222.359 1223.383 1224.406 1222.187 1217.751 1213.316 1208.881 1204.339 1197.424 1190.509 1183.594 1176.68 1169.818 1163.011 1156.204 1149.397 1142.59 1139.027 1135.662 1132.298 1128.934 1129.196 1135.097 1140.998 1146.9 1152.801 1162.729 1173.419 1184.109 1194.8 1205.033
1245.776 1240.867 1235.957 1232.007 1229.234 1226.461 1223.688 1220.915 1219.474 1218.182 1216.891 1215.6 1214.392 1213.342 1212.291 1211.24 1210.19 1208.762 1207.239 1205.716 1204.192 1203.007 1202.857 1202.706 1202.556 1202.406 1203.464 1205.052 1206.64 1208.228 1209.787 1211.179 1212.572 1213.964 1215.357 1213.569 1209.61 1205.65 1201.691 1197.606 1190.771 1183.937 1177.102 1170.268 1163.6 1157.103 1150.606 1144.109 1137.612 1133.633 1129.809 1125.986 1122.162 1121.861 1127.042 1132.221 1137.402 1142.582 1152.47 1163.251 1174.033 1184.814 1195.134
1242.307 1236.66 1231.013 1226.386 1223.01 1219.633 1216.256 1212.879 1211.208 1209.73 1208.252 1206.773 1205.494 1204.588 1203.681 1202.775 1201.868 1200.837 1199.773 1198.709 1197.645 1196.731 1196.276 1195.821 1195.366 1194.912 1195.42 1196.351 1197.281 1198.212 1199.262 1201.024 1202.785 1204.546 1206.307 1204.952 1201.468 1197.984 1194.5 1190.874 1184.119 1177.365 1170.61 1163.856 1157.381 1151.194 1145.007 1138.82 1132.633 1128.24 1123.956 1119.673 1115.39 1114.527 1118.986 1123.445 1127.903 1132.362 1142.212 1153.084 1163.956 1174.828 1185.234
1241.456 1235.977 1230.497 1225.893 1222.363 1218.832 1215.302 1211.772 1209.972 1208.367 1206.762 1205.157 1203.831 1203.025 1202.22 1201.415 1200.609 1199.619 1198.582 1197.545 1196.507 1195.559 1194.882 1194.204 1193.527 1192.85 1192.933 1193.349 1193.765 1194.181 1194.728 1196.049 1197.369 1198.689 1200.01 1198.352 1194.659 1190.967 1187.274 1183.437 1176.412 1169.387 1162.362 1155.337 1149.036 1143.479 1137.922 1132.365 1126.809 1122.961 1119.218 1115.475 1111.733 1110.863 1114.461 1118.06 1121.659 1125.258 1133.897 1143.492 1153.087 1162.681 1172.113
1241.218 1236.118 1231.017 1226.601 1223.022 1219.444 1215.866 1212.287 1210.381 1208.664 1206.948 1205.231 1203.862 1203.148 1202.433 1201.719 1201.004 1199.973 1198.861 1197.749 1196.637 1195.582 1194.701 1193.821 1192.941 1192.061 1191.748 1191.683 1191.618 1191.553 1191.598 1192.287 1192.977 1193.667 1194.357 1192.224 1188.162 1184.101 1180.04 1175.835 1168.457 1161.08 1153.702 1146.325 1140.192 1135.34 1130.489 1125.637 1120.786 1117.709 1114.741 1111.773 1108.805 1108.058 1110.764 1113.47 1116.177 1118.883 1126.037 1134.034 1142.032 1150.029 1158.238
1240.979 1236.259 1231.538 1227.309 1223.682 1220.056 1216.429 1212.803 1210.791 1208.962 1207.133 1205.304 1203.894 1203.27 1202.646 1202.023 1201.399 1200.326 1199.14 1197.953 1196.766 1195.605 1194.521 1193.438 1192.355 1191.271 1190.562 1190.016 1189.47 1188.925 1188.467 1188.526 1188.585 1188.645 1188.704 1186.096 1181.666 1177.236 1172.806 1168.233 1160.503 1152.773 1145.042 1137.312 1131.348 1127.202 1123.056 1118.909 1114.763 1112.457 1110.264 1108.071 1105.878 1105.252 1107.066 1108.88 1110.694 1112.508 1118.177 1124.577 1130.977 1137.376 1144.362
1240.741 1236.4 1232.059 1228.017 1224.342 1220.667 1216.993 1213.318 1211.201 1209.26 1207.318 1205.377 1203.926 1203.393 1202.86 1202.327 1201.794 1200.68 1199.419 1198.157 1196.895 1195.628 1194.341 1193.055 1191.768 1190.482 1189.376 1188.35 1187.323 1186.296 1185.336 1184.764 1184.193 1183.622 1183.051 1179.968 1175.169 1170.371 1165.572 1160.631 1152.548 1144.465 1136.382 1128.299 1122.504 1119.063 1115.622 1112.181 1108.741 1107.205 1105.787 1104.368 1102.95 1102.447 1103.369 1104.291 1105.212 1106.134 1110.317 1115.119 1119.921 1124.723 1130.487
1241.565 1237.575 1233.585 1229.796 1226.253 1222.711 1219.168 1215.625 1213.541 1211.621 1209.702 1207.782 1206.364 1205.886 1205.408 1204.93 1204.451 1203.122 1201.576 1200.029 1198.483 1196.92 1195.304 1193.689 1192.073 1190.458 1188.914 1187.403 1185.891 1184.38 1182.924 1181.794 1180.665 1179.535 1178.405 1175.045 1170.161 1165.277 1160.393 1155.361 1147.08 1138.799 1130.517 1122.236 1116.493 1113.363 1110.232 1107.101 1103.971 1103.048 1102.262 1101.476 1100.689 1100.301 1100.532 1100.764 1100.995 1101.226 1104.121 1107.521 1110.921 1114.321 1118.908
1245.736 1242.008 1238.28 1234.949 1232.107 1229.264 1226.422 1223.579 1221.964 1220.488 1219.012 1217.536 1216.386 1215.849 1215.312 1214.776 1214.239 1212.143 1209.651 1207.159 1204.667 1202.212 1199.87 1197.528 1195.185 1192.843 1190.733 1188.724 1186.716 1184.708 1182.779 1181.318 1179.857 1178.396 1176.935 1173.919 1169.842 1165.765 1161.688 1157.44 1149.448 1141.455 1133.462 1125.47 1119.412 1115.347 1111.281 1107.215 1103.15 1102.344 1101.74 1101.135 1100.53 1100.232 1100.409 1100.587 1100.765 1100.943 1103.169 1105.784 1108.398 1111.013 1114.569
1249.908 1246.441 1242.975 1240.103 1237.96 1235.818 1233.675 1231.532 1230.387 1229.355 1228.322 1227.289 1226.409 1225.813 1225.217 1224.621 1224.026 1221.165 1217.727 1214.289 1210.851 1207.504 1204.435 1201.366 1198.297 1195.228 1192.552 1190.046 1187.541 1185.035 1182.633 1180.841 1179.049 1177.256 1175.464 1172.794 1169.523 1166.253 1162.983 1159.52 1151.815 1144.112 1136.407 1128.703 1122.331 1117.331 1112.33 1107.329 1102.328 1101.64 1101.217 1100.794 1100.371 1100.162 1100.286 1100.411 1100.535 1100.66 1102.217 1104.046 1105.875 1107.704 1110.23
1254.079 1250.874 1247.67 1245.256 1243.814 1242.371 1240.929 1239.486 1238.81 1238.221 1237.632 1237.043 1236.431 1235.776 1235.122 1234.467 1233.813 1230.186 1225.802 1221.419 1217.035 1212.797 1209.001 1205.205 1201.409 1197.614 1194.37 1191.368 1188.365 1185.363 1182.488 1180.364 1178.241 1176.117 1173.994 1171.668 1169.205 1166.741 1164.278 1161.599 1154.183 1146.768 1139.352 1131.937 1125.25 1119.315 1113.379 1107.443 1101.507 1100.936 1100.694 1100.453 1100.212 1100.092 1100.163 1100.234 1100.305 1100.376 1101.265 1102.308 1103.352 1104.395 1105.891
1258.25 1255.307 1252.364 1250.41 1249.667 1248.925 1248.182 1247.44 1247.233 1247.088 1246.942 1246.796 1246.453 1245.74 1245.027 1244.313 1243.6 1239.208 1233.878 1228.549 1223.219 1218.089 1213.566 1209.044 1204.521 1199.999 1196.189 1192.689 1189.19 1185.691 1182.343 1179.888 1177.433 1174.978 1172.523 1170.543 1168.886 1167.229 1165.573 1163.678 1156.551 1149.424 1142.297 1135.17 1128.169 1121.299 1114.428 1107.557 1100.686 1100.231 1100.172 1100.112 1100.052 1100.023 1100.04 1100.058 1100.076 1100.093 1100.313 1100.571 1100.829 1101.087 1101.552
1262.889 1260.229 1257.57 1256.228 1256.501 1256.774 1257.047 1257.321 1257.838 1258.384 1258.929 1259.475 1259.5 1258.548 1257.597 1256.645 1255.694 1250.942 1245.223 1239.504 1233.785 1228.148 1222.763 1217.377 1211.992 1206.607 1201.911 1197.516 1193.121 1188.727 1184.632 1182.305 1179.978 1177.651 1175.324 1174.091 1173.603 1173.116 1172.628 1171.883 1165.468 1159.053 1152.638 1146.223 1139.372 1132.072 1124.772 1117.472 1110.172 1109.228 1108.676 1108.123 1107.571 1106.883 1105.986 1105.089 1104.192 1103.295 1102.569 1101.877 1101.184 1100.492 1100.109
1267.756 1265.391 1263.026 1262.371 1263.815 1265.258 1266.701 1268.145 1269.511 1270.869 1272.226 1273.584 1274.025 1272.747 1271.47 1270.193 1268.915 1264.004 1258.167 1252.331 1246.494 1240.54 1234.224 1227.909 1221.594 1215.279 1209.542 1204.057 1198.572 1193.087 1188.111 1186.137 1184.163 1182.189 1180.215 1179.924 1180.783 1181.642 1182.501 1183.084 1177.588 1172.093 1166.597 1161.101 1154.627 1147.145 1139.663 1132.182 1124.7 1122.97 1121.595 1120.219 1118.844 1117.133 1114.9 1112.667 1110.434 1108.201 1106.396 1104.672 1102.948 1101.224 1100.081
1272.624 1270.552 1268.481 1268.514 1271.128 1273.741 1276.355 1278.968 1281.183 1283.353 1285.523 1287.693 1288.55 1286.947 1285.343 1283.74 1282.137 1277.065 1271.111 1265.157 1259.203 1252.931 1245.686 1238.441 1231.196 1223.951 1217.173 1210.598 1204.023 1197.448 1191.591 1189.97 1188.348 1186.727 1185.105 1185.758 1187.964 1190.169 1192.375 1194.286 1189.709 1185.132 1180.555 1175.979 1169.881 1162.218 1154.555 1146.891 1139.228 1136.713 1134.514 1132.316 1130.117 1127.383 1123.814 1120.245 1116.676 1113.107 1110.222 1107.467 1104.712 1101.957 1100.053
1277.492 1275.714 1273.936 1274.657 1278.441 1282.225 1286.009 1289.792 1292.856 1295.838 1298.82 1301.802 1303.076 1301.146 1299.217 1297.287 1295.358 1290.127 1284.055 1277.984 1271.912 1265.322 1257.148 1248.973 1240.798 1232.624 1224.804 1217.139 1209.474 1201.809 1195.071 1193.802 1192.533 1191.265 1189.996 1191.592 1195.144 1198.696 1202.248 1205.487 1201.829 1198.172 1194.514 1190.857 1185.135 1177.291 1169.446 1161.6 1153.755 1150.455 1147.433 1144.412 1141.391 1137.632 1132.728 1127.823 1122.917 1118.013 1114.048 1110.262 1106.475 1102.689 1100.025
1282.27 1280.8 1279.329 1280.758 1285.741 1290.723 1295.705 1300.688 1304.501 1308.182 1311.863 1315.545 1317.149 1314.858 1312.567 1310.276 1307.985 1302.596 1296.418 1290.24 1284.061 1277.184 1268.171 1259.157 1250.143 1241.13 1232.373 1223.729 1215.084 1206.44 1198.915 1197.996 1197.077 1196.157 1195.238 1197.74 1202.58 1207.419 1212.258 1216.768 1214.03 1211.293 1208.556 1205.818 1200.534 1192.628 1184.722 1176.816 1168.91 1164.854 1161.035 1157.216 1153.397 1148.645 1142.443 1136.241 1130.039 1123.837 1118.75 1113.875 1109.0 1104.125 1100.639
1286.261 1285.219 1284.176 1286.491 1292.922 1299.352 1305.782 1312.213 1315.909 1319.296 1322.683 1326.071 1327.249 1324.285 1321.321 1318.357 1315.393 1309.858 1303.669 1297.48 1291.291 1284.396 1275.339 1266.283 1257.226 1248.17 1239.397 1230.747 1222.097 1213.448 1205.965 1205.366 1204.767 1204.169 1203.57 1206.656 1212.26 1217.863 1223.466 1228.747 1226.94 1225.132 1223.324 1221.517 1217.197 1210.29 1203.383 1196.476 1189.569 1185.027 1180.631 1176.235 1171.839 1166.362 1159.204 1152.045 1144.886 1137.728 1131.15 1124.683 1118.215 1111.748 1106.891
1290.253 1289.638 1289.023 1292.224 1300.102 1307.98 1315.859 1323.737 1327.316 1330.41 1333.503 1336.597 1337.349 1333.712 1330.074 1326.437 1322.8 1317.12 1310.92 1304.721 1298.521 1291.607 1282.508 1273.409 1264.309 1255.21 1246.42 1237.765 1229.11 1220.455 1213.014 1212.736 1212.458 1212.18 1211.902 1215.572 1221.94 1228.307 1234.674 1240.727 1239.849 1238.971 1238.093 1237.216 1233.859 1227.952 1222.044 1216.136 1210.229 1205.201 1200.228 1195.255 1190.282 1184.079 1175.964 1167.849 1159.734 1151.618 1143.55 1135.49 1127.431 1119.371 1113.143
