data/zism_data/01108_04_D.txt
ncols         224
nrows         224
[rows 196 to 223 of 224, columns 63 to 125 of 224]
1812.758 1819.347 1825.935 1832.523 1840.285 1848.1 1855.915 1863.731 1869.599 1872.781 1875.963 1879.145 1882.328 1883.605 1884.632 1885.66 1886.687 1887.817 1889.138 1890.459 1891.78 1893.102 1894.464 1895.836 1897.209 1898.581 1900.022 1901.644 1903.266 1904.888 1906.51 1907.432 1908.108 1908.784 1909.459 1909.941 1909.66 1909.378 1909.097 1908.816 1909.424 1910.476 1911.529 1912.582 1913.296 1911.751 1910.206 1908.661 1907.116 1903.612 1898.769 1893.927 1889.084 1884.165 1878.005 1871.846 1865.686 1859.526 1854.327 1850.008 1845.689 1841.37 1837.051
1816.992 1825.082 1833.172 1841.262 1849.058 1856.841 1864.623 1872.406 1877.918 1880.298 1882.678 1885.058 1887.438 1887.898 1888.107 1888.316 1888.525 1888.986 1889.923 1890.859 1891.795 1892.731 1894.008 1895.364 1896.72 1898.076 1899.585 1901.494 1903.403 1905.312 1907.221 1908.572 1909.724 1910.877 1912.03 1912.955 1912.982 1913.01 1913.038 1913.066 1913.643 1914.495 1915.347 1916.199 1916.717 1915.004 1913.291 1911.578 1909.865 1906.434 1901.83 1897.226 1892.622 1887.946 1882.095 1876.245 1870.394 1864.543 1859.489 1855.164 1850.84 1846.515 1842.191
1821.226 1830.817 1840.409 1850.001 1857.831 1865.581 1873.331 1881.082 1886.237 1887.815 1889.392 1890.97 1892.547 1892.191 1891.582 1890.972 1890.362 1890.156 1890.707 1891.259 1891.81 1892.361 1893.552 1894.892 1896.232 1897.572 1899.147 1901.344 1903.54 1905.737 1907.933 1909.711 1911.341 1912.971 1914.601 1915.969 1916.305 1916.642 1916.979 1917.316 1917.862 1918.514 1919.165 1919.817 1920.138 1918.257 1916.376 1914.495 1912.614 1909.257 1904.891 1900.526 1896.16 1891.727 1886.185 1880.643 1875.102 1869.56 1864.65 1860.32 1855.99 1851.66 1847.331
1825.459 1836.553 1847.646 1858.74 1866.604 1874.322 1882.039 1889.757 1894.557 1895.332 1896.107 1896.882 1897.657 1896.485 1895.056 1893.628 1892.199 1891.326 1891.492 1891.658 1891.825 1891.991 1893.097 1894.42 1895.744 1897.067 1898.71 1901.194 1903.678 1906.162 1908.645 1910.851 1912.958 1915.065 1917.172 1918.983 1919.628 1920.274 1920.92 1921.566 1922.081 1922.532 1922.983 1923.434 1923.559 1921.51 1919.461 1917.412 1915.363 1912.079 1907.952 1903.825 1899.698 1895.507 1890.274 1885.042 1879.809 1874.576 1869.812 1865.477 1861.141 1856.806 1852.471
1828.517 1840.325 1852.132 1863.94 1872.04 1879.973 1887.905 1895.837 1900.801 1901.669 1902.538 1903.406 1904.275 1902.872 1901.17 1899.469 1897.768 1896.552 1896.246 1895.94 1895.633 1895.327 1896.209 1897.367 1898.525 1899.683 1901.267 1903.971 1906.675 1909.38 1912.084 1914.452 1916.702 1918.951 1921.201 1923.172 1924.049 1924.927 1925.804 1926.682 1927.131 1927.366 1927.601 1927.836 1927.745 1925.482 1923.218 1920.954 1918.691 1915.26 1911.032 1906.804 1902.575 1898.295 1893.171 1888.046 1882.922 1877.797 1873.211 1869.117 1865.024 1860.93 1856.836
1831.513 1843.993 1856.472 1868.952 1877.3 1885.46 1893.62 1901.78 1906.934 1907.944 1908.953 1909.963 1910.973 1909.37 1907.425 1905.479 1903.534 1901.993 1901.21 1900.427 1899.643 1898.86 1899.512 1900.496 1901.48 1902.465 1903.983 1906.904 1909.825 1912.746 1915.667 1918.184 1920.558 1922.932 1925.307 1927.423 1928.529 1929.634 1930.739 1931.844 1932.225 1932.243 1932.261 1932.279 1931.971 1929.491 1927.011 1924.53 1922.05 1918.46 1914.112 1909.765 1905.417 1901.031 1896.004 1890.977 1885.95 1880.923 1876.516 1872.677 1868.839 1865.0 1861.161
1834.508 1847.66 1860.812 1873.964 1882.559 1890.947 1899.334 1907.722 1913.068 1914.219 1915.369 1916.52 1917.67 1915.868 1913.679 1911.49 1909.3 1907.434 1906.174 1904.914 1903.653 1902.393 1902.814 1903.625 1904.436 1905.247 1906.698 1909.836 1912.974 1916.112 1919.25 1921.916 1924.415 1926.914 1929.413 1931.675 1933.008 1934.341 1935.674 1937.007 1937.319 1937.12 1936.921 1936.722 1936.198 1933.5 1930.803 1928.106 1925.409 1921.66 1917.193 1912.726 1908.26 1903.766 1898.837 1893.908 1888.978 1884.049 1879.822 1876.238 1872.654 1869.07 1865.486
1837.504 1851.328 1865.152 1878.977 1887.818 1896.434 1905.049 1913.665 1919.202 1920.493 1921.785 1923.076 1924.368 1922.366 1919.933 1917.5 1915.067 1912.876 1911.138 1909.401 1907.663 1905.926 1906.116 1906.753 1907.391 1908.028 1909.414 1912.769 1916.124 1919.479 1922.833 1925.648 1928.271 1930.895 1933.519 1935.927 1937.487 1939.048 1940.609 1942.169 1942.412 1941.997 1941.581 1941.166 1940.424 1937.51 1934.596 1931.682 1928.767 1924.86 1920.274 1915.688 1911.102 1906.502 1901.67 1896.838 1892.007 1887.175 1883.127 1879.798 1876.469 1873.139 1869.81
1841.744 1855.902 1870.059 1884.216 1893.106 1901.758 1910.409 1919.06 1924.727 1926.276 1927.825 1929.375 1930.924 1929.076 1926.783 1924.49 1922.196 1920.089 1918.331 1916.573 1914.815 1913.056 1913.115 1913.595 1914.076 1914.556 1915.756 1918.848 1921.94 1925.032 1928.124 1930.782 1933.286 1935.792 1938.296 1940.622 1942.242 1943.861 1945.481 1947.101 1947.301 1946.79 1946.279 1945.768 1944.929 1941.901 1938.873 1935.845 1932.817 1928.78 1924.053 1919.327 1914.601 1909.866 1904.999 1900.131 1895.264 1890.396 1886.409 1883.23 1880.05 1876.87 1873.691
1847.624 1861.668 1875.711 1889.754 1898.432 1906.867 1915.301 1923.736 1929.45 1931.411 1933.372 1935.334 1937.295 1936.066 1934.417 1932.769 1931.121 1929.636 1928.458 1927.28 1926.102 1924.924 1924.982 1925.327 1925.672 1926.017 1926.872 1929.069 1931.266 1933.464 1935.661 1937.761 1939.827 1941.893 1943.959 1945.901 1947.358 1948.815 1950.273 1951.73 1951.918 1951.473 1951.027 1950.581 1949.802 1946.795 1943.789 1940.782 1937.776 1933.648 1928.753 1923.859 1918.965 1914.06 1908.981 1903.902 1898.823 1893.744 1889.661 1886.493 1883.324 1880.155 1876.986
1853.504 1867.434 1881.363 1895.293 1903.759 1911.976 1920.194 1928.411 1934.172 1936.546 1938.919 1941.293 1943.666 1943.055 1942.052 1941.049 1940.046 1939.184 1938.586 1937.988 1937.39 1936.792 1936.849 1937.058 1937.268 1937.477 1937.987 1939.29 1940.593 1941.896 1943.199 1944.741 1946.368 1947.994 1949.621 1951.18 1952.475 1953.769 1955.064 1956.358 1956.536 1956.155 1955.775 1955.394 1954.674 1951.689 1948.704 1945.72 1942.735 1938.516 1933.453 1928.391 1923.328 1918.253 1912.962 1907.672 1902.382 1897.091 1892.913 1889.755 1886.597 1883.439 1880.281
1859.384 1873.2 1887.016 1900.831 1909.085 1917.085 1925.086 1933.087 1938.896 1941.681 1944.467 1947.252 1950.037 1950.044 1949.686 1949.328 1948.97 1948.731 1948.713 1948.695 1948.677 1948.66 1948.716 1948.79 1948.864 1948.937 1949.103 1949.511 1949.92 1950.328 1950.737 1951.721 1952.908 1954.096 1955.283 1956.459 1957.591 1958.723 1959.855 1960.987 1961.154 1960.838 1960.523 1960.207 1959.546 1956.583 1953.62 1950.657 1947.694 1943.384 1938.153 1932.923 1927.692 1922.446 1916.944 1911.442 1905.941 1900.439 1896.165 1893.018 1889.871 1886.724 1883.577
1865.264 1878.966 1892.668 1906.37 1914.411 1922.195 1929.978 1937.762 1943.618 1946.816 1950.014 1953.211 1956.409 1957.033 1957.321 1957.608 1957.895 1958.278 1958.84 1959.403 1959.965 1960.527 1960.583 1960.521 1960.459 1960.398 1960.219 1959.733 1959.247 1958.76 1958.274 1958.701 1959.449 1960.197 1960.945 1961.738 1962.708 1963.677 1964.646 1965.615 1965.772 1965.521 1965.271 1965.02 1964.418 1961.477 1958.536 1955.595 1952.653 1948.252 1942.853 1937.455 1932.056 1926.639 1920.926 1915.213 1909.5 1903.786 1899.417 1896.281 1893.145 1890.008 1886.872
1869.639 1882.85 1896.062 1909.273 1917.578 1925.66 1933.742 1941.825 1948.05 1951.714 1955.378 1959.042 1962.706 1963.688 1964.318 1964.948 1965.578 1966.232 1966.928 1967.625 1968.322 1969.018 1969.078 1968.989 1968.901 1968.813 1968.531 1967.74 1966.948 1966.157 1965.366 1965.469 1965.887 1966.305 1966.723 1967.211 1967.973 1968.735 1969.497 1970.259 1970.383 1970.187 1969.992 1969.796 1969.262 1966.472 1963.681 1960.89 1958.099 1953.606 1947.95 1942.294 1936.638 1930.963 1924.964 1918.965 1912.966 1906.967 1902.366 1899.048 1895.729 1892.41 1889.092
1873.871 1886.556 1899.242 1911.928 1920.542 1928.971 1937.4 1945.829 1952.453 1956.589 1960.725 1964.86 1968.996 1970.311 1971.255 1972.2 1973.145 1974.035 1974.824 1975.613 1976.402 1977.19 1977.254 1977.149 1977.045 1976.94 1976.578 1975.537 1974.497 1973.456 1972.415 1972.216 1972.315 1972.413 1972.511 1972.701 1973.252 1973.802 1974.353 1974.904 1974.993 1974.852 1974.711 1974.569 1974.104 1971.476 1968.848 1966.219 1963.591 1959.006 1953.085 1947.163 1941.242 1935.299 1929.007 1922.715 1916.424 1910.132 1905.287 1901.767 1898.248 1894.729 1891.209
1878.103 1890.262 1902.422 1914.582 1923.505 1932.281 1941.057 1949.833 1956.857 1961.464 1966.072 1970.679 1975.286 1976.934 1978.193 1979.452 1980.711 1981.839 1982.72 1983.6 1984.481 1985.362 1985.43 1985.309 1985.188 1985.068 1984.625 1983.335 1982.045 1980.755 1979.465 1978.964 1978.743 1978.521 1978.299 1978.192 1978.531 1978.87 1979.209 1979.548 1979.603 1979.516 1979.429 1979.343 1978.945 1976.48 1974.014 1971.549 1969.083 1964.406 1958.219 1952.032 1945.845 1939.635 1933.05 1926.466 1919.881 1913.297 1908.207 1904.487 1900.767 1897.047 1893.327
1882.334 1893.969 1905.602 1917.236 1926.468 1935.591 1944.714 1953.838 1961.261 1966.34 1971.419 1976.498 1981.577 1983.557 1985.13 1986.704 1988.277 1989.642 1990.615 1991.588 1992.561 1993.534 1993.606 1993.469 1993.332 1993.195 1992.672 1991.132 1989.593 1988.054 1986.514 1985.712 1985.171 1984.629 1984.088 1983.682 1983.81 1983.938 1984.065 1984.193 1984.214 1984.181 1984.148 1984.116 1983.787 1981.484 1979.181 1976.878 1974.575 1969.806 1963.354 1956.901 1950.448 1943.971 1937.093 1930.216 1923.339 1916.462 1911.127 1907.207 1903.286 1899.366 1895.445
1886.823 1898.083 1909.344 1920.604 1930.008 1939.328 1948.648 1957.968 1965.57 1970.803 1976.036 1981.269 1986.503 1988.553 1990.185 1991.818 1993.451 1994.843 1995.784 1996.725 1997.665 1998.606 1998.675 1998.541 1998.406 1998.272 1997.746 1996.189 1994.632 1993.075 1991.518 1990.608 1989.927 1989.246 1988.565 1988.022 1988.022 1988.022 1988.022 1988.022 1988.022 1988.022 1988.022 1988.022 1987.744 1985.612 1983.48 1981.349 1979.217 1974.452 1967.888 1961.324 1954.76 1948.165 1941.063 1933.962 1926.861 1919.759 1914.175 1909.981 1905.787 1901.593 1897.399
1891.703 1902.823 1913.942 1925.061 1934.428 1943.716 1953.003 1962.29 1969.735 1974.637 1979.54 1984.442 1989.345 1991.064 1992.366 1993.668 1994.97 1996.069 1996.788 1997.506 1998.225 1998.943 1998.996 1998.895 1998.793 1998.691 1998.282 1997.061 1995.84 1994.619 1993.398 1992.676 1992.13 1991.585 1991.039 1990.604 1990.604 1990.604 1990.604 1990.604 1990.604 1990.604 1990.604 1990.604 1990.35 1988.403 1986.455 1984.508 1982.561 1977.944 1971.505 1965.066 1958.626 1952.142 1944.921 1937.701 1930.48 1923.259 1917.417 1912.838 1908.259 1903.68 1899.101
1896.584 1907.562 1918.54 1929.519 1938.848 1948.103 1957.358 1966.613 1973.899 1978.471 1983.043 1987.615 1992.187 1993.575 1994.547 1995.518 1996.489 1997.295 1997.791 1998.288 1998.784 1999.28 1999.318 1999.249 1999.18 1999.111 1998.817 1997.932 1997.047 1996.162 1995.278 1994.744 1994.333 1993.923 1993.513 1993.186 1993.186 1993.186 1993.186 1993.186 1993.186 1993.186 1993.186 1993.186 1992.956 1991.193 1989.43 1987.667 1985.904 1981.437 1975.122 1968.808 1962.493 1956.119 1948.779 1941.439 1934.099 1926.76 1920.659 1915.695 1910.731 1905.767 1900.804
1901.464 1912.302 1923.139 1933.976 1943.269 1952.491 1961.713 1970.936 1978.064 1982.305 1986.546 1990.787 1995.028 1996.086 1996.727 1997.368 1998.008 1998.521 1998.795 1999.069 1999.343 1999.617 1999.639 1999.603 1999.566 1999.53 1999.352 1998.803 1998.255 1997.706 1997.157 1996.811 1996.537 1996.262 1995.987 1995.769 1995.769 1995.769 1995.769 1995.769 1995.769 1995.769 1995.769 1995.769 1995.563 1993.984 1992.405 1990.827 1989.248 1984.929 1978.739 1972.55 1966.359 1960.096 1952.637 1945.178 1937.719 1930.26 1923.901 1918.553 1913.204 1907.855 1902.506
1906.344 1917.041 1927.737 1938.434 1947.689 1956.879 1966.068 1975.258 1982.229 1986.139 1990.05 1993.96 1997.87 1998.598 1998.908 1999.218 1999.527 1999.747 1999.799 1999.851 1999.902 1999.954 1999.961 1999.957 1999.953 1999.949 1999.887 1999.675 1999.462 1999.25 1999.037 1998.879 1998.74 1998.601 1998.462 1998.351 1998.351 1998.351 1998.351 1998.351 1998.351 1998.351 1998.351 1998.351 1998.169 1996.775 1995.38 1993.986 1992.592 1988.422 1982.357 1976.292 1970.226 1964.073 1956.495 1948.917 1941.338 1933.76 1927.144 1921.41 1915.676 1909.942 1904.209
1910.449 1921.309 1932.169 1943.029 1951.923 1960.729 1969.533 1978.339 1984.877 1988.291 1991.704 1995.117 1998.53 1999.118 1999.335 1999.552 1999.769 1999.917 1999.937 1999.957 1999.977 1999.996 2000.0 2000.0 2000.0 2000.0 1999.962 1999.824 1999.686 1999.547 1999.409 1999.3 1999.202 1999.103 1999.004 1998.926 1998.926 1998.926 1998.926 1998.926 1998.926 1998.926 1998.926 1998.926 1998.759 1997.477 1996.196 1994.914 1993.633 1989.677 1983.893 1978.11 1972.326 1966.448 1959.031 1951.614 1944.197 1936.78 1930.259 1924.559 1918.859 1913.159 1907.459
1914.445 1925.512 1936.578 1947.644 1956.132 1964.503 1972.875 1981.246 1987.315 1990.207 1993.1 1995.993 1998.885 1999.36 1999.517 1999.675 1999.832 1999.94 1999.954 1999.969 1999.983 1999.997 2000.0 2000.0 2000.0 2000.0 1999.972 1999.872 1999.772 1999.672 1999.572 1999.493 1999.421 1999.349 1999.278 1999.221 1999.221 1999.221 1999.221 1999.221 1999.221 1999.221 1999.221 1999.221 1999.067 1997.889 1996.71 1995.532 1994.354 1990.619 1985.139 1979.66 1974.18 1968.599 1961.383 1954.166 1946.95 1939.734 1933.357 1927.749 1922.141 1916.533 1910.925
1918.442 1929.714 1940.986 1952.258 1960.341 1968.278 1976.216 1984.153 1989.752 1992.124 1994.496 1996.869 1999.241 1999.602 1999.7 1999.798 1999.896 1999.963 1999.972 1999.981 1999.989 1999.998 2000.0 2000.0 2000.0 2000.0 1999.983 1999.921 1999.858 1999.796 1999.734 1999.685 1999.64 1999.596 1999.551 1999.516 1999.516 1999.516 1999.516 1999.516 1999.516 1999.516 1999.516 1999.516 1999.376 1998.3 1997.225 1996.15 1995.074 1991.562 1986.386 1981.21 1976.033 1970.75 1963.734 1956.719 1949.703 1942.687 1936.454 1930.938 1925.423 1919.907 1914.392
1922.438 1933.917 1945.395 1956.873 1964.549 1972.053 1979.557 1987.061 1992.189 1994.041 1995.893 1997.745 1999.596 1999.845 1999.883 1999.921 1999.959 1999.985 1999.989 1999.992 1999.996 1999.999 2000.0 2000.0 2000.0 2000.0 1999.993 1999.969 1999.945 1999.92 1999.896 1999.877 1999.86 1999.842 1999.825 1999.811 1999.811 1999.811 1999.811 1999.811 1999.811 1999.811 1999.811 1999.811 1999.684 1998.712 1997.74 1996.767 1995.795 1992.505 1987.632 1982.76 1977.887 1972.902 1966.086 1959.271 1952.456 1945.641 1939.552 1934.128 1928.705 1923.281 1917.858
1924.821 1936.402 1947.982 1959.563 1967.061 1974.373 1981.685 1988.997 1993.862 1995.353 1996.845 1998.336 1999.827 2000.0 2000.0 2000.0 2000.0 2000.0 2000.0 2000.0 2000.0 2000.0 2000.0 2000.0 2000.0 2000.0 2000.0 2000.0 2000.0 2000.0 2000.0 2000.0 2000.0 2000.0 2000.0 2000.0 2000.0 2000.0 2000.0 2000.0 1999.992 1999.98 1999.969 1999.957 1999.818 1998.825 1997.833 1996.841 1995.849 1992.644 1987.929 1983.214 1978.498 1973.674 1967.075 1960.476 1953.877 1947.278 1941.378 1936.119 1930.86 1925.6 1920.341
1924.331 1935.83 1947.329 1958.829 1966.551 1974.102 1981.652 1989.203 1994.174 1995.59 1997.005 1998.421 1999.836 2000.0 2000.0 2000.0 2000.0 2000.0 2000.0 2000.0 2000.0 2000.0 2000.0 2000.0 2000.0 2000.0 2000.0 2000.0 2000.0 2000.0 2000.0 2000.0 2000.0 2000.0 2000.0 2000.0 2000.0 2000.0 2000.0 2000.0 1999.97 1999.926 1999.882 1999.838 1999.639 1998.408 1997.177 1995.947 1994.716 1991.354 1986.535 1981.717 1976.898 1971.991 1965.636 1959.281 1952.926 1946.571 1940.94 1935.974 1931.008 1926.041 1921.075
