data/zism_data/01103_04_D.txt
ncols         224
nrows         224
[rows 87 to 115 of 224, columns 128 to 191 of 224]
4402.385 4403.049 4403.714 4404.052 4404.275 4404.498 4404.721 4405.043 4405.774 4406.506 4407.237 4407.968 4410.008 4412.745 4415.482 4418.219 4421.17 4425.868 4430.566 4435.265 4439.964 4443.169 4445.225 4447.281 4449.338 4451.292 4448.679 4446.065 4443.452 4440.838 4437.595 4433.666 4429.736 4425.806 4421.876 4420.479 4419.259 4418.039 4416.819 4416.262 4416.738 4417.213 4417.689 4418.165 4416.945 4415.421 4413.898 4412.374 4410.627 4408.37 4406.112 4403.854 4401.597 4398.568 4395.298 4392.028 4388.757 4385.165 4380.409 4375.653 4370.898 4366.143 4361.077 4355.86
4402.261 4402.752 4403.245 4403.159 4402.87 4402.581 4402.292 4402.069 4402.121 4402.173 4402.225 4402.277 4403.961 4406.515 4409.068 4411.623 4414.437 4419.389 4424.341 4429.292 4434.245 4437.511 4439.481 4441.451 4443.421 4445.275 4441.879 4438.484 4435.089 4431.693 4427.952 4423.834 4419.715 4415.597 4411.479 4410.453 4409.642 4408.832 4408.021 4408.039 4409.345 4410.65 4411.957 4413.262 4412.882 4412.199 4411.517 4410.833 4409.811 4408.012 4406.212 4404.413 4402.614 4399.875 4396.843 4393.81 4390.776 4387.33 4382.397 4377.463 4372.53 4367.597 4362.161 4356.48
4400.906 4401.25 4401.595 4401.092 4400.291 4399.49 4398.688 4397.947 4397.449 4396.95 4396.452 4395.954 4397.463 4400.043 4402.624 4405.203 4408.068 4413.267 4418.466 4423.666 4428.865 4432.157 4433.981 4435.806 4437.63 4439.325 4435.178 4431.03 4426.883 4422.736 4418.517 4414.22 4409.924 4405.627 4401.33 4400.684 4400.292 4399.9 4399.508 4400.106 4402.246 4404.385 4406.524 4408.663 4409.044 4409.11 4409.177 4409.243 4408.866 4407.476 4406.085 4404.695 4403.306 4400.865 4398.094 4395.323 4392.553 4389.303 4384.33 4379.357 4374.384 4369.411 4363.796 4357.871
4396.313 4396.576 4396.84 4395.938 4394.625 4393.311 4391.998 4390.802 4390.094 4389.386 4388.677 4387.969 4389.781 4392.938 4396.095 4399.251 4402.656 4408.086 4413.518 4418.949 4424.38 4427.602 4429.125 4430.647 4432.169 4433.554 4428.733 4423.912 4419.091 4414.27 4409.627 4405.18 4400.732 4396.284 4391.836 4391.593 4391.644 4391.694 4391.744 4392.941 4395.921 4398.901 4401.881 4404.861 4405.8 4406.373 4406.946 4407.519 4407.58 4406.47 4405.36 4404.25 4403.141 4401.017 4398.575 4396.133 4393.691 4390.77 4386.12 4381.471 4376.821 4372.171 4366.883 4361.287
4391.719 4391.902 4392.084 4390.783 4388.958 4387.132 4385.306 4383.658 4382.74 4381.821 4380.902 4379.984 4382.099 4385.833 4389.566 4393.3 4397.243 4402.906 4408.569 4414.232 4419.895 4423.047 4424.268 4425.488 4426.709 4427.784 4422.289 4416.793 4411.299 4405.803 4400.737 4396.139 4391.54 4386.941 4382.343 4382.503 4382.996 4383.488 4383.98 4385.775 4389.596 4393.417 4397.238 4401.059 4402.556 4403.635 4404.715 4405.794 4406.293 4405.464 4404.634 4403.805 4402.976 4401.169 4399.056 4396.943 4394.83 4392.236 4387.91 4383.584 4379.258 4374.932 4369.971 4364.703
4387.125 4387.228 4387.33 4385.628 4383.291 4380.953 4378.615 4376.514 4375.385 4374.256 4373.127 4371.999 4374.417 4378.728 4383.038 4387.348 4391.831 4397.726 4403.62 4409.515 4415.41 4418.492 4419.411 4420.33 4421.249 4422.013 4415.844 4409.675 4403.506 4397.337 4391.847 4387.098 4382.348 4377.599 4372.849 4373.413 4374.347 4375.282 4376.216 4378.609 4383.271 4387.933 4392.595 4397.257 4399.311 4400.897 4402.484 4404.07 4405.007 4404.458 4403.909 4403.359 4402.811 4401.322 4399.538 4397.753 4395.969 4393.703 4389.7 4385.697 4381.694 4377.692 4373.058 4368.119
4382.532 4382.553 4382.574 4380.474 4377.624 4374.774 4371.924 4369.37 4368.031 4366.691 4365.353 4364.013 4366.735 4371.622 4376.509 4381.396 4386.418 4392.545 4398.671 4404.798 4410.925 4413.937 4414.554 4415.171 4415.788 4416.243 4409.399 4402.557 4395.714 4388.871 4382.958 4378.057 4373.156 4368.256 4363.355 4364.322 4365.699 4367.075 4368.452 4371.443 4376.946 4382.449 4387.952 4393.455 4396.067 4398.16 4400.253 4402.346 4403.72 4403.452 4403.183 4402.914 4402.646 4401.474 4400.019 4398.563 4397.108 4395.169 4391.49 4387.811 4384.131 4380.452 4376.146 4371.536
4373.105 4373.117 4373.129 4371.092 4368.332 4365.571 4362.811 4360.4 4359.424 4358.449 4357.474 4356.498 4359.719 4365.18 4370.64 4376.1 4381.642 4387.853 4394.063 4400.274 4406.485 4409.231 4409.311 4409.391 4409.471 4409.395 4402.32 4395.246 4388.172 4381.097 4375.027 4370.051 4365.075 4360.1 4355.124 4356.16 4357.616 4359.072 4360.528 4363.798 4369.891 4375.984 4382.077 4388.17 4391.511 4394.358 4397.205 4400.052 4402.055 4402.13 4402.206 4402.281 4402.356 4401.427 4400.181 4398.935 4397.688 4396.012 4392.788 4389.564 4386.339 4383.115 4379.361 4375.351
4361.973 4362.0 4362.029 4360.219 4357.761 4355.302 4352.844 4350.786 4350.377 4349.967 4349.558 4349.148 4352.939 4358.971 4365.003 4371.034 4377.089 4383.332 4389.576 4395.819 4402.062 4404.472 4403.931 4403.391 4402.851 4402.167 4395.017 4387.868 4380.718 4373.568 4367.435 4362.41 4357.386 4352.362 4347.337 4348.325 4349.733 4351.14 4352.547 4355.984 4362.579 4369.173 4375.768 4382.362 4386.492 4390.18 4393.868 4397.556 4400.256 4400.698 4401.14 4401.582 4402.024 4401.309 4400.23 4399.151 4398.072 4396.636 4393.913 4391.19 4388.467 4385.744 4382.623 4379.308
4350.84 4350.884 4350.928 4349.346 4347.189 4345.033 4342.876 4341.172 4341.329 4341.486 4341.643 4341.799 4346.16 4352.763 4359.366 4365.969 4372.536 4378.812 4385.087 4391.363 4397.639 4399.712 4398.552 4397.392 4396.231 4394.939 4387.714 4380.489 4373.264 4366.038 4359.842 4354.77 4349.697 4344.624 4339.551 4340.491 4341.849 4343.208 4344.567 4348.171 4355.267 4362.362 4369.458 4376.554 4381.473 4386.002 4390.531 4395.061 4398.457 4399.266 4400.074 4400.883 4401.691 4401.191 4400.279 4399.368 4398.456 4397.259 4395.038 4392.816 4390.595 4388.373 4385.884 4383.264
4339.707 4339.767 4339.828 4338.473 4336.618 4334.764 4332.909 4331.559 4332.281 4333.004 4333.727 4334.45 4339.38 4346.554 4353.729 4360.903 4367.983 4374.292 4380.6 4386.908 4393.216 4394.952 4393.172 4391.392 4389.612 4387.711 4380.411 4373.11 4365.81 4358.508 4352.25 4347.129 4342.007 4336.886 4331.765 4332.656 4333.966 4335.276 4336.587 4340.357 4347.954 4355.551 4363.148 4370.746 4376.454 4381.825 4387.194 4392.564 4396.658 4397.833 4399.008 4400.184 4401.358 4401.073 4400.329 4399.584 4398.839 4397.883 4396.163 4394.442 4392.722 4391.002 4389.145 4387.221
4328.403 4328.502 4328.602 4327.578 4326.158 4324.737 4323.317 4322.433 4323.755 4325.077 4326.398 4327.72 4333.153 4340.78 4348.407 4356.033 4363.512 4369.772 4376.033 4382.293 4388.554 4390.001 4387.747 4385.492 4383.238 4380.873 4373.545 4366.219 4358.892 4351.564 4345.267 4340.091 4334.916 4329.741 4324.565 4325.418 4326.692 4327.966 4329.24 4333.155 4341.178 4349.201 4357.224 4365.247 4371.686 4377.84 4383.994 4390.148 4394.895 4396.425 4397.955 4399.484 4401.014 4400.936 4400.352 4399.768 4399.184 4398.452 4397.191 4395.929 4394.668 4393.406 4392.113 4390.805
4316.427 4316.656 4316.885 4316.6 4316.134 4315.668 4315.202 4315.228 4317.277 4319.327 4321.376 4323.425 4329.102 4336.712 4344.323 4351.933 4359.357 4365.257 4371.156 4377.056 4382.955 4384.3 4382.143 4379.985 4377.828 4375.561 4368.401 4361.241 4354.082 4346.921 4340.675 4335.424 4330.173 4324.922 4319.671 4320.53 4321.814 4323.099 4324.384 4328.356 4336.508 4344.661 4352.813 4360.965 4367.899 4374.614 4381.329 4388.044 4393.274 4395.111 4396.948 4398.785 4400.622 4400.72 4400.271 4399.821 4399.372 4398.81 4397.839 4396.869 4395.898 4394.928 4393.934 4392.927
4304.451 4304.81 4305.168 4305.622 4306.11 4306.598 4307.086 4308.022 4310.799 4313.576 4316.354 4319.131 4325.05 4332.644 4340.238 4347.833 4355.204 4360.742 4366.28 4371.818 4377.356 4378.599 4376.539 4374.478 4372.417 4370.25 4363.257 4356.264 4349.271 4342.278 4336.083 4330.757 4325.43 4320.104 4314.778 4315.641 4316.937 4318.232 4319.527 4323.557 4331.838 4340.12 4348.402 4356.684 4364.112 4371.388 4378.664 4385.939 4391.653 4393.797 4395.942 4398.086 4400.23 4400.504 4400.189 4399.875 4399.561 4399.167 4398.487 4397.808 4397.129 4396.45 4395.753 4395.049
4292.475 4292.963 4293.451 4294.644 4296.086 4297.528 4298.97 4300.816 4304.321 4307.826 4311.331 4314.836 4320.998 4328.576 4336.154 4343.732 4351.049 4356.226 4361.403 4366.58 4371.757 4372.898 4370.935 4368.971 4367.007 4364.938 4358.113 4351.287 4344.461 4337.636 4331.491 4326.089 4320.688 4315.286 4309.884 4310.752 4312.059 4313.365 4314.671 4318.757 4327.169 4335.58 4343.991 4352.402 4360.326 4368.163 4375.999 4383.835 4390.032 4392.483 4394.935 4397.387 4399.838 4400.288 4400.108 4399.929 4399.749 4399.524 4399.136 4398.748 4398.359 4397.971 4397.573 4397.171
4280.499 4281.116 4281.733 4283.666 4286.062 4288.458 4290.855 4293.61 4297.843 4302.076 4306.309 4310.542 4316.946 4324.508 4332.07 4339.631 4346.895 4351.711 4356.526 4361.342 4366.158 4367.197 4365.331 4363.464 4361.598 4359.627 4352.968 4346.31 4339.651 4332.993 4326.899 4321.422 4315.944 4310.467 4304.99 4305.864 4307.181 4308.498 4309.815 4313.958 4322.499 4331.04 4339.581 4348.121 4356.54 4364.937 4373.333 4381.73 4388.411 4391.17 4393.929 4396.688 4399.446 4400.072 4400.027 4399.982 4399.937 4399.881 4399.784 4399.687 4399.59 4399.493 4399.394 4399.292
4271.072 4271.992 4272.911 4275.544 4278.784 4282.023 4285.262 4288.784 4293.472 4298.159 4302.847 4307.534 4313.844 4321.02 4328.196 4335.371 4342.257 4346.77 4351.281 4355.793 4360.305 4361.454 4360.015 4358.577 4357.138 4355.593 4349.274 4342.955 4336.636 4330.317 4324.396 4318.908 4313.419 4307.932 4302.443 4303.128 4304.244 4305.36 4306.476 4310.445 4318.853 4327.26 4335.668 4344.075 4352.781 4361.542 4370.301 4379.061 4386.123 4389.304 4392.485 4395.667 4398.847 4399.674 4399.76 4399.846 4399.933 4400.0 4400.0 4400.0 4400.0 4400.0 4400.0 4400.0
4262.92 4264.228 4265.535 4268.852 4272.878 4276.904 4280.93 4285.148 4290.154 4295.159 4300.165 4305.17 4311.218 4317.823 4324.427 4331.031 4337.378 4341.615 4345.852 4350.089 4354.326 4355.69 4354.845 4353.999 4353.153 4352.198 4346.305 4340.412 4334.519 4328.625 4322.936 4317.47 4312.003 4306.537 4301.07 4301.47 4302.278 4303.086 4303.895 4307.574 4315.717 4323.86 4332.004 4340.147 4349.038 4358.062 4367.085 4376.11 4383.501 4387.162 4390.823 4394.484 4398.145 4399.185 4399.4 4399.616 4399.831 4400.0 4400.0 4400.0 4400.0 4400.0 4400.0 4400.0
4254.768 4256.463 4258.159 4262.159 4266.972 4271.785 4276.599 4281.512 4286.835 4292.159 4297.482 4302.806 4308.592 4314.625 4320.658 4326.69 4332.499 4336.46 4340.422 4344.385 4348.347 4349.927 4349.674 4349.421 4349.168 4348.802 4343.335 4337.868 4332.401 4326.934 4321.477 4316.032 4310.587 4305.142 4299.697 4299.811 4300.312 4300.813 4301.314 4304.702 4312.582 4320.461 4328.34 4336.22 4345.293 4354.582 4363.87 4373.158 4380.879 4385.02 4389.161 4393.302 4397.442 4398.695 4399.04 4399.385 4399.73 4400.0 4400.0 4400.0 4400.0 4400.0 4400.0 4400.0
4246.616 4248.7 4250.783 4255.466 4261.066 4266.667 4272.267 4277.875 4283.517 4289.159 4294.8 4300.442 4305.966 4311.428 4316.889 4322.35 4327.619 4331.306 4334.993 4338.681 4342.368 4344.163 4344.503 4344.844 4345.184 4345.407 4340.366 4335.324 4330.283 4325.242 4320.018 4314.594 4309.171 4303.748 4298.324 4298.152 4298.346 4298.54 4298.733 4301.831 4309.447 4317.062 4324.677 4332.292 4341.549 4351.102 4360.654 4370.207 4378.258 4382.878 4387.499 4392.119 4396.74 4398.206 4398.68 4399.154 4399.629 4400.0 4400.0 4400.0 4400.0 4400.0 4400.0 4400.0
4238.803 4241.277 4243.751 4249.059 4255.365 4261.671 4267.978 4274.205 4280.106 4286.006 4291.907 4297.808 4303.062 4307.972 4312.881 4317.791 4322.541 4325.978 4329.415 4332.851 4336.288 4338.287 4339.179 4340.072 4340.964 4341.738 4337.153 4332.568 4327.984 4323.399 4318.428 4313.035 4307.642 4302.248 4296.854 4296.385 4296.259 4296.133 4296.007 4298.803 4306.146 4313.489 4320.832 4328.174 4337.601 4347.402 4357.203 4367.004 4375.369 4380.451 4385.534 4390.617 4395.699 4397.369 4397.966 4398.563 4399.159 4399.626 4399.626 4399.626 4399.626 4399.626 4399.626 4399.626
4233.247 4236.131 4239.015 4244.552 4251.026 4257.5 4263.974 4270.309 4276.075 4281.84 4287.606 4293.372 4298.305 4302.794 4307.284 4311.772 4316.138 4319.489 4322.839 4326.19 4329.541 4331.66 4332.833 4334.006 4335.178 4336.241 4332.319 4328.398 4324.477 4320.555 4315.971 4310.664 4305.357 4300.05 4294.743 4293.901 4293.37 4292.84 4292.31 4294.731 4301.745 4308.758 4315.772 4322.786 4332.286 4342.233 4352.179 4362.126 4370.697 4376.125 4381.553 4386.98 4392.408 4394.217 4394.89 4395.562 4396.234 4396.76 4396.76 4396.76 4396.76 4396.76 4396.76 4396.76
4227.69 4230.984 4234.278 4240.046 4246.687 4253.328 4259.969 4266.412 4272.043 4277.674 4283.305 4288.937 4293.548 4297.617 4301.686 4305.754 4309.735 4313.0 4316.264 4319.528 4322.792 4325.033 4326.486 4327.939 4329.393 4330.743 4327.485 4324.227 4320.969 4317.71 4313.514 4308.293 4303.072 4297.851 4292.63 4291.416 4290.481 4289.547 4288.612 4290.659 4297.344 4304.028 4310.713 4317.398 4326.972 4337.064 4347.156 4357.248 4366.025 4371.798 4377.571 4383.344 4389.116 4391.066 4391.813 4392.561 4393.309 4393.894 4393.894 4393.894 4393.894 4393.894 4393.894 4393.894
4222.135 4225.838 4229.542 4235.54 4242.348 4249.156 4255.964 4262.516 4268.012 4273.508 4279.004 4284.501 4288.792 4292.44 4296.088 4299.736 4303.333 4306.511 4309.689 4312.867 4316.045 4318.407 4320.14 4321.874 4323.607 4325.247 4322.651 4320.056 4317.461 4314.866 4311.056 4305.922 4300.787 4295.653 4290.518 4288.932 4287.593 4286.253 4284.915 4286.586 4292.942 4299.298 4305.654 4312.01 4321.657 4331.895 4342.132 4352.37 4361.354 4367.472 4373.589 4379.707 4385.825 4387.915 4388.737 4389.561 4390.384 4391.028 4391.028 4391.028 4391.028 4391.028 4391.028 4391.028
4216.579 4220.692 4224.805 4231.034 4238.009 4244.984 4251.959 4258.619 4263.98 4269.342 4274.704 4280.065 4284.035 4287.262 4290.49 4293.717 4296.93 4300.022 4303.114 4306.206 4309.297 4311.78 4313.793 4315.808 4317.821 4319.75 4317.817 4315.885 4313.954 4312.021 4308.599 4303.551 4298.502 4293.455 4288.406 4286.447 4284.704 4282.96 4281.217 4282.514 4288.541 4294.568 4300.596 4306.623 4316.343 4326.726 4337.109 4347.492 4356.682 4363.145 4369.608 4376.071 4382.534 4384.763 4385.662 4386.56 4387.459 4388.162 4388.162 4388.162 4388.162 4388.162 4388.162 4388.162
4212.407 4216.434 4220.46 4226.603 4233.492 4240.381 4247.271 4253.844 4259.119 4264.394 4269.668 4274.943 4278.799 4281.897 4284.996 4288.094 4291.181 4294.174 4297.167 4300.16 4303.152 4305.662 4307.798 4309.936 4312.073 4314.132 4312.667 4311.203 4309.739 4308.275 4305.037 4299.863 4294.69 4289.517 4284.343 4282.205 4280.278 4278.351 4276.424 4277.567 4283.487 4289.406 4295.326 4301.245 4310.8 4321.009 4331.217 4341.426 4350.493 4356.952 4363.41 4369.869 4376.328 4378.479 4379.277 4380.075 4380.873 4381.494 4381.474 4381.455 4381.436 4381.417 4381.514 4381.667
4209.182 4212.782 4216.383 4222.223 4228.854 4235.484 4242.115 4248.469 4253.69 4258.911 4264.132 4269.353 4273.235 4276.404 4279.572 4282.741 4285.879 4288.764 4291.648 4294.534 4297.418 4299.89 4302.043 4304.197 4306.35 4308.432 4307.302 4306.172 4305.042 4303.912 4300.719 4295.276 4289.833 4284.391 4278.947 4276.761 4274.802 4272.843 4270.884 4272.024 4277.987 4283.949 4289.912 4295.874 4305.103 4314.917 4324.732 4334.547 4343.267 4349.483 4355.699 4361.915 4368.131 4370.057 4370.634 4371.21 4371.788 4372.228 4372.176 4372.125 4372.073 4372.021 4372.283 4372.695
4205.957 4209.131 4212.306 4217.844 4224.215 4230.587 4236.959 4243.095 4248.262 4253.429 4258.596 4263.763 4267.672 4270.911 4274.149 4277.388 4280.577 4283.354 4286.131 4288.908 4291.685 4294.119 4296.288 4298.458 4300.627 4302.732 4301.937 4301.141 4300.345 4299.549 4296.402 4290.689 4284.977 4279.265 4273.552 4271.318 4269.327 4267.335 4265.343 4266.481 4272.487 4278.492 4284.498 4290.503 4299.405 4308.826 4318.248 4327.669 4336.041 4342.014 4347.988 4353.961 4359.935 4361.634 4361.99 4362.346 4362.702 4362.962 4362.878 4362.794 4362.71 4362.626 4363.052 4363.723
4202.731 4205.479 4208.229 4213.464 4219.577 4225.689 4231.803 4237.72 4242.833 4247.946 4253.059 4258.172 4262.109 4265.417 4268.726 4272.035 4275.274 4277.943 4280.613 4283.282 4285.951 4288.347 4290.533 4292.719 4294.904 4297.033 4296.571 4296.109 4295.648 4295.187 4292.084 4286.103 4280.121 4274.139 4268.156 4265.875 4263.851 4261.827 4259.803 4260.938 4266.987 4273.035 4279.084 4285.133 4293.707 4302.735 4311.763 4320.791 4328.815 4334.546 4340.277 4346.008 4351.739 4353.212 4353.347 4353.481 4353.616 4353.697 4353.581 4353.464 4353.348 4353.231 4353.82 4354.75
