data/zism_data/01100_04_D.txt
ncols         224
nrows         224
[rows 56 to 83 of 224, columns 64 to 127 of 224]
1850.266 1850.848 1851.43 1852.563 1853.722 1854.881 1856.04 1857.056 1857.875 1858.694 1859.513 1860.332 1861.199 1862.073 1862.946 1863.82 1864.732 1865.718 1866.703 1867.689 1868.674 1868.979 1869.126 1869.273 1869.42 1869.288 1868.422 1867.555 1866.688 1865.822 1865.203 1864.67 1864.138 1863.606 1863.012 1862.174 1861.335 1860.496 1859.657 1858.938 1858.279 1857.619 1856.959 1856.278 1855.448 1854.617 1853.787 1852.957 1852.263 1851.661 1851.06 1850.459 1849.888 1849.808 1849.728 1849.647 1849.567 1849.559 1849.618 1849.676 1849.734 1849.792 1849.774 1849.755
1851.092 1851.798 1852.505 1853.727 1854.972 1856.217 1857.463 1858.545 1859.402 1860.259 1861.116 1861.973 1862.883 1863.8 1864.716 1865.633 1866.585 1867.603 1868.621 1869.639 1870.657 1870.968 1871.115 1871.262 1871.409 1871.281 1870.431 1869.581 1868.73 1867.88 1867.193 1866.563 1865.934 1865.305 1864.626 1863.755 1862.884 1862.013 1861.142 1860.343 1859.58 1858.818 1858.056 1857.274 1856.369 1855.463 1854.557 1853.651 1852.855 1852.135 1851.414 1850.694 1850.007 1849.868 1849.728 1849.588 1849.448 1849.403 1849.446 1849.488 1849.53 1849.572 1849.558 1849.545
1851.918 1852.749 1853.58 1854.89 1856.222 1857.554 1858.885 1860.034 1860.929 1861.824 1862.719 1863.614 1864.566 1865.526 1866.486 1867.446 1868.438 1869.488 1870.539 1871.589 1872.64 1872.957 1873.104 1873.251 1873.398 1873.275 1872.441 1871.607 1870.772 1869.938 1869.183 1868.457 1867.73 1867.003 1866.24 1865.336 1864.433 1863.529 1862.626 1861.748 1860.882 1860.017 1859.152 1858.271 1857.29 1856.308 1855.326 1854.344 1853.447 1852.608 1851.768 1850.929 1850.127 1849.927 1849.728 1849.529 1849.329 1849.248 1849.274 1849.299 1849.325 1849.351 1849.343 1849.334
1852.744 1853.699 1854.655 1856.053 1857.472 1858.89 1860.309 1861.523 1862.456 1863.389 1864.322 1865.255 1866.25 1867.253 1868.256 1869.259 1870.29 1871.374 1872.457 1873.54 1874.623 1874.946 1875.093 1875.24 1875.387 1875.268 1874.45 1873.632 1872.814 1871.997 1871.174 1870.35 1869.525 1868.701 1867.854 1866.918 1865.982 1865.046 1864.11 1863.152 1862.184 1861.216 1860.248 1859.268 1858.211 1857.153 1856.096 1855.038 1854.039 1853.081 1852.122 1851.164 1850.246 1849.987 1849.728 1849.469 1849.211 1849.092 1849.101 1849.111 1849.121 1849.13 1849.127 1849.124
1853.535 1854.573 1855.611 1857.076 1858.561 1860.047 1861.532 1862.814 1863.816 1864.818 1865.819 1866.821 1867.847 1868.876 1869.904 1870.933 1871.995 1873.117 1874.239 1875.361 1876.483 1876.814 1876.961 1877.108 1877.255 1877.13 1876.288 1875.446 1874.605 1873.763 1872.882 1871.987 1871.092 1870.197 1869.289 1868.334 1867.379 1866.424 1865.469 1864.46 1863.424 1862.389 1861.353 1860.307 1859.192 1858.076 1856.961 1855.845 1854.775 1853.735 1852.695 1851.655 1850.656 1850.313 1849.97 1849.628 1849.285 1849.107 1849.08 1849.054 1849.027 1849.0 1849.0 1849.0
1854.277 1855.336 1856.395 1857.898 1859.421 1860.944 1862.467 1863.819 1864.935 1866.05 1867.166 1868.281 1869.32 1870.349 1871.378 1872.406 1873.485 1874.656 1875.827 1876.997 1878.168 1878.508 1878.655 1878.802 1878.949 1878.802 1877.879 1876.956 1876.033 1875.11 1874.184 1873.256 1872.329 1871.401 1870.468 1869.513 1868.558 1867.602 1866.647 1865.628 1864.576 1863.524 1862.472 1861.408 1860.26 1859.112 1857.964 1856.816 1855.716 1854.649 1853.583 1852.516 1851.484 1851.022 1850.56 1850.098 1849.636 1849.368 1849.276 1849.184 1849.093 1849.001 1849.0 1849.0
1855.018 1856.099 1857.18 1858.72 1860.281 1861.842 1863.403 1864.824 1866.054 1867.283 1868.512 1869.741 1870.793 1871.822 1872.851 1873.88 1874.975 1876.195 1877.414 1878.634 1879.853 1880.203 1880.349 1880.496 1880.643 1880.474 1879.469 1878.465 1877.461 1876.457 1875.486 1874.526 1873.566 1872.606 1871.647 1870.691 1869.736 1868.781 1867.826 1866.795 1865.727 1864.659 1863.592 1862.509 1861.328 1860.148 1858.967 1857.787 1856.658 1855.564 1854.47 1853.376 1852.312 1851.731 1851.15 1850.569 1849.988 1849.628 1849.472 1849.315 1849.159 1849.002 1849.0 1849.0
1855.76 1856.862 1857.965 1859.542 1861.141 1862.74 1864.339 1865.83 1867.173 1868.516 1869.859 1871.201 1872.267 1873.295 1874.324 1875.353 1876.465 1877.733 1879.002 1880.27 1881.538 1881.897 1882.044 1882.191 1882.338 1882.145 1881.06 1879.975 1878.89 1877.804 1876.788 1875.795 1874.803 1873.81 1872.825 1871.87 1870.915 1869.959 1869.004 1867.963 1866.879 1865.795 1864.711 1863.609 1862.397 1861.184 1859.971 1858.758 1857.599 1856.478 1855.357 1854.236 1853.14 1852.44 1851.74 1851.04 1850.339 1849.889 1849.668 1849.446 1849.225 1849.003 1849.0 1849.0
1856.501 1857.625 1858.75 1860.364 1862.001 1863.638 1865.274 1866.835 1868.292 1869.748 1871.205 1872.661 1873.74 1874.769 1875.797 1876.826 1877.955 1879.272 1880.589 1881.906 1883.224 1883.591 1883.738 1883.885 1884.032 1883.817 1882.651 1881.484 1880.318 1879.152 1878.09 1877.065 1876.04 1875.015 1874.004 1873.049 1872.093 1871.138 1870.183 1869.131 1868.03 1866.93 1865.83 1864.71 1863.465 1862.219 1860.974 1859.728 1858.541 1857.393 1856.245 1855.097 1853.968 1853.148 1852.329 1851.51 1850.691 1850.15 1849.863 1849.577 1849.291 1849.004 1849.0 1849.0
1857.273 1858.362 1859.45 1860.994 1862.558 1864.123 1865.687 1867.202 1868.647 1870.093 1871.539 1872.984 1874.1 1875.172 1876.243 1877.315 1878.473 1879.791 1881.109 1882.426 1883.744 1884.108 1884.25 1884.392 1884.535 1884.316 1883.15 1881.984 1880.818 1879.652 1878.605 1877.6 1876.595 1875.59 1874.599 1873.658 1872.717 1871.776 1870.835 1869.796 1868.708 1867.62 1866.533 1865.424 1864.174 1862.925 1861.676 1860.427 1859.242 1858.1 1856.958 1855.817 1854.69 1853.804 1852.919 1852.033 1851.148 1850.534 1850.168 1849.802 1849.436 1849.07 1849.051 1849.037
1858.049 1859.094 1860.14 1861.599 1863.076 1864.554 1866.032 1867.485 1868.904 1870.322 1871.741 1873.159 1874.314 1875.435 1876.556 1877.676 1878.864 1880.176 1881.489 1882.801 1884.114 1884.472 1884.609 1884.745 1884.882 1884.663 1883.508 1882.352 1881.197 1880.042 1879.018 1878.04 1877.062 1876.084 1875.118 1874.193 1873.268 1872.344 1871.419 1870.396 1869.325 1868.253 1867.181 1866.087 1864.837 1863.588 1862.339 1861.09 1859.911 1858.78 1857.649 1856.519 1855.399 1854.453 1853.508 1852.563 1851.618 1850.933 1850.486 1850.039 1849.592 1849.145 1849.109 1849.078
1858.825 1859.827 1860.829 1862.203 1863.594 1864.986 1866.377 1867.768 1869.16 1870.551 1871.943 1873.334 1874.529 1875.699 1876.868 1878.038 1879.255 1880.562 1881.869 1883.176 1884.483 1884.836 1884.967 1885.099 1885.23 1885.01 1883.865 1882.721 1881.576 1880.432 1879.431 1878.48 1877.529 1876.579 1875.636 1874.728 1873.82 1872.911 1872.003 1870.997 1869.941 1868.886 1867.83 1866.75 1865.5 1864.251 1863.002 1861.753 1860.58 1859.46 1858.34 1857.22 1856.107 1855.103 1854.098 1853.093 1852.089 1851.333 1850.805 1850.276 1849.748 1849.22 1849.166 1849.12
1859.601 1860.56 1861.518 1862.808 1864.112 1865.417 1866.722 1868.051 1869.416 1870.78 1872.145 1873.509 1874.744 1875.963 1877.181 1878.399 1879.646 1880.947 1882.249 1883.551 1884.852 1885.2 1885.326 1885.452 1885.578 1885.357 1884.223 1883.089 1881.955 1880.822 1879.843 1878.92 1877.996 1877.073 1876.155 1875.263 1874.371 1873.479 1872.587 1871.597 1870.557 1869.518 1868.479 1867.412 1866.163 1864.914 1863.665 1862.416 1861.25 1860.141 1859.031 1857.922 1856.816 1855.752 1854.688 1853.623 1852.559 1851.732 1851.123 1850.514 1849.904 1849.295 1849.224 1849.161
1860.115 1861.025 1861.934 1863.129 1864.338 1865.546 1866.754 1868.005 1869.315 1870.626 1871.936 1873.246 1874.466 1875.674 1876.883 1878.091 1879.299 1880.506 1881.712 1882.919 1884.125 1884.444 1884.557 1884.67 1884.783 1884.579 1883.542 1882.504 1881.467 1880.43 1879.53 1878.678 1877.826 1876.975 1876.126 1875.291 1874.456 1873.621 1872.786 1871.826 1870.803 1869.78 1868.757 1867.71 1866.502 1865.293 1864.085 1862.877 1861.742 1860.657 1859.573 1858.488 1857.402 1856.306 1855.209 1854.113 1853.017 1852.144 1851.477 1850.81 1850.143 1849.476 1849.382 1849.297
1860.163 1861.013 1861.863 1862.947 1864.042 1865.136 1866.231 1867.373 1868.58 1869.787 1870.995 1872.202 1873.31 1874.405 1875.499 1876.594 1877.639 1878.591 1879.543 1880.496 1881.448 1881.697 1881.783 1881.868 1881.954 1881.799 1881.011 1880.223 1879.434 1878.646 1877.923 1877.223 1876.523 1875.823 1875.121 1874.416 1873.711 1873.006 1872.301 1871.395 1870.388 1869.381 1868.375 1867.356 1866.262 1865.167 1864.073 1862.978 1861.918 1860.882 1859.846 1858.81 1857.772 1856.691 1855.611 1854.531 1853.451 1852.578 1851.894 1851.211 1850.527 1849.844 1849.718 1849.601
1860.211 1861.002 1861.792 1862.765 1863.745 1864.726 1865.707 1866.74 1867.845 1868.949 1870.054 1871.158 1872.153 1873.135 1874.115 1875.097 1875.979 1876.677 1877.375 1878.073 1878.771 1878.949 1879.008 1879.067 1879.125 1879.019 1878.48 1877.941 1877.402 1876.863 1876.316 1875.768 1875.219 1874.671 1874.116 1873.541 1872.966 1872.391 1871.816 1870.964 1869.973 1868.983 1867.992 1867.003 1866.022 1865.041 1864.06 1863.079 1862.094 1861.107 1860.12 1859.133 1858.141 1857.077 1856.013 1854.949 1853.885 1853.011 1852.312 1851.612 1850.912 1850.213 1850.055 1849.904
1860.259 1860.99 1861.721 1862.582 1863.449 1864.317 1865.184 1866.108 1867.109 1868.111 1869.113 1870.114 1870.997 1871.865 1872.732 1873.599 1874.319 1874.763 1875.206 1875.65 1876.093 1876.202 1876.234 1876.265 1876.297 1876.24 1875.949 1875.659 1875.369 1875.079 1874.71 1874.313 1873.916 1873.518 1873.112 1872.666 1872.221 1871.776 1871.33 1870.532 1869.558 1868.584 1867.61 1866.649 1865.782 1864.915 1864.047 1863.18 1862.271 1861.332 1860.394 1859.455 1858.51 1857.462 1856.415 1855.367 1854.319 1853.445 1852.729 1852.013 1851.297 1850.581 1850.391 1850.208
1860.307 1860.979 1861.65 1862.4 1863.153 1863.907 1864.661 1865.475 1866.374 1867.273 1868.172 1869.07 1869.841 1870.595 1871.348 1872.102 1872.659 1872.848 1873.037 1873.226 1873.415 1873.455 1873.459 1873.464 1873.468 1873.46 1873.419 1873.378 1873.336 1873.295 1873.103 1872.857 1872.612 1872.366 1872.107 1871.791 1871.476 1871.16 1870.845 1870.101 1869.143 1868.185 1867.227 1866.296 1865.542 1864.789 1864.035 1863.281 1862.447 1861.557 1860.667 1859.777 1858.879 1857.848 1856.816 1855.785 1854.753 1853.878 1853.146 1852.414 1851.682 1850.95 1850.727 1850.512
1859.679 1860.291 1860.902 1861.658 1862.42 1863.182 1863.944 1864.725 1865.535 1866.344 1867.154 1867.964 1868.547 1869.101 1869.656 1870.21 1870.536 1870.434 1870.333 1870.231 1870.13 1870.169 1870.242 1870.314 1870.386 1870.487 1870.663 1870.839 1871.016 1871.192 1871.192 1871.129 1871.067 1871.005 1870.905 1870.656 1870.407 1870.158 1869.91 1869.25 1868.385 1867.52 1866.655 1865.814 1865.134 1864.453 1863.772 1863.092 1862.324 1861.496 1860.669 1859.841 1859.005 1858.031 1857.056 1856.081 1855.107 1854.271 1853.564 1852.856 1852.148 1851.441 1851.195 1850.957
1858.917 1859.469 1860.021 1860.805 1861.599 1862.394 1863.188 1863.953 1864.675 1865.398 1866.121 1866.844 1867.226 1867.564 1867.902 1868.239 1868.321 1867.921 1867.522 1867.123 1866.724 1866.778 1866.936 1867.095 1867.254 1867.476 1867.863 1868.251 1868.638 1869.025 1869.22 1869.347 1869.474 1869.601 1869.663 1869.469 1869.274 1869.079 1868.885 1868.315 1867.559 1866.802 1866.045 1865.307 1864.691 1864.076 1863.46 1862.844 1862.141 1861.379 1860.616 1859.854 1859.083 1858.173 1857.263 1856.354 1855.444 1854.657 1853.981 1853.306 1852.631 1851.956 1851.69 1851.429
1858.155 1858.647 1859.14 1859.952 1860.779 1861.606 1862.433 1863.179 1863.816 1864.452 1865.088 1865.725 1865.906 1866.027 1866.148 1866.269 1866.105 1865.408 1864.712 1864.015 1863.318 1863.386 1863.631 1863.877 1864.122 1864.465 1865.063 1865.662 1866.26 1866.858 1867.249 1867.565 1867.882 1868.198 1868.422 1868.281 1868.141 1868.0 1867.86 1867.381 1866.732 1866.084 1865.436 1864.8 1864.249 1863.698 1863.148 1862.597 1861.959 1861.261 1860.564 1859.866 1859.16 1858.315 1857.471 1856.626 1855.781 1855.042 1854.399 1853.756 1853.114 1852.471 1852.184 1851.902
1857.392 1857.825 1858.258 1859.099 1859.959 1860.818 1861.677 1862.406 1862.956 1863.506 1864.056 1864.605 1864.585 1864.489 1864.394 1864.298 1863.89 1862.896 1861.901 1860.906 1859.912 1859.994 1860.326 1860.658 1860.99 1861.454 1862.263 1863.073 1863.882 1864.692 1865.277 1865.783 1866.289 1866.795 1867.181 1867.094 1867.008 1866.922 1866.835 1866.446 1865.906 1865.366 1864.826 1864.293 1863.807 1863.321 1862.835 1862.35 1861.777 1861.144 1860.511 1859.879 1859.237 1858.458 1857.678 1856.898 1856.118 1855.427 1854.817 1854.207 1853.596 1852.986 1852.678 1852.375
1856.608 1857.004 1857.399 1858.25 1859.122 1859.993 1860.865 1861.575 1862.062 1862.548 1863.035 1863.521 1863.336 1863.062 1862.789 1862.516 1861.919 1860.715 1859.511 1858.308 1857.104 1857.175 1857.542 1857.909 1858.276 1858.803 1859.753 1860.704 1861.654 1862.604 1863.345 1864.012 1864.679 1865.346 1865.875 1865.859 1865.844 1865.828 1865.813 1865.516 1865.079 1864.642 1864.205 1863.772 1863.365 1862.957 1862.55 1862.143 1861.633 1861.053 1860.474 1859.894 1859.307 1858.591 1857.874 1857.158 1856.441 1855.796 1855.217 1854.637 1854.058 1853.478 1853.153 1852.831
1855.776 1856.182 1856.588 1857.409 1858.248 1859.087 1859.926 1860.613 1861.089 1861.564 1862.04 1862.516 1862.248 1861.882 1861.517 1861.151 1860.491 1859.276 1858.062 1856.848 1855.633 1855.636 1855.922 1856.207 1856.493 1856.957 1857.891 1858.825 1859.759 1860.693 1861.502 1862.266 1863.031 1863.795 1864.423 1864.516 1864.609 1864.702 1864.794 1864.595 1864.25 1863.905 1863.561 1863.222 1862.922 1862.623 1862.324 1862.025 1861.575 1861.023 1860.47 1859.918 1859.36 1858.703 1858.046 1857.389 1856.732 1856.13 1855.577 1855.025 1854.472 1853.92 1853.584 1853.252
1854.943 1855.36 1855.777 1856.567 1857.374 1858.181 1858.988 1859.651 1860.115 1860.58 1861.045 1861.51 1861.16 1860.702 1860.245 1859.787 1859.063 1857.838 1856.612 1855.387 1854.162 1854.097 1854.301 1854.506 1854.71 1855.111 1856.029 1856.947 1857.864 1858.782 1859.659 1860.521 1861.382 1862.244 1862.972 1863.173 1863.374 1863.575 1863.776 1863.674 1863.422 1863.169 1862.916 1862.671 1862.48 1862.289 1862.098 1861.907 1861.518 1860.992 1860.467 1859.942 1859.412 1858.815 1858.217 1857.62 1857.023 1856.463 1855.938 1855.412 1854.887 1854.362 1854.016 1853.672
1854.111 1854.539 1854.967 1855.726 1856.5 1857.274 1858.049 1858.688 1859.142 1859.597 1860.051 1860.505 1860.072 1859.522 1858.973 1858.423 1857.635 1856.399 1855.163 1853.927 1852.691 1852.558 1852.681 1852.804 1852.927 1853.265 1854.167 1855.068 1855.97 1856.871 1857.815 1858.775 1859.734 1860.693 1861.521 1861.83 1862.139 1862.448 1862.758 1862.754 1862.593 1862.432 1862.271 1862.12 1862.038 1861.955 1861.872 1861.79 1861.46 1860.962 1860.464 1859.965 1859.465 1858.927 1858.389 1857.851 1857.313 1856.796 1856.298 1855.8 1855.302 1854.803 1854.447 1854.093
1853.279 1853.717 1854.156 1854.884 1855.626 1856.368 1857.11 1857.726 1858.169 1858.613 1859.056 1859.499 1858.983 1858.342 1857.7 1857.059 1856.207 1854.96 1853.713 1852.466 1851.219 1851.019 1851.061 1851.103 1851.145 1851.419 1852.304 1853.19 1854.075 1854.96 1855.972 1857.029 1858.086 1859.142 1860.069 1860.487 1860.904 1861.322 1861.74 1861.833 1861.764 1861.695 1861.626 1861.57 1861.595 1861.621 1861.646 1861.672 1861.403 1860.931 1860.46 1859.989 1859.517 1859.039 1858.561 1858.083 1857.604 1857.13 1856.658 1856.187 1855.716 1855.245 1854.878 1854.513
1852.695 1853.136 1853.577 1854.299 1855.033 1855.768 1856.503 1857.098 1857.501 1857.904 1858.306 1858.709 1858.205 1857.582 1856.958 1856.335 1855.517 1854.331 1853.146 1851.96 1850.774 1850.536 1850.519 1850.501 1850.483 1850.684 1851.464 1852.244 1853.024 1853.804 1854.77 1855.801 1856.832 1857.863 1858.779 1859.246 1859.712 1860.178 1860.645 1860.816 1860.839 1860.862 1860.885 1860.914 1860.98 1861.046 1861.112 1861.178 1860.961 1860.551 1860.14 1859.73 1859.319 1858.883 1858.447 1858.011 1857.576 1857.147 1856.724 1856.301 1855.878 1855.455 1855.087 1854.719
