data/zism_data/01107_03_D.txt
ncols         224
nrows         224
[rows 0 to 27 of 224, columns 126 to 188 of 224]
1399.091 1399.132 1399.173 1399.256 1399.37 1399.483 1399.596 1399.678 1398.353 1397.029 1395.704 1394.379 1392.322 1389.405 1386.487 1383.57 1380.653 1373.263 1365.364 1357.466 1349.567 1341.645 1333.676 1325.707 1317.738 1309.769 1306.628 1304.899 1303.171 1301.442 1300.063 1299.987 1299.911 1299.835 1299.759 1300.113 1300.699 1301.285 1301.871 1302.578 1304.536 1306.495 1308.453 1310.412 1312.312 1314.159 1316.007 1317.854 1319.701 1319.786 1319.804 1319.822 1319.84 1319.336 1318.053 1316.77 1315.487 1314.205 1312.799 1311.37 1309.941 1308.512 1306.707
1399.448 1399.473 1399.497 1399.515 1399.526 1399.538 1399.549 1399.52 1397.655 1395.789 1393.924 1392.059 1389.437 1385.925 1382.414 1378.902 1375.391 1367.806 1359.757 1351.709 1343.66 1335.912 1328.756 1321.6 1314.445 1307.289 1304.776 1303.62 1302.464 1301.308 1300.383 1300.318 1300.252 1300.187 1300.122 1300.591 1301.348 1302.105 1302.863 1303.749 1305.981 1308.212 1310.444 1312.675 1314.665 1316.438 1318.21 1319.982 1321.755 1321.646 1321.466 1321.286 1321.106 1320.436 1319.035 1317.635 1316.234 1314.834 1313.311 1311.764 1310.217 1308.671 1306.691
1399.804 1399.813 1399.822 1399.773 1399.682 1399.592 1399.502 1399.361 1396.956 1394.55 1392.144 1389.738 1386.551 1382.445 1378.34 1374.234 1370.129 1362.349 1354.15 1345.952 1337.753 1330.178 1323.836 1317.494 1311.152 1304.81 1302.924 1302.34 1301.757 1301.174 1300.703 1300.648 1300.593 1300.539 1300.484 1301.068 1301.997 1302.925 1303.854 1304.921 1307.425 1309.93 1312.434 1314.938 1317.019 1318.716 1320.414 1322.111 1323.809 1323.506 1323.128 1322.75 1322.372 1321.536 1320.018 1318.5 1316.981 1315.463 1313.822 1312.158 1310.493 1308.829 1306.676
1399.969 1399.955 1399.94 1399.739 1399.406 1399.072 1398.738 1398.341 1395.089 1391.837 1388.586 1385.334 1381.382 1376.608 1371.834 1367.06 1362.286 1354.838 1347.086 1339.334 1331.582 1324.657 1319.366 1314.076 1308.785 1303.495 1302.384 1302.496 1302.608 1302.72 1302.798 1302.747 1302.695 1302.644 1302.593 1303.202 1304.168 1305.133 1306.098 1307.214 1309.903 1312.591 1315.28 1317.968 1320.032 1321.532 1323.031 1324.531 1326.031 1325.496 1324.884 1324.272 1323.66 1322.622 1320.95 1319.278 1317.606 1315.934 1314.109 1312.255 1310.4 1308.546 1306.135
1399.9 1399.854 1399.807 1399.349 1398.598 1397.847 1397.096 1396.263 1391.791 1387.319 1382.847 1378.375 1373.415 1367.88 1362.346 1356.812 1351.278 1344.81 1338.235 1331.661 1325.087 1319.394 1315.447 1311.5 1307.553 1303.606 1303.454 1304.411 1305.369 1306.327 1307.069 1307.013 1306.957 1306.9 1306.844 1307.367 1308.204 1309.041 1309.878 1310.883 1313.647 1316.41 1319.173 1321.937 1323.853 1325.005 1326.157 1327.309 1328.461 1327.645 1326.755 1325.864 1324.974 1323.69 1321.82 1319.95 1318.08 1316.21 1314.119 1311.987 1309.854 1307.722 1304.95
1399.831 1399.753 1399.674 1398.959 1397.79 1396.622 1395.453 1394.185 1388.493 1382.801 1377.109 1371.417 1365.448 1359.153 1352.859 1346.565 1340.271 1334.782 1329.385 1323.988 1318.591 1314.132 1311.528 1308.925 1306.321 1303.717 1304.523 1306.326 1308.129 1309.933 1311.341 1311.279 1311.218 1311.156 1311.094 1311.532 1312.241 1312.949 1313.657 1314.552 1317.391 1320.229 1323.067 1325.905 1327.675 1328.479 1329.283 1330.087 1330.891 1329.794 1328.625 1327.457 1326.288 1324.758 1322.69 1320.622 1318.554 1316.486 1314.13 1311.719 1309.308 1306.897 1303.766
1399.762 1399.652 1399.541 1398.569 1396.983 1395.396 1393.81 1392.108 1385.195 1378.283 1371.37 1364.458 1357.48 1350.426 1343.372 1336.318 1329.263 1324.754 1320.535 1316.315 1312.096 1308.87 1307.609 1306.349 1305.088 1303.828 1305.592 1308.241 1310.89 1313.539 1315.613 1315.546 1315.479 1315.411 1315.344 1315.697 1316.277 1316.857 1317.437 1318.221 1321.134 1324.048 1326.961 1329.874 1331.496 1331.952 1332.408 1332.865 1333.321 1331.943 1330.496 1329.049 1327.602 1325.826 1323.56 1321.294 1319.028 1316.762 1314.141 1311.451 1308.762 1306.073 1302.582
1399.693 1399.551 1399.408 1398.178 1396.175 1394.171 1392.168 1390.03 1381.897 1373.765 1365.632 1357.499 1349.513 1341.699 1333.885 1326.07 1318.256 1314.727 1311.684 1308.642 1305.6 1303.607 1303.69 1303.773 1303.856 1303.939 1306.662 1310.156 1313.651 1317.145 1319.885 1319.812 1319.74 1319.667 1319.594 1319.862 1320.314 1320.765 1321.217 1321.89 1324.878 1327.866 1330.854 1333.843 1335.317 1335.426 1335.534 1335.642 1335.751 1334.092 1332.367 1330.642 1328.916 1326.894 1324.43 1321.966 1319.502 1317.038 1314.151 1311.183 1308.216 1305.248 1301.397
1399.594 1399.404 1399.215 1397.689 1395.21 1392.731 1390.252 1387.641 1379.091 1370.541 1361.991 1353.441 1345.294 1337.619 1329.944 1322.269 1314.595 1311.566 1309.067 1306.567 1304.068 1302.798 1303.959 1305.121 1306.283 1307.445 1311.177 1315.662 1320.146 1324.63 1328.15 1328.077 1328.004 1327.931 1327.858 1327.967 1328.175 1328.382 1328.59 1328.988 1331.373 1333.758 1336.143 1338.528 1339.405 1338.92 1338.435 1337.95 1337.466 1335.485 1333.448 1331.41 1329.373 1327.116 1324.531 1321.945 1319.36 1316.775 1313.465 1310.018 1306.57 1303.122 1298.619
1399.49 1399.253 1399.015 1397.188 1394.227 1391.267 1388.306 1385.217 1376.34 1367.464 1358.587 1349.711 1341.498 1334.064 1326.63 1319.196 1311.762 1309.181 1307.153 1305.124 1303.096 1302.491 1304.702 1306.912 1309.123 1311.334 1316.082 1321.573 1327.063 1332.554 1336.867 1336.794 1336.721 1336.648 1336.574 1336.517 1336.467 1336.418 1336.369 1336.473 1338.178 1339.884 1341.589 1343.294 1343.522 1342.417 1341.311 1340.205 1339.1 1336.792 1334.439 1332.086 1329.733 1327.241 1324.544 1321.846 1319.149 1316.451 1312.701 1308.75 1304.8 1300.849 1295.659
1399.387 1399.101 1398.815 1396.687 1393.245 1389.802 1386.36 1382.792 1373.589 1364.387 1355.184 1345.981 1337.702 1330.509 1323.316 1316.123 1308.93 1306.796 1305.239 1303.681 1302.124 1302.184 1305.443 1308.703 1311.963 1315.223 1320.987 1327.484 1333.98 1340.477 1345.583 1345.51 1345.437 1345.364 1345.291 1345.066 1344.76 1344.454 1344.148 1343.958 1344.984 1346.009 1347.035 1348.06 1347.64 1345.913 1344.187 1342.46 1340.734 1338.099 1335.431 1332.762 1330.093 1327.367 1324.557 1321.747 1318.937 1316.127 1311.937 1307.483 1303.029 1298.575 1292.7
1399.283 1398.949 1398.616 1396.185 1392.262 1388.338 1384.414 1380.368 1370.839 1361.309 1351.78 1342.251 1333.906 1326.954 1320.002 1313.049 1306.097 1304.411 1303.325 1302.238 1301.152 1301.877 1306.185 1310.494 1314.803 1319.112 1325.892 1333.395 1340.898 1348.401 1354.3 1354.227 1354.154 1354.081 1354.008 1353.616 1353.053 1352.49 1351.927 1351.443 1351.789 1352.135 1352.481 1352.827 1351.757 1349.41 1347.063 1344.715 1342.368 1339.407 1336.422 1333.437 1330.453 1327.493 1324.571 1321.648 1318.726 1315.803 1311.173 1306.216 1301.259 1296.302 1289.741
1399.26 1398.915 1398.57 1396.058 1392.0 1387.943 1383.886 1379.706 1370.064 1360.423 1350.781 1341.139 1332.712 1325.71 1318.708 1311.706 1304.704 1303.204 1302.329 1301.455 1300.581 1301.763 1307.012 1312.262 1317.512 1322.762 1330.43 1338.805 1347.18 1355.555 1362.156 1362.152 1362.148 1362.144 1362.139 1361.661 1360.926 1360.192 1359.458 1358.757 1358.412 1358.067 1357.722 1357.377 1355.594 1352.512 1349.431 1346.349 1343.267 1339.97 1336.664 1333.358 1330.052 1326.866 1323.859 1320.852 1317.845 1314.838 1309.856 1304.497 1299.137 1293.778 1286.749
1399.386 1399.1 1398.814 1396.629 1393.091 1389.553 1386.015 1382.349 1372.997 1363.644 1354.291 1344.939 1336.394 1328.798 1321.202 1313.606 1306.01 1304.204 1303.057 1301.909 1300.762 1302.011 1307.999 1313.987 1319.976 1325.964 1334.28 1343.276 1352.271 1361.267 1368.4 1368.594 1368.788 1368.981 1369.175 1368.759 1368.014 1367.269 1366.524 1365.751 1364.695 1363.638 1362.581 1361.524 1358.905 1354.876 1350.847 1346.818 1342.789 1339.137 1335.499 1331.862 1328.224 1324.826 1321.787 1318.748 1315.709 1312.67 1307.504 1301.93 1296.356 1290.782 1283.694
1399.513 1399.286 1399.058 1397.201 1394.182 1391.163 1388.144 1384.993 1375.929 1366.865 1357.802 1348.738 1340.076 1331.886 1323.696 1315.506 1307.316 1305.204 1303.784 1302.364 1300.943 1302.259 1308.986 1315.713 1322.439 1329.166 1338.129 1347.746 1357.363 1366.979 1374.643 1375.035 1375.427 1375.819 1376.211 1375.857 1375.101 1374.346 1373.59 1372.745 1370.977 1369.208 1367.439 1365.671 1362.216 1357.24 1352.264 1347.287 1342.311 1338.305 1334.335 1330.365 1326.396 1322.787 1319.716 1316.645 1313.574 1310.502 1305.151 1299.363 1293.575 1287.788 1280.64
1399.639 1399.471 1399.302 1397.773 1395.273 1392.773 1390.273 1387.636 1378.861 1370.087 1361.312 1352.537 1343.758 1334.974 1326.19 1317.406 1308.622 1306.204 1304.511 1302.818 1301.125 1302.507 1309.972 1317.438 1324.903 1332.369 1341.979 1352.217 1362.454 1372.692 1380.887 1381.477 1382.067 1382.657 1383.247 1382.955 1382.189 1381.422 1380.656 1379.739 1377.259 1374.778 1372.298 1369.817 1365.527 1359.604 1353.68 1347.757 1341.833 1337.472 1333.171 1328.869 1324.568 1320.747 1317.644 1314.541 1311.438 1308.334 1302.798 1296.796 1290.794 1284.792 1277.585
1399.765 1399.656 1399.547 1398.344 1396.364 1394.383 1392.402 1390.279 1381.794 1373.308 1364.822 1356.337 1347.441 1338.062 1328.684 1319.306 1309.928 1307.204 1305.238 1303.272 1301.306 1302.755 1310.959 1319.163 1327.367 1335.571 1345.829 1356.687 1367.546 1378.404 1387.131 1387.919 1388.707 1389.494 1390.282 1390.053 1389.276 1388.499 1387.722 1386.733 1383.541 1380.349 1377.156 1373.964 1368.838 1361.967 1355.097 1348.226 1341.355 1336.64 1332.006 1327.373 1322.74 1318.708 1315.573 1312.437 1309.302 1306.167 1300.445 1294.229 1288.014 1281.798 1274.53
1399.828 1399.747 1399.667 1398.685 1397.062 1395.438 1393.814 1392.056 1384.273 1376.49 1368.707 1360.924 1352.364 1342.891 1333.418 1323.945 1314.472 1310.95 1308.105 1305.26 1302.415 1303.475 1312.26 1321.045 1329.83 1338.614 1348.949 1359.737 1370.526 1381.314 1389.984 1390.77 1391.555 1392.341 1393.126 1392.984 1392.341 1391.698 1391.055 1390.153 1386.557 1382.959 1379.363 1375.766 1369.847 1361.833 1353.818 1345.804 1337.789 1333.083 1328.502 1323.921 1319.339 1315.403 1312.427 1309.452 1306.476 1303.501 1297.959 1291.925 1285.892 1279.859 1273.027
1399.874 1399.815 1399.756 1398.967 1397.659 1396.352 1395.044 1393.612 1386.637 1379.662 1372.688 1365.713 1357.604 1348.163 1338.722 1329.281 1319.84 1315.394 1311.516 1307.638 1303.76 1304.316 1313.641 1322.967 1332.292 1341.617 1351.884 1362.426 1372.968 1383.51 1391.975 1392.707 1393.439 1394.171 1394.903 1394.853 1394.381 1393.91 1393.438 1392.664 1388.741 1384.817 1380.894 1376.97 1370.27 1361.062 1351.854 1342.646 1333.438 1328.832 1324.401 1319.97 1315.538 1311.775 1309.009 1306.242 1303.475 1300.708 1295.438 1289.688 1283.938 1278.189 1271.918
1399.919 1399.882 1399.844 1399.249 1398.257 1397.265 1396.273 1395.167 1389.001 1382.834 1376.668 1370.501 1362.844 1353.435 1344.026 1334.617 1325.208 1319.838 1314.927 1310.016 1305.106 1305.157 1315.023 1324.888 1334.754 1344.62 1354.819 1365.115 1375.41 1385.706 1393.966 1394.644 1395.323 1396.001 1396.679 1396.722 1396.422 1396.121 1395.821 1395.175 1390.925 1386.675 1382.425 1378.175 1370.692 1360.291 1349.89 1339.488 1329.087 1324.582 1320.3 1316.019 1311.737 1308.148 1305.59 1303.032 1300.474 1297.916 1292.917 1287.451 1281.985 1276.519 1270.809
1399.965 1399.949 1399.933 1399.531 1398.855 1398.179 1397.502 1396.724 1391.365 1386.007 1380.648 1375.29 1368.084 1358.707 1349.33 1339.953 1330.577 1324.282 1318.339 1312.395 1306.451 1305.997 1316.404 1326.81 1337.217 1347.623 1357.754 1367.803 1377.853 1387.902 1395.957 1396.582 1397.207 1397.831 1398.456 1398.591 1398.462 1398.333 1398.204 1397.686 1393.109 1388.533 1383.956 1379.38 1371.115 1359.52 1347.925 1336.33 1324.735 1320.331 1316.2 1312.068 1307.936 1304.52 1302.171 1299.822 1297.473 1295.123 1290.396 1285.214 1280.031 1274.849 1269.701
1400.0 1400.0 1400.0 1399.758 1399.343 1398.929 1398.514 1398.009 1393.453 1388.898 1384.342 1379.787 1373.184 1364.177 1355.17 1346.163 1337.156 1330.266 1323.618 1316.97 1310.322 1309.414 1319.863 1330.311 1340.76 1351.208 1361.019 1370.643 1380.267 1389.891 1397.595 1398.148 1398.701 1399.253 1399.806 1399.971 1399.926 1399.881 1399.836 1399.368 1394.49 1389.613 1384.735 1379.857 1371.016 1358.599 1346.181 1333.763 1321.345 1316.965 1312.89 1308.814 1304.739 1301.411 1299.196 1296.982 1294.767 1292.553 1288.136 1283.298 1278.46 1273.622 1269.049
1400.0 1400.0 1400.0 1399.814 1399.496 1399.177 1398.859 1398.465 1394.697 1390.928 1387.159 1383.39 1377.857 1370.253 1362.648 1355.043 1347.438 1340.961 1334.612 1328.264 1321.915 1320.709 1329.675 1338.641 1347.607 1356.573 1365.295 1373.945 1382.595 1391.245 1398.154 1398.578 1399.002 1399.427 1399.851 1399.853 1399.626 1399.399 1399.172 1398.518 1393.416 1388.313 1383.211 1378.108 1369.324 1357.217 1345.109 1333.002 1320.894 1316.304 1311.998 1307.693 1303.387 1299.885 1297.579 1295.274 1292.969 1290.663 1286.677 1282.369 1278.06 1273.752 1269.795
1400.0 1400.0 1400.0 1399.87 1399.648 1399.426 1399.204 1398.922 1395.94 1392.958 1389.976 1386.994 1382.531 1376.328 1370.126 1363.923 1357.72 1351.656 1345.607 1339.558 1333.509 1332.004 1339.488 1346.971 1354.455 1361.939 1369.571 1377.247 1384.923 1392.599 1398.712 1399.008 1399.304 1399.6 1399.896 1399.734 1399.326 1398.917 1398.508 1397.669 1392.341 1387.014 1381.687 1376.359 1367.632 1355.834 1344.037 1332.24 1320.443 1315.643 1311.107 1306.571 1302.036 1298.359 1295.963 1293.566 1291.17 1288.773 1285.217 1281.439 1277.66 1273.882 1270.54
1400.0 1400.0 1400.0 1399.927 1399.801 1399.675 1399.55 1399.379 1397.183 1394.988 1392.793 1390.598 1387.204 1382.404 1377.604 1372.803 1368.003 1362.351 1356.601 1350.852 1345.103 1343.299 1349.3 1355.302 1361.303 1367.304 1373.847 1380.549 1387.251 1393.953 1399.271 1399.439 1399.606 1399.774 1399.941 1399.616 1399.026 1398.435 1397.844 1396.819 1391.267 1385.714 1380.162 1374.61 1365.939 1354.452 1342.966 1331.479 1319.992 1314.981 1310.216 1305.45 1300.684 1296.833 1294.346 1291.858 1289.371 1286.884 1283.757 1280.509 1277.26 1274.012 1271.286
1400.0 1400.0 1400.0 1399.983 1399.954 1399.924 1399.895 1399.835 1398.427 1397.018 1395.61 1394.201 1391.878 1388.48 1385.082 1381.683 1378.285 1373.045 1367.596 1362.146 1356.697 1354.594 1359.113 1363.632 1368.15 1372.669 1378.123 1383.851 1389.579 1395.306 1399.83 1399.869 1399.908 1399.947 1399.986 1399.498 1398.725 1397.953 1397.18 1395.969 1390.192 1384.415 1378.638 1372.861 1364.247 1353.07 1341.894 1330.718 1319.542 1314.32 1309.324 1304.328 1299.332 1295.307 1292.729 1290.15 1287.572 1284.994 1282.298 1279.579 1276.86 1274.142 1272.032
1400.0 1400.0 1400.0 1400.0 1400.0 1400.0 1400.0 1399.978 1398.988 1397.998 1397.007 1396.017 1394.324 1391.807 1389.29 1386.773 1384.256 1379.843 1375.214 1370.586 1365.958 1364.033 1367.456 1370.879 1374.302 1377.726 1382.147 1386.859 1391.572 1396.285 1399.995 1399.973 1399.951 1399.928 1399.906 1399.13 1397.949 1396.767 1395.585 1393.987 1388.056 1382.125 1376.194 1370.263 1361.921 1351.401 1340.882 1330.362 1319.843 1314.499 1309.351 1304.203 1299.055 1294.983 1292.515 1290.046 1287.578 1285.11 1282.932 1280.811 1278.689 1276.567 1275.014
1400.0 1400.0 1400.0 1400.0 1400.0 1400.0 1400.0 1399.984 1399.25 1398.517 1397.784 1397.05 1395.797 1393.932 1392.068 1390.204 1388.34 1384.936 1381.356 1377.777 1374.197 1372.658 1375.155 1377.653 1380.15 1382.648 1386.06 1389.74 1393.419 1397.099 1399.989 1399.934 1399.88 1399.825 1399.771 1398.654 1396.963 1395.273 1393.583 1391.51 1385.456 1379.402 1373.348 1367.294 1359.318 1349.607 1339.895 1330.184 1320.472 1315.044 1309.779 1304.513 1299.248 1295.184 1292.914 1290.644 1288.374 1286.103 1284.484 1282.988 1281.492 1279.997 1278.975
