data/zism_data/01104_01_D.txt
ncols         224
nrows         224
[rows 29 to 57 of 224, columns 0 to 64 of 224]
325.674 320.2495 314.825 309.4004 304.549 303.5182 302.4874 301.4566 300.4258 300.0 300.0 300.0 300.0 300.0 300.0 300.0 300.0 300.0 300.0 300.0 300.0 300.0 300.0 300.3255 300.6659 301.0062 301.3466 302.9055 306.1962 309.4869 312.7776 316.0683 319.5907 323.1479 326.705 330.2621 331.8051 329.1854 326.5657 323.946 321.3263 318.5063 315.6307 312.7551 309.8795 307.4993 306.6955 305.8917 305.0879 304.2841 307.0277 311.3234 315.6191 319.9148 324.6264 331.6555 338.6846 345.7137 352.7428 355.9724 356.7595 357.5466 358.3337 358.5108 349.9453
335.2752 327.8596 320.4441 313.0284 306.3912 304.943 303.4947 302.0464 300.5982 300.0 300.0 300.0 300.0 300.0 300.0 300.0 300.0 300.0 300.0 300.0 300.0 300.0 300.0 300.5098 301.0428 301.5759 302.1089 304.3159 308.9019 313.4879 318.0739 322.6599 326.5373 330.3085 334.0797 337.8509 339.0861 335.0801 331.0742 327.0684 323.0625 319.6856 316.4835 313.2814 310.0793 307.5339 307.078 306.622 306.1661 305.7102 308.2097 312.0023 315.795 319.5876 323.7261 329.7917 335.8574 341.923 347.9887 350.6491 351.1205 351.5918 352.0632 352.0352 344.8505
344.8764 335.4697 326.0631 316.6564 308.2334 306.3677 304.502 302.6363 300.7706 300.0 300.0 300.0 300.0 300.0 300.0 300.0 300.0 300.0 300.0 300.0 300.0 300.0 300.0 300.6941 301.4198 302.1455 302.8712 305.7263 311.6076 317.4889 323.3701 329.2514 333.4839 337.4691 341.4544 345.4396 346.367 340.9749 335.5829 330.1907 324.7987 320.8649 317.3363 313.8077 310.2791 307.5685 307.4604 307.3524 307.2444 307.1363 309.3918 312.6813 315.9708 319.2603 322.8257 327.9279 333.0301 338.1323 343.2346 345.3258 345.4814 345.637 345.7926 345.5595 339.7556
353.2477 342.1158 330.9839 319.852 309.8801 307.6413 305.4024 303.1636 300.9247 300.0 300.0 300.0 300.0 300.0 300.0 300.0 300.0 300.0 300.0 300.0 300.0 300.0 300.0 300.9722 301.9887 303.0051 304.0215 307.5771 314.741 321.9049 329.0687 336.2326 340.6232 344.5978 348.5724 352.5471 353.0226 346.2664 339.5103 332.7542 325.9981 321.5569 317.7588 313.9606 310.1625 307.3322 307.5815 307.8309 308.0802 308.3295 310.3988 313.2643 316.1299 318.9954 322.0696 326.3065 330.5434 334.7803 339.0172 340.6123 340.5091 340.4059 340.3027 339.9161 335.4677
356.6081 344.834 333.0599 321.2857 310.7303 308.2988 305.8673 303.4358 301.0043 300.0 300.0 300.0 300.0 300.0 300.0 300.0 300.0 300.0 300.0 300.0 300.0 300.0 300.0 301.6326 303.3394 305.0462 306.753 311.2222 319.617 328.0118 336.4066 344.8014 348.5474 351.5962 354.6449 357.6937 357.1299 349.1001 341.0703 333.0404 325.0107 320.2632 316.4276 312.592 308.7564 305.9923 306.6377 307.283 307.9283 308.5737 310.6928 313.4566 316.2205 318.9844 321.9016 325.6728 329.4441 333.2153 336.9866 338.3832 338.2533 338.1233 337.9934 337.6635 334.4674
359.9685 347.5521 335.1359 322.7195 311.5804 308.9563 306.3322 303.708 301.0839 300.0 300.0 300.0 300.0 300.0 300.0 300.0 300.0 300.0 300.0 300.0 300.0 300.0 300.0 302.2929 304.6901 307.0872 309.4844 314.8673 324.493 334.1187 343.7444 353.3702 356.4717 358.5946 360.7174 362.8403 361.2372 351.9337 342.6302 333.3267 324.0232 318.9695 315.0964 311.2234 307.3503 304.6524 305.6938 306.7351 307.7765 308.8179 310.9868 313.649 316.3112 318.9733 321.7335 325.0391 328.3447 331.6504 334.956 336.1541 335.9975 335.8408 335.6841 335.4109 333.4671
363.329 350.2704 337.2119 324.1533 312.4306 309.6138 306.7971 303.9803 301.1635 300.0 300.0 300.0 300.0 300.0 300.0 300.0 300.0 300.0 300.0 300.0 300.0 300.0 300.0 302.9533 306.0408 309.1284 312.2159 318.5125 329.3691 340.2259 351.0826 361.9393 364.3962 365.5932 366.7902 367.9871 365.3447 354.7674 344.1902 333.6129 323.0357 317.6758 313.7653 309.8547 305.9442 303.3125 304.7499 306.1873 307.6247 309.062 311.2808 313.8413 316.4018 318.9623 321.5654 324.4053 327.2454 330.0853 332.9253 333.925 333.7415 333.5581 333.3747 333.1581 332.4667
366.6894 352.9885 339.2878 325.587 313.2808 310.2713 307.2619 304.2525 301.243 300.0 300.0 300.0 300.0 300.0 300.0 300.0 300.0 300.0 300.0 300.0 300.0 300.0 300.0 303.6136 307.3915 311.1694 314.9473 322.1576 334.2451 346.3328 358.4204 370.5081 372.3205 372.5916 372.8626 373.1338 369.452 357.601 345.7501 333.8991 322.0482 316.3821 312.4341 308.4861 304.5381 301.9726 303.806 305.6394 307.4728 309.3062 311.5747 314.0336 316.4924 318.9513 321.3973 323.7716 326.146 328.5204 330.8947 331.6959 331.4857 331.2756 331.0654 330.9055 331.4664
365.0964 351.6706 338.2448 324.819 312.7671 309.874 306.981 304.088 301.1949 300.0 300.0 300.0 300.0 300.0 300.0 300.0 300.0 300.0 300.0 300.0 300.0 300.0 300.0 304.0651 308.315 312.5649 316.8148 324.3276 336.477 348.6264 360.7758 372.9253 374.2269 373.9013 373.5758 373.2503 369.0392 356.7981 344.557 332.3159 320.0748 314.5707 310.9379 307.3052 303.6725 301.3557 303.2257 305.0956 306.9656 308.8356 311.0164 313.3333 315.6501 317.9669 320.2504 322.3472 324.4441 326.541 328.6379 329.4328 329.3907 329.3487 329.3066 329.3529 330.6656
360.5662 347.9592 335.3523 322.7453 311.4445 308.8512 306.2578 303.6645 301.0712 300.0 300.0 300.0 300.0 300.0 300.0 300.0 300.0 300.0 300.0 300.0 300.0 300.0 300.0 304.3927 308.9852 313.5776 318.17 325.623 337.1408 348.6588 360.1766 371.6945 372.5647 371.8378 371.1109 370.384 365.9461 353.8387 341.7314 329.624 317.5168 312.4521 309.3439 306.2357 303.1275 301.1675 302.8609 304.5543 306.2476 307.941 309.9527 312.1036 314.2546 316.4055 318.523 320.454 322.3849 324.3159 326.2469 327.1496 327.3911 327.6328 327.8743 328.2155 329.983
356.036 344.2479 332.4598 320.6717 310.122 307.8283 305.5347 303.241 300.9474 300.0 300.0 300.0 300.0 300.0 300.0 300.0 300.0 300.0 300.0 300.0 300.0 300.0 300.0 304.7204 309.6553 314.5902 319.5252 326.9184 337.8047 348.6911 359.5774 370.4638 370.9026 369.7743 368.646 367.5177 362.8529 350.8793 338.9058 326.9322 314.9587 310.3336 307.7499 305.1663 302.5826 300.9794 302.4962 304.0129 305.5297 307.0464 308.8889 310.874 312.859 314.8441 316.7957 318.5607 320.3258 322.0908 323.8559 324.8663 325.3915 325.9168 326.442 327.078 329.3004
351.5059 340.5365 329.5673 318.598 308.7995 306.8055 304.8115 302.8176 300.8236 300.0 300.0 300.0 300.0 300.0 300.0 300.0 300.0 300.0 300.0 300.0 300.0 300.0 300.0 305.048 310.3255 315.6029 320.8804 328.2137 338.4685 348.7234 358.9782 369.2331 369.2405 367.7108 366.1811 364.6514 359.7597 347.9199 336.0802 324.2404 312.4006 308.2151 306.1559 304.0968 302.0375 300.7912 302.1314 303.4715 304.8117 306.1518 307.8252 309.6443 311.4635 313.2826 315.0683 316.6674 318.2666 319.8658 321.4649 322.583 323.3919 324.2008 325.0097 325.9405 328.6178
346.9237 336.7911 326.6585 316.5259 307.4935 305.7954 304.0974 302.3994 300.7014 300.0125 300.0337 300.055 300.0762 300.0973 300.1132 300.1291 300.1451 300.161 300.1616 300.1469 300.1323 300.1176 300.1029 305.4862 311.115 316.7437 322.3724 329.6574 339.296 348.9347 358.5733 368.2119 367.7698 365.8156 363.8614 361.9072 356.7749 345.0745 333.3741 321.6737 309.9734 306.2072 304.645 303.0828 301.5206 300.6103 301.7741 302.938 304.1018 305.2657 306.7669 308.4158 310.0647 311.7135 313.3294 314.7614 316.1934 317.6253 319.0573 320.2685 321.3376 322.4067 323.4758 324.6792 327.8073
341.5044 332.4958 323.4872 314.4786 306.4543 304.9917 303.5292 302.0667 300.6041 300.2261 300.6113 300.9965 301.3817 301.7627 302.0516 302.3405 302.6295 302.9184 302.9297 302.6635 302.3972 302.131 301.8647 307.7081 313.8293 319.9503 326.0715 333.493 342.7622 352.0316 361.3008 370.5701 369.3864 366.6347 363.8831 361.1314 355.5368 344.0665 332.5963 321.126 309.6559 305.9816 304.4729 302.9642 301.4555 300.545 301.5376 302.5302 303.5227 304.5153 305.7969 307.2049 308.6129 310.021 311.4041 312.6488 313.8934 315.1381 316.3828 317.4489 318.4002 319.3516 320.303 321.4214 324.935
336.0851 328.2005 320.3159 312.4313 305.4151 304.188 302.9609 301.7339 300.5068 300.4397 301.1889 301.938 302.6872 303.4282 303.9901 304.5519 305.1138 305.6757 305.6978 305.18 304.6622 304.1444 303.6266 309.93 316.5436 323.157 329.7706 337.3285 346.2285 355.1284 364.0284 372.9283 371.003 367.4539 363.9048 360.3557 354.2987 343.0586 331.8185 320.5784 309.3383 305.7559 304.3008 302.8456 301.3905 300.4797 301.301 302.1223 302.9436 303.765 304.8269 305.994 307.1612 308.3284 309.4789 310.5362 311.5935 312.6508 313.7081 314.6293 315.4629 316.2965 317.1302 318.1637 322.0626
330.6658 323.9052 317.1446 310.384 304.3759 303.3843 302.3927 301.4011 300.4096 300.6534 301.7664 302.8795 303.9927 305.0937 305.9285 306.7634 307.5982 308.433 308.4658 307.6965 306.9272 306.1578 305.3885 312.1519 319.2579 326.3637 333.4697 341.1641 349.6946 358.2253 366.7559 375.2866 372.6196 368.2731 363.9265 359.58 353.0606 342.0506 331.0407 320.0307 309.0208 305.5303 304.1287 302.7271 301.3254 300.4144 301.0645 301.7145 302.3645 303.0146 303.8568 304.7832 305.7095 306.6358 307.5536 308.4236 309.2936 310.1635 311.0335 311.8097 312.5256 313.2415 313.9574 314.906 319.1902
325.2465 319.6099 313.9733 308.3367 303.3366 302.5806 301.8245 301.0684 300.3123 300.867 302.344 303.8211 305.2982 306.7592 307.867 308.9748 310.0826 311.1904 311.2339 310.213 309.1921 308.1712 307.1503 314.3738 321.9722 329.5704 337.1687 344.9996 353.1609 361.3222 369.4834 377.6447 374.2362 369.0922 363.9483 358.8043 351.8226 341.0427 330.2629 319.483 308.7032 305.3047 303.9566 302.6085 301.2604 300.3492 300.8279 301.3067 301.7854 302.2642 302.8868 303.5723 304.2578 304.9433 305.6284 306.311 306.9937 307.6763 308.3589 308.9901 309.5883 310.1864 310.7845 311.6482 316.3178
320.6795 316.0019 311.3244 306.6469 302.5054 301.9377 301.3699 300.8022 300.2345 301.4293 303.8644 306.2995 308.7346 311.1378 312.8405 314.5432 316.2459 317.9487 318.0827 316.648 315.2133 313.7786 312.3439 319.5047 327.0562 334.6077 342.1593 349.7561 357.4171 365.0783 372.7393 380.4005 376.5565 370.9867 365.417 359.8473 352.6024 341.8957 331.189 320.4822 309.7755 306.1992 304.6036 303.008 301.4125 300.282 300.6314 300.9807 301.3301 301.6795 302.1352 302.6375 303.1397 303.6419 304.1475 304.6716 305.1957 305.7198 306.244 306.7415 307.2219 307.7023 308.1826 308.9638 314.0553
317.0029 313.1121 309.2213 305.3305 301.8914 301.4628 301.0342 300.6056 300.177 302.356 306.3699 310.3837 314.3976 318.3515 320.9855 323.6195 326.2536 328.8876 329.1956 327.1776 325.1595 323.1415 321.1234 327.6752 334.6166 341.558 348.4994 355.4749 362.4991 369.5233 376.5475 383.5717 379.6121 374.0049 368.3977 362.7906 355.4908 344.6931 333.8954 323.0977 312.3 308.2641 306.1065 303.949 301.7914 300.2129 300.4766 300.7404 301.0041 301.2679 301.6119 301.9911 302.3702 302.7494 303.131 303.5267 303.9223 304.318 304.7137 305.0892 305.4519 305.8145 306.1772 306.8783 312.4301
313.3264 310.2223 307.1183 304.0143 301.2773 300.9879 300.6985 300.409 300.1196 303.2826 308.8753 314.4679 320.0605 325.565 329.1303 332.6956 336.2609 339.8261 340.3081 337.7068 335.1054 332.504 329.9026 335.8455 342.1767 348.508 354.8392 361.1936 367.5809 373.9682 380.3555 386.7428 382.6676 377.0229 371.3784 365.7337 358.3792 347.4904 336.6018 325.7131 314.8245 310.329 307.6094 304.8899 302.1704 300.1438 300.3219 300.5 300.6781 300.8563 301.0886 301.3447 301.6007 301.8568 302.1146 302.3817 302.649 302.9162 303.1834 303.437 303.6819 303.9269 304.1718 304.7928 310.8048
309.6499 307.3326 305.0153 302.698 300.6633 300.513 300.3627 300.2124 300.0621 304.2093 311.3807 318.552 325.7234 332.7784 337.275 341.7715 346.2681 350.7647 351.4206 348.2359 345.0512 341.8665 338.6818 344.0157 349.7368 355.4579 361.1791 366.9123 372.6627 378.4131 384.1635 389.9139 385.7231 380.041 374.359 368.6769 361.2675 350.2878 339.3082 328.3285 317.3489 312.3938 309.1123 305.8308 302.5493 300.0746 300.1671 300.2596 300.3522 300.4447 300.5653 300.6983 300.8313 300.9642 301.0981 301.2368 301.3756 301.5144 301.6531 301.7849 301.912 302.0392 302.1664 302.7074 309.1797
305.9734 304.4428 302.9123 301.3817 300.0493 300.0381 300.0269 300.0158 300.0046 305.1359 313.8861 322.6361 331.3863 339.9919 345.4197 350.8476 356.2754 361.7032 362.5331 358.7651 354.9971 351.2291 347.461 352.1859 357.297 362.4079 367.519 372.631 377.7445 382.858 387.9715 393.085 388.7785 383.0591 377.3396 371.6201 364.1558 353.0851 342.0146 330.9439 319.8733 314.4587 310.6152 306.7718 302.9283 300.0056 300.0124 300.0193 300.0262 300.0331 300.042 300.0519 300.0618 300.0717 300.0816 300.0919 300.1022 300.1125 300.1229 300.1327 300.1421 300.1516 300.161 300.622 307.5544
304.9354 303.6599 302.3845 301.1091 300.0693 300.6009 301.1325 301.6641 302.1957 307.9145 317.2836 326.6527 336.0218 345.2266 350.8178 356.4091 362.0003 367.5915 368.5068 364.7461 360.9853 357.2246 353.4638 356.3531 359.5448 362.7364 365.928 370.0062 375.3441 380.6821 386.0201 391.3581 387.5919 382.4601 377.3283 372.1964 365.3135 354.8114 344.3094 333.8073 323.3053 317.8673 313.8359 309.8046 305.7732 302.6341 302.3339 302.0337 301.7334 301.4332 301.1775 300.9412 300.7049 300.4687 300.2639 300.2343 300.2048 300.1753 300.1457 300.2331 300.3955 300.5579 300.7203 301.3322 308.3853
304.1277 303.0609 301.9943 300.9276 300.1447 301.2543 302.3639 303.4735 304.5831 310.8548 320.7591 330.6633 340.5677 350.2885 355.9762 361.6638 367.3514 373.039 374.0318 370.3299 366.628 362.9261 359.2242 360.1709 361.3288 362.4868 363.6447 366.653 372.2906 377.9283 383.5659 389.2036 386.035 381.5453 377.0558 372.5662 366.3202 356.4442 346.5684 336.6924 326.8166 321.3932 317.2066 313.0201 308.8335 305.4982 304.8715 304.2448 303.6182 302.9915 302.4577 301.9645 301.4714 300.9783 300.5508 300.4891 300.4275 300.3658 300.3042 300.4865 300.8255 301.1645 301.5035 302.2864 309.4305
303.3199 302.462 301.604 300.7461 300.2201 301.9077 303.5953 305.2829 306.9704 313.795 324.2345 334.674 345.1135 355.3505 361.1345 366.9185 372.7025 378.4864 379.5569 375.9138 372.2708 368.6277 364.9846 363.9886 363.1129 362.2372 361.3614 363.2998 369.2371 375.1745 381.1118 387.0492 384.4781 380.6306 376.7833 372.9359 367.3268 358.077 348.8273 339.5775 330.3278 324.919 320.5772 316.2355 311.8937 308.3623 307.4091 306.456 305.5029 304.5497 303.7379 302.9879 302.2379 301.4879 300.8377 300.744 300.6502 300.5564 300.4626 300.7398 301.2555 301.7711 302.2867 303.2406 310.4758
302.5122 301.863 301.2138 300.5645 300.2955 302.5611 304.8267 307.0923 309.3578 316.7353 327.71 338.6846 349.6593 360.4125 366.2928 372.1732 378.0535 383.9338 385.0819 381.4977 377.9135 374.3293 370.7451 367.8063 364.8969 361.9875 359.0781 359.9466 366.1836 372.4207 378.6577 384.8947 382.9211 379.7159 376.5107 373.3055 368.3335 359.7098 351.0862 342.4626 333.839 328.4449 323.9479 319.451 314.9539 311.2264 309.9468 308.6672 307.3876 306.108 305.0182 304.0113 303.0043 301.9975 301.1246 300.9987 300.8729 300.747 300.6211 300.9932 301.6855 302.3777 303.07 304.1949 311.521
301.8351 301.3609 300.8866 300.4124 300.3379 302.9283 305.5188 308.1092 310.6996 318.3229 329.4878 340.6526 351.8175 362.7653 368.9389 375.1125 381.2861 387.4596 388.7481 385.1516 381.5549 377.9583 374.3617 369.574 364.7321 359.8903 355.0484 354.7848 361.0271 367.2695 373.5117 379.7541 378.6837 376.5164 374.3491 372.1818 368.2148 360.5286 352.8425 345.1562 337.4701 332.1025 327.3791 322.6556 317.9322 313.9587 312.3714 310.7841 309.1968 307.6095 306.2995 305.1107 303.9219 302.7331 301.6972 301.513 301.3287 301.1445 300.9602 301.3976 302.2346 303.0716 303.9086 305.1552 312.2743
301.4001 301.0383 300.6765 300.3146 300.319 302.765 305.2109 307.6569 310.1028 317.4025 328.1178 338.833 349.5483 360.0946 366.9266 373.7585 380.5905 387.4223 388.9677 385.2266 381.4855 377.7444 374.0032 367.5403 360.9537 354.3671 347.7805 346.2695 351.9712 357.6729 363.3747 369.0764 369.476 369.0802 368.6845 368.2887 366.0096 359.838 353.6664 347.4949 341.3233 336.0044 330.9223 325.8403 320.7582 316.4467 314.5864 312.7262 310.866 309.0057 307.5828 306.3512 305.1196 303.888 302.7995 302.5082 302.2169 301.9257 301.6344 302.082 303.0046 303.9272 304.8498 306.127 312.486
300.9652 300.7158 300.4663 300.2169 300.3002 302.6016 304.903 307.2045 309.5059 316.482 326.7477 337.0133 347.2791 357.424 364.9143 372.4045 379.8948 387.385 389.1873 385.3017 381.416 377.5304 373.6447 365.5067 357.1753 348.8439 340.5125 337.7541 342.9153 348.0764 353.2376 358.3988 360.2683 361.6441 363.0199 364.3957 363.8043 359.1473 354.4904 349.8335 345.1766 339.9063 334.4656 329.025 323.5844 318.9346 316.8015 314.6683 312.5351 310.4019 308.8661 307.5917 306.3173 305.0429 303.9018 303.5035 303.1052 302.7068 302.3085 302.7664 303.7746 304.7828 305.7911 307.0988 312.6978
