data/zism_data/01101_03_D.txt
ncols         224
nrows         224
[rows 56 to 83 of 224, columns 128 to 191 of 224]
4463.889 4462.838 4461.372 4459.906 4458.439 4456.972 4455.458 4453.945 4452.432 4450.918 4449.861 4449.34 4448.82 4448.299 4447.778 4448.315 4448.973 4449.631 4450.289 4451.146 4452.4 4453.654 4454.908 4456.161 4457.971 4459.944 4461.917 4463.89 4465.898 4468.04 4470.182 4472.324 4474.465 4476.414 4478.258 4480.103 4481.947 4483.849 4486.353 4488.856 4491.359 4493.862 4497.549 4502.305 4507.06 4511.815 4516.571 4523.832 4531.188 4538.543 4545.899 4553.111 4560.108 4567.105 4574.103 4581.1 4584.873 4588.03 4591.186 4594.343 4596.688 4596.922 4597.155 4597.389
4461.785 4460.889 4459.52 4458.15 4456.78 4455.405 4453.8 4452.196 4450.591 4448.986 4447.89 4447.391 4446.892 4446.393 4445.893 4446.433 4447.09 4447.748 4448.405 4449.24 4450.424 4451.608 4452.792 4453.976 4455.771 4457.743 4459.716 4461.689 4463.704 4465.878 4468.052 4470.226 4472.4 4474.443 4476.417 4478.39 4480.363 4482.363 4484.652 4486.941 4489.229 4491.519 4494.873 4499.188 4503.504 4507.82 4512.136 4519.066 4526.095 4533.124 4540.153 4547.048 4553.745 4560.442 4567.139 4573.836 4577.318 4580.186 4583.052 4585.919 4588.023 4588.139 4588.254 4588.37
4459.582 4458.819 4457.52 4456.221 4454.922 4453.615 4451.955 4450.294 4448.633 4446.972 4445.851 4445.364 4444.877 4444.39 4443.902 4444.437 4445.087 4445.738 4446.389 4447.205 4448.35 4449.495 4450.639 4451.784 4453.568 4455.538 4457.509 4459.479 4461.497 4463.691 4465.886 4468.08 4470.274 4472.391 4474.464 4476.538 4478.612 4480.695 4482.872 4485.049 4487.226 4489.402 4492.502 4496.434 4500.367 4504.299 4508.231 4514.686 4521.236 4527.787 4534.337 4540.785 4547.079 4553.373 4559.667 4565.961 4569.212 4571.88 4574.549 4577.218 4579.158 4579.202 4579.246 4579.291
4457.25 4456.591 4455.33 4454.068 4452.807 4451.537 4449.865 4448.193 4446.522 4444.85 4443.723 4443.236 4442.749 4442.262 4441.775 4442.295 4442.929 4443.564 4444.198 4445.004 4446.149 4447.293 4448.438 4449.583 4451.363 4453.328 4455.293 4457.258 4459.272 4461.472 4463.672 4465.872 4468.072 4470.231 4472.37 4474.508 4476.646 4478.789 4480.987 4483.186 4485.384 4487.583 4490.529 4494.15 4497.771 4501.393 4505.014 4510.807 4516.682 4522.557 4528.432 4534.259 4540.018 4545.776 4551.534 4557.292 4560.389 4562.978 4565.565 4568.154 4570.033 4570.066 4570.1 4570.133
4454.917 4454.363 4453.139 4451.915 4450.691 4449.458 4447.775 4446.093 4444.411 4442.729 4441.596 4441.108 4440.622 4440.134 4439.647 4440.153 4440.771 4441.39 4442.008 4442.803 4443.948 4445.093 4446.237 4447.382 4449.157 4451.117 4453.077 4455.037 4457.048 4459.253 4461.458 4463.664 4465.869 4468.072 4470.274 4472.477 4474.68 4476.883 4479.103 4481.323 4483.543 4485.763 4488.556 4491.866 4495.176 4498.487 4501.797 4506.928 4512.127 4517.327 4522.526 4527.734 4532.957 4538.179 4543.401 4548.623 4551.566 4554.074 4556.582 4559.089 4560.908 4560.931 4560.953 4560.976
4452.584 4452.135 4450.949 4449.762 4448.576 4447.378 4445.686 4443.993 4442.299 4440.606 4439.468 4438.981 4438.494 4438.007 4437.52 4438.011 4438.613 4439.215 4439.817 4440.602 4441.747 4442.892 4444.036 4445.181 4446.952 4448.907 4450.861 4452.815 4454.824 4457.034 4459.245 4461.456 4463.666 4465.913 4468.18 4470.446 4472.713 4474.978 4477.219 4479.46 4481.701 4483.943 4486.583 4489.582 4492.582 4495.581 4498.581 4503.049 4507.573 4512.097 4516.621 4521.209 4525.896 4530.582 4535.268 4539.954 4542.744 4545.171 4547.598 4550.025 4551.783 4551.794 4551.806 4551.818
4450.252 4449.907 4448.758 4447.609 4446.46 4445.299 4443.596 4441.892 4440.188 4438.484 4437.34 4436.853 4436.366 4435.879 4435.392 4435.869 4436.455 4437.041 4437.627 4438.401 4439.546 4440.69 4441.835 4442.98 4444.747 4446.696 4448.645 4450.594 4452.6 4454.815 4457.031 4459.247 4461.463 4463.753 4466.084 4468.416 4470.747 4473.072 4475.334 4477.597 4479.86 4482.123 4484.609 4487.298 4489.986 4492.675 4495.364 4499.17 4503.018 4506.867 4510.715 4514.685 4518.834 4522.984 4527.134 4531.284 4533.92 4536.268 4538.614 4540.961 4542.657 4542.659 4542.66 4542.661
4447.906 4447.628 4446.579 4445.53 4444.48 4443.418 4441.761 4440.104 4438.447 4436.79 4435.622 4435.03 4434.438 4433.846 4433.253 4433.692 4434.248 4434.804 4435.359 4436.134 4437.341 4438.547 4439.754 4440.961 4442.69 4444.572 4446.453 4448.335 4450.292 4452.533 4454.773 4457.013 4459.253 4461.539 4463.848 4466.157 4468.467 4470.774 4473.053 4475.333 4477.612 4479.891 4482.328 4484.906 4487.484 4490.063 4492.641 4496.032 4499.453 4502.875 4506.296 4509.791 4513.396 4517.0 4520.604 4524.208 4526.533 4528.613 4530.693 4532.773 4534.277 4534.277 4534.277 4534.277
4445.559 4445.343 4444.401 4443.459 4442.517 4441.561 4439.957 4438.354 4436.75 4435.146 4433.954 4433.244 4432.534 4431.824 4431.113 4431.511 4432.035 4432.559 4433.082 4433.858 4435.135 4436.412 4437.688 4438.965 4440.651 4442.458 4444.264 4446.071 4447.975 4450.242 4452.509 4454.776 4457.043 4459.317 4461.594 4463.871 4466.148 4468.427 4470.723 4473.018 4475.313 4477.609 4480.008 4482.501 4484.993 4487.486 4489.979 4492.984 4496.009 4499.034 4502.058 4505.096 4508.154 4511.211 4514.269 4517.327 4519.321 4521.111 4522.902 4524.693 4525.987 4525.987 4525.987 4525.987
4443.211 4443.058 4442.223 4441.388 4440.554 4439.703 4438.153 4436.604 4435.054 4433.504 4432.286 4431.458 4430.629 4429.802 4428.974 4429.33 4429.822 4430.313 4430.805 4431.583 4432.93 4434.276 4435.622 4436.968 4438.612 4440.344 4442.075 4443.807 4445.657 4447.951 4450.245 4452.539 4454.833 4457.095 4459.34 4461.585 4463.83 4466.081 4468.393 4470.704 4473.016 4475.327 4477.689 4480.096 4482.502 4484.909 4487.316 4489.936 4492.564 4495.192 4497.821 4500.402 4502.913 4505.423 4507.934 4510.445 4512.108 4513.609 4515.111 4516.612 4517.697 4517.697 4517.697 4517.697
4440.863 4440.773 4440.045 4439.318 4438.59 4437.846 4436.35 4434.854 4433.357 4431.861 4430.618 4429.671 4428.726 4427.78 4426.833 4427.149 4427.609 4428.068 4428.527 4429.308 4430.724 4432.14 4433.556 4434.972 4436.573 4438.23 4439.886 4441.543 4443.34 4445.661 4447.981 4450.302 4452.622 4454.873 4457.086 4459.299 4461.512 4463.735 4466.063 4468.39 4470.718 4473.045 4475.37 4477.69 4480.012 4482.333 4484.654 4486.889 4489.12 4491.352 4493.583 4495.707 4497.671 4499.635 4501.599 4503.563 4504.896 4506.107 4507.319 4508.531 4509.406 4509.406 4509.406 4509.406
4438.652 4438.602 4437.929 4437.257 4436.584 4435.895 4434.428 4432.96 4431.494 4430.027 4428.754 4427.708 4426.663 4425.618 4424.573 4424.873 4425.326 4425.779 4426.233 4427.039 4428.541 4430.043 4431.545 4433.048 4434.64 4436.259 4437.877 4439.496 4441.256 4443.542 4445.828 4448.114 4450.399 4452.629 4454.829 4457.028 4459.228 4461.438 4463.765 4466.092 4468.419 4470.746 4473.042 4475.311 4477.58 4479.849 4482.118 4484.108 4486.089 4488.069 4490.049 4491.866 4493.438 4495.01 4496.582 4498.154 4499.224 4500.199 4501.173 4502.147 4502.852 4502.852 4502.852 4502.852
4436.695 4436.645 4435.93 4435.214 4434.499 4433.767 4432.284 4430.8 4429.317 4427.834 4426.523 4425.414 4424.304 4423.194 4422.085 4422.417 4422.913 4423.409 4423.906 4424.779 4426.399 4428.02 4429.64 4431.26 4432.904 4434.555 4436.206 4437.856 4439.61 4441.746 4443.882 4446.018 4448.153 4450.344 4452.565 4454.786 4457.007 4459.234 4461.529 4463.824 4466.119 4468.414 4470.7 4472.98 4475.259 4477.539 4479.818 4481.831 4483.832 4485.833 4487.835 4489.624 4491.094 4492.564 4494.035 4495.505 4496.442 4497.277 4498.112 4498.947 4499.55 4499.55 4499.55 4499.55
4434.739 4434.688 4433.93 4433.171 4432.413 4431.639 4430.14 4428.641 4427.141 4425.642 4424.292 4423.119 4421.945 4420.771 4419.597 4419.961 4420.5 4421.039 4421.578 4422.52 4424.258 4425.997 4427.734 4429.473 4431.168 4432.851 4434.534 4436.217 4437.964 4439.95 4441.936 4443.921 4445.907 4448.06 4450.302 4452.544 4454.787 4457.031 4459.293 4461.556 4463.818 4466.081 4468.358 4470.648 4472.939 4475.229 4477.52 4479.552 4481.575 4483.599 4485.622 4487.382 4488.75 4490.119 4491.487 4492.855 4493.659 4494.355 4495.05 4495.746 4496.249 4496.249 4496.249 4496.249
4432.782 4432.731 4431.93 4431.129 4430.328 4429.511 4427.996 4426.48 4424.965 4423.45 4422.062 4420.824 4419.586 4418.348 4417.109 4417.505 4418.087 4418.669 4419.251 4420.261 4422.117 4423.973 4425.829 4427.685 4429.432 4431.147 4432.863 4434.578 4436.318 4438.154 4439.99 4441.825 4443.661 4445.775 4448.039 4450.302 4452.566 4454.827 4457.058 4459.288 4461.518 4463.749 4466.016 4468.317 4470.618 4472.919 4475.22 4477.274 4479.319 4481.363 4483.408 4485.14 4486.407 4487.673 4488.94 4490.207 4490.876 4491.433 4491.989 4492.545 4492.947 4492.947 4492.947 4492.947
4430.826 4430.774 4429.93 4429.086 4428.242 4427.383 4425.852 4424.32 4422.789 4421.258 4419.832 4418.529 4417.227 4415.924 4414.622 4415.049 4415.674 4416.299 4416.924 4418.002 4419.976 4421.95 4423.924 4425.898 4427.696 4429.444 4431.191 4432.938 4434.672 4436.358 4438.043 4439.729 4441.415 4443.49 4445.775 4448.061 4450.346 4452.623 4454.821 4457.02 4459.218 4461.417 4463.674 4465.986 4468.298 4470.609 4472.921 4474.996 4477.062 4479.128 4481.194 4482.898 4484.063 4485.228 4486.393 4487.557 4488.094 4488.511 4488.928 4489.345 4489.646 4489.646 4489.646 4489.646
4428.691 4428.63 4427.761 4426.891 4426.021 4425.137 4423.616 4422.094 4420.573 4419.051 4417.617 4416.285 4414.952 4413.62 4412.288 4412.735 4413.386 4414.036 4414.687 4415.79 4417.787 4419.784 4421.781 4423.778 4425.646 4427.478 4429.309 4431.14 4432.941 4434.632 4436.323 4438.014 4439.705 4441.762 4444.017 4446.271 4448.526 4450.776 4452.968 4455.16 4457.352 4459.544 4461.772 4464.035 4466.297 4468.559 4470.821 4472.873 4474.917 4476.962 4479.006 4480.707 4481.895 4483.083 4484.27 4485.458 4485.94 4486.286 4486.633 4486.979 4487.229 4487.229 4487.229 4487.229
4426.512 4426.441 4425.55 4424.659 4423.768 4422.863 4421.358 4419.853 4418.347 4416.842 4415.406 4414.052 4412.698 4411.345 4409.991 4410.456 4411.127 4411.799 4412.471 4413.588 4415.585 4417.583 4419.58 4421.577 4423.52 4425.448 4427.375 4429.303 4431.19 4432.923 4434.657 4436.391 4438.124 4440.168 4442.38 4444.593 4446.805 4449.015 4451.207 4453.399 4455.591 4457.783 4459.978 4462.176 4464.374 4466.571 4468.769 4470.788 4472.8 4474.812 4476.824 4478.527 4479.769 4481.01 4482.251 4483.493 4483.938 4484.231 4484.524 4484.817 4485.029 4485.029 4485.029 4485.029
4424.333 4424.252 4423.34 4422.427 4421.515 4420.589 4419.1 4417.611 4416.122 4414.632 4413.195 4411.82 4410.445 4409.069 4407.694 4408.176 4408.869 4409.563 4410.256 4411.387 4413.384 4415.381 4417.379 4419.376 4421.394 4423.418 4425.442 4427.466 4429.438 4431.214 4432.991 4434.768 4436.544 4438.576 4440.745 4442.914 4445.083 4447.254 4449.446 4451.638 4453.83 4456.022 4458.184 4460.317 4462.45 4464.583 4466.717 4468.703 4470.683 4472.663 4474.643 4476.348 4477.643 4478.938 4480.233 4481.528 4481.937 4482.176 4482.416 4482.655 4482.828 4482.828 4482.828 4482.828
4422.154 4422.063 4421.129 4420.195 4419.261 4418.315 4416.842 4415.369 4413.896 4412.422 4410.984 4409.587 4408.191 4406.794 4405.397 4405.896 4406.611 4407.326 4408.041 4409.186 4411.183 4413.181 4415.178 4417.175 4419.268 4421.388 4423.509 4425.629 4427.686 4429.505 4431.325 4433.145 4434.964 4436.982 4439.109 4441.235 4443.361 4445.494 4447.686 4449.877 4452.069 4454.261 4456.389 4458.458 4460.527 4462.596 4464.665 4466.617 4468.565 4470.513 4472.461 4474.168 4475.517 4476.865 4478.214 4479.563 4479.935 4480.121 4480.307 4480.493 4480.627 4480.627 4480.627 4480.627
4419.866 4419.759 4418.813 4417.867 4416.922 4415.965 4414.538 4413.11 4411.682 4410.254 4408.865 4407.521 4406.177 4404.833 4403.488 4403.977 4404.674 4405.371 4406.068 4407.19 4409.152 4411.115 4413.077 4415.039 4417.186 4419.386 4421.586 4423.787 4425.918 4427.793 4429.667 4431.542 4433.417 4435.438 4437.539 4439.639 4441.739 4443.846 4446.026 4448.205 4450.385 4452.564 4454.661 4456.684 4458.707 4460.73 4462.753 4464.655 4466.552 4468.45 4470.348 4472.032 4473.399 4474.767 4476.134 4477.501 4477.84 4477.982 4478.124 4478.266 4478.369 4478.369 4478.369 4478.369
4417.265 4417.127 4416.197 4415.268 4414.338 4413.4 4412.102 4410.802 4409.503 4408.204 4407.005 4405.923 4404.842 4403.761 4402.679 4403.079 4403.647 4404.216 4404.784 4405.776 4407.604 4409.432 4411.26 4413.089 4415.229 4417.462 4419.695 4421.927 4424.103 4426.069 4428.035 4430.001 4431.967 4434.034 4436.156 4438.277 4440.399 4442.521 4444.653 4446.784 4448.915 4451.046 4453.124 4455.152 4457.18 4459.208 4461.236 4463.041 4464.836 4466.632 4468.428 4470.019 4471.306 4472.593 4473.879 4475.167 4475.479 4475.604 4475.73 4475.856 4475.947 4475.947 4475.947 4475.947
4414.664 4414.495 4413.582 4412.668 4411.755 4410.835 4409.665 4408.495 4407.324 4406.154 4405.145 4404.326 4403.507 4402.688 4401.87 4402.181 4402.621 4403.061 4403.5 4404.361 4406.056 4407.75 4409.444 4411.138 4413.274 4415.539 4417.803 4420.068 4422.289 4424.346 4426.403 4428.459 4430.517 4432.63 4434.773 4436.916 4439.059 4441.197 4443.28 4445.363 4447.446 4449.528 4451.585 4453.619 4455.653 4457.687 4459.72 4461.426 4463.12 4464.814 4466.508 4468.006 4469.212 4470.419 4471.625 4472.832 4473.118 4473.227 4473.337 4473.447 4473.526 4473.526 4473.526 4473.526
4412.063 4411.863 4410.966 4410.069 4409.171 4408.271 4407.229 4406.187 4405.145 4404.104 4403.285 4402.729 4402.173 4401.617 4401.061 4401.283 4401.594 4401.905 4402.216 4402.947 4404.507 4406.067 4407.627 4409.188 4411.318 4413.615 4415.912 4418.208 4420.474 4422.622 4424.77 4426.918 4429.066 4431.225 4433.39 4435.554 4437.719 4439.872 4441.907 4443.941 4445.976 4448.011 4450.048 4452.087 4454.125 4456.165 4458.204 4459.812 4461.404 4462.996 4464.588 4465.993 4467.119 4468.245 4469.371 4470.497 4470.756 4470.85 4470.944 4471.038 4471.105 4471.105 4471.105 4471.105
4409.461 4409.232 4408.351 4407.469 4406.588 4405.706 4404.792 4403.879 4402.966 4402.053 4401.425 4401.131 4400.838 4400.544 4400.251 4400.385 4400.567 4400.75 4400.932 4401.532 4402.958 4404.385 4405.811 4407.237 4409.362 4411.691 4414.02 4416.349 4418.659 4420.898 4423.138 4425.377 4427.616 4429.821 4432.007 4434.193 4436.379 4438.547 4440.534 4442.52 4444.506 4446.493 4448.51 4450.554 4452.599 4454.643 4456.688 4458.198 4459.688 4461.178 4462.668 4463.979 4465.025 4466.071 4467.117 4468.162 4468.395 4468.473 4468.55 4468.628 4468.684 4468.684 4468.684 4468.684
4407.449 4407.244 4406.49 4405.737 4404.983 4404.229 4403.483 4402.737 4401.991 4401.245 4400.757 4400.573 4400.388 4400.204 4400.019 4400.11 4400.233 4400.356 4400.479 4400.973 4402.2 4403.427 4404.654 4405.88 4407.958 4410.285 4412.611 4414.938 4417.256 4419.544 4421.833 4424.121 4426.409 4428.612 4430.77 4432.927 4435.084 4437.226 4439.198 4441.171 4443.144 4445.117 4447.128 4449.174 4451.22 4453.266 4455.312 4456.772 4458.21 4459.648 4461.086 4462.315 4463.23 4464.146 4465.061 4465.976 4466.178 4466.243 4466.309 4466.374 4466.421 4466.421 4466.421 4466.421
4405.668 4405.51 4404.928 4404.346 4403.764 4403.182 4402.618 4402.054 4401.49 4400.927 4400.559 4400.423 4400.287 4400.15 4400.014 4400.082 4400.172 4400.263 4400.354 4400.751 4401.752 4402.754 4403.756 4404.757 4406.772 4409.083 4411.393 4413.703 4416.016 4418.336 4420.656 4422.977 4425.297 4427.48 4429.589 4431.699 4433.808 4435.905 4437.877 4439.851 4441.823 4443.796 4445.807 4447.853 4449.899 4451.945 4453.991 4455.42 4456.826 4458.232 4459.639 4460.787 4461.552 4462.317 4463.083 4463.848 4464.017 4464.071 4464.126 4464.181 4464.22 4464.22 4464.22 4464.22
4403.888 4403.776 4403.366 4402.955 4402.544 4402.134 4401.752 4401.371 4400.99 4400.608 4400.361 4400.273 4400.185 4400.097 4400.009 4400.053 4400.111 4400.17 4400.229 4400.529 4401.305 4402.082 4402.858 4403.635 4405.585 4407.88 4410.174 4412.469 4414.775 4417.128 4419.48 4421.833 4424.186 4426.348 4428.409 4430.47 4432.531 4434.584 4436.557 4438.53 4440.502 4442.476 4444.487 4446.533 4448.579 4450.625 4452.67 4454.069 4455.443 4456.816 4458.19 4459.26 4459.875 4460.49 4461.105 4461.72 4461.855 4461.899 4461.943 4461.987 4462.019 4462.019 4462.019 4462.019
