data/zism_data/01105_03_D.txt
ncols         224
nrows         224
[rows 112 to 139 of 224, columns 126 to 188 of 224]
4182.583 4187.808 4193.032 4198.257 4203.482 4206.299 4207.264 4208.228 4209.192 4210.141 4209.978 4209.815 4209.652 4209.49 4208.423 4206.312 4204.201 4202.089 4199.978 4200.616 4201.515 4202.414 4203.313 4203.798 4203.553 4203.308 4203.063 4202.817 4199.287 4194.994 4190.701 4186.407 4179.984 4167.523 4155.063 4142.603 4130.142 4120.25 4111.408 4102.566 4093.723 4085.543 4080.855 4076.167 4071.479 4066.792 4068.158 4073.417 4078.675 4083.933 4089.316 4096.717 4104.118 4111.519 4118.92 4122.748 4123.105 4123.462 4123.819 4124.176 4116.36 4108.173 4099.985
4178.719 4184.849 4190.978 4197.107 4203.236 4206.574 4207.764 4208.955 4210.146 4211.321 4211.459 4211.598 4211.737 4211.875 4211.19 4209.553 4207.915 4206.277 4204.64 4204.975 4205.497 4206.02 4206.542 4206.651 4206.035 4205.418 4204.802 4204.186 4200.524 4196.155 4191.787 4187.418 4180.828 4167.942 4155.057 4142.171 4129.286 4119.5 4110.981 4102.461 4093.942 4086.229 4082.774 4079.319 4075.864 4072.408 4074.667 4080.598 4086.529 4092.46 4098.462 4105.621 4112.78 4119.939 4127.098 4130.694 4130.831 4130.967 4131.104 4131.24 4123.126 4114.638 4106.149
4174.856 4181.89 4188.923 4195.957 4202.99 4206.849 4208.265 4209.682 4211.099 4212.501 4212.941 4213.381 4213.821 4214.261 4213.958 4212.793 4211.629 4210.465 4209.301 4209.333 4209.479 4209.625 4209.771 4209.505 4208.518 4207.53 4206.542 4205.554 4201.761 4197.317 4192.873 4188.429 4181.672 4168.362 4155.051 4141.74 4128.429 4118.75 4110.554 4102.357 4094.16 4086.916 4084.693 4082.471 4080.248 4078.025 4081.175 4087.779 4094.383 4100.987 4107.609 4114.526 4121.442 4128.359 4135.275 4138.641 4138.557 4138.473 4138.388 4138.304 4129.893 4121.102 4112.312
4170.993 4178.931 4186.869 4194.806 4202.744 4207.124 4208.766 4210.409 4212.051 4213.681 4214.422 4215.164 4215.905 4216.647 4216.725 4216.034 4215.344 4214.653 4213.963 4213.692 4213.461 4213.23 4212.999 4212.359 4211.0 4209.641 4208.281 4206.922 4202.998 4198.479 4193.959 4189.44 4182.517 4168.781 4155.045 4141.309 4127.573 4118.0 4110.126 4102.252 4094.379 4087.603 4086.612 4085.622 4084.632 4083.642 4087.684 4094.961 4102.237 4109.514 4116.756 4123.43 4130.104 4136.779 4143.453 4146.587 4146.283 4145.978 4145.673 4145.368 4136.658 4127.567 4118.475
4167.317 4176.123 4184.928 4193.734 4202.539 4207.422 4209.288 4211.153 4213.019 4214.873 4215.914 4216.955 4217.997 4219.038 4219.488 4219.254 4219.021 4218.788 4218.554 4217.981 4217.377 4216.772 4216.167 4215.153 4213.418 4211.683 4209.948 4208.213 4204.141 4199.525 4194.911 4190.296 4183.207 4169.104 4155.002 4140.9 4126.798 4117.363 4109.833 4102.302 4094.771 4088.476 4088.7 4088.924 4089.148 4089.372 4094.285 4102.211 4110.138 4118.064 4125.905 4132.349 4138.793 4145.238 4151.682 4154.597 4154.084 4153.572 4153.059 4152.546 4143.547 4134.162 4124.777
4166.688 4175.768 4184.848 4193.928 4203.007 4208.107 4210.145 4212.183 4214.221 4216.248 4217.564 4218.88 4220.196 4221.512 4222.194 4222.143 4222.093 4222.042 4221.992 4221.141 4220.213 4219.285 4218.357 4216.976 4214.793 4212.612 4210.43 4208.248 4203.746 4198.706 4193.666 4188.626 4181.378 4167.874 4154.369 4140.865 4127.36 4118.572 4111.708 4104.845 4097.982 4092.394 4093.533 4094.672 4095.812 4096.951 4102.388 4110.589 4118.79 4126.991 4135.088 4141.5 4147.913 4154.324 4160.736 4163.636 4163.123 4162.61 4162.097 4161.584 4152.431 4142.885 4133.338
4166.059 4175.413 4184.768 4194.122 4203.476 4208.792 4211.002 4213.212 4215.423 4217.624 4219.214 4220.805 4222.395 4223.985 4224.899 4225.032 4225.165 4225.297 4225.43 4224.299 4223.049 4221.798 4220.547 4218.798 4216.169 4213.541 4210.912 4208.283 4203.352 4197.887 4192.421 4186.957 4179.55 4166.643 4153.736 4140.829 4127.921 4119.78 4113.584 4107.389 4101.193 4096.313 4098.367 4100.42 4102.475 4104.528 4110.491 4118.967 4127.442 4135.918 4144.272 4150.651 4157.031 4163.411 4169.791 4172.674 4172.161 4171.648 4171.136 4170.623 4161.315 4151.607 4141.899
4165.429 4175.058 4184.687 4194.316 4203.944 4209.478 4211.86 4214.242 4216.625 4219.0 4220.864 4222.729 4224.594 4226.459 4227.605 4227.921 4228.236 4228.552 4228.867 4227.458 4225.884 4224.311 4222.737 4220.62 4217.544 4214.469 4211.394 4208.318 4202.958 4197.067 4191.177 4185.287 4177.722 4165.412 4153.103 4140.792 4128.483 4120.989 4115.461 4109.933 4104.404 4100.23 4103.2 4106.168 4109.138 4112.106 4118.595 4127.345 4136.095 4144.845 4153.455 4159.803 4166.15 4172.498 4178.845 4181.712 4181.2 4180.687 4180.174 4179.661 4170.199 4160.33 4150.46
4164.799 4174.703 4184.606 4194.51 4204.413 4210.163 4212.717 4215.272 4217.827 4220.375 4222.515 4224.654 4226.793 4228.933 4230.311 4230.81 4231.308 4231.807 4232.305 4230.617 4228.72 4226.824 4224.927 4222.442 4218.92 4215.397 4211.875 4208.353 4202.564 4196.248 4189.933 4183.617 4175.894 4164.181 4152.469 4140.757 4129.044 4122.198 4117.337 4112.476 4107.615 4104.148 4108.033 4111.917 4115.801 4119.685 4126.698 4135.722 4144.747 4153.771 4162.639 4168.954 4175.269 4181.584 4187.899 4190.751 4190.238 4189.725 4189.212 4188.7 4179.083 4169.052 4159.021
4161.679 4172.09 4182.501 4192.913 4203.323 4209.518 4212.47 4215.421 4218.373 4221.316 4223.764 4226.212 4228.66 4231.107 4232.718 4233.36 4234.002 4234.644 4235.286 4233.331 4231.128 4228.926 4226.723 4223.917 4220.046 4216.175 4212.304 4208.434 4202.386 4195.833 4189.281 4182.729 4175.054 4164.204 4153.353 4142.502 4131.651 4125.57 4121.436 4117.301 4113.167 4110.396 4114.813 4119.229 4123.647 4128.064 4135.324 4144.413 4153.501 4162.59 4171.511 4177.727 4183.942 4190.158 4196.373 4199.171 4198.65 4198.129 4197.608 4197.086 4187.398 4177.293 4167.188
4156.276 4167.409 4178.541 4189.673 4200.805 4207.654 4211.208 4214.763 4218.317 4221.86 4224.647 4227.434 4230.221 4233.007 4234.85 4235.599 4236.349 4237.099 4237.849 4235.637 4233.144 4230.651 4228.158 4225.072 4220.943 4216.814 4212.685 4208.556 4202.407 4195.79 4189.173 4182.556 4175.122 4165.375 4155.627 4145.879 4136.132 4130.925 4127.571 4124.217 4120.863 4118.777 4123.377 4127.978 4132.578 4137.178 4144.431 4153.39 4162.35 4171.309 4180.1 4186.153 4192.208 4198.261 4204.315 4207.026 4206.488 4205.951 4205.414 4204.876 4195.192 4185.093 4174.993
4150.874 4162.727 4174.581 4186.434 4198.287 4205.791 4209.948 4214.104 4218.262 4222.404 4225.53 4228.656 4231.782 4234.908 4236.981 4237.839 4238.696 4239.554 4240.411 4237.944 4235.16 4232.376 4229.592 4226.228 4221.84 4217.453 4213.065 4208.678 4202.428 4195.747 4189.064 4182.383 4175.189 4166.545 4157.901 4149.257 4140.613 4136.28 4133.707 4131.133 4128.56 4127.159 4131.942 4136.725 4141.508 4146.292 4153.538 4162.368 4171.198 4180.028 4188.688 4194.58 4200.473 4206.365 4212.257 4214.88 4214.327 4213.773 4213.22 4212.667 4202.987 4192.893 4182.798
4145.47 4158.045 4170.62 4183.194 4195.769 4203.927 4208.687 4213.446 4218.207 4222.948 4226.413 4229.877 4233.343 4236.808 4239.113 4240.078 4241.043 4242.008 4242.974 4240.25 4237.176 4234.102 4231.027 4227.383 4222.738 4218.092 4213.446 4208.8 4202.45 4195.703 4188.957 4182.21 4175.256 4167.716 4160.175 4152.634 4145.094 4141.635 4139.842 4138.049 4136.256 4135.541 4140.507 4145.473 4150.439 4155.405 4162.645 4171.345 4180.046 4188.747 4197.276 4203.007 4208.738 4214.469 4220.2 4222.734 4222.165 4221.595 4221.026 4220.456 4210.781 4200.692 4190.603
4140.067 4153.363 4166.659 4179.955 4193.251 4202.063 4207.426 4212.789 4218.151 4223.491 4227.295 4231.1 4234.904 4238.708 4241.245 4242.318 4243.391 4244.463 4245.536 4242.557 4239.192 4235.827 4232.462 4228.539 4223.635 4218.731 4213.827 4208.922 4202.471 4195.66 4188.849 4182.038 4175.324 4168.887 4162.449 4156.012 4149.575 4146.99 4145.978 4144.965 4143.953 4143.922 4149.071 4154.22 4159.37 4164.519 4171.751 4180.323 4188.895 4197.466 4205.864 4211.433 4217.002 4222.572 4228.142 4230.589 4230.003 4229.417 4228.832 4228.246 4218.575 4208.492 4198.408
4136.518 4150.28 4164.043 4177.806 4191.568 4201.028 4207.18 4213.331 4219.482 4225.603 4229.683 4233.762 4237.842 4241.921 4244.533 4245.449 4246.364 4247.279 4248.194 4245.023 4241.463 4237.902 4234.342 4230.232 4225.155 4220.077 4215.0 4209.922 4203.574 4196.932 4190.29 4183.647 4177.255 4171.571 4165.887 4160.203 4154.519 4152.598 4152.212 4151.826 4151.44 4151.96 4157.255 4162.55 4167.845 4173.14 4180.196 4188.384 4196.572 4204.76 4212.777 4218.026 4223.275 4228.523 4233.772 4235.852 4234.852 4233.853 4232.853 4231.853 4222.433 4212.631 4202.828
4132.995 4147.221 4161.446 4175.672 4189.897 4200.006 4206.948 4213.891 4220.833 4227.738 4232.092 4236.446 4240.8 4245.154 4247.839 4248.592 4249.346 4250.1 4250.854 4247.491 4243.737 4239.983 4236.229 4231.934 4226.684 4221.434 4216.184 4210.934 4204.694 4198.224 4191.754 4185.284 4179.214 4174.278 4169.342 4164.406 4159.47 4158.209 4158.448 4158.687 4158.925 4159.993 4165.433 4170.874 4176.313 4181.754 4188.631 4196.431 4204.232 4212.032 4219.666 4224.592 4229.518 4234.443 4239.369 4241.077 4239.657 4238.237 4236.818 4235.398 4226.233 4216.716 4207.199
4129.473 4144.161 4158.85 4173.538 4188.226 4198.983 4206.717 4214.451 4222.185 4229.873 4234.501 4239.13 4243.759 4248.387 4251.144 4251.736 4252.329 4252.92 4253.513 4249.96 4246.012 4242.064 4238.117 4233.635 4228.212 4222.791 4217.368 4211.946 4205.813 4199.516 4193.218 4186.92 4181.173 4176.985 4172.797 4168.609 4164.422 4163.821 4164.684 4165.547 4166.41 4168.026 4173.611 4179.197 4184.783 4190.368 4197.066 4204.479 4211.892 4219.305 4226.555 4231.158 4235.76 4240.363 4244.966 4246.301 4244.462 4242.623 4240.783 4238.944 4230.033 4220.801 4211.569
4125.95 4141.102 4156.253 4171.404 4186.555 4197.961 4206.486 4215.011 4223.536 4232.008 4236.911 4241.814 4246.717 4251.621 4254.45 4254.88 4255.311 4255.742 4256.172 4252.428 4248.287 4244.145 4240.004 4235.336 4229.741 4224.147 4218.553 4212.958 4206.933 4200.807 4194.682 4188.556 4183.131 4179.692 4176.252 4172.813 4169.373 4169.432 4170.92 4172.407 4173.895 4176.059 4181.79 4187.521 4193.251 4198.982 4205.501 4212.526 4219.552 4226.577 4233.443 4237.723 4242.003 4246.283 4250.563 4251.526 4249.267 4247.007 4244.749 4242.489 4233.833 4224.887 4215.94
4124.125 4139.564 4155.004 4170.445 4185.884 4197.792 4206.982 4216.172 4225.363 4234.496 4239.724 4244.953 4250.181 4255.41 4258.333 4258.589 4258.847 4259.104 4259.361 4255.193 4250.604 4246.015 4241.426 4236.369 4230.488 4224.608 4218.728 4212.848 4207.042 4201.252 4195.464 4189.675 4184.687 4181.966 4179.246 4176.525 4173.804 4174.507 4176.607 4178.707 4180.806 4183.503 4189.348 4195.193 4201.038 4206.882 4213.303 4220.093 4226.883 4233.673 4240.303 4244.325 4248.347 4252.37 4256.392 4256.926 4254.073 4251.22 4248.367 4245.514 4236.982 4228.193 4219.403
4124.378 4139.894 4155.409 4170.924 4186.439 4198.669 4208.371 4218.072 4227.773 4237.416 4243.032 4248.648 4254.264 4259.88 4262.923 4262.992 4263.061 4263.13 4263.198 4258.321 4252.973 4247.625 4242.277 4236.582 4230.276 4223.971 4217.666 4211.36 4205.911 4200.66 4195.409 4190.159 4185.747 4183.709 4181.673 4179.636 4177.599 4178.924 4181.621 4184.318 4187.016 4190.227 4196.147 4202.067 4207.987 4213.907 4220.327 4227.069 4233.811 4240.553 4247.126 4250.971 4254.815 4258.66 4262.505 4262.542 4258.882 4255.221 4251.561 4247.9 4239.334 4230.544 4221.755
4124.631 4140.222 4155.813 4171.404 4186.995 4199.546 4209.759 4219.972 4230.185 4240.336 4246.34 4252.343 4258.347 4264.351 4267.515 4267.395 4267.275 4267.156 4267.036 4261.45 4255.342 4249.235 4243.128 4236.795 4230.065 4223.334 4216.603 4209.873 4204.78 4200.067 4195.355 4190.643 4186.807 4185.453 4184.1 4182.747 4181.393 4183.341 4186.635 4189.93 4193.225 4196.95 4202.946 4208.941 4214.937 4220.932 4227.352 4234.045 4240.739 4247.432 4253.95 4257.617 4261.284 4264.951 4268.618 4268.158 4263.69 4259.223 4254.755 4250.287 4241.686 4232.896 4224.106
4124.885 4140.551 4156.217 4171.884 4187.55 4200.422 4211.146 4221.871 4232.595 4243.256 4249.648 4256.039 4262.43 4268.821 4272.105 4271.797 4271.489 4271.182 4270.874 4264.578 4257.712 4250.846 4243.98 4237.009 4229.853 4222.697 4215.541 4208.385 4203.649 4199.475 4195.301 4191.127 4187.867 4187.197 4186.527 4185.857 4185.188 4187.757 4191.65 4195.542 4199.434 4203.674 4209.745 4215.815 4221.886 4227.957 4234.377 4241.022 4247.667 4254.312 4260.773 4264.263 4267.752 4271.241 4274.73 4273.774 4268.499 4263.224 4257.949 4252.673 4244.037 4235.247 4226.458
4125.139 4140.88 4156.622 4172.363 4188.104 4201.299 4212.535 4223.771 4235.006 4246.177 4252.956 4259.734 4266.513 4273.292 4276.696 4276.2 4275.704 4275.208 4274.711 4267.706 4260.081 4252.456 4244.832 4237.222 4229.641 4222.06 4214.479 4206.897 4202.519 4198.882 4195.247 4191.611 4188.927 4188.94 4188.955 4188.968 4188.982 4192.174 4196.664 4201.154 4205.644 4210.397 4216.543 4222.689 4228.835 4234.981 4241.402 4247.998 4254.595 4261.191 4267.597 4270.909 4274.22 4277.532 4280.844 4279.39 4273.308 4267.225 4261.143 4255.06 4246.388 4237.599 4228.809
4126.625 4142.27 4157.915 4173.56 4189.204 4202.804 4214.831 4226.858 4238.885 4250.835 4257.549 4264.263 4270.978 4277.691 4281.027 4280.455 4279.883 4279.312 4278.74 4271.475 4263.573 4255.67 4247.769 4239.752 4231.534 4223.316 4215.099 4206.881 4202.635 4199.312 4195.988 4192.665 4190.439 4191.329 4192.217 4193.106 4193.996 4197.897 4203.029 4208.16 4213.292 4218.566 4224.596 4230.625 4236.655 4242.685 4249.075 4255.697 4262.319 4268.94 4275.352 4278.358 4281.365 4284.371 4287.377 4285.78 4279.711 4273.642 4267.573 4261.503 4253.077 4244.542 4236.008
4128.229 4143.76 4159.292 4174.824 4190.355 4204.369 4217.214 4230.059 4242.904 4255.659 4262.265 4268.872 4275.479 4282.085 4285.333 4284.696 4284.06 4283.423 4282.787 4275.305 4267.172 4259.038 4250.904 4242.502 4233.628 4224.753 4215.879 4207.005 4202.871 4199.838 4196.805 4193.772 4191.995 4193.778 4195.56 4197.343 4199.125 4203.745 4209.522 4215.299 4221.076 4226.873 4232.768 4238.663 4244.558 4250.454 4256.811 4263.465 4270.119 4276.772 4283.197 4285.885 4288.574 4291.263 4293.952 4292.244 4286.267 4280.289 4274.311 4268.333 4260.178 4251.924 4243.67
4129.832 4145.25 4160.669 4176.088 4191.507 4205.934 4219.597 4233.26 4246.923 4260.482 4266.981 4273.48 4279.979 4286.478 4289.638 4288.937 4288.236 4287.535 4286.834 4279.136 4270.771 4262.405 4254.041 4245.253 4235.722 4226.19 4216.66 4207.128 4203.107 4200.365 4197.623 4194.88 4193.551 4196.227 4198.903 4201.579 4204.255 4209.592 4216.015 4222.438 4228.861 4235.179 4240.939 4246.7 4252.461 4258.222 4264.546 4271.232 4277.918 4284.605 4291.041 4293.412 4295.783 4298.154 4300.525 4298.708 4292.822 4286.936 4281.049 4275.164 4267.28 4259.306 4251.331
4131.435 4146.741 4162.047 4177.353 4192.658 4207.498 4221.979 4236.461 4250.942 4265.306 4271.698 4278.089 4284.48 4290.871 4293.943 4293.178 4292.412 4291.647 4290.881 4282.966 4274.369 4265.773 4257.176 4248.003 4237.815 4227.627 4217.44 4207.252 4203.343 4200.891 4198.439 4195.988 4195.107 4198.676 4202.246 4205.815 4209.385 4215.439 4222.508 4229.578 4236.646 4243.485 4249.112 4254.738 4260.364 4265.99 4272.281 4279.0 4285.719 4292.437 4298.885 4300.939 4302.992 4305.046 4307.1 4305.172 4299.377 4293.583 4287.788 4281.993 4274.381 4266.687 4258.993
4135.379 4150.063 4164.747 4179.431 4194.114 4208.979 4223.982 4238.985 4253.989 4268.866 4275.155 4281.445 4287.734 4294.024 4297.059 4296.331 4295.602 4294.873 4294.145 4286.304 4277.787 4269.269 4260.751 4251.455 4240.789 4230.123 4219.457 4208.791 4204.972 4202.742 4200.512 4198.282 4197.79 4202.223 4206.655 4211.087 4215.52 4222.172 4229.731 4237.29 4244.849 4252.081 4257.588 4263.096 4268.604 4274.112 4280.271 4286.85 4293.429 4300.007 4306.307 4308.084 4309.86 4311.637 4313.414 4311.438 4305.818 4300.198 4294.578 4288.958 4281.689 4274.346 4267.002
