data/zism_data/01113_02_D.txt
ncols         224
nrows         224
[rows 28 to 55 of 224, columns 63 to 125 of 224]
1250.225 1250.297 1250.854 1251.835 1252.816 1253.797 1254.778 1256.722 1258.717 1260.712 1262.708 1264.668 1266.566 1268.465 1270.364 1272.263 1273.937 1275.548 1277.16 1278.771 1280.384 1282.002 1283.621 1285.239 1286.858 1288.386 1289.856 1291.326 1292.797 1294.252 1295.199 1296.145 1297.092 1298.039 1298.704 1299.017 1299.33 1299.643 1299.957 1300.0 1300.0 1300.0 1300.0 1300.0 1300.0 1300.0 1300.0 1300.0 1300.0 1300.0 1300.0 1300.0 1300.0 1300.0 1300.0 1300.0 1300.0 1300.0 1300.0 1300.0 1300.0 1300.0 1299.966
1250.258 1250.341 1250.911 1251.908 1252.905 1253.902 1254.899 1256.94 1259.036 1261.133 1263.229 1265.287 1267.276 1269.265 1271.255 1273.244 1274.951 1276.578 1278.205 1279.832 1281.427 1282.892 1284.356 1285.82 1287.284 1288.696 1290.076 1291.456 1292.836 1294.202 1295.117 1296.032 1296.947 1297.861 1298.527 1298.883 1299.239 1299.595 1299.951 1300.0 1300.0 1300.0 1300.0 1300.0 1300.0 1300.0 1300.0 1300.0 1300.0 1300.0 1300.0 1300.0 1300.0 1300.0 1300.0 1300.0 1300.0 1300.0 1300.0 1300.0 1300.0 1300.0 1299.951
1250.292 1250.385 1250.969 1251.982 1252.995 1254.008 1255.021 1257.158 1259.355 1261.553 1263.751 1265.906 1267.985 1270.065 1272.145 1274.225 1275.964 1277.607 1279.251 1280.894 1282.471 1283.781 1285.091 1286.4 1287.71 1289.007 1290.296 1291.586 1292.875 1294.152 1295.035 1295.918 1296.801 1297.684 1298.351 1298.749 1299.148 1299.546 1299.945 1300.0 1300.0 1300.0 1300.0 1300.0 1300.0 1300.0 1300.0 1300.0 1300.0 1300.0 1300.0 1300.0 1300.0 1300.0 1300.0 1300.0 1300.0 1300.0 1300.0 1300.0 1300.0 1300.0 1299.936
1250.732 1250.967 1251.7 1252.871 1254.041 1255.212 1256.382 1258.582 1260.837 1263.093 1265.348 1267.546 1269.644 1271.742 1273.84 1275.938 1277.628 1279.203 1280.779 1282.355 1283.853 1285.033 1286.214 1287.395 1288.575 1289.702 1290.796 1291.889 1292.983 1294.069 1294.92 1295.771 1296.622 1297.473 1298.13 1298.546 1298.961 1299.377 1299.793 1299.878 1299.911 1299.944 1299.976 1300.0 1300.0 1300.0 1300.0 1300.0 1300.0 1300.0 1300.0 1300.0 1299.996 1299.964 1299.931 1299.898 1299.866 1299.85 1299.85 1299.85 1299.85 1299.85 1299.792
1251.363 1251.8 1252.747 1254.141 1255.536 1256.93 1258.324 1260.571 1262.863 1265.156 1267.449 1269.664 1271.746 1273.828 1275.91 1277.992 1279.595 1281.065 1282.534 1284.003 1285.392 1286.456 1287.519 1288.583 1289.646 1290.578 1291.426 1292.275 1293.123 1293.971 1294.79 1295.609 1296.427 1297.246 1297.888 1298.309 1298.73 1299.151 1299.572 1299.7 1299.781 1299.861 1299.942 1300.0 1300.0 1300.0 1300.0 1300.0 1300.0 1300.0 1300.0 1300.0 1299.991 1299.911 1299.83 1299.749 1299.669 1299.631 1299.631 1299.631 1299.631 1299.631 1299.587
1251.994 1252.633 1253.794 1255.412 1257.03 1258.648 1260.266 1262.559 1264.889 1267.219 1269.549 1271.783 1273.849 1275.915 1277.98 1280.046 1281.563 1282.926 1284.289 1285.651 1286.932 1287.878 1288.824 1289.771 1290.717 1291.453 1292.056 1292.66 1293.263 1293.872 1294.659 1295.446 1296.233 1297.02 1297.646 1298.073 1298.499 1298.925 1299.352 1299.521 1299.65 1299.779 1299.907 1300.0 1300.0 1300.0 1300.0 1300.0 1300.0 1300.0 1300.0 1300.0 1299.986 1299.857 1299.729 1299.6 1299.472 1299.411 1299.411 1299.411 1299.411 1299.411 1299.383
1252.624 1253.466 1254.841 1256.683 1258.524 1260.366 1262.208 1264.548 1266.915 1269.282 1271.65 1273.901 1275.951 1278.001 1280.051 1282.101 1283.531 1284.787 1286.043 1287.299 1288.471 1289.3 1290.129 1290.958 1291.788 1292.328 1292.687 1293.045 1293.404 1293.774 1294.529 1295.284 1296.039 1296.794 1297.405 1297.836 1298.268 1298.7 1299.131 1299.343 1299.52 1299.696 1299.872 1300.0 1300.0 1300.0 1300.0 1300.0 1300.0 1300.0 1300.0 1300.0 1299.981 1299.804 1299.628 1299.451 1299.275 1299.191 1299.191 1299.191 1299.191 1299.191 1299.178
1253.398 1254.445 1256.024 1258.069 1260.114 1262.159 1264.205 1266.582 1268.976 1271.371 1273.766 1276.03 1278.066 1280.102 1282.138 1284.174 1285.521 1286.676 1287.83 1288.985 1290.052 1290.761 1291.47 1292.179 1292.888 1293.247 1293.386 1293.524 1293.663 1293.818 1294.521 1295.225 1295.928 1296.632 1297.214 1297.646 1298.077 1298.509 1298.94 1299.186 1299.402 1299.618 1299.834 1299.991 1299.991 1299.992 1299.993 1299.993 1299.99 1299.985 1299.981 1299.976 1299.948 1299.732 1299.516 1299.299 1299.083 1298.982 1298.983 1298.984 1298.986 1298.987 1298.99
1255.12 1256.391 1258.112 1260.226 1262.341 1264.455 1266.569 1268.915 1271.272 1273.63 1275.987 1278.227 1280.263 1282.299 1284.335 1286.371 1287.665 1288.75 1289.835 1290.921 1291.904 1292.475 1293.046 1293.616 1294.187 1294.46 1294.545 1294.63 1294.716 1294.813 1295.336 1295.859 1296.381 1296.903 1297.369 1297.763 1298.157 1298.551 1298.945 1299.172 1299.372 1299.573 1299.773 1299.919 1299.925 1299.931 1299.937 1299.943 1299.916 1299.873 1299.831 1299.789 1299.73 1299.53 1299.329 1299.129 1298.929 1298.841 1298.853 1298.865 1298.877 1298.889 1298.912
1256.843 1258.338 1260.199 1262.383 1264.567 1266.751 1268.934 1271.248 1273.568 1275.888 1278.208 1280.425 1282.461 1284.497 1286.533 1288.569 1289.808 1290.824 1291.84 1292.856 1293.757 1294.189 1294.621 1295.054 1295.486 1295.672 1295.704 1295.736 1295.768 1295.809 1296.151 1296.492 1296.833 1297.175 1297.523 1297.88 1298.237 1298.594 1298.951 1299.159 1299.343 1299.527 1299.711 1299.847 1299.858 1299.87 1299.881 1299.892 1299.841 1299.761 1299.682 1299.603 1299.512 1299.328 1299.143 1298.959 1298.775 1298.7 1298.723 1298.745 1298.768 1298.791 1298.835
1258.566 1260.284 1262.287 1264.54 1266.793 1269.046 1271.299 1273.58 1275.863 1278.146 1280.429 1282.622 1284.658 1286.694 1288.73 1290.766 1291.951 1292.898 1293.845 1294.792 1295.61 1295.904 1296.197 1296.491 1296.784 1296.885 1296.864 1296.842 1296.821 1296.805 1296.965 1297.126 1297.286 1297.446 1297.677 1297.997 1298.317 1298.636 1298.956 1299.145 1299.313 1299.481 1299.649 1299.775 1299.792 1299.809 1299.825 1299.842 1299.766 1299.649 1299.533 1299.416 1299.294 1299.126 1298.957 1298.789 1298.621 1298.559 1298.592 1298.626 1298.659 1298.692 1298.757
1260.289 1262.231 1264.375 1266.697 1269.02 1271.342 1273.664 1275.913 1278.159 1280.405 1282.65 1284.82 1286.856 1288.892 1290.928 1292.964 1294.095 1294.972 1295.85 1296.727 1297.463 1297.618 1297.773 1297.928 1298.083 1298.098 1298.023 1297.948 1297.874 1297.801 1297.78 1297.759 1297.738 1297.718 1297.832 1298.114 1298.396 1298.679 1298.961 1299.131 1299.283 1299.435 1299.588 1299.703 1299.725 1299.748 1299.77 1299.792 1299.691 1299.537 1299.383 1299.229 1299.076 1298.924 1298.771 1298.619 1298.467 1298.418 1298.462 1298.506 1298.55 1298.594 1298.679
1261.875 1263.969 1266.229 1268.633 1271.037 1273.44 1275.844 1278.101 1280.349 1282.598 1284.846 1287.012 1289.036 1291.06 1293.083 1295.107 1296.213 1297.061 1297.91 1298.758 1299.456 1299.537 1299.619 1299.7 1299.782 1299.695 1299.502 1299.31 1299.117 1298.925 1298.741 1298.558 1298.374 1298.191 1298.178 1298.376 1298.575 1298.774 1298.972 1299.101 1299.219 1299.337 1299.454 1299.545 1299.566 1299.587 1299.609 1299.63 1299.508 1299.323 1299.138 1298.953 1298.769 1298.602 1298.435 1298.268 1298.101 1298.056 1298.12 1298.183 1298.247 1298.311 1298.412
1263.362 1265.558 1267.913 1270.407 1272.902 1275.396 1277.891 1280.182 1282.462 1284.743 1287.023 1289.202 1291.204 1293.207 1295.209 1297.212 1298.313 1299.161 1300.01 1300.858 1301.55 1301.605 1301.66 1301.715 1301.77 1301.572 1301.214 1300.856 1300.498 1300.141 1299.808 1299.476 1299.143 1298.811 1298.663 1298.744 1298.826 1298.907 1298.989 1299.06 1299.13 1299.199 1299.269 1299.324 1299.34 1299.355 1299.371 1299.387 1299.245 1299.033 1298.822 1298.61 1298.399 1298.195 1297.99 1297.786 1297.582 1297.532 1297.623 1297.714 1297.804 1297.895 1298.007
1264.85 1267.147 1269.597 1272.182 1274.767 1277.352 1279.937 1282.263 1284.576 1286.888 1289.2 1291.392 1293.373 1295.354 1297.335 1299.316 1300.413 1301.261 1302.109 1302.958 1303.645 1303.673 1303.701 1303.729 1303.758 1303.448 1302.925 1302.402 1301.879 1301.358 1300.876 1300.394 1299.912 1299.431 1299.148 1299.112 1299.076 1299.041 1299.005 1299.019 1299.041 1299.062 1299.084 1299.103 1299.113 1299.124 1299.134 1299.145 1298.983 1298.744 1298.506 1298.267 1298.029 1297.787 1297.546 1297.304 1297.062 1297.009 1297.126 1297.244 1297.361 1297.478 1297.602
1266.337 1268.735 1271.281 1273.957 1276.632 1279.308 1281.983 1284.344 1286.689 1289.033 1291.377 1293.582 1295.541 1297.501 1299.461 1301.421 1302.512 1303.361 1304.209 1305.058 1305.739 1305.741 1305.742 1305.744 1305.746 1305.324 1304.636 1303.948 1303.26 1302.574 1301.943 1301.312 1300.681 1300.051 1299.633 1299.48 1299.327 1299.174 1299.021 1298.977 1298.951 1298.925 1298.899 1298.881 1298.887 1298.892 1298.897 1298.902 1298.72 1298.455 1298.19 1297.925 1297.658 1297.38 1297.101 1296.822 1296.543 1296.486 1296.63 1296.774 1296.918 1297.061 1297.197
1267.771 1270.274 1272.921 1275.693 1278.465 1281.237 1284.009 1286.409 1288.788 1291.167 1293.546 1295.764 1297.7 1299.636 1301.572 1303.508 1304.595 1305.445 1306.294 1307.144 1307.821 1307.797 1307.772 1307.748 1307.723 1307.192 1306.342 1305.493 1304.643 1303.795 1303.015 1302.236 1301.456 1300.677 1300.123 1299.85 1299.577 1299.304 1299.031 1298.929 1298.855 1298.78 1298.706 1298.652 1298.651 1298.651 1298.65 1298.65 1298.448 1298.158 1297.867 1297.577 1297.284 1296.969 1296.653 1296.338 1296.022 1295.961 1296.13 1296.298 1296.467 1296.636 1296.782
1267.402 1270.14 1273.058 1276.134 1279.21 1282.285 1285.361 1287.902 1290.415 1292.927 1295.44 1297.703 1299.532 1301.362 1303.191 1305.021 1306.114 1307.001 1307.887 1308.774 1309.479 1309.444 1309.409 1309.374 1309.339 1308.771 1307.868 1306.965 1306.062 1305.158 1304.245 1303.333 1302.42 1301.507 1300.785 1300.299 1299.813 1299.327 1298.841 1298.655 1298.516 1298.378 1298.239 1298.135 1298.118 1298.102 1298.085 1298.069 1297.873 1297.599 1297.324 1297.05 1296.77 1296.444 1296.118 1295.792 1295.466 1295.38 1295.511 1295.643 1295.774 1295.905 1296.05
1267.034 1270.006 1273.195 1276.575 1279.954 1283.334 1286.713 1289.396 1292.042 1294.687 1297.333 1299.642 1301.365 1303.088 1304.81 1306.533 1307.632 1308.557 1309.481 1310.405 1311.138 1311.092 1311.046 1311.0 1310.954 1310.35 1309.394 1308.437 1307.481 1306.522 1305.476 1304.43 1303.384 1302.338 1301.447 1300.748 1300.049 1299.35 1298.651 1298.38 1298.177 1297.975 1297.773 1297.617 1297.585 1297.552 1297.52 1297.488 1297.298 1297.04 1296.781 1296.523 1296.256 1295.919 1295.583 1295.246 1294.909 1294.799 1294.893 1294.987 1295.081 1295.175 1295.318
1266.666 1269.872 1273.333 1277.016 1280.699 1284.382 1288.065 1290.89 1293.668 1296.447 1299.226 1301.58 1303.197 1304.813 1306.43 1308.046 1309.151 1310.112 1311.074 1312.035 1312.796 1312.739 1312.683 1312.626 1312.57 1311.929 1310.919 1309.909 1308.9 1307.885 1306.706 1305.527 1304.348 1303.169 1302.109 1301.197 1300.285 1299.373 1298.461 1298.105 1297.839 1297.572 1297.306 1297.1 1297.052 1297.003 1296.955 1296.906 1296.724 1296.481 1296.239 1295.996 1295.742 1295.395 1295.047 1294.7 1294.353 1294.218 1294.275 1294.331 1294.388 1294.445 1294.585
1266.297 1269.738 1273.47 1277.457 1281.443 1285.43 1289.417 1292.383 1295.295 1298.207 1301.119 1303.519 1305.029 1306.539 1308.049 1309.559 1310.669 1311.668 1312.667 1313.665 1314.454 1314.387 1314.32 1314.252 1314.185 1313.508 1312.445 1311.382 1310.319 1309.248 1307.936 1306.624 1305.312 1304.0 1302.771 1301.646 1300.521 1299.396 1298.271 1297.83 1297.5 1297.17 1296.839 1296.583 1296.519 1296.454 1296.39 1296.325 1296.149 1295.922 1295.696 1295.469 1295.228 1294.87 1294.512 1294.154 1293.796 1293.637 1293.656 1293.676 1293.695 1293.714 1293.852
1266.178 1269.787 1273.691 1277.854 1282.017 1286.18 1290.343 1293.397 1296.391 1299.385 1302.379 1304.823 1306.311 1307.798 1309.285 1310.773 1311.916 1312.962 1314.008 1315.054 1315.878 1315.798 1315.717 1315.637 1315.557 1314.832 1313.7 1312.569 1311.437 1310.297 1308.856 1307.416 1305.976 1304.536 1303.179 1301.928 1300.677 1299.425 1298.174 1297.658 1297.262 1296.865 1296.468 1296.15 1296.037 1295.923 1295.81 1295.696 1295.498 1295.262 1295.026 1294.79 1294.543 1294.21 1293.877 1293.544 1293.211 1293.053 1293.053 1293.053 1293.053 1293.053 1293.176
1266.331 1270.035 1274.004 1278.204 1282.405 1286.605 1290.805 1293.886 1296.906 1299.927 1302.948 1305.434 1306.991 1308.548 1310.104 1311.661 1312.865 1313.969 1315.074 1316.179 1317.047 1316.951 1316.854 1316.758 1316.661 1315.878 1314.661 1313.445 1312.228 1311.001 1309.438 1307.876 1306.313 1304.75 1303.312 1302.028 1300.745 1299.461 1298.178 1297.599 1297.133 1296.667 1296.201 1295.809 1295.61 1295.412 1295.213 1295.014 1294.764 1294.49 1294.217 1293.944 1293.671 1293.402 1293.133 1292.864 1292.595 1292.467 1292.467 1292.467 1292.467 1292.467 1292.56
1266.483 1270.283 1274.317 1278.554 1282.792 1287.029 1291.267 1294.375 1297.422 1300.47 1303.517 1306.046 1307.672 1309.297 1310.923 1312.549 1313.814 1314.977 1316.141 1317.304 1318.216 1318.103 1317.991 1317.879 1317.766 1316.925 1315.623 1314.321 1313.019 1311.706 1310.02 1308.335 1306.65 1304.964 1303.444 1302.129 1300.813 1299.498 1298.182 1297.539 1297.004 1296.469 1295.933 1295.468 1295.184 1294.9 1294.616 1294.332 1294.03 1293.719 1293.409 1293.098 1292.799 1292.594 1292.389 1292.184 1291.979 1291.881 1291.881 1291.881 1291.881 1291.881 1291.943
1266.635 1270.532 1274.63 1278.905 1283.179 1287.454 1291.729 1294.864 1297.938 1301.012 1304.086 1306.657 1308.352 1310.047 1311.742 1313.438 1314.763 1315.985 1317.207 1318.429 1319.385 1319.256 1319.128 1319.0 1318.871 1317.971 1316.584 1315.197 1313.81 1312.41 1310.602 1308.795 1306.987 1305.179 1303.576 1302.229 1300.881 1299.534 1298.187 1297.479 1296.875 1296.271 1295.666 1295.127 1294.758 1294.389 1294.019 1293.65 1293.296 1292.948 1292.6 1292.252 1291.927 1291.786 1291.645 1291.503 1291.362 1291.295 1291.295 1291.295 1291.295 1291.295 1291.328
1266.787 1270.78 1274.943 1279.255 1283.567 1287.879 1292.191 1295.353 1298.454 1301.555 1304.655 1307.268 1309.032 1310.797 1312.561 1314.326 1315.712 1316.993 1318.273 1319.554 1320.553 1320.409 1320.265 1320.12 1319.976 1319.018 1317.545 1316.073 1314.6 1313.115 1311.184 1309.254 1307.324 1305.393 1303.708 1302.329 1300.95 1299.571 1298.191 1297.42 1296.746 1296.072 1295.399 1294.786 1294.332 1293.877 1293.423 1292.968 1292.562 1292.177 1291.792 1291.407 1291.055 1290.978 1290.901 1290.823 1290.746 1290.709 1290.709 1290.709 1290.709 1290.709 1290.711
1268.336 1272.414 1276.574 1280.805 1285.035 1289.266 1293.497 1296.521 1299.48 1302.44 1305.399 1307.927 1309.707 1311.486 1313.265 1315.045 1316.496 1317.854 1319.213 1320.572 1321.647 1321.566 1321.485 1321.404 1321.322 1320.327 1318.754 1317.182 1315.609 1314.023 1311.96 1309.897 1307.835 1305.772 1303.984 1302.538 1301.092 1299.646 1298.201 1297.407 1296.718 1296.03 1295.341 1294.697 1294.167 1293.637 1293.108 1292.578 1292.099 1291.641 1291.185 1290.728 1290.308 1290.196 1290.084 1289.972 1289.859 1289.804 1289.799 1289.794 1289.789 1289.784 1289.797
1269.993 1274.157 1278.308 1282.448 1286.588 1290.729 1294.869 1297.742 1300.547 1303.351 1306.156 1308.591 1310.381 1312.171 1313.96 1315.75 1317.266 1318.705 1320.144 1321.582 1322.735 1322.723 1322.711 1322.699 1322.687 1321.656 1319.983 1318.309 1316.636 1314.947 1312.751 1310.555 1308.359 1306.163 1304.27 1302.755 1301.24 1299.725 1298.21 1297.398 1296.698 1295.999 1295.3 1294.627 1294.023 1293.419 1292.814 1292.21 1291.656 1291.125 1290.593 1290.061 1289.571 1289.416 1289.261 1289.107 1288.952 1288.873 1288.863 1288.852 1288.842 1288.832 1288.86
