data/zism_data/01118_01_D.txt
ncols         224
nrows         224
[rows 0 to 29 of 224, columns 0 to 66 of 224]
1699.0 1699.0 1699.0 1699.0 1699.0 1699.0 1699.0 1699.0 1699.0 1699.0 1699.0 1699.0 1699.0 1699.0 1699.0 1699.0 1699.0 1699.0 1699.0 1699.0 1699.0 1699.0 1699.0 1699.0 1699.0 1699.0 1699.0 1699.0 1699.0 1699.0 1699.0 1699.0 1699.0 1699.0 1699.0 1699.0 1698.953 1698.861 1698.771 1698.679 1698.589 1698.242 1697.892 1697.543 1697.193 1696.901 1696.681 1696.46 1696.24 1696.019 1695.787 1695.553 1695.32 1695.086 1694.847 1694.601 1694.354 1694.107 1693.86 1693.698 1693.551 1693.404 1693.257 1693.065 1692.771 1692.477 1692.183
1699.0 1699.0 1699.0 1699.0 1699.0 1699.0 1699.0 1699.0 1699.0 1699.0 1699.0 1699.0 1699.0 1699.0 1699.0 1699.0 1699.0 1699.0 1699.0 1699.0 1699.0 1699.0 1699.0 1699.0 1699.0 1699.0 1699.0 1699.0 1699.0 1699.0 1699.0 1699.0 1699.0 1699.0 1699.0 1699.0 1698.941 1698.829 1698.716 1698.603 1698.491 1698.166 1697.837 1697.509 1697.181 1696.901 1696.681 1696.46 1696.24 1696.019 1695.772 1695.522 1695.272 1695.023 1694.762 1694.483 1694.203 1693.924 1693.645 1693.477 1693.33 1693.183 1693.036 1692.845 1692.551 1692.257 1691.963
1699.0 1699.0 1699.0 1699.0 1699.0 1699.0 1699.0 1699.0 1699.0 1699.0 1699.0 1699.0 1699.0 1699.0 1699.0 1699.0 1699.0 1699.0 1699.0 1699.0 1699.0 1699.0 1699.0 1699.0 1699.0 1699.0 1699.0 1699.0 1699.0 1699.0 1699.0 1699.0 1699.0 1699.0 1699.0 1699.0 1698.93 1698.796 1698.662 1698.527 1698.393 1698.089 1697.782 1697.476 1697.169 1696.901 1696.681 1696.46 1696.24 1696.019 1695.757 1695.491 1695.225 1694.959 1694.676 1694.365 1694.053 1693.741 1693.43 1693.257 1693.11 1692.963 1692.816 1692.624 1692.33 1692.036 1691.742
1699.0 1699.0 1699.0 1699.0 1699.0 1699.0 1699.0 1699.0 1699.0 1699.0 1699.0 1699.0 1699.0 1699.0 1699.0 1699.0 1699.0 1699.0 1699.0 1699.0 1699.0 1699.0 1699.0 1699.0 1699.0 1699.0 1699.0 1699.0 1699.0 1699.0 1699.0 1699.0 1699.0 1699.0 1699.0 1699.0 1698.919 1698.763 1698.607 1698.451 1698.296 1698.012 1697.727 1697.442 1697.157 1696.901 1696.681 1696.46 1696.24 1696.019 1695.742 1695.46 1695.178 1694.896 1694.59 1694.246 1693.902 1693.558 1693.215 1693.036 1692.889 1692.742 1692.595 1692.404 1692.11 1691.816 1691.522
1699.0 1699.0 1699.0 1699.0 1699.0 1699.0 1699.0 1699.0 1699.0 1699.0 1699.0 1699.0 1699.0 1699.0 1699.0 1699.0 1699.0 1699.0 1699.0 1699.0 1699.0 1699.0 1699.0 1699.0 1699.0 1699.0 1699.0 1699.0 1699.0 1699.0 1699.0 1699.0 1698.991 1698.982 1698.973 1698.964 1698.873 1698.708 1698.542 1698.377 1698.211 1697.946 1697.68 1697.413 1697.147 1696.901 1696.681 1696.46 1696.24 1696.019 1695.732 1695.438 1695.144 1694.85 1694.528 1694.161 1693.793 1693.426 1693.059 1692.873 1692.721 1692.57 1692.418 1692.224 1691.93 1691.636 1691.342
1699.0 1699.0 1699.0 1699.0 1699.0 1699.0 1699.0 1699.0 1699.0 1699.0 1699.0 1699.0 1699.0 1699.0 1699.0 1699.0 1699.0 1699.0 1699.0 1699.0 1699.0 1699.0 1699.0 1699.0 1699.0 1699.0 1699.0 1699.0 1699.0 1699.0 1699.0 1698.998 1698.956 1698.915 1698.874 1698.832 1698.738 1698.594 1698.45 1698.306 1698.162 1697.908 1697.652 1697.396 1697.141 1696.901 1696.681 1696.46 1696.24 1696.019 1695.732 1695.438 1695.144 1694.85 1694.528 1694.161 1693.793 1693.426 1693.059 1692.859 1692.692 1692.524 1692.356 1692.15 1691.856 1691.562 1691.268
1699.0 1699.0 1699.0 1699.0 1699.0 1699.0 1699.0 1699.0 1699.0 1699.0 1699.0 1699.0 1699.0 1699.0 1699.0 1699.0 1699.0 1699.0 1699.0 1699.0 1699.0 1699.0 1699.0 1699.0 1699.0 1699.0 1699.0 1699.0 1699.0 1699.0 1699.0 1698.996 1698.922 1698.848 1698.775 1698.701 1698.602 1698.479 1698.357 1698.235 1698.113 1697.87 1697.625 1697.38 1697.135 1696.901 1696.681 1696.46 1696.24 1696.019 1695.732 1695.438 1695.144 1694.85 1694.528 1694.161 1693.793 1693.426 1693.059 1692.845 1692.662 1692.478 1692.294 1692.077 1691.783 1691.489 1691.195
1699.0 1699.0 1699.0 1699.0 1699.0 1699.0 1699.0 1699.0 1699.0 1699.0 1699.0 1699.0 1699.0 1699.0 1699.0 1699.0 1699.0 1699.0 1699.0 1699.0 1699.0 1699.0 1699.0 1699.0 1699.0 1699.0 1699.0 1699.0 1699.0 1699.0 1699.0 1698.994 1698.888 1698.782 1698.676 1698.569 1698.466 1698.365 1698.265 1698.164 1698.063 1697.831 1697.597 1697.363 1697.129 1696.901 1696.681 1696.46 1696.24 1696.019 1695.732 1695.438 1695.144 1694.85 1694.528 1694.161 1693.793 1693.426 1693.059 1692.832 1692.632 1692.432 1692.232 1692.003 1691.709 1691.415 1691.121
1699.0 1699.0 1699.0 1699.0 1699.0 1699.0 1699.0 1699.0 1699.0 1699.0 1699.0 1699.0 1699.0 1699.0 1699.0 1699.0 1699.0 1699.0 1699.0 1699.0 1699.0 1699.0 1699.0 1699.0 1699.0 1699.0 1699.0 1699.0 1699.0 1699.0 1699.0 1698.992 1698.854 1698.715 1698.576 1698.438 1698.33 1698.251 1698.172 1698.093 1698.014 1697.793 1697.569 1697.346 1697.123 1696.901 1696.681 1696.46 1696.24 1696.019 1695.732 1695.438 1695.144 1694.85 1694.528 1694.161 1693.793 1693.426 1693.059 1692.818 1692.602 1692.386 1692.17 1691.93 1691.636 1691.342 1691.048
1699.0 1699.0 1699.0 1699.0 1699.0 1699.0 1699.0 1699.0 1699.0 1699.0 1699.0 1699.0 1699.0 1699.0 1699.0 1699.0 1699.0 1699.0 1699.0 1699.0 1699.0 1699.0 1699.0 1699.0 1699.0 1699.0 1699.0 1699.0 1699.0 1699.0 1699.0 1698.993 1698.87 1698.747 1698.624 1698.501 1698.391 1698.294 1698.196 1698.099 1698.001 1697.783 1697.562 1697.342 1697.121 1696.906 1696.698 1696.489 1696.281 1696.072 1695.775 1695.469 1695.163 1694.857 1694.528 1694.161 1693.793 1693.426 1693.059 1692.825 1692.616 1692.408 1692.199 1691.965 1691.671 1691.377 1691.083
1699.0 1699.0 1699.0 1699.0 1699.0 1699.0 1699.0 1699.0 1699.0 1699.0 1699.0 1699.0 1699.0 1699.0 1699.0 1699.0 1699.0 1699.0 1699.0 1699.0 1699.0 1699.0 1699.0 1699.0 1699.0 1699.0 1699.0 1699.0 1699.0 1699.0 1699.0 1698.995 1698.904 1698.813 1698.723 1698.632 1698.521 1698.391 1698.262 1698.132 1698.002 1697.783 1697.562 1697.342 1697.121 1696.914 1696.721 1696.529 1696.337 1696.145 1695.834 1695.512 1695.189 1694.867 1694.528 1694.161 1693.793 1693.426 1693.059 1692.838 1692.646 1692.454 1692.262 1692.038 1691.744 1691.45 1691.156
1699.0 1699.0 1699.0 1699.0 1699.0 1699.0 1699.0 1699.0 1699.0 1699.0 1699.0 1699.0 1699.0 1699.0 1699.0 1699.0 1699.0 1699.0 1699.0 1699.0 1699.0 1699.0 1699.0 1699.0 1699.0 1699.0 1699.0 1699.0 1699.0 1699.0 1699.0 1698.997 1698.938 1698.88 1698.822 1698.764 1698.651 1698.489 1698.327 1698.165 1698.002 1697.783 1697.562 1697.342 1697.121 1696.921 1696.745 1696.569 1696.393 1696.217 1695.892 1695.554 1695.216 1694.877 1694.528 1694.161 1693.793 1693.426 1693.059 1692.852 1692.676 1692.5 1692.324 1692.112 1691.818 1691.524 1691.23
1699.0 1699.0 1699.0 1699.0 1699.0 1699.0 1699.0 1699.0 1699.0 1699.0 1699.0 1699.0 1699.0 1699.0 1699.0 1699.0 1699.0 1699.0 1699.0 1699.0 1699.0 1699.0 1699.0 1699.0 1699.0 1699.0 1699.0 1699.0 1699.0 1699.0 1699.0 1698.999 1698.973 1698.947 1698.921 1698.895 1698.781 1698.587 1698.392 1698.197 1698.003 1697.783 1697.562 1697.342 1697.121 1696.928 1696.768 1696.608 1696.449 1696.289 1695.951 1695.597 1695.242 1694.888 1694.528 1694.161 1693.793 1693.426 1693.059 1692.866 1692.706 1692.546 1692.386 1692.185 1691.891 1691.597 1691.303
1699.0 1699.0 1699.0 1699.0 1699.0 1699.0 1699.0 1699.0 1699.0 1699.0 1699.0 1699.0 1699.0 1699.0 1699.0 1699.0 1699.0 1699.0 1699.0 1699.0 1699.0 1699.0 1699.0 1699.0 1699.0 1699.0 1699.0 1699.0 1699.0 1699.0 1699.0 1699.0 1699.0 1699.0 1699.0 1699.0 1698.89 1698.678 1698.466 1698.255 1698.043 1697.824 1697.604 1697.385 1697.166 1696.974 1696.818 1696.661 1696.504 1696.347 1696.005 1695.645 1695.285 1694.926 1694.564 1694.199 1693.833 1693.468 1693.103 1692.913 1692.756 1692.599 1692.443 1692.246 1691.958 1691.671 1691.384
1699.0 1699.0 1699.0 1699.0 1699.0 1699.0 1699.0 1699.0 1699.0 1699.0 1699.0 1699.0 1699.0 1699.0 1699.0 1699.0 1699.0 1699.0 1699.0 1699.0 1699.0 1699.0 1699.0 1699.0 1699.0 1699.0 1699.0 1699.0 1699.0 1699.0 1699.0 1699.0 1699.0 1699.0 1699.0 1699.0 1698.912 1698.744 1698.575 1698.407 1698.238 1698.025 1697.811 1697.597 1697.383 1697.173 1696.968 1696.762 1696.557 1696.351 1696.039 1695.717 1695.396 1695.073 1694.739 1694.385 1694.031 1693.676 1693.322 1693.093 1692.887 1692.682 1692.476 1692.256 1692.001 1691.746 1691.491
1699.0 1699.0 1699.0 1699.0 1699.0 1699.0 1699.0 1699.0 1699.0 1699.0 1699.0 1699.0 1699.0 1699.0 1699.0 1699.0 1699.0 1699.0 1699.0 1699.0 1699.0 1699.0 1699.0 1699.0 1699.0 1699.0 1699.0 1699.0 1699.0 1699.0 1699.0 1699.0 1699.0 1699.0 1699.0 1699.0 1698.935 1698.809 1698.684 1698.559 1698.433 1698.226 1698.018 1697.809 1697.6 1697.371 1697.118 1696.864 1696.609 1696.355 1696.074 1695.79 1695.506 1695.221 1694.915 1694.571 1694.228 1693.884 1693.54 1693.272 1693.018 1692.764 1692.51 1692.266 1692.043 1691.82 1691.598
1699.0 1699.0 1699.0 1699.0 1699.0 1699.0 1699.0 1699.0 1699.0 1699.0 1699.0 1699.0 1699.0 1699.0 1699.0 1699.0 1699.0 1699.0 1699.0 1699.0 1699.0 1699.0 1699.0 1699.0 1699.0 1699.0 1699.0 1699.0 1699.0 1699.0 1699.0 1699.0 1699.0 1699.0 1699.0 1699.0 1698.957 1698.875 1698.793 1698.711 1698.629 1698.427 1698.224 1698.021 1697.818 1697.57 1697.267 1696.965 1696.662 1696.36 1696.108 1695.862 1695.616 1695.369 1695.09 1694.758 1694.425 1694.092 1693.759 1693.452 1693.149 1692.846 1692.544 1692.276 1692.085 1691.895 1691.705
1699.0 1699.0 1699.0 1699.0 1699.0 1699.0 1699.0 1699.0 1699.0 1699.0 1699.0 1699.0 1699.0 1699.0 1699.0 1699.0 1699.0 1699.0 1699.0 1699.0 1699.0 1699.0 1699.0 1699.0 1699.0 1699.0 1699.0 1699.0 1699.0 1699.0 1699.0 1699.0 1699.0 1699.0 1699.0 1699.0 1698.98 1698.941 1698.902 1698.863 1698.824 1698.629 1698.431 1698.233 1698.035 1697.769 1697.417 1697.066 1696.715 1696.364 1696.143 1695.934 1695.726 1695.517 1695.266 1694.944 1694.622 1694.3 1693.978 1693.631 1693.28 1692.929 1692.578 1692.285 1692.128 1691.97 1691.812
1699.0 1699.0 1699.0 1699.0 1699.0 1699.0 1699.0 1699.0 1699.0 1699.003 1699.006 1699.01 1699.013 1699.022 1699.051 1699.08 1699.109 1699.137 1699.133 1699.111 1699.089 1699.068 1699.048 1699.037 1699.026 1699.015 1699.004 1699.0 1699.0 1699.0 1699.0 1699.0 1699.0 1699.0 1699.0 1699.0 1698.989 1698.968 1698.947 1698.926 1698.906 1698.709 1698.509 1698.309 1698.11 1697.835 1697.468 1697.1 1696.733 1696.365 1696.161 1695.972 1695.783 1695.595 1695.354 1695.029 1694.703 1694.378 1694.052 1693.709 1693.364 1693.018 1692.672 1692.381 1692.216 1692.051 1691.886
1699.0 1699.0 1699.0 1699.0 1699.0 1699.0 1699.0 1699.0 1699.0 1699.007 1699.016 1699.025 1699.034 1699.055 1699.127 1699.199 1699.271 1699.343 1699.331 1699.277 1699.223 1699.169 1699.119 1699.092 1699.065 1699.038 1699.011 1699.0 1699.0 1699.0 1699.0 1699.0 1699.0 1699.0 1699.0 1699.0 1698.992 1698.976 1698.961 1698.945 1698.93 1698.728 1698.523 1698.318 1698.113 1697.835 1697.468 1697.1 1696.733 1696.365 1696.171 1695.993 1695.815 1695.637 1695.399 1695.063 1694.726 1694.39 1694.054 1693.737 1693.423 1693.11 1692.796 1692.52 1692.328 1692.136 1691.944
1699.0 1699.0 1699.0 1699.0 1699.0 1699.0 1699.0 1699.0 1699.0 1699.011 1699.025 1699.039 1699.054 1699.089 1699.204 1699.319 1699.434 1699.549 1699.53 1699.444 1699.358 1699.271 1699.19 1699.147 1699.104 1699.061 1699.018 1699.0 1699.0 1699.0 1699.0 1699.0 1699.0 1699.0 1699.0 1699.0 1698.995 1698.985 1698.975 1698.964 1698.954 1698.747 1698.536 1698.326 1698.116 1697.835 1697.468 1697.1 1696.733 1696.365 1696.181 1696.014 1695.846 1695.679 1695.444 1695.097 1694.75 1694.403 1694.055 1693.764 1693.483 1693.202 1692.921 1692.659 1692.44 1692.221 1692.002
1699.0 1699.0 1699.0 1699.0 1699.0 1699.0 1699.0 1699.0 1699.0 1699.015 1699.034 1699.054 1699.074 1699.122 1699.28 1699.439 1699.597 1699.755 1699.729 1699.61 1699.492 1699.373 1699.262 1699.202 1699.143 1699.083 1699.024 1699.0 1699.0 1699.0 1699.0 1699.0 1699.0 1699.0 1699.0 1699.0 1698.998 1698.993 1698.988 1698.984 1698.979 1698.766 1698.55 1698.335 1698.119 1697.835 1697.468 1697.1 1696.733 1696.365 1696.191 1696.034 1695.878 1695.721 1695.489 1695.131 1694.773 1694.415 1694.057 1693.791 1693.542 1693.294 1693.045 1692.797 1692.551 1692.305 1692.059
1699.0 1699.0 1699.0 1699.0 1699.001 1699.005 1699.01 1699.014 1699.018 1699.038 1699.064 1699.09 1699.116 1699.175 1699.366 1699.556 1699.746 1699.937 1699.902 1699.755 1699.608 1699.461 1699.324 1699.25 1699.177 1699.103 1699.03 1699.0 1699.0 1699.0 1699.0 1699.0 1699.0 1699.0 1699.0 1699.0 1699.0 1699.0 1699.0 1699.0 1699.0 1698.783 1698.562 1698.342 1698.121 1697.835 1697.468 1697.1 1696.733 1696.365 1696.199 1696.052 1695.905 1695.758 1695.528 1695.161 1694.793 1694.426 1694.059 1693.817 1693.598 1693.38 1693.161 1692.929 1692.663 1692.397 1692.131
1699.0 1699.0 1699.0 1699.0 1699.01 1699.047 1699.083 1699.12 1699.157 1699.193 1699.23 1699.267 1699.303 1699.362 1699.51 1699.657 1699.804 1699.951 1699.902 1699.755 1699.608 1699.461 1699.324 1699.25 1699.177 1699.103 1699.03 1699.0 1699.0 1699.0 1699.0 1699.0 1699.0 1699.0 1699.0 1699.0 1699.0 1699.0 1699.0 1699.0 1699.0 1698.783 1698.562 1698.342 1698.121 1697.835 1697.468 1697.1 1696.733 1696.365 1696.199 1696.052 1695.905 1695.758 1695.528 1695.161 1694.793 1694.426 1694.059 1693.83 1693.628 1693.426 1693.224 1693.01 1692.771 1692.532 1692.294
1699.0 1699.0 1699.0 1699.0 1699.019 1699.088 1699.157 1699.226 1699.295 1699.348 1699.396 1699.443 1699.491 1699.55 1699.654 1699.757 1699.861 1699.965 1699.902 1699.755 1699.608 1699.461 1699.324 1699.25 1699.177 1699.103 1699.03 1699.0 1699.0 1699.0 1699.0 1699.0 1699.0 1699.0 1699.0 1699.0 1699.0 1699.0 1699.0 1699.0 1699.0 1698.783 1698.562 1698.342 1698.121 1697.835 1697.468 1697.1 1696.733 1696.365 1696.199 1696.052 1695.905 1695.758 1695.528 1695.161 1694.793 1694.426 1694.059 1693.844 1693.658 1693.472 1693.286 1693.092 1692.88 1692.668 1692.456
1699.0 1699.0 1699.0 1699.0 1699.028 1699.129 1699.231 1699.332 1699.434 1699.503 1699.561 1699.62 1699.678 1699.737 1699.798 1699.858 1699.919 1699.98 1699.902 1699.755 1699.608 1699.461 1699.324 1699.25 1699.177 1699.103 1699.03 1699.0 1699.0 1699.0 1699.0 1699.0 1699.0 1699.0 1699.0 1699.0 1699.0 1699.0 1699.0 1699.0 1699.0 1698.783 1698.562 1698.342 1698.121 1697.835 1697.468 1697.1 1696.733 1696.365 1696.199 1696.052 1695.905 1695.758 1695.528 1695.161 1694.793 1694.426 1694.059 1693.857 1693.688 1693.518 1693.348 1693.174 1692.989 1692.804 1692.619
1699.0 1699.0 1699.0 1699.0 1699.037 1699.171 1699.304 1699.438 1699.572 1699.658 1699.727 1699.796 1699.865 1699.924 1699.942 1699.959 1699.977 1699.994 1699.902 1699.755 1699.608 1699.461 1699.324 1699.25 1699.177 1699.103 1699.03 1699.0 1699.0 1699.0 1699.0 1699.0 1699.0 1699.0 1699.0 1699.0 1699.0 1699.0 1699.0 1699.0 1699.0 1698.783 1698.562 1698.342 1698.121 1697.835 1697.468 1697.1 1696.733 1696.365 1696.199 1696.052 1695.905 1695.758 1695.528 1695.161 1694.793 1694.426 1694.059 1693.871 1693.717 1693.564 1693.41 1693.255 1693.098 1692.94 1692.782
1699.016 1699.035 1699.054 1699.073 1699.125 1699.262 1699.4 1699.537 1699.674 1699.757 1699.821 1699.885 1699.949 1700.0 1700.0 1700.0 1700.0 1700.0 1699.902 1699.755 1699.608 1699.461 1699.324 1699.25 1699.177 1699.103 1699.03 1699.0 1699.0 1699.0 1699.0 1699.0 1699.0 1699.0 1699.0 1699.0 1698.988 1698.966 1698.943 1698.921 1698.898 1698.703 1698.505 1698.307 1698.109 1697.835 1697.468 1697.1 1696.733 1696.365 1696.205 1696.064 1695.924 1695.783 1695.566 1695.221 1694.876 1694.531 1694.186 1693.999 1693.843 1693.686 1693.53 1693.377 1693.233 1693.089 1692.946
1699.042 1699.094 1699.145 1699.197 1699.268 1699.389 1699.51 1699.631 1699.752 1699.819 1699.867 1699.914 1699.962 1700.0 1700.0 1700.0 1700.0 1700.0 1699.902 1699.755 1699.608 1699.461 1699.324 1699.25 1699.177 1699.103 1699.03 1699.0 1699.0 1699.0 1699.0 1699.0 1699.0 1699.0 1699.0 1699.0 1698.969 1698.908 1698.848 1698.788 1698.728 1698.569 1698.409 1698.248 1698.088 1697.835 1697.468 1697.1 1696.733 1696.365 1696.215 1696.085 1695.955 1695.826 1695.629 1695.322 1695.015 1694.708 1694.4 1694.206 1694.033 1693.861 1693.688 1693.526 1693.387 1693.249 1693.11
1699.068 1699.152 1699.236 1699.32 1699.41 1699.515 1699.62 1699.725 1699.83 1699.88 1699.912 1699.943 1699.975 1700.0 1700.0 1700.0 1700.0 1700.0 1699.902 1699.755 1699.608 1699.461 1699.324 1699.25 1699.177 1699.103 1699.03 1699.0 1699.0 1699.0 1699.0 1699.0 1699.0 1699.0 1699.0 1699.0 1698.949 1698.851 1698.753 1698.655 1698.557 1698.435 1698.312 1698.19 1698.067 1697.835 1697.468 1697.1 1696.733 1696.365 1696.225 1696.106 1695.987 1695.868 1695.692 1695.423 1695.154 1694.884 1694.615 1694.413 1694.224 1694.035 1693.846 1693.674 1693.541 1693.408 1693.275
