data/zism_data/01117_01_D.txt
ncols         224
nrows         224
[rows 145 to 173 of 224, columns 66 to 131 of 224]
1050.0 1050.0 1050.0 1050.0 1050.0 1050.0 1050.0 1050.0 1050.0 1050.0 1050.0 1050.0 1050.0 1050.0 1050.058 1050.13 1050.202 1050.275 1050.363 1050.522 1050.681 1050.839 1050.998 1051.182 1051.384 1051.586 1051.788 1051.99 1052.22 1052.451 1052.682 1052.913 1053.135 1053.337 1053.539 1053.741 1053.943 1054.028 1054.066 1054.105 1054.144 1054.2 1054.412 1054.623 1054.835 1055.047 1055.259 1055.471 1055.682 1055.894 1056.106 1056.247 1056.376 1056.506 1056.636 1056.771 1056.92 1057.07 1057.219 1057.368 1057.64 1057.981 1058.323 1058.665 1059.003 1059.147
1050.0 1050.0 1050.0 1050.0 1050.0 1050.0 1050.0 1050.0 1050.0 1050.0 1050.0 1050.0 1050.0 1050.0 1050.058 1050.13 1050.202 1050.275 1050.366 1050.54 1050.715 1050.89 1051.065 1051.246 1051.432 1051.618 1051.805 1051.991 1052.235 1052.482 1052.729 1052.976 1053.203 1053.389 1053.575 1053.761 1053.948 1054.058 1054.139 1054.22 1054.301 1054.395 1054.601 1054.808 1055.014 1055.221 1055.427 1055.634 1055.84 1056.047 1056.253 1056.379 1056.493 1056.607 1056.721 1056.846 1057.0 1057.155 1057.309 1057.464 1057.724 1058.044 1058.365 1058.685 1059.003 1059.147
1050.0 1050.0 1050.0 1050.0 1050.0 1050.0 1050.0 1050.0 1050.0 1050.0 1050.0 1050.0 1050.0 1050.0 1050.058 1050.13 1050.202 1050.275 1050.369 1050.559 1050.75 1050.94 1051.131 1051.31 1051.481 1051.651 1051.821 1051.992 1052.25 1052.513 1052.776 1053.039 1053.271 1053.441 1053.611 1053.782 1053.952 1054.089 1054.212 1054.335 1054.458 1054.589 1054.791 1054.992 1055.193 1055.394 1055.595 1055.797 1055.998 1056.199 1056.4 1056.512 1056.61 1056.708 1056.807 1056.92 1057.08 1057.24 1057.4 1057.56 1057.808 1058.107 1058.407 1058.706 1059.003 1059.147
1050.0 1050.0 1050.0 1050.0 1050.0 1050.0 1050.0 1050.0 1050.0 1050.0 1050.0 1050.0 1050.0 1050.0 1050.058 1050.13 1050.202 1050.275 1050.371 1050.578 1050.785 1050.991 1051.198 1051.374 1051.529 1051.683 1051.838 1051.993 1052.265 1052.544 1052.823 1053.101 1053.338 1053.493 1053.647 1053.802 1053.956 1054.119 1054.284 1054.45 1054.616 1054.784 1054.98 1055.176 1055.372 1055.568 1055.764 1055.96 1056.156 1056.352 1056.547 1056.645 1056.727 1056.809 1056.892 1056.995 1057.16 1057.325 1057.49 1057.655 1057.892 1058.17 1058.449 1058.727 1059.003 1059.147
1050.0 1050.0 1050.0 1050.0 1050.0 1050.0 1050.0 1050.0 1050.0 1050.0 1050.0 1050.0 1050.0 1050.0 1050.056 1050.127 1050.197 1050.267 1050.364 1050.577 1050.789 1051.002 1051.215 1051.392 1051.542 1051.692 1051.843 1051.993 1052.275 1052.564 1052.852 1053.141 1053.382 1053.526 1053.671 1053.815 1053.959 1054.14 1054.334 1054.529 1054.723 1054.918 1055.114 1055.31 1055.507 1055.703 1055.898 1056.09 1056.283 1056.475 1056.668 1056.763 1056.842 1056.922 1057.002 1057.104 1057.273 1057.441 1057.61 1057.778 1057.999 1058.251 1058.502 1058.753 1059.003 1059.149
1050.0 1050.0 1050.0 1050.0 1050.0 1050.0 1050.0 1050.0 1050.0 1050.0 1050.0 1050.0 1050.0 1050.0 1050.052 1050.117 1050.182 1050.247 1050.338 1050.54 1050.742 1050.944 1051.146 1051.328 1051.494 1051.66 1051.826 1051.992 1052.275 1052.564 1052.852 1053.141 1053.382 1053.526 1053.671 1053.815 1053.959 1054.143 1054.343 1054.543 1054.743 1054.943 1055.15 1055.357 1055.564 1055.771 1055.971 1056.163 1056.356 1056.549 1056.741 1056.854 1056.955 1057.056 1057.157 1057.275 1057.444 1057.612 1057.781 1057.949 1058.147 1058.361 1058.575 1058.79 1059.003 1059.154
1050.0 1050.0 1050.0 1050.0 1050.0 1050.0 1050.0 1050.0 1050.0 1050.0 1050.0 1050.0 1050.0 1050.0 1050.048 1050.108 1050.167 1050.227 1050.311 1050.503 1050.694 1050.886 1051.078 1051.264 1051.446 1051.627 1051.809 1051.991 1052.275 1052.564 1052.852 1053.141 1053.382 1053.526 1053.671 1053.815 1053.959 1054.147 1054.352 1054.557 1054.762 1054.969 1055.186 1055.404 1055.621 1055.839 1056.044 1056.237 1056.429 1056.622 1056.814 1056.946 1057.068 1057.19 1057.312 1057.446 1057.615 1057.783 1057.952 1058.12 1058.294 1058.471 1058.649 1058.826 1059.003 1059.16
1050.0 1050.0 1050.0 1050.0 1050.0 1050.0 1050.0 1050.0 1050.0 1050.0 1050.0 1050.0 1050.0 1050.0 1050.044 1050.098 1050.152 1050.207 1050.285 1050.466 1050.647 1050.828 1051.009 1051.199 1051.397 1051.595 1051.793 1051.99 1052.275 1052.564 1052.852 1053.141 1053.382 1053.526 1053.671 1053.815 1053.959 1054.151 1054.361 1054.572 1054.782 1054.994 1055.222 1055.45 1055.678 1055.907 1056.117 1056.31 1056.503 1056.695 1056.888 1057.037 1057.181 1057.324 1057.467 1057.617 1057.786 1057.954 1058.122 1058.291 1058.442 1058.582 1058.722 1058.862 1059.003 1059.165
1050.0 1050.0 1050.0 1050.0 1050.0 1050.0 1050.0 1050.0 1050.0 1050.0 1050.0 1050.0 1050.0 1050.0 1050.039 1050.089 1050.138 1050.187 1050.258 1050.429 1050.599 1050.77 1050.94 1051.135 1051.349 1051.562 1051.776 1051.99 1052.275 1052.564 1052.852 1053.141 1053.382 1053.526 1053.671 1053.815 1053.959 1054.155 1054.37 1054.586 1054.802 1055.02 1055.258 1055.497 1055.736 1055.974 1056.191 1056.383 1056.576 1056.768 1056.961 1057.129 1057.293 1057.458 1057.622 1057.788 1057.956 1058.125 1058.293 1058.462 1058.589 1058.692 1058.795 1058.899 1059.003 1059.171
1050.0 1050.0 1050.0 1050.0 1050.0 1050.0 1050.0 1050.0 1050.0 1050.0 1050.0 1050.0 1050.0 1050.0 1050.032 1050.071 1050.111 1050.15 1050.215 1050.392 1050.569 1050.746 1050.924 1051.123 1051.34 1051.556 1051.773 1051.99 1052.275 1052.564 1052.852 1053.141 1053.382 1053.526 1053.671 1053.815 1053.959 1054.156 1054.372 1054.589 1054.805 1055.025 1055.275 1055.524 1055.773 1056.022 1056.24 1056.424 1056.608 1056.792 1056.976 1057.154 1057.331 1057.508 1057.685 1057.862 1058.039 1058.216 1058.393 1058.57 1058.71 1058.827 1058.945 1059.063 1059.181 1059.319
1050.0 1050.0 1050.0 1050.0 1050.0 1050.0 1050.0 1050.0 1050.0 1050.0 1050.0 1050.0 1050.0 1050.0 1050.023 1050.052 1050.081 1050.11 1050.168 1050.356 1050.544 1050.731 1050.919 1051.123 1051.34 1051.556 1051.773 1051.99 1052.275 1052.564 1052.852 1053.141 1053.382 1053.526 1053.671 1053.815 1053.959 1054.156 1054.372 1054.589 1054.805 1055.026 1055.286 1055.546 1055.806 1056.066 1056.284 1056.457 1056.63 1056.804 1056.977 1057.163 1057.351 1057.538 1057.726 1057.913 1058.101 1058.289 1058.476 1058.664 1058.824 1058.968 1059.112 1059.257 1059.4 1059.501
1050.0 1050.0 1050.0 1050.0 1050.0 1050.0 1050.0 1050.0 1050.0 1050.0 1050.0 1050.0 1050.0 1050.0 1050.015 1050.033 1050.052 1050.07 1050.122 1050.32 1050.518 1050.716 1050.914 1051.123 1051.34 1051.556 1051.773 1051.99 1052.275 1052.564 1052.852 1053.141 1053.382 1053.526 1053.671 1053.815 1053.959 1054.156 1054.372 1054.589 1054.805 1055.027 1055.298 1055.568 1055.839 1056.109 1056.327 1056.49 1056.653 1056.816 1056.979 1057.172 1057.37 1057.568 1057.767 1057.965 1058.163 1058.361 1058.56 1058.758 1058.938 1059.109 1059.28 1059.45 1059.619 1059.683
1050.0 1050.0 1050.0 1050.0 1050.0 1050.0 1050.0 1050.0 1050.0 1050.0 1050.0 1050.0 1050.0 1050.0 1050.006 1050.014 1050.022 1050.03 1050.075 1050.283 1050.492 1050.701 1050.91 1051.123 1051.34 1051.556 1051.773 1051.99 1052.275 1052.564 1052.852 1053.141 1053.382 1053.526 1053.671 1053.815 1053.959 1054.156 1054.372 1054.589 1054.805 1055.029 1055.31 1055.591 1055.872 1056.153 1056.371 1056.523 1056.676 1056.828 1056.98 1057.181 1057.39 1057.599 1057.808 1058.016 1058.225 1058.434 1058.643 1058.852 1059.053 1059.25 1059.447 1059.644 1059.838 1059.865
1050.0 1050.0 1050.0 1050.0 1050.0 1050.0 1050.0 1050.0 1050.0 1050.0 1050.0 1050.0 1050.0 1050.0 1050.0 1050.0 1050.0 1050.0 1050.04 1050.257 1050.473 1050.69 1050.906 1051.123 1051.34 1051.556 1051.773 1051.99 1052.275 1052.564 1052.852 1053.141 1053.382 1053.526 1053.671 1053.815 1053.959 1054.156 1054.372 1054.589 1054.805 1055.029 1055.318 1055.607 1055.896 1056.185 1056.403 1056.548 1056.692 1056.837 1056.981 1057.195 1057.42 1057.645 1057.87 1058.092 1058.304 1058.517 1058.729 1058.942 1059.154 1059.366 1059.579 1059.792 1060.0 1060.011
1050.0 1050.0 1050.0 1050.0 1050.0 1050.0 1050.0 1050.0 1050.0 1050.0 1050.0 1050.0 1050.0 1050.0 1050.0 1050.0 1050.0 1050.0 1050.04 1050.257 1050.473 1050.69 1050.906 1051.123 1051.34 1051.556 1051.773 1051.99 1052.275 1052.564 1052.852 1053.141 1053.382 1053.526 1053.671 1053.815 1053.959 1054.156 1054.372 1054.589 1054.805 1055.029 1055.318 1055.607 1055.896 1056.185 1056.403 1056.548 1056.692 1056.837 1056.981 1057.223 1057.479 1057.736 1057.993 1058.234 1058.431 1058.627 1058.824 1059.021 1059.217 1059.414 1059.61 1059.807 1060.001 1060.054
1050.0 1050.0 1050.0 1050.0 1050.0 1050.0 1050.0 1050.0 1050.0 1050.0 1050.0 1050.0 1050.0 1050.0 1050.0 1050.0 1050.0 1050.0 1050.04 1050.257 1050.473 1050.69 1050.906 1051.123 1051.34 1051.556 1051.773 1051.99 1052.275 1052.564 1052.852 1053.141 1053.382 1053.526 1053.671 1053.815 1053.959 1054.156 1054.372 1054.589 1054.805 1055.029 1055.318 1055.607 1055.896 1056.185 1056.403 1056.548 1056.692 1056.837 1056.981 1057.25 1057.539 1057.827 1058.115 1058.377 1058.557 1058.738 1058.919 1059.1 1059.28 1059.461 1059.642 1059.823 1060.002 1060.097
1050.0 1050.0 1050.0 1050.0 1050.0 1050.0 1050.0 1050.0 1050.0 1050.0 1050.0 1050.0 1050.0 1050.0 1050.0 1050.0 1050.0 1050.0 1050.04 1050.257 1050.473 1050.69 1050.906 1051.123 1051.34 1051.556 1051.773 1051.99 1052.275 1052.564 1052.852 1053.141 1053.382 1053.526 1053.671 1053.815 1053.959 1054.156 1054.372 1054.589 1054.805 1055.029 1055.318 1055.607 1055.896 1056.185 1056.403 1056.548 1056.692 1056.837 1056.981 1057.278 1057.598 1057.918 1058.238 1058.519 1058.684 1058.849 1059.014 1059.179 1059.344 1059.508 1059.673 1059.838 1060.003 1060.141
1050.0 1050.0 1050.0 1050.0 1050.0 1050.0 1050.0 1050.0 1050.0 1050.0 1050.0 1050.0 1050.0 1050.0 1050.0 1050.0 1050.0 1050.0 1050.04 1050.257 1050.473 1050.69 1050.906 1051.123 1051.34 1051.556 1051.773 1051.99 1052.275 1052.564 1052.852 1053.141 1053.382 1053.526 1053.671 1053.815 1053.959 1054.156 1054.372 1054.589 1054.805 1055.029 1055.318 1055.607 1055.896 1056.185 1056.403 1056.548 1056.692 1056.837 1056.981 1057.305 1057.657 1058.009 1058.361 1058.662 1058.811 1058.96 1059.109 1059.258 1059.407 1059.556 1059.705 1059.854 1060.003 1060.184
1050.0 1050.0 1050.0 1050.0 1050.0 1050.0 1050.0 1050.0 1050.0 1050.0 1050.0 1050.0 1050.0 1050.0 1050.009 1050.02 1050.032 1050.043 1050.09 1050.295 1050.501 1050.706 1050.911 1051.127 1051.351 1051.576 1051.8 1052.024 1052.302 1052.584 1052.865 1053.146 1053.382 1053.526 1053.671 1053.815 1053.959 1054.156 1054.372 1054.589 1054.805 1055.029 1055.318 1055.607 1055.896 1056.185 1056.403 1056.548 1056.692 1056.837 1056.981 1057.313 1057.674 1058.036 1058.396 1058.703 1058.847 1058.992 1059.136 1059.281 1059.425 1059.569 1059.714 1059.858 1060.004 1060.2
1050.0 1050.0 1050.0 1050.0 1050.0 1050.0 1050.0 1050.0 1050.0 1050.0 1050.0 1050.0 1050.0 1050.0 1050.022 1050.049 1050.076 1050.103 1050.16 1050.35 1050.539 1050.729 1050.918 1051.133 1051.368 1051.603 1051.837 1052.072 1052.341 1052.612 1052.883 1053.153 1053.382 1053.526 1053.671 1053.815 1053.959 1054.156 1054.372 1054.589 1054.805 1055.029 1055.318 1055.607 1055.896 1056.185 1056.403 1056.548 1056.692 1056.837 1056.981 1057.313 1057.674 1058.036 1058.396 1058.703 1058.847 1058.992 1059.136 1059.281 1059.425 1059.569 1059.714 1059.858 1060.004 1060.205
1050.0 1050.0 1050.0 1050.0 1050.0 1050.0 1050.0 1050.0 1050.0 1050.0 1050.0 1050.0 1050.0 1050.0 1050.034 1050.078 1050.12 1050.163 1050.231 1050.404 1050.578 1050.751 1050.925 1051.139 1051.385 1051.63 1051.875 1052.12 1052.38 1052.64 1052.9 1053.16 1053.382 1053.526 1053.671 1053.815 1053.959 1054.156 1054.372 1054.589 1054.805 1055.029 1055.318 1055.607 1055.896 1056.185 1056.403 1056.548 1056.692 1056.837 1056.981 1057.313 1057.674 1058.036 1058.396 1058.703 1058.847 1058.992 1059.136 1059.281 1059.425 1059.569 1059.714 1059.858 1060.004 1060.211
1050.0 1050.0 1050.0 1050.0 1050.0 1050.0 1050.0 1050.0 1050.0 1050.0 1050.0 1050.0 1050.0 1050.0 1050.047 1050.106 1050.165 1050.224 1050.301 1050.459 1050.616 1050.774 1050.932 1051.145 1051.401 1051.657 1051.913 1052.169 1052.419 1052.668 1052.918 1053.167 1053.382 1053.526 1053.671 1053.815 1053.959 1054.156 1054.372 1054.589 1054.805 1055.029 1055.318 1055.607 1055.896 1056.185 1056.403 1056.548 1056.692 1056.837 1056.981 1057.313 1057.674 1058.036 1058.396 1058.703 1058.847 1058.992 1059.136 1059.281 1059.425 1059.569 1059.714 1059.858 1060.004 1060.216
1050.0 1050.0 1050.0 1050.0 1050.0 1050.0 1050.0 1050.0 1050.0 1050.0 1050.0 1050.0 1050.0 1050.0 1050.062 1050.139 1050.216 1050.294 1050.384 1050.531 1050.678 1050.825 1050.972 1051.183 1051.444 1051.704 1051.965 1052.225 1052.464 1052.701 1052.938 1053.176 1053.382 1053.526 1053.671 1053.815 1053.959 1054.156 1054.372 1054.589 1054.805 1055.029 1055.318 1055.607 1055.896 1056.185 1056.403 1056.548 1056.692 1056.837 1056.981 1057.313 1057.674 1058.036 1058.396 1058.703 1058.847 1058.992 1059.136 1059.281 1059.425 1059.569 1059.714 1059.858 1060.004 1060.221
1050.0 1050.0 1050.0 1050.0 1050.0 1050.0 1050.0 1050.0 1050.0 1050.0 1050.0 1050.0 1050.0 1050.0 1050.087 1050.196 1050.305 1050.414 1050.533 1050.696 1050.859 1051.022 1051.184 1051.388 1051.622 1051.856 1052.09 1052.324 1052.541 1052.757 1052.973 1053.19 1053.382 1053.526 1053.671 1053.815 1053.959 1054.156 1054.372 1054.589 1054.805 1055.029 1055.318 1055.607 1055.896 1056.185 1056.403 1056.548 1056.692 1056.837 1056.981 1057.313 1057.674 1058.036 1058.396 1058.703 1058.847 1058.992 1059.136 1059.281 1059.425 1059.569 1059.714 1059.858 1060.004 1060.221
1050.0 1050.0 1050.0 1050.0 1050.0 1050.0 1050.0 1050.0 1050.0 1050.0 1050.0 1050.0 1050.0 1050.0 1050.113 1050.254 1050.394 1050.535 1050.683 1050.861 1051.04 1051.219 1051.397 1051.593 1051.8 1052.008 1052.215 1052.423 1052.619 1052.814 1053.009 1053.204 1053.382 1053.526 1053.671 1053.815 1053.959 1054.156 1054.372 1054.589 1054.805 1055.029 1055.318 1055.607 1055.896 1056.185 1056.403 1056.548 1056.692 1056.837 1056.981 1057.313 1057.674 1058.036 1058.396 1058.703 1058.847 1058.992 1059.136 1059.281 1059.425 1059.569 1059.714 1059.858 1060.004 1060.221
1050.0 1050.0 1050.0 1050.0 1050.0 1050.0 1050.0 1050.0 1050.0 1050.0 1050.0 1050.0 1050.0 1050.0 1050.138 1050.311 1050.483 1050.656 1050.832 1051.027 1051.221 1051.416 1051.61 1051.797 1051.978 1052.16 1052.341 1052.522 1052.696 1052.87 1053.044 1053.218 1053.382 1053.526 1053.671 1053.815 1053.959 1054.156 1054.372 1054.589 1054.805 1055.029 1055.318 1055.607 1055.896 1056.185 1056.403 1056.548 1056.692 1056.837 1056.981 1057.313 1057.674 1058.036 1058.396 1058.703 1058.847 1058.992 1059.136 1059.281 1059.425 1059.569 1059.714 1059.858 1060.004 1060.221
1050.0 1050.0 1050.0 1050.0 1050.0 1050.0 1050.0 1050.0 1050.0 1050.0 1050.0 1050.0 1050.0 1050.0 1050.164 1050.368 1050.572 1050.776 1050.982 1051.192 1051.402 1051.613 1051.823 1052.002 1052.157 1052.311 1052.466 1052.621 1052.774 1052.926 1053.079 1053.232 1053.382 1053.526 1053.671 1053.815 1053.959 1054.156 1054.372 1054.589 1054.805 1055.029 1055.318 1055.607 1055.896 1056.185 1056.403 1056.548 1056.692 1056.837 1056.981 1057.313 1057.674 1058.036 1058.396 1058.703 1058.847 1058.992 1059.136 1059.281 1059.425 1059.569 1059.714 1059.858 1060.004 1060.221
1050.0 1050.0 1050.0 1050.0 1050.0 1050.0 1050.0 1050.0 1050.0 1050.008 1050.027 1050.047 1050.066 1050.085 1050.252 1050.456 1050.66 1050.864 1051.069 1051.279 1051.489 1051.699 1051.909 1052.086 1052.237 1052.387 1052.538 1052.689 1052.846 1053.003 1053.161 1053.318 1053.471 1053.615 1053.76 1053.904 1054.048 1054.24 1054.45 1054.66 1054.871 1055.088 1055.363 1055.639 1055.915 1056.191 1056.403 1056.548 1056.692 1056.837 1056.981 1057.313 1057.674 1058.036 1058.396 1058.703 1058.847 1058.992 1059.136 1059.281 1059.425 1059.569 1059.714 1059.858 1060.004 1060.221
1050.0 1050.0 1050.0 1050.0 1050.0 1050.0 1050.0 1050.0 1050.0 1050.021 1050.072 1050.123 1050.174 1050.225 1050.382 1050.565 1050.747 1050.93 1051.115 1051.315 1051.515 1051.714 1051.914 1052.092 1052.253 1052.415 1052.576 1052.737 1052.915 1053.093 1053.272 1053.45 1053.617 1053.762 1053.906 1054.051 1054.195 1054.379 1054.579 1054.778 1054.978 1055.183 1055.438 1055.693 1055.947 1056.202 1056.403 1056.548 1056.692 1056.837 1056.981 1057.313 1057.674 1058.036 1058.396 1058.703 1058.847 1058.992 1059.136 1059.281 1059.425 1059.569 1059.714 1059.858 1060.004 1060.221
