data/zism_data/01112_03_D.txt
ncols         224
nrows         224
[rows 58 to 86 of 224, columns 128 to 191 of 224]
3599.764 3600.169 3600.575 3600.98 3601.385 3601.652 3601.852 3602.052 3602.252 3602.365 3601.721 3601.077 3600.433 3599.789 3599.226 3598.734 3598.242 3597.751 3597.259 3597.044 3596.84 3596.636 3596.432 3596.429 3596.735 3597.041 3597.348 3597.654 3599.204 3601.017 3602.831 3604.645 3607.29 3612.358 3617.426 3622.494 3627.562 3633.098 3638.847 3644.597 3650.347 3656.037 3661.275 3666.513 3671.751 3676.99 3681.164 3684.459 3687.754 3691.049 3694.344 3695.564 3696.738 3697.912 3699.086 3699.693 3699.481 3699.269 3699.057 3698.845 3694.985 3690.428 3685.871 3681.314
3599.776 3600.229 3600.682 3601.136 3601.589 3601.915 3602.179 3602.443 3602.707 3602.888 3602.346 3601.803 3601.26 3600.718 3600.168 3599.613 3599.057 3598.501 3597.945 3597.661 3597.387 3597.114 3596.84 3596.768 3597.004 3597.241 3597.478 3597.715 3599.028 3600.569 3602.11 3603.651 3606.037 3610.886 3615.735 3620.584 3625.433 3631.128 3637.208 3643.289 3649.37 3655.401 3661.056 3666.712 3672.366 3678.021 3682.44 3685.837 3689.233 3692.63 3696.027 3697.087 3698.095 3699.103 3700.112 3700.695 3700.665 3700.635 3700.604 3700.574 3697.51 3693.867 3690.223 3686.58
3599.787 3600.289 3600.79 3601.292 3601.793 3602.178 3602.506 3602.834 3603.162 3603.411 3602.97 3602.529 3602.088 3601.647 3601.111 3600.491 3599.871 3599.251 3598.631 3598.278 3597.935 3597.592 3597.248 3597.106 3597.274 3597.441 3597.609 3597.776 3598.852 3600.12 3601.389 3602.657 3604.785 3609.415 3614.045 3618.675 3623.305 3629.157 3635.57 3641.982 3648.394 3654.766 3660.838 3666.91 3672.982 3679.054 3683.717 3687.215 3690.713 3694.211 3697.709 3698.61 3699.452 3700.295 3701.137 3701.697 3701.849 3702.0 3702.151 3702.303 3700.036 3697.306 3694.576 3691.846
3599.799 3600.348 3600.898 3601.448 3601.997 3602.441 3602.833 3603.225 3603.617 3603.935 3603.595 3603.256 3602.916 3602.576 3602.053 3601.369 3600.685 3600.001 3599.317 3598.895 3598.482 3598.069 3597.657 3597.445 3597.543 3597.641 3597.739 3597.837 3598.676 3599.672 3600.668 3601.664 3603.532 3607.943 3612.354 3616.765 3621.176 3627.187 3633.931 3640.674 3647.417 3654.131 3660.62 3667.109 3673.597 3680.086 3684.993 3688.593 3692.192 3695.792 3699.392 3700.132 3700.809 3701.486 3702.163 3702.699 3703.032 3703.365 3703.698 3704.031 3702.561 3700.745 3698.928 3697.112
3599.809 3600.402 3600.995 3601.588 3602.181 3602.682 3603.139 3603.595 3604.051 3604.438 3604.209 3603.98 3603.751 3603.522 3603.031 3602.309 3601.587 3600.866 3600.144 3599.632 3599.128 3598.625 3598.121 3597.826 3597.853 3597.88 3597.907 3597.934 3598.567 3599.329 3600.092 3600.854 3602.461 3606.532 3610.603 3614.674 3618.745 3624.753 3631.646 3638.54 3645.434 3652.325 3659.205 3666.084 3672.963 3679.842 3685.052 3688.882 3692.711 3696.541 3700.371 3701.076 3701.711 3702.346 3702.981 3703.563 3704.069 3704.574 3705.08 3705.585 3704.766 3703.693 3702.62 3701.548
3599.817 3600.442 3601.067 3601.692 3602.317 3602.872 3603.392 3603.913 3604.433 3604.891 3604.795 3604.7 3604.605 3604.51 3604.095 3603.4 3602.705 3602.01 3601.315 3600.665 3600.017 3599.369 3598.721 3598.309 3598.261 3598.213 3598.166 3598.118 3598.624 3599.247 3599.87 3600.493 3601.835 3605.27 3608.705 3612.14 3615.576 3621.182 3627.782 3634.381 3640.981 3647.651 3654.856 3662.062 3669.267 3676.472 3682.127 3686.502 3690.877 3695.251 3699.626 3700.599 3701.496 3702.393 3703.29 3704.088 3704.743 3705.398 3706.053 3706.708 3706.187 3705.44 3704.693 3703.947
3599.825 3600.482 3601.139 3601.796 3602.453 3603.061 3603.646 3604.23 3604.815 3605.344 3605.382 3605.42 3605.459 3605.497 3605.159 3604.491 3603.823 3603.154 3602.486 3601.698 3600.906 3600.113 3599.321 3598.792 3598.67 3598.547 3598.425 3598.302 3598.68 3599.164 3599.648 3600.133 3601.208 3604.008 3606.807 3609.606 3612.406 3617.611 3623.917 3630.223 3636.528 3642.977 3650.508 3658.039 3665.571 3673.102 3679.203 3684.123 3689.042 3693.962 3698.882 3700.123 3701.282 3702.44 3703.599 3704.613 3705.418 3706.223 3707.027 3707.832 3707.608 3707.187 3706.766 3706.345
3599.833 3600.522 3601.211 3601.9 3602.589 3603.251 3603.9 3604.548 3605.197 3605.797 3605.969 3606.141 3606.313 3606.485 3606.223 3605.582 3604.94 3604.298 3603.657 3602.731 3601.794 3600.858 3599.921 3599.276 3599.078 3598.881 3598.683 3598.486 3598.736 3599.082 3599.427 3599.772 3600.582 3602.746 3604.909 3607.073 3609.236 3614.04 3620.052 3626.064 3632.076 3638.303 3646.16 3654.017 3661.874 3669.731 3676.279 3681.743 3687.208 3692.673 3698.137 3699.646 3701.067 3702.488 3703.908 3705.138 3706.093 3707.047 3708.001 3708.956 3709.029 3708.934 3708.839 3708.744
3599.84 3600.561 3601.282 3602.004 3602.725 3603.44 3604.153 3604.866 3605.579 3606.25 3606.555 3606.861 3607.167 3607.472 3607.287 3606.672 3606.057 3605.443 3604.828 3603.764 3602.683 3601.602 3600.521 3599.759 3599.487 3599.214 3598.942 3598.67 3598.792 3598.999 3599.205 3599.412 3599.956 3601.483 3603.011 3604.539 3606.066 3610.469 3616.187 3621.905 3627.623 3633.629 3641.812 3649.995 3658.178 3666.361 3673.354 3679.364 3685.374 3691.383 3697.393 3699.17 3700.853 3702.535 3704.218 3705.664 3706.767 3707.871 3708.975 3710.079 3710.45 3710.681 3710.912 3711.144
3599.836 3600.542 3601.248 3601.954 3602.66 3603.461 3604.309 3605.157 3606.005 3606.811 3607.25 3607.69 3608.129 3608.568 3608.489 3607.956 3607.423 3606.89 3606.357 3605.31 3604.243 3603.176 3602.108 3601.258 3600.741 3600.224 3599.707 3599.19 3599.149 3599.209 3599.268 3599.328 3599.664 3600.804 3601.945 3603.085 3604.226 3608.021 3613.031 3618.04 3623.049 3628.41 3636.425 3644.44 3652.456 3660.471 3667.626 3674.07 3680.514 3686.958 3693.403 3695.882 3698.272 3700.663 3703.053 3705.066 3706.533 3708.0 3709.467 3710.934 3711.65 3712.223 3712.796 3713.369
3599.829 3600.503 3601.176 3601.85 3602.524 3603.422 3604.431 3605.439 3606.447 3607.411 3607.984 3608.556 3609.129 3609.702 3609.74 3609.308 3608.877 3608.446 3608.014 3607.037 3606.039 3605.042 3604.044 3603.116 3602.294 3601.473 3600.651 3599.83 3599.612 3599.522 3599.432 3599.342 3599.49 3600.331 3601.172 3602.014 3602.855 3605.969 3610.124 3614.279 3618.433 3622.998 3630.672 3638.345 3646.018 3653.691 3660.908 3667.748 3674.587 3681.427 3688.267 3691.601 3694.857 3698.114 3701.37 3704.073 3705.979 3707.884 3709.789 3711.694 3712.772 3713.692 3714.612 3715.532
3599.821 3600.463 3601.104 3601.746 3602.388 3603.384 3604.552 3605.721 3606.889 3608.01 3608.717 3609.423 3610.13 3610.836 3610.99 3610.66 3610.33 3610.0 3609.671 3608.764 3607.836 3606.908 3605.979 3604.973 3603.847 3602.721 3601.595 3600.469 3600.074 3599.835 3599.595 3599.355 3599.315 3599.858 3600.4 3600.942 3601.484 3603.918 3607.218 3610.517 3613.816 3617.587 3624.918 3632.25 3639.581 3646.912 3654.19 3661.425 3668.66 3675.896 3683.13 3687.32 3691.442 3695.564 3699.686 3703.081 3705.424 3707.767 3710.11 3712.453 3713.894 3715.161 3716.428 3717.696
3599.813 3600.423 3601.033 3601.642 3602.252 3603.345 3604.674 3606.002 3607.331 3608.61 3609.45 3610.29 3611.13 3611.97 3612.241 3612.012 3611.784 3611.556 3611.327 3610.491 3609.633 3608.774 3607.915 3606.831 3605.4 3603.97 3602.539 3601.108 3600.537 3600.148 3599.758 3599.369 3599.141 3599.384 3599.627 3599.87 3600.113 3601.866 3604.311 3606.755 3609.2 3612.175 3619.165 3626.154 3633.143 3640.132 3647.473 3655.103 3662.733 3670.364 3677.994 3683.04 3688.027 3693.014 3698.002 3702.088 3704.869 3707.65 3710.432 3713.213 3715.015 3716.63 3718.245 3719.86
3599.781 3600.371 3600.96 3601.55 3602.14 3603.319 3604.787 3606.255 3607.723 3609.141 3610.112 3611.084 3612.055 3613.027 3613.429 3613.334 3613.238 3613.143 3613.047 3612.307 3611.543 3610.779 3610.015 3608.896 3607.23 3605.564 3603.898 3602.232 3601.447 3600.847 3600.248 3599.649 3599.191 3599.147 3599.103 3599.058 3599.014 3600.164 3601.86 3603.557 3605.253 3607.521 3614.116 3620.711 3627.306 3633.901 3641.225 3649.151 3657.077 3665.003 3672.929 3678.764 3684.552 3690.339 3696.127 3700.873 3704.114 3707.355 3710.595 3713.836 3716.038 3718.042 3720.045 3722.048
3599.642 3600.264 3600.886 3601.508 3602.129 3603.352 3604.868 3606.384 3607.9 3609.373 3610.467 3611.562 3612.656 3613.75 3614.353 3614.525 3614.697 3614.868 3615.04 3614.505 3613.944 3613.383 3612.822 3611.851 3610.249 3608.647 3607.046 3605.444 3604.281 3603.212 3602.143 3601.073 3600.205 3599.926 3599.646 3599.367 3599.088 3599.966 3601.374 3602.781 3604.189 3606.13 3612.105 3618.081 3624.056 3630.031 3637.001 3644.793 3652.586 3660.379 3668.171 3674.51 3680.816 3687.122 3693.427 3698.706 3702.497 3706.288 3710.079 3713.87 3716.636 3719.206 3721.775 3724.345
3599.503 3600.157 3600.811 3601.465 3602.119 3603.384 3604.948 3606.512 3608.076 3609.605 3610.823 3612.04 3613.257 3614.474 3615.277 3615.716 3616.155 3616.593 3617.032 3616.703 3616.345 3615.987 3615.629 3614.806 3613.269 3611.731 3610.194 3608.656 3607.117 3605.577 3604.037 3602.497 3601.219 3600.705 3600.19 3599.676 3599.161 3599.768 3600.887 3602.007 3603.126 3604.74 3610.095 3615.45 3620.805 3626.16 3632.777 3640.436 3648.095 3655.754 3663.413 3670.255 3677.08 3683.904 3690.728 3696.538 3700.879 3705.221 3709.562 3713.904 3717.233 3720.37 3723.506 3726.642
3599.365 3600.051 3600.737 3601.422 3602.108 3603.416 3605.029 3606.641 3608.253 3609.838 3611.178 3612.518 3613.858 3615.198 3616.201 3616.906 3617.613 3618.319 3619.024 3618.901 3618.746 3618.591 3618.436 3617.761 3616.288 3614.814 3613.341 3611.868 3609.952 3607.942 3605.932 3603.922 3602.234 3601.484 3600.734 3599.985 3599.235 3599.57 3600.401 3601.231 3602.062 3603.349 3608.084 3612.82 3617.555 3622.29 3628.553 3636.078 3643.604 3651.129 3658.655 3666.001 3673.344 3680.686 3688.029 3694.37 3699.261 3704.154 3709.045 3713.938 3717.831 3721.534 3725.236 3728.939
3599.226 3599.944 3600.662 3601.38 3602.098 3603.448 3605.109 3606.769 3608.43 3610.07 3611.533 3612.996 3614.459 3615.922 3617.124 3618.097 3619.071 3620.044 3621.017 3621.099 3621.147 3621.195 3621.243 3620.717 3619.307 3617.898 3616.489 3615.08 3612.787 3610.307 3607.826 3605.346 3603.248 3602.263 3601.279 3600.294 3599.309 3599.372 3599.914 3600.456 3600.999 3601.958 3606.073 3610.189 3614.304 3618.42 3624.329 3631.721 3639.113 3646.505 3653.896 3661.747 3669.608 3677.469 3685.329 3692.202 3697.644 3703.086 3708.529 3713.971 3718.428 3722.698 3726.967 3731.236
3599.163 3599.842 3600.52 3601.199 3601.877 3603.247 3604.956 3606.664 3608.373 3610.075 3611.726 3613.377 3615.028 3616.678 3618.078 3619.257 3620.436 3621.615 3622.793 3623.174 3623.524 3623.874 3624.223 3623.974 3622.802 3621.631 3620.46 3619.288 3616.888 3614.228 3611.567 3608.906 3606.557 3605.119 3603.682 3602.244 3600.806 3600.456 3600.604 3600.752 3600.9 3601.466 3605.19 3608.914 3612.637 3616.361 3622.115 3629.547 3636.979 3644.412 3651.844 3659.759 3667.685 3675.611 3683.536 3690.562 3696.286 3702.009 3707.733 3713.457 3718.509 3723.433 3728.357 3733.281
3599.144 3599.742 3600.341 3600.939 3601.537 3602.913 3604.67 3606.427 3608.183 3609.952 3611.827 3613.702 3615.577 3617.452 3619.048 3620.398 3621.748 3623.098 3624.448 3625.179 3625.887 3626.595 3627.302 3627.403 3626.568 3625.733 3624.898 3624.064 3621.709 3619.032 3616.356 3613.679 3611.171 3609.156 3607.141 3605.126 3603.111 3602.269 3601.962 3601.656 3601.35 3601.484 3604.946 3608.408 3611.87 3615.332 3621.044 3628.615 3636.186 3643.757 3651.328 3659.058 3666.792 3674.525 3682.259 3689.223 3695.075 3700.927 3706.779 3712.63 3718.295 3723.925 3729.554 3735.183
3599.125 3599.643 3600.161 3600.679 3601.197 3602.579 3604.384 3606.189 3607.993 3609.828 3611.928 3614.027 3616.127 3618.226 3620.018 3621.539 3623.06 3624.581 3626.102 3627.184 3628.25 3629.316 3630.382 3630.831 3630.333 3629.835 3629.337 3628.839 3626.531 3623.838 3621.145 3618.452 3615.784 3613.192 3610.6 3608.008 3605.416 3604.081 3603.321 3602.561 3601.8 3601.502 3604.703 3607.903 3611.103 3614.303 3619.972 3627.682 3635.392 3643.102 3650.812 3658.357 3665.898 3673.439 3680.981 3687.884 3693.864 3699.844 3705.824 3711.804 3718.082 3724.416 3730.751 3737.085
3599.105 3599.543 3599.981 3600.419 3600.857 3602.245 3604.098 3605.951 3607.804 3609.705 3612.029 3614.353 3616.677 3619.0 3620.988 3622.68 3624.372 3626.064 3627.756 3629.189 3630.613 3632.037 3633.461 3634.26 3634.099 3633.937 3633.776 3633.614 3631.352 3628.643 3625.934 3623.225 3620.398 3617.229 3614.06 3610.891 3607.721 3605.894 3604.679 3603.465 3602.25 3601.521 3604.459 3607.397 3610.336 3613.274 3618.901 3626.75 3634.598 3642.448 3650.296 3657.656 3665.005 3672.354 3679.703 3686.545 3692.653 3698.761 3704.87 3710.978 3717.868 3724.908 3731.948 3738.988
3599.086 3599.446 3599.805 3600.164 3600.523 3601.904 3603.784 3605.664 3607.544 3609.49 3612.019 3614.549 3617.078 3619.607 3621.782 3623.647 3625.511 3627.375 3629.24 3631.027 3632.811 3634.595 3636.38 3637.532 3637.713 3637.893 3638.074 3638.255 3636.108 3633.467 3630.826 3628.186 3625.286 3621.634 3617.982 3614.331 3610.679 3608.361 3606.652 3604.944 3603.236 3602.038 3604.692 3607.347 3610.001 3612.656 3618.197 3626.123 3634.05 3641.977 3649.903 3657.063 3664.207 3671.351 3678.494 3685.259 3691.477 3697.695 3703.913 3710.131 3717.603 3725.314 3733.025 3740.737
3599.071 3599.366 3599.661 3599.956 3600.251 3601.482 3603.169 3604.857 3606.544 3608.319 3610.853 3613.388 3615.923 3618.457 3620.734 3622.786 3624.837 3626.889 3628.94 3631.105 3633.274 3635.443 3637.612 3639.155 3639.736 3640.318 3640.899 3641.481 3640.189 3638.499 3636.81 3635.12 3633.058 3629.914 3626.77 3623.625 3620.481 3617.699 3615.083 3612.466 3609.85 3607.789 3609.93 3612.072 3614.214 3616.355 3621.354 3628.714 3636.074 3643.434 3650.794 3657.608 3664.41 3671.211 3678.013 3684.541 3690.673 3696.806 3702.938 3709.071 3716.793 3724.82 3732.846 3740.873
3599.056 3599.287 3599.518 3599.749 3599.979 3601.059 3602.555 3604.05 3605.545 3607.147 3609.687 3612.227 3614.767 3617.307 3619.687 3621.925 3624.164 3626.402 3628.64 3631.183 3633.736 3636.29 3638.844 3640.778 3641.76 3642.742 3643.725 3644.707 3644.27 3643.531 3642.793 3642.054 3640.831 3638.194 3635.557 3632.921 3630.284 3627.038 3623.513 3619.988 3616.463 3613.54 3615.169 3616.797 3618.426 3620.055 3624.511 3631.305 3638.098 3644.892 3651.686 3658.153 3664.612 3671.072 3677.531 3683.822 3689.869 3695.916 3701.963 3708.01 3715.983 3724.325 3732.667 3741.009
3599.04 3599.207 3599.374 3599.541 3599.708 3600.637 3601.94 3603.243 3604.546 3605.976 3608.521 3611.066 3613.612 3616.157 3618.639 3621.064 3623.49 3625.915 3628.341 3631.26 3634.199 3637.137 3640.075 3642.401 3643.784 3645.167 3646.55 3647.933 3648.351 3648.563 3648.776 3648.989 3648.603 3646.474 3644.344 3642.216 3640.086 3636.376 3631.943 3627.51 3623.077 3619.291 3620.407 3621.523 3622.638 3623.754 3627.668 3633.895 3640.123 3646.35 3652.577 3658.697 3664.815 3670.932 3677.05 3683.104 3689.065 3695.027 3700.988 3706.949 3715.174 3723.831 3732.488 3741.145
3599.025 3599.127 3599.23 3599.333 3599.436 3600.215 3601.326 3602.436 3603.547 3604.804 3607.355 3609.906 3612.456 3615.007 3617.591 3620.203 3622.816 3625.428 3628.041 3631.338 3634.661 3637.984 3641.307 3644.024 3645.807 3647.591 3649.375 3651.159 3652.431 3653.595 3654.759 3655.923 3656.375 3654.753 3653.132 3651.51 3649.889 3645.715 3640.373 3635.032 3629.69 3625.043 3625.645 3626.248 3626.851 3627.453 3630.825 3636.486 3642.147 3647.808 3653.469 3659.241 3665.017 3670.793 3676.568 3682.385 3688.261 3694.137 3700.013 3705.889 3714.364 3723.336 3732.309 3741.281
3599.016 3599.08 3599.144 3599.209 3599.273 3599.922 3600.858 3601.793 3602.728 3603.807 3606.152 3608.496 3610.84 3613.184 3615.648 3618.219 3620.789 3623.359 3625.93 3629.433 3632.972 3636.51 3640.049 3643.101 3645.403 3647.705 3650.007 3652.309 3654.494 3656.655 3658.816 3660.977 3662.367 3661.511 3660.655 3659.799 3658.943 3654.93 3649.474 3644.018 3638.562 3633.748 3633.791 3633.835 3633.879 3633.923 3636.581 3641.4 3646.22 3651.039 3655.858 3661.049 3666.248 3671.446 3676.645 3681.993 3687.557 3693.121 3698.685 3704.249 3712.641 3721.573 3730.505 3739.438
3599.012 3599.06 3599.108 3599.157 3599.205 3599.741 3600.516 3601.291 3602.066 3602.962 3604.916 3606.87 3608.824 3610.778 3612.932 3615.262 3617.592 3619.922 3622.251 3625.813 3629.421 3633.03 3636.638 3639.975 3642.897 3645.819 3648.741 3651.663 3654.812 3658.01 3661.207 3664.405 3666.819 3666.952 3667.084 3667.217 3667.349 3664.039 3659.155 3654.27 3649.385 3645.007 3644.452 3643.897 3643.343 3642.788 3644.584 3648.324 3652.064 3655.804 3659.544 3663.948 3668.367 3672.785 3677.204 3681.883 3686.939 3691.996 3697.052 3702.109 3710.127 3718.712 3727.297 3735.882
