data/zism_data/01116_03_D.txt
ncols         224
nrows         224
[rows 84 to 111 of 224, columns 126 to 188 of 224]
1412.297 1418.207 1424.602 1430.998 1437.393 1442.916 1445.966 1449.016 1452.066 1455.116 1451.596 1445.579 1439.563 1433.546 1427.916 1423.95 1419.984 1416.018 1412.052 1409.81 1408.486 1407.163 1405.839 1404.429 1402.362 1400.296 1398.229 1396.162 1392.562 1387.85 1383.138 1378.426 1373.679 1368.157 1362.636 1357.115 1351.593 1346.455 1341.689 1336.923 1332.157 1327.391 1322.975 1318.57 1314.165 1309.759 1304.724 1298.872 1293.019 1287.166 1281.314 1271.746 1261.759 1251.773 1241.786 1232.466 1224.321 1216.176 1208.03 1199.885 1195.696 1192.339 1188.982
1409.233 1414.269 1419.745 1425.221 1430.697 1435.543 1438.607 1441.67 1444.733 1447.797 1445.127 1440.28 1435.432 1430.585 1426.01 1422.608 1419.207 1415.805 1412.404 1410.439 1409.24 1408.042 1406.843 1405.552 1403.552 1401.552 1399.552 1397.552 1394.071 1389.517 1384.962 1380.407 1375.799 1370.0 1364.2 1358.401 1352.602 1347.166 1342.084 1337.002 1331.921 1326.839 1321.858 1316.88 1311.903 1306.926 1301.359 1295.026 1288.693 1282.361 1276.028 1266.176 1255.926 1245.676 1235.427 1225.681 1216.822 1207.963 1199.104 1190.245 1185.143 1180.832 1176.52
1404.164 1408.555 1413.326 1418.097 1422.868 1427.206 1430.318 1433.429 1436.541 1439.653 1437.629 1433.653 1429.677 1425.702 1421.939 1419.092 1416.245 1413.398 1410.551 1408.87 1407.811 1406.753 1405.694 1404.517 1402.442 1400.367 1398.292 1396.217 1392.785 1388.37 1383.956 1379.541 1375.063 1369.183 1363.303 1357.423 1351.543 1345.917 1340.54 1335.161 1329.784 1324.406 1318.742 1313.07 1307.399 1301.727 1295.538 1288.678 1281.818 1274.958 1268.097 1258.337 1248.248 1238.16 1228.072 1218.369 1209.343 1200.317 1191.292 1182.266 1176.379 1171.152 1165.926
1399.095 1402.841 1406.907 1410.973 1415.038 1418.868 1422.028 1425.188 1428.349 1431.509 1430.13 1427.026 1423.923 1420.819 1417.868 1415.575 1413.283 1410.99 1408.698 1407.301 1406.382 1405.464 1404.545 1403.483 1401.333 1399.182 1397.031 1394.881 1391.499 1387.224 1382.949 1378.675 1374.327 1368.366 1362.405 1356.445 1350.484 1344.669 1338.995 1333.321 1327.647 1321.973 1315.626 1309.26 1302.894 1296.528 1289.718 1282.33 1274.942 1267.554 1260.167 1250.498 1240.571 1230.644 1220.717 1211.057 1201.864 1192.672 1183.479 1174.286 1167.614 1161.473 1155.331
1394.027 1397.127 1400.488 1403.849 1407.209 1410.53 1413.739 1416.948 1420.156 1423.365 1422.631 1420.4 1418.168 1415.936 1413.797 1412.059 1410.321 1408.583 1406.844 1405.732 1404.953 1404.174 1403.396 1402.449 1400.223 1397.997 1395.771 1393.545 1390.213 1386.078 1381.943 1377.808 1373.591 1367.549 1361.508 1355.466 1349.425 1343.42 1337.45 1331.48 1325.51 1319.54 1312.511 1305.45 1298.39 1291.329 1283.897 1275.982 1268.067 1260.151 1252.236 1242.659 1232.893 1223.128 1213.363 1203.745 1194.385 1185.026 1175.666 1166.307 1158.85 1151.793 1144.737
1388.958 1391.414 1394.069 1396.725 1399.38 1402.193 1405.45 1408.707 1411.964 1415.221 1415.132 1413.773 1412.413 1411.053 1409.727 1408.543 1407.359 1406.175 1404.991 1404.163 1403.524 1402.885 1402.246 1401.415 1399.113 1396.812 1394.511 1392.21 1388.927 1384.932 1380.937 1376.942 1372.855 1366.733 1360.61 1354.488 1348.366 1342.171 1335.905 1329.639 1323.373 1317.107 1309.395 1301.64 1293.885 1286.13 1278.076 1269.633 1261.191 1252.748 1244.306 1234.82 1225.216 1215.612 1206.008 1196.432 1186.906 1177.38 1167.854 1158.327 1150.085 1142.114 1134.142
1380.18 1382.642 1385.223 1387.805 1390.387 1393.147 1396.416 1399.684 1402.953 1406.221 1406.356 1405.301 1404.245 1403.19 1402.16 1401.239 1400.318 1399.396 1398.475 1397.829 1397.331 1396.832 1396.333 1395.616 1393.24 1390.863 1388.486 1386.11 1383.011 1379.39 1375.768 1372.147 1368.421 1362.399 1356.376 1350.353 1344.331 1337.951 1331.224 1324.498 1317.771 1311.045 1303.15 1295.221 1287.292 1279.362 1271.31 1263.098 1254.887 1246.675 1238.464 1229.127 1219.664 1210.2 1200.736 1191.178 1181.453 1171.728 1162.003 1152.278 1143.329 1134.543 1125.757
1371.348 1373.825 1376.342 1378.859 1381.376 1384.092 1387.371 1390.65 1393.929 1397.208 1397.561 1396.802 1396.042 1395.283 1394.542 1393.879 1393.216 1392.553 1391.891 1391.426 1391.067 1390.708 1390.349 1389.748 1387.296 1384.844 1382.392 1379.94 1377.028 1373.783 1370.539 1367.294 1363.933 1358.013 1352.092 1346.172 1340.252 1333.688 1326.498 1319.309 1312.119 1304.93 1296.86 1288.764 1280.667 1272.571 1264.53 1256.561 1248.591 1240.622 1232.652 1223.466 1214.143 1204.819 1195.495 1185.954 1176.03 1166.106 1156.182 1146.258 1136.602 1127.004 1117.405
1362.516 1365.008 1367.46 1369.913 1372.365 1375.036 1378.326 1381.616 1384.906 1388.196 1388.766 1388.303 1387.839 1387.376 1386.924 1386.519 1386.115 1385.711 1385.306 1385.023 1384.804 1384.585 1384.366 1383.879 1381.352 1378.824 1376.297 1373.77 1371.045 1368.177 1365.309 1362.441 1359.445 1353.627 1347.809 1341.991 1336.173 1329.424 1321.772 1314.12 1306.467 1298.815 1290.57 1282.306 1274.043 1265.78 1257.75 1250.023 1242.296 1234.568 1226.841 1217.805 1208.622 1199.438 1190.254 1180.73 1170.607 1160.484 1150.36 1140.237 1129.876 1119.464 1109.053
1353.684 1356.191 1358.579 1360.967 1363.355 1365.981 1369.281 1372.582 1375.883 1379.183 1379.971 1379.804 1379.636 1379.469 1379.306 1379.16 1379.014 1378.868 1378.722 1378.619 1378.54 1378.461 1378.382 1378.01 1375.408 1372.805 1370.202 1367.599 1365.062 1362.57 1360.079 1357.588 1354.957 1349.241 1343.525 1337.809 1332.094 1325.161 1317.046 1308.93 1300.815 1292.7 1284.279 1275.849 1267.419 1258.989 1250.97 1243.485 1236.0 1228.515 1221.03 1212.144 1203.101 1194.057 1185.013 1175.506 1165.184 1154.861 1144.539 1134.216 1123.149 1111.925 1100.701
1344.541 1347.029 1349.306 1351.582 1353.859 1356.409 1359.737 1363.065 1366.393 1369.72 1370.698 1370.782 1370.866 1370.951 1370.993 1370.855 1370.717 1370.579 1370.441 1370.277 1370.099 1369.921 1369.743 1369.326 1367.086 1364.845 1362.605 1360.364 1358.292 1356.342 1354.391 1352.441 1350.329 1344.668 1339.008 1333.348 1327.687 1320.62 1312.188 1303.755 1295.322 1286.889 1278.317 1269.741 1261.165 1252.589 1244.484 1236.991 1229.498 1222.005 1214.512 1205.667 1196.67 1187.672 1178.675 1169.124 1158.6 1148.076 1137.552 1127.028 1115.404 1103.547 1091.69
1334.994 1337.418 1339.523 1341.627 1343.731 1346.167 1349.544 1352.92 1356.296 1359.672 1360.803 1361.082 1361.359 1361.638 1361.777 1361.322 1360.866 1360.41 1359.955 1359.413 1358.827 1358.24 1357.653 1356.982 1355.673 1354.363 1353.054 1351.745 1350.501 1349.304 1348.107 1346.91 1345.519 1339.853 1334.187 1328.521 1322.856 1315.721 1307.159 1298.596 1290.034 1281.472 1272.782 1264.087 1255.393 1246.699 1238.382 1230.555 1222.728 1214.901 1207.074 1198.128 1189.055 1179.983 1170.91 1161.237 1150.509 1139.78 1129.052 1118.323 1106.334 1094.079 1081.824
1325.446 1327.808 1329.74 1331.672 1333.604 1335.925 1339.35 1342.775 1346.199 1349.624 1350.909 1351.381 1351.852 1352.324 1352.561 1351.788 1351.015 1350.242 1349.469 1348.55 1347.554 1346.558 1345.562 1344.638 1344.26 1343.881 1343.503 1343.125 1342.709 1342.266 1341.823 1341.379 1340.708 1335.037 1329.366 1323.695 1318.024 1310.821 1302.129 1293.438 1284.747 1276.056 1267.246 1258.434 1249.621 1240.808 1232.279 1224.119 1215.958 1207.797 1199.637 1190.589 1181.441 1172.293 1163.145 1153.35 1142.417 1131.484 1120.551 1109.618 1097.264 1084.61 1071.957
1315.898 1318.197 1319.957 1321.717 1323.476 1325.683 1329.156 1332.629 1336.102 1339.576 1341.014 1341.68 1342.345 1343.011 1343.345 1342.255 1341.164 1340.073 1338.982 1337.687 1336.281 1334.877 1333.472 1332.293 1332.846 1333.399 1333.952 1334.505 1334.918 1335.228 1335.538 1335.848 1335.898 1330.222 1324.545 1318.869 1313.192 1305.921 1297.1 1288.28 1279.459 1270.639 1261.711 1252.78 1243.849 1234.918 1226.176 1217.682 1209.188 1200.694 1192.199 1183.05 1173.827 1164.603 1155.38 1145.463 1134.325 1123.187 1112.05 1100.912 1088.194 1075.142 1062.091
1306.35 1308.586 1310.174 1311.761 1313.349 1315.441 1318.962 1322.484 1326.006 1329.527 1331.12 1331.979 1332.838 1333.698 1334.13 1332.721 1331.313 1329.904 1328.496 1326.823 1325.009 1323.195 1321.381 1319.949 1321.433 1322.917 1324.401 1325.886 1327.126 1328.19 1329.254 1330.318 1331.088 1325.406 1319.724 1314.042 1308.36 1301.021 1292.071 1283.122 1274.172 1265.222 1256.176 1247.126 1238.077 1229.027 1220.074 1211.246 1202.418 1193.59 1184.762 1175.511 1166.212 1156.913 1147.615 1137.575 1126.233 1114.891 1103.549 1092.207 1079.124 1065.674 1052.224
1296.611 1298.851 1300.38 1301.91 1303.439 1305.495 1309.041 1312.587 1316.133 1319.68 1321.312 1322.218 1323.124 1324.029 1324.426 1322.634 1320.841 1319.049 1317.256 1315.387 1313.478 1311.569 1309.66 1308.219 1310.344 1312.469 1314.594 1316.719 1318.494 1320.017 1321.539 1323.062 1324.262 1318.375 1312.487 1306.6 1300.713 1293.385 1284.659 1275.932 1267.205 1258.479 1249.485 1240.484 1231.482 1222.481 1213.439 1204.344 1195.249 1186.154 1177.059 1167.281 1157.426 1147.572 1137.717 1127.246 1115.689 1104.133 1092.577 1081.021 1068.766 1056.365 1043.963
1286.846 1289.099 1290.585 1292.072 1293.558 1295.587 1299.155 1302.723 1306.291 1309.858 1311.516 1312.449 1313.381 1314.314 1314.659 1312.474 1310.288 1308.102 1305.917 1303.877 1301.914 1299.951 1297.988 1296.569 1299.297 1302.024 1304.752 1307.48 1309.752 1311.695 1313.637 1315.579 1317.171 1311.052 1304.934 1298.815 1292.697 1285.391 1276.934 1268.476 1260.019 1251.561 1242.643 1233.712 1224.781 1215.849 1206.734 1197.381 1188.027 1178.674 1169.32 1158.96 1148.487 1138.013 1127.539 1116.595 1104.824 1093.052 1081.281 1069.509 1058.24 1047.077 1035.913
1277.082 1279.347 1280.79 1282.233 1283.677 1285.68 1289.269 1292.859 1296.448 1300.037 1301.721 1302.68 1303.64 1304.599 1304.892 1302.313 1299.735 1297.156 1294.578 1292.366 1290.349 1288.332 1286.316 1284.919 1288.25 1291.58 1294.911 1298.241 1301.01 1303.373 1305.735 1308.097 1310.08 1303.73 1297.38 1291.03 1284.68 1277.397 1269.209 1261.02 1252.832 1244.643 1235.802 1226.94 1218.078 1209.217 1200.029 1190.418 1180.806 1171.194 1161.582 1150.64 1139.547 1128.455 1117.362 1105.945 1093.958 1081.972 1069.985 1057.998 1047.714 1037.788 1027.863
1267.317 1269.595 1270.995 1272.395 1273.796 1275.773 1279.383 1282.994 1286.605 1290.216 1291.925 1292.911 1293.898 1294.884 1295.125 1292.153 1289.182 1286.21 1283.239 1280.855 1278.785 1276.714 1274.643 1273.269 1277.203 1281.136 1285.069 1289.003 1292.269 1295.051 1297.833 1300.615 1302.989 1296.408 1289.826 1283.245 1276.663 1269.403 1261.484 1253.565 1245.645 1237.726 1228.96 1220.168 1211.377 1202.585 1193.325 1183.454 1173.584 1163.714 1153.844 1142.319 1130.608 1118.896 1107.184 1095.295 1083.093 1070.891 1058.689 1046.487 1037.188 1028.5 1019.813
1256.714 1259.13 1260.676 1262.221 1263.767 1265.853 1269.471 1273.089 1276.707 1280.325 1281.973 1282.871 1283.769 1284.668 1284.761 1281.388 1278.015 1274.642 1271.268 1268.846 1266.932 1265.018 1263.103 1261.935 1266.459 1270.983 1275.506 1280.03 1283.729 1286.83 1289.932 1293.033 1295.71 1289.053 1282.396 1275.74 1269.083 1261.921 1254.269 1246.617 1238.965 1231.313 1222.626 1213.908 1205.19 1196.472 1187.124 1176.956 1166.788 1156.62 1146.452 1134.618 1122.596 1110.574 1098.552 1086.528 1074.5 1062.472 1050.443 1038.416 1029.918 1022.163 1014.408
1244.435 1247.241 1249.308 1251.376 1253.444 1255.91 1259.507 1263.103 1266.7 1270.296 1271.707 1272.288 1272.869 1273.45 1273.207 1269.414 1265.621 1261.827 1258.034 1255.842 1254.504 1253.165 1251.826 1251.233 1256.322 1261.411 1266.5 1271.589 1275.594 1278.814 1282.033 1285.253 1288.054 1281.634 1275.214 1268.794 1262.374 1255.463 1248.074 1240.686 1233.297 1225.909 1217.308 1208.671 1200.034 1191.397 1181.93 1171.385 1160.841 1150.296 1139.751 1128.155 1116.44 1104.724 1093.009 1081.526 1070.45 1059.375 1048.3 1037.224 1029.159 1021.727 1014.295
1232.155 1235.351 1237.941 1240.531 1243.121 1245.967 1249.542 1253.117 1256.692 1260.267 1261.443 1261.706 1261.969 1262.232 1261.652 1257.439 1253.226 1249.013 1244.801 1242.838 1242.075 1241.313 1240.55 1240.531 1246.185 1251.839 1257.493 1263.147 1267.459 1270.797 1274.135 1277.473 1280.397 1274.214 1268.031 1261.848 1255.665 1249.004 1241.879 1234.755 1227.63 1220.506 1211.991 1203.434 1194.878 1186.321 1176.737 1165.815 1154.894 1143.972 1133.051 1121.692 1110.283 1098.875 1087.466 1076.524 1066.401 1056.278 1046.156 1036.033 1028.4 1021.291 1014.183
1219.876 1223.462 1226.574 1229.686 1232.797 1236.024 1239.578 1243.131 1246.685 1250.238 1251.177 1251.123 1251.069 1251.015 1250.098 1245.465 1240.832 1236.199 1231.567 1229.833 1229.647 1229.46 1229.273 1229.829 1236.048 1242.268 1248.487 1254.706 1259.323 1262.78 1266.237 1269.693 1272.741 1266.795 1260.848 1254.902 1248.956 1242.545 1235.685 1228.824 1221.963 1215.102 1206.673 1198.197 1189.722 1181.246 1171.543 1160.245 1148.947 1137.648 1126.35 1115.229 1104.127 1093.025 1081.923 1071.522 1062.352 1053.182 1044.012 1034.842 1027.642 1020.856 1014.07
1207.596 1211.572 1215.206 1218.84 1222.474 1226.081 1229.613 1233.145 1236.677 1240.209 1240.912 1240.54 1240.169 1239.797 1238.543 1233.49 1228.438 1223.385 1218.333 1216.829 1217.218 1217.607 1217.997 1219.127 1225.912 1232.696 1239.48 1246.265 1251.188 1254.763 1258.338 1261.913 1265.085 1259.375 1253.666 1247.956 1242.247 1236.087 1229.49 1222.893 1216.296 1209.698 1201.355 1192.961 1184.566 1176.171 1166.349 1154.674 1143.0 1131.324 1119.65 1108.765 1097.97 1087.175 1076.38 1066.52 1058.302 1050.085 1041.868 1033.651 1026.883 1020.42 1013.957
1196.297 1200.534 1204.488 1208.442 1212.396 1216.093 1219.065 1222.036 1225.007 1227.978 1228.184 1227.339 1226.493 1225.648 1224.198 1220.141 1216.084 1212.026 1207.969 1207.545 1209.057 1210.57 1212.083 1214.225 1221.161 1228.098 1235.035 1241.971 1246.903 1250.382 1253.86 1257.339 1260.432 1255.044 1249.655 1244.267 1238.878 1233.055 1226.81 1220.565 1214.32 1208.076 1200.296 1192.47 1184.645 1176.819 1167.515 1156.289 1145.063 1133.836 1122.61 1112.365 1102.231 1092.097 1081.962 1072.715 1065.03 1057.344 1049.658 1041.973 1034.983 1028.139 1021.296
1185.27 1189.733 1193.95 1198.168 1202.386 1206.093 1208.353 1210.614 1212.875 1215.135 1214.771 1213.409 1212.047 1210.685 1209.077 1206.409 1203.74 1201.072 1198.404 1199.294 1202.082 1204.871 1207.659 1210.933 1217.907 1224.881 1231.856 1238.83 1243.688 1247.01 1250.333 1253.655 1256.614 1251.57 1246.526 1241.482 1236.438 1230.976 1225.107 1219.239 1213.371 1207.503 1200.419 1193.298 1186.178 1179.057 1170.447 1159.899 1149.351 1138.803 1128.255 1118.76 1109.385 1100.01 1090.634 1082.021 1074.75 1067.479 1060.208 1052.937 1045.543 1038.124 1030.704
1174.243 1178.931 1183.413 1187.894 1192.375 1196.092 1197.642 1199.193 1200.743 1202.293 1201.358 1199.48 1197.601 1195.723 1193.957 1192.677 1191.397 1190.118 1188.838 1191.043 1195.107 1199.171 1203.235 1207.641 1214.653 1221.665 1228.677 1235.689 1240.472 1243.638 1246.805 1249.971 1252.795 1248.096 1243.396 1238.697 1233.997 1228.896 1223.405 1217.913 1212.422 1206.93 1200.542 1194.127 1187.711 1181.296 1173.379 1163.509 1153.639 1143.769 1133.899 1125.156 1116.539 1107.923 1099.306 1091.328 1084.471 1077.614 1070.757 1063.901 1056.103 1048.108 1040.113
1163.216 1168.13 1172.875 1177.62 1182.365 1186.092 1186.931 1187.771 1188.611 1189.45 1187.946 1185.55 1183.155 1180.76 1178.836 1178.945 1179.054 1179.163 1179.272 1182.793 1188.132 1193.472 1198.811 1204.349 1211.399 1218.449 1225.498 1232.548 1237.256 1240.266 1243.277 1246.287 1248.977 1244.622 1240.267 1235.912 1231.557 1226.816 1221.702 1216.587 1211.473 1206.358 1200.665 1194.955 1189.245 1183.534 1176.31 1167.119 1157.927 1148.736 1139.544 1131.551 1123.693 1115.836 1107.979 1100.634 1094.192 1087.749 1081.307 1074.865 1066.664 1058.092 1049.521
