data/zism_data/01118_02_D.txt
ncols         224
nrows         224
[rows 168 to 195 of 224, columns 126 to 188 of 224]
1636.858 1633.426 1629.994 1626.561 1626.227 1629.692 1633.156 1636.62 1640.084 1644.603 1649.222 1653.842 1658.461 1662.857 1666.883 1670.908 1674.934 1678.96 1679.816 1680.072 1680.327 1680.582 1679.3 1674.504 1669.708 1664.912 1660.116 1655.029 1649.853 1644.678 1639.503 1634.769 1631.497 1628.225 1624.953 1621.682 1619.734 1618.366 1616.998 1615.629 1614.767 1616.572 1618.378 1620.183 1621.989 1624.434 1627.266 1630.099 1632.931 1635.734 1638.231 1640.728 1643.224 1645.721 1648.05 1650.242 1652.434 1654.626 1656.819 1659.007 1661.196 1663.385 1665.573
1633.74 1630.027 1626.314 1622.601 1622.083 1625.482 1628.882 1632.281 1635.68 1639.908 1644.214 1648.52 1652.826 1656.992 1660.926 1664.86 1668.794 1672.728 1673.706 1674.124 1674.541 1674.958 1673.859 1669.296 1664.732 1660.168 1655.604 1650.778 1645.873 1640.967 1636.062 1631.555 1628.37 1625.185 1621.999 1618.814 1616.93 1615.616 1614.302 1612.987 1612.189 1614.114 1616.038 1617.962 1619.886 1622.434 1625.358 1628.282 1631.206 1634.104 1636.725 1639.346 1641.966 1644.587 1646.951 1649.106 1651.26 1653.414 1655.569 1657.742 1659.914 1662.087 1664.259
1630.621 1626.628 1622.634 1618.64 1617.939 1621.273 1624.608 1627.942 1631.277 1635.213 1639.205 1643.199 1647.192 1651.128 1654.97 1658.812 1662.654 1666.497 1667.596 1668.175 1668.755 1669.334 1668.419 1664.087 1659.755 1655.424 1651.092 1646.527 1641.892 1637.257 1632.621 1628.342 1625.243 1622.144 1619.045 1615.946 1614.126 1612.866 1611.606 1610.346 1609.612 1611.655 1613.698 1615.741 1617.784 1620.433 1623.449 1626.465 1629.481 1632.474 1635.219 1637.964 1640.709 1643.454 1645.853 1647.969 1650.086 1652.202 1654.32 1656.476 1658.632 1660.788 1662.945
1627.503 1623.229 1618.954 1614.68 1613.795 1617.064 1620.334 1623.604 1626.873 1630.517 1634.197 1637.877 1641.557 1645.263 1649.014 1652.764 1656.515 1660.265 1661.486 1662.227 1662.969 1663.71 1662.978 1658.879 1654.779 1650.68 1646.58 1642.277 1637.911 1633.546 1629.18 1625.129 1622.116 1619.104 1616.091 1613.079 1611.323 1610.116 1608.91 1607.704 1607.034 1609.196 1611.358 1613.52 1615.681 1618.433 1621.541 1624.648 1627.756 1630.843 1633.712 1636.582 1639.451 1642.32 1644.754 1646.833 1648.912 1650.99 1653.07 1655.21 1657.35 1659.49 1661.63
1623.265 1618.99 1614.713 1610.438 1609.434 1612.442 1615.449 1618.457 1621.465 1624.753 1628.068 1631.383 1634.698 1638.103 1641.659 1645.214 1648.769 1652.325 1653.738 1654.744 1655.751 1656.757 1656.333 1652.64 1648.947 1645.253 1641.56 1637.664 1633.707 1629.75 1625.793 1622.096 1619.262 1616.427 1613.593 1610.758 1609.073 1607.89 1606.707 1605.524 1604.871 1607.013 1609.156 1611.298 1613.44 1616.233 1619.421 1622.609 1625.797 1628.961 1631.872 1634.783 1637.694 1640.606 1643.0 1644.973 1646.946 1648.919 1650.893 1652.968 1655.043 1657.117 1659.192
1617.572 1613.658 1609.744 1605.829 1604.792 1607.282 1609.771 1612.26 1614.75 1617.598 1620.481 1623.364 1626.247 1629.26 1632.486 1635.712 1638.938 1642.164 1643.86 1645.266 1646.672 1648.078 1648.125 1645.063 1642.001 1638.939 1635.878 1632.581 1629.212 1625.844 1622.475 1619.3 1616.762 1614.224 1611.687 1609.149 1607.543 1606.344 1605.145 1603.946 1603.247 1605.19 1607.132 1609.074 1611.017 1613.776 1617.028 1620.281 1623.533 1626.751 1629.597 1632.444 1635.29 1638.136 1640.395 1642.173 1643.952 1645.73 1647.511 1649.456 1651.401 1653.346 1655.292
1611.879 1608.326 1604.774 1601.221 1600.151 1602.121 1604.092 1606.063 1608.034 1610.444 1612.895 1615.346 1617.797 1620.416 1623.312 1626.209 1629.105 1632.002 1633.982 1635.787 1637.593 1639.399 1639.915 1637.485 1635.055 1632.626 1630.196 1627.497 1624.717 1621.937 1619.157 1616.503 1614.262 1612.021 1609.781 1607.54 1606.013 1604.798 1603.582 1602.367 1601.624 1603.366 1605.109 1606.851 1608.594 1611.318 1614.635 1617.952 1621.27 1624.541 1627.322 1630.104 1632.886 1635.667 1637.789 1639.374 1640.958 1642.542 1644.129 1645.945 1647.76 1649.576 1651.391
1606.186 1602.995 1599.804 1596.613 1595.509 1596.961 1598.414 1599.867 1601.319 1603.289 1605.308 1607.327 1609.346 1611.572 1614.139 1616.706 1619.274 1621.841 1624.104 1626.309 1628.514 1630.72 1631.706 1629.908 1628.11 1626.312 1624.514 1622.414 1620.222 1618.031 1615.84 1613.706 1611.762 1609.818 1607.875 1605.931 1604.483 1603.252 1602.02 1600.789 1600.0 1601.542 1603.085 1604.628 1606.171 1608.86 1612.242 1615.624 1619.006 1622.331 1625.047 1627.764 1630.481 1633.198 1635.184 1636.574 1637.964 1639.353 1640.748 1642.433 1644.119 1645.805 1647.491
1600.492 1597.663 1594.834 1592.005 1590.867 1591.801 1592.736 1593.67 1594.604 1596.135 1597.722 1599.309 1600.896 1602.728 1604.966 1607.204 1609.441 1611.679 1614.226 1616.83 1619.435 1622.04 1623.497 1622.331 1621.164 1619.998 1618.832 1617.33 1615.727 1614.125 1612.522 1610.909 1609.262 1607.615 1605.969 1604.322 1602.953 1601.705 1600.458 1599.21 1598.376 1599.719 1601.062 1602.404 1603.747 1606.402 1609.849 1613.296 1616.743 1620.12 1622.773 1625.425 1628.077 1630.729 1632.579 1633.774 1634.969 1636.165 1637.365 1638.922 1640.478 1642.034 1643.59
1598.1 1595.075 1592.05 1589.025 1587.406 1587.512 1587.617 1587.723 1587.828 1589.18 1590.65 1592.121 1593.591 1595.335 1597.529 1599.724 1601.919 1604.114 1606.418 1608.743 1611.068 1613.393 1614.826 1614.219 1613.611 1613.004 1612.396 1611.73 1611.046 1610.361 1609.677 1608.847 1607.536 1606.225 1604.915 1603.604 1602.302 1601.004 1599.706 1598.409 1597.495 1598.604 1599.713 1600.822 1601.931 1604.471 1607.876 1611.281 1614.687 1618.022 1620.629 1623.236 1625.842 1628.449 1630.131 1631.059 1631.988 1632.916 1633.85 1635.16 1636.47 1637.78 1639.091
1596.081 1592.797 1589.513 1586.228 1584.079 1583.32 1582.562 1581.804 1581.045 1582.248 1583.637 1585.027 1586.416 1588.105 1590.289 1592.473 1594.657 1596.841 1598.844 1600.812 1602.781 1604.75 1606.102 1606.046 1605.989 1605.932 1605.876 1606.071 1606.343 1606.614 1606.885 1606.869 1605.898 1604.927 1603.956 1602.986 1601.75 1600.398 1599.046 1597.695 1596.697 1597.569 1598.441 1599.312 1600.184 1602.601 1605.952 1609.303 1612.654 1615.937 1618.5 1621.063 1623.627 1626.19 1627.702 1628.354 1629.007 1629.66 1630.319 1631.37 1632.421 1633.472 1634.523
1594.062 1590.519 1586.975 1583.432 1580.752 1579.129 1577.507 1575.885 1574.262 1575.316 1576.624 1577.933 1579.241 1580.875 1583.048 1585.222 1587.395 1589.568 1591.27 1592.882 1594.494 1596.107 1597.379 1597.873 1598.367 1598.861 1599.356 1600.413 1601.64 1602.867 1604.094 1604.89 1604.26 1603.629 1602.998 1602.368 1601.198 1599.792 1598.386 1596.981 1595.9 1596.534 1597.168 1597.802 1598.436 1600.73 1604.027 1607.324 1610.621 1613.851 1616.371 1618.891 1621.412 1623.932 1625.272 1625.65 1626.027 1626.405 1626.788 1627.58 1628.372 1629.164 1629.956
1592.043 1588.241 1584.438 1580.635 1577.424 1574.938 1572.452 1569.965 1567.479 1568.384 1569.611 1570.838 1572.066 1573.646 1575.808 1577.97 1580.132 1582.295 1583.695 1584.951 1586.207 1587.463 1588.655 1589.7 1590.745 1591.79 1592.835 1594.754 1596.937 1599.12 1601.302 1602.911 1602.621 1602.331 1602.04 1601.75 1600.646 1599.186 1597.727 1596.267 1595.103 1595.499 1595.896 1596.292 1596.689 1598.859 1602.102 1605.346 1608.589 1611.765 1614.242 1616.719 1619.196 1621.673 1622.843 1622.945 1623.047 1623.149 1623.257 1623.79 1624.323 1624.855 1625.388
1590.457 1586.349 1582.24 1578.131 1574.483 1571.401 1568.319 1565.237 1562.155 1562.885 1563.979 1565.073 1566.166 1567.613 1569.643 1571.673 1573.703 1575.734 1576.853 1577.799 1578.746 1579.693 1580.802 1582.285 1583.767 1585.249 1586.732 1589.433 1592.503 1595.573 1598.643 1601.002 1601.005 1601.007 1601.01 1601.013 1599.901 1598.301 1596.701 1595.102 1593.786 1593.973 1594.159 1594.345 1594.532 1596.623 1599.867 1603.111 1606.355 1609.525 1611.916 1614.306 1616.697 1619.088 1620.119 1620.039 1619.96 1619.88 1619.807 1620.111 1620.416 1620.721 1621.026
1589.633 1585.136 1580.638 1576.141 1572.223 1569.017 1565.81 1562.604 1559.398 1559.91 1560.777 1561.644 1562.511 1563.686 1565.37 1567.055 1568.74 1570.424 1571.298 1572.018 1572.737 1573.457 1574.482 1576.201 1577.921 1579.641 1581.361 1584.707 1588.544 1592.38 1596.217 1599.214 1599.427 1599.64 1599.854 1600.067 1598.816 1596.925 1595.034 1593.142 1591.556 1591.58 1591.605 1591.629 1591.653 1593.745 1597.086 1600.427 1603.768 1607.012 1609.241 1611.47 1613.699 1615.927 1616.876 1616.781 1616.685 1616.59 1616.497 1616.629 1616.761 1616.893 1617.026
1588.809 1583.923 1579.036 1574.15 1569.963 1566.632 1563.301 1559.971 1556.641 1556.935 1557.575 1558.215 1558.855 1559.759 1561.098 1562.437 1563.776 1565.115 1565.743 1566.236 1566.729 1567.222 1568.161 1570.118 1572.076 1574.033 1575.991 1579.98 1584.584 1589.187 1593.791 1597.425 1597.849 1598.273 1598.697 1599.121 1597.732 1595.549 1593.366 1591.183 1589.326 1589.188 1589.05 1588.913 1588.775 1590.866 1594.304 1597.742 1601.181 1604.5 1606.566 1608.633 1610.7 1612.767 1613.634 1613.522 1613.41 1613.299 1613.188 1613.147 1613.106 1613.066 1613.025
1587.985 1582.71 1577.435 1572.159 1567.702 1564.247 1560.793 1557.338 1553.883 1553.96 1554.373 1554.786 1555.2 1555.832 1556.825 1557.818 1558.812 1559.805 1560.188 1560.454 1560.72 1560.986 1561.84 1564.035 1566.23 1568.425 1570.62 1575.254 1580.624 1585.995 1591.365 1595.637 1596.271 1596.906 1597.541 1598.175 1596.647 1594.172 1591.698 1589.223 1587.095 1586.796 1586.496 1586.196 1585.896 1587.987 1591.522 1595.058 1598.593 1601.987 1603.892 1605.797 1607.701 1609.606 1610.392 1610.264 1610.136 1610.008 1609.879 1609.665 1609.452 1609.238 1609.025
1587.161 1581.497 1575.833 1570.169 1565.442 1561.863 1558.284 1554.705 1551.126 1550.985 1551.171 1551.358 1551.544 1551.904 1552.552 1553.2 1553.848 1554.496 1554.632 1554.672 1554.711 1554.751 1555.519 1557.951 1560.384 1562.817 1565.25 1570.528 1576.665 1582.802 1588.939 1593.849 1594.694 1595.539 1596.384 1597.229 1595.562 1592.796 1590.03 1587.264 1584.865 1584.403 1583.941 1583.48 1583.018 1585.108 1588.741 1592.373 1596.006 1599.474 1601.217 1602.96 1604.703 1606.446 1607.149 1607.005 1606.861 1606.717 1606.569 1606.183 1605.797 1605.41 1605.024
1584.521 1578.843 1573.165 1567.487 1562.946 1559.801 1556.655 1553.51 1550.364 1550.2 1550.321 1550.441 1550.561 1550.817 1551.298 1551.778 1552.259 1552.74 1552.817 1552.817 1552.817 1552.817 1553.494 1555.718 1557.942 1560.166 1562.391 1567.493 1573.465 1579.436 1585.408 1590.242 1591.312 1592.381 1593.45 1594.519 1592.776 1589.803 1586.83 1583.857 1581.243 1580.521 1579.799 1579.078 1578.356 1580.444 1584.232 1588.02 1591.808 1595.419 1597.169 1598.919 1600.67 1602.42 1603.258 1603.352 1603.446 1603.54 1603.636 1603.911 1604.186 1604.461 1604.736
1581.498 1575.885 1570.272 1564.659 1560.401 1557.807 1555.212 1552.617 1550.022 1549.877 1549.965 1550.052 1550.14 1550.327 1550.678 1551.03 1551.381 1551.732 1551.788 1551.788 1551.788 1551.788 1552.373 1554.295 1556.217 1558.138 1560.06 1564.815 1570.425 1576.034 1581.644 1586.253 1587.549 1588.845 1590.141 1591.437 1589.632 1586.47 1583.308 1580.146 1577.328 1576.325 1575.323 1574.32 1573.318 1575.405 1579.36 1583.315 1587.271 1591.038 1592.831 1594.625 1596.418 1598.212 1599.23 1599.616 1600.001 1600.387 1600.783 1601.895 1603.007 1604.118 1605.23
1578.476 1572.928 1567.379 1561.831 1557.857 1555.813 1553.769 1551.725 1549.681 1549.553 1549.609 1549.664 1549.719 1549.838 1550.059 1550.281 1550.502 1550.724 1550.759 1550.759 1550.759 1550.759 1551.252 1552.872 1554.491 1556.11 1557.73 1562.136 1567.385 1572.632 1577.88 1582.265 1583.787 1585.31 1586.833 1588.356 1586.488 1583.137 1579.786 1576.435 1573.413 1572.13 1570.847 1569.563 1568.28 1570.366 1574.488 1578.611 1582.733 1586.657 1588.494 1590.331 1592.168 1594.004 1595.202 1595.88 1596.557 1597.234 1597.929 1599.878 1601.827 1603.776 1605.724
1575.453 1569.97 1564.486 1559.003 1555.312 1553.819 1552.325 1550.832 1549.339 1549.23 1549.253 1549.276 1549.299 1549.348 1549.44 1549.532 1549.624 1549.716 1549.73 1549.73 1549.73 1549.73 1550.131 1551.448 1552.766 1554.083 1555.4 1559.458 1564.344 1569.231 1574.117 1578.276 1580.025 1581.775 1583.524 1585.274 1583.344 1579.803 1576.264 1572.723 1569.498 1567.934 1566.37 1564.806 1563.242 1565.326 1569.616 1573.906 1578.196 1582.276 1584.156 1586.036 1587.917 1589.796 1591.175 1592.143 1593.112 1594.08 1595.075 1597.861 1600.647 1603.433 1606.219
1572.158 1566.966 1561.774 1556.582 1553.255 1552.214 1551.173 1550.132 1549.091 1549.0 1549.0 1549.0 1549.0 1549.0 1549.0 1549.0 1549.0 1549.0 1548.995 1548.989 1548.982 1548.976 1549.287 1550.324 1551.36 1552.397 1553.433 1557.087 1561.53 1565.973 1570.416 1574.255 1576.095 1577.936 1579.776 1581.616 1579.693 1576.123 1572.554 1568.985 1565.714 1564.02 1562.325 1560.63 1558.936 1560.943 1565.189 1569.435 1573.682 1577.727 1579.662 1581.598 1583.534 1585.469 1587.156 1588.638 1590.12 1591.603 1593.117 1596.752 1600.387 1604.022 1607.657
1568.193 1563.849 1559.504 1555.16 1552.395 1551.564 1550.733 1549.903 1549.072 1549.0 1549.0 1549.0 1549.0 1549.0 1549.0 1549.0 1549.0 1549.0 1548.977 1548.949 1548.921 1548.893 1549.12 1549.93 1550.74 1551.549 1552.359 1555.466 1559.267 1563.067 1566.868 1570.157 1571.755 1573.352 1574.949 1576.546 1574.801 1571.593 1568.386 1565.178 1562.249 1560.792 1559.335 1557.878 1556.421 1558.168 1561.853 1565.537 1569.222 1572.762 1574.784 1576.806 1578.828 1580.85 1583.158 1585.699 1588.24 1590.78 1593.35 1597.865 1602.38 1606.896 1611.411
1564.227 1560.731 1557.235 1553.738 1551.534 1550.914 1550.294 1549.674 1549.054 1549.0 1549.0 1549.0 1549.0 1549.0 1549.0 1549.0 1549.0 1549.0 1548.958 1548.909 1548.859 1548.81 1548.953 1549.536 1550.119 1550.702 1551.285 1553.846 1557.004 1560.162 1563.32 1566.06 1567.414 1568.768 1570.122 1571.476 1569.909 1567.063 1564.217 1561.371 1558.785 1557.565 1556.346 1555.126 1553.907 1555.394 1558.517 1561.64 1564.763 1567.797 1569.906 1572.014 1574.123 1576.231 1579.161 1582.76 1586.359 1589.958 1593.583 1598.978 1604.374 1609.769 1615.165
1560.262 1557.614 1554.965 1552.316 1550.673 1550.264 1549.854 1549.445 1549.036 1549.0 1549.0 1549.0 1549.0 1549.0 1549.0 1549.0 1549.0 1549.0 1548.94 1548.869 1548.798 1548.727 1548.786 1549.142 1549.499 1549.855 1550.211 1552.226 1554.741 1557.256 1559.772 1561.962 1563.073 1564.184 1565.295 1566.407 1565.017 1562.533 1560.049 1557.565 1555.32 1554.338 1553.356 1552.374 1551.392 1552.619 1555.18 1557.742 1560.303 1562.833 1565.028 1567.223 1569.417 1571.612 1575.163 1579.821 1584.478 1589.135 1593.816 1600.092 1606.367 1612.643 1618.918
1556.297 1554.496 1552.695 1550.894 1549.813 1549.614 1549.415 1549.216 1549.017 1549.0 1549.0 1549.0 1549.0 1549.0 1549.0 1549.0 1549.0 1549.0 1548.922 1548.829 1548.737 1548.644 1548.619 1548.749 1548.878 1549.007 1549.137 1550.605 1552.478 1554.351 1556.224 1557.864 1558.732 1559.601 1560.469 1561.337 1560.125 1558.003 1555.88 1553.758 1551.855 1551.111 1550.367 1549.622 1548.878 1549.844 1551.844 1553.844 1555.844 1557.868 1560.149 1562.431 1564.712 1566.993 1571.166 1576.882 1582.597 1588.313 1594.049 1601.205 1608.361 1615.516 1622.672
1554.27 1552.942 1551.615 1550.287 1549.501 1549.378 1549.256 1549.133 1549.011 1549.0 1549.0 1549.0 1549.0 1549.0 1549.0 1549.0 1549.0 1549.0 1548.918 1548.82 1548.722 1548.624 1548.567 1548.604 1548.641 1548.677 1548.714 1549.834 1551.28 1552.726 1554.172 1555.43 1556.068 1556.705 1557.343 1557.98 1556.918 1555.113 1553.308 1551.503 1549.886 1549.265 1548.645 1548.024 1547.403 1548.19 1549.828 1551.466 1553.103 1554.791 1557.004 1559.217 1561.43 1563.643 1568.155 1574.543 1580.93 1587.317 1593.728 1601.711 1609.694 1617.677 1625.66
