data/zism_data/01119_02_D.txt
ncols         224
nrows         224
[rows 28 to 55 of 224, columns 126 to 188 of 224]
3936.187 3948.693 3961.198 3973.702 3986.169 3997.334 4008.499 4019.664 4030.83 4041.325 4051.09 4060.855 4070.619 4080.384 4098.776 4117.842 4136.907 4155.974 4175.351 4195.243 4215.136 4235.028 4254.921 4263.738 4270.223 4276.708 4283.193 4287.255 4284.939 4282.623 4280.307 4277.991 4270.822 4261.81 4252.798 4243.785 4232.671 4211.571 4190.471 4169.372 4148.271 4124.852 4100.029 4075.208 4050.385 4025.961 4006.625 3987.291 3967.957 3948.621 3931.613 3916.737 3901.861 3886.984 3872.108 3862.44 3852.927 3843.414 3833.901 3827.353 3824.894 3822.435 3819.975
3936.688 3949.042 3961.396 3973.75 3986.082 3997.635 4009.188 4020.74 4032.293 4043.217 4053.456 4063.694 4073.933 4084.171 4103.661 4123.873 4144.085 4164.298 4184.324 4204.045 4223.765 4243.485 4263.206 4271.241 4276.816 4282.392 4287.968 4291.519 4289.741 4287.963 4286.185 4284.407 4276.642 4266.602 4256.561 4246.521 4234.117 4210.487 4186.857 4163.228 4139.598 4115.296 4090.586 4065.877 4041.168 4016.901 3998.287 3979.674 3961.06 3942.447 3926.62 3913.348 3900.076 3886.803 3873.531 3866.235 3859.118 3852.0 3844.883 3840.092 3838.51 3836.928 3835.346
3937.188 3949.392 3961.595 3973.799 3985.995 3997.935 4009.876 4021.816 4033.757 4045.11 4055.822 4066.534 4077.246 4087.958 4108.545 4129.905 4151.263 4172.622 4193.298 4212.847 4232.395 4251.942 4271.491 4278.745 4283.411 4288.076 4292.742 4295.782 4294.542 4293.303 4292.063 4290.824 4282.462 4271.393 4260.325 4249.256 4235.563 4209.403 4183.244 4157.085 4130.925 4105.74 4081.143 4056.547 4031.951 4007.841 3989.948 3972.056 3954.164 3936.271 3921.627 3909.958 3898.291 3886.622 3874.954 3870.031 3865.309 3860.587 3855.864 3852.831 3852.126 3851.422 3850.718
3938.089 3950.09 3962.091 3974.092 3986.102 3998.404 4010.706 4023.007 4035.309 4047.076 4058.261 4069.445 4080.629 4091.813 4113.437 4135.877 4158.316 4180.756 4202.019 4221.337 4240.654 4259.972 4279.29 4285.783 4289.576 4293.369 4297.162 4299.701 4298.939 4298.178 4297.416 4296.655 4287.669 4275.559 4263.448 4251.337 4236.375 4207.867 4179.36 4150.853 4122.345 4096.342 4071.852 4047.363 4022.873 3998.915 3981.746 3964.579 3947.411 3930.243 3916.802 3906.776 3896.751 3886.725 3876.7 3874.154 3871.831 3869.508 3867.186 3865.882 3865.984 3866.085 3866.187
3945.493 3956.45 3967.407 3978.364 3989.358 4001.595 4013.832 4026.069 4038.307 4050.254 4061.885 4073.516 4085.146 4096.778 4118.444 4140.895 4163.344 4185.795 4206.622 4224.767 4242.911 4261.055 4279.2 4285.262 4288.781 4292.299 4295.818 4298.02 4296.758 4295.496 4294.233 4292.971 4282.928 4269.546 4256.166 4242.785 4226.879 4198.979 4171.081 4143.182 4115.282 4089.511 4065.027 4040.543 4016.059 3992.161 3975.768 3959.376 3942.983 3926.59 3914.704 3906.95 3899.197 3891.442 3883.688 3883.602 3883.744 3883.887 3884.029 3884.007 3883.759 3883.511 3883.263
3952.897 3962.81 3972.723 3982.635 3992.614 4004.786 4016.959 4029.131 4041.304 4053.431 4065.509 4077.586 4089.664 4101.742 4123.45 4145.912 4168.372 4190.833 4211.226 4228.197 4245.168 4262.139 4279.11 4284.741 4287.985 4291.229 4294.474 4296.339 4294.576 4292.813 4291.051 4289.288 4278.186 4263.535 4248.884 4234.233 4217.384 4190.092 4162.801 4135.511 4108.219 4082.681 4058.202 4033.724 4009.245 3985.409 3969.791 3954.173 3938.555 3922.937 3912.607 3907.125 3901.642 3896.159 3890.677 3893.05 3895.657 3898.265 3900.872 3902.132 3901.534 3900.937 3900.339
3960.301 3969.17 3978.038 3986.907 3995.869 4007.977 4020.085 4032.193 4044.301 4056.608 4069.133 4081.657 4094.181 4106.706 4128.457 4150.929 4173.4 4195.872 4215.829 4231.627 4247.424 4263.222 4279.02 4284.221 4287.19 4290.16 4293.129 4294.658 4292.395 4290.131 4287.868 4285.605 4273.445 4257.523 4241.602 4225.681 4207.888 4181.205 4154.522 4127.84 4101.156 4075.851 4051.377 4026.905 4002.431 3978.656 3963.813 3948.97 3934.127 3919.284 3910.51 3907.299 3904.088 3900.876 3897.665 3902.498 3907.57 3912.643 3917.715 3920.257 3919.31 3918.362 3917.414
3967.705 3975.53 3983.354 3991.178 3999.125 4011.168 4023.212 4035.255 4047.299 4059.786 4072.757 4085.728 4098.699 4111.67 4133.463 4155.946 4178.428 4200.911 4220.432 4235.057 4249.681 4264.306 4278.93 4283.7 4286.395 4289.09 4291.785 4292.977 4290.213 4287.449 4284.686 4281.921 4268.703 4251.511 4234.32 4217.128 4198.393 4172.317 4146.243 4120.168 4094.094 4069.021 4044.552 4020.085 3995.616 3971.903 3957.835 3943.767 3929.699 3915.631 3908.413 3907.473 3906.533 3905.593 3904.654 3911.946 3919.483 3927.021 3934.559 3938.383 3937.085 3935.788 3934.49
3975.397 3982.211 3989.025 3995.839 4002.792 4014.411 4026.031 4037.65 4049.27 4061.49 4074.366 4087.242 4100.117 4112.994 4134.089 4155.827 4177.564 4199.303 4218.092 4232.007 4245.921 4259.835 4273.75 4278.404 4281.108 4283.813 4286.517 4287.529 4284.087 4280.646 4277.205 4273.763 4259.908 4242.095 4224.282 4206.469 4187.401 4162.372 4137.344 4112.316 4087.287 4063.26 4039.836 4016.413 3992.989 3970.317 3957.266 3944.215 3931.163 3918.112 3912.45 3913.563 3914.675 3915.788 3916.9 3925.178 3933.67 3942.162 3950.655 3954.602 3952.28 3949.959 3947.637
3983.353 3989.188 3995.022 4000.856 4006.836 4017.702 4028.568 4039.434 4050.3 4061.844 4074.128 4086.411 4098.695 4110.979 4130.698 4151.0 4171.3 4191.601 4209.387 4223.017 4236.646 4250.275 4263.904 4268.731 4271.704 4274.678 4277.651 4278.626 4274.346 4270.064 4265.784 4261.502 4247.396 4229.556 4211.717 4193.876 4175.039 4151.458 4127.877 4104.297 4080.716 4058.478 4037.051 4015.625 3994.198 3973.469 3961.655 3949.842 3938.029 3926.215 3922.112 3925.076 3928.04 3931.004 3933.968 3941.882 3949.943 3958.004 3966.066 3969.073 3965.11 3961.147 3957.184
3991.309 3996.164 4001.018 4005.873 4010.88 4020.992 4031.105 4041.217 4051.33 4062.197 4073.889 4085.581 4097.272 4108.964 4127.308 4146.172 4165.035 4183.899 4200.683 4214.027 4227.371 4240.714 4254.059 4259.058 4262.301 4265.543 4268.786 4269.725 4264.604 4259.483 4254.363 4249.242 4234.885 4217.018 4199.152 4181.285 4162.676 4140.543 4118.411 4096.278 4074.145 4053.697 4034.267 4014.838 3995.408 3976.62 3966.044 3955.469 3944.894 3934.318 3931.772 3936.588 3941.404 3946.219 3951.035 3958.584 3966.215 3973.846 3981.477 3983.545 3977.94 3972.336 3966.731
3999.265 4003.14 4007.015 4010.89 4014.924 4024.283 4033.642 4043.001 4052.36 4062.551 4073.651 4084.75 4095.85 4106.95 4123.917 4141.344 4158.771 4176.197 4191.978 4205.037 4218.095 4231.154 4244.213 4249.385 4252.896 4256.408 4259.919 4260.823 4254.862 4248.902 4242.942 4236.981 4222.374 4204.48 4186.586 4168.692 4150.313 4129.628 4108.944 4088.259 4067.574 4048.916 4031.483 4014.051 3996.617 3979.771 3970.434 3961.096 3951.759 3942.421 3941.434 3948.101 3954.768 3961.435 3968.102 3975.287 3982.488 3989.688 3996.888 3998.017 3990.77 3983.524 3976.278
4007.22 4010.116 4013.012 4015.907 4018.968 4027.573 4036.179 4044.784 4053.39 4062.905 4073.413 4083.92 4094.427 4104.936 4120.527 4136.517 4152.506 4168.496 4183.273 4196.047 4208.82 4221.594 4234.367 4239.712 4243.493 4247.273 4251.054 4251.921 4245.121 4238.321 4231.521 4224.721 4209.863 4191.942 4174.021 4156.101 4137.951 4118.714 4099.477 4080.24 4061.003 4044.135 4028.699 4013.263 3997.827 3982.923 3974.823 3966.723 3958.624 3950.524 3951.094 3959.613 3968.132 3976.651 3985.169 3991.99 3998.76 4005.529 4012.299 4012.488 4003.6 3994.713 3985.825
4017.199 4018.855 4020.511 4022.167 4023.999 4031.718 4039.437 4047.156 4054.875 4063.581 4073.364 4083.147 4092.93 4102.713 4116.718 4131.052 4145.387 4159.722 4173.229 4185.367 4197.505 4209.643 4221.781 4226.97 4230.697 4234.423 4238.149 4238.87 4231.681 4224.492 4217.303 4210.114 4196.079 4179.441 4162.804 4146.167 4129.516 4112.798 4096.081 4079.364 4062.646 4047.892 4034.326 4020.76 4007.193 3994.141 3987.667 3981.192 3974.718 3968.243 3969.932 3979.104 3988.275 3997.447 4006.618 4011.149 4015.541 4019.933 4024.326 4022.362 4011.631 4000.9 3990.168
4027.207 4027.62 4028.032 4028.445 4029.043 4035.874 4042.705 4049.536 4056.367 4064.262 4073.319 4082.375 4091.431 4100.488 4112.902 4125.579 4138.255 4150.932 4163.165 4174.662 4186.16 4197.657 4209.155 4214.184 4217.851 4221.518 4225.186 4225.758 4218.187 4210.616 4203.045 4195.474 4182.277 4166.942 4151.607 4136.272 4121.138 4106.956 4092.774 4078.592 4064.409 4051.775 4040.077 4028.378 4016.68 4005.478 4000.635 3995.791 3990.948 3986.104 3988.904 3998.711 4008.517 4018.324 4028.131 4030.344 4032.33 4034.316 4036.302 4032.167 4019.59 4007.013 3994.436
4037.215 4036.384 4035.553 4034.723 4034.088 4040.031 4045.974 4051.917 4057.859 4064.944 4073.273 4081.603 4089.932 4098.262 4109.086 4120.105 4131.124 4142.143 4153.1 4163.958 4174.814 4185.671 4196.529 4201.397 4205.005 4208.613 4212.221 4212.646 4204.692 4196.739 4188.786 4180.833 4168.475 4154.442 4140.41 4126.378 4112.761 4101.114 4089.467 4077.82 4066.173 4055.658 4045.827 4035.997 4026.166 4016.815 4013.603 4010.39 4007.178 4003.965 4007.876 4018.319 4028.76 4039.202 4049.644 4049.539 4049.119 4048.699 4048.279 4041.974 4027.55 4013.127 3998.703
4047.223 4045.149 4043.075 4041.0 4039.133 4044.187 4049.242 4054.297 4059.352 4065.625 4073.228 4080.831 4088.434 4096.037 4105.27 4114.631 4123.992 4133.353 4143.036 4153.253 4163.469 4173.686 4183.903 4188.611 4192.16 4195.708 4199.257 4199.534 4191.198 4182.863 4174.528 4166.192 4154.673 4141.943 4129.213 4116.483 4104.383 4095.271 4086.16 4077.049 4067.937 4059.541 4051.578 4043.615 4035.653 4028.152 4026.571 4024.989 4023.407 4021.826 4026.848 4037.926 4049.002 4060.08 4071.156 4068.733 4065.907 4063.082 4060.256 4051.78 4035.51 4019.24 4002.97
4056.334 4053.347 4050.361 4047.375 4044.596 4048.774 4052.953 4057.132 4061.311 4066.761 4073.599 4080.436 4087.274 4094.111 4101.929 4109.823 4117.717 4125.611 4134.174 4143.845 4153.515 4163.186 4172.856 4177.838 4181.833 4185.828 4189.823 4190.484 4182.371 4174.258 4166.145 4158.032 4147.409 4135.832 4124.255 4112.678 4101.844 4094.537 4087.23 4079.924 4072.617 4065.907 4059.558 4053.209 4046.86 4040.961 4040.824 4040.688 4040.551 4040.414 4046.102 4057.13 4068.157 4079.185 4090.213 4085.428 4080.172 4074.916 4069.66 4059.137 4041.35 4023.563 4005.776
4064.344 4060.851 4057.359 4053.867 4050.572 4053.889 4057.207 4060.524 4063.842 4068.454 4074.479 4080.504 4086.529 4092.554 4099.169 4105.831 4112.492 4119.154 4126.787 4136.027 4145.267 4154.506 4163.746 4169.534 4174.594 4179.655 4184.715 4186.414 4179.264 4172.115 4164.966 4157.816 4148.16 4137.552 4126.944 4116.335 4106.459 4100.063 4093.665 4087.268 4080.871 4075.316 4070.269 4065.223 4060.177 4055.574 4056.654 4057.733 4058.812 4059.892 4065.698 4075.838 4085.978 4096.117 4106.257 4099.059 4091.343 4083.627 4075.911 4063.494 4044.593 4025.692 4006.79
4072.354 4068.355 4064.357 4060.359 4056.548 4059.004 4061.46 4063.917 4066.373 4070.147 4075.36 4080.572 4085.784 4090.996 4096.409 4101.838 4107.267 4112.696 4119.399 4128.208 4137.017 4145.827 4154.636 4161.229 4167.355 4173.481 4179.608 4182.344 4176.158 4169.972 4163.786 4157.6 4148.912 4139.272 4129.633 4119.993 4111.076 4105.588 4100.101 4094.613 4089.126 4084.725 4080.981 4077.237 4073.494 4070.188 4072.483 4074.779 4077.074 4079.37 4085.295 4094.547 4103.798 4113.05 4122.302 4112.689 4102.513 4092.338 4082.162 4067.851 4047.835 4027.82 4007.805
4080.364 4075.859 4071.355 4066.851 4062.523 4064.119 4065.714 4067.309 4068.905 4071.841 4076.24 4080.64 4085.039 4089.438 4093.649 4097.846 4102.042 4106.239 4112.011 4120.39 4128.769 4137.147 4145.526 4152.924 4160.117 4167.309 4174.5 4178.274 4173.051 4167.829 4162.606 4157.384 4149.663 4140.992 4132.321 4123.65 4115.692 4111.114 4106.536 4101.958 4097.38 4094.134 4091.693 4089.251 4086.81 4084.8 4088.312 4091.824 4095.336 4098.849 4104.892 4113.255 4121.619 4129.982 4138.346 4126.319 4113.684 4101.048 4088.412 4072.208 4051.078 4029.949 4008.819
4088.373 4083.363 4078.353 4073.343 4068.499 4069.233 4069.967 4070.701 4071.436 4073.534 4077.121 4080.707 4084.294 4087.881 4090.89 4093.854 4096.817 4099.781 4104.624 4112.572 4120.52 4128.468 4136.416 4144.62 4152.878 4161.135 4169.393 4174.204 4169.945 4165.686 4161.427 4157.168 4150.414 4142.712 4135.01 4127.308 4120.308 4116.64 4112.971 4109.303 4105.635 4103.542 4102.404 4101.265 4100.126 4099.413 4104.141 4108.87 4113.598 4118.327 4124.488 4131.964 4139.439 4146.915 4154.39 4139.949 4124.854 4109.759 4094.663 4076.564 4054.32 4032.077 4009.833
4093.568 4088.288 4083.008 4077.728 4072.614 4073.097 4073.579 4074.061 4074.544 4076.437 4079.869 4083.302 4086.734 4090.167 4093.749 4097.343 4100.937 4104.53 4109.806 4117.865 4125.922 4133.98 4142.039 4149.9 4157.72 4165.539 4173.359 4178.117 4174.816 4171.516 4168.215 4164.915 4159.212 4152.597 4145.982 4139.367 4133.221 4129.302 4125.384 4121.465 4117.547 4115.382 4114.278 4113.174 4112.07 4111.398 4116.257 4121.115 4125.974 4130.833 4135.938 4141.267 4146.596 4151.925 4157.254 4140.539 4123.166 4105.793 4088.419 4069.019 4046.821 4024.623 4002.425
4098.495 4092.967 4087.439 4081.911 4076.552 4076.841 4077.129 4077.418 4077.706 4079.455 4082.796 4086.136 4089.477 4092.818 4097.143 4101.544 4105.945 4110.346 4116.187 4124.406 4132.625 4140.845 4149.065 4156.474 4163.712 4170.951 4178.189 4182.789 4180.447 4178.104 4175.762 4173.42 4168.777 4163.259 4157.742 4152.225 4146.923 4142.644 4138.365 4134.086 4129.807 4127.453 4126.262 4125.072 4123.882 4123.132 4128.018 4132.904 4137.79 4142.675 4146.61 4149.673 4152.737 4155.8 4158.863 4139.887 4120.253 4100.62 4080.986 4060.34 4038.298 4016.257 3994.215
4103.422 4097.646 4091.871 4086.095 4080.49 4080.585 4080.68 4080.774 4080.869 4082.473 4085.722 4088.971 4092.221 4095.47 4100.537 4105.746 4110.954 4116.163 4122.566 4130.948 4139.329 4147.709 4156.091 4163.048 4169.705 4176.362 4183.019 4187.462 4186.078 4184.693 4183.309 4181.925 4178.341 4173.922 4169.503 4165.083 4160.626 4155.986 4151.347 4146.707 4142.067 4139.523 4138.247 4136.971 4135.694 4134.867 4139.78 4144.692 4149.605 4154.518 4157.283 4158.081 4158.878 4159.675 4160.473 4139.235 4117.341 4095.447 4073.552 4051.661 4029.776 4007.89 3986.004
4108.348 4102.325 4096.302 4090.279 4084.428 4084.329 4084.23 4084.131 4084.032 4085.491 4088.649 4091.806 4094.964 4098.122 4103.931 4109.947 4115.963 4121.979 4128.947 4137.489 4146.032 4154.574 4163.117 4169.622 4175.697 4181.773 4187.849 4192.135 4191.708 4191.282 4190.856 4190.43 4187.906 4184.584 4181.263 4177.942 4174.329 4169.328 4164.328 4159.328 4154.327 4151.594 4150.231 4148.869 4147.507 4146.601 4151.541 4156.48 4161.42 4166.36 4167.956 4166.487 4165.019 4163.55 4162.082 4138.583 4114.429 4090.274 4066.118 4042.983 4021.253 3999.524 3977.794
4114.644 4108.154 4101.664 4095.175 4088.862 4088.482 4088.102 4087.722 4087.342 4088.719 4092.012 4095.306 4098.6 4101.893 4108.436 4115.233 4122.03 4128.827 4136.215 4144.58 4152.945 4161.311 4169.676 4175.539 4180.875 4186.211 4191.548 4195.456 4195.604 4195.753 4195.902 4196.05 4194.279 4191.778 4189.276 4186.775 4183.784 4178.463 4173.143 4167.823 4162.502 4159.346 4157.498 4155.649 4153.801 4152.418 4156.99 4161.561 4166.132 4170.703 4171.102 4167.675 4164.249 4160.822 4157.396 4132.971 4107.921 4082.87 4057.819 4034.272 4012.797 3991.324 3969.85
4123.201 4115.883 4108.564 4101.246 4094.116 4093.311 4092.506 4091.7 4090.895 4092.295 4096.1 4099.905 4103.709 4107.515 4114.778 4122.313 4129.847 4137.382 4144.951 4152.579 4160.207 4167.834 4175.463 4180.371 4184.706 4189.041 4193.376 4196.542 4196.631 4196.721 4196.81 4196.899 4195.373 4193.232 4191.092 4188.952 4186.214 4180.641 4175.067 4169.494 4163.92 4159.954 4156.959 4153.965 4150.97 4148.45 4151.998 4155.546 4159.095 4162.644 4161.797 4156.923 4152.048 4147.174 4142.3 4119.156 4095.467 4071.778 4048.089 4025.508 4004.453 3983.399 3962.345
