data/zism_data/01113_04_D.txt
ncols         224
nrows         224
[rows 0 to 27 of 224, columns 63 to 125 of 224]
1311.7 1313.997 1316.799 1320.045 1323.29 1326.536 1329.781 1332.806 1335.819 1338.832 1341.845 1344.147 1345.215 1346.282 1347.349 1348.416 1346.434 1343.596 1340.758 1337.921 1334.375 1327.943 1321.511 1315.08 1308.648 1303.715 1299.729 1295.743 1291.757 1287.847 1286.441 1285.035 1283.629 1282.224 1281.18 1280.589 1279.997 1279.406 1278.814 1278.773 1278.82 1278.866 1278.913 1278.974 1279.072 1279.169 1279.267 1279.365 1279.395 1279.395 1279.395 1279.395 1279.44 1279.852 1280.263 1280.675 1281.087 1281.599 1282.202 1282.805 1283.409 1284.012 1285.466
1314.037 1316.355 1319.102 1322.225 1325.348 1328.471 1331.594 1334.421 1337.231 1340.042 1342.852 1344.929 1345.73 1346.531 1347.332 1348.133 1345.58 1342.087 1338.595 1335.102 1330.941 1324.056 1317.172 1310.287 1303.402 1298.589 1295.082 1291.576 1288.069 1284.634 1283.58 1282.526 1281.471 1280.417 1279.761 1279.601 1279.441 1279.281 1279.121 1279.41 1279.771 1280.132 1280.493 1280.804 1280.987 1281.17 1281.353 1281.536 1281.592 1281.592 1281.592 1281.592 1281.652 1282.197 1282.742 1283.287 1283.832 1284.413 1285.026 1285.64 1286.254 1286.868 1288.142
1316.374 1318.714 1321.405 1324.406 1327.406 1330.407 1333.407 1336.036 1338.644 1341.252 1343.86 1345.711 1346.245 1346.78 1347.315 1347.849 1344.727 1340.579 1336.431 1332.283 1327.507 1320.169 1312.832 1305.495 1298.157 1293.462 1290.435 1287.408 1284.381 1281.421 1280.719 1280.016 1279.313 1278.611 1278.342 1278.613 1278.885 1279.156 1279.427 1280.047 1280.722 1281.397 1282.072 1282.635 1282.903 1283.171 1283.439 1283.708 1283.79 1283.79 1283.79 1283.79 1283.864 1284.542 1285.22 1285.898 1286.576 1287.226 1287.85 1288.475 1289.099 1289.724 1290.818
1319.03 1321.345 1323.924 1326.732 1329.541 1332.349 1335.158 1337.544 1339.906 1342.269 1344.631 1346.118 1346.08 1346.042 1346.003 1345.965 1342.11 1337.185 1332.26 1327.335 1321.93 1314.568 1307.206 1299.845 1292.483 1288.052 1285.471 1282.89 1280.308 1277.794 1277.522 1277.25 1276.978 1276.706 1276.889 1277.64 1278.39 1279.141 1279.892 1280.813 1281.762 1282.711 1283.66 1284.443 1284.797 1285.15 1285.504 1285.857 1285.969 1285.973 1285.978 1285.983 1286.071 1286.834 1287.598 1288.361 1289.124 1289.823 1290.462 1291.102 1291.742 1292.382 1293.351
1322.078 1324.313 1326.706 1329.238 1331.769 1334.301 1336.833 1338.921 1340.985 1343.049 1345.114 1346.065 1345.078 1344.092 1343.106 1342.12 1337.333 1331.481 1325.63 1319.777 1313.727 1306.866 1300.005 1293.144 1286.283 1282.294 1280.117 1277.941 1275.764 1273.659 1273.914 1274.169 1274.424 1274.679 1275.395 1276.683 1277.972 1279.261 1280.549 1281.738 1282.911 1284.083 1285.256 1286.225 1286.664 1287.102 1287.541 1287.979 1288.125 1288.14 1288.156 1288.171 1288.271 1289.061 1289.851 1290.641 1291.431 1292.153 1292.815 1293.476 1294.137 1294.798 1295.708
1325.125 1327.28 1329.488 1331.743 1333.998 1336.252 1338.507 1340.298 1342.064 1343.83 1345.596 1346.012 1344.077 1342.143 1340.209 1338.275 1332.557 1325.778 1318.999 1312.22 1305.524 1299.164 1292.803 1286.443 1280.083 1276.536 1274.764 1272.992 1271.22 1269.523 1270.306 1271.088 1271.871 1272.653 1273.901 1275.728 1277.554 1279.381 1281.207 1282.663 1284.06 1285.456 1286.852 1288.006 1288.53 1289.054 1289.578 1290.102 1290.281 1290.307 1290.333 1290.359 1290.472 1291.288 1292.105 1292.921 1293.738 1294.484 1295.167 1295.849 1296.531 1297.214 1298.065
1328.172 1330.248 1332.271 1334.249 1336.226 1338.204 1340.182 1341.675 1343.143 1344.611 1346.078 1345.959 1343.076 1340.194 1337.312 1334.429 1327.78 1320.074 1312.368 1304.663 1297.321 1291.461 1285.602 1279.742 1273.882 1270.777 1269.411 1268.044 1266.677 1265.388 1266.698 1268.008 1269.318 1270.627 1272.407 1274.771 1277.136 1279.501 1281.865 1283.589 1285.208 1286.828 1288.448 1289.788 1290.397 1291.006 1291.615 1292.224 1292.437 1292.474 1292.51 1292.547 1292.672 1293.515 1294.359 1295.202 1296.045 1296.815 1297.519 1298.223 1298.926 1299.63 1300.422
1331.219 1333.215 1335.053 1336.754 1338.455 1340.155 1341.856 1343.053 1344.222 1345.391 1346.561 1345.906 1342.075 1338.245 1334.414 1330.584 1323.003 1314.37 1305.738 1297.105 1289.118 1283.759 1278.4 1273.041 1267.682 1265.019 1264.057 1263.095 1262.133 1261.252 1263.09 1264.927 1266.764 1268.601 1270.913 1273.815 1276.718 1279.621 1282.523 1284.514 1286.357 1288.201 1290.045 1291.57 1292.264 1292.958 1293.653 1294.347 1294.593 1294.64 1294.688 1294.735 1294.872 1295.742 1296.612 1297.482 1298.352 1299.146 1299.871 1300.596 1301.321 1302.046 1302.779
1333.511 1335.523 1337.239 1338.696 1340.154 1341.611 1343.068 1343.383 1343.637 1343.891 1344.145 1342.453 1337.378 1332.303 1327.228 1322.152 1314.528 1306.19 1297.851 1289.512 1281.923 1277.39 1272.857 1268.325 1263.792 1261.62 1260.938 1260.257 1259.575 1258.974 1261.066 1263.157 1265.249 1267.341 1269.986 1273.322 1276.657 1279.992 1283.327 1285.513 1287.513 1289.514 1291.514 1293.16 1293.882 1294.604 1295.326 1296.048 1296.376 1296.53 1296.684 1296.838 1297.065 1297.895 1298.724 1299.554 1300.383 1301.159 1301.886 1302.614 1303.341 1304.068 1304.768
1335.719 1337.757 1339.358 1340.575 1341.793 1343.01 1344.228 1343.596 1342.864 1342.132 1341.401 1338.617 1332.264 1325.91 1319.557 1313.203 1305.636 1297.729 1289.821 1281.914 1274.842 1271.172 1267.502 1263.832 1260.162 1258.487 1258.072 1257.656 1257.241 1256.905 1259.221 1261.536 1263.852 1266.167 1269.124 1272.88 1276.636 1280.392 1284.148 1286.52 1288.67 1290.819 1292.969 1294.728 1295.472 1296.215 1296.959 1297.702 1298.118 1298.389 1298.66 1298.931 1299.258 1300.039 1300.821 1301.602 1302.384 1303.137 1303.864 1304.591 1305.319 1306.046 1306.716
1337.926 1339.991 1341.476 1342.454 1343.432 1344.41 1345.387 1343.808 1342.091 1340.374 1338.657 1334.781 1327.15 1319.518 1311.886 1304.254 1296.744 1289.268 1281.792 1274.316 1267.76 1264.953 1262.146 1259.339 1256.532 1255.354 1255.205 1255.056 1254.907 1254.836 1257.375 1259.915 1262.454 1264.993 1268.262 1272.438 1276.615 1280.792 1284.968 1287.528 1289.826 1292.125 1294.424 1296.297 1297.062 1297.826 1298.591 1299.356 1299.859 1300.248 1300.636 1301.024 1301.45 1302.183 1302.917 1303.651 1304.384 1305.115 1305.842 1306.569 1307.296 1308.023 1308.663
1340.133 1342.224 1343.595 1344.333 1345.071 1345.809 1346.547 1344.021 1341.318 1338.616 1335.913 1330.945 1322.035 1313.125 1304.215 1295.304 1287.852 1280.807 1273.763 1266.718 1260.679 1258.735 1256.79 1254.846 1252.902 1252.221 1252.339 1252.456 1252.573 1252.767 1255.53 1258.293 1261.056 1263.819 1267.399 1271.996 1276.594 1281.192 1285.789 1288.535 1290.983 1293.431 1295.879 1297.865 1298.651 1299.438 1300.224 1301.01 1301.601 1302.106 1302.612 1303.117 1303.642 1304.328 1305.013 1305.699 1306.385 1307.092 1307.819 1308.547 1309.274 1310.001 1310.611
1341.535 1343.484 1344.567 1344.889 1345.211 1345.534 1345.856 1342.336 1338.61 1334.883 1331.156 1325.309 1315.773 1306.237 1296.7 1287.164 1280.099 1273.727 1267.354 1260.982 1255.614 1254.334 1253.054 1251.775 1250.495 1250.165 1250.433 1250.702 1250.971 1251.314 1254.16 1257.006 1259.852 1262.698 1266.432 1271.272 1276.113 1280.953 1285.794 1288.732 1291.364 1293.996 1296.629 1298.777 1299.664 1300.551 1301.438 1302.325 1303.03 1303.654 1304.278 1304.903 1305.533 1306.215 1306.898 1307.58 1308.262 1308.979 1309.726 1310.474 1311.222 1311.969 1312.578
1341.425 1342.917 1343.388 1342.964 1342.541 1342.118 1341.694 1337.095 1332.272 1327.448 1322.624 1316.298 1307.358 1298.418 1289.478 1280.538 1274.482 1269.233 1263.985 1258.737 1254.329 1253.342 1252.355 1251.368 1250.382 1250.125 1250.33 1250.535 1250.74 1251.016 1253.681 1256.346 1259.01 1261.675 1265.268 1270.018 1274.768 1279.518 1284.268 1287.409 1290.292 1293.174 1296.057 1298.455 1299.593 1300.73 1301.868 1303.005 1303.871 1304.618 1305.365 1306.112 1306.861 1307.623 1308.385 1309.147 1309.909 1310.694 1311.5 1312.307 1313.113 1313.919 1314.581
1341.316 1342.349 1342.209 1341.04 1339.871 1338.702 1337.533 1331.855 1325.934 1320.013 1314.091 1307.286 1298.943 1290.6 1282.256 1273.913 1268.865 1264.74 1260.616 1256.492 1253.044 1252.35 1251.656 1250.962 1250.268 1250.086 1250.227 1250.368 1250.509 1250.718 1253.202 1255.685 1258.169 1260.652 1264.105 1268.764 1273.424 1278.083 1282.742 1286.087 1289.22 1292.353 1295.485 1298.134 1299.522 1300.91 1302.297 1303.685 1304.713 1305.583 1306.452 1307.321 1308.188 1309.03 1309.872 1310.714 1311.556 1312.41 1313.275 1314.139 1315.004 1315.869 1316.585
1341.207 1341.782 1341.031 1339.116 1337.201 1335.286 1333.371 1326.614 1319.596 1312.577 1305.559 1298.275 1290.528 1282.781 1275.034 1267.287 1263.248 1260.247 1257.247 1254.246 1251.758 1251.358 1250.957 1250.556 1250.155 1250.047 1250.124 1250.201 1250.278 1250.42 1252.722 1255.025 1257.327 1259.63 1262.941 1267.51 1272.079 1276.648 1281.217 1284.764 1288.147 1291.531 1294.914 1297.813 1299.451 1301.089 1302.727 1304.365 1305.555 1306.547 1307.539 1308.531 1309.515 1310.437 1311.359 1312.281 1313.203 1314.125 1315.049 1315.972 1316.895 1317.819 1318.588
1341.098 1341.215 1339.852 1337.191 1334.531 1331.87 1329.21 1321.373 1313.258 1305.142 1297.026 1289.263 1282.113 1274.963 1267.812 1260.662 1257.631 1255.754 1253.878 1252.001 1250.473 1250.365 1250.258 1250.15 1250.042 1250.008 1250.021 1250.034 1250.047 1250.121 1252.243 1254.364 1256.486 1258.607 1261.778 1266.256 1270.734 1275.213 1279.691 1283.442 1287.075 1290.709 1294.342 1297.492 1299.38 1301.269 1303.157 1305.045 1306.397 1307.511 1308.626 1309.74 1310.842 1311.844 1312.846 1313.848 1314.849 1315.841 1316.823 1317.805 1318.787 1319.769 1320.592
1340.487 1340.117 1338.081 1334.586 1331.09 1327.595 1324.099 1316.294 1308.258 1300.221 1292.184 1284.692 1278.147 1271.602 1265.056 1258.511 1255.913 1254.422 1252.93 1251.439 1250.241 1250.24 1250.238 1250.236 1250.234 1250.356 1250.555 1250.755 1250.954 1251.209 1253.281 1255.353 1257.425 1259.496 1262.537 1266.785 1271.032 1275.28 1279.528 1283.305 1287.006 1290.707 1294.408 1297.639 1299.642 1301.645 1303.647 1305.651 1307.104 1308.316 1309.527 1310.739 1311.933 1312.994 1314.054 1315.115 1316.175 1317.234 1318.292 1319.349 1320.407 1321.464 1322.346
1339.749 1338.883 1336.159 1331.806 1327.453 1323.1 1318.747 1311.257 1303.599 1295.94 1288.282 1281.251 1275.313 1269.375 1263.437 1257.499 1255.188 1253.894 1252.599 1251.305 1250.277 1250.334 1250.391 1250.448 1250.505 1250.802 1251.252 1251.702 1252.152 1252.649 1254.705 1256.761 1258.817 1260.873 1263.786 1267.767 1271.749 1275.73 1279.711 1283.47 1287.192 1290.915 1294.637 1297.905 1299.988 1302.071 1304.154 1306.236 1307.778 1309.08 1310.382 1311.684 1312.965 1314.079 1315.192 1316.306 1317.42 1318.546 1319.683 1320.821 1321.958 1323.096 1324.037
1339.011 1337.65 1334.237 1329.027 1323.816 1318.605 1313.395 1306.22 1298.94 1291.66 1284.379 1277.81 1272.48 1267.149 1261.818 1256.487 1254.463 1253.366 1252.269 1251.171 1250.313 1250.429 1250.544 1250.66 1250.775 1251.249 1251.949 1252.649 1253.35 1254.089 1256.129 1258.169 1260.209 1262.249 1265.035 1268.75 1272.465 1276.18 1279.895 1283.634 1287.378 1291.122 1294.866 1298.171 1300.334 1302.497 1304.66 1306.822 1308.451 1309.843 1311.236 1312.628 1313.996 1315.163 1316.33 1317.497 1318.664 1319.858 1321.075 1322.292 1323.51 1324.727 1325.728
1338.273 1336.416 1332.315 1326.247 1320.179 1314.111 1308.042 1301.183 1294.281 1287.379 1280.477 1274.37 1269.646 1264.922 1260.199 1255.475 1253.738 1252.838 1251.938 1251.038 1250.349 1250.523 1250.697 1250.871 1251.045 1251.695 1252.646 1253.597 1254.547 1255.529 1257.553 1259.577 1261.601 1263.625 1266.283 1269.732 1273.181 1276.629 1280.078 1283.799 1287.564 1291.33 1295.095 1298.438 1300.68 1302.923 1305.166 1307.408 1309.124 1310.607 1312.09 1313.573 1315.028 1316.248 1317.468 1318.688 1319.909 1321.169 1322.467 1323.764 1325.061 1326.358 1327.419
1337.881 1335.646 1330.993 1324.22 1317.448 1310.676 1303.904 1297.353 1290.815 1284.276 1277.738 1272.052 1267.847 1263.643 1259.438 1255.234 1253.685 1252.879 1252.074 1251.269 1250.673 1250.93 1251.188 1251.445 1251.703 1252.543 1253.75 1254.958 1256.165 1257.396 1259.41 1261.423 1263.436 1265.449 1268.001 1271.222 1274.444 1277.666 1280.888 1284.527 1288.233 1291.94 1295.646 1298.956 1301.233 1303.509 1305.786 1308.062 1309.832 1311.378 1312.924 1314.47 1315.985 1317.244 1318.503 1319.762 1321.021 1322.343 1323.722 1325.1 1326.479 1327.857 1328.991
1338.547 1336.29 1331.503 1324.496 1317.489 1310.483 1303.476 1297.217 1290.998 1284.779 1278.561 1273.168 1269.214 1265.26 1261.306 1257.352 1255.687 1254.663 1253.64 1252.616 1251.876 1252.294 1252.711 1253.128 1253.546 1254.617 1256.102 1257.586 1259.07 1260.571 1262.589 1264.608 1266.626 1268.645 1271.152 1274.267 1277.382 1280.497 1283.613 1286.975 1290.378 1293.781 1297.184 1300.245 1302.415 1304.585 1306.755 1308.925 1310.648 1312.172 1313.697 1315.222 1316.717 1317.971 1319.224 1320.478 1321.732 1323.096 1324.56 1326.023 1327.487 1328.951 1330.195
1339.213 1336.935 1332.013 1324.772 1317.531 1310.29 1303.049 1297.081 1291.182 1285.282 1279.383 1274.285 1270.582 1266.878 1263.174 1259.47 1257.689 1256.447 1255.205 1253.963 1253.08 1253.657 1254.234 1254.811 1255.388 1256.691 1258.453 1260.214 1261.976 1263.745 1265.769 1267.793 1269.817 1271.84 1274.303 1277.312 1280.32 1283.329 1286.338 1289.424 1292.523 1295.623 1298.722 1301.534 1303.597 1305.661 1307.724 1309.788 1311.463 1312.967 1314.47 1315.973 1317.449 1318.697 1319.946 1321.194 1322.443 1323.849 1325.398 1326.947 1328.496 1330.045 1331.399
1339.879 1337.58 1332.523 1325.047 1317.572 1310.097 1302.621 1296.945 1291.365 1285.785 1280.206 1275.402 1271.949 1268.495 1265.042 1261.589 1259.692 1258.231 1256.771 1255.311 1254.283 1255.02 1255.757 1256.494 1257.231 1258.766 1260.804 1262.842 1264.881 1266.919 1268.948 1270.977 1273.007 1275.036 1277.454 1280.356 1283.258 1286.16 1289.063 1291.873 1294.669 1297.464 1300.26 1302.823 1304.78 1306.737 1308.694 1310.651 1312.278 1313.761 1315.243 1316.725 1318.181 1319.424 1320.667 1321.91 1323.153 1324.602 1326.236 1327.87 1329.504 1331.138 1332.603
1340.545 1338.225 1333.033 1325.323 1317.613 1309.903 1302.194 1296.808 1291.548 1286.288 1281.028 1276.519 1273.316 1270.113 1266.91 1263.707 1261.694 1260.016 1258.337 1256.658 1255.487 1256.383 1257.28 1258.177 1259.073 1260.84 1263.155 1265.471 1267.786 1270.093 1272.128 1274.162 1276.197 1278.231 1280.605 1283.401 1286.196 1288.992 1291.787 1294.322 1296.814 1299.306 1301.798 1304.112 1305.962 1307.813 1309.663 1311.514 1313.094 1314.555 1316.015 1317.476 1318.913 1320.15 1321.388 1322.626 1323.864 1325.355 1327.074 1328.793 1330.513 1332.232 1333.807
1339.415 1336.955 1331.807 1324.304 1316.801 1309.298 1301.795 1296.786 1291.913 1287.039 1282.165 1277.951 1274.883 1271.816 1268.748 1265.681 1263.718 1262.065 1260.413 1258.76 1257.627 1258.609 1259.591 1260.574 1261.556 1263.389 1265.759 1268.129 1270.499 1272.86 1274.926 1276.992 1279.058 1281.124 1283.476 1286.183 1288.891 1291.598 1294.306 1296.64 1298.913 1301.187 1303.461 1305.588 1307.331 1309.075 1310.819 1312.563 1314.099 1315.542 1316.985 1318.428 1319.848 1321.073 1322.298 1323.523 1324.748 1326.211 1327.89 1329.568 1331.247 1332.926 1334.519
1337.499 1334.847 1329.823 1322.719 1315.615 1308.512 1301.408 1296.814 1292.356 1287.898 1283.439 1279.52 1276.538 1273.555 1270.573 1267.591 1265.751 1264.231 1262.712 1261.192 1260.177 1261.212 1262.248 1263.283 1264.319 1266.147 1268.474 1270.801 1273.129 1275.45 1277.558 1279.667 1281.775 1283.884 1286.223 1288.851 1291.479 1294.107 1296.734 1298.901 1300.994 1303.086 1305.179 1307.145 1308.782 1310.42 1312.057 1313.695 1315.186 1316.614 1318.041 1319.468 1320.871 1322.08 1323.289 1324.498 1325.708 1327.113 1328.696 1330.278 1331.861 1333.444 1335.017
