data/zism_data/01117_03_D.txt
ncols         224
nrows         224
[rows 140 to 167 of 224, columns 130 to 194 of 224]
1064.736 1064.803 1064.87 1064.938 1065.005 1065.13 1065.342 1065.554 1065.766 1065.977 1066.189 1066.401 1066.612 1066.824 1067.028 1067.197 1067.365 1067.534 1067.702 1067.924 1068.189 1068.453 1068.718 1068.983 1069.203 1069.419 1069.636 1069.852 1070.046 1070.19 1070.335 1070.479 1070.624 1070.768 1070.912 1071.057 1071.201 1071.346 1071.49 1071.635 1071.779 1071.923 1072.12 1072.374 1072.629 1072.884 1073.139 1073.337 1073.524 1073.712 1073.9 1074.089 1074.281 1074.474 1074.666 1074.859 1074.941 1074.956 1074.971 1074.985 1075.0 1075.082 1075.164 1075.246 1075.328
1064.809 1064.871 1064.933 1064.995 1065.057 1065.177 1065.383 1065.59 1065.796 1066.003 1066.209 1066.416 1066.622 1066.828 1067.028 1067.197 1067.365 1067.534 1067.702 1067.924 1068.189 1068.453 1068.718 1068.983 1069.203 1069.419 1069.636 1069.852 1070.046 1070.19 1070.335 1070.479 1070.624 1070.768 1070.912 1071.057 1071.201 1071.346 1071.49 1071.635 1071.779 1071.923 1072.115 1072.359 1072.603 1072.848 1073.092 1073.283 1073.466 1073.648 1073.831 1074.015 1074.208 1074.4 1074.593 1074.785 1074.878 1074.908 1074.939 1074.969 1075.0 1075.093 1075.185 1075.278 1075.371
1064.882 1064.939 1064.996 1065.052 1065.109 1065.224 1065.425 1065.626 1065.827 1066.028 1066.229 1066.431 1066.632 1066.833 1067.028 1067.197 1067.365 1067.534 1067.702 1067.924 1068.189 1068.453 1068.718 1068.983 1069.203 1069.419 1069.636 1069.852 1070.046 1070.19 1070.335 1070.479 1070.624 1070.768 1070.912 1071.057 1071.201 1071.346 1071.49 1071.635 1071.779 1071.923 1072.11 1072.343 1072.577 1072.811 1073.045 1073.23 1073.407 1073.584 1073.761 1073.942 1074.135 1074.327 1074.52 1074.712 1074.814 1074.861 1074.907 1074.954 1075.0 1075.103 1075.207 1075.31 1075.413
1064.955 1065.007 1065.058 1065.11 1065.161 1065.27 1065.466 1065.662 1065.858 1066.054 1066.25 1066.445 1066.641 1066.837 1067.028 1067.197 1067.365 1067.534 1067.702 1067.924 1068.189 1068.453 1068.718 1068.983 1069.203 1069.419 1069.636 1069.852 1070.046 1070.19 1070.335 1070.479 1070.624 1070.768 1070.912 1071.057 1071.201 1071.346 1071.49 1071.635 1071.779 1071.923 1072.105 1072.328 1072.551 1072.774 1072.997 1073.177 1073.349 1073.52 1073.692 1073.869 1074.061 1074.254 1074.446 1074.639 1074.751 1074.813 1074.875 1074.938 1075.0 1075.114 1075.228 1075.341 1075.455
1065.001 1065.063 1065.125 1065.187 1065.249 1065.365 1065.559 1065.754 1065.948 1066.143 1066.323 1066.5 1066.677 1066.853 1067.029 1067.202 1067.374 1067.546 1067.719 1067.94 1068.201 1068.462 1068.722 1068.983 1069.203 1069.419 1069.636 1069.852 1070.046 1070.19 1070.335 1070.479 1070.624 1070.768 1070.912 1071.057 1071.201 1071.346 1071.49 1071.635 1071.779 1071.923 1072.102 1072.318 1072.535 1072.751 1072.968 1073.147 1073.319 1073.492 1073.664 1073.838 1074.014 1074.191 1074.368 1074.544 1074.664 1074.748 1074.832 1074.916 1075.0 1075.135 1075.269 1075.403 1075.537
1065.002 1065.101 1065.2 1065.299 1065.398 1065.538 1065.738 1065.938 1066.137 1066.337 1066.485 1066.62 1066.754 1066.888 1067.031 1067.214 1067.397 1067.58 1067.763 1067.983 1068.233 1068.483 1068.734 1068.984 1069.203 1069.419 1069.636 1069.852 1070.046 1070.19 1070.335 1070.479 1070.624 1070.768 1070.912 1071.057 1071.201 1071.346 1071.49 1071.635 1071.779 1071.923 1072.102 1072.318 1072.535 1072.751 1072.968 1073.156 1073.339 1073.522 1073.705 1073.877 1074.011 1074.145 1074.28 1074.414 1074.537 1074.653 1074.768 1074.884 1075.0 1075.172 1075.343 1075.514 1075.686
1065.003 1065.139 1065.275 1065.411 1065.547 1065.711 1065.916 1066.121 1066.326 1066.531 1066.648 1066.74 1066.832 1066.923 1067.033 1067.226 1067.42 1067.613 1067.807 1068.026 1068.266 1068.505 1068.745 1068.984 1069.203 1069.419 1069.636 1069.852 1070.046 1070.19 1070.335 1070.479 1070.624 1070.768 1070.912 1071.057 1071.201 1071.346 1071.49 1071.635 1071.779 1071.923 1072.102 1072.318 1072.535 1072.751 1072.968 1073.165 1073.359 1073.552 1073.746 1073.916 1074.007 1074.099 1074.191 1074.283 1074.41 1074.557 1074.705 1074.853 1075.0 1075.209 1075.417 1075.625 1075.834
1065.003 1065.176 1065.349 1065.523 1065.696 1065.884 1066.094 1066.305 1066.515 1066.725 1066.81 1066.859 1066.909 1066.959 1067.034 1067.239 1067.443 1067.647 1067.851 1068.069 1068.298 1068.527 1068.756 1068.985 1069.203 1069.419 1069.636 1069.852 1070.046 1070.19 1070.335 1070.479 1070.624 1070.768 1070.912 1071.057 1071.201 1071.346 1071.49 1071.635 1071.779 1071.923 1072.102 1072.318 1072.535 1072.751 1072.968 1073.174 1073.378 1073.582 1073.787 1073.954 1074.004 1074.054 1074.103 1074.153 1074.283 1074.462 1074.642 1074.821 1075.0 1075.246 1075.491 1075.737 1075.982
1065.004 1065.214 1065.424 1065.634 1065.845 1066.057 1066.273 1066.488 1066.704 1066.92 1066.972 1066.979 1066.987 1066.994 1067.036 1067.251 1067.466 1067.681 1067.895 1068.112 1068.331 1068.549 1068.767 1068.986 1069.203 1069.419 1069.636 1069.852 1070.046 1070.19 1070.335 1070.479 1070.624 1070.768 1070.912 1071.057 1071.201 1071.346 1071.49 1071.635 1071.779 1071.923 1072.102 1072.318 1072.535 1072.751 1072.968 1073.183 1073.398 1073.613 1073.827 1073.993 1074.001 1074.008 1074.015 1074.023 1074.156 1074.367 1074.578 1074.789 1075.001 1075.283 1075.565 1075.848 1076.13
1065.004 1065.221 1065.437 1065.654 1065.87 1066.087 1066.304 1066.52 1066.737 1066.953 1067.031 1067.07 1067.109 1067.149 1067.214 1067.409 1067.604 1067.799 1067.993 1068.191 1068.39 1068.589 1068.788 1068.987 1069.203 1069.419 1069.636 1069.852 1070.046 1070.19 1070.335 1070.479 1070.624 1070.768 1070.912 1071.057 1071.201 1071.346 1071.49 1071.635 1071.779 1071.923 1072.102 1072.318 1072.535 1072.751 1072.968 1073.185 1073.401 1073.618 1073.834 1074.006 1074.032 1074.059 1074.085 1074.111 1074.25 1074.458 1074.665 1074.873 1075.081 1075.353 1075.624 1075.895 1076.167
1065.004 1065.221 1065.437 1065.654 1065.87 1066.087 1066.304 1066.52 1066.737 1066.953 1067.068 1067.155 1067.242 1067.329 1067.43 1067.598 1067.766 1067.935 1068.103 1068.277 1068.455 1068.633 1068.811 1068.989 1069.203 1069.419 1069.636 1069.852 1070.046 1070.19 1070.335 1070.479 1070.624 1070.768 1070.912 1071.057 1071.201 1071.346 1071.49 1071.635 1071.779 1071.923 1072.102 1072.318 1072.535 1072.751 1072.968 1073.185 1073.401 1073.618 1073.834 1074.014 1074.072 1074.13 1074.188 1074.245 1074.39 1074.587 1074.784 1074.981 1075.179 1075.429 1075.679 1075.929 1076.18
1065.004 1065.221 1065.437 1065.654 1065.87 1066.087 1066.304 1066.52 1066.737 1066.953 1067.106 1067.24 1067.375 1067.509 1067.645 1067.787 1067.929 1068.071 1068.212 1068.363 1068.519 1068.676 1068.833 1068.99 1069.203 1069.419 1069.636 1069.852 1070.046 1070.19 1070.335 1070.479 1070.624 1070.768 1070.912 1071.057 1071.201 1071.346 1071.49 1071.635 1071.779 1071.923 1072.102 1072.318 1072.535 1072.751 1072.968 1073.185 1073.401 1073.618 1073.834 1074.021 1074.111 1074.2 1074.29 1074.38 1074.53 1074.716 1074.903 1075.09 1075.276 1075.506 1075.735 1075.964 1076.193
1065.004 1065.221 1065.437 1065.654 1065.87 1066.087 1066.304 1066.52 1066.737 1066.953 1067.143 1067.325 1067.507 1067.689 1067.86 1067.976 1068.091 1068.207 1068.322 1068.449 1068.584 1068.72 1068.856 1068.991 1069.203 1069.419 1069.636 1069.852 1070.046 1070.19 1070.335 1070.479 1070.624 1070.768 1070.912 1071.057 1071.201 1071.346 1071.49 1071.635 1071.779 1071.923 1072.102 1072.318 1072.535 1072.751 1072.968 1073.185 1073.401 1073.618 1073.834 1074.029 1074.15 1074.271 1074.393 1074.514 1074.669 1074.846 1075.022 1075.198 1075.374 1075.582 1075.79 1075.998 1076.206
1065.064 1065.277 1065.489 1065.701 1065.913 1066.126 1066.338 1066.55 1066.762 1066.975 1067.187 1067.399 1067.611 1067.823 1068.017 1068.118 1068.218 1068.319 1068.42 1068.533 1068.656 1068.779 1068.902 1069.026 1069.234 1069.447 1069.661 1069.875 1070.066 1070.211 1070.355 1070.499 1070.644 1070.787 1070.93 1071.073 1071.216 1071.359 1071.5 1071.642 1071.783 1071.925 1072.102 1072.318 1072.535 1072.751 1072.968 1073.186 1073.404 1073.622 1073.84 1074.041 1074.189 1074.336 1074.483 1074.631 1074.79 1074.957 1075.124 1075.291 1075.458 1075.661 1075.864 1076.067 1076.269
1065.284 1065.48 1065.677 1065.873 1066.069 1066.266 1066.462 1066.658 1066.855 1067.051 1067.248 1067.444 1067.64 1067.837 1068.02 1068.136 1068.253 1068.369 1068.486 1068.612 1068.745 1068.879 1069.013 1069.147 1069.346 1069.549 1069.752 1069.955 1070.139 1070.284 1070.428 1070.573 1070.717 1070.857 1070.994 1071.132 1071.27 1071.407 1071.538 1071.669 1071.8 1071.93 1072.102 1072.318 1072.535 1072.751 1072.968 1073.19 1073.414 1073.637 1073.86 1074.068 1074.226 1074.384 1074.542 1074.7 1074.86 1075.022 1075.184 1075.345 1075.507 1075.747 1075.987 1076.227 1076.466
1065.503 1065.684 1065.864 1066.045 1066.225 1066.406 1066.586 1066.767 1066.947 1067.128 1067.308 1067.489 1067.669 1067.85 1068.022 1068.155 1068.287 1068.419 1068.552 1068.691 1068.835 1068.98 1069.124 1069.268 1069.458 1069.65 1069.843 1070.036 1070.213 1070.357 1070.501 1070.646 1070.79 1070.926 1071.059 1071.191 1071.323 1071.455 1071.575 1071.695 1071.816 1071.936 1072.102 1072.318 1072.535 1072.751 1072.968 1073.195 1073.423 1073.652 1073.881 1074.095 1074.264 1074.432 1074.601 1074.769 1074.93 1075.087 1075.243 1075.399 1075.556 1075.833 1076.11 1076.386 1076.663
1065.723 1065.887 1066.052 1066.217 1066.381 1066.546 1066.711 1066.875 1067.04 1067.205 1067.369 1067.534 1067.698 1067.863 1068.025 1068.173 1068.321 1068.47 1068.618 1068.77 1068.925 1069.08 1069.235 1069.39 1069.57 1069.752 1069.934 1070.116 1070.286 1070.43 1070.575 1070.719 1070.864 1070.996 1071.123 1071.25 1071.377 1071.503 1071.612 1071.722 1071.832 1071.942 1072.102 1072.318 1072.535 1072.751 1072.968 1073.199 1073.433 1073.667 1073.901 1074.122 1074.301 1074.48 1074.659 1074.838 1075.0 1075.151 1075.302 1075.453 1075.605 1075.919 1076.233 1076.547 1076.86
1065.942 1066.091 1066.24 1066.389 1066.537 1066.686 1066.835 1066.984 1067.132 1067.281 1067.43 1067.579 1067.728 1067.876 1068.028 1068.192 1068.356 1068.52 1068.684 1068.849 1069.015 1069.18 1069.346 1069.511 1069.682 1069.854 1070.025 1070.196 1070.359 1070.504 1070.648 1070.792 1070.937 1071.065 1071.187 1071.309 1071.431 1071.551 1071.65 1071.749 1071.848 1071.947 1072.102 1072.318 1072.535 1072.751 1072.968 1073.204 1073.443 1073.682 1073.922 1074.149 1074.339 1074.528 1074.718 1074.908 1075.07 1075.216 1075.362 1075.508 1075.654 1076.005 1076.356 1076.706 1077.057
1066.003 1066.147 1066.292 1066.436 1066.58 1066.725 1066.869 1067.014 1067.158 1067.302 1067.447 1067.591 1067.736 1067.88 1068.03 1068.206 1068.382 1068.558 1068.734 1068.91 1069.086 1069.263 1069.439 1069.615 1069.791 1069.967 1070.143 1070.319 1070.478 1070.6 1070.721 1070.842 1070.964 1071.095 1071.231 1071.367 1071.502 1071.636 1071.752 1071.867 1071.982 1072.098 1072.255 1072.46 1072.666 1072.871 1073.076 1073.298 1073.524 1073.749 1073.974 1074.19 1074.375 1074.56 1074.745 1074.93 1075.096 1075.252 1075.408 1075.564 1075.72 1076.07 1076.42 1076.769 1077.119
1066.003 1066.147 1066.292 1066.436 1066.58 1066.725 1066.869 1067.014 1067.158 1067.302 1067.447 1067.591 1067.736 1067.88 1068.031 1068.218 1068.405 1068.592 1068.778 1068.965 1069.152 1069.339 1069.525 1069.712 1069.899 1070.085 1070.272 1070.459 1070.615 1070.704 1070.794 1070.884 1070.973 1071.11 1071.267 1071.424 1071.581 1071.736 1071.878 1072.02 1072.162 1072.304 1072.468 1072.657 1072.846 1073.035 1073.225 1073.427 1073.631 1073.835 1074.039 1074.236 1074.411 1074.585 1074.759 1074.934 1075.106 1075.278 1075.45 1075.622 1075.794 1076.127 1076.461 1076.795 1077.128
1066.003 1066.147 1066.292 1066.436 1066.58 1066.725 1066.869 1067.014 1067.158 1067.302 1067.447 1067.591 1067.736 1067.88 1068.033 1068.231 1068.428 1068.625 1068.822 1069.02 1069.217 1069.414 1069.612 1069.809 1070.006 1070.203 1070.401 1070.598 1070.751 1070.809 1070.867 1070.925 1070.983 1071.125 1071.303 1071.481 1071.659 1071.836 1072.004 1072.173 1072.341 1072.509 1072.68 1072.853 1073.027 1073.2 1073.374 1073.555 1073.738 1073.921 1074.104 1074.283 1074.446 1074.61 1074.774 1074.938 1075.116 1075.304 1075.491 1075.679 1075.867 1076.185 1076.503 1076.82 1077.138
1066.003 1066.147 1066.292 1066.436 1066.58 1066.725 1066.869 1067.014 1067.158 1067.302 1067.447 1067.591 1067.736 1067.88 1068.035 1068.243 1068.451 1068.659 1068.866 1069.074 1069.282 1069.49 1069.698 1069.906 1070.114 1070.322 1070.529 1070.737 1070.887 1070.914 1070.94 1070.966 1070.992 1071.14 1071.339 1071.538 1071.737 1071.936 1072.131 1072.325 1072.52 1072.715 1072.892 1073.05 1073.207 1073.365 1073.522 1073.684 1073.845 1074.007 1074.169 1074.329 1074.482 1074.635 1074.788 1074.942 1075.126 1075.329 1075.533 1075.736 1075.94 1076.242 1076.544 1076.846 1077.148
1066.003 1066.15 1066.297 1066.444 1066.591 1066.739 1066.886 1067.033 1067.18 1067.327 1067.474 1067.622 1067.769 1067.916 1068.074 1068.288 1068.502 1068.716 1068.93 1069.144 1069.357 1069.571 1069.785 1069.999 1070.213 1070.427 1070.641 1070.854 1071.002 1071.01 1071.017 1071.024 1071.032 1071.183 1071.395 1071.607 1071.819 1072.031 1072.245 1072.459 1072.672 1072.886 1073.069 1073.215 1073.361 1073.507 1073.653 1073.8 1073.946 1074.092 1074.239 1074.385 1074.531 1074.677 1074.823 1074.97 1075.16 1075.376 1075.593 1075.809 1076.026 1076.317 1076.607 1076.898 1077.189
1066.003 1066.166 1066.329 1066.492 1066.655 1066.818 1066.981 1067.144 1067.307 1067.47 1067.633 1067.796 1067.959 1068.122 1068.291 1068.489 1068.687 1068.885 1069.083 1069.281 1069.479 1069.677 1069.875 1070.073 1070.271 1070.469 1070.667 1070.865 1071.016 1071.066 1071.115 1071.165 1071.214 1071.36 1071.545 1071.731 1071.916 1072.103 1072.301 1072.499 1072.697 1072.895 1073.073 1073.23 1073.387 1073.544 1073.701 1073.858 1074.014 1074.171 1074.328 1074.485 1074.642 1074.799 1074.955 1075.112 1075.306 1075.523 1075.739 1075.956 1076.173 1076.474 1076.775 1077.076 1077.378
1066.003 1066.182 1066.361 1066.54 1066.719 1066.898 1067.077 1067.256 1067.434 1067.613 1067.792 1067.971 1068.15 1068.329 1068.508 1068.691 1068.873 1069.055 1069.237 1069.419 1069.601 1069.783 1069.965 1070.147 1070.33 1070.512 1070.694 1070.876 1071.029 1071.121 1071.213 1071.305 1071.397 1071.536 1071.695 1071.855 1072.014 1072.175 1072.357 1072.539 1072.721 1072.903 1073.078 1073.246 1073.413 1073.581 1073.748 1073.916 1074.083 1074.25 1074.418 1074.585 1074.752 1074.92 1075.087 1075.255 1075.453 1075.669 1075.886 1076.102 1076.319 1076.631 1076.943 1077.255 1077.566
1066.004 1066.198 1066.393 1066.588 1066.783 1066.977 1067.172 1067.367 1067.562 1067.756 1067.951 1068.146 1068.341 1068.536 1068.725 1068.892 1069.058 1069.224 1069.391 1069.557 1069.723 1069.889 1070.056 1070.222 1070.388 1070.554 1070.72 1070.887 1071.043 1071.177 1071.311 1071.446 1071.58 1071.713 1071.846 1071.979 1072.111 1072.247 1072.413 1072.579 1072.745 1072.912 1073.083 1073.261 1073.439 1073.617 1073.795 1073.973 1074.151 1074.329 1074.507 1074.685 1074.863 1075.041 1075.219 1075.397 1075.599 1075.816 1076.032 1076.249 1076.466 1076.788 1077.11 1077.433 1077.755
1066.004 1066.214 1066.425 1066.636 1066.846 1067.057 1067.268 1067.478 1067.689 1067.9 1068.11 1068.321 1068.531 1068.742 1068.943 1069.093 1069.243 1069.394 1069.544 1069.694 1069.845 1069.995 1070.146 1070.296 1070.446 1070.597 1070.747 1070.898 1071.056 1071.233 1071.409 1071.586 1071.763 1071.89 1071.996 1072.102 1072.209 1072.319 1072.469 1072.619 1072.77 1072.92 1073.088 1073.277 1073.465 1073.654 1073.843 1074.031 1074.22 1074.408 1074.597 1074.785 1074.974 1075.162 1075.351 1075.54 1075.745 1075.962 1076.179 1076.395 1076.612 1076.945 1077.278 1077.611 1077.944
1066.004 1066.221 1066.437 1066.654 1066.87 1067.088 1067.308 1067.528 1067.748 1067.968 1068.183 1068.396 1068.609 1068.823 1069.025 1069.173 1069.32 1069.468 1069.616 1069.763 1069.911 1070.059 1070.207 1070.354 1070.493 1070.63 1070.768 1070.906 1071.062 1071.258 1071.454 1071.65 1071.846 1071.983 1072.096 1072.209 1072.322 1072.438 1072.592 1072.746 1072.901 1073.055 1073.224 1073.41 1073.596 1073.782 1073.968 1074.148 1074.328 1074.507 1074.686 1074.869 1075.061 1075.254 1075.446 1075.639 1075.85 1076.074 1076.297 1076.52 1076.743 1077.067 1077.391 1077.715 1078.039
