data/zism_data/01114_03_D.txt
ncols         224
nrows         224
[rows 28 to 55 of 224, columns 64 to 127 of 224]
2012.454 2011.182 2009.91 2008.666 2007.423 2006.18 2004.938 2003.64 2002.196 2000.753 1999.309 1997.866 1995.457 1992.422 1989.387 1986.353 1983.318 1982.683 1982.205 1981.727 1981.249 1981.445 1983.463 1985.48 1987.497 1989.515 1991.036 1992.23 1993.423 1994.617 1995.81 1996.383 1996.912 1997.441 1997.969 1998.409 1998.603 1998.797 1998.991 1999.185 1999.177 1999.034 1998.89 1998.746 1998.603 1998.451 1998.298 1998.146 1997.993 1997.913 1998.038 1998.163 1998.289 1998.414 1998.533 1998.647 1998.762 1998.877 1998.991 1999.0 1999.0 1999.0 1999.0 1999.002
2013.776 2012.253 2010.73 2009.353 2007.985 2006.616 2005.248 2003.943 2002.803 2001.663 2000.522 1999.382 1997.384 1994.831 1992.277 1989.724 1987.171 1985.976 1984.87 1983.765 1982.659 1982.294 1983.93 1985.566 1987.201 1988.837 1990.228 1991.458 1992.688 1993.918 1995.149 1995.841 1996.495 1997.15 1997.804 1998.346 1998.576 1998.807 1999.037 1999.268 1999.291 1999.173 1999.056 1998.938 1998.821 1998.675 1998.528 1998.381 1998.234 1998.146 1998.23 1998.313 1998.396 1998.48 1998.575 1998.68 1998.784 1998.888 1998.992 1999.0 1999.0 1999.0 1999.0 1999.001
2015.028 2013.242 2011.455 2009.935 2008.432 2006.928 2005.424 2004.098 2003.239 2002.379 2001.52 2000.66 1999.055 1996.968 1994.88 1992.793 1990.706 1989.04 1987.403 1985.765 1984.127 1983.274 1984.539 1985.804 1987.069 1988.334 1989.587 1990.831 1992.075 1993.319 1994.563 1995.355 1996.115 1996.875 1997.635 1998.264 1998.529 1998.794 1999.059 1999.323 1999.375 1999.283 1999.191 1999.099 1999.007 1998.872 1998.733 1998.595 1998.457 1998.366 1998.413 1998.459 1998.505 1998.551 1998.624 1998.716 1998.809 1998.901 1998.993 1999.0 1999.0 1999.0 1999.0 1999.0
2015.874 2013.747 2011.621 2009.899 2008.202 2006.505 2004.808 2003.382 2002.669 2001.956 2001.243 2000.53 1999.211 1997.5 1995.789 1994.078 1992.367 1990.754 1989.148 1987.542 1985.935 1985.023 1985.985 1986.947 1987.908 1988.87 1989.929 1991.053 1992.177 1993.301 1994.424 1995.199 1995.948 1996.698 1997.448 1998.074 1998.36 1998.646 1998.932 1999.217 1999.29 1999.219 1999.148 1999.076 1999.005 1998.901 1998.794 1998.687 1998.58 1998.51 1998.546 1998.582 1998.617 1998.653 1998.709 1998.781 1998.852 1998.923 1998.995 1999.0 1999.0 1999.0 1999.0 1999.0
2016.719 2014.253 2011.786 2009.863 2007.973 2006.082 2004.191 2002.665 2002.099 2001.532 2000.965 2000.399 1999.366 1998.032 1996.698 1995.363 1994.029 1992.469 1990.894 1989.319 1987.744 1986.772 1987.431 1988.089 1988.748 1989.406 1990.272 1991.276 1992.279 1993.282 1994.286 1995.042 1995.782 1996.521 1997.26 1997.885 1998.191 1998.498 1998.805 1999.111 1999.205 1999.155 1999.104 1999.054 1999.004 1998.93 1998.854 1998.779 1998.703 1998.654 1998.679 1998.704 1998.73 1998.755 1998.795 1998.845 1998.896 1998.946 1998.996 1999.0 1999.0 1999.0 1999.0 1999.0
2017.565 2014.759 2011.952 2009.827 2007.743 2005.659 2003.574 2001.948 2001.528 2001.108 2000.688 2000.268 1999.522 1998.564 1997.606 1996.648 1995.69 1994.183 1992.639 1991.096 1989.552 1988.522 1988.877 1989.232 1989.587 1989.942 1990.615 1991.498 1992.381 1993.264 1994.147 1994.886 1995.615 1996.344 1997.072 1997.695 1998.022 1998.35 1998.678 1999.005 1999.12 1999.09 1999.061 1999.031 1999.002 1998.959 1998.915 1998.871 1998.827 1998.798 1998.813 1998.827 1998.842 1998.857 1998.88 1998.91 1998.939 1998.968 1998.998 1999.0 1999.0 1999.0 1999.0 1999.0
2018.411 2015.264 2012.118 2009.791 2007.513 2005.235 2002.958 2001.232 2000.958 2000.685 2000.411 2000.137 1999.677 1999.096 1998.514 1997.933 1997.352 1995.897 1994.385 1992.873 1991.36 1990.271 1990.323 1990.374 1990.426 1990.478 1990.957 1991.72 1992.483 1993.246 1994.009 1994.73 1995.448 1996.167 1996.885 1997.505 1997.854 1998.202 1998.551 1998.899 1999.035 1999.026 1999.018 1999.009 1999.001 1998.988 1998.975 1998.963 1998.95 1998.942 1998.946 1998.95 1998.954 1998.959 1998.965 1998.974 1998.982 1998.991 1998.999 1999.0 1999.0 1999.0 1999.0 1999.0
2019.145 2015.755 2012.365 2009.927 2007.546 2005.165 2002.784 2000.996 2000.769 2000.542 2000.316 2000.089 1999.768 1999.386 1999.005 1998.623 1998.241 1996.918 1995.534 1994.149 1992.765 1991.718 1991.581 1991.444 1991.308 1991.171 1991.516 1992.181 1992.845 1993.509 1994.173 1994.867 1995.562 1996.257 1996.953 1997.553 1997.888 1998.223 1998.559 1998.894 1999.036 1999.049 1999.061 1999.074 1999.086 1999.087 1999.087 1999.087 1999.087 1999.089 1999.099 1999.108 1999.117 1999.127 1999.131 1999.131 1999.131 1999.131 1999.131 1999.125 1999.119 1999.112 1999.106 1999.096
2019.804 2016.236 2012.668 2010.18 2007.758 2005.335 2002.912 2001.088 2000.84 2000.593 2000.345 2000.097 1999.816 1999.513 1999.209 1998.906 1998.603 1997.466 1996.275 1995.084 1993.893 1992.958 1992.711 1992.465 1992.218 1991.972 1992.223 1992.803 1993.384 1993.965 1994.545 1995.204 1995.868 1996.532 1997.196 1997.763 1998.061 1998.36 1998.659 1998.957 1999.098 1999.131 1999.164 1999.198 1999.231 1999.234 1999.234 1999.234 1999.234 1999.24 1999.265 1999.29 1999.315 1999.34 1999.35 1999.35 1999.35 1999.35 1999.35 1999.335 1999.318 1999.302 1999.285 1999.258
2020.462 2016.717 2012.971 2010.434 2007.969 2005.504 2003.04 2001.18 2000.911 2000.643 2000.374 2000.105 1999.864 1999.639 1999.414 1999.189 1998.964 1998.014 1997.017 1996.019 1995.022 1994.198 1993.841 1993.485 1993.129 1992.772 1992.929 1993.426 1993.923 1994.42 1994.917 1995.541 1996.173 1996.806 1997.438 1997.973 1998.235 1998.497 1998.759 1999.021 1999.159 1999.213 1999.268 1999.322 1999.376 1999.38 1999.38 1999.38 1999.38 1999.391 1999.431 1999.472 1999.513 1999.553 1999.57 1999.57 1999.57 1999.57 1999.57 1999.545 1999.518 1999.491 1999.464 1999.419
2021.121 2017.197 2013.274 2010.688 2008.181 2005.674 2003.168 2001.271 2000.982 2000.693 2000.403 2000.114 1999.911 1999.765 1999.618 1999.472 1999.325 1998.562 1997.758 1996.954 1996.15 1995.438 1994.971 1994.505 1994.039 1993.573 1993.636 1994.049 1994.462 1994.876 1995.289 1995.878 1996.479 1997.08 1997.681 1998.183 1998.408 1998.634 1998.859 1999.085 1999.22 1999.296 1999.371 1999.446 1999.521 1999.527 1999.527 1999.527 1999.527 1999.541 1999.598 1999.654 1999.71 1999.767 1999.79 1999.79 1999.79 1999.79 1999.79 1999.755 1999.718 1999.68 1999.642 1999.581
2021.817 2017.732 2013.646 2011.012 2008.465 2005.917 2003.37 2001.435 2001.112 2000.789 2000.466 2000.143 1999.973 1999.901 1999.83 1999.758 1999.687 1999.106 1998.491 1997.877 1997.262 1996.659 1996.086 1995.513 1994.94 1994.367 1994.339 1994.671 1995.003 1995.335 1995.667 1996.22 1996.789 1997.359 1997.928 1998.396 1998.585 1998.775 1998.964 1999.153 1999.286 1999.38 1999.475 1999.569 1999.663 1999.67 1999.67 1999.67 1999.67 1999.688 1999.76 1999.831 1999.903 1999.974 2000.003 2000.002 2000.001 2000.001 2000.0 1999.956 1999.909 1999.862 1999.815 1999.738
2023.345 2019.443 2015.54 2012.902 2010.339 2007.776 2005.213 2003.18 2002.543 2001.906 2001.269 2000.632 2000.339 2000.267 2000.196 2000.125 2000.053 1999.565 1999.05 1998.535 1998.02 1997.478 1996.863 1996.248 1995.633 1995.018 1994.958 1995.264 1995.57 1995.875 1996.181 1996.689 1997.211 1997.733 1998.255 1998.682 1998.845 1999.009 1999.172 1999.335 1999.444 1999.518 1999.591 1999.665 1999.738 1999.743 1999.743 1999.743 1999.743 1999.762 1999.833 1999.905 1999.976 2000.047 2000.067 2000.05 2000.034 2000.018 2000.001 1999.966 1999.929 1999.893 1999.856 1999.797
2024.873 2021.154 2017.434 2014.791 2012.213 2009.634 2007.055 2004.925 2003.974 2003.023 2002.073 2001.122 2000.705 2000.634 2000.562 2000.491 2000.419 2000.025 1999.609 1999.193 1998.778 1998.297 1997.64 1996.983 1996.327 1995.67 1995.577 1995.857 1996.136 1996.416 1996.696 1997.158 1997.633 1998.108 1998.583 1998.968 1999.105 1999.242 1999.379 1999.516 1999.603 1999.655 1999.708 1999.76 1999.813 1999.816 1999.816 1999.816 1999.816 1999.835 1999.906 1999.978 2000.049 2000.12 2000.131 2000.099 2000.067 2000.035 2000.002 1999.976 1999.95 1999.923 1999.897 1999.857
2026.401 2022.865 2019.328 2016.681 2014.087 2011.492 2008.898 2006.67 2005.405 2004.141 2002.876 2001.612 2001.071 2001.0 2000.928 2000.857 2000.786 2000.484 2000.168 1999.852 1999.535 1999.116 1998.417 1997.719 1997.02 1996.321 1996.196 1996.449 1996.703 1996.957 1997.21 1997.627 1998.055 1998.483 1998.911 1999.254 1999.365 1999.476 1999.587 1999.698 1999.761 1999.793 1999.824 1999.856 1999.887 1999.89 1999.89 1999.89 1999.89 1999.908 1999.98 2000.051 2000.122 2000.194 2000.195 2000.147 2000.099 2000.051 2000.004 1999.985 1999.97 1999.954 1999.938 1999.916
2027.929 2024.576 2021.222 2018.571 2015.96 2013.35 2010.74 2008.414 2006.836 2005.258 2003.679 2002.101 2001.437 2001.366 2001.295 2001.223 2001.152 2000.944 2000.727 2000.51 2000.293 1999.934 1999.194 1998.454 1997.713 1996.973 1996.815 1997.042 1997.27 1997.497 1997.725 1998.095 1998.476 1998.857 1999.238 1999.54 1999.625 1999.71 1999.794 1999.879 1999.92 1999.93 1999.941 1999.952 1999.962 1999.963 1999.963 1999.963 1999.963 1999.981 2000.053 2000.124 2000.196 2000.267 2000.259 2000.195 2000.132 2000.068 2000.005 1999.995 1999.99 1999.984 1999.979 1999.976
2030.28 2027.149 2024.017 2021.426 2018.867 2016.308 2013.75 2011.388 2009.545 2007.701 2005.858 2004.015 2003.243 2003.164 2003.084 2003.005 2002.926 2002.586 2002.229 2001.871 2001.514 2001.018 2000.145 1999.273 1998.4 1997.528 1997.3 1997.499 1997.698 1997.896 1998.095 1998.442 1998.799 1999.156 1999.513 1999.792 1999.855 1999.919 1999.983 2000.047 2000.063 2000.047 2000.032 2000.017 2000.001 2000.014 2000.03 2000.045 2000.061 2000.091 2000.162 2000.234 2000.305 2000.376 2000.354 2000.267 2000.18 2000.094 2000.007 2000.0 2000.0 2000.0 2000.0 2000.013
2033.478 2030.608 2027.738 2025.275 2022.837 2020.398 2017.96 2015.626 2013.568 2011.511 2009.453 2007.396 2006.529 2006.435 2006.34 2006.245 2006.15 2005.446 2004.701 2003.957 2003.213 2002.373 2001.276 2000.178 1999.081 1997.984 1997.647 1997.815 1997.982 1998.15 1998.317 1998.661 1999.018 1999.375 1999.732 2000.007 2000.055 2000.103 2000.151 2000.199 2000.191 2000.144 2000.097 2000.05 2000.003 2000.043 2000.09 2000.137 2000.184 2000.237 2000.309 2000.38 2000.451 2000.523 2000.482 2000.364 2000.245 2000.127 2000.009 2000.0 2000.0 2000.0 2000.0 2000.028
2036.676 2034.068 2031.459 2029.124 2026.806 2024.488 2022.17 2019.864 2017.592 2015.32 2013.048 2010.776 2009.816 2009.706 2009.595 2009.484 2009.374 2008.305 2007.174 2006.043 2004.911 2003.729 2002.406 2001.084 1999.762 1998.439 1997.995 1998.131 1998.267 1998.403 1998.539 1998.881 1999.238 1999.595 1999.952 2000.223 2000.255 2000.288 2000.32 2000.352 2000.318 2000.24 2000.162 2000.084 2000.006 2000.073 2000.151 2000.229 2000.307 2000.384 2000.455 2000.526 2000.598 2000.669 2000.61 2000.46 2000.311 2000.161 2000.011 2000.0 2000.0 2000.0 2000.0 2000.043
2039.874 2037.527 2035.18 2032.974 2030.776 2028.578 2026.38 2024.103 2021.616 2019.13 2016.643 2014.156 2013.103 2012.976 2012.85 2012.724 2012.598 2011.165 2009.647 2008.128 2006.61 2005.084 2003.537 2001.99 2000.442 1998.895 1998.342 1998.447 1998.551 1998.656 1998.761 1999.101 1999.458 1999.815 2000.172 2000.439 2000.455 2000.472 2000.488 2000.505 2000.446 2000.337 2000.227 2000.117 2000.008 2000.102 2000.211 2000.321 2000.431 2000.53 2000.602 2000.673 2000.744 2000.816 2000.738 2000.557 2000.376 2000.195 2000.014 2000.0 2000.0 2000.0 2000.0 2000.057
2043.072 2040.987 2038.901 2036.823 2034.745 2032.668 2030.59 2028.341 2025.64 2022.939 2020.238 2017.537 2016.389 2016.247 2016.106 2015.964 2015.822 2014.025 2012.119 2010.214 2008.309 2006.439 2004.667 2002.895 2001.123 1999.351 1998.689 1998.763 1998.836 1998.909 1998.982 1999.321 1999.677 2000.035 2000.391 2000.654 2000.655 2000.656 2000.657 2000.658 2000.574 2000.433 2000.292 2000.151 2000.01 2000.131 2000.272 2000.413 2000.554 2000.677 2000.748 2000.82 2000.891 2000.962 2000.866 2000.653 2000.441 2000.229 2000.016 2000.0 2000.0 2000.0 2000.0 2000.072
2046.786 2044.912 2043.039 2041.123 2039.205 2037.287 2035.37 2033.307 2030.865 2028.422 2025.98 2023.538 2022.395 2022.095 2021.794 2021.494 2021.194 2019.074 2016.836 2014.598 2012.36 2010.124 2007.896 2005.667 2003.438 2001.21 2000.17 1999.916 1999.662 1999.409 1999.155 1999.536 1999.962 2000.388 2000.814 2001.1 2001.002 2000.903 2000.805 2000.706 2000.581 2000.439 2000.296 2000.153 2000.01 2000.133 2000.275 2000.418 2000.561 2000.71 2000.875 2001.04 2001.205 2001.37 2001.334 2001.159 2000.984 2000.809 2000.634 2000.516 2000.403 2000.29 2000.176 2000.174
2050.531 2048.866 2047.202 2045.451 2043.696 2041.94 2040.184 2038.319 2036.164 2034.009 2031.854 2029.7 2028.569 2028.101 2027.633 2027.165 2026.698 2024.259 2021.691 2019.123 2016.556 2013.953 2011.253 2008.554 2005.855 2003.155 2001.72 2001.121 2000.522 1999.923 1999.324 1999.75 2000.25 2000.749 2001.248 2001.561 2001.358 2001.155 2000.952 2000.749 2000.581 2000.439 2000.296 2000.153 2000.01 2000.133 2000.275 2000.418 2000.561 2000.735 2001.0 2001.264 2001.529 2001.793 2001.822 2001.689 2001.556 2001.423 2001.29 2001.065 2000.831 2000.597 2000.364 2000.281
2054.276 2052.821 2051.365 2049.78 2048.186 2046.592 2044.999 2043.33 2041.463 2039.596 2037.729 2035.862 2034.742 2034.107 2033.472 2032.837 2032.202 2029.443 2026.546 2023.649 2020.752 2017.781 2014.611 2011.441 2008.271 2005.101 2003.27 2002.326 2001.382 2000.438 1999.494 1999.965 2000.538 2001.11 2001.683 2002.022 2001.714 2001.406 2001.099 2000.791 2000.581 2000.439 2000.296 2000.153 2000.01 2000.133 2000.275 2000.418 2000.561 2000.761 2001.125 2001.489 2001.853 2002.216 2002.311 2002.22 2002.129 2002.038 2001.947 2001.613 2001.259 2000.905 2000.551 2000.388
2058.021 2056.775 2055.529 2054.108 2052.677 2051.245 2049.813 2048.341 2046.762 2045.182 2043.603 2042.024 2040.916 2040.113 2039.311 2038.508 2037.706 2034.628 2031.401 2028.174 2024.948 2021.609 2017.968 2014.328 2010.687 2007.046 2004.82 2003.531 2002.242 2000.953 1999.663 2000.18 2000.826 2001.472 2002.117 2002.482 2002.07 2001.658 2001.245 2000.833 2000.581 2000.439 2000.296 2000.153 2000.01 2000.133 2000.275 2000.418 2000.561 2000.787 2001.25 2001.713 2002.177 2002.64 2002.8 2002.75 2002.701 2002.652 2002.603 2002.161 2001.687 2001.213 2000.738 2000.495
2061.891 2060.877 2059.863 2058.629 2057.382 2056.135 2054.889 2053.622 2052.304 2050.986 2049.667 2048.349 2047.218 2046.21 2045.201 2044.192 2043.183 2039.833 2036.33 2032.827 2029.324 2025.687 2021.686 2017.685 2013.684 2009.683 2007.141 2005.564 2003.986 2002.409 2000.832 2001.354 2002.026 2002.698 2003.37 2003.706 2003.114 2002.521 2001.928 2001.336 2000.967 2000.751 2000.534 2000.318 2000.101 2000.23 2000.385 2000.54 2000.695 2000.958 2001.526 2002.095 2002.664 2003.233 2003.475 2003.492 2003.509 2003.526 2003.543 2003.03 2002.472 2001.914 2001.357 2001.059
2065.958 2065.21 2064.463 2063.451 2062.424 2061.397 2060.37 2059.323 2058.224 2057.125 2056.027 2054.928 2053.722 2052.447 2051.171 2049.895 2048.62 2045.072 2041.375 2037.679 2033.983 2030.153 2025.964 2021.774 2017.585 2013.396 2010.659 2008.883 2007.107 2005.331 2003.555 2004.021 2004.645 2005.27 2005.895 2006.118 2005.227 2004.336 2003.445 2002.554 2001.954 2001.549 2001.144 2000.74 2000.335 2000.479 2000.665 2000.852 2001.038 2001.354 2002.038 2002.721 2003.405 2004.089 2004.44 2004.562 2004.683 2004.805 2004.927 2004.397 2003.813 2003.23 2002.646 2002.335
2070.024 2069.543 2069.062 2068.273 2067.465 2066.658 2065.85 2065.023 2064.144 2063.265 2062.386 2061.507 2060.226 2058.683 2057.141 2055.599 2054.056 2050.311 2046.421 2042.531 2038.641 2034.619 2030.241 2025.864 2021.486 2017.109 2014.177 2012.203 2010.228 2008.253 2006.279 2006.687 2007.264 2007.842 2008.42 2008.529 2007.34 2006.151 2004.962 2003.773 2002.94 2002.347 2001.754 2001.161 2000.568 2000.728 2000.946 2001.163 2001.381 2001.75 2002.549 2003.348 2004.146 2004.945 2005.405 2005.632 2005.858 2006.084 2006.311 2005.765 2005.155 2004.545 2003.935 2003.612
