data/zism_data/01119_04_D.txt
ncols         224
nrows         224
[rows 84 to 111 of 224, columns 0 to 62 of 224]
4191.112 4183.103 4175.094 4162.703 4144.939 4127.176 4109.413 4091.65 4074.267 4056.927 4039.587 4022.247 4010.298 4008.454 4006.611 4004.768 4002.924 4007.24 4013.122 4019.005 4024.888 4031.085 4038.246 4045.407 4052.568 4059.729 4063.539 4065.883 4068.228 4070.572 4073.785 4082.126 4090.467 4098.807 4107.147 4116.154 4125.617 4135.079 4144.542 4153.723 4156.716 4159.71 4162.704 4165.697 4168.571 4171.322 4174.073 4176.823 4179.574 4181.603 4183.588 4185.573 4187.558 4188.965 4189.473 4189.98 4190.489 4190.997 4191.606 4192.234 4192.863 4193.491 4197.201
4186.447 4180.185 4173.922 4162.785 4145.67 4128.557 4111.443 4094.329 4076.365 4058.304 4040.244 4022.184 4009.374 4006.408 4003.443 4000.477 3997.512 4000.743 4005.552 4010.36 4015.168 4020.323 4026.534 4032.745 4038.957 4045.168 4048.87 4051.474 4054.078 4056.682 4060.179 4068.946 4077.713 4086.48 4095.247 4104.292 4113.528 4122.764 4131.999 4140.951 4143.659 4146.368 4149.076 4151.784 4154.677 4157.761 4160.844 4163.927 4167.01 4169.699 4172.363 4175.027 4177.691 4179.926 4181.491 4183.056 4184.622 4186.187 4188.514 4190.985 4193.457 4195.929 4201.402
4180.103 4175.751 4171.4 4161.694 4145.425 4129.157 4112.888 4096.62 4078.262 4059.669 4041.076 4022.482 4008.975 4005.002 4001.031 3997.058 3993.086 3995.272 3999.026 4002.779 4006.533 4010.628 4015.768 4020.908 4026.049 4031.189 4034.662 4037.406 4040.15 4042.894 4046.568 4055.728 4064.887 4074.048 4083.207 4092.22 4101.133 4110.045 4118.958 4127.593 4130.119 4132.644 4135.169 4137.694 4140.736 4144.309 4147.882 4151.455 4155.028 4158.485 4161.936 4165.386 4168.836 4171.997 4174.708 4177.42 4180.132 4182.844 4186.979 4191.382 4195.787 4200.19 4207.494
4173.759 4171.318 4168.877 4160.604 4145.18 4129.757 4114.333 4098.91 4080.159 4061.033 4041.907 4022.781 4008.576 4003.597 3998.618 3993.639 3988.661 3989.802 3992.5 3995.198 3997.897 4000.933 4005.002 4009.071 4013.141 4017.209 4020.454 4023.338 4026.222 4029.106 4032.956 4042.509 4052.062 4061.615 4071.168 4080.148 4088.738 4097.328 4105.917 4114.235 4116.578 4118.92 4121.262 4123.604 4126.794 4130.857 4134.92 4138.983 4143.046 4147.272 4151.508 4155.744 4159.98 4164.068 4167.926 4171.785 4175.643 4179.501 4185.443 4191.779 4198.116 4204.452 4213.584
4167.416 4166.885 4166.355 4159.514 4144.935 4130.357 4115.778 4101.2 4082.057 4062.397 4042.739 4023.079 4008.177 4002.191 3996.206 3990.221 3984.236 3984.331 3985.975 3987.618 3989.261 3991.239 3994.237 3997.234 4000.232 4003.23 4006.246 4009.27 4012.294 4015.318 4019.345 4029.291 4039.237 4049.182 4059.128 4068.076 4076.343 4084.609 4092.876 4100.877 4103.037 4105.196 4107.355 4109.515 4112.854 4117.406 4121.958 4126.511 4131.064 4136.059 4141.081 4146.103 4151.124 4156.14 4161.144 4166.149 4171.154 4176.158 4183.907 4192.176 4200.445 4208.714 4219.676
4158.441 4159.417 4160.394 4154.932 4141.578 4128.224 4114.87 4101.516 4082.42 4062.676 4042.932 4023.187 4007.905 4000.989 3994.073 3987.156 3980.24 3979.353 3980.001 3980.648 3981.296 3982.297 3984.38 3986.462 3988.545 3990.627 3993.485 3996.683 3999.881 4003.079 4007.288 4017.458 4027.627 4037.797 4047.967 4056.862 4064.887 4072.912 4080.938 4088.712 4090.962 4093.213 4095.463 4097.714 4101.302 4106.268 4111.233 4116.199 4121.164 4126.86 4132.601 4138.342 4144.083 4149.961 4156.051 4162.142 4168.232 4174.323 4183.911 4194.163 4204.415 4214.666 4227.367
4142.546 4143.963 4145.381 4141.161 4130.03 4118.899 4107.768 4096.637 4078.749 4060.096 4041.445 4022.793 4007.969 4000.321 3992.672 3985.024 3977.376 3975.671 3975.479 3975.287 3975.095 3975.339 3976.916 3978.492 3980.068 3981.645 3984.533 3987.995 3991.456 3994.918 3999.32 4009.269 4019.218 4029.167 4039.116 4047.906 4055.904 4063.902 4071.901 4079.685 4082.748 4085.811 4088.875 4091.938 4096.042 4101.217 4106.393 4111.568 4116.743 4122.963 4129.248 4135.533 4141.817 4148.388 4155.404 4162.42 4169.437 4176.453 4187.967 4200.334 4212.701 4225.068 4239.27
4126.65 4128.509 4130.369 4127.39 4118.482 4109.574 4100.666 4091.758 4075.077 4057.517 4039.958 4022.399 4008.033 3999.652 3991.272 3982.892 3974.512 3971.989 3970.957 3969.926 3968.894 3968.38 3969.451 3970.522 3971.592 3972.663 3975.58 3979.306 3983.031 3986.757 3991.352 4001.08 4010.809 4020.537 4030.265 4038.949 4046.921 4054.893 4062.864 4070.657 4074.533 4078.409 4082.285 4086.161 4090.781 4096.167 4101.552 4106.937 4112.322 4119.067 4125.895 4132.723 4139.551 4146.815 4154.757 4162.699 4170.642 4178.583 4192.023 4206.505 4220.988 4235.47 4251.172
4110.755 4113.055 4115.356 4113.619 4106.934 4100.249 4093.564 4086.879 4071.405 4054.938 4038.472 4022.005 4008.096 3998.984 3989.872 3980.76 3971.647 3968.307 3966.436 3964.564 3962.693 3961.422 3961.987 3962.552 3963.116 3963.681 3966.628 3970.617 3974.606 3978.595 3983.384 3992.892 4002.399 4011.907 4021.415 4029.993 4037.938 4045.883 4053.827 4061.63 4066.319 4071.008 4075.696 4080.385 4085.521 4091.116 4096.711 4102.306 4107.901 4115.17 4122.542 4129.914 4137.286 4145.243 4154.11 4162.978 4171.846 4180.714 4196.08 4212.677 4229.274 4245.872 4263.075
4094.86 4097.602 4100.343 4099.848 4095.386 4090.924 4086.462 4082.0 4067.733 4052.359 4036.985 4021.611 4008.16 3998.316 3988.472 3978.627 3968.783 3964.625 3961.914 3959.203 3956.492 3954.464 3954.522 3954.581 3954.64 3954.699 3957.675 3961.928 3966.181 3970.434 3975.416 3984.703 3993.99 4003.277 4012.564 4021.037 4028.955 4036.873 4044.791 4052.603 4058.104 4063.606 4069.107 4074.609 4080.26 4086.065 4091.87 4097.675 4103.48 4111.273 4119.189 4127.104 4135.02 4143.67 4153.464 4163.257 4173.051 4182.844 4200.136 4218.848 4237.561 4256.274 4274.977
4079.219 4081.642 4084.065 4084.172 4081.439 4078.707 4075.974 4073.242 4060.876 4047.422 4033.968 4020.514 4008.07 3997.517 3986.965 3976.412 3965.86 3960.737 3956.995 3953.253 3949.512 3946.688 3946.67 3946.653 3946.635 3946.618 3949.671 3954.069 3958.466 3962.863 3967.948 3977.09 3986.232 3995.374 4004.516 4013.164 4021.477 4029.789 4038.102 4046.343 4053.02 4059.696 4066.372 4073.048 4079.734 4086.429 4093.124 4099.82 4106.515 4114.962 4123.516 4132.071 4140.625 4150.209 4161.394 4172.579 4183.764 4194.948 4212.952 4232.248 4251.545 4270.841 4289.562
4063.668 4065.504 4067.341 4067.823 4066.646 4065.469 4064.292 4063.115 4052.895 4041.653 4030.412 4019.169 4007.924 3996.672 3985.42 3974.168 3962.916 3956.775 3951.936 3947.096 3942.257 3938.624 3938.681 3938.739 3938.797 3938.855 3942.002 3946.502 3951.002 3955.501 3960.656 3969.68 3978.703 3987.727 3996.75 4005.674 4014.53 4023.386 4032.242 4041.06 4049.039 4057.018 4064.997 4072.975 4080.879 4088.704 4096.53 4104.355 4112.181 4121.327 4130.554 4139.782 4149.009 4159.611 4172.351 4185.091 4197.832 4210.572 4228.859 4248.199 4267.539 4286.878 4305.093
4048.117 4049.367 4050.616 4051.475 4051.853 4052.232 4052.611 4052.989 4044.914 4035.884 4026.855 4017.825 4007.779 3995.827 3983.875 3971.923 3959.972 3952.814 3946.876 3940.939 3935.001 3930.559 3930.692 3930.826 3930.959 3931.092 3934.334 3938.936 3943.537 3948.139 3953.365 3962.27 3971.175 3980.08 3988.985 3998.184 4007.583 4016.983 4026.383 4035.777 4045.059 4054.34 4063.621 4072.902 4082.023 4090.979 4099.935 4108.891 4117.847 4127.692 4137.592 4147.492 4157.392 4169.013 4183.308 4197.604 4211.9 4226.195 4244.768 4264.15 4283.533 4302.915 4320.624
4032.566 4033.229 4033.892 4035.126 4037.06 4038.994 4040.928 4042.863 4036.933 4030.115 4023.298 4016.48 4007.634 3994.982 3982.331 3969.679 3957.028 3948.853 3941.817 3934.781 3927.746 3922.495 3922.704 3922.912 3923.121 3923.329 3926.665 3931.369 3936.073 3940.777 3946.073 3954.86 3963.646 3972.433 3981.219 3990.693 4000.636 4010.58 4020.523 4030.494 4041.078 4051.662 4062.246 4072.829 4083.168 4093.254 4103.34 4113.427 4123.513 4134.058 4144.63 4155.203 4165.776 4178.414 4194.265 4210.117 4225.968 4241.819 4260.675 4280.101 4299.527 4318.952 4336.155
4017.798 4017.936 4018.073 4019.556 4022.689 4025.821 4028.954 4032.086 4027.923 4022.937 4017.95 4012.964 4005.143 3992.005 3978.868 3965.731 3952.594 3943.739 3935.973 3928.207 3920.442 3914.664 3914.969 3915.273 3915.578 3915.883 3919.274 3924.016 3928.758 3933.5 3938.824 3947.582 3956.339 3965.097 3973.855 3983.679 3994.231 4004.784 4015.336 4025.944 4037.784 4049.623 4061.463 4073.302 4084.786 4095.903 4107.02 4118.137 4129.254 4140.439 4151.627 4162.816 4174.005 4187.519 4204.649 4221.78 4238.911 4256.041 4275.007 4294.32 4313.635 4332.948 4349.59
4006.106 4005.959 4005.811 4007.045 4009.973 4012.901 4015.829 4018.757 4014.873 4010.22 4005.568 4000.915 3993.435 3980.653 3967.871 3955.089 3942.307 3934.094 3927.045 3919.995 3912.945 3907.751 3908.234 3908.716 3909.198 3909.68 3912.976 3917.503 3922.029 3926.556 3931.742 3940.823 3949.904 3958.985 3968.065 3978.535 3989.955 4001.373 4012.792 4024.276 4037.187 4050.097 4063.008 4075.918 4088.261 4100.019 4111.776 4123.535 4135.292 4146.884 4158.465 4170.047 4181.629 4195.458 4212.782 4230.106 4247.431 4264.755 4283.146 4301.738 4320.331 4338.922 4354.79
3994.415 3993.982 3993.549 3994.534 3997.257 3999.981 4002.704 4005.428 4001.823 3997.504 3993.185 3988.866 3981.727 3969.3 3956.874 3944.447 3932.021 3924.451 3918.117 3911.783 3905.449 3900.839 3901.498 3902.158 3902.818 3903.478 3906.678 3910.989 3915.301 3919.612 3924.661 3934.065 3943.469 3952.872 3962.276 3973.392 3985.678 3997.963 4010.249 4022.608 4036.59 4050.572 4064.553 4078.535 4091.737 4104.135 4116.533 4128.932 4141.33 4153.329 4165.303 4177.278 4189.252 4203.396 4220.915 4238.433 4255.951 4273.469 4291.284 4309.155 4327.026 4344.897 4359.991
3982.723 3982.005 3981.287 3982.023 3984.542 3987.061 3989.58 3992.098 3988.773 3984.788 3980.802 3976.817 3970.02 3957.948 3945.877 3933.805 3921.734 3914.807 3909.189 3903.571 3897.953 3893.926 3894.763 3895.601 3896.438 3897.275 3900.38 3904.476 3908.572 3912.668 3917.58 3927.307 3937.033 3946.76 3956.486 3968.248 3981.401 3994.553 4007.705 4020.94 4035.993 4051.046 4066.099 4081.151 4095.212 4108.251 4121.29 4134.329 4147.367 4159.774 4172.141 4184.509 4196.876 4211.335 4229.047 4246.759 4264.472 4282.183 4299.423 4316.572 4333.723 4350.872 4365.191
3971.032 3970.028 3969.025 3969.511 3971.826 3974.14 3976.455 3978.769 3975.723 3972.072 3968.42 3964.769 3958.312 3946.596 3934.88 3923.164 3911.448 3905.163 3900.261 3895.359 3890.457 3887.013 3888.028 3889.043 3890.058 3891.073 3894.082 3897.962 3901.843 3905.724 3910.499 3920.548 3930.598 3940.647 3950.697 3963.105 3977.124 3991.142 4005.161 4019.271 4035.396 4051.52 4067.644 4083.768 4098.688 4112.367 4126.046 4139.726 4153.405 4166.219 4178.979 4191.74 4204.5 4219.274 4237.18 4255.085 4272.992 4290.897 4307.562 4323.99 4340.418 4356.847 4370.391
3959.694 3957.864 3956.033 3955.914 3957.895 3959.876 3961.856 3963.837 3961.025 3957.671 3954.317 3950.964 3945.092 3934.499 3923.906 3913.313 3902.72 3897.229 3893.035 3888.842 3884.648 3881.775 3882.939 3884.103 3885.267 3886.431 3889.405 3893.171 3896.937 3900.703 3905.367 3915.334 3925.301 3935.269 3945.236 3957.958 3972.564 3987.169 4001.775 4016.458 4032.854 4049.248 4065.644 4082.038 4097.187 4111.051 4124.915 4138.779 4152.643 4165.855 4179.026 4192.197 4205.369 4220.312 4238.009 4255.707 4273.404 4291.102 4307.305 4323.224 4339.143 4355.061 4368.343
3948.534 3945.605 3942.676 3941.774 3943.356 3944.939 3946.521 3948.104 3945.502 3942.428 3939.355 3936.281 3931.116 3922.03 3912.944 3903.858 3894.772 3890.148 3886.66 3883.172 3879.684 3877.375 3878.673 3879.972 3881.271 3882.569 3885.539 3889.24 3892.942 3896.643 3901.211 3910.893 3920.575 3930.257 3939.938 3952.811 3967.863 3982.915 3997.968 4013.073 4029.339 4045.604 4061.87 4078.136 4093.197 4107.018 4120.839 4134.661 4148.481 4162.086 4175.677 4189.269 4202.859 4217.898 4235.187 4252.475 4269.764 4287.052 4302.851 4318.365 4333.881 4349.396 4362.67
3937.373 3933.346 3929.319 3927.634 3928.818 3930.002 3931.186 3932.37 3929.98 3927.186 3924.392 3921.598 3917.14 3909.561 3901.982 3894.404 3886.825 3883.069 3880.285 3877.502 3874.719 3872.975 3874.408 3875.841 3877.274 3878.707 3881.673 3885.31 3888.947 3892.583 3897.055 3906.451 3915.848 3925.245 3934.641 3947.663 3963.162 3978.661 3994.16 4009.687 4025.823 4041.96 4058.097 4074.233 4089.208 4102.986 4116.764 4130.542 4144.32 4158.318 4172.329 4186.34 4200.351 4215.484 4232.364 4249.243 4266.123 4283.002 4298.396 4313.507 4328.619 4343.73 4356.997
3926.213 3921.088 3915.963 3913.493 3914.279 3915.065 3915.851 3916.637 3914.458 3911.943 3909.429 3906.915 3903.164 3897.092 3891.021 3884.949 3878.877 3875.989 3873.911 3871.833 3869.754 3868.574 3870.142 3871.71 3873.278 3874.845 3877.807 3881.379 3884.951 3888.524 3892.898 3902.01 3911.121 3920.232 3929.344 3942.516 3958.461 3974.407 3990.353 4006.301 4022.309 4038.316 4054.323 4070.331 4085.219 4098.954 4112.688 4126.424 4140.159 4154.549 4168.98 4183.411 4197.841 4213.071 4229.541 4246.011 4262.482 4278.953 4293.941 4308.649 4323.357 4338.065 4351.324
3914.887 3908.642 3902.397 3899.18 3899.675 3900.169 3900.663 3901.157 3899.278 3897.13 3894.982 3892.834 3889.821 3885.183 3880.545 3875.908 3871.27 3869.215 3867.816 3866.418 3865.02 3864.395 3866.137 3867.88 3869.622 3871.364 3874.362 3877.91 3881.457 3885.005 3889.313 3898.106 3906.9 3915.694 3924.488 3937.669 3953.848 3970.027 3986.206 4002.369 4018.173 4033.976 4049.781 4065.584 4080.355 4094.063 4107.771 4121.48 4135.188 4149.808 4164.483 4179.16 4193.835 4209.008 4224.955 4240.9 4256.847 4272.793 4287.384 4301.718 4316.052 4330.385 4343.656
3902.462 3894.952 3887.443 3883.718 3884.632 3885.546 3886.46 3887.374 3886.383 3885.177 3883.971 3882.766 3880.696 3877.005 3873.315 3869.625 3865.934 3864.479 3863.592 3862.705 3861.818 3861.687 3863.871 3866.054 3868.238 3870.421 3873.722 3877.512 3881.302 3885.092 3889.529 3897.79 3906.051 3914.312 3922.573 3934.832 3949.821 3964.81 3979.8 3994.794 4009.899 4025.002 4040.107 4055.211 4069.667 4083.456 4097.245 4111.034 4124.822 4138.58 4152.335 4166.091 4179.846 4193.954 4208.608 4223.262 4237.917 4252.571 4266.807 4280.963 4295.12 4309.275 4322.689
3890.037 3881.262 3872.488 3868.255 3869.589 3870.923 3872.257 3873.591 3873.489 3873.225 3872.961 3872.697 3871.571 3868.827 3866.084 3863.341 3860.598 3859.742 3859.367 3858.991 3858.615 3858.979 3861.604 3864.229 3866.854 3869.479 3873.083 3877.115 3881.146 3885.178 3889.746 3897.474 3905.202 3912.93 3920.658 3931.994 3945.794 3959.594 3973.394 3987.22 4001.625 4016.029 4030.433 4044.838 4058.979 4072.848 4086.718 4100.587 4114.457 4127.352 4140.187 4153.022 4165.857 4178.899 4192.262 4205.625 4218.987 4232.35 4246.23 4260.208 4274.188 4288.166 4301.722
3877.612 3867.573 3857.533 3852.792 3854.546 3856.3 3858.054 3859.807 3860.594 3861.272 3861.95 3862.628 3862.446 3860.65 3858.854 3857.058 3855.262 3855.006 3855.142 3855.278 3855.413 3856.271 3859.337 3862.404 3865.47 3868.536 3872.443 3876.717 3880.991 3885.265 3889.963 3897.158 3904.353 3911.548 3918.743 3929.156 3941.767 3954.377 3966.988 3979.646 3993.351 4007.055 4020.76 4034.465 4048.291 4062.241 4076.191 4090.141 4104.091 4116.125 4128.039 4139.954 4151.869 4163.845 4175.916 4187.986 4200.058 4212.128 4225.654 4239.455 4253.255 4267.056 4280.754
3865.187 3853.883 3842.578 3837.329 3839.503 3841.677 3843.85 3846.024 3847.7 3849.32 3850.939 3852.559 3853.32 3852.472 3851.624 3850.775 3849.927 3850.27 3850.917 3851.564 3852.211 3853.563 3857.071 3860.578 3864.086 3867.594 3871.803 3876.319 3880.835 3885.352 3890.179 3896.842 3903.504 3910.166 3916.828 3926.318 3937.739 3949.16 3960.581 3972.071 3985.076 3998.081 4011.086 4024.091 4037.602 4051.633 4065.664 4079.695 4093.726 4104.897 4115.891 4126.886 4137.88 4148.79 4159.569 4170.349 4181.128 4191.907 4205.077 4218.7 4232.324 4245.946 4259.787
