data/zism_data/01112_02_D.txt
ncols         224
nrows         224
[rows 0 to 27 of 224, columns 63 to 125 of 224]
3707.371 3702.456 3703.34 3706.216 3709.091 3711.966 3715.728 3723.664 3731.599 3739.535 3747.471 3755.894 3764.635 3773.376 3782.117 3790.851 3799.392 3807.933 3816.473 3825.014 3833.29 3841.263 3849.237 3857.21 3865.183 3873.479 3881.811 3890.144 3898.476 3906.148 3912.47 3918.791 3925.113 3931.434 3936.268 3940.629 3944.99 3949.352 3952.1 3947.962 3943.824 3939.687 3935.549 3929.448 3922.146 3914.844 3907.542 3900.396 3896.15 3891.904 3887.657 3883.411 3884.105 3890.114 3896.123 3902.132 3908.141 3912.92 3917.581 3922.242 3926.903 3928.76 3925.25
3706.461 3701.337 3702.077 3704.829 3707.582 3710.334 3713.926 3721.471 3729.017 3736.563 3744.108 3752.229 3760.725 3769.22 3777.715 3786.206 3794.608 3803.01 3811.412 3819.814 3827.956 3835.801 3843.646 3851.491 3859.336 3867.628 3875.972 3884.315 3892.658 3900.316 3906.573 3912.831 3919.088 3925.345 3930.192 3934.591 3938.989 3943.388 3946.205 3942.271 3938.336 3934.401 3930.466 3924.233 3916.595 3908.957 3901.318 3893.854 3889.646 3885.437 3881.228 3877.019 3877.809 3883.979 3890.148 3896.318 3902.487 3907.275 3911.931 3916.586 3921.241 3923.224 3920.087
3705.551 3700.218 3700.813 3703.443 3706.072 3708.702 3712.124 3719.28 3726.435 3733.591 3740.746 3748.565 3756.814 3765.063 3773.313 3781.562 3789.825 3798.088 3806.352 3814.615 3822.622 3830.339 3838.056 3845.773 3853.49 3861.778 3870.132 3878.486 3886.84 3894.484 3900.677 3906.87 3913.063 3919.257 3924.116 3928.552 3932.989 3937.425 3940.311 3936.579 3932.847 3929.115 3925.384 3919.019 3911.044 3903.069 3895.094 3887.313 3883.141 3878.97 3874.798 3870.626 3871.514 3877.844 3884.174 3890.503 3896.833 3901.63 3906.281 3910.93 3915.581 3917.688 3914.925
3704.64 3699.099 3699.55 3702.056 3704.563 3707.07 3710.322 3717.088 3723.853 3730.618 3737.384 3744.9 3752.903 3760.907 3768.91 3776.918 3785.042 3793.166 3801.291 3809.415 3817.289 3824.877 3832.466 3840.054 3847.643 3855.928 3864.292 3872.657 3881.021 3888.652 3894.781 3900.91 3907.039 3913.168 3918.04 3922.514 3926.988 3931.461 3934.416 3930.887 3927.358 3923.83 3920.301 3913.805 3905.493 3897.181 3888.869 3880.771 3876.637 3872.503 3868.368 3864.234 3865.218 3871.708 3878.198 3884.688 3891.179 3895.985 3900.63 3905.275 3909.919 3912.151 3909.763
3703.789 3698.318 3698.59 3700.831 3703.073 3705.314 3708.286 3714.698 3721.111 3727.523 3733.935 3741.188 3748.988 3756.788 3764.588 3772.392 3780.314 3788.236 3796.158 3804.08 3811.892 3819.579 3827.266 3834.952 3842.639 3850.623 3858.64 3866.657 3874.674 3881.981 3887.835 3893.689 3899.543 3905.398 3910.472 3915.299 3920.126 3924.953 3928.202 3924.713 3921.224 3917.735 3914.246 3907.406 3898.515 3889.625 3880.734 3872.077 3867.77 3863.462 3859.155 3854.848 3855.926 3862.797 3869.669 3876.54 3883.412 3888.828 3894.105 3899.382 3904.658 3907.182 3904.436
3702.938 3697.542 3697.634 3699.608 3701.582 3703.557 3706.247 3712.306 3718.366 3724.426 3730.485 3737.476 3745.073 3752.67 3760.267 3767.868 3775.587 3783.306 3791.025 3798.744 3806.495 3814.283 3822.072 3829.86 3837.648 3845.325 3852.99 3860.654 3868.319 3875.297 3880.874 3886.45 3892.027 3897.603 3902.883 3908.067 3913.252 3918.437 3921.983 3918.531 3915.08 3911.629 3908.177 3900.99 3891.517 3882.043 3872.57 3863.352 3858.868 3854.385 3849.901 3845.417 3846.589 3853.845 3861.102 3868.358 3875.614 3881.649 3887.567 3893.485 3899.403 3902.222 3899.107
3702.087 3696.766 3696.678 3698.385 3700.092 3701.799 3704.207 3709.914 3715.621 3721.328 3727.035 3733.764 3741.158 3748.552 3755.946 3763.344 3770.86 3778.375 3785.891 3793.407 3801.098 3808.988 3816.877 3824.767 3832.657 3840.028 3847.34 3854.651 3861.963 3868.614 3873.912 3879.211 3884.51 3889.808 3895.292 3900.835 3906.378 3911.921 3915.764 3912.35 3908.936 3905.522 3902.108 3894.573 3884.518 3874.462 3864.406 3854.626 3849.966 3845.306 3840.646 3835.986 3837.252 3844.893 3852.534 3860.175 3867.816 3874.47 3881.029 3887.588 3894.147 3897.261 3893.777
3701.236 3695.99 3695.722 3697.162 3698.602 3700.042 3702.167 3707.522 3712.876 3718.231 3723.585 3730.052 3737.243 3744.434 3751.624 3758.82 3766.132 3773.445 3780.758 3788.071 3795.701 3803.692 3811.683 3819.675 3827.666 3834.73 3841.69 3848.649 3855.608 3861.931 3866.951 3871.972 3876.993 3882.013 3887.702 3893.603 3899.504 3905.405 3909.545 3906.169 3902.792 3899.415 3896.039 3888.157 3877.519 3866.881 3856.242 3845.901 3841.065 3836.228 3831.392 3826.556 3827.916 3835.941 3843.967 3851.992 3860.018 3867.291 3874.491 3881.692 3888.892 3892.3 3888.448
3700.114 3694.948 3694.48 3695.625 3696.77 3697.915 3699.734 3704.731 3709.729 3714.726 3719.723 3725.933 3732.932 3739.932 3746.931 3753.935 3761.058 3768.182 3775.306 3782.43 3789.997 3798.072 3806.146 3814.22 3822.294 3829.034 3835.622 3842.21 3848.798 3854.774 3859.501 3864.228 3868.954 3873.681 3879.497 3885.658 3891.819 3897.981 3902.338 3898.997 3895.655 3892.314 3888.972 3880.987 3870.162 3859.336 3848.51 3837.99 3833.128 3828.267 3823.405 3818.543 3819.871 3827.856 3835.841 3843.826 3851.812 3859.242 3866.619 3873.996 3881.372 3884.793 3880.64
3698.64 3693.559 3692.866 3693.68 3694.493 3695.307 3696.79 3701.423 3706.057 3710.691 3715.324 3721.285 3728.108 3734.931 3741.754 3748.581 3755.534 3762.487 3769.439 3776.392 3783.896 3792.029 3800.162 3808.295 3816.428 3822.819 3829.012 3835.204 3841.397 3847.004 3851.416 3855.827 3860.238 3864.649 3870.491 3876.786 3883.081 3889.376 3893.848 3890.538 3887.229 3883.919 3880.61 3872.839 3862.34 3851.84 3841.34 3831.138 3826.447 3821.756 3817.066 3812.375 3813.505 3820.897 3828.29 3835.682 3843.074 3850.062 3857.011 3863.961 3870.91 3873.977 3869.609
3697.165 3692.169 3691.252 3691.735 3692.217 3692.699 3693.845 3698.115 3702.385 3706.656 3710.926 3716.636 3723.283 3729.93 3736.576 3743.228 3750.01 3756.791 3763.573 3770.355 3777.795 3785.987 3794.179 3802.371 3810.562 3816.604 3822.401 3828.198 3833.996 3839.234 3843.33 3847.426 3851.522 3855.618 3861.485 3867.913 3874.342 3880.77 3885.357 3882.079 3878.802 3875.524 3872.247 3864.691 3854.518 3844.344 3834.17 3824.285 3819.766 3815.246 3810.726 3806.207 3807.14 3813.939 3820.738 3827.537 3834.336 3840.882 3847.404 3853.926 3860.448 3863.16 3858.579
3695.69 3690.781 3689.638 3689.789 3689.94 3690.091 3690.9 3694.807 3698.714 3702.621 3706.528 3711.988 3718.458 3724.929 3731.399 3737.875 3744.485 3751.096 3757.707 3764.317 3771.694 3779.945 3788.195 3796.446 3804.696 3810.389 3815.791 3821.193 3826.595 3831.464 3835.245 3839.025 3842.806 3846.587 3852.479 3859.041 3865.603 3872.165 3876.866 3873.621 3870.375 3867.13 3863.885 3856.543 3846.695 3836.848 3827.0 3817.433 3813.084 3808.736 3804.387 3800.038 3800.774 3806.98 3813.186 3819.392 3825.598 3831.702 3837.797 3843.891 3849.985 3852.344 3847.549
3694.216 3689.391 3688.024 3687.844 3687.664 3687.483 3687.955 3691.499 3695.042 3698.586 3702.13 3707.34 3713.634 3719.928 3726.222 3732.521 3738.961 3745.4 3751.84 3758.28 3765.593 3773.902 3782.212 3790.521 3798.83 3804.174 3809.181 3814.187 3819.193 3823.694 3827.159 3830.624 3834.09 3837.555 3843.473 3850.168 3856.864 3863.56 3868.375 3865.162 3861.948 3858.735 3855.522 3848.395 3838.873 3829.351 3819.829 3810.581 3806.403 3802.225 3798.048 3793.87 3794.409 3800.021 3805.634 3811.247 3816.86 3822.522 3828.189 3833.856 3839.523 3841.527 3836.518
3690.988 3686.15 3684.687 3684.383 3684.08 3683.776 3684.105 3687.418 3690.73 3694.043 3697.355 3702.316 3708.349 3714.381 3720.414 3726.453 3732.665 3738.877 3745.089 3751.302 3758.342 3766.327 3774.313 3782.298 3790.284 3795.553 3800.514 3805.474 3810.435 3814.86 3818.189 3821.519 3824.849 3828.178 3833.774 3840.088 3846.403 3852.717 3857.278 3854.352 3851.426 3848.499 3845.573 3839.059 3830.35 3821.641 3812.931 3804.472 3800.645 3796.817 3792.99 3789.163 3789.614 3794.666 3799.719 3804.772 3809.824 3814.72 3819.6 3824.481 3829.361 3831.121 3826.904
3687.53 3682.665 3681.124 3680.724 3680.324 3679.924 3680.137 3683.236 3686.334 3689.433 3692.532 3697.243 3703.004 3708.764 3714.524 3720.292 3726.269 3732.246 3738.223 3744.199 3750.94 3758.551 3766.163 3773.774 3781.386 3786.617 3791.578 3796.538 3801.499 3805.887 3809.104 3812.322 3815.539 3818.756 3823.984 3829.85 3835.715 3841.581 3845.839 3843.233 3840.628 3838.022 3835.417 3829.568 3821.735 3813.902 3806.069 3798.46 3795.007 3791.554 3788.101 3784.647 3785.024 3789.521 3794.018 3798.515 3803.012 3807.099 3811.146 3815.192 3819.239 3820.768 3817.476
3684.072 3679.18 3677.561 3677.065 3676.568 3676.072 3676.168 3679.053 3681.938 3684.823 3687.709 3692.171 3697.658 3703.146 3708.633 3714.13 3719.872 3725.614 3731.355 3737.097 3743.538 3750.775 3758.013 3765.25 3772.487 3777.68 3782.641 3787.602 3792.562 3796.913 3800.019 3803.124 3806.229 3809.334 3814.194 3819.611 3825.028 3830.444 3834.399 3832.114 3829.829 3827.544 3825.259 3820.076 3813.12 3806.163 3799.207 3792.448 3789.369 3786.29 3783.211 3780.132 3780.435 3784.376 3788.317 3792.259 3796.2 3799.477 3802.69 3805.903 3809.116 3810.415 3808.048
3680.614 3675.696 3673.998 3673.406 3672.813 3672.22 3672.2 3674.871 3677.542 3680.214 3682.885 3687.098 3692.313 3697.528 3702.743 3707.969 3713.475 3718.982 3724.489 3729.995 3736.136 3742.999 3749.863 3756.726 3763.589 3768.744 3773.705 3778.665 3783.626 3787.94 3790.933 3793.926 3796.919 3799.912 3804.404 3809.372 3814.34 3819.308 3822.96 3820.996 3819.031 3817.067 3815.103 3810.585 3804.505 3798.425 3792.344 3786.437 3783.732 3781.027 3778.321 3775.616 3775.845 3779.231 3782.616 3786.002 3789.388 3791.855 3794.235 3796.615 3798.994 3800.063 3798.619
3676.645 3671.789 3670.096 3669.487 3668.879 3668.27 3668.22 3670.797 3673.374 3675.951 3678.528 3682.521 3687.435 3692.349 3697.263 3702.188 3707.417 3712.646 3717.875 3723.103 3728.897 3735.334 3741.772 3748.21 3754.647 3759.665 3764.52 3769.375 3774.231 3778.465 3781.427 3784.39 3787.353 3790.315 3794.498 3799.066 3803.635 3808.204 3811.586 3809.899 3808.213 3806.526 3804.84 3800.887 3795.548 3790.209 3784.87 3779.685 3777.361 3775.037 3772.713 3770.389 3770.655 3773.708 3776.76 3779.813 3782.865 3784.841 3786.713 3788.584 3790.457 3791.461 3790.805
3671.656 3667.04 3665.515 3665.051 3664.587 3664.123 3664.217 3666.938 3669.659 3672.38 3675.101 3678.934 3683.49 3688.046 3692.603 3697.17 3702.035 3706.901 3711.766 3716.631 3721.984 3727.893 3733.802 3739.71 3745.619 3750.299 3754.839 3759.379 3763.92 3767.986 3771.082 3774.178 3777.274 3780.371 3784.358 3788.627 3792.897 3797.167 3800.343 3798.848 3797.354 3795.86 3794.366 3790.778 3785.909 3781.04 3776.171 3771.453 3769.524 3767.596 3765.667 3763.738 3764.263 3767.428 3770.593 3773.758 3776.922 3779.039 3781.056 3783.072 3785.088 3786.364 3786.221
3666.666 3662.291 3660.935 3660.615 3660.295 3659.975 3660.213 3663.079 3665.944 3668.81 3671.675 3675.348 3679.546 3683.744 3687.942 3692.151 3696.653 3701.155 3705.657 3710.159 3715.072 3720.451 3725.831 3731.211 3736.59 3740.933 3745.158 3749.383 3753.608 3757.506 3760.736 3763.966 3767.196 3770.426 3774.218 3778.188 3782.159 3786.129 3789.099 3787.797 3786.495 3785.193 3783.891 3780.668 3776.27 3771.871 3767.473 3763.221 3761.687 3760.154 3758.621 3757.088 3757.872 3761.149 3764.426 3767.703 3770.979 3773.238 3775.398 3777.559 3779.719 3781.266 3781.636
3661.676 3657.542 3656.354 3656.179 3656.003 3655.828 3656.21 3659.22 3662.229 3665.239 3668.249 3671.762 3675.602 3679.442 3683.282 3687.133 3691.272 3695.41 3699.549 3703.688 3708.159 3713.01 3717.861 3722.711 3727.562 3731.568 3735.478 3739.387 3743.297 3747.027 3750.391 3753.754 3757.117 3760.481 3764.078 3767.749 3771.42 3775.092 3777.856 3776.746 3775.636 3774.527 3773.417 3770.559 3766.631 3762.703 3758.774 3754.989 3753.851 3752.713 3751.575 3750.437 3751.48 3754.869 3758.259 3761.648 3765.037 3767.437 3769.741 3772.046 3774.351 3776.168 3777.051
3656.687 3652.792 3651.774 3651.743 3651.711 3651.68 3652.207 3655.361 3658.515 3661.669 3664.823 3668.176 3671.658 3675.14 3678.622 3682.115 3685.89 3689.665 3693.44 3697.216 3701.246 3705.568 3709.89 3714.211 3718.533 3722.202 3725.796 3729.391 3732.985 3736.548 3740.045 3743.542 3747.039 3750.536 3753.938 3757.31 3760.682 3764.054 3766.612 3765.695 3764.778 3763.86 3762.943 3760.45 3756.992 3753.534 3750.075 3746.756 3746.014 3745.271 3744.529 3743.786 3745.088 3748.59 3752.091 3755.593 3759.094 3761.635 3764.084 3766.533 3768.982 3771.07 3772.466
3650.32 3646.926 3646.255 3646.518 3646.781 3647.045 3647.847 3651.188 3654.528 3657.868 3661.208 3664.62 3668.079 3671.537 3674.996 3678.46 3682.086 3685.711 3689.336 3692.961 3696.749 3700.721 3704.694 3708.667 3712.639 3715.835 3718.943 3722.051 3725.158 3728.299 3731.507 3734.716 3737.924 3741.132 3744.136 3747.075 3750.014 3752.953 3755.187 3754.412 3753.637 3752.862 3752.087 3749.975 3747.046 3744.117 3741.188 3738.388 3738.008 3737.627 3737.247 3736.866 3738.614 3742.649 3746.685 3750.721 3754.757 3757.832 3760.814 3763.796 3766.779 3769.343 3771.105
3643.572 3640.749 3640.475 3641.075 3641.675 3642.275 3643.39 3646.927 3650.465 3654.003 3657.541 3661.073 3664.601 3668.129 3671.657 3675.185 3678.72 3682.254 3685.789 3689.323 3692.922 3696.595 3700.269 3703.942 3707.615 3710.301 3712.875 3715.448 3718.021 3720.67 3723.472 3726.274 3729.076 3731.878 3734.427 3736.896 3739.365 3741.834 3743.711 3743.064 3742.418 3741.771 3741.124 3739.399 3737.015 3734.631 3732.247 3729.983 3729.955 3729.927 3729.899 3729.872 3732.115 3736.803 3741.491 3746.179 3750.867 3754.583 3758.207 3761.831 3765.454 3768.551 3770.64
3636.823 3634.572 3634.694 3635.631 3636.568 3637.504 3638.932 3642.667 3646.403 3650.138 3653.874 3657.526 3661.123 3664.721 3668.318 3671.91 3675.354 3678.797 3682.241 3685.684 3689.095 3692.469 3695.844 3699.218 3702.592 3704.767 3706.806 3708.845 3710.884 3713.041 3715.437 3717.833 3720.229 3722.625 3724.719 3726.717 3728.716 3730.714 3732.235 3731.717 3731.198 3730.68 3730.161 3728.823 3726.984 3725.145 3723.306 3721.577 3721.902 3722.227 3722.552 3722.876 3725.617 3730.957 3736.297 3741.636 3746.976 3751.335 3755.6 3759.865 3764.129 3767.76 3770.174
3630.074 3628.395 3628.914 3630.188 3631.461 3632.734 3634.474 3638.407 3642.34 3646.273 3650.207 3653.979 3657.646 3661.313 3664.979 3668.635 3671.988 3675.341 3678.693 3682.046 3685.269 3688.344 3691.418 3694.493 3697.568 3699.233 3700.738 3702.243 3703.747 3705.411 3707.401 3709.391 3711.381 3713.371 3715.01 3716.539 3718.067 3719.595 3720.76 3720.369 3719.979 3719.589 3719.198 3718.247 3716.953 3715.659 3714.365 3713.172 3713.849 3714.527 3715.204 3715.882 3719.119 3725.111 3731.102 3737.094 3743.086 3748.087 3752.993 3757.899 3762.805 3766.968 3769.708
3623.737 3622.559 3623.441 3625.03 3626.619 3628.208 3630.246 3634.402 3638.558 3642.714 3646.869 3650.791 3654.559 3658.328 3662.097 3665.85 3669.193 3672.537 3675.881 3679.224 3682.357 3685.249 3688.141 3691.033 3693.925 3695.191 3696.272 3697.352 3698.433 3699.673 3701.241 3702.809 3704.376 3705.944 3707.155 3708.253 3709.35 3710.448 3711.285 3711.008 3710.731 3710.454 3710.177 3709.568 3708.756 3707.944 3707.132 3706.415 3707.467 3708.52 3709.572 3710.625 3714.378 3721.038 3727.698 3734.357 3741.017 3746.59 3752.06 3757.529 3762.998 3767.577 3770.453
3618.762 3617.851 3618.985 3620.82 3622.654 3624.489 3626.784 3631.244 3635.705 3640.165 3644.625 3648.793 3652.77 3656.747 3660.724 3664.688 3668.293 3671.898 3675.504 3679.109 3682.476 3685.572 3688.667 3691.762 3694.857 3696.091 3697.112 3698.134 3699.156 3700.201 3701.293 3702.385 3703.477 3704.569 3705.438 3706.237 3707.035 3707.834 3708.44 3708.228 3708.015 3707.802 3707.589 3707.174 3706.634 3706.094 3705.554 3705.119 3706.62 3708.122 3709.623 3711.124 3715.458 3722.839 3730.22 3737.601 3744.982 3750.897 3756.671 3762.444 3768.218 3772.827 3775.206
