data/zism_data/01129_02_D.txt
ncols         224
nrows         224
[rows 116 to 144 of 224, columns 64 to 127 of 224]
1584.609 1582.376 1580.143 1580.883 1583.91 1586.936 1589.962 1592.936 1594.508 1596.081 1597.653 1599.225 1598.356 1595.116 1591.876 1588.635 1585.395 1571.61 1557.591 1543.572 1529.553 1520.32 1516.954 1513.588 1510.222 1506.856 1513.37 1520.74 1528.109 1535.479 1543.51 1552.571 1561.632 1570.693 1579.753 1584.618 1588.813 1593.008 1597.203 1600.0 1600.0 1600.0 1600.0 1600.0 1600.0 1600.0 1600.0 1600.0 1599.983 1599.92 1599.857 1599.794 1599.732 1598.642 1597.204 1595.765 1594.327 1591.923 1586.043 1580.162 1574.282 1568.402 1561.288 1553.616
1583.225 1580.263 1577.3 1577.832 1581.051 1584.271 1587.49 1590.669 1592.746 1594.823 1596.9 1598.977 1598.471 1595.456 1592.441 1589.426 1586.411 1572.946 1559.25 1545.553 1531.856 1522.381 1518.081 1513.78 1509.48 1505.18 1511.693 1519.144 1526.593 1534.044 1542.244 1551.61 1560.977 1570.344 1579.711 1584.618 1588.813 1593.008 1597.203 1600.0 1600.0 1600.0 1600.0 1600.0 1600.0 1600.0 1600.0 1600.0 1599.974 1599.879 1599.784 1599.689 1599.594 1598.34 1596.692 1595.044 1593.397 1590.887 1585.275 1579.663 1574.052 1568.44 1561.924 1554.998
1581.842 1578.149 1574.456 1574.78 1578.193 1581.606 1585.019 1588.401 1590.983 1593.565 1596.146 1598.728 1598.585 1595.796 1593.006 1590.217 1587.428 1574.283 1560.908 1547.533 1534.159 1524.441 1519.207 1513.972 1508.738 1503.504 1510.017 1517.547 1525.078 1532.608 1540.977 1550.65 1560.323 1569.996 1579.669 1584.618 1588.813 1593.008 1597.203 1600.0 1600.0 1600.0 1600.0 1600.0 1600.0 1600.0 1600.0 1600.0 1599.965 1599.838 1599.711 1599.583 1599.456 1598.038 1596.181 1594.323 1592.466 1589.851 1584.508 1579.164 1573.821 1568.478 1562.559 1556.38
1579.411 1574.884 1570.356 1570.519 1574.288 1578.057 1581.826 1585.575 1588.761 1591.947 1595.133 1598.319 1598.62 1596.117 1593.614 1591.112 1588.609 1575.857 1562.878 1549.899 1536.919 1527.0 1520.832 1514.663 1508.494 1502.326 1508.6 1515.953 1523.305 1530.657 1539.001 1548.888 1558.776 1568.663 1578.55 1583.657 1588.001 1592.345 1596.689 1599.607 1599.674 1599.742 1599.809 1599.876 1599.855 1599.812 1599.769 1599.726 1599.628 1599.383 1599.138 1598.893 1598.648 1597.004 1594.884 1592.765 1590.645 1587.874 1582.756 1577.638 1572.521 1567.403 1561.936 1556.312
1575.265 1569.734 1564.203 1564.281 1568.673 1573.065 1577.457 1581.833 1585.787 1589.741 1593.695 1597.649 1598.524 1596.408 1594.292 1592.176 1590.059 1577.82 1565.357 1552.893 1540.429 1530.374 1523.271 1516.168 1509.065 1501.962 1507.609 1514.36 1521.111 1527.862 1535.865 1545.817 1555.769 1565.72 1575.672 1581.126 1585.862 1590.597 1595.333 1598.572 1598.816 1599.061 1599.305 1599.55 1599.472 1599.317 1599.161 1599.006 1598.754 1598.252 1597.749 1597.246 1596.744 1594.773 1592.305 1589.836 1587.368 1584.357 1579.395 1574.433 1569.471 1564.509 1559.258 1553.875
1571.12 1564.585 1558.049 1558.043 1563.057 1568.072 1573.087 1578.092 1582.813 1587.535 1592.257 1596.979 1598.428 1596.699 1594.969 1593.24 1591.51 1579.784 1567.835 1555.887 1543.939 1533.748 1525.71 1517.673 1509.636 1501.599 1506.618 1512.768 1518.917 1525.067 1532.729 1542.745 1552.761 1562.778 1572.793 1578.594 1583.722 1588.85 1593.977 1597.536 1597.958 1598.38 1598.801 1599.223 1599.09 1598.821 1598.553 1598.285 1597.881 1597.12 1596.36 1595.6 1594.839 1592.543 1589.726 1586.908 1584.091 1580.841 1576.035 1571.228 1566.422 1561.616 1556.579 1551.438
1566.974 1559.435 1551.896 1551.805 1557.442 1563.08 1568.718 1574.35 1579.84 1585.33 1590.819 1596.309 1598.333 1596.99 1595.646 1594.303 1592.96 1581.747 1570.314 1558.881 1547.448 1537.121 1528.15 1519.178 1510.207 1501.236 1505.627 1511.175 1516.723 1522.271 1529.593 1539.674 1549.754 1559.835 1569.915 1576.063 1581.583 1587.102 1592.622 1596.501 1597.1 1597.699 1598.298 1598.897 1598.707 1598.326 1597.945 1597.564 1597.007 1595.989 1594.971 1593.953 1592.935 1590.313 1587.146 1583.98 1580.813 1577.324 1572.674 1568.023 1563.373 1558.722 1553.9 1549.0
1562.829 1554.286 1545.742 1545.567 1551.827 1558.088 1564.349 1570.609 1576.866 1583.124 1589.381 1595.638 1598.237 1597.28 1596.324 1595.367 1594.411 1583.71 1572.793 1561.875 1550.958 1540.495 1530.589 1520.684 1510.778 1500.873 1504.636 1509.583 1514.529 1519.476 1526.457 1536.602 1546.747 1556.892 1567.037 1573.531 1579.443 1585.355 1591.266 1595.466 1596.242 1597.018 1597.794 1598.57 1598.325 1597.831 1597.337 1596.843 1596.134 1594.858 1593.582 1592.306 1591.03 1588.083 1584.567 1581.052 1577.536 1573.808 1569.313 1564.818 1560.323 1555.828 1551.221 1546.563
1556.763 1547.738 1538.712 1538.344 1544.636 1550.928 1557.22 1563.555 1571.028 1578.501 1585.974 1593.447 1596.96 1596.625 1596.29 1595.955 1595.62 1585.462 1575.087 1564.711 1554.335 1543.85 1533.232 1522.614 1511.996 1501.378 1504.227 1508.242 1512.257 1516.272 1522.435 1531.939 1541.444 1550.949 1560.453 1567.28 1573.679 1580.079 1586.478 1591.162 1592.415 1593.669 1594.922 1596.175 1595.901 1595.255 1594.61 1593.964 1593.052 1591.44 1589.828 1588.216 1586.604 1583.48 1579.842 1576.203 1572.565 1568.763 1564.372 1559.98 1555.589 1551.198 1546.705 1542.167
1550.246 1540.862 1531.476 1530.892 1537.076 1543.261 1549.445 1555.724 1564.518 1573.312 1582.106 1590.9 1595.406 1595.748 1596.089 1596.431 1596.772 1587.165 1577.337 1567.509 1557.68 1547.201 1535.922 1524.644 1513.366 1502.088 1503.955 1506.96 1509.966 1512.971 1518.205 1526.904 1535.604 1544.303 1553.002 1560.158 1567.067 1573.976 1580.886 1586.092 1587.893 1589.694 1591.495 1593.296 1593.0 1592.193 1591.386 1590.579 1589.453 1587.487 1585.52 1583.554 1581.588 1578.322 1574.614 1570.905 1567.197 1563.36 1559.06 1554.76 1550.46 1546.16 1541.759 1537.312
1543.73 1533.986 1524.241 1523.439 1529.516 1535.593 1541.67 1547.894 1558.008 1568.123 1578.238 1588.352 1593.853 1594.871 1595.889 1596.907 1597.925 1588.868 1579.588 1570.307 1561.026 1550.552 1538.613 1526.674 1514.736 1502.797 1503.682 1505.679 1507.675 1509.671 1513.975 1521.869 1529.763 1537.657 1545.551 1553.035 1560.455 1567.874 1575.293 1581.022 1583.371 1585.72 1588.068 1590.417 1590.098 1589.13 1588.162 1587.194 1585.854 1583.533 1581.213 1578.892 1576.571 1573.163 1569.385 1565.607 1561.829 1557.958 1553.749 1549.54 1545.331 1541.123 1536.813 1532.457
1537.214 1527.11 1517.005 1515.986 1521.956 1527.926 1533.896 1540.063 1551.499 1562.934 1574.37 1585.805 1592.299 1593.994 1595.688 1597.383 1599.077 1590.571 1581.838 1573.105 1564.372 1553.902 1541.303 1528.704 1516.105 1503.506 1503.41 1504.397 1505.384 1506.371 1509.745 1516.834 1523.922 1531.011 1538.099 1545.913 1553.842 1561.772 1569.701 1575.953 1578.849 1581.745 1584.641 1587.538 1587.196 1586.067 1584.938 1583.809 1582.255 1579.58 1576.905 1574.23 1571.555 1568.005 1564.157 1560.309 1556.461 1552.555 1548.438 1544.32 1540.203 1536.085 1531.866 1527.602
1531.438 1521.303 1511.167 1509.979 1515.673 1521.367 1527.062 1532.998 1545.38 1557.763 1570.146 1582.528 1589.835 1592.211 1594.587 1596.963 1599.339 1591.387 1583.206 1575.024 1566.843 1556.486 1543.462 1530.438 1517.414 1504.39 1503.443 1503.542 1503.641 1503.74 1506.252 1512.517 1518.782 1525.047 1531.312 1539.269 1547.496 1555.724 1563.951 1570.543 1573.866 1577.188 1580.51 1583.833 1583.465 1582.199 1580.934 1579.668 1577.93 1574.947 1571.965 1568.982 1565.999 1562.354 1558.483 1554.612 1550.741 1546.848 1542.879 1538.91 1534.94 1530.971 1526.951 1522.907
1527.997 1518.865 1509.734 1508.527 1513.415 1518.304 1523.193 1528.345 1540.497 1552.648 1564.8 1576.952 1584.499 1587.573 1590.647 1593.721 1596.795 1589.41 1581.792 1574.175 1566.557 1556.653 1543.945 1531.238 1518.531 1505.823 1504.437 1504.032 1503.626 1503.221 1505.081 1510.465 1515.85 1521.234 1526.618 1534.135 1541.992 1549.849 1557.706 1564.065 1567.431 1570.796 1574.161 1577.527 1577.12 1575.795 1574.47 1573.146 1571.32 1568.177 1565.033 1561.889 1558.745 1555.151 1551.403 1547.656 1543.908 1540.184 1536.542 1532.9 1529.259 1525.617 1522.131 1518.715
1524.555 1516.428 1508.3 1507.074 1511.158 1515.241 1519.325 1523.693 1535.613 1547.534 1559.455 1571.375 1579.163 1582.935 1586.707 1590.479 1594.251 1587.432 1580.379 1573.325 1566.271 1556.82 1544.429 1532.038 1519.648 1507.257 1505.432 1504.522 1503.611 1502.701 1503.91 1508.413 1512.917 1517.421 1521.925 1529.001 1536.487 1543.974 1551.46 1557.587 1560.996 1564.404 1567.812 1571.22 1570.774 1569.391 1568.007 1566.623 1564.711 1561.406 1558.101 1554.796 1551.491 1547.948 1544.324 1540.7 1537.076 1533.52 1530.205 1526.891 1523.577 1520.263 1517.311 1514.523
1521.114 1513.99 1506.867 1505.622 1508.9 1512.178 1515.457 1519.04 1530.729 1542.419 1554.109 1565.799 1573.827 1578.297 1582.767 1587.237 1591.707 1585.455 1578.965 1572.475 1565.985 1556.986 1544.912 1532.839 1520.765 1508.691 1506.426 1505.011 1503.597 1502.182 1502.738 1506.362 1509.985 1513.608 1517.232 1523.867 1530.983 1538.099 1545.215 1551.109 1554.561 1558.012 1561.463 1564.914 1564.429 1562.986 1561.544 1560.101 1558.101 1554.635 1551.169 1547.703 1544.237 1540.746 1537.245 1533.745 1530.244 1526.855 1523.869 1520.882 1517.895 1514.908 1512.491 1510.332
1517.672 1511.553 1505.433 1504.17 1506.643 1509.115 1511.588 1514.387 1525.846 1537.305 1548.764 1560.223 1568.491 1573.659 1578.827 1583.995 1589.163 1583.478 1577.552 1571.625 1565.699 1557.153 1545.396 1533.639 1521.882 1510.125 1507.421 1505.501 1503.582 1501.662 1501.567 1504.31 1507.053 1509.795 1512.538 1518.733 1525.478 1532.224 1538.969 1544.631 1548.125 1551.62 1555.114 1558.608 1558.084 1556.582 1555.08 1553.578 1551.491 1547.865 1544.237 1540.61 1536.983 1533.543 1530.166 1526.789 1523.412 1520.191 1517.532 1514.872 1512.213 1509.554 1507.671 1506.14
1514.442 1509.38 1504.319 1503.232 1505.202 1507.172 1509.142 1511.431 1522.183 1532.936 1543.688 1554.44 1562.485 1567.901 1573.316 1578.731 1584.147 1578.849 1573.314 1567.778 1562.242 1554.276 1543.329 1532.383 1521.437 1510.49 1507.708 1505.634 1503.56 1501.485 1501.068 1503.229 1505.391 1507.552 1509.714 1515.285 1521.401 1527.516 1533.632 1538.83 1542.194 1545.558 1548.922 1552.286 1551.654 1550.05 1548.446 1546.842 1544.711 1541.193 1537.676 1534.158 1530.64 1527.487 1524.457 1521.427 1518.397 1515.543 1513.323 1511.103 1508.883 1506.663 1505.193 1504.063
1511.315 1507.338 1503.361 1502.545 1504.161 1505.777 1507.393 1509.306 1519.118 1528.931 1538.744 1548.556 1556.152 1561.594 1567.036 1572.479 1577.921 1572.923 1567.694 1562.464 1557.235 1549.91 1540.016 1530.121 1520.228 1510.333 1507.65 1505.592 1503.534 1501.475 1500.898 1502.624 1504.351 1506.078 1507.804 1512.662 1518.021 1523.379 1528.738 1533.36 1536.509 1539.658 1542.808 1545.957 1545.184 1543.456 1541.729 1540.001 1537.847 1534.571 1531.295 1528.019 1524.743 1521.991 1519.417 1516.844 1514.27 1511.881 1510.155 1508.429 1506.703 1504.977 1503.861 1503.021
1508.188 1505.295 1502.403 1501.858 1503.12 1504.381 1505.643 1507.18 1516.053 1524.926 1533.799 1542.672 1549.819 1555.288 1560.757 1566.226 1571.695 1566.997 1562.074 1557.151 1552.227 1545.543 1536.702 1527.86 1519.018 1510.177 1507.592 1505.55 1503.508 1501.465 1500.728 1502.019 1503.311 1504.602 1505.894 1510.04 1514.641 1519.243 1523.844 1527.89 1530.824 1533.759 1536.693 1539.628 1538.713 1536.862 1535.011 1533.16 1530.983 1527.949 1524.914 1521.88 1518.845 1516.495 1514.378 1512.261 1510.144 1508.219 1506.987 1505.755 1504.523 1503.291 1502.529 1501.978
1505.061 1503.253 1501.445 1501.172 1502.079 1502.986 1503.893 1505.054 1512.988 1520.922 1528.855 1536.788 1543.486 1548.981 1554.477 1559.973 1565.469 1561.071 1556.454 1551.837 1547.219 1541.177 1533.388 1525.598 1517.809 1510.02 1507.534 1505.508 1503.482 1501.456 1500.557 1501.414 1502.271 1503.127 1503.984 1507.417 1511.261 1515.106 1518.95 1522.42 1525.139 1527.859 1530.579 1533.298 1532.242 1530.268 1528.293 1526.319 1524.119 1521.326 1518.533 1515.741 1512.948 1511.0 1509.339 1507.678 1506.017 1504.557 1503.819 1503.081 1502.343 1501.605 1501.196 1500.936
1502.203 1501.387 1500.572 1500.544 1501.121 1501.698 1502.276 1503.085 1510.064 1517.043 1524.022 1531.001 1537.227 1542.721 1548.214 1553.708 1559.201 1555.135 1550.857 1546.579 1542.301 1536.907 1530.146 1523.386 1516.625 1509.865 1507.478 1505.47 1503.462 1501.454 1500.409 1500.862 1501.314 1501.766 1502.219 1504.953 1508.052 1511.151 1514.25 1517.144 1519.629 1522.115 1524.6 1527.085 1525.918 1523.863 1521.808 1519.752 1517.569 1515.047 1512.526 1510.004 1507.483 1505.93 1504.707 1503.484 1502.261 1501.241 1500.953 1500.665 1500.378 1500.09 1500.0 1500.0
1501.71 1501.077 1500.444 1500.431 1500.896 1501.36 1501.825 1502.486 1508.381 1514.276 1520.17 1526.065 1531.625 1536.861 1542.097 1547.333 1552.569 1549.112 1545.462 1541.812 1538.161 1533.483 1527.544 1521.605 1515.666 1509.726 1507.44 1505.469 1503.499 1501.529 1500.454 1500.772 1501.09 1501.409 1501.727 1503.887 1506.342 1508.796 1511.251 1513.58 1515.657 1517.734 1519.811 1521.888 1520.879 1519.119 1517.359 1515.599 1513.776 1511.786 1509.796 1507.806 1505.816 1504.603 1503.653 1502.704 1501.755 1500.963 1500.74 1500.516 1500.293 1500.07 1500.0 1500.0
1501.217 1500.766 1500.316 1500.319 1500.671 1501.022 1501.374 1501.888 1506.698 1511.508 1516.318 1521.128 1526.023 1531.002 1535.98 1540.958 1545.936 1543.088 1540.066 1537.044 1534.022 1530.059 1524.941 1519.823 1514.706 1509.588 1507.401 1505.469 1503.536 1501.603 1500.499 1500.683 1500.867 1501.051 1501.234 1502.821 1504.631 1506.442 1508.252 1510.015 1511.684 1513.353 1515.022 1516.692 1515.84 1514.375 1512.911 1511.446 1509.983 1508.525 1507.066 1505.608 1504.149 1503.275 1502.6 1501.924 1501.249 1500.685 1500.526 1500.367 1500.208 1500.05 1500.0 1500.0
1500.723 1500.456 1500.188 1500.207 1500.446 1500.685 1500.924 1501.289 1505.015 1508.74 1512.466 1516.191 1520.421 1525.142 1529.862 1534.583 1539.303 1537.064 1534.67 1532.277 1529.883 1526.635 1522.338 1518.042 1513.746 1509.449 1507.363 1505.468 1503.573 1501.678 1500.543 1500.593 1500.643 1500.693 1500.742 1501.755 1502.921 1504.087 1505.253 1506.45 1507.712 1508.973 1510.234 1511.495 1510.801 1509.632 1508.462 1507.293 1506.191 1505.264 1504.337 1503.41 1502.483 1501.948 1501.546 1501.144 1500.743 1500.408 1500.313 1500.219 1500.124 1500.029 1500.0 1500.0
1500.23 1500.145 1500.06 1500.094 1500.22 1500.347 1500.473 1500.69 1503.331 1505.972 1508.613 1511.254 1514.819 1519.282 1523.745 1528.208 1532.67 1531.04 1529.275 1527.509 1525.744 1523.21 1519.736 1516.261 1512.786 1509.311 1507.325 1505.467 1503.609 1501.752 1500.588 1500.504 1500.419 1500.335 1500.25 1500.688 1501.21 1501.732 1502.254 1502.886 1503.739 1504.592 1505.445 1506.298 1505.762 1504.888 1504.014 1503.14 1502.398 1502.002 1501.607 1501.211 1500.816 1500.62 1500.492 1500.364 1500.236 1500.13 1500.1 1500.07 1500.039 1500.009 1500.0 1500.0
1502.802 1502.061 1501.32 1500.91 1500.755 1500.599 1500.444 1500.364 1502.275 1504.186 1506.098 1508.009 1510.98 1514.982 1518.984 1522.986 1526.988 1525.764 1524.423 1523.083 1521.742 1519.725 1516.877 1514.029 1511.181 1508.333 1506.578 1504.919 1503.259 1501.599 1500.538 1500.408 1500.278 1500.148 1500.018 1500.168 1500.363 1500.558 1500.753 1501.078 1501.664 1502.249 1502.834 1503.419 1503.011 1502.36 1501.71 1501.06 1500.553 1500.423 1500.293 1500.163 1500.033 1500.0 1500.0 1500.0 1500.0 1500.005 1500.028 1500.051 1500.074 1500.097 1500.247 1500.456
1508.06 1505.928 1503.797 1502.54 1501.955 1501.37 1500.785 1500.276 1501.768 1503.26 1504.753 1506.245 1508.687 1512.05 1515.413 1518.776 1522.139 1521.142 1520.049 1518.955 1517.862 1516.185 1513.794 1511.402 1509.01 1506.619 1505.212 1503.891 1502.569 1501.247 1500.405 1500.307 1500.209 1500.111 1500.013 1500.127 1500.273 1500.42 1500.567 1500.811 1501.251 1501.692 1502.132 1502.572 1502.265 1501.776 1501.286 1500.797 1500.416 1500.318 1500.22 1500.123 1500.025 1500.0 1500.0 1500.0 1500.0 1500.014 1500.08 1500.146 1500.212 1500.278 1500.712 1501.313
1513.318 1509.796 1506.274 1504.169 1503.155 1502.141 1501.126 1500.188 1501.261 1502.335 1503.409 1504.482 1506.393 1509.117 1511.841 1514.565 1517.289 1516.521 1515.674 1514.828 1513.981 1512.646 1510.71 1508.775 1506.84 1504.905 1503.845 1502.862 1501.879 1500.896 1500.271 1500.206 1500.14 1500.075 1500.009 1500.085 1500.183 1500.282 1500.38 1500.544 1500.839 1501.135 1501.43 1501.725 1501.519 1501.191 1500.863 1500.535 1500.279 1500.214 1500.148 1500.082 1500.017 1500.0 1500.0 1500.0 1500.0 1500.024 1500.132 1500.241 1500.35 1500.459 1501.176 1502.169
