data/zism_data/01125_04_D.txt
ncols         224
nrows         224
[rows 186 to 216 of 224, columns 140 to 209 of 224]
1054.0 1054.004 1054.1 1054.197 1054.293 1054.39 1054.444 1054.444 1054.444 1054.444 1054.444 1054.444 1054.444 1054.444 1054.444 1054.459 1054.526 1054.593 1054.66 1054.727 1054.786 1054.84 1054.893 1054.947 1055.0 1055.0 1055.0 1055.0 1055.0 1055.0 1055.0 1055.0 1055.0 1055.0 1055.0 1055.0 1055.0 1055.0 1055.0 1055.0 1055.0 1055.0 1055.0 1055.065 1055.174 1055.284 1055.394 1055.504 1055.611 1055.719 1055.826 1055.933 1056.0 1056.0 1056.0 1056.0 1056.0 1056.0 1056.0 1056.0 1056.0 1056.0 1056.0 1056.0 1056.0 1056.0 1056.0 1056.0 1056.0 1056.0
1054.0 1054.006 1054.15 1054.294 1054.438 1054.583 1054.665 1054.665 1054.665 1054.665 1054.665 1054.665 1054.665 1054.665 1054.665 1054.674 1054.714 1054.755 1054.795 1054.835 1054.871 1054.903 1054.936 1054.968 1055.0 1055.0 1055.0 1055.0 1055.0 1055.0 1055.0 1055.0 1055.0 1055.0 1055.0 1055.0 1055.0 1055.0 1055.0 1055.0 1055.0 1055.0 1055.0 1055.09 1055.242 1055.394 1055.547 1055.699 1055.765 1055.83 1055.895 1055.96 1056.0 1056.0 1056.0 1056.0 1056.0 1056.0 1056.0 1056.0 1056.0 1056.0 1056.0 1056.0 1056.0 1056.0 1056.0 1056.0 1056.0 1056.0
1054.0 1054.008 1054.2 1054.392 1054.584 1054.776 1054.885 1054.885 1054.885 1054.885 1054.885 1054.885 1054.885 1054.885 1054.885 1054.888 1054.902 1054.916 1054.93 1054.944 1054.956 1054.967 1054.978 1054.989 1055.0 1055.0 1055.0 1055.0 1055.0 1055.0 1055.0 1055.0 1055.0 1055.0 1055.0 1055.0 1055.0 1055.0 1055.0 1055.0 1055.0 1055.0 1055.0 1055.115 1055.31 1055.505 1055.699 1055.894 1055.92 1055.942 1055.964 1055.986 1056.0 1056.0 1056.0 1056.0 1056.0 1056.0 1056.0 1056.0 1056.0 1056.0 1056.0 1056.0 1056.0 1056.0 1056.0 1056.0 1056.0 1056.0
1054.105 1054.113 1054.307 1054.501 1054.696 1054.89 1055.0 1055.0 1055.0 1055.0 1055.0 1055.0 1055.0 1055.0 1055.0 1055.0 1055.0 1055.0 1055.0 1055.0 1055.0 1055.0 1055.0 1055.0 1055.0 1055.0 1055.0 1055.0 1055.0 1055.002 1055.007 1055.012 1055.017 1055.022 1055.032 1055.042 1055.052 1055.062 1055.072 1055.079 1055.087 1055.095 1055.102 1055.22 1055.414 1055.608 1055.802 1055.997 1056.0 1056.0 1056.0 1056.0 1056.0 1056.0 1056.0 1056.0 1056.0 1056.0 1056.0 1056.0 1056.0 1056.0 1056.0 1056.0 1056.0 1056.0 1056.0 1056.0 1056.0 1056.0
1054.326 1054.332 1054.478 1054.624 1054.771 1054.917 1055.0 1055.0 1055.0 1055.0 1055.0 1055.0 1055.0 1055.0 1055.0 1055.0 1055.0 1055.0 1055.0 1055.0 1055.0 1055.0 1055.0 1055.0 1055.0 1055.0 1055.0 1055.0 1055.0 1055.006 1055.022 1055.038 1055.054 1055.069 1055.098 1055.129 1055.16 1055.192 1055.222 1055.245 1055.269 1055.293 1055.316 1055.412 1055.558 1055.705 1055.851 1055.997 1056.0 1056.0 1056.0 1056.0 1056.0 1056.0 1056.0 1056.0 1056.0 1056.0 1056.0 1056.0 1056.0 1056.0 1056.0 1056.0 1056.0 1056.0 1056.0 1056.0 1056.0 1056.0
1054.546 1054.55 1054.649 1054.747 1054.846 1054.944 1055.0 1055.0 1055.0 1055.0 1055.0 1055.0 1055.0 1055.0 1055.0 1055.0 1055.0 1055.0 1055.0 1055.0 1055.0 1055.0 1055.0 1055.0 1055.0 1055.0 1055.0 1055.0 1055.0 1055.011 1055.037 1055.063 1055.09 1055.116 1055.164 1055.216 1055.269 1055.322 1055.372 1055.411 1055.451 1055.49 1055.53 1055.604 1055.703 1055.801 1055.9 1055.998 1056.0 1056.0 1056.0 1056.0 1056.0 1056.0 1056.0 1056.0 1056.0 1056.0 1056.0 1056.0 1056.0 1056.0 1056.0 1056.0 1056.0 1056.0 1056.0 1056.0 1056.0 1056.0
1054.767 1054.769 1054.819 1054.87 1054.921 1054.971 1055.0 1055.0 1055.0 1055.0 1055.0 1055.0 1055.0 1055.0 1055.0 1055.0 1055.0 1055.0 1055.0 1055.0 1055.0 1055.0 1055.0 1055.0 1055.0 1055.0 1055.0 1055.0 1055.0 1055.015 1055.052 1055.089 1055.126 1055.163 1055.23 1055.304 1055.378 1055.452 1055.522 1055.577 1055.633 1055.688 1055.744 1055.797 1055.847 1055.898 1055.948 1055.999 1056.0 1056.0 1056.0 1056.0 1056.0 1056.0 1056.0 1056.0 1056.0 1056.0 1056.0 1056.0 1056.0 1056.0 1056.0 1056.0 1056.0 1056.0 1056.0 1056.0 1056.0 1056.0
1054.987 1054.987 1054.99 1054.993 1054.996 1054.998 1055.0 1055.0 1055.0 1055.0 1055.0 1055.0 1055.0 1055.0 1055.0 1055.0 1055.0 1055.0 1055.0 1055.0 1055.0 1055.0 1055.0 1055.0 1055.0 1055.0 1055.0 1055.0 1055.0 1055.019 1055.067 1055.115 1055.162 1055.21 1055.296 1055.391 1055.486 1055.581 1055.672 1055.743 1055.815 1055.886 1055.958 1055.989 1055.992 1055.994 1055.997 1056.0 1056.0 1056.0 1056.0 1056.0 1056.0 1056.0 1056.0 1056.0 1056.0 1056.0 1056.0 1056.0 1056.0 1056.0 1056.0 1056.0 1056.0 1056.0 1056.0 1056.0 1056.0 1056.0
1055.0 1055.0 1055.0 1055.0 1055.0 1055.0 1055.0 1055.0 1055.0 1055.0 1055.0 1055.0 1055.0 1055.0 1055.0 1055.0 1055.0 1055.0 1055.0 1055.0 1055.0 1055.0 1055.0 1055.0 1055.0 1055.035 1055.071 1055.106 1055.141 1055.181 1055.229 1055.278 1055.326 1055.374 1055.445 1055.521 1055.598 1055.674 1055.747 1055.804 1055.862 1055.919 1055.976 1056.0 1056.0 1056.0 1056.0 1056.0 1056.0 1056.0 1056.0 1056.0 1056.0 1056.0 1056.0 1056.0 1056.0 1056.004 1056.009 1056.014 1056.019 1056.025 1056.035 1056.045 1056.055 1056.065 1056.08 1056.1 1056.12 1056.141
1055.0 1055.0 1055.0 1055.0 1055.0 1055.0 1055.0 1055.0 1055.0 1055.0 1055.0 1055.0 1055.0 1055.0 1055.0 1055.0 1055.0 1055.0 1055.0 1055.0 1055.0 1055.0 1055.0 1055.0 1055.001 1055.073 1055.145 1055.218 1055.29 1055.353 1055.401 1055.449 1055.497 1055.546 1055.599 1055.655 1055.71 1055.765 1055.817 1055.859 1055.9 1055.942 1055.983 1056.0 1056.0 1056.0 1056.0 1056.0 1056.0 1056.0 1056.0 1056.0 1056.0 1056.0 1056.0 1056.0 1056.0 1056.008 1056.018 1056.029 1056.039 1056.051 1056.072 1056.092 1056.113 1056.134 1056.166 1056.207 1056.248 1056.29
1055.0 1055.0 1055.0 1055.0 1055.0 1055.0 1055.0 1055.0 1055.0 1055.0 1055.0 1055.0 1055.0 1055.0 1055.0 1055.0 1055.0 1055.0 1055.0 1055.0 1055.0 1055.0 1055.0 1055.0 1055.001 1055.111 1055.22 1055.33 1055.439 1055.524 1055.572 1055.62 1055.669 1055.717 1055.754 1055.788 1055.822 1055.855 1055.888 1055.913 1055.939 1055.964 1055.99 1056.0 1056.0 1056.0 1056.0 1056.0 1056.0 1056.0 1056.0 1056.0 1056.0 1056.0 1056.0 1056.0 1056.0 1056.012 1056.028 1056.043 1056.059 1056.077 1056.109 1056.14 1056.171 1056.202 1056.251 1056.314 1056.376 1056.439
1055.0 1055.0 1055.0 1055.0 1055.0 1055.0 1055.0 1055.0 1055.0 1055.0 1055.0 1055.0 1055.0 1055.0 1055.0 1055.0 1055.0 1055.0 1055.0 1055.0 1055.0 1055.0 1055.0 1055.0 1055.002 1055.148 1055.295 1055.442 1055.589 1055.695 1055.744 1055.792 1055.84 1055.888 1055.908 1055.921 1055.933 1055.946 1055.958 1055.968 1055.977 1055.987 1055.996 1056.0 1056.0 1056.0 1056.0 1056.0 1056.0 1056.0 1056.0 1056.0 1056.0 1056.0 1056.0 1056.0 1056.0 1056.016 1056.037 1056.058 1056.079 1056.104 1056.145 1056.187 1056.229 1056.271 1056.337 1056.421 1056.504 1056.588
1055.0 1055.0 1055.007 1055.013 1055.02 1055.026 1055.027 1055.021 1055.014 1055.008 1055.001 1055.016 1055.036 1055.055 1055.074 1055.085 1055.066 1055.046 1055.027 1055.007 1055.012 1055.031 1055.051 1055.07 1055.091 1055.245 1055.399 1055.552 1055.706 1055.815 1055.859 1055.903 1055.947 1055.991 1056.0 1056.0 1056.0 1056.0 1056.0 1056.0 1056.0 1056.0 1056.0 1056.0 1056.0 1056.0 1056.0 1056.0 1056.0 1056.0 1056.0 1056.0 1056.005 1056.018 1056.031 1056.044 1056.057 1056.082 1056.11 1056.138 1056.167 1056.198 1056.242 1056.286 1056.33 1056.374 1056.442 1056.53 1056.618 1056.706
1055.0 1055.001 1055.023 1055.046 1055.068 1055.091 1055.094 1055.071 1055.049 1055.026 1055.004 1055.056 1055.123 1055.19 1055.258 1055.295 1055.228 1055.16 1055.093 1055.026 1055.042 1055.109 1055.176 1055.243 1055.311 1055.428 1055.544 1055.661 1055.777 1055.86 1055.893 1055.927 1055.96 1055.993 1056.0 1056.0 1056.0 1056.0 1056.0 1056.0 1056.0 1056.0 1056.0 1056.0 1056.0 1056.0 1056.0 1056.0 1056.0 1056.0 1056.0 1056.0 1056.017 1056.062 1056.107 1056.151 1056.196 1056.237 1056.276 1056.315 1056.354 1056.392 1056.425 1056.459 1056.492 1056.525 1056.577 1056.644 1056.71 1056.777
1055.0 1055.001 1055.04 1055.078 1055.117 1055.155 1055.16 1055.122 1055.083 1055.045 1055.007 1055.095 1055.21 1055.326 1055.441 1055.505 1055.39 1055.274 1055.159 1055.044 1055.071 1055.186 1055.301 1055.417 1055.531 1055.61 1055.69 1055.769 1055.848 1055.905 1055.927 1055.95 1055.973 1055.995 1056.0 1056.0 1056.0 1056.0 1056.0 1056.0 1056.0 1056.0 1056.0 1056.0 1056.0 1056.0 1056.0 1056.0 1056.0 1056.0 1056.0 1056.0 1056.029 1056.106 1056.182 1056.259 1056.336 1056.392 1056.442 1056.491 1056.541 1056.586 1056.609 1056.632 1056.654 1056.677 1056.712 1056.758 1056.803 1056.848
1055.0 1055.002 1055.057 1055.111 1055.165 1055.219 1055.227 1055.172 1055.118 1055.064 1055.009 1055.135 1055.298 1055.461 1055.624 1055.715 1055.552 1055.389 1055.225 1055.063 1055.1 1055.264 1055.427 1055.59 1055.751 1055.793 1055.835 1055.877 1055.92 1055.949 1055.962 1055.974 1055.986 1055.998 1056.0 1056.0 1056.0 1056.0 1056.0 1056.0 1056.0 1056.0 1056.0 1056.0 1056.0 1056.0 1056.0 1056.0 1056.0 1056.0 1056.0 1056.0 1056.041 1056.15 1056.258 1056.367 1056.476 1056.547 1056.607 1056.668 1056.728 1056.781 1056.792 1056.805 1056.817 1056.829 1056.847 1056.871 1056.895 1056.919
1055.0 1055.003 1055.073 1055.143 1055.214 1055.284 1055.293 1055.223 1055.153 1055.082 1055.012 1055.175 1055.385 1055.596 1055.807 1055.924 1055.714 1055.503 1055.292 1055.081 1055.13 1055.341 1055.552 1055.763 1055.971 1055.976 1055.981 1055.986 1055.991 1055.994 1055.996 1055.997 1055.998 1056.0 1056.0 1056.0 1056.0 1056.0 1056.0 1056.0 1056.0 1056.0 1056.0 1056.0 1056.0 1056.0 1056.0 1056.0 1056.0 1056.0 1056.0 1056.0 1056.053 1056.194 1056.334 1056.475 1056.615 1056.702 1056.773 1056.844 1056.915 1056.975 1056.976 1056.977 1056.979 1056.98 1056.982 1056.985 1056.988 1056.991
1055.192 1055.194 1055.252 1055.311 1055.37 1055.428 1055.436 1055.377 1055.319 1055.26 1055.202 1055.337 1055.512 1055.688 1055.864 1055.961 1055.786 1055.61 1055.434 1055.259 1055.3 1055.475 1055.651 1055.826 1056.0 1056.0 1056.0 1056.0 1056.0 1056.0 1056.0 1056.0 1056.0 1056.0 1056.0 1056.0 1056.0 1056.0 1056.004 1056.022 1056.041 1056.059 1056.078 1056.093 1056.107 1056.121 1056.135 1056.149 1056.158 1056.167 1056.177 1056.186 1056.236 1056.353 1056.47 1056.587 1056.704 1056.776 1056.834 1056.893 1056.951 1057.0 1057.0 1057.0 1057.0 1057.0 1057.0 1057.0 1057.0 1057.0
1055.412 1055.414 1055.456 1055.499 1055.542 1055.584 1055.59 1055.547 1055.505 1055.462 1055.419 1055.518 1055.646 1055.773 1055.901 1055.972 1055.844 1055.716 1055.589 1055.461 1055.491 1055.619 1055.746 1055.874 1056.0 1056.0 1056.0 1056.0 1056.0 1056.0 1056.0 1056.0 1056.0 1056.0 1056.0 1056.0 1056.0 1056.0 1056.008 1056.047 1056.087 1056.127 1056.167 1056.201 1056.231 1056.26 1056.29 1056.32 1056.34 1056.36 1056.38 1056.4 1056.444 1056.529 1056.614 1056.699 1056.785 1056.837 1056.879 1056.922 1056.964 1057.0 1057.0 1057.0 1057.0 1057.0 1057.0 1057.0 1057.0 1057.0
1055.633 1055.634 1055.66 1055.687 1055.713 1055.74 1055.744 1055.717 1055.69 1055.664 1055.637 1055.699 1055.778 1055.858 1055.938 1055.982 1055.902 1055.823 1055.743 1055.663 1055.682 1055.762 1055.841 1055.921 1056.0 1056.0 1056.0 1056.0 1056.0 1056.0 1056.0 1056.0 1056.0 1056.0 1056.0 1056.0 1056.0 1056.0 1056.012 1056.073 1056.134 1056.195 1056.256 1056.308 1056.354 1056.4 1056.445 1056.491 1056.522 1056.552 1056.583 1056.614 1056.653 1056.706 1056.759 1056.812 1056.865 1056.898 1056.925 1056.951 1056.978 1057.0 1057.0 1057.0 1057.0 1057.0 1057.0 1057.0 1057.0 1057.0
1055.853 1055.853 1055.864 1055.875 1055.885 1055.896 1055.897 1055.887 1055.876 1055.865 1055.855 1055.879 1055.911 1055.943 1055.975 1055.993 1055.961 1055.929 1055.897 1055.865 1055.873 1055.905 1055.937 1055.968 1056.0 1056.0 1056.0 1056.0 1056.0 1056.0 1056.0 1056.0 1056.0 1056.0 1056.0 1056.0 1056.0 1056.0 1056.016 1056.098 1056.181 1056.263 1056.345 1056.415 1056.477 1056.539 1056.601 1056.662 1056.704 1056.745 1056.786 1056.827 1056.861 1056.882 1056.904 1056.925 1056.946 1056.959 1056.97 1056.98 1056.991 1057.0 1057.0 1057.0 1057.0 1057.0 1057.0 1057.0 1057.0 1057.0
1056.025 1056.025 1056.025 1056.025 1056.025 1056.025 1056.025 1056.025 1056.025 1056.025 1056.025 1056.025 1056.025 1056.025 1056.025 1056.023 1056.018 1056.013 1056.007 1056.002 1056.0 1056.0 1056.0 1056.0 1056.0 1056.0 1056.0 1056.0 1056.0 1056.002 1056.007 1056.013 1056.018 1056.023 1056.033 1056.044 1056.054 1056.065 1056.091 1056.18 1056.27 1056.359 1056.448 1056.525 1056.592 1056.659 1056.726 1056.793 1056.838 1056.883 1056.927 1056.972 1057.0 1057.0 1057.0 1057.0 1057.0 1057.0 1057.0 1057.0 1057.0 1057.0 1057.0 1057.0 1057.0 1057.0 1057.0 1057.0 1057.0 1057.0
1056.098 1056.098 1056.098 1056.098 1056.098 1056.098 1056.098 1056.098 1056.098 1056.098 1056.098 1056.098 1056.098 1056.098 1056.098 1056.093 1056.072 1056.051 1056.029 1056.008 1056.0 1056.0 1056.0 1056.0 1056.0 1056.0 1056.0 1056.0 1056.0 1056.009 1056.03 1056.051 1056.072 1056.094 1056.132 1056.175 1056.217 1056.26 1056.307 1056.375 1056.443 1056.512 1056.58 1056.638 1056.689 1056.74 1056.791 1056.842 1056.877 1056.911 1056.945 1056.979 1057.0 1057.0 1057.0 1057.0 1057.0 1057.0 1057.0 1057.0 1057.0 1057.0 1057.0 1057.0 1057.0 1057.0 1057.0 1057.0 1057.0 1057.0
1056.172 1056.172 1056.172 1056.172 1056.172 1056.172 1056.172 1056.172 1056.172 1056.172 1056.172 1056.172 1056.172 1056.172 1056.172 1056.163 1056.126 1056.089 1056.052 1056.014 1056.0 1056.0 1056.0 1056.0 1056.0 1056.0 1056.0 1056.0 1056.0 1056.015 1056.052 1056.09 1056.127 1056.164 1056.231 1056.305 1056.38 1056.454 1056.523 1056.57 1056.617 1056.664 1056.711 1056.751 1056.786 1056.821 1056.856 1056.891 1056.915 1056.939 1056.962 1056.985 1057.0 1057.0 1057.0 1057.0 1057.0 1057.0 1057.0 1057.0 1057.0 1057.0 1057.0 1057.0 1057.0 1057.0 1057.0 1057.0 1057.0 1057.0
1056.245 1056.245 1056.245 1056.245 1056.245 1056.245 1056.245 1056.245 1056.245 1056.245 1056.245 1056.245 1056.245 1056.245 1056.245 1056.233 1056.18 1056.127 1056.074 1056.02 1056.0 1056.0 1056.0 1056.0 1056.0 1056.0 1056.0 1056.0 1056.0 1056.022 1056.075 1056.128 1056.181 1056.234 1056.33 1056.436 1056.543 1056.649 1056.74 1056.765 1056.791 1056.817 1056.842 1056.864 1056.883 1056.902 1056.922 1056.941 1056.954 1056.966 1056.979 1056.992 1057.0 1057.0 1057.0 1057.0 1057.0 1057.0 1057.0 1057.0 1057.0 1057.0 1057.0 1057.0 1057.0 1057.0 1057.0 1057.0 1057.0 1057.0
1056.318 1056.318 1056.318 1056.318 1056.318 1056.318 1056.318 1056.318 1056.318 1056.318 1056.318 1056.318 1056.318 1056.318 1056.318 1056.303 1056.234 1056.165 1056.096 1056.026 1056.0 1056.0 1056.0 1056.0 1056.0 1056.0 1056.0 1056.0 1056.0 1056.028 1056.097 1056.166 1056.235 1056.305 1056.429 1056.567 1056.706 1056.844 1056.956 1056.96 1056.965 1056.969 1056.973 1056.977 1056.98 1056.984 1056.987 1056.99 1056.992 1056.994 1056.996 1056.999 1057.0 1057.0 1057.0 1057.0 1057.0 1057.0 1057.0 1057.0 1057.0 1057.0 1057.0 1057.0 1057.0 1057.0 1057.0 1057.0 1057.0 1057.0
1056.451 1056.451 1056.451 1056.451 1056.451 1056.451 1056.451 1056.451 1056.451 1056.451 1056.451 1056.451 1056.451 1056.451 1056.451 1056.437 1056.378 1056.318 1056.258 1056.199 1056.176 1056.176 1056.176 1056.176 1056.176 1056.176 1056.176 1056.176 1056.176 1056.2 1056.26 1056.319 1056.379 1056.439 1056.546 1056.665 1056.785 1056.904 1057.0 1057.0 1057.0 1057.0 1057.0 1057.0 1057.0 1057.0 1057.0 1057.0 1057.0 1057.0 1057.0 1057.0 1057.0 1057.0 1057.0 1057.0 1057.0 1057.0 1057.0 1057.0 1057.0 1057.0 1057.0 1057.0 1057.0 1057.0 1057.0 1057.0 1057.0 1057.0
1056.597 1056.597 1056.597 1056.597 1056.597 1056.597 1056.597 1056.597 1056.597 1056.597 1056.597 1056.597 1056.597 1056.597 1056.597 1056.588 1056.544 1056.5 1056.457 1056.413 1056.396 1056.396 1056.396 1056.396 1056.396 1056.396 1056.396 1056.396 1056.396 1056.414 1056.458 1056.501 1056.545 1056.589 1056.667 1056.755 1056.842 1056.93 1057.0 1057.0 1057.0 1057.0 1057.0 1057.0 1057.0 1057.0 1057.0 1057.0 1057.0 1057.0 1057.0 1057.0 1057.0 1057.0 1057.0 1057.0 1057.0 1057.0 1057.0 1057.0 1057.0 1057.0 1057.0 1057.0 1057.0 1057.0 1057.0 1057.0 1057.0 1057.0
1056.744 1056.744 1056.744 1056.744 1056.744 1056.744 1056.744 1056.744 1056.744 1056.744 1056.744 1056.744 1056.744 1056.744 1056.744 1056.738 1056.71 1056.683 1056.655 1056.627 1056.617 1056.617 1056.617 1056.617 1056.617 1056.617 1056.617 1056.617 1056.617 1056.628 1056.656 1056.683 1056.711 1056.739 1056.789 1056.844 1056.9 1056.955 1057.0 1057.0 1057.0 1057.0 1057.0 1057.0 1057.0 1057.0 1057.0 1057.0 1057.0 1057.0 1057.0 1057.0 1057.0 1057.0 1057.0 1057.0 1057.0 1057.0 1057.0 1057.0 1057.0 1057.0 1057.0 1057.0 1057.0 1057.0 1057.0 1057.0 1057.0 1057.0
1056.891 1056.891 1056.891 1056.891 1056.891 1056.891 1056.891 1056.891 1056.891 1056.891 1056.891 1056.891 1056.891 1056.891 1056.891 1056.889 1056.877 1056.865 1056.853 1056.842 1056.837 1056.837 1056.837 1056.837 1056.837 1056.837 1056.837 1056.837 1056.837 1056.842 1056.854 1056.865 1056.877 1056.889 1056.91 1056.934 1056.957 1056.981 1057.0 1057.0 1057.0 1057.0 1057.0 1057.0 1057.0 1057.0 1057.0 1057.0 1057.0 1057.0 1057.0 1057.0 1057.0 1057.0 1057.0 1057.0 1057.0 1057.0 1057.0 1057.0 1057.0 1057.0 1057.0 1057.0 1057.0 1057.0 1057.0 1057.0 1057.0 1057.0
1057.018 1057.013 1057.01 1057.007 1057.004 1057.002 1057.0 1057.0 1057.0 1057.0 1057.0 1057.0 1057.0 1057.0 1057.0 1057.0 1057.0 1057.0 1057.0 1057.0 1057.0 1057.0 1057.0 1057.0 1057.0 1057.0 1057.0 1057.0 1057.0 1057.0 1057.0 1057.0 1057.0 1057.0 1057.0 1057.0 1057.0 1057.0 1057.0 1057.0 1057.0 1057.0 1057.0 1057.0 1057.0 1057.0 1057.0 1057.0 1057.0 1057.0 1057.0 1057.0 1057.002 1057.008 1057.013 1057.019 1057.024 1057.028 1057.031 1057.033 1057.036 1057.038 1057.038 1057.038 1057.038 1057.038 1057.04 1057.043 1057.045 1057.048
