data/zism_data/01125_03_D.txt
ncols         224
nrows         224
[rows 150 to 179 of 224, columns 67 to 133 of 224]
1048.0 1048.0 1048.0 1048.0 1048.0 1048.0 1048.0 1048.0 1048.057 1048.128 1048.199 1048.271 1048.357 1048.503 1048.648 1048.794 1048.94 1049.0 1049.0 1049.0 1049.0 1049.0 1049.0 1049.0 1049.0 1049.0 1049.0 1049.0 1049.0 1049.0 1049.0 1049.0 1049.0 1049.0 1049.0 1049.0 1049.0 1049.0 1049.0 1049.0 1049.0 1049.0 1049.0 1049.0 1049.0 1049.0 1049.0 1049.0 1049.0 1049.0 1049.0 1049.0 1049.0 1049.0 1049.054 1049.126 1049.199 1049.271 1049.354 1049.498 1049.643 1049.788 1049.932 1050.0 1050.0 1050.0 1050.0
1048.0 1048.0 1048.0 1048.0 1048.0 1048.0 1048.0 1048.0 1048.031 1048.071 1048.11 1048.149 1048.216 1048.394 1048.572 1048.749 1048.927 1049.0 1049.0 1049.0 1049.0 1049.0 1049.0 1049.0 1049.0 1049.0 1049.0 1049.0 1049.0 1049.0 1049.0 1049.0 1049.0 1049.0 1049.0 1049.0 1049.0 1049.0 1049.0 1049.0 1049.0 1049.0 1049.0 1049.0 1049.0 1049.0 1049.0 1049.0 1049.0 1049.0 1049.0 1049.0 1049.0 1049.0 1049.054 1049.126 1049.199 1049.271 1049.354 1049.498 1049.643 1049.788 1049.932 1050.0 1050.0 1050.0 1050.0
1048.0 1048.0 1048.0 1048.0 1048.0 1048.0 1048.0 1048.0 1048.006 1048.013 1048.021 1048.028 1048.075 1048.285 1048.495 1048.704 1048.914 1049.0 1049.0 1049.0 1049.0 1049.0 1049.0 1049.0 1049.0 1049.0 1049.0 1049.0 1049.0 1049.0 1049.0 1049.0 1049.0 1049.0 1049.0 1049.0 1049.0 1049.0 1049.0 1049.0 1049.0 1049.0 1049.0 1049.0 1049.0 1049.0 1049.0 1049.0 1049.0 1049.0 1049.0 1049.0 1049.0 1049.0 1049.054 1049.126 1049.199 1049.271 1049.354 1049.498 1049.643 1049.788 1049.932 1050.0 1050.0 1050.0 1050.0
1048.0 1048.0 1048.0 1048.0 1048.0 1048.0 1048.0 1048.0 1048.0 1048.0 1048.0 1048.0 1048.043 1048.26 1048.477 1048.694 1048.911 1049.0 1049.0 1049.0 1049.0 1049.0 1049.0 1049.0 1049.0 1049.0 1049.0 1049.0 1049.0 1049.0 1049.0 1049.0 1049.0 1049.0 1049.0 1049.0 1049.0 1049.0 1049.0 1049.0 1049.0 1049.0 1049.0 1049.0 1049.0 1049.0 1049.0 1049.0 1049.0 1049.0 1049.0 1049.0 1049.0 1049.0 1049.06 1049.141 1049.221 1049.302 1049.39 1049.527 1049.663 1049.8 1049.936 1050.0 1050.0 1050.0 1050.0
1048.0 1048.0 1048.0 1048.0 1048.0 1048.0 1048.0 1048.0 1048.0 1048.0 1048.0 1048.0 1048.043 1048.26 1048.477 1048.694 1048.911 1049.0 1049.0 1049.0 1049.0 1049.0 1049.0 1049.0 1049.0 1049.0 1049.0 1049.0 1049.0 1049.0 1049.0 1049.0 1049.0 1049.0 1049.0 1049.0 1049.0 1049.0 1049.0 1049.0 1049.0 1049.0 1049.0 1049.0 1049.0 1049.0 1049.0 1049.0 1049.0 1049.0 1049.0 1049.0 1049.0 1049.0 1049.068 1049.159 1049.25 1049.342 1049.438 1049.563 1049.689 1049.815 1049.941 1050.0 1050.0 1050.0 1050.0
1048.0 1048.0 1048.0 1048.0 1048.0 1048.0 1048.0 1048.0 1048.0 1048.0 1048.0 1048.0 1048.043 1048.26 1048.477 1048.694 1048.911 1049.0 1049.0 1049.0 1049.0 1049.0 1049.0 1049.0 1049.0 1049.0 1049.0 1049.0 1049.0 1049.0 1049.0 1049.0 1049.0 1049.0 1049.0 1049.0 1049.0 1049.0 1049.0 1049.0 1049.0 1049.0 1049.0 1049.0 1049.0 1049.0 1049.0 1049.0 1049.0 1049.0 1049.0 1049.0 1049.0 1049.0 1049.076 1049.178 1049.28 1049.381 1049.485 1049.6 1049.716 1049.831 1049.946 1050.0 1050.0 1050.0 1050.0
1048.0 1048.0 1048.0 1048.0 1048.0 1048.0 1048.0 1048.0 1048.0 1048.0 1048.0 1048.0 1048.043 1048.26 1048.477 1048.694 1048.911 1049.0 1049.0 1049.0 1049.0 1049.0 1049.0 1049.0 1049.0 1049.0 1049.0 1049.0 1049.0 1049.0 1049.0 1049.0 1049.0 1049.0 1049.0 1049.0 1049.0 1049.0 1049.0 1049.0 1049.0 1049.0 1049.0 1049.0 1049.0 1049.0 1049.0 1049.0 1049.0 1049.0 1049.0 1049.0 1049.0 1049.0 1049.084 1049.196 1049.309 1049.421 1049.532 1049.637 1049.742 1049.847 1049.951 1050.0 1050.0 1050.0 1050.0
1048.0 1048.0 1048.0 1048.0 1048.0 1048.0 1048.0 1048.0 1048.0 1048.0 1048.0 1048.0 1048.043 1048.26 1048.477 1048.694 1048.911 1049.0 1049.0 1049.0 1049.0 1049.0 1049.0 1049.0 1049.0 1049.0 1049.0 1049.0 1049.0 1049.0 1049.0 1049.0 1049.0 1049.0 1049.0 1049.0 1049.0 1049.0 1049.0 1049.0 1049.0 1049.0 1049.0 1049.0 1049.0 1049.0 1049.0 1049.0 1049.0 1049.003 1049.01 1049.017 1049.025 1049.032 1049.122 1049.24 1049.358 1049.477 1049.591 1049.683 1049.774 1049.866 1049.957 1050.0 1050.0 1050.0 1050.0
1048.0 1048.0 1048.0 1048.0 1048.0 1048.0 1048.0 1048.0 1048.0 1048.0 1048.0 1048.0 1048.043 1048.26 1048.477 1048.694 1048.911 1049.0 1049.0 1049.0 1049.0 1049.0 1049.0 1049.0 1049.0 1049.0 1049.0 1049.0 1049.0 1049.0 1049.0 1049.0 1049.0 1049.0 1049.0 1049.0 1049.0 1049.0 1049.0 1049.0 1049.0 1049.0 1049.0 1049.0 1049.0 1049.0 1049.0 1049.0 1049.0 1049.014 1049.053 1049.092 1049.132 1049.171 1049.261 1049.369 1049.476 1049.584 1049.686 1049.756 1049.827 1049.897 1049.967 1050.0 1050.0 1050.0 1050.0
1048.0 1048.0 1048.0 1048.0 1048.0 1048.0 1048.0 1048.0 1048.0 1048.0 1048.0 1048.0 1048.043 1048.26 1048.477 1048.694 1048.911 1049.0 1049.0 1049.0 1049.0 1049.0 1049.0 1049.0 1049.0 1049.0 1049.0 1049.0 1049.0 1049.0 1049.0 1049.0 1049.0 1049.0 1049.0 1049.0 1049.0 1049.0 1049.0 1049.0 1049.0 1049.0 1049.0 1049.0 1049.0 1049.0 1049.0 1049.0 1049.0 1049.025 1049.096 1049.167 1049.239 1049.31 1049.4 1049.497 1049.594 1049.691 1049.781 1049.83 1049.879 1049.928 1049.977 1050.0 1050.0 1050.0 1050.0
1048.0 1048.0 1048.0 1048.0 1048.0 1048.0 1048.0 1048.0 1048.0 1048.0 1048.0 1048.0 1048.043 1048.26 1048.477 1048.694 1048.911 1049.0 1049.0 1049.0 1049.0 1049.0 1049.0 1049.0 1049.0 1049.0 1049.0 1049.0 1049.0 1049.0 1049.0 1049.0 1049.0 1049.0 1049.0 1049.0 1049.0 1049.0 1049.0 1049.0 1049.0 1049.0 1049.0 1049.0 1049.0 1049.0 1049.0 1049.0 1049.0 1049.036 1049.139 1049.242 1049.346 1049.449 1049.539 1049.625 1049.712 1049.798 1049.876 1049.904 1049.932 1049.959 1049.987 1050.0 1050.0 1050.0 1050.0
1048.0 1048.0 1048.0 1048.0 1048.0 1048.0 1048.0 1048.0 1048.0 1048.0 1048.0 1048.0 1048.043 1048.26 1048.477 1048.694 1048.911 1049.0 1049.0 1049.0 1049.0 1049.0 1049.0 1049.0 1049.0 1049.0 1049.0 1049.0 1049.0 1049.0 1049.0 1049.0 1049.0 1049.0 1049.0 1049.0 1049.0 1049.0 1049.0 1049.0 1049.0 1049.0 1049.0 1049.0 1049.0 1049.0 1049.0 1049.0 1049.0 1049.047 1049.182 1049.317 1049.452 1049.588 1049.678 1049.754 1049.829 1049.905 1049.971 1049.978 1049.984 1049.99 1049.997 1050.0 1050.0 1050.0 1050.0
1048.0 1048.0 1048.0 1048.0 1048.0 1048.0 1048.0 1048.0 1048.018 1048.04 1048.062 1048.084 1048.141 1048.335 1048.53 1048.725 1048.92 1049.0 1049.0 1049.0 1049.0 1049.0 1049.0 1049.0 1049.0 1049.0 1049.0 1049.0 1049.0 1049.0 1049.0 1049.0 1049.0 1049.0 1049.0 1049.0 1049.0 1049.0 1049.0 1049.0 1049.0 1049.0 1049.0 1049.0 1049.0 1049.0 1049.0 1049.0 1049.0 1049.046 1049.176 1049.305 1049.435 1049.565 1049.663 1049.751 1049.838 1049.925 1050.0 1050.0 1050.0 1050.0 1050.0 1050.0 1050.0 1050.0 1050.0
1048.0 1048.0 1048.0 1048.0 1048.0 1048.0 1048.0 1048.0 1048.043 1048.098 1048.152 1048.206 1048.281 1048.444 1048.607 1048.77 1048.933 1049.0 1049.0 1049.0 1049.0 1049.0 1049.0 1049.0 1049.0 1049.0 1049.0 1049.0 1049.0 1049.0 1049.0 1049.0 1049.0 1049.0 1049.0 1049.0 1049.0 1049.0 1049.0 1049.0 1049.0 1049.0 1049.0 1049.0 1049.0 1049.0 1049.0 1049.0 1049.0 1049.038 1049.147 1049.255 1049.364 1049.473 1049.581 1049.69 1049.798 1049.907 1050.0 1050.0 1050.0 1050.0 1050.0 1050.0 1050.0 1050.0 1050.0
1048.0 1048.0 1048.0 1048.0 1048.0 1048.0 1048.0 1048.0 1048.069 1048.155 1048.241 1048.327 1048.422 1048.553 1048.684 1048.815 1048.946 1049.0 1049.0 1049.0 1049.0 1049.0 1049.0 1049.0 1049.0 1049.0 1049.0 1049.0 1049.0 1049.0 1049.0 1049.0 1049.0 1049.0 1049.0 1049.0 1049.0 1049.0 1049.0 1049.0 1049.0 1049.0 1049.0 1049.0 1049.0 1049.0 1049.0 1049.0 1049.0 1049.031 1049.118 1049.205 1049.293 1049.38 1049.499 1049.629 1049.759 1049.888 1050.0 1050.0 1050.0 1050.0 1050.0 1050.0 1050.0 1050.0 1050.0
1048.0 1048.0 1048.0 1048.0 1048.0 1048.0 1048.0 1048.0 1048.094 1048.212 1048.33 1048.448 1048.563 1048.662 1048.761 1048.86 1048.959 1049.0 1049.0 1049.0 1049.0 1049.0 1049.0 1049.0 1049.0 1049.0 1049.0 1049.0 1049.0 1049.0 1049.0 1049.0 1049.0 1049.0 1049.0 1049.0 1049.0 1049.0 1049.0 1049.0 1049.0 1049.0 1049.0 1049.0 1049.0 1049.0 1049.0 1049.0 1049.0 1049.023 1049.089 1049.155 1049.222 1049.288 1049.417 1049.568 1049.719 1049.87 1050.0 1050.0 1050.0 1050.0 1050.0 1050.0 1050.0 1050.0 1050.0
1048.0 1048.0 1048.0 1048.0 1048.0 1048.0 1048.0 1048.0 1048.117 1048.262 1048.408 1048.553 1048.685 1048.756 1048.828 1048.899 1048.971 1049.0 1049.0 1049.0 1049.0 1049.0 1049.0 1049.0 1049.0 1049.0 1049.0 1049.0 1049.0 1049.0 1049.0 1049.0 1049.0 1049.0 1049.0 1049.0 1049.0 1049.0 1049.0 1049.0 1049.0 1049.0 1049.0 1049.0 1049.0 1049.0 1049.0 1049.0 1049.0 1049.017 1049.065 1049.113 1049.162 1049.21 1049.348 1049.517 1049.686 1049.855 1050.0 1050.0 1050.0 1050.0 1050.0 1050.0 1050.0 1050.0 1050.0
1048.0 1048.0 1048.0 1048.0 1048.0 1048.0 1048.0 1048.0 1048.121 1048.272 1048.423 1048.574 1048.708 1048.774 1048.84 1048.907 1048.973 1049.0 1049.0 1049.0 1049.0 1049.0 1049.0 1049.0 1049.0 1049.0 1049.0 1049.0 1049.0 1049.0 1049.0 1049.0 1049.0 1049.0 1049.0 1049.0 1049.0 1049.0 1049.0 1049.0 1049.0 1049.0 1049.0 1049.0 1049.0 1049.0 1049.0 1049.0 1049.0 1049.017 1049.065 1049.113 1049.162 1049.21 1049.348 1049.517 1049.686 1049.855 1050.0 1050.0 1050.0 1050.0 1050.0 1050.0 1050.0 1050.0 1050.0
1048.0 1048.0 1048.0 1048.0 1048.0 1048.0 1048.0 1048.0 1048.125 1048.281 1048.438 1048.594 1048.731 1048.792 1048.853 1048.914 1048.975 1049.0 1049.0 1049.0 1049.0 1049.0 1049.0 1049.0 1049.0 1049.0 1049.0 1049.0 1049.0 1049.0 1049.0 1049.0 1049.0 1049.0 1049.0 1049.0 1049.0 1049.0 1049.0 1049.0 1049.0 1049.0 1049.0 1049.0 1049.0 1049.0 1049.0 1049.0 1049.0 1049.017 1049.065 1049.113 1049.162 1049.21 1049.348 1049.517 1049.686 1049.855 1050.0 1050.0 1050.0 1050.0 1050.0 1050.0 1050.0 1050.0 1050.0
1048.0 1048.0 1048.0 1048.0 1048.0 1048.0 1048.0 1048.0 1048.13 1048.291 1048.453 1048.614 1048.755 1048.81 1048.866 1048.922 1048.977 1049.0 1049.0 1049.0 1049.0 1049.0 1049.0 1049.0 1049.0 1049.0 1049.0 1049.0 1049.0 1049.0 1049.0 1049.0 1049.0 1049.0 1049.0 1049.0 1049.0 1049.0 1049.0 1049.0 1049.0 1049.0 1049.0 1049.0 1049.0 1049.0 1049.0 1049.0 1049.0 1049.017 1049.065 1049.113 1049.162 1049.21 1049.348 1049.517 1049.686 1049.855 1050.0 1050.0 1050.0 1050.0 1050.0 1050.0 1050.0 1050.0 1050.0
1048.0 1048.0 1048.0 1048.0 1048.0 1048.0 1048.0 1048.0 1048.134 1048.301 1048.468 1048.634 1048.778 1048.829 1048.879 1048.929 1048.979 1049.0 1049.0 1049.0 1049.0 1049.0 1049.0 1049.0 1049.0 1049.0 1049.0 1049.0 1049.0 1049.0 1049.0 1049.0 1049.0 1049.0 1049.0 1049.0 1049.0 1049.0 1049.0 1049.0 1049.0 1049.0 1049.0 1049.0 1049.0 1049.0 1049.0 1049.0 1049.0 1049.017 1049.065 1049.113 1049.162 1049.21 1049.348 1049.517 1049.686 1049.855 1050.0 1050.0 1050.0 1050.0 1050.0 1050.0 1050.0 1050.0 1050.0
1048.0 1048.0 1048.0 1048.0 1048.0 1048.0 1048.0 1048.0 1048.141 1048.316 1048.492 1048.667 1048.816 1048.858 1048.9 1048.941 1048.983 1049.0 1049.0 1049.0 1049.0 1049.0 1049.0 1049.0 1049.0 1049.0 1049.0 1049.0 1049.0 1049.0 1049.0 1049.0 1049.0 1049.0 1049.0 1049.0 1049.0 1049.0 1049.0 1049.0 1049.0 1049.0 1049.0 1049.0 1049.0 1049.0 1049.0 1049.0 1049.0 1049.025 1049.097 1049.168 1049.239 1049.311 1049.438 1049.583 1049.729 1049.875 1050.0 1050.0 1050.0 1050.0 1050.0 1050.0 1050.0 1050.0 1050.0
1048.0 1048.0 1048.0 1048.0 1048.0 1048.0 1048.0 1048.0 1048.149 1048.335 1048.521 1048.708 1048.863 1048.894 1048.925 1048.956 1048.987 1049.0 1049.0 1049.0 1049.0 1049.0 1049.0 1049.0 1049.0 1049.0 1049.0 1049.0 1049.0 1049.0 1049.0 1049.0 1049.0 1049.0 1049.0 1049.0 1049.0 1049.0 1049.0 1049.0 1049.0 1049.0 1049.0 1049.0 1049.0 1049.0 1049.0 1049.0 1049.0 1049.038 1049.147 1049.255 1049.364 1049.473 1049.581 1049.69 1049.798 1049.907 1050.0 1050.0 1050.0 1050.0 1050.0 1050.0 1050.0 1050.0 1050.0
1048.0 1048.0 1048.0 1048.0 1048.0 1048.0 1048.0 1048.0 1048.158 1048.354 1048.551 1048.748 1048.91 1048.931 1048.951 1048.971 1048.992 1049.0 1049.0 1049.0 1049.0 1049.0 1049.0 1049.0 1049.0 1049.0 1049.0 1049.0 1049.0 1049.0 1049.0 1049.0 1049.0 1049.0 1049.0 1049.0 1049.0 1049.0 1049.0 1049.0 1049.0 1049.0 1049.0 1049.0 1049.0 1049.0 1049.0 1049.0 1049.0 1049.051 1049.197 1049.343 1049.489 1049.635 1049.725 1049.796 1049.867 1049.939 1050.0 1050.0 1050.0 1050.0 1050.0 1050.0 1050.0 1050.0 1050.0
1048.0 1048.0 1048.0 1048.0 1048.0 1048.0 1048.0 1048.0 1048.166 1048.374 1048.581 1048.789 1048.957 1048.967 1048.977 1048.986 1048.996 1049.0 1049.0 1049.0 1049.0 1049.0 1049.0 1049.0 1049.0 1049.0 1049.0 1049.0 1049.0 1049.0 1049.0 1049.0 1049.0 1049.0 1049.0 1049.0 1049.0 1049.0 1049.0 1049.0 1049.0 1049.0 1049.0 1049.0 1049.0 1049.0 1049.0 1049.0 1049.0 1049.064 1049.247 1049.431 1049.614 1049.797 1049.869 1049.903 1049.937 1049.971 1050.0 1050.0 1050.0 1050.0 1050.0 1050.0 1050.0 1050.0 1050.0
1048.0 1048.0 1048.0 1048.0 1048.0 1048.0 1048.0 1048.0 1048.174 1048.391 1048.608 1048.825 1049.0 1049.0 1049.0 1049.0 1049.0 1049.0 1049.0 1049.0 1049.0 1049.0 1049.0 1049.0 1049.0 1049.0 1049.0 1049.0 1049.0 1049.0 1049.0 1049.0 1049.0 1049.0 1049.0 1049.0 1049.0 1049.0 1049.0 1049.0 1049.002 1049.005 1049.008 1049.011 1049.015 1049.016 1049.017 1049.018 1049.019 1049.094 1049.307 1049.52 1049.733 1049.946 1050.0 1050.0 1050.0 1050.0 1050.0 1050.0 1050.0 1050.0 1050.0 1050.0 1050.0 1050.0 1050.0
1048.0 1048.0 1048.0 1048.0 1048.0 1048.0 1048.0 1048.0 1048.174 1048.391 1048.608 1048.825 1049.0 1049.0 1049.0 1049.0 1049.0 1049.0 1049.0 1049.0 1049.0 1049.0 1049.0 1049.0 1049.0 1049.0 1049.0 1049.0 1049.0 1049.0 1049.0 1049.0 1049.0 1049.0 1049.0 1049.0 1049.0 1049.0 1049.0 1049.0 1049.023 1049.063 1049.104 1049.144 1049.185 1049.197 1049.209 1049.221 1049.232 1049.297 1049.463 1049.628 1049.793 1049.958 1050.0 1050.0 1050.0 1050.0 1050.0 1050.0 1050.0 1050.0 1050.0 1050.0 1050.0 1050.0 1050.0
1048.0 1048.0 1048.0 1048.0 1048.0 1048.0 1048.0 1048.0 1048.174 1048.391 1048.608 1048.825 1049.0 1049.0 1049.0 1049.0 1049.0 1049.0 1049.0 1049.0 1049.0 1049.0 1049.0 1049.0 1049.0 1049.0 1049.0 1049.0 1049.0 1049.0 1049.0 1049.0 1049.0 1049.0 1049.0 1049.0 1049.0 1049.0 1049.0 1049.0 1049.044 1049.121 1049.199 1049.277 1049.354 1049.379 1049.401 1049.423 1049.446 1049.501 1049.618 1049.736 1049.853 1049.97 1050.0 1050.0 1050.0 1050.0 1050.0 1050.0 1050.0 1050.0 1050.0 1050.0 1050.0 1050.0 1050.0
1048.0 1048.0 1048.0 1048.0 1048.0 1048.0 1048.0 1048.0 1048.174 1048.391 1048.608 1048.825 1049.0 1049.0 1049.0 1049.0 1049.0 1049.0 1049.0 1049.0 1049.0 1049.0 1049.0 1049.0 1049.0 1049.0 1049.0 1049.0 1049.0 1049.0 1049.0 1049.0 1049.0 1049.0 1049.0 1049.0 1049.0 1049.0 1049.0 1049.0 1049.065 1049.18 1049.294 1049.409 1049.524 1049.561 1049.594 1049.626 1049.659 1049.705 1049.774 1049.844 1049.913 1049.982 1050.0 1050.0 1050.0 1050.0 1050.0 1050.0 1050.0 1050.0 1050.0 1050.0 1050.0 1050.0 1050.0
1048.0 1048.0 1048.0 1048.0 1048.0 1048.0 1048.0 1048.0 1048.174 1048.391 1048.608 1048.825 1049.0 1049.0 1049.0 1049.0 1049.0 1049.0 1049.0 1049.0 1049.0 1049.0 1049.0 1049.0 1049.0 1049.0 1049.0 1049.0 1049.0 1049.0 1049.0 1049.0 1049.0 1049.0 1049.0 1049.0 1049.0 1049.0 1049.0 1049.0 1049.086 1049.238 1049.39 1049.542 1049.694 1049.742 1049.786 1049.829 1049.873 1049.908 1049.93 1049.952 1049.973 1049.995 1050.0 1050.0 1050.0 1050.0 1050.0 1050.0 1050.0 1050.0 1050.0 1050.0 1050.0 1050.0 1050.0
