data/zism_data/01127_03_D.txt
ncols         224
nrows         224
[rows 112 to 139 of 224, columns 126 to 188 of 224]
1200.637 1201.648 1203.602 1205.555 1207.509 1209.462 1212.96 1216.528 1220.095 1223.663 1226.514 1228.432 1230.35 1232.268 1234.187 1232.381 1230.222 1228.062 1225.902 1223.178 1219.575 1215.973 1212.37 1208.767 1206.96 1205.423 1203.885 1202.347 1201.407 1201.588 1201.769 1201.95 1202.131 1201.829 1201.426 1201.023 1200.62 1200.254 1199.969 1199.685 1199.4 1199.116 1199.052 1199.049 1199.046 1199.043 1199.041 1199.044 1199.047 1199.05 1199.053 1199.209 1199.418 1199.627 1199.836 1200.048 1200.269 1200.49 1200.712 1200.933 1201.106 1201.258 1201.41
1200.809 1202.012 1204.367 1206.722 1209.077 1211.432 1215.305 1219.247 1223.189 1227.132 1230.196 1232.12 1234.043 1235.967 1237.891 1235.769 1233.262 1230.755 1228.248 1225.221 1221.385 1217.549 1213.713 1209.877 1208.073 1206.573 1205.073 1203.574 1202.608 1202.642 1202.676 1202.711 1202.745 1202.315 1201.787 1201.26 1200.732 1200.29 1200.043 1199.797 1199.55 1199.304 1199.24 1199.226 1199.212 1199.198 1199.191 1199.205 1199.219 1199.233 1199.247 1199.373 1199.539 1199.704 1199.87 1200.048 1200.269 1200.49 1200.712 1200.933 1201.117 1201.285 1201.453
1200.981 1202.376 1205.132 1207.889 1210.645 1213.402 1217.651 1221.967 1226.284 1230.6 1233.879 1235.807 1237.737 1239.666 1241.595 1239.156 1236.302 1233.448 1230.594 1227.264 1223.195 1219.126 1215.056 1210.987 1209.185 1207.724 1206.262 1204.8 1203.808 1203.696 1203.584 1203.471 1203.359 1202.801 1202.148 1201.496 1200.843 1200.326 1200.117 1199.909 1199.7 1199.492 1199.427 1199.403 1199.378 1199.353 1199.341 1199.366 1199.391 1199.415 1199.44 1199.537 1199.659 1199.782 1199.904 1200.048 1200.269 1200.49 1200.712 1200.933 1201.128 1201.313 1201.497
1201.152 1202.74 1205.898 1209.056 1212.214 1215.371 1219.996 1224.687 1229.378 1234.068 1237.561 1239.495 1241.43 1243.364 1245.299 1242.544 1239.343 1236.141 1232.94 1229.307 1225.005 1220.702 1216.4 1212.097 1210.298 1208.874 1207.45 1206.027 1205.008 1204.75 1204.491 1204.232 1203.974 1203.286 1202.509 1201.732 1200.954 1200.362 1200.191 1200.021 1199.85 1199.68 1199.615 1199.579 1199.544 1199.508 1199.491 1199.527 1199.563 1199.598 1199.634 1199.701 1199.78 1199.859 1199.938 1200.048 1200.269 1200.49 1200.712 1200.933 1201.14 1201.34 1201.541
1201.324 1203.103 1206.663 1210.222 1213.782 1217.341 1222.341 1227.406 1232.472 1237.537 1241.243 1243.183 1245.123 1247.063 1249.003 1245.931 1242.383 1238.834 1235.285 1231.35 1226.814 1222.279 1217.743 1213.207 1211.41 1210.024 1208.639 1207.253 1206.208 1205.803 1205.398 1204.993 1204.588 1203.772 1202.87 1201.968 1201.066 1200.398 1200.265 1200.133 1200.0 1199.868 1199.803 1199.756 1199.71 1199.664 1199.641 1199.688 1199.734 1199.781 1199.827 1199.865 1199.901 1199.937 1199.972 1200.048 1200.269 1200.49 1200.712 1200.933 1201.151 1201.368 1201.585
1202.001 1204.016 1207.977 1211.938 1215.899 1219.86 1225.182 1230.564 1235.947 1241.33 1245.245 1247.251 1249.257 1251.263 1253.269 1250.127 1246.494 1242.861 1239.229 1235.215 1230.607 1226.0 1221.393 1216.786 1214.693 1212.976 1211.26 1209.544 1208.135 1207.304 1206.473 1205.642 1204.811 1203.889 1202.947 1202.005 1201.063 1200.374 1200.263 1200.153 1200.042 1199.931 1199.875 1199.834 1199.793 1199.752 1199.732 1199.773 1199.814 1199.855 1199.896 1199.922 1199.943 1199.963 1199.984 1200.045 1200.254 1200.464 1200.672 1200.881 1201.116 1201.361 1201.607
1202.849 1205.116 1209.479 1213.841 1218.204 1222.566 1228.19 1233.871 1239.553 1245.234 1249.355 1251.448 1253.541 1255.634 1257.727 1254.597 1250.97 1247.342 1243.715 1239.698 1235.074 1230.451 1225.828 1221.204 1218.712 1216.54 1214.368 1212.196 1210.309 1208.958 1207.606 1206.254 1204.902 1203.88 1202.927 1201.974 1201.021 1200.33 1200.236 1200.141 1200.047 1199.952 1199.908 1199.878 1199.848 1199.818 1199.803 1199.833 1199.863 1199.894 1199.924 1199.943 1199.958 1199.973 1199.988 1200.042 1200.235 1200.427 1200.62 1200.813 1201.065 1201.343 1201.621
1203.697 1206.216 1210.98 1215.744 1220.508 1225.272 1231.199 1237.178 1243.158 1249.138 1253.466 1255.645 1257.825 1260.005 1262.184 1259.067 1255.445 1251.823 1248.201 1244.181 1239.541 1234.902 1230.262 1225.622 1222.732 1220.104 1217.476 1214.849 1212.483 1210.611 1208.738 1206.865 1204.992 1203.871 1202.907 1201.943 1200.98 1200.286 1200.208 1200.13 1200.051 1199.973 1199.941 1199.922 1199.902 1199.883 1199.874 1199.893 1199.912 1199.932 1199.951 1199.963 1199.973 1199.983 1199.992 1200.038 1200.215 1200.391 1200.568 1200.744 1201.014 1201.324 1201.635
1204.546 1207.316 1212.481 1217.647 1222.812 1227.978 1234.207 1240.486 1246.764 1253.042 1257.576 1259.842 1262.109 1264.375 1266.642 1263.537 1259.921 1256.304 1252.688 1248.664 1244.008 1239.352 1234.696 1230.04 1226.752 1223.668 1220.585 1217.501 1214.657 1212.264 1209.87 1207.477 1205.083 1203.862 1202.887 1201.913 1200.938 1200.242 1200.18 1200.118 1200.056 1199.994 1199.974 1199.966 1199.957 1199.949 1199.945 1199.953 1199.962 1199.97 1199.979 1199.984 1199.988 1199.992 1199.997 1200.035 1200.195 1200.355 1200.515 1200.676 1200.963 1201.306 1201.649
1205.495 1208.533 1214.11 1219.688 1225.265 1230.843 1237.35 1243.9 1250.449 1256.998 1261.717 1264.056 1266.396 1268.735 1271.074 1267.992 1264.394 1260.796 1257.198 1253.169 1248.47 1243.77 1239.071 1234.371 1230.677 1227.133 1223.589 1220.045 1216.722 1213.815 1210.907 1208.0 1205.092 1203.787 1202.82 1201.852 1200.885 1200.197 1200.151 1200.104 1200.057 1200.01 1200.0 1200.0 1200.0 1200.0 1200.0 1200.0 1200.0 1200.0 1200.0 1200.0 1200.0 1200.0 1200.0 1200.031 1200.171 1200.311 1200.452 1200.592 1200.884 1201.242 1201.6
1206.807 1210.171 1216.199 1222.227 1228.255 1234.282 1240.975 1247.698 1254.421 1261.145 1265.971 1268.332 1270.693 1273.053 1275.414 1272.394 1268.861 1265.328 1261.795 1257.751 1252.91 1248.07 1243.229 1238.389 1234.26 1230.239 1226.217 1222.196 1218.392 1214.996 1211.601 1208.205 1204.809 1203.478 1202.581 1201.683 1200.786 1200.151 1200.116 1200.08 1200.044 1200.008 1200.0 1200.0 1200.0 1200.0 1200.0 1200.0 1200.0 1200.0 1200.0 1200.0 1200.0 1200.0 1200.0 1200.023 1200.131 1200.239 1200.347 1200.455 1200.703 1201.012 1201.321
1208.12 1211.809 1218.287 1224.766 1231.244 1237.722 1244.601 1251.497 1258.394 1265.291 1270.225 1272.607 1274.99 1277.372 1279.755 1276.796 1273.328 1269.86 1266.392 1262.332 1257.351 1252.369 1247.388 1242.406 1237.844 1233.345 1228.846 1224.347 1220.062 1216.178 1212.294 1208.41 1204.526 1203.168 1202.341 1201.515 1200.688 1200.106 1200.081 1200.056 1200.031 1200.005 1200.0 1200.0 1200.0 1200.0 1200.0 1200.0 1200.0 1200.0 1200.0 1200.0 1200.0 1200.0 1200.0 1200.016 1200.092 1200.167 1200.242 1200.317 1200.521 1200.782 1201.042
1209.432 1213.448 1220.376 1227.305 1234.233 1241.162 1248.226 1255.296 1262.366 1269.437 1274.478 1276.883 1279.287 1281.691 1284.095 1281.198 1277.795 1274.392 1270.99 1266.914 1261.791 1256.669 1251.546 1246.423 1241.428 1236.452 1231.475 1226.499 1221.732 1217.36 1212.988 1208.615 1204.243 1202.858 1202.102 1201.346 1200.59 1200.06 1200.046 1200.031 1200.017 1200.003 1200.0 1200.0 1200.0 1200.0 1200.0 1200.0 1200.0 1200.0 1200.0 1200.0 1200.0 1200.0 1200.0 1200.009 1200.052 1200.095 1200.137 1200.18 1200.34 1200.552 1200.763
1210.745 1215.086 1222.465 1229.844 1237.222 1244.601 1251.851 1259.095 1266.339 1273.583 1278.732 1281.158 1283.584 1286.01 1288.436 1285.599 1282.262 1278.924 1275.587 1271.495 1266.232 1260.968 1255.704 1250.441 1245.012 1239.558 1234.104 1228.65 1223.402 1218.542 1213.681 1208.821 1203.96 1202.548 1201.863 1201.178 1200.492 1200.014 1200.011 1200.007 1200.004 1200.001 1200.0 1200.0 1200.0 1200.0 1200.0 1200.0 1200.0 1200.0 1200.0 1200.0 1200.0 1200.0 1200.0 1200.002 1200.012 1200.022 1200.033 1200.043 1200.159 1200.322 1200.484
1212.02 1216.686 1224.613 1232.539 1240.465 1248.391 1255.577 1262.73 1269.882 1277.034 1282.057 1284.31 1286.564 1288.817 1291.071 1288.33 1285.113 1281.897 1278.681 1274.521 1268.896 1263.271 1257.646 1252.021 1246.11 1240.156 1234.203 1228.249 1222.691 1217.876 1213.062 1208.247 1203.432 1202.121 1201.547 1200.973 1200.399 1200.0 1200.0 1200.0 1200.0 1200.0 1200.0 1200.0 1200.0 1200.0 1200.0 1200.0 1200.0 1200.0 1200.0 1200.0 1200.0 1200.0 1200.0 1200.0 1200.0 1200.0 1200.0 1200.0 1200.087 1200.212 1200.337
1213.278 1218.269 1226.787 1235.305 1243.822 1252.34 1259.349 1266.29 1273.231 1280.172 1284.961 1286.954 1288.947 1290.94 1292.933 1290.304 1287.234 1284.164 1281.094 1276.843 1270.757 1264.671 1258.584 1252.498 1246.084 1239.62 1233.156 1226.693 1220.902 1216.375 1211.848 1207.321 1202.793 1201.639 1201.196 1200.752 1200.309 1200.0 1200.0 1200.0 1200.0 1200.0 1200.0 1200.0 1200.0 1200.0 1200.0 1200.0 1200.0 1200.0 1200.0 1200.0 1200.0 1200.0 1200.0 1200.0 1200.0 1200.0 1200.0 1200.0 1200.064 1200.157 1200.249
1214.536 1219.852 1228.962 1238.071 1247.18 1256.289 1263.121 1269.851 1276.58 1283.309 1287.866 1289.598 1291.331 1293.063 1294.796 1292.277 1289.354 1286.43 1283.507 1279.165 1272.618 1266.07 1259.523 1252.975 1246.057 1239.084 1232.11 1225.136 1219.113 1214.874 1210.634 1206.394 1202.154 1201.158 1200.845 1200.531 1200.218 1200.0 1200.0 1200.0 1200.0 1200.0 1200.0 1200.0 1200.0 1200.0 1200.0 1200.0 1200.0 1200.0 1200.0 1200.0 1200.0 1200.0 1200.0 1200.0 1200.0 1200.0 1200.0 1200.0 1200.042 1200.102 1200.161
1215.793 1221.436 1231.136 1240.836 1250.537 1260.237 1266.893 1273.411 1279.929 1286.446 1290.77 1292.242 1293.714 1295.186 1296.659 1294.251 1291.474 1288.697 1285.92 1281.487 1274.479 1267.47 1260.461 1253.453 1246.031 1238.547 1231.063 1223.58 1217.324 1213.372 1209.42 1205.468 1201.516 1200.677 1200.494 1200.311 1200.127 1200.0 1200.0 1200.0 1200.0 1200.0 1200.0 1200.0 1200.0 1200.0 1200.0 1200.0 1200.0 1200.0 1200.0 1200.0 1200.0 1200.0 1200.0 1200.0 1200.0 1200.0 1200.0 1200.0 1200.019 1200.046 1200.074
1217.107 1223.012 1233.175 1243.338 1253.501 1263.664 1270.12 1276.408 1282.696 1288.984 1293.054 1294.242 1295.431 1296.619 1297.807 1295.414 1292.68 1289.946 1287.212 1282.649 1275.241 1267.833 1260.426 1253.018 1245.253 1237.434 1229.615 1221.796 1215.437 1211.815 1208.194 1204.573 1200.951 1200.264 1200.195 1200.125 1200.056 1200.01 1200.019 1200.028 1200.036 1200.045 1200.041 1200.033 1200.025 1200.017 1200.011 1200.008 1200.006 1200.003 1200.001 1200.0 1200.0 1200.0 1200.0 1200.0 1200.0 1200.0 1200.0 1200.0 1200.002 1200.006 1200.009
1218.714 1224.552 1234.498 1244.444 1254.39 1264.335 1270.471 1276.433 1282.396 1288.358 1292.068 1292.849 1293.63 1294.412 1295.193 1292.304 1289.065 1285.826 1282.588 1277.69 1270.212 1262.734 1255.255 1247.777 1240.512 1233.279 1226.046 1218.813 1213.031 1209.968 1206.906 1203.843 1200.781 1200.213 1200.171 1200.129 1200.086 1200.076 1200.139 1200.202 1200.265 1200.328 1200.297 1200.24 1200.184 1200.127 1200.08 1200.062 1200.043 1200.024 1200.005 1200.0 1200.0 1200.0 1200.0 1200.0 1200.0 1200.0 1200.0 1200.0 1200.017 1200.043 1200.068
1220.321 1226.092 1235.821 1245.55 1255.278 1265.007 1270.822 1276.459 1282.096 1287.732 1291.081 1291.456 1291.83 1292.205 1292.579 1289.194 1285.45 1281.707 1277.963 1272.731 1265.182 1257.634 1250.085 1242.536 1235.772 1229.125 1222.478 1215.83 1210.625 1208.121 1205.617 1203.114 1200.61 1200.162 1200.147 1200.132 1200.116 1200.142 1200.259 1200.376 1200.493 1200.61 1200.553 1200.448 1200.342 1200.237 1200.15 1200.115 1200.079 1200.044 1200.009 1200.0 1200.0 1200.0 1200.0 1200.0 1200.0 1200.0 1200.0 1200.0 1200.033 1200.079 1200.126
1221.928 1227.632 1237.144 1246.655 1256.167 1265.679 1271.173 1276.484 1281.796 1287.107 1290.095 1290.062 1290.03 1289.997 1289.965 1286.083 1281.835 1277.587 1273.339 1267.772 1260.153 1252.534 1244.915 1237.295 1231.031 1224.97 1218.909 1212.848 1208.218 1206.274 1204.329 1202.384 1200.439 1200.111 1200.123 1200.135 1200.147 1200.207 1200.379 1200.55 1200.721 1200.893 1200.809 1200.655 1200.501 1200.347 1200.219 1200.168 1200.116 1200.065 1200.013 1200.0 1200.0 1200.0 1200.0 1200.0 1200.0 1200.0 1200.0 1200.0 1200.048 1200.116 1200.185
1223.535 1229.172 1238.466 1247.761 1257.056 1266.351 1271.524 1276.51 1281.495 1286.481 1289.108 1288.669 1288.229 1287.79 1287.351 1282.973 1278.22 1273.468 1268.715 1262.813 1255.124 1247.434 1239.744 1232.055 1226.291 1220.815 1215.34 1209.865 1205.812 1204.426 1203.04 1201.654 1200.268 1200.06 1200.099 1200.138 1200.177 1200.273 1200.498 1200.724 1200.95 1201.176 1201.066 1200.863 1200.659 1200.456 1200.288 1200.221 1200.153 1200.085 1200.018 1200.0 1200.0 1200.0 1200.0 1200.0 1200.0 1200.0 1200.0 1200.0 1200.063 1200.153 1200.243
1226.605 1231.999 1240.793 1249.587 1258.38 1267.174 1271.828 1276.293 1280.758 1285.223 1287.25 1286.106 1284.962 1283.818 1282.674 1277.615 1272.184 1266.752 1261.321 1255.215 1248.06 1240.905 1233.75 1226.595 1221.61 1216.95 1212.29 1207.63 1204.238 1203.222 1202.207 1201.192 1200.177 1200.077 1200.171 1200.265 1200.358 1200.497 1200.739 1200.982 1201.224 1201.466 1201.354 1201.143 1200.932 1200.721 1200.535 1200.421 1200.306 1200.191 1200.076 1200.039 1200.029 1200.018 1200.008 1200.0 1200.0 1200.0 1200.0 1200.0 1200.216 1200.526 1200.837
1230.535 1235.58 1243.707 1251.833 1259.96 1268.087 1272.104 1275.934 1279.765 1283.595 1284.88 1282.858 1280.835 1278.812 1276.789 1270.941 1264.728 1258.515 1252.302 1246.068 1239.803 1233.538 1227.273 1221.008 1216.965 1213.254 1209.544 1205.833 1203.151 1202.396 1201.641 1200.886 1200.131 1200.136 1200.3 1200.464 1200.628 1200.814 1201.051 1201.288 1201.525 1201.762 1201.661 1201.466 1201.272 1201.077 1200.886 1200.707 1200.527 1200.347 1200.167 1200.1 1200.074 1200.047 1200.021 1200.0 1200.0 1200.0 1200.0 1200.0 1200.45 1201.097 1201.743
1234.464 1239.162 1246.621 1254.08 1261.54 1268.999 1272.38 1275.575 1278.771 1281.967 1282.511 1279.609 1276.708 1273.806 1270.904 1264.266 1257.271 1250.277 1243.283 1236.922 1231.547 1226.172 1220.797 1215.421 1212.319 1209.558 1206.797 1204.036 1202.064 1201.569 1201.075 1200.58 1200.086 1200.194 1200.428 1200.663 1200.898 1201.132 1201.363 1201.594 1201.826 1202.057 1201.968 1201.79 1201.611 1201.433 1201.237 1200.992 1200.747 1200.503 1200.258 1200.162 1200.119 1200.076 1200.034 1200.0 1200.0 1200.0 1200.0 1200.0 1200.684 1201.667 1202.65
1238.393 1242.743 1249.535 1256.327 1263.119 1269.911 1272.656 1275.217 1277.777 1280.338 1280.142 1276.361 1272.58 1268.799 1265.019 1257.591 1249.815 1242.04 1234.264 1227.776 1223.291 1218.805 1214.32 1209.834 1207.674 1205.863 1204.051 1202.24 1200.977 1200.743 1200.509 1200.275 1200.041 1200.252 1200.557 1200.863 1201.168 1201.449 1201.675 1201.901 1202.127 1202.353 1202.275 1202.113 1201.951 1201.789 1201.589 1201.278 1200.968 1200.658 1200.348 1200.224 1200.164 1200.105 1200.046 1200.0 1200.0 1200.0 1200.0 1200.0 1200.918 1202.237 1203.557
1242.54 1246.557 1252.713 1258.868 1265.024 1271.18 1273.327 1275.292 1277.256 1279.221 1278.329 1273.724 1269.12 1264.515 1259.91 1251.693 1243.132 1234.571 1226.01 1219.365 1215.702 1212.04 1208.377 1204.714 1203.422 1202.485 1201.548 1200.611 1200.004 1200.016 1200.027 1200.039 1200.05 1200.361 1200.734 1201.108 1201.481 1201.807 1202.022 1202.237 1202.452 1202.667 1202.593 1202.438 1202.284 1202.129 1201.918 1201.546 1201.174 1200.802 1200.43 1200.279 1200.205 1200.131 1200.058 1200.003 1200.016 1200.029 1200.042 1200.056 1201.22 1202.889 1204.558
