data/zism_data/01122_03_D.txt
ncols         224
nrows         224
[rows 196 to 223 of 224, columns 126 to 188 of 224]
1182.649 1186.22 1189.825 1193.43 1197.035 1200.981 1205.893 1210.806 1215.718 1220.63 1224.616 1228.25 1231.884 1235.518 1238.493 1238.629 1238.765 1238.9 1239.036 1235.879 1230.965 1226.052 1221.138 1216.392 1212.926 1209.459 1205.993 1202.526 1200.933 1200.697 1200.461 1200.225 1200.0 1200.0 1200.0 1200.0 1200.0 1200.0 1200.0 1200.0 1200.0 1200.0 1200.035 1200.071 1200.107 1200.143 1200.448 1201.102 1201.757 1202.411 1203.065 1202.783 1202.395 1202.007 1201.618 1201.261 1200.959 1200.657 1200.355 1200.053 1200.0 1200.0 1200.0
1184.257 1187.885 1191.586 1195.288 1198.99 1203.089 1208.313 1213.538 1218.763 1223.987 1228.001 1231.554 1235.107 1238.66 1241.574 1241.737 1241.9 1242.063 1242.225 1239.039 1234.066 1229.093 1224.12 1219.255 1215.213 1211.171 1207.128 1203.086 1201.21 1200.904 1200.598 1200.292 1200.0 1200.0 1200.0 1200.0 1200.0 1200.0 1200.0 1200.0 1200.0 1200.0 1200.019 1200.039 1200.059 1200.079 1200.305 1200.797 1201.29 1201.783 1202.276 1202.054 1201.752 1201.45 1201.148 1200.879 1200.669 1200.458 1200.247 1200.037 1200.0 1200.0 1200.0
1185.865 1189.549 1193.348 1197.146 1200.945 1205.197 1210.734 1216.27 1221.807 1227.344 1231.385 1234.857 1238.33 1241.802 1244.656 1244.846 1245.035 1245.225 1245.415 1242.199 1237.167 1232.135 1227.103 1222.119 1217.5 1212.882 1208.264 1203.645 1201.486 1201.111 1200.735 1200.359 1200.0 1200.0 1200.0 1200.0 1200.0 1200.0 1200.0 1200.0 1200.0 1200.0 1200.004 1200.007 1200.011 1200.015 1200.161 1200.492 1200.824 1201.155 1201.486 1201.326 1201.11 1200.894 1200.678 1200.498 1200.378 1200.259 1200.14 1200.021 1200.0 1200.0 1200.0
1187.0 1190.731 1194.61 1198.489 1202.368 1206.711 1212.37 1218.029 1223.688 1229.346 1233.299 1236.604 1239.909 1243.214 1245.924 1246.07 1246.216 1246.363 1246.509 1243.382 1238.51 1233.638 1228.766 1223.895 1219.031 1214.168 1209.304 1204.441 1202.09 1201.562 1201.034 1200.505 1200.0 1200.0 1200.0 1200.0 1200.0 1200.0 1200.0 1200.0 1200.0 1200.0 1200.0 1200.0 1200.0 1200.0 1200.106 1200.35 1200.595 1200.839 1201.083 1200.962 1200.799 1200.636 1200.473 1200.34 1200.259 1200.177 1200.096 1200.014 1200.0 1200.0 1200.0
1187.992 1191.768 1195.722 1199.677 1203.631 1208.047 1213.77 1219.493 1225.217 1230.94 1234.77 1237.881 1240.993 1244.104 1246.644 1246.726 1246.807 1246.889 1246.971 1243.969 1239.323 1234.677 1230.031 1225.343 1220.334 1215.325 1210.316 1205.307 1202.793 1202.087 1201.381 1200.675 1200.0 1200.0 1200.0 1200.0 1200.0 1200.0 1200.0 1200.0 1200.0 1200.0 1200.0 1200.0 1200.0 1200.0 1200.078 1200.258 1200.438 1200.617 1200.797 1200.708 1200.588 1200.468 1200.348 1200.25 1200.19 1200.13 1200.07 1200.01 1200.0 1200.0 1200.0
1188.984 1192.804 1196.834 1200.864 1204.894 1209.382 1215.17 1220.958 1226.746 1232.534 1236.241 1239.159 1242.076 1244.993 1247.364 1247.381 1247.399 1247.416 1247.433 1244.556 1240.136 1235.716 1231.296 1226.791 1221.637 1216.483 1211.328 1206.174 1203.496 1202.612 1201.729 1200.845 1200.0 1200.0 1200.0 1200.0 1200.0 1200.0 1200.0 1200.0 1200.0 1200.0 1200.0 1200.0 1200.0 1200.0 1200.05 1200.165 1200.28 1200.396 1200.511 1200.453 1200.377 1200.3 1200.223 1200.16 1200.122 1200.083 1200.045 1200.007 1200.0 1200.0 1200.0
1189.975 1193.841 1197.946 1202.051 1206.156 1210.717 1216.57 1222.422 1228.275 1234.127 1237.712 1240.436 1243.16 1245.883 1248.084 1248.037 1247.99 1247.942 1247.895 1245.143 1240.949 1236.755 1232.561 1228.239 1222.94 1217.64 1212.341 1207.041 1204.199 1203.137 1202.076 1201.015 1200.0 1200.0 1200.0 1200.0 1200.0 1200.0 1200.0 1200.0 1200.0 1200.0 1200.0 1200.0 1200.0 1200.0 1200.022 1200.073 1200.123 1200.174 1200.224 1200.199 1200.165 1200.132 1200.098 1200.07 1200.053 1200.037 1200.02 1200.003 1200.0 1200.0 1200.0
1191.042 1194.943 1199.112 1203.28 1207.449 1212.055 1217.901 1223.747 1229.592 1235.438 1238.899 1241.453 1244.007 1246.562 1248.619 1248.532 1248.446 1248.36 1248.273 1245.669 1241.721 1237.773 1233.825 1229.705 1224.276 1218.848 1213.42 1207.991 1204.98 1203.721 1202.463 1201.204 1200.0 1200.0 1200.0 1200.0 1200.0 1200.0 1200.0 1200.0 1200.0 1200.0 1200.0 1200.0 1200.0 1200.0 1200.0 1200.0 1200.0 1200.0 1200.0 1200.0 1200.0 1200.0 1200.0 1200.0 1200.0 1200.0 1200.0 1200.0 1200.0 1200.0 1200.0
1192.377 1196.278 1200.469 1204.659 1208.849 1213.402 1218.984 1224.566 1230.148 1235.73 1239.06 1241.534 1244.007 1246.481 1248.482 1248.45 1248.417 1248.385 1248.352 1245.973 1242.343 1238.713 1235.082 1231.235 1225.737 1220.238 1214.74 1209.241 1206.045 1204.517 1202.989 1201.461 1200.0 1200.0 1200.0 1200.0 1200.0 1200.0 1200.0 1200.0 1200.0 1200.0 1200.0 1200.0 1200.0 1200.0 1200.0 1200.0 1200.0 1200.0 1200.0 1200.0 1200.0 1200.0 1200.0 1200.0 1200.0 1200.0 1200.0 1200.0 1200.0 1200.0 1200.0
1193.712 1197.614 1201.826 1206.038 1210.249 1214.75 1220.068 1225.386 1230.705 1236.023 1239.221 1241.614 1244.007 1246.4 1248.346 1248.367 1248.389 1248.41 1248.431 1246.278 1242.965 1239.652 1236.34 1232.765 1227.197 1221.628 1216.06 1210.492 1207.11 1205.313 1203.516 1201.719 1200.0 1200.0 1200.0 1200.0 1200.0 1200.0 1200.0 1200.0 1200.0 1200.0 1200.0 1200.0 1200.0 1200.0 1200.0 1200.0 1200.0 1200.0 1200.0 1200.0 1200.0 1200.0 1200.0 1200.0 1200.0 1200.0 1200.0 1200.0 1200.0 1200.0 1200.0
1195.047 1198.95 1203.183 1207.416 1211.65 1216.097 1221.152 1226.206 1231.261 1236.315 1239.382 1241.695 1244.007 1246.319 1248.209 1248.285 1248.36 1248.435 1248.51 1246.583 1243.588 1240.592 1237.597 1234.295 1228.657 1223.019 1217.38 1211.742 1208.174 1206.108 1204.042 1201.976 1200.0 1200.0 1200.0 1200.0 1200.0 1200.0 1200.0 1200.0 1200.0 1200.0 1200.0 1200.0 1200.0 1200.0 1200.0 1200.0 1200.0 1200.0 1200.0 1200.0 1200.0 1200.0 1200.0 1200.0 1200.0 1200.0 1200.0 1200.0 1200.0 1200.0 1200.0
1196.381 1200.285 1204.54 1208.795 1213.05 1217.444 1222.235 1227.026 1231.817 1236.608 1239.544 1241.775 1244.006 1246.238 1248.073 1248.202 1248.331 1248.46 1248.589 1246.888 1244.21 1241.532 1238.854 1235.825 1230.117 1224.409 1218.701 1212.992 1209.239 1206.904 1204.569 1202.234 1200.0 1200.0 1200.0 1200.0 1200.0 1200.0 1200.0 1200.0 1200.0 1200.0 1200.0 1200.0 1200.0 1200.0 1200.0 1200.0 1200.0 1200.0 1200.0 1200.0 1200.0 1200.0 1200.0 1200.0 1200.0 1200.0 1200.0 1200.0 1200.0 1200.0 1200.0
1198.57 1202.684 1207.151 1211.617 1216.084 1220.548 1225.007 1229.466 1233.925 1238.384 1240.975 1242.856 1244.738 1246.62 1248.155 1248.198 1248.24 1248.283 1248.326 1246.605 1243.944 1241.282 1238.62 1235.613 1229.971 1224.33 1218.688 1213.046 1209.31 1206.957 1204.604 1202.251 1200.0 1200.0 1200.0 1200.0 1200.0 1200.0 1200.0 1200.0 1200.0 1200.0 1200.0 1200.0 1200.0 1200.0 1200.0 1200.0 1200.0 1200.0 1200.0 1200.0 1200.0 1200.0 1200.0 1200.0 1200.0 1200.0 1200.0 1200.0 1200.0 1200.0 1200.0
1201.184 1205.615 1210.388 1215.161 1219.934 1224.53 1228.623 1232.716 1236.809 1240.902 1243.041 1244.438 1245.835 1247.232 1248.345 1248.232 1248.119 1248.005 1247.892 1246.029 1243.233 1240.437 1237.641 1234.53 1229.023 1223.516 1218.008 1212.501 1208.884 1206.639 1204.393 1202.148 1200.0 1200.0 1200.0 1200.0 1200.0 1200.0 1200.0 1200.0 1200.0 1200.0 1200.0 1200.0 1200.0 1200.0 1200.0 1200.0 1200.0 1200.0 1200.0 1200.0 1200.0 1200.0 1200.0 1200.0 1200.0 1200.0 1200.0 1200.0 1200.0 1200.0 1200.0
1203.799 1208.545 1213.625 1218.705 1223.785 1228.512 1232.239 1235.966 1239.693 1243.42 1245.107 1246.02 1246.933 1247.845 1248.535 1248.266 1247.997 1247.727 1247.458 1245.453 1242.522 1239.592 1236.661 1233.447 1228.074 1222.702 1217.329 1211.956 1208.458 1206.321 1204.183 1202.045 1200.0 1200.0 1200.0 1200.0 1200.0 1200.0 1200.0 1200.0 1200.0 1200.0 1200.0 1200.0 1200.0 1200.0 1200.0 1200.0 1200.0 1200.0 1200.0 1200.0 1200.0 1200.0 1200.0 1200.0 1200.0 1200.0 1200.0 1200.0 1200.0 1200.0 1200.0
1206.414 1211.475 1216.862 1222.249 1227.636 1232.495 1235.855 1239.216 1242.577 1245.938 1247.174 1247.602 1248.03 1248.458 1248.726 1248.3 1247.875 1247.449 1247.024 1244.877 1241.812 1238.746 1235.681 1232.364 1227.126 1221.888 1216.649 1211.411 1208.033 1206.002 1203.972 1201.942 1200.0 1200.0 1200.0 1200.0 1200.0 1200.0 1200.0 1200.0 1200.0 1200.0 1200.0 1200.0 1200.0 1200.0 1200.0 1200.0 1200.0 1200.0 1200.0 1200.0 1200.0 1200.0 1200.0 1200.0 1200.0 1200.0 1200.0 1200.0 1200.0 1200.0 1200.0
1209.1 1214.468 1220.152 1225.836 1231.52 1236.52 1239.582 1242.644 1245.706 1248.768 1249.58 1249.537 1249.494 1249.451 1249.299 1248.677 1248.055 1247.433 1246.811 1244.504 1241.297 1238.091 1234.885 1231.456 1226.328 1221.2 1216.072 1210.944 1207.666 1205.728 1203.791 1201.853 1200.0 1200.0 1200.0 1200.0 1200.0 1200.0 1200.0 1200.0 1200.0 1200.0 1200.0 1200.0 1200.0 1200.0 1200.0 1200.0 1200.0 1200.0 1200.0 1200.0 1200.0 1200.0 1200.0 1200.0 1200.0 1200.0 1200.0 1200.0 1200.0 1200.0 1200.0
1212.331 1217.94 1223.845 1229.749 1235.654 1240.873 1244.15 1247.428 1250.705 1253.983 1254.585 1254.171 1253.756 1253.342 1252.793 1251.665 1250.537 1249.409 1248.281 1245.675 1242.28 1238.886 1235.491 1231.887 1226.684 1221.48 1216.277 1211.074 1207.751 1205.792 1203.833 1201.874 1200.0 1200.0 1200.0 1200.0 1200.0 1200.0 1200.0 1200.0 1200.0 1200.0 1200.0 1200.0 1200.0 1200.0 1200.0 1200.0 1200.0 1200.0 1200.0 1200.0 1200.0 1200.0 1200.0 1200.0 1200.0 1200.0 1200.0 1200.0 1200.0 1200.0 1200.0
1215.561 1221.412 1227.537 1233.663 1239.788 1245.226 1248.719 1252.212 1255.705 1259.197 1259.59 1258.804 1258.018 1257.232 1256.286 1254.653 1253.019 1251.385 1249.751 1246.846 1243.263 1239.68 1236.097 1232.318 1227.039 1221.76 1216.482 1211.203 1207.836 1205.856 1203.875 1201.895 1200.0 1200.0 1200.0 1200.0 1200.0 1200.0 1200.0 1200.0 1200.0 1200.0 1200.0 1200.0 1200.0 1200.0 1200.0 1200.0 1200.0 1200.0 1200.0 1200.0 1200.0 1200.0 1200.0 1200.0 1200.0 1200.0 1200.0 1200.0 1200.0 1200.0 1200.0
1218.792 1224.884 1231.23 1237.576 1243.922 1249.579 1253.288 1256.996 1260.704 1264.412 1264.594 1263.437 1262.28 1261.123 1259.78 1257.64 1255.5 1253.361 1251.221 1248.017 1244.246 1240.475 1236.703 1232.749 1227.395 1222.041 1216.687 1211.332 1207.922 1205.919 1203.917 1201.915 1200.0 1200.0 1200.0 1200.0 1200.0 1200.0 1200.0 1200.0 1200.0 1200.0 1200.0 1200.0 1200.0 1200.0 1200.0 1200.0 1200.0 1200.0 1200.0 1200.0 1200.0 1200.0 1200.0 1200.0 1200.0 1200.0 1200.0 1200.0 1200.0 1200.0 1200.0
1222.023 1228.356 1234.923 1241.489 1248.056 1253.933 1257.856 1261.78 1265.703 1269.626 1269.599 1268.07 1266.542 1265.013 1263.274 1260.628 1257.982 1255.337 1252.691 1249.188 1245.229 1241.269 1237.309 1233.179 1227.75 1222.321 1216.891 1211.462 1208.007 1205.983 1203.959 1201.936 1200.0 1200.0 1200.0 1200.0 1200.0 1200.0 1200.0 1200.0 1200.0 1200.0 1200.0 1200.0 1200.0 1200.0 1200.0 1200.0 1200.0 1200.0 1200.0 1200.0 1200.0 1200.0 1200.0 1200.0 1200.0 1200.0 1200.0 1200.0 1200.0 1200.0 1200.0
1225.798 1232.271 1238.973 1245.675 1252.377 1258.396 1262.48 1266.564 1270.648 1274.732 1274.638 1272.957 1271.276 1269.595 1267.598 1264.24 1260.881 1257.522 1254.164 1250.068 1245.579 1241.091 1236.602 1232.017 1226.694 1221.372 1216.05 1210.728 1207.406 1205.534 1203.662 1201.79 1200.0 1200.0 1200.0 1200.0 1200.0 1200.0 1200.0 1200.0 1200.0 1200.0 1200.0 1200.0 1200.0 1200.0 1200.0 1200.0 1200.0 1200.0 1200.0 1200.0 1200.0 1200.0 1200.0 1200.0 1200.0 1200.0 1200.0 1200.0 1200.0 1200.0 1200.0
1229.994 1236.527 1243.299 1250.07 1256.842 1262.944 1267.146 1271.349 1275.551 1279.753 1279.704 1278.039 1276.375 1274.71 1272.562 1268.331 1264.1 1259.87 1255.639 1250.724 1245.444 1240.164 1234.884 1229.628 1224.554 1219.479 1214.404 1209.33 1206.277 1204.691 1203.104 1201.518 1200.0 1200.0 1200.0 1200.0 1200.0 1200.0 1200.0 1200.0 1200.0 1200.0 1200.0 1200.0 1200.0 1200.0 1200.0 1200.0 1200.0 1200.0 1200.0 1200.0 1200.0 1200.0 1200.0 1200.0 1200.0 1200.0 1200.0 1200.0 1200.0 1200.0 1200.0
1234.189 1240.782 1247.624 1254.466 1261.308 1267.492 1271.813 1276.133 1280.454 1284.775 1284.77 1283.121 1281.473 1279.824 1277.525 1272.422 1267.32 1262.217 1257.114 1251.38 1245.309 1239.238 1233.167 1227.24 1222.413 1217.586 1212.759 1207.932 1205.148 1203.847 1202.546 1201.245 1200.0 1200.0 1200.0 1200.0 1200.0 1200.0 1200.0 1200.0 1200.0 1200.0 1200.0 1200.0 1200.0 1200.0 1200.0 1200.0 1200.0 1200.0 1200.0 1200.0 1200.0 1200.0 1200.0 1200.0 1200.0 1200.0 1200.0 1200.0 1200.0 1200.0 1200.0
1238.384 1245.037 1251.949 1258.861 1265.773 1272.04 1276.479 1280.918 1285.357 1289.797 1289.836 1288.203 1286.571 1284.938 1282.488 1276.513 1270.539 1264.564 1258.59 1252.036 1245.174 1238.311 1231.449 1224.851 1220.272 1215.692 1211.113 1206.533 1204.02 1203.004 1201.988 1200.972 1200.0 1200.0 1200.0 1200.0 1200.0 1200.0 1200.0 1200.0 1200.0 1200.0 1200.0 1200.0 1200.0 1200.0 1200.0 1200.0 1200.0 1200.0 1200.0 1200.0 1200.0 1200.0 1200.0 1200.0 1200.0 1200.0 1200.0 1200.0 1200.0 1200.0 1200.0
1242.578 1249.288 1256.266 1263.244 1270.222 1276.566 1281.114 1285.662 1290.21 1294.758 1294.834 1293.21 1291.586 1289.962 1287.355 1280.517 1273.678 1266.839 1260.001 1252.637 1244.994 1237.351 1229.707 1222.448 1218.122 1213.795 1209.468 1205.142 1202.898 1202.166 1201.433 1200.701 1200.0 1200.0 1200.0 1200.0 1200.0 1200.0 1200.0 1200.0 1200.0 1200.0 1200.0 1200.0 1200.0 1200.0 1200.0 1200.0 1200.0 1200.0 1200.0 1200.0 1200.0 1200.0 1200.0 1200.0 1200.0 1200.0 1200.0 1200.0 1200.0 1200.0 1200.0
1246.657 1253.231 1260.01 1266.789 1273.568 1279.623 1283.627 1287.632 1291.636 1295.64 1295.196 1293.06 1290.925 1288.79 1285.706 1278.539 1271.372 1264.205 1257.038 1249.508 1241.784 1234.06 1226.336 1219.076 1215.352 1211.628 1207.904 1204.18 1202.281 1201.704 1201.128 1200.551 1200.0 1200.0 1200.0 1200.0 1200.0 1200.0 1200.0 1200.0 1200.0 1200.0 1200.0 1200.0 1200.0 1200.0 1200.0 1200.0 1200.0 1200.0 1200.0 1200.0 1200.0 1200.0 1200.0 1200.0 1200.0 1200.0 1200.0 1200.0 1200.0 1200.0 1200.0
1250.736 1257.175 1263.754 1270.334 1276.914 1282.68 1286.14 1289.601 1293.062 1296.523 1295.558 1292.911 1290.264 1287.618 1284.057 1276.562 1269.067 1261.571 1254.076 1246.379 1238.574 1230.77 1222.965 1215.703 1212.582 1209.461 1206.34 1203.219 1201.663 1201.243 1200.823 1200.402 1200.0 1200.0 1200.0 1200.0 1200.0 1200.0 1200.0 1200.0 1200.0 1200.0 1200.0 1200.0 1200.0 1200.0 1200.0 1200.0 1200.0 1200.0 1200.0 1200.0 1200.0 1200.0 1200.0 1200.0 1200.0 1200.0 1200.0 1200.0 1200.0 1200.0 1200.0
