data/zism_data/01120_03_D.txt
ncols         224
nrows         224
[rows 28 to 55 of 224, columns 63 to 125 of 224]
1964.188 1957.568 1950.948 1944.327 1937.845 1931.726 1925.607 1919.488 1913.369 1903.002 1891.02 1879.039 1867.057 1855.197 1843.914 1832.631 1821.349 1810.066 1804.479 1802.337 1800.195 1798.053 1796.06 1795.989 1795.917 1795.845 1795.774 1796.514 1797.999 1799.483 1800.968 1802.453 1811.757 1821.295 1830.833 1840.372 1852.611 1868.575 1884.539 1900.502 1916.466 1929.022 1941.067 1953.111 1965.156 1976.547 1986.542 1996.536 2006.531 2016.526 2022.184 2026.533 2030.883 2035.232 2038.48 2037.759 2037.038 2036.317 2035.596 2035.082 2034.671 2034.26 2033.848
1967.014 1959.811 1952.609 1945.406 1938.263 1931.278 1924.294 1917.309 1910.325 1899.262 1886.65 1874.038 1861.426 1849.228 1838.998 1828.768 1818.538 1808.308 1803.334 1801.539 1799.744 1797.949 1796.28 1796.213 1796.147 1796.081 1796.014 1796.749 1798.217 1799.686 1801.155 1802.623 1812.296 1822.213 1832.131 1842.048 1855.221 1872.885 1890.548 1908.211 1925.874 1939.594 1952.724 1965.853 1978.983 1990.991 2000.607 2010.222 2019.837 2029.452 2034.53 2038.239 2041.947 2045.655 2048.32 2047.231 2046.141 2045.052 2043.962 2042.844 2041.712 2040.579 2039.447
1969.84 1962.055 1954.27 1946.484 1938.681 1930.831 1922.981 1915.131 1907.28 1895.522 1882.28 1869.037 1855.795 1843.259 1834.082 1824.904 1815.727 1806.549 1802.189 1800.741 1799.294 1797.846 1796.499 1796.438 1796.377 1796.316 1796.255 1796.984 1798.436 1799.889 1801.341 1802.794 1812.834 1823.131 1833.428 1843.725 1857.832 1877.195 1896.557 1915.919 1935.281 1950.167 1964.381 1978.595 1992.809 2005.436 2014.672 2023.908 2033.144 2042.379 2046.877 2049.944 2053.011 2056.078 2058.161 2056.703 2055.245 2053.787 2052.329 2050.607 2048.753 2046.899 2045.045
1972.666 1964.298 1955.93 1947.563 1939.099 1930.384 1921.668 1912.952 1904.236 1891.783 1877.91 1864.037 1850.164 1837.29 1829.165 1821.041 1812.916 1804.791 1801.044 1799.943 1798.843 1797.743 1796.718 1796.662 1796.607 1796.551 1796.495 1797.218 1798.655 1800.091 1801.528 1802.964 1813.373 1824.049 1834.725 1845.402 1860.443 1881.505 1902.566 1923.627 1944.689 1960.739 1976.038 1991.337 2006.636 2019.88 2028.737 2037.593 2046.45 2055.306 2059.223 2061.649 2064.075 2066.501 2068.002 2066.175 2064.348 2062.521 2060.695 2058.369 2055.793 2053.218 2050.643
1975.491 1966.541 1957.591 1948.641 1939.517 1929.936 1920.355 1910.773 1901.192 1888.043 1873.54 1859.036 1844.532 1831.321 1824.249 1817.177 1810.105 1803.033 1799.898 1799.145 1798.392 1797.639 1796.937 1796.887 1796.837 1796.786 1796.736 1797.453 1798.874 1800.294 1801.715 1803.135 1813.911 1824.967 1836.023 1847.078 1863.054 1885.814 1908.575 1931.335 1954.096 1971.311 1987.695 2004.078 2020.462 2034.325 2042.802 2051.279 2059.756 2068.233 2071.57 2073.354 2075.139 2076.924 2077.843 2075.647 2073.452 2071.256 2069.061 2066.131 2062.834 2059.538 2056.241
1976.482 1967.157 1957.831 1948.505 1938.996 1929.006 1919.015 1909.024 1899.033 1885.694 1871.083 1856.471 1841.859 1828.642 1822.05 1815.457 1808.864 1802.271 1799.405 1798.793 1798.181 1797.568 1796.999 1796.981 1796.963 1796.946 1796.928 1797.699 1799.193 1800.688 1802.182 1803.676 1815.573 1827.78 1839.987 1852.195 1869.109 1892.516 1915.923 1939.329 1962.736 1979.775 1995.858 2011.942 2028.026 2041.628 2049.928 2058.229 2066.529 2074.83 2077.983 2079.583 2081.183 2082.783 2083.562 2081.388 2079.214 2077.039 2074.865 2071.81 2068.315 2064.82 2061.324
1976.794 1967.169 1957.545 1947.92 1938.128 1927.896 1917.665 1907.434 1897.203 1883.859 1869.333 1854.807 1840.281 1827.181 1820.856 1814.53 1808.204 1801.879 1799.153 1798.605 1798.057 1797.509 1797.002 1797.027 1797.052 1797.077 1797.102 1797.95 1799.551 1801.152 1802.753 1804.354 1817.649 1831.294 1844.939 1858.583 1876.439 1900.102 1923.766 1947.429 1971.092 1987.458 2002.729 2018.001 2033.272 2046.288 2054.488 2062.687 2070.885 2079.085 2082.202 2083.786 2085.37 2086.954 2087.756 2085.748 2083.739 2081.731 2079.722 2076.719 2073.218 2069.717 2066.217
1977.107 1967.182 1957.258 1947.334 1937.259 1926.787 1916.316 1905.844 1895.372 1882.025 1867.584 1853.144 1838.703 1825.72 1819.662 1813.603 1807.545 1801.486 1798.902 1798.417 1797.933 1797.449 1797.005 1797.073 1797.141 1797.208 1797.276 1798.2 1799.908 1801.616 1803.324 1805.031 1819.726 1834.808 1849.89 1864.972 1883.769 1907.689 1931.609 1955.528 1979.448 1995.141 2009.6 2024.059 2038.519 2050.949 2059.047 2067.144 2075.242 2083.339 2086.421 2087.989 2089.557 2091.124 2091.951 2090.108 2088.265 2086.422 2084.579 2081.627 2078.121 2074.615 2071.109
1977.419 1967.195 1956.972 1946.748 1936.39 1925.678 1914.966 1904.254 1893.542 1880.19 1865.835 1851.48 1837.125 1824.259 1818.468 1812.676 1806.885 1801.094 1798.65 1798.23 1797.81 1797.39 1797.008 1797.119 1797.229 1797.34 1797.45 1798.45 1800.265 1802.08 1803.895 1805.709 1821.803 1838.322 1854.842 1871.361 1891.099 1915.275 1939.452 1963.627 1987.804 2002.824 2016.471 2030.118 2043.765 2055.61 2063.606 2071.602 2079.598 2087.594 2090.64 2092.192 2093.743 2095.295 2096.145 2094.468 2092.79 2091.113 2089.436 2086.536 2083.024 2079.513 2076.001
1977.704 1967.145 1956.585 1946.026 1935.328 1924.267 1913.206 1902.146 1891.085 1877.772 1863.602 1849.433 1835.264 1822.608 1817.14 1811.672 1806.203 1800.735 1798.45 1798.09 1797.729 1797.369 1797.046 1797.19 1797.335 1797.48 1797.625 1798.7 1800.629 1802.557 1804.486 1806.414 1823.766 1841.578 1859.39 1877.202 1897.797 1922.23 1946.664 1971.097 1995.531 2009.95 2022.867 2035.784 2048.701 2059.997 2067.829 2075.661 2083.493 2091.324 2094.298 2095.806 2097.313 2098.82 2099.675 2098.181 2096.686 2095.192 2093.697 2090.898 2087.447 2083.995 2080.543
1977.851 1966.762 1955.674 1944.585 1933.252 1921.278 1909.304 1897.329 1885.355 1872.305 1858.846 1845.388 1831.929 1819.967 1815.113 1810.26 1805.406 1800.552 1798.522 1798.199 1797.876 1797.553 1797.264 1797.398 1797.532 1797.666 1797.8 1798.948 1801.027 1803.105 1805.183 1807.261 1825.136 1843.482 1861.828 1880.174 1901.189 1925.885 1950.58 1975.276 1999.971 2014.164 2026.782 2039.4 2052.018 2062.953 2070.293 2077.634 2084.974 2092.314 2095.026 2096.341 2097.656 2098.971 2099.734 2098.512 2097.291 2096.069 2094.847 2092.406 2089.355 2086.304 2083.253
1977.997 1966.38 1954.762 1943.145 1931.177 1918.289 1905.401 1892.512 1879.624 1866.838 1854.09 1841.342 1828.594 1817.326 1813.087 1808.848 1804.608 1800.369 1798.594 1798.308 1798.023 1797.738 1797.482 1797.605 1797.729 1797.852 1797.975 1799.197 1801.425 1803.652 1805.88 1808.108 1826.506 1845.386 1864.267 1883.147 1904.582 1929.539 1954.497 1979.454 2004.411 2018.378 2030.697 2043.016 2055.334 2065.909 2072.758 2079.606 2086.455 2093.303 2095.754 2096.876 2097.999 2099.121 2099.794 2098.844 2097.895 2096.945 2095.996 2093.913 2091.263 2088.613 2085.963
1978.144 1965.997 1953.851 1941.704 1929.102 1915.3 1901.498 1887.696 1873.894 1861.371 1849.334 1837.297 1825.259 1814.685 1811.06 1807.436 1803.811 1800.186 1798.666 1798.418 1798.17 1797.922 1797.7 1797.813 1797.925 1798.038 1798.151 1799.445 1801.822 1804.2 1806.577 1808.955 1827.876 1847.291 1866.705 1886.12 1907.975 1933.194 1958.413 1983.632 2008.851 2022.592 2034.612 2046.631 2058.651 2068.865 2075.222 2081.579 2087.936 2094.293 2096.481 2097.412 2098.342 2099.272 2099.853 2099.176 2098.499 2097.822 2097.145 2095.42 2093.171 2090.922 2088.672
1978.291 1965.615 1952.939 1940.264 1927.026 1912.311 1897.595 1882.879 1868.164 1855.904 1844.577 1833.251 1821.924 1812.044 1809.034 1806.024 1803.014 1800.003 1798.738 1798.527 1798.317 1798.106 1797.918 1798.02 1798.122 1798.224 1798.326 1799.693 1802.22 1804.747 1807.274 1809.801 1829.246 1849.195 1869.144 1889.093 1911.368 1936.849 1962.33 1987.81 2013.291 2026.807 2038.527 2050.247 2061.967 2071.821 2077.686 2083.551 2089.417 2095.282 2097.209 2097.947 2098.685 2099.423 2099.912 2099.508 2099.103 2098.699 2098.295 2096.927 2095.079 2093.23 2091.382
1977.173 1964.057 1950.941 1937.825 1924.198 1909.229 1894.26 1879.291 1864.322 1852.484 1841.837 1831.19 1820.542 1811.278 1808.585 1805.893 1803.2 1800.507 1799.306 1799.006 1798.707 1798.407 1798.135 1798.221 1798.306 1798.391 1798.476 1800.03 1802.931 1805.832 1808.733 1811.634 1831.203 1851.269 1871.336 1891.402 1913.77 1939.31 1964.851 1990.391 2015.932 2029.456 2041.177 2052.898 2064.619 2074.339 2079.786 2085.232 2090.679 2096.125 2097.829 2098.403 2098.977 2099.551 2099.938 2099.655 2099.371 2099.088 2098.804 2097.688 2096.155 2094.622 2093.089
1975.182 1961.686 1948.191 1934.695 1920.85 1906.084 1891.318 1876.552 1861.786 1850.48 1840.49 1830.5 1820.51 1811.808 1809.228 1806.647 1804.067 1801.486 1800.217 1799.741 1799.266 1798.79 1798.353 1798.417 1798.48 1798.544 1798.607 1800.427 1803.857 1807.287 1810.717 1814.147 1833.566 1853.461 1873.357 1893.252 1915.487 1940.947 1966.408 1991.868 2017.328 2031.023 2042.952 2054.882 2066.811 2076.556 2081.634 2086.712 2091.79 2096.867 2098.375 2098.804 2099.234 2099.664 2099.942 2099.674 2099.407 2099.139 2098.872 2097.932 2096.655 2095.378 2094.102
1973.191 1959.316 1945.441 1931.566 1917.502 1902.939 1888.375 1873.813 1859.249 1848.476 1839.143 1829.81 1820.477 1812.338 1809.87 1807.402 1804.934 1802.465 1801.129 1800.477 1799.824 1799.172 1798.57 1798.612 1798.655 1798.697 1798.739 1800.825 1804.784 1808.743 1812.702 1816.661 1835.928 1855.653 1875.378 1895.102 1917.204 1942.584 1967.965 1993.345 2018.725 2032.59 2044.728 2056.866 2069.004 2078.773 2083.482 2088.191 2092.9 2097.609 2098.92 2099.206 2099.491 2099.777 2099.945 2099.694 2099.442 2099.191 2098.939 2098.176 2097.156 2096.135 2095.115
1971.2 1956.945 1942.691 1928.437 1914.153 1899.793 1885.433 1871.073 1856.713 1846.472 1837.797 1829.121 1820.445 1812.868 1810.512 1808.156 1805.8 1803.444 1802.04 1801.212 1800.383 1799.554 1798.787 1798.808 1798.829 1798.85 1798.871 1801.223 1805.711 1810.199 1814.686 1819.174 1838.291 1857.845 1877.399 1896.952 1918.921 1944.221 1969.521 1994.821 2020.121 2034.157 2046.504 2058.85 2071.196 2080.99 2085.33 2089.67 2094.011 2098.351 2099.466 2099.607 2099.749 2099.89 2099.949 2099.713 2099.478 2099.243 2099.007 2098.42 2097.656 2096.892 2096.129
1969.166 1954.538 1939.909 1925.28 1910.789 1896.659 1882.53 1868.4 1854.27 1844.571 1836.556 1828.54 1820.525 1813.51 1811.248 1808.986 1806.724 1804.463 1802.979 1801.966 1800.953 1799.94 1799.0 1799.0 1799.0 1799.0 1799.0 1801.616 1806.631 1811.646 1816.661 1821.675 1840.657 1860.057 1879.456 1898.855 1920.697 1945.909 1971.121 1996.332 2021.544 2035.742 2048.288 2060.833 2073.379 2083.191 2087.163 2091.135 2095.107 2099.079 2100.0 2100.0 2100.0 2100.0 2099.952 2099.732 2099.513 2099.293 2099.073 2098.66 2098.149 2097.639 2097.129
1965.249 1950.471 1935.693 1920.914 1906.714 1894.032 1881.35 1868.669 1855.987 1847.264 1840.044 1832.825 1825.606 1819.125 1816.153 1813.18 1810.208 1807.235 1805.141 1803.577 1802.014 1800.45 1799.0 1799.0 1799.0 1799.0 1799.0 1801.839 1807.282 1812.724 1818.166 1823.608 1843.168 1863.15 1883.131 1903.113 1925.102 1949.86 1974.617 1999.375 2024.132 2038.099 2050.447 2062.795 2075.143 2084.706 2088.32 2091.934 2095.548 2099.162 2100.0 2100.0 2100.0 2100.0 2099.952 2099.732 2099.513 2099.293 2099.073 2098.735 2098.336 2097.938 2097.54
1961.332 1946.404 1931.476 1916.548 1902.638 1891.404 1880.171 1868.937 1857.704 1849.956 1843.533 1837.11 1830.687 1824.74 1821.057 1817.374 1813.691 1810.007 1807.302 1805.188 1803.075 1800.961 1799.0 1799.0 1799.0 1799.0 1799.0 1802.063 1807.932 1813.802 1819.672 1825.541 1845.679 1866.243 1886.807 1907.371 1929.507 1953.81 1978.114 2002.417 2026.72 2040.456 2052.606 2064.757 2076.907 2086.221 2089.477 2092.733 2095.989 2099.245 2100.0 2100.0 2100.0 2100.0 2099.952 2099.732 2099.513 2099.293 2099.073 2098.809 2098.523 2098.238 2097.952
1957.415 1942.338 1927.26 1912.183 1898.562 1888.777 1878.992 1869.206 1859.421 1852.649 1847.022 1841.395 1835.768 1830.355 1825.962 1821.568 1817.174 1812.78 1809.464 1806.8 1804.135 1801.471 1799.0 1799.0 1799.0 1799.0 1799.0 1802.286 1808.583 1814.88 1821.177 1827.474 1848.19 1869.337 1890.483 1911.63 1933.912 1957.761 1981.61 2005.459 2029.308 2042.813 2054.766 2066.718 2078.671 2087.736 2090.634 2093.532 2096.43 2099.328 2100.0 2100.0 2100.0 2100.0 2099.952 2099.732 2099.513 2099.293 2099.073 2098.884 2098.711 2098.537 2098.363
1953.498 1938.271 1923.044 1907.817 1894.487 1886.149 1877.812 1869.475 1861.138 1855.341 1850.51 1845.68 1840.849 1835.971 1830.866 1825.761 1820.657 1815.552 1811.625 1808.411 1805.196 1801.982 1799.0 1799.0 1799.0 1799.0 1799.0 1802.509 1809.233 1815.958 1822.682 1829.407 1850.701 1872.43 1894.159 1915.888 1938.317 1961.712 1985.107 2008.502 2031.897 2045.17 2056.925 2068.68 2080.435 2089.251 2091.791 2094.331 2096.871 2099.411 2100.0 2100.0 2100.0 2100.0 2099.952 2099.732 2099.513 2099.293 2099.073 2098.959 2098.898 2098.836 2098.775
1949.482 1934.838 1920.194 1905.55 1893.026 1886.081 1879.136 1872.192 1865.247 1860.097 1855.63 1851.162 1846.695 1842.012 1836.306 1830.599 1824.892 1819.186 1814.638 1810.791 1806.944 1803.097 1799.52 1799.404 1799.288 1799.172 1799.056 1802.819 1810.138 1817.457 1824.776 1832.095 1854.415 1877.183 1899.952 1922.72 1945.476 1968.213 1990.951 2013.688 2036.426 2049.091 2060.244 2071.397 2082.551 2090.838 2093.003 2095.168 2097.333 2099.498 2100.0 2100.0 2100.0 2100.0 2099.957 2099.759 2099.561 2099.363 2099.165 2099.099 2099.099 2099.099 2099.099
1945.346 1932.172 1918.997 1905.823 1894.728 1889.109 1883.489 1877.87 1872.25 1867.349 1862.721 1858.094 1853.466 1848.569 1842.392 1836.215 1830.039 1823.862 1818.681 1814.101 1809.522 1804.943 1800.668 1800.296 1799.923 1799.551 1799.178 1803.234 1811.349 1819.464 1827.58 1835.695 1859.585 1883.945 1908.306 1932.667 1955.966 1977.8 1999.635 2021.469 2043.304 2054.903 2064.966 2075.029 2085.093 2092.511 2094.281 2096.051 2097.82 2099.59 2100.0 2100.0 2100.0 2100.0 2099.968 2099.818 2099.668 2099.518 2099.368 2099.318 2099.318 2099.318 2099.318
1941.211 1929.505 1917.801 1906.095 1896.431 1892.136 1887.842 1883.547 1879.253 1874.601 1869.813 1865.025 1860.237 1855.125 1848.479 1841.832 1835.185 1828.538 1822.723 1817.412 1812.1 1806.789 1801.817 1801.188 1800.559 1799.93 1799.301 1803.65 1812.561 1821.472 1830.384 1839.295 1864.754 1890.707 1916.66 1942.613 1966.456 1987.387 2008.319 2029.25 2050.182 2060.715 2069.688 2078.661 2087.635 2094.185 2095.559 2096.933 2098.307 2099.681 2100.0 2100.0 2100.0 2100.0 2099.978 2099.876 2099.774 2099.672 2099.571 2099.537 2099.537 2099.537 2099.537
1937.075 1926.839 1916.604 1906.368 1898.133 1895.164 1892.195 1889.226 1886.256 1881.853 1876.905 1871.956 1867.008 1861.682 1854.565 1847.448 1840.331 1833.214 1826.766 1820.722 1814.679 1808.635 1802.966 1802.08 1801.195 1800.309 1799.424 1804.065 1813.773 1823.48 1833.188 1842.895 1869.924 1897.469 1925.014 1952.56 1976.946 1996.974 2017.003 2037.031 2057.06 2066.527 2074.41 2082.293 2090.177 2095.858 2096.837 2097.816 2098.794 2099.773 2100.0 2100.0 2100.0 2100.0 2099.988 2099.935 2099.881 2099.827 2099.773 2099.756 2099.756 2099.756 2099.756
1932.939 1924.173 1915.407 1906.641 1899.836 1898.192 1896.548 1894.904 1893.259 1889.105 1883.996 1878.887 1873.779 1868.239 1860.652 1853.064 1845.477 1837.889 1830.808 1824.032 1817.257 1810.482 1804.114 1802.972 1801.83 1800.688 1799.546 1804.48 1814.984 1825.488 1835.992 1846.495 1875.093 1904.231 1933.369 1962.506 1987.436 2006.562 2025.687 2044.812 2063.938 2072.34 2079.133 2085.926 2092.719 2097.531 2098.115 2098.698 2099.281 2099.865 2100.0 2100.0 2100.0 2100.0 2099.999 2099.993 2099.988 2099.982 2099.976 2099.974 2099.974 2099.974 2099.974
