data/zism_data/01128_03_D.txt
ncols         224
nrows         224
[rows 196 to 223 of 224, columns 126 to 188 of 224]
1352.683 1356.655 1360.441 1364.228 1368.015 1369.947 1366.624 1363.301 1359.979 1356.656 1350.671 1343.674 1336.677 1329.681 1325.019 1330.414 1335.81 1341.205 1346.601 1354.614 1364.024 1373.434 1382.844 1391.057 1390.146 1389.235 1388.324 1387.413 1386.887 1386.641 1386.394 1386.148 1386.026 1388.646 1391.267 1393.888 1396.509 1397.75 1397.652 1397.554 1397.456 1397.358 1393.125 1388.768 1384.411 1380.054 1372.588 1361.079 1349.57 1338.06 1326.551 1321.382 1316.93 1312.477 1308.024 1308.532 1317.771 1327.011 1336.25 1345.489 1354.21 1362.822 1371.434
1357.108 1361.209 1365.133 1369.058 1372.982 1375.093 1372.062 1369.032 1366.001 1362.971 1356.738 1349.287 1341.837 1334.387 1329.322 1334.531 1339.741 1344.951 1350.161 1358.086 1367.459 1376.832 1386.205 1394.261 1392.267 1390.273 1388.279 1386.285 1385.077 1384.438 1383.8 1383.162 1382.69 1385.869 1389.048 1392.227 1395.407 1396.931 1396.847 1396.763 1396.679 1396.596 1391.76 1386.783 1381.806 1376.829 1368.942 1357.271 1345.601 1333.93 1322.259 1317.788 1314.13 1310.472 1306.814 1307.814 1317.012 1326.21 1335.408 1344.607 1352.962 1361.139 1369.316
1360.783 1365.045 1369.077 1373.109 1377.141 1379.366 1376.469 1373.573 1370.677 1367.781 1361.872 1354.819 1347.766 1340.713 1335.943 1341.008 1346.073 1351.138 1356.203 1363.349 1371.605 1379.862 1388.118 1395.052 1391.904 1388.756 1385.607 1382.459 1380.196 1378.575 1376.955 1375.334 1373.959 1377.998 1382.036 1386.074 1390.112 1392.201 1392.397 1392.592 1392.787 1392.983 1387.598 1382.046 1376.495 1370.943 1363.048 1352.108 1341.168 1330.227 1319.287 1315.604 1312.74 1309.877 1307.013 1308.265 1316.76 1325.255 1333.75 1342.245 1349.626 1356.772 1363.918
1364.459 1368.881 1373.021 1377.16 1381.299 1383.638 1380.876 1378.114 1375.352 1372.59 1367.007 1360.351 1353.695 1347.04 1342.565 1347.485 1352.405 1357.325 1362.245 1368.612 1375.752 1382.891 1390.031 1395.844 1391.541 1387.239 1382.936 1378.633 1375.316 1372.713 1370.109 1367.506 1365.229 1370.126 1375.023 1379.92 1384.818 1387.472 1387.946 1388.421 1388.896 1389.37 1383.435 1377.309 1371.183 1365.057 1357.155 1346.945 1336.735 1326.525 1316.314 1313.419 1311.351 1309.282 1307.213 1308.717 1316.508 1324.3 1332.091 1339.883 1346.29 1352.405 1358.521
1368.134 1372.718 1376.964 1381.211 1385.458 1387.911 1385.284 1382.656 1380.028 1377.4 1372.141 1365.883 1359.625 1353.366 1349.187 1353.962 1358.737 1363.511 1368.286 1373.875 1379.898 1385.921 1391.944 1396.636 1391.179 1385.722 1380.265 1374.808 1370.435 1366.849 1363.264 1359.678 1356.498 1362.254 1368.011 1373.767 1379.523 1382.742 1383.496 1384.25 1385.004 1385.757 1379.273 1372.572 1365.872 1359.171 1351.262 1341.782 1332.302 1322.822 1313.342 1311.235 1309.961 1308.687 1307.413 1309.168 1316.256 1323.344 1330.433 1337.521 1342.954 1348.039 1353.123
1371.81 1376.554 1380.908 1385.262 1389.616 1392.184 1389.691 1387.197 1384.703 1382.21 1377.276 1371.415 1365.554 1359.693 1355.808 1360.438 1365.068 1369.698 1374.328 1379.138 1384.044 1388.95 1393.857 1397.427 1390.816 1384.205 1377.593 1370.982 1365.555 1360.987 1356.418 1351.85 1347.768 1354.383 1360.998 1367.613 1374.229 1378.012 1379.046 1380.079 1381.112 1382.145 1375.11 1367.835 1360.56 1353.285 1345.369 1336.619 1327.869 1319.119 1310.369 1309.051 1308.571 1308.092 1307.612 1309.62 1316.005 1322.389 1328.774 1335.159 1339.618 1343.672 1347.726
1373.752 1378.685 1383.144 1387.603 1392.062 1394.782 1392.578 1390.373 1388.169 1385.965 1381.581 1376.369 1371.158 1365.946 1362.511 1366.731 1370.951 1375.171 1379.39 1383.23 1386.867 1390.504 1394.141 1396.464 1388.761 1381.058 1373.355 1365.653 1359.491 1354.447 1349.403 1344.359 1339.838 1346.821 1353.804 1360.787 1367.771 1371.812 1372.996 1374.179 1375.363 1376.547 1369.323 1361.849 1354.375 1346.901 1339.28 1331.468 1323.656 1315.843 1308.031 1307.283 1307.333 1307.383 1307.433 1309.541 1315.273 1321.004 1326.735 1332.467 1336.16 1339.425 1342.689
1373.882 1379.034 1383.595 1388.156 1392.717 1395.631 1393.877 1392.124 1390.37 1388.617 1385.019 1380.72 1376.421 1372.122 1369.299 1372.831 1376.364 1379.896 1383.429 1386.098 1388.307 1390.516 1392.725 1393.665 1384.937 1376.209 1367.481 1358.753 1352.191 1347.201 1342.21 1337.22 1332.744 1339.582 1346.42 1353.259 1360.097 1364.075 1365.275 1366.475 1367.674 1368.874 1361.839 1354.558 1347.278 1339.997 1332.987 1326.329 1319.671 1313.013 1306.355 1305.951 1306.253 1306.556 1306.858 1308.909 1314.039 1319.169 1324.299 1329.429 1332.575 1335.303 1338.03
1374.013 1379.383 1384.046 1388.709 1393.372 1396.479 1395.177 1393.874 1392.572 1391.269 1388.457 1385.071 1381.684 1378.298 1376.086 1378.931 1381.777 1384.622 1387.467 1388.966 1389.747 1390.527 1391.308 1390.867 1381.114 1371.36 1361.606 1351.853 1344.891 1339.955 1335.018 1330.081 1325.65 1332.343 1339.037 1345.73 1352.423 1356.338 1357.554 1358.77 1359.986 1361.202 1354.355 1347.267 1340.18 1333.092 1326.693 1321.19 1315.686 1310.183 1304.679 1304.619 1305.174 1305.728 1306.283 1308.277 1312.806 1317.335 1321.864 1326.392 1328.99 1331.18 1333.371
1374.144 1379.733 1384.498 1389.262 1394.027 1397.327 1396.476 1395.625 1394.773 1393.922 1391.895 1389.421 1386.948 1384.474 1382.873 1385.031 1387.19 1389.348 1391.506 1391.834 1391.187 1390.539 1389.891 1388.069 1377.29 1366.511 1355.732 1344.953 1337.592 1332.709 1327.825 1322.942 1318.556 1325.105 1331.653 1338.201 1344.75 1348.602 1349.833 1351.065 1352.297 1353.529 1346.871 1339.976 1333.082 1326.188 1320.4 1316.051 1311.702 1307.352 1303.003 1303.287 1304.094 1304.901 1305.708 1307.645 1311.573 1315.5 1319.427 1323.355 1325.404 1327.058 1328.712
1374.274 1380.082 1384.949 1389.816 1394.683 1398.176 1397.775 1397.375 1396.974 1396.574 1395.333 1393.772 1392.211 1390.651 1389.661 1391.132 1392.603 1394.073 1395.544 1394.702 1392.626 1390.551 1388.475 1385.271 1373.467 1361.662 1349.857 1338.053 1330.292 1325.462 1320.633 1315.804 1311.463 1317.866 1324.269 1330.673 1337.076 1340.865 1342.113 1343.361 1344.609 1345.857 1339.386 1332.685 1325.984 1319.284 1314.107 1310.912 1307.717 1304.522 1301.327 1301.955 1303.014 1304.073 1305.133 1307.013 1310.339 1313.666 1316.992 1320.318 1321.819 1322.936 1324.053
1368.058 1374.398 1379.984 1385.57 1391.156 1395.354 1395.619 1395.884 1396.148 1396.413 1395.641 1394.476 1393.31 1392.144 1391.375 1392.313 1393.251 1394.189 1395.126 1393.401 1390.256 1387.11 1383.964 1379.823 1368.088 1356.353 1344.618 1332.883 1325.534 1321.365 1317.197 1313.028 1309.295 1315.141 1320.986 1326.831 1332.677 1336.128 1337.252 1338.377 1339.502 1340.627 1334.645 1328.451 1322.257 1316.063 1311.419 1308.791 1306.163 1303.535 1300.907 1301.622 1302.715 1303.808 1304.901 1306.65 1309.553 1312.457 1315.361 1318.265 1319.414 1320.193 1320.972
1361.343 1368.239 1374.593 1380.947 1387.301 1392.244 1393.191 1394.137 1395.084 1396.031 1395.703 1394.892 1394.081 1393.269 1392.689 1393.107 1393.524 1393.941 1394.358 1391.772 1387.585 1383.398 1379.21 1374.166 1362.587 1351.007 1339.428 1327.848 1320.976 1317.516 1314.057 1310.597 1307.516 1312.771 1318.026 1323.28 1328.535 1331.627 1332.617 1333.608 1334.599 1335.589 1330.119 1324.457 1318.794 1313.132 1309.015 1306.908 1304.801 1302.694 1300.586 1301.369 1302.478 1303.587 1304.695 1306.307 1308.803 1311.299 1313.794 1316.29 1317.102 1317.559 1318.016
1354.628 1362.08 1369.202 1376.324 1383.445 1389.134 1390.762 1392.391 1394.019 1395.648 1395.765 1395.308 1394.851 1394.394 1394.004 1393.9 1393.797 1393.693 1393.589 1390.143 1384.914 1379.685 1374.456 1368.509 1357.085 1345.662 1334.238 1322.814 1316.418 1313.667 1310.916 1308.165 1305.737 1310.401 1315.065 1319.729 1324.393 1327.126 1327.982 1328.839 1329.695 1330.551 1325.594 1320.463 1315.332 1310.201 1306.611 1305.025 1303.438 1301.852 1300.266 1301.115 1302.24 1303.365 1304.49 1305.964 1308.052 1310.14 1312.228 1314.315 1314.79 1314.925 1315.059
1347.912 1355.921 1363.811 1371.7 1379.59 1386.024 1388.334 1390.645 1392.955 1395.265 1395.827 1395.725 1395.622 1395.52 1395.319 1394.694 1394.069 1393.445 1392.82 1388.514 1382.243 1375.973 1369.702 1362.852 1351.584 1340.316 1329.048 1317.78 1311.86 1309.818 1307.776 1305.734 1303.957 1308.031 1312.104 1316.178 1320.252 1322.625 1323.347 1324.069 1324.791 1325.513 1321.068 1316.469 1311.87 1307.27 1304.207 1303.142 1302.076 1301.01 1299.945 1300.862 1302.003 1303.144 1304.285 1305.621 1307.301 1308.981 1310.661 1312.34 1312.478 1312.291 1312.103
1342.179 1350.387 1358.635 1366.883 1375.13 1381.992 1384.928 1387.863 1390.799 1393.734 1394.645 1394.787 1394.929 1395.071 1394.981 1393.891 1392.8 1391.71 1390.619 1385.793 1378.975 1372.156 1365.338 1358.056 1347.233 1336.411 1325.589 1314.766 1309.226 1307.514 1305.802 1304.091 1302.607 1306.151 1309.695 1313.239 1316.782 1318.817 1319.385 1319.953 1320.521 1321.09 1317.162 1313.1 1309.038 1304.976 1302.391 1301.727 1301.063 1300.398 1299.734 1300.65 1301.745 1302.839 1303.933 1305.12 1306.468 1307.816 1309.164 1310.512 1310.4 1309.981 1309.562
1338.155 1345.94 1353.833 1361.727 1369.62 1376.357 1379.819 1383.281 1386.742 1390.204 1391.299 1391.495 1391.69 1391.886 1391.77 1390.309 1388.848 1387.387 1385.926 1381.174 1374.667 1368.16 1361.653 1354.756 1344.884 1335.012 1325.14 1315.268 1309.937 1307.898 1305.859 1303.819 1302.004 1305.124 1308.244 1311.363 1314.483 1316.213 1316.593 1316.973 1317.354 1317.734 1314.333 1310.818 1307.304 1303.79 1301.598 1301.127 1300.656 1300.185 1299.714 1300.51 1301.449 1302.388 1303.326 1304.341 1305.491 1306.64 1307.79 1308.939 1308.731 1308.236 1307.742
1334.131 1341.493 1349.032 1356.571 1364.11 1370.722 1374.71 1378.698 1382.686 1386.673 1387.952 1388.202 1388.451 1388.701 1388.558 1386.726 1384.895 1383.064 1381.232 1376.555 1370.359 1364.164 1357.968 1351.457 1342.535 1333.613 1324.692 1315.77 1310.648 1308.282 1305.915 1303.548 1301.401 1304.097 1306.792 1309.488 1312.183 1313.609 1313.801 1313.994 1314.186 1314.379 1311.503 1308.537 1305.57 1302.603 1300.806 1300.528 1300.25 1299.973 1299.695 1300.37 1301.153 1301.936 1302.719 1303.563 1304.514 1305.465 1306.416 1307.366 1307.061 1306.491 1305.922
1330.107 1337.045 1344.23 1351.415 1358.599 1365.087 1369.601 1374.115 1378.629 1383.143 1384.606 1384.909 1385.212 1385.515 1385.346 1383.144 1380.943 1378.741 1376.539 1371.935 1366.051 1360.167 1354.283 1348.157 1340.186 1332.214 1324.243 1316.272 1311.36 1308.665 1305.971 1303.277 1300.798 1303.07 1305.341 1307.612 1309.884 1311.005 1311.01 1311.014 1311.019 1311.023 1308.674 1306.255 1303.836 1301.417 1300.013 1299.928 1299.844 1299.76 1299.675 1300.23 1300.858 1301.485 1302.112 1302.785 1303.537 1304.289 1305.041 1305.793 1305.392 1304.747 1304.102
1326.083 1332.598 1339.429 1346.259 1353.089 1359.452 1364.492 1369.533 1374.573 1379.613 1381.259 1381.616 1381.973 1382.33 1382.135 1379.562 1376.99 1374.417 1371.845 1367.316 1361.743 1356.171 1350.598 1344.858 1337.837 1330.816 1323.795 1316.773 1312.071 1309.049 1306.027 1303.006 1300.196 1302.043 1303.89 1305.737 1307.584 1308.401 1308.218 1308.034 1307.851 1307.667 1305.845 1303.974 1302.102 1300.231 1299.22 1299.329 1299.438 1299.547 1299.656 1300.09 1300.562 1301.034 1301.505 1302.006 1302.56 1303.114 1303.667 1304.221 1303.722 1303.002 1302.282
1325.182 1331.129 1337.342 1343.555 1349.768 1355.614 1360.422 1365.229 1370.037 1374.844 1376.556 1377.092 1377.627 1378.163 1378.123 1375.607 1373.091 1370.575 1368.059 1363.719 1358.406 1353.093 1347.78 1342.329 1335.828 1329.326 1322.824 1316.322 1311.83 1308.796 1305.761 1302.727 1299.89 1301.412 1302.934 1304.457 1305.979 1306.63 1306.435 1306.241 1306.046 1305.852 1304.381 1302.871 1301.362 1299.853 1299.056 1299.186 1299.316 1299.446 1299.575 1299.934 1300.319 1300.704 1301.089 1301.482 1301.888 1302.295 1302.701 1303.108 1302.693 1302.104 1301.516
1325.048 1330.391 1335.922 1341.453 1346.984 1352.217 1356.606 1360.994 1365.383 1369.772 1371.52 1372.265 1373.01 1373.755 1373.916 1371.561 1369.206 1366.851 1364.496 1360.373 1355.307 1350.241 1345.175 1339.991 1333.902 1327.814 1321.725 1315.637 1311.356 1308.386 1305.416 1302.446 1299.658 1300.879 1302.101 1303.322 1304.544 1305.063 1304.901 1304.739 1304.576 1304.414 1303.251 1302.059 1300.866 1299.674 1299.047 1299.155 1299.264 1299.372 1299.48 1299.774 1300.089 1300.404 1300.719 1301.019 1301.291 1301.564 1301.836 1302.108 1301.821 1301.415 1301.009
1324.914 1329.652 1334.502 1339.351 1344.2 1348.82 1352.79 1356.76 1360.73 1364.7 1366.484 1367.439 1368.393 1369.347 1369.708 1367.515 1365.321 1363.127 1360.933 1357.027 1352.208 1347.389 1342.57 1337.652 1331.977 1326.302 1320.627 1314.952 1310.882 1307.976 1305.071 1302.165 1299.426 1300.346 1301.267 1302.188 1303.109 1303.497 1303.366 1303.236 1303.106 1302.976 1302.122 1301.246 1300.371 1299.495 1299.038 1299.125 1299.211 1299.298 1299.385 1299.614 1299.859 1300.104 1300.35 1300.556 1300.694 1300.833 1300.971 1301.109 1300.948 1300.725 1300.502
1324.781 1328.914 1333.081 1337.249 1341.416 1345.422 1348.974 1352.525 1356.076 1359.627 1361.448 1362.612 1363.776 1364.939 1365.501 1363.468 1361.435 1359.402 1357.37 1353.681 1349.109 1344.537 1339.965 1335.313 1330.051 1324.79 1319.528 1314.267 1310.408 1307.567 1304.725 1301.884 1299.193 1299.813 1300.434 1301.054 1301.674 1301.93 1301.832 1301.734 1301.636 1301.538 1300.993 1300.434 1299.875 1299.316 1299.028 1299.094 1299.159 1299.224 1299.29 1299.454 1299.629 1299.805 1299.98 1300.094 1300.097 1300.101 1300.105 1300.109 1300.076 1300.036 1299.995
1324.237 1327.792 1331.319 1334.846 1338.373 1341.811 1345.001 1348.19 1351.379 1354.568 1356.443 1357.817 1359.191 1360.566 1361.334 1359.489 1357.645 1355.8 1353.955 1350.496 1346.177 1341.857 1337.537 1333.151 1328.257 1323.364 1318.47 1313.577 1309.92 1307.16 1304.4 1301.64 1299.016 1299.383 1299.751 1300.118 1300.485 1300.631 1300.561 1300.492 1300.422 1300.353 1300.062 1299.764 1299.466 1299.168 1299.02 1299.067 1299.113 1299.159 1299.206 1299.315 1299.431 1299.547 1299.663 1299.704 1299.615 1299.527 1299.438 1299.349 1299.459 1299.611 1299.764
1322.401 1325.461 1328.478 1331.495 1334.512 1337.526 1340.532 1343.539 1346.546 1349.553 1351.532 1353.121 1354.711 1356.3 1357.293 1355.723 1354.152 1352.581 1351.01 1347.822 1343.771 1339.719 1335.668 1331.545 1326.877 1322.209 1317.541 1312.873 1309.389 1306.763 1304.137 1301.512 1299.012 1299.277 1299.542 1299.807 1300.073 1300.176 1300.123 1300.069 1300.016 1299.962 1299.755 1299.543 1299.332 1299.12 1299.016 1299.051 1299.087 1299.122 1299.158 1299.242 1299.331 1299.42 1299.509 1299.548 1299.496 1299.445 1299.394 1299.342 1299.646 1300.023 1300.401
1320.565 1323.131 1325.637 1328.144 1330.651 1333.24 1336.064 1338.889 1341.713 1344.537 1346.622 1348.426 1350.23 1352.034 1353.253 1351.956 1350.659 1349.363 1348.066 1345.147 1341.364 1337.581 1333.799 1329.939 1325.497 1321.054 1316.612 1312.17 1308.858 1306.366 1303.875 1301.383 1299.007 1299.17 1299.334 1299.497 1299.66 1299.722 1299.684 1299.647 1299.61 1299.572 1299.449 1299.323 1299.197 1299.071 1299.011 1299.036 1299.061 1299.086 1299.11 1299.169 1299.231 1299.294 1299.356 1299.391 1299.377 1299.363 1299.349 1299.336 1299.832 1300.435 1301.038
1318.729 1320.8 1322.797 1324.793 1326.79 1328.955 1331.596 1334.238 1336.88 1339.521 1341.711 1343.73 1345.749 1347.767 1349.213 1348.19 1347.167 1346.144 1345.121 1342.473 1338.958 1335.444 1331.929 1328.333 1324.117 1319.9 1315.683 1311.466 1308.327 1305.97 1303.612 1301.255 1299.003 1299.064 1299.125 1299.187 1299.248 1299.267 1299.246 1299.225 1299.203 1299.182 1299.143 1299.103 1299.063 1299.023 1299.006 1299.02 1299.035 1299.049 1299.063 1299.096 1299.132 1299.167 1299.203 1299.234 1299.258 1299.281 1299.305 1299.329 1300.018 1300.847 1301.676
