data/zism_data/01127_01_D.txt
ncols         224
nrows         224
[rows 84 to 111 of 224, columns 0 to 63 of 224]
1297.524 1291.502 1285.48 1279.457 1273.435 1265.877 1257.136 1248.396 1239.656 1231.331 1232.13 1232.929 1233.729 1234.528 1234.65 1234.152 1233.654 1233.156 1232.658 1230.167 1227.676 1225.185 1222.694 1220.21 1217.732 1215.254 1212.777 1210.299 1208.28 1206.281 1204.283 1202.284 1200.992 1200.618 1200.244 1199.87 1199.496 1199.401 1199.333 1199.265 1199.196 1199.123 1199.041 1198.96 1198.878 1198.796 1198.545 1198.269 1197.993 1197.716 1197.498 1197.391 1197.283 1197.175 1197.067 1197.242 1197.476 1197.71 1197.945 1198.192 1198.468 1198.745 1199.021 1199.297
1297.922 1293.094 1288.265 1283.436 1278.608 1271.85 1263.609 1255.368 1247.127 1239.244 1239.218 1239.193 1239.167 1239.142 1238.652 1237.736 1236.82 1235.904 1234.988 1232.291 1229.594 1226.897 1224.2 1221.512 1218.834 1216.155 1213.477 1210.798 1208.651 1206.528 1204.404 1202.281 1200.904 1200.498 1200.091 1199.685 1199.279 1199.21 1199.175 1199.139 1199.103 1199.06 1199.005 1198.951 1198.896 1198.842 1198.628 1198.389 1198.151 1197.912 1197.725 1197.633 1197.542 1197.45 1197.358 1197.54 1197.78 1198.02 1198.26 1198.499 1198.737 1198.976 1199.214 1199.453
1298.321 1294.686 1291.051 1287.416 1283.781 1277.824 1270.083 1262.341 1254.599 1247.157 1246.307 1245.457 1244.606 1243.756 1242.654 1241.32 1239.986 1238.653 1237.319 1234.416 1231.513 1228.609 1225.706 1222.814 1219.935 1217.056 1214.177 1211.298 1209.022 1206.774 1204.526 1202.278 1200.817 1200.378 1199.939 1199.5 1199.061 1199.019 1199.016 1199.013 1199.01 1198.997 1198.969 1198.942 1198.915 1198.887 1198.71 1198.509 1198.309 1198.108 1197.951 1197.876 1197.801 1197.725 1197.65 1197.839 1198.084 1198.33 1198.575 1198.807 1199.007 1199.207 1199.408 1199.608
1298.217 1295.332 1292.447 1289.562 1286.677 1281.473 1274.483 1267.494 1260.505 1253.746 1252.047 1250.348 1248.648 1246.949 1245.154 1243.271 1241.388 1239.505 1237.622 1234.449 1231.276 1228.103 1224.931 1221.863 1218.91 1215.956 1213.003 1210.05 1207.969 1205.928 1203.886 1201.845 1200.529 1200.155 1199.781 1199.407 1199.032 1199.009 1199.019 1199.028 1199.038 1199.044 1199.044 1199.044 1199.043 1199.043 1198.881 1198.694 1198.507 1198.32 1198.174 1198.106 1198.037 1197.968 1197.899 1198.07 1198.291 1198.513 1198.734 1198.945 1199.132 1199.318 1199.505 1199.692
1298.057 1295.872 1293.687 1291.502 1289.317 1284.858 1278.65 1272.442 1266.234 1260.186 1257.635 1255.084 1252.533 1249.982 1247.485 1245.037 1242.59 1240.143 1237.695 1234.246 1230.796 1227.347 1223.897 1220.657 1217.644 1214.631 1211.618 1208.605 1206.755 1204.958 1203.161 1201.364 1200.218 1199.92 1199.622 1199.324 1199.026 1199.019 1199.039 1199.06 1199.081 1199.104 1199.131 1199.158 1199.184 1199.211 1199.062 1198.886 1198.71 1198.534 1198.397 1198.334 1198.27 1198.207 1198.143 1198.293 1198.487 1198.681 1198.876 1199.064 1199.24 1199.416 1199.592 1199.768
1297.897 1296.412 1294.927 1293.442 1291.957 1288.244 1282.817 1277.391 1271.964 1266.625 1263.223 1259.82 1256.417 1253.014 1249.815 1246.804 1243.792 1240.781 1237.769 1234.043 1230.316 1226.59 1222.864 1219.451 1216.378 1213.305 1210.233 1207.16 1205.541 1203.988 1202.435 1200.882 1199.908 1199.686 1199.464 1199.241 1199.019 1199.029 1199.06 1199.092 1199.123 1199.163 1199.217 1199.271 1199.326 1199.38 1199.243 1199.078 1198.913 1198.748 1198.62 1198.562 1198.504 1198.446 1198.388 1198.516 1198.683 1198.85 1199.017 1199.184 1199.349 1199.514 1199.679 1199.844
1297.738 1296.952 1296.167 1295.382 1294.596 1291.629 1286.984 1282.339 1277.693 1273.065 1268.811 1264.556 1260.301 1256.047 1252.146 1248.57 1244.994 1241.418 1237.842 1233.839 1229.837 1225.834 1221.831 1218.244 1215.112 1211.98 1208.848 1205.715 1204.327 1203.018 1201.71 1200.401 1199.597 1199.451 1199.305 1199.159 1199.013 1199.039 1199.081 1199.123 1199.166 1199.223 1199.304 1199.385 1199.467 1199.548 1199.424 1199.27 1199.116 1198.961 1198.843 1198.79 1198.737 1198.685 1198.632 1198.739 1198.879 1199.019 1199.159 1199.303 1199.457 1199.612 1199.766 1199.92
1297.692 1297.358 1297.024 1296.69 1296.356 1293.807 1289.554 1285.301 1281.048 1276.764 1271.804 1266.844 1261.884 1256.924 1252.47 1248.48 1244.49 1240.5 1236.511 1232.367 1228.224 1224.081 1219.938 1216.344 1213.348 1210.353 1207.357 1204.362 1203.211 1202.145 1201.078 1200.011 1199.377 1199.305 1199.232 1199.16 1199.088 1199.189 1199.306 1199.423 1199.541 1199.666 1199.805 1199.943 1200.081 1200.22 1200.047 1199.827 1199.608 1199.388 1199.212 1199.119 1199.026 1198.932 1198.839 1198.926 1199.051 1199.176 1199.301 1199.429 1199.564 1199.7 1199.835 1199.971
1297.842 1297.535 1297.228 1296.921 1296.614 1293.923 1289.399 1284.875 1280.35 1275.787 1270.372 1264.956 1259.54 1254.124 1249.37 1245.223 1241.076 1236.929 1232.782 1228.731 1224.68 1220.629 1216.578 1213.257 1210.734 1208.21 1205.687 1203.164 1202.262 1201.434 1200.606 1199.778 1199.309 1199.308 1199.306 1199.304 1199.302 1199.578 1199.88 1200.182 1200.483 1200.764 1201.01 1201.257 1201.504 1201.751 1201.423 1201.008 1200.593 1200.178 1199.833 1199.621 1199.408 1199.195 1198.983 1199.053 1199.184 1199.314 1199.444 1199.566 1199.669 1199.772 1199.875 1199.978
1297.991 1297.711 1297.432 1297.152 1296.872 1294.04 1289.244 1284.449 1279.653 1274.811 1268.939 1263.068 1257.196 1251.325 1246.271 1241.966 1237.661 1233.357 1229.052 1225.094 1221.135 1217.176 1213.217 1210.171 1208.12 1206.068 1204.017 1201.965 1201.313 1200.724 1200.134 1199.545 1199.242 1199.311 1199.38 1199.448 1199.517 1199.967 1200.453 1200.94 1201.426 1201.861 1202.216 1202.572 1202.927 1203.283 1202.798 1202.188 1201.578 1200.968 1200.454 1200.122 1199.79 1199.458 1199.126 1199.181 1199.316 1199.452 1199.588 1199.703 1199.774 1199.844 1199.914 1199.985
1298.141 1297.888 1297.635 1297.383 1297.13 1294.156 1289.09 1284.023 1278.956 1273.834 1267.507 1261.18 1254.852 1248.525 1243.171 1238.709 1234.247 1229.785 1225.323 1221.457 1217.59 1213.724 1209.857 1207.085 1205.505 1203.926 1202.347 1200.767 1200.363 1200.013 1199.662 1199.312 1199.174 1199.314 1199.453 1199.593 1199.732 1200.356 1201.027 1201.698 1202.369 1202.958 1203.422 1203.886 1204.35 1204.814 1204.174 1203.369 1202.563 1201.757 1201.075 1200.624 1200.172 1199.721 1199.27 1199.308 1199.449 1199.59 1199.731 1199.841 1199.879 1199.916 1199.954 1199.992
1298.29 1298.065 1297.839 1297.614 1297.388 1294.273 1288.935 1283.597 1278.259 1272.858 1266.074 1259.292 1252.508 1245.725 1240.071 1235.452 1230.833 1226.214 1221.594 1217.82 1214.046 1210.271 1206.497 1203.998 1202.891 1201.784 1200.677 1199.569 1199.414 1199.302 1199.191 1199.079 1199.107 1199.317 1199.527 1199.737 1199.947 1200.746 1201.601 1202.456 1203.311 1204.056 1204.628 1205.201 1205.773 1206.346 1205.55 1204.549 1203.548 1202.547 1201.696 1201.125 1200.554 1199.984 1199.413 1199.435 1199.581 1199.728 1199.875 1199.978 1199.983 1199.989 1199.994 1199.999
1298.551 1297.974 1297.397 1296.821 1296.244 1292.283 1285.721 1279.158 1272.596 1266.03 1259.393 1252.756 1246.119 1239.483 1234.187 1230.122 1226.057 1221.992 1217.927 1214.683 1211.439 1208.194 1204.95 1202.86 1202.029 1201.197 1200.366 1199.534 1199.589 1199.684 1199.779 1199.874 1200.119 1200.559 1201.0 1201.44 1201.88 1202.867 1203.907 1204.947 1205.986 1206.819 1207.332 1207.844 1208.356 1208.868 1207.863 1206.63 1205.398 1204.165 1203.091 1202.314 1201.537 1200.761 1199.984 1199.899 1199.96 1200.021 1200.081 1200.115 1200.088 1200.061 1200.033 1200.006
1298.833 1297.833 1296.833 1295.833 1294.833 1289.895 1281.927 1273.959 1265.991 1258.092 1251.716 1245.339 1238.963 1232.587 1227.776 1224.4 1221.024 1217.648 1214.272 1211.641 1209.009 1206.378 1203.747 1202.091 1201.498 1200.906 1200.313 1199.72 1199.978 1200.273 1200.569 1200.865 1201.337 1202.037 1202.738 1203.438 1204.139 1205.317 1206.541 1207.766 1208.99 1209.899 1210.319 1210.739 1211.159 1211.579 1210.354 1208.883 1207.411 1205.94 1204.633 1203.634 1202.634 1201.635 1200.636 1200.427 1200.385 1200.343 1200.3 1200.253 1200.193 1200.133 1200.073 1200.013
1299.115 1297.692 1296.269 1294.846 1293.422 1287.506 1278.133 1268.759 1259.386 1250.155 1244.039 1237.923 1231.807 1225.691 1221.364 1218.677 1215.99 1213.303 1210.616 1208.598 1206.58 1204.562 1202.544 1201.322 1200.968 1200.614 1200.26 1199.906 1200.366 1200.862 1201.359 1201.855 1202.554 1203.515 1204.476 1205.437 1206.397 1207.767 1209.176 1210.584 1211.993 1212.979 1213.306 1213.634 1213.962 1214.29 1212.845 1211.135 1209.425 1207.715 1206.175 1204.953 1203.731 1202.51 1201.288 1200.955 1200.81 1200.665 1200.519 1200.39 1200.297 1200.205 1200.113 1200.02
1299.398 1297.551 1295.705 1293.858 1292.011 1285.117 1274.338 1263.56 1252.782 1242.217 1236.362 1230.506 1224.651 1218.795 1214.952 1212.954 1210.957 1208.959 1206.961 1205.556 1204.151 1202.746 1201.341 1200.553 1200.438 1200.323 1200.207 1200.092 1200.754 1201.451 1202.149 1202.846 1203.771 1204.992 1206.214 1207.435 1208.656 1210.217 1211.81 1213.403 1214.996 1216.058 1216.294 1216.529 1216.765 1217.0 1215.336 1213.388 1211.439 1209.49 1207.716 1206.272 1204.828 1203.384 1201.94 1201.484 1201.235 1200.987 1200.738 1200.527 1200.402 1200.277 1200.152 1200.027
1299.526 1297.156 1294.787 1292.417 1290.048 1282.309 1270.44 1258.571 1246.702 1235.11 1229.627 1224.143 1218.66 1213.176 1209.813 1208.395 1206.976 1205.557 1204.139 1203.223 1202.308 1201.393 1200.478 1200.057 1200.178 1200.298 1200.418 1200.538 1201.448 1202.393 1203.338 1204.284 1205.456 1206.925 1208.393 1209.861 1211.329 1213.017 1214.725 1216.433 1218.142 1219.225 1219.336 1219.447 1219.558 1219.669 1217.83 1215.698 1213.567 1211.435 1209.471 1207.821 1206.171 1204.522 1202.872 1202.249 1201.841 1201.434 1201.026 1200.692 1200.522 1200.353 1200.183 1200.014
1299.314 1296.201 1293.089 1289.976 1286.863 1278.577 1266.312 1254.047 1241.781 1229.838 1224.973 1220.108 1215.243 1210.378 1207.486 1206.404 1205.322 1204.24 1203.157 1202.459 1201.761 1201.063 1200.364 1200.166 1200.514 1200.862 1201.21 1201.558 1202.815 1204.113 1205.411 1206.709 1208.176 1209.861 1211.546 1213.232 1214.917 1216.589 1218.259 1219.929 1221.599 1222.583 1222.499 1222.415 1222.33 1222.246 1220.33 1218.138 1215.947 1213.755 1211.694 1209.876 1208.058 1206.24 1204.422 1203.537 1202.847 1202.158 1201.468 1200.915 1200.675 1200.436 1200.196 1199.956
1299.102 1295.246 1291.39 1287.534 1283.678 1274.845 1262.184 1249.522 1236.861 1224.566 1220.319 1216.073 1211.826 1207.58 1205.16 1204.414 1203.668 1202.922 1202.176 1201.695 1201.214 1200.732 1200.251 1200.275 1200.851 1201.427 1202.003 1202.579 1204.183 1205.834 1207.484 1209.135 1210.895 1212.797 1214.7 1216.602 1218.504 1220.16 1221.792 1223.425 1225.057 1225.941 1225.662 1225.382 1225.103 1224.823 1222.829 1220.578 1218.327 1216.076 1213.917 1211.931 1209.945 1207.959 1205.973 1204.825 1203.853 1202.881 1201.91 1201.139 1200.829 1200.518 1200.208 1199.897
1298.89 1294.291 1289.692 1285.092 1280.493 1271.113 1258.055 1244.998 1231.941 1219.293 1215.665 1212.037 1208.409 1204.781 1202.833 1202.423 1202.014 1201.604 1201.195 1200.93 1200.666 1200.402 1200.138 1200.384 1201.188 1201.992 1202.796 1203.599 1205.551 1207.554 1209.557 1211.561 1213.615 1215.734 1217.853 1219.973 1222.092 1223.732 1225.326 1226.921 1228.515 1229.3 1228.825 1228.35 1227.875 1227.4 1225.329 1223.018 1220.707 1218.396 1216.14 1213.986 1211.831 1209.677 1207.523 1206.113 1204.859 1203.605 1202.351 1201.363 1200.982 1200.601 1200.22 1199.839
1298.678 1293.336 1287.993 1282.65 1277.307 1267.38 1253.927 1240.474 1227.02 1214.021 1211.012 1208.002 1204.993 1201.983 1200.506 1200.433 1200.36 1200.286 1200.213 1200.166 1200.119 1200.072 1200.025 1200.493 1201.525 1202.557 1203.588 1204.62 1206.918 1209.275 1211.631 1213.987 1216.334 1218.67 1221.007 1223.343 1225.68 1227.304 1228.86 1230.416 1231.973 1232.658 1231.988 1231.318 1230.647 1229.977 1227.828 1225.458 1223.087 1220.717 1218.363 1216.041 1213.718 1211.396 1209.073 1207.401 1205.865 1204.329 1202.793 1201.587 1201.135 1200.684 1200.232 1199.781
1296.709 1290.5 1284.29 1278.081 1271.872 1261.935 1249.13 1236.325 1223.52 1211.164 1208.671 1206.178 1203.685 1201.192 1200.0 1200.0 1200.0 1200.0 1200.0 1200.0 1200.0 1200.0 1200.0 1200.617 1201.906 1203.195 1204.484 1205.774 1208.461 1211.212 1213.964 1216.715 1219.398 1221.994 1224.59 1227.186 1229.782 1231.27 1232.652 1234.035 1235.417 1235.903 1234.995 1234.087 1233.179 1232.272 1229.929 1227.371 1224.814 1222.256 1219.723 1217.237 1214.751 1212.264 1209.778 1207.938 1206.235 1204.532 1202.828 1201.491 1200.99 1200.489 1199.988 1199.488
1294.251 1287.141 1280.031 1272.921 1265.811 1256.013 1244.147 1232.281 1220.414 1208.977 1206.972 1204.968 1202.963 1200.959 1200.0 1200.0 1200.0 1200.0 1200.0 1200.0 1200.0 1200.0 1200.0 1200.744 1202.299 1203.854 1205.409 1206.964 1210.052 1213.211 1216.369 1219.527 1222.558 1225.426 1228.293 1231.16 1234.027 1235.345 1236.516 1237.687 1238.858 1239.118 1237.96 1236.803 1235.645 1234.488 1231.919 1229.139 1226.359 1223.579 1220.844 1218.195 1215.546 1212.897 1210.248 1208.268 1206.429 1204.59 1202.751 1201.306 1200.762 1200.217 1199.673 1199.129
1291.793 1283.782 1275.772 1267.761 1259.75 1250.091 1239.164 1228.236 1217.308 1206.79 1205.274 1203.758 1202.241 1200.725 1200.0 1200.0 1200.0 1200.0 1200.0 1200.0 1200.0 1200.0 1200.0 1200.871 1202.692 1204.513 1206.334 1208.155 1211.644 1215.209 1218.774 1222.339 1225.719 1228.857 1231.995 1235.134 1238.272 1239.421 1240.38 1241.34 1242.299 1242.332 1240.925 1239.518 1238.111 1236.704 1233.909 1230.907 1227.904 1224.902 1221.965 1219.154 1216.342 1213.53 1210.718 1208.598 1206.623 1204.648 1202.674 1201.121 1200.533 1199.946 1199.358 1198.77
1289.335 1280.424 1271.512 1262.601 1253.69 1244.17 1234.181 1224.192 1214.203 1204.603 1203.575 1202.547 1201.52 1200.492 1200.0 1200.0 1200.0 1200.0 1200.0 1200.0 1200.0 1200.0 1200.0 1200.998 1203.085 1205.172 1207.258 1209.345 1213.235 1217.207 1221.179 1225.151 1228.879 1232.288 1235.698 1239.108 1242.517 1243.496 1244.244 1244.992 1245.74 1245.546 1243.89 1242.233 1240.576 1238.92 1235.899 1232.674 1229.449 1226.224 1223.086 1220.112 1217.137 1214.162 1211.188 1208.927 1206.817 1204.707 1202.596 1200.936 1200.305 1199.674 1199.043 1198.412
1285.457 1275.986 1266.515 1257.045 1247.574 1238.378 1229.394 1220.41 1211.426 1202.805 1202.178 1201.552 1200.926 1200.3 1200.0 1200.0 1200.0 1200.0 1200.0 1200.0 1200.0 1200.0 1200.0 1201.132 1203.5 1205.868 1208.236 1210.604 1214.924 1219.333 1223.742 1228.151 1232.233 1235.89 1239.546 1243.202 1246.858 1247.638 1248.144 1248.65 1249.155 1248.696 1246.734 1244.773 1242.812 1240.85 1237.588 1234.131 1230.674 1227.217 1223.866 1220.714 1217.561 1214.408 1211.256 1208.916 1206.747 1204.578 1202.409 1200.709 1200.08 1199.451 1198.822 1198.193
1277.399 1268.374 1259.348 1250.322 1241.296 1232.972 1225.187 1217.401 1209.616 1202.149 1201.669 1201.189 1200.709 1200.229 1200.0 1200.0 1200.0 1200.0 1200.0 1200.0 1200.0 1200.0 1200.0 1201.288 1203.981 1206.675 1209.368 1212.062 1216.899 1221.835 1226.77 1231.706 1236.161 1239.99 1243.82 1247.65 1251.48 1251.973 1252.147 1252.322 1252.497 1251.653 1249.225 1246.798 1244.37 1241.942 1238.392 1234.675 1230.957 1227.24 1223.642 1220.267 1216.892 1213.516 1210.142 1207.902 1205.901 1203.9 1201.9 1200.358 1199.864 1199.371 1198.877 1198.384
1269.342 1260.761 1252.181 1243.6 1235.019 1227.566 1220.979 1214.393 1207.807 1201.493 1201.159 1200.826 1200.493 1200.159 1200.0 1200.0 1200.0 1200.0 1200.0 1200.0 1200.0 1200.0 1200.0 1201.444 1204.463 1207.482 1210.5 1213.519 1218.875 1224.337 1229.798 1235.26 1240.088 1244.091 1248.095 1252.098 1256.101 1256.307 1256.151 1255.995 1255.839 1254.611 1251.717 1248.822 1245.927 1243.033 1239.196 1235.218 1231.24 1227.263 1223.417 1219.82 1216.222 1212.625 1209.027 1206.888 1205.055 1203.223 1201.39 1200.006 1199.649 1199.291 1198.933 1198.575
