data/zism_data/01126_04_D.txt
ncols         224
nrows         224
[rows 56 to 83 of 224, columns 126 to 188 of 224]
2080.997 2083.326 2084.742 2086.158 2087.575 2088.991 2088.462 2087.173 2085.885 2084.596 2082.609 2077.852 2073.095 2068.338 2063.58 2057.688 2051.27 2044.851 2038.433 2032.246 2027.229 2022.212 2017.195 2012.178 2009.423 2007.898 2006.373 2004.849 2003.516 2003.475 2003.434 2003.392 2003.351 2003.179 2002.924 2002.669 2002.414 2002.161 2001.931 2001.7 2001.47 2001.239 1999.722 1997.256 1994.791 1992.324 1989.571 1982.103 1974.636 1967.169 1959.701 1950.1 1938.679 1927.258 1915.836 1904.417 1893.098 1881.778 1870.459 1859.139 1851.969 1848.889 1845.809
2077.413 2080.023 2081.618 2083.213 2084.807 2086.402 2085.837 2084.429 2083.022 2081.615 2079.517 2074.685 2069.852 2065.019 2060.186 2054.255 2047.815 2041.375 2034.935 2028.73 2023.713 2018.696 2013.679 2008.663 2006.085 2004.836 2003.587 2002.338 2001.272 2001.436 2001.6 2001.764 2001.928 2001.919 2001.799 2001.679 2001.559 2001.441 2001.346 2001.251 2001.155 2001.06 1999.774 1997.611 1995.448 1993.284 1990.841 1983.812 1976.782 1969.752 1962.723 1954.038 1943.94 1933.843 1923.745 1913.652 1903.76 1893.867 1883.974 1874.082 1867.9 1865.377 1862.853
2074.042 2076.819 2078.401 2079.983 2081.565 2083.148 2082.461 2080.889 2079.317 2077.746 2075.547 2070.861 2066.175 2061.49 2056.803 2051.106 2044.939 2038.773 2032.607 2026.664 2021.852 2017.039 2012.227 2007.414 2004.896 2003.628 2002.359 2001.09 1999.993 2000.044 2000.095 2000.147 2000.198 2000.236 2000.264 2000.293 2000.322 2000.346 2000.327 2000.308 2000.289 2000.269 1999.206 1997.373 1995.539 1993.706 1991.606 1985.141 1978.676 1972.212 1965.747 1957.708 1948.326 1938.944 1929.562 1920.19 1911.288 1902.386 1893.484 1884.582 1878.408 1874.924 1871.44
2070.711 2073.633 2075.167 2076.7 2078.234 2079.768 2078.943 2077.198 2075.453 2073.709 2071.41 2066.913 2062.417 2057.92 2053.423 2048.01 2042.174 2036.337 2030.5 2024.873 2020.304 2015.735 2011.165 2006.596 2004.115 2002.771 2001.426 2000.082 1998.896 1998.774 1998.653 1998.531 1998.41 1998.473 1998.653 1998.833 1999.013 1999.181 1999.226 1999.272 1999.317 1999.363 1998.52 1997.021 1995.523 1994.025 1992.275 1986.399 1980.523 1974.648 1968.772 1961.328 1952.546 1943.763 1934.981 1926.216 1918.222 1910.228 1902.233 1894.239 1887.888 1883.156 1878.423
2067.381 2070.448 2071.932 2073.417 2074.902 2076.387 2075.425 2073.507 2071.589 2069.672 2067.272 2062.965 2058.657 2054.35 2050.042 2044.915 2039.408 2033.901 2028.394 2023.082 2018.756 2014.43 2010.104 2005.778 2003.333 2001.913 2000.493 1999.073 1997.799 1997.505 1997.21 1996.916 1996.621 1996.709 1997.041 1997.372 1997.704 1998.015 1998.125 1998.235 1998.346 1998.456 1997.834 1996.67 1995.507 1994.344 1992.943 1987.657 1982.37 1977.084 1971.797 1964.948 1956.766 1948.583 1940.401 1932.242 1925.156 1918.07 1910.983 1903.897 1897.368 1891.387 1885.406
2064.05 2067.262 2068.698 2070.135 2071.571 2073.007 2071.906 2069.816 2067.725 2065.635 2063.135 2059.017 2054.899 2050.78 2046.662 2041.82 2036.642 2031.465 2026.288 2021.291 2017.208 2013.125 2009.042 2004.959 2002.552 2001.056 1999.561 1998.065 1996.702 1996.235 1995.768 1995.3 1994.833 1994.946 1995.429 1995.912 1996.395 1996.849 1997.024 1997.199 1997.375 1997.55 1997.148 1996.319 1995.491 1994.663 1993.612 1988.915 1984.217 1979.52 1974.822 1968.568 1960.985 1953.403 1945.82 1938.268 1932.09 1925.912 1919.733 1913.555 1906.847 1899.618 1892.389
2061.651 2064.945 2066.328 2067.711 2069.094 2070.478 2069.271 2067.054 2064.838 2062.621 2060.059 2056.123 2052.188 2048.252 2044.317 2039.768 2034.936 2030.104 2025.272 2020.601 2016.737 2012.874 2009.011 2005.147 2002.723 2001.081 1999.439 1997.797 1996.277 1995.572 1994.868 1994.163 1993.458 1993.442 1993.863 1994.284 1994.705 1995.101 1995.252 1995.403 1995.554 1995.705 1995.432 1994.849 1994.265 1993.681 1992.892 1988.752 1984.612 1980.473 1976.333 1970.666 1963.696 1956.726 1949.755 1942.813 1937.11 1931.407 1925.705 1920.002 1912.886 1904.377 1895.868
2061.533 2064.759 2066.077 2067.396 2068.714 2070.032 2068.799 2066.572 2064.344 2062.117 2059.58 2055.812 2052.044 2048.276 2044.508 2040.275 2035.827 2031.378 2026.93 2022.605 2018.904 2015.203 2011.502 2007.801 2005.226 2003.266 2001.305 1999.344 1997.495 1996.396 1995.297 1994.198 1993.099 1992.573 1992.41 1992.247 1992.085 1991.929 1991.836 1991.744 1991.652 1991.559 1991.196 1990.634 1990.072 1989.509 1988.769 1985.11 1981.451 1977.792 1974.134 1969.035 1962.708 1956.381 1950.054 1943.728 1937.442 1931.155 1924.869 1918.582 1910.494 1900.628 1890.763
2061.416 2064.573 2065.826 2067.079 2068.333 2069.586 2068.328 2066.09 2063.851 2061.613 2059.101 2055.5 2051.9 2048.3 2044.699 2040.781 2036.717 2032.652 2028.587 2024.61 2021.071 2017.532 2013.993 2010.454 2007.73 2005.451 2003.171 2000.892 1998.714 1997.22 1995.727 1994.233 1992.74 1991.703 1990.957 1990.21 1989.464 1988.756 1988.421 1988.085 1987.75 1987.414 1986.96 1986.42 1985.879 1985.338 1984.646 1981.468 1978.29 1975.112 1971.934 1967.404 1961.72 1956.036 1950.353 1944.643 1937.773 1930.903 1924.033 1917.163 1908.101 1896.88 1885.658
2061.299 2064.386 2065.575 2066.763 2067.952 2069.14 2067.856 2065.607 2063.358 2061.109 2058.622 2055.189 2051.756 2048.323 2044.89 2041.288 2037.607 2033.926 2030.245 2026.614 2023.237 2019.86 2016.484 2013.107 2010.234 2007.636 2005.037 2002.439 1999.932 1998.044 1996.156 1994.268 1992.38 1990.833 1989.503 1988.173 1986.843 1985.584 1985.005 1984.426 1983.848 1983.269 1982.724 1982.205 1981.686 1981.167 1980.522 1977.826 1975.129 1972.432 1969.735 1965.773 1960.733 1955.692 1950.651 1945.558 1938.105 1930.651 1923.197 1915.743 1905.709 1893.131 1880.553
2061.181 2064.2 2065.324 2066.448 2067.571 2068.695 2067.384 2065.125 2062.865 2060.605 2058.143 2054.877 2051.612 2048.347 2045.081 2041.794 2038.497 2035.2 2031.902 2028.619 2025.404 2022.189 2018.974 2015.76 2012.738 2009.821 2006.903 2003.986 2001.151 1998.869 1996.586 1994.303 1992.021 1989.964 1988.05 1986.136 1984.223 1982.411 1981.589 1980.767 1979.945 1979.124 1978.488 1977.991 1977.493 1976.996 1976.399 1974.183 1971.968 1969.752 1967.536 1964.143 1959.745 1955.347 1950.95 1946.474 1938.436 1930.399 1922.361 1914.324 1903.317 1889.382 1875.448
2063.609 2066.537 2067.504 2068.47 2069.437 2070.404 2069.074 2066.847 2064.62 2062.394 2059.972 2056.779 2053.585 2050.391 2047.198 2044.015 2040.838 2037.661 2034.484 2031.305 2028.121 2024.936 2021.752 2018.568 2015.461 2012.397 2009.332 2006.268 2003.261 2000.635 1998.01 1995.385 1992.76 1990.252 1987.818 1985.385 1982.952 1980.616 1979.228 1977.839 1976.45 1975.062 1973.994 1973.162 1972.331 1971.499 1970.61 1968.776 1966.941 1965.106 1963.271 1960.26 1956.246 1952.232 1948.218 1944.102 1935.365 1926.628 1917.891 1909.154 1897.607 1883.291 1868.975
2066.934 2069.763 2070.541 2071.319 2072.097 2072.875 2071.526 2069.348 2067.17 2064.992 2062.617 2059.461 2056.305 2053.149 2049.993 2046.841 2043.691 2040.541 2037.391 2034.233 2031.032 2027.831 2024.63 2021.43 2018.261 2015.111 2011.96 2008.809 2005.685 2002.735 1999.786 1996.836 1993.887 1990.949 1988.018 1985.088 1982.157 1979.307 1977.238 1975.168 1973.099 1971.029 1969.408 1968.117 1966.826 1965.536 1964.233 1962.745 1961.256 1959.767 1958.278 1955.584 1951.861 1948.139 1944.417 1940.57 1931.093 1921.616 1912.138 1902.661 1890.728 1876.373 1862.019
2070.259 2072.99 2073.579 2074.167 2074.756 2075.345 2073.978 2071.849 2069.719 2067.59 2065.261 2062.143 2059.025 2055.907 2052.789 2049.668 2046.545 2043.422 2040.298 2037.16 2033.943 2030.726 2027.509 2024.292 2021.062 2017.825 2014.588 2011.351 2008.109 2004.835 2001.561 1998.287 1995.014 1991.646 1988.218 1984.791 1981.363 1977.999 1975.248 1972.498 1969.747 1966.997 1964.822 1963.072 1961.322 1959.572 1957.856 1956.713 1955.57 1954.427 1953.284 1950.907 1947.476 1944.046 1940.615 1937.038 1926.821 1916.603 1906.385 1896.167 1883.848 1869.456 1855.064
2073.584 2076.217 2076.616 2077.016 2077.416 2077.815 2076.43 2074.349 2072.269 2070.188 2067.906 2064.826 2061.746 2058.665 2055.585 2052.494 2049.398 2046.302 2043.206 2040.087 2036.854 2033.621 2030.388 2027.155 2023.863 2020.539 2017.215 2013.892 2010.533 2006.935 2003.337 1999.739 1996.141 1992.343 1988.418 1984.493 1980.568 1976.69 1973.258 1969.827 1966.396 1962.964 1960.236 1958.026 1955.817 1953.608 1951.479 1950.682 1949.885 1949.088 1948.291 1946.23 1943.091 1939.953 1936.814 1933.506 1922.548 1911.59 1900.632 1889.674 1876.968 1862.538 1848.108
2076.888 2079.475 2079.698 2079.922 2080.145 2080.369 2078.971 2076.941 2074.911 2072.881 2070.645 2067.59 2064.535 2061.481 2058.426 2055.36 2052.288 2049.215 2046.143 2043.039 2039.771 2036.503 2033.236 2029.968 2026.603 2023.185 2019.766 2016.348 2012.875 2009.03 2005.185 2001.34 1997.495 1993.35 1989.015 1984.679 1980.344 1976.032 1971.944 1967.856 1963.768 1959.68 1956.346 1953.569 1950.791 1948.013 1945.363 1944.807 1944.251 1943.695 1943.139 1941.388 1938.618 1935.849 1933.079 1930.124 1918.741 1907.359 1895.975 1884.593 1871.642 1857.144 1842.647
2080.101 2082.865 2082.969 2083.074 2083.179 2083.283 2081.895 2079.925 2077.954 2075.983 2073.789 2070.707 2067.626 2064.544 2061.462 2058.395 2055.333 2052.272 2049.211 2046.096 2042.715 2039.334 2035.953 2032.572 2029.083 2025.535 2021.987 2018.439 2014.864 2011.105 2007.347 2003.589 1999.83 1995.696 1991.322 1986.949 1982.576 1978.178 1973.539 1968.899 1964.26 1959.621 1955.456 1951.641 1947.825 1944.01 1940.37 1939.603 1938.836 1938.069 1937.302 1935.834 1933.767 1931.7 1929.633 1927.385 1916.937 1906.489 1896.041 1885.594 1873.009 1858.317 1843.625
2083.313 2086.255 2086.24 2086.226 2086.212 2086.198 2084.819 2082.908 2080.997 2079.085 2076.933 2073.824 2070.716 2067.607 2064.499 2061.43 2058.379 2055.329 2052.278 2049.154 2045.659 2042.165 2038.67 2035.176 2031.563 2027.885 2024.207 2020.529 2016.853 2013.181 2009.509 2005.837 2002.165 1998.041 1993.63 1989.219 1984.807 1980.323 1975.133 1969.943 1964.752 1959.562 1954.566 1949.713 1944.86 1940.007 1935.377 1934.399 1933.422 1932.444 1931.466 1930.28 1928.915 1927.551 1926.186 1924.646 1915.133 1905.62 1896.107 1886.594 1874.375 1859.489 1844.603
2086.525 2089.645 2089.512 2089.379 2089.245 2089.112 2087.743 2085.891 2084.04 2082.188 2080.077 2076.942 2073.806 2070.67 2067.535 2064.465 2061.425 2058.385 2055.346 2052.212 2048.604 2044.996 2041.387 2037.779 2034.042 2030.235 2026.427 2022.62 2018.842 2015.256 2011.671 2008.085 2004.5 2000.386 1995.937 1991.488 1987.039 1982.469 1976.728 1970.986 1965.245 1959.503 1953.676 1947.785 1941.895 1936.004 1930.384 1929.195 1928.007 1926.818 1925.63 1924.726 1924.064 1923.402 1922.74 1921.907 1913.329 1904.751 1896.173 1887.595 1875.743 1860.662 1845.581
2089.737 2093.035 2092.783 2092.531 2092.279 2092.027 2090.667 2088.875 2087.082 2085.29 2083.222 2080.059 2076.896 2073.734 2070.571 2067.5 2064.471 2061.442 2058.413 2055.27 2051.548 2047.826 2044.105 2040.383 2036.522 2032.585 2028.648 2024.711 2020.83 2017.331 2013.833 2010.333 2006.835 2002.731 1998.245 1993.758 1989.271 1984.615 1978.323 1972.03 1965.737 1959.444 1952.786 1945.857 1938.929 1932.001 1925.391 1923.991 1922.592 1921.193 1919.794 1919.172 1919.212 1919.253 1919.293 1919.168 1911.525 1903.882 1896.239 1888.596 1877.109 1861.834 1846.559
2090.97 2094.488 2094.351 2094.215 2094.078 2093.941 2092.753 2091.155 2089.556 2087.958 2086.066 2083.011 2079.956 2076.9 2073.845 2070.775 2067.698 2064.622 2061.545 2058.366 2054.672 2050.979 2047.285 2043.591 2039.691 2035.68 2031.668 2027.656 2023.706 2020.17 2016.633 2013.097 2009.56 2005.373 2000.772 1996.172 1991.572 1986.77 1980.015 1973.261 1966.506 1959.752 1952.566 1945.062 1937.558 1930.053 1922.876 1921.046 1919.215 1917.385 1915.554 1914.902 1915.256 1915.609 1915.963 1916.169 1909.682 1903.194 1896.707 1890.219 1879.819 1865.562 1851.305
2091.077 2094.84 2094.952 2095.064 2095.176 2095.288 2094.364 2093.035 2091.707 2090.379 2088.74 2085.868 2082.997 2080.125 2077.254 2074.187 2071.029 2067.871 2064.713 2061.485 2057.899 2054.313 2050.728 2047.142 2043.253 2039.198 2035.143 2031.088 2027.086 2023.442 2019.797 2016.152 2012.508 2008.182 2003.425 1998.668 1993.911 1988.929 1981.764 1974.598 1967.433 1960.268 1952.727 1944.91 1937.092 1929.275 1921.77 1919.383 1916.995 1914.608 1912.221 1911.362 1911.808 1912.254 1912.699 1913.023 1907.816 1902.609 1897.403 1892.196 1883.292 1870.743 1858.193
2091.185 2095.192 2095.552 2095.913 2096.274 2096.634 2095.974 2094.916 2093.858 2092.8 2091.414 2088.726 2086.038 2083.351 2080.663 2077.598 2074.36 2071.121 2067.882 2064.604 2061.126 2057.648 2054.171 2050.693 2046.814 2042.716 2038.618 2034.519 2030.466 2026.713 2022.961 2019.208 2015.455 2010.992 2006.078 2001.164 1996.25 1991.088 1983.512 1975.936 1968.36 1960.784 1952.889 1944.758 1936.627 1928.496 1920.663 1917.72 1914.776 1911.832 1908.888 1907.823 1908.36 1908.898 1909.435 1909.876 1905.95 1902.025 1898.099 1894.173 1886.764 1875.923 1865.081
2091.292 2095.544 2096.153 2096.762 2097.371 2097.981 2097.585 2096.797 2096.009 2095.221 2094.088 2091.584 2089.08 2086.576 2084.072 2081.01 2077.69 2074.37 2071.051 2067.722 2064.353 2060.983 2057.614 2054.244 2050.375 2046.234 2042.092 2037.951 2033.846 2029.985 2026.124 2022.263 2018.403 2013.802 2008.731 2003.661 1998.59 1993.247 1985.26 1977.273 1969.287 1961.3 1953.05 1944.606 1936.161 1927.717 1919.557 1916.057 1912.556 1909.056 1905.555 1904.283 1904.912 1905.542 1906.171 1906.73 1904.085 1901.44 1898.795 1896.15 1890.237 1881.103 1871.97
2091.187 2095.712 2096.59 2097.469 2098.347 2099.226 2099.096 2098.573 2098.049 2097.526 2096.644 2094.34 2092.035 2089.731 2087.427 2084.384 2080.999 2077.614 2074.229 2070.861 2067.575 2064.291 2061.006 2057.721 2053.848 2049.655 2045.462 2041.269 2037.104 2033.129 2029.153 2025.177 2021.202 2016.458 2011.226 2005.994 2000.762 1995.237 1986.871 1978.505 1970.139 1961.773 1953.198 1944.466 1935.735 1927.004 1918.544 1914.529 1910.514 1906.499 1902.483 1901.012 1901.712 1902.411 1903.111 1903.764 1902.316 1900.867 1899.419 1897.971 1893.502 1886.057 1878.611
2088.845 2093.947 2095.312 2096.677 2098.042 2099.406 2099.561 2099.243 2098.925 2098.607 2097.963 2096.026 2094.09 2092.153 2090.216 2087.36 2084.077 2080.795 2077.513 2074.203 2070.756 2067.309 2063.862 2060.415 2056.394 2052.06 2047.727 2043.393 2039.082 2034.923 2030.764 2026.605 2022.445 2017.501 2012.058 2006.615 2001.173 1995.452 1987.038 1978.623 1970.208 1961.794 1953.194 1944.458 1935.721 1926.985 1918.516 1914.425 1910.334 1906.243 1902.152 1900.561 1901.104 1901.647 1902.19 1902.697 1901.562 1900.427 1899.292 1898.157 1894.59 1888.625 1882.66
2086.504 2092.183 2094.034 2095.885 2097.736 2099.587 2100.026 2099.914 2099.801 2099.688 2099.282 2097.713 2096.144 2094.574 2093.005 2090.335 2087.156 2083.976 2080.796 2077.546 2073.936 2070.327 2066.718 2063.109 2058.94 2054.466 2049.992 2045.518 2041.061 2036.718 2032.375 2028.032 2023.689 2018.544 2012.891 2007.237 2001.583 1995.667 1987.204 1978.741 1970.278 1961.815 1953.191 1944.449 1935.708 1926.965 1918.487 1914.32 1910.154 1905.987 1901.821 1900.111 1900.497 1900.883 1901.269 1901.629 1900.808 1899.986 1899.165 1898.343 1895.677 1891.193 1886.709
2084.162 2090.418 2092.756 2095.093 2097.431 2099.769 2100.491 2100.584 2100.677 2100.77 2100.602 2099.4 2098.198 2096.996 2095.794 2093.311 2090.234 2087.157 2084.08 2080.888 2077.117 2073.345 2069.574 2065.803 2061.486 2056.871 2052.257 2047.642 2043.039 2038.512 2033.985 2029.459 2024.932 2019.587 2013.723 2007.859 2001.994 1995.882 1987.371 1978.859 1970.347 1961.835 1953.188 1944.441 1935.694 1926.946 1918.458 1914.216 1909.974 1905.732 1901.489 1899.66 1899.889 1900.119 1900.348 1900.562 1900.053 1899.546 1899.037 1898.53 1896.765 1893.761 1890.758
