data/zism_data/01129_03_D.txt
ncols         224
nrows         224
[rows 84 to 111 of 224, columns 63 to 125 of 224]
1698.869 1699.672 1699.754 1699.836 1699.919 1700.0 1700.0 1700.0 1700.0 1700.0 1699.969 1699.904 1699.839 1699.774 1699.709 1697.878 1695.967 1694.056 1692.145 1687.065 1677.741 1668.417 1659.093 1649.769 1640.761 1631.79 1622.819 1613.847 1607.693 1606.343 1604.993 1603.643 1602.293 1602.337 1602.645 1602.953 1603.262 1603.66 1604.255 1604.851 1605.447 1606.043 1606.233 1606.311 1606.389 1606.468 1606.519 1606.492 1606.465 1606.438 1606.411 1606.17 1605.848 1605.526 1605.203 1604.844 1604.333 1603.823 1603.312 1602.801 1602.377 1601.996 1601.615
1698.92 1699.714 1699.786 1699.858 1699.929 1700.0 1700.0 1700.0 1700.0 1700.0 1699.963 1699.888 1699.812 1699.737 1699.661 1697.784 1695.824 1693.865 1691.905 1686.747 1677.304 1667.862 1658.42 1648.978 1640.099 1631.283 1622.468 1613.652 1607.706 1606.657 1605.608 1604.559 1603.509 1603.637 1603.989 1604.34 1604.691 1605.125 1605.743 1606.36 1606.977 1607.594 1607.727 1607.724 1607.722 1607.719 1607.685 1607.556 1607.427 1607.298 1607.169 1606.837 1606.429 1606.021 1605.613 1605.169 1604.578 1603.986 1603.395 1602.804 1602.313 1601.873 1601.433
1698.971 1699.757 1699.818 1699.879 1699.94 1700.0 1700.0 1700.0 1700.0 1700.0 1699.958 1699.872 1699.786 1699.699 1699.613 1697.689 1695.681 1693.673 1691.665 1686.429 1676.868 1667.308 1657.748 1648.188 1639.436 1630.776 1622.116 1613.456 1607.72 1606.972 1606.223 1605.474 1604.726 1604.938 1605.332 1605.726 1606.121 1606.591 1607.23 1607.869 1608.507 1609.146 1609.22 1609.137 1609.054 1608.971 1608.85 1608.619 1608.388 1608.157 1607.926 1607.505 1607.01 1606.516 1606.022 1605.493 1604.822 1604.15 1603.478 1602.806 1602.25 1601.75 1601.251
1699.022 1699.8 1699.85 1699.9 1699.951 1700.0 1700.0 1700.0 1700.0 1700.0 1699.953 1699.856 1699.759 1699.662 1699.565 1697.594 1695.538 1693.482 1691.426 1686.111 1676.432 1666.754 1657.075 1647.397 1638.774 1630.269 1621.765 1613.261 1607.734 1607.286 1606.838 1606.39 1605.943 1606.239 1606.676 1607.113 1607.55 1608.057 1608.717 1609.377 1610.037 1610.698 1610.713 1610.55 1610.386 1610.223 1610.016 1609.683 1609.35 1609.017 1608.684 1608.172 1607.592 1607.012 1606.432 1605.818 1605.066 1604.313 1603.561 1602.809 1602.186 1601.628 1601.069
1698.508 1699.555 1699.666 1699.778 1699.89 1700.0 1700.0 1700.0 1700.0 1700.0 1699.906 1699.711 1699.516 1699.322 1699.127 1696.705 1694.181 1691.657 1689.134 1683.723 1674.447 1665.171 1655.895 1646.619 1638.9 1631.356 1623.813 1616.269 1611.342 1610.876 1610.411 1609.946 1609.48 1609.546 1609.713 1609.88 1610.047 1610.305 1610.765 1611.225 1611.685 1612.145 1612.069 1611.844 1611.619 1611.394 1611.12 1610.699 1610.279 1609.858 1609.438 1608.853 1608.207 1607.56 1606.913 1606.234 1605.42 1604.607 1603.793 1602.979 1602.339 1601.784 1601.229
1697.93 1699.276 1699.458 1699.64 1699.821 1700.0 1700.0 1700.0 1700.0 1700.0 1699.853 1699.552 1699.25 1698.948 1698.646 1695.726 1692.686 1689.647 1686.608 1681.1 1672.285 1663.471 1654.657 1645.843 1639.116 1632.625 1626.134 1619.642 1615.358 1614.839 1614.32 1613.801 1613.282 1613.082 1612.943 1612.804 1612.665 1612.642 1612.876 1613.111 1613.345 1613.58 1613.408 1613.125 1612.841 1612.557 1612.217 1611.71 1611.204 1610.697 1610.191 1609.536 1608.825 1608.114 1607.403 1606.66 1605.787 1604.915 1604.042 1603.169 1602.516 1601.972 1601.428
1697.351 1698.998 1699.25 1699.501 1699.752 1700.0 1700.0 1700.0 1700.0 1700.0 1699.801 1699.392 1698.983 1698.573 1698.164 1694.746 1691.192 1687.637 1684.082 1678.476 1670.124 1661.772 1653.419 1645.067 1639.332 1633.893 1628.454 1623.015 1619.375 1618.802 1618.229 1617.657 1617.084 1616.618 1616.173 1615.728 1615.283 1614.979 1614.988 1614.997 1615.006 1615.015 1614.748 1614.405 1614.063 1613.72 1613.313 1612.721 1612.129 1611.536 1610.944 1610.219 1609.443 1608.668 1607.892 1607.086 1606.155 1605.223 1604.291 1603.359 1602.693 1602.16 1601.627
1696.773 1698.72 1699.041 1699.362 1699.683 1700.0 1700.0 1700.0 1700.0 1700.0 1699.749 1699.233 1698.716 1698.199 1697.682 1693.767 1689.697 1685.627 1681.557 1675.853 1667.962 1660.072 1652.181 1644.29 1639.548 1635.162 1630.775 1626.388 1623.391 1622.765 1622.139 1621.512 1620.886 1620.154 1619.403 1618.652 1617.901 1617.316 1617.099 1616.883 1616.666 1616.45 1616.088 1615.686 1615.284 1614.882 1614.41 1613.732 1613.053 1612.375 1611.697 1610.901 1610.062 1609.222 1608.382 1607.512 1606.522 1605.531 1604.54 1603.549 1602.871 1602.348 1601.826
1695.392 1697.708 1698.247 1698.786 1699.325 1699.857 1699.888 1699.92 1699.952 1699.984 1699.731 1699.178 1698.624 1698.071 1697.517 1693.451 1689.225 1685.0 1680.774 1675.194 1667.8 1660.406 1653.013 1645.619 1641.529 1637.812 1634.095 1630.378 1627.74 1626.942 1626.143 1625.345 1624.547 1623.552 1622.519 1621.486 1620.454 1619.606 1619.168 1618.729 1618.291 1617.852 1617.379 1616.897 1616.415 1615.933 1615.384 1614.637 1613.89 1613.144 1612.397 1611.548 1610.659 1609.771 1608.882 1607.967 1606.942 1605.917 1604.892 1603.867 1603.164 1602.622 1602.081
1692.37 1695.194 1696.254 1697.314 1698.374 1699.42 1699.549 1699.677 1699.806 1699.934 1699.783 1699.337 1698.891 1698.445 1697.999 1694.492 1690.846 1687.2 1683.555 1678.55 1671.725 1664.9 1658.076 1651.251 1647.118 1643.288 1639.458 1635.628 1632.766 1631.555 1630.343 1629.131 1627.92 1626.664 1625.401 1624.137 1622.874 1621.801 1621.147 1620.494 1619.841 1619.188 1618.571 1617.966 1617.36 1616.754 1616.105 1615.326 1614.547 1613.769 1612.99 1612.12 1611.215 1610.311 1609.406 1608.481 1607.472 1606.463 1605.454 1604.445 1603.694 1603.072 1602.449
1689.348 1692.681 1694.262 1695.842 1697.423 1698.984 1699.209 1699.434 1699.659 1699.884 1699.836 1699.497 1699.158 1698.819 1698.481 1695.533 1692.467 1689.401 1686.335 1681.906 1675.65 1669.395 1663.139 1656.884 1652.706 1648.764 1644.822 1640.879 1637.793 1636.168 1634.543 1632.918 1631.292 1629.777 1628.283 1626.789 1625.294 1623.995 1623.127 1622.259 1621.391 1620.523 1619.764 1619.034 1618.305 1617.576 1616.826 1616.015 1615.204 1614.393 1613.582 1612.692 1611.771 1610.85 1609.93 1608.995 1608.002 1607.009 1606.016 1605.023 1604.224 1603.521 1602.818
1686.326 1690.168 1692.269 1694.371 1696.472 1698.548 1698.87 1699.191 1699.513 1699.834 1699.888 1699.656 1699.425 1699.194 1698.962 1696.574 1694.088 1691.602 1689.116 1685.261 1679.575 1673.889 1668.202 1662.516 1658.295 1654.24 1650.185 1646.129 1642.82 1640.781 1638.742 1636.704 1634.665 1632.89 1631.165 1629.44 1627.715 1626.19 1625.107 1624.024 1622.941 1621.859 1620.956 1620.103 1619.25 1618.398 1617.547 1616.704 1615.861 1615.018 1614.175 1613.264 1612.327 1611.39 1610.453 1609.509 1608.532 1607.555 1606.578 1605.601 1604.754 1603.97 1603.187
1683.304 1687.654 1690.277 1692.899 1695.521 1698.112 1698.53 1698.948 1699.367 1699.785 1699.94 1699.816 1699.692 1699.568 1699.444 1697.615 1695.709 1693.802 1691.896 1688.617 1683.5 1678.382 1673.265 1668.148 1663.884 1659.716 1655.548 1651.38 1647.846 1645.394 1642.942 1640.49 1638.038 1636.003 1634.047 1632.091 1630.135 1628.384 1627.087 1625.789 1624.491 1623.194 1622.148 1621.172 1620.196 1619.219 1618.269 1617.393 1616.518 1615.643 1614.767 1613.836 1612.883 1611.93 1610.977 1610.022 1609.062 1608.101 1607.14 1606.18 1605.283 1604.42 1603.556
1679.429 1684.454 1687.76 1691.067 1694.373 1697.639 1698.162 1698.685 1699.208 1699.731 1699.96 1699.878 1699.797 1699.715 1699.633 1698.166 1696.636 1695.105 1693.575 1690.723 1686.102 1681.48 1676.859 1672.237 1667.915 1663.626 1659.337 1655.048 1651.314 1648.526 1645.738 1642.95 1640.162 1637.831 1635.587 1633.343 1631.099 1629.081 1627.56 1626.04 1624.52 1622.999 1621.907 1620.933 1619.96 1618.987 1618.047 1617.204 1616.362 1615.52 1614.677 1613.767 1612.83 1611.894 1610.957 1610.019 1609.07 1608.121 1607.172 1606.224 1605.324 1604.449 1603.574
1675.282 1681.036 1685.078 1689.12 1693.161 1697.154 1697.784 1698.415 1699.045 1699.676 1699.971 1699.91 1699.85 1699.79 1699.729 1698.561 1697.342 1696.123 1694.905 1692.433 1688.284 1684.135 1679.986 1675.837 1671.451 1667.039 1662.627 1658.214 1654.287 1651.188 1648.088 1644.989 1641.89 1639.252 1636.702 1634.152 1631.602 1629.302 1627.556 1625.811 1624.064 1622.319 1621.211 1620.281 1619.35 1618.42 1617.525 1616.737 1615.948 1615.159 1614.37 1613.494 1612.585 1611.675 1610.766 1609.85 1608.912 1607.974 1607.037 1606.099 1605.21 1604.345 1603.481
1671.136 1677.618 1682.395 1687.173 1691.95 1696.669 1697.407 1698.145 1698.883 1699.62 1699.981 1699.942 1699.903 1699.865 1699.826 1698.956 1698.049 1697.141 1696.234 1694.143 1690.466 1686.79 1683.113 1679.437 1674.988 1670.452 1665.916 1661.38 1657.26 1653.85 1650.439 1647.028 1643.617 1640.673 1637.817 1634.96 1632.104 1629.524 1627.552 1625.581 1623.609 1621.638 1620.515 1619.628 1618.74 1617.853 1617.004 1616.269 1615.534 1614.799 1614.064 1613.222 1612.339 1611.456 1610.574 1609.682 1608.755 1607.828 1606.901 1605.973 1605.095 1604.242 1603.388
1666.99 1674.199 1679.713 1685.226 1690.739 1696.184 1697.029 1697.875 1698.72 1699.565 1699.992 1699.974 1699.957 1699.939 1699.922 1699.351 1698.755 1698.16 1697.564 1695.853 1692.649 1689.445 1686.24 1683.036 1678.525 1673.865 1669.206 1664.547 1660.234 1656.512 1652.789 1649.067 1645.345 1642.093 1638.931 1635.769 1632.607 1629.745 1627.549 1625.352 1623.155 1620.958 1619.819 1618.975 1618.13 1617.286 1616.483 1615.801 1615.12 1614.439 1613.757 1612.949 1612.094 1611.238 1610.382 1609.514 1608.598 1607.681 1606.765 1605.848 1604.981 1604.138 1603.295
1663.374 1671.176 1677.309 1683.443 1689.576 1695.635 1696.602 1697.569 1698.536 1699.503 1700.0 1700.0 1700.0 1700.0 1700.0 1699.667 1699.32 1698.972 1698.625 1697.234 1694.448 1691.661 1688.875 1686.088 1681.539 1676.791 1672.042 1667.294 1662.813 1658.786 1654.76 1650.733 1646.706 1643.14 1639.661 1636.181 1632.702 1629.564 1627.183 1624.801 1622.419 1620.037 1618.912 1618.136 1617.36 1616.584 1615.848 1615.227 1614.607 1613.986 1613.366 1612.593 1611.763 1610.933 1610.103 1609.259 1608.359 1607.458 1606.557 1605.657 1604.803 1603.973 1603.143
1662.025 1669.835 1676.098 1682.36 1688.623 1694.811 1695.96 1697.11 1698.259 1699.409 1700.0 1700.0 1700.0 1700.0 1700.0 1699.647 1699.278 1698.909 1698.54 1697.215 1694.611 1692.007 1689.403 1686.799 1682.321 1677.632 1672.943 1668.254 1663.709 1659.408 1655.108 1650.807 1646.507 1642.59 1638.745 1634.901 1631.056 1627.664 1625.272 1622.88 1620.487 1618.094 1617.106 1616.507 1615.908 1615.309 1614.728 1614.199 1613.67 1613.14 1612.611 1611.879 1611.071 1610.262 1609.454 1608.635 1607.771 1606.908 1606.045 1605.182 1604.355 1603.547 1602.738
1660.676 1668.495 1674.886 1681.278 1687.669 1693.987 1695.319 1696.651 1697.983 1699.315 1700.0 1700.0 1700.0 1700.0 1700.0 1699.626 1699.236 1698.845 1698.455 1697.196 1694.774 1692.353 1689.931 1687.51 1683.104 1678.474 1673.844 1669.214 1664.604 1660.03 1655.456 1650.882 1646.307 1642.04 1637.83 1633.621 1629.411 1625.764 1623.361 1620.958 1618.555 1616.152 1615.299 1614.877 1614.456 1614.034 1613.608 1613.17 1612.732 1612.294 1611.856 1611.166 1610.378 1609.591 1608.804 1608.01 1607.184 1606.359 1605.533 1604.708 1603.908 1603.121 1602.334
1659.327 1667.155 1673.675 1680.195 1686.715 1693.163 1694.677 1696.192 1697.706 1699.221 1700.0 1700.0 1700.0 1700.0 1700.0 1699.606 1699.194 1698.782 1698.37 1697.177 1694.938 1692.699 1690.46 1688.221 1683.886 1679.315 1674.745 1670.173 1665.5 1660.652 1655.804 1650.956 1646.108 1641.49 1636.915 1632.34 1627.766 1623.864 1621.45 1619.036 1616.623 1614.209 1613.492 1613.248 1613.004 1612.759 1612.489 1612.142 1611.795 1611.449 1611.102 1610.452 1609.686 1608.92 1608.155 1607.385 1606.597 1605.809 1605.021 1604.233 1603.46 1602.695 1601.929
1657.978 1665.815 1672.464 1679.113 1685.761 1692.339 1694.036 1695.733 1697.43 1699.127 1700.0 1700.0 1700.0 1700.0 1700.0 1699.585 1699.152 1698.718 1698.285 1697.158 1695.101 1693.045 1690.988 1688.932 1684.669 1680.157 1675.645 1671.133 1666.396 1661.274 1656.152 1651.03 1645.908 1640.939 1636.0 1631.06 1626.12 1621.964 1619.54 1617.115 1614.69 1612.266 1611.686 1611.619 1611.551 1611.484 1611.369 1611.114 1610.858 1610.603 1610.347 1609.738 1608.994 1608.249 1607.505 1606.76 1606.01 1605.259 1604.509 1603.759 1603.013 1602.268 1601.524
1658.94 1666.068 1672.253 1678.438 1684.623 1690.747 1692.726 1694.706 1696.685 1698.665 1699.717 1699.787 1699.857 1699.927 1699.997 1699.622 1699.227 1698.832 1698.437 1697.448 1695.664 1693.88 1692.096 1690.313 1686.313 1682.063 1677.814 1673.564 1668.764 1663.025 1657.286 1651.547 1645.809 1640.292 1634.817 1629.342 1623.868 1619.397 1617.145 1614.893 1612.641 1610.388 1609.956 1610.029 1610.103 1610.176 1610.175 1609.954 1609.733 1609.512 1609.291 1608.741 1608.065 1607.389 1606.713 1606.033 1605.337 1604.641 1603.944 1603.248 1602.572 1601.906 1601.24
1661.317 1667.297 1672.655 1678.013 1683.371 1688.685 1691.008 1693.331 1695.654 1697.977 1699.261 1699.444 1699.627 1699.809 1699.992 1699.694 1699.374 1699.054 1698.735 1697.929 1696.472 1695.016 1693.559 1692.103 1688.484 1684.621 1680.758 1676.895 1672.033 1665.467 1658.901 1652.336 1645.77 1639.584 1633.471 1627.357 1621.244 1616.422 1614.454 1612.487 1610.519 1608.551 1608.273 1608.465 1608.656 1608.848 1608.934 1608.714 1608.493 1608.272 1608.051 1607.571 1606.991 1606.412 1605.833 1605.243 1604.611 1603.98 1603.348 1602.716 1602.137 1601.584 1601.03
1663.693 1668.525 1673.056 1677.588 1682.119 1686.623 1689.29 1691.956 1694.623 1697.29 1698.805 1699.101 1699.396 1699.692 1699.987 1699.766 1699.521 1699.277 1699.032 1698.409 1697.28 1696.151 1695.022 1693.893 1690.655 1687.179 1683.702 1680.225 1675.302 1667.909 1660.517 1653.124 1645.731 1638.877 1632.125 1625.372 1618.62 1613.447 1611.764 1610.081 1608.398 1606.714 1606.591 1606.9 1607.21 1607.519 1607.694 1607.474 1607.253 1607.032 1606.811 1606.401 1605.918 1605.435 1604.952 1604.453 1603.886 1603.319 1602.751 1602.184 1601.702 1601.261 1600.82
1666.07 1669.754 1673.458 1677.162 1680.867 1684.561 1687.571 1690.582 1693.592 1696.602 1698.349 1698.758 1699.166 1699.574 1699.982 1699.838 1699.668 1699.499 1699.329 1698.89 1698.088 1697.287 1696.485 1695.684 1692.826 1689.736 1686.646 1683.556 1678.571 1670.351 1662.132 1653.912 1645.693 1638.17 1630.778 1623.387 1615.996 1610.472 1609.073 1607.675 1606.276 1604.877 1604.908 1605.336 1605.763 1606.191 1606.454 1606.233 1606.013 1605.792 1605.571 1605.23 1604.844 1604.458 1604.072 1603.663 1603.16 1602.658 1602.155 1601.652 1601.266 1600.938 1600.61
1668.579 1671.139 1674.018 1676.896 1679.774 1682.659 1685.983 1689.308 1692.632 1695.956 1697.917 1698.433 1698.949 1699.464 1699.98 1699.909 1699.812 1699.714 1699.616 1699.353 1698.868 1698.383 1697.897 1697.412 1694.931 1692.225 1689.519 1686.813 1681.785 1672.797 1663.81 1654.822 1645.834 1637.664 1629.65 1621.636 1613.622 1607.746 1606.596 1605.446 1604.296 1603.146 1603.309 1603.836 1604.363 1604.89 1605.228 1605.007 1604.787 1604.566 1604.346 1604.074 1603.783 1603.492 1603.201 1602.881 1602.444 1602.008 1601.571 1601.134 1600.843 1600.625 1600.407
1673.549 1675.441 1677.508 1679.576 1681.643 1683.725 1686.814 1689.902 1692.99 1696.078 1697.922 1698.449 1698.975 1699.502 1700.028 1699.968 1699.881 1699.794 1699.708 1699.496 1699.118 1698.741 1698.363 1697.985 1695.814 1693.441 1691.068 1688.694 1683.994 1675.323 1666.651 1657.98 1649.309 1640.915 1632.573 1624.232 1615.89 1609.658 1608.09 1606.521 1604.952 1603.383 1603.262 1603.542 1603.822 1604.102 1604.257 1604.041 1603.826 1603.611 1603.396 1603.172 1602.946 1602.719 1602.492 1602.244 1601.903 1601.563 1601.223 1600.883 1600.657 1600.487 1600.317
