data/zism_data/01126_03_D.txt
ncols         224
nrows         224
[rows 84 to 111 of 224, columns 126 to 188 of 224]
1436.005 1445.329 1454.653 1463.657 1470.642 1477.628 1484.614 1491.599 1495.896 1498.536 1501.177 1503.817 1506.49 1509.459 1512.428 1515.397 1518.367 1519.336 1518.873 1518.411 1517.948 1517.295 1513.885 1510.475 1507.064 1503.654 1502.813 1504.1 1505.388 1506.676 1508.06 1512.712 1517.363 1522.015 1526.667 1533.202 1541.542 1549.881 1558.22 1566.56 1568.929 1571.254 1573.579 1575.904 1574.263 1568.235 1562.207 1556.18 1550.152 1544.939 1539.763 1534.588 1529.411 1525.378 1522.806 1520.234 1517.661 1515.089 1513.539 1512.076 1510.614 1509.151 1507.613
1439.227 1449.14 1459.053 1468.609 1475.909 1483.209 1490.509 1497.809 1502.429 1505.398 1508.367 1511.336 1514.29 1517.115 1519.941 1522.766 1525.591 1526.61 1526.337 1526.064 1525.79 1525.349 1522.476 1519.604 1516.731 1513.859 1513.235 1514.477 1515.718 1516.96 1518.294 1522.738 1527.182 1531.626 1536.071 1542.152 1549.803 1557.453 1565.103 1572.753 1574.441 1576.085 1577.729 1579.373 1577.028 1570.27 1563.512 1556.754 1549.997 1544.078 1538.196 1532.315 1526.434 1522.008 1519.443 1516.878 1514.313 1511.748 1510.403 1509.161 1507.921 1506.68 1505.353
1441.869 1452.198 1462.527 1472.473 1479.994 1487.516 1495.037 1502.558 1507.568 1511.028 1514.489 1517.95 1521.327 1523.963 1526.599 1529.235 1531.871 1532.863 1532.676 1532.489 1532.302 1531.98 1529.713 1527.446 1525.178 1522.911 1522.725 1524.264 1525.802 1527.341 1528.97 1533.63 1538.29 1542.951 1547.611 1553.145 1559.514 1565.884 1572.253 1578.623 1579.383 1580.103 1580.823 1581.543 1578.412 1571.022 1563.632 1556.242 1548.852 1542.197 1535.576 1528.954 1522.332 1517.505 1514.973 1512.44 1509.908 1507.375 1506.266 1505.279 1504.292 1503.305 1502.165
1444.511 1455.256 1466.001 1476.336 1484.079 1491.822 1499.565 1507.308 1512.706 1516.659 1520.611 1524.564 1528.365 1530.812 1533.258 1535.705 1538.152 1539.115 1539.014 1538.914 1538.813 1538.612 1536.95 1535.288 1533.626 1531.964 1532.214 1534.05 1535.886 1537.722 1539.646 1544.522 1549.399 1554.276 1559.152 1564.137 1569.226 1574.314 1579.403 1584.492 1584.326 1584.121 1583.917 1583.713 1579.797 1571.774 1563.752 1555.73 1547.707 1540.317 1532.955 1525.593 1518.231 1513.003 1510.502 1508.002 1505.502 1503.002 1502.129 1501.396 1500.663 1499.93 1498.977
1447.153 1458.314 1469.476 1480.2 1488.165 1496.129 1504.094 1512.058 1517.845 1522.289 1526.734 1531.178 1535.402 1537.66 1539.917 1542.175 1544.433 1545.367 1545.353 1545.339 1545.325 1545.244 1544.187 1543.13 1542.073 1541.017 1541.704 1543.837 1545.97 1548.104 1550.322 1555.415 1560.508 1565.6 1570.693 1575.13 1578.937 1582.745 1586.553 1590.361 1589.268 1588.14 1587.011 1585.883 1581.181 1572.527 1563.872 1555.217 1546.563 1538.436 1530.334 1522.232 1514.129 1508.5 1506.032 1503.564 1501.097 1498.629 1497.993 1497.514 1497.035 1496.556 1495.788
1449.795 1461.372 1472.95 1484.064 1492.25 1500.436 1508.622 1516.808 1522.984 1527.92 1532.856 1537.792 1542.439 1544.508 1546.577 1548.645 1550.714 1551.619 1551.692 1551.764 1551.837 1551.875 1551.424 1550.972 1550.521 1550.069 1551.194 1553.624 1556.055 1558.485 1560.998 1566.307 1571.616 1576.925 1582.234 1586.122 1588.649 1591.176 1593.703 1596.23 1594.211 1592.158 1590.106 1588.053 1582.566 1573.279 1563.992 1554.705 1545.418 1536.556 1527.713 1518.87 1510.028 1503.997 1501.562 1499.126 1496.691 1494.256 1493.856 1493.631 1493.406 1493.181 1492.6
1446.142 1458.199 1470.257 1481.904 1490.962 1500.019 1509.077 1518.135 1525.068 1530.693 1536.318 1541.943 1547.244 1549.651 1552.057 1554.464 1556.871 1557.946 1558.068 1558.189 1558.311 1558.413 1558.231 1558.05 1557.868 1557.686 1558.816 1561.032 1563.248 1565.465 1567.748 1572.282 1576.817 1581.351 1585.886 1589.124 1591.121 1593.119 1595.116 1597.113 1594.902 1592.66 1590.419 1588.177 1582.54 1573.148 1563.756 1554.364 1544.972 1535.494 1526.012 1516.53 1507.048 1500.089 1496.355 1492.62 1488.886 1485.152 1484.5 1484.114 1483.727 1483.341 1482.954
1442.396 1454.935 1467.473 1479.656 1489.595 1499.533 1509.472 1519.41 1527.108 1533.424 1539.741 1546.058 1552.015 1554.768 1557.521 1560.273 1563.026 1564.274 1564.444 1564.614 1564.785 1564.949 1565.032 1565.115 1565.199 1565.282 1566.41 1568.405 1570.4 1572.394 1574.44 1578.185 1581.93 1585.676 1589.421 1592.009 1593.487 1594.966 1596.444 1597.922 1595.531 1593.111 1590.691 1588.271 1582.494 1573.005 1563.516 1554.026 1544.537 1534.445 1524.325 1514.205 1504.086 1496.19 1491.137 1486.084 1481.031 1475.978 1475.068 1474.514 1473.96 1473.406 1473.213
1438.651 1451.67 1464.69 1477.408 1488.228 1499.047 1509.866 1520.686 1529.147 1536.156 1543.164 1550.172 1556.787 1559.885 1562.984 1566.082 1569.181 1570.601 1570.82 1571.039 1571.258 1571.486 1571.833 1572.181 1572.529 1572.877 1574.004 1575.778 1577.551 1579.324 1581.131 1584.088 1587.044 1590.001 1592.957 1594.894 1595.853 1596.813 1597.772 1598.732 1596.159 1593.561 1590.963 1588.364 1582.448 1572.861 1563.275 1553.688 1544.102 1533.395 1522.638 1511.88 1501.123 1492.29 1485.919 1479.547 1473.175 1466.804 1465.635 1464.914 1464.192 1463.471 1463.472
1434.905 1448.405 1461.906 1475.16 1486.861 1498.561 1510.261 1521.961 1531.187 1538.887 1546.587 1554.287 1561.559 1565.003 1568.447 1571.892 1575.336 1576.929 1577.197 1577.464 1577.732 1578.022 1578.635 1579.247 1579.86 1580.473 1581.599 1583.151 1584.702 1586.254 1587.823 1589.991 1592.158 1594.325 1596.493 1597.778 1598.219 1598.66 1599.101 1599.541 1596.788 1594.011 1591.235 1588.458 1582.402 1572.718 1563.034 1553.35 1543.667 1532.345 1520.95 1509.555 1498.16 1488.391 1480.701 1473.01 1465.32 1457.63 1456.203 1455.314 1454.425 1453.536 1453.73
1433.404 1447.299 1461.193 1474.877 1487.227 1499.578 1511.929 1524.28 1534.033 1542.186 1550.338 1558.49 1566.181 1569.752 1573.324 1576.896 1580.468 1582.113 1582.38 1582.647 1582.914 1583.211 1583.933 1584.655 1585.378 1586.1 1587.146 1588.46 1589.773 1591.087 1592.407 1593.964 1595.521 1597.078 1598.635 1599.46 1599.584 1599.708 1599.833 1599.957 1597.075 1594.172 1591.269 1588.365 1582.22 1572.488 1562.756 1553.024 1543.293 1531.555 1519.727 1507.898 1496.07 1485.602 1476.872 1468.143 1459.414 1450.685 1448.646 1447.183 1445.72 1444.257 1444.346
1434.821 1448.997 1463.172 1477.146 1489.849 1502.551 1515.253 1527.955 1537.929 1546.222 1554.514 1562.807 1570.609 1574.023 1577.438 1580.854 1584.268 1585.811 1586.013 1586.215 1586.417 1586.647 1587.278 1587.908 1588.539 1589.169 1590.032 1591.086 1592.14 1593.194 1594.252 1595.431 1596.609 1597.788 1598.967 1599.579 1599.649 1599.719 1599.789 1599.859 1596.918 1593.956 1590.993 1588.03 1581.861 1572.146 1562.43 1552.715 1542.999 1531.102 1519.106 1507.11 1495.114 1484.255 1474.851 1465.446 1456.041 1446.636 1443.529 1440.964 1438.399 1435.833 1435.427
1436.238 1450.695 1465.152 1479.416 1492.47 1505.523 1518.577 1531.63 1541.825 1550.258 1558.691 1567.124 1575.036 1578.295 1581.553 1584.811 1588.069 1589.509 1589.646 1589.783 1589.921 1590.084 1590.622 1591.161 1591.7 1592.239 1592.917 1593.712 1594.507 1595.302 1596.097 1596.897 1597.698 1598.498 1599.298 1599.698 1599.714 1599.73 1599.746 1599.762 1596.762 1593.74 1590.717 1587.695 1581.503 1571.803 1562.104 1552.405 1542.705 1530.648 1518.485 1506.322 1494.158 1482.909 1472.829 1462.748 1452.668 1442.588 1438.412 1434.745 1431.077 1427.409 1426.508
1437.656 1452.393 1467.131 1481.686 1495.091 1508.495 1521.9 1535.305 1545.721 1554.294 1562.868 1571.442 1579.464 1582.566 1585.667 1588.769 1591.87 1593.207 1593.279 1593.351 1593.424 1593.52 1593.967 1594.414 1594.861 1595.308 1595.803 1596.338 1596.874 1597.409 1597.941 1598.364 1598.786 1599.208 1599.63 1599.817 1599.779 1599.741 1599.703 1599.665 1596.605 1593.524 1590.442 1587.36 1581.144 1571.461 1561.778 1552.095 1542.412 1530.195 1517.864 1505.533 1493.202 1481.563 1470.807 1460.051 1449.295 1438.54 1433.295 1428.525 1423.755 1418.984 1417.589
1439.073 1454.091 1469.11 1483.956 1497.712 1511.468 1525.224 1538.98 1549.616 1558.331 1567.045 1575.759 1583.892 1586.837 1589.782 1592.727 1595.671 1596.905 1596.912 1596.92 1596.927 1596.957 1597.312 1597.667 1598.022 1598.377 1598.689 1598.965 1599.241 1599.517 1599.786 1599.83 1599.874 1599.918 1599.962 1599.936 1599.844 1599.752 1599.66 1599.568 1596.448 1593.307 1590.166 1587.025 1580.786 1571.119 1561.452 1551.785 1542.118 1529.742 1517.243 1504.745 1492.247 1480.217 1468.785 1457.354 1445.922 1434.491 1428.178 1422.306 1416.433 1410.56 1408.669
1446.814 1461.436 1476.057 1490.51 1503.906 1517.301 1530.696 1544.092 1554.27 1562.465 1570.661 1578.856 1586.485 1589.058 1591.631 1594.205 1596.778 1597.851 1597.851 1597.851 1597.851 1597.869 1598.147 1598.424 1598.702 1598.979 1599.213 1599.411 1599.609 1599.807 1600.0 1600.0 1600.0 1600.0 1600.0 1599.857 1599.577 1599.297 1599.017 1598.737 1594.993 1591.224 1587.455 1583.686 1577.118 1567.453 1557.788 1548.123 1538.458 1526.497 1514.433 1502.369 1490.305 1478.548 1467.181 1455.815 1444.448 1433.082 1426.054 1419.399 1412.744 1406.089 1403.444
1455.386 1469.52 1483.655 1497.627 1510.568 1523.51 1536.451 1549.392 1559.023 1566.613 1574.203 1581.793 1588.838 1591.011 1593.184 1595.357 1597.531 1598.437 1598.437 1598.437 1598.437 1598.45 1598.652 1598.854 1599.056 1599.257 1599.428 1599.572 1599.716 1599.86 1600.0 1600.0 1600.0 1600.0 1600.0 1599.752 1599.267 1598.782 1598.296 1597.811 1593.368 1588.896 1584.425 1579.953 1573.016 1563.351 1553.686 1544.021 1534.356 1522.886 1511.336 1499.786 1488.235 1476.836 1465.632 1454.428 1443.224 1432.02 1424.322 1416.927 1409.531 1402.136 1398.703
1463.957 1477.605 1491.254 1504.743 1517.231 1529.718 1542.205 1554.693 1563.776 1570.761 1577.745 1584.73 1591.19 1592.964 1594.737 1596.51 1598.283 1599.023 1599.023 1599.023 1599.023 1599.031 1599.158 1599.284 1599.41 1599.536 1599.642 1599.732 1599.822 1599.912 1600.0 1600.0 1600.0 1600.0 1600.0 1599.647 1598.957 1598.266 1597.575 1596.885 1591.743 1586.569 1581.394 1576.22 1568.914 1559.249 1549.584 1539.919 1530.254 1519.276 1508.239 1497.202 1486.164 1475.125 1464.083 1453.041 1441.999 1430.957 1422.591 1414.455 1406.319 1398.183 1393.961
1472.528 1485.69 1498.852 1511.86 1523.893 1535.927 1547.96 1559.993 1568.529 1574.908 1581.288 1587.668 1593.543 1594.916 1596.29 1597.663 1599.036 1599.609 1599.609 1599.609 1599.609 1599.613 1599.663 1599.714 1599.764 1599.814 1599.857 1599.893 1599.929 1599.965 1600.0 1600.0 1600.0 1600.0 1600.0 1599.542 1598.646 1597.75 1596.854 1595.958 1590.117 1584.241 1578.364 1572.487 1564.812 1555.147 1545.482 1535.817 1526.152 1515.665 1505.141 1494.618 1484.094 1473.414 1462.534 1451.654 1440.774 1429.894 1420.859 1411.983 1403.107 1394.23 1389.22
1478.319 1490.942 1503.565 1516.05 1527.662 1539.274 1550.886 1562.498 1570.69 1576.774 1582.858 1588.943 1594.535 1595.739 1596.943 1598.147 1599.351 1599.872 1599.905 1599.937 1599.97 1600.0 1600.0 1600.0 1600.0 1600.0 1600.0 1600.0 1600.0 1600.0 1599.999 1599.956 1599.912 1599.869 1599.826 1599.076 1597.651 1596.225 1594.8 1593.374 1586.758 1580.105 1573.452 1566.799 1558.764 1549.2 1539.635 1530.071 1520.507 1510.52 1500.513 1490.506 1480.499 1470.249 1459.688 1449.127 1438.566 1428.005 1418.559 1409.209 1399.859 1390.509 1384.746
1478.548 1490.529 1502.509 1514.39 1525.645 1536.901 1548.156 1559.411 1567.668 1574.076 1580.484 1586.893 1592.807 1594.302 1595.798 1597.294 1598.79 1599.49 1599.619 1599.749 1599.879 1600.0 1600.0 1600.0 1600.0 1600.0 1600.0 1600.0 1600.0 1600.0 1599.995 1599.822 1599.649 1599.476 1599.303 1597.889 1595.285 1592.681 1590.078 1587.474 1579.932 1572.355 1564.778 1557.2 1548.823 1539.562 1530.3 1521.039 1511.778 1502.304 1492.822 1483.339 1473.857 1464.179 1454.25 1444.321 1434.392 1424.463 1415.122 1405.832 1396.541 1387.25 1380.804
1478.778 1490.115 1501.453 1512.73 1523.628 1534.527 1545.426 1556.324 1564.645 1571.378 1578.11 1584.843 1591.078 1592.866 1594.653 1596.441 1598.229 1599.107 1599.334 1599.561 1599.788 1600.0 1600.0 1600.0 1600.0 1600.0 1600.0 1600.0 1600.0 1600.0 1599.991 1599.689 1599.386 1599.083 1598.781 1596.701 1592.919 1589.137 1585.355 1581.573 1573.106 1564.605 1556.103 1547.602 1538.883 1529.925 1520.966 1512.007 1503.048 1494.089 1485.131 1476.173 1467.215 1458.108 1448.811 1439.515 1430.218 1420.922 1411.685 1402.454 1393.223 1383.992 1376.863
1479.008 1489.702 1500.396 1511.07 1521.611 1532.153 1542.695 1553.237 1561.623 1568.68 1575.737 1582.794 1589.349 1591.429 1593.508 1595.588 1597.667 1598.724 1599.048 1599.372 1599.697 1600.0 1600.0 1600.0 1600.0 1600.0 1600.0 1600.0 1600.0 1600.0 1599.988 1599.555 1599.123 1598.691 1598.258 1595.513 1590.553 1585.593 1580.633 1575.673 1566.28 1556.854 1547.429 1538.003 1528.943 1520.287 1511.63 1502.974 1494.318 1485.874 1477.44 1469.006 1460.572 1452.037 1443.373 1434.709 1426.044 1417.38 1408.249 1399.077 1389.905 1380.733 1372.921
1479.238 1489.289 1499.34 1509.409 1519.594 1529.78 1539.965 1550.15 1558.6 1565.982 1573.363 1580.744 1587.621 1589.992 1592.363 1594.735 1597.106 1598.341 1598.763 1599.184 1599.606 1600.0 1600.0 1600.0 1600.0 1600.0 1600.0 1600.0 1600.0 1600.0 1599.984 1599.422 1598.86 1598.298 1597.736 1594.325 1588.187 1582.049 1575.911 1569.773 1559.453 1549.104 1538.754 1528.405 1519.003 1510.649 1502.296 1493.942 1485.588 1477.659 1469.749 1461.84 1453.93 1445.966 1437.934 1429.902 1421.87 1413.839 1404.812 1395.7 1386.587 1377.475 1368.98
1474.616 1484.117 1493.618 1503.135 1512.761 1522.386 1532.012 1541.637 1550.237 1558.205 1566.173 1574.14 1581.642 1584.982 1588.322 1591.661 1595.001 1596.86 1597.658 1598.456 1599.254 1600.0 1600.0 1600.0 1600.0 1600.0 1600.0 1600.0 1600.0 1600.0 1599.975 1599.093 1598.21 1597.328 1596.446 1592.211 1584.763 1577.316 1569.869 1562.421 1552.095 1541.747 1531.4 1521.052 1511.701 1503.451 1495.201 1486.952 1478.702 1471.064 1463.454 1455.845 1448.235 1440.565 1432.819 1425.072 1417.326 1409.579 1400.525 1391.358 1382.191 1373.024 1364.144
1468.646 1477.622 1486.599 1495.58 1504.589 1513.599 1522.608 1531.618 1540.391 1549.018 1557.644 1566.271 1574.482 1578.979 1583.475 1587.972 1592.468 1595.074 1596.325 1597.577 1598.829 1600.0 1600.0 1600.0 1600.0 1600.0 1600.0 1600.0 1600.0 1600.0 1599.964 1598.709 1597.454 1596.199 1594.944 1589.839 1581.046 1572.253 1563.46 1554.667 1544.588 1534.5 1524.412 1514.324 1505.132 1496.931 1488.729 1480.528 1472.327 1464.919 1457.547 1450.175 1442.803 1435.35 1427.793 1420.235 1412.678 1405.121 1396.001 1386.748 1377.495 1368.241 1359.059
1462.675 1471.128 1479.58 1488.025 1496.418 1504.811 1513.205 1521.598 1530.544 1539.83 1549.116 1558.403 1567.323 1572.976 1578.629 1584.281 1589.934 1593.287 1594.993 1596.699 1598.405 1600.0 1600.0 1600.0 1600.0 1600.0 1600.0 1600.0 1600.0 1600.0 1599.953 1598.325 1596.698 1595.07 1593.442 1587.467 1577.328 1567.19 1557.051 1546.912 1537.081 1527.253 1517.424 1507.595 1498.563 1490.41 1482.257 1474.105 1465.953 1458.774 1451.64 1444.506 1437.372 1430.135 1422.767 1415.398 1408.03 1400.662 1391.478 1382.138 1372.798 1363.458 1353.974
1456.705 1464.633 1472.562 1480.469 1488.246 1496.024 1503.801 1511.578 1520.697 1530.643 1540.588 1550.534 1560.164 1566.973 1573.782 1580.592 1587.401 1591.501 1593.661 1595.82 1597.98 1600.0 1600.0 1600.0 1600.0 1600.0 1600.0 1600.0 1600.0 1600.0 1599.942 1597.942 1595.941 1593.94 1591.94 1585.095 1573.61 1562.126 1550.642 1539.158 1529.575 1520.005 1510.436 1500.867 1491.993 1483.89 1475.786 1467.682 1459.578 1452.629 1445.733 1438.837 1431.94 1424.92 1417.741 1410.562 1403.383 1396.204 1386.955 1377.529 1368.102 1358.676 1348.89
