data/zism_data/01139_04_D.txt
ncols         224
nrows         224
[rows 56 to 83 of 224, columns 126 to 188 of 224]
1587.72 1583.935 1576.799 1569.663 1562.527 1555.391 1546.839 1537.735 1528.631 1519.527 1511.499 1507.738 1503.977 1500.216 1496.455 1494.32 1492.937 1491.555 1490.173 1488.829 1487.678 1486.528 1485.377 1484.227 1482.908 1481.499 1480.089 1478.68 1477.193 1475.191 1473.188 1471.186 1469.183 1466.97 1464.622 1462.274 1459.927 1457.472 1453.974 1450.477 1446.98 1443.483 1439.325 1434.679 1430.033 1425.387 1420.799 1417.164 1413.529 1409.894 1406.259 1404.044 1403.042 1402.04 1401.037 1400.07 1400.673 1401.277 1401.88 1402.484 1405.299 1410.294 1415.29
1584.779 1580.361 1572.571 1564.781 1556.992 1549.202 1540.622 1531.734 1522.846 1513.958 1506.257 1503.258 1500.259 1497.26 1494.26 1492.529 1491.384 1490.24 1489.095 1487.956 1486.843 1485.731 1484.618 1483.505 1482.246 1480.907 1479.567 1478.228 1476.829 1475.026 1473.224 1471.421 1469.619 1467.631 1465.527 1463.422 1461.318 1459.103 1455.822 1452.541 1449.26 1445.979 1442.022 1437.565 1433.108 1428.651 1424.214 1420.087 1415.96 1411.833 1407.706 1405.113 1403.83 1402.547 1401.263 1400.014 1400.288 1400.562 1400.835 1401.109 1403.546 1408.114 1412.683
1575.357 1570.332 1563.137 1555.943 1548.748 1541.554 1533.95 1526.187 1518.424 1510.661 1503.95 1501.413 1498.877 1496.34 1493.803 1492.299 1491.275 1490.25 1489.225 1488.226 1487.36 1486.494 1485.628 1484.763 1483.736 1482.621 1481.506 1480.392 1479.209 1477.571 1475.932 1474.293 1472.654 1470.74 1468.651 1466.563 1464.474 1462.27 1458.937 1455.604 1452.271 1448.939 1444.961 1440.507 1436.053 1431.599 1427.151 1422.805 1418.459 1414.113 1409.767 1406.867 1405.203 1403.539 1401.875 1400.249 1400.375 1400.501 1400.627 1400.753 1402.974 1407.261 1411.548
1564.706 1559.079 1552.716 1546.354 1539.992 1533.629 1527.192 1520.726 1514.26 1507.794 1502.201 1500.069 1497.938 1495.806 1493.675 1492.366 1491.438 1490.511 1489.583 1488.713 1488.134 1487.554 1486.975 1486.395 1485.634 1484.773 1483.912 1483.052 1482.111 1480.629 1479.146 1477.664 1476.182 1474.312 1472.197 1470.081 1467.966 1465.727 1462.292 1458.856 1455.421 1451.985 1447.945 1443.459 1438.972 1434.486 1429.998 1425.484 1420.971 1416.457 1411.944 1408.751 1406.687 1404.623 1402.559 1400.54 1400.552 1400.564 1400.577 1400.589 1402.626 1406.659 1410.692
1554.054 1547.825 1542.295 1536.765 1531.235 1525.705 1520.434 1515.265 1510.096 1504.927 1500.451 1498.725 1496.999 1495.272 1493.546 1492.432 1491.602 1490.772 1489.941 1489.2 1488.907 1488.614 1488.321 1488.028 1487.532 1486.925 1486.318 1485.712 1485.012 1483.687 1482.361 1481.036 1479.71 1477.885 1475.743 1473.6 1471.458 1469.185 1465.646 1462.108 1458.57 1455.032 1450.93 1446.411 1441.892 1437.373 1432.845 1428.164 1423.483 1418.802 1414.12 1410.635 1408.171 1405.707 1403.243 1400.83 1400.729 1400.628 1400.527 1400.426 1402.279 1406.058 1409.837
1543.402 1536.572 1531.874 1527.176 1522.478 1517.78 1513.676 1509.804 1505.932 1502.06 1498.701 1497.38 1496.06 1494.739 1493.418 1492.499 1491.766 1491.033 1490.3 1489.687 1489.68 1489.673 1489.667 1489.66 1489.43 1489.077 1488.724 1488.372 1487.914 1486.745 1485.576 1484.407 1483.239 1481.458 1479.288 1477.119 1474.949 1472.642 1469.001 1465.36 1461.72 1458.079 1453.914 1449.363 1444.812 1440.26 1435.692 1430.844 1425.995 1421.146 1416.297 1412.52 1409.656 1406.792 1403.927 1401.121 1400.906 1400.692 1400.477 1400.263 1401.931 1405.456 1408.981
1534.095 1526.974 1523.049 1519.124 1515.198 1511.273 1508.159 1505.362 1502.564 1499.766 1497.333 1496.346 1495.358 1494.371 1493.383 1492.651 1492.037 1491.423 1490.81 1490.335 1490.563 1490.791 1491.019 1491.247 1491.231 1491.083 1490.934 1490.785 1490.527 1489.527 1488.527 1487.528 1486.528 1484.828 1482.684 1480.539 1478.394 1476.103 1472.39 1468.678 1464.966 1461.254 1457.044 1452.466 1447.889 1443.312 1438.709 1433.685 1428.661 1423.637 1418.613 1414.529 1411.248 1407.966 1404.685 1401.468 1401.141 1400.815 1400.488 1400.162 1401.643 1404.906 1408.169
1528.08 1521.434 1518.136 1514.837 1511.539 1508.241 1505.684 1503.416 1501.148 1498.88 1496.901 1496.07 1495.24 1494.409 1493.578 1493.013 1492.573 1492.132 1491.691 1491.378 1491.714 1492.051 1492.387 1492.723 1492.798 1492.73 1492.662 1492.595 1492.432 1491.633 1490.833 1490.034 1489.234 1487.704 1485.711 1483.717 1481.724 1479.57 1475.863 1472.156 1468.45 1464.743 1460.529 1455.941 1451.353 1446.765 1442.14 1436.922 1431.703 1426.484 1421.266 1416.845 1413.104 1409.364 1405.623 1401.954 1401.519 1401.085 1400.65 1400.216 1401.502 1404.484 1407.466
1522.066 1515.894 1513.223 1510.551 1507.88 1505.208 1503.208 1501.47 1499.731 1497.993 1496.469 1495.795 1495.121 1494.447 1493.772 1493.376 1493.108 1492.84 1492.572 1492.422 1492.866 1493.31 1493.754 1494.199 1494.364 1494.377 1494.391 1494.404 1494.339 1493.739 1493.139 1492.54 1491.94 1490.58 1488.738 1486.896 1485.054 1483.038 1479.336 1475.635 1471.934 1468.232 1464.014 1459.415 1454.817 1450.217 1445.572 1440.159 1434.745 1429.332 1423.919 1419.16 1414.961 1410.761 1406.561 1402.44 1401.897 1401.354 1400.812 1400.269 1401.36 1404.061 1406.762
1516.051 1510.354 1508.309 1506.265 1504.22 1502.176 1500.732 1499.524 1498.315 1497.106 1496.036 1495.519 1495.002 1494.484 1493.967 1493.738 1493.643 1493.548 1493.453 1493.465 1494.017 1494.57 1495.122 1495.674 1495.93 1496.025 1496.119 1496.214 1496.244 1495.845 1495.445 1495.045 1494.646 1493.456 1491.766 1490.075 1488.384 1486.505 1482.809 1479.113 1475.417 1471.722 1467.5 1462.89 1458.28 1453.67 1449.003 1443.396 1437.788 1432.18 1426.572 1421.476 1416.817 1412.158 1407.498 1402.926 1402.275 1401.624 1400.974 1400.323 1401.219 1403.639 1406.059
1510.037 1504.814 1503.396 1501.978 1500.561 1499.143 1498.257 1497.577 1496.898 1496.219 1495.604 1495.243 1494.883 1494.522 1494.161 1494.101 1494.178 1494.256 1494.334 1494.508 1495.169 1495.829 1496.49 1497.15 1497.496 1497.672 1497.848 1498.023 1498.15 1497.951 1497.751 1497.551 1497.351 1496.332 1494.793 1493.253 1491.714 1489.973 1486.282 1482.592 1478.901 1475.211 1470.985 1466.364 1461.744 1457.123 1452.435 1446.632 1440.83 1435.028 1429.226 1423.792 1418.673 1413.555 1408.436 1403.411 1402.653 1401.894 1401.135 1400.377 1401.077 1403.216 1405.355
1507.313 1502.693 1501.559 1500.425 1499.29 1498.156 1497.494 1497.017 1496.54 1496.063 1495.628 1495.36 1495.092 1494.825 1494.557 1494.583 1494.746 1494.909 1495.072 1495.313 1495.95 1496.587 1497.223 1497.86 1498.199 1498.376 1498.552 1498.729 1498.867 1498.744 1498.62 1498.496 1498.373 1497.542 1496.261 1494.981 1493.701 1492.225 1488.86 1485.494 1482.128 1478.763 1474.657 1470.006 1465.355 1460.703 1455.961 1449.728 1443.496 1437.264 1431.031 1425.231 1419.801 1414.371 1408.941 1403.61 1402.807 1402.004 1401.201 1400.399 1400.956 1402.854 1404.752
1505.751 1501.78 1500.807 1499.835 1498.863 1497.891 1497.337 1496.946 1496.556 1496.165 1495.813 1495.615 1495.418 1495.22 1495.023 1495.109 1495.326 1495.542 1495.76 1496.034 1496.601 1497.167 1497.734 1498.3 1498.597 1498.746 1498.896 1499.046 1499.164 1499.073 1498.982 1498.891 1498.8 1498.163 1497.18 1496.197 1495.214 1494.048 1491.121 1488.193 1485.265 1482.337 1478.396 1473.706 1469.017 1464.328 1459.52 1452.775 1446.029 1439.283 1432.537 1426.361 1420.671 1414.982 1409.292 1403.707 1402.883 1402.058 1401.234 1400.409 1400.842 1402.512 1404.183
1504.189 1500.866 1500.056 1499.246 1498.436 1497.625 1497.179 1496.875 1496.571 1496.267 1495.998 1495.871 1495.744 1495.616 1495.489 1495.634 1495.905 1496.176 1496.447 1496.755 1497.251 1497.747 1498.244 1498.74 1498.994 1499.117 1499.24 1499.362 1499.462 1499.403 1499.344 1499.285 1499.227 1498.784 1498.098 1497.412 1496.726 1495.872 1493.382 1490.891 1488.401 1485.911 1482.134 1477.407 1472.68 1467.953 1463.08 1455.821 1448.562 1441.302 1434.043 1427.491 1421.542 1415.593 1409.644 1403.805 1402.958 1402.112 1401.266 1400.42 1400.727 1402.171 1403.615
1502.627 1499.952 1499.304 1498.656 1498.008 1497.36 1497.022 1496.804 1496.586 1496.369 1496.183 1496.126 1496.069 1496.012 1495.955 1496.159 1496.484 1496.809 1497.134 1497.476 1497.902 1498.328 1498.754 1499.18 1499.392 1499.487 1499.583 1499.679 1499.759 1499.732 1499.706 1499.68 1499.654 1499.406 1499.017 1498.628 1498.239 1497.695 1495.643 1493.59 1491.538 1489.486 1485.872 1481.107 1476.343 1471.578 1466.64 1458.867 1451.094 1443.322 1435.549 1428.62 1422.412 1416.203 1409.995 1403.902 1403.034 1402.166 1401.298 1400.431 1400.613 1401.83 1403.047
1501.241 1499.167 1498.661 1498.155 1497.648 1497.142 1496.897 1496.753 1496.61 1496.466 1496.353 1496.357 1496.361 1496.365 1496.369 1496.623 1496.993 1497.363 1497.733 1498.101 1498.461 1498.82 1499.18 1499.54 1499.714 1499.788 1499.862 1499.936 1500.0 1500.0 1500.0 1500.0 1500.0 1499.913 1499.772 1499.631 1499.489 1499.207 1497.555 1495.904 1494.253 1492.602 1489.136 1484.331 1479.526 1474.721 1469.719 1461.491 1453.262 1445.033 1436.804 1429.549 1423.127 1416.705 1410.283 1403.981 1403.095 1402.21 1401.325 1400.439 1400.508 1401.516 1402.525
1500.618 1498.936 1498.484 1498.031 1497.579 1497.127 1496.912 1496.791 1496.669 1496.547 1496.455 1496.48 1496.506 1496.532 1496.557 1496.822 1497.197 1497.573 1497.948 1498.313 1498.624 1498.935 1499.246 1499.557 1499.714 1499.788 1499.862 1499.936 1500.0 1500.0 1500.0 1500.0 1500.0 1499.933 1499.824 1499.715 1499.606 1499.376 1497.968 1496.56 1495.152 1493.744 1490.353 1485.5 1480.646 1475.793 1470.733 1462.293 1453.853 1445.414 1436.974 1429.614 1423.176 1416.737 1410.299 1403.981 1403.095 1402.21 1401.325 1400.439 1400.443 1401.321 1402.2
1499.995 1498.704 1498.306 1497.908 1497.51 1497.112 1496.928 1496.828 1496.727 1496.627 1496.557 1496.604 1496.651 1496.699 1496.746 1497.021 1497.402 1497.782 1498.163 1498.524 1498.787 1499.049 1499.312 1499.574 1499.714 1499.788 1499.862 1499.936 1500.0 1500.0 1500.0 1500.0 1500.0 1499.953 1499.877 1499.8 1499.723 1499.545 1498.38 1497.215 1496.051 1494.886 1491.57 1486.668 1481.766 1476.864 1471.746 1463.096 1454.445 1445.795 1437.144 1429.678 1423.224 1416.77 1410.315 1403.981 1403.095 1402.21 1401.325 1400.439 1400.377 1401.126 1401.875
1499.371 1498.473 1498.129 1497.785 1497.441 1497.097 1496.943 1496.865 1496.786 1496.708 1496.659 1496.728 1496.797 1496.865 1496.934 1497.22 1497.606 1497.992 1498.378 1498.736 1498.95 1499.164 1499.377 1499.591 1499.714 1499.788 1499.862 1499.936 1500.0 1500.0 1500.0 1500.0 1500.0 1499.973 1499.929 1499.885 1499.84 1499.714 1498.793 1497.871 1496.949 1496.028 1492.787 1487.837 1482.886 1477.935 1472.76 1463.898 1455.037 1446.176 1437.315 1429.743 1423.272 1416.802 1410.331 1403.981 1403.095 1402.21 1401.325 1400.439 1400.312 1400.931 1401.551
1498.748 1498.242 1497.952 1497.662 1497.371 1497.081 1496.959 1496.902 1496.845 1496.788 1496.761 1496.851 1496.942 1497.032 1497.123 1497.419 1497.811 1498.202 1498.594 1498.948 1499.113 1499.278 1499.443 1499.608 1499.714 1499.788 1499.862 1499.936 1500.0 1500.0 1500.0 1500.0 1500.0 1499.993 1499.981 1499.969 1499.958 1499.883 1499.205 1498.527 1497.848 1497.17 1494.005 1489.005 1484.006 1479.007 1473.773 1464.701 1455.629 1446.557 1437.485 1429.807 1423.321 1416.834 1410.347 1403.981 1403.095 1402.21 1401.325 1400.439 1400.247 1400.736 1401.226
1498.501 1498.165 1497.926 1497.686 1497.447 1497.207 1497.105 1497.056 1497.006 1496.957 1496.938 1497.04 1497.142 1497.244 1497.346 1497.623 1497.982 1498.341 1498.7 1499.024 1499.172 1499.319 1499.467 1499.615 1499.714 1499.788 1499.862 1499.936 1500.0 1500.0 1500.0 1500.0 1500.0 1500.0 1500.0 1500.0 1500.0 1499.946 1499.366 1498.786 1498.206 1497.626 1494.492 1489.475 1484.458 1479.441 1474.186 1465.027 1455.869 1446.71 1437.551 1429.831 1423.338 1416.845 1410.352 1403.981 1403.095 1402.21 1401.325 1400.439 1400.223 1400.666 1401.108
1498.468 1498.177 1497.986 1497.795 1497.604 1497.413 1497.324 1497.275 1497.226 1497.177 1497.159 1497.266 1497.374 1497.481 1497.588 1497.831 1498.135 1498.441 1498.745 1499.024 1499.172 1499.319 1499.467 1499.615 1499.714 1499.788 1499.862 1499.936 1500.0 1500.0 1500.0 1500.0 1500.0 1500.0 1500.0 1500.0 1500.0 1499.947 1499.384 1498.82 1498.256 1497.692 1494.566 1489.549 1484.532 1479.515 1474.258 1465.084 1455.909 1446.734 1437.559 1429.831 1423.338 1416.845 1410.352 1403.981 1403.095 1402.21 1401.325 1400.439 1400.223 1400.666 1401.108
1498.435 1498.188 1498.046 1497.904 1497.762 1497.62 1497.544 1497.495 1497.446 1497.397 1497.38 1497.493 1497.605 1497.718 1497.831 1498.038 1498.289 1498.54 1498.791 1499.024 1499.172 1499.319 1499.467 1499.615 1499.714 1499.788 1499.862 1499.936 1500.0 1500.0 1500.0 1500.0 1500.0 1500.0 1500.0 1500.0 1500.0 1499.949 1499.401 1498.854 1498.306 1497.759 1494.639 1489.622 1484.605 1479.588 1474.331 1465.14 1455.949 1446.757 1437.566 1429.831 1423.338 1416.845 1410.352 1403.981 1403.095 1402.21 1401.325 1400.439 1400.223 1400.666 1401.108
1498.402 1498.2 1498.106 1498.013 1497.919 1497.826 1497.764 1497.715 1497.666 1497.616 1497.601 1497.719 1497.837 1497.955 1498.073 1498.245 1498.442 1498.639 1498.836 1499.024 1499.172 1499.319 1499.467 1499.615 1499.714 1499.788 1499.862 1499.936 1500.0 1500.0 1500.0 1500.0 1500.0 1500.0 1500.0 1500.0 1500.0 1499.95 1499.419 1498.888 1498.356 1497.825 1494.712 1489.695 1484.678 1479.661 1474.403 1465.196 1455.988 1446.781 1437.574 1429.831 1423.338 1416.845 1410.352 1403.981 1403.095 1402.21 1401.325 1400.439 1400.223 1400.666 1401.108
1498.38 1498.219 1498.173 1498.126 1498.079 1498.032 1497.984 1497.936 1497.888 1497.84 1497.826 1497.951 1498.076 1498.201 1498.326 1498.464 1498.609 1498.754 1498.898 1499.043 1499.188 1499.333 1499.477 1499.622 1499.72 1499.792 1499.865 1499.937 1500.0 1500.0 1500.0 1500.0 1500.0 1500.0 1500.0 1500.0 1500.0 1499.952 1499.435 1498.919 1498.402 1497.886 1494.779 1489.762 1484.745 1479.728 1474.469 1465.247 1456.025 1446.803 1437.581 1429.831 1423.338 1416.845 1410.352 1403.981 1403.095 1402.21 1401.325 1400.439 1400.223 1400.666 1401.108
1498.469 1498.324 1498.304 1498.284 1498.264 1498.244 1498.212 1498.174 1498.137 1498.1 1498.099 1498.246 1498.392 1498.539 1498.685 1498.808 1498.921 1499.033 1499.145 1499.257 1499.37 1499.482 1499.594 1499.707 1499.783 1499.839 1499.895 1499.951 1500.0 1500.0 1500.0 1500.0 1500.0 1500.0 1500.0 1500.0 1500.0 1499.952 1499.435 1498.919 1498.402 1497.886 1494.779 1489.762 1484.745 1479.728 1474.469 1465.247 1456.025 1446.803 1437.581 1429.831 1423.338 1416.845 1410.352 1403.981 1403.095 1402.21 1401.325 1400.439 1400.223 1400.666 1401.108
1498.559 1498.428 1498.435 1498.442 1498.449 1498.457 1498.439 1498.413 1498.386 1498.359 1498.372 1498.54 1498.708 1498.876 1499.044 1499.152 1499.232 1499.312 1499.392 1499.472 1499.552 1499.632 1499.711 1499.791 1499.845 1499.885 1499.925 1499.965 1500.0 1500.0 1500.0 1500.0 1500.0 1500.0 1500.0 1500.0 1500.0 1499.952 1499.435 1498.919 1498.402 1497.886 1494.779 1489.762 1484.745 1479.728 1474.469 1465.247 1456.025 1446.803 1437.581 1429.831 1423.338 1416.845 1410.352 1403.981 1403.095 1402.21 1401.325 1400.439 1400.223 1400.666 1401.108
1498.648 1498.532 1498.566 1498.6 1498.635 1498.669 1498.667 1498.651 1498.635 1498.62 1498.645 1498.835 1499.024 1499.214 1499.404 1499.496 1499.544 1499.591 1499.639 1499.686 1499.734 1499.781 1499.829 1499.876 1499.908 1499.932 1499.956 1499.979 1500.0 1500.0 1500.0 1500.0 1500.0 1500.0 1500.0 1500.0 1500.0 1499.952 1499.435 1498.919 1498.402 1497.886 1494.779 1489.762 1484.745 1479.728 1474.469 1465.247 1456.025 1446.803 1437.581 1429.831 1423.338 1416.845 1410.352 1403.981 1403.095 1402.21 1401.325 1400.439 1400.223 1400.666 1401.108
