data/zism_data/01130_02_D.txt
ncols         224
nrows         224
[rows 0 to 27 of 224, columns 63 to 125 of 224]
1100.08 1100.076 1100.073 1100.069 1100.065 1103.133 1108.096 1113.06 1118.023 1123.088 1132.677 1142.266 1151.855 1161.444 1168.82 1173.206 1177.592 1181.978 1186.364 1187.358 1187.651 1187.944 1188.237 1188.678 1189.61 1190.542 1191.474 1192.405 1193.338 1194.27 1195.202 1196.134 1197.052 1197.625 1198.198 1198.771 1199.345 1199.281 1198.414 1197.547 1196.681 1195.814 1193.179 1190.221 1187.264 1184.306 1181.634 1179.823 1178.012 1176.201 1174.39 1175.454 1178.047 1180.64 1183.233 1185.843 1188.735 1191.627 1194.519 1197.411 1199.379 1200.259 1201.14
1100.089 1100.068 1100.048 1100.028 1100.008 1102.69 1107.04 1111.391 1115.741 1120.174 1128.317 1136.461 1144.604 1152.748 1158.956 1162.547 1166.138 1169.729 1173.32 1174.486 1175.151 1175.816 1176.481 1177.503 1179.708 1181.912 1184.116 1186.321 1188.422 1190.464 1192.506 1194.548 1196.538 1197.235 1197.931 1198.628 1199.325 1199.364 1198.575 1197.786 1196.997 1196.208 1193.391 1190.205 1187.019 1183.833 1180.782 1178.138 1175.494 1172.851 1170.207 1171.085 1173.837 1176.59 1179.342 1182.147 1185.828 1189.509 1193.19 1196.871 1199.258 1200.123 1200.988
1100.182 1100.141 1100.099 1100.057 1100.016 1102.265 1105.926 1109.588 1113.25 1116.976 1123.615 1130.253 1136.892 1143.53 1148.532 1151.323 1154.114 1156.904 1159.695 1161.051 1162.111 1163.171 1164.231 1165.865 1169.398 1172.931 1176.464 1179.998 1183.319 1186.52 1189.72 1192.92 1196.028 1196.847 1197.667 1198.486 1199.305 1199.451 1198.747 1198.043 1197.34 1196.636 1193.643 1190.233 1186.823 1183.412 1179.975 1176.456 1172.937 1169.418 1165.899 1166.57 1169.472 1172.374 1175.276 1178.268 1182.771 1187.274 1191.777 1196.28 1199.108 1199.968 1200.828
1100.276 1100.213 1100.15 1100.087 1100.024 1101.839 1104.812 1107.785 1110.758 1113.779 1118.912 1124.046 1129.179 1134.312 1138.109 1140.099 1142.089 1144.079 1146.069 1147.615 1149.07 1150.525 1151.98 1154.226 1159.088 1163.95 1168.812 1173.674 1178.216 1182.575 1186.933 1191.292 1195.517 1196.459 1197.402 1198.344 1199.286 1199.538 1198.919 1198.301 1197.683 1197.064 1193.895 1190.261 1186.626 1182.992 1179.168 1174.774 1170.379 1165.985 1161.59 1162.056 1165.107 1168.159 1171.21 1174.389 1179.714 1185.039 1190.363 1195.688 1198.959 1199.813 1200.668
1100.369 1100.285 1100.201 1100.116 1100.032 1101.413 1103.698 1105.982 1108.267 1110.581 1114.209 1117.838 1121.466 1125.094 1127.686 1128.875 1130.064 1131.254 1132.443 1134.18 1136.029 1137.879 1139.729 1142.586 1148.778 1154.969 1161.16 1167.351 1173.114 1178.63 1184.147 1189.664 1195.007 1196.072 1197.137 1198.202 1199.267 1199.625 1199.092 1198.559 1198.026 1197.493 1194.147 1190.289 1186.43 1182.572 1178.361 1173.092 1167.822 1162.552 1157.282 1157.541 1160.742 1163.943 1167.144 1170.51 1176.657 1182.803 1188.95 1195.097 1198.809 1199.658 1200.507
1101.192 1100.927 1100.662 1100.397 1100.132 1101.085 1102.789 1104.492 1106.196 1107.918 1110.418 1112.918 1115.418 1117.918 1119.678 1120.436 1121.195 1121.954 1122.713 1124.986 1127.572 1130.157 1132.743 1136.336 1143.259 1150.183 1157.106 1164.03 1170.44 1176.556 1182.673 1188.789 1194.711 1195.849 1196.988 1198.126 1199.265 1199.684 1199.199 1198.713 1198.227 1197.741 1194.219 1190.143 1186.067 1181.991 1177.402 1171.269 1165.135 1159.001 1152.867 1152.697 1155.699 1158.702 1161.704 1164.933 1171.962 1178.991 1186.021 1193.05 1197.36 1198.473 1199.586
1103.019 1102.354 1101.689 1101.024 1100.358 1100.891 1102.162 1103.434 1104.705 1105.99 1107.882 1109.774 1111.665 1113.557 1115.001 1115.84 1116.679 1117.518 1118.357 1121.643 1125.435 1129.227 1133.019 1137.517 1144.349 1151.182 1158.015 1164.848 1171.116 1177.062 1183.007 1188.953 1194.711 1195.855 1196.999 1198.142 1199.286 1199.707 1199.215 1198.724 1198.233 1197.742 1194.043 1189.759 1185.475 1181.191 1176.234 1169.252 1162.269 1155.287 1148.304 1147.396 1149.721 1152.046 1154.37 1157.013 1165.009 1173.004 1180.999 1188.995 1194.119 1195.867 1197.615
1104.847 1103.781 1102.716 1101.65 1100.585 1100.697 1101.536 1102.375 1103.215 1104.063 1105.347 1106.63 1107.913 1109.196 1110.324 1111.243 1112.162 1113.081 1114.0 1118.3 1123.298 1128.296 1133.295 1138.698 1145.44 1152.182 1158.924 1165.666 1171.793 1177.568 1183.342 1189.117 1194.712 1195.861 1197.01 1198.159 1199.308 1199.729 1199.232 1198.736 1198.24 1197.743 1193.867 1189.375 1184.882 1180.39 1175.066 1167.234 1159.403 1151.572 1143.741 1142.096 1143.743 1145.39 1147.037 1149.094 1158.055 1167.017 1175.978 1184.939 1190.878 1193.261 1195.644
1106.675 1105.209 1103.743 1102.277 1100.811 1100.503 1100.91 1101.317 1101.724 1102.136 1102.811 1103.486 1104.16 1104.835 1105.647 1106.647 1107.646 1108.645 1109.644 1114.957 1121.161 1127.366 1133.571 1139.879 1146.53 1153.181 1159.833 1166.484 1172.469 1178.073 1183.677 1189.281 1194.712 1195.866 1197.02 1198.175 1199.329 1199.751 1199.249 1198.747 1198.246 1197.744 1193.691 1188.99 1184.29 1179.59 1173.897 1165.217 1156.538 1147.858 1139.178 1136.796 1137.765 1138.734 1139.703 1141.174 1151.102 1161.029 1170.957 1180.884 1187.637 1190.655 1193.674
1108.502 1106.636 1104.77 1102.904 1101.037 1100.31 1100.284 1100.259 1100.233 1100.209 1100.276 1100.342 1100.408 1100.474 1100.971 1102.05 1103.129 1104.208 1105.287 1111.614 1119.025 1126.435 1133.846 1141.06 1147.62 1154.181 1160.741 1167.302 1173.146 1178.579 1184.012 1189.445 1194.712 1195.872 1197.031 1198.191 1199.351 1199.773 1199.266 1198.759 1198.252 1197.745 1193.515 1188.606 1183.698 1178.789 1172.729 1163.2 1153.672 1144.143 1134.615 1131.495 1131.787 1132.078 1132.369 1133.255 1144.149 1155.042 1165.936 1176.829 1184.396 1188.049 1191.703
1108.677 1106.758 1104.838 1102.919 1101.0 1100.232 1100.173 1100.115 1100.057 1100.0 1100.0 1100.0 1100.0 1100.0 1100.645 1102.161 1103.677 1105.193 1106.708 1114.105 1122.718 1131.33 1139.942 1147.966 1154.041 1160.116 1166.191 1172.266 1177.361 1181.896 1186.431 1190.965 1195.362 1196.38 1197.397 1198.415 1199.433 1199.769 1199.247 1198.725 1198.203 1197.682 1193.189 1187.972 1182.755 1177.539 1171.166 1161.312 1151.459 1141.605 1131.751 1128.433 1128.594 1128.754 1128.914 1129.655 1140.159 1150.663 1161.167 1171.67 1179.338 1183.669 1188.001
1108.65 1106.72 1104.79 1102.86 1100.931 1100.168 1100.126 1100.083 1100.041 1100.0 1100.0 1100.0 1100.0 1100.0 1100.849 1102.845 1104.842 1106.838 1108.834 1117.308 1127.122 1136.935 1146.748 1155.57 1161.111 1166.652 1172.193 1177.735 1182.009 1185.556 1189.103 1192.65 1196.092 1196.95 1197.807 1198.664 1199.522 1199.762 1199.224 1198.686 1198.148 1197.61 1192.844 1187.307 1181.77 1176.234 1169.556 1159.44 1149.325 1139.209 1129.094 1125.644 1125.74 1125.836 1125.933 1126.582 1136.531 1146.479 1156.428 1166.377 1174.058 1179.073 1184.088
1108.623 1106.682 1104.742 1102.802 1100.861 1100.104 1100.078 1100.052 1100.026 1100.0 1100.0 1100.0 1100.0 1100.0 1101.053 1103.53 1106.006 1108.483 1110.96 1120.511 1131.526 1142.539 1153.553 1163.173 1168.181 1173.188 1178.196 1183.204 1186.655 1189.215 1191.775 1194.335 1196.822 1197.519 1198.217 1198.914 1199.611 1199.755 1199.201 1198.647 1198.093 1197.539 1192.5 1186.643 1180.786 1174.928 1167.945 1157.568 1147.191 1136.814 1126.437 1122.854 1122.887 1122.919 1122.951 1123.509 1132.902 1142.296 1151.69 1161.083 1168.779 1174.477 1180.174
1108.596 1106.645 1104.694 1102.743 1100.792 1100.041 1100.03 1100.02 1100.01 1100.0 1100.0 1100.0 1100.0 1100.0 1101.258 1104.214 1107.172 1110.129 1113.085 1123.714 1135.929 1148.144 1160.359 1170.777 1175.251 1179.725 1184.199 1188.673 1191.302 1192.875 1194.447 1196.02 1197.552 1198.089 1198.626 1199.163 1199.7 1199.748 1199.178 1198.608 1198.038 1197.468 1192.155 1185.978 1179.801 1173.623 1166.334 1155.696 1145.057 1134.419 1123.78 1120.065 1120.033 1120.001 1119.97 1120.436 1129.274 1138.113 1146.951 1155.79 1163.499 1169.88 1176.261
1109.831 1107.66 1105.49 1103.319 1101.148 1100.279 1100.214 1100.148 1100.082 1100.019 1100.055 1100.092 1100.129 1100.166 1101.703 1105.268 1108.833 1112.398 1115.963 1127.233 1140.095 1152.958 1165.821 1176.629 1180.643 1184.657 1188.67 1192.684 1194.698 1195.565 1196.432 1197.3 1198.149 1198.555 1198.961 1199.367 1199.774 1199.667 1198.915 1198.163 1197.411 1196.658 1190.78 1183.967 1177.154 1170.341 1162.63 1152.211 1141.793 1131.375 1120.956 1117.507 1117.768 1118.028 1118.288 1119.001 1127.341 1135.68 1144.02 1152.359 1159.941 1166.632 1173.323
1113.286 1110.529 1107.771 1105.013 1102.255 1101.05 1100.803 1100.556 1100.309 1100.07 1100.208 1100.346 1100.484 1100.622 1102.572 1106.97 1111.367 1115.765 1120.162 1131.305 1143.842 1156.379 1168.917 1179.398 1183.081 1186.764 1190.447 1194.129 1195.89 1196.55 1197.209 1197.868 1198.514 1198.84 1199.166 1199.492 1199.818 1199.457 1198.23 1197.003 1195.775 1194.548 1187.59 1179.587 1171.584 1163.581 1155.242 1145.891 1136.54 1127.189 1117.838 1115.359 1116.537 1117.715 1118.893 1120.451 1128.39 1136.329 1144.269 1152.208 1159.414 1165.758 1172.102
1116.742 1113.397 1110.052 1106.707 1103.363 1101.821 1101.392 1100.964 1100.535 1100.121 1100.361 1100.6 1100.84 1101.079 1103.441 1108.672 1113.902 1119.132 1124.362 1135.378 1147.589 1159.801 1172.012 1182.167 1185.519 1188.871 1192.223 1195.575 1197.083 1197.534 1197.985 1198.436 1198.879 1199.125 1199.371 1199.617 1199.863 1199.247 1197.545 1195.843 1194.14 1192.438 1184.4 1175.207 1166.013 1156.82 1147.854 1139.57 1131.287 1123.003 1114.719 1113.21 1115.307 1117.403 1119.499 1121.9 1129.439 1136.978 1144.517 1152.056 1158.886 1164.884 1170.881
1120.197 1116.265 1112.333 1108.402 1104.47 1102.592 1101.982 1101.372 1100.762 1100.172 1100.513 1100.854 1101.195 1101.536 1104.311 1110.373 1116.436 1122.499 1128.562 1139.45 1151.336 1163.222 1175.108 1184.937 1187.957 1190.978 1193.999 1197.02 1198.275 1198.518 1198.761 1199.004 1199.244 1199.41 1199.576 1199.742 1199.907 1199.037 1196.86 1194.682 1192.505 1190.328 1181.21 1170.826 1160.443 1150.059 1140.466 1133.249 1126.033 1118.817 1111.601 1111.062 1114.076 1117.09 1120.104 1123.35 1130.488 1137.627 1144.766 1151.904 1158.359 1164.009 1169.659
1123.653 1119.134 1114.615 1110.096 1105.577 1103.363 1102.571 1101.78 1100.988 1100.224 1100.666 1101.108 1101.551 1101.993 1105.18 1112.075 1118.971 1125.866 1132.761 1143.523 1155.083 1166.644 1178.204 1187.706 1190.396 1193.086 1195.776 1198.465 1199.468 1199.503 1199.537 1199.572 1199.609 1199.694 1199.78 1199.866 1199.952 1198.827 1196.174 1193.522 1190.87 1188.218 1178.02 1166.446 1154.872 1143.299 1133.077 1126.929 1120.78 1114.631 1108.483 1108.913 1112.846 1116.778 1120.71 1124.799 1131.538 1138.276 1145.014 1151.753 1157.832 1163.135 1168.438
1133.855 1128.273 1122.691 1117.109 1111.527 1108.256 1106.411 1104.567 1102.722 1100.924 1101.232 1101.54 1101.848 1102.156 1105.228 1112.036 1118.843 1125.65 1132.457 1142.93 1154.161 1165.391 1176.622 1185.945 1188.963 1191.98 1194.998 1198.015 1199.199 1199.333 1199.466 1199.6 1199.73 1199.789 1199.849 1199.908 1199.967 1198.37 1194.687 1191.004 1187.321 1183.638 1172.925 1160.93 1148.936 1136.942 1126.694 1121.706 1116.718 1111.73 1106.742 1107.717 1111.864 1116.012 1120.159 1124.491 1131.932 1139.373 1146.814 1154.256 1160.596 1165.641 1170.686
1145.407 1138.667 1131.927 1125.187 1118.446 1113.974 1110.902 1107.829 1104.757 1101.754 1101.881 1102.007 1102.134 1102.26 1105.112 1111.648 1118.183 1124.718 1131.253 1141.405 1152.304 1163.204 1174.103 1183.28 1186.756 1190.232 1193.709 1197.185 1198.639 1198.932 1199.226 1199.519 1199.803 1199.846 1199.89 1199.933 1199.976 1197.865 1193.04 1188.214 1183.389 1178.563 1167.448 1155.187 1142.926 1130.665 1120.51 1116.702 1112.894 1109.086 1105.278 1106.711 1110.933 1115.155 1119.377 1123.832 1132.196 1140.561 1148.925 1157.29 1164.018 1168.823 1173.629
1156.959 1149.061 1141.162 1133.264 1125.365 1119.692 1115.392 1111.092 1106.792 1102.585 1102.53 1102.475 1102.42 1102.365 1104.997 1111.26 1117.522 1123.785 1130.048 1139.879 1150.448 1161.016 1171.585 1180.614 1184.549 1188.485 1192.42 1196.355 1198.078 1198.532 1198.985 1199.439 1199.876 1199.903 1199.931 1199.958 1199.985 1197.36 1191.392 1185.424 1179.457 1173.489 1161.972 1149.444 1136.916 1124.388 1114.327 1111.699 1109.07 1106.442 1103.813 1105.704 1110.001 1114.298 1118.595 1123.172 1132.46 1141.748 1151.036 1160.323 1167.441 1172.006 1176.571
1168.511 1159.454 1150.398 1141.341 1132.284 1125.41 1119.882 1114.355 1108.827 1103.415 1103.178 1102.942 1102.706 1102.469 1104.881 1110.872 1116.862 1122.853 1128.844 1138.354 1148.591 1158.829 1169.067 1177.948 1182.342 1186.737 1191.131 1195.526 1197.517 1198.131 1198.745 1199.359 1199.949 1199.96 1199.972 1199.983 1199.994 1196.854 1189.745 1182.635 1175.525 1168.415 1156.496 1143.701 1130.906 1118.111 1108.144 1106.695 1105.246 1103.797 1102.348 1104.698 1109.07 1113.442 1117.813 1122.512 1132.724 1142.935 1153.146 1163.357 1170.864 1175.188 1179.513
1178.462 1168.756 1159.049 1149.343 1139.636 1131.766 1125.029 1118.291 1111.554 1104.95 1104.344 1103.738 1103.131 1102.525 1104.496 1109.952 1115.407 1120.862 1126.318 1135.368 1145.161 1154.954 1164.747 1173.433 1178.459 1183.484 1188.51 1193.536 1195.989 1196.968 1197.946 1198.925 1199.865 1199.855 1199.846 1199.836 1199.826 1196.268 1188.237 1180.205 1172.174 1164.143 1152.016 1139.143 1126.269 1113.396 1103.607 1103.108 1102.61 1102.111 1101.613 1104.537 1109.282 1114.027 1118.772 1123.856 1134.633 1145.411 1156.188 1166.965 1174.619 1178.6 1182.58
1184.755 1175.561 1166.367 1157.172 1147.978 1139.581 1131.674 1123.768 1115.862 1108.098 1106.691 1105.284 1103.877 1102.47 1103.498 1107.816 1112.135 1116.453 1120.772 1129.043 1138.132 1147.22 1156.308 1164.692 1170.742 1176.793 1182.843 1188.893 1192.25 1194.061 1195.872 1197.683 1199.422 1199.381 1199.339 1199.297 1199.255 1195.495 1187.047 1178.6 1170.152 1161.705 1149.812 1137.291 1124.769 1112.248 1102.83 1102.759 1102.687 1102.615 1102.544 1106.306 1112.108 1117.91 1123.712 1129.779 1140.306 1150.832 1161.358 1171.885 1179.136 1182.534 1185.933
1191.047 1182.365 1173.683 1165.002 1156.32 1147.395 1138.32 1129.245 1120.17 1111.245 1109.037 1106.83 1104.622 1102.415 1102.499 1105.681 1108.863 1112.044 1115.226 1122.719 1131.103 1139.487 1147.871 1155.951 1163.026 1170.101 1177.176 1184.251 1188.51 1191.154 1193.798 1196.442 1198.979 1198.906 1198.832 1198.758 1198.684 1194.722 1185.858 1176.994 1168.13 1159.267 1147.607 1135.438 1123.269 1111.1 1102.053 1102.409 1102.764 1103.12 1103.475 1108.075 1114.934 1121.793 1128.651 1135.702 1145.977 1156.253 1166.529 1176.804 1183.652 1186.469 1189.286
1197.339 1189.17 1181.001 1172.831 1164.662 1155.21 1144.966 1134.722 1124.478 1114.392 1111.384 1108.376 1105.368 1102.36 1101.5 1103.545 1105.59 1107.635 1109.68 1116.394 1124.074 1131.753 1139.433 1147.21 1155.309 1163.409 1171.509 1179.609 1184.77 1188.247 1191.723 1195.2 1198.537 1198.431 1198.325 1198.219 1198.113 1193.949 1184.669 1175.389 1166.109 1156.829 1145.403 1133.586 1121.77 1109.953 1101.277 1102.059 1102.841 1103.624 1104.406 1109.844 1117.76 1125.676 1133.591 1141.625 1151.65 1161.674 1171.699 1181.724 1188.169 1190.404 1192.639
1203.632 1195.975 1188.318 1180.661 1173.004 1163.024 1151.612 1140.199 1128.786 1117.539 1113.731 1109.922 1106.113 1102.305 1100.502 1101.41 1102.318 1103.226 1104.134 1110.07 1117.045 1124.02 1130.995 1138.468 1147.593 1156.718 1165.842 1174.967 1181.031 1185.34 1189.649 1193.958 1198.094 1197.956 1197.818 1197.68 1197.542 1193.176 1183.48 1173.783 1164.087 1154.39 1143.198 1131.734 1120.27 1108.805 1100.5 1101.709 1102.919 1104.128 1105.338 1111.614 1120.586 1129.558 1138.531 1147.548 1157.322 1167.095 1176.869 1186.643 1192.685 1194.339 1195.992
