data/zism_data/01131_04_D.txt
ncols         224
nrows         224
[rows 84 to 111 of 224, columns 126 to 188 of 224]
310.7819 307.7454 304.7088 301.6723 300.7927 302.557 304.3213 306.0856 307.8499 314.7025 322.0395 329.3768 336.7137 346.4468 360.1416 373.8368 387.5316 401.2268 414.4174 427.5127 440.6077 453.703 463.9791 467.8121 471.6453 475.4783 479.3115 481.6824 483.6119 485.5414 487.4709 491.5321 502.655 513.7774 524.9003 536.0227 545.5745 554.4395 563.3041 572.1691 580.0303 582.6006 585.1709 587.7413 590.3115 591.6246 592.1776 592.7305 593.2834 593.2402 586.9384 580.6366 574.3346 568.0328 558.763 547.0724 535.3815 523.6909 512.1036 507.5576 503.0115 498.4655 493.9194
311.441 308.3027 305.1643 302.026 301.5133 304.2192 306.9251 309.631 312.3368 321.0057 330.2423 339.4792 348.7158 360.3491 375.9452 391.5417 407.1377 422.7343 436.5932 450.123 463.6524 477.1823 487.5745 490.7962 494.0179 497.2396 500.4613 501.4879 501.852 502.216 502.58 505.3325 515.9973 526.6618 537.3267 547.9911 556.9037 565.0502 573.1964 581.3428 588.4438 590.0331 591.6223 593.2116 594.8008 595.0219 594.4156 593.8094 593.2031 591.9801 584.2819 576.5838 568.8854 561.1872 551.1474 539.1979 527.2479 515.2985 503.4744 500.2089 496.9432 493.6777 490.412
311.3545 308.4271 305.4996 302.5722 302.8731 307.131 311.389 315.647 319.9049 330.7531 342.2287 353.7047 365.1804 378.6146 395.2867 411.9594 428.6316 445.3043 458.8938 471.8991 484.904 497.9093 507.6798 510.0577 512.4357 514.8137 517.1917 517.1794 516.4456 515.7119 514.978 516.7155 526.6394 536.563 546.4869 556.4105 564.285 571.2632 578.2413 585.2195 591.2419 592.2255 593.209 594.1927 595.1762 594.532 592.9037 591.2753 589.647 587.4136 578.8285 570.2434 561.658 553.0729 542.9086 531.4567 520.0043 508.5523 497.2311 494.82 492.4088 489.9977 487.5865
311.2679 308.5515 305.8349 303.1184 304.2328 310.0428 315.853 321.663 327.4729 340.5005 354.2152 367.9303 381.6449 396.88 414.6283 432.3772 450.1255 467.8744 481.1944 493.6752 506.1555 518.6362 527.785 529.3193 530.8536 532.3878 533.9221 532.871 531.0393 529.2077 527.376 528.0984 537.2815 546.4642 555.6472 564.8299 571.6663 577.4763 583.2861 589.0961 594.04 594.418 594.7958 595.1737 595.5516 594.0422 591.3918 588.7413 586.0908 582.847 573.375 563.903 554.4307 544.9586 534.6699 523.7155 512.7606 501.8062 490.9877 489.4311 487.8744 486.3177 484.761
311.1814 308.6758 306.1702 303.6647 305.5926 312.9547 320.317 327.679 335.0411 350.2481 366.2018 382.156 398.1097 415.1457 433.9702 452.7953 471.6197 490.4448 503.4955 515.4516 527.4073 539.3635 547.8906 548.5812 549.2717 549.9622 550.6528 548.5628 545.6332 542.7038 539.7743 539.4816 547.9237 556.3655 564.8076 573.2494 579.0477 583.6895 588.3311 592.9728 596.8383 596.6104 596.3826 596.1548 595.927 593.5524 589.8798 586.2072 582.5346 578.2804 567.9214 557.5625 547.2031 536.8442 526.431 515.9741 505.5169 495.06 484.7442 484.0421 483.3399 482.6377 481.9355
311.0948 308.8002 306.5055 304.2109 306.9523 315.8665 324.7809 333.695 342.6092 359.9955 378.1882 396.3816 414.5742 433.4112 453.3117 473.213 493.1135 513.0148 525.7961 537.2277 548.6589 560.0905 567.9958 567.8427 567.6895 567.5364 567.3832 564.2543 560.2269 556.1997 552.1723 550.8646 558.5658 566.2667 573.9679 581.6688 586.4289 589.9025 593.3759 596.8495 599.6364 598.8029 597.9694 597.1359 596.3024 593.0626 588.3679 583.6731 578.9785 573.7139 562.468 551.2221 539.9758 528.7299 518.1922 508.2329 498.2732 488.3139 478.5009 478.6532 478.8055 478.9577 479.11
310.0625 308.8746 307.6868 306.4989 310.5628 321.0639 331.5654 342.0665 352.5676 370.8866 389.9496 409.0133 428.0763 447.3116 466.8302 486.3494 505.8679 525.3871 537.0934 547.3185 557.5433 567.7684 574.6839 574.0355 573.387 572.7385 572.09 568.9128 564.9721 561.0315 557.0908 555.671 562.6013 569.5315 576.4619 583.392 587.4476 590.2457 593.0437 595.8418 597.8525 595.7115 593.5706 591.4295 589.2886 584.8074 578.9115 573.0153 567.1194 560.7808 549.7977 538.8146 527.8311 516.848 507.2943 498.9076 490.5205 482.1338 473.8879 475.2381 476.5883 477.9384 479.2886
308.9483 308.9448 308.9412 308.9377 314.3683 326.4593 338.5508 350.6418 362.7328 381.8766 401.6913 421.5068 441.3216 460.8338 479.844 498.8548 517.865 536.8758 547.4374 556.397 565.3563 574.316 580.2096 579.096 577.9824 576.8688 575.7552 572.6155 568.8641 565.1128 561.3613 559.9075 566.0645 572.2214 578.3784 584.5352 587.9153 590.0806 592.2458 594.4111 595.6718 592.1625 588.6533 585.144 581.6349 575.8798 568.7671 561.6541 554.5414 547.1232 536.5025 525.8817 515.2606 504.6399 496.1664 489.4453 482.7239 476.0027 469.4162 471.994 474.5719 477.1496 479.7275
307.834 309.0149 310.1957 311.3765 318.1737 331.8547 345.5361 359.2171 372.8981 392.8665 413.433 434.0002 454.5668 474.356 492.8578 511.3603 529.8621 548.3646 557.7813 565.4755 573.1694 580.8636 585.7354 584.1566 582.5779 580.9992 579.4205 576.3183 572.7561 569.194 565.6318 564.144 569.5277 574.9112 580.2949 585.6784 588.3829 589.9154 591.4478 592.9803 593.491 588.6135 583.7361 578.8586 573.9813 566.9523 558.6227 550.2928 541.9633 533.4657 523.2073 512.9489 502.6902 492.4318 485.0385 479.9829 474.9272 469.8718 464.9446 468.7499 472.5555 476.3608 480.1664
306.7198 309.085 311.4502 313.8154 321.9792 337.2502 352.5216 367.7926 383.0635 403.8566 425.1749 446.4939 467.8122 487.8784 505.8719 523.8659 541.8594 559.8535 568.1255 574.5541 580.9826 587.4113 591.2611 589.2173 587.1735 585.1296 583.0858 580.0211 576.6482 573.2754 569.9024 568.3807 572.991 577.6011 582.2114 586.8216 588.8505 589.7502 590.6499 591.5496 591.3102 585.0644 578.8188 572.573 566.3275 558.0245 548.4781 538.9315 529.3851 519.8079 509.9119 500.0159 490.1195 480.2235 473.9103 470.5204 467.1305 463.7406 460.4728 465.5058 470.539 475.572 480.6052
306.7462 310.372 313.9978 317.6236 327.0619 343.6245 360.1876 376.7501 393.3127 414.3673 435.849 457.3315 478.8131 498.6883 515.9047 533.1216 550.3379 567.5548 574.657 579.8413 585.0254 590.2097 593.084 590.6788 588.2734 585.8682 583.463 580.7931 578.0433 575.2936 572.5438 571.3827 575.4841 579.5854 583.687 587.7883 589.0646 589.105 589.1454 589.1859 587.998 580.3331 572.6685 565.0036 557.339 547.8855 537.3508 526.8158 516.2811 505.8394 496.3777 486.916 477.454 467.9923 462.7275 460.887 459.0463 457.2057 455.4813 461.6509 467.8208 473.9904 480.1603
308.5472 313.5521 318.5571 323.562 334.1317 351.5217 368.9124 386.3024 403.6924 424.1326 444.8625 465.5931 486.323 505.2792 521.3004 537.322 553.343 569.3647 575.2579 579.2307 583.2033 587.1761 589.1467 586.5414 583.9359 581.3306 578.7252 577.006 575.5543 574.1025 572.6508 572.4642 576.4683 580.4723 584.4764 588.4804 588.8843 587.7131 586.542 585.3708 582.9257 573.7626 564.5999 555.4368 546.2741 535.8617 524.6942 513.5264 502.3589 491.387 482.4716 473.5562 464.6404 455.725 451.4593 450.987 450.5147 450.0425 449.6809 456.8457 464.0108 471.1756 478.3406
310.3481 316.7321 323.1163 329.5003 341.2013 359.4189 377.637 395.8545 414.0721 433.8977 453.8759 473.8547 493.8328 511.8701 526.6959 541.5223 556.3481 571.1745 575.8589 578.6201 581.3813 584.1425 585.2095 582.4041 579.5985 576.7931 573.9875 573.2189 573.0652 572.9116 572.7579 573.5457 577.4525 581.3591 585.2659 589.1725 588.704 586.3212 583.9385 581.5557 577.8534 567.1922 556.5314 545.8702 535.2094 523.8381 512.0378 500.2372 488.437 476.9348 468.5657 460.1965 451.8271 443.458 440.1912 441.0872 441.9833 442.8793 443.8807 452.0406 460.2008 468.3607 476.5209
312.149 319.9121 327.6755 335.4387 348.271 367.316 386.3616 405.4066 424.4517 443.6629 462.8892 482.1162 501.3425 518.4609 532.0915 545.7226 559.3532 572.9843 576.4598 578.0095 579.5593 581.109 581.2723 578.2667 575.261 572.2555 569.2499 569.4319 570.5762 571.7206 572.8649 574.6272 578.4366 582.2459 586.0554 589.8647 588.5237 584.9293 581.3351 577.7407 572.7812 560.6218 548.4629 536.3035 524.1447 511.8145 499.3815 486.9481 474.5151 462.4826 454.6598 446.8369 439.0138 431.1909 428.9232 431.1875 433.4519 435.7162 438.0805 447.2355 456.3909 465.5459 474.7013
313.9499 323.0922 332.2348 341.3771 355.3407 375.2133 395.0864 414.959 434.8315 453.4282 471.9027 490.3779 508.8524 525.0519 537.4872 549.923 562.3583 574.7941 577.0607 577.399 577.7372 578.0754 577.335 574.1293 570.9236 567.7179 564.5121 565.6448 568.0872 570.5295 572.972 575.7087 579.4208 583.1328 586.8448 590.5568 588.3434 583.5374 578.7316 573.9257 567.7089 554.0513 540.3943 526.7368 513.0797 499.7907 486.7249 473.6587 460.5929 448.0302 440.7536 433.477 426.2002 418.9236 417.6549 421.2875 424.9203 428.5529 432.2802 442.4303 452.5808 462.731 472.8816
318.099 328.6203 339.142 349.6633 364.425 384.3835 404.3427 424.3011 444.2596 461.3768 478.2228 495.0694 511.9154 526.3948 536.9587 547.5231 558.0872 568.6516 569.7231 568.9944 568.2658 567.5372 566.2379 563.6343 561.0306 558.4269 555.8232 558.3109 562.3358 566.3605 570.3854 574.3788 578.2687 582.1584 586.0483 589.938 587.134 581.4009 575.6682 569.9352 562.7539 547.9341 533.1148 518.295 503.4757 489.8514 476.9503 464.0488 451.1477 438.8271 432.6051 426.3831 420.1609 413.9389 412.9164 416.1358 419.3553 422.5747 425.887 435.5026 445.1186 454.7342 464.3501
322.623 334.5234 346.4241 358.3245 373.8312 393.7572 413.6839 433.6099 453.5359 469.0356 484.113 499.191 514.2684 526.8998 535.4844 544.0695 552.6541 561.2391 561.1177 559.3453 557.5729 555.8005 553.9974 552.1239 550.2504 548.3769 546.5033 550.4107 556.0634 561.7159 567.3686 572.6638 576.7754 580.8869 584.9985 589.11 585.7601 579.1456 572.5312 565.9166 557.8176 541.8892 525.9612 510.0327 494.1048 480.2447 467.6357 455.0262 442.4171 430.4619 425.3757 420.2894 415.203 410.1167 409.2203 411.742 414.2639 416.7856 419.399 428.2358 437.073 445.9098 454.7469
327.147 340.4264 353.7062 366.9856 383.2371 403.1307 423.025 442.9185 462.8121 476.6942 490.0031 503.3125 516.6215 527.4048 534.0102 540.6158 547.2212 553.8268 552.5126 549.6964 546.8803 544.0641 541.7571 540.6137 539.4703 538.327 537.1836 542.5106 549.7911 557.0714 564.3519 570.9488 575.2822 579.6154 583.9488 588.282 584.3864 576.8902 569.3943 561.8982 552.8814 535.8443 518.8077 501.7706 484.7341 470.6382 458.3212 446.0037 433.6867 422.0969 418.1464 414.1959 410.2452 406.2946 405.5243 407.3484 409.1725 410.9966 412.9112 420.9692 429.0276 437.0856 445.144
331.671 346.3293 360.9882 375.6466 392.6431 412.5042 432.366 452.2272 472.0883 484.3528 495.8932 507.4341 518.9745 527.9098 532.5359 537.1622 541.7883 546.4145 543.9074 540.0475 536.1876 532.3276 529.5168 529.1036 528.6903 528.2771 527.8638 534.6104 543.5188 552.4268 561.3352 569.2338 573.7889 578.3439 582.899 587.454 583.0126 574.6348 566.2574 557.8797 547.9452 529.7994 511.6543 493.5085 475.3633 461.0317 449.0067 436.9813 424.9563 413.7319 410.9171 408.1023 405.2874 402.4726 401.8283 402.9547 404.0812 405.2076 406.4233 413.7026 420.9821 428.2614 435.5409
337.6819 353.7013 369.7213 385.7407 403.3441 422.888 442.4326 461.9764 481.5203 492.0733 501.7695 511.4659 521.1621 528.2097 530.8763 533.543 536.2096 538.8763 535.3143 530.571 525.8278 521.0845 517.7618 517.6857 517.6096 517.5335 517.4574 525.1462 535.1794 545.2123 555.2456 564.0965 569.032 573.9673 578.9028 583.8381 579.0786 570.0771 561.0759 552.0744 541.5139 522.7299 503.9466 485.1627 466.3794 452.223 440.865 429.5066 418.1485 407.6092 405.6688 403.7283 401.7878 399.8473 399.3069 399.9088 400.5106 401.1125 401.7969 408.0937 414.3907 420.6875 426.9845
346.6665 364.0108 381.3558 398.7001 416.6348 435.2918 453.9495 472.6065 491.2635 499.9172 507.6176 515.3184 523.0189 528.0993 528.8461 529.5929 530.3397 531.0865 526.7457 521.4399 516.1343 510.8286 506.978 506.453 505.928 505.4031 504.8781 512.5542 522.7065 532.8584 543.0107 552.1147 557.7479 563.3809 569.014 574.647 570.0245 560.9149 551.8055 542.6958 532.0927 513.6115 495.1311 476.65 458.1695 445.0102 435.0691 425.1276 415.1865 405.9714 404.3825 402.7936 401.2047 399.6158 399.135 399.5584 399.9818 400.4052 400.8936 405.8005 410.7076 415.6146 420.5217
355.6512 374.3205 392.9905 411.6598 429.9258 447.6959 465.4666 483.2367 501.0068 507.7612 513.4659 519.171 524.8757 527.989 526.8159 525.6428 524.4697 523.2966 518.1769 512.3087 506.4407 500.5725 496.194 495.2202 494.2463 493.2725 492.2986 499.962 510.2333 520.5042 530.7755 540.1328 546.4636 552.7942 559.125 565.4556 560.9702 551.7524 542.5349 533.3171 522.6712 504.493 486.3154 468.1371 449.9595 437.7974 429.2731 420.7486 412.2244 404.3336 403.0963 401.8589 400.6215 399.3842 398.9631 399.208 399.4529 399.6978 399.9902 403.5073 407.0245 410.5415 414.0587
364.6358 384.63 404.625 424.6193 443.2164 460.0997 476.9835 493.8667 510.75 515.605 519.3141 523.0234 526.7325 527.8786 524.7857 521.6927 518.5998 515.5068 509.6083 503.1777 496.7472 490.3165 485.4102 483.9875 482.5648 481.142 479.7193 487.3701 497.7603 508.1503 518.5406 528.151 535.1794 542.2077 549.2361 556.2644 551.9161 542.5901 533.2645 523.9385 513.25 495.3746 477.4998 459.6245 441.7497 430.5846 423.4773 416.3697 409.2623 402.6958 401.81 400.9242 400.0384 399.1526 398.7912 398.8577 398.9241 398.9905 399.0869 401.2141 403.3414 405.4686 407.5959
373.6204 394.9396 416.2595 437.5787 456.5071 472.5035 488.5004 504.4968 520.4931 523.4489 525.1624 526.8759 528.5893 527.7682 522.7555 517.7426 512.7299 507.717 501.0397 494.0466 487.0537 480.0606 474.6264 472.7548 470.8832 469.0116 467.14 474.7781 485.2874 495.7963 506.3056 516.1692 523.8953 531.6212 539.3474 547.0732 542.862 533.4279 523.994 514.5599 503.8288 486.2562 468.6843 451.1117 433.5398 423.3719 417.6814 411.9908 406.3003 401.058 400.5238 399.9896 399.4553 398.9211 398.6193 398.5073 398.3953 398.2832 398.1835 398.9209 399.6583 400.3957 401.1331
383.2343 404.6344 426.0353 447.4354 466.2326 481.838 497.4438 513.0492 528.6545 530.2743 530.5619 530.8494 531.137 528.8874 522.442 515.9963 509.5508 503.1051 495.6462 487.9949 480.3438 472.6925 466.5566 463.8837 461.2108 458.5379 455.865 462.61 472.1986 481.7868 491.3754 500.4686 507.9223 515.3757 522.8294 530.2828 526.4915 517.7802 509.0692 500.3578 490.5252 474.7782 459.0317 443.2847 427.5382 418.8599 414.4559 410.0518 405.6478 401.593 401.2059 400.8187 400.4316 400.0444 399.7153 399.4335 399.1516 398.8698 398.5955 398.8303 399.0652 399.3001 399.535
393.0013 414.1796 435.3587 456.5371 475.0907 490.4257 505.7611 521.096 536.4309 536.8519 535.8522 534.8524 533.8527 530.3057 522.546 514.786 507.0263 499.2664 491.0251 482.6924 474.3599 466.0271 459.1472 455.5873 452.0273 448.4674 444.9075 450.5454 458.9603 467.3749 475.7899 483.8637 490.809 497.754 504.6993 511.6443 508.3417 500.5553 492.7691 484.9827 476.2776 462.7264 449.1757 435.6245 422.0738 415.0049 411.8557 408.7064 405.5571 402.6565 402.3667 402.0769 401.7871 401.4974 401.1196 400.6701 400.2206 399.7711 399.3274 399.2756 399.2238 399.172 399.1202
402.7683 423.7249 444.6823 465.6389 483.949 499.0135 514.0785 529.143 544.2075 543.4295 541.1425 538.8555 536.5685 531.7239 522.65 513.5757 504.5018 495.4275 486.404 477.3897 468.3758 459.3615 451.7376 447.2907 442.8437 438.3968 433.9498 438.4806 445.7218 452.9628 460.204 467.2585 473.6954 480.132 486.5689 493.0055 490.1916 483.3301 476.4688 469.6074 462.0298 450.6745 439.3196 427.9643 416.6094 411.1499 409.2555 407.3609 405.4665 403.72 403.5276 403.3352 403.1428 402.9503 402.524 401.9068 401.2896 400.6724 400.0593 399.7209 399.3824 399.044 398.7055
412.5352 433.2701 454.0057 474.7406 492.8071 507.6012 522.3958 537.1898 551.9839 550.0071 546.4329 542.8585 539.2842 533.1422 522.754 512.3655 501.9773 491.5888 481.783 472.0872 462.3918 452.6961 444.3281 438.9943 433.6602 428.3263 422.9922 426.4159 432.4835 438.5509 444.6185 450.6536 456.5821 462.5103 468.4388 474.367 472.0417 466.1052 460.1688 454.2323 447.7822 438.6227 429.4636 420.3041 411.145 407.295 406.6552 406.0155 405.3759 404.7835 404.6884 404.5934 404.4983 404.4033 403.9283 403.1435 402.3586 401.5737 400.7912 400.1661 399.541 398.9159 398.2908
