data/zism_data/01138_04_D.txt
ncols         224
nrows         224
[rows 0 to 29 of 224, columns 0 to 66 of 224]
1381.526 1381.32 1381.114 1381.0 1381.0 1381.0 1381.0 1381.0 1381.0 1381.0 1381.0 1381.0 1380.984 1380.938 1380.893 1380.847 1380.801 1380.655 1380.484 1380.314 1380.143 1380.013 1380.01 1380.007 1380.004 1380.001 1380.0 1380.0 1380.0 1380.0 1380.011 1380.087 1380.164 1380.24 1380.316 1380.432 1380.576 1380.719 1380.863 1381.0 1381.0 1381.0 1381.0 1381.0 1381.0 1381.0 1381.0 1381.0 1381.0 1381.0 1381.0 1381.0 1381.0 1381.054 1381.191 1381.328 1381.466 1381.603 1381.694 1381.777 1381.859 1381.942 1382.001 1382.006 1382.01 1382.015 1382.02
1381.561 1381.341 1381.121 1381.0 1381.0 1381.0 1381.0 1381.0 1381.0 1381.0 1381.0 1381.0 1380.974 1380.898 1380.823 1380.747 1380.671 1380.541 1380.397 1380.253 1380.109 1380.0 1380.0 1380.0 1380.0 1380.0 1380.0 1380.0 1380.0 1380.0 1380.009 1380.071 1380.133 1380.194 1380.256 1380.375 1380.533 1380.691 1380.849 1381.0 1381.0 1381.0 1381.0 1381.0 1381.0 1381.0 1381.0 1381.0 1381.0 1381.0 1381.0 1381.0 1381.0 1381.062 1381.22 1381.378 1381.536 1381.694 1381.771 1381.833 1381.894 1381.956 1382.0 1382.0 1382.0 1382.0 1382.0
1381.561 1381.341 1381.121 1381.0 1381.0 1381.0 1381.0 1381.0 1381.0 1381.0 1381.0 1381.0 1380.961 1380.848 1380.735 1380.622 1380.509 1380.401 1380.294 1380.187 1380.08 1380.0 1380.0 1380.0 1380.0 1380.0 1380.0 1380.0 1380.0 1380.0 1380.007 1380.052 1380.098 1380.144 1380.19 1380.312 1380.486 1380.66 1380.834 1381.0 1381.0 1381.0 1381.0 1381.0 1381.0 1381.0 1381.0 1381.0 1381.0 1381.0 1381.0 1381.0 1381.0 1381.068 1381.242 1381.416 1381.59 1381.764 1381.83 1381.876 1381.922 1381.968 1382.0 1382.0 1382.0 1382.0 1382.0
1381.561 1381.341 1381.121 1381.0 1381.0 1381.0 1381.0 1381.0 1381.0 1381.0 1381.0 1381.0 1380.948 1380.797 1380.647 1380.496 1380.346 1380.26 1380.191 1380.122 1380.052 1380.0 1380.0 1380.0 1380.0 1380.0 1380.0 1380.0 1380.0 1380.0 1380.004 1380.034 1380.064 1380.094 1380.123 1380.248 1380.438 1380.628 1380.818 1381.0 1381.0 1381.0 1381.0 1381.0 1381.0 1381.0 1381.0 1381.0 1381.0 1381.0 1381.0 1381.0 1381.0 1381.074 1381.264 1381.454 1381.644 1381.834 1381.89 1381.919 1381.949 1381.979 1382.0 1382.0 1382.0 1382.0 1382.0
1381.561 1381.341 1381.121 1381.0 1381.0 1381.0 1381.0 1381.0 1381.0 1381.0 1381.0 1381.0 1380.935 1380.747 1380.559 1380.371 1380.183 1380.12 1380.088 1380.056 1380.024 1380.0 1380.0 1380.0 1380.0 1380.0 1380.0 1380.0 1380.0 1380.0 1380.002 1380.016 1380.029 1380.043 1380.057 1380.185 1380.391 1380.597 1380.803 1381.0 1381.0 1381.0 1381.0 1381.0 1381.0 1381.0 1381.0 1381.0 1381.0 1381.0 1381.0 1381.0 1381.0 1381.081 1381.287 1381.493 1381.699 1381.905 1381.949 1381.963 1381.977 1381.99 1382.0 1382.0 1382.0 1382.0 1382.0
1381.549 1381.333 1381.118 1381.0 1381.0 1381.0 1381.0 1381.0 1380.994 1380.987 1380.98 1380.973 1380.894 1380.681 1380.469 1380.256 1380.043 1380.0 1380.0 1380.0 1380.0 1380.0 1380.0 1380.0 1380.0 1380.0 1380.0 1380.0 1380.0 1380.0 1380.0 1380.0 1380.0 1380.0 1380.0 1380.128 1380.343 1380.558 1380.773 1380.979 1380.984 1380.988 1380.993 1380.998 1381.0 1381.0 1381.0 1381.0 1381.0 1381.0 1381.0 1381.0 1381.0 1381.086 1381.306 1381.526 1381.745 1381.965 1382.0 1382.0 1382.0 1382.0 1382.0 1382.0 1382.0 1382.0 1382.0
1381.467 1381.284 1381.101 1381.0 1381.0 1381.0 1381.0 1381.0 1380.95 1380.895 1380.84 1380.785 1380.692 1380.527 1380.363 1380.198 1380.033 1380.0 1380.0 1380.0 1380.0 1380.0 1380.0 1380.0 1380.0 1380.0 1380.0 1380.0 1380.0 1380.0 1380.0 1380.0 1380.0 1380.0 1380.0 1380.109 1380.292 1380.475 1380.658 1380.834 1380.871 1380.908 1380.945 1380.981 1381.0 1381.0 1381.0 1381.0 1381.0 1381.0 1381.0 1381.0 1381.0 1381.086 1381.306 1381.526 1381.745 1381.965 1382.0 1382.0 1382.0 1382.0 1382.0 1382.0 1382.0 1382.0 1382.0
1381.385 1381.234 1381.083 1381.0 1381.0 1381.0 1381.0 1381.0 1380.907 1380.804 1380.701 1380.598 1380.49 1380.373 1380.257 1380.14 1380.024 1380.0 1380.0 1380.0 1380.0 1380.0 1380.0 1380.0 1380.0 1380.0 1380.0 1380.0 1380.0 1380.0 1380.0 1380.0 1380.0 1380.0 1380.0 1380.09 1380.241 1380.392 1380.542 1380.69 1380.759 1380.828 1380.896 1380.965 1381.0 1381.0 1381.0 1381.0 1381.0 1381.0 1381.0 1381.0 1381.0 1381.086 1381.306 1381.526 1381.745 1381.965 1382.0 1382.0 1382.0 1382.0 1382.0 1382.0 1382.0 1382.0 1382.0
1381.303 1381.184 1381.065 1381.0 1381.0 1381.0 1381.0 1381.0 1380.864 1380.713 1380.562 1380.41 1380.288 1380.219 1380.151 1380.082 1380.014 1380.0 1380.0 1380.0 1380.0 1380.0 1380.0 1380.0 1380.0 1380.0 1380.0 1380.0 1380.0 1380.0 1380.0 1380.0 1380.0 1380.0 1380.0 1380.071 1380.189 1380.308 1380.427 1380.545 1380.646 1380.747 1380.848 1380.949 1381.0 1381.0 1381.0 1381.0 1381.0 1381.0 1381.0 1381.0 1381.0 1381.086 1381.306 1381.526 1381.745 1381.965 1382.0 1382.0 1382.0 1382.0 1382.0 1382.0 1382.0 1382.0 1382.0
1381.221 1381.135 1381.048 1381.0 1381.0 1381.0 1381.0 1381.0 1380.821 1380.621 1380.422 1380.223 1380.086 1380.065 1380.045 1380.025 1380.004 1380.0 1380.0 1380.0 1380.0 1380.0 1380.0 1380.0 1380.0 1380.0 1380.0 1380.0 1380.0 1380.0 1380.0 1380.0 1380.0 1380.0 1380.0 1380.052 1380.138 1380.225 1380.312 1380.401 1380.534 1380.667 1380.8 1380.933 1381.0 1381.0 1381.0 1381.0 1381.0 1381.0 1381.0 1381.0 1381.0 1381.086 1381.306 1381.526 1381.745 1381.965 1382.0 1382.0 1382.0 1382.0 1382.0 1382.0 1382.0 1382.0 1382.0
1381.163 1381.099 1381.035 1380.993 1380.978 1380.962 1380.947 1380.931 1380.746 1380.542 1380.338 1380.133 1379.997 1379.988 1379.978 1379.969 1379.96 1379.953 1379.947 1379.941 1379.935 1379.927 1379.915 1379.902 1379.89 1379.878 1379.891 1379.916 1379.94 1379.965 1379.986 1379.99 1379.993 1379.996 1379.999 1380.038 1380.102 1380.166 1380.23 1380.298 1380.454 1380.609 1380.765 1380.921 1381.0 1381.0 1381.0 1381.0 1381.0 1381.009 1381.018 1381.027 1381.036 1381.124 1381.335 1381.545 1381.756 1381.966 1382.0 1382.0 1382.0 1382.0 1382.0 1382.0 1382.0 1382.0 1382.0
1381.122 1381.074 1381.026 1380.981 1380.939 1380.897 1380.855 1380.813 1380.649 1380.471 1380.293 1380.116 1379.991 1379.966 1379.941 1379.915 1379.89 1379.872 1379.855 1379.838 1379.821 1379.8 1379.766 1379.733 1379.699 1379.665 1379.702 1379.769 1379.837 1379.904 1379.963 1379.971 1379.98 1379.988 1379.997 1380.028 1380.076 1380.124 1380.172 1380.226 1380.397 1380.569 1380.741 1380.913 1381.0 1381.0 1381.0 1381.0 1381.0 1381.024 1381.049 1381.074 1381.1 1381.191 1381.386 1381.58 1381.775 1381.969 1382.0 1382.0 1382.0 1382.0 1382.0 1382.0 1382.0 1382.0 1382.0
1381.081 1381.05 1381.018 1380.969 1380.9 1380.831 1380.763 1380.694 1380.551 1380.4 1380.249 1380.098 1379.986 1379.944 1379.903 1379.862 1379.82 1379.79 1379.763 1379.735 1379.708 1379.673 1379.618 1379.563 1379.508 1379.453 1379.513 1379.623 1379.733 1379.843 1379.939 1379.953 1379.967 1379.981 1379.994 1380.019 1380.051 1380.083 1380.115 1380.153 1380.341 1380.529 1380.717 1380.905 1381.0 1381.0 1381.0 1381.0 1381.0 1381.039 1381.08 1381.121 1381.163 1381.258 1381.436 1381.615 1381.793 1381.972 1382.0 1382.0 1382.0 1382.0 1382.0 1382.0 1382.0 1382.0 1382.0
1381.041 1381.025 1381.009 1380.957 1380.862 1380.766 1380.67 1380.575 1380.454 1380.329 1380.205 1380.081 1379.98 1379.923 1379.865 1379.808 1379.751 1379.709 1379.67 1379.632 1379.594 1379.546 1379.47 1379.393 1379.317 1379.24 1379.324 1379.477 1379.629 1379.782 1379.916 1379.935 1379.954 1379.973 1379.992 1380.009 1380.025 1380.041 1380.057 1380.081 1380.285 1380.489 1380.693 1380.897 1381.0 1381.0 1381.0 1381.0 1381.0 1381.054 1381.111 1381.169 1381.226 1381.324 1381.487 1381.649 1381.812 1381.974 1382.0 1382.0 1382.0 1382.0 1382.0 1382.0 1382.0 1382.0 1382.0
1380.999 1380.999 1380.999 1380.944 1380.822 1380.7 1380.578 1380.456 1380.355 1380.258 1380.16 1380.062 1379.973 1379.9 1379.827 1379.754 1379.681 1379.627 1379.578 1379.529 1379.48 1379.42 1379.322 1379.225 1379.127 1379.03 1379.136 1379.331 1379.526 1379.722 1379.892 1379.917 1379.941 1379.966 1379.99 1380.0 1380.0 1380.0 1380.0 1380.01 1380.229 1380.449 1380.669 1380.889 1381.0 1381.0 1381.0 1381.0 1381.0 1381.069 1381.143 1381.216 1381.29 1381.392 1381.538 1381.684 1381.83 1381.977 1382.0 1382.0 1382.0 1382.0 1382.0 1382.0 1382.0 1382.0 1382.0
1380.812 1380.828 1380.844 1380.796 1380.668 1380.541 1380.413 1380.286 1380.176 1380.067 1379.959 1379.85 1379.76 1379.703 1379.646 1379.588 1379.531 1379.489 1379.451 1379.413 1379.375 1379.328 1379.252 1379.175 1379.099 1379.023 1379.128 1379.313 1379.498 1379.682 1379.845 1379.88 1379.915 1379.951 1379.986 1380.0 1380.0 1380.0 1380.0 1380.01 1380.229 1380.449 1380.669 1380.889 1381.0 1381.0 1381.0 1381.0 1381.0 1381.099 1381.205 1381.31 1381.416 1381.525 1381.639 1381.753 1381.868 1381.982 1382.0 1382.0 1382.0 1382.0 1382.0 1382.0 1382.0 1382.0 1382.0
1380.625 1380.657 1380.689 1380.647 1380.515 1380.382 1380.249 1380.116 1379.996 1379.877 1379.757 1379.638 1379.546 1379.505 1379.464 1379.423 1379.382 1379.352 1379.325 1379.297 1379.27 1379.236 1379.181 1379.126 1379.071 1379.017 1379.121 1379.295 1379.469 1379.643 1379.798 1379.844 1379.89 1379.936 1379.981 1380.0 1380.0 1380.0 1380.0 1380.01 1380.229 1380.449 1380.669 1380.889 1381.0 1381.0 1381.0 1381.0 1381.0 1381.13 1381.267 1381.405 1381.542 1381.658 1381.74 1381.823 1381.905 1381.987 1382.0 1382.0 1382.0 1382.0 1382.0 1382.0 1382.0 1382.0 1382.0
1380.438 1380.486 1380.535 1380.499 1380.361 1380.223 1380.085 1379.947 1379.816 1379.686 1379.556 1379.427 1379.333 1379.308 1379.283 1379.258 1379.233 1379.215 1379.198 1379.181 1379.165 1379.144 1379.11 1379.077 1379.044 1379.01 1379.114 1379.277 1379.44 1379.603 1379.751 1379.807 1379.864 1379.921 1379.977 1380.0 1380.0 1380.0 1380.0 1380.01 1380.229 1380.449 1380.669 1380.889 1381.0 1381.0 1381.0 1381.0 1381.0 1381.16 1381.329 1381.499 1381.669 1381.792 1381.842 1381.892 1381.942 1381.992 1382.0 1382.0 1382.0 1382.0 1382.0 1382.0 1382.0 1382.0 1382.0
1380.251 1380.316 1380.38 1380.351 1380.207 1380.064 1379.92 1379.777 1379.636 1379.496 1379.355 1379.215 1379.12 1379.111 1379.102 1379.093 1379.084 1379.077 1379.071 1379.065 1379.059 1379.052 1379.04 1379.028 1379.016 1379.004 1379.106 1379.259 1379.411 1379.564 1379.704 1379.771 1379.838 1379.906 1379.973 1380.0 1380.0 1380.0 1380.0 1380.01 1380.229 1380.449 1380.669 1380.889 1381.0 1381.0 1381.0 1381.0 1381.0 1381.19 1381.392 1381.594 1381.795 1381.925 1381.943 1381.961 1381.979 1381.997 1382.0 1382.0 1382.0 1382.0 1382.0 1382.0 1382.0 1382.0 1382.0
1380.059 1380.121 1380.182 1380.156 1380.021 1379.886 1379.751 1379.616 1379.484 1379.351 1379.219 1379.086 1379.0 1379.0 1379.0 1379.0 1379.0 1379.0 1379.0 1379.0 1379.0 1379.0 1379.0 1379.0 1379.0 1379.0 1379.092 1379.225 1379.357 1379.49 1379.614 1379.692 1379.77 1379.848 1379.926 1379.963 1379.972 1379.982 1379.991 1380.009 1380.224 1380.439 1380.655 1380.87 1380.981 1380.986 1380.99 1380.995 1381.0 1381.194 1381.4 1381.605 1381.811 1381.94 1381.949 1381.958 1381.968 1381.977 1381.983 1381.987 1381.992 1381.997 1382.0 1382.0 1382.0 1382.0 1382.0
1379.86 1379.895 1379.93 1379.9 1379.792 1379.684 1379.576 1379.468 1379.367 1379.266 1379.166 1379.065 1379.0 1379.0 1379.0 1379.0 1379.0 1379.0 1379.0 1379.0 1379.0 1379.0 1379.0 1379.0 1379.0 1379.0 1379.07 1379.17 1379.271 1379.371 1379.47 1379.558 1379.647 1379.736 1379.824 1379.878 1379.909 1379.94 1379.971 1380.009 1380.213 1380.418 1380.622 1380.826 1380.938 1380.953 1380.968 1380.984 1380.999 1381.164 1381.337 1381.511 1381.684 1381.802 1381.833 1381.864 1381.894 1381.925 1381.943 1381.958 1381.974 1381.989 1382.0 1382.0 1382.0 1382.0 1382.0
1379.661 1379.669 1379.677 1379.645 1379.563 1379.482 1379.401 1379.319 1379.25 1379.181 1379.113 1379.045 1379.0 1379.0 1379.0 1379.0 1379.0 1379.0 1379.0 1379.0 1379.0 1379.0 1379.0 1379.0 1379.0 1379.0 1379.047 1379.116 1379.184 1379.253 1379.325 1379.425 1379.524 1379.623 1379.723 1379.794 1379.846 1379.898 1379.95 1380.008 1380.202 1380.396 1380.589 1380.783 1380.894 1380.92 1380.946 1380.972 1380.999 1381.133 1381.275 1381.417 1381.558 1381.665 1381.717 1381.769 1381.821 1381.873 1381.903 1381.929 1381.955 1381.981 1382.0 1382.0 1382.0 1382.0 1382.0
1379.461 1379.443 1379.424 1379.389 1379.335 1379.28 1379.225 1379.171 1379.132 1379.096 1379.06 1379.024 1379.0 1379.0 1379.0 1379.0 1379.0 1379.0 1379.0 1379.0 1379.0 1379.0 1379.0 1379.0 1379.0 1379.0 1379.025 1379.062 1379.098 1379.134 1379.181 1379.291 1379.401 1379.511 1379.621 1379.709 1379.783 1379.856 1379.93 1380.008 1380.191 1380.374 1380.557 1380.74 1380.851 1380.888 1380.924 1380.961 1380.998 1381.103 1381.213 1381.322 1381.432 1381.527 1381.601 1381.674 1381.748 1381.821 1381.864 1381.9 1381.937 1381.974 1382.0 1382.0 1382.0 1382.0 1382.0
1379.262 1379.217 1379.171 1379.134 1379.106 1379.078 1379.05 1379.022 1379.015 1379.011 1379.007 1379.003 1379.0 1379.0 1379.0 1379.0 1379.0 1379.0 1379.0 1379.0 1379.0 1379.0 1379.0 1379.0 1379.0 1379.0 1379.003 1379.007 1379.011 1379.016 1379.037 1379.157 1379.278 1379.399 1379.519 1379.625 1379.72 1379.814 1379.909 1380.007 1380.18 1380.352 1380.525 1380.697 1380.808 1380.855 1380.902 1380.95 1380.997 1381.073 1381.15 1381.228 1381.305 1381.39 1381.484 1381.579 1381.674 1381.769 1381.824 1381.871 1381.919 1381.966 1382.0 1382.0 1382.0 1382.0 1382.0
1379.191 1379.151 1379.112 1379.081 1379.061 1379.042 1379.022 1379.002 1378.988 1378.974 1378.96 1378.946 1378.93 1378.912 1378.893 1378.875 1378.856 1378.845 1378.835 1378.826 1378.817 1378.817 1378.845 1378.872 1378.9 1378.928 1378.946 1378.96 1378.974 1378.988 1379.014 1379.113 1379.212 1379.311 1379.41 1379.513 1379.62 1379.727 1379.834 1379.944 1380.125 1380.305 1380.485 1380.665 1380.783 1380.837 1380.89 1380.943 1380.997 1381.056 1381.115 1381.174 1381.234 1381.301 1381.38 1381.459 1381.538 1381.617 1381.671 1381.72 1381.769 1381.818 1381.862 1381.894 1381.927 1381.959 1381.992
1379.139 1379.11 1379.082 1379.059 1379.045 1379.03 1379.016 1379.001 1378.973 1378.943 1378.913 1378.883 1378.85 1378.81 1378.77 1378.73 1378.69 1378.666 1378.646 1378.626 1378.606 1378.606 1378.666 1378.726 1378.786 1378.845 1378.885 1378.915 1378.944 1378.974 1379.01 1379.083 1379.155 1379.227 1379.299 1379.398 1379.516 1379.634 1379.751 1379.872 1380.063 1380.254 1380.445 1380.635 1380.761 1380.82 1380.879 1380.938 1380.997 1381.041 1381.084 1381.127 1381.171 1381.22 1381.277 1381.335 1381.393 1381.451 1381.501 1381.55 1381.598 1381.647 1381.702 1381.772 1381.842 1381.912 1381.982
1379.088 1379.07 1379.051 1379.037 1379.028 1379.019 1379.01 1379.001 1378.959 1378.913 1378.867 1378.821 1378.769 1378.708 1378.647 1378.586 1378.524 1378.487 1378.457 1378.426 1378.395 1378.395 1378.487 1378.579 1378.671 1378.763 1378.823 1378.869 1378.915 1378.961 1379.007 1379.052 1379.097 1379.143 1379.188 1379.283 1379.411 1379.54 1379.668 1379.8 1380.001 1380.203 1380.404 1380.606 1380.74 1380.804 1380.868 1380.932 1380.996 1381.026 1381.053 1381.08 1381.107 1381.138 1381.175 1381.211 1381.247 1381.284 1381.331 1381.379 1381.428 1381.477 1381.543 1381.65 1381.757 1381.865 1381.972
1379.036 1379.029 1379.021 1379.015 1379.012 1379.008 1379.004 1379.0 1378.944 1378.882 1378.82 1378.758 1378.689 1378.606 1378.524 1378.441 1378.358 1378.309 1378.267 1378.226 1378.185 1378.184 1378.308 1378.432 1378.556 1378.68 1378.761 1378.823 1378.885 1378.947 1379.003 1379.021 1379.04 1379.059 1379.078 1379.168 1379.307 1379.446 1379.585 1379.727 1379.939 1380.152 1380.364 1380.576 1380.718 1380.787 1380.857 1380.927 1380.996 1381.011 1381.022 1381.033 1381.044 1381.057 1381.072 1381.087 1381.102 1381.117 1381.16 1381.209 1381.258 1381.307 1381.383 1381.528 1381.673 1381.818 1381.962
1379.0 1379.0 1379.0 1378.998 1378.993 1378.988 1378.983 1378.979 1378.908 1378.83 1378.752 1378.674 1378.591 1378.5 1378.409 1378.318 1378.226 1378.171 1378.126 1378.08 1378.034 1378.034 1378.171 1378.308 1378.444 1378.581 1378.681 1378.764 1378.846 1378.929 1379.0 1379.0 1379.0 1379.0 1379.0 1379.081 1379.218 1379.355 1379.492 1379.633 1379.862 1380.092 1380.321 1380.55 1380.703 1380.776 1380.849 1380.922 1380.996 1381.0 1381.0 1381.0 1381.0 1381.0 1381.0 1381.0 1381.0 1381.0 1381.038 1381.084 1381.13 1381.175 1381.258 1381.432 1381.606 1381.78 1381.955
1379.0 1379.0 1379.0 1378.991 1378.97 1378.949 1378.928 1378.907 1378.821 1378.727 1378.633 1378.538 1378.453 1378.383 1378.313 1378.243 1378.173 1378.131 1378.096 1378.061 1378.026 1378.026 1378.131 1378.236 1378.34 1378.445 1378.557 1378.672 1378.787 1378.902 1379.0 1379.0 1379.0 1379.0 1379.0 1379.062 1379.167 1379.272 1379.377 1379.489 1379.75 1380.011 1380.273 1380.534 1380.703 1380.776 1380.849 1380.922 1380.996 1381.0 1381.0 1381.0 1381.0 1381.0 1381.0 1381.0 1381.0 1381.0 1381.029 1381.064 1381.099 1381.134 1381.213 1381.397 1381.582 1381.767 1381.952
