data/zism_data/01133_01_D.txt
ncols         224
nrows         224
[rows 174 to 202 of 224, columns 0 to 64 of 224]
1242.567 1249.694 1256.821 1263.948 1271.075 1275.832 1280.035 1284.239 1288.442 1291.453 1289.725 1287.998 1286.27 1284.543 1281.357 1277.165 1272.973 1268.781 1264.589 1260.324 1256.057 1251.791 1247.524 1243.339 1239.292 1235.244 1231.196 1227.148 1224.814 1223.011 1221.208 1219.406 1217.771 1217.062 1216.354 1215.645 1214.936 1214.379 1213.95 1213.52 1213.09 1212.66 1211.957 1211.234 1210.511 1209.789 1208.901 1207.673 1206.444 1205.215 1203.986 1201.524 1198.572 1195.62 1192.668 1189.515 1184.666 1179.817 1174.968 1170.12 1165.118 1159.961 1154.805 1149.649 1144.492
1246.64 1253.872 1261.104 1268.336 1275.568 1279.884 1283.518 1287.152 1290.786 1293.352 1291.672 1289.993 1288.313 1286.634 1283.566 1279.539 1275.513 1271.487 1267.46 1263.293 1259.123 1254.953 1250.784 1246.628 1242.497 1238.366 1234.235 1230.104 1227.544 1225.472 1223.399 1221.326 1219.418 1218.415 1217.412 1216.409 1215.406 1214.679 1214.184 1213.689 1213.194 1212.699 1211.991 1211.267 1210.544 1209.821 1208.933 1207.704 1206.475 1205.245 1204.016 1201.576 1198.656 1195.735 1192.815 1189.702 1184.968 1180.235 1175.502 1170.769 1165.895 1160.879 1155.863 1150.847 1145.832
1250.652 1257.984 1265.317 1272.649 1279.982 1283.845 1286.898 1289.951 1293.004 1295.117 1293.496 1291.874 1290.253 1288.632 1285.69 1281.838 1277.986 1274.134 1270.282 1266.217 1262.147 1258.078 1254.009 1249.885 1245.669 1241.454 1237.238 1233.023 1230.233 1227.885 1225.538 1223.19 1221.005 1219.711 1218.418 1217.124 1215.83 1214.937 1214.378 1213.82 1213.261 1212.703 1211.991 1211.267 1210.544 1209.821 1208.933 1207.704 1206.475 1205.245 1204.016 1201.591 1198.692 1195.793 1192.894 1189.812 1185.194 1180.577 1175.96 1171.343 1166.602 1161.734 1156.866 1151.998 1147.13
1254.664 1262.097 1269.53 1276.963 1284.396 1287.807 1290.279 1292.75 1295.222 1296.882 1295.319 1293.756 1292.193 1290.629 1287.815 1284.137 1280.46 1276.782 1273.104 1269.141 1265.172 1261.203 1257.234 1253.141 1248.841 1244.541 1240.241 1235.941 1232.922 1230.299 1227.677 1225.055 1222.592 1221.008 1219.423 1217.839 1216.255 1215.194 1214.573 1213.951 1213.329 1212.707 1211.991 1211.267 1210.544 1209.821 1208.933 1207.704 1206.475 1205.245 1204.016 1201.606 1198.728 1195.85 1192.972 1189.921 1185.421 1180.92 1176.419 1171.918 1167.308 1162.589 1157.869 1153.149 1148.429
1258.676 1266.209 1273.743 1281.276 1288.809 1291.769 1293.659 1295.55 1297.44 1298.648 1297.143 1295.637 1294.132 1292.627 1289.94 1286.436 1282.933 1279.43 1275.926 1272.064 1268.196 1264.327 1260.459 1256.398 1252.013 1247.629 1243.244 1238.859 1235.61 1232.713 1229.816 1226.919 1224.179 1222.304 1220.429 1218.554 1216.679 1215.452 1214.767 1214.082 1213.397 1212.711 1211.991 1211.267 1210.544 1209.821 1208.933 1207.704 1206.475 1205.245 1204.016 1201.621 1198.765 1195.908 1193.051 1190.031 1185.647 1181.262 1176.877 1172.493 1168.015 1163.443 1158.871 1154.299 1149.727
1259.965 1267.819 1275.673 1283.528 1291.382 1294.124 1295.671 1297.217 1298.764 1299.728 1298.374 1297.02 1295.667 1294.313 1291.828 1288.563 1285.298 1282.032 1278.767 1274.891 1271.004 1267.117 1263.23 1259.076 1254.471 1249.866 1245.261 1240.656 1237.104 1233.88 1230.655 1227.43 1224.387 1222.347 1220.307 1218.266 1216.226 1214.937 1214.278 1213.618 1212.959 1212.299 1211.592 1210.881 1210.171 1209.461 1208.596 1207.411 1206.226 1205.041 1203.857 1201.504 1198.687 1195.87 1193.053 1190.078 1185.767 1181.456 1177.146 1172.835 1168.438 1163.955 1159.471 1154.988 1150.505
1257.193 1265.698 1274.202 1282.706 1291.21 1294.083 1295.641 1297.198 1298.756 1299.786 1298.723 1297.66 1296.597 1295.534 1293.365 1290.432 1287.5 1284.568 1281.635 1277.573 1273.491 1269.408 1265.326 1260.891 1255.863 1250.836 1245.808 1240.781 1236.818 1233.187 1229.555 1225.923 1222.54 1220.52 1218.501 1216.482 1214.463 1213.27 1212.769 1212.268 1211.767 1211.266 1210.599 1209.92 1209.241 1208.562 1207.755 1206.681 1205.607 1204.534 1203.46 1201.187 1198.439 1195.691 1192.943 1190.03 1185.73 1181.43 1177.13 1172.829 1168.438 1163.955 1159.471 1154.988 1150.505
1254.422 1263.576 1272.73 1281.884 1291.038 1294.043 1295.611 1297.179 1298.747 1299.845 1299.072 1298.3 1297.527 1296.755 1294.901 1292.302 1289.702 1287.103 1284.503 1280.255 1275.977 1271.699 1267.421 1262.706 1257.256 1251.806 1246.355 1240.905 1236.532 1232.494 1228.455 1224.417 1220.692 1218.694 1216.696 1214.698 1212.699 1211.602 1211.26 1210.917 1210.575 1210.233 1209.605 1208.958 1208.311 1207.664 1206.914 1205.952 1204.989 1204.026 1203.063 1200.871 1198.192 1195.513 1192.833 1189.983 1185.693 1181.403 1177.114 1172.824 1168.438 1163.955 1159.471 1154.988 1150.505
1251.65 1261.454 1271.258 1281.063 1290.867 1294.003 1295.582 1297.16 1298.739 1299.903 1299.421 1298.939 1298.457 1297.975 1296.438 1294.171 1291.904 1289.638 1287.371 1282.937 1278.464 1273.99 1269.517 1264.521 1258.648 1252.776 1246.902 1241.03 1236.246 1231.801 1227.355 1222.91 1218.844 1216.867 1214.89 1212.913 1210.936 1209.935 1209.751 1209.567 1209.383 1209.199 1208.612 1207.997 1207.381 1206.766 1206.074 1205.222 1204.37 1203.518 1202.666 1200.555 1197.944 1195.334 1192.723 1189.935 1185.656 1181.377 1177.098 1172.819 1168.438 1163.955 1159.471 1154.988 1150.505
1248.879 1259.333 1269.787 1280.241 1290.695 1293.963 1295.552 1297.141 1298.73 1299.962 1299.77 1299.579 1299.388 1299.196 1297.974 1296.04 1294.107 1292.173 1290.239 1285.619 1280.95 1276.281 1271.612 1266.337 1260.041 1253.745 1247.45 1241.154 1235.96 1231.108 1226.255 1221.403 1216.996 1215.04 1213.085 1211.129 1209.173 1208.268 1208.242 1208.217 1208.191 1208.166 1207.619 1207.035 1206.451 1205.868 1205.233 1204.492 1203.751 1203.01 1202.269 1200.239 1197.697 1195.155 1192.613 1189.887 1185.619 1181.35 1177.082 1172.813 1168.438 1163.955 1159.471 1154.988 1150.505
1246.85 1257.533 1268.215 1278.898 1289.581 1293.081 1294.902 1296.723 1298.545 1299.973 1299.837 1299.701 1299.565 1299.43 1298.275 1296.417 1294.559 1292.701 1290.843 1286.188 1281.484 1276.779 1272.074 1266.677 1260.113 1253.55 1246.987 1240.424 1234.951 1229.816 1224.681 1219.546 1214.915 1213.061 1211.206 1209.351 1207.496 1206.684 1206.747 1206.809 1206.871 1206.933 1206.5 1206.032 1205.564 1205.097 1204.533 1203.77 1203.007 1202.244 1201.481 1199.29 1196.533 1193.776 1191.019 1188.099 1183.815 1179.53 1175.246 1170.961 1166.633 1162.26 1157.888 1153.515 1149.143
1244.964 1255.795 1266.625 1277.456 1288.286 1292.037 1294.133 1296.229 1298.325 1299.975 1299.85 1299.724 1299.599 1299.474 1298.339 1296.508 1294.676 1292.844 1291.013 1286.354 1281.644 1276.933 1272.223 1266.734 1259.933 1253.132 1246.331 1239.531 1233.803 1228.41 1223.016 1217.622 1212.79 1211.051 1209.313 1207.574 1205.835 1205.117 1205.253 1205.389 1205.526 1205.661 1205.357 1205.021 1204.686 1204.35 1203.86 1203.049 1202.239 1201.428 1200.618 1198.22 1195.194 1192.167 1189.141 1185.978 1181.672 1177.367 1173.061 1168.755 1164.482 1160.242 1156.001 1151.761 1147.52
1243.078 1254.056 1265.035 1276.013 1286.992 1290.993 1293.364 1295.735 1298.106 1299.977 1299.862 1299.748 1299.633 1299.518 1298.404 1296.598 1294.793 1292.988 1291.182 1286.519 1281.804 1277.088 1272.373 1266.792 1259.753 1252.714 1245.676 1238.637 1232.656 1227.003 1221.35 1215.698 1210.665 1209.042 1207.42 1205.797 1204.175 1203.55 1203.76 1203.97 1204.18 1204.39 1204.214 1204.01 1203.807 1203.603 1203.187 1202.329 1201.471 1200.612 1199.754 1197.151 1193.855 1190.559 1187.263 1183.857 1179.53 1175.203 1170.876 1166.55 1162.331 1158.223 1154.115 1150.006 1145.898
1241.192 1252.318 1263.444 1274.571 1285.697 1289.949 1292.595 1295.241 1297.886 1299.979 1299.875 1299.771 1299.667 1299.563 1298.468 1296.689 1294.91 1293.131 1291.353 1286.684 1281.964 1277.243 1272.522 1266.849 1259.573 1252.296 1245.02 1237.743 1231.509 1225.597 1219.685 1213.773 1208.539 1207.033 1205.527 1204.021 1202.515 1201.983 1202.267 1202.551 1202.835 1203.119 1203.071 1202.999 1202.928 1202.857 1202.514 1201.608 1200.702 1199.797 1198.891 1196.081 1192.516 1188.95 1185.384 1181.736 1177.388 1173.04 1168.692 1164.344 1160.181 1156.204 1152.228 1148.252 1144.276
1240.825 1251.906 1262.987 1274.068 1285.149 1289.472 1292.217 1294.961 1297.706 1299.866 1299.702 1299.538 1299.374 1299.21 1298.056 1296.217 1294.378 1292.539 1290.7 1286.072 1281.392 1276.713 1272.034 1266.387 1259.108 1251.83 1244.552 1237.274 1230.948 1224.918 1218.888 1212.858 1207.521 1205.991 1204.462 1202.933 1201.404 1200.868 1201.163 1201.458 1201.753 1202.048 1202.047 1202.026 1202.004 1201.983 1201.624 1200.565 1199.506 1198.448 1197.389 1194.261 1190.311 1186.362 1182.413 1178.425 1174.119 1169.813 1165.507 1161.201 1157.144 1153.338 1149.532 1145.725 1141.92
1244.418 1254.949 1265.481 1276.012 1286.544 1290.472 1292.857 1295.242 1297.628 1299.452 1299.045 1298.638 1298.231 1297.824 1296.401 1294.277 1292.153 1290.028 1287.904 1283.432 1278.916 1274.401 1269.886 1264.569 1257.904 1251.238 1244.573 1237.908 1231.917 1226.135 1220.354 1214.572 1209.385 1207.47 1205.556 1203.641 1201.726 1200.93 1201.072 1201.214 1201.356 1201.497 1201.334 1201.148 1200.963 1200.778 1200.17 1198.683 1197.196 1195.709 1194.222 1190.485 1185.854 1181.223 1176.592 1172.018 1167.918 1163.818 1159.718 1155.618 1151.798 1148.261 1144.724 1141.188 1137.651
1248.011 1257.993 1267.975 1277.957 1287.938 1291.471 1293.497 1295.523 1297.549 1299.037 1298.387 1297.737 1297.088 1296.438 1294.747 1292.337 1289.927 1287.518 1285.108 1280.792 1276.44 1272.089 1267.737 1262.752 1256.699 1250.647 1244.594 1238.542 1232.886 1227.353 1221.819 1216.286 1211.25 1208.949 1206.649 1204.348 1202.048 1200.993 1200.982 1200.97 1200.959 1200.947 1200.62 1200.271 1199.922 1199.573 1198.715 1196.8 1194.886 1192.971 1191.056 1186.709 1181.396 1176.084 1170.771 1165.61 1161.716 1157.822 1153.928 1150.034 1146.452 1143.185 1139.917 1136.65 1133.383
1251.604 1261.036 1270.469 1279.901 1289.333 1292.471 1294.138 1295.804 1297.471 1298.623 1297.73 1296.837 1295.944 1295.051 1293.092 1290.397 1287.702 1285.007 1282.313 1278.151 1273.964 1269.776 1265.589 1260.934 1255.495 1250.055 1244.616 1239.176 1233.855 1228.57 1223.285 1218.0 1213.115 1210.428 1207.742 1205.056 1202.37 1201.056 1200.891 1200.726 1200.562 1200.397 1199.907 1199.394 1198.881 1198.369 1197.261 1194.918 1192.575 1190.232 1187.89 1182.933 1176.939 1170.945 1164.951 1159.202 1155.514 1151.826 1148.138 1144.45 1141.106 1138.108 1135.11 1132.113 1129.115
1255.197 1264.08 1272.963 1281.845 1290.728 1293.47 1294.778 1296.085 1297.393 1298.209 1297.073 1295.937 1294.801 1293.665 1291.438 1288.458 1285.477 1282.497 1279.517 1275.511 1271.488 1267.464 1263.44 1259.117 1254.29 1249.464 1244.637 1239.81 1234.823 1229.787 1224.75 1219.714 1214.979 1211.907 1208.835 1205.764 1202.692 1201.119 1200.801 1200.483 1200.165 1199.847 1199.194 1198.517 1197.841 1197.164 1195.806 1193.035 1190.265 1187.494 1184.723 1179.157 1172.481 1165.806 1159.13 1152.794 1149.312 1145.83 1142.349 1138.867 1135.76 1133.031 1130.303 1127.575 1124.847
1259.992 1268.076 1276.159 1284.243 1292.327 1294.581 1295.472 1296.364 1297.255 1297.654 1296.093 1294.533 1292.972 1291.412 1288.838 1285.565 1282.292 1279.019 1275.745 1271.937 1268.118 1264.3 1260.481 1256.455 1252.079 1247.702 1243.326 1238.95 1234.398 1229.791 1225.184 1220.577 1216.207 1213.139 1210.07 1207.002 1203.934 1202.258 1201.749 1201.24 1200.732 1200.223 1199.397 1198.549 1197.701 1196.853 1195.133 1191.606 1188.078 1184.551 1181.023 1174.884 1167.708 1160.532 1153.356 1146.589 1143.261 1139.932 1136.604 1133.275 1130.365 1127.88 1125.395 1122.91 1120.425
1265.265 1272.451 1279.636 1286.822 1294.007 1295.735 1296.188 1296.641 1297.094 1297.042 1294.985 1292.928 1290.871 1288.814 1285.862 1282.293 1278.724 1275.155 1271.586 1267.99 1264.393 1260.797 1257.2 1253.457 1249.466 1245.476 1241.485 1237.495 1233.417 1229.312 1225.207 1221.103 1217.181 1214.272 1211.362 1208.452 1205.542 1203.827 1203.112 1202.397 1201.682 1200.967 1199.964 1198.942 1197.92 1196.897 1194.771 1190.356 1185.941 1181.526 1177.11 1170.413 1162.809 1155.205 1147.601 1140.466 1137.269 1134.073 1130.876 1127.68 1124.952 1122.7 1120.447 1118.194 1115.942
1270.538 1276.825 1283.113 1289.4 1295.687 1296.89 1296.904 1296.919 1296.933 1296.431 1293.877 1291.323 1288.77 1286.216 1282.886 1279.021 1275.156 1271.291 1267.426 1264.043 1260.668 1257.294 1253.919 1250.459 1246.854 1243.249 1239.644 1236.039 1232.436 1228.833 1225.23 1221.628 1218.156 1215.404 1212.653 1209.902 1207.15 1205.395 1204.474 1203.553 1202.632 1201.711 1200.532 1199.335 1198.139 1196.942 1194.409 1189.106 1183.804 1178.501 1173.198 1165.941 1157.909 1149.878 1141.846 1134.342 1131.278 1128.214 1125.149 1122.085 1119.539 1117.519 1115.499 1113.479 1111.458
1275.811 1281.2 1286.589 1291.978 1297.367 1298.044 1297.62 1297.196 1296.772 1295.82 1292.769 1289.719 1286.668 1283.618 1279.91 1275.749 1271.589 1267.428 1263.267 1260.096 1256.943 1253.791 1250.638 1247.46 1244.241 1241.022 1237.803 1234.584 1231.455 1228.354 1225.254 1222.153 1219.13 1216.537 1213.944 1211.351 1208.759 1206.964 1205.836 1204.709 1203.582 1202.455 1201.1 1199.729 1198.358 1196.987 1194.047 1187.857 1181.666 1175.476 1169.285 1161.47 1153.01 1144.55 1136.09 1128.219 1125.286 1122.354 1119.422 1116.49 1114.126 1112.338 1110.551 1108.763 1106.975
1280.637 1285.182 1289.727 1294.272 1298.817 1299.035 1298.242 1297.449 1296.656 1295.32 1291.825 1288.331 1284.836 1281.342 1277.266 1272.79 1268.314 1263.838 1259.361 1256.316 1253.296 1250.276 1247.256 1244.291 1241.418 1238.545 1235.672 1232.798 1230.122 1227.507 1224.892 1222.277 1219.694 1217.284 1214.874 1212.464 1210.053 1208.26 1206.984 1205.707 1204.431 1203.154 1201.678 1200.188 1198.697 1197.207 1193.996 1187.216 1180.437 1173.657 1166.878 1158.701 1149.97 1141.238 1132.507 1124.389 1121.428 1118.466 1115.505 1112.543 1110.212 1108.518 1106.824 1105.131 1103.437
1282.99 1286.991 1290.992 1294.992 1298.993 1299.121 1298.344 1297.567 1296.789 1295.435 1291.787 1288.14 1284.492 1280.844 1276.456 1271.557 1266.658 1261.759 1256.86 1253.454 1250.075 1246.696 1243.317 1240.173 1237.427 1234.681 1231.934 1229.188 1226.844 1224.626 1222.407 1220.188 1217.989 1215.896 1213.803 1211.71 1209.617 1208.057 1206.945 1205.832 1204.719 1203.606 1202.313 1201.008 1199.703 1198.397 1195.656 1189.939 1184.222 1178.504 1172.787 1165.336 1157.196 1149.056 1140.916 1133.23 1129.349 1125.468 1121.587 1117.706 1114.579 1112.214 1109.849 1107.485 1105.12
1285.343 1288.8 1292.256 1295.713 1299.169 1299.207 1298.446 1297.684 1296.923 1295.55 1291.749 1287.948 1284.147 1280.346 1275.646 1270.324 1265.002 1259.681 1254.359 1250.593 1246.854 1243.116 1239.377 1236.056 1233.436 1230.817 1228.197 1225.578 1223.567 1221.744 1219.922 1218.099 1216.284 1214.508 1212.732 1210.956 1209.18 1207.854 1206.905 1205.956 1205.007 1204.058 1202.949 1201.829 1200.708 1199.588 1197.317 1192.662 1188.007 1183.351 1178.696 1171.97 1164.422 1156.874 1149.326 1142.07 1137.27 1132.47 1127.67 1122.87 1118.946 1115.91 1112.875 1109.839 1106.803
1287.697 1290.609 1293.521 1296.433 1299.345 1299.293 1298.547 1297.802 1297.056 1295.666 1291.711 1287.757 1283.803 1279.849 1274.836 1269.091 1263.347 1257.602 1251.858 1247.731 1243.633 1239.535 1235.438 1231.938 1229.445 1226.953 1224.46 1221.967 1220.289 1218.863 1217.436 1216.01 1214.579 1213.12 1211.661 1210.202 1208.743 1207.651 1206.866 1206.081 1205.296 1204.51 1203.585 1202.649 1201.714 1200.778 1198.978 1195.385 1191.791 1188.198 1184.605 1178.604 1171.648 1164.692 1157.736 1150.911 1145.191 1139.472 1133.752 1128.033 1123.313 1119.606 1115.9 1112.193 1108.486
1290.05 1292.418 1294.786 1297.154 1299.522 1299.379 1298.649 1297.919 1297.19 1295.781 1291.673 1287.566 1283.459 1279.351 1274.025 1267.858 1261.691 1255.524 1249.357 1244.869 1240.412 1235.955 1231.498 1227.821 1225.455 1223.089 1220.723 1218.357 1217.011 1215.981 1214.951 1213.921 1212.874 1211.732 1210.59 1209.448 1208.307 1207.448 1206.827 1206.205 1205.584 1204.963 1204.22 1203.47 1202.719 1201.969 1200.639 1198.108 1195.576 1193.045 1190.514 1185.239 1178.874 1172.51 1166.145 1159.752 1153.113 1146.474 1139.835 1133.196 1127.68 1123.302 1118.925 1114.547 1110.169
1291.623 1293.543 1295.464 1297.385 1299.305 1299.186 1298.591 1297.996 1297.401 1296.118 1292.101 1288.084 1284.067 1280.05 1274.6 1268.16 1261.72 1255.28 1248.84 1243.839 1238.863 1233.887 1228.912 1224.892 1222.481 1220.07 1217.659 1215.248 1214.103 1213.351 1212.599 1211.847 1211.076 1210.204 1209.332 1208.461 1207.589 1206.924 1206.432 1205.94 1205.448 1204.956 1204.34 1203.715 1203.09 1202.465 1201.419 1199.5 1197.581 1195.662 1193.743 1188.978 1183.083 1177.189 1171.294 1165.29 1158.363 1151.435 1144.508 1137.58 1131.781 1127.122 1122.464 1117.806 1113.147
