data/zism_data/01134_03_D.txt
ncols         224
nrows         224
[rows 112 to 139 of 224, columns 0 to 62 of 224]
240.8401 234.0264 227.3663 220.7063 214.0463 209.317 207.2508 205.1846 203.1185 201.0523 203.7932 207.1203 210.4474 213.7745 220.7783 234.2531 247.7278 261.2024 274.6771 281.9613 288.0074 294.0536 300.0996 307.1071 316.3123 325.5175 334.7227 343.9279 357.4833 372.2992 387.1151 401.9308 414.9452 422.4493 429.9534 437.4575 444.9616 449.6375 453.1994 456.7612 460.323 463.331 463.9532 464.5754 465.1976 465.8198 466.4941 467.1955 467.8968 468.5981 469.5883 472.5048 475.4213 478.3377 481.2542 480.1971 476.5069 472.8167 469.1266 465.0078 455.4021 445.7964 436.1908
233.0066 227.0848 221.425 215.7653 210.1055 206.2408 204.8522 203.4636 202.075 200.6864 203.7741 207.4078 211.0414 214.675 221.8704 235.3344 248.7983 262.2622 275.7262 283.2148 289.5082 295.8017 302.0951 309.6987 320.2966 330.8946 341.4926 352.0905 366.8595 382.8369 398.8143 414.7916 428.639 435.971 443.3031 450.6351 457.967 462.3012 465.4543 468.6074 471.7605 474.2828 474.0876 473.8924 473.6973 473.5021 472.7066 471.601 470.4955 469.3899 468.7051 470.8257 472.9463 475.0668 477.1874 475.784 472.0455 468.3069 464.5684 460.4483 451.4449 442.4416 433.4382
225.1731 220.1432 215.4837 210.8242 206.1646 203.1646 202.4536 201.7425 201.0315 200.3205 203.7551 207.6953 211.6354 215.5756 222.9625 236.4157 249.8689 263.322 276.7752 284.4681 291.009 297.5498 304.0906 312.2902 324.2809 336.2717 348.2625 360.2532 376.2357 393.3746 410.5136 427.6525 442.3329 449.4928 456.6527 463.8127 470.9725 474.9648 477.7092 480.4536 483.1981 485.2346 484.2221 483.2095 482.1969 481.1844 478.919 476.0066 473.0941 470.1816 467.8219 469.1466 470.4713 471.796 473.1207 471.371 467.584 463.7971 460.0101 455.8889 447.4877 439.0867 430.6856
218.548 214.2747 210.4664 206.6581 202.8499 200.5826 200.4408 200.299 200.1572 200.0154 203.6885 207.8269 211.9652 216.1036 223.5884 236.9632 250.3379 263.7125 277.0873 285.1471 292.1439 299.1407 306.1374 315.0879 328.5039 341.92 355.3361 368.752 385.7264 403.7318 421.7371 439.7422 454.9767 461.7352 468.4937 475.2522 482.0107 485.5024 487.7072 489.912 492.1168 493.5674 491.769 489.9707 488.1723 486.374 482.7531 478.1908 473.6285 469.0663 465.1735 465.7439 466.3142 466.8846 467.4549 465.5237 461.9348 458.3459 454.7571 450.8698 443.1631 435.4565 427.7498
217.9122 213.7242 210.0289 206.3336 202.6383 200.45 200.3405 200.2309 200.1214 200.0119 203.3866 207.1861 210.9856 214.7852 221.904 234.8646 247.8253 260.7858 273.7465 282.9786 291.4651 299.9515 308.4379 318.9075 333.91 348.9125 363.915 378.9174 395.7853 413.1938 430.6022 448.0104 462.416 467.6365 472.8569 478.0774 483.2978 485.5022 486.5186 487.5349 488.5512 488.9187 486.4911 484.0636 481.636 479.2085 474.7988 469.3653 463.9319 458.4984 453.7765 453.7983 453.8201 453.8419 453.8638 452.5678 450.3987 448.2295 446.0604 443.5734 437.0175 430.4617 423.9059
217.2764 213.1738 209.5914 206.009 202.4266 200.3174 200.2402 200.1629 200.0856 200.0084 203.0846 206.5453 210.0061 213.4668 220.2195 232.7661 245.3126 257.8591 270.4056 280.8102 290.7863 300.7624 310.7384 322.7271 339.3161 355.905 372.494 389.0828 405.8443 422.6558 439.4673 456.2786 469.8554 473.5378 477.2202 480.9026 484.5849 485.5021 485.3299 485.1578 484.9856 484.27 481.2132 478.1565 475.0997 472.043 466.8445 460.5398 454.2351 447.9305 442.3795 441.8528 441.326 440.7993 440.2726 439.612 438.8625 438.1131 437.3636 436.2769 430.8719 425.4669 420.062
216.6405 212.6234 209.1539 205.6845 202.215 200.1848 200.1398 200.0949 200.0499 200.0049 202.7826 205.9046 209.0265 212.1484 218.535 230.6675 242.8 254.9323 267.0648 278.6417 290.1075 301.5732 313.0389 326.5468 344.7221 362.8975 381.0729 399.2481 415.9032 432.1177 448.3323 464.5468 477.2948 479.4391 481.5834 483.7278 485.872 485.502 484.1413 482.7807 481.42 479.6213 475.9353 472.2494 468.5634 464.8775 458.8902 451.7143 444.5385 437.3625 430.9825 429.9072 428.832 427.7567 426.6815 426.6561 427.3264 427.9967 428.667 428.9804 424.7263 420.4722 416.2181
216.0047 212.073 208.7164 205.3599 202.0034 200.0523 200.0395 200.0268 200.0141 200.0014 202.4806 205.2638 208.0469 210.83 216.8506 228.5689 240.2873 252.0056 263.7239 276.4732 289.4286 302.3841 315.3394 330.3664 350.1282 369.89 389.6519 409.4135 425.9621 441.5797 457.1974 472.8149 484.7341 485.3404 485.9467 486.5529 487.1592 485.5018 482.9527 480.4036 477.8544 474.9726 470.6574 466.3423 462.0271 457.712 450.9359 442.8889 434.8417 426.7946 419.5854 417.9616 416.3379 414.7141 413.0903 413.7002 415.7902 417.8802 419.9702 421.6839 418.5807 415.4774 412.3742
218.2546 213.8525 210.0322 206.212 202.3917 200.1771 200.1771 200.1771 200.1771 200.1771 202.591 205.2992 208.0074 210.7157 216.5986 228.0691 239.5395 251.0098 262.4803 275.9192 289.7517 303.5843 317.4168 333.3305 354.001 374.6716 395.3422 416.0126 431.9993 446.6291 461.2589 475.8885 486.6827 485.7444 484.8061 483.8677 482.9294 480.2751 476.9448 473.6144 470.2841 466.7921 462.6036 458.4151 454.2267 450.0382 443.1154 434.7803 426.4452 418.11 410.4973 407.6994 404.9016 402.1037 399.3058 399.8666 402.6531 405.4395 408.2259 410.6907 409.038 407.3854 405.7328
222.3819 217.1479 212.4887 207.8296 203.1704 200.4694 200.4694 200.4694 200.4694 200.4694 202.9695 205.7746 208.5796 211.3846 217.2787 228.6093 239.9399 251.2704 262.601 276.4154 290.7267 305.0378 319.3489 335.7379 356.8764 378.0148 399.1532 420.2915 435.4201 448.8076 462.1951 475.5825 485.0589 482.5718 480.0847 477.5975 475.1104 471.648 467.8015 463.9549 460.1082 456.3138 452.7438 449.1737 445.6037 442.0337 435.3818 427.1381 418.8944 410.6507 402.9112 398.5323 394.1534 389.7744 385.3955 385.4621 388.4743 391.4866 394.4989 397.2924 397.2853 397.2783 397.2713
226.5092 220.4434 214.9452 209.4471 203.949 200.7616 200.7616 200.7616 200.7616 200.7616 203.3481 206.2499 209.1517 212.0536 217.9587 229.1495 240.3403 251.5309 262.7217 276.9117 291.7015 306.4914 321.2811 338.1454 359.7517 381.358 402.9643 424.5703 438.8409 450.9862 463.1314 475.2766 483.4352 479.3992 475.3633 471.3274 467.2914 463.021 458.6581 454.2953 449.9324 445.8355 442.8839 439.9323 436.9807 434.0291 427.6482 419.4959 411.3436 403.1914 395.3251 389.3651 383.4052 377.4452 371.4852 371.0575 374.2956 377.5337 380.7718 383.894 385.5327 387.1712 388.8098
230.6365 223.7388 217.4017 211.0647 204.7276 201.0539 201.0539 201.0539 201.0539 201.0539 203.7266 206.7253 209.7239 212.7226 218.6387 229.6897 240.7406 251.7915 262.8425 277.408 292.6765 307.9449 323.2132 340.5529 362.627 384.7012 406.7753 428.8492 442.2617 453.1647 464.0677 474.9706 481.8114 476.2267 470.6419 465.0572 459.4724 454.3939 449.5148 444.6357 439.7566 435.3572 433.0241 430.6909 428.3578 426.0246 419.9146 411.8537 403.7929 395.7321 387.7391 380.198 372.657 365.116 357.5749 356.6529 360.1168 363.5808 367.0448 370.4957 373.7799 377.0641 380.3483
235.0873 227.3383 220.1388 212.9392 205.7397 201.56 201.5459 201.5318 201.5176 201.5035 204.2656 207.3662 210.4668 213.5674 219.48 230.3417 241.2034 252.065 262.9266 277.8002 293.4761 309.152 324.8279 342.5725 365.0457 387.5189 409.9921 432.4651 445.0407 454.7488 464.4569 474.1649 479.7469 472.7081 465.6692 458.6303 451.5915 445.7747 440.4395 435.1042 429.7689 425.1125 423.3801 421.6477 419.9153 418.183 412.3423 404.3797 396.4171 388.4545 380.351 371.3076 362.2642 353.2208 344.1774 342.7643 346.4075 350.0507 353.6939 357.4258 362.2942 367.1625 372.0308
246.6016 237.5758 228.9996 220.4234 211.8471 206.7338 206.397 206.0602 205.7234 205.3867 208.3054 211.6211 214.9368 218.2526 223.8425 233.4351 243.0276 252.6201 262.2127 275.9202 290.4507 304.9811 319.5115 336.1238 357.4946 378.8654 400.2362 421.6068 433.8097 443.3564 452.9032 462.4499 468.0614 461.6356 455.2098 448.784 442.3582 437.3281 432.8479 428.3676 423.8874 419.9654 418.4481 416.9308 415.4136 413.8963 408.292 400.5768 392.8616 385.1464 377.286 368.4577 359.6294 350.8011 341.9728 340.1409 342.9452 345.7494 348.5537 351.525 356.6354 361.7457 366.856
258.1159 247.8133 237.8604 227.9075 217.9546 211.9076 211.2482 210.5887 209.9293 209.2698 212.3452 215.876 219.4069 222.9377 228.205 236.5285 244.8519 253.1753 261.4988 274.0402 287.4252 300.8102 314.1952 329.6751 349.9435 370.2119 390.4803 410.7485 422.5786 431.9641 441.3495 450.7349 456.3759 450.5631 444.7503 438.9376 433.1249 428.8815 425.2563 421.631 418.0058 414.8183 413.5161 412.214 410.9118 409.6096 404.2417 396.7739 389.3061 381.8382 374.221 365.6078 356.9946 348.3814 339.7682 337.5175 339.4828 341.4482 343.4135 345.6242 350.9766 356.3289 361.6812
269.63 258.0506 246.721 235.3915 224.062 217.0813 216.0992 215.1171 214.135 213.1529 216.3849 220.1309 223.8768 227.6227 232.5674 239.6218 246.6761 253.7305 260.7849 272.1602 284.3998 296.6394 308.8789 323.2265 342.3925 361.5585 380.7245 399.8904 411.3478 420.5719 429.796 439.0201 444.6905 439.4908 434.2911 429.0914 423.8918 420.4349 417.6648 414.8946 412.1244 409.6714 408.5843 407.4972 406.4101 405.3231 400.1915 392.9711 385.7506 378.5301 371.1561 362.758 354.3599 345.9618 337.5637 334.8941 336.0205 337.147 338.2734 339.7236 345.3179 350.9122 356.5065
281.1443 268.288 255.5818 242.8757 230.1694 222.2551 220.9504 219.6456 218.3409 217.0361 220.4248 224.3858 228.3468 232.3079 236.9299 242.7151 248.5004 254.2856 260.0709 270.2802 281.3744 292.4685 303.5626 316.7778 334.8414 352.905 370.9686 389.032 400.1168 409.1795 418.2423 427.305 433.005 428.4183 423.8317 419.245 414.6584 411.9883 410.0732 408.158 406.2429 404.5243 403.6523 402.7803 401.9084 401.0364 396.1413 389.1682 382.1951 375.222 368.0911 359.9081 351.7251 343.5421 335.3591 332.2707 332.5582 332.8457 333.1332 333.8228 339.6591 345.4954 351.3317
292.4354 278.9686 265.5749 252.1812 238.7874 230.3095 228.6121 226.9147 225.2174 223.52 226.7691 230.6214 234.4737 238.326 242.3006 246.4903 250.68 254.8697 259.0594 267.7719 277.3889 287.006 296.623 308.5808 325.8892 343.1975 360.5058 377.814 388.9414 398.2781 407.6148 416.9514 423.095 419.4712 415.8473 412.2235 408.5997 406.5753 405.181 403.7867 402.3925 401.0595 399.9907 398.9219 397.8531 396.7844 392.04 385.3972 378.7543 372.1115 365.4301 358.4907 351.5513 344.6119 337.6725 334.9959 335.144 335.2921 335.4401 335.9605 341.2461 346.5316 351.817
303.4863 290.126 276.786 263.4461 250.1061 241.4627 239.2974 237.1322 234.9669 232.8017 235.5925 238.9877 242.3829 245.7781 248.7558 250.9988 253.2418 255.4847 257.7277 264.5875 272.3708 280.154 287.9371 298.5031 315.4296 332.356 349.2826 366.2089 377.826 387.9048 397.9836 408.0623 415.0951 412.8104 410.5256 408.2409 405.9562 404.426 403.193 401.9601 400.7271 399.4045 397.6958 395.9871 394.2783 392.5696 387.8839 381.6605 375.4372 369.2138 363.2036 358.6143 354.025 349.4357 344.8464 343.4751 344.2362 344.9974 345.7585 346.7458 350.6278 354.5097 358.3916
314.5372 301.2833 287.9971 274.711 261.4247 252.6159 249.9828 247.3496 244.7165 242.0834 244.4159 247.354 250.2921 253.2302 255.2111 255.5073 255.8036 256.0998 256.396 261.4032 267.3526 273.3019 279.2513 288.4253 304.97 321.5146 338.0593 354.6038 366.7105 377.5315 388.3524 399.1733 407.0952 406.1496 405.2039 404.2583 403.3127 402.2766 401.205 400.1334 399.0618 397.7495 395.4008 393.0522 390.7035 388.3548 383.7277 377.9239 372.12 366.3161 360.9772 358.738 356.4987 354.2595 352.0202 351.9543 353.3285 354.7028 356.077 357.5312 360.0095 362.4878 364.9661
325.5881 312.4407 299.2082 285.9759 272.7434 263.7691 260.6681 257.5671 254.4661 251.3651 253.2393 255.7204 258.2013 260.6823 261.6664 260.0159 258.3654 256.7148 255.0643 258.2188 262.3344 266.4499 270.5654 278.3475 294.5103 310.6732 326.8361 342.9987 355.5951 367.1582 378.7213 390.2842 399.0954 399.4888 399.8822 400.2757 400.6691 400.1273 399.217 398.3067 397.3964 396.0945 393.1059 390.1173 387.1287 384.14 379.5716 374.1872 368.8028 363.4184 358.7508 358.8616 358.9724 359.0833 359.1941 360.4335 362.4208 364.4081 366.3954 368.3166 369.3913 370.4659 371.5406
336.639 323.598 310.4193 297.2408 284.0621 274.9223 271.3534 267.7845 264.2157 260.6468 262.0628 264.0867 266.1105 268.1344 268.1217 264.5244 260.9271 257.3299 253.7326 255.0345 257.3162 259.5979 261.8796 268.2697 284.0508 299.8318 315.6128 331.3937 344.4797 356.7849 369.0901 381.3952 391.0955 392.828 394.5605 396.2931 398.0256 397.9779 397.2289 396.48 395.731 394.4396 390.811 387.1824 383.5538 379.9252 375.4155 370.4506 365.4856 360.5207 356.5244 358.9853 361.4462 363.9071 366.368 368.9127 371.5131 374.1135 376.7138 379.1019 378.773 378.4441 378.1152
335.7432 323.6809 311.4908 299.3008 287.1107 279.0042 276.5305 274.0566 271.5829 269.109 270.9728 273.3656 275.7583 278.1511 277.7704 272.5083 267.2462 261.9841 256.722 255.431 254.9342 254.4373 253.9405 257.9369 272.2034 286.47 300.7366 315.003 329.1066 343.1628 357.2191 371.2753 382.7178 386.1653 389.6129 393.0603 396.5078 397.0038 396.337 395.6703 395.0035 393.6219 389.1604 384.699 380.2376 375.7762 370.744 365.4171 360.0902 354.7633 350.6477 354.608 358.5682 362.5285 366.4888 369.6935 372.3975 375.1015 377.8055 380.2342 379.1397 378.0453 376.9508
333.8044 322.797 311.6771 300.5572 289.4373 282.4688 281.2266 279.9843 278.742 277.4998 279.8904 282.7242 285.5579 288.3916 287.6978 280.7955 273.8932 266.991 260.0887 256.1401 252.7823 249.4244 246.0666 247.5817 260.2349 272.8882 285.5414 298.1945 313.3617 329.2572 345.1526 361.048 374.3072 379.5025 384.6978 389.8931 395.0883 396.1323 395.5408 394.9494 394.3579 392.8773 387.5662 382.2551 376.9439 371.6328 366.0276 360.2705 354.5133 348.7562 344.4524 349.8377 355.2231 360.6085 365.9938 369.802 372.5652 375.3284 378.0916 380.5237 378.7194 376.915 375.1107
331.8656 321.9131 311.8633 301.8136 291.7639 285.9334 285.9227 285.9119 285.9012 285.8904 288.808 292.0828 295.3575 298.6322 297.6253 289.0828 280.5403 271.9979 263.4554 256.8492 250.6304 244.4115 238.1927 237.2265 248.2664 259.3064 270.3463 281.3861 297.6169 315.3515 333.0862 350.8206 365.8965 372.8396 379.7827 386.7259 393.6689 395.2608 394.7446 394.2285 393.7123 392.1327 385.9719 379.8111 373.6503 367.4895 361.3112 355.1238 348.9364 342.7491 338.257 345.0675 351.8779 358.6884 365.4988 369.9106 372.7329 375.5553 378.3777 380.8133 378.299 375.7849 373.2706
329.9267 321.0291 312.0495 303.07 294.0905 289.398 290.6188 291.8396 293.0603 294.2811 297.7256 301.4413 305.157 308.8727 307.5528 297.3701 287.1874 277.0048 266.8221 257.5584 248.4785 239.3987 230.3189 226.8714 236.2979 245.7245 255.1511 264.5776 281.872 301.4458 321.0197 340.5933 357.4859 366.1768 374.8677 383.5586 392.2495 394.3893 393.9484 393.5075 393.0667 391.3881 384.3776 377.3671 370.3567 363.3462 356.5948 349.9772 343.3596 336.7419 332.0617 340.2972 348.5328 356.7683 365.0039 370.0192 372.9007 375.7822 378.6637 381.1028 377.8787 374.6546 371.4306
324.2571 316.516 308.72 300.9242 293.1282 289.8238 292.7147 295.6055 298.4963 301.3871 305.6805 310.1449 314.6093 319.0737 317.7561 306.2621 294.7681 283.2742 271.7802 260.2488 248.71 237.1711 225.6324 220.0119 227.9195 235.827 243.7345 251.642 269.617 290.5087 311.4005 332.2921 350.5274 360.6372 370.747 380.8568 390.9665 393.6663 393.4468 393.2274 393.008 391.3997 383.8089 376.218 368.6272 361.0363 353.6615 346.3982 339.1349 331.8717 326.7012 335.4829 344.2645 353.0462 361.8279 367.4168 370.8903 374.3637 377.8372 380.8083 377.3494 373.8906 370.4317
311.8873 305.485 299.0764 292.668 286.2594 284.7922 290.1407 295.4891 300.8375 306.1859 311.9063 317.6721 323.4378 329.2036 328.4547 316.2402 304.0256 291.8111 279.5966 266.4976 253.2218 239.9459 226.6702 219.4306 225.9884 232.5462 239.1039 245.6616 263.6294 284.903 306.1766 327.45 346.1771 357.1151 368.053 378.9909 389.9288 393.2098 393.4743 393.7389 394.0034 392.7698 385.0821 377.3944 369.7068 362.0191 353.9305 345.6347 337.339 329.0432 322.8402 330.5894 338.3385 346.0877 353.8368 359.9458 364.968 369.9902 375.0124 379.4648 376.6244 373.784 370.9436
