data/zism_data/01132_01_D.txt
ncols         224
nrows         224
[rows 56 to 83 of 224, columns 63 to 125 of 224]
711.8989 713.6107 715.3224 717.0342 718.7459 720.0539 721.2399 722.4259 723.6119 723.9265 721.354 718.7815 716.209 713.6365 710.6042 707.3709 704.1376 700.9042 698.0079 696.8891 695.7702 694.6514 693.5325 691.2712 688.3192 685.3671 682.415 678.6467 666.3073 653.9678 641.6284 629.289 619.6303 612.1584 604.6865 597.2146 589.806 586.6988 583.5916 580.4843 577.3771 576.2449 577.2673 578.2897 579.3122 580.3346 587.4951 595.0333 602.5715 610.1097 619.9075 633.014 646.1201 659.2266 672.3329 671.7366 669.0847 666.4329 663.781 658.7256 648.8631 639.0006 629.1381
710.2783 711.4787 712.6791 713.8795 715.08 716.1949 717.2841 718.3732 719.4623 719.8285 717.7996 715.7708 713.7419 711.713 709.3817 706.918 704.4544 701.9907 699.8153 699.1594 698.5034 697.8475 697.1915 694.9403 691.7245 688.5087 685.2928 681.2126 668.055 654.8975 641.7399 628.5823 618.3485 610.4998 602.6511 594.8024 587.022 583.8825 580.743 577.6035 574.4639 573.4899 574.8784 576.2668 577.6552 579.0436 586.4992 594.3281 602.1569 609.9858 619.7292 632.2758 644.8222 657.3688 669.9154 669.3677 666.8558 664.3439 661.832 656.9183 647.2012 637.484 627.7669
708.6315 709.416 710.2003 710.9847 711.7692 712.7179 713.7162 714.7146 715.713 716.1317 714.6302 713.1287 711.6273 710.1257 708.338 706.425 704.512 702.5989 700.9081 700.3885 699.8689 699.3494 698.8298 696.3961 692.805 689.2139 685.6228 681.192 667.9445 654.6968 641.4493 628.2017 617.7914 609.6957 601.6 593.5043 585.4758 582.012 578.5482 575.0843 571.6204 570.5271 572.0199 573.5127 575.0055 576.4983 584.6788 593.2709 601.8631 610.4552 620.5541 632.8594 645.1644 657.4697 669.775 668.926 666.1038 663.2815 660.4593 655.3358 645.6099 635.8839 626.1579
706.9413 707.4674 707.9935 708.5195 709.0456 709.8724 710.79 711.7076 712.6252 713.098 712.0971 711.0962 710.0953 709.0944 707.59 705.8654 704.1408 702.4161 700.8193 699.896 698.9727 698.0494 697.1261 694.1915 690.0406 685.8897 681.7388 676.8939 664.7604 652.6271 640.4937 628.3603 618.4328 610.3048 602.1768 594.0489 585.9768 581.7056 577.4344 573.1631 568.8919 567.2203 568.3847 569.5491 570.7136 571.8781 581.4949 591.6319 601.7689 611.9058 623.0385 635.629 648.2193 660.8098 673.4003 671.6711 667.7939 663.9167 660.0396 654.1248 644.1351 634.1454 624.1556
705.2513 705.519 705.7867 706.0544 706.3221 707.027 707.8639 708.7007 709.5377 710.0645 709.5641 709.0638 708.5634 708.063 706.8421 705.3058 703.7696 702.2334 700.7305 699.4035 698.0765 696.7495 695.4225 691.9869 687.2763 682.5657 677.855 672.5958 661.5766 650.5574 639.5381 628.5189 619.0742 610.9139 602.7536 594.5934 586.4778 581.3993 576.3207 571.2421 566.1635 563.9136 564.7497 565.5858 566.4219 567.2579 578.311 589.9929 601.6746 613.3564 625.5228 638.3985 651.274 664.1498 677.0255 674.4163 669.4841 664.5519 659.6198 652.9139 642.6604 632.4069 622.1534
703.5612 703.5706 703.5799 703.5893 703.5986 704.1816 704.9377 705.6939 706.45 707.0309 707.0311 707.0313 707.0316 707.0317 706.0942 704.7463 703.3984 702.0506 700.6417 698.911 697.1803 695.4496 693.7189 689.7823 684.512 679.2416 673.9712 668.2979 658.3927 648.4876 638.5825 628.6774 619.7155 611.5229 603.3304 595.1378 586.9788 581.0929 575.2069 569.321 563.435 560.6069 561.1146 561.6224 562.1301 562.6379 575.1272 588.3538 601.5804 614.8071 628.007 641.168 654.3288 667.4898 680.6508 677.1614 671.1743 665.1871 659.2001 651.7029 641.1857 630.6685 620.1512
701.871 701.622 701.373 701.124 700.8751 701.3361 702.0115 702.687 703.3623 703.9973 704.498 704.9988 705.4996 706.0004 705.3462 704.1868 703.0273 701.8678 700.5529 698.4185 696.2841 694.1497 692.0153 687.5778 681.7476 675.9174 670.0873 663.9997 655.2087 646.4178 637.6269 628.836 620.3568 612.132 603.9072 595.6824 587.4797 580.7865 574.0931 567.3998 560.7065 557.3 557.4794 557.6589 557.8383 558.0176 571.9432 586.7147 601.4862 616.2577 630.4914 643.9376 657.3837 670.8299 684.2761 679.9066 672.8644 665.8224 658.7803 650.4919 639.7109 628.9299 618.149
700.4609 700.0781 699.6952 699.3124 698.9295 699.3146 699.9315 700.5484 701.1653 701.7878 702.429 703.0703 703.7114 704.3526 703.8753 702.9087 701.942 700.9753 699.7979 697.5088 695.2197 692.9305 690.6415 686.0379 680.0349 674.0317 668.0287 661.836 653.6523 645.4686 637.285 629.1013 620.8772 612.6201 604.363 596.1058 587.8622 580.5351 573.2078 565.8805 558.5532 554.3784 553.6426 552.9067 552.1709 551.4351 565.7953 581.0844 596.3736 611.6627 626.4984 640.67 654.8415 669.0131 683.1848 678.3868 670.7433 663.0999 655.4564 646.8807 636.4407 626.0007 615.5606
699.1097 698.6192 698.1287 697.6382 697.1477 697.4665 698.0295 698.5927 699.1557 699.7519 700.4576 701.1635 701.8692 702.575 702.2521 701.4792 700.7064 699.9335 698.9026 696.5112 694.1198 691.7285 689.3372 684.638 678.5435 672.4489 666.3543 660.1216 652.4385 644.7554 637.0723 629.3892 621.3721 613.0827 604.7933 596.5039 588.2198 580.2952 572.3705 564.4457 556.5211 551.5377 549.763 547.9884 546.2138 544.4391 559.0231 574.6136 590.2042 605.7948 621.1415 636.1313 651.1208 666.1107 681.1004 675.9692 667.8198 659.6703 651.5209 642.764 632.7923 622.8206 612.8488
697.7585 697.1603 696.5622 695.9641 695.366 695.6184 696.1277 696.6369 697.1462 697.7159 698.4863 699.2567 700.0271 700.7974 700.629 700.0499 699.4708 698.8917 698.0073 695.5137 693.02 690.5264 688.0328 683.2381 677.0521 670.866 664.6799 658.4072 651.2247 644.0421 636.8595 629.6769 621.867 613.5453 605.2236 596.9019 588.5773 580.0553 571.5332 563.011 554.4889 548.697 545.8836 543.0703 540.2568 537.4435 552.2511 568.1431 584.0351 599.9271 615.7849 631.5928 647.4004 663.2083 679.0161 673.5518 664.8964 656.241 647.5856 638.6475 629.144 619.6406 610.137
696.4073 695.7015 694.9957 694.2899 693.5841 693.7703 694.2257 694.6812 695.1365 695.68 696.515 697.3499 698.1849 699.0198 699.0059 698.6205 698.2352 697.8498 697.1121 694.5161 691.9202 689.3243 686.7285 681.8382 675.5607 669.2831 663.0056 656.6929 650.0108 643.3288 636.6468 629.9648 622.3619 614.0079 605.6539 597.2999 588.9349 579.8154 570.6959 561.5763 552.4567 545.8563 542.0041 538.1519 534.2997 530.4476 545.4789 561.6723 577.8657 594.0591 610.4281 627.0541 643.6798 660.3058 676.9318 671.1342 661.9728 652.8115 643.6501 634.5309 625.4957 616.4604 607.4252
695.4262 694.5698 693.7134 692.857 692.0006 692.0684 692.4151 692.7618 693.1086 693.5836 694.4831 695.3827 696.2822 697.1818 697.3666 697.2387 697.1108 696.983 696.455 693.8176 691.1802 688.5428 685.9055 680.8899 674.4364 667.9828 661.5294 655.0775 648.6425 642.2076 635.7727 629.3378 621.8135 613.4005 604.9875 596.5746 588.1446 578.5567 568.9686 559.3806 549.7925 542.5806 537.9609 533.3411 528.7214 524.1017 538.6939 554.4684 570.2429 586.0174 602.3034 619.3384 636.3732 653.4082 670.4433 664.8815 655.9301 646.9787 638.0273 629.292 620.9889 612.6857 604.3826
695.4192 694.299 693.1789 692.0587 690.9386 690.7509 690.8447 690.9384 691.0322 691.3278 692.2919 693.256 694.2202 695.1843 695.6846 695.982 696.2793 696.5767 696.425 693.9061 691.3871 688.868 686.3491 681.13 674.2782 667.4263 660.5745 653.7225 646.8677 640.0129 633.1582 626.3035 618.5194 609.9772 601.4351 592.8929 584.3337 574.6166 564.8994 555.1821 545.4648 538.1598 533.4863 528.8127 524.1392 519.4656 531.8743 545.3342 558.7941 572.254 586.8939 603.2615 619.6289 635.9965 652.3642 648.5361 641.6785 634.8209 627.9632 621.0992 614.2226 607.3459 600.4692
695.4122 694.0283 692.6444 691.2605 689.8766 689.4335 689.2742 689.115 688.9558 689.072 690.1008 691.1295 692.1583 693.187 694.0027 694.7253 695.4478 696.1703 696.395 693.9944 691.5939 689.1933 686.7928 681.3701 674.1199 666.8698 659.6198 652.3675 645.0929 637.8183 630.5438 623.2692 615.2253 606.554 597.8826 589.2113 580.5229 570.6766 560.8302 550.9838 541.1374 533.7392 529.0118 524.2845 519.5571 514.8297 525.055 536.2003 547.3457 558.4911 571.4849 587.1852 602.8852 618.5854 634.2858 632.1912 627.4273 622.6634 617.8995 612.9067 607.4565 602.0063 596.556
695.4052 693.7575 692.1099 690.4623 688.8147 688.116 687.7038 687.2916 686.8794 686.8163 687.9096 689.0029 690.0963 691.1896 692.3208 693.4686 694.6163 695.7641 696.3651 694.0829 691.8007 689.5186 687.2365 681.6102 673.9617 666.3134 658.6649 651.0125 643.3181 635.6237 627.9293 620.2349 611.9313 603.1308 594.3303 585.5297 576.7121 566.7367 556.7611 546.7855 536.8099 529.3186 524.5374 519.7562 514.975 510.1938 518.2356 527.0665 535.8973 544.7281 556.0759 571.1088 586.1415 601.1744 616.2073 615.8463 613.1761 610.5059 607.8357 604.7143 600.6904 596.6666 592.6428
695.3981 693.4868 691.5754 689.6641 687.7527 686.7985 686.1334 685.4681 684.803 684.5605 685.7184 686.8763 688.0342 689.1922 690.6389 692.2118 693.7848 695.3578 696.335 694.1713 692.0076 689.8438 687.6801 681.8502 673.8035 665.7568 657.7101 649.6575 641.5433 633.429 625.3148 617.2006 608.6372 599.7075 590.7777 581.848 572.9012 562.7966 552.6918 542.587 532.4823 524.8978 520.0628 515.2278 510.3928 505.5578 511.416 517.9323 524.4485 530.9648 540.6663 555.0319 569.3972 583.7627 598.1282 599.5009 598.9244 598.348 597.7716 596.5215 593.9242 591.3268 588.7294
694.5038 692.204 689.9041 687.6042 685.3043 684.2125 683.4855 682.7584 682.0313 681.8251 683.344 684.8629 686.3818 687.9008 689.6202 691.4272 693.2343 695.0414 696.1989 693.9312 691.6636 689.3959 687.1284 681.3052 673.3321 665.359 657.3859 649.4075 641.3727 633.3378 625.303 617.2682 608.6522 599.5621 590.4719 581.3818 572.2712 561.7683 551.2653 540.7622 530.2592 522.5344 517.8406 513.1467 508.4529 503.7591 508.2646 513.3361 518.4076 523.4791 531.7807 544.812 557.8429 570.8741 583.9054 586.5209 587.5741 588.6273 589.6804 589.935 588.5925 587.2499 585.9073
693.2724 690.5365 687.8006 685.0648 682.3289 681.1443 680.428 679.7117 678.9954 678.9072 680.8998 682.8925 684.885 686.8776 688.8535 690.822 692.7906 694.7592 696.0223 693.5663 691.1103 688.6542 686.1982 680.4617 672.7416 665.0215 657.3015 649.5774 641.8117 634.046 626.2803 618.5146 609.9247 600.6623 591.3999 582.1376 572.8499 561.8465 550.8428 539.8392 528.8356 520.9526 516.4741 511.9956 507.5171 503.0386 506.5068 510.4641 514.4213 518.3786 525.3738 536.8171 548.2604 559.7038 571.1472 574.8193 577.3257 579.8322 582.3386 583.9586 583.8056 583.6527 583.4998
692.041 688.8691 685.6973 682.5254 679.3536 678.0761 677.3706 676.6651 675.9596 675.9895 678.4557 680.922 683.3882 685.8545 688.0869 690.2169 692.3469 694.4769 695.8458 693.2014 690.5569 687.9125 685.2682 679.6183 672.1512 664.6841 657.217 649.7473 642.2507 634.7542 627.2576 619.761 611.1971 601.7625 592.3279 582.8932 573.4286 561.9246 550.4205 538.9163 527.412 519.3709 515.1077 510.8445 506.5813 502.318 504.7491 507.5922 510.4352 513.2783 518.967 528.8227 538.6782 548.5338 558.3895 563.1182 567.0778 571.0374 574.997 577.9824 579.019 580.0556 581.0922
690.8095 687.2017 683.5938 679.986 676.3781 675.0079 674.3132 673.6184 672.9236 673.0717 676.0116 678.9515 681.8914 684.8313 687.3201 689.6117 691.9032 694.1947 695.6693 692.8365 690.0037 687.1708 684.3381 678.7749 671.5608 664.3466 657.1325 649.9172 642.6898 635.4623 628.2349 621.0074 612.4696 602.8627 593.2559 583.649 574.0073 562.0028 549.998 537.9933 525.9885 517.7892 513.7413 509.6933 505.6454 501.5975 502.9914 504.7202 506.4489 508.1777 512.5601 520.8279 529.0956 537.3634 545.6312 551.4165 556.8294 562.2423 567.6552 572.0059 574.2322 576.4584 578.6847
689.3154 685.2875 681.2596 677.2318 673.2039 671.743 671.0572 670.3713 669.6855 669.9359 673.2876 676.6394 679.9911 683.3429 686.0616 688.5034 690.9452 693.3869 694.9578 691.9365 688.9153 685.8942 682.873 677.428 670.5174 663.6068 656.6962 649.7861 642.8821 635.9781 629.074 622.17 613.763 604.1299 594.4968 584.8637 575.1907 562.8054 550.4199 538.0344 525.6489 517.2585 513.2266 509.1945 505.1625 501.1305 501.6318 502.4121 503.1924 503.9726 507.2484 514.1784 521.1083 528.0383 534.9683 541.6555 548.3063 554.9571 561.6079 567.1564 570.5001 573.8439 577.1876
686.5737 682.2013 677.8289 673.4565 669.0842 667.5435 666.8577 666.1718 665.486 665.7638 669.2339 672.7042 676.1743 679.6445 682.4667 685.0053 687.5439 690.0826 691.7048 688.4952 685.2857 682.0761 678.8666 673.6893 667.3223 660.9554 654.5884 648.2252 641.9025 635.5797 629.257 622.9343 615.156 606.1904 597.2247 588.2591 579.2466 567.0497 554.8526 542.6555 530.4583 521.7209 516.7578 511.7946 506.8314 501.8682 502.1634 502.7822 503.401 504.0197 507.1385 513.9177 520.6969 527.4761 534.2554 541.1102 547.9763 554.8423 561.7084 567.6588 571.7776 575.8965 580.0154
683.832 679.1152 674.3983 669.6815 664.9647 663.3441 662.6583 661.9724 661.2866 661.5919 665.1804 668.769 672.3576 675.9462 678.8718 681.5073 684.1429 686.7784 688.452 685.0541 681.6561 678.2582 674.8603 669.9508 664.1274 658.304 652.4807 646.6644 640.9229 635.1814 629.4399 623.6985 616.549 608.2507 599.9526 591.6544 583.3024 571.2938 559.2851 547.2763 535.2676 526.1831 520.2888 514.3945 508.5002 502.6059 502.695 503.1523 503.6096 504.0669 507.0285 513.657 520.2855 526.9141 533.5427 540.5649 547.6463 554.7277 561.809 568.1613 573.0552 577.9491 582.843
681.0903 676.0291 670.9678 665.9065 660.8452 659.1447 658.4589 657.773 657.0872 657.4199 661.1269 664.8339 668.5409 672.2479 675.2769 678.0093 680.7418 683.4742 685.1992 681.6129 678.0266 674.4402 670.8539 666.2123 660.9325 655.6527 650.3729 645.1035 639.9433 634.7831 629.6229 624.4627 617.9419 610.3112 602.6804 595.0496 587.3581 575.538 563.7175 551.8972 540.0768 530.6453 523.8198 516.9944 510.169 503.3436 503.2266 503.5224 503.8182 504.114 506.9185 513.3964 519.8741 526.352 532.8299 540.0197 547.3163 554.613 561.9096 568.6636 574.3326 580.0016 585.6707
678.3486 672.9428 667.537 662.1313 656.7255 654.9452 654.2593 653.5735 652.8876 653.2478 657.0732 660.8986 664.7241 668.5495 671.6819 674.5112 677.3406 680.1699 681.9464 678.1716 674.3969 670.6222 666.8475 662.4736 657.7374 653.0013 648.2651 643.5426 638.9637 634.3848 629.8058 625.2269 619.3349 612.3716 605.4083 598.445 591.414 579.7822 568.1502 556.5182 544.8862 535.1076 527.351 519.5944 511.8379 504.0813 503.7582 503.8925 504.0268 504.1611 506.8085 513.1357 519.4627 525.7899 532.1171 539.4744 546.9863 554.4982 562.0101 569.1661 575.6102 582.0543 588.4984
673.7653 668.2632 662.7612 657.2592 651.7571 649.8798 649.0966 648.3135 647.5303 647.7476 651.2789 654.8101 658.3414 661.8726 664.878 667.6533 670.4285 673.2037 674.9513 671.28 667.6087 663.9374 660.2662 656.3077 652.1755 648.0433 643.9111 639.7866 635.742 631.6974 627.6528 623.6082 618.2905 611.9343 605.5781 599.2219 592.7947 581.5492 570.3035 559.0577 547.812 538.1024 530.0688 522.0352 514.0015 505.9679 505.8652 506.2506 506.6361 507.0215 509.9448 516.5841 523.2233 529.8627 536.502 543.8977 551.4069 558.916 566.4252 573.7784 580.8198 587.8612 594.9026
668.0681 662.6199 657.1717 651.7234 646.2753 644.2905 643.3512 642.412 641.4727 641.444 644.4316 647.4193 650.4069 653.3945 656.1333 658.7632 661.3932 664.0231 665.6931 662.3017 658.9103 655.519 652.1277 648.6738 645.1821 641.6904 638.1988 634.703 631.1644 627.6257 624.0871 620.5485 615.7724 609.9868 604.2011 598.4155 592.558 581.8184 571.0786 560.3388 549.5991 540.2101 532.2949 524.3796 516.4644 508.5492 508.925 509.811 510.6971 511.5831 515.0441 522.2755 529.5068 536.7382 543.9695 551.3254 558.7001 566.0746 573.4492 580.876 588.4072 595.9385 603.4697
662.3711 656.9767 651.5823 646.188 640.7936 638.7014 637.606 636.5107 635.4153 635.1407 637.5847 640.0287 642.4727 644.9167 647.389 649.8735 652.3582 654.8428 656.4352 653.3237 650.2123 647.1008 643.9894 641.0402 638.189 635.3378 632.4866 629.6196 626.587 623.5543 620.5215 617.4889 613.2543 608.0392 602.8242 597.6091 592.3212 582.0876 571.8537 561.6199 551.386 542.3177 534.5209 526.7241 518.9272 511.1304 511.9847 513.3713 514.7579 516.1445 520.1432 527.9667 535.79 543.6134 551.4369 558.753 565.993 573.233 580.473 587.9734 595.9944 604.0155 612.0366
