data/zism_data/01136_01_D.txt
ncols         224
nrows         224
[rows 93 to 123 of 224, columns 138 to 206 of 224]
133.3104 137.1028 140.8951 144.6874 148.6829 152.8564 157.0299 161.2035 165.377 169.3807 173.3779 177.3752 181.3724 185.2816 189.0556 192.8295 196.6036 200.3775 207.511 215.358 223.205 231.052 239.1644 248.0492 256.9341 265.819 274.7039 280.1954 284.1348 288.0741 292.0134 295.2754 293.4154 291.5554 289.6955 287.8355 286.1818 284.6986 283.2155 281.7323 280.2491 280.3027 280.3907 280.4787 280.5666 280.2298 279.2785 278.3272 277.3759 276.4247 275.166 273.8484 272.5309 271.2133 270.0499 269.3028 268.5558 267.8087 267.0616 266.3993 265.7732 265.1471 264.5209 263.7621 262.1252 260.4884 258.8516 257.2148 254.9678
132.4473 136.4534 140.4594 144.4655 148.6662 153.0374 157.4086 161.7798 166.1511 170.2443 174.3271 178.4098 182.4926 186.4051 190.0562 193.7073 197.3584 201.0094 208.2052 216.1537 224.1022 232.0508 240.2605 249.2309 258.2012 267.1716 276.142 281.6604 285.5997 289.539 293.4783 296.8189 295.6322 294.4455 293.2588 292.0721 290.9688 289.9345 288.9002 287.8658 286.8315 286.8113 286.8138 286.8163 286.8188 286.3746 285.2844 284.1942 283.1039 282.0137 280.5578 279.0318 277.5059 275.98 274.7265 274.2092 273.6919 273.1746 272.6573 272.1423 271.6284 271.1145 270.6006 269.9153 268.0969 266.2784 264.4599 262.6414 260.2878
132.2489 136.2975 140.3461 144.3946 148.6238 153.0111 157.3985 161.7858 166.1731 170.2694 174.3546 178.4398 182.525 186.4745 190.2154 193.9563 197.6973 201.4382 208.9859 217.342 225.6982 234.0544 242.5683 251.5412 260.514 269.4868 278.4597 283.9611 287.8745 291.7878 295.7012 299.1327 298.9202 298.7077 298.4952 298.2827 297.903 297.3849 296.8669 296.3489 295.8309 295.3578 294.8856 294.4135 293.9413 293.1512 291.9013 290.6514 289.4015 288.1516 286.617 285.028 283.439 281.8499 280.5816 280.1799 279.7782 279.3765 278.9748 278.5186 278.0391 277.5596 277.08 276.3953 274.3536 272.312 270.2703 268.2286 265.7502
132.0704 136.1564 140.2424 144.3283 148.5807 152.9787 157.3767 161.7747 166.1727 170.2694 174.3546 178.4398 182.525 186.5124 190.3495 194.1866 198.0237 201.8608 209.7691 218.5421 227.315 236.088 244.9122 253.8851 262.8579 271.8307 280.8036 286.2867 290.1733 294.06 297.9466 301.4693 302.24 303.0107 303.7813 304.552 304.901 304.9013 304.9016 304.9019 304.9022 303.9648 303.0063 302.0479 301.0895 299.9464 298.5363 297.1261 295.7159 294.3057 292.696 291.0482 289.4004 287.7526 286.4716 286.1821 285.8927 285.6032 285.3137 284.9135 284.4661 284.0186 283.5712 282.8848 280.6187 278.3526 276.0865 273.8204 271.2166
131.8919 136.0153 140.1386 144.262 148.5375 152.9462 157.3549 161.7636 166.1723 170.2694 174.3546 178.4398 182.525 186.5503 190.4836 194.4169 198.3502 202.2834 210.5524 219.7421 228.9319 238.1216 247.2561 256.229 265.2018 274.1747 283.1475 288.6122 292.4722 296.3321 300.192 303.806 305.5598 307.3137 309.0675 310.8214 311.899 312.4176 312.9362 313.4548 313.9734 312.5717 311.1271 309.6825 308.2378 306.7417 305.1712 303.6007 302.0302 300.4597 298.775 297.0684 295.3618 293.6552 292.3616 292.1844 292.0071 291.8298 291.6526 291.3084 290.8931 290.4777 290.0623 289.3742 286.8837 284.3932 281.9027 279.4122 276.6831
131.7134 135.8741 140.0349 144.1957 148.4944 152.9138 157.3332 161.7526 166.172 170.2694 174.3546 178.4398 182.525 186.5882 190.6177 194.6471 198.6767 202.7061 211.3357 220.9422 230.5488 240.1553 249.6001 258.573 267.5458 276.5186 285.4915 290.9379 294.7711 298.6043 302.4375 306.1427 308.8797 311.6168 314.3539 317.0909 318.8972 319.9341 320.9711 322.0081 323.045 321.179 319.2481 317.3172 315.3863 313.5372 311.8064 310.0756 308.3448 306.614 304.8542 303.0888 301.3234 299.558 298.2519 298.1868 298.1218 298.0567 297.9917 297.7036 297.3203 296.937 296.5536 295.864 293.149 290.4341 287.7191 285.0042 282.1498
132.8272 136.9131 140.999 145.0849 149.2777 153.564 157.8504 162.1367 166.4231 170.4637 174.4951 178.5264 182.5577 186.5845 190.6046 194.6247 198.6449 202.6649 211.3069 220.9305 230.5541 240.1777 249.6386 258.6249 267.6113 276.5976 285.5839 291.3675 295.6861 300.0046 304.3231 308.5877 312.4449 316.3022 320.1594 324.0166 326.5829 328.082 329.5811 331.0802 332.5793 330.2457 327.8263 325.4069 322.9875 320.8326 319.0606 317.2885 315.5164 313.7444 312.1755 310.6455 309.1156 307.5856 306.5126 306.6743 306.8359 306.9977 307.1593 307.0403 306.8013 306.5623 306.3233 305.6883 302.4345 299.1807 295.927 292.6732 289.321
135.7237 139.5798 143.436 147.2921 151.201 155.156 159.1111 163.0661 167.0212 170.9261 174.8293 178.7323 182.6354 186.5235 190.3886 194.2537 198.1189 201.984 210.1581 219.2473 228.3365 237.4258 246.497 255.5154 264.5338 273.5522 282.5706 289.1819 294.6921 300.2022 305.7123 311.1823 316.3487 321.5152 326.6815 331.8479 335.2173 337.1011 338.985 340.8689 342.7527 339.9467 337.0357 334.1246 331.2136 328.8184 327.1692 325.52 323.8708 322.2217 321.2108 320.3221 319.4334 318.5447 318.0435 318.59 319.1364 319.6829 320.2293 320.4351 320.4954 320.5556 320.6159 320.1129 315.8867 311.6603 307.4341 303.2078 298.844
138.6201 142.2465 145.8728 149.4992 153.1242 156.748 160.3717 163.9955 167.6193 171.3886 175.1635 178.9383 182.7131 186.4624 190.1725 193.8827 197.5929 201.3031 209.0093 217.5641 226.119 234.6739 243.3556 252.406 261.4565 270.5069 279.5573 286.9962 293.6981 300.3998 307.1015 313.7768 320.2523 326.728 333.2035 339.679 343.8514 346.12 348.3886 350.6572 352.9258 349.6473 346.2447 342.8421 339.4395 336.8038 335.2775 333.7513 332.225 330.6987 330.2458 329.9984 329.7508 329.5033 329.5742 330.5053 331.4365 332.3677 333.2989 333.8294 334.1889 334.5484 334.908 334.5371 329.3383 324.1396 318.9407 313.7419 308.3666
141.5166 144.9132 148.3098 151.7064 155.0475 158.34 161.6325 164.9249 168.2174 171.851 175.4977 179.1442 182.7908 186.4013 189.9565 193.5117 197.0669 200.6221 207.8604 215.881 223.9015 231.922 240.214 249.2965 258.379 267.4615 276.544 284.8106 292.7041 300.5974 308.4908 316.3714 324.1561 331.9409 339.7256 347.5103 352.4859 355.1392 357.7925 360.4459 363.0992 359.3483 355.4541 351.5599 347.6656 344.7895 343.3861 341.9828 340.5794 339.176 339.2812 339.6749 340.0686 340.4624 341.1052 342.4211 343.737 345.0529 346.3688 347.2242 347.883 348.5417 349.2005 348.9618 342.7905 336.6192 330.4478 324.2765 317.8896
144.4131 147.5799 150.7467 153.9135 156.9708 159.932 162.8931 165.8543 168.8155 172.3134 175.8318 179.3501 182.8685 186.3402 189.7405 193.1407 196.541 199.9412 206.7116 214.1978 221.684 229.1702 237.0725 246.1871 255.3017 264.4162 273.5308 282.625 291.7101 300.795 309.8799 318.9659 328.0597 337.1537 346.2476 355.3414 361.12 364.1581 367.1961 370.2342 373.2722 369.049 364.6631 360.2773 355.8915 352.775 351.4945 350.214 348.9335 347.653 348.3162 349.3511 350.3861 351.421 352.6358 354.3364 356.037 357.7377 359.4384 360.6186 361.5766 362.5346 363.4926 363.386 356.2422 349.0984 341.9545 334.8107 327.4122
148.6171 151.6424 154.6677 157.693 160.4681 163.0236 165.5791 168.1346 170.6902 173.7812 176.8925 180.0038 183.1151 186.237 189.3754 192.5138 195.6523 198.7906 205.0361 211.9415 218.8469 225.7523 233.2019 242.237 251.2721 260.3072 269.3423 278.684 288.1661 297.6481 307.1301 316.6844 326.7853 336.8864 346.9874 357.0884 363.6148 367.1863 370.7578 374.3293 377.9008 373.831 369.5901 365.3493 361.1084 358.257 357.4154 356.5738 355.7321 354.8905 356.1819 357.8813 359.5807 361.2801 363.3134 366.2491 369.1848 372.1206 375.0563 377.4572 379.6298 381.8024 383.975 384.7762 376.5111 368.2461 359.981 351.716 342.6376
153.017 155.9141 158.8112 161.7083 164.2013 166.3401 168.4788 170.6176 172.7563 175.3996 178.0621 180.7245 183.387 186.1275 188.9881 191.8486 194.7092 197.5697 203.2817 209.5993 215.9169 222.2346 229.222 238.1609 247.0998 256.0388 264.9777 274.4798 284.2398 293.9997 303.7595 313.6715 324.7342 335.7972 346.86 357.9227 365.1886 369.3158 373.443 377.5703 381.6974 377.875 373.8746 369.8742 365.8738 363.3633 363.0079 362.6525 362.2971 361.9418 363.8719 366.2393 368.6066 370.9739 373.8627 378.161 382.4592 386.7576 391.0558 394.8118 398.3363 401.8607 405.3852 407.2104 397.8018 388.3933 378.9848 369.5763 358.7177
157.417 160.1858 162.9547 165.7235 167.9346 169.6565 171.3785 173.1005 174.8224 177.0181 179.2317 181.4453 183.6589 186.018 188.6007 191.1833 193.7661 196.3488 201.5273 207.2571 212.987 218.7168 225.2421 234.0848 242.9276 251.7703 260.613 270.2757 280.3135 290.3512 300.3889 310.6586 322.6831 334.7079 346.7325 358.757 366.7624 371.4453 376.1282 380.8112 385.4941 381.919 378.159 374.3991 370.6391 368.4696 368.6004 368.7313 368.8622 368.993 371.5619 374.5972 377.6324 380.6677 384.412 390.0728 395.7336 401.3946 407.0554 412.1664 417.0428 421.919 426.7954 429.6446 419.0926 408.5406 397.9886 387.4366 374.7979
161.8171 164.4577 167.0983 169.7389 171.6679 172.9731 174.2783 175.5835 176.8887 178.6366 180.4014 182.1661 183.9308 185.9085 188.2133 190.5181 192.823 195.1278 199.7728 204.9149 210.0569 215.199 221.2621 230.0086 238.7552 247.5017 256.2483 266.0714 276.3871 286.7026 297.0182 307.6456 320.632 333.6186 346.605 359.5914 368.3363 373.5749 378.8135 384.0522 389.2909 385.9631 382.4436 378.9242 375.4047 373.576 374.1932 374.8103 375.4274 376.0446 379.2521 382.9554 386.6586 390.3618 394.9616 401.9851 409.0085 416.032 423.0555 429.5217 435.7499 441.9781 448.2064 452.0796 440.384 428.6885 416.993 405.2975 390.8786
166.5291 169.2186 171.9081 174.5977 176.3357 177.2394 178.1432 179.0469 179.9506 181.1399 182.3399 183.54 184.74 186.266 188.293 190.3199 192.3469 194.3739 198.5698 203.2263 207.8828 212.5393 218.2189 226.8795 235.5401 244.2007 252.8613 262.6774 273.0222 283.3669 293.7115 304.4126 317.8088 331.2052 344.6014 357.9976 367.1669 372.842 378.5171 384.1923 389.8674 387.081 384.1052 381.1294 378.1536 376.8793 378.0662 379.253 380.4399 381.6267 385.5909 390.0864 394.5819 399.0773 404.5587 412.7044 420.8502 428.9961 437.1419 444.4161 451.3181 458.2202 465.1223 469.433 456.6127 443.7924 430.9722 418.1519 402.5146
171.9079 175.025 178.142 181.259 183.0002 183.5353 184.0703 184.6053 185.1404 185.5336 185.9214 186.3092 186.6971 187.6215 189.3706 191.1197 192.8688 194.6179 198.5447 202.9341 207.3234 211.7128 217.177 225.7735 234.37 242.9664 251.5629 261.0142 270.8568 280.6991 290.5415 300.709 313.3358 325.9627 338.5895 351.2162 360.1368 365.9936 371.8503 377.7072 383.564 381.9471 380.1629 378.3787 376.5945 376.3306 378.2655 380.2004 382.1354 384.0703 389.0427 394.5963 400.1497 405.7032 412.1214 420.8763 429.6312 438.3863 447.1413 454.0549 460.1821 466.3093 472.4366 475.9318 462.0268 448.1218 434.2168 420.3118 404.6558
177.2866 180.8311 184.3756 187.9201 189.6645 189.8309 189.9972 190.1636 190.3299 189.9271 189.5028 189.0784 188.6541 188.9769 190.4481 191.9194 193.3907 194.8619 198.5197 202.6419 206.764 210.8862 216.1352 224.6675 233.1999 241.7322 250.2646 259.3512 268.6914 278.0315 287.3716 297.0056 308.8629 320.7205 332.5778 344.4351 353.1069 359.1453 365.1838 371.2223 377.2607 376.8133 376.2207 375.6281 375.0355 375.7818 378.4648 381.1478 383.8308 386.5138 392.4944 399.106 405.7175 412.3289 419.6838 429.0479 438.412 447.7762 457.1403 463.6933 469.0457 474.3982 479.7507 482.4304 467.4407 452.451 437.4612 422.4716 406.797
182.6655 186.6375 190.6094 194.5814 196.3291 196.1267 195.9244 195.722 195.5197 194.3209 193.0843 191.8477 190.6111 190.3324 191.5257 192.7191 193.9125 195.1059 198.4946 202.3496 206.2046 210.0596 215.0933 223.5615 232.0298 240.498 248.9662 257.688 266.526 275.3638 284.2015 293.3021 304.39 315.478 326.5659 337.6537 346.0768 352.2969 358.517 364.7372 370.9573 371.6794 372.2784 372.8774 373.4764 375.2331 378.6642 382.0952 385.5263 388.9574 395.9463 403.6159 411.2854 418.9549 427.2465 437.2198 447.193 457.1664 467.1397 473.3321 477.9097 482.4873 487.0651 488.9292 472.8547 456.7803 440.7058 424.6314 408.9382
188.0442 192.4436 196.843 201.2424 202.9934 202.4223 201.8513 201.2803 200.7092 198.7144 196.6656 194.6169 192.5681 191.6878 192.6033 193.5188 194.4344 195.3499 198.4696 202.0574 205.6453 209.2331 214.0515 222.4556 230.8597 239.2638 247.6679 256.0249 264.3606 272.6961 281.0316 289.5987 299.9171 310.2357 320.5542 330.8726 339.0469 345.4487 351.8505 358.2523 364.6541 366.5457 368.3362 370.1268 371.9174 374.6843 378.8635 383.0426 387.2218 391.4009 399.398 408.1256 416.8531 425.5805 434.809 445.3914 455.9738 466.5563 477.1387 482.9705 486.7733 490.5762 494.3792 495.4278 478.2686 461.1095 443.9503 426.7911 411.0794
196.5242 202.1228 207.7213 213.3199 215.5417 214.8031 214.0645 213.3259 212.5872 208.819 204.9359 201.0529 197.1699 194.9766 195.3803 195.784 196.1877 196.5914 199.594 203.1486 206.7032 210.2579 214.9911 223.1587 231.3263 239.4939 247.6615 255.6841 263.6406 271.597 279.5533 287.688 297.1713 306.6547 316.138 325.6212 333.4384 339.8782 346.318 352.7579 359.1978 361.8582 364.4341 367.0099 369.5857 372.9533 377.466 381.9787 386.4914 391.0041 399.2365 408.1808 417.1248 426.0689 435.4659 446.0869 456.708 467.3292 477.9503 483.4807 486.8371 490.1935 493.55 494.2943 477.7701 461.246 444.7219 428.1978 413.0223
205.9402 212.9708 220.0014 227.0319 229.8658 229.0203 228.1749 227.3294 226.4839 220.6472 214.6214 208.5957 202.57 198.8489 198.6702 198.4915 198.3127 198.134 201.0654 204.6574 208.2495 211.8415 216.5288 224.4079 232.2869 240.166 248.045 255.7425 263.357 270.9713 278.5857 286.3185 294.9468 303.5753 312.2036 320.832 328.2593 334.6938 341.1282 347.5628 353.9973 357.3057 360.5441 363.7825 367.0209 370.8655 375.5866 380.3077 385.0287 389.7498 397.9843 406.8912 415.7979 424.7045 434.0381 444.5256 455.013 465.5006 475.9881 481.2352 484.2443 487.2534 490.2625 490.8567 475.4868 460.1169 444.7469 429.377 414.9052
215.3564 223.8191 232.2818 240.7445 244.1904 243.2381 242.2857 241.3334 240.381 232.4759 224.3072 216.1387 207.9702 202.7214 201.9602 201.199 200.4378 199.6766 202.5369 206.1663 209.7957 213.4252 218.0666 225.6571 233.2476 240.8381 248.4286 255.8008 263.0733 270.3457 277.6181 284.949 292.7223 300.4958 308.2692 316.0425 323.08 329.5091 335.9382 342.3675 348.7966 352.753 356.654 360.5551 364.4561 368.7776 373.7071 378.6366 383.566 388.4955 396.7321 405.6015 414.4708 423.3401 432.6103 442.9641 453.318 463.672 474.0259 478.9896 481.6514 484.3131 486.9749 487.4191 473.2034 458.9876 444.7719 430.5562 416.7881
224.7724 234.6671 244.5618 254.4565 258.5145 257.4553 256.3961 255.3369 254.2776 244.3041 233.9927 223.6815 213.3703 206.5937 205.2501 203.9065 202.5628 201.2192 204.0083 207.6751 211.3419 215.0088 219.6044 226.9063 234.2083 241.5102 248.8122 255.8592 262.7897 269.7201 276.6505 283.5795 290.4979 297.4164 304.3348 311.2533 317.9009 324.3246 330.7484 337.1723 343.5961 348.2004 352.7641 357.3277 361.8913 366.6898 371.8276 376.9655 382.1034 387.2413 395.4799 404.3119 413.1438 421.9756 431.1825 441.4028 451.623 461.8435 472.0638 476.7441 479.0586 481.373 483.6874 483.9816 470.92 457.8585 444.797 431.7354 418.6711
233.7132 244.9412 256.1693 267.3973 272.0404 270.9103 269.7802 268.6501 267.5201 255.8589 243.7985 231.7383 219.6781 211.5946 209.6232 207.6519 205.6805 203.7091 206.3789 210.0343 213.6898 217.3452 221.8462 228.8108 235.7754 242.74 249.7046 256.4063 262.9879 269.5694 276.1508 282.6887 288.8974 295.1061 301.3148 307.5235 313.8152 320.1755 326.5359 332.8963 339.2567 344.3339 349.3824 354.4309 359.4794 364.6017 369.8307 375.0597 380.2886 385.5175 393.5746 402.173 410.7711 419.3693 428.3522 438.375 448.3978 458.4208 468.4436 472.9427 475.0829 477.2231 479.3633 479.6736 467.887 456.1005 444.3139 432.5273 420.2594
240.944 253.1498 265.3557 277.5616 282.6929 281.6216 280.5503 279.4789 278.4077 266.4294 254.0377 241.6462 229.2548 220.6588 217.8966 215.1344 212.3722 209.61 211.9869 215.4553 218.9238 222.3922 226.6228 233.0745 239.5261 245.9778 252.4294 258.7134 264.921 271.1284 277.3358 283.5215 289.5431 295.5648 301.5865 307.6081 313.666 319.7538 325.8416 331.9296 338.0174 342.9371 347.8306 352.7242 357.6177 362.513 367.4106 372.3083 377.206 382.1036 389.3181 396.9759 404.6336 412.2913 420.4723 430.0676 439.6629 449.2584 458.8537 463.5395 466.1285 468.7176 471.3066 472.2314 462.1548 452.0782 442.0016 431.9249 420.7873
248.1744 261.3582 274.5419 287.7256 293.345 292.3325 291.3199 290.3074 289.2948 276.9995 264.2766 251.5538 238.8311 229.7227 226.1697 222.6167 219.0636 215.5106 217.5948 220.8762 224.1576 227.439 231.3993 237.338 243.2767 249.2154 255.154 261.0204 266.8539 272.6873 278.5207 284.3542 290.1888 296.0235 301.8581 307.6927 313.5168 319.3321 325.1475 330.9629 336.7782 341.5403 346.2789 351.0175 355.7561 360.4243 364.9907 369.5571 374.1234 378.6898 385.0617 391.7791 398.4963 405.2136 412.5927 421.7606 430.9284 440.0964 449.2643 454.1366 457.1745 460.2123 463.2502 464.7896 456.4228 448.0561 439.6893 431.3225 421.3152
255.4052 269.5667 283.7283 297.8899 303.9975 303.0437 302.0899 301.1362 300.1824 287.57 274.5158 261.4618 248.4077 238.7869 234.4431 230.0992 225.7553 221.4114 223.2028 226.2972 229.3916 232.4859 236.176 241.6017 247.0274 252.4531 257.8788 263.3275 268.787 274.2463 279.7056 285.1869 290.8345 296.4822 302.1298 307.7774 313.3676 318.9104 324.4532 329.9961 335.5389 340.1435 344.7271 349.3108 353.8943 358.3356 362.5706 366.8057 371.0408 375.2759 380.8051 386.582 392.3588 398.1357 404.7128 413.4532 422.1935 430.9341 439.6744 444.7334 448.2201 451.7068 455.1935 457.3475 450.6906 444.0338 437.377 430.7202 421.8431
262.6357 277.7751 292.9145 308.0539 314.6496 313.7546 312.8596 311.9646 311.0696 298.1402 284.7546 271.3694 257.984 247.8508 242.7161 237.5815 232.4467 227.312 228.8106 231.718 234.6254 237.5327 240.9525 245.8652 250.778 255.6907 260.6034 265.6346 270.7199 275.8052 280.8905 286.0196 291.4802 296.9409 302.4015 307.862 313.2184 318.4887 323.759 329.0294 334.2997 338.7468 343.1754 347.6041 352.0327 356.2469 360.1507 364.0545 367.9583 371.8621 376.5487 381.3852 386.2216 391.0579 396.8332 405.1461 413.459 421.772 430.0849 435.3304 439.266 443.2015 447.1371 449.9056 444.9586 440.0117 435.0647 430.1178 422.371
270.2398 286.0757 301.9116 317.7474 324.6713 323.7816 322.892 322.0023 321.1127 308.0942 294.6161 281.1382 267.6602 257.3136 251.78 246.2463 240.7126 235.1789 236.2153 238.6471 241.0789 243.5107 246.4736 250.9838 255.494 260.0042 264.5143 269.2651 274.1261 278.9869 283.8478 288.7373 293.8434 298.9496 304.0558 309.1619 314.1424 319.019 323.8957 328.7724 333.6491 337.915 342.1674 346.4197 350.672 354.7411 358.5452 362.3492 366.1533 369.9573 374.2272 378.5863 382.9454 387.3044 392.4955 399.9356 407.3758 414.816 422.2561 427.3453 431.4305 435.5156 439.6009 442.6701 439.0234 435.3767 431.73 428.0833 421.3935
278.0305 294.4221 310.8137 327.2053 334.3773 333.4663 332.5553 331.6443 330.7332 317.7397 304.2883 290.8371 277.3859 266.9754 261.2387 255.502 249.7652 244.0285 244.5181 246.3301 248.1421 249.954 252.3667 256.5295 260.6924 264.8553 269.0182 273.5573 278.2686 282.9798 287.6911 292.3973 297.0652 301.7333 306.4013 311.0693 315.6028 320.0253 324.4478 328.8703 333.2928 337.3659 341.4312 345.4965 349.5618 353.5269 357.347 361.1671 364.9872 368.8072 372.8734 376.9867 381.0999 385.2132 389.929 396.2738 402.6185 408.9633 415.308 420.0694 424.1546 428.2397 432.325 435.5381 432.9868 430.4355 427.8842 425.3329 419.6634
