data/zism_data/01138_03_D.txt
ncols         224
nrows         224
[rows 87 to 115 of 224, columns 130 to 194 of 224]
1386.062 1386.0 1386.0 1386.0 1386.0 1385.999 1385.923 1385.848 1385.773 1385.697 1385.59 1385.445 1385.301 1385.157 1385.013 1385.0 1385.0 1385.0 1385.0 1384.973 1384.897 1384.822 1384.746 1384.671 1384.54 1384.395 1384.251 1384.107 1384.0 1384.0 1384.0 1384.0 1384.0 1383.844 1383.624 1383.404 1383.185 1383.0 1383.0 1383.0 1383.0 1383.0 1382.998 1382.995 1382.991 1382.988 1382.973 1382.756 1382.54 1382.323 1382.107 1382.0 1382.0 1382.0 1382.0 1382.0 1381.996 1381.991 1381.987 1381.983 1381.893 1381.677 1381.462 1381.247 1381.031
1386.188 1386.115 1386.086 1386.057 1386.028 1385.999 1385.94 1385.881 1385.823 1385.764 1385.671 1385.539 1385.407 1385.275 1385.142 1385.105 1385.076 1385.047 1385.018 1384.977 1384.913 1384.85 1384.786 1384.722 1384.584 1384.427 1384.271 1384.115 1384.0 1384.0 1384.0 1384.0 1384.0 1383.871 1383.69 1383.508 1383.327 1383.169 1383.13 1383.092 1383.053 1383.015 1383.0 1383.0 1383.0 1383.0 1382.99 1382.808 1382.627 1382.445 1382.264 1382.155 1382.117 1382.078 1382.04 1382.002 1382.0 1382.0 1382.0 1382.0 1381.926 1381.745 1381.564 1381.382 1381.201
1386.327 1386.243 1386.182 1386.121 1386.06 1385.999 1385.957 1385.914 1385.871 1385.828 1385.751 1385.635 1385.519 1385.403 1385.287 1385.221 1385.161 1385.1 1385.039 1384.981 1384.928 1384.875 1384.822 1384.769 1384.624 1384.457 1384.29 1384.123 1384.0 1384.0 1384.0 1384.0 1384.0 1383.902 1383.763 1383.624 1383.486 1383.356 1383.275 1383.194 1383.113 1383.032 1383.0 1383.0 1383.0 1383.0 1382.992 1382.853 1382.715 1382.576 1382.438 1382.328 1382.247 1382.166 1382.085 1382.004 1382.0 1382.0 1382.0 1382.0 1381.944 1381.805 1381.667 1381.528 1381.389
1386.466 1386.37 1386.277 1386.184 1386.092 1386.0 1385.973 1385.946 1385.919 1385.892 1385.832 1385.732 1385.632 1385.532 1385.432 1385.338 1385.245 1385.152 1385.059 1384.985 1384.942 1384.9 1384.858 1384.816 1384.664 1384.486 1384.309 1384.131 1384.0 1384.0 1384.0 1384.0 1384.0 1383.932 1383.836 1383.74 1383.644 1383.544 1383.42 1383.296 1383.172 1383.048 1383.0 1383.0 1383.0 1383.0 1382.994 1382.899 1382.803 1382.707 1382.611 1382.501 1382.377 1382.253 1382.129 1382.005 1382.0 1382.0 1382.0 1382.0 1381.961 1381.865 1381.769 1381.673 1381.578
1386.605 1386.498 1386.373 1386.248 1386.123 1386.0 1385.989 1385.978 1385.968 1385.957 1385.912 1385.828 1385.744 1385.66 1385.576 1385.455 1385.33 1385.205 1385.08 1384.989 1384.957 1384.925 1384.894 1384.862 1384.703 1384.515 1384.327 1384.139 1384.0 1384.0 1384.0 1384.0 1384.0 1383.962 1383.909 1383.856 1383.803 1383.732 1383.565 1383.398 1383.232 1383.065 1383.0 1383.0 1383.0 1383.0 1382.997 1382.944 1382.891 1382.838 1382.784 1382.674 1382.507 1382.34 1382.174 1382.007 1382.0 1382.0 1382.0 1382.0 1381.978 1381.925 1381.872 1381.819 1381.766
1386.72 1386.608 1386.461 1386.315 1386.168 1386.024 1386.019 1386.013 1386.008 1386.003 1385.969 1385.901 1385.833 1385.765 1385.697 1385.552 1385.4 1385.249 1385.097 1384.992 1384.969 1384.947 1384.924 1384.901 1384.741 1384.549 1384.358 1384.166 1384.023 1384.017 1384.012 1384.007 1384.001 1383.984 1383.961 1383.939 1383.916 1383.868 1383.687 1383.505 1383.324 1383.143 1383.063 1383.049 1383.035 1383.021 1383.007 1382.982 1382.958 1382.933 1382.909 1382.805 1382.624 1382.442 1382.261 1382.08 1382.058 1382.044 1382.03 1382.016 1381.998 1381.974 1381.949 1381.925 1381.9
1386.786 1386.681 1386.534 1386.388 1386.241 1386.097 1386.075 1386.054 1386.033 1386.011 1385.976 1385.924 1385.872 1385.82 1385.768 1385.61 1385.443 1385.275 1385.107 1384.994 1384.976 1384.959 1384.942 1384.924 1384.774 1384.593 1384.412 1384.231 1384.091 1384.07 1384.049 1384.027 1384.006 1383.988 1383.97 1383.953 1383.936 1383.899 1383.761 1383.622 1383.484 1383.345 1383.256 1383.199 1383.143 1383.086 1383.031 1383.006 1382.982 1382.958 1382.933 1382.851 1382.712 1382.574 1382.435 1382.297 1382.236 1382.18 1382.123 1382.066 1382.022 1381.998 1381.974 1381.949 1381.925
1386.852 1386.754 1386.607 1386.461 1386.314 1386.169 1386.132 1386.095 1386.057 1386.02 1385.983 1385.947 1385.911 1385.876 1385.84 1385.669 1385.485 1385.301 1385.117 1384.996 1384.984 1384.972 1384.96 1384.948 1384.807 1384.637 1384.466 1384.296 1384.16 1384.123 1384.085 1384.048 1384.011 1383.991 1383.979 1383.968 1383.956 1383.93 1383.834 1383.739 1383.643 1383.547 1383.449 1383.349 1383.25 1383.15 1383.055 1383.031 1383.006 1382.982 1382.958 1382.897 1382.801 1382.705 1382.609 1382.514 1382.414 1382.315 1382.215 1382.116 1382.047 1382.022 1381.998 1381.974 1381.949
1386.918 1386.827 1386.68 1386.534 1386.387 1386.242 1386.189 1386.135 1386.082 1386.029 1385.991 1385.971 1385.951 1385.931 1385.911 1385.727 1385.527 1385.327 1385.127 1384.998 1384.991 1384.984 1384.978 1384.971 1384.84 1384.68 1384.521 1384.361 1384.229 1384.176 1384.122 1384.069 1384.016 1383.995 1383.989 1383.982 1383.975 1383.961 1383.908 1383.855 1383.802 1383.749 1383.642 1383.5 1383.357 1383.215 1383.079 1383.055 1383.031 1383.006 1382.982 1382.943 1382.89 1382.837 1382.784 1382.731 1382.592 1382.45 1382.308 1382.165 1382.071 1382.047 1382.022 1381.998 1381.973
1386.984 1386.9 1386.753 1386.607 1386.46 1386.315 1386.245 1386.176 1386.107 1386.037 1385.998 1385.994 1385.99 1385.987 1385.983 1385.785 1385.569 1385.354 1385.138 1385.0 1384.998 1384.997 1384.996 1384.994 1384.873 1384.724 1384.575 1384.426 1384.298 1384.228 1384.159 1384.089 1384.02 1383.999 1383.998 1383.996 1383.995 1383.993 1383.982 1383.972 1383.962 1383.951 1383.835 1383.65 1383.465 1383.28 1383.104 1383.079 1383.055 1383.031 1383.006 1382.989 1382.979 1382.968 1382.958 1382.948 1382.77 1382.585 1382.4 1382.215 1382.095 1382.071 1382.047 1382.022 1381.998
1387.0 1386.917 1386.771 1386.624 1386.478 1386.332 1386.259 1386.186 1386.113 1386.039 1386.0 1386.0 1386.0 1386.0 1386.0 1385.81 1385.603 1385.395 1385.188 1385.051 1385.039 1385.027 1385.014 1385.002 1384.901 1384.779 1384.656 1384.534 1384.422 1384.336 1384.251 1384.166 1384.08 1384.047 1384.035 1384.022 1384.01 1384.0 1384.0 1384.0 1384.0 1384.0 1383.901 1383.738 1383.575 1383.412 1383.255 1383.199 1383.142 1383.085 1383.028 1383.0 1383.0 1383.0 1383.0 1383.0 1382.844 1382.681 1382.518 1382.356 1382.236 1382.179 1382.122 1382.065 1382.008
1387.0 1386.917 1386.771 1386.624 1386.478 1386.332 1386.259 1386.186 1386.113 1386.039 1386.0 1386.0 1386.0 1386.0 1386.0 1385.825 1385.634 1385.442 1385.25 1385.118 1385.09 1385.062 1385.034 1385.005 1384.927 1384.837 1384.747 1384.656 1384.563 1384.462 1384.361 1384.259 1384.158 1384.108 1384.08 1384.052 1384.024 1384.0 1384.0 1384.0 1384.0 1384.0 1383.927 1383.807 1383.687 1383.567 1383.448 1383.348 1383.248 1383.149 1383.049 1383.0 1383.0 1383.0 1383.0 1383.0 1382.885 1382.765 1382.645 1382.525 1382.413 1382.313 1382.214 1382.114 1382.014
1387.0 1386.917 1386.771 1386.624 1386.478 1386.332 1386.259 1386.186 1386.113 1386.039 1386.0 1386.0 1386.0 1386.0 1386.0 1385.84 1385.664 1385.489 1385.313 1385.185 1385.141 1385.097 1385.053 1385.008 1384.953 1384.895 1384.837 1384.779 1384.705 1384.588 1384.47 1384.353 1384.235 1384.17 1384.126 1384.081 1384.037 1384.0 1384.0 1384.0 1384.0 1384.0 1383.953 1383.875 1383.798 1383.721 1383.64 1383.497 1383.355 1383.213 1383.07 1383.0 1383.0 1383.0 1383.0 1383.0 1382.926 1382.849 1382.771 1382.694 1382.59 1382.448 1382.305 1382.163 1382.021
1387.0 1386.917 1386.771 1386.624 1386.478 1386.332 1386.259 1386.186 1386.113 1386.039 1386.0 1386.0 1386.0 1386.0 1386.0 1385.854 1385.695 1385.535 1385.376 1385.252 1385.192 1385.132 1385.072 1385.011 1384.979 1384.953 1384.927 1384.901 1384.847 1384.714 1384.58 1384.446 1384.313 1384.231 1384.171 1384.111 1384.051 1384.0 1384.0 1384.0 1384.0 1384.0 1383.979 1383.944 1383.91 1383.875 1383.832 1383.646 1383.461 1383.276 1383.091 1383.0 1383.0 1383.0 1383.0 1383.0 1382.967 1382.932 1382.898 1382.863 1382.767 1382.582 1382.397 1382.212 1382.027
1387.0 1386.921 1386.78 1386.64 1386.499 1386.36 1386.281 1386.201 1386.122 1386.043 1386.0 1386.0 1386.0 1386.0 1386.0 1385.872 1385.731 1385.591 1385.451 1385.332 1385.253 1385.174 1385.094 1385.015 1385.0 1385.0 1385.0 1385.0 1384.963 1384.823 1384.683 1384.542 1384.402 1384.308 1384.232 1384.157 1384.082 1384.018 1384.014 1384.01 1384.006 1384.002 1384.0 1384.0 1384.0 1384.0 1383.988 1383.776 1383.564 1383.353 1383.141 1383.033 1383.025 1383.017 1383.008 1383.0 1383.0 1383.0 1383.0 1383.0 1382.914 1382.703 1382.491 1382.279 1382.068
1387.0 1386.939 1386.83 1386.722 1386.614 1386.505 1386.394 1386.283 1386.171 1386.06 1386.0 1386.0 1386.0 1386.0 1386.0 1385.901 1385.793 1385.684 1385.576 1385.467 1385.355 1385.244 1385.132 1385.021 1385.0 1385.0 1385.0 1385.0 1384.972 1384.863 1384.755 1384.647 1384.538 1384.446 1384.36 1384.274 1384.188 1384.112 1384.086 1384.061 1384.035 1384.01 1384.0 1384.0 1384.0 1384.0 1383.99 1383.821 1383.652 1383.484 1383.315 1383.206 1383.155 1383.104 1383.053 1383.002 1383.0 1383.0 1383.0 1383.0 1382.932 1382.763 1382.594 1382.425 1382.256
1387.0 1386.957 1386.881 1386.804 1386.728 1386.651 1386.507 1386.364 1386.22 1386.077 1386.0 1386.0 1386.0 1386.0 1386.0 1385.93 1385.854 1385.778 1385.702 1385.601 1385.457 1385.314 1385.171 1385.027 1385.0 1385.0 1385.0 1385.0 1384.98 1384.904 1384.828 1384.751 1384.675 1384.584 1384.488 1384.391 1384.294 1384.206 1384.159 1384.112 1384.065 1384.018 1384.0 1384.0 1384.0 1384.0 1383.993 1383.867 1383.74 1383.614 1383.488 1383.379 1383.285 1383.191 1383.098 1383.004 1383.0 1383.0 1383.0 1383.0 1382.949 1382.823 1382.697 1382.57 1382.444
1387.0 1386.975 1386.931 1386.887 1386.842 1386.796 1386.621 1386.445 1386.27 1386.094 1386.0 1386.0 1386.0 1386.0 1386.0 1385.96 1385.915 1385.871 1385.827 1385.735 1385.56 1385.384 1385.209 1385.033 1385.0 1385.0 1385.0 1385.0 1384.988 1384.944 1384.9 1384.856 1384.812 1384.723 1384.615 1384.508 1384.401 1384.299 1384.231 1384.163 1384.095 1384.027 1384.0 1384.0 1384.0 1384.0 1383.995 1383.912 1383.828 1383.745 1383.662 1383.551 1383.415 1383.279 1383.142 1383.006 1383.0 1383.0 1383.0 1383.0 1382.966 1382.883 1382.799 1382.716 1382.633
1387.0 1386.993 1386.981 1386.969 1386.957 1386.942 1386.734 1386.526 1386.319 1386.111 1386.0 1386.0 1386.0 1386.0 1386.0 1385.989 1385.977 1385.965 1385.952 1385.869 1385.662 1385.454 1385.247 1385.039 1385.0 1385.0 1385.0 1385.0 1384.997 1384.985 1384.973 1384.96 1384.948 1384.861 1384.743 1384.625 1384.507 1384.393 1384.304 1384.214 1384.125 1384.035 1384.0 1384.0 1384.0 1384.0 1383.998 1383.957 1383.916 1383.876 1383.835 1383.724 1383.545 1383.366 1383.187 1383.008 1383.0 1383.0 1383.0 1383.0 1382.984 1382.943 1382.902 1382.862 1382.821
1387.009 1387.0 1387.0 1387.0 1387.0 1386.997 1386.801 1386.604 1386.407 1386.211 1386.095 1386.072 1386.048 1386.025 1386.002 1386.0 1386.0 1386.0 1386.0 1385.929 1385.732 1385.536 1385.339 1385.143 1385.087 1385.064 1385.04 1385.017 1385.0 1385.0 1385.0 1385.0 1385.0 1384.925 1384.82 1384.714 1384.609 1384.503 1384.399 1384.295 1384.19 1384.086 1384.039 1384.029 1384.019 1384.009 1383.999 1383.978 1383.957 1383.936 1383.914 1383.818 1383.65 1383.481 1383.312 1383.143 1383.11 1383.084 1383.057 1383.031 1383.005 1382.981 1382.956 1382.932 1382.908
1387.023 1387.0 1387.0 1387.0 1387.0 1386.998 1386.839 1386.679 1386.52 1386.361 1386.248 1386.187 1386.126 1386.066 1386.005 1386.0 1386.0 1386.0 1386.0 1385.942 1385.783 1385.624 1385.465 1385.306 1385.227 1385.166 1385.105 1385.045 1385.0 1385.0 1385.0 1385.0 1385.0 1384.944 1384.865 1384.786 1384.708 1384.623 1384.508 1384.393 1384.278 1384.163 1384.102 1384.076 1384.05 1384.024 1383.999 1383.983 1383.968 1383.952 1383.936 1383.864 1383.738 1383.612 1383.486 1383.36 1383.288 1383.219 1383.15 1383.081 1383.03 1383.005 1382.981 1382.956 1382.932
1387.036 1387.0 1387.0 1387.0 1387.0 1386.998 1386.876 1386.755 1386.633 1386.511 1386.401 1386.302 1386.205 1386.107 1386.009 1386.0 1386.0 1386.0 1386.0 1385.956 1385.834 1385.712 1385.591 1385.469 1385.366 1385.268 1385.17 1385.072 1385.0 1385.0 1385.0 1385.0 1385.0 1384.963 1384.911 1384.859 1384.807 1384.743 1384.617 1384.492 1384.366 1384.24 1384.166 1384.124 1384.082 1384.04 1383.999 1383.989 1383.979 1383.968 1383.958 1383.91 1383.827 1383.744 1383.66 1383.577 1383.466 1383.354 1383.242 1383.13 1383.054 1383.029 1383.005 1382.981 1382.956
1387.05 1387.0 1387.0 1387.0 1387.0 1386.999 1386.914 1386.83 1386.746 1386.661 1386.553 1386.418 1386.283 1386.147 1386.012 1386.0 1386.0 1386.0 1386.0 1385.969 1385.885 1385.801 1385.716 1385.632 1385.506 1385.371 1385.235 1385.1 1385.0 1385.0 1385.0 1385.0 1385.0 1384.982 1384.957 1384.931 1384.906 1384.863 1384.727 1384.59 1384.454 1384.317 1384.229 1384.171 1384.113 1384.055 1384.0 1383.995 1383.99 1383.984 1383.979 1383.956 1383.916 1383.875 1383.835 1383.794 1383.644 1383.49 1383.335 1383.18 1383.078 1383.054 1383.029 1383.005 1382.98
1387.064 1387.0 1387.0 1387.0 1387.0 1386.999 1386.951 1386.903 1386.854 1386.806 1386.702 1386.533 1386.364 1386.195 1386.026 1386.009 1386.006 1386.004 1386.002 1385.983 1385.934 1385.886 1385.838 1385.789 1385.643 1385.474 1385.305 1385.136 1385.01 1385.008 1385.006 1385.003 1385.001 1385.0 1385.0 1385.0 1385.0 1384.977 1384.832 1384.687 1384.542 1384.397 1384.296 1384.222 1384.148 1384.073 1384.004 1384.003 1384.002 1384.001 1384.0 1384.0 1384.0 1384.0 1384.0 1384.0 1383.815 1383.622 1383.429 1383.236 1383.11 1383.084 1383.057 1383.03 1383.004
1387.071 1387.0 1387.0 1387.0 1387.0 1387.0 1386.962 1386.924 1386.887 1386.849 1386.768 1386.636 1386.505 1386.373 1386.241 1386.184 1386.133 1386.083 1386.032 1385.986 1385.949 1385.911 1385.874 1385.836 1385.722 1385.59 1385.459 1385.327 1385.217 1385.166 1385.116 1385.065 1385.015 1385.0 1385.0 1385.0 1385.0 1384.982 1384.869 1384.756 1384.644 1384.531 1384.432 1384.342 1384.252 1384.161 1384.076 1384.059 1384.042 1384.025 1384.008 1384.0 1384.0 1384.0 1384.0 1384.0 1383.856 1383.706 1383.555 1383.405 1383.287 1383.218 1383.149 1383.079 1383.01
1387.078 1387.0 1387.0 1387.0 1387.0 1387.0 1386.973 1386.946 1386.919 1386.892 1386.834 1386.74 1386.645 1386.551 1386.457 1386.359 1386.26 1386.161 1386.063 1385.99 1385.963 1385.936 1385.909 1385.883 1385.801 1385.707 1385.613 1385.519 1385.423 1385.324 1385.226 1385.127 1385.029 1385.0 1385.0 1385.0 1385.0 1384.987 1384.906 1384.826 1384.745 1384.664 1384.568 1384.462 1384.356 1384.25 1384.148 1384.115 1384.082 1384.049 1384.016 1384.0 1384.0 1384.0 1384.0 1384.0 1383.897 1383.789 1383.682 1383.574 1383.465 1383.353 1383.24 1383.128 1383.016
1387.085 1387.0 1387.0 1387.0 1387.0 1387.0 1386.984 1386.967 1386.951 1386.935 1386.9 1386.843 1386.786 1386.729 1386.673 1386.534 1386.387 1386.24 1386.094 1385.994 1385.978 1385.962 1385.945 1385.929 1385.88 1385.823 1385.766 1385.71 1385.629 1385.483 1385.336 1385.189 1385.042 1385.0 1385.0 1385.0 1385.0 1384.992 1384.944 1384.895 1384.846 1384.797 1384.704 1384.582 1384.46 1384.338 1384.22 1384.171 1384.122 1384.073 1384.024 1384.0 1384.0 1384.0 1384.0 1384.0 1383.938 1383.873 1383.808 1383.743 1383.642 1383.487 1383.332 1383.177 1383.022
1387.092 1387.0 1387.0 1387.0 1387.0 1387.0 1386.994 1386.989 1386.983 1386.978 1386.966 1386.946 1386.927 1386.908 1386.888 1386.709 1386.514 1386.319 1386.124 1385.998 1385.992 1385.987 1385.981 1385.976 1385.959 1385.94 1385.92 1385.901 1385.836 1385.641 1385.446 1385.251 1385.057 1385.0 1385.0 1385.0 1385.0 1384.997 1384.981 1384.964 1384.948 1384.931 1384.84 1384.702 1384.564 1384.426 1384.292 1384.227 1384.162 1384.097 1384.032 1384.0 1384.0 1384.0 1384.0 1384.0 1383.979 1383.957 1383.934 1383.912 1383.819 1383.621 1383.424 1383.226 1383.029
1387.191 1387.095 1387.077 1387.059 1387.041 1387.023 1387.018 1387.013 1387.008 1387.003 1387.0 1387.0 1387.0 1387.0 1387.0 1386.816 1386.614 1386.412 1386.211 1386.075 1386.057 1386.039 1386.021 1386.003 1386.0 1386.0 1386.0 1386.0 1385.947 1385.746 1385.544 1385.342 1385.141 1385.069 1385.051 1385.033 1385.015 1385.0 1385.0 1385.0 1385.0 1385.0 1384.92 1384.789 1384.658 1384.527 1384.399 1384.321 1384.242 1384.164 1384.085 1384.042 1384.031 1384.021 1384.011 1384.0 1384.0 1384.0 1384.0 1384.0 1383.919 1383.72 1383.521 1383.322 1383.123
