data/zism_data/01144_03_D.txt
ncols         224
nrows         224
[rows 62 to 92 of 224, columns 0 to 69 of 224]
1397.01 1397.015 1397.02 1397.071 1397.15 1397.228 1397.307 1397.393 1397.531 1397.669 1397.807 1397.945 1398.0 1398.0 1398.0 1398.0 1398.001 1398.015 1398.029 1398.043 1398.058 1398.064 1398.064 1398.064 1398.064 1398.064 1398.064 1398.064 1398.064 1398.064 1398.064 1398.064 1398.064 1398.064 1398.063 1398.049 1398.035 1398.021 1398.007 1398.0 1398.0 1398.0 1398.0 1398.0 1398.0 1398.0 1398.0 1398.0 1398.0 1398.0 1398.0 1398.0 1398.0 1397.87 1397.732 1397.593 1397.455 1397.346 1397.277 1397.208 1397.139 1397.07 1397.055 1397.046 1397.036 1397.027 1397.019 1397.015 1397.01 1397.005
1397.045 1397.066 1397.087 1397.155 1397.25 1397.344 1397.439 1397.535 1397.641 1397.747 1397.852 1397.958 1398.0 1398.0 1398.0 1398.0 1398.005 1398.068 1398.131 1398.194 1398.256 1398.283 1398.283 1398.283 1398.283 1398.283 1398.283 1398.283 1398.283 1398.283 1398.283 1398.283 1398.283 1398.283 1398.283 1398.22 1398.157 1398.094 1398.032 1398.0 1398.0 1398.0 1398.0 1398.0 1398.0 1398.0 1398.0 1398.0 1398.0 1398.0 1398.0 1398.0 1398.0 1397.9 1397.795 1397.689 1397.583 1397.5 1397.447 1397.394 1397.341 1397.288 1397.245 1397.204 1397.162 1397.12 1397.086 1397.065 1397.045 1397.024
1397.08 1397.117 1397.154 1397.239 1397.35 1397.461 1397.571 1397.678 1397.751 1397.824 1397.898 1397.971 1398.0 1398.0 1398.0 1398.0 1398.01 1398.121 1398.232 1398.344 1398.455 1398.503 1398.503 1398.503 1398.503 1398.503 1398.503 1398.503 1398.503 1398.503 1398.503 1398.503 1398.503 1398.503 1398.502 1398.39 1398.279 1398.167 1398.056 1398.0 1398.0 1398.0 1398.0 1398.0 1398.0 1398.0 1398.0 1398.0 1398.0 1398.0 1398.0 1398.0 1398.0 1397.931 1397.858 1397.784 1397.711 1397.653 1397.617 1397.58 1397.543 1397.507 1397.436 1397.362 1397.287 1397.213 1397.153 1397.116 1397.079 1397.042
1397.115 1397.168 1397.222 1397.322 1397.449 1397.577 1397.704 1397.82 1397.861 1397.902 1397.943 1397.984 1398.0 1398.0 1398.0 1398.0 1398.014 1398.174 1398.334 1398.494 1398.654 1398.723 1398.723 1398.723 1398.723 1398.723 1398.723 1398.723 1398.723 1398.723 1398.723 1398.723 1398.723 1398.723 1398.721 1398.561 1398.401 1398.241 1398.081 1398.0 1398.0 1398.0 1398.0 1398.0 1398.0 1398.0 1398.0 1398.0 1398.0 1398.0 1398.0 1398.0 1398.0 1397.961 1397.921 1397.88 1397.839 1397.807 1397.786 1397.766 1397.745 1397.725 1397.626 1397.52 1397.413 1397.306 1397.22 1397.167 1397.114 1397.06
1397.15 1397.22 1397.289 1397.406 1397.549 1397.693 1397.836 1397.963 1397.971 1397.98 1397.988 1397.997 1398.0 1398.0 1398.0 1398.0 1398.018 1398.227 1398.435 1398.644 1398.853 1398.943 1398.943 1398.943 1398.943 1398.943 1398.943 1398.943 1398.943 1398.943 1398.943 1398.943 1398.943 1398.943 1398.94 1398.731 1398.522 1398.314 1398.105 1398.0 1398.0 1398.0 1398.0 1398.0 1398.0 1398.0 1398.0 1398.0 1398.0 1398.0 1398.0 1398.0 1398.0 1397.992 1397.984 1397.975 1397.967 1397.96 1397.956 1397.952 1397.947 1397.943 1397.817 1397.677 1397.538 1397.399 1397.287 1397.218 1397.148 1397.079
1397.249 1397.33 1397.412 1397.521 1397.644 1397.768 1397.891 1398.0 1398.0 1398.0 1398.0 1398.0 1398.017 1398.045 1398.073 1398.101 1398.143 1398.336 1398.53 1398.723 1398.917 1399.0 1399.0 1399.0 1399.0 1399.0 1399.0 1399.0 1399.0 1399.0 1399.0 1399.0 1399.0 1399.0 1398.997 1398.804 1398.61 1398.417 1398.224 1398.12 1398.108 1398.096 1398.084 1398.072 1398.057 1398.041 1398.025 1398.009 1398.0 1398.0 1398.0 1398.0 1398.0 1398.0 1398.0 1398.0 1398.0 1398.0 1398.0 1398.0 1398.0 1398.0 1397.888 1397.764 1397.641 1397.517 1397.41 1397.328 1397.246 1397.165
1397.37 1397.462 1397.555 1397.646 1397.738 1397.829 1397.92 1398.0 1398.0 1398.0 1398.0 1398.0 1398.04 1398.106 1398.171 1398.237 1398.311 1398.466 1398.622 1398.777 1398.933 1399.0 1399.0 1399.0 1399.0 1399.0 1399.0 1399.0 1399.0 1399.0 1399.0 1399.0 1399.0 1399.0 1398.998 1398.842 1398.687 1398.531 1398.376 1398.283 1398.255 1398.227 1398.199 1398.17 1398.133 1398.095 1398.058 1398.02 1398.0 1398.0 1398.0 1398.0 1398.0 1398.0 1398.0 1398.0 1398.0 1398.0 1398.0 1398.0 1398.0 1398.0 1397.917 1397.826 1397.735 1397.644 1397.552 1397.46 1397.367 1397.274
1397.491 1397.594 1397.697 1397.772 1397.831 1397.89 1397.948 1398.0 1398.0 1398.0 1398.0 1398.0 1398.063 1398.166 1398.27 1398.374 1398.478 1398.596 1398.714 1398.831 1398.949 1399.0 1399.0 1399.0 1399.0 1399.0 1399.0 1399.0 1399.0 1399.0 1399.0 1399.0 1399.0 1399.0 1398.998 1398.881 1398.763 1398.645 1398.527 1398.446 1398.402 1398.357 1398.313 1398.268 1398.21 1398.15 1398.091 1398.032 1398.0 1398.0 1398.0 1398.0 1398.0 1398.0 1398.0 1398.0 1398.0 1398.0 1398.0 1398.0 1398.0 1398.0 1397.947 1397.888 1397.829 1397.771 1397.694 1397.591 1397.488 1397.384
1397.612 1397.726 1397.84 1397.898 1397.924 1397.951 1397.977 1398.0 1398.0 1398.0 1398.0 1398.0 1398.085 1398.227 1398.368 1398.51 1398.646 1398.726 1398.806 1398.886 1398.966 1399.0 1399.0 1399.0 1399.0 1399.0 1399.0 1399.0 1399.0 1399.0 1399.0 1399.0 1399.0 1399.0 1398.999 1398.919 1398.839 1398.759 1398.679 1398.609 1398.548 1398.488 1398.427 1398.366 1398.286 1398.205 1398.124 1398.044 1398.0 1398.0 1398.0 1398.0 1398.0 1398.0 1398.0 1398.0 1398.0 1398.0 1398.0 1398.0 1398.0 1398.0 1397.976 1397.95 1397.923 1397.897 1397.837 1397.723 1397.608 1397.494
1397.722 1397.84 1397.958 1398.0 1398.0 1398.0 1398.0 1398.001 1398.008 1398.015 1398.022 1398.029 1398.133 1398.3 1398.467 1398.634 1398.791 1398.838 1398.885 1398.932 1398.98 1399.0 1399.0 1399.0 1399.0 1399.0 1399.0 1399.0 1399.0 1399.0 1399.0 1399.0 1399.0 1399.0 1398.999 1398.952 1398.905 1398.858 1398.811 1398.752 1398.681 1398.61 1398.54 1398.469 1398.369 1398.269 1398.168 1398.068 1398.012 1398.009 1398.006 1398.003 1398.0 1398.0 1398.0 1398.0 1398.0 1398.0 1398.0 1398.0 1398.0 1398.0 1398.0 1398.0 1398.0 1398.0 1397.954 1397.836 1397.719 1397.601
1397.786 1397.876 1397.967 1398.0 1398.0 1398.0 1398.0 1398.005 1398.05 1398.095 1398.14 1398.185 1398.288 1398.428 1398.568 1398.708 1398.839 1398.875 1398.912 1398.948 1398.984 1399.0 1399.0 1399.0 1399.0 1399.0 1399.0 1399.0 1399.0 1399.0 1399.0 1399.0 1399.0 1399.0 1399.0 1398.963 1398.927 1398.891 1398.854 1398.809 1398.754 1398.7 1398.645 1398.591 1398.481 1398.37 1398.258 1398.147 1398.078 1398.059 1398.04 1398.02 1398.001 1398.0 1398.0 1398.0 1398.0 1398.0 1398.0 1398.0 1398.0 1398.0 1398.0 1398.0 1398.0 1398.0 1397.965 1397.874 1397.783 1397.692
1397.849 1397.913 1397.977 1398.0 1398.0 1398.0 1398.0 1398.01 1398.093 1398.176 1398.258 1398.341 1398.442 1398.555 1398.668 1398.781 1398.887 1398.912 1398.938 1398.964 1398.989 1399.0 1399.0 1399.0 1399.0 1399.0 1399.0 1399.0 1399.0 1399.0 1399.0 1399.0 1399.0 1399.0 1399.0 1398.974 1398.949 1398.923 1398.898 1398.866 1398.827 1398.789 1398.751 1398.712 1398.592 1398.47 1398.348 1398.226 1398.144 1398.108 1398.073 1398.037 1398.002 1398.0 1398.0 1398.0 1398.0 1398.0 1398.0 1398.0 1398.0 1398.0 1398.0 1398.0 1398.0 1398.0 1397.975 1397.911 1397.848 1397.784
1397.913 1397.95 1397.987 1398.0 1398.0 1398.0 1398.0 1398.015 1398.135 1398.256 1398.377 1398.497 1398.597 1398.683 1398.769 1398.855 1398.935 1398.949 1398.964 1398.979 1398.994 1399.0 1399.0 1399.0 1399.0 1399.0 1399.0 1399.0 1399.0 1399.0 1399.0 1399.0 1399.0 1399.0 1399.0 1398.985 1398.97 1398.956 1398.941 1398.922 1398.9 1398.878 1398.856 1398.834 1398.704 1398.571 1398.438 1398.305 1398.21 1398.158 1398.106 1398.055 1398.003 1398.0 1398.0 1398.0 1398.0 1398.0 1398.0 1398.0 1398.0 1398.0 1398.0 1398.0 1398.0 1398.0 1397.986 1397.949 1397.912 1397.875
1397.977 1397.987 1397.996 1398.0 1398.0 1398.0 1398.0 1398.019 1398.178 1398.336 1398.495 1398.653 1398.751 1398.81 1398.869 1398.928 1398.983 1398.987 1398.99 1398.994 1398.998 1399.0 1399.0 1399.0 1399.0 1399.0 1399.0 1399.0 1399.0 1399.0 1399.0 1399.0 1399.0 1399.0 1399.0 1398.996 1398.992 1398.988 1398.984 1398.979 1398.974 1398.968 1398.962 1398.956 1398.815 1398.672 1398.528 1398.384 1398.276 1398.208 1398.14 1398.072 1398.004 1398.0 1398.0 1398.0 1398.0 1398.0 1398.0 1398.0 1398.0 1398.0 1398.0 1398.0 1398.0 1398.0 1397.996 1397.986 1397.977 1397.967
1398.0 1398.0 1398.0 1398.0 1398.0 1398.0 1398.0 1398.022 1398.201 1398.38 1398.559 1398.738 1398.834 1398.877 1398.919 1398.961 1399.0 1399.0 1399.0 1399.0 1399.0 1399.018 1399.049 1399.08 1399.111 1399.14 1399.14 1399.14 1399.14 1399.14 1399.124 1399.093 1399.062 1399.031 1399.0 1399.0 1399.0 1399.0 1399.0 1399.0 1399.0 1399.0 1399.0 1399.0 1398.876 1398.749 1398.622 1398.495 1398.388 1398.304 1398.22 1398.136 1398.052 1398.037 1398.027 1398.016 1398.006 1398.0 1398.0 1398.0 1398.0 1398.0 1398.0 1398.0 1398.0 1398.0 1398.0 1398.0 1398.0 1398.0
1398.0 1398.0 1398.0 1398.0 1398.0 1398.0 1398.0 1398.023 1398.213 1398.403 1398.593 1398.783 1398.877 1398.908 1398.94 1398.971 1399.0 1399.0 1399.0 1399.0 1399.0 1399.045 1399.125 1399.205 1399.284 1399.36 1399.36 1399.36 1399.36 1399.36 1399.318 1399.238 1399.158 1399.078 1399.0 1399.0 1399.0 1399.0 1399.0 1399.0 1399.0 1399.0 1399.0 1399.0 1398.908 1398.813 1398.719 1398.624 1398.527 1398.427 1398.326 1398.226 1398.126 1398.095 1398.068 1398.042 1398.015 1398.0 1398.0 1398.0 1398.0 1398.0 1398.0 1398.0 1398.0 1398.0 1398.0 1398.0 1398.0 1398.0
1398.0 1398.0 1398.0 1398.0 1398.0 1398.0 1398.0 1398.025 1398.225 1398.426 1398.626 1398.827 1398.919 1398.94 1398.96 1398.981 1399.0 1399.0 1399.0 1399.0 1399.0 1399.073 1399.201 1399.329 1399.458 1399.58 1399.58 1399.58 1399.58 1399.58 1399.511 1399.383 1399.255 1399.126 1399.0 1399.0 1399.0 1399.0 1399.0 1399.0 1399.0 1399.0 1399.0 1399.0 1398.939 1398.877 1398.815 1398.753 1398.666 1398.55 1398.433 1398.316 1398.2 1398.153 1398.11 1398.067 1398.025 1398.0 1398.0 1398.0 1398.0 1398.0 1398.0 1398.0 1398.0 1398.0 1398.0 1398.0 1398.0 1398.0
1398.0 1398.0 1398.0 1398.0 1398.0 1398.0 1398.0 1398.026 1398.237 1398.449 1398.66 1398.872 1398.961 1398.971 1398.981 1398.991 1399.0 1399.0 1399.0 1399.0 1399.0 1399.101 1399.277 1399.454 1399.631 1399.799 1399.799 1399.799 1399.799 1399.799 1399.705 1399.528 1399.351 1399.174 1399.0 1399.0 1399.0 1399.0 1399.0 1399.0 1399.0 1399.0 1399.0 1399.0 1398.971 1398.941 1398.912 1398.882 1398.805 1398.672 1398.54 1398.407 1398.274 1398.211 1398.152 1398.093 1398.034 1398.0 1398.0 1398.0 1398.0 1398.0 1398.0 1398.0 1398.0 1398.0 1398.0 1398.0 1398.0 1398.0
1398.0 1398.0 1398.0 1398.0 1398.0 1398.0 1398.0 1398.027 1398.248 1398.47 1398.691 1398.912 1399.0 1399.0 1399.0 1399.0 1399.0 1399.0 1399.0 1399.0 1399.0 1399.125 1399.346 1399.566 1399.786 1399.996 1399.997 1399.998 1399.999 1400.0 1399.882 1399.661 1399.439 1399.218 1399.0 1399.0 1399.0 1399.0 1399.0 1399.0 1399.0 1399.0 1399.0 1399.0 1399.0 1399.0 1399.0 1399.0 1398.933 1398.787 1398.642 1398.496 1398.35 1398.271 1398.195 1398.119 1398.044 1398.0 1398.0 1398.0 1398.0 1398.0 1398.0 1398.0 1398.0 1398.0 1398.0 1398.0 1398.0 1398.0
1398.0 1398.0 1398.0 1398.0 1398.0 1398.0 1398.0 1398.027 1398.248 1398.47 1398.691 1398.912 1399.0 1399.0 1399.0 1399.0 1399.0 1399.0 1399.0 1399.0 1399.0 1399.119 1399.329 1399.538 1399.748 1399.948 1399.959 1399.971 1399.983 1399.995 1399.882 1399.661 1399.439 1399.218 1399.0 1399.0 1399.0 1399.0 1399.0 1399.0 1399.0 1399.0 1399.0 1399.0 1399.0 1399.0 1399.0 1399.0 1398.943 1398.819 1398.695 1398.571 1398.447 1398.348 1398.251 1398.153 1398.056 1398.0 1398.0 1398.0 1398.0 1398.0 1398.0 1398.0 1398.0 1398.0 1398.0 1398.0 1398.0 1398.0
1398.0 1398.0 1398.0 1398.0 1398.0 1398.0 1398.0 1398.027 1398.248 1398.47 1398.691 1398.912 1399.0 1399.0 1399.0 1399.0 1399.0 1399.0 1399.0 1399.0 1399.0 1399.113 1399.312 1399.51 1399.709 1399.899 1399.922 1399.944 1399.967 1399.99 1399.882 1399.661 1399.439 1399.218 1399.0 1399.0 1399.0 1399.0 1399.0 1399.0 1399.0 1399.0 1399.0 1399.0 1399.0 1399.0 1399.0 1399.0 1398.953 1398.85 1398.748 1398.646 1398.543 1398.425 1398.306 1398.187 1398.068 1398.0 1398.0 1398.0 1398.0 1398.0 1398.0 1398.0 1398.0 1398.0 1398.0 1398.0 1398.0 1398.0
1398.0 1398.0 1398.0 1398.0 1398.0 1398.0 1398.0 1398.027 1398.248 1398.47 1398.691 1398.912 1399.0 1399.0 1399.0 1399.0 1399.0 1399.0 1399.0 1399.0 1399.0 1399.107 1399.295 1399.483 1399.671 1399.851 1399.884 1399.918 1399.951 1399.984 1399.882 1399.661 1399.439 1399.218 1399.0 1399.0 1399.0 1399.0 1399.0 1399.0 1399.0 1399.0 1399.0 1399.0 1399.0 1399.0 1399.0 1399.0 1398.963 1398.882 1398.801 1398.72 1398.64 1398.502 1398.362 1398.221 1398.081 1398.0 1398.0 1398.0 1398.0 1398.0 1398.0 1398.0 1398.0 1398.0 1398.0 1398.0 1398.0 1398.0
1398.0 1398.0 1398.0 1398.0 1398.0 1398.0 1398.0 1398.027 1398.248 1398.47 1398.691 1398.912 1399.0 1399.0 1399.0 1399.0 1399.0 1399.0 1399.0 1399.0 1399.0 1399.101 1399.278 1399.455 1399.632 1399.803 1399.847 1399.891 1399.935 1399.979 1399.882 1399.661 1399.439 1399.218 1399.0 1399.0 1399.0 1399.0 1399.0 1399.0 1399.0 1399.0 1399.0 1399.0 1399.0 1399.0 1399.0 1399.0 1398.973 1398.914 1398.854 1398.795 1398.736 1398.58 1398.418 1398.255 1398.093 1398.0 1398.0 1398.0 1398.0 1398.0 1398.0 1398.0 1398.0 1398.0 1398.0 1398.0 1398.0 1398.0
1398.0 1398.0 1398.0 1398.0 1398.0 1398.0 1398.0 1398.027 1398.248 1398.47 1398.691 1398.912 1399.0 1399.0 1399.0 1399.0 1399.0 1399.0 1399.0 1399.0 1399.0 1399.086 1399.238 1399.39 1399.542 1399.688 1399.732 1399.775 1399.818 1399.862 1399.778 1399.583 1399.388 1399.193 1399.0 1399.0 1399.0 1399.0 1399.0 1399.0 1399.0 1399.0 1399.0 1399.0 1399.0 1399.0 1399.0 1399.0 1398.98 1398.937 1398.893 1398.85 1398.807 1398.636 1398.458 1398.28 1398.102 1398.0 1398.0 1398.0 1398.0 1398.0 1398.0 1398.0 1398.0 1398.0 1398.0 1398.0 1398.0 1398.0
1398.0 1398.0 1398.0 1398.0 1398.0 1398.0 1398.0 1398.027 1398.248 1398.47 1398.691 1398.912 1399.0 1399.0 1399.0 1399.0 1399.0 1399.0 1399.0 1399.0 1399.0 1399.065 1399.179 1399.293 1399.407 1399.517 1399.549 1399.582 1399.615 1399.647 1399.584 1399.438 1399.291 1399.145 1399.0 1399.0 1399.0 1399.0 1399.0 1399.0 1399.0 1399.0 1399.0 1399.0 1399.0 1399.0 1399.0 1399.0 1398.985 1398.952 1398.92 1398.887 1398.855 1398.675 1398.486 1398.297 1398.109 1398.0 1398.0 1398.0 1398.0 1398.0 1398.0 1398.0 1398.0 1398.0 1398.0 1398.0 1398.0 1398.0
1398.0 1398.0 1398.0 1398.0 1398.0 1398.0 1398.0 1398.027 1398.248 1398.47 1398.691 1398.912 1399.0 1399.0 1399.0 1399.0 1399.0 1399.0 1399.0 1399.0 1399.0 1399.043 1399.12 1399.196 1399.272 1399.345 1399.367 1399.389 1399.411 1399.432 1399.391 1399.292 1399.195 1399.097 1399.0 1399.0 1399.0 1399.0 1399.0 1399.0 1399.0 1399.0 1399.0 1399.0 1399.0 1399.0 1399.0 1399.0 1398.99 1398.968 1398.946 1398.925 1398.903 1398.714 1398.514 1398.314 1398.115 1398.0 1398.0 1398.0 1398.0 1398.0 1398.0 1398.0 1398.0 1398.0 1398.0 1398.0 1398.0 1398.0
1398.0 1398.0 1398.0 1398.0 1398.0 1398.0 1398.0 1398.027 1398.248 1398.47 1398.691 1398.912 1399.0 1399.0 1399.0 1399.0 1399.0 1399.0 1399.0 1399.0 1399.0 1399.022 1399.06 1399.099 1399.137 1399.174 1399.185 1399.196 1399.207 1399.218 1399.197 1399.147 1399.098 1399.049 1399.0 1399.0 1399.0 1399.0 1399.0 1399.0 1399.0 1399.0 1399.0 1399.0 1399.0 1399.0 1399.0 1399.0 1398.995 1398.984 1398.973 1398.962 1398.951 1398.752 1398.542 1398.331 1398.121 1398.0 1398.0 1398.0 1398.0 1398.0 1398.0 1398.0 1398.0 1398.0 1398.0 1398.0 1398.0 1398.0
1398.0 1398.0 1398.0 1398.0 1398.0 1398.0 1398.0 1398.027 1398.248 1398.47 1398.691 1398.912 1399.0 1399.0 1399.0 1399.0 1399.0 1399.0 1399.0 1399.0 1399.0 1399.0 1399.001 1399.001 1399.002 1399.002 1399.003 1399.003 1399.003 1399.003 1399.003 1399.002 1399.001 1399.001 1399.0 1399.0 1399.0 1399.0 1399.0 1399.0 1399.0 1399.0 1399.0 1399.0 1399.0 1399.0 1399.0 1399.0 1399.0 1399.0 1399.0 1399.0 1398.999 1398.791 1398.57 1398.349 1398.127 1398.0 1398.0 1398.0 1398.0 1398.0 1398.0 1398.0 1398.0 1398.0 1398.0 1398.0 1398.0 1398.0
1398.0 1398.0 1398.0 1398.0 1398.0 1398.0 1398.0 1398.025 1398.23 1398.436 1398.641 1398.847 1398.938 1398.953 1398.969 1398.985 1399.0 1399.0 1399.0 1399.0 1399.0 1399.0 1399.0 1399.0 1399.0 1399.0 1399.0 1399.0 1399.0 1399.0 1399.0 1399.0 1399.0 1399.0 1399.0 1399.0 1399.0 1399.0 1399.0 1399.0 1399.0 1399.0 1399.0 1399.0 1399.0 1399.0 1399.0 1399.0 1399.0 1399.0 1399.0 1399.0 1399.0 1398.791 1398.57 1398.349 1398.127 1398.0 1398.0 1398.0 1398.0 1398.0 1398.0 1398.0 1398.0 1398.0 1398.0 1398.0 1398.0 1398.0
1398.0 1398.0 1398.0 1398.0 1398.0 1398.0 1398.0 1398.023 1398.212 1398.401 1398.591 1398.78 1398.874 1398.906 1398.938 1398.971 1399.0 1399.0 1399.0 1399.0 1399.0 1399.0 1399.0 1399.0 1399.0 1399.0 1399.0 1399.0 1399.0 1399.0 1399.0 1399.0 1399.0 1399.0 1399.0 1399.0 1399.0 1399.0 1399.0 1399.0 1399.0 1399.0 1399.0 1399.0 1399.0 1399.0 1399.0 1399.0 1399.0 1399.0 1399.0 1399.0 1399.0 1398.791 1398.57 1398.349 1398.127 1398.0 1398.0 1398.0 1398.0 1398.0 1398.0 1398.0 1398.0 1398.0 1398.0 1398.0 1398.0 1398.0
1398.0 1398.0 1398.0 1398.0 1398.0 1398.0 1398.0 1398.021 1398.194 1398.367 1398.54 1398.713 1398.811 1398.859 1398.907 1398.956 1399.0 1399.0 1399.0 1399.0 1399.0 1399.0 1399.0 1399.0 1399.0 1399.0 1399.0 1399.0 1399.0 1399.0 1399.0 1399.0 1399.0 1399.0 1399.0 1399.0 1399.0 1399.0 1399.0 1399.0 1399.0 1399.0 1399.0 1399.0 1399.0 1399.0 1399.0 1399.0 1399.0 1399.0 1399.0 1399.0 1399.0 1398.791 1398.57 1398.349 1398.127 1398.0 1398.0 1398.0 1398.0 1398.0 1398.0 1398.0 1398.0 1398.0 1398.0 1398.0 1398.0 1398.0
