data/zism_data/01142_04_D.txt
ncols         224
nrows         224
[rows 58 to 86 of 224, columns 0 to 65 of 224]
1326.968 1326.988 1327.016 1327.043 1327.07 1327.207 1327.725 1328.243 1328.761 1329.279 1330.213 1331.32 1332.428 1333.535 1334.6 1335.478 1336.356 1337.234 1338.112 1338.57 1338.819 1339.068 1339.318 1339.496 1339.276 1339.055 1338.834 1338.614 1338.142 1337.525 1336.907 1336.29 1335.665 1334.988 1334.31 1333.632 1332.955 1332.517 1332.241 1331.965 1331.689 1331.432 1331.391 1331.35 1331.309 1331.269 1331.217 1331.157 1331.097 1331.036 1330.956 1330.434 1329.912 1329.39 1328.868 1327.944 1326.657 1325.37 1324.083 1322.793 1321.151 1319.51 1317.868 1316.226 1314.371 1312.293
1324.551 1324.595 1324.655 1324.715 1324.774 1324.963 1325.6 1326.237 1326.874 1327.51 1328.521 1329.688 1330.855 1332.022 1333.128 1333.968 1334.808 1335.648 1336.489 1336.995 1337.336 1337.678 1338.019 1338.284 1338.123 1337.962 1337.801 1337.64 1337.169 1336.519 1335.87 1335.22 1334.565 1333.871 1333.177 1332.483 1331.789 1331.306 1330.965 1330.625 1330.284 1329.963 1329.874 1329.784 1329.695 1329.605 1329.541 1329.497 1329.453 1329.409 1329.348 1328.907 1328.466 1328.025 1327.584 1326.724 1325.486 1324.247 1323.009 1321.768 1320.251 1318.734 1317.216 1315.699 1313.957 1311.982
1322.134 1322.202 1322.294 1322.386 1322.478 1322.719 1323.474 1324.23 1324.986 1325.742 1326.829 1328.056 1329.282 1330.508 1331.656 1332.458 1333.26 1334.063 1334.865 1335.421 1335.854 1336.287 1336.72 1337.072 1336.971 1336.869 1336.767 1336.666 1336.197 1335.514 1334.832 1334.15 1333.464 1332.754 1332.044 1331.334 1330.624 1330.095 1329.69 1329.284 1328.879 1328.494 1328.356 1328.218 1328.08 1327.942 1327.866 1327.838 1327.81 1327.782 1327.74 1327.38 1327.02 1326.66 1326.3 1325.505 1324.315 1323.125 1321.935 1320.744 1319.351 1317.958 1316.565 1315.171 1313.544 1311.671
1319.717 1319.809 1319.933 1320.058 1320.182 1320.474 1321.349 1322.224 1323.099 1323.973 1325.138 1326.423 1327.709 1328.995 1330.183 1330.948 1331.713 1332.477 1333.242 1333.846 1334.371 1334.896 1335.421 1335.861 1335.818 1335.776 1335.734 1335.692 1335.224 1334.509 1333.794 1333.079 1332.363 1331.637 1330.911 1330.184 1329.458 1328.885 1328.414 1327.944 1327.474 1327.026 1326.839 1326.652 1326.465 1326.278 1326.19 1326.178 1326.167 1326.155 1326.132 1325.853 1325.575 1325.296 1325.017 1324.285 1323.144 1322.003 1320.861 1319.719 1318.45 1317.182 1315.913 1314.644 1313.13 1311.36
1317.361 1317.486 1317.653 1317.819 1317.985 1318.335 1319.322 1320.31 1321.297 1322.284 1323.508 1324.832 1326.155 1327.478 1328.692 1329.43 1330.168 1330.906 1331.643 1332.297 1332.909 1333.521 1334.134 1334.654 1334.66 1334.667 1334.673 1334.679 1334.214 1333.477 1332.739 1332.001 1331.264 1330.536 1329.808 1329.079 1328.351 1327.735 1327.195 1326.655 1326.115 1325.6 1325.379 1325.158 1324.936 1324.715 1324.613 1324.603 1324.594 1324.584 1324.566 1324.359 1324.152 1323.945 1323.737 1323.068 1321.98 1320.892 1319.804 1318.716 1317.556 1316.395 1315.235 1314.075 1312.672 1311.016
1315.158 1315.337 1315.568 1315.799 1316.031 1316.452 1317.537 1318.621 1319.706 1320.791 1322.032 1323.339 1324.646 1325.953 1327.154 1327.892 1328.63 1329.367 1330.105 1330.809 1331.497 1332.185 1332.873 1333.461 1333.489 1333.517 1333.545 1333.573 1333.116 1332.378 1331.64 1330.902 1330.169 1329.473 1328.777 1328.081 1327.385 1326.734 1326.113 1325.492 1324.871 1324.282 1324.061 1323.839 1323.618 1323.396 1323.276 1323.234 1323.192 1323.15 1323.104 1322.945 1322.786 1322.628 1322.469 1321.857 1320.833 1319.811 1318.787 1317.764 1316.674 1315.584 1314.494 1313.404 1312.106 1310.591
1312.955 1313.188 1313.484 1313.78 1314.076 1314.569 1315.751 1316.933 1318.115 1319.297 1320.556 1321.847 1323.137 1324.428 1325.616 1326.354 1327.091 1327.829 1328.567 1329.322 1330.085 1330.849 1331.612 1332.268 1332.317 1332.367 1332.416 1332.466 1332.017 1331.279 1330.542 1329.804 1329.074 1328.411 1327.747 1327.084 1326.42 1325.734 1325.031 1324.329 1323.627 1322.963 1322.742 1322.521 1322.299 1322.078 1321.939 1321.865 1321.791 1321.716 1321.641 1321.531 1321.421 1321.311 1321.201 1320.645 1319.687 1318.729 1317.771 1316.812 1315.793 1314.773 1313.753 1312.734 1311.54 1310.165
1310.752 1311.038 1311.399 1311.76 1312.121 1312.686 1313.966 1315.245 1316.524 1317.803 1319.079 1320.354 1321.629 1322.903 1324.078 1324.815 1325.553 1326.291 1327.028 1327.834 1328.673 1329.512 1330.352 1331.075 1331.146 1331.217 1331.288 1331.359 1330.918 1330.181 1329.443 1328.705 1327.979 1327.348 1326.717 1326.086 1325.455 1324.733 1323.95 1323.167 1322.384 1321.645 1321.424 1321.202 1320.981 1320.76 1320.603 1320.496 1320.389 1320.282 1320.178 1320.116 1320.055 1319.994 1319.932 1319.434 1318.541 1317.648 1316.754 1315.861 1314.911 1313.962 1313.012 1312.063 1310.974 1309.739
1308.549 1308.889 1309.314 1309.74 1310.166 1310.804 1312.18 1313.557 1314.933 1316.31 1317.603 1318.861 1320.12 1321.378 1322.539 1323.277 1324.015 1324.753 1325.49 1326.346 1327.261 1328.176 1329.091 1329.882 1329.974 1330.067 1330.16 1330.253 1329.82 1329.082 1328.344 1327.606 1326.884 1326.286 1325.687 1325.088 1324.489 1323.732 1322.868 1322.004 1321.14 1320.326 1320.105 1319.884 1319.662 1319.441 1319.266 1319.127 1318.988 1318.849 1318.715 1318.702 1318.689 1318.677 1318.664 1318.223 1317.395 1316.566 1315.738 1314.909 1314.03 1313.151 1312.271 1311.392 1310.408 1309.314
1306.733 1307.136 1307.651 1308.165 1308.68 1309.399 1310.833 1312.267 1313.701 1315.135 1316.436 1317.682 1318.929 1320.175 1321.321 1322.035 1322.749 1323.463 1324.177 1325.051 1326.006 1326.961 1327.915 1328.746 1328.885 1329.023 1329.161 1329.3 1328.891 1328.165 1327.439 1326.714 1326.0 1325.386 1324.772 1324.158 1323.543 1322.782 1321.92 1321.059 1320.198 1319.379 1319.062 1318.745 1318.428 1318.111 1317.882 1317.722 1317.563 1317.403 1317.25 1317.25 1317.25 1317.25 1317.25 1316.868 1316.141 1315.413 1314.685 1313.957 1313.132 1312.307 1311.482 1310.658 1309.772 1308.822
1305.054 1305.523 1306.135 1306.747 1307.359 1308.164 1309.641 1311.118 1312.595 1314.072 1315.379 1316.614 1317.849 1319.085 1320.217 1320.898 1321.579 1322.261 1322.942 1323.824 1324.806 1325.787 1326.769 1327.631 1327.824 1328.016 1328.208 1328.401 1328.022 1327.313 1326.603 1325.893 1325.191 1324.544 1323.898 1323.251 1322.604 1321.849 1321.02 1320.191 1319.362 1318.563 1318.116 1317.67 1317.223 1316.776 1316.481 1316.305 1316.13 1315.954 1315.786 1315.786 1315.786 1315.786 1315.786 1315.463 1314.849 1314.235 1313.62 1313.005 1312.229 1311.453 1310.677 1309.9 1309.111 1308.307
1303.375 1303.911 1304.62 1305.329 1306.038 1306.928 1308.448 1309.969 1311.489 1313.009 1314.321 1315.546 1316.77 1317.995 1319.112 1319.761 1320.41 1321.059 1321.708 1322.597 1323.606 1324.614 1325.623 1326.516 1326.763 1327.009 1327.256 1327.502 1327.153 1326.46 1325.767 1325.073 1324.382 1323.703 1323.023 1322.344 1321.665 1320.916 1320.12 1319.323 1318.526 1317.747 1317.171 1316.594 1316.018 1315.441 1315.08 1314.888 1314.696 1314.504 1314.321 1314.321 1314.321 1314.321 1314.321 1314.058 1313.557 1313.056 1312.556 1312.053 1311.326 1310.598 1309.871 1309.143 1308.45 1307.792
1301.696 1302.298 1303.105 1303.911 1304.717 1305.693 1307.256 1308.82 1310.383 1311.947 1313.264 1314.477 1315.691 1316.905 1318.007 1318.624 1319.24 1319.857 1320.473 1321.37 1322.406 1323.441 1324.477 1325.401 1325.702 1326.002 1326.303 1326.603 1326.285 1325.608 1324.93 1324.253 1323.572 1322.861 1322.149 1321.438 1320.726 1319.983 1319.219 1318.455 1317.691 1316.931 1316.225 1315.519 1314.813 1314.106 1313.679 1313.471 1313.263 1313.055 1312.856 1312.856 1312.856 1312.856 1312.856 1312.652 1312.265 1311.878 1311.491 1311.101 1310.422 1309.744 1309.065 1308.386 1307.788 1307.277
1300.317 1300.969 1301.845 1302.721 1303.597 1304.63 1306.208 1307.786 1309.365 1310.943 1312.249 1313.441 1314.632 1315.824 1316.906 1317.512 1318.117 1318.723 1319.328 1320.227 1321.272 1322.316 1323.36 1324.3 1324.651 1325.003 1325.354 1325.705 1325.418 1324.76 1324.102 1323.444 1322.777 1322.039 1321.302 1320.564 1319.826 1319.083 1318.336 1317.589 1316.842 1316.089 1315.265 1314.441 1313.617 1312.794 1312.303 1312.072 1311.842 1311.611 1311.391 1311.391 1311.391 1311.391 1311.391 1311.239 1310.95 1310.661 1310.372 1310.081 1309.455 1308.83 1308.205 1307.58 1307.076 1306.699
1300.231 1300.859 1301.687 1302.515 1303.342 1304.313 1305.783 1307.253 1308.723 1310.194 1311.418 1312.539 1313.661 1314.782 1315.823 1316.509 1317.196 1317.882 1318.569 1319.448 1320.422 1321.396 1322.37 1323.256 1323.645 1324.034 1324.423 1324.813 1324.559 1323.934 1323.309 1322.683 1322.045 1321.307 1320.569 1319.831 1319.093 1318.321 1317.526 1316.73 1315.934 1315.131 1314.243 1313.354 1312.466 1311.577 1311.03 1310.751 1310.472 1310.193 1309.926 1309.926 1309.926 1309.926 1309.926 1309.791 1309.534 1309.278 1309.021 1308.763 1308.213 1307.664 1307.114 1306.564 1306.142 1305.851
1300.146 1300.75 1301.529 1302.308 1303.087 1303.996 1305.358 1306.72 1308.082 1309.444 1310.587 1311.638 1312.69 1313.741 1314.739 1315.507 1316.274 1317.042 1317.81 1318.668 1319.572 1320.476 1321.38 1322.211 1322.639 1323.066 1323.493 1323.92 1323.701 1323.108 1322.515 1321.922 1321.312 1320.574 1319.837 1319.099 1318.361 1317.56 1316.715 1315.871 1315.027 1314.174 1313.221 1312.267 1311.314 1310.36 1309.758 1309.43 1309.102 1308.774 1308.461 1308.461 1308.461 1308.461 1308.461 1308.343 1308.119 1307.895 1307.671 1307.445 1306.971 1306.497 1306.023 1305.549 1305.207 1305.003
1300.06 1300.641 1301.371 1302.101 1302.832 1303.679 1304.933 1306.187 1307.441 1308.695 1309.756 1310.737 1311.718 1312.699 1313.656 1314.504 1315.353 1316.202 1317.05 1317.889 1318.722 1319.556 1320.389 1321.167 1321.632 1322.097 1322.562 1323.027 1322.843 1322.282 1321.721 1321.161 1320.58 1319.842 1319.104 1318.366 1317.628 1316.798 1315.905 1315.012 1314.119 1313.217 1312.198 1311.18 1310.162 1309.143 1308.485 1308.109 1307.732 1307.356 1306.996 1306.996 1306.996 1306.996 1306.996 1306.895 1306.703 1306.512 1306.32 1306.127 1305.729 1305.33 1304.932 1304.534 1304.273 1304.155
1299.974 1300.532 1301.213 1301.895 1302.576 1303.362 1304.507 1305.653 1306.799 1307.945 1308.925 1309.836 1310.747 1311.658 1312.572 1313.502 1314.432 1315.361 1316.291 1317.109 1317.873 1318.636 1319.399 1320.123 1320.626 1321.129 1321.631 1322.134 1321.984 1321.456 1320.928 1320.4 1319.847 1319.109 1318.372 1317.634 1316.896 1316.036 1315.095 1314.153 1313.212 1312.259 1311.176 1310.093 1309.01 1307.927 1307.213 1306.788 1306.363 1305.938 1305.531 1305.531 1305.531 1305.531 1305.531 1305.447 1305.288 1305.129 1304.969 1304.809 1304.486 1304.164 1303.841 1303.519 1303.339 1303.307
1299.943 1300.466 1301.096 1301.726 1302.355 1303.08 1304.139 1305.197 1306.256 1307.314 1308.236 1309.101 1309.965 1310.83 1311.708 1312.643 1313.578 1314.513 1315.448 1316.267 1317.029 1317.791 1318.553 1319.275 1319.77 1320.266 1320.762 1321.258 1321.126 1320.63 1320.134 1319.638 1319.115 1318.377 1317.639 1316.901 1316.163 1315.306 1314.367 1313.429 1312.49 1311.54 1310.447 1309.354 1308.261 1307.168 1306.417 1305.933 1305.449 1304.965 1304.499 1304.444 1304.389 1304.334 1304.279 1304.186 1304.059 1303.932 1303.805 1303.677 1303.413 1303.149 1302.885 1302.621 1302.486 1302.486
1299.943 1300.426 1301.002 1301.577 1302.153 1302.819 1303.802 1304.785 1305.768 1306.75 1307.627 1308.459 1309.292 1310.124 1310.968 1311.865 1312.763 1313.66 1314.557 1315.389 1316.189 1316.988 1317.788 1318.537 1319.0 1319.464 1319.927 1320.391 1320.267 1319.804 1319.34 1318.877 1318.382 1317.644 1316.907 1316.169 1315.431 1314.593 1313.687 1312.781 1311.875 1310.956 1309.884 1308.813 1307.742 1306.671 1305.892 1305.344 1304.795 1304.246 1303.714 1303.573 1303.431 1303.29 1303.148 1303.031 1302.937 1302.842 1302.748 1302.652 1302.437 1302.221 1302.006 1301.791 1301.68 1301.68
1299.943 1300.386 1300.908 1301.429 1301.951 1302.558 1303.465 1304.373 1305.28 1306.187 1307.018 1307.818 1308.618 1309.418 1310.229 1311.088 1311.947 1312.807 1313.666 1314.511 1315.348 1316.186 1317.024 1317.8 1318.231 1318.662 1319.093 1319.523 1319.409 1318.978 1318.547 1318.116 1317.65 1316.912 1316.174 1315.436 1314.698 1313.88 1313.006 1312.132 1311.259 1310.371 1309.322 1308.272 1307.222 1306.173 1305.368 1304.754 1304.14 1303.526 1302.929 1302.701 1302.473 1302.245 1302.017 1301.876 1301.814 1301.752 1301.69 1301.627 1301.46 1301.294 1301.127 1300.96 1300.875 1300.875
1299.943 1300.346 1300.814 1301.281 1301.749 1302.297 1303.129 1303.96 1304.792 1305.623 1306.409 1307.177 1307.944 1308.712 1309.489 1310.311 1311.132 1311.954 1312.775 1313.633 1314.508 1315.384 1316.259 1317.062 1317.461 1317.859 1318.258 1318.656 1318.55 1318.152 1317.753 1317.355 1316.917 1316.179 1315.442 1314.704 1313.966 1313.166 1312.325 1311.484 1310.643 1309.787 1308.759 1307.731 1306.703 1305.675 1304.843 1304.164 1303.486 1302.807 1302.144 1301.83 1301.515 1301.201 1300.886 1300.721 1300.692 1300.662 1300.632 1300.602 1300.484 1300.366 1300.248 1300.129 1300.069 1300.069
1299.925 1300.289 1300.705 1301.12 1301.536 1302.028 1302.783 1303.539 1304.295 1305.051 1305.793 1306.53 1307.267 1308.004 1308.75 1309.538 1310.325 1311.112 1311.9 1312.767 1313.673 1314.579 1315.485 1316.311 1316.68 1317.049 1317.419 1317.788 1317.691 1317.323 1316.956 1316.589 1316.179 1315.446 1314.713 1313.979 1313.246 1312.469 1311.661 1310.853 1310.045 1309.222 1308.223 1307.224 1306.224 1305.225 1304.371 1303.631 1302.891 1302.15 1301.425 1301.029 1300.633 1300.238 1299.842 1299.654 1299.654 1299.654 1299.654 1299.653 1299.581 1299.509 1299.436 1299.364 1299.327 1299.327
1299.718 1300.049 1300.438 1300.827 1301.215 1301.669 1302.349 1303.029 1303.709 1304.39 1305.102 1305.828 1306.554 1307.28 1308.019 1308.812 1309.604 1310.397 1311.19 1312.03 1312.893 1313.756 1314.619 1315.408 1315.783 1316.158 1316.532 1316.907 1316.822 1316.471 1316.12 1315.768 1315.379 1314.7 1314.021 1313.342 1312.663 1311.933 1311.168 1310.404 1309.639 1308.864 1307.968 1307.071 1306.174 1305.277 1304.453 1303.686 1302.919 1302.152 1301.4 1300.977 1300.554 1300.131 1299.708 1299.507 1299.507 1299.507 1299.507 1299.507 1299.451 1299.395 1299.339 1299.282 1299.254 1299.254
1299.51 1299.809 1300.171 1300.533 1300.894 1301.31 1301.915 1302.519 1303.124 1303.728 1304.411 1305.126 1305.841 1306.557 1307.287 1308.086 1308.884 1309.682 1310.48 1311.293 1312.113 1312.932 1313.752 1314.505 1314.886 1315.266 1315.646 1316.026 1315.953 1315.618 1315.283 1314.948 1314.58 1313.955 1313.33 1312.705 1312.08 1311.397 1310.676 1309.955 1309.233 1308.506 1307.712 1306.918 1306.124 1305.33 1304.536 1303.742 1302.948 1302.153 1301.374 1300.924 1300.474 1300.024 1299.574 1299.361 1299.361 1299.361 1299.361 1299.361 1299.321 1299.281 1299.241 1299.201 1299.18 1299.18
1299.303 1299.57 1299.904 1300.239 1300.574 1300.952 1301.48 1302.009 1302.538 1303.067 1303.72 1304.424 1305.128 1305.833 1306.556 1307.359 1308.163 1308.967 1309.77 1310.556 1311.332 1312.109 1312.885 1313.603 1313.988 1314.374 1314.76 1315.145 1315.085 1314.766 1314.447 1314.128 1313.78 1313.209 1312.638 1312.068 1311.496 1310.862 1310.183 1309.505 1308.827 1308.148 1307.457 1306.765 1306.074 1305.383 1304.619 1303.797 1302.976 1302.155 1301.348 1300.871 1300.395 1299.918 1299.441 1299.214 1299.214 1299.214 1299.214 1299.214 1299.191 1299.167 1299.143 1299.119 1299.107 1299.107
1299.096 1299.33 1299.637 1299.945 1300.253 1300.593 1301.046 1301.499 1301.953 1302.406 1303.028 1303.722 1304.416 1305.109 1305.824 1306.633 1307.443 1308.252 1309.061 1309.819 1310.552 1311.286 1312.019 1312.7 1313.091 1313.482 1313.873 1314.264 1314.216 1313.913 1313.611 1313.308 1312.981 1312.464 1311.947 1311.43 1310.913 1310.326 1309.691 1309.056 1308.421 1307.79 1307.201 1306.613 1306.024 1305.435 1304.701 1303.853 1303.005 1302.156 1301.323 1300.819 1300.315 1299.811 1299.307 1299.068 1299.068 1299.068 1299.068 1299.068 1299.06 1299.053 1299.045 1299.038 1299.034 1299.034
1299.369 1299.508 1299.716 1299.924 1300.132 1300.378 1300.756 1301.133 1301.511 1301.888 1302.477 1303.154 1303.831 1304.508 1305.209 1306.011 1306.814 1307.617 1308.42 1309.159 1309.866 1310.574 1311.281 1311.937 1312.301 1312.666 1313.03 1313.395 1313.342 1313.047 1312.752 1312.457 1312.138 1311.644 1311.149 1310.654 1310.159 1309.6 1308.997 1308.393 1307.79 1307.193 1306.673 1306.152 1305.631 1305.11 1304.431 1303.629 1302.826 1302.023 1301.233 1300.734 1300.235 1299.736 1299.237 1299.0 1299.0 1299.0 1299.0 1299.0 1299.0 1299.0 1299.0 1299.0 1299.0 1299.0
1300.058 1300.047 1300.093 1300.139 1300.185 1300.288 1300.59 1300.892 1301.194 1301.496 1302.047 1302.702 1303.358 1304.013 1304.693 1305.479 1306.266 1307.053 1307.839 1308.566 1309.262 1309.959 1310.656 1311.294 1311.604 1311.915 1312.225 1312.536 1312.463 1312.168 1311.873 1311.578 1311.259 1310.759 1310.259 1309.758 1309.258 1308.709 1308.128 1307.546 1306.964 1306.391 1305.908 1305.425 1304.942 1304.459 1303.857 1303.162 1302.468 1301.773 1301.088 1300.621 1300.155 1299.688 1299.222 1299.0 1299.0 1299.0 1299.0 1299.0 1299.0 1299.0 1299.0 1299.0 1299.0 1299.0
