data/zism_data/01144_04_D.txt
ncols         224
nrows         224
[rows 116 to 144 of 224, columns 0 to 64 of 224]
1399.0 1399.0 1399.0 1399.0 1399.0 1399.0 1399.0 1399.0 1399.0 1399.0 1399.0 1399.0 1399.0 1399.0 1399.0 1399.0 1399.0 1399.0 1399.0 1399.0 1399.0 1399.0 1399.0 1399.0 1399.0 1399.0 1399.0 1399.0 1399.0 1399.0 1399.0 1399.0 1399.0 1399.0 1399.0 1399.0 1399.0 1399.0 1399.0 1399.0 1399.0 1399.0 1399.0 1399.0 1399.0 1399.0 1399.124 1399.346 1399.567 1399.788 1400.0 1400.0 1400.0 1400.0 1400.0 1400.0 1400.0 1400.0 1400.0 1400.0 1400.0 1400.0 1400.0 1400.0 1400.0
1399.0 1399.0 1399.0 1399.0 1399.0 1399.007 1399.041 1399.074 1399.107 1399.14 1399.134 1399.112 1399.09 1399.068 1399.048 1399.037 1399.026 1399.015 1399.004 1399.0 1399.0 1399.0 1399.0 1399.0 1399.0 1399.0 1399.0 1399.0 1399.0 1399.0 1399.0 1399.0 1399.0 1399.0 1399.0 1399.0 1399.0 1399.0 1399.0 1399.0 1399.0 1399.0 1399.0 1399.0 1399.0 1399.0 1399.124 1399.346 1399.567 1399.788 1400.0 1400.0 1400.0 1400.0 1400.0 1400.0 1400.0 1400.0 1400.0 1400.0 1400.0 1400.0 1400.0 1400.0 1400.0
1399.0 1399.0 1399.0 1399.0 1399.0 1399.018 1399.1 1399.182 1399.264 1399.345 1399.331 1399.276 1399.222 1399.167 1399.118 1399.091 1399.064 1399.036 1399.009 1399.0 1399.0 1399.0 1399.0 1399.0 1399.0 1399.0 1399.0 1399.0 1399.0 1399.0 1399.0 1399.0 1399.0 1399.0 1399.0 1399.0 1399.0 1399.0 1399.0 1399.0 1399.0 1399.0 1399.0 1399.0 1399.0 1399.0 1399.124 1399.346 1399.567 1399.788 1400.0 1400.0 1400.0 1400.0 1400.0 1400.0 1400.0 1400.0 1400.0 1400.0 1400.0 1400.0 1400.0 1400.0 1400.0
1399.0 1399.0 1399.0 1399.0 1399.0 1399.029 1399.16 1399.29 1399.42 1399.551 1399.528 1399.441 1399.354 1399.267 1399.188 1399.145 1399.101 1399.058 1399.014 1399.0 1399.0 1399.0 1399.0 1399.0 1399.0 1399.0 1399.0 1399.0 1399.0 1399.0 1399.0 1399.0 1399.0 1399.0 1399.0 1399.0 1399.0 1399.0 1399.0 1399.0 1399.0 1399.0 1399.0 1399.0 1399.0 1399.0 1399.124 1399.346 1399.567 1399.788 1400.0 1400.0 1400.0 1400.0 1400.0 1400.0 1400.0 1400.0 1400.0 1400.0 1400.0 1400.0 1400.0 1400.0 1400.0
1399.0 1399.0 1399.0 1399.0 1399.0 1399.04 1399.219 1399.398 1399.577 1399.756 1399.725 1399.605 1399.486 1399.367 1399.259 1399.199 1399.139 1399.079 1399.02 1399.0 1399.0 1399.0 1399.0 1399.0 1399.0 1399.0 1399.0 1399.0 1399.0 1399.0 1399.0 1399.0 1399.0 1399.0 1399.0 1399.0 1399.0 1399.0 1399.0 1399.0 1399.0 1399.0 1399.0 1399.0 1399.0 1399.0 1399.124 1399.346 1399.567 1399.788 1400.0 1400.0 1400.0 1400.0 1400.0 1400.0 1400.0 1400.0 1400.0 1400.0 1400.0 1400.0 1400.0 1400.0 1400.0
1399.001 1399.002 1399.004 1399.006 1399.008 1399.058 1399.278 1399.497 1399.716 1399.935 1399.899 1399.756 1399.612 1399.469 1399.338 1399.263 1399.188 1399.113 1399.038 1399.011 1399.008 1399.005 1399.002 1399.0 1399.0 1399.0 1399.0 1399.0 1399.0 1399.0 1399.0 1399.0 1399.0 1399.0 1399.0 1399.0 1399.0 1399.0 1399.0 1399.0 1399.0 1399.0 1399.001 1399.003 1399.004 1399.006 1399.13 1399.35 1399.57 1399.79 1400.0 1400.0 1400.0 1400.0 1400.0 1400.0 1400.0 1400.0 1400.0 1400.0 1400.0 1400.0 1400.0 1400.0 1400.0
1399.01 1399.014 1399.032 1399.05 1399.069 1399.128 1399.331 1399.534 1399.737 1399.94 1399.922 1399.811 1399.7 1399.589 1399.483 1399.397 1399.311 1399.225 1399.139 1399.094 1399.07 1399.045 1399.021 1399.0 1399.0 1399.0 1399.0 1399.0 1399.0 1399.0 1399.0 1399.0 1399.0 1399.0 1399.0 1399.0 1399.0 1399.0 1399.0 1399.0 1399.0 1399.001 1399.013 1399.025 1399.038 1399.05 1399.173 1399.382 1399.591 1399.8 1400.0 1400.0 1400.0 1400.0 1400.0 1400.0 1400.0 1400.0 1400.0 1400.0 1400.0 1400.0 1400.0 1400.0 1400.0
1399.018 1399.026 1399.06 1399.095 1399.129 1399.198 1399.385 1399.571 1399.758 1399.945 1399.945 1399.866 1399.788 1399.709 1399.627 1399.531 1399.434 1399.337 1399.24 1399.177 1399.131 1399.085 1399.039 1399.0 1399.0 1399.0 1399.0 1399.0 1399.0 1399.0 1399.0 1399.0 1399.0 1399.0 1399.0 1399.0 1399.0 1399.0 1399.0 1399.0 1399.0 1399.002 1399.025 1399.048 1399.071 1399.094 1399.215 1399.414 1399.612 1399.81 1400.0 1400.0 1400.0 1400.0 1400.0 1400.0 1400.0 1400.0 1400.0 1400.0 1400.0 1400.0 1400.0 1400.0 1400.0
1399.026 1399.038 1399.088 1399.139 1399.19 1399.267 1399.438 1399.609 1399.779 1399.95 1399.968 1399.922 1399.875 1399.829 1399.772 1399.664 1399.557 1399.449 1399.341 1399.26 1399.193 1399.125 1399.057 1399.0 1399.0 1399.0 1399.0 1399.0 1399.0 1399.0 1399.0 1399.0 1399.0 1399.0 1399.0 1399.0 1399.0 1399.0 1399.0 1399.0 1399.0 1399.003 1399.036 1399.07 1399.104 1399.138 1399.258 1399.446 1399.633 1399.821 1400.0 1400.0 1400.0 1400.0 1400.0 1400.0 1400.0 1400.0 1400.0 1400.0 1400.0 1400.0 1400.0 1400.0 1400.0
1399.035 1399.05 1399.117 1399.184 1399.25 1399.337 1399.491 1399.646 1399.8 1399.954 1399.99 1399.977 1399.963 1399.949 1399.916 1399.798 1399.679 1399.561 1399.443 1399.344 1399.254 1399.165 1399.076 1399.0 1399.0 1399.0 1399.0 1399.0 1399.0 1399.0 1399.0 1399.0 1399.0 1399.0 1399.0 1399.0 1399.0 1399.0 1399.0 1399.0 1399.0 1399.004 1399.048 1399.093 1399.137 1399.182 1399.301 1399.478 1399.654 1399.831 1400.0 1400.0 1400.0 1400.0 1400.0 1400.0 1400.0 1400.0 1400.0 1400.0 1400.0 1400.0 1400.0 1400.0 1400.0
1399.161 1399.175 1399.24 1399.304 1399.368 1399.447 1399.576 1399.704 1399.833 1399.962 1400.0 1400.0 1400.0 1400.0 1399.979 1399.865 1399.752 1399.638 1399.525 1399.415 1399.307 1399.199 1399.091 1399.0 1399.0 1399.0 1399.0 1399.0 1399.0 1399.0 1399.0 1399.0 1399.0 1399.0 1399.0 1399.0 1399.0 1399.0 1399.0 1399.0 1399.0 1399.004 1399.057 1399.109 1399.161 1399.214 1399.331 1399.5 1399.669 1399.838 1400.0 1400.0 1400.0 1400.0 1400.0 1400.0 1400.0 1400.0 1400.0 1400.0 1400.0 1400.0 1400.0 1400.0 1400.0
1399.372 1399.383 1399.431 1399.479 1399.527 1399.586 1399.683 1399.779 1399.875 1399.972 1400.0 1400.0 1400.0 1400.0 1399.982 1399.884 1399.787 1399.69 1399.592 1399.477 1399.353 1399.229 1399.105 1399.0 1399.0 1399.0 1399.0 1399.0 1399.0 1399.0 1399.0 1399.0 1399.0 1399.0 1399.0 1399.0 1399.0 1399.0 1399.0 1399.0 1399.0 1399.005 1399.062 1399.12 1399.178 1399.235 1399.353 1399.516 1399.68 1399.844 1400.0 1400.0 1400.0 1400.0 1400.0 1400.0 1400.0 1400.0 1400.0 1400.0 1400.0 1400.0 1400.0 1400.0 1400.0
1399.583 1399.591 1399.623 1399.654 1399.686 1399.725 1399.789 1399.853 1399.917 1399.981 1400.0 1400.0 1400.0 1400.0 1399.985 1399.904 1399.823 1399.741 1399.66 1399.54 1399.399 1399.259 1399.119 1399.0 1399.0 1399.0 1399.0 1399.0 1399.0 1399.0 1399.0 1399.0 1399.0 1399.0 1399.0 1399.0 1399.0 1399.0 1399.0 1399.0 1399.0 1399.005 1399.068 1399.131 1399.194 1399.258 1399.374 1399.532 1399.69 1399.849 1400.0 1400.0 1400.0 1400.0 1400.0 1400.0 1400.0 1400.0 1400.0 1400.0 1400.0 1400.0 1400.0 1400.0 1400.0
1399.795 1399.798 1399.814 1399.83 1399.846 1399.865 1399.896 1399.928 1399.959 1399.991 1400.0 1400.0 1400.0 1400.0 1399.988 1399.923 1399.858 1399.793 1399.728 1399.602 1399.446 1399.289 1399.133 1399.0 1399.0 1399.0 1399.0 1399.0 1399.0 1399.0 1399.0 1399.0 1399.0 1399.0 1399.0 1399.0 1399.0 1399.0 1399.0 1399.0 1399.0 1399.005 1399.074 1399.142 1399.211 1399.28 1399.395 1399.548 1399.701 1399.854 1400.0 1400.0 1400.0 1400.0 1400.0 1400.0 1400.0 1400.0 1400.0 1400.0 1400.0 1400.0 1400.0 1400.0 1400.0
1400.0 1400.0 1400.0 1400.0 1400.0 1400.0 1400.0 1400.0 1400.0 1400.0 1400.0 1400.0 1400.0 1400.0 1399.991 1399.942 1399.893 1399.844 1399.795 1399.664 1399.491 1399.319 1399.146 1399.0 1399.0 1399.0 1399.0 1399.0 1399.0 1399.0 1399.0 1399.0 1399.0 1399.0 1399.0 1399.0 1399.0 1399.0 1399.0 1399.0 1399.0 1399.006 1399.08 1399.153 1399.227 1399.301 1399.416 1399.564 1399.711 1399.859 1400.0 1400.0 1400.0 1400.0 1400.0 1400.0 1400.0 1400.0 1400.0 1400.0 1400.0 1400.0 1400.0 1400.0 1400.0
1400.0 1400.0 1400.0 1400.0 1400.0 1400.0 1400.0 1400.0 1400.0 1400.0 1400.0 1400.0 1400.0 1400.0 1399.993 1399.955 1399.917 1399.879 1399.841 1399.705 1399.522 1399.339 1399.156 1399.0 1399.0 1399.0 1399.0 1399.0 1399.0 1399.0 1399.0 1399.0 1399.0 1399.0 1399.0 1399.0 1399.0 1399.0 1399.0 1399.0 1399.0 1399.006 1399.08 1399.153 1399.227 1399.301 1399.416 1399.564 1399.711 1399.859 1400.0 1400.0 1400.0 1400.0 1400.0 1400.0 1400.0 1400.0 1400.0 1400.0 1400.0 1400.0 1400.0 1400.0 1400.0
1400.0 1400.0 1400.0 1400.0 1400.0 1400.0 1400.0 1400.0 1400.0 1400.0 1400.0 1400.0 1400.0 1400.0 1399.995 1399.968 1399.94 1399.913 1399.886 1399.747 1399.553 1399.359 1399.165 1399.0 1399.0 1399.0 1399.0 1399.0 1399.0 1399.0 1399.0 1399.0 1399.0 1399.0 1399.0 1399.0 1399.0 1399.0 1399.0 1399.0 1399.0 1399.006 1399.08 1399.153 1399.227 1399.301 1399.416 1399.564 1399.711 1399.859 1400.0 1400.0 1400.0 1400.0 1400.0 1400.0 1400.0 1400.0 1400.0 1400.0 1400.0 1400.0 1400.0 1400.0 1400.0
1400.0 1400.0 1400.0 1400.0 1400.0 1400.0 1400.0 1400.0 1400.0 1400.0 1400.0 1400.0 1400.0 1400.0 1399.997 1399.98 1399.964 1399.948 1399.931 1399.789 1399.584 1399.379 1399.174 1399.0 1399.0 1399.0 1399.0 1399.0 1399.0 1399.0 1399.0 1399.0 1399.0 1399.0 1399.0 1399.0 1399.0 1399.0 1399.0 1399.0 1399.0 1399.006 1399.08 1399.153 1399.227 1399.301 1399.416 1399.564 1399.711 1399.859 1400.0 1400.0 1400.0 1400.0 1400.0 1400.0 1400.0 1400.0 1400.0 1400.0 1400.0 1400.0 1400.0 1400.0 1400.0
1400.0 1400.0 1400.0 1400.0 1400.0 1400.0 1400.0 1400.0 1400.0 1400.0 1400.0 1400.0 1400.0 1400.0 1399.999 1399.993 1399.988 1399.982 1399.976 1399.83 1399.615 1399.399 1399.183 1399.0 1399.0 1399.0 1399.0 1399.0 1399.0 1399.0 1399.0 1399.0 1399.0 1399.0 1399.0 1399.0 1399.0 1399.0 1399.0 1399.0 1399.0 1399.006 1399.08 1399.153 1399.227 1399.301 1399.416 1399.564 1399.711 1399.859 1400.0 1400.0 1400.0 1400.0 1400.0 1400.0 1400.0 1400.0 1400.0 1400.0 1400.0 1400.0 1400.0 1400.0 1400.0
1400.0 1400.0 1400.0 1400.0 1400.0 1400.0 1400.0 1400.0 1400.0 1400.0 1400.0 1400.0 1400.0 1400.0 1400.0 1400.0 1400.0 1400.0 1400.0 1399.867 1399.669 1399.471 1399.273 1399.102 1399.078 1399.055 1399.032 1399.009 1399.0 1399.0 1399.0 1399.0 1399.0 1399.0 1399.0 1399.0 1399.0 1399.006 1399.016 1399.027 1399.037 1399.053 1399.132 1399.211 1399.29 1399.369 1399.478 1399.61 1399.742 1399.874 1400.0 1400.0 1400.0 1400.0 1400.0 1400.0 1400.0 1400.0 1400.0 1400.0 1400.0 1400.0 1400.0 1400.0 1400.0
1400.0 1400.0 1400.0 1400.0 1400.0 1400.0 1400.0 1400.0 1400.0 1400.0 1400.0 1400.0 1400.0 1400.0 1400.0 1400.0 1400.0 1400.0 1400.0 1399.9 1399.751 1399.601 1399.452 1399.314 1399.242 1399.17 1399.098 1399.026 1399.0 1399.0 1399.0 1399.0 1399.0 1399.0 1399.0 1399.0 1399.0 1399.019 1399.051 1399.083 1399.115 1399.151 1399.241 1399.331 1399.421 1399.51 1399.606 1399.705 1399.805 1399.905 1400.0 1400.0 1400.0 1400.0 1400.0 1400.0 1400.0 1400.0 1400.0 1400.0 1400.0 1400.0 1400.0 1400.0 1400.0
1400.0 1400.0 1400.0 1400.0 1400.0 1400.0 1400.0 1400.0 1400.0 1400.0 1400.0 1400.0 1400.0 1400.0 1400.0 1400.0 1400.0 1400.0 1400.0 1399.933 1399.832 1399.731 1399.63 1399.526 1399.406 1399.285 1399.165 1399.044 1399.0 1399.0 1399.0 1399.0 1399.0 1399.0 1399.0 1399.0 1399.0 1399.032 1399.086 1399.139 1399.193 1399.25 1399.351 1399.451 1399.552 1399.652 1399.734 1399.801 1399.869 1399.936 1400.0 1400.0 1400.0 1400.0 1400.0 1400.0 1400.0 1400.0 1400.0 1400.0 1400.0 1400.0 1400.0 1400.0 1400.0
1400.0 1400.0 1400.0 1400.0 1400.0 1400.0 1400.0 1400.0 1400.0 1400.0 1400.0 1400.0 1400.0 1400.0 1400.0 1400.0 1400.0 1400.0 1400.0 1399.965 1399.913 1399.861 1399.809 1399.739 1399.57 1399.4 1399.231 1399.062 1399.0 1399.0 1399.0 1399.0 1399.0 1399.0 1399.0 1399.0 1399.0 1399.045 1399.12 1399.195 1399.271 1399.349 1399.46 1399.571 1399.683 1399.794 1399.862 1399.897 1399.932 1399.967 1400.0 1400.0 1400.0 1400.0 1400.0 1400.0 1400.0 1400.0 1400.0 1400.0 1400.0 1400.0 1400.0 1400.0 1400.0
1400.0 1400.0 1400.0 1400.0 1400.0 1400.0 1400.0 1400.0 1400.0 1400.0 1400.0 1400.0 1400.0 1400.0 1400.0 1400.0 1400.0 1400.0 1400.0 1399.998 1399.994 1399.991 1399.987 1399.951 1399.733 1399.516 1399.298 1399.08 1399.0 1399.0 1399.0 1399.0 1399.0 1399.0 1399.0 1399.0 1399.0 1399.058 1399.155 1399.251 1399.348 1399.447 1399.569 1399.691 1399.814 1399.936 1399.991 1399.993 1399.995 1399.998 1400.0 1400.0 1400.0 1400.0 1400.0 1400.0 1400.0 1400.0 1400.0 1400.0 1400.0 1400.0 1400.0 1400.0 1400.0
1400.0 1400.0 1400.0 1400.0 1400.0 1400.0 1400.0 1400.0 1400.0 1400.0 1400.0 1400.0 1400.0 1400.0 1400.0 1400.0 1400.0 1400.0 1400.0 1400.0 1400.0 1400.0 1400.0 1399.969 1399.763 1399.556 1399.35 1399.144 1399.068 1399.068 1399.068 1399.068 1399.068 1399.068 1399.068 1399.068 1399.068 1399.133 1399.241 1399.349 1399.458 1399.565 1399.663 1399.761 1399.859 1399.957 1400.0 1400.0 1400.0 1400.0 1400.0 1400.0 1400.0 1400.0 1400.0 1400.0 1400.0 1400.0 1400.0 1400.0 1400.0 1400.0 1400.0 1400.0 1400.0
1400.0 1400.0 1400.0 1400.0 1400.0 1400.0 1400.0 1400.0 1400.0 1400.0 1400.0 1400.0 1400.0 1400.0 1400.0 1400.0 1400.0 1400.0 1400.0 1400.0 1400.0 1400.0 1400.0 1399.971 1399.781 1399.591 1399.401 1399.211 1399.141 1399.141 1399.141 1399.141 1399.141 1399.141 1399.141 1399.141 1399.141 1399.212 1399.332 1399.451 1399.57 1399.685 1399.756 1399.827 1399.898 1399.969 1400.0 1400.0 1400.0 1400.0 1400.0 1400.0 1400.0 1400.0 1400.0 1400.0 1400.0 1400.0 1400.0 1400.0 1400.0 1400.0 1400.0 1400.0 1400.0
1400.0 1400.0 1400.0 1400.0 1400.0 1400.0 1400.0 1400.0 1400.0 1400.0 1400.0 1400.0 1400.0 1400.0 1400.0 1400.0 1400.0 1400.0 1400.0 1400.0 1400.0 1400.0 1400.0 1399.974 1399.8 1399.626 1399.452 1399.278 1399.214 1399.214 1399.214 1399.214 1399.214 1399.214 1399.214 1399.214 1399.214 1399.292 1399.422 1399.552 1399.682 1399.805 1399.849 1399.893 1399.937 1399.981 1400.0 1400.0 1400.0 1400.0 1400.0 1400.0 1400.0 1400.0 1400.0 1400.0 1400.0 1400.0 1400.0 1400.0 1400.0 1400.0 1400.0 1400.0 1400.0
1400.0 1400.0 1400.0 1400.0 1400.0 1400.0 1400.0 1400.0 1400.0 1400.0 1400.0 1400.0 1400.0 1400.0 1400.0 1400.0 1400.0 1400.0 1400.0 1400.0 1400.0 1400.0 1400.0 1399.976 1399.818 1399.661 1399.503 1399.345 1399.288 1399.288 1399.288 1399.288 1399.288 1399.288 1399.288 1399.288 1399.288 1399.372 1399.513 1399.653 1399.794 1399.925 1399.942 1399.959 1399.976 1399.993 1400.0 1400.0 1400.0 1400.0 1400.0 1400.0 1400.0 1400.0 1400.0 1400.0 1400.0 1400.0 1400.0 1400.0 1400.0 1400.0 1400.0 1400.0 1400.0
1400.0 1400.0 1400.0 1400.0 1400.0 1400.0 1400.0 1400.0 1400.0 1400.0 1400.0 1400.0 1400.0 1400.0 1400.0 1400.0 1400.0 1400.0 1400.0 1400.0 1400.0 1400.0 1400.0 1399.979 1399.844 1399.709 1399.573 1399.438 1399.388 1399.388 1399.388 1399.388 1399.388 1399.388 1399.388 1399.388 1399.388 1399.469 1399.605 1399.74 1399.875 1400.0 1400.0 1400.0 1400.0 1400.0 1400.0 1400.0 1400.0 1400.0 1400.0 1400.0 1400.0 1400.0 1400.0 1400.0 1400.0 1400.0 1400.0 1400.0 1400.0 1400.0 1400.0 1400.0 1400.009
