data/zism_data/01140_03_D.txt
ncols         224
nrows         224
[rows 84 to 111 of 224, columns 63 to 125 of 224]
1633.108 1623.33 1613.551 1603.772 1593.993 1584.388 1574.836 1565.283 1555.731 1545.4 1532.492 1519.584 1506.676 1493.768 1476.783 1458.014 1439.246 1420.477 1402.201 1386.518 1370.835 1355.152 1339.47 1333.552 1333.54 1333.527 1333.515 1334.796 1349.654 1364.512 1379.371 1394.229 1408.575 1422.503 1436.431 1450.359 1464.259 1476.236 1488.214 1500.192 1512.17 1524.454 1537.073 1549.691 1562.31 1574.929 1584.568 1594.023 1603.479 1612.934 1621.233 1627.837 1634.442 1641.046 1647.651 1649.897 1651.489 1653.082 1654.674 1654.767 1651.861 1648.955 1646.048
1626.424 1617.274 1608.123 1598.973 1589.823 1580.609 1571.376 1562.144 1552.911 1542.957 1530.613 1518.268 1505.924 1493.58 1476.734 1457.918 1439.102 1420.286 1401.859 1385.476 1369.093 1352.71 1336.328 1330.068 1329.93 1329.791 1329.653 1330.859 1346.187 1361.514 1376.842 1392.17 1406.862 1421.036 1435.21 1449.384 1463.529 1475.701 1487.873 1500.045 1512.217 1524.747 1537.668 1550.588 1563.509 1576.429 1585.468 1594.269 1603.069 1611.869 1619.372 1624.977 1630.583 1636.188 1641.793 1643.324 1644.244 1645.163 1646.083 1645.907 1643.539 1641.171 1638.803
1618.92 1610.383 1601.846 1593.31 1584.773 1575.809 1566.716 1557.624 1548.531 1538.811 1527.016 1515.221 1503.426 1491.63 1475.169 1456.665 1438.161 1419.658 1401.457 1384.854 1368.25 1351.647 1335.044 1328.54 1328.143 1327.746 1327.349 1328.311 1343.536 1358.762 1373.987 1389.213 1404.001 1418.433 1432.866 1447.298 1461.703 1474.284 1486.866 1499.447 1512.028 1525.001 1538.4 1551.8 1565.199 1578.599 1587.032 1595.159 1603.287 1611.414 1618.107 1622.7 1627.294 1631.887 1636.48 1637.027 1636.968 1636.908 1636.848 1636.313 1634.828 1633.343 1631.858
1611.416 1603.493 1595.569 1587.646 1579.723 1571.009 1562.056 1553.104 1544.151 1534.666 1523.42 1512.173 1500.927 1489.681 1473.603 1455.412 1437.22 1419.029 1401.056 1384.232 1367.408 1350.583 1333.76 1327.012 1326.357 1325.701 1325.046 1325.763 1340.886 1356.009 1371.132 1386.255 1401.14 1415.831 1430.522 1445.212 1459.878 1472.868 1485.858 1498.849 1511.839 1525.254 1539.133 1553.011 1566.89 1580.769 1588.596 1596.05 1603.505 1610.959 1616.842 1620.423 1624.005 1627.586 1631.168 1630.731 1629.692 1628.652 1627.613 1626.719 1626.117 1625.514 1624.912
1603.911 1596.602 1589.292 1581.983 1574.674 1566.209 1557.396 1548.583 1539.77 1530.521 1519.823 1509.126 1498.429 1487.731 1472.038 1454.159 1436.28 1418.4 1400.654 1383.609 1366.565 1349.52 1332.476 1325.484 1324.57 1323.656 1322.743 1323.215 1338.236 1353.257 1368.277 1383.298 1398.28 1413.228 1428.177 1443.126 1458.053 1471.452 1484.851 1498.251 1511.65 1525.508 1539.865 1554.223 1568.581 1582.938 1590.159 1596.941 1603.723 1610.504 1615.577 1618.146 1620.716 1623.286 1625.855 1624.435 1622.416 1620.397 1618.378 1617.125 1617.405 1617.686 1617.966
1596.407 1589.711 1583.016 1576.32 1569.624 1561.409 1552.736 1544.063 1535.39 1526.375 1516.227 1506.078 1495.93 1485.782 1470.473 1452.906 1435.339 1417.772 1400.253 1382.987 1365.722 1348.457 1331.192 1323.955 1322.783 1321.612 1320.44 1320.667 1335.585 1350.504 1365.422 1380.341 1395.419 1410.626 1425.833 1441.041 1456.228 1470.036 1483.844 1497.653 1511.461 1525.761 1540.598 1555.435 1570.271 1585.108 1591.723 1597.832 1603.941 1610.049 1614.311 1615.869 1617.427 1618.985 1620.542 1618.138 1615.14 1612.141 1609.142 1607.531 1608.694 1609.857 1611.02
1595.255 1588.064 1580.873 1573.682 1566.491 1557.74 1548.517 1539.294 1530.072 1520.581 1510.202 1499.823 1489.444 1479.065 1464.261 1447.52 1430.78 1414.04 1397.313 1380.66 1364.007 1347.354 1330.701 1323.299 1321.492 1319.686 1317.879 1317.421 1331.128 1344.836 1358.544 1372.251 1387.024 1402.664 1418.305 1433.946 1449.565 1463.735 1477.905 1492.074 1506.244 1520.787 1535.737 1550.686 1565.636 1580.586 1587.468 1593.853 1600.239 1606.624 1610.892 1612.058 1613.225 1614.391 1615.558 1612.283 1608.342 1604.401 1600.46 1598.325 1599.803 1601.281 1602.76
1594.196 1586.494 1578.791 1571.089 1563.387 1554.087 1544.304 1534.522 1524.74 1514.763 1504.141 1493.52 1482.899 1472.278 1457.98 1442.074 1426.168 1410.262 1394.336 1378.307 1362.279 1346.25 1330.221 1322.656 1320.209 1317.761 1315.314 1314.165 1326.645 1339.125 1351.606 1364.086 1378.547 1394.624 1410.701 1426.778 1442.832 1457.362 1471.892 1486.423 1500.953 1515.735 1530.793 1545.85 1560.908 1575.965 1583.127 1589.803 1596.479 1603.156 1607.441 1608.225 1609.01 1609.794 1610.578 1606.434 1601.552 1596.668 1591.786 1589.125 1590.91 1592.695 1594.48
1593.137 1584.923 1576.71 1568.496 1560.282 1550.434 1540.092 1529.75 1519.407 1508.944 1498.081 1487.217 1476.354 1465.491 1451.7 1436.628 1421.556 1406.484 1391.36 1375.955 1360.551 1345.146 1329.742 1322.013 1318.925 1315.837 1312.749 1310.908 1322.161 1333.415 1344.668 1355.921 1370.071 1386.584 1403.097 1419.609 1436.098 1450.989 1465.88 1480.771 1495.662 1510.684 1525.849 1541.014 1556.179 1571.344 1578.786 1585.753 1592.72 1599.687 1603.99 1604.392 1604.794 1605.196 1605.599 1600.586 1594.761 1588.936 1583.111 1579.925 1582.017 1584.109 1586.2
1592.078 1583.353 1574.628 1565.903 1557.178 1546.781 1535.879 1524.977 1514.075 1503.126 1492.02 1480.915 1469.809 1458.703 1445.419 1431.182 1416.944 1402.707 1388.383 1373.603 1358.822 1344.042 1329.262 1321.37 1317.641 1313.913 1310.184 1307.652 1317.678 1327.704 1337.73 1347.756 1361.595 1378.544 1395.492 1412.441 1429.365 1444.616 1459.868 1475.12 1490.371 1505.633 1520.906 1536.178 1551.451 1566.724 1574.446 1581.703 1588.961 1596.218 1600.538 1600.559 1600.579 1600.599 1600.619 1594.737 1587.97 1581.204 1574.437 1570.725 1573.124 1575.522 1577.921
1593.803 1584.857 1575.911 1566.965 1558.019 1547.328 1536.109 1524.891 1513.673 1502.446 1491.189 1479.932 1468.676 1457.419 1444.466 1430.77 1417.075 1403.379 1389.526 1374.846 1360.166 1345.486 1330.807 1322.476 1317.986 1313.495 1309.005 1305.655 1314.285 1322.916 1331.546 1340.176 1353.409 1370.396 1387.382 1404.369 1421.338 1437.076 1452.815 1468.554 1484.292 1499.831 1515.153 1530.475 1545.797 1561.119 1569.012 1576.448 1583.883 1591.319 1595.654 1595.449 1595.243 1595.038 1594.833 1588.241 1580.692 1573.142 1565.592 1561.433 1564.054 1566.675 1569.296
1599.149 1590.359 1581.569 1572.78 1563.99 1553.334 1542.116 1530.898 1519.679 1508.445 1497.156 1485.867 1474.578 1463.289 1450.438 1436.904 1423.37 1409.836 1396.026 1380.765 1365.504 1350.242 1334.981 1325.858 1320.447 1315.036 1309.625 1305.295 1312.31 1319.326 1326.342 1333.357 1345.6 1362.108 1378.616 1395.124 1411.63 1428.019 1444.409 1460.799 1477.189 1493.055 1508.35 1523.645 1538.94 1554.235 1562.156 1569.625 1577.093 1584.561 1588.906 1588.679 1588.453 1588.226 1587.999 1580.904 1572.778 1564.653 1556.527 1552.021 1554.755 1557.49 1560.224
1604.495 1595.861 1587.228 1578.594 1569.96 1559.341 1548.123 1536.904 1525.686 1514.444 1503.123 1491.801 1480.48 1469.159 1456.411 1443.038 1429.665 1416.293 1402.526 1386.683 1370.841 1354.998 1339.156 1329.24 1322.909 1316.577 1310.246 1304.935 1310.335 1315.736 1321.137 1326.538 1337.792 1353.82 1369.849 1385.878 1401.921 1418.962 1436.003 1453.044 1470.085 1486.279 1501.547 1516.815 1532.083 1547.351 1555.301 1562.802 1570.302 1577.802 1582.158 1581.91 1581.662 1581.413 1581.165 1573.566 1564.865 1556.163 1547.461 1542.609 1545.457 1548.304 1551.151
1609.841 1601.364 1592.886 1584.408 1575.93 1565.348 1554.129 1542.911 1531.693 1520.443 1509.089 1497.736 1486.383 1475.029 1462.383 1449.172 1435.961 1422.75 1409.026 1392.602 1376.178 1359.754 1343.33 1332.622 1325.37 1318.119 1310.867 1304.575 1308.36 1312.146 1315.932 1319.718 1329.983 1345.532 1361.082 1376.632 1392.212 1409.905 1427.597 1445.29 1462.982 1479.502 1494.743 1509.984 1525.225 1540.466 1548.446 1555.979 1563.511 1571.044 1575.41 1575.141 1574.871 1574.601 1574.331 1566.228 1556.951 1547.673 1538.396 1533.198 1536.158 1539.118 1542.078
1615.187 1606.866 1598.544 1590.222 1581.901 1571.354 1560.136 1548.917 1537.699 1526.442 1515.056 1503.671 1492.285 1480.899 1468.356 1455.306 1442.256 1429.207 1415.526 1398.521 1381.515 1364.51 1347.505 1336.004 1327.832 1319.66 1311.487 1304.214 1306.386 1308.557 1310.728 1312.899 1322.174 1337.245 1352.315 1367.386 1382.504 1400.847 1419.191 1437.535 1455.879 1472.726 1487.94 1503.154 1518.368 1533.582 1541.591 1549.156 1556.721 1564.286 1568.662 1568.371 1568.08 1567.788 1567.497 1558.891 1549.037 1539.184 1529.33 1523.786 1526.859 1529.932 1533.006
1618.774 1611.07 1603.366 1595.662 1587.958 1578.11 1567.615 1557.12 1546.625 1536.005 1524.973 1513.94 1502.907 1491.875 1479.555 1466.671 1453.788 1440.904 1427.217 1409.292 1391.368 1373.443 1355.519 1342.775 1333.164 1323.553 1313.941 1305.268 1306.438 1307.608 1308.778 1309.948 1318.064 1331.847 1345.63 1359.412 1373.264 1391.816 1410.369 1428.921 1447.474 1464.531 1479.956 1495.381 1510.806 1526.232 1534.229 1541.769 1549.309 1556.849 1561.164 1560.756 1560.348 1559.94 1559.532 1551.237 1541.759 1532.282 1522.804 1517.462 1520.391 1523.321 1526.25
1622.13 1615.104 1608.078 1601.052 1594.027 1584.964 1575.287 1565.611 1555.934 1546.036 1535.407 1524.778 1514.149 1503.52 1491.439 1478.722 1466.006 1453.289 1439.589 1420.701 1401.813 1382.925 1364.037 1349.991 1338.873 1327.754 1316.636 1306.506 1306.756 1307.006 1307.255 1307.505 1314.44 1326.829 1339.217 1351.606 1364.086 1382.789 1401.492 1420.195 1438.899 1456.15 1471.817 1487.485 1503.152 1518.82 1526.8 1534.308 1541.816 1549.324 1553.567 1553.03 1552.493 1551.955 1551.418 1543.542 1534.565 1525.588 1516.611 1511.543 1514.295 1517.047 1519.798
1625.486 1619.138 1612.791 1606.443 1600.095 1591.819 1582.96 1574.101 1565.242 1556.067 1545.841 1535.616 1525.391 1515.166 1503.323 1490.773 1478.224 1465.674 1451.96 1432.109 1412.257 1392.406 1372.555 1357.206 1344.581 1331.956 1319.33 1307.745 1307.074 1306.403 1305.733 1305.062 1310.816 1321.81 1332.805 1343.8 1354.908 1373.762 1392.615 1411.469 1430.323 1447.769 1463.679 1479.588 1495.498 1511.408 1519.372 1526.848 1534.323 1541.799 1545.97 1545.304 1544.638 1543.971 1543.305 1535.847 1527.37 1518.894 1510.417 1505.624 1508.198 1510.772 1513.346
1628.842 1623.172 1617.503 1611.833 1606.164 1598.673 1590.632 1582.592 1574.551 1566.097 1556.276 1546.454 1536.633 1526.811 1515.208 1502.825 1490.442 1478.059 1464.332 1443.517 1422.702 1401.887 1381.073 1364.422 1350.29 1336.157 1322.025 1308.983 1307.392 1305.801 1304.21 1302.619 1307.192 1316.792 1326.393 1335.993 1345.73 1364.734 1383.739 1402.743 1421.748 1439.388 1455.54 1471.692 1487.844 1503.996 1511.944 1519.387 1526.83 1534.274 1538.374 1537.578 1536.782 1535.987 1535.191 1528.152 1520.176 1512.2 1504.224 1499.705 1502.102 1504.498 1506.895
1630.594 1625.52 1620.446 1615.372 1610.299 1603.431 1596.022 1588.613 1581.203 1573.308 1563.804 1554.3 1544.796 1535.292 1523.945 1511.792 1499.639 1487.485 1473.891 1452.7 1431.508 1410.316 1389.125 1371.505 1356.045 1340.585 1325.125 1310.798 1308.371 1305.944 1303.517 1301.09 1304.531 1312.759 1320.987 1329.215 1337.597 1356.418 1375.24 1394.061 1412.883 1430.598 1447.105 1463.612 1480.119 1496.626 1504.694 1512.244 1519.793 1527.342 1531.437 1530.475 1529.512 1528.55 1527.587 1520.832 1513.207 1505.583 1497.959 1493.612 1495.822 1498.032 1500.242
1629.138 1624.495 1619.851 1615.208 1610.565 1603.996 1596.845 1589.694 1582.543 1574.88 1565.522 1556.163 1546.804 1537.446 1526.39 1514.592 1502.794 1490.996 1477.827 1457.432 1437.037 1416.642 1396.247 1378.324 1361.895 1345.466 1329.037 1313.768 1310.673 1307.579 1304.485 1301.39 1303.799 1310.698 1317.596 1324.495 1331.554 1349.525 1367.496 1385.467 1403.438 1420.987 1438.076 1455.164 1472.252 1489.341 1497.803 1505.734 1513.666 1521.597 1525.821 1524.616 1523.411 1522.207 1521.002 1514.262 1506.691 1499.121 1491.55 1487.172 1489.177 1491.182 1493.188
1627.682 1623.469 1619.257 1615.044 1610.831 1604.56 1597.668 1590.775 1583.883 1576.452 1567.239 1558.026 1548.812 1539.599 1528.834 1517.392 1505.949 1494.506 1481.763 1462.164 1442.566 1422.967 1403.369 1385.142 1367.745 1350.347 1332.949 1316.737 1312.976 1309.214 1305.452 1301.69 1303.067 1308.636 1314.205 1319.774 1325.511 1342.631 1359.752 1376.873 1393.994 1411.377 1429.047 1446.716 1464.386 1482.056 1490.912 1499.225 1507.539 1515.852 1520.205 1518.758 1517.311 1515.864 1514.417 1507.692 1500.175 1492.659 1485.142 1480.731 1482.532 1484.333 1486.134
1626.226 1622.444 1618.662 1614.88 1611.098 1605.125 1598.491 1591.857 1585.223 1578.024 1568.956 1559.888 1550.82 1541.752 1531.279 1520.191 1509.104 1498.016 1485.699 1466.897 1448.095 1429.293 1410.491 1391.961 1373.594 1355.228 1336.861 1319.707 1315.278 1310.848 1306.419 1301.99 1302.335 1306.574 1310.814 1315.053 1319.468 1335.738 1352.008 1368.279 1384.549 1401.767 1420.018 1438.269 1456.52 1474.771 1484.02 1492.716 1501.411 1510.107 1514.589 1512.899 1511.21 1509.521 1507.832 1501.122 1493.659 1486.197 1478.734 1474.291 1475.887 1477.483 1479.079
1624.77 1621.418 1618.067 1614.716 1611.364 1605.69 1599.314 1592.938 1586.563 1579.596 1570.673 1561.751 1552.828 1543.905 1533.724 1522.991 1512.259 1501.526 1489.635 1471.629 1453.624 1435.619 1417.614 1398.779 1379.444 1360.109 1340.774 1322.677 1317.58 1312.483 1307.386 1302.29 1301.603 1304.513 1307.423 1310.333 1313.424 1328.844 1344.264 1359.684 1375.104 1392.156 1410.989 1429.821 1448.653 1467.486 1477.129 1486.207 1495.284 1504.362 1508.972 1507.041 1505.11 1503.178 1501.247 1494.552 1487.143 1479.734 1472.325 1467.85 1469.242 1470.633 1472.025
1622.166 1618.988 1615.81 1612.632 1609.454 1603.954 1597.752 1591.551 1585.349 1578.581 1569.939 1561.296 1552.654 1544.011 1534.153 1523.763 1513.373 1502.984 1491.577 1474.811 1458.045 1441.278 1424.512 1406.024 1386.495 1366.966 1347.437 1329.039 1322.512 1315.985 1309.459 1302.932 1301.223 1303.444 1305.665 1307.886 1310.279 1324.372 1338.466 1352.559 1366.653 1383.115 1402.163 1421.21 1440.257 1459.304 1469.594 1479.344 1489.095 1498.845 1503.854 1501.921 1499.988 1498.054 1496.121 1489.297 1481.74 1474.182 1466.625 1461.883 1462.771 1463.659 1464.547
1619.242 1616.167 1613.091 1610.016 1606.94 1601.579 1595.528 1589.477 1583.426 1576.848 1568.523 1560.198 1551.873 1543.548 1534.023 1523.972 1513.921 1503.871 1492.967 1477.562 1462.157 1446.753 1431.349 1413.387 1393.88 1374.372 1354.865 1336.343 1328.175 1320.006 1311.838 1303.67 1300.941 1302.651 1304.36 1306.07 1307.938 1320.572 1333.207 1345.842 1358.477 1374.233 1393.393 1412.553 1431.713 1450.874 1461.879 1472.384 1482.888 1493.392 1498.875 1497.006 1495.137 1493.269 1491.4 1484.406 1476.645 1468.883 1461.121 1456.047 1456.348 1456.649 1456.951
1616.319 1613.345 1610.372 1607.399 1604.426 1599.204 1593.304 1587.404 1581.504 1575.115 1567.108 1559.1 1551.093 1543.085 1533.892 1524.181 1514.469 1504.758 1494.356 1480.313 1466.27 1452.228 1438.185 1420.75 1401.264 1381.778 1362.292 1343.648 1333.838 1324.028 1314.217 1304.407 1300.66 1301.858 1303.056 1304.254 1305.597 1316.773 1327.949 1339.125 1350.302 1365.35 1384.623 1403.897 1423.17 1442.443 1454.165 1465.423 1476.681 1487.939 1493.896 1492.091 1490.287 1488.483 1486.679 1479.516 1471.55 1463.583 1455.617 1450.211 1449.925 1449.64 1449.355
1613.395 1610.524 1607.653 1604.782 1601.911 1596.829 1591.08 1585.331 1579.581 1573.382 1565.692 1558.002 1550.312 1542.622 1533.762 1524.389 1515.017 1505.645 1495.745 1483.064 1470.383 1457.702 1445.022 1428.113 1408.649 1389.184 1369.72 1350.952 1339.5 1328.049 1316.597 1305.145 1300.378 1301.065 1301.752 1302.438 1303.256 1312.973 1322.691 1332.408 1342.126 1356.468 1375.854 1395.24 1414.626 1434.012 1446.451 1458.463 1470.474 1482.485 1488.916 1487.177 1485.437 1483.697 1481.958 1474.626 1466.455 1458.284 1450.113 1444.375 1443.503 1442.63 1441.758
