data/zism_data/01143_03_D.txt
ncols         224
nrows         224
[rows 84 to 111 of 224, columns 126 to 188 of 224]
1169.133 1171.734 1174.598 1177.461 1180.325 1183.712 1188.581 1193.451 1198.321 1203.19 1208.158 1213.162 1218.167 1223.172 1227.007 1225.803 1224.599 1223.394 1222.19 1221.044 1219.93 1218.815 1217.701 1217.988 1228.96 1239.932 1250.905 1261.877 1271.918 1281.285 1290.652 1300.019 1309.32 1317.183 1325.046 1332.91 1340.773 1349.937 1360.365 1370.792 1381.219 1391.647 1404.281 1416.981 1429.68 1442.38 1454.803 1466.866 1478.928 1490.991 1503.054 1515.73 1528.474 1541.219 1553.964 1566.72 1579.497 1592.274 1605.051 1617.828 1623.726 1628.177 1632.627
1181.762 1184.222 1186.938 1189.654 1192.369 1195.648 1200.521 1205.393 1210.266 1215.139 1220.201 1225.334 1230.467 1235.601 1239.607 1238.759 1237.911 1237.063 1236.215 1235.503 1234.862 1234.222 1233.582 1234.249 1244.884 1255.52 1266.155 1276.791 1286.637 1295.911 1305.185 1314.46 1323.657 1331.168 1338.679 1346.19 1353.701 1362.833 1373.539 1384.245 1394.952 1405.658 1418.387 1431.178 1443.968 1456.758 1468.99 1480.498 1492.005 1503.513 1515.02 1526.541 1538.064 1549.587 1561.109 1572.433 1583.407 1594.381 1605.355 1616.33 1621.486 1625.417 1629.349
1194.956 1197.377 1200.088 1202.798 1205.509 1208.723 1213.364 1218.006 1222.647 1227.288 1231.974 1236.677 1241.38 1246.083 1249.88 1249.781 1249.681 1249.581 1249.481 1249.769 1250.265 1250.76 1251.255 1252.811 1262.451 1272.091 1281.73 1291.37 1300.577 1309.469 1318.36 1327.252 1336.08 1343.483 1350.886 1358.29 1365.693 1375.168 1386.654 1398.141 1409.628 1421.114 1434.008 1446.943 1459.879 1472.814 1484.867 1495.771 1506.676 1517.581 1528.485 1538.567 1548.556 1558.544 1568.533 1578.052 1586.744 1595.436 1604.128 1612.82 1616.957 1620.135 1623.313
1208.149 1210.533 1213.238 1215.943 1218.648 1221.798 1226.208 1230.618 1235.028 1239.438 1243.748 1248.02 1252.292 1256.565 1260.154 1260.802 1261.45 1262.099 1262.747 1264.036 1265.667 1267.298 1268.929 1271.374 1280.018 1288.662 1297.306 1305.95 1314.516 1323.026 1331.536 1340.046 1348.503 1355.798 1363.094 1370.39 1377.685 1387.503 1399.77 1412.037 1424.304 1436.571 1449.628 1462.709 1475.79 1488.871 1500.743 1511.045 1521.347 1531.649 1541.951 1550.593 1559.048 1567.502 1575.957 1583.671 1590.081 1596.491 1602.901 1609.311 1612.428 1614.853 1617.277
1221.343 1223.688 1226.388 1229.088 1231.788 1234.873 1239.052 1243.23 1247.409 1251.587 1255.522 1259.363 1263.205 1267.047 1270.427 1271.824 1273.22 1274.616 1276.013 1278.303 1281.07 1283.837 1286.603 1289.936 1297.584 1305.233 1312.881 1320.529 1328.456 1336.583 1344.711 1352.839 1360.925 1368.113 1375.302 1382.49 1389.678 1399.838 1412.885 1425.933 1438.98 1452.028 1465.249 1478.475 1491.701 1504.927 1516.62 1526.319 1536.018 1545.717 1555.416 1562.619 1569.539 1576.46 1583.381 1589.29 1593.417 1597.545 1601.673 1605.801 1607.899 1609.57 1611.241
1234.537 1236.844 1239.539 1242.233 1244.927 1247.948 1251.896 1255.843 1259.79 1263.737 1267.295 1270.706 1274.117 1277.528 1280.701 1282.845 1284.99 1287.134 1289.279 1292.57 1296.472 1300.375 1304.277 1308.499 1315.151 1321.804 1328.456 1335.109 1342.395 1350.141 1357.886 1365.632 1373.348 1380.429 1387.509 1394.589 1401.67 1412.173 1426.001 1439.829 1453.657 1467.485 1480.87 1494.241 1507.612 1520.984 1532.496 1541.593 1550.689 1559.785 1568.881 1574.645 1580.031 1585.418 1590.805 1594.908 1596.754 1598.6 1600.446 1602.292 1603.37 1604.288 1605.205
1248.538 1250.753 1253.209 1255.664 1258.12 1260.857 1264.393 1267.928 1271.463 1274.998 1278.289 1281.487 1284.685 1287.883 1290.931 1293.336 1295.74 1298.145 1300.55 1304.06 1308.159 1312.258 1316.358 1320.724 1327.123 1333.523 1339.922 1346.321 1353.762 1361.958 1370.155 1378.351 1386.525 1394.214 1401.903 1409.592 1417.281 1428.073 1441.881 1455.688 1469.495 1483.303 1495.983 1508.63 1521.277 1533.924 1544.412 1552.094 1559.775 1567.457 1575.139 1579.208 1582.87 1586.532 1590.193 1592.718 1593.242 1593.766 1594.289 1594.813 1595.377 1595.949 1596.521
1262.551 1264.673 1266.887 1269.1 1271.314 1273.764 1276.884 1280.005 1283.126 1286.247 1289.271 1292.259 1295.247 1298.235 1301.161 1303.818 1306.476 1309.134 1311.791 1315.509 1319.791 1324.073 1328.356 1332.856 1339.013 1345.17 1351.327 1357.484 1365.092 1373.751 1382.41 1391.069 1399.713 1408.021 1416.329 1424.637 1432.944 1444.026 1457.801 1471.576 1485.351 1499.126 1511.09 1522.999 1534.908 1546.818 1556.269 1562.524 1568.78 1575.035 1581.29 1583.663 1585.596 1587.53 1589.464 1590.413 1589.629 1588.844 1588.06 1587.276 1587.332 1587.565 1587.798
1276.563 1278.594 1280.565 1282.536 1284.507 1286.67 1289.376 1292.083 1294.789 1297.495 1300.254 1303.031 1305.81 1308.588 1311.391 1314.301 1317.212 1320.122 1323.033 1326.958 1331.423 1335.888 1340.354 1344.987 1350.902 1356.817 1362.732 1368.647 1376.421 1385.543 1394.665 1403.787 1412.901 1421.828 1430.755 1439.681 1448.608 1459.978 1473.721 1487.464 1501.207 1514.95 1526.196 1537.368 1548.54 1559.712 1568.126 1572.955 1577.784 1582.613 1587.442 1588.117 1588.323 1588.529 1588.734 1588.108 1586.015 1583.923 1581.831 1579.738 1579.287 1579.181 1579.075
1290.576 1292.514 1294.243 1295.972 1297.701 1299.576 1301.868 1304.16 1306.452 1308.744 1311.236 1313.804 1316.372 1318.94 1321.62 1324.784 1327.948 1331.111 1334.275 1338.407 1343.055 1347.704 1352.352 1357.119 1362.792 1368.465 1374.137 1379.81 1387.751 1397.336 1406.921 1416.505 1426.089 1435.634 1445.18 1454.726 1464.272 1475.931 1489.641 1503.352 1517.062 1530.773 1541.302 1551.737 1562.171 1572.606 1579.983 1583.386 1586.788 1590.191 1593.593 1592.571 1591.049 1589.527 1588.005 1585.802 1582.402 1579.002 1575.601 1572.201 1571.242 1570.797 1570.352
1301.655 1303.703 1305.48 1307.257 1309.034 1310.941 1313.216 1315.491 1317.766 1320.042 1322.38 1324.743 1327.106 1329.469 1331.999 1335.249 1338.5 1341.75 1345.0 1349.314 1354.195 1359.075 1363.956 1368.936 1374.673 1380.41 1386.147 1391.884 1400.048 1409.972 1419.896 1429.819 1439.749 1449.794 1459.84 1469.885 1479.931 1491.569 1504.753 1517.938 1531.122 1544.307 1553.705 1562.99 1572.275 1581.56 1587.805 1590.097 1592.389 1594.681 1596.974 1594.437 1591.356 1588.275 1585.193 1581.541 1576.885 1572.228 1567.571 1562.914 1561.495 1560.758 1560.02
1308.92 1311.342 1313.544 1315.746 1317.948 1320.3 1323.076 1325.852 1328.627 1331.403 1333.735 1335.899 1338.063 1340.226 1342.571 1345.692 1348.813 1351.934 1355.056 1359.517 1364.694 1369.871 1375.047 1380.343 1386.543 1392.743 1398.943 1405.142 1413.604 1423.705 1433.807 1443.908 1454.022 1464.412 1474.802 1485.192 1495.582 1506.797 1518.814 1530.83 1542.847 1554.863 1562.592 1570.192 1577.793 1585.394 1590.382 1591.974 1593.567 1595.159 1596.751 1592.94 1588.519 1584.097 1579.676 1574.738 1568.892 1563.045 1557.199 1551.353 1549.536 1548.567 1547.598
1316.185 1318.981 1321.608 1324.236 1326.863 1329.66 1332.936 1336.212 1339.489 1342.765 1345.091 1347.055 1349.02 1350.984 1353.143 1356.135 1359.127 1362.119 1365.111 1369.721 1375.193 1380.666 1386.139 1391.75 1398.412 1405.075 1411.738 1418.401 1427.16 1437.439 1447.718 1457.997 1468.296 1479.03 1489.764 1500.499 1511.234 1522.026 1532.874 1543.723 1554.571 1565.42 1571.479 1577.395 1583.311 1589.227 1592.959 1593.851 1594.744 1595.637 1596.529 1591.443 1585.681 1579.919 1574.158 1567.934 1560.899 1553.863 1546.827 1539.792 1537.576 1536.376 1535.176
1323.451 1326.62 1329.673 1332.725 1335.778 1339.019 1342.796 1346.573 1350.35 1354.127 1356.446 1358.212 1359.977 1361.742 1363.714 1366.577 1369.44 1372.303 1375.166 1379.924 1385.693 1391.462 1397.23 1403.156 1410.282 1417.408 1424.534 1431.659 1440.716 1451.173 1461.629 1472.086 1482.569 1493.648 1504.727 1515.806 1526.885 1537.255 1546.935 1556.616 1566.296 1575.977 1580.366 1584.597 1588.829 1593.06 1595.536 1595.729 1595.921 1596.114 1596.307 1589.946 1582.844 1575.742 1568.64 1561.131 1552.906 1544.68 1536.455 1528.23 1525.617 1524.185 1522.753
1330.716 1334.259 1337.737 1341.215 1344.693 1348.379 1352.656 1356.934 1361.211 1365.489 1367.802 1369.368 1370.934 1372.5 1374.286 1377.02 1379.754 1382.488 1385.222 1390.128 1396.192 1402.257 1408.322 1414.563 1422.152 1429.741 1437.329 1444.918 1454.272 1464.906 1475.54 1486.174 1496.843 1508.266 1519.69 1531.113 1542.537 1552.484 1560.996 1569.508 1578.021 1586.533 1589.253 1591.8 1594.346 1596.893 1598.112 1597.606 1597.099 1596.592 1596.085 1588.448 1580.006 1571.564 1563.122 1554.327 1544.912 1535.498 1526.083 1516.669 1513.657 1511.994 1510.331
1332.153 1336.076 1340.012 1343.948 1347.884 1352.066 1356.944 1361.822 1366.7 1371.578 1374.457 1376.576 1378.695 1380.813 1383.182 1386.624 1390.066 1393.508 1396.95 1402.236 1408.507 1414.777 1421.048 1427.399 1434.365 1441.332 1448.299 1455.265 1463.724 1473.266 1482.807 1492.348 1501.948 1512.845 1523.743 1534.64 1545.537 1555.047 1563.21 1571.373 1579.536 1587.699 1590.251 1592.636 1595.021 1597.405 1598.34 1597.391 1596.441 1595.492 1594.542 1585.788 1576.154 1566.519 1556.884 1547.198 1537.421 1527.645 1517.869 1508.093 1504.541 1502.298 1500.056
1332.826 1337.128 1341.527 1345.927 1350.326 1355.01 1360.501 1365.993 1371.484 1376.976 1380.495 1383.266 1386.036 1388.806 1391.857 1396.117 1400.377 1404.637 1408.897 1414.595 1421.059 1427.523 1433.987 1440.421 1446.624 1452.826 1459.028 1465.231 1472.638 1480.92 1489.202 1497.484 1505.852 1516.108 1526.365 1536.622 1546.878 1555.95 1563.871 1571.791 1579.712 1587.633 1590.215 1592.637 1595.059 1597.482 1598.26 1596.901 1595.543 1594.184 1592.826 1582.976 1572.168 1561.36 1550.551 1540.025 1529.996 1519.967 1509.938 1499.909 1495.797 1492.93 1490.064
1333.499 1338.181 1343.043 1347.905 1352.767 1357.953 1364.058 1370.164 1376.269 1382.374 1386.534 1389.956 1393.377 1396.799 1400.532 1405.61 1410.689 1415.767 1420.845 1426.953 1433.611 1440.269 1446.927 1453.444 1458.882 1464.32 1469.758 1475.196 1481.552 1488.575 1495.597 1502.62 1509.755 1519.371 1528.987 1538.603 1548.219 1556.853 1564.531 1572.21 1579.888 1587.567 1590.178 1592.638 1595.098 1597.558 1598.18 1596.412 1594.645 1592.877 1591.109 1580.164 1568.182 1556.201 1544.219 1532.853 1522.571 1512.289 1502.007 1491.725 1487.053 1483.562 1480.071
1334.171 1339.234 1344.558 1349.883 1355.208 1360.897 1367.615 1374.334 1381.053 1387.772 1392.573 1396.646 1400.718 1404.791 1409.207 1415.104 1421.0 1426.896 1432.793 1439.312 1446.164 1453.016 1459.867 1466.467 1471.14 1475.814 1480.488 1485.161 1490.467 1496.23 1501.993 1507.755 1513.658 1522.634 1531.609 1540.585 1549.561 1557.755 1565.192 1572.628 1580.064 1587.501 1590.141 1592.639 1595.137 1597.634 1598.1 1595.923 1593.746 1591.57 1589.393 1577.352 1564.197 1551.042 1537.886 1525.681 1515.146 1504.611 1494.076 1483.541 1478.309 1474.194 1470.079
1332.667 1338.233 1344.161 1350.088 1356.016 1362.314 1369.661 1377.007 1384.354 1391.701 1397.292 1402.217 1407.142 1412.067 1417.304 1423.882 1430.46 1437.038 1443.616 1450.292 1457.02 1463.748 1470.476 1476.857 1480.592 1484.327 1488.063 1491.798 1495.931 1500.352 1504.773 1509.194 1513.789 1522.23 1530.671 1539.112 1547.553 1555.556 1563.132 1570.708 1578.284 1585.861 1588.821 1591.643 1594.466 1597.288 1597.798 1595.302 1592.806 1590.31 1587.814 1574.871 1560.749 1546.627 1532.505 1519.578 1508.756 1497.934 1487.112 1476.29 1470.342 1465.419 1460.497
1326.807 1333.125 1339.936 1346.746 1353.556 1360.678 1368.682 1376.685 1384.688 1392.692 1399.373 1405.552 1411.732 1417.911 1424.242 1431.229 1438.216 1445.203 1452.191 1458.514 1464.483 1470.452 1476.421 1481.982 1484.43 1486.879 1489.328 1491.777 1494.495 1497.409 1500.323 1503.237 1506.377 1514.495 1522.613 1530.731 1538.849 1547.151 1555.631 1564.112 1572.593 1581.073 1584.932 1588.654 1592.375 1596.096 1597.053 1594.417 1591.781 1589.146 1586.51 1573.054 1558.378 1543.701 1529.025 1515.616 1504.439 1493.261 1482.084 1470.907 1463.927 1457.831 1451.735
1320.948 1328.017 1335.711 1343.404 1351.097 1359.042 1367.703 1376.363 1385.023 1393.683 1401.454 1408.887 1416.321 1423.754 1431.18 1438.577 1445.973 1453.369 1460.765 1466.736 1471.946 1477.156 1482.366 1487.107 1488.269 1489.431 1490.594 1491.756 1493.06 1494.467 1495.874 1497.28 1498.965 1506.76 1514.555 1522.35 1530.145 1538.746 1548.131 1557.516 1566.901 1576.286 1581.044 1585.664 1590.284 1594.904 1596.309 1593.533 1590.757 1587.981 1585.205 1571.238 1556.007 1540.776 1525.545 1511.654 1500.121 1488.589 1477.056 1465.524 1457.513 1450.244 1442.974
1315.089 1322.91 1331.486 1340.062 1348.638 1357.407 1366.724 1376.041 1385.357 1394.674 1403.535 1412.222 1420.91 1429.597 1438.119 1445.924 1453.729 1461.535 1469.34 1474.958 1479.409 1483.86 1488.311 1492.232 1492.108 1491.983 1491.859 1491.735 1491.625 1491.524 1491.424 1491.323 1491.552 1499.024 1506.496 1513.968 1521.44 1530.341 1540.631 1550.92 1561.209 1571.498 1577.156 1582.675 1588.194 1593.713 1595.564 1592.648 1589.733 1586.817 1583.901 1569.421 1553.636 1537.85 1522.065 1507.692 1495.804 1483.916 1472.028 1460.141 1451.099 1442.656 1434.213
1309.229 1317.802 1327.261 1336.719 1346.178 1355.771 1365.745 1375.718 1385.692 1395.665 1405.616 1415.557 1425.499 1435.441 1445.057 1453.271 1461.486 1469.7 1477.915 1483.18 1486.872 1490.564 1494.256 1497.357 1495.946 1494.535 1493.125 1491.714 1490.189 1488.582 1486.974 1485.367 1484.14 1491.289 1498.438 1505.587 1512.736 1521.937 1533.13 1544.324 1555.517 1566.711 1573.267 1579.685 1586.103 1592.521 1594.82 1591.764 1588.708 1585.652 1582.596 1567.604 1551.265 1534.925 1518.585 1503.729 1491.486 1479.243 1467.0 1454.757 1444.684 1435.068 1425.452
1294.457 1303.969 1314.702 1325.435 1336.168 1347.015 1358.185 1369.354 1380.523 1391.693 1402.71 1413.67 1424.63 1435.59 1446.142 1454.938 1463.735 1472.531 1481.327 1486.299 1489.233 1492.166 1495.099 1497.345 1494.353 1491.362 1488.37 1485.378 1482.356 1479.313 1476.27 1473.227 1470.634 1477.936 1485.238 1492.54 1499.842 1509.667 1521.941 1534.216 1546.491 1558.765 1566.23 1573.551 1580.872 1588.193 1591.061 1588.139 1585.217 1582.295 1579.373 1564.047 1547.322 1530.596 1513.87 1498.67 1486.156 1473.642 1461.128 1448.614 1438.047 1427.889 1417.731
1277.209 1287.712 1299.828 1311.945 1324.061 1336.281 1348.796 1361.311 1373.826 1386.341 1398.42 1410.333 1422.245 1434.158 1445.602 1455.028 1464.454 1473.88 1483.305 1488.002 1490.176 1492.35 1494.525 1495.907 1491.252 1486.597 1481.942 1477.287 1472.746 1468.287 1463.829 1459.37 1455.435 1463.023 1470.61 1478.198 1485.785 1496.323 1509.728 1523.133 1536.538 1549.943 1558.318 1566.544 1574.769 1582.994 1586.464 1583.752 1581.04 1578.328 1575.616 1560.007 1542.942 1525.877 1508.813 1493.307 1480.545 1467.784 1455.022 1442.261 1431.348 1420.824 1410.3
1259.96 1271.455 1284.954 1298.454 1311.953 1325.547 1339.408 1353.269 1367.129 1380.99 1394.129 1406.995 1419.86 1432.725 1445.061 1455.117 1465.172 1475.228 1485.284 1489.704 1491.12 1492.535 1493.95 1494.469 1488.151 1481.833 1475.514 1469.196 1463.135 1457.261 1451.387 1445.513 1440.237 1448.109 1455.982 1463.855 1471.727 1482.98 1497.515 1512.05 1526.585 1541.121 1550.407 1559.536 1568.666 1577.795 1581.867 1579.365 1576.863 1574.361 1571.859 1555.967 1538.563 1521.159 1503.755 1487.943 1474.934 1461.925 1448.916 1435.907 1424.648 1413.759 1402.869
1242.712 1255.198 1270.081 1284.964 1299.846 1314.813 1330.02 1345.226 1360.432 1375.639 1389.839 1403.657 1417.475 1431.293 1444.521 1455.206 1465.891 1476.577 1487.262 1491.407 1492.063 1492.72 1493.376 1493.031 1485.05 1477.068 1469.087 1461.105 1453.525 1446.235 1438.946 1431.656 1425.038 1433.196 1441.354 1449.512 1457.67 1469.636 1485.302 1500.967 1516.633 1532.298 1542.495 1552.529 1562.562 1572.596 1577.271 1574.978 1572.686 1570.394 1568.102 1551.927 1534.184 1516.441 1498.698 1482.58 1469.323 1456.067 1442.81 1429.553 1417.949 1406.693 1395.438
