data/zism_data/01141_03_D.txt
ncols         224
nrows         224
[rows 112 to 139 of 224, columns 0 to 62 of 224]
1407.669 1407.218 1406.767 1406.316 1405.54 1404.759 1403.978 1403.197 1402.364 1401.463 1400.562 1399.661 1398.76 1397.876 1396.993 1396.111 1395.228 1394.227 1392.99 1391.752 1390.514 1389.276 1388.116 1386.978 1385.839 1384.701 1383.75 1383.42 1383.091 1382.762 1382.432 1381.973 1381.453 1380.933 1380.412 1379.718 1377.861 1376.005 1374.148 1372.291 1370.237 1368.04 1365.842 1363.645 1361.442 1359.058 1356.673 1354.289 1351.905 1349.678 1347.623 1345.568 1343.513 1341.458 1339.913 1338.407 1336.902 1335.397 1334.065 1333.021 1331.978 1330.934 1329.89
1405.563 1405.214 1404.864 1404.515 1403.893 1403.267 1402.641 1402.015 1401.265 1400.353 1399.442 1398.53 1397.619 1396.7 1395.78 1394.86 1393.94 1392.904 1391.634 1390.364 1389.094 1387.824 1386.586 1385.357 1384.127 1382.898 1381.865 1381.482 1381.099 1380.717 1380.334 1379.879 1379.391 1378.903 1378.415 1377.742 1375.837 1373.932 1372.028 1370.123 1368.049 1365.851 1363.654 1361.456 1359.254 1356.886 1354.517 1352.149 1349.781 1347.596 1345.61 1343.625 1341.639 1339.653 1338.128 1336.639 1335.15 1333.66 1332.349 1331.332 1330.315 1329.297 1328.28
1403.458 1403.21 1402.962 1402.714 1402.246 1401.775 1401.304 1400.833 1400.166 1399.244 1398.322 1397.399 1396.477 1395.524 1394.567 1393.609 1392.652 1391.58 1390.278 1388.976 1387.674 1386.372 1385.056 1383.736 1382.416 1381.095 1379.98 1379.544 1379.108 1378.672 1378.235 1377.786 1377.329 1376.873 1376.417 1375.766 1373.813 1371.86 1369.907 1367.955 1365.86 1363.663 1361.465 1359.268 1357.066 1354.714 1352.361 1350.009 1347.657 1345.513 1343.597 1341.681 1339.765 1337.849 1336.344 1334.87 1333.397 1331.924 1330.633 1329.642 1328.652 1327.661 1326.671
1401.555 1401.38 1401.205 1401.031 1400.684 1400.334 1399.985 1399.635 1399.03 1398.092 1397.154 1396.215 1395.277 1394.292 1393.299 1392.307 1391.315 1390.21 1388.879 1387.547 1386.216 1384.885 1383.513 1382.13 1380.748 1379.365 1378.182 1377.661 1377.141 1376.62 1376.1 1375.636 1375.199 1374.762 1374.326 1373.693 1371.756 1369.82 1367.883 1365.947 1363.862 1361.67 1359.478 1357.285 1355.089 1352.761 1350.432 1348.104 1345.775 1343.662 1341.785 1339.907 1338.03 1336.152 1334.61 1333.093 1331.577 1330.06 1328.745 1327.764 1326.782 1325.8 1324.818
1399.87 1399.738 1399.606 1399.474 1399.212 1398.948 1398.684 1398.42 1397.853 1396.894 1395.934 1394.975 1394.015 1392.999 1391.975 1390.95 1389.926 1388.791 1387.433 1386.075 1384.717 1383.359 1381.956 1380.541 1379.126 1377.712 1376.477 1375.839 1375.201 1374.563 1373.925 1373.427 1372.996 1372.564 1372.132 1371.516 1369.665 1367.814 1365.963 1364.111 1362.069 1359.887 1357.706 1355.524 1353.339 1351.043 1348.746 1346.45 1344.153 1342.06 1340.188 1338.316 1336.443 1334.571 1332.93 1331.307 1329.683 1328.06 1326.675 1325.682 1324.69 1323.697 1322.704
1398.184 1398.095 1398.006 1397.917 1397.74 1397.561 1397.383 1397.204 1396.677 1395.696 1394.715 1393.734 1392.753 1391.706 1390.65 1389.594 1388.537 1387.372 1385.987 1384.602 1383.217 1381.833 1380.399 1378.952 1377.505 1376.058 1374.772 1374.016 1373.26 1372.505 1371.749 1371.218 1370.792 1370.366 1369.939 1369.338 1367.573 1365.807 1364.042 1362.276 1360.276 1358.105 1355.934 1353.763 1351.589 1349.325 1347.061 1344.796 1342.532 1340.458 1338.591 1336.724 1334.857 1332.99 1331.25 1329.52 1327.79 1326.06 1324.604 1323.6 1322.597 1321.594 1320.591
1396.499 1396.453 1396.406 1396.36 1396.268 1396.175 1396.082 1395.989 1395.5 1394.498 1393.496 1392.494 1391.491 1390.413 1389.325 1388.237 1387.148 1385.952 1384.541 1383.129 1381.718 1380.306 1378.842 1377.363 1375.884 1374.405 1373.067 1372.194 1371.32 1370.447 1369.574 1369.009 1368.588 1368.167 1367.746 1367.161 1365.481 1363.801 1362.121 1360.441 1358.482 1356.322 1354.162 1352.002 1349.84 1347.607 1345.375 1343.143 1340.91 1338.855 1336.994 1335.132 1333.271 1331.409 1329.571 1327.734 1325.897 1324.06 1322.533 1321.519 1320.505 1319.491 1318.477
1394.814 1394.811 1394.807 1394.803 1394.796 1394.788 1394.781 1394.773 1394.324 1393.3 1392.277 1391.253 1390.229 1389.12 1388.0 1386.88 1385.759 1384.533 1383.095 1381.657 1380.219 1378.78 1377.285 1375.774 1374.263 1372.752 1371.362 1370.371 1369.38 1368.39 1367.399 1366.8 1366.384 1365.969 1365.553 1364.984 1363.389 1361.795 1360.2 1358.605 1356.689 1354.54 1352.39 1350.241 1348.09 1345.89 1343.689 1341.489 1339.289 1337.253 1335.397 1333.541 1331.685 1329.828 1327.891 1325.947 1324.003 1322.059 1320.462 1319.437 1318.413 1317.388 1316.364
1393.136 1393.136 1393.136 1393.136 1393.136 1393.136 1393.136 1393.136 1392.722 1391.769 1390.817 1389.865 1388.912 1387.787 1386.64 1385.493 1384.345 1383.089 1381.614 1380.139 1378.664 1377.19 1375.692 1374.188 1372.684 1371.18 1369.778 1368.713 1367.649 1366.584 1365.52 1364.885 1364.45 1364.016 1363.581 1363.007 1361.503 1359.998 1358.494 1356.99 1355.124 1352.995 1350.865 1348.736 1346.606 1344.438 1342.27 1340.101 1337.933 1335.882 1333.958 1332.034 1330.11 1328.186 1326.163 1324.131 1322.1 1320.069 1318.406 1317.351 1316.296 1315.241 1314.187
1391.458 1391.458 1391.458 1391.458 1391.458 1391.458 1391.458 1391.458 1391.079 1390.207 1389.334 1388.462 1387.59 1386.451 1385.277 1384.102 1382.928 1381.641 1380.129 1378.617 1377.105 1375.593 1374.095 1372.602 1371.109 1369.615 1368.205 1367.071 1365.938 1364.804 1363.67 1362.998 1362.542 1362.086 1361.63 1361.049 1359.636 1358.222 1356.809 1355.396 1353.58 1351.472 1349.364 1347.257 1345.148 1343.012 1340.876 1338.74 1336.603 1334.533 1332.534 1330.536 1328.537 1326.538 1324.43 1322.313 1320.196 1318.08 1316.351 1315.264 1314.177 1313.091 1312.004
1389.78 1389.78 1389.78 1389.78 1389.78 1389.78 1389.78 1389.78 1389.436 1388.644 1387.852 1387.06 1386.268 1385.114 1383.913 1382.712 1381.511 1380.194 1378.645 1377.095 1375.546 1373.996 1372.499 1371.016 1369.533 1368.051 1366.633 1365.43 1364.226 1363.023 1361.82 1361.111 1360.633 1360.156 1359.679 1359.091 1357.769 1356.446 1355.124 1353.801 1352.036 1349.949 1347.863 1345.777 1343.69 1341.586 1339.482 1337.378 1335.274 1333.184 1331.11 1329.037 1326.964 1324.89 1322.697 1320.495 1318.293 1316.09 1314.296 1313.177 1312.059 1310.94 1309.821
1388.102 1388.102 1388.102 1388.102 1388.102 1388.102 1388.102 1388.102 1387.793 1387.081 1386.369 1385.657 1384.945 1383.777 1382.55 1381.322 1380.094 1378.747 1377.16 1375.573 1373.986 1372.399 1370.902 1369.43 1367.958 1366.486 1365.06 1363.788 1362.515 1361.242 1359.969 1359.224 1358.725 1358.226 1357.728 1357.133 1355.902 1354.67 1353.438 1352.207 1350.492 1348.427 1346.362 1344.297 1342.232 1340.16 1338.088 1336.016 1333.944 1331.835 1329.687 1327.538 1325.39 1323.242 1320.964 1318.677 1316.389 1314.101 1312.242 1311.091 1309.94 1308.789 1307.638
1386.249 1386.249 1386.249 1386.249 1386.249 1386.249 1386.249 1386.249 1385.978 1385.353 1384.729 1384.104 1383.48 1382.315 1381.079 1379.843 1378.607 1377.249 1375.649 1374.048 1372.448 1370.847 1369.353 1367.888 1366.423 1364.958 1363.523 1362.186 1360.849 1359.512 1358.176 1357.375 1356.826 1356.276 1355.727 1355.097 1353.933 1352.768 1351.603 1350.439 1348.781 1346.767 1344.753 1342.739 1340.724 1338.689 1336.655 1334.62 1332.586 1330.477 1328.287 1326.097 1323.907 1321.716 1319.391 1317.054 1314.717 1312.381 1310.482 1309.306 1308.13 1306.955 1305.779
1384.061 1384.061 1384.061 1384.061 1384.061 1384.061 1384.061 1384.061 1383.833 1383.31 1382.788 1382.265 1381.742 1380.612 1379.403 1378.193 1376.984 1375.655 1374.087 1372.518 1370.95 1369.381 1367.894 1366.429 1364.964 1363.499 1362.051 1360.661 1359.271 1357.881 1356.49 1355.6 1354.944 1354.288 1353.631 1352.911 1351.768 1350.625 1349.482 1348.338 1346.752 1344.845 1342.937 1341.03 1339.12 1337.134 1335.148 1333.161 1331.175 1329.101 1326.932 1324.764 1322.595 1320.426 1318.122 1315.806 1313.491 1311.176 1309.286 1308.1 1306.913 1305.727 1304.541
1381.872 1381.872 1381.872 1381.872 1381.872 1381.872 1381.872 1381.872 1381.689 1381.268 1380.846 1380.425 1380.004 1378.909 1377.727 1376.544 1375.361 1374.061 1372.525 1370.988 1369.452 1367.915 1366.435 1364.97 1363.505 1362.04 1360.58 1359.136 1357.693 1356.249 1354.805 1353.825 1353.062 1352.299 1351.536 1350.726 1349.604 1348.482 1347.36 1346.238 1344.723 1342.922 1341.122 1339.321 1337.517 1335.578 1333.64 1331.702 1329.764 1327.725 1325.578 1323.431 1321.283 1319.136 1316.853 1314.559 1312.265 1309.971 1308.091 1306.894 1305.697 1304.499 1303.302
1379.684 1379.684 1379.684 1379.684 1379.684 1379.684 1379.684 1379.684 1379.545 1379.225 1378.905 1378.585 1378.265 1377.206 1376.05 1374.895 1373.739 1372.467 1370.962 1369.458 1367.954 1366.449 1364.976 1363.511 1362.046 1360.581 1359.109 1357.611 1356.114 1354.617 1353.12 1352.05 1351.18 1350.31 1349.44 1348.54 1347.44 1346.339 1345.239 1344.138 1342.694 1341.0 1339.306 1337.613 1335.913 1334.023 1332.133 1330.243 1328.352 1326.349 1324.223 1322.097 1319.971 1317.845 1315.584 1313.311 1311.039 1308.766 1306.895 1305.687 1304.479 1303.272 1302.064
1377.495 1377.495 1377.495 1377.495 1377.495 1377.495 1377.495 1377.495 1377.4 1377.182 1376.964 1376.745 1376.527 1375.503 1374.374 1373.245 1372.116 1370.872 1369.4 1367.928 1366.456 1364.984 1363.517 1362.052 1360.587 1359.122 1357.637 1356.087 1354.536 1352.986 1351.435 1350.275 1349.298 1348.322 1347.345 1346.354 1345.275 1344.196 1343.117 1342.038 1340.664 1339.078 1337.491 1335.904 1334.31 1332.468 1330.625 1328.783 1326.941 1324.974 1322.869 1320.764 1318.66 1316.555 1314.315 1312.064 1309.813 1307.561 1305.699 1304.481 1303.263 1302.044 1300.826
1375.137 1375.137 1375.137 1375.137 1375.137 1375.137 1375.137 1375.137 1375.067 1374.904 1374.742 1374.58 1374.418 1373.49 1372.462 1371.434 1370.406 1369.243 1367.811 1366.38 1364.948 1363.516 1362.035 1360.541 1359.047 1357.553 1356.046 1354.491 1352.937 1351.383 1349.828 1348.614 1347.559 1346.505 1345.45 1344.395 1343.341 1342.288 1341.234 1340.18 1338.851 1337.321 1335.792 1334.262 1332.725 1330.914 1329.104 1327.293 1325.482 1323.543 1321.464 1319.385 1317.306 1315.227 1313.085 1310.938 1308.791 1306.644 1304.889 1303.784 1302.679 1301.574 1300.469
1372.73 1372.73 1372.73 1372.73 1372.73 1372.73 1372.73 1372.73 1372.678 1372.558 1372.439 1372.319 1372.2 1371.386 1370.481 1369.576 1368.671 1367.604 1366.215 1364.826 1363.437 1362.047 1360.547 1359.016 1357.484 1355.953 1354.419 1352.875 1351.332 1349.788 1348.244 1346.986 1345.862 1344.738 1343.613 1342.502 1341.475 1340.448 1339.421 1338.394 1337.101 1335.614 1334.127 1332.64 1331.145 1329.361 1327.577 1325.793 1324.009 1322.097 1320.045 1317.992 1315.94 1313.888 1311.866 1309.848 1307.829 1305.81 1304.192 1303.236 1302.281 1301.326 1300.37
1370.323 1370.323 1370.323 1370.323 1370.323 1370.323 1370.323 1370.323 1370.289 1370.213 1370.136 1370.059 1369.982 1369.282 1368.5 1367.717 1366.935 1365.965 1364.618 1363.272 1361.926 1360.579 1359.059 1357.49 1355.921 1354.353 1352.792 1351.259 1349.726 1348.193 1346.66 1345.358 1344.165 1342.971 1341.777 1340.609 1339.608 1338.608 1337.608 1336.608 1335.35 1333.906 1332.462 1331.018 1329.565 1327.808 1326.051 1324.294 1322.536 1320.651 1318.625 1316.6 1314.574 1312.548 1310.648 1308.757 1306.867 1304.976 1303.495 1302.689 1301.883 1301.077 1300.271
1367.915 1367.915 1367.915 1367.915 1367.915 1367.915 1367.915 1367.915 1367.901 1367.867 1367.833 1367.799 1367.765 1367.178 1366.518 1365.859 1365.2 1364.326 1363.022 1361.718 1360.415 1359.111 1357.571 1355.964 1354.358 1352.752 1351.165 1349.643 1348.121 1346.599 1345.076 1343.731 1342.467 1341.204 1339.941 1338.716 1337.742 1336.768 1335.795 1334.821 1333.6 1332.199 1330.797 1329.396 1327.985 1326.255 1324.524 1322.794 1321.064 1319.205 1317.206 1315.207 1313.208 1311.209 1309.429 1307.667 1305.905 1304.143 1302.797 1302.141 1301.485 1300.828 1300.172
1365.553 1365.553 1365.553 1365.553 1365.553 1365.553 1365.553 1365.553 1365.553 1365.553 1365.553 1365.553 1365.553 1365.073 1364.53 1363.987 1363.444 1362.66 1361.395 1360.13 1358.864 1357.599 1356.05 1354.421 1352.793 1351.165 1349.564 1348.052 1346.54 1345.029 1343.517 1342.133 1340.808 1339.483 1338.158 1336.88 1335.918 1334.956 1333.994 1333.032 1331.844 1330.492 1329.14 1327.788 1326.426 1324.744 1323.062 1321.38 1319.699 1317.883 1315.922 1313.96 1311.999 1310.038 1308.361 1306.706 1305.051 1303.396 1302.169 1301.65 1301.13 1300.61 1300.09
1363.364 1363.364 1363.364 1363.364 1363.364 1363.364 1363.364 1363.364 1363.364 1363.364 1363.364 1363.364 1363.364 1362.965 1362.512 1362.06 1361.608 1360.892 1359.648 1358.404 1357.16 1355.916 1354.401 1352.81 1351.219 1349.628 1348.058 1346.557 1345.057 1343.556 1342.055 1340.652 1339.295 1337.938 1336.581 1335.269 1334.259 1333.248 1332.238 1331.228 1330.063 1328.786 1327.509 1326.232 1324.947 1323.398 1321.85 1320.302 1318.754 1317.046 1315.165 1313.284 1311.402 1309.521 1307.875 1306.247 1304.619 1302.991 1301.812 1301.378 1300.944 1300.51 1300.076
1361.176 1361.176 1361.176 1361.176 1361.176 1361.176 1361.176 1361.176 1361.176 1361.176 1361.176 1361.176 1361.176 1360.856 1360.495 1360.134 1359.772 1359.124 1357.901 1356.679 1355.456 1354.234 1352.752 1351.199 1349.645 1348.092 1346.553 1345.063 1343.573 1342.083 1340.592 1339.171 1337.782 1336.393 1335.004 1333.658 1332.599 1331.541 1330.483 1329.425 1328.283 1327.08 1325.878 1324.676 1323.467 1322.052 1320.638 1319.223 1317.808 1316.209 1314.408 1312.607 1310.806 1309.005 1307.389 1305.788 1304.186 1302.585 1301.455 1301.107 1300.758 1300.409 1300.061
1358.987 1358.987 1358.987 1358.987 1358.987 1358.987 1358.987 1358.987 1358.987 1358.987 1358.987 1358.987 1358.987 1358.748 1358.478 1358.207 1357.937 1357.356 1356.155 1354.954 1353.752 1352.551 1351.104 1349.588 1348.072 1346.556 1345.048 1343.568 1342.089 1340.609 1339.13 1337.69 1336.269 1334.848 1333.427 1332.046 1330.94 1329.834 1328.727 1327.621 1326.502 1325.375 1324.247 1323.12 1321.988 1320.707 1319.425 1318.144 1316.863 1315.372 1313.651 1311.93 1310.209 1308.488 1306.903 1305.328 1303.754 1302.179 1301.099 1300.835 1300.572 1300.309 1300.046
1356.799 1356.799 1356.799 1356.799 1356.799 1356.799 1356.799 1356.799 1356.799 1356.799 1356.799 1356.799 1356.799 1356.64 1356.46 1356.281 1356.101 1355.588 1354.408 1353.228 1352.049 1350.869 1349.455 1347.977 1346.498 1345.019 1343.543 1342.074 1340.605 1339.136 1337.668 1336.209 1334.756 1333.303 1331.849 1330.435 1329.281 1328.126 1326.972 1325.817 1324.722 1323.669 1322.616 1321.564 1320.508 1319.361 1318.213 1317.066 1315.918 1314.535 1312.894 1311.253 1309.613 1307.972 1306.417 1304.869 1303.321 1301.773 1300.742 1300.564 1300.386 1300.209 1300.031
1354.518 1354.518 1354.518 1354.518 1354.518 1354.518 1354.518 1354.518 1354.523 1354.537 1354.551 1354.564 1354.578 1354.501 1354.412 1354.323 1354.234 1353.812 1352.721 1351.631 1350.54 1349.45 1348.082 1346.637 1345.193 1343.748 1342.29 1340.788 1339.286 1337.783 1336.281 1334.788 1333.299 1331.81 1330.322 1328.87 1327.668 1326.465 1325.263 1324.06 1322.96 1321.935 1320.909 1319.884 1318.857 1317.779 1316.7 1315.622 1314.543 1313.257 1311.744 1310.231 1308.718 1307.205 1305.772 1304.346 1302.92 1301.494 1300.555 1300.422 1300.289 1300.156 1300.023
1352.183 1352.183 1352.183 1352.183 1352.183 1352.183 1352.183 1352.183 1352.198 1352.233 1352.268 1352.303 1352.338 1352.344 1352.346 1352.348 1352.35 1352.031 1351.068 1350.106 1349.144 1348.182 1346.867 1345.454 1344.042 1342.629 1341.182 1339.621 1338.06 1336.499 1334.938 1333.401 1331.875 1330.348 1328.822 1327.332 1326.081 1324.831 1323.58 1322.33 1321.209 1320.184 1319.159 1318.133 1317.107 1316.061 1315.014 1313.968 1312.922 1311.726 1310.368 1309.01 1307.652 1306.294 1305.036 1303.786 1302.536 1301.287 1300.466 1300.354 1300.243 1300.131 1300.019
