data/zism_data/01145_02_D.txt
ncols         224
nrows         224
[rows 28 to 55 of 224, columns 0 to 62 of 224]
640.8585 641.0429 641.2274 641.5946 642.1732 642.7518 643.3305 643.9091 644.3502 644.7804 645.2107 645.6409 646.0013 646.2527 646.5042 646.7557 647.0072 646.002 644.7839 643.5657 642.3477 641.0641 639.6411 638.2179 636.7948 635.3716 632.0652 628.2355 624.4058 620.5762 616.8123 613.2496 609.6868 606.1241 602.5613 601.3235 601.0345 600.7456 600.4567 600.423 601.6018 602.7805 603.9594 605.1381 608.0501 611.947 615.8439 619.7408 623.8585 629.9326 636.0066 642.0807 648.1547 654.7184 661.6584 668.5987 675.5387 682.4847 689.6242 696.7637 703.9035 711.043 717.8817
638.5067 638.6749 638.8432 639.1694 639.678 640.1867 640.6954 641.204 641.605 641.9976 642.3902 642.7828 643.0612 643.162 643.2628 643.3635 643.4643 642.3084 640.9396 639.5707 638.2019 636.6544 634.7254 632.7963 630.8673 628.9382 625.6734 622.0375 618.4017 614.7659 611.4198 608.9604 606.501 604.0417 601.5823 600.7827 600.6606 600.5386 600.4165 600.6068 602.2808 603.9548 605.6288 607.3027 610.8987 615.5869 620.2748 624.963 629.7637 635.5634 641.3629 647.1625 652.962 659.3029 666.0599 672.8171 679.5741 686.3426 693.4875 700.6324 707.7775 714.9224 721.8911
636.1547 636.3069 636.459 636.744 637.1827 637.6214 638.0601 638.4988 638.8598 639.2147 639.5696 639.9246 640.121 640.0711 640.0211 639.9712 639.9213 638.6147 637.0952 635.5756 634.056 632.2446 629.8096 627.3746 624.9396 622.5045 619.2814 615.8393 612.3973 608.9553 606.0271 604.6711 603.3151 601.9592 600.6032 600.242 600.2867 600.3315 600.3763 600.7906 602.9598 605.129 607.2983 609.4675 613.7474 619.2267 624.706 630.1854 635.6692 641.1943 646.7193 652.2444 657.7694 663.8875 670.4615 677.0357 683.6097 690.2006 697.3509 704.5012 711.6517 718.802 725.9008
633.739 633.8346 633.9302 634.139 634.4783 634.8177 635.1572 635.4965 635.8528 636.2103 636.5679 636.9255 637.0746 636.8997 636.7247 636.5497 636.3747 634.9964 633.4141 631.8318 630.2496 628.3592 625.8105 623.2618 620.7133 618.1646 615.2405 612.2122 609.1839 606.1556 603.6657 602.8228 601.9799 601.1371 600.2942 600.359 600.7943 601.2295 601.6647 602.5463 605.5482 608.5498 611.5516 614.5533 619.464 625.4596 631.455 637.4506 643.3783 648.7059 654.0334 659.361 664.6885 670.522 676.7443 682.9668 689.1891 695.4318 702.3492 709.2666 716.1842 723.1016 730.1354
631.2931 631.3134 631.3337 631.4496 631.676 631.9023 632.1287 632.355 632.7231 633.1022 633.4813 633.8604 633.9784 633.6904 633.4024 633.1144 632.8264 631.4132 629.8094 628.2056 626.6019 624.7191 622.2404 619.7617 617.2831 614.8043 612.2999 609.7883 607.2767 604.7652 602.723 602.117 601.5109 600.9048 600.2988 600.7839 601.7143 602.6447 603.5751 605.038 609.0302 613.0223 617.0145 621.0066 626.5233 632.9064 639.2893 645.6724 651.9319 657.0981 662.2641 667.4303 672.5963 678.1161 683.9078 689.6998 695.4915 701.306 707.879 714.4518 721.025 727.5979 734.4756
628.8474 628.7923 628.7372 628.7603 628.8737 628.987 629.1003 629.2137 629.5935 629.9941 630.3948 630.7953 630.8823 630.4813 630.0802 629.6791 629.2781 627.8302 626.2049 624.5795 622.9543 621.0791 618.6704 616.2617 613.853 611.4442 609.3594 607.3645 605.3696 603.3748 601.7804 601.4112 601.0419 600.6727 600.3034 601.2087 602.6343 604.0599 605.4854 607.5295 612.5122 617.4946 622.4772 627.4597 633.5823 640.3529 647.1234 653.894 660.4853 665.49 670.4945 675.4993 680.5038 685.7101 691.0712 696.4325 701.7936 707.1801 713.4085 719.637 725.8657 732.0941 738.8156
626.4016 626.2712 626.1408 626.071 626.0714 626.0717 626.072 626.0723 626.4639 626.886 627.3082 627.7303 627.7862 627.2721 626.758 626.2439 625.7299 624.2471 622.6003 620.9534 619.3066 617.4391 615.1004 612.7616 610.4229 608.0841 606.4189 604.9407 603.4626 601.9844 600.8378 600.7054 600.5729 600.4404 600.308 601.6336 603.5543 605.475 607.3958 610.0211 615.9941 621.967 627.94 633.9128 640.6413 647.7994 654.9574 662.1155 669.0386 673.8819 678.725 683.5682 688.4113 693.304 698.2345 703.1652 708.0958 713.0541 718.9381 724.8221 730.7063 736.5903 743.1556
623.9646 623.7617 623.5587 623.3989 623.289 623.1791 623.0692 622.9593 623.368 623.8174 624.2667 624.716 624.7443 624.1179 623.4915 622.8651 622.2386 620.7303 619.0725 617.4146 615.7568 613.918 611.6928 609.4675 607.2422 605.017 603.7528 602.7556 601.7583 600.7611 600.0406 600.1667 600.2929 600.419 600.5452 602.3517 604.8441 607.3365 609.8289 613.0851 619.97 626.8546 633.7394 640.6239 647.8775 655.3411 662.8043 670.2679 677.4514 682.1563 686.8611 691.566 696.2708 700.8846 705.428 709.9716 714.5151 719.0886 724.6625 730.2365 735.8106 741.3845 747.7772
621.5862 621.3295 621.0727 620.8416 620.6402 620.4388 620.2374 620.0359 620.498 621.0119 621.5258 622.0397 622.0652 621.3312 620.5972 619.8631 619.129 617.6556 616.0571 614.4584 612.8598 611.1901 609.3685 607.5469 605.7253 603.9037 602.9168 602.1618 601.4068 600.6518 600.2133 600.7432 601.2729 601.8028 602.3326 605.0244 608.5987 612.1729 615.7472 619.9645 627.2369 634.509 641.7814 649.0535 656.2931 663.5144 670.7355 677.9568 684.9243 689.6454 694.3663 699.0875 703.8084 708.3744 712.821 717.2676 721.7142 726.1913 731.6845 737.1777 742.6711 748.1643 754.2747
619.2078 618.8972 618.5866 618.2842 617.9913 617.6984 617.4055 617.1126 617.6279 618.2064 618.7849 619.3633 619.3861 618.5444 617.7027 616.861 616.0192 614.5809 613.0415 611.5021 609.9627 608.462 607.0441 605.6262 604.2083 602.7903 602.0808 601.5681 601.0553 600.5425 600.386 601.3196 602.2531 603.1866 604.1201 607.6971 612.3534 617.0094 621.6656 626.8441 634.504 642.1638 649.8237 657.4834 664.709 671.688 678.6669 685.6461 692.3975 697.1348 701.8719 706.6091 711.3462 715.8644 720.2141 724.564 728.9136 733.2943 738.7067 744.1192 749.5319 754.9443 760.7724
616.8295 616.465 616.1006 615.7269 615.3425 614.9581 614.5737 614.1893 614.7579 615.4009 616.0441 616.6871 616.707 615.7577 614.8083 613.8589 612.9096 611.5063 610.0261 608.5458 607.0657 605.734 604.7198 603.7055 602.6913 601.6771 601.2449 600.9743 600.7037 600.4332 600.5588 601.8959 603.2332 604.5703 605.9075 610.3699 616.1079 621.8458 627.5839 633.7234 641.7709 649.8182 657.8657 665.913 673.1245 679.8615 686.5981 693.335 699.8705 704.6239 709.3771 714.1306 718.8838 723.3542 727.6071 731.86 736.1127 740.397 745.7287 751.0604 756.3923 761.7241 767.2699
614.451 614.0328 613.6145 613.1695 612.6936 612.2177 611.7418 611.2659 611.8878 612.5955 613.3031 614.0107 614.0279 612.9709 611.9139 610.8568 609.7998 608.4316 607.0106 605.5895 604.1686 603.0059 602.3954 601.7849 601.1743 600.5637 600.4089 600.3806 600.3522 600.3239 600.7315 602.4724 604.2133 605.9541 607.695 613.0426 619.8626 626.6824 633.5024 640.603 649.0381 657.473 665.9081 674.3429 681.5404 688.0351 694.5295 701.0242 707.3438 712.1133 716.8826 721.6522 726.4216 730.8444 735.0002 739.1563 743.3121 747.4999 752.7509 758.0019 763.2531 768.5041 773.7676
612.3683 611.9024 611.4365 610.9395 610.4064 609.8734 609.3403 608.8072 609.4212 610.1248 610.8284 611.532 611.5631 610.5483 609.5334 608.5185 607.5036 606.2988 605.0618 603.8248 602.5878 601.6265 601.2543 600.882 600.5098 600.1375 600.3022 600.616 600.9297 601.2435 602.0544 604.3862 606.718 609.0497 611.3815 617.2499 624.562 631.8738 639.186 646.7079 655.2279 663.7476 672.2676 680.7873 687.9228 694.272 700.621 706.9702 713.1666 718.0116 722.8564 727.7014 732.5462 737.0563 741.3088 745.5614 749.8138 754.0887 759.1092 764.1297 769.1504 774.1709 778.9762
610.4997 609.9908 609.4819 608.9468 608.3814 607.816 607.2507 606.6853 607.247 607.8968 608.5466 609.1964 609.2537 608.3895 607.5253 606.6612 605.797 604.8488 603.8863 602.9238 601.9614 601.2248 600.9709 600.7171 600.4633 600.2095 600.7242 601.4525 602.1807 602.909 604.2114 607.2697 610.3281 613.3865 616.4449 622.5698 629.9465 637.3229 644.6996 652.2515 660.637 669.0221 677.4075 685.7926 692.8313 699.1052 705.3788 711.6527 717.7934 722.7568 727.72 732.6834 737.6467 742.3422 746.8314 751.3209 755.8102 760.3052 764.9866 769.668 774.3495 779.0309 783.2504
608.6312 608.0792 607.5273 606.9541 606.3564 605.7588 605.1611 604.5634 605.0729 605.6688 606.2648 606.8607 606.9443 606.2308 605.5174 604.804 604.0905 603.3988 602.7108 602.0228 601.3349 600.8231 600.6876 600.5522 600.4168 600.2814 601.1462 602.289 603.4317 604.5744 606.3682 610.1531 613.9382 617.7231 621.5082 627.8895 635.3308 642.7719 650.2131 657.795 666.0458 674.2964 682.5472 690.7978 697.7397 703.9382 710.1365 716.335 722.42 727.5018 732.5835 737.6653 742.7469 747.6277 752.3539 757.0801 761.8063 766.5214 770.8637 775.2061 779.5485 783.8908 787.5245
606.7627 606.1677 605.5726 604.9614 604.3314 603.7015 603.0715 602.4416 602.8988 603.4409 603.983 604.5251 604.6349 604.0722 603.5095 602.9467 602.384 601.9489 601.5353 601.1219 600.7084 600.4213 600.4044 600.3873 600.3703 600.3533 601.5683 603.1255 604.6827 606.2399 608.525 613.0366 617.5482 622.0598 626.5715 633.2092 640.7151 648.2208 655.7267 663.3384 671.4547 679.5707 687.687 695.803 702.648 708.7712 714.8942 721.0173 727.0467 732.2469 737.447 742.6472 747.8472 752.9134 757.8763 762.8394 767.8024 772.7377 776.7409 780.7441 784.7474 788.7507 791.7986
604.9171 604.2833 603.6496 603.0046 602.3466 601.6885 601.0305 600.3724 600.7762 601.2629 601.7497 602.2365 602.3708 601.9571 601.5433 601.1296 600.7159 600.5322 600.3877 600.2431 600.0985 600.0349 600.144 600.2532 600.3625 600.4717 602.0433 604.0213 605.9992 607.9771 610.7545 615.9767 621.1991 626.4213 631.6437 638.5251 646.0839 653.6424 661.2012 668.8315 676.8036 684.7753 692.7473 700.7191 707.4634 713.5106 719.5576 725.6048 731.5771 736.8885 742.1996 747.5109 752.822 758.0647 763.2545 768.4445 773.6343 778.7802 782.4523 786.1244 789.7966 793.4686 795.9448
603.8384 603.3123 602.7862 602.2513 601.7063 601.1613 600.6163 600.0713 600.3834 600.7625 601.1416 601.5207 601.6254 601.3031 600.9809 600.6586 600.3364 600.2351 600.1712 600.1074 600.0435 600.1584 600.6551 601.1518 601.6486 602.1453 604.294 606.9017 609.5094 612.1171 615.4127 620.8126 626.2126 631.6124 637.0125 643.7045 650.9242 658.1437 665.3633 672.6322 680.1359 687.6394 695.1431 702.6466 709.1595 715.1099 721.0599 727.0103 732.8819 738.0587 743.2352 748.412 753.5886 758.7119 763.7941 768.8764 773.9585 778.998 782.6055 786.2131 789.8207 793.4282 795.8
602.7596 602.3412 601.9228 601.498 601.066 600.6341 600.2021 599.7701 599.9906 600.262 600.5335 600.8049 600.8799 600.6491 600.4184 600.1877 599.9569 599.9379 599.9548 599.9716 599.9885 600.2819 601.1661 602.0504 602.9346 603.8189 606.5447 609.7823 613.0197 616.2571 620.0712 625.6486 631.2263 636.8037 642.3813 648.884 655.7646 662.6451 669.5257 676.433 683.4684 690.5036 697.539 704.5742 710.8557 716.7091 722.5624 728.4158 734.1867 739.2289 744.2709 749.3131 754.3551 759.3591 764.3336 769.3083 774.2828 779.2159 782.7589 786.3017 789.8447 793.3876 795.6551
601.681 601.3702 601.0594 600.7448 600.4258 600.1069 599.7879 599.4689 599.5978 599.7616 599.9254 600.0892 600.1344 599.9952 599.856 599.7167 599.5775 599.6407 599.7383 599.8359 599.9335 600.4055 601.6772 602.949 604.2207 605.4925 608.7954 612.6627 616.5298 620.397 624.7294 630.4845 636.2397 641.9948 647.75 654.0634 660.605 667.1463 673.6879 680.2336 686.8008 693.3677 699.9348 706.5017 712.5518 718.3083 724.0647 729.8212 735.4915 740.3991 745.3066 750.2142 755.1216 760.0063 764.8732 769.7402 774.607 779.4338 782.9121 786.3904 789.8688 793.3472 795.5103
600.6022 600.3991 600.196 599.9915 599.7856 599.5797 599.3737 599.1678 599.205 599.2611 599.3173 599.3734 599.3889 599.3412 599.2935 599.2457 599.198 599.3436 599.5219 599.7002 599.8785 600.5291 602.1883 603.8476 605.5068 607.1661 611.0461 615.5432 620.0402 624.537 629.3879 635.3206 641.2534 647.186 653.1189 659.243 665.4455 671.6477 677.8502 684.0344 690.1332 696.2319 702.3307 708.4293 714.2479 719.9076 725.5671 731.2267 736.7963 741.5694 746.3423 751.1154 755.8882 760.6536 765.4127 770.1721 774.9313 779.6516 783.0654 786.4791 789.8929 793.3066 795.3654
599.9302 599.7986 599.6672 599.5356 599.4041 599.2726 599.1411 599.0095 599.0 599.0 599.0 599.0 599.0121 599.043 599.0739 599.1047 599.1357 599.3815 599.6637 599.9459 600.2281 601.0697 603.1061 605.1427 607.1791 609.2156 613.4369 618.2651 623.0931 627.9212 633.0425 639.0601 645.0779 651.0955 657.1133 663.0651 668.9902 674.9152 680.8404 686.7307 692.4564 698.182 703.9078 709.6334 715.219 720.7252 726.2311 731.7372 737.1539 741.7795 746.405 751.0307 755.6561 760.2209 764.7385 769.2563 773.774 778.2544 781.48 784.7056 787.9313 791.1569 793.0638
599.7018 599.6025 599.5033 599.4041 599.3049 599.2056 599.1064 599.0072 599.0 599.0 599.0 599.0 599.0374 599.1329 599.2283 599.3238 599.4193 599.7849 600.1964 600.6077 601.0192 602.0654 604.4679 606.8704 609.2729 611.6754 615.9804 620.814 625.6475 630.4809 635.6023 641.6038 647.6054 653.6069 659.6085 665.4066 671.1218 676.8369 682.5521 688.2222 693.6788 699.1353 704.5919 710.0483 715.399 720.6899 725.9806 731.2715 736.4783 740.9424 745.4064 749.8706 754.3347 758.61 762.7402 766.8704 771.0005 775.0952 777.9979 780.9005 783.8033 786.7059 788.4092
599.4734 599.4064 599.3395 599.2726 599.2056 599.1387 599.0718 599.0048 599.0 599.0 599.0 599.0 599.0626 599.2227 599.3828 599.5428 599.7029 600.1884 600.7289 601.2695 601.8101 603.0611 605.8295 608.5981 611.3666 614.1351 618.5239 623.3629 628.2017 633.0406 638.162 644.1473 650.1329 656.1182 662.1036 667.748 673.2533 678.7584 684.2637 689.7136 694.9011 700.0884 705.2759 710.4633 715.5792 720.6547 725.7301 730.8057 735.8027 740.1054 744.4079 748.7106 753.0132 756.9993 760.7419 764.4846 768.2272 771.9362 774.5159 777.0956 779.6754 782.2551 783.7548
599.245 599.2103 599.1757 599.1411 599.1064 599.0718 599.0372 599.0025 599.0 599.0 599.0 599.0 599.0879 599.3126 599.5372 599.7619 599.9866 600.5919 601.2616 601.9313 602.6011 604.0568 607.1912 610.3258 613.4603 616.5948 621.0674 625.9117 630.756 635.6002 640.7217 646.6909 652.6603 658.6295 664.5988 670.0894 675.3848 680.68 685.9754 691.2051 696.1234 701.0416 705.96 710.8781 715.7593 720.6196 725.4797 730.3399 735.1271 739.2683 743.4094 747.5506 751.6917 755.3886 758.7437 762.0988 765.4538 768.7771 771.0339 773.2907 775.5475 777.8043 779.1005
599.0165 599.0142 599.0118 599.0095 599.0072 599.0048 599.0025 599.0002 599.0 599.0 599.0 599.0 599.1132 599.4025 599.6917 599.981 600.2702 600.9953 601.7943 602.5932 603.3921 605.0524 608.5529 612.0535 615.554 619.0546 623.6109 628.4607 633.3103 638.1599 643.2816 649.2346 655.1878 661.1408 667.0941 672.4308 677.5164 682.6016 687.6871 692.6966 697.3458 701.9948 706.644 711.293 715.9394 720.5844 725.2291 729.8741 734.4515 738.4312 742.4108 746.3906 750.3702 753.7778 756.7453 759.7128 762.6804 765.6179 767.5518 769.4857 771.4196 773.3534 774.4459
598.962 598.977 598.9919 599.0139 599.0438 599.0738 599.1038 599.1337 599.1683 599.2032 599.2382 599.2731 599.425 599.7589 600.0928 600.4267 600.7606 601.6026 602.5307 603.4588 604.3869 606.0482 609.2756 612.5032 615.7307 618.9583 623.2368 627.8073 632.3777 636.9482 641.8099 647.5621 653.3144 659.0666 664.8189 670.1434 675.2936 680.4435 685.5937 690.6523 695.277 699.9016 704.5262 709.1508 713.6828 718.1624 722.6418 727.1215 731.5363 735.3796 739.2227 743.0659 746.909 750.0439 752.6338 755.2238 757.8137 760.3656 761.642 762.9185 764.1949 765.4714 765.9594
598.921 598.9521 598.9833 599.0289 599.0911 599.1534 599.2156 599.2779 599.3497 599.4224 599.495 599.5676 599.7593 600.1363 600.5132 600.8902 601.2671 602.2258 603.2831 604.3404 605.3976 607.0439 609.9485 612.8531 615.7576 618.6622 622.6346 626.9037 631.1727 635.4417 640.0233 645.5601 651.0971 656.634 662.171 667.4943 672.7306 677.9667 683.2029 688.3318 692.9511 697.5703 702.1896 706.8087 711.2358 715.554 719.8719 724.19 728.4462 732.1548 735.8633 739.572 743.2805 746.1439 748.3571 750.5703 752.7834 754.9496 755.5424 756.1353 756.7282 757.321 757.1732
