data/zism_data/01145_04_D.txt
ncols         224
nrows         224
[rows 56 to 83 of 224, columns 0 to 62 of 224]
661.5757 665.663 669.7505 673.2067 675.9331 678.6595 681.386 684.1124 686.2081 688.2545 690.3009 692.3472 694.1276 695.4941 696.8605 698.2269 699.5934 701.8862 704.336 706.7859 709.2357 711.6727 714.0823 716.4919 718.9014 721.311 724.3713 727.6124 730.8533 734.0943 737.6339 742.0864 746.5389 750.9914 755.444 759.3432 763.0167 766.69 770.3635 774.0148 777.5618 781.1085 784.6554 788.2021 790.8815 793.068 795.2544 797.4409 799.4074 799.4261 799.4449 799.4636 799.4823 799.4693 799.4318 799.3944 799.3569 799.3297 799.6437 799.9578 800.2719 800.5859 800.7729
666.4186 670.6566 674.8948 678.3994 681.0558 683.7122 686.3687 689.0251 691.0659 693.0584 695.051 697.0436 698.7764 700.1052 701.4339 702.7627 704.0915 706.3605 708.7887 711.217 713.6453 716.1123 718.6617 721.2113 723.7608 726.3104 729.3463 732.5174 735.6884 738.8594 742.337 746.7518 751.1667 755.5815 759.9964 763.705 767.1255 770.5459 773.9664 777.3508 780.5639 783.7769 786.9901 790.2031 792.5693 794.4544 796.3394 798.2245 799.9185 799.9211 799.9236 799.9263 799.9288 799.927 799.9219 799.9167 799.9116 799.9133 800.1467 800.38 800.6133 800.8466 800.9688
670.8222 675.0119 679.2018 682.6878 685.3603 688.0327 690.7051 693.3775 695.4534 697.4826 699.5119 701.5411 703.2904 704.6041 705.9178 707.2315 708.5452 710.871 713.3682 715.8655 718.3627 720.9574 723.7599 726.5625 729.3651 732.1677 735.2499 738.4099 741.5697 744.7296 748.1304 752.2676 756.4051 760.5424 764.6799 768.1284 771.296 774.4634 777.6309 780.7325 783.5214 786.3102 789.0991 791.8879 793.8967 795.4622 797.0278 798.5933 800.0 800.0 800.0 800.0 800.0 800.0 800.0 800.0 800.0 800.0052 800.1849 800.3647 800.5444 800.7241 800.8309
675.1425 679.2461 683.3499 686.8046 689.5094 692.2141 694.9189 697.6236 699.7517 701.8348 703.9178 706.0009 707.7787 709.0817 710.3846 711.6876 712.9905 715.3883 717.9717 720.5551 723.1384 725.8793 728.9563 732.0334 735.1105 738.1876 741.3294 744.4894 747.6492 750.8091 754.1304 757.9447 761.7592 765.5736 769.3881 772.5634 775.478 778.3924 781.307 784.1229 786.4703 788.8178 791.1653 793.5128 795.1556 796.3983 797.6409 798.8835 800.0 800.0 800.0 800.0 800.0 800.0 800.0 800.0 800.0 800.0038 800.1351 800.2664 800.3976 800.5289 800.6297
679.4629 683.4803 687.498 690.9216 693.6587 696.3956 699.1328 701.8697 704.0501 706.187 708.3239 710.4608 712.2672 713.5593 714.8514 716.1437 717.4359 719.9058 722.5752 725.2448 727.9142 730.8013 734.1528 737.5045 740.856 744.2076 747.4091 750.5691 753.7289 756.8888 760.1304 763.6219 767.1134 770.6049 774.0964 776.9985 779.66 782.3215 784.9832 787.5132 789.4194 791.3254 793.2316 795.1376 796.4147 797.3344 798.254 799.1736 800.0 800.0 800.0 800.0 800.0 800.0 800.0 800.0 800.0 800.0024 800.0853 800.1681 800.2509 800.3338 800.4285
683.7833 687.7147 691.6461 695.0385 697.8079 700.5772 703.3466 706.1158 708.3485 710.5392 712.7299 714.9206 716.7556 718.0369 719.3184 720.5998 721.8812 724.4232 727.1788 729.9344 732.69 735.7233 739.3493 742.9754 746.6014 750.2276 753.4888 756.6487 759.8086 762.9684 766.1306 769.2991 772.4677 775.6361 778.8047 781.4335 783.8422 786.2507 788.6593 790.9037 792.3684 793.8331 795.2978 796.7625 797.6737 798.2704 798.8671 799.4638 800.0 800.0 800.0 800.0 800.0 800.0 800.0 800.0 800.0 800.001 800.0354 800.0698 800.1042 800.1386 800.2274
687.6453 691.4843 695.3234 698.6733 701.4578 704.2422 707.0267 709.8112 712.1166 714.3845 716.6524 718.9203 720.8279 722.175 723.5222 724.8693 726.2163 728.8522 731.7064 734.5606 737.4148 740.5878 744.4415 748.2954 752.1491 756.003 759.3588 762.5765 765.7941 769.0117 772.1177 774.8821 777.6467 780.4111 783.1756 785.4733 787.5806 789.6877 791.795 793.7238 794.8048 795.8859 796.9669 798.048 798.659 799.003 799.3469 799.6909 799.9997 799.9966 799.9935 799.9903 799.9872 799.97 799.9419 799.9138 799.8857 799.8578 799.8376 799.8173 799.7971 799.7767 799.8525
690.3843 694.1156 697.8471 701.1268 703.8844 706.6419 709.3995 712.157 714.5853 716.9877 719.3902 721.7927 723.8812 725.4813 727.0814 728.6815 730.2815 733.0645 736.0479 739.0313 742.0146 745.3116 749.2784 753.2452 757.212 761.1789 764.7151 768.132 771.5487 774.9655 778.0731 780.2347 782.3964 784.558 786.7197 788.5445 790.232 791.9194 793.6068 795.1466 795.9855 796.8243 797.6631 798.502 798.9737 799.2369 799.5002 799.7635 799.9986 799.9847 799.9708 799.957 799.9431 799.8664 799.7414 799.6165 799.4915 799.3675 799.2773 799.187 799.0968 799.0065 799.0521
693.1233 696.7469 700.3708 703.5803 706.311 709.0416 711.7722 714.5028 717.054 719.5909 722.128 724.665 726.9344 728.7875 730.6405 732.4937 734.3467 737.2768 740.3893 743.502 746.6144 750.0355 754.1152 758.1951 762.2749 766.3548 770.0715 773.6875 777.3034 780.9193 784.0284 785.5872 787.1461 788.7049 790.2637 791.6157 792.8834 794.1509 795.4186 796.5695 797.1661 797.7627 798.3593 798.9559 799.2885 799.4709 799.6535 799.836 799.9975 799.9728 799.9482 799.9236 799.8989 799.7628 799.541 799.3191 799.0972 798.8771 798.7169 798.5568 798.3965 798.2363 798.2516
695.8622 699.3783 702.8945 706.0338 708.7375 711.4412 714.145 716.8487 719.5226 722.1942 724.8658 727.5374 729.9877 732.0937 734.1997 736.3058 738.4119 741.4891 744.7308 747.9726 751.2143 754.7593 758.9521 763.145 767.3378 771.5308 775.4279 779.243 783.058 786.873 789.9838 790.9398 791.8958 792.8518 793.8079 794.687 795.5348 796.3826 797.2303 797.9923 798.3467 798.701 799.0555 799.4099 799.6031 799.705 799.8068 799.9085 799.9964 799.961 799.9256 799.8902 799.8548 799.6592 799.3405 799.0217 798.703 798.3868 798.1566 797.9265 797.6963 797.4661 797.4512
698.6012 702.0096 705.4182 708.4872 711.1641 713.8409 716.5178 719.1945 721.9913 724.7974 727.6036 730.4097 733.0409 735.3999 737.7589 740.118 742.4771 745.7014 749.0722 752.4432 755.8141 759.4832 763.789 768.0949 772.4007 776.7067 780.7842 784.7985 788.8127 792.8268 795.9391 796.2924 796.6456 796.9987 797.3519 797.7582 798.1862 798.6141 799.0421 799.4151 799.5273 799.6395 799.7516 799.8638 799.9179 799.939 799.96 799.9811 799.9953 799.9492 799.903 799.8568 799.8107 799.5557 799.14 798.7244 798.3087 797.8964 797.5963 797.2961 796.996 796.6959 796.6508
699.6569 703.1446 706.6324 709.7446 712.4224 715.1 717.7779 720.4556 723.2998 726.1569 729.0141 731.8712 734.5967 737.1171 739.6376 742.1582 744.6787 748.0029 751.4631 754.9235 758.3838 762.1307 766.4899 770.8492 775.2084 779.5676 783.657 787.6715 791.6859 795.7003 798.7368 798.7816 798.8263 798.8711 798.9158 799.0674 799.2625 799.4576 799.6527 799.821 799.8621 799.9031 799.9441 799.9851 800.0 800.0 800.0 800.0 799.9849 799.8365 799.688 799.5396 799.3912 798.9965 798.4124 797.8282 797.2441 796.666 796.2919 795.9178 795.5438 795.1697 795.1591
700.1185 703.7515 707.3847 710.5797 713.2682 715.9567 718.6453 721.3338 724.1987 727.0774 729.9561 732.8347 735.6239 738.2736 740.9232 743.573 746.2227 749.6299 753.1656 756.7013 760.2369 764.0455 768.437 772.8286 777.22 781.6116 785.6532 789.5977 793.5422 797.4866 800.4199 800.2601 800.1004 799.9406 799.7809 799.7546 799.7828 799.8111 799.8394 799.868 799.8983 799.9285 799.9587 799.989 800.0 800.0 800.0 800.0 799.9713 799.6883 799.4053 799.1223 798.8394 798.2766 797.4987 796.7208 795.9429 795.1745 794.725 794.2756 793.8261 793.3767 793.4233
700.58 704.3584 708.137 711.4149 714.1142 716.8134 719.5128 722.212 725.0977 727.9979 730.8981 733.7983 736.6511 739.4299 742.2088 744.9877 747.7666 751.2571 754.868 758.4791 762.0901 765.9603 770.384 774.8079 779.2317 783.6556 787.6494 791.524 795.3984 799.2729 802.1031 801.7388 801.3745 801.0102 800.6459 800.4419 800.3033 800.1647 800.0261 799.9149 799.9344 799.9539 799.9734 799.9929 800.0 800.0 800.0 800.0 799.9576 799.5401 799.1226 798.705 798.2875 797.5567 796.585 795.6133 794.6416 793.6829 793.1581 792.6333 792.1085 791.5837 791.6876
701.0416 704.9653 708.8892 712.25 714.9601 717.6701 720.3802 723.0902 725.9966 728.9184 731.8401 734.7619 737.6783 740.5864 743.4944 746.4025 749.3106 752.8842 756.5705 760.257 763.9433 767.8751 772.3312 776.7874 781.2433 785.6995 789.6456 793.4503 797.2547 801.0591 803.7863 803.2175 802.6486 802.0798 801.5109 801.1292 800.8237 800.5182 800.2127 799.9619 799.9706 799.9794 799.9881 799.9968 800.0 800.0 800.0 800.0 799.944 799.3919 798.8398 798.2877 797.7355 796.8367 795.6713 794.5058 793.3404 792.1913 791.5911 790.991 790.3908 789.7906 789.9518
701.022 705.0758 709.1298 712.5692 715.2981 718.027 720.7559 723.4848 726.3797 729.2874 732.1953 735.103 738.0453 741.0409 744.0366 747.0323 750.028 753.6692 757.4197 761.1703 764.9208 768.8915 773.3322 777.7729 782.2136 786.6544 790.5757 794.353 798.1301 801.9072 804.5967 803.9592 803.3217 802.6843 802.0468 801.5633 801.1427 800.722 800.3015 799.9554 799.9635 799.9716 799.9797 799.9879 799.9708 799.9393 799.9079 799.8765 799.7728 799.0293 798.2859 797.5424 796.799 795.7281 794.4053 793.0826 791.7599 790.4579 789.8513 789.2448 788.6382 788.0317 788.2926
698.9292 703.0477 707.1662 710.6652 713.448 716.2307 719.0135 721.7961 724.5402 727.2811 730.022 732.7629 735.5678 738.472 741.3761 744.2803 747.1844 750.8262 754.5929 758.3597 762.1263 766.0377 770.2576 774.4777 778.6978 782.9178 786.9134 790.8467 794.7799 798.7131 801.6476 801.5268 801.4061 801.2853 801.1645 800.9072 800.5943 800.2813 799.9683 799.7187 799.7699 799.821 799.8723 799.9234 799.8155 799.6172 799.4189 799.2206 798.9228 797.7433 796.5639 795.3845 794.2051 792.9446 791.6219 790.2991 788.9764 787.6829 787.3669 787.051 786.7352 786.4193 786.9629
696.8365 701.0195 705.2026 708.7612 711.5978 714.4344 717.271 720.1075 722.7007 725.2747 727.8488 730.4229 733.0904 735.903 738.7156 741.5284 744.341 747.9833 751.7661 755.549 759.3318 763.1838 767.1831 771.1826 775.1818 779.1813 783.251 787.3405 791.4297 795.519 798.6985 799.0944 799.4904 799.8863 800.2822 800.2512 800.0458 799.8406 799.6353 799.482 799.5762 799.6705 799.7648 799.859 799.6603 799.2951 798.93 798.5648 798.0728 796.4574 794.842 793.2266 791.6111 790.1611 788.8384 787.5157 786.1929 784.9078 784.8826 784.8573 784.8321 784.8068 785.6332
694.7437 698.9913 703.2391 706.8572 709.7477 712.6381 715.5285 718.4189 720.8611 723.2684 725.6756 728.0828 730.6129 733.334 736.0552 738.7764 741.4976 745.1404 748.9393 752.7384 756.5374 760.33 764.1086 767.8873 771.666 775.4447 779.5886 783.8342 788.0795 792.325 795.7493 796.662 797.5746 798.4873 799.4 799.5951 799.4974 799.3998 799.3021 799.2453 799.3826 799.52 799.6572 799.7946 799.5051 798.973 798.441 797.909 797.2228 795.1714 793.1201 791.0687 789.0173 787.3777 786.055 784.7322 783.4095 782.1328 782.3982 782.6636 782.929 783.1944 784.3034
692.651 696.9632 701.2756 704.9533 707.8976 710.8418 713.7861 716.7302 719.0217 721.262 723.5024 725.7427 728.1355 730.7651 733.3947 736.0244 738.6541 742.2975 746.1125 749.9278 753.7429 757.4761 761.0341 764.5921 768.15 771.7081 775.9262 780.3279 784.7294 789.1309 792.8002 794.2296 795.6589 797.0883 798.5176 798.939 798.949 798.959 798.969 799.0086 799.189 799.3694 799.5497 799.7301 799.3498 798.6509 797.952 797.2532 796.3729 793.8854 791.3981 788.9107 786.4234 784.5942 783.2715 781.9487 780.626 779.3577 779.9138 780.4698 781.0259 781.582 782.9737
689.5518 693.908 698.2644 702.013 705.0591 708.1052 711.1514 714.1974 716.3128 718.3554 720.3981 722.4407 724.6544 727.1342 729.614 732.0938 734.5735 738.1797 741.9766 745.7737 749.5706 753.2123 756.5221 759.832 763.1418 766.4518 770.5877 774.9532 779.3186 783.684 787.4238 789.2498 791.0757 792.9016 794.7276 795.589 796.0567 796.5244 796.9921 797.4299 797.7254 798.0209 798.3165 798.6119 798.1079 797.1495 796.1911 795.2327 794.0934 791.3519 788.6105 785.8691 783.1277 781.2288 779.9781 778.7275 777.4768 776.29 777.2432 778.1962 779.1494 780.1024 781.8613
685.8809 690.2694 694.6581 698.4839 701.6592 704.8344 708.0098 711.1849 713.11 714.9374 716.7648 718.592 720.6031 722.8999 725.1967 727.4935 729.7903 733.3377 737.0969 740.8563 744.6155 748.1475 751.1936 754.2398 757.2859 760.3322 764.297 768.5172 772.7372 776.9573 780.6685 782.8227 784.977 787.1312 789.2855 790.7083 791.8327 792.957 794.0814 795.0887 795.5403 795.9919 796.4435 796.8951 796.2486 794.978 793.7075 792.4368 791.0018 788.1096 785.2175 782.3253 779.4332 777.5328 776.3951 775.2575 774.1199 773.0562 774.4667 775.8773 777.2879 778.6985 780.8724
682.21 686.6307 691.0517 694.9547 698.2592 701.5636 704.8681 708.1725 709.9072 711.5193 713.1313 714.7434 716.5518 718.6656 720.7794 722.8932 725.007 728.4956 732.2172 735.9388 739.6604 743.0826 745.8651 748.6475 751.4299 754.2123 758.0062 762.081 766.1557 770.2304 773.913 776.3955 778.8781 781.3607 783.8433 785.8276 787.6086 789.3896 791.1706 792.7475 793.3552 793.9629 794.5706 795.1783 794.3892 792.8065 791.2238 789.641 787.9102 784.8672 781.8245 778.7816 775.7388 773.8367 772.8121 771.7875 770.7629 769.8222 771.6902 773.5583 775.4264 777.2944 779.8834
678.539 682.9921 687.4453 691.4255 694.8593 698.2928 701.7264 705.16 706.7044 708.1012 709.498 710.8948 712.5005 714.4313 716.3621 718.2928 720.2236 723.6535 727.3374 731.0214 734.7053 738.0178 740.5364 743.0552 745.5739 748.0926 751.7153 755.6448 759.5742 763.5035 767.1575 769.9683 772.7793 775.5901 778.4011 780.9468 783.3845 785.8221 788.2598 790.4063 791.1701 791.9339 792.6977 793.4615 792.5299 790.6349 788.7401 786.8451 784.8185 781.6249 778.4314 775.2378 772.0443 770.1406 769.229 768.3174 767.4059 766.5882 768.9138 771.2393 773.5649 775.8904 778.8945
674.7972 679.2812 683.7653 687.8199 691.3781 694.9361 698.4943 702.0523 703.4191 704.6146 705.8102 707.0057 708.423 710.1853 711.9475 713.7098 715.4721 718.8174 722.4308 726.0444 729.6578 732.8375 735.0901 737.3428 739.5953 741.848 745.316 749.1217 752.9273 756.7328 760.3759 763.5211 766.6665 769.8117 772.957 776.0381 779.0932 782.1481 785.2031 787.8848 788.7935 789.7021 790.6108 791.5194 790.4538 788.2663 786.0789 783.8914 781.5896 778.2744 774.9592 771.6439 768.3287 766.4391 765.6462 764.8533 764.0604 763.371 766.1475 768.924 771.7006 774.477 777.8831
670.3125 674.8126 679.3129 683.4111 687.0446 690.678 694.3115 697.9449 699.2672 700.4089 701.5506 702.6923 704.0706 705.8167 707.5627 709.3089 711.055 714.0435 717.2426 720.4417 723.6407 726.4454 728.4073 730.3693 732.3313 734.2933 737.7781 741.6861 745.594 749.5018 753.32 756.8636 760.4072 763.9507 767.4944 770.8362 774.0958 777.3552 780.6147 783.47 784.4056 785.3412 786.2768 787.2123 786.1016 783.8279 781.5544 779.2809 776.9202 773.788 770.6558 767.5235 764.3913 762.6817 762.0664 761.4512 760.8359 760.3301 763.4887 766.6473 769.806 772.9647 776.6362
665.8278 670.3441 674.8605 679.0023 682.7111 686.4199 690.1287 693.8375 695.1153 696.2032 697.2911 698.3789 699.7181 701.4481 703.178 704.908 706.6379 709.2697 712.0543 714.839 717.6235 720.0532 721.7245 723.3959 725.0672 726.7386 730.2402 734.2505 738.2606 742.2708 746.2642 750.206 754.1479 758.0898 762.0317 765.6342 769.0983 772.5623 776.0264 779.0554 780.0178 780.9803 781.9428 782.9053 781.7493 779.3896 777.03 774.6703 772.2509 769.3016 766.3524 763.4031 760.4539 758.9243 758.4866 758.049 757.6114 757.2892 760.8299 764.3707 767.9116 771.4523 775.3893
661.343 665.8754 670.408 674.5934 678.3776 682.1617 685.946 689.73 690.9634 691.9974 693.0315 694.0656 695.3656 697.0794 698.7932 700.507 702.2208 704.4959 706.866 709.2363 711.6064 713.6611 715.0417 716.4225 717.8031 719.1838 722.7024 726.8149 730.9273 735.0397 739.2083 743.5484 747.8887 752.2288 756.5691 760.4323 764.1009 767.7694 771.438 774.6406 775.6301 776.6194 777.6089 778.5983 777.3972 774.9513 772.5056 770.0597 767.5814 764.8152 762.049 759.2827 756.5165 755.1669 754.9069 754.6469 754.3869 754.2482 758.1711 762.0941 766.0171 769.94 774.1425
