data/zism_data/01144_02_D.txt
ncols         224
nrows         224
[rows 120 to 149 of 224, columns 134 to 200 of 224]
1403.0 1403.0 1403.024 1403.141 1403.258 1403.375 1403.492 1403.6 1403.704 1403.809 1403.913 1404.024 1404.172 1404.319 1404.467 1404.615 1404.714 1404.788 1404.862 1404.936 1405.0 1405.0 1405.0 1405.0 1405.0 1405.135 1405.357 1405.578 1405.799 1406.0 1406.0 1406.0 1406.0 1406.0 1406.127 1406.349 1406.57 1406.791 1407.0 1407.0 1407.0 1407.0 1407.0 1407.04 1407.114 1407.187 1407.261 1407.337 1407.484 1407.632 1407.779 1407.927 1408.074 1408.222 1408.369 1408.517 1408.665 1408.739 1408.813 1408.887 1408.961 1409.073 1409.23 1409.386 1409.543 1409.699 1409.769
1403.0 1403.0 1403.017 1403.102 1403.186 1403.271 1403.355 1403.476 1403.612 1403.749 1403.886 1404.024 1404.172 1404.319 1404.467 1404.615 1404.714 1404.788 1404.862 1404.936 1405.0 1405.0 1405.0 1405.0 1405.0 1405.135 1405.357 1405.578 1405.799 1406.0 1406.0 1406.0 1406.0 1406.0 1406.127 1406.349 1406.57 1406.791 1407.0 1407.0 1407.0 1407.0 1407.0 1407.04 1407.114 1407.187 1407.261 1407.337 1407.484 1407.632 1407.779 1407.927 1408.074 1408.222 1408.369 1408.517 1408.665 1408.739 1408.813 1408.887 1408.961 1409.096 1409.301 1409.506 1409.711 1409.916 1409.942
1403.0 1403.0 1403.014 1403.084 1403.155 1403.225 1403.295 1403.42 1403.572 1403.723 1403.874 1404.024 1404.172 1404.319 1404.467 1404.615 1404.714 1404.788 1404.862 1404.936 1405.0 1405.0 1405.0 1405.0 1405.0 1405.135 1405.357 1405.578 1405.799 1406.0 1406.0 1406.0 1406.0 1406.0 1406.127 1406.349 1406.57 1406.791 1407.0 1407.0 1407.0 1407.0 1407.0 1407.04 1407.114 1407.187 1407.261 1407.337 1407.484 1407.632 1407.779 1407.927 1408.074 1408.222 1408.369 1408.517 1408.665 1408.743 1408.82 1408.898 1408.975 1409.118 1409.336 1409.554 1409.771 1409.989 1410.0
1403.0 1403.0 1403.013 1403.078 1403.143 1403.207 1403.272 1403.4 1403.556 1403.713 1403.869 1404.024 1404.172 1404.319 1404.467 1404.615 1404.714 1404.788 1404.862 1404.936 1405.0 1405.0 1405.0 1405.0 1405.0 1405.135 1405.357 1405.578 1405.799 1406.0 1406.0 1406.0 1406.0 1406.0 1406.127 1406.349 1406.57 1406.791 1407.0 1407.0 1407.0 1407.0 1407.0 1407.04 1407.114 1407.187 1407.261 1407.337 1407.484 1407.632 1407.779 1407.927 1408.074 1408.222 1408.369 1408.517 1408.665 1408.748 1408.831 1408.914 1408.997 1409.14 1409.352 1409.565 1409.777 1409.989 1410.0
1403.0 1403.0 1403.012 1403.071 1403.131 1403.19 1403.25 1403.379 1403.541 1403.703 1403.865 1404.024 1404.172 1404.319 1404.467 1404.615 1404.714 1404.788 1404.862 1404.936 1405.0 1405.0 1405.0 1405.0 1405.0 1405.135 1405.357 1405.578 1405.799 1406.0 1406.0 1406.0 1406.0 1406.0 1406.127 1406.349 1406.57 1406.791 1407.0 1407.0 1407.0 1407.0 1407.0 1407.04 1407.114 1407.187 1407.261 1407.337 1407.484 1407.632 1407.779 1407.927 1408.074 1408.222 1408.369 1408.517 1408.665 1408.754 1408.842 1408.93 1409.018 1409.162 1409.369 1409.576 1409.783 1409.99 1410.0
1403.0 1403.0 1403.011 1403.065 1403.119 1403.173 1403.227 1403.358 1403.526 1403.693 1403.86 1404.024 1404.172 1404.319 1404.467 1404.615 1404.714 1404.788 1404.862 1404.936 1405.0 1405.0 1405.0 1405.0 1405.0 1405.135 1405.357 1405.578 1405.799 1406.0 1406.0 1406.0 1406.0 1406.0 1406.127 1406.349 1406.57 1406.791 1407.0 1407.0 1407.0 1407.0 1407.0 1407.04 1407.114 1407.187 1407.261 1407.337 1407.484 1407.632 1407.779 1407.927 1408.074 1408.222 1408.369 1408.517 1408.665 1408.759 1408.852 1408.946 1409.04 1409.184 1409.385 1409.587 1409.788 1409.99 1410.0
1402.99 1402.995 1403.01 1403.058 1403.106 1403.153 1403.201 1403.335 1403.509 1403.682 1403.855 1404.024 1404.168 1404.311 1404.455 1404.599 1404.7 1404.777 1404.855 1404.932 1405.0 1405.0 1405.0 1405.0 1405.0 1405.134 1405.354 1405.573 1405.793 1405.992 1405.994 1405.995 1405.997 1405.999 1406.127 1406.349 1406.57 1406.791 1407.0 1407.0 1407.0 1407.0 1407.0 1407.04 1407.114 1407.187 1407.261 1407.337 1407.484 1407.632 1407.779 1407.927 1408.074 1408.222 1408.369 1408.517 1408.665 1408.765 1408.865 1408.964 1409.064 1409.208 1409.404 1409.599 1409.795 1409.99 1410.004
1402.902 1402.957 1403.007 1403.045 1403.082 1403.119 1403.156 1403.294 1403.478 1403.662 1403.846 1404.018 1404.13 1404.241 1404.353 1404.464 1404.574 1404.684 1404.794 1404.904 1405.0 1405.0 1405.0 1405.0 1405.0 1405.124 1405.328 1405.531 1405.734 1405.92 1405.938 1405.956 1405.974 1405.992 1406.127 1406.349 1406.57 1406.791 1407.0 1407.0 1407.0 1407.0 1407.0 1407.04 1407.114 1407.187 1407.261 1407.337 1407.484 1407.632 1407.779 1407.927 1408.074 1408.222 1408.369 1408.517 1408.665 1408.776 1408.886 1408.996 1409.107 1409.252 1409.437 1409.621 1409.806 1409.991 1410.034
1402.815 1402.918 1403.005 1403.032 1403.058 1403.084 1403.111 1403.252 1403.447 1403.642 1403.837 1404.013 1404.092 1404.171 1404.25 1404.329 1404.449 1404.591 1404.734 1404.876 1405.0 1405.0 1405.0 1405.0 1405.0 1405.114 1405.301 1405.488 1405.675 1405.848 1405.883 1405.917 1405.951 1405.985 1406.127 1406.349 1406.57 1406.791 1407.0 1407.0 1407.0 1407.0 1407.0 1407.04 1407.114 1407.187 1407.261 1407.337 1407.484 1407.632 1407.779 1407.927 1408.074 1408.222 1408.369 1408.517 1408.665 1408.786 1408.907 1409.029 1409.15 1409.296 1409.47 1409.644 1409.817 1409.991 1410.065
1402.727 1402.879 1403.003 1403.019 1403.034 1403.05 1403.065 1403.211 1403.417 1403.622 1403.828 1404.008 1404.054 1404.101 1404.147 1404.194 1404.323 1404.498 1404.673 1404.848 1405.0 1405.0 1405.0 1405.0 1405.0 1405.104 1405.275 1405.446 1405.617 1405.776 1405.827 1405.878 1405.928 1405.979 1406.127 1406.349 1406.57 1406.791 1407.0 1407.0 1407.0 1407.0 1407.0 1407.04 1407.114 1407.187 1407.261 1407.337 1407.484 1407.632 1407.779 1407.927 1408.074 1408.222 1408.369 1408.517 1408.665 1408.797 1408.929 1409.061 1409.193 1409.34 1409.503 1409.666 1409.829 1409.992 1410.096
1402.64 1402.84 1403.001 1403.006 1403.01 1403.015 1403.02 1403.169 1403.386 1403.603 1403.819 1404.002 1404.016 1404.031 1404.045 1404.059 1404.198 1404.405 1404.612 1404.82 1405.0 1405.0 1405.0 1405.0 1405.0 1405.094 1405.249 1405.404 1405.558 1405.705 1405.771 1405.838 1405.905 1405.972 1406.127 1406.349 1406.57 1406.791 1407.0 1407.0 1407.0 1407.0 1407.0 1407.04 1407.114 1407.187 1407.261 1407.337 1407.484 1407.632 1407.779 1407.927 1408.074 1408.222 1408.369 1408.517 1408.665 1408.807 1408.95 1409.093 1409.236 1409.383 1409.536 1409.688 1409.84 1409.992 1410.127
1402.602 1402.823 1403.0 1403.0 1403.0 1403.0 1403.0 1403.151 1403.373 1403.594 1403.815 1404.0 1404.0 1404.0 1404.0 1404.0 1404.143 1404.365 1404.586 1404.807 1405.0 1405.0 1405.0 1405.0 1405.0 1405.096 1405.253 1405.409 1405.566 1405.714 1405.779 1405.843 1405.908 1405.973 1406.127 1406.349 1406.57 1406.791 1407.0 1407.0 1407.0 1407.0 1407.0 1407.04 1407.114 1407.187 1407.261 1407.337 1407.484 1407.632 1407.779 1407.927 1408.074 1408.222 1408.369 1408.517 1408.665 1408.812 1408.96 1409.107 1409.255 1409.402 1409.55 1409.698 1409.845 1409.993 1410.14
1402.602 1402.823 1403.0 1403.0 1403.0 1403.0 1403.0 1403.151 1403.373 1403.594 1403.815 1404.0 1404.0 1404.0 1404.0 1404.0 1404.143 1404.365 1404.586 1404.807 1405.0 1405.0 1405.0 1405.0 1405.0 1405.106 1405.279 1405.452 1405.625 1405.786 1405.834 1405.883 1405.931 1405.979 1406.127 1406.349 1406.57 1406.791 1407.0 1407.0 1407.0 1407.0 1407.0 1407.04 1407.114 1407.187 1407.261 1407.337 1407.484 1407.632 1407.779 1407.927 1408.074 1408.222 1408.369 1408.517 1408.665 1408.812 1408.96 1409.107 1409.255 1409.402 1409.55 1409.698 1409.845 1409.993 1410.14
1402.602 1402.823 1403.0 1403.0 1403.0 1403.0 1403.0 1403.151 1403.373 1403.594 1403.815 1404.0 1404.0 1404.0 1404.0 1404.0 1404.143 1404.365 1404.586 1404.807 1405.0 1405.0 1405.0 1405.0 1405.0 1405.116 1405.305 1405.494 1405.683 1405.858 1405.89 1405.922 1405.954 1405.986 1406.127 1406.349 1406.57 1406.791 1407.0 1407.0 1407.0 1407.0 1407.0 1407.04 1407.114 1407.187 1407.261 1407.337 1407.484 1407.632 1407.779 1407.927 1408.074 1408.222 1408.369 1408.517 1408.665 1408.812 1408.96 1409.107 1409.255 1409.402 1409.55 1409.698 1409.845 1409.993 1410.14
1402.602 1402.823 1403.0 1403.0 1403.0 1403.0 1403.0 1403.151 1403.373 1403.594 1403.815 1404.0 1404.0 1404.0 1404.0 1404.0 1404.143 1404.365 1404.586 1404.807 1405.0 1405.0 1405.0 1405.0 1405.0 1405.126 1405.331 1405.536 1405.742 1405.929 1405.945 1405.961 1405.977 1405.993 1406.127 1406.349 1406.57 1406.791 1407.0 1407.0 1407.0 1407.0 1407.0 1407.04 1407.114 1407.187 1407.261 1407.337 1407.484 1407.632 1407.779 1407.927 1408.074 1408.222 1408.369 1408.517 1408.665 1408.812 1408.96 1409.107 1409.255 1409.402 1409.55 1409.698 1409.845 1409.993 1410.14
1402.601 1402.822 1402.998 1402.999 1402.999 1403.0 1403.0 1403.151 1403.371 1403.592 1403.813 1403.997 1403.998 1403.998 1403.999 1404.0 1404.143 1404.365 1404.586 1404.807 1405.0 1405.0 1405.0 1405.0 1405.0 1405.135 1405.356 1405.577 1405.798 1405.999 1405.999 1405.999 1406.0 1406.0 1406.127 1406.349 1406.57 1406.791 1407.0 1407.0 1407.0 1407.0 1407.0 1407.04 1407.114 1407.189 1407.263 1407.339 1407.486 1407.633 1407.78 1407.927 1408.074 1408.222 1408.37 1408.518 1408.666 1408.813 1408.96 1409.108 1409.255 1409.402 1409.55 1409.698 1409.845 1409.993 1410.14
1402.527 1402.721 1402.882 1402.909 1402.937 1402.964 1402.991 1403.118 1403.29 1403.462 1403.634 1403.785 1403.835 1403.884 1403.933 1403.983 1404.143 1404.365 1404.586 1404.807 1405.0 1405.0 1405.0 1405.0 1405.0 1405.125 1405.33 1405.535 1405.74 1405.927 1405.944 1405.96 1405.977 1405.993 1406.127 1406.349 1406.57 1406.791 1407.0 1407.0 1407.0 1407.0 1407.0 1407.058 1407.164 1407.271 1407.378 1407.484 1407.599 1407.714 1407.828 1407.943 1408.083 1408.247 1408.411 1408.575 1408.739 1408.87 1409.001 1409.132 1409.264 1409.402 1409.55 1409.698 1409.845 1409.993 1410.14
1402.454 1402.621 1402.765 1402.819 1402.874 1402.928 1402.983 1403.084 1403.208 1403.331 1403.454 1403.573 1403.672 1403.77 1403.867 1403.965 1404.143 1404.365 1404.586 1404.807 1405.0 1405.0 1405.0 1405.0 1405.0 1405.115 1405.304 1405.493 1405.681 1405.855 1405.888 1405.921 1405.953 1405.986 1406.127 1406.349 1406.57 1406.791 1407.0 1407.0 1407.0 1407.0 1407.0 1407.075 1407.214 1407.353 1407.492 1407.63 1407.713 1407.795 1407.877 1407.959 1408.091 1408.271 1408.451 1408.631 1408.812 1408.927 1409.042 1409.157 1409.272 1409.402 1409.55 1409.698 1409.845 1409.993 1410.14
1402.38 1402.52 1402.648 1402.73 1402.811 1402.893 1402.974 1403.051 1403.126 1403.201 1403.275 1403.362 1403.508 1403.655 1403.802 1403.948 1404.143 1404.365 1404.586 1404.807 1405.0 1405.0 1405.0 1405.0 1405.0 1405.105 1405.278 1405.45 1405.623 1405.784 1405.833 1405.881 1405.93 1405.979 1406.127 1406.349 1406.57 1406.791 1407.0 1407.0 1407.0 1407.0 1407.0 1407.093 1407.264 1407.436 1407.607 1407.776 1407.826 1407.876 1407.925 1407.975 1408.099 1408.295 1408.492 1408.688 1408.885 1408.985 1409.083 1409.182 1409.281 1409.402 1409.55 1409.698 1409.845 1409.993 1410.14
1402.307 1402.42 1402.532 1402.64 1402.749 1402.857 1402.966 1403.018 1403.044 1403.07 1403.096 1403.15 1403.345 1403.541 1403.736 1403.931 1404.143 1404.365 1404.586 1404.807 1405.0 1405.0 1405.0 1405.0 1405.0 1405.096 1405.252 1405.408 1405.564 1405.712 1405.777 1405.842 1405.907 1405.972 1406.127 1406.349 1406.57 1406.791 1407.0 1407.0 1407.0 1407.0 1407.0 1407.11 1407.314 1407.518 1407.722 1407.922 1407.939 1407.957 1407.974 1407.991 1408.107 1408.32 1408.532 1408.745 1408.958 1409.042 1409.125 1409.207 1409.289 1409.402 1409.55 1409.698 1409.845 1409.993 1410.14
1402.24 1402.329 1402.426 1402.559 1402.692 1402.825 1402.958 1403.0 1403.0 1403.0 1403.0 1403.037 1403.258 1403.479 1403.701 1403.922 1404.134 1404.34 1404.546 1404.752 1404.934 1404.949 1404.964 1404.979 1404.994 1405.095 1405.25 1405.405 1405.56 1405.707 1405.773 1405.839 1405.906 1405.972 1406.127 1406.349 1406.57 1406.791 1407.0 1407.0 1407.0 1407.0 1407.0 1407.119 1407.341 1407.562 1407.783 1408.0 1408.023 1408.046 1408.068 1408.091 1408.202 1408.401 1408.6 1408.798 1408.997 1409.088 1409.176 1409.265 1409.354 1409.463 1409.596 1409.728 1409.861 1409.993 1410.147
1402.182 1402.248 1402.333 1402.487 1402.642 1402.797 1402.951 1403.0 1403.0 1403.0 1403.0 1403.037 1403.258 1403.479 1403.701 1403.922 1404.113 1404.286 1404.46 1404.634 1404.792 1404.839 1404.887 1404.934 1404.982 1405.105 1405.276 1405.447 1405.619 1405.779 1405.829 1405.879 1405.929 1405.979 1406.127 1406.349 1406.57 1406.791 1407.0 1407.0 1407.0 1407.0 1407.0 1407.119 1407.341 1407.562 1407.783 1408.002 1408.073 1408.144 1408.215 1408.286 1408.397 1408.547 1408.698 1408.848 1408.998 1409.12 1409.241 1409.362 1409.483 1409.595 1409.695 1409.795 1409.895 1409.995 1410.163
1402.123 1402.168 1402.239 1402.416 1402.592 1402.768 1402.944 1403.0 1403.0 1403.0 1403.0 1403.037 1403.258 1403.479 1403.701 1403.922 1404.092 1404.233 1404.375 1404.516 1404.649 1404.729 1404.809 1404.889 1404.969 1405.115 1405.302 1405.49 1405.677 1405.85 1405.884 1405.918 1405.952 1405.986 1406.127 1406.349 1406.57 1406.791 1407.0 1407.0 1407.0 1407.0 1407.0 1407.119 1407.341 1407.562 1407.783 1408.003 1408.122 1408.242 1408.362 1408.482 1408.593 1408.694 1408.796 1408.897 1408.999 1409.151 1409.305 1409.459 1409.612 1409.726 1409.794 1409.861 1409.929 1409.997 1410.178
1402.064 1402.087 1402.146 1402.344 1402.542 1402.74 1402.937 1403.0 1403.0 1403.0 1403.0 1403.037 1403.258 1403.479 1403.701 1403.922 1404.071 1404.18 1404.289 1404.398 1404.507 1404.62 1404.732 1404.844 1404.956 1405.125 1405.328 1405.532 1405.736 1405.922 1405.94 1405.957 1405.975 1405.993 1406.127 1406.349 1406.57 1406.791 1407.0 1407.0 1407.0 1407.0 1407.0 1407.119 1407.341 1407.562 1407.783 1408.004 1408.172 1408.341 1408.509 1408.677 1408.788 1408.841 1408.894 1408.946 1408.999 1409.183 1409.37 1409.556 1409.742 1409.857 1409.892 1409.928 1409.963 1409.998 1410.193
1402.005 1402.007 1402.053 1402.272 1402.492 1402.711 1402.931 1403.0 1403.0 1403.0 1403.0 1403.037 1403.258 1403.479 1403.701 1403.922 1404.05 1404.126 1404.203 1404.279 1404.365 1404.51 1404.654 1404.799 1404.944 1405.135 1405.354 1405.574 1405.794 1405.994 1405.995 1405.997 1405.998 1405.999 1406.127 1406.349 1406.57 1406.791 1407.0 1407.0 1407.0 1407.0 1407.0 1407.119 1407.341 1407.562 1407.783 1408.005 1408.222 1408.439 1408.656 1408.873 1408.983 1408.987 1408.991 1408.996 1409.0 1409.215 1409.434 1409.652 1409.871 1409.989 1409.991 1409.994 1409.997 1410.0 1410.209
1402.0 1402.0 1402.041 1402.242 1402.444 1402.645 1402.847 1402.924 1402.944 1402.964 1402.984 1403.035 1403.246 1403.458 1403.669 1403.881 1404.01 1404.093 1404.177 1404.26 1404.353 1404.5 1404.648 1404.795 1404.943 1405.135 1405.357 1405.578 1405.799 1406.001 1406.016 1406.031 1406.046 1406.061 1406.186 1406.392 1406.599 1406.805 1407.002 1407.031 1407.061 1407.091 1407.12 1407.237 1407.429 1407.621 1407.812 1408.005 1408.226 1408.448 1408.669 1408.89 1409.01 1409.03 1409.049 1409.069 1409.089 1409.288 1409.49 1409.691 1409.893 1410.014 1410.043 1410.073 1410.103 1410.132 1410.316
1402.0 1402.0 1402.036 1402.216 1402.396 1402.576 1402.756 1402.841 1402.883 1402.924 1402.965 1403.033 1403.234 1403.435 1403.635 1403.836 1403.968 1404.062 1404.157 1404.251 1404.353 1404.5 1404.648 1404.795 1404.943 1405.135 1405.357 1405.578 1405.799 1406.003 1406.034 1406.065 1406.096 1406.127 1406.25 1406.44 1406.63 1406.821 1407.004 1407.066 1407.128 1407.19 1407.252 1407.366 1407.526 1407.685 1407.844 1408.005 1408.226 1408.448 1408.669 1408.89 1409.021 1409.062 1409.104 1409.145 1409.186 1409.364 1409.544 1409.724 1409.904 1410.029 1410.091 1410.153 1410.215 1410.277 1410.432
1402.0 1402.0 1402.032 1402.19 1402.349 1402.507 1402.665 1402.759 1402.822 1402.885 1402.947 1403.031 1403.221 1403.411 1403.601 1403.791 1403.926 1404.031 1404.136 1404.242 1404.353 1404.5 1404.648 1404.795 1404.943 1405.135 1405.357 1405.578 1405.799 1406.004 1406.052 1406.099 1406.146 1406.193 1406.314 1406.488 1406.662 1406.836 1407.005 1407.1 1407.194 1407.289 1407.383 1407.495 1407.622 1407.749 1407.876 1408.005 1408.226 1408.448 1408.669 1408.89 1409.032 1409.095 1409.158 1409.221 1409.284 1409.441 1409.599 1409.757 1409.916 1410.044 1410.139 1410.233 1410.328 1410.422 1410.547
1402.0 1402.0 1402.028 1402.164 1402.301 1402.438 1402.575 1402.676 1402.76 1402.845 1402.929 1403.03 1403.209 1403.388 1403.567 1403.746 1403.884 1404.0 1404.116 1404.232 1404.353 1404.5 1404.648 1404.795 1404.943 1405.135 1405.357 1405.578 1405.799 1406.006 1406.069 1406.133 1406.196 1406.26 1406.378 1406.535 1406.693 1406.851 1407.007 1407.134 1407.261 1407.388 1407.515 1407.624 1407.719 1407.813 1407.908 1408.005 1408.226 1408.448 1408.669 1408.89 1409.043 1409.127 1409.212 1409.296 1409.381 1409.517 1409.654 1409.79 1409.927 1410.059 1410.186 1410.313 1410.44 1410.567 1410.663
1401.963 1401.979 1402.016 1402.136 1402.258 1402.379 1402.5 1402.608 1402.71 1402.812 1402.915 1403.028 1403.198 1403.369 1403.539 1403.709 1403.85 1403.975 1404.1 1404.225 1404.353 1404.5 1404.648 1404.795 1404.943 1405.135 1405.357 1405.578 1405.799 1406.007 1406.081 1406.154 1406.228 1406.302 1406.418 1406.566 1406.713 1406.861 1407.009 1407.162 1407.316 1407.469 1407.623 1407.733 1407.807 1407.881 1407.954 1408.031 1408.247 1408.462 1408.678 1408.893 1409.052 1409.154 1409.256 1409.358 1409.461 1409.579 1409.698 1409.818 1409.937 1410.072 1410.225 1410.379 1410.532 1410.686 1410.761
