data/zism_data/01157_01_D.txt
ncols         224
nrows         224
[rows 0 to 27 of 224, columns 126 to 188 of 224]
1030.781 1030.723 1030.664 1030.606 1030.547 1029.309 1027.165 1025.02 1022.875 1020.739 1019.195 1017.651 1016.107 1014.563 1013.253 1012.212 1011.172 1010.132 1009.092 1006.752 1004.288 1001.824 999.3595 998.3635 999.9514 1001.539 1003.127 1004.715 1009.171 1014.293 1019.415 1024.536 1028.467 1029.024 1029.58 1030.137 1030.694 1028.475 1025.123 1021.772 1018.42 1014.773 1009.569 1004.366 999.1621 993.9586 987.0035 978.9225 970.8416 962.7606 954.9001 950.6195 946.339 942.0585 937.7779 933.8109 930.1484 926.486 922.8235 919.1611 915.095 911.0106 906.9261
1024.745 1024.633 1024.521 1024.409 1024.297 1023.048 1020.924 1018.801 1016.678 1014.562 1012.986 1011.41 1009.834 1008.258 1006.831 1005.577 1004.324 1003.07 1001.816 999.7107 997.5244 995.3381 993.1518 992.3349 993.9282 995.5215 997.1149 998.7082 1002.922 1007.745 1012.567 1017.39 1021.057 1021.454 1021.85 1022.247 1022.643 1020.256 1016.733 1013.211 1009.688 1005.874 1000.52 995.1671 989.8139 984.4608 977.6943 970.0195 962.3446 954.6697 947.197 943.0073 938.8176 934.6279 930.4382 926.516 922.8535 919.191 915.5286 911.8661 907.8921 903.9038 899.9156
1018.708 1018.543 1018.377 1018.212 1018.046 1016.786 1014.684 1012.582 1010.48 1008.385 1006.777 1005.169 1003.561 1001.953 1000.41 998.9423 997.4747 996.0071 994.5396 992.6694 990.761 988.8526 986.9442 986.3064 987.9051 989.5037 991.1024 992.701 996.6733 1001.196 1005.72 1010.243 1013.648 1013.884 1014.12 1014.356 1014.592 1012.037 1008.344 1004.65 1000.956 996.9742 991.4714 985.9686 980.4658 974.9629 968.3852 961.1165 953.8477 946.5789 939.494 935.3951 931.2963 927.1974 923.0986 919.2211 915.5586 911.8961 908.2336 904.5712 900.6891 896.7971 892.905
1012.671 1012.453 1012.234 1012.015 1011.796 1010.525 1008.444 1006.363 1004.283 1002.208 1000.568 998.928 997.2878 995.6477 993.9884 992.3071 990.6258 988.9445 987.2632 985.6282 983.9976 982.3671 980.7365 980.2779 981.8819 983.4859 985.0899 986.6939 990.4243 994.6483 998.8722 1003.096 1006.238 1006.314 1006.39 1006.465 1006.541 1003.819 999.9539 996.0892 992.2245 988.0749 982.4224 976.77 971.1176 965.4651 959.076 952.2134 945.3507 938.4881 931.791 927.783 923.775 919.7669 915.7589 911.9261 908.2637 904.6012 900.9387 897.2763 893.4862 889.6904 885.8945
1006.635 1006.362 1006.09 1005.818 1005.545 1004.263 1002.204 1000.145 998.0853 996.0316 994.3594 992.6871 991.0148 989.3426 987.567 985.672 983.777 981.8819 979.9869 978.587 977.2343 975.8815 974.5289 974.2493 975.8587 977.468 979.0774 980.6868 984.1753 988.1 992.0247 995.9494 998.8282 998.7438 998.6592 998.5747 998.4902 995.5998 991.5641 987.5284 983.4928 979.1755 973.3735 967.5714 961.7693 955.9673 949.7668 943.3103 936.8538 930.3973 924.088 920.1708 916.2536 912.3364 908.4192 904.6312 900.9687 897.3062 893.6438 889.9814 886.2833 882.5836 878.8839
1000.866 1000.541 1000.215 999.8892 999.5634 998.3014 996.3192 994.337 992.3548 990.3753 988.5792 986.7832 984.9871 983.1911 981.2394 979.1077 976.976 974.8442 972.7125 971.3184 969.9946 968.6707 967.3469 967.1304 968.863 970.5957 972.3284 974.061 977.3007 980.8901 984.4796 988.069 990.6437 990.3431 990.0427 989.7421 989.4416 986.3881 982.2109 978.0338 973.8566 969.429 963.6804 957.9318 952.1833 946.4348 940.5124 934.4783 928.4443 922.4103 916.5027 912.6501 908.7976 904.945 901.0924 897.3362 893.6738 890.0113 886.3488 882.6865 879.024 875.3615 871.699
995.2675 994.8882 994.5091 994.1299 993.7507 992.5289 990.6589 988.7889 986.9189 985.0474 983.0696 981.0919 979.1142 977.1365 974.9709 972.588 970.2051 967.8223 965.4395 963.9064 962.4543 961.0022 959.5501 959.3235 961.2539 963.1843 965.1146 967.0449 970.0313 973.2627 976.4941 979.7256 981.9702 981.4185 980.8668 980.3152 979.7635 976.5499 972.2499 967.9498 963.6498 959.1478 953.5809 948.014 942.4471 936.8802 931.2925 925.6912 920.09 914.4888 908.9918 905.1873 901.3828 897.5783 893.7738 890.0413 886.3788 882.7164 879.0539 875.3915 871.729 868.0666 864.4041
989.6685 989.2358 988.8032 988.3706 987.9379 986.7563 984.9986 983.2408 981.483 979.7195 977.5601 975.4006 973.2413 971.0818 968.7024 966.0684 963.4344 960.8004 958.1663 956.4944 954.9141 953.3337 951.7534 951.5167 953.6447 955.7728 957.9008 960.0289 962.7619 965.6353 968.5088 971.3822 973.2966 972.4938 971.691 970.8882 970.0854 966.7118 962.2888 957.8658 953.4429 948.8666 943.4813 938.0961 932.7109 927.3257 922.0725 916.9041 911.7357 906.5673 901.4808 897.7244 893.968 890.2115 886.4551 882.7464 879.0839 875.4214 871.759 868.0966 864.4341 860.7716 857.1091
984.0695 983.5835 983.0974 982.6113 982.1252 980.9838 979.3383 977.6927 976.0472 974.3915 972.0505 969.7094 967.3683 965.0273 962.4338 959.5487 956.6636 953.7784 950.8932 949.0824 947.3738 945.6652 943.9567 943.7098 946.0355 948.3613 950.6871 953.0128 955.4926 958.0079 960.5234 963.0388 964.6231 963.5692 962.5153 961.4613 960.4073 956.8737 952.3278 947.7819 943.2361 938.5853 933.3818 928.1783 922.9748 917.7712 912.8525 908.1169 903.3813 898.6458 893.9698 890.2615 886.5532 882.8448 879.1365 875.4515 871.789 868.1265 864.4641 860.8016 857.1392 853.4767 849.8142
978.4178 977.8729 977.328 976.7831 976.2382 975.137 973.6079 972.0788 970.5497 969.0062 966.486 963.9658 961.4456 958.9255 956.1193 952.9826 949.8458 946.709 943.5723 941.6265 939.7941 937.9617 936.1294 935.8747 938.3967 940.9188 943.4409 945.963 948.1843 950.3359 952.4875 954.639 955.8869 954.5743 953.2618 951.9492 950.6367 946.9542 942.3043 937.6545 933.0048 928.2968 923.2825 918.2681 913.2537 908.2394 903.6559 899.3494 895.0428 890.7363 886.4672 882.8051 879.1431 875.481 871.8188 868.1562 864.493 860.8298 857.1667 853.5035 849.8438 846.1841 842.5244
971.6129 970.8917 970.1705 969.4492 968.728 967.668 966.3472 965.0265 963.7057 962.3659 959.7228 957.0797 954.4366 951.7936 948.8001 945.4016 942.0029 938.6043 935.2057 933.2128 931.3537 929.4946 927.6355 927.4238 930.1115 932.7993 935.4869 938.1747 940.0283 941.6882 943.3482 945.0082 945.7826 944.0479 942.3132 940.5785 938.8438 935.259 930.9191 926.5792 922.2394 917.8481 913.1865 908.5248 903.8631 899.2014 894.9673 891.0081 887.049 883.0898 879.1482 875.4914 871.8347 868.1779 864.5211 860.853 857.1738 853.4946 849.8154 846.1362 842.537 838.9415 835.3459
964.8081 963.9105 963.0129 962.1154 961.2178 960.1989 959.0865 957.9742 956.8619 955.7256 952.9596 950.1937 947.4277 944.6617 941.481 937.8205 934.16 930.4996 926.8392 924.799 922.9132 921.0274 919.1417 918.9729 921.8263 924.6796 927.533 930.3864 931.8722 933.0406 934.2089 935.3773 935.6782 933.5214 931.3646 929.2077 927.0509 923.5638 919.5339 915.5038 911.4739 907.3995 903.0905 898.7814 894.4724 890.1634 886.2787 882.6669 879.0551 875.4432 871.8291 868.1777 864.5263 860.8749 857.2234 853.5498 849.8546 846.1593 842.4641 838.7689 835.2303 831.699 828.1675
958.0031 956.9291 955.8552 954.7813 953.7073 952.7295 951.8256 950.9217 950.0178 949.0851 946.1962 943.3073 940.4185 937.5296 934.1614 930.2392 926.3169 922.3946 918.4723 916.385 914.4725 912.56 910.6475 910.5217 913.5408 916.5598 919.5788 922.5978 923.7159 924.3926 925.0694 925.7461 925.5735 922.9946 920.4155 917.8365 915.2576 911.8683 908.1482 904.4282 900.7082 896.9504 892.9941 889.0378 885.0814 881.1251 877.5899 874.3254 871.0609 867.7964 864.5098 860.8637 857.2177 853.5716 849.9255 846.2463 842.5351 838.8238 835.1125 831.4013 827.9234 824.4562 820.9889
951.1982 949.9479 948.6976 947.4474 946.1971 945.2604 944.5649 943.8694 943.1739 942.4448 939.433 936.4213 933.4095 930.3977 926.8422 922.6581 918.474 914.2899 910.1057 907.9713 906.032 904.0928 902.1536 902.0709 905.2556 908.4402 911.6249 914.8096 915.5598 915.7449 915.9301 916.1152 915.4692 912.4681 909.4669 906.4658 903.4647 900.1731 896.7629 893.3528 889.9427 886.5018 882.8981 879.2944 875.6908 872.0872 868.9014 865.9841 863.067 860.1498 857.1907 853.55 849.9092 846.2686 842.6278 838.9432 835.2158 831.4885 827.7612 824.034 820.6168 817.2136 813.8104
943.9873 942.4416 940.8958 939.35 937.8043 936.7795 936.1555 935.5315 934.9075 934.2455 931.0018 927.7581 924.5144 921.2708 917.3084 912.5151 907.7218 902.9285 898.1352 896.4743 895.1118 893.7492 892.3867 892.7565 896.1753 899.5941 903.0128 906.4316 906.9792 906.8604 906.7415 906.6227 905.6862 902.4327 899.1793 895.9259 892.6725 889.4523 886.2456 883.0389 879.8323 876.5975 873.2147 869.8318 866.449 863.0662 860.1721 857.5921 855.0121 852.4321 849.7885 846.11 842.4315 838.753 835.0745 831.367 827.6313 823.8955 820.1598 816.4241 813.2643 810.1306 806.9969
936.3267 934.3535 932.3802 930.407 928.4338 927.1779 926.4737 925.7695 925.0654 924.3193 920.7229 917.1266 913.5302 909.934 905.3215 899.5344 893.7471 887.96 882.1727 881.5623 881.4447 881.3272 881.2097 882.4857 886.2144 889.9431 893.6718 897.4005 897.9284 897.7134 897.4984 897.2833 896.259 892.9414 889.6239 886.3064 882.9889 879.8108 876.6896 873.5684 870.4472 867.2962 863.9882 860.6802 857.3722 854.0641 851.3977 849.1437 846.8896 844.6356 842.2941 838.5301 834.7661 831.0021 827.2381 823.4885 819.7527 816.017 812.2813 808.5456 805.8611 803.2244 800.5876
928.6661 926.2654 923.8647 921.464 919.0634 917.5762 916.7919 916.0076 915.2233 914.393 910.444 906.4951 902.546 898.5971 893.3347 886.5536 879.7725 872.9914 866.2103 866.6501 867.7776 868.9052 870.0327 872.2149 876.2535 880.2921 884.3307 888.3693 888.8776 888.5663 888.2551 887.944 886.8318 883.4501 880.0685 876.6868 873.3052 870.1693 867.1335 864.0978 861.0621 857.995 854.7618 851.5286 848.2953 845.0621 842.6234 840.6953 838.7672 836.8391 834.7997 830.9502 827.1007 823.2512 819.4017 815.6099 811.8742 808.1385 804.4028 800.6671 798.4579 796.3181 794.1783
921.0056 918.1774 915.3492 912.521 909.6929 907.9745 907.1101 906.2456 905.3811 904.4668 900.1652 895.8635 891.5619 887.2603 881.3478 873.5728 865.7979 858.0228 850.2479 851.738 854.1106 856.4832 858.8557 861.9442 866.2927 870.6412 874.9896 879.3381 879.8268 879.4194 879.012 878.6046 877.4046 873.9588 870.5131 867.0673 863.6216 860.5277 857.5775 854.6273 851.6771 848.6937 845.5353 842.3769 839.2185 836.0601 833.849 832.2469 830.6447 829.0426 827.3052 823.3703 819.4353 815.5003 811.5654 807.7314 803.9957 800.2599 796.5242 792.7886 791.0547 789.4119 787.769
913.345 910.0893 906.8337 903.578 900.3224 898.3729 897.4283 896.4836 895.539 894.5406 889.8863 885.232 880.5777 875.9235 869.361 860.5921 851.8232 843.0543 834.2854 836.8259 840.4435 844.0612 847.6787 851.6734 856.3318 860.9902 865.6486 870.307 870.7759 870.2723 869.7688 869.2652 867.9774 864.4675 860.9576 857.4478 853.9379 850.8862 848.0214 845.1567 842.2921 839.3925 836.3088 833.2253 830.1417 827.058 825.0746 823.7985 822.5223 821.2461 819.8109 815.7903 811.7699 807.7495 803.7289 799.8529 796.1172 792.3815 788.6458 784.9101 783.6516 782.5057 781.3597
902.1 898.8231 895.5462 892.2693 888.9925 886.5347 884.7072 882.8795 881.0519 879.1837 874.5588 869.9339 865.309 860.6842 854.309 845.9102 837.5112 829.1123 820.7134 823.7826 827.944 832.1053 836.2665 840.5731 845.1352 849.6972 854.2593 858.8214 859.3158 858.866 858.4161 857.9662 856.8226 853.7129 850.6031 847.4935 844.3838 841.495 838.6965 835.8979 833.0993 830.2565 827.1799 824.1035 821.027 817.9505 816.0034 814.7823 813.5612 812.3401 810.9507 806.8254 802.7001 798.5748 794.4495 790.7058 787.3328 783.9598 780.5868 777.2139 776.5621 776.0341 775.506
890.4792 887.2237 883.9682 880.7127 877.4572 874.4621 871.6673 868.8725 866.0777 863.2574 858.702 854.1465 849.5911 845.0358 838.9357 831.0498 823.1639 815.278 807.392 810.9351 815.5667 820.1983 824.8298 829.3859 833.809 838.2321 842.6553 847.0784 847.603 847.2227 846.8423 846.4619 845.4866 842.8258 840.1649 837.5041 834.8433 832.1301 829.3956 826.6612 823.9268 821.1378 818.0613 814.9848 811.9083 808.8318 806.901 805.7066 804.5123 803.3179 801.9475 797.7153 793.4831 789.2509 785.0187 781.4257 778.4534 775.4812 772.509 769.5367 769.5056 769.608 769.7105
878.8585 875.6243 872.3901 869.156 865.9219 862.3895 858.6275 854.8655 851.1036 847.3311 842.8452 838.3592 833.8732 829.3873 823.5624 816.1895 808.8165 801.4436 794.0706 798.0877 803.1895 808.2913 813.3931 818.1986 822.4828 826.767 831.0513 835.3354 835.8903 835.5793 835.2684 834.9575 834.1507 831.9387 829.7267 827.5147 825.3027 822.7652 820.0948 817.4246 814.7542 812.0192 808.9426 805.8661 802.7897 799.7132 797.7986 796.631 795.4633 794.2957 792.9442 788.6052 784.2661 779.9271 775.588 772.1456 769.5741 767.0026 764.4311 761.8597 762.449 763.182 763.915
867.2377 864.0249 860.8121 857.5994 854.3867 850.3168 845.5877 840.8586 836.1295 831.4048 826.9883 822.5718 818.1553 813.7389 808.1891 801.3292 794.4692 787.6092 780.7492 785.2402 790.8123 796.3843 801.9563 807.0114 811.1567 815.3019 819.4472 823.5925 824.1775 823.936 823.6946 823.4531 822.8148 821.0516 819.2885 817.5253 815.7621 813.4003 810.7941 808.1879 805.5817 802.9005 799.824 796.7475 793.671 790.5945 788.6962 787.5553 786.4144 785.2734 783.941 779.4951 775.0491 770.6032 766.1573 762.8654 760.6947 758.524 756.3533 754.1826 755.3925 756.756 758.1195
854.7124 851.5372 848.3619 845.1867 842.0115 837.5097 831.9874 826.4651 820.9429 815.438 811.1179 806.7977 802.4776 798.1575 793.0014 786.8787 780.7559 774.6332 768.5104 773.3524 779.2386 785.1248 791.0109 796.1938 800.1392 804.0845 808.0299 811.9753 812.5717 812.3907 812.2098 812.0288 811.541 810.1836 808.8263 807.4689 806.1116 803.9103 801.3646 798.819 796.2733 793.6324 790.4895 787.3467 784.2038 781.0609 779.1431 778.0127 776.8823 775.752 774.4301 769.9957 765.5614 761.127 756.6926 753.6507 751.9615 750.2722 748.583 746.8938 748.8118 750.8938 752.9758
840.3973 837.2916 834.1858 831.08 827.9743 823.249 817.2778 811.3066 805.3355 799.3904 795.2199 791.0494 786.8789 782.7084 778.1802 773.2385 768.2967 763.3549 758.4131 763.3627 769.2542 775.1458 781.0372 786.1074 789.7321 793.3569 796.9816 800.6063 801.1771 801.0389 800.9006 800.7624 800.3898 799.3531 798.3163 797.2797 796.2429 794.1725 791.6803 789.188 786.6958 784.0684 780.7277 777.3871 774.0466 770.706 768.6978 767.546 766.3943 765.2426 763.9149 759.7263 755.5377 751.3491 747.1605 744.565 743.517 742.4691 741.4211 740.3731 743.1726 746.147 749.1214
826.0828 823.0464 820.0102 816.9739 813.9376 808.9888 802.5687 796.1487 789.7287 783.3434 779.3225 775.3016 771.2807 767.2599 763.3596 759.5988 755.8379 752.0771 748.3162 753.3734 759.2702 765.1671 771.0638 776.0213 779.3254 782.6296 785.9337 789.2378 789.7828 789.6874 789.5919 789.4964 789.239 788.5229 787.8068 787.0907 786.3746 784.4351 781.9963 779.5575 777.1187 774.5046 770.9663 767.428 763.8897 760.3514 758.2528 757.0797 755.9066 754.7335 753.3999 749.4572 745.5143 741.5715 737.6288 735.4796 735.0729 734.6661 734.2593 733.8526 737.5336 741.4003 745.2672
811.7682 808.8014 805.8345 802.8677 799.9009 794.7286 787.8596 780.9907 774.1218 767.2964 763.4251 759.5538 755.6825 751.8113 748.5389 745.959 743.3791 740.7992 738.2193 743.384 749.2862 755.1884 761.0905 765.9352 768.9187 771.9022 774.8858 777.8693 778.3886 778.3359 778.2831 778.2304 778.0883 777.6927 777.2973 776.9018 776.5063 774.6977 772.3123 769.9269 767.5416 764.9409 761.2048 757.4689 753.7328 749.9968 747.8079 746.6134 745.4189 744.2245 742.885 739.188 735.491 731.794 728.097 726.3942 726.6287 726.8632 727.0977 727.3322 731.8945 736.6537 741.4129
797.4536 794.5563 791.6589 788.7615 785.8641 780.4683 773.1506 765.8328 758.515 751.2494 747.5277 743.806 740.0844 736.3627 733.7182 732.3193 730.9203 729.5214 728.1224 733.3946 739.3021 745.2097 751.1171 755.8491 758.512 761.1749 763.8378 766.5008 766.9944 766.9844 766.9744 766.9644 766.9375 766.8626 766.7877 766.7128 766.6379 764.9602 762.6283 760.2963 757.9644 755.3771 751.4434 747.5097 743.576 739.6423 737.3629 736.1471 734.9313 733.7155 732.3701 728.9189 725.4677 722.0165 718.5652 717.3089 718.1846 719.0603 719.936 720.8116 726.2555 731.907 737.5586
