data/zism_data/01151_04_D.txt
ncols         224
nrows         224
[rows 196 to 223 of 224, columns 128 to 191 of 224]
4548.785 4553.301 4556.862 4559.252 4561.643 4564.033 4566.423 4567.011 4567.427 4567.842 4568.258 4568.341 4567.874 4567.406 4566.939 4566.472 4564.566 4562.389 4560.211 4558.034 4557.572 4561.032 4564.492 4567.952 4571.412 4579.27 4588.455 4597.64 4606.826 4616.021 4625.255 4634.488 4643.721 4652.954 4662.88 4673.11 4683.34 4693.57 4703.489 4711.776 4720.062 4728.348 4736.634 4743.561 4749.663 4755.767 4761.87 4767.764 4771.463 4775.162 4778.861 4782.561 4781.334 4776.089 4770.844 4765.599 4760.26 4748.563 4736.865 4725.167 4713.469 4702.763 4693.138 4683.513
4560.083 4565.084 4569.192 4572.204 4575.215 4578.226 4581.237 4581.977 4582.501 4583.024 4583.548 4583.67 4583.127 4582.584 4582.041 4581.498 4578.637 4575.336 4572.036 4568.735 4567.196 4569.684 4572.172 4574.66 4577.148 4584.781 4593.966 4603.151 4612.336 4621.537 4630.786 4640.035 4649.285 4658.534 4668.747 4679.381 4690.016 4700.651 4710.913 4719.21 4727.507 4735.804 4744.101 4751.0 4757.055 4763.109 4769.164 4775.004 4778.596 4782.187 4785.778 4789.37 4787.241 4780.446 4773.651 4766.857 4759.97 4746.853 4733.734 4720.617 4707.499 4695.853 4685.812 4675.771
4570.623 4575.817 4580.211 4583.624 4587.037 4590.45 4593.863 4594.803 4595.507 4596.211 4596.915 4597.085 4596.372 4595.66 4594.947 4594.234 4590.684 4586.595 4582.506 4578.417 4576.082 4577.751 4579.42 4581.09 4582.76 4590.152 4599.271 4608.391 4617.51 4626.674 4635.986 4645.297 4654.609 4663.92 4674.461 4685.541 4696.62 4707.699 4718.336 4726.646 4734.957 4743.267 4751.577 4758.212 4763.834 4769.457 4775.079 4780.452 4783.199 4785.946 4788.693 4791.44 4788.114 4779.833 4771.552 4763.271 4754.908 4740.978 4727.046 4713.115 4699.184 4687.065 4676.925 4666.784
4580.054 4585.01 4589.31 4592.804 4596.298 4599.792 4603.286 4604.494 4605.484 4606.475 4607.465 4607.697 4606.677 4605.656 4604.636 4603.615 4599.766 4595.38 4590.995 4586.609 4583.886 4584.961 4586.037 4587.112 4588.188 4595.318 4604.275 4613.233 4622.19 4631.26 4640.701 4650.142 4659.583 4669.024 4679.954 4691.536 4703.117 4714.698 4725.761 4734.087 4742.413 4750.739 4759.065 4765.088 4769.717 4774.346 4778.975 4783.272 4784.098 4784.922 4785.748 4786.572 4781.615 4771.941 4762.267 4752.593 4742.859 4729.003 4715.147 4701.292 4687.437 4675.531 4665.751 4655.973
4589.485 4594.204 4598.409 4601.984 4605.559 4609.134 4612.709 4614.186 4615.462 4616.738 4618.015 4618.31 4616.981 4615.653 4614.325 4612.997 4608.849 4604.166 4599.483 4594.801 4591.69 4592.171 4592.653 4593.135 4593.617 4600.484 4609.28 4618.075 4626.871 4635.846 4645.417 4654.987 4664.558 4674.128 4685.447 4697.531 4709.614 4721.698 4733.185 4741.527 4749.87 4758.212 4766.555 4771.964 4775.599 4779.234 4782.87 4786.094 4784.997 4783.899 4782.802 4781.705 4775.116 4764.05 4752.982 4741.916 4730.809 4717.029 4703.249 4689.469 4675.689 4663.996 4654.579 4645.162
4598.916 4603.397 4607.508 4611.164 4614.82 4618.476 4622.132 4623.877 4625.439 4627.002 4628.564 4628.921 4627.286 4625.649 4624.014 4622.377 4617.931 4612.951 4607.972 4602.992 4599.494 4599.382 4599.27 4599.157 4599.045 4605.65 4614.284 4622.917 4631.551 4640.432 4650.132 4659.833 4669.533 4679.233 4690.94 4703.526 4716.111 4728.697 4740.609 4748.968 4757.326 4765.685 4774.043 4778.84 4781.481 4784.124 4786.766 4788.915 4785.896 4782.876 4779.856 4776.836 4768.618 4756.158 4743.698 4731.238 4718.759 4705.055 4691.351 4677.646 4663.941 4652.461 4643.405 4634.35
4608.347 4612.59 4616.607 4620.344 4624.081 4627.818 4631.555 4633.568 4635.417 4637.266 4639.114 4639.534 4637.59 4635.646 4633.703 4631.759 4627.014 4621.737 4616.46 4611.184 4607.298 4606.592 4605.886 4605.18 4604.473 4610.816 4619.288 4627.76 4636.231 4645.018 4654.848 4664.677 4674.507 4684.337 4696.433 4709.521 4722.608 4735.697 4748.033 4756.408 4764.783 4773.158 4781.533 4785.716 4787.364 4789.013 4790.661 4791.736 4786.794 4781.853 4776.911 4771.969 4762.119 4748.266 4734.413 4720.56 4706.709 4693.081 4679.452 4665.823 4652.194 4640.926 4632.232 4623.539
4616.297 4620.407 4624.341 4628.061 4631.781 4635.5 4639.22 4641.308 4643.241 4645.174 4647.106 4647.507 4645.373 4643.239 4641.104 4638.97 4634.221 4628.977 4623.731 4618.487 4614.62 4613.902 4613.184 4612.466 4611.748 4617.827 4625.958 4634.089 4642.22 4650.754 4660.625 4670.495 4680.365 4690.235 4702.37 4715.495 4728.62 4741.746 4754.011 4761.745 4769.479 4777.212 4784.946 4788.166 4788.656 4789.146 4789.637 4789.515 4782.966 4776.416 4769.867 4763.317 4752.41 4737.948 4723.485 4709.023 4694.574 4681.05 4667.524 4654.0 4640.474 4629.462 4621.191 4612.921
4624.026 4628.017 4631.872 4635.559 4639.246 4642.933 4646.62 4648.755 4650.742 4652.729 4654.715 4655.084 4652.777 4650.471 4648.164 4645.856 4641.148 4635.984 4630.82 4625.657 4621.869 4621.227 4620.584 4619.942 4619.299 4625.114 4632.878 4640.642 4648.406 4656.664 4666.562 4676.458 4686.356 4696.253 4708.373 4721.466 4734.559 4747.651 4759.772 4766.766 4773.76 4780.754 4787.748 4789.952 4789.259 4788.567 4787.875 4786.538 4778.428 4770.318 4762.208 4754.098 4742.218 4727.265 4712.311 4697.358 4682.426 4669.009 4655.592 4642.175 4628.758 4618.009 4610.17 4602.332
4631.755 4635.627 4639.402 4643.056 4646.711 4650.366 4654.021 4656.202 4658.243 4660.284 4662.324 4662.662 4660.182 4657.703 4655.223 4652.743 4648.075 4642.992 4637.909 4632.826 4629.118 4628.551 4627.984 4627.417 4626.851 4632.401 4639.798 4647.194 4654.591 4662.574 4672.498 4682.422 4692.347 4702.271 4714.376 4727.437 4740.497 4753.558 4765.533 4771.787 4778.041 4784.295 4790.549 4791.737 4789.863 4787.988 4786.113 4783.561 4773.89 4764.22 4754.549 4744.878 4732.027 4716.583 4701.137 4685.692 4670.278 4656.969 4643.66 4630.351 4617.042 4606.556 4599.149 4591.742
4639.484 4643.237 4646.932 4650.554 4654.176 4657.798 4661.421 4663.648 4665.744 4667.838 4669.934 4670.239 4667.587 4664.934 4662.282 4659.629 4655.002 4650.0 4644.998 4639.996 4636.367 4635.876 4635.385 4634.894 4634.402 4639.688 4646.718 4653.747 4660.777 4668.484 4678.435 4688.386 4698.337 4708.288 4720.379 4733.408 4746.436 4759.464 4771.294 4776.808 4782.322 4787.837 4793.351 4793.523 4790.466 4787.409 4784.352 4780.583 4769.352 4758.121 4746.89 4735.659 4721.836 4705.9 4689.963 4674.027 4658.13 4644.929 4631.728 4618.527 4605.326 4595.103 4588.128 4581.153
4647.217 4650.885 4654.541 4658.179 4661.817 4665.456 4669.094 4671.288 4673.343 4675.398 4677.454 4677.725 4675.048 4672.37 4669.692 4667.014 4662.43 4657.483 4652.538 4647.591 4644.038 4643.667 4643.297 4642.926 4642.556 4647.609 4654.3 4660.992 4667.683 4675.061 4684.713 4694.365 4704.018 4713.67 4725.445 4738.149 4750.853 4763.557 4775.0 4779.792 4784.585 4789.377 4794.17 4793.284 4788.965 4784.646 4780.327 4775.307 4762.933 4750.559 4738.185 4725.811 4711.394 4695.31 4679.226 4663.142 4647.103 4634.128 4621.154 4608.18 4595.206 4585.192 4578.408 4571.624
4654.958 4658.61 4662.307 4666.059 4669.811 4673.563 4677.314 4679.31 4681.139 4682.967 4684.796 4685.028 4682.621 4680.212 4677.805 4675.397 4670.86 4665.919 4660.979 4656.038 4652.552 4652.393 4652.232 4652.072 4651.912 4656.799 4663.209 4669.62 4676.03 4682.972 4691.674 4700.376 4709.078 4717.78 4728.635 4740.432 4752.229 4764.026 4774.597 4778.704 4782.81 4786.917 4791.024 4788.995 4783.255 4777.516 4771.777 4765.434 4752.752 4740.07 4727.388 4714.707 4700.448 4684.904 4669.36 4653.816 4638.316 4625.806 4613.296 4600.787 4588.276 4578.366 4571.29 4564.215
4662.698 4666.334 4670.073 4673.938 4677.804 4681.669 4685.534 4687.333 4688.935 4690.537 4692.138 4692.331 4690.193 4688.055 4685.917 4683.78 4679.291 4674.355 4669.42 4664.484 4661.067 4661.117 4661.168 4661.218 4661.269 4665.989 4672.119 4678.248 4684.378 4690.884 4698.636 4706.387 4714.139 4721.891 4731.825 4742.715 4753.604 4764.494 4774.193 4777.614 4781.036 4784.457 4787.878 4784.705 4777.546 4770.386 4763.227 4755.561 4742.571 4729.582 4716.592 4703.603 4689.503 4674.499 4659.495 4644.491 4629.529 4617.484 4605.438 4593.393 4581.348 4571.54 4564.172 4556.805
4670.438 4674.059 4677.84 4681.818 4685.797 4689.776 4693.754 4695.356 4696.731 4698.106 4699.481 4699.634 4697.766 4695.898 4694.03 4692.163 4687.721 4682.791 4677.861 4672.931 4669.581 4669.842 4670.104 4670.365 4670.625 4675.179 4681.028 4686.876 4692.726 4698.795 4705.597 4712.398 4719.2 4726.0 4735.015 4744.998 4754.98 4764.963 4773.79 4776.525 4779.261 4781.996 4784.731 4780.416 4771.836 4763.257 4754.677 4745.688 4732.39 4719.093 4705.795 4692.498 4678.558 4664.094 4649.629 4635.166 4620.743 4609.162 4597.581 4586.0 4574.418 4564.713 4557.055 4549.396
4678.179 4681.783 4685.606 4689.698 4693.79 4697.882 4701.974 4703.378 4704.527 4705.675 4706.823 4706.937 4705.339 4703.741 4702.143 4700.545 4696.151 4691.227 4686.302 4681.377 4678.096 4678.567 4679.039 4679.511 4679.982 4684.369 4689.937 4695.505 4701.073 4706.707 4712.558 4718.409 4724.26 4730.111 4738.205 4747.28 4756.355 4765.431 4773.386 4775.436 4777.486 4779.536 4781.585 4776.126 4766.126 4756.127 4746.127 4735.814 4722.209 4708.604 4694.999 4681.394 4667.613 4653.688 4639.764 4625.84 4611.957 4600.84 4589.723 4578.606 4567.49 4557.887 4549.937 4541.987
4689.308 4692.952 4696.819 4700.959 4705.101 4709.241 4713.382 4714.745 4715.843 4716.941 4718.039 4718.169 4716.699 4715.229 4713.759 4712.289 4708.018 4703.215 4698.412 4693.609 4690.424 4690.939 4691.453 4691.968 4692.482 4696.583 4701.768 4706.952 4712.136 4717.135 4721.524 4725.912 4730.301 4734.689 4741.129 4748.467 4755.805 4763.142 4769.413 4770.058 4770.703 4771.349 4771.994 4765.734 4755.301 4744.866 4734.433 4723.768 4710.686 4697.604 4684.521 4671.439 4658.257 4644.993 4631.729 4618.466 4605.238 4594.496 4583.753 4573.01 4562.267 4552.885 4544.988 4537.09
4701.3 4704.997 4708.909 4713.082 4717.255 4721.429 4725.602 4726.962 4728.055 4729.147 4730.24 4730.401 4729.023 4727.645 4726.267 4724.889 4720.759 4716.107 4711.456 4706.804 4703.724 4704.239 4704.753 4705.268 4705.782 4709.568 4714.342 4719.116 4723.889 4728.205 4731.0 4733.796 4736.591 4739.387 4743.986 4749.375 4754.763 4760.151 4764.53 4763.588 4762.646 4761.704 4760.762 4753.79 4743.172 4732.554 4721.937 4711.168 4698.821 4686.473 4674.125 4661.777 4649.305 4636.733 4624.16 4611.587 4599.046 4588.655 4578.263 4567.872 4557.479 4548.348 4540.59 4532.833
4713.291 4717.042 4720.999 4725.204 4729.41 4733.616 4737.821 4739.18 4740.267 4741.354 4742.441 4742.634 4741.347 4740.061 4738.774 4737.488 4733.5 4729.0 4724.499 4719.999 4717.024 4717.539 4718.053 4718.567 4719.082 4722.553 4726.917 4731.28 4735.643 4739.273 4740.477 4741.679 4742.882 4744.084 4746.843 4750.282 4753.721 4757.161 4759.648 4757.119 4754.589 4752.059 4749.529 4741.845 4731.044 4720.243 4709.441 4698.569 4686.956 4675.342 4663.729 4652.115 4640.354 4628.473 4616.591 4604.709 4592.854 4582.814 4572.773 4562.732 4552.691 4543.81 4536.193 4528.576
4725.283 4729.088 4733.088 4737.327 4741.564 4745.803 4750.041 4751.397 4752.479 4753.561 4754.642 4754.866 4753.671 4752.477 4751.282 4750.087 4746.241 4741.892 4737.542 4733.193 4730.324 4730.839 4731.353 4731.868 4732.382 4735.538 4739.491 4743.444 4747.397 4750.343 4749.953 4749.563 4749.172 4748.782 4749.7 4751.19 4752.68 4754.17 4754.766 4750.648 4746.531 4742.414 4738.297 4729.9 4718.916 4707.931 4696.946 4685.97 4675.091 4664.212 4653.332 4642.453 4631.402 4620.212 4609.021 4597.832 4586.663 4576.973 4567.283 4557.594 4547.904 4539.272 4531.796 4524.319
4737.894 4741.877 4745.924 4750.048 4754.172 4758.296 4762.42 4763.725 4764.76 4765.795 4766.831 4767.079 4766.023 4764.969 4763.914 4762.859 4759.308 4755.282 4751.258 4747.233 4744.579 4745.058 4745.537 4746.016 4746.496 4749.208 4752.597 4755.984 4759.372 4761.553 4759.738 4757.922 4756.107 4754.292 4753.425 4752.975 4752.523 4752.073 4750.785 4745.083 4739.381 4733.679 4727.978 4718.945 4707.899 4696.854 4685.808 4674.83 4664.559 4654.289 4644.019 4633.748 4623.316 4612.752 4602.188 4591.625 4581.078 4571.75 4562.42 4553.092 4543.762 4535.449 4528.244 4521.039
4752.26 4756.773 4760.874 4764.468 4768.063 4771.658 4775.253 4776.363 4777.236 4778.11 4778.983 4779.234 4778.455 4777.675 4776.896 4776.116 4773.294 4770.084 4766.875 4763.666 4761.538 4761.882 4762.226 4762.57 4762.914 4764.825 4767.208 4769.591 4771.975 4773.164 4770.398 4767.632 4764.867 4762.101 4759.612 4757.244 4754.876 4752.508 4749.358 4742.079 4734.8 4727.521 4720.243 4710.795 4700.036 4689.276 4678.517 4667.821 4657.805 4647.789 4637.772 4627.755 4617.681 4607.56 4597.439 4587.318 4577.214 4568.273 4559.333 4550.394 4541.453 4533.65 4527.087 4520.525
4766.626 4771.668 4775.823 4778.888 4781.954 4785.02 4788.085 4789.001 4789.713 4790.424 4791.136 4791.39 4790.885 4790.381 4789.877 4789.373 4787.28 4784.886 4782.492 4780.098 4778.496 4778.705 4778.915 4779.124 4779.333 4780.44 4781.819 4783.198 4784.578 4784.775 4781.059 4777.342 4773.626 4769.91 4765.798 4761.514 4757.229 4752.944 4747.931 4739.075 4730.22 4721.364 4712.509 4702.645 4692.172 4681.698 4671.225 4660.813 4651.051 4641.288 4631.525 4621.763 4612.046 4602.368 4592.689 4583.011 4573.349 4564.798 4556.247 4547.695 4539.144 4531.851 4525.931 4520.011
4780.993 4786.564 4790.772 4793.309 4795.845 4798.381 4800.918 4801.64 4802.189 4802.739 4803.289 4803.545 4803.316 4803.087 4802.859 4802.63 4801.267 4799.688 4798.109 4796.53 4795.455 4795.529 4795.603 4795.677 4795.751 4796.056 4796.431 4796.806 4797.18 4796.386 4791.719 4787.053 4782.386 4777.719 4771.985 4765.783 4759.582 4753.379 4746.503 4736.071 4725.639 4715.207 4704.775 4694.495 4684.308 4674.121 4663.934 4653.805 4644.296 4634.788 4625.278 4615.77 4606.411 4597.176 4587.94 4578.705 4569.484 4561.322 4553.16 4544.997 4536.834 4530.052 4524.774 4519.497
4795.36 4801.46 4805.721 4807.729 4809.736 4811.743 4813.75 4814.279 4814.666 4815.054 4815.441 4815.701 4815.747 4815.794 4815.841 4815.888 4815.253 4814.49 4813.727 4812.963 4812.414 4812.353 4812.292 4812.231 4812.17 4811.672 4811.042 4810.413 4809.783 4807.997 4802.379 4796.763 4791.146 4785.528 4778.171 4770.052 4761.934 4753.815 4745.077 4733.067 4721.059 4709.049 4697.041 4686.345 4676.444 4666.543 4656.642 4646.797 4637.542 4628.287 4619.032 4609.777 4600.776 4591.984 4583.191 4574.398 4565.62 4557.846 4550.072 4542.299 4534.525 4528.252 4523.618 4518.983
4807.309 4813.86 4818.376 4820.398 4822.42 4824.442 4826.464 4827.096 4827.595 4828.095 4828.594 4829.166 4829.855 4830.545 4831.235 4831.925 4831.635 4831.159 4830.682 4830.206 4829.764 4829.4 4829.036 4828.671 4828.308 4827.115 4825.673 4824.23 4822.788 4820.156 4813.585 4807.014 4800.442 4793.871 4785.021 4775.173 4765.325 4755.477 4745.17 4732.437 4719.705 4706.972 4694.239 4683.281 4673.396 4663.511 4653.626 4643.804 4634.643 4625.481 4616.319 4607.158 4598.479 4590.196 4581.913 4573.629 4565.36 4558.073 4550.786 4543.499 4536.211 4530.421 4526.265 4522.108
4818.339 4825.311 4830.159 4832.402 4834.646 4836.889 4839.132 4839.98 4840.696 4841.412 4842.127 4843.128 4844.601 4846.074 4847.546 4849.019 4848.926 4848.537 4848.146 4847.757 4847.263 4846.532 4845.8 4845.069 4844.338 4842.492 4840.31 4838.128 4835.946 4832.524 4824.997 4817.47 4809.943 4802.416 4792.122 4780.616 4769.111 4757.605 4745.841 4732.708 4719.576 4706.444 4693.312 4682.149 4672.178 4662.207 4652.236 4642.337 4633.208 4624.079 4614.95 4605.82 4597.451 4589.703 4581.954 4574.205 4566.47 4559.707 4552.943 4546.18 4539.416 4534.099 4530.357 4526.617
4829.369 4836.763 4841.942 4844.407 4846.872 4849.336 4851.801 4852.866 4853.797 4854.729 4855.66 4857.09 4859.346 4861.602 4863.857 4866.113 4866.218 4865.915 4865.611 4865.308 4864.762 4863.664 4862.565 4861.467 4860.368 4857.869 4854.947 4852.026 4849.104 4844.893 4836.41 4827.927 4819.444 4810.961 4799.223 4786.06 4772.897 4759.733 4746.512 4732.98 4719.448 4705.917 4692.385 4681.018 4670.96 4660.902 4650.845 4640.871 4631.774 4622.677 4613.58 4604.483 4596.423 4589.209 4581.994 4574.78 4567.58 4561.34 4555.101 4548.861 4542.621 4537.775 4534.45 4531.125
