data/zism_data/01153_03_D.txt
ncols         224
nrows         224
[rows 196 to 223 of 224, columns 126 to 188 of 224]
4068.468 4063.156 4057.781 4052.405 4047.03 4041.168 4033.93 4026.692 4019.454 4012.216 4003.084 3993.232 3983.381 3973.53 3963.877 3955.08 3946.283 3937.486 3928.689 3918.846 3908.444 3898.042 3887.64 3877.148 3865.976 3854.804 3843.632 3832.46 3823.812 3816.994 3810.176 3803.358 3796.873 3797.689 3798.505 3799.321 3800.137 3803.218 3808.5 3813.782 3819.063 3824.345 3827.939 3831.482 3835.026 3838.57 3841.312 3843.014 3844.715 3846.417 3848.118 3854.687 3861.805 3868.923 3876.041 3885.761 3900.062 3914.362 3928.662 3942.962 3953.354 3962.924 3972.493
4059.413 4054.387 4049.313 4044.239 4039.165 4033.599 4026.641 4019.683 4012.725 4005.766 3996.427 3986.182 3975.938 3965.693 3955.813 3947.501 3939.188 3930.876 3922.563 3913.008 3902.789 3892.57 3882.351 3872.013 3860.777 3849.54 3838.303 3827.066 3818.769 3812.603 3806.436 3800.27 3794.402 3795.116 3795.83 3796.544 3797.258 3800.04 3804.832 3809.624 3814.416 3819.208 3822.333 3825.408 3828.483 3831.558 3833.905 3835.305 3836.705 3838.105 3839.505 3845.337 3851.67 3858.002 3864.334 3873.415 3887.333 3901.251 3915.169 3929.087 3940.657 3951.734 3962.811
4050.357 4045.618 4040.845 4036.073 4031.3 4026.03 4019.352 4012.673 4005.995 3999.317 3989.77 3979.132 3968.495 3957.857 3947.749 3939.921 3932.094 3924.266 3916.438 3907.17 3897.134 3887.098 3877.062 3866.879 3855.577 3844.276 3832.975 3821.673 3813.726 3808.211 3802.696 3797.18 3791.932 3792.543 3793.155 3793.766 3794.378 3796.862 3801.164 3805.466 3809.768 3814.07 3816.726 3819.333 3821.94 3824.547 3826.498 3827.597 3828.695 3829.794 3830.893 3835.988 3841.534 3847.081 3852.627 3861.069 3874.604 3888.14 3901.676 3915.212 3927.961 3940.544 3953.128
4038.238 4033.03 4027.674 4022.318 4016.962 4011.33 4004.915 3998.5 3992.085 3985.67 3976.399 3966.042 3955.686 3945.33 3935.54 3928.193 3920.845 3913.497 3906.15 3897.314 3887.684 3878.054 3868.424 3858.701 3848.265 3837.83 3827.394 3816.958 3809.676 3804.679 3799.683 3794.687 3789.922 3790.241 3790.56 3790.879 3791.198 3793.178 3796.771 3800.365 3803.958 3807.551 3809.744 3811.895 3814.046 3816.197 3817.79 3818.658 3819.525 3820.393 3821.26 3825.618 3830.371 3835.123 3839.876 3847.639 3860.702 3873.764 3886.827 3899.89 3913.31 3926.805 3940.3
4025.192 4019.29 4013.083 4006.877 4000.671 3994.477 3988.321 3982.164 3976.007 3969.851 3961.002 3951.13 3941.258 3931.386 3922.08 3915.211 3908.342 3901.474 3894.605 3886.245 3877.089 3867.932 3858.776 3849.605 3840.315 3831.026 3821.737 3812.448 3805.925 3801.407 3796.89 3792.373 3788.051 3788.02 3787.99 3787.959 3787.928 3789.343 3792.161 3794.979 3797.797 3800.615 3802.346 3804.045 3805.744 3807.443 3808.689 3809.347 3810.005 3810.662 3811.32 3814.941 3818.897 3822.853 3826.808 3833.882 3846.444 3859.007 3871.569 3884.131 3898.069 3912.296 3926.523
4012.147 4005.55 3998.493 3991.436 3984.379 3977.624 3971.726 3965.828 3959.929 3954.031 3945.604 3936.217 3926.829 3917.442 3908.619 3902.229 3895.84 3889.45 3883.061 3875.176 3866.493 3857.811 3849.128 3840.508 3832.365 3824.223 3816.08 3807.937 3802.174 3798.135 3794.097 3790.059 3786.18 3785.8 3785.419 3785.039 3784.658 3785.507 3787.55 3789.593 3791.636 3793.679 3794.949 3796.196 3797.442 3798.689 3799.589 3800.036 3800.484 3800.932 3801.379 3804.263 3807.423 3810.582 3813.741 3820.125 3832.187 3844.249 3856.31 3868.372 3882.827 3897.787 3912.746
3999.102 3991.809 3983.902 3975.994 3968.087 3960.771 3955.131 3949.491 3943.852 3938.212 3930.207 3921.304 3912.401 3903.498 3895.158 3889.248 3883.337 3877.427 3871.516 3864.107 3855.898 3847.689 3839.48 3831.412 3824.416 3817.419 3810.423 3803.427 3798.423 3794.864 3791.305 3787.745 3784.309 3783.579 3782.849 3782.118 3781.388 3781.671 3782.939 3784.207 3785.475 3786.743 3787.551 3788.346 3789.14 3789.935 3790.488 3790.726 3790.963 3791.201 3791.439 3793.586 3795.948 3798.311 3800.674 3806.369 3817.93 3829.491 3841.052 3852.613 3867.586 3883.277 3898.969
3985.114 3977.357 3968.906 3960.455 3952.004 3944.348 3938.944 3933.54 3928.136 3922.733 3915.151 3906.742 3898.332 3889.923 3882.062 3876.564 3871.065 3865.567 3860.069 3853.2 3845.599 3837.999 3830.398 3822.993 3817.077 3811.162 3805.247 3799.331 3795.007 3791.837 3788.667 3785.497 3782.417 3781.334 3780.252 3779.169 3778.087 3777.816 3778.333 3778.851 3779.368 3779.885 3780.18 3780.467 3780.755 3781.042 3781.206 3781.208 3781.21 3781.212 3781.214 3782.768 3784.496 3786.225 3787.954 3793.11 3804.299 3815.488 3826.677 3837.867 3853.217 3869.444 3885.671
3967.729 3960.346 3952.455 3944.563 3936.672 3929.47 3924.223 3918.975 3913.727 3908.479 3901.323 3893.441 3885.559 3877.677 3870.277 3864.951 3859.625 3854.299 3848.973 3842.876 3836.368 3829.86 3823.352 3817.011 3811.941 3806.87 3801.8 3796.73 3792.798 3789.693 3786.587 3783.481 3780.448 3779.005 3777.562 3776.118 3774.675 3773.891 3773.746 3773.601 3773.457 3773.312 3772.903 3772.485 3772.068 3771.65 3771.272 3770.946 3770.62 3770.294 3769.968 3771.444 3773.124 3774.804 3776.484 3781.643 3792.924 3804.204 3815.485 3826.766 3841.99 3858.044 3874.099
3950.345 3943.335 3936.003 3928.671 3921.34 3914.593 3909.501 3904.409 3899.318 3894.226 3887.495 3880.14 3872.786 3865.432 3858.492 3853.338 3848.184 3843.031 3837.877 3832.553 3827.137 3821.722 3816.307 3811.029 3806.804 3802.579 3798.354 3794.128 3790.59 3787.549 3784.508 3781.467 3778.479 3776.675 3774.872 3773.068 3771.264 3769.966 3769.159 3768.352 3767.546 3766.739 3765.625 3764.503 3763.38 3762.258 3761.339 3760.684 3760.03 3759.375 3758.72 3760.12 3761.752 3763.384 3765.015 3770.176 3781.548 3792.92 3804.292 3815.665 3830.763 3846.645 3862.527
3932.96 3926.323 3919.551 3912.779 3906.008 3899.715 3894.779 3889.844 3884.908 3879.973 3873.667 3866.84 3860.013 3853.186 3846.707 3841.725 3836.744 3831.762 3826.781 3822.229 3817.906 3813.584 3809.261 3805.048 3801.667 3798.287 3794.907 3791.527 3788.381 3785.404 3782.428 3779.451 3776.51 3774.346 3772.181 3770.017 3767.852 3766.041 3764.572 3763.103 3761.635 3760.166 3758.348 3756.521 3754.693 3752.865 3751.405 3750.422 3749.439 3748.456 3747.473 3748.796 3750.379 3751.963 3753.546 3758.709 3770.173 3781.636 3793.1 3804.564 3819.535 3835.245 3850.955
3915.576 3909.312 3903.1 3896.887 3890.676 3884.837 3880.058 3875.278 3870.499 3865.719 3859.838 3853.539 3847.24 3840.94 3834.922 3830.113 3825.303 3820.494 3815.685 3811.906 3808.675 3805.445 3802.215 3799.066 3796.531 3793.996 3791.46 3788.925 3786.172 3783.26 3780.348 3777.436 3774.541 3772.016 3769.491 3766.966 3764.441 3762.115 3759.985 3757.854 3755.723 3753.593 3751.071 3748.539 3746.006 3743.473 3741.471 3740.16 3738.849 3737.537 3736.226 3737.472 3739.007 3740.542 3742.077 3747.242 3758.797 3770.352 3781.907 3793.463 3808.308 3823.846 3839.383
3905.822 3899.95 3894.215 3888.48 3882.746 3877.274 3872.551 3867.827 3863.103 3858.379 3852.745 3846.765 3840.785 3834.805 3829.139 3824.825 3820.511 3816.197 3811.883 3808.541 3805.719 3802.896 3800.073 3797.317 3795.071 3792.824 3790.578 3788.332 3785.739 3782.896 3780.052 3777.208 3774.369 3771.616 3768.863 3766.11 3763.357 3760.567 3757.742 3754.917 3752.092 3749.267 3746.023 3742.767 3739.511 3736.256 3733.706 3732.073 3730.441 3728.808 3727.176 3728.175 3729.471 3730.767 3732.063 3736.839 3747.74 3758.64 3769.54 3780.441 3795.136 3810.631 3826.126
3899.883 3894.413 3889.115 3883.815 3878.517 3873.369 3868.651 3863.932 3859.214 3854.496 3849.019 3843.254 3837.49 3831.725 3826.357 3822.7 3819.042 3815.385 3811.728 3808.656 3805.898 3803.14 3800.382 3797.685 3795.449 3793.213 3790.978 3788.742 3786.195 3783.421 3780.648 3777.874 3775.094 3772.18 3769.265 3766.351 3763.436 3760.207 3756.671 3753.135 3749.6 3746.064 3742.089 3738.102 3734.114 3730.126 3727.024 3725.074 3723.124 3721.174 3719.224 3719.891 3720.854 3721.816 3722.779 3726.969 3736.841 3746.714 3756.586 3766.458 3780.993 3796.509 3812.025
3893.944 3888.876 3884.014 3879.151 3874.288 3869.464 3864.751 3860.038 3855.325 3850.612 3845.293 3839.743 3834.194 3828.645 3823.575 3820.574 3817.574 3814.573 3811.572 3808.772 3806.078 3803.385 3800.691 3798.052 3795.827 3793.603 3791.378 3789.153 3786.651 3783.947 3781.243 3778.54 3775.82 3772.744 3769.668 3766.592 3763.516 3759.846 3755.6 3751.354 3747.108 3742.862 3738.156 3733.436 3728.716 3723.996 3720.343 3718.075 3715.807 3713.54 3711.272 3711.607 3712.236 3712.865 3713.493 3717.099 3725.943 3734.787 3743.632 3752.476 3766.849 3782.387 3797.925
3888.005 3883.34 3878.913 3874.486 3870.059 3865.559 3860.851 3856.144 3851.436 3846.728 3841.567 3836.233 3830.898 3825.564 3820.793 3818.449 3816.105 3813.761 3811.417 3808.887 3806.258 3803.629 3801.0 3798.419 3796.206 3793.991 3791.778 3789.563 3787.106 3784.472 3781.839 3779.205 3776.545 3773.308 3770.07 3766.833 3763.595 3759.486 3754.529 3749.573 3744.616 3739.659 3734.222 3728.77 3723.318 3717.866 3713.661 3711.076 3708.491 3705.906 3703.321 3703.323 3703.618 3703.913 3704.208 3707.229 3715.045 3722.861 3730.677 3738.493 3752.706 3768.265 3783.824
3882.894 3878.643 3874.672 3870.701 3866.73 3862.584 3857.942 3853.301 3848.659 3844.017 3839.118 3834.121 3829.124 3824.126 3819.748 3818.037 3816.326 3814.615 3812.904 3810.571 3807.907 3805.243 3802.578 3799.962 3797.711 3795.459 3793.208 3790.957 3788.479 3785.838 3783.197 3780.556 3777.882 3774.469 3771.057 3767.646 3764.233 3759.713 3754.117 3748.52 3742.924 3737.327 3731.258 3725.174 3719.091 3713.007 3708.287 3705.339 3702.391 3699.443 3696.494 3696.121 3696.039 3695.957 3695.874 3698.262 3704.996 3711.731 3718.465 3725.199 3739.078 3754.46 3769.843
3884.093 3880.348 3876.986 3873.623 3870.26 3866.701 3862.587 3858.473 3854.359 3850.244 3846.407 3842.675 3838.942 3835.21 3831.944 3830.685 3829.426 3828.167 3826.908 3824.213 3820.752 3817.291 3813.83 3810.463 3807.808 3805.153 3802.498 3799.843 3796.85 3793.611 3790.373 3787.134 3783.876 3780.189 3776.503 3772.816 3769.13 3764.422 3758.724 3753.025 3747.326 3741.627 3735.686 3729.737 3723.788 3717.839 3712.886 3709.227 3705.569 3701.91 3698.251 3697.167 3696.375 3695.582 3694.789 3696.183 3701.427 3706.67 3711.914 3717.157 3729.38 3743.073 3756.765
3885.292 3882.054 3879.3 3876.545 3873.791 3870.819 3867.232 3863.645 3860.058 3856.472 3853.696 3851.229 3848.761 3846.294 3844.139 3843.332 3842.526 3841.719 3840.912 3837.854 3833.597 3829.34 3825.082 3820.964 3817.905 3814.846 3811.788 3808.729 3805.22 3801.384 3797.548 3793.712 3789.87 3785.909 3781.948 3777.987 3774.026 3769.132 3763.331 3757.53 3751.728 3745.927 3740.113 3734.299 3728.485 3722.671 3717.485 3713.115 3708.746 3704.377 3700.008 3698.214 3696.71 3695.207 3693.704 3694.105 3697.857 3701.61 3705.363 3709.115 3719.683 3731.685 3743.687
3886.491 3883.76 3881.613 3879.467 3877.321 3874.936 3871.877 3868.818 3865.758 3862.699 3860.985 3859.783 3858.58 3857.378 3856.335 3855.98 3855.625 3855.271 3854.916 3851.496 3846.442 3841.388 3836.334 3831.465 3828.002 3824.54 3821.078 3817.615 3813.59 3809.156 3804.723 3800.29 3795.865 3791.629 3787.394 3783.158 3778.922 3773.841 3767.938 3762.034 3756.131 3750.228 3744.541 3738.862 3733.182 3727.502 3722.083 3717.004 3711.924 3706.844 3701.765 3699.26 3697.046 3694.833 3692.619 3692.026 3694.288 3696.55 3698.812 3701.073 3709.985 3720.297 3730.609
3887.69 3885.465 3883.927 3882.389 3880.851 3879.053 3876.522 3873.99 3871.458 3868.926 3868.274 3868.337 3868.399 3868.461 3868.53 3868.628 3868.725 3868.823 3868.92 3865.138 3859.287 3853.437 3847.586 3841.965 3838.099 3834.233 3830.367 3826.501 3821.96 3816.929 3811.898 3806.867 3801.859 3797.349 3792.839 3788.329 3783.819 3778.55 3772.544 3766.539 3760.533 3754.528 3748.969 3743.424 3737.879 3732.334 3726.682 3720.892 3715.102 3709.312 3703.521 3700.306 3697.382 3694.458 3691.533 3689.948 3690.719 3691.49 3692.26 3693.031 3700.288 3708.909 3717.531
3889.733 3888.071 3887.163 3886.254 3885.345 3884.173 3882.254 3880.335 3878.416 3876.497 3876.654 3877.601 3878.548 3879.495 3880.337 3880.725 3881.113 3881.502 3881.89 3878.132 3872.163 3866.195 3860.226 3854.469 3850.337 3846.204 3842.071 3837.938 3833.059 3827.637 3822.216 3816.794 3811.395 3806.486 3801.576 3796.667 3791.758 3786.227 3780.091 3773.956 3767.821 3761.685 3756.097 3750.525 3744.954 3739.382 3733.44 3727.019 3720.597 3714.176 3707.754 3703.656 3699.821 3695.985 3692.15 3689.532 3689.058 3688.584 3688.111 3687.637 3693.19 3700.013 3706.835
3892.424 3891.369 3891.107 3890.844 3890.581 3890.063 3888.823 3887.582 3886.341 3885.1 3885.873 3887.412 3888.951 3890.49 3891.844 3892.399 3892.954 3893.509 3894.064 3890.628 3885.063 3879.498 3873.932 3868.515 3864.22 3859.926 3855.632 3851.337 3846.256 3840.603 3834.95 3829.297 3823.655 3818.25 3812.846 3807.441 3802.037 3796.185 3789.899 3783.613 3777.327 3771.041 3765.302 3759.58 3753.857 3748.135 3741.86 3734.868 3727.876 3720.884 3713.892 3708.779 3703.877 3698.976 3694.074 3690.395 3688.866 3687.338 3685.809 3684.28 3688.094 3693.032 3697.971
3895.116 3894.668 3895.051 3895.434 3895.817 3895.954 3895.391 3894.828 3894.265 3893.703 3895.092 3897.223 3899.354 3901.486 3903.351 3904.073 3904.795 3905.517 3906.239 3903.124 3897.962 3892.801 3887.639 3882.56 3878.104 3873.648 3869.192 3864.737 3859.453 3853.568 3847.684 3841.8 3835.915 3830.015 3824.115 3818.216 3812.316 3806.144 3799.707 3793.271 3786.834 3780.397 3774.508 3768.634 3762.761 3756.888 3750.28 3742.717 3735.155 3727.592 3720.03 3713.901 3707.934 3701.967 3696.0 3691.258 3688.674 3686.091 3683.507 3680.923 3682.997 3686.052 3689.106
3897.808 3897.966 3898.995 3900.024 3901.053 3901.844 3901.959 3902.075 3902.19 3902.306 3904.311 3907.034 3909.758 3912.481 3914.858 3915.747 3916.636 3917.525 3918.414 3915.62 3910.862 3906.104 3901.346 3896.605 3891.988 3887.37 3882.753 3878.136 3872.65 3866.534 3860.418 3854.302 3848.175 3841.78 3835.385 3828.99 3822.595 3816.103 3809.515 3802.928 3796.34 3789.753 3783.713 3777.689 3771.665 3765.641 3758.7 3750.566 3742.433 3734.3 3726.167 3719.023 3711.99 3704.957 3697.924 3692.121 3688.482 3684.844 3681.205 3677.566 3677.901 3679.071 3680.242
3900.552 3901.314 3902.986 3904.658 3906.33 3907.771 3908.56 3909.349 3910.137 3910.926 3913.541 3916.848 3920.156 3923.464 3926.347 3927.397 3928.447 3929.496 3930.546 3928.07 3923.712 3919.354 3914.996 3910.591 3905.82 3901.049 3896.279 3891.508 3885.828 3879.488 3873.147 3866.807 3860.443 3853.563 3846.683 3839.803 3832.924 3826.114 3819.373 3812.632 3805.891 3799.15 3792.954 3786.774 3780.594 3774.413 3767.138 3758.441 3749.744 3741.046 3732.349 3724.193 3716.099 3708.005 3699.911 3693.047 3688.348 3683.649 3678.95 3674.252 3672.845 3672.132 3671.418
3906.843 3908.05 3910.147 3912.244 3914.341 3916.187 3917.32 3918.453 3919.587 3920.72 3923.488 3926.876 3930.265 3933.653 3936.558 3937.376 3938.195 3939.013 3939.832 3937.373 3933.166 3928.958 3924.751 3920.526 3916.159 3911.792 3907.425 3903.058 3897.691 3891.598 3885.505 3879.413 3873.295 3866.619 3859.944 3853.269 3846.593 3839.71 3832.625 3825.539 3818.454 3811.368 3804.644 3797.931 3791.218 3784.505 3776.868 3768.031 3759.194 3750.356 3741.519 3732.667 3723.814 3714.961 3706.108 3698.25 3692.14 3686.031 3679.922 3673.813 3670.592 3667.979 3665.365
3913.134 3914.786 3917.308 3919.831 3922.353 3924.603 3926.08 3927.558 3929.036 3930.514 3933.435 3936.904 3940.373 3943.843 3946.769 3947.356 3947.943 3948.53 3949.117 3946.676 3942.619 3938.563 3934.507 3930.461 3926.498 3922.535 3918.572 3914.608 3909.554 3903.709 3897.864 3892.019 3886.146 3879.676 3873.205 3866.734 3860.263 3853.306 3845.876 3838.446 3831.016 3823.586 3816.335 3809.089 3801.843 3794.597 3786.598 3777.621 3768.644 3759.667 3750.689 3741.141 3731.53 3721.917 3712.306 3703.452 3695.933 3688.413 3680.894 3673.375 3668.339 3663.825 3659.312
