data/zism_data/01155_03_D.txt
ncols         224
nrows         224
[rows 168 to 195 of 224, columns 0 to 63 of 224]
1296.132 1291.366 1286.6 1281.834 1275.587 1265.442 1255.298 1245.154 1235.01 1227.615 1221.191 1214.766 1208.342 1203.613 1205.543 1207.473 1209.403 1211.333 1216.134 1222.37 1228.606 1234.842 1241.252 1248.823 1256.394 1263.965 1271.536 1277.112 1281.327 1285.542 1289.756 1293.791 1294.894 1295.997 1297.1 1298.203 1298.639 1298.464 1298.289 1298.115 1297.94 1296.24 1294.517 1292.795 1291.072 1290.196 1290.355 1290.515 1290.675 1290.834 1292.563 1294.44 1296.318 1298.195 1299.389 1299.452 1299.515 1299.578 1299.641 1299.034 1298.3 1297.567 1296.833 1295.808
1296.329 1291.806 1287.283 1282.76 1276.792 1267.02 1257.248 1247.477 1237.705 1230.12 1223.307 1216.494 1209.681 1204.423 1205.273 1206.123 1206.973 1207.823 1211.648 1216.961 1222.273 1227.586 1233.22 1240.996 1248.772 1256.548 1264.324 1270.578 1275.792 1281.005 1286.219 1291.22 1292.766 1294.312 1295.857 1297.403 1298.009 1297.753 1297.497 1297.241 1296.985 1294.8 1292.586 1290.372 1288.159 1287.06 1287.328 1287.595 1287.863 1288.131 1290.351 1292.758 1295.165 1297.572 1299.132 1299.292 1299.452 1299.612 1299.772 1299.267 1298.636 1298.005 1297.374 1296.492
1296.526 1292.246 1287.966 1283.686 1277.996 1268.597 1259.198 1249.799 1240.4 1232.625 1225.423 1218.221 1211.02 1205.232 1205.002 1204.773 1204.543 1204.313 1207.162 1211.552 1215.941 1220.33 1225.188 1233.169 1241.151 1249.132 1257.113 1264.044 1270.256 1276.469 1282.681 1288.649 1290.638 1292.626 1294.615 1296.604 1297.379 1297.042 1296.705 1296.368 1296.031 1293.36 1290.655 1287.95 1285.245 1283.924 1284.3 1284.675 1285.051 1285.427 1288.14 1291.076 1294.012 1296.948 1298.874 1299.132 1299.389 1299.646 1299.904 1299.5 1298.972 1298.443 1297.915 1297.177
1296.702 1292.638 1288.574 1284.51 1279.122 1270.25 1261.378 1252.506 1243.635 1236.123 1229.091 1222.059 1215.027 1209.181 1207.992 1206.803 1205.614 1204.426 1206.19 1209.43 1212.671 1215.911 1219.724 1227.348 1234.973 1242.597 1250.222 1257.297 1263.997 1270.697 1277.397 1283.852 1286.313 1288.775 1291.237 1293.698 1294.682 1294.312 1293.941 1293.57 1293.199 1290.106 1286.974 1283.841 1280.709 1279.22 1279.748 1280.275 1280.803 1281.33 1284.7 1288.34 1291.98 1295.62 1298.061 1298.52 1298.979 1299.438 1299.896 1299.611 1299.186 1298.76 1298.334 1297.723
1296.864 1293.0 1289.135 1285.271 1280.199 1271.948 1263.697 1255.447 1247.196 1240.221 1233.697 1227.172 1220.648 1215.026 1212.952 1210.878 1208.803 1206.729 1207.341 1209.297 1211.252 1213.208 1215.812 1222.74 1229.668 1236.596 1243.524 1250.422 1257.301 1264.179 1271.057 1277.708 1280.661 1283.614 1286.567 1289.52 1290.736 1290.36 1289.984 1289.607 1289.231 1285.755 1282.234 1278.713 1275.191 1273.569 1274.275 1274.98 1275.686 1276.391 1280.516 1284.966 1289.416 1293.866 1296.912 1297.635 1298.358 1299.082 1299.805 1299.649 1299.325 1299.002 1298.679 1298.185
1297.026 1293.362 1289.697 1286.033 1281.276 1273.646 1266.016 1258.387 1250.757 1244.319 1238.302 1232.286 1226.269 1220.872 1217.912 1214.953 1211.993 1209.033 1208.493 1209.164 1209.834 1210.504 1211.9 1218.132 1224.363 1230.594 1236.826 1243.547 1250.604 1257.66 1264.717 1271.564 1275.008 1278.453 1281.897 1285.341 1286.79 1286.408 1286.026 1285.645 1285.263 1281.404 1277.494 1273.584 1269.674 1267.917 1268.801 1269.685 1270.569 1271.453 1276.332 1281.592 1286.852 1292.112 1295.762 1296.75 1297.738 1298.726 1299.714 1299.686 1299.465 1299.244 1299.024 1298.648
1297.188 1293.723 1290.259 1286.794 1282.354 1275.345 1268.336 1261.327 1254.318 1248.417 1242.908 1237.399 1231.889 1226.718 1222.872 1219.027 1215.182 1211.336 1209.645 1209.03 1208.416 1207.801 1207.988 1213.523 1219.058 1224.593 1230.128 1236.673 1243.907 1251.142 1258.376 1265.42 1269.356 1273.292 1277.227 1281.163 1282.844 1282.457 1282.069 1281.682 1281.296 1277.053 1272.754 1268.455 1264.156 1262.266 1263.328 1264.39 1265.452 1266.514 1272.149 1278.218 1284.288 1290.358 1294.613 1295.865 1297.118 1298.37 1299.623 1299.723 1299.605 1299.487 1299.369 1299.11
1297.369 1294.127 1290.885 1287.643 1283.54 1277.171 1270.802 1264.433 1258.063 1252.72 1247.738 1242.757 1237.775 1232.858 1228.192 1223.526 1218.86 1214.193 1211.361 1209.445 1207.53 1205.614 1204.572 1209.358 1214.143 1218.928 1223.713 1230.026 1237.381 1244.737 1252.092 1259.275 1263.655 1268.034 1272.413 1276.792 1278.683 1278.293 1277.903 1277.513 1277.123 1272.537 1267.889 1263.241 1258.594 1256.579 1257.791 1259.004 1260.216 1261.429 1267.79 1274.642 1281.495 1288.347 1293.202 1294.755 1296.307 1297.86 1299.413 1299.661 1299.661 1299.66 1299.66 1299.528
1297.746 1294.968 1292.191 1289.413 1285.877 1280.345 1274.813 1269.281 1263.748 1259.17 1254.928 1250.686 1246.445 1242.088 1237.282 1232.475 1227.669 1222.862 1219.004 1215.62 1212.235 1208.851 1206.361 1209.84 1213.318 1216.797 1220.276 1225.772 1232.647 1239.522 1246.397 1253.124 1257.444 1261.763 1266.083 1270.403 1272.277 1271.909 1271.54 1271.172 1270.803 1266.287 1261.709 1257.131 1252.554 1250.515 1251.587 1252.659 1253.731 1254.803 1261.601 1268.944 1276.288 1283.631 1289.047 1291.275 1293.503 1295.731 1297.958 1298.549 1298.83 1299.111 1299.391 1299.479
1298.123 1295.81 1293.496 1291.183 1288.214 1283.519 1278.824 1274.128 1269.433 1265.62 1262.118 1258.616 1255.114 1251.319 1246.372 1241.425 1236.478 1231.531 1226.647 1221.794 1216.94 1212.087 1208.151 1210.322 1212.494 1214.666 1216.838 1221.519 1227.913 1234.307 1240.702 1246.972 1251.233 1255.493 1259.754 1264.014 1265.871 1265.524 1265.177 1264.83 1264.483 1260.036 1255.529 1251.021 1246.514 1244.45 1245.382 1246.314 1247.245 1248.177 1255.412 1263.246 1271.081 1278.916 1284.893 1287.795 1290.698 1293.601 1296.504 1297.438 1298.0 1298.561 1299.123 1299.431
1298.5 1296.651 1294.802 1292.953 1290.551 1286.693 1282.835 1278.976 1275.118 1272.07 1269.308 1266.545 1263.783 1260.549 1255.462 1250.375 1245.287 1240.2 1234.29 1227.968 1221.646 1215.324 1209.94 1210.805 1211.67 1212.535 1213.4 1217.265 1223.179 1229.092 1235.006 1240.821 1245.022 1249.223 1253.424 1257.625 1259.464 1259.139 1258.814 1258.489 1258.163 1253.786 1249.349 1244.911 1240.474 1238.386 1239.177 1239.969 1240.76 1241.551 1249.222 1257.549 1265.875 1274.201 1280.738 1284.316 1287.893 1291.471 1295.049 1296.327 1297.169 1298.012 1298.854 1299.382
1298.876 1297.492 1296.108 1294.723 1292.888 1289.867 1286.845 1283.824 1280.803 1278.52 1276.497 1274.475 1272.452 1269.78 1264.552 1259.324 1254.096 1248.869 1241.932 1234.142 1226.351 1218.561 1211.729 1211.287 1210.845 1210.404 1209.962 1213.011 1218.444 1223.878 1229.311 1234.669 1238.811 1242.952 1247.094 1251.236 1253.058 1252.755 1252.451 1252.147 1251.844 1247.536 1243.168 1238.801 1234.434 1232.322 1232.973 1233.624 1234.275 1234.926 1243.033 1251.851 1260.668 1269.486 1276.583 1280.836 1285.089 1289.341 1293.594 1295.216 1296.339 1297.462 1298.585 1299.333
1299.13 1298.059 1296.987 1295.915 1294.495 1292.156 1289.817 1287.478 1285.139 1283.424 1281.93 1280.437 1278.943 1276.717 1271.617 1266.516 1261.416 1256.315 1248.934 1240.412 1231.89 1223.369 1215.726 1213.945 1212.164 1210.383 1208.601 1210.646 1215.305 1219.963 1224.621 1229.241 1233.234 1237.227 1241.22 1245.213 1247.008 1246.789 1246.569 1246.349 1246.13 1241.989 1237.79 1233.591 1229.393 1227.358 1227.976 1228.593 1229.211 1229.828 1237.958 1246.803 1255.648 1264.493 1271.778 1276.483 1281.187 1285.892 1290.597 1292.617 1294.127 1295.638 1297.149 1298.238
1299.284 1298.401 1297.518 1296.636 1295.505 1293.722 1291.939 1290.156 1288.374 1287.068 1285.93 1284.793 1283.655 1281.784 1277.029 1272.274 1267.519 1262.765 1255.412 1246.761 1238.109 1229.458 1221.524 1218.377 1215.23 1212.083 1208.935 1209.823 1213.466 1217.109 1220.752 1224.403 1228.174 1231.946 1235.718 1239.489 1241.249 1241.164 1241.08 1240.995 1240.911 1237.016 1233.066 1229.116 1225.166 1223.292 1223.963 1224.635 1225.307 1225.978 1233.792 1242.286 1250.78 1259.274 1266.442 1271.417 1276.391 1281.366 1286.34 1288.803 1290.789 1292.775 1294.761 1296.288
1299.437 1298.743 1298.05 1297.356 1296.516 1295.289 1294.062 1292.835 1291.609 1290.711 1289.93 1289.149 1288.368 1286.851 1282.442 1278.032 1273.623 1269.214 1261.89 1253.109 1244.328 1235.547 1227.323 1222.809 1218.296 1213.783 1209.269 1208.999 1211.627 1214.255 1216.883 1219.564 1223.115 1226.665 1230.215 1233.766 1235.49 1235.54 1235.59 1235.641 1235.691 1232.044 1228.342 1224.64 1220.938 1219.225 1219.951 1220.677 1221.402 1222.128 1229.626 1237.769 1245.912 1254.055 1261.106 1266.351 1271.595 1276.84 1282.084 1284.989 1287.451 1289.912 1292.373 1294.339
1299.59 1299.086 1298.581 1298.076 1297.526 1296.855 1296.185 1295.514 1294.844 1294.355 1293.93 1293.506 1293.081 1291.918 1287.854 1283.791 1279.727 1275.663 1268.368 1259.458 1250.547 1241.636 1233.121 1227.242 1221.362 1215.483 1209.603 1208.176 1209.788 1211.401 1213.014 1214.726 1218.055 1221.384 1224.713 1228.042 1229.73 1229.916 1230.101 1230.287 1230.472 1227.071 1223.618 1220.164 1216.711 1215.159 1215.939 1216.718 1217.498 1218.277 1225.46 1233.252 1241.044 1248.836 1255.77 1261.285 1266.799 1272.314 1277.828 1281.176 1284.112 1287.048 1289.985 1292.39
1299.742 1299.425 1299.108 1298.79 1298.526 1298.405 1298.282 1298.16 1298.038 1297.952 1297.879 1297.806 1297.733 1296.92 1293.206 1289.491 1285.776 1282.061 1274.805 1265.779 1256.753 1247.726 1238.934 1231.703 1224.471 1217.24 1210.008 1207.425 1208.017 1208.609 1209.2 1209.938 1213.038 1216.139 1219.239 1222.34 1223.99 1224.309 1224.629 1224.948 1225.268 1222.119 1218.919 1215.719 1212.519 1211.135 1211.976 1212.817 1213.658 1214.5 1221.365 1228.804 1236.242 1243.681 1250.494 1256.27 1262.047 1267.823 1273.599 1277.383 1280.789 1284.195 1287.602 1290.442
1299.799 1299.552 1299.305 1299.058 1298.852 1298.757 1298.662 1298.567 1298.472 1298.405 1298.348 1298.291 1298.234 1297.549 1294.395 1291.242 1288.089 1284.935 1278.425 1270.235 1262.046 1253.857 1245.741 1238.115 1230.49 1222.864 1215.238 1211.652 1210.823 1209.995 1209.166 1208.525 1210.929 1213.334 1215.738 1218.142 1219.498 1219.893 1220.288 1220.683 1221.078 1218.532 1215.942 1213.352 1210.763 1209.974 1211.393 1212.812 1214.231 1215.65 1222.102 1229.033 1235.964 1242.895 1249.282 1254.766 1260.251 1265.736 1271.221 1275.04 1278.543 1282.047 1285.55 1288.542
1299.856 1299.679 1299.502 1299.325 1299.178 1299.11 1299.042 1298.974 1298.906 1298.858 1298.817 1298.776 1298.735 1298.177 1295.585 1292.993 1290.401 1287.81 1282.044 1274.692 1267.34 1259.987 1252.548 1244.528 1236.508 1228.488 1220.469 1215.878 1213.63 1211.381 1209.133 1207.113 1208.821 1210.528 1212.236 1213.944 1215.006 1215.477 1215.947 1216.418 1216.889 1214.945 1212.965 1210.985 1209.006 1208.813 1210.81 1212.806 1214.803 1216.8 1222.838 1229.262 1235.686 1242.109 1248.07 1253.263 1258.456 1263.649 1268.843 1272.697 1276.297 1279.898 1283.498 1286.642
1299.913 1299.807 1299.7 1299.593 1299.504 1299.463 1299.422 1299.381 1299.34 1299.311 1299.286 1299.262 1299.237 1298.805 1296.775 1294.745 1292.714 1290.684 1285.664 1279.148 1272.633 1266.118 1259.355 1250.941 1242.527 1234.113 1225.699 1220.104 1216.436 1212.767 1209.099 1205.701 1206.712 1207.723 1208.734 1209.745 1210.514 1211.06 1211.607 1212.153 1212.699 1211.358 1209.988 1208.619 1207.249 1207.652 1210.226 1212.801 1215.375 1217.95 1223.575 1229.491 1235.407 1241.324 1246.858 1251.759 1256.661 1261.563 1266.464 1270.354 1274.051 1277.749 1281.447 1284.741
1299.97 1299.934 1299.897 1299.86 1299.83 1299.816 1299.802 1299.788 1299.774 1299.764 1299.755 1299.747 1299.738 1299.434 1297.965 1296.496 1295.027 1293.559 1289.283 1283.605 1277.927 1272.248 1266.162 1257.353 1248.545 1239.737 1230.929 1224.331 1219.242 1214.153 1209.065 1204.289 1204.604 1204.918 1205.233 1205.547 1206.022 1206.644 1207.266 1207.888 1208.51 1207.771 1207.011 1206.252 1205.493 1206.491 1209.643 1212.795 1215.947 1219.099 1224.312 1229.72 1235.129 1240.538 1245.645 1250.255 1254.866 1259.476 1264.086 1268.011 1271.805 1275.6 1279.395 1282.841
1299.913 1299.937 1299.96 1299.983 1300.0 1300.0 1300.0 1300.0 1300.0 1300.0 1300.0 1300.0 1300.0 1299.787 1298.735 1297.683 1296.631 1295.579 1291.943 1287.013 1282.084 1277.155 1271.709 1262.816 1253.924 1245.031 1236.139 1228.897 1222.784 1216.67 1210.556 1204.775 1204.39 1204.005 1203.621 1203.236 1203.353 1203.929 1204.505 1205.081 1205.657 1205.369 1205.067 1204.766 1204.464 1205.933 1209.573 1213.213 1216.852 1220.492 1225.547 1230.737 1235.928 1241.118 1246.024 1250.462 1254.899 1259.336 1263.774 1267.679 1271.483 1275.287 1279.092 1282.527
1299.732 1299.804 1299.876 1299.948 1300.0 1300.0 1300.0 1300.0 1300.0 1300.0 1300.0 1300.0 1300.0 1299.839 1299.047 1298.254 1297.461 1296.669 1293.554 1289.278 1285.002 1280.726 1275.881 1267.243 1258.604 1249.965 1241.326 1233.835 1227.128 1220.42 1213.712 1207.331 1206.244 1205.157 1204.071 1202.984 1202.672 1203.07 1203.468 1203.866 1204.264 1204.26 1204.25 1204.24 1204.23 1206.035 1210.063 1214.091 1218.12 1222.148 1227.326 1232.613 1237.901 1243.188 1248.139 1252.533 1256.927 1261.321 1265.716 1269.541 1273.259 1276.977 1280.695 1283.942
1299.551 1299.672 1299.792 1299.913 1300.0 1300.0 1300.0 1300.0 1300.0 1300.0 1300.0 1300.0 1300.0 1299.892 1299.358 1298.825 1298.292 1297.758 1295.165 1291.543 1287.92 1284.298 1280.054 1271.669 1263.284 1254.899 1246.514 1238.773 1231.471 1224.17 1216.868 1209.886 1208.098 1206.309 1204.521 1202.732 1201.991 1202.211 1202.431 1202.65 1202.87 1203.151 1203.433 1203.714 1203.996 1206.136 1210.553 1214.97 1219.387 1223.804 1229.105 1234.489 1239.874 1245.259 1250.254 1254.605 1258.956 1263.307 1267.657 1271.404 1275.035 1278.667 1282.298 1285.356
1299.37 1299.539 1299.708 1299.878 1300.0 1300.0 1300.0 1300.0 1300.0 1300.0 1300.0 1300.0 1300.0 1299.944 1299.67 1299.396 1299.122 1298.848 1296.777 1293.807 1290.838 1287.869 1284.227 1276.095 1267.964 1259.833 1251.702 1243.711 1235.815 1227.92 1220.024 1212.442 1209.951 1207.461 1204.97 1202.48 1201.31 1201.352 1201.393 1201.435 1201.477 1202.042 1202.615 1203.189 1203.762 1206.237 1211.043 1215.849 1220.655 1225.461 1230.884 1236.365 1241.847 1247.329 1252.369 1256.676 1260.984 1265.292 1269.599 1273.266 1276.811 1280.356 1283.901 1286.771
1299.189 1299.407 1299.625 1299.842 1300.0 1300.0 1300.0 1300.0 1300.0 1300.0 1300.0 1300.0 1300.0 1299.997 1299.982 1299.967 1299.952 1299.937 1298.388 1296.072 1293.756 1291.441 1288.399 1280.522 1272.645 1264.767 1256.89 1248.649 1240.159 1231.67 1223.18 1214.998 1211.805 1208.613 1205.42 1202.228 1200.629 1200.493 1200.356 1200.22 1200.083 1200.933 1201.798 1202.663 1203.528 1206.338 1211.533 1216.728 1221.922 1227.117 1232.663 1238.242 1243.821 1249.4 1254.483 1258.748 1263.012 1267.277 1271.541 1275.128 1278.587 1282.046 1285.505 1288.186
1297.067 1297.755 1298.443 1299.132 1299.653 1299.735 1299.816 1299.897 1299.979 1300.0 1300.0 1300.0 1300.0 1300.0 1300.0 1300.0 1300.0 1300.0 1298.712 1296.78 1294.848 1292.916 1290.289 1283.026 1275.764 1268.501 1261.239 1253.055 1244.241 1235.427 1226.613 1218.09 1214.292 1210.494 1206.696 1202.898 1200.958 1200.719 1200.48 1200.242 1200.003 1201.125 1202.266 1203.407 1204.548 1207.562 1212.871 1218.18 1223.488 1228.797 1234.455 1240.147 1245.838 1251.53 1256.759 1261.225 1265.69 1270.156 1274.621 1278.065 1281.315 1284.566 1287.816 1290.136
1294.824 1296.01 1297.195 1298.38 1299.285 1299.453 1299.621 1299.788 1299.956 1300.0 1300.0 1300.0 1300.0 1300.0 1300.0 1300.0 1300.0 1300.0 1298.957 1297.392 1295.827 1294.262 1292.037 1285.412 1278.787 1272.161 1265.536 1257.428 1248.306 1239.184 1230.063 1221.215 1216.818 1212.42 1208.023 1203.626 1201.348 1201.012 1200.676 1200.341 1200.005 1201.396 1202.813 1204.229 1205.646 1208.855 1214.261 1219.667 1225.073 1230.479 1236.249 1242.054 1247.859 1253.664 1259.045 1263.727 1268.408 1273.09 1277.771 1281.068 1284.102 1287.136 1290.17 1292.119
