data/zism_data/01154_04_D.txt
ncols         224
nrows         224
[rows 56 to 83 of 224, columns 63 to 125 of 224]
1542.456 1543.446 1544.436 1545.427 1545.582 1545.699 1545.816 1545.933 1546.034 1546.113 1546.191 1546.27 1546.349 1546.437 1546.526 1546.615 1546.704 1546.78 1546.831 1546.881 1546.932 1546.983 1547.266 1547.604 1547.942 1548.279 1548.641 1549.066 1549.491 1549.917 1550.342 1550.542 1550.662 1550.783 1550.904 1551.021 1551.126 1551.231 1551.336 1551.441 1551.476 1551.476 1551.476 1551.476 1551.476 1551.476 1551.476 1551.476 1551.476 1551.476 1551.476 1551.476 1551.476 1551.474 1551.435 1551.397 1551.358 1551.32 1551.267 1551.2 1551.134 1551.067 1551.001
1543.789 1544.772 1545.755 1546.737 1546.83 1546.882 1546.935 1546.987 1547.017 1547.017 1547.016 1547.016 1547.015 1547.08 1547.153 1547.226 1547.3 1547.356 1547.38 1547.405 1547.429 1547.454 1547.677 1547.945 1548.214 1548.483 1548.798 1549.237 1549.676 1550.115 1550.554 1550.723 1550.796 1550.869 1550.942 1551.015 1551.088 1551.161 1551.234 1551.307 1551.331 1551.331 1551.331 1551.331 1551.331 1551.331 1551.331 1551.331 1551.331 1551.331 1551.331 1551.331 1551.331 1551.328 1551.28 1551.231 1551.182 1551.134 1551.098 1551.073 1551.049 1551.025 1551.0
1543.567 1544.647 1545.727 1546.806 1547.017 1547.188 1547.359 1547.531 1547.621 1547.598 1547.576 1547.554 1547.532 1547.589 1547.657 1547.725 1547.793 1547.846 1547.87 1547.895 1547.919 1547.944 1548.145 1548.386 1548.628 1548.87 1549.148 1549.522 1549.896 1550.271 1550.645 1550.784 1550.841 1550.898 1550.955 1551.011 1551.068 1551.125 1551.182 1551.239 1551.258 1551.258 1551.258 1551.258 1551.258 1551.258 1551.258 1551.258 1551.258 1551.258 1551.258 1551.258 1551.258 1551.256 1551.218 1551.18 1551.142 1551.104 1551.076 1551.057 1551.038 1551.019 1551.0
1543.345 1544.522 1545.699 1546.876 1547.204 1547.494 1547.784 1548.074 1548.224 1548.18 1548.136 1548.093 1548.049 1548.099 1548.161 1548.224 1548.286 1548.336 1548.36 1548.385 1548.409 1548.434 1548.613 1548.827 1549.042 1549.257 1549.497 1549.807 1550.116 1550.426 1550.735 1550.846 1550.886 1550.927 1550.968 1551.008 1551.049 1551.089 1551.13 1551.171 1551.184 1551.184 1551.184 1551.184 1551.184 1551.184 1551.184 1551.184 1551.184 1551.184 1551.184 1551.184 1551.184 1551.183 1551.156 1551.129 1551.101 1551.074 1551.054 1551.041 1551.027 1551.014 1551.0
1543.122 1544.397 1545.671 1546.945 1547.391 1547.8 1548.209 1548.618 1548.827 1548.762 1548.696 1548.631 1548.566 1548.609 1548.666 1548.723 1548.78 1548.826 1548.85 1548.875 1548.899 1548.924 1549.081 1549.268 1549.456 1549.644 1549.847 1550.092 1550.336 1550.581 1550.825 1550.907 1550.932 1550.956 1550.981 1551.005 1551.029 1551.054 1551.078 1551.103 1551.111 1551.111 1551.111 1551.111 1551.111 1551.111 1551.111 1551.111 1551.111 1551.111 1551.111 1551.111 1551.111 1551.11 1551.094 1551.077 1551.061 1551.045 1551.033 1551.025 1551.016 1551.008 1551.0
1542.9 1544.271 1545.643 1547.014 1547.578 1548.106 1548.634 1549.161 1549.431 1549.344 1549.256 1549.17 1549.083 1549.118 1549.17 1549.222 1549.273 1549.316 1549.34 1549.365 1549.389 1549.414 1549.549 1549.709 1549.87 1550.031 1550.197 1550.376 1550.556 1550.736 1550.916 1550.969 1550.977 1550.985 1550.993 1551.002 1551.01 1551.018 1551.026 1551.035 1551.037 1551.037 1551.037 1551.037 1551.037 1551.037 1551.037 1551.037 1551.037 1551.037 1551.037 1551.037 1551.037 1551.037 1551.031 1551.026 1551.021 1551.015 1551.011 1551.008 1551.005 1551.003 1551.0
1542.639 1544.01 1545.38 1546.75 1547.387 1547.991 1548.594 1549.198 1549.535 1549.504 1549.472 1549.441 1549.409 1549.458 1549.518 1549.578 1549.637 1549.687 1549.717 1549.746 1549.776 1549.806 1549.918 1550.049 1550.18 1550.311 1550.442 1550.573 1550.704 1550.835 1550.966 1551.0 1551.0 1551.0 1551.0 1551.0 1551.0 1551.0 1551.0 1551.0 1551.0 1551.0 1551.0 1551.0 1551.0 1551.0 1551.0 1551.0 1551.0 1551.0 1551.0 1551.0 1551.0 1551.0 1551.0 1551.0 1551.0 1551.0 1551.0 1551.0 1551.0 1551.0 1551.0
1542.339 1543.607 1544.874 1546.142 1546.806 1547.442 1548.078 1548.714 1549.127 1549.23 1549.334 1549.437 1549.541 1549.625 1549.706 1549.787 1549.868 1549.935 1549.976 1550.017 1550.057 1550.098 1550.186 1550.284 1550.383 1550.481 1550.58 1550.678 1550.777 1550.876 1550.974 1551.0 1551.0 1551.0 1551.0 1551.0 1551.0 1551.0 1551.0 1551.0 1551.0 1551.0 1551.0 1551.0 1551.0 1551.0 1551.0 1551.0 1551.0 1551.0 1551.0 1551.0 1551.0 1551.0 1551.0 1551.0 1551.0 1551.0 1551.0 1551.0 1551.0 1551.0 1551.0
1542.039 1543.204 1544.369 1545.534 1546.224 1546.893 1547.561 1548.23 1548.718 1548.956 1549.195 1549.433 1549.672 1549.791 1549.893 1549.996 1550.099 1550.184 1550.235 1550.287 1550.338 1550.39 1550.453 1550.519 1550.586 1550.652 1550.718 1550.784 1550.85 1550.917 1550.983 1551.0 1551.0 1551.0 1551.0 1551.0 1551.0 1551.0 1551.0 1551.0 1551.0 1551.0 1551.0 1551.0 1551.0 1551.0 1551.0 1551.0 1551.0 1551.0 1551.0 1551.0 1551.0 1551.0 1551.0 1551.0 1551.0 1551.0 1551.0 1551.0 1551.0 1551.0 1551.0
1541.739 1542.802 1543.864 1544.926 1545.643 1546.344 1547.045 1547.746 1548.309 1548.683 1549.056 1549.43 1549.803 1549.957 1550.081 1550.206 1550.33 1550.433 1550.495 1550.557 1550.619 1550.682 1550.721 1550.755 1550.788 1550.822 1550.856 1550.89 1550.924 1550.957 1550.991 1551.0 1551.0 1551.0 1551.0 1551.0 1551.0 1551.0 1551.0 1551.0 1551.0 1551.0 1551.0 1551.0 1551.0 1551.0 1551.0 1551.0 1551.0 1551.0 1551.0 1551.0 1551.0 1551.0 1551.0 1551.0 1551.0 1551.0 1551.0 1551.0 1551.0 1551.0 1551.0
1541.439 1542.399 1543.359 1544.318 1545.062 1545.795 1546.528 1547.262 1547.901 1548.409 1548.918 1549.426 1549.935 1550.123 1550.269 1550.415 1550.561 1550.682 1550.755 1550.828 1550.901 1550.974 1550.988 1550.99 1550.991 1550.993 1550.994 1550.995 1550.997 1550.998 1551.0 1551.0 1551.0 1551.0 1551.0 1551.0 1551.0 1551.0 1551.0 1551.0 1551.0 1551.0 1551.0 1551.0 1551.0 1551.0 1551.0 1551.0 1551.0 1551.0 1551.0 1551.0 1551.0 1551.0 1551.0 1551.0 1551.0 1551.0 1551.0 1551.0 1551.0 1551.0 1551.0
1541.161 1542.08 1542.999 1543.919 1544.632 1545.336 1546.039 1546.743 1547.363 1547.867 1548.371 1548.875 1549.379 1549.636 1549.861 1550.085 1550.309 1550.498 1550.618 1550.738 1550.857 1550.977 1551.0 1551.0 1551.0 1551.0 1551.0 1551.0 1551.0 1551.0 1551.0 1551.0 1551.0 1551.0 1551.0 1551.0 1551.0 1551.0 1551.0 1551.0 1551.0 1551.0 1551.0 1551.0 1551.0 1551.0 1551.0 1551.0 1551.0 1551.0 1551.0 1551.0 1551.0 1550.998 1550.967 1550.936 1550.905 1550.874 1550.851 1550.836 1550.82 1550.805 1550.789
1540.884 1541.766 1542.647 1543.528 1544.209 1544.88 1545.552 1546.223 1546.82 1547.313 1547.806 1548.299 1548.793 1549.12 1549.425 1549.731 1550.036 1550.294 1550.463 1550.631 1550.8 1550.968 1551.0 1551.0 1551.0 1551.0 1551.0 1551.0 1551.0 1551.0 1551.0 1551.0 1551.0 1551.0 1551.0 1551.0 1551.0 1551.0 1551.0 1551.0 1551.0 1551.0 1551.0 1551.0 1551.0 1551.0 1551.0 1551.0 1551.0 1551.0 1551.0 1551.0 1551.0 1550.996 1550.933 1550.87 1550.806 1550.743 1550.696 1550.664 1550.633 1550.601 1550.569
1540.607 1541.451 1542.295 1543.138 1543.786 1544.425 1545.064 1545.703 1546.276 1546.759 1547.241 1547.724 1548.206 1548.604 1548.99 1549.376 1549.763 1550.091 1550.308 1550.525 1550.742 1550.959 1551.0 1551.0 1551.0 1551.0 1551.0 1551.0 1551.0 1551.0 1551.0 1551.0 1551.0 1551.0 1551.0 1551.0 1551.0 1551.0 1551.0 1551.0 1551.0 1551.0 1551.0 1551.0 1551.0 1551.0 1551.0 1551.0 1551.0 1551.0 1551.0 1551.0 1551.0 1550.995 1550.899 1550.803 1550.707 1550.611 1550.541 1550.493 1550.445 1550.397 1550.349
1540.331 1541.136 1541.942 1542.748 1543.363 1543.97 1544.576 1545.183 1545.733 1546.205 1546.676 1547.148 1547.62 1548.087 1548.555 1549.022 1549.49 1549.887 1550.153 1550.418 1550.684 1550.95 1551.0 1551.0 1551.0 1551.0 1551.0 1551.0 1551.0 1551.0 1551.0 1551.0 1551.0 1551.0 1551.0 1551.0 1551.0 1551.0 1551.0 1551.0 1551.0 1551.0 1551.0 1551.0 1551.0 1551.0 1551.0 1551.0 1551.0 1551.0 1551.0 1551.0 1551.0 1550.993 1550.864 1550.736 1550.608 1550.48 1550.385 1550.321 1550.257 1550.193 1550.129
1540.112 1540.878 1541.643 1542.409 1543.0 1543.584 1544.167 1544.75 1545.302 1545.811 1546.319 1546.828 1547.336 1547.844 1548.351 1548.859 1549.367 1549.797 1550.085 1550.372 1550.659 1550.946 1551.0 1551.0 1551.0 1551.0 1551.0 1551.0 1551.0 1551.0 1551.0 1551.0 1551.0 1551.0 1551.0 1551.0 1551.0 1551.0 1551.0 1551.0 1551.0 1551.0 1551.0 1551.0 1551.0 1550.997 1550.995 1550.993 1550.991 1550.979 1550.961 1550.943 1550.924 1550.9 1550.766 1550.633 1550.5 1550.366 1550.268 1550.201 1550.134 1550.068 1550.001
1539.974 1540.697 1541.419 1542.142 1542.721 1543.293 1543.866 1544.438 1545.027 1545.638 1546.249 1546.86 1547.471 1547.976 1548.468 1548.959 1549.451 1549.865 1550.136 1550.407 1550.678 1550.949 1551.0 1551.0 1551.0 1551.0 1551.0 1551.0 1551.0 1551.0 1551.0 1551.0 1551.0 1551.0 1551.0 1551.0 1551.0 1551.0 1551.0 1551.0 1551.0 1551.0 1551.0 1551.0 1550.999 1550.991 1550.984 1550.976 1550.968 1550.929 1550.867 1550.806 1550.745 1550.681 1550.58 1550.479 1550.378 1550.277 1550.203 1550.152 1550.102 1550.051 1550.001
1539.836 1540.515 1541.195 1541.874 1542.441 1543.003 1543.564 1544.126 1544.751 1545.465 1546.179 1546.893 1547.606 1548.109 1548.584 1549.059 1549.535 1549.933 1550.188 1550.443 1550.697 1550.952 1551.0 1551.0 1551.0 1551.0 1551.0 1551.0 1551.0 1551.0 1551.0 1551.0 1551.0 1551.0 1551.0 1551.0 1551.0 1551.0 1551.0 1551.0 1551.0 1551.0 1551.0 1551.0 1550.998 1550.985 1550.972 1550.959 1550.946 1550.879 1550.774 1550.67 1550.565 1550.463 1550.394 1550.325 1550.257 1550.188 1550.138 1550.103 1550.069 1550.035 1550.0
1539.698 1540.334 1540.97 1541.606 1542.161 1542.712 1543.263 1543.814 1544.476 1545.292 1546.109 1546.925 1547.741 1548.242 1548.701 1549.16 1549.619 1550.001 1550.24 1550.478 1550.717 1550.955 1551.0 1551.0 1551.0 1551.0 1551.0 1551.0 1551.0 1551.0 1551.0 1551.0 1551.0 1551.0 1551.0 1551.0 1551.0 1551.0 1551.0 1551.0 1551.0 1551.0 1551.0 1551.0 1550.998 1550.979 1550.961 1550.942 1550.924 1550.828 1550.681 1550.533 1550.385 1550.244 1550.208 1550.172 1550.135 1550.099 1550.073 1550.054 1550.036 1550.018 1550.0
1539.56 1540.153 1540.746 1541.339 1541.881 1542.421 1542.961 1543.502 1544.201 1545.12 1546.039 1546.958 1547.876 1548.374 1548.817 1549.26 1549.703 1550.069 1550.291 1550.513 1550.736 1550.958 1551.0 1551.0 1551.0 1551.0 1551.0 1551.0 1551.0 1551.0 1551.0 1551.0 1551.0 1551.0 1551.0 1551.0 1551.0 1551.0 1551.0 1551.0 1551.0 1551.0 1551.0 1551.0 1550.997 1550.973 1550.949 1550.925 1550.901 1550.778 1550.587 1550.396 1550.205 1550.025 1550.022 1550.018 1550.014 1550.01 1550.008 1550.006 1550.004 1550.002 1550.0
1539.5 1540.145 1540.79 1541.435 1542.029 1542.62 1543.212 1543.803 1544.521 1545.414 1546.306 1547.199 1548.091 1548.572 1548.999 1549.425 1549.852 1550.197 1550.388 1550.58 1550.772 1550.964 1551.0 1551.0 1551.0 1551.0 1551.0 1551.0 1551.0 1551.0 1551.0 1551.0 1551.0 1551.0 1551.0 1550.991 1550.948 1550.905 1550.862 1550.819 1550.805 1550.805 1550.805 1550.805 1550.802 1550.783 1550.763 1550.743 1550.724 1550.622 1550.464 1550.306 1550.149 1550.0 1550.0 1550.0 1550.0 1550.0 1550.0 1550.0 1550.0 1550.0 1550.0
1539.449 1540.16 1540.869 1541.579 1542.233 1542.883 1543.534 1544.185 1544.919 1545.769 1546.618 1547.467 1548.317 1548.778 1549.188 1549.599 1550.009 1550.332 1550.492 1550.651 1550.811 1550.97 1551.0 1551.0 1551.0 1551.0 1551.0 1551.0 1551.0 1551.0 1551.0 1551.0 1551.0 1551.0 1551.0 1550.981 1550.89 1550.798 1550.707 1550.615 1550.585 1550.585 1550.585 1550.585 1550.583 1550.568 1550.554 1550.54 1550.526 1550.452 1550.337 1550.223 1550.108 1550.0 1550.0 1550.0 1550.0 1550.0 1550.0 1550.0 1550.0 1550.0 1550.0
1539.399 1540.174 1540.949 1541.724 1542.437 1543.147 1543.857 1544.567 1545.318 1546.124 1546.93 1547.736 1548.542 1548.984 1549.378 1549.773 1550.167 1550.468 1550.595 1550.722 1550.849 1550.976 1551.0 1551.0 1551.0 1551.0 1551.0 1551.0 1551.0 1551.0 1551.0 1551.0 1551.0 1551.0 1551.0 1550.972 1550.831 1550.691 1550.551 1550.411 1550.364 1550.364 1550.364 1550.364 1550.363 1550.354 1550.345 1550.336 1550.327 1550.281 1550.21 1550.139 1550.067 1550.0 1550.0 1550.0 1550.0 1550.0 1550.0 1550.0 1550.0 1550.0 1550.0
1539.349 1540.189 1541.028 1541.868 1542.64 1543.41 1544.179 1544.949 1545.716 1546.479 1547.242 1548.005 1548.768 1549.19 1549.568 1549.946 1550.324 1550.604 1550.698 1550.793 1550.888 1550.982 1551.0 1551.0 1551.0 1551.0 1551.0 1551.0 1551.0 1551.0 1551.0 1551.0 1551.0 1551.0 1551.0 1550.962 1550.773 1550.584 1550.395 1550.207 1550.144 1550.144 1550.144 1550.144 1550.143 1550.14 1550.136 1550.133 1550.129 1550.111 1550.083 1550.055 1550.026 1550.0 1550.0 1550.0 1550.0 1550.0 1550.0 1550.0 1550.0 1550.0 1550.0
1539.443 1540.359 1541.275 1542.19 1542.987 1543.778 1544.57 1545.361 1546.115 1546.816 1547.517 1548.218 1548.919 1549.315 1549.671 1550.027 1550.383 1550.639 1550.707 1550.775 1550.843 1550.911 1550.923 1550.923 1550.923 1550.923 1550.923 1550.923 1550.923 1550.923 1550.923 1550.923 1550.923 1550.923 1550.923 1550.882 1550.678 1550.475 1550.271 1550.068 1550.0 1550.0 1550.0 1550.0 1550.0 1550.0 1550.0 1550.0 1550.0 1550.0 1550.0 1550.0 1550.0 1550.0 1550.0 1550.0 1550.0 1550.0 1550.002 1550.006 1550.01 1550.013 1550.017
1539.809 1540.822 1541.835 1542.847 1543.602 1544.345 1545.087 1545.83 1546.515 1547.119 1547.722 1548.326 1548.93 1549.286 1549.61 1549.934 1550.257 1550.487 1550.538 1550.59 1550.641 1550.693 1550.703 1550.703 1550.703 1550.703 1550.703 1550.703 1550.703 1550.703 1550.703 1550.703 1550.703 1550.703 1550.703 1550.671 1550.516 1550.362 1550.207 1550.052 1550.0 1550.0 1550.0 1550.0 1550.0 1550.0 1550.0 1550.0 1550.0 1550.0 1550.0 1550.0 1550.0 1550.0 1550.0 1550.0 1550.0 1550.0 1550.008 1550.022 1550.037 1550.051 1550.066
1540.174 1541.285 1542.394 1543.505 1544.217 1544.911 1545.605 1546.299 1546.915 1547.421 1547.928 1548.435 1548.941 1549.258 1549.549 1549.84 1550.132 1550.334 1550.369 1550.405 1550.44 1550.476 1550.482 1550.482 1550.482 1550.482 1550.482 1550.482 1550.482 1550.482 1550.482 1550.482 1550.482 1550.482 1550.482 1550.461 1550.354 1550.248 1550.142 1550.035 1550.0 1550.0 1550.0 1550.0 1550.0 1550.0 1550.0 1550.0 1550.0 1550.0 1550.0 1550.0 1550.0 1550.0 1550.0 1550.0 1550.0 1550.0 1550.013 1550.039 1550.064 1550.089 1550.115
1540.54 1541.747 1542.954 1544.162 1544.832 1545.477 1546.123 1546.768 1547.315 1547.724 1548.134 1548.543 1548.953 1549.229 1549.488 1549.747 1550.006 1550.181 1550.201 1550.22 1550.239 1550.258 1550.262 1550.262 1550.262 1550.262 1550.262 1550.262 1550.262 1550.262 1550.262 1550.262 1550.262 1550.262 1550.262 1550.25 1550.193 1550.135 1550.077 1550.019 1550.0 1550.0 1550.0 1550.0 1550.0 1550.0 1550.0 1550.0 1550.0 1550.0 1550.0 1550.0 1550.0 1550.0 1550.0 1550.0 1550.0 1550.0 1550.019 1550.055 1550.091 1550.127 1550.163
