data/zism_data/01151_02_D.txt
ncols         224
nrows         224
[rows 56 to 83 of 224, columns 126 to 188 of 224]
4501.53 4503.401 4505.272 4507.144 4508.3 4508.582 4508.863 4509.144 4509.425 4509.45 4509.45 4509.45 4509.45 4509.45 4509.45 4509.45 4509.45 4509.45 4509.45 4509.45 4509.45 4509.45 4509.45 4509.45 4509.45 4509.45 4509.45 4509.391 4509.313 4509.237 4509.16 4508.68 4506.865 4505.049 4503.234 4501.419 4498.95 4496.195 4493.44 4490.685 4487.991 4485.618 4483.246 4480.873 4478.5 4476.118 4473.729 4471.34 4468.951 4466.524 4463.699 4460.875 4458.049 4455.225 4452.588 4450.105 4447.622 4445.138 4442.639 4439.029 4435.418 4431.809 4428.198
4506.727 4509.024 4511.322 4513.62 4515.06 4515.449 4515.838 4516.228 4516.617 4516.651 4516.651 4516.651 4516.651 4516.651 4516.651 4516.651 4516.651 4516.651 4516.651 4516.651 4516.651 4516.651 4516.651 4516.651 4516.651 4516.651 4516.651 4516.567 4516.458 4516.348 4516.239 4515.676 4513.613 4511.549 4509.486 4507.422 4504.724 4501.747 4498.771 4495.794 4492.883 4490.316 4487.749 4485.182 4482.615 4480.085 4477.577 4475.069 4472.562 4470.04 4467.366 4464.692 4462.019 4459.345 4456.791 4454.335 4451.879 4449.422 4446.947 4443.137 4439.327 4435.517 4431.707
4511.923 4514.648 4517.372 4520.096 4521.82 4522.317 4522.814 4523.312 4523.809 4523.852 4523.852 4523.852 4523.852 4523.852 4523.852 4523.852 4523.852 4523.852 4523.852 4523.852 4523.852 4523.852 4523.852 4523.852 4523.852 4523.852 4523.852 4523.743 4523.602 4523.459 4523.318 4522.673 4520.361 4518.049 4515.737 4513.425 4510.497 4507.299 4504.101 4500.903 4497.775 4495.014 4492.252 4489.491 4486.73 4484.052 4481.426 4478.799 4476.173 4473.555 4471.033 4468.511 4465.988 4463.466 4460.995 4458.565 4456.136 4453.707 4451.255 4447.245 4443.235 4439.226 4435.216
4517.425 4520.635 4523.845 4527.055 4529.201 4530.042 4530.883 4531.724 4532.565 4532.655 4532.673 4532.691 4532.709 4532.721 4532.721 4532.721 4532.721 4532.721 4532.721 4532.721 4532.721 4532.721 4532.721 4532.721 4532.721 4532.721 4532.721 4532.482 4532.172 4531.862 4531.551 4530.727 4528.198 4525.67 4523.141 4520.613 4517.537 4514.222 4510.907 4507.592 4504.338 4501.4 4498.462 4495.525 4492.587 4489.631 4486.664 4483.696 4480.728 4477.792 4475.189 4472.587 4469.984 4467.381 4464.852 4462.381 4459.911 4457.44 4454.949 4451.017 4447.083 4443.151 4439.218
4522.985 4526.692 4530.398 4534.105 4536.699 4537.929 4539.159 4540.389 4541.619 4541.762 4541.802 4541.841 4541.881 4541.906 4541.906 4541.906 4541.906 4541.906 4541.906 4541.906 4541.906 4541.906 4541.906 4541.906 4541.906 4541.906 4541.906 4541.518 4541.014 4540.509 4540.004 4538.981 4536.242 4533.503 4530.764 4528.025 4524.818 4521.406 4517.994 4514.582 4511.217 4508.107 4504.997 4501.886 4498.776 4495.516 4492.165 4488.813 4485.462 4482.166 4479.439 4476.712 4473.985 4471.258 4468.643 4466.119 4463.594 4461.07 4458.527 4454.724 4450.921 4447.118 4443.315
4528.545 4532.748 4536.952 4541.155 4544.197 4545.816 4547.435 4549.053 4550.672 4550.869 4550.93 4550.991 4551.053 4551.091 4551.091 4551.091 4551.091 4551.091 4551.091 4551.091 4551.091 4551.091 4551.091 4551.091 4551.091 4551.091 4551.091 4550.554 4549.855 4549.156 4548.457 4547.236 4544.286 4541.336 4538.387 4535.437 4532.098 4528.589 4525.08 4521.57 4518.097 4514.814 4511.531 4508.248 4504.964 4501.4 4497.666 4493.931 4490.197 4486.539 4483.688 4480.837 4477.986 4475.135 4472.434 4469.856 4467.277 4464.699 4462.105 4458.432 4454.758 4451.084 4447.411
4534.104 4538.805 4543.505 4548.205 4551.695 4553.703 4555.71 4557.718 4559.725 4559.976 4560.059 4560.142 4560.225 4560.276 4560.276 4560.276 4560.276 4560.276 4560.276 4560.276 4560.276 4560.276 4560.276 4560.276 4560.276 4560.276 4560.276 4559.59 4558.696 4557.803 4556.909 4555.49 4552.33 4549.17 4546.009 4542.849 4539.379 4535.772 4532.166 4528.559 4524.977 4521.521 4518.065 4514.609 4511.153 4507.285 4503.167 4499.049 4494.932 4490.913 4487.938 4484.962 4481.987 4479.012 4476.225 4473.593 4470.961 4468.329 4465.683 4462.139 4458.595 4455.051 4451.507
4540.205 4545.314 4550.424 4555.534 4559.449 4561.9 4564.35 4566.801 4569.251 4569.621 4569.793 4569.965 4570.137 4570.248 4570.258 4570.268 4570.277 4570.287 4570.289 4570.289 4570.289 4570.289 4570.289 4570.289 4570.289 4570.289 4570.289 4569.38 4568.197 4567.014 4565.83 4564.137 4560.753 4557.369 4553.985 4550.601 4546.981 4543.257 4539.534 4535.811 4532.103 4528.476 4524.849 4521.221 4517.594 4513.463 4509.028 4504.593 4500.158 4495.837 4492.725 4489.612 4486.499 4483.387 4480.452 4477.662 4474.872 4472.083 4469.283 4465.816 4462.349 4458.882 4455.415
4547.541 4552.861 4558.181 4563.501 4567.788 4570.805 4573.822 4576.84 4579.857 4580.499 4580.913 4581.328 4581.743 4582.018 4582.06 4582.102 4582.145 4582.187 4582.193 4582.193 4582.193 4582.193 4582.193 4582.193 4582.193 4582.193 4582.193 4580.895 4579.204 4577.513 4575.822 4573.68 4570.042 4566.404 4562.767 4559.129 4555.319 4551.434 4547.548 4543.663 4539.792 4535.998 4532.203 4528.408 4524.614 4520.316 4515.713 4511.11 4506.507 4502.02 4498.74 4495.46 4492.18 4488.899 4485.672 4482.488 4479.305 4476.121 4472.932 4469.422 4465.912 4462.401 4458.892
4554.876 4560.407 4565.938 4571.469 4576.126 4579.71 4583.295 4586.879 4590.463 4591.376 4592.034 4592.692 4593.35 4593.788 4593.863 4593.937 4594.012 4594.086 4594.098 4594.098 4594.098 4594.098 4594.098 4594.098 4594.098 4594.098 4594.098 4592.41 4590.211 4588.013 4585.814 4583.224 4579.332 4575.44 4571.549 4567.657 4563.657 4559.61 4555.563 4551.515 4547.481 4543.52 4539.558 4535.596 4531.634 4527.168 4522.398 4517.628 4512.858 4508.203 4504.755 4501.308 4497.86 4494.413 4490.894 4487.315 4483.737 4480.159 4476.581 4473.028 4469.475 4465.921 4462.368
4562.212 4567.953 4573.695 4579.437 4584.464 4588.615 4592.767 4596.918 4601.069 4602.253 4603.154 4604.055 4604.956 4605.558 4605.665 4605.772 4605.879 4605.986 4606.003 4606.003 4606.003 4606.003 4606.003 4606.003 4606.003 4606.003 4606.003 4603.924 4601.219 4598.513 4595.807 4592.767 4588.622 4584.476 4580.331 4576.186 4571.996 4567.786 4563.577 4559.367 4555.171 4551.042 4546.912 4542.783 4538.654 4534.021 4529.083 4524.146 4519.208 4514.385 4510.771 4507.156 4503.541 4499.926 4496.114 4492.142 4488.169 4484.197 4480.23 4476.634 4473.037 4469.441 4465.844
4569.548 4575.5 4581.452 4587.404 4592.802 4597.521 4602.239 4606.958 4611.676 4613.131 4614.275 4615.419 4616.563 4617.328 4617.467 4617.607 4617.747 4617.886 4617.908 4617.908 4617.908 4617.908 4617.908 4617.908 4617.908 4617.908 4617.908 4615.439 4612.226 4609.013 4605.799 4602.311 4597.911 4593.512 4589.113 4584.714 4580.334 4575.962 4571.591 4567.22 4562.86 4558.563 4554.267 4549.97 4545.673 4540.873 4535.768 4530.663 4525.558 4520.568 4516.786 4513.004 4509.222 4505.439 4501.335 4496.969 4492.602 4488.235 4483.879 4480.24 4476.6 4472.96 4469.321
4579.64 4585.794 4591.949 4598.104 4603.733 4608.72 4613.707 4618.694 4623.681 4625.638 4627.307 4628.976 4630.645 4631.806 4632.127 4632.448 4632.77 4633.091 4633.278 4633.439 4633.602 4633.763 4633.868 4633.843 4633.818 4633.793 4633.769 4631.159 4627.77 4624.381 4620.991 4617.267 4612.431 4607.596 4602.76 4597.925 4592.893 4587.775 4582.657 4577.539 4572.452 4567.531 4562.611 4557.691 4552.771 4547.695 4542.527 4537.358 4532.189 4527.137 4523.303 4519.47 4515.636 4511.803 4507.507 4502.833 4498.159 4493.486 4488.822 4484.87 4480.917 4476.965 4473.013
4590.565 4596.919 4603.274 4609.628 4615.448 4620.613 4625.778 4630.943 4636.108 4638.638 4640.917 4643.196 4645.476 4647.103 4647.65 4648.198 4648.746 4649.294 4649.694 4650.067 4650.439 4650.812 4651.053 4650.996 4650.938 4650.881 4650.824 4648.149 4644.684 4641.219 4637.754 4633.858 4628.531 4623.204 4617.877 4612.551 4606.727 4600.685 4594.644 4588.602 4582.618 4576.936 4571.255 4565.573 4559.892 4554.509 4549.308 4544.107 4538.906 4533.822 4529.973 4526.123 4522.273 4518.423 4513.965 4509.011 4504.057 4499.102 4494.156 4489.81 4485.463 4481.117 4476.77
4601.49 4608.044 4614.599 4621.152 4627.163 4632.506 4637.849 4643.192 4648.535 4651.638 4654.527 4657.417 4660.306 4662.398 4663.173 4663.947 4664.722 4665.497 4666.11 4666.693 4667.276 4667.859 4668.237 4668.147 4668.058 4667.968 4667.878 4665.138 4661.598 4658.058 4654.517 4650.448 4644.63 4638.812 4632.994 4627.176 4620.56 4613.595 4606.63 4599.666 4592.784 4586.341 4579.898 4573.455 4567.012 4561.323 4556.089 4550.855 4545.622 4540.507 4536.642 4532.776 4528.91 4525.044 4520.424 4515.189 4509.954 4504.718 4499.49 4494.75 4490.009 4485.268 4480.527
4612.416 4619.169 4625.923 4632.677 4638.877 4644.398 4649.92 4655.441 4660.962 4664.638 4668.137 4671.637 4675.136 4677.694 4678.696 4679.697 4680.699 4681.7 4682.527 4683.32 4684.114 4684.907 4685.422 4685.3 4685.178 4685.056 4684.934 4682.128 4678.512 4674.896 4671.28 4667.04 4660.73 4654.42 4648.111 4641.801 4634.394 4626.505 4618.617 4610.729 4602.95 4595.746 4588.541 4581.337 4574.133 4568.136 4562.87 4557.604 4552.338 4547.193 4543.311 4539.429 4535.546 4531.665 4526.882 4521.367 4515.851 4510.334 4504.824 4499.689 4494.554 4489.419 4484.284
4623.354 4630.217 4637.081 4643.944 4650.24 4655.839 4661.438 4667.038 4672.637 4676.745 4680.71 4684.676 4688.642 4691.592 4692.864 4694.137 4695.409 4696.681 4697.798 4698.886 4699.974 4701.062 4701.77 4701.607 4701.445 4701.284 4701.122 4698.235 4694.526 4690.817 4687.107 4682.719 4676.078 4669.438 4662.797 4656.156 4648.139 4639.519 4630.899 4622.279 4613.753 4605.723 4597.694 4589.665 4581.635 4575.232 4569.812 4564.392 4558.973 4553.681 4549.739 4545.797 4541.855 4537.913 4533.0 4527.296 4521.592 4515.888 4510.188 4504.727 4499.267 4493.807 4488.346
4634.337 4641.011 4647.686 4654.36 4660.438 4665.783 4671.129 4676.475 4681.82 4685.896 4689.851 4693.805 4697.76 4700.861 4702.548 4704.236 4705.924 4707.612 4709.277 4710.938 4712.598 4714.258 4715.344 4715.117 4714.89 4714.664 4714.437 4711.419 4707.559 4703.698 4699.838 4695.379 4688.938 4682.498 4676.057 4669.616 4661.592 4652.875 4644.158 4635.44 4626.667 4617.601 4608.535 4599.469 4590.403 4583.262 4577.286 4571.31 4565.334 4559.518 4555.37 4551.223 4547.076 4542.928 4537.989 4532.404 4526.818 4521.233 4515.648 4510.091 4504.533 4498.976 4493.418
4645.32 4651.805 4658.291 4664.776 4670.635 4675.727 4680.819 4685.911 4691.002 4695.046 4698.99 4702.935 4706.878 4710.129 4712.232 4714.336 4716.44 4718.543 4720.755 4722.988 4725.221 4727.454 4728.918 4728.626 4728.335 4728.043 4727.751 4724.603 4720.591 4716.58 4712.568 4708.04 4701.799 4695.558 4689.316 4683.076 4675.044 4666.23 4657.416 4648.601 4639.582 4629.479 4619.376 4609.272 4599.17 4591.292 4584.76 4578.228 4571.696 4565.354 4561.001 4556.648 4552.296 4547.944 4542.978 4537.511 4532.044 4526.578 4521.109 4515.454 4509.799 4504.145 4498.49
4656.303 4662.599 4668.896 4675.192 4680.833 4685.671 4690.51 4695.348 4700.186 4704.197 4708.13 4712.063 4715.997 4719.397 4721.917 4724.436 4726.956 4729.475 4732.234 4735.04 4737.845 4740.649 4742.493 4742.136 4741.78 4741.423 4741.067 4737.787 4733.624 4729.461 4725.299 4720.701 4714.659 4708.618 4702.577 4696.536 4688.498 4679.586 4670.674 4661.763 4652.496 4641.356 4630.217 4619.077 4607.938 4599.323 4592.234 4585.146 4578.058 4571.19 4566.632 4562.075 4557.517 4552.959 4547.966 4542.619 4537.271 4531.923 4526.569 4520.818 4515.066 4509.314 4503.562
4667.285 4673.393 4679.5 4685.608 4691.031 4695.615 4700.2 4704.784 4709.368 4713.348 4717.27 4721.193 4725.115 4728.666 4731.601 4734.536 4737.471 4740.406 4743.713 4747.09 4750.468 4753.845 4756.066 4755.646 4755.224 4754.803 4754.382 4750.971 4746.657 4742.343 4738.029 4733.361 4727.52 4721.678 4715.836 4709.995 4701.95 4692.941 4683.933 4674.924 4665.41 4653.234 4641.058 4628.881 4616.705 4607.353 4599.708 4592.064 4584.419 4577.026 4572.263 4567.5 4562.737 4557.975 4552.955 4547.726 4542.497 4537.268 4532.03 4526.181 4520.332 4514.483 4508.634
4675.433 4681.483 4687.533 4693.583 4698.967 4703.534 4708.101 4712.668 4717.235 4721.197 4725.101 4729.005 4732.909 4736.569 4739.827 4743.083 4746.341 4749.598 4753.232 4756.938 4760.643 4764.349 4766.792 4766.352 4765.911 4765.47 4765.029 4761.555 4757.165 4752.775 4748.385 4743.643 4737.734 4731.826 4725.917 4720.009 4711.939 4702.923 4693.907 4684.892 4675.334 4662.921 4650.508 4638.095 4625.682 4615.726 4607.255 4598.784 4590.313 4582.139 4577.081 4572.022 4566.964 4561.906 4556.743 4551.494 4546.244 4540.995 4535.739 4529.992 4524.245 4518.497 4512.75
4682.341 4688.391 4694.441 4700.491 4705.914 4710.567 4715.221 4719.874 4724.528 4728.477 4732.359 4736.242 4740.125 4743.877 4747.415 4750.953 4754.491 4758.028 4761.894 4765.821 4769.748 4773.675 4776.272 4775.832 4775.391 4774.95 4774.509 4771.001 4766.568 4762.135 4757.702 4752.884 4746.792 4740.7 4734.608 4728.516 4720.413 4711.429 4702.446 4693.462 4683.95 4671.65 4659.351 4647.051 4634.752 4624.249 4614.833 4605.417 4596.001 4586.935 4581.542 4576.149 4570.756 4565.363 4560.005 4554.675 4549.345 4544.015 4538.681 4533.123 4527.564 4522.006 4516.448
4689.249 4695.298 4701.349 4707.398 4712.86 4717.6 4722.34 4727.08 4731.82 4735.757 4739.618 4743.479 4747.339 4751.185 4755.003 4758.822 4762.64 4766.459 4770.555 4774.703 4778.852 4783.0 4785.752 4785.311 4784.87 4784.429 4783.988 4780.448 4775.971 4771.495 4767.019 4762.125 4755.85 4749.574 4743.298 4737.022 4728.886 4719.935 4710.984 4702.033 4692.566 4680.38 4668.194 4656.007 4643.821 4632.772 4622.412 4612.05 4601.689 4591.731 4586.004 4580.276 4574.548 4568.82 4563.267 4557.856 4552.445 4547.034 4541.623 4536.254 4530.885 4525.516 4520.146
4696.156 4702.207 4708.256 4714.307 4719.807 4724.633 4729.459 4734.286 4739.112 4743.037 4746.876 4750.716 4754.555 4758.492 4762.591 4766.691 4770.791 4774.89 4779.216 4783.586 4787.956 4792.326 4795.232 4794.791 4794.35 4793.909 4793.468 4789.895 4785.375 4780.855 4776.336 4771.367 4764.907 4758.448 4751.989 4745.53 4737.36 4728.441 4719.522 4710.604 4701.182 4689.109 4677.037 4664.964 4652.891 4641.296 4629.99 4618.684 4607.378 4596.528 4590.465 4584.403 4578.34 4572.278 4566.529 4561.037 4555.545 4550.053 4544.565 4539.385 4534.205 4529.025 4523.845
4702.728 4708.806 4714.883 4720.96 4726.529 4731.473 4736.416 4741.36 4746.303 4750.206 4754.009 4757.812 4761.615 4765.634 4770.011 4774.388 4778.764 4783.141 4787.69 4792.272 4796.854 4801.436 4804.5 4804.098 4803.696 4803.294 4802.892 4799.293 4794.729 4790.166 4785.603 4780.563 4773.947 4767.331 4760.714 4754.099 4745.896 4737.0 4728.103 4719.206 4709.819 4697.847 4685.875 4673.902 4661.93 4649.808 4637.596 4625.383 4613.171 4601.46 4595.006 4588.552 4582.097 4575.643 4569.677 4564.108 4558.539 4552.97 4547.409 4542.366 4537.322 4532.278 4527.234
4707.528 4713.778 4720.028 4726.279 4732.068 4737.292 4742.517 4747.742 4752.966 4756.789 4760.479 4764.168 4767.858 4771.904 4776.54 4781.176 4785.812 4790.448 4795.174 4799.918 4804.662 4809.406 4812.657 4812.498 4812.339 4812.18 4812.021 4808.441 4803.829 4799.217 4794.604 4789.524 4782.892 4776.259 4769.627 4762.995 4754.765 4745.836 4736.907 4727.978 4718.569 4706.629 4694.689 4682.749 4670.809 4658.262 4645.348 4632.434 4619.52 4607.107 4599.961 4592.816 4585.671 4578.526 4572.219 4566.596 4560.973 4555.351 4549.734 4544.55 4539.366 4534.182 4528.998
4712.327 4718.75 4725.173 4731.597 4737.607 4743.112 4748.618 4754.123 4759.628 4763.372 4766.948 4770.524 4774.101 4778.174 4783.069 4787.964 4792.859 4797.755 4802.659 4807.564 4812.47 4817.376 4820.814 4820.898 4820.982 4821.065 4821.149 4817.589 4812.928 4808.267 4803.606 4798.484 4791.836 4785.188 4778.539 4771.891 4763.633 4754.672 4745.71 4736.749 4727.318 4715.411 4703.503 4691.595 4679.688 4666.715 4653.1 4639.483 4625.867 4612.753 4604.917 4597.081 4589.244 4581.408 4574.761 4569.084 4563.407 4557.731 4552.059 4546.734 4541.41 4536.085 4530.761
