data/zism_data/01157_04_D.txt
ncols         224
nrows         224
[rows 168 to 195 of 224, columns 0 to 62 of 224]
601.7252 601.2092 600.6931 600.2828 600.0021 599.7213 599.4406 599.1599 599.6769 600.2842 600.8914 601.4986 605.5056 615.8876 626.2692 636.6512 647.0329 660.8073 675.4458 690.0839 704.7224 718.1676 727.9644 737.7607 747.5574 757.3538 766.3994 775.1167 783.8337 792.5511 800.972 807.6459 814.3195 820.9934 827.6671 833.7174 839.3423 844.967 850.592 856.3242 864.4207 872.5168 880.6133 888.7096 896.809 904.9109 913.013 921.1153 929.2173 940.9326 952.8699 964.8076 976.7448 991.1866 1009.523 1027.859 1046.196 1064.533 1082.527 1100.455 1118.384 1136.312 1152.807
602.5718 601.8955 601.2191 600.6677 600.2694 599.8711 599.4728 599.0745 599.2244 599.4362 599.648 599.8598 603.2744 612.6945 622.1143 631.5344 640.9542 654.4824 669.0568 683.6307 698.2052 711.61 721.4388 731.2672 741.0959 750.9244 760.0801 768.9417 777.803 786.6647 795.2159 801.9379 808.6596 815.3815 822.1033 827.8683 832.9803 838.092 843.204 848.4348 856.2855 864.1359 871.9866 879.837 887.6616 895.459 903.2565 911.0543 918.8517 930.4487 942.2791 954.1099 965.9402 980.409 998.9805 1017.552 1036.124 1054.696 1073.239 1091.777 1110.315 1128.852 1145.938
608.7108 607.1555 605.6003 604.3171 603.3673 602.4176 601.4678 600.5181 600.394 600.3631 600.3322 600.3013 603.2955 611.9621 620.6284 629.2949 637.9612 650.8813 664.8849 678.8879 692.8914 705.8499 715.6135 725.3768 735.1405 744.9038 754.0845 763.0105 771.9363 780.8623 789.462 796.1384 802.8145 809.4908 816.1669 821.619 826.2353 830.8514 835.4678 840.2189 847.9418 855.6645 863.3874 871.11 878.884 886.7101 894.5362 902.3626 910.1887 921.8992 933.8484 945.7979 957.7471 972.2769 990.8197 1009.363 1027.906 1046.449 1065.088 1083.745 1102.403 1121.06 1138.341
617.704 614.8824 612.0607 609.7272 607.9919 606.2568 604.5215 602.7863 602.4385 602.2473 602.0561 601.8649 604.5315 612.5568 620.5818 628.6072 636.6322 648.7494 661.9086 675.0674 688.2266 700.5199 710.166 719.8117 729.4578 739.1036 748.2633 757.2108 766.1579 775.1053 783.7094 790.2896 796.8694 803.4496 810.0295 815.1537 819.2837 823.4136 827.5436 831.8269 839.4857 847.1442 854.803 862.4615 870.3056 878.3401 886.3746 894.4094 902.444 914.3931 926.5826 938.7727 950.9623 965.5715 983.9434 1002.315 1020.688 1039.059 1057.55 1076.063 1094.577 1113.09 1130.35
626.6972 622.6093 618.5211 615.1373 612.6165 610.0959 607.5751 605.0545 604.4829 604.1314 603.7799 603.4284 605.7675 613.1516 620.5353 627.9194 635.3033 646.6174 658.9324 671.2469 683.5619 695.1899 704.7185 714.2467 723.7752 733.3034 742.4423 751.4111 760.3795 769.3483 777.9567 784.4407 790.9245 797.4084 803.8922 808.6884 812.3322 815.9758 819.6196 823.4349 831.0296 838.624 846.2187 853.8131 861.7274 869.9703 878.2132 886.4564 894.6993 906.887 919.317 931.7475 944.1776 958.8663 977.0671 995.2679 1013.469 1031.67 1050.013 1068.381 1086.75 1105.119 1122.359
635.6904 630.3361 624.9815 620.5474 617.2411 613.935 610.6288 607.3227 606.5274 606.0156 605.5038 604.9919 607.0034 613.7463 620.4889 627.2318 633.9744 644.4854 655.9561 667.4265 678.8972 689.86 699.271 708.6816 718.0926 727.5032 736.6212 745.6113 754.6012 763.5914 772.2041 778.5919 784.9795 791.3673 797.7549 802.2231 805.3806 808.538 811.6955 815.043 822.5735 830.1038 837.6344 845.1647 853.1491 861.6004 870.0517 878.5032 886.9545 899.3809 912.0513 924.7223 937.3928 952.1609 970.1908 988.2206 1006.251 1024.281 1042.475 1060.699 1078.924 1097.148 1114.368
645.0498 638.5389 632.0277 626.6058 622.5189 618.432 614.345 610.2582 609.2061 608.4966 607.7872 607.0777 608.7232 614.7845 620.8456 626.9069 632.968 642.6349 653.2202 663.8051 674.3903 684.6463 693.8964 703.1461 712.3962 721.6459 730.6898 739.6438 748.5975 757.5516 766.1219 772.4298 778.7375 785.0455 791.3531 795.5528 798.3129 801.0728 803.8328 806.7983 814.2862 821.7739 829.2617 836.7494 844.8161 853.4783 862.1406 870.8032 879.4654 892.0811 904.9398 917.7988 930.6574 945.4677 963.3123 981.157 999.0023 1016.847 1034.869 1052.924 1070.98 1089.035 1106.203
658.6026 652.1932 645.7835 640.0911 635.2774 630.4639 625.6501 620.8366 619.149 617.8144 616.4798 615.1451 615.9852 620.9029 625.8205 630.7382 635.6558 644.009 653.237 662.4647 671.6927 680.764 689.3568 697.9493 706.5421 715.1346 723.4952 731.7546 740.0137 748.2731 756.2649 762.6797 769.0942 775.509 781.9236 786.5349 789.9149 793.2946 796.6745 800.2417 807.9327 815.6234 823.3143 831.0049 839.2932 848.1959 857.0986 866.0016 874.9043 887.1464 899.5935 912.0411 924.4883 938.9122 956.4095 973.9069 991.4048 1008.902 1026.487 1044.088 1061.69 1079.291 1096.048
672.1554 665.8475 659.5394 653.5764 648.0359 642.4957 636.9553 631.4151 629.092 627.1322 625.1724 623.2125 623.2471 627.0213 630.7954 634.5696 638.3437 645.3831 653.2538 661.1244 668.9952 676.8817 684.8172 692.7525 700.688 708.6233 716.3007 723.8654 731.4298 738.9946 746.4079 752.9296 759.451 765.9727 772.4941 777.5171 781.5168 785.5164 789.5162 793.6851 801.5791 809.4728 817.3668 825.2606 833.7702 842.9134 852.0565 861.2 870.3431 882.2116 894.2473 906.2834 918.3192 932.3567 949.5067 966.6568 983.8074 1000.957 1018.105 1035.252 1052.4 1069.547 1085.893
685.7083 679.5019 673.2953 667.0617 660.7946 654.5276 648.2606 641.9937 639.0352 636.4501 633.8651 631.28 630.5091 633.1398 635.7703 638.401 641.0316 646.7571 653.2706 659.784 666.2975 672.9993 680.2776 687.5556 694.8339 702.1119 709.106 715.9761 722.8459 729.7159 736.5508 743.1793 749.8076 756.4362 763.0645 768.4991 773.1188 777.7382 782.3578 787.1284 795.2255 803.3223 811.4193 819.5161 828.2473 837.6309 847.0145 856.3984 865.782 877.2768 888.9011 900.5258 912.15 925.8011 942.6039 959.4066 976.2099 993.0126 1009.723 1026.416 1043.109 1059.802 1075.737
699.261 693.1562 687.0511 680.5469 673.5531 666.5595 659.5657 652.5721 648.9781 645.7678 642.5577 639.3474 637.771 639.2581 640.7452 642.2324 643.7194 648.1312 653.2875 658.4436 663.6 669.1169 675.738 682.3588 688.9799 695.6006 701.9114 708.0869 714.262 720.4374 726.6938 733.4292 740.1644 746.8998 753.6349 759.4813 764.7208 769.96 775.1995 780.5718 788.8719 797.1718 805.4719 813.7717 822.7243 832.3484 841.9725 851.5969 861.2209 872.342 883.5549 894.7681 905.9809 919.2457 935.7011 952.1565 968.6125 985.0679 1001.341 1017.58 1033.819 1050.057 1065.582
710.154 704.1998 698.2454 691.6768 684.3549 677.0332 669.7113 662.3896 658.306 654.588 650.87 647.1519 644.9103 645.4368 645.9633 646.4898 647.0164 650.4364 654.5931 658.7498 662.9066 667.5103 673.4823 679.454 685.426 691.3978 697.0031 702.4483 707.8934 713.3386 718.9264 725.3564 731.7862 738.2162 744.646 750.6329 756.3174 762.0018 767.6864 773.4954 782.0449 790.5942 799.1437 807.6931 816.923 826.853 836.7831 846.7134 856.6435 867.6365 878.6946 889.753 900.811 913.7762 929.7068 945.6375 961.5686 977.4992 993.1812 1008.815 1024.45 1040.084 1055.096
718.5011 712.7446 706.9879 700.5522 693.2838 686.0155 678.747 671.4788 667.0453 662.9318 658.8184 654.7049 651.9322 651.6732 651.4142 651.1552 650.8962 653.633 657.1325 660.6319 664.1314 668.0819 673.4126 678.7431 684.0739 689.4044 694.283 698.9641 703.645 708.326 713.159 718.889 724.6188 730.3488 736.0786 741.9465 747.909 753.8713 759.8337 765.9212 774.7646 783.6078 792.4513 801.2945 810.8552 821.1539 831.4527 841.7518 852.0505 863.1505 874.2993 885.4486 896.5975 909.3461 924.5821 939.8181 955.0545 970.2905 985.2328 1000.119 1015.005 1029.892 1044.293
726.8481 721.2894 715.7304 709.4276 702.2126 694.9977 687.7827 680.5679 675.7846 671.2756 666.7668 662.2579 658.954 657.9095 656.865 655.8205 654.776 656.8295 659.6718 662.514 665.3562 668.6534 673.3429 678.0322 682.7217 687.411 691.5629 695.4799 699.3966 703.3135 707.3917 712.4217 717.4515 722.4815 727.5114 733.2603 739.5007 745.7407 751.9811 758.3471 767.4845 776.6215 785.7589 794.896 804.7875 815.4549 826.1223 836.79 847.4575 858.6644 869.9041 881.1442 892.384 904.9161 919.4574 933.9987 948.5405 963.0818 977.2846 991.4226 1005.561 1019.699 1033.49
735.1953 729.8342 724.4729 718.303 711.1414 703.98 696.8184 689.657 684.5238 679.6194 674.7152 669.8108 665.9759 664.1458 662.3159 660.4858 658.6558 660.0261 662.2111 664.3961 666.5811 669.225 673.2733 677.3213 681.3695 685.4176 688.8428 691.9956 695.1483 698.3011 701.6243 705.9543 710.2842 714.6142 718.9441 724.5741 731.0923 737.6102 744.1284 750.773 760.2043 769.6353 779.0665 788.4975 798.7197 809.7558 820.7919 831.8284 842.8645 854.1783 865.509 876.8399 888.1705 900.486 914.3327 928.1793 942.0264 955.8731 969.3363 982.7263 996.1167 1009.507 1022.688
743.5424 738.379 733.2155 727.1785 720.0703 712.9623 705.8541 698.7462 693.2631 687.9633 682.6636 677.3638 672.9978 670.3822 667.7667 665.1512 662.5356 663.2227 664.7504 666.2781 667.8059 669.7966 673.2036 676.6104 680.0174 683.4242 686.1227 688.5114 690.8999 693.2885 695.8569 699.4869 703.1168 706.7468 710.3767 715.8878 722.6838 729.4797 736.2758 743.1989 752.9241 762.6489 772.3741 782.0989 792.6519 804.0567 815.4615 826.8667 838.2714 849.6923 861.1137 872.5355 883.957 896.056 909.2079 922.3599 935.5124 948.6644 961.388 974.0299 986.6722 999.3141 1011.885
750.0416 744.4269 738.812 732.494 725.3134 718.1331 710.9526 703.7723 698.0532 692.4988 686.9446 681.3903 676.8178 674.0859 671.3541 668.6223 665.8904 666.3629 667.651 668.9391 670.2272 671.9388 674.946 677.9532 680.9604 683.9676 686.2824 688.2943 690.3062 692.3181 694.4841 697.5601 700.6359 703.7119 706.7877 711.671 717.7889 723.9066 730.0245 736.3044 746.1524 756.0001 765.8481 775.6957 786.3217 797.748 809.1743 820.601 832.0273 843.2126 854.3828 865.5533 876.7234 888.4468 901.03 913.6131 926.1967 938.7798 951.376 963.9742 976.5729 989.1711 1001.658
756.4263 750.3201 744.2136 737.5887 730.3281 723.0676 715.8069 708.5465 702.5983 696.7982 690.9982 685.1981 680.4393 677.6326 674.826 672.0193 669.2127 669.4996 670.574 671.6483 672.7227 674.1784 676.801 679.4233 682.0459 684.6683 686.6207 688.2799 689.9391 691.5983 693.3839 695.9147 698.4456 700.9765 703.5073 707.7313 713.1118 718.4921 723.8726 729.452 739.4122 749.3721 759.3323 769.2922 779.975 791.4014 802.8276 814.2543 825.6807 836.6093 847.5069 858.4049 869.3025 880.6405 892.6625 904.6846 916.7071 928.7292 941.236 953.8342 966.4329 979.0311 991.4669
762.811 756.2131 749.615 742.6835 735.3426 728.002 720.6612 713.3206 707.1435 701.0975 695.0518 689.0058 684.0607 681.1792 678.2978 675.4163 672.5349 672.6362 673.4969 674.3575 675.2181 676.418 678.6558 680.8936 683.1313 685.369 686.9589 688.2655 689.572 690.8786 692.2836 694.2695 696.2552 698.2411 700.2269 703.7916 708.4347 713.0776 717.7207 722.5996 732.6721 742.7441 752.8166 762.8887 773.6285 785.0548 796.4811 807.9078 819.3341 830.006 840.6311 851.2566 861.8817 872.8342 884.2952 895.7562 907.2177 918.6786 931.096 943.6942 956.2929 968.8911 981.2759
769.1957 762.1062 755.0165 747.7782 740.3572 732.9365 725.5155 718.0948 711.6887 705.3969 699.1053 692.8135 687.6821 684.7258 681.7696 678.8133 675.8571 675.7729 676.4199 677.0667 677.7136 678.6577 680.5107 682.3637 684.2167 686.0697 687.2972 688.2511 689.205 690.1589 691.1833 692.6241 694.0649 695.5058 696.9466 699.8519 703.7576 707.6631 711.5688 715.7473 725.9319 736.1163 746.3009 756.4852 767.2819 778.7083 790.1345 801.5612 812.9875 823.4027 833.7553 844.1082 854.4608 865.028 875.9279 886.8278 897.7281 908.6281 920.9561 933.5543 946.153 958.7512 971.0848
774.7602 767.38 759.9996 752.5991 745.1736 737.7483 730.3228 722.8975 716.3809 709.9666 703.5526 697.1384 691.91 688.9048 685.8996 682.8943 679.8892 679.6533 680.1223 680.5912 681.0602 681.7602 683.1668 684.5734 685.98 687.3866 688.2426 688.8577 689.4728 690.088 690.762 691.7831 692.8042 693.8254 694.8464 697.1812 700.413 703.6448 706.8767 710.3945 720.2061 730.0172 739.8287 749.6399 760.2934 771.8132 783.333 794.8532 806.373 816.8217 827.2041 837.5869 847.9693 858.3833 868.8455 879.3077 889.7703 900.2325 912.4288 924.9534 937.4785 950.0032 962.2328
778.9415 771.6094 764.2771 756.9584 749.6557 742.3533 735.0507 727.7483 721.3209 714.9922 708.6637 702.335 697.1605 694.1499 691.1394 688.1288 685.1183 684.7876 685.139 685.4905 685.8419 686.3177 687.174 688.0302 688.8864 689.7426 690.2118 690.5117 690.8115 691.1114 691.4855 692.2983 693.111 693.9238 694.7365 696.6501 699.3156 701.981 704.6464 707.5707 716.1906 724.8102 733.4301 742.0497 752.2225 763.9934 775.7643 787.5357 799.3066 810.2783 821.2004 832.1229 843.045 853.6976 863.93 874.1625 884.3953 894.6277 906.6212 918.9481 931.2755 943.6024 955.639
783.1229 775.8389 768.5546 761.3176 754.1378 746.9583 739.7786 732.5991 726.261 720.0178 713.7748 707.5315 702.411 699.395 696.3792 693.3633 690.3475 689.9219 690.1558 690.3897 690.6236 690.8752 691.181 691.4869 691.7927 692.0986 692.181 692.1655 692.1501 692.1348 692.2092 692.8135 693.4178 694.0222 694.6265 696.119 698.2181 700.3171 702.4161 704.7468 712.175 719.6031 727.0314 734.4594 744.1516 756.1736 768.1957 780.2182 792.2403 803.7349 815.1967 826.6589 838.1207 849.0118 859.0145 869.0172 879.0202 889.0229 900.8135 912.9427 925.0724 937.2017 949.0453
787.3043 780.0684 772.8322 765.6768 758.62 751.5634 744.5065 737.4499 731.2012 725.0434 718.8859 712.7281 707.6615 704.6403 701.6191 698.5978 695.5766 695.0563 695.1727 695.289 695.4053 695.4327 695.1882 694.9437 694.6991 694.4546 694.1501 693.8195 693.4888 693.1581 692.9327 693.3287 693.7247 694.1206 694.5166 695.5879 697.1205 698.6531 700.1858 701.9229 708.1595 714.396 720.6326 726.8691 736.0806 748.3538 760.627 772.9006 785.1738 797.1915 809.1929 821.1948 833.1963 844.326 854.099 863.8719 873.6451 883.418 895.0059 906.9374 918.8694 930.8009 942.4514
791.4856 784.2978 777.1097 770.0361 763.1021 756.1684 749.2344 742.3007 736.1412 730.069 723.9969 717.9247 712.912 709.8854 706.8589 703.8322 700.8057 700.1907 700.1895 700.1882 700.187 699.9902 699.1953 698.4004 697.6055 696.8105 696.1193 695.4733 694.8274 694.1815 693.6563 693.8439 694.0315 694.2191 694.4066 695.0568 696.0231 696.9893 697.9555 699.099 704.144 709.1889 714.234 719.2789 728.0096 740.534 753.0583 765.5831 778.1075 790.6481 803.1893 815.7308 828.272 839.6404 849.1835 858.7266 868.2701 877.8132 889.1982 900.9321 912.6663 924.4002 935.8576
796.3087 789.2848 782.2607 775.3403 768.5463 761.7527 754.9588 748.1651 742.0813 736.0774 730.0737 724.0698 719.3072 716.8716 714.4361 712.0005 709.565 708.983 708.8728 708.7626 708.6524 708.0984 706.1867 704.2751 702.3635 700.4518 699.0552 697.8837 696.7123 695.5408 694.5443 694.5792 694.6141 694.6491 694.684 695.1423 695.8896 696.6369 697.3843 698.2765 702.3573 706.4379 710.5187 714.5994 722.5082 734.357 746.2058 758.055 769.9038 783.0146 796.2028 809.3913 822.5794 834.3306 843.8456 853.3606 862.876 872.391 883.3961 894.6834 905.9711 917.2585 928.1957
801.2894 794.4578 787.6261 780.8764 774.2268 767.5774 760.9278 754.2784 748.2668 742.327 736.3875 730.4476 725.9833 724.2852 722.5872 720.889 719.1909 718.6733 718.4562 718.2392 718.0221 717.0782 713.9108 710.7434 707.576 704.4086 702.2283 700.4797 698.7312 696.9827 695.4725 695.3685 695.2645 695.1605 695.0566 695.379 695.9928 696.6065 697.2202 697.9452 701.1176 704.2898 707.4622 710.6345 717.6374 728.5832 739.5289 750.4751 761.4208 775.1136 788.975 802.8369 816.6982 828.8676 838.404 847.9404 857.4771 867.0135 877.5953 888.375 899.1551 909.9348 920.2714
806.27 799.6309 792.9915 786.4125 779.9072 773.4021 766.8967 760.3916 754.4523 748.5766 742.7012 736.8255 732.6595 731.6988 730.7381 729.7774 728.8167 728.3636 728.0396 727.7157 727.3917 726.0579 721.6347 717.2117 712.7885 708.3654 705.4014 703.0757 700.7501 698.4244 696.4007 696.1578 695.9149 695.6719 695.4291 695.6158 696.0959 696.576 697.0562 697.6139 699.8778 702.1417 704.4056 706.6695 712.7667 722.8094 732.8521 742.8952 752.9379 767.2126 781.7473 796.2824 810.8171 823.4047 832.9624 842.5201 852.0782 861.636 871.7946 882.0667 892.3391 902.6112 912.3472
