data/zism_data/01153_01_D.txt
ncols         224
nrows         224
[rows 84 to 111 of 224, columns 63 to 125 of 224]
3716.428 3716.907 3717.386 3717.866 3718.345 3718.163 3717.78 3717.398 3717.016 3716.583 3715.985 3715.387 3714.79 3714.192 3713.535 3712.852 3712.169 3711.487 3710.756 3709.771 3708.785 3707.8 3706.815 3706.264 3705.975 3705.686 3705.397 3705.184 3705.767 3706.349 3706.932 3707.515 3708.57 3710.01 3711.449 3712.889 3714.329 3715.799 3717.269 3718.738 3720.208 3721.761 3723.406 3725.052 3726.697 3728.342 3729.855 3731.359 3732.864 3734.369 3735.934 3737.589 3739.244 3740.9 3742.555 3743.704 3744.778 3745.852 3746.925 3747.555 3747.296 3747.037 3746.778
3716.86 3717.378 3717.896 3718.415 3718.933 3718.773 3718.408 3718.043 3717.679 3717.263 3716.68 3716.096 3715.513 3714.929 3714.348 3713.767 3713.186 3712.605 3711.965 3711.015 3710.065 3709.115 3708.165 3707.625 3707.334 3707.043 3706.753 3706.538 3707.121 3707.704 3708.288 3708.871 3709.939 3711.404 3712.868 3714.333 3715.798 3717.269 3718.741 3720.212 3721.684 3723.259 3724.946 3726.634 3728.321 3730.008 3731.497 3732.972 3734.448 3735.924 3737.487 3739.177 3740.867 3742.557 3744.247 3745.36 3746.386 3747.412 3748.438 3749.024 3748.728 3748.433 3748.137
3717.365 3717.937 3718.509 3719.081 3719.653 3719.534 3719.208 3718.88 3718.553 3718.181 3717.656 3717.132 3716.608 3716.083 3715.587 3715.103 3714.619 3714.135 3713.588 3712.708 3711.828 3710.947 3710.067 3709.581 3709.333 3709.085 3708.838 3708.656 3709.175 3709.694 3710.212 3710.731 3711.732 3713.127 3714.521 3715.916 3717.312 3718.811 3720.309 3721.807 3723.306 3724.877 3726.526 3728.176 3729.826 3731.476 3733.043 3734.605 3736.167 3737.729 3739.343 3741.033 3742.723 3744.413 3746.103 3747.183 3748.171 3749.16 3750.148 3750.701 3750.384 3750.067 3749.75
3717.869 3718.495 3719.121 3719.747 3720.373 3720.296 3720.007 3719.717 3719.428 3719.098 3718.633 3718.167 3717.702 3717.237 3716.826 3716.439 3716.052 3715.665 3715.211 3714.4 3713.59 3712.78 3711.97 3711.537 3711.332 3711.127 3710.923 3710.775 3711.229 3711.683 3712.137 3712.591 3713.525 3714.849 3716.174 3717.499 3718.826 3720.352 3721.877 3723.402 3724.928 3726.495 3728.107 3729.719 3731.331 3732.943 3734.589 3736.237 3737.885 3739.533 3741.198 3742.888 3744.578 3746.269 3747.958 3749.006 3749.956 3750.907 3751.858 3752.379 3752.04 3751.702 3751.363
3718.374 3719.054 3719.733 3720.413 3721.093 3721.057 3720.806 3720.554 3720.302 3720.015 3719.609 3719.203 3718.797 3718.391 3718.066 3717.775 3717.485 3717.195 3716.833 3716.093 3715.353 3714.612 3713.872 3713.492 3713.331 3713.169 3713.007 3712.894 3713.283 3713.673 3714.062 3714.451 3715.317 3716.572 3717.827 3719.081 3720.34 3721.893 3723.445 3724.997 3726.55 3728.113 3729.687 3731.261 3732.835 3734.41 3736.135 3737.869 3739.603 3741.338 3743.054 3744.744 3746.434 3748.124 3749.814 3750.829 3751.741 3752.655 3753.568 3754.056 3753.696 3753.336 3752.976
3718.879 3719.612 3720.346 3721.079 3721.813 3721.819 3721.605 3721.391 3721.177 3720.932 3720.585 3720.239 3719.892 3719.545 3719.305 3719.112 3718.918 3718.725 3718.456 3717.786 3717.115 3716.445 3715.775 3715.448 3715.33 3715.211 3715.092 3715.012 3715.337 3715.662 3715.987 3716.312 3717.11 3718.295 3719.479 3720.664 3721.854 3723.434 3725.013 3726.592 3728.171 3729.73 3731.267 3732.804 3734.34 3735.877 3737.681 3739.501 3741.322 3743.142 3744.91 3746.6 3748.29 3749.98 3751.67 3752.652 3753.527 3754.402 3755.277 3755.734 3755.352 3754.97 3754.589
3719.145 3719.943 3720.742 3721.541 3722.339 3722.426 3722.297 3722.169 3722.04 3721.88 3721.615 3721.35 3721.085 3720.82 3720.658 3720.542 3720.426 3720.31 3720.123 3719.559 3718.995 3718.431 3717.867 3717.601 3717.514 3717.427 3717.34 3717.284 3717.544 3717.804 3718.064 3718.325 3719.048 3720.149 3721.249 3722.35 3723.458 3725.033 3726.608 3728.183 3729.759 3731.323 3732.875 3734.427 3735.98 3737.532 3739.402 3741.292 3743.182 3745.071 3746.868 3748.531 3750.192 3751.854 3753.516 3754.471 3755.32 3756.169 3757.018 3757.465 3757.106 3756.748 3756.39
3719.192 3720.066 3720.94 3721.814 3722.688 3722.891 3722.892 3722.893 3722.893 3722.856 3722.693 3722.53 3722.367 3722.205 3722.115 3722.059 3722.002 3721.945 3721.83 3721.406 3720.982 3720.558 3720.134 3719.934 3719.868 3719.803 3719.738 3719.695 3719.891 3720.087 3720.282 3720.478 3721.119 3722.123 3723.126 3724.13 3725.142 3726.685 3728.228 3729.771 3731.313 3732.892 3734.509 3736.126 3737.743 3739.36 3741.284 3743.228 3745.171 3747.115 3748.922 3750.53 3752.138 3753.747 3755.355 3756.289 3757.121 3757.954 3758.787 3759.244 3758.95 3758.657 3758.363
3719.24 3720.189 3721.138 3722.087 3723.037 3723.357 3723.487 3723.616 3723.746 3723.832 3723.771 3723.711 3723.65 3723.59 3723.573 3723.575 3723.577 3723.58 3723.537 3723.253 3722.969 3722.685 3722.401 3722.267 3722.223 3722.179 3722.135 3722.107 3722.238 3722.369 3722.5 3722.631 3723.189 3724.096 3725.003 3725.91 3726.826 3728.336 3729.847 3731.358 3732.868 3734.461 3736.142 3737.824 3739.506 3741.187 3743.166 3745.163 3747.161 3749.158 3750.975 3752.53 3754.084 3755.638 3757.193 3758.106 3758.922 3759.739 3760.555 3761.023 3760.794 3760.565 3760.336
3719.287 3720.312 3721.336 3722.361 3723.385 3723.822 3724.081 3724.34 3724.599 3724.808 3724.849 3724.891 3724.933 3724.975 3725.03 3725.092 3725.153 3725.215 3725.244 3725.1 3724.956 3724.812 3724.667 3724.599 3724.577 3724.555 3724.533 3724.519 3724.585 3724.651 3724.718 3724.784 3725.26 3726.07 3726.88 3727.69 3728.51 3729.989 3731.467 3732.945 3734.424 3736.03 3737.776 3739.522 3741.268 3743.014 3745.048 3747.099 3749.15 3751.201 3753.029 3754.53 3756.03 3757.531 3759.031 3759.923 3760.723 3761.524 3762.324 3762.803 3762.638 3762.474 3762.31
3719.334 3720.434 3721.534 3722.634 3723.734 3724.288 3724.676 3725.064 3725.452 3725.784 3725.927 3726.072 3726.216 3726.359 3726.487 3726.608 3726.729 3726.85 3726.95 3726.947 3726.942 3726.938 3726.934 3726.932 3726.932 3726.931 3726.93 3726.93 3726.932 3726.934 3726.936 3726.938 3727.331 3728.044 3728.757 3729.47 3730.194 3731.64 3733.086 3734.532 3735.979 3737.599 3739.41 3741.22 3743.031 3744.842 3746.93 3749.035 3751.14 3753.245 3755.082 3756.529 3757.976 3759.423 3760.869 3761.74 3762.524 3763.308 3764.093 3764.582 3764.482 3764.383 3764.283
3719.35 3720.499 3721.648 3722.798 3723.947 3724.631 3725.174 3725.718 3726.261 3726.742 3727.014 3727.287 3727.559 3727.831 3728.069 3728.29 3728.512 3728.734 3728.928 3728.975 3729.022 3729.069 3729.116 3729.134 3729.134 3729.134 3729.134 3729.134 3729.134 3729.134 3729.134 3729.134 3729.476 3730.097 3730.719 3731.34 3731.974 3733.424 3734.875 3736.325 3737.775 3739.439 3741.335 3743.231 3745.128 3747.024 3748.99 3750.961 3752.931 3754.902 3756.661 3758.112 3759.562 3761.012 3762.463 3763.42 3764.303 3765.186 3766.069 3766.648 3766.618 3766.588 3766.558
3719.365 3720.562 3721.76 3722.958 3724.156 3724.97 3725.67 3726.37 3727.069 3727.7 3728.101 3728.503 3728.904 3729.306 3729.654 3729.978 3730.302 3730.626 3730.913 3731.009 3731.104 3731.2 3731.295 3731.331 3731.331 3731.331 3731.331 3731.331 3731.331 3731.331 3731.331 3731.331 3731.623 3732.153 3732.683 3733.213 3733.756 3735.212 3736.668 3738.124 3739.579 3741.287 3743.269 3745.252 3747.234 3749.216 3751.056 3752.886 3754.717 3756.548 3758.226 3759.682 3761.138 3762.594 3764.049 3765.096 3766.081 3767.067 3768.052 3768.722 3768.762 3768.802 3768.842
3719.379 3720.625 3721.872 3723.118 3724.364 3725.31 3726.166 3727.021 3727.877 3728.657 3729.188 3729.719 3730.25 3730.78 3731.239 3731.665 3732.091 3732.517 3732.899 3733.043 3733.187 3733.331 3733.474 3733.529 3733.529 3733.529 3733.529 3733.529 3733.529 3733.529 3733.529 3733.529 3733.77 3734.208 3734.647 3735.085 3735.539 3737.0 3738.461 3739.922 3741.383 3743.135 3745.203 3747.272 3749.34 3751.409 3753.121 3754.812 3756.503 3758.194 3759.791 3761.252 3762.713 3764.175 3765.635 3766.772 3767.86 3768.947 3770.035 3770.797 3770.906 3771.016 3771.126
3719.394 3720.689 3721.983 3723.278 3724.573 3725.65 3726.662 3727.673 3728.685 3729.615 3730.275 3730.935 3731.595 3732.255 3732.823 3733.352 3733.881 3734.409 3734.884 3735.077 3735.269 3735.461 3735.654 3735.726 3735.726 3735.726 3735.726 3735.726 3735.726 3735.726 3735.726 3735.726 3735.917 3736.264 3736.611 3736.958 3737.321 3738.788 3740.254 3741.721 3743.188 3744.983 3747.137 3749.292 3751.447 3753.601 3755.187 3756.738 3758.289 3759.839 3761.356 3762.823 3764.289 3765.755 3767.222 3768.448 3769.638 3770.828 3772.018 3772.871 3773.051 3773.231 3773.411
3719.426 3720.758 3722.089 3723.421 3724.753 3725.957 3727.123 3728.288 3729.454 3730.53 3731.31 3732.09 3732.87 3733.65 3734.306 3734.907 3735.509 3736.11 3736.654 3736.895 3737.136 3737.376 3737.617 3737.712 3737.719 3737.726 3737.733 3737.742 3737.783 3737.824 3737.865 3737.905 3738.088 3738.386 3738.685 3738.983 3739.298 3740.754 3742.211 3743.667 3745.123 3746.909 3749.054 3751.2 3753.346 3755.491 3757.0 3758.47 3759.939 3761.409 3762.881 3764.355 3765.829 3767.303 3768.777 3770.081 3771.36 3772.639 3773.917 3774.86 3775.133 3775.406 3775.678
3719.481 3720.834 3722.188 3723.541 3724.894 3726.219 3727.535 3728.852 3730.168 3731.385 3732.273 3733.16 3734.048 3734.936 3735.647 3736.281 3736.914 3737.548 3738.127 3738.416 3738.705 3738.995 3739.284 3739.407 3739.43 3739.453 3739.476 3739.509 3739.646 3739.784 3739.922 3740.059 3740.291 3740.601 3740.91 3741.219 3741.544 3742.968 3744.392 3745.816 3747.24 3748.942 3750.947 3752.953 3754.959 3756.964 3758.465 3759.935 3761.405 3762.874 3764.35 3765.835 3767.32 3768.805 3770.29 3771.656 3773.005 3774.353 3775.702 3776.733 3777.129 3777.526 3777.922
3719.537 3720.911 3722.286 3723.661 3725.036 3726.481 3727.948 3729.415 3730.882 3732.24 3733.235 3734.231 3735.226 3736.221 3736.988 3737.654 3738.32 3738.986 3739.6 3739.937 3740.275 3740.613 3740.95 3741.102 3741.141 3741.18 3741.219 3741.275 3741.51 3741.744 3741.979 3742.213 3742.495 3742.815 3743.135 3743.455 3743.79 3745.182 3746.573 3747.965 3749.356 3750.974 3752.84 3754.706 3756.572 3758.438 3759.93 3761.4 3762.869 3764.339 3765.819 3767.315 3768.811 3770.306 3771.802 3773.231 3774.649 3776.068 3777.486 3778.605 3779.125 3779.646 3780.166
3719.592 3720.988 3722.385 3723.781 3725.177 3726.744 3728.361 3729.979 3731.597 3733.095 3734.198 3735.301 3736.404 3737.507 3738.329 3739.027 3739.725 3740.424 3741.072 3741.458 3741.844 3742.231 3742.617 3742.797 3742.852 3742.907 3742.962 3743.042 3743.373 3743.704 3744.036 3744.367 3744.698 3745.029 3745.36 3745.69 3746.036 3747.395 3748.754 3750.114 3751.473 3753.007 3754.733 3756.459 3758.185 3759.911 3761.395 3762.865 3764.334 3765.804 3767.289 3768.795 3770.302 3771.808 3773.314 3774.805 3776.294 3777.782 3779.271 3780.478 3781.122 3781.766 3782.41
3719.647 3721.065 3722.483 3723.901 3725.319 3727.006 3728.774 3730.543 3732.311 3733.95 3735.161 3736.372 3737.582 3738.793 3739.67 3740.4 3741.131 3741.862 3742.545 3742.979 3743.414 3743.849 3744.283 3744.491 3744.563 3744.634 3744.706 3744.808 3745.236 3745.665 3746.093 3746.521 3746.901 3747.243 3747.584 3747.926 3748.282 3749.609 3750.936 3752.262 3753.589 3755.04 3756.626 3758.212 3759.798 3761.384 3762.86 3764.33 3765.8 3767.269 3768.758 3770.275 3771.792 3773.31 3774.827 3776.38 3777.938 3779.497 3781.056 3782.351 3783.118 3783.886 3784.653
3719.864 3721.416 3722.968 3724.52 3726.071 3727.815 3729.617 3731.419 3733.222 3734.903 3736.184 3737.465 3738.746 3740.026 3740.927 3741.662 3742.397 3743.132 3743.827 3744.31 3744.792 3745.276 3745.759 3745.995 3746.083 3746.17 3746.258 3746.382 3746.893 3747.404 3747.915 3748.427 3748.871 3749.26 3749.65 3750.04 3750.442 3751.661 3752.881 3754.101 3755.321 3756.693 3758.233 3759.772 3761.312 3762.851 3764.334 3765.813 3767.292 3768.771 3770.276 3771.818 3773.36 3774.902 3776.444 3778.004 3779.567 3781.13 3782.693 3784.021 3784.88 3785.738 3786.597
3720.105 3721.808 3723.51 3725.213 3726.915 3728.707 3730.525 3732.343 3734.161 3735.87 3737.216 3738.561 3739.906 3741.252 3742.173 3742.907 3743.642 3744.377 3745.079 3745.611 3746.142 3746.674 3747.205 3747.47 3747.574 3747.677 3747.781 3747.927 3748.519 3749.111 3749.703 3750.294 3750.805 3751.248 3751.692 3752.135 3752.589 3753.69 3754.791 3755.892 3756.994 3758.289 3759.796 3761.304 3762.811 3764.318 3765.809 3767.299 3768.789 3770.278 3771.8 3773.369 3774.938 3776.507 3778.076 3779.635 3781.193 3782.75 3784.308 3785.661 3786.606 3787.551 3788.496
3720.347 3722.2 3724.053 3725.906 3727.759 3729.598 3731.432 3733.267 3735.101 3736.837 3738.247 3739.657 3741.067 3742.478 3743.418 3744.153 3744.887 3745.622 3746.332 3746.912 3747.492 3748.072 3748.652 3748.945 3749.065 3749.185 3749.305 3749.472 3750.145 3750.818 3751.49 3752.163 3752.739 3753.236 3753.734 3754.231 3754.735 3755.718 3756.701 3757.684 3758.667 3759.885 3761.36 3762.835 3764.31 3765.785 3767.284 3768.785 3770.285 3771.786 3773.325 3774.921 3776.517 3778.112 3779.708 3781.266 3782.818 3784.37 3785.923 3787.301 3788.332 3789.363 3790.394
3720.588 3722.592 3724.595 3726.599 3728.603 3730.489 3732.34 3734.19 3736.041 3737.804 3739.279 3740.754 3742.228 3743.703 3744.663 3745.398 3746.133 3746.867 3747.585 3748.214 3748.842 3749.47 3750.099 3750.42 3750.556 3750.692 3750.828 3751.018 3751.771 3752.524 3753.278 3754.031 3754.673 3755.224 3755.775 3756.326 3756.882 3757.747 3758.611 3759.476 3760.34 3761.481 3762.924 3764.366 3765.809 3767.252 3768.759 3770.271 3771.782 3773.293 3774.85 3776.472 3778.095 3779.718 3781.341 3782.897 3784.444 3785.991 3787.538 3788.941 3790.058 3791.176 3792.292
3721.08 3723.214 3725.348 3727.481 3729.615 3731.527 3733.371 3735.216 3737.06 3738.833 3740.369 3741.905 3743.44 3744.976 3745.969 3746.725 3747.48 3748.235 3748.975 3749.631 3750.287 3750.944 3751.6 3751.942 3752.094 3752.246 3752.398 3752.607 3753.41 3754.213 3755.016 3755.82 3756.51 3757.108 3757.706 3758.304 3758.905 3759.691 3760.476 3761.262 3762.047 3763.126 3764.524 3765.923 3767.321 3768.719 3770.242 3771.773 3773.303 3774.834 3776.407 3778.041 3779.675 3781.31 3782.944 3784.517 3786.08 3787.644 3789.208 3790.625 3791.749 3792.874 3793.998
3722.107 3724.327 3726.547 3728.767 3730.987 3732.877 3734.668 3736.458 3738.249 3739.993 3741.583 3743.172 3744.762 3746.352 3747.406 3748.226 3749.046 3749.866 3750.657 3751.297 3751.937 3752.577 3753.217 3753.563 3753.732 3753.9 3754.068 3754.29 3755.077 3755.864 3756.651 3757.438 3758.139 3758.77 3759.4 3760.031 3760.663 3761.454 3762.245 3763.036 3763.827 3764.875 3766.203 3767.531 3768.86 3770.188 3771.743 3773.311 3774.879 3776.448 3778.034 3779.647 3781.26 3782.872 3784.485 3786.111 3787.74 3789.368 3790.996 3792.403 3793.365 3794.328 3795.291
3723.134 3725.44 3727.747 3730.053 3732.359 3734.228 3735.965 3737.701 3739.438 3741.153 3742.797 3744.44 3746.083 3747.727 3748.843 3749.727 3750.612 3751.496 3752.339 3752.963 3753.587 3754.211 3754.835 3755.185 3755.369 3755.554 3755.738 3755.974 3756.744 3757.515 3758.286 3759.057 3759.768 3760.431 3761.094 3761.757 3762.421 3763.218 3764.014 3764.81 3765.606 3766.624 3767.882 3769.141 3770.399 3771.657 3773.243 3774.849 3776.455 3778.061 3779.661 3781.252 3782.844 3784.435 3786.026 3787.706 3789.398 3791.091 3792.784 3794.18 3794.981 3795.782 3796.584
3724.161 3726.554 3728.946 3731.338 3733.731 3735.578 3737.261 3738.944 3740.627 3742.313 3744.01 3745.708 3747.405 3749.102 3750.279 3751.228 3752.177 3753.127 3754.021 3754.629 3755.237 3755.845 3756.453 3756.807 3757.007 3757.208 3757.408 3757.657 3758.412 3759.167 3759.921 3760.676 3761.398 3762.093 3762.788 3763.483 3764.179 3764.981 3765.783 3766.584 3767.386 3768.373 3769.561 3770.75 3771.938 3773.126 3774.744 3776.387 3778.031 3779.675 3781.289 3782.858 3784.428 3785.997 3787.567 3789.3 3791.058 3792.815 3794.573 3795.958 3796.597 3797.237 3797.877
