data/zism_data/01154_02_D.txt
ncols         224
nrows         224
[rows 112 to 139 of 224, columns 63 to 125 of 224]
1613.012 1610.07 1607.127 1604.184 1602.101 1600.056 1598.012 1595.967 1594.183 1592.758 1591.333 1589.908 1588.483 1587.163 1585.857 1584.551 1583.246 1581.982 1580.799 1579.616 1578.432 1577.249 1576.145 1575.059 1573.972 1572.886 1571.876 1571.067 1570.258 1569.449 1568.64 1567.734 1566.793 1565.853 1564.913 1563.969 1563.006 1562.044 1561.081 1560.118 1559.214 1558.339 1557.463 1556.588 1555.714 1554.847 1553.98 1553.113 1552.246 1551.521 1550.892 1550.264 1549.636 1549.013 1548.489 1547.965 1547.441 1546.917 1546.409 1545.916 1545.423 1544.93 1544.437
1612.93 1610.037 1607.144 1604.25 1602.2 1600.189 1598.177 1596.166 1594.424 1593.054 1591.685 1590.315 1588.945 1587.674 1586.415 1585.157 1583.898 1582.679 1581.532 1580.385 1579.238 1578.092 1576.981 1575.879 1574.776 1573.674 1572.628 1571.729 1570.83 1569.931 1569.032 1568.049 1567.036 1566.023 1565.01 1563.997 1562.984 1561.971 1560.958 1559.945 1559.006 1558.104 1557.203 1556.301 1555.406 1554.553 1553.7 1552.848 1551.995 1551.302 1550.718 1550.134 1549.55 1548.97 1548.456 1547.941 1547.427 1546.913 1546.413 1545.928 1545.442 1544.957 1544.471
1612.071 1609.291 1606.511 1603.731 1601.795 1599.896 1597.998 1596.1 1594.452 1593.146 1591.841 1590.536 1589.231 1588.001 1586.78 1585.56 1584.339 1583.148 1582.012 1580.876 1579.74 1578.604 1577.495 1576.393 1575.291 1574.189 1573.114 1572.113 1571.111 1570.109 1569.108 1568.082 1567.047 1566.013 1564.978 1563.943 1562.909 1561.874 1560.84 1559.805 1558.827 1557.876 1556.926 1555.976 1555.04 1554.198 1553.356 1552.514 1551.672 1551.025 1550.511 1549.998 1549.484 1548.97 1548.456 1547.941 1547.427 1546.913 1546.419 1545.944 1545.47 1544.995 1544.52
1611.211 1608.545 1605.878 1603.212 1601.389 1599.604 1597.819 1596.035 1594.479 1593.238 1591.998 1590.758 1589.518 1588.328 1587.145 1585.963 1584.78 1583.617 1582.492 1581.367 1580.241 1579.116 1578.01 1576.907 1575.805 1574.703 1573.6 1572.496 1571.392 1570.288 1569.184 1568.115 1567.059 1566.002 1564.946 1563.89 1562.834 1561.778 1560.721 1559.665 1558.647 1557.649 1556.65 1555.651 1554.674 1553.843 1553.012 1552.18 1551.349 1550.748 1550.305 1549.861 1549.418 1548.97 1548.456 1547.941 1547.427 1546.913 1546.425 1545.961 1545.497 1545.033 1544.569
1610.352 1607.799 1605.245 1602.692 1600.983 1599.311 1597.64 1595.969 1594.506 1593.33 1592.155 1590.979 1589.804 1588.656 1587.511 1586.366 1585.221 1584.086 1582.972 1581.857 1580.743 1579.629 1578.524 1577.422 1576.319 1575.217 1574.086 1572.88 1571.673 1570.466 1569.259 1568.148 1567.07 1565.992 1564.915 1563.837 1562.759 1561.681 1560.603 1559.525 1558.468 1557.421 1556.373 1555.326 1554.308 1553.488 1552.667 1551.847 1551.026 1550.472 1550.098 1549.725 1549.352 1548.97 1548.456 1547.941 1547.427 1546.913 1546.43 1545.977 1545.524 1545.071 1544.618
1609.492 1607.052 1604.613 1602.173 1600.577 1599.019 1597.461 1595.903 1594.533 1593.422 1592.312 1591.201 1590.09 1588.983 1587.876 1586.769 1585.661 1584.555 1583.452 1582.348 1581.245 1580.141 1579.038 1577.936 1576.834 1575.732 1574.572 1573.263 1571.954 1570.644 1569.335 1568.181 1567.082 1565.982 1564.883 1563.783 1562.684 1561.584 1560.485 1559.386 1558.289 1557.193 1556.097 1555.001 1553.942 1553.133 1552.323 1551.513 1550.703 1550.195 1549.892 1549.589 1549.286 1548.97 1548.456 1547.941 1547.427 1546.913 1546.436 1545.994 1545.551 1545.109 1544.667
1608.648 1606.247 1603.845 1601.444 1599.958 1598.513 1597.069 1595.624 1594.332 1593.248 1592.165 1591.081 1589.998 1588.898 1587.796 1586.693 1585.591 1584.484 1583.368 1582.251 1581.135 1580.019 1578.868 1577.709 1576.551 1575.392 1574.205 1572.944 1571.682 1570.42 1569.159 1568.022 1566.929 1565.836 1564.743 1563.649 1562.546 1561.444 1560.342 1559.24 1558.137 1557.035 1555.933 1554.831 1553.767 1552.958 1552.15 1551.342 1550.534 1550.023 1549.714 1549.406 1549.099 1548.78 1548.294 1547.808 1547.322 1546.835 1546.402 1546.018 1545.633 1545.249 1544.864
1607.807 1605.432 1603.058 1600.684 1599.307 1597.976 1596.645 1595.314 1594.096 1593.034 1591.972 1590.91 1589.848 1588.751 1587.649 1586.546 1585.444 1584.331 1583.199 1582.066 1580.934 1579.801 1578.595 1577.372 1576.148 1574.925 1573.71 1572.519 1571.327 1570.136 1568.944 1567.834 1566.752 1565.67 1564.588 1563.502 1562.399 1561.297 1560.195 1559.093 1557.99 1556.888 1555.786 1554.684 1553.62 1552.812 1552.003 1551.195 1550.387 1549.866 1549.542 1549.218 1548.893 1548.562 1548.108 1547.654 1547.2 1546.746 1546.362 1546.043 1545.723 1545.403 1545.083
1606.966 1604.618 1602.271 1599.923 1598.656 1597.438 1596.221 1595.003 1593.86 1592.82 1591.779 1590.739 1589.699 1588.604 1587.502 1586.399 1585.297 1584.179 1583.03 1581.881 1580.733 1579.584 1578.322 1577.034 1575.746 1574.458 1573.215 1572.094 1570.973 1569.851 1568.73 1567.646 1566.575 1565.503 1564.432 1563.355 1562.252 1561.15 1560.048 1558.946 1557.844 1556.741 1555.639 1554.537 1553.473 1552.665 1551.856 1551.048 1550.24 1549.709 1549.369 1549.029 1548.688 1548.343 1547.922 1547.5 1547.079 1546.657 1546.323 1546.068 1545.813 1545.558 1545.303
1606.124 1603.804 1601.483 1599.163 1598.005 1596.901 1595.797 1594.693 1593.624 1592.605 1591.587 1590.568 1589.549 1588.457 1587.355 1586.252 1585.15 1584.026 1582.861 1581.696 1580.531 1579.367 1578.049 1576.696 1575.343 1573.99 1572.72 1571.669 1570.618 1569.567 1568.516 1567.458 1566.398 1565.337 1564.277 1563.208 1562.106 1561.003 1559.901 1558.799 1557.697 1556.594 1555.492 1554.39 1553.326 1552.518 1551.709 1550.901 1550.093 1549.553 1549.196 1548.84 1548.483 1548.124 1547.735 1547.346 1546.957 1546.568 1546.283 1546.093 1545.903 1545.713 1545.523
1605.113 1602.87 1600.627 1598.384 1597.309 1596.287 1595.266 1594.244 1593.232 1592.231 1591.23 1590.23 1589.229 1588.138 1587.036 1585.934 1584.832 1583.708 1582.543 1581.378 1580.213 1579.048 1577.704 1576.319 1574.933 1573.548 1572.268 1571.263 1570.259 1569.255 1568.251 1567.21 1566.157 1565.104 1564.051 1562.987 1561.885 1560.783 1559.681 1558.578 1557.472 1556.365 1555.257 1554.15 1553.083 1552.291 1551.499 1550.707 1549.915 1549.381 1549.025 1548.668 1548.311 1547.954 1547.593 1547.23 1546.868 1546.506 1546.257 1546.11 1545.963 1545.816 1545.669
1603.762 1601.697 1599.632 1597.568 1596.521 1595.521 1594.521 1593.521 1592.526 1591.536 1590.546 1589.556 1588.566 1587.477 1586.375 1585.273 1584.17 1583.058 1581.925 1580.793 1579.66 1578.528 1577.216 1575.863 1574.51 1573.157 1571.9 1570.896 1569.892 1568.887 1567.883 1566.843 1565.79 1564.736 1563.683 1562.62 1561.518 1560.415 1559.313 1558.211 1557.094 1555.97 1554.847 1553.723 1552.648 1551.905 1551.161 1550.418 1549.675 1549.18 1548.856 1548.532 1548.207 1547.882 1547.536 1547.19 1546.844 1546.499 1546.257 1546.11 1545.963 1545.816 1545.669
1602.412 1600.525 1598.638 1596.751 1595.734 1594.755 1593.777 1592.799 1591.82 1590.841 1589.862 1588.883 1587.904 1586.816 1585.714 1584.611 1583.509 1582.407 1581.307 1580.207 1579.107 1578.007 1576.728 1575.408 1574.087 1572.766 1571.533 1570.529 1569.524 1568.52 1567.516 1566.475 1565.422 1564.369 1563.316 1562.253 1561.15 1560.048 1558.946 1557.844 1556.716 1555.576 1554.436 1553.296 1552.214 1551.519 1550.824 1550.129 1549.434 1548.979 1548.687 1548.395 1548.103 1547.809 1547.48 1547.15 1546.821 1546.491 1546.257 1546.11 1545.963 1545.816 1545.669
1601.061 1599.352 1597.644 1595.935 1594.946 1593.989 1593.032 1592.076 1591.114 1590.146 1589.178 1588.209 1587.241 1586.154 1585.052 1583.95 1582.848 1581.757 1580.69 1579.622 1578.554 1577.487 1576.24 1574.952 1573.664 1572.375 1571.165 1570.161 1569.157 1568.153 1567.148 1566.108 1565.055 1564.001 1562.948 1561.885 1560.783 1559.681 1558.578 1557.476 1556.338 1555.182 1554.025 1552.869 1551.779 1551.133 1550.487 1549.84 1549.194 1548.778 1548.518 1548.259 1547.999 1547.737 1547.423 1547.11 1546.797 1546.483 1546.257 1546.11 1545.963 1545.816 1545.669
1599.71 1598.18 1596.65 1595.119 1594.158 1593.223 1592.288 1591.353 1590.408 1589.451 1588.493 1587.536 1586.578 1585.493 1584.391 1583.289 1582.186 1581.107 1580.072 1579.037 1578.001 1576.966 1575.752 1574.496 1573.24 1571.984 1570.798 1569.794 1568.789 1567.785 1566.781 1565.74 1564.687 1563.634 1562.581 1561.518 1560.415 1559.313 1558.211 1557.109 1555.96 1554.787 1553.615 1552.442 1551.345 1550.747 1550.149 1549.552 1548.954 1548.577 1548.349 1548.122 1547.895 1547.664 1547.367 1547.07 1546.773 1546.475 1546.257 1546.11 1545.963 1545.816 1545.669
1598.64 1597.279 1595.918 1594.557 1593.604 1592.669 1591.734 1590.799 1589.855 1588.9 1587.945 1586.989 1586.034 1584.949 1583.847 1582.744 1581.642 1580.561 1579.519 1578.478 1577.436 1576.394 1575.205 1573.982 1572.758 1571.535 1570.378 1569.395 1568.412 1567.43 1566.447 1565.406 1564.344 1563.282 1562.22 1561.15 1560.048 1558.946 1557.844 1556.741 1555.59 1554.414 1553.239 1552.063 1550.972 1550.449 1549.926 1549.402 1548.879 1548.52 1548.274 1548.028 1547.781 1547.534 1547.266 1546.998 1546.73 1546.461 1546.257 1546.11 1545.963 1545.816 1545.669
1597.64 1596.447 1595.254 1594.06 1593.109 1592.168 1591.228 1590.287 1589.341 1588.385 1587.43 1586.475 1585.52 1584.434 1583.332 1582.23 1581.128 1580.041 1578.983 1577.925 1576.867 1575.81 1574.644 1573.453 1572.262 1571.071 1569.944 1568.989 1568.033 1567.077 1566.121 1565.079 1564.007 1562.934 1561.861 1560.783 1559.681 1558.578 1557.476 1556.374 1555.223 1554.047 1552.871 1551.695 1550.615 1550.173 1549.731 1549.288 1548.846 1548.501 1548.222 1547.944 1547.665 1547.389 1547.153 1546.917 1546.682 1546.446 1546.257 1546.11 1545.963 1545.816 1545.669
1596.641 1595.615 1594.589 1593.563 1592.614 1591.668 1590.722 1589.776 1588.826 1587.871 1586.916 1585.961 1585.005 1583.92 1582.818 1581.716 1580.613 1579.521 1578.447 1577.373 1576.299 1575.225 1574.082 1572.923 1571.765 1570.606 1569.511 1568.582 1567.654 1566.725 1565.796 1564.753 1563.67 1562.586 1561.503 1560.415 1559.313 1558.211 1557.109 1556.006 1554.855 1553.679 1552.504 1551.328 1550.258 1549.897 1549.536 1549.175 1548.813 1548.482 1548.171 1547.86 1547.549 1547.244 1547.04 1546.837 1546.634 1546.431 1546.257 1546.11 1545.963 1545.816 1545.669
1595.642 1594.783 1593.925 1593.066 1592.119 1591.167 1590.216 1589.265 1588.312 1587.357 1586.401 1585.446 1584.491 1583.406 1582.303 1581.201 1580.099 1579.001 1577.911 1576.82 1575.73 1574.64 1573.521 1572.394 1571.268 1570.142 1569.078 1568.176 1567.274 1566.372 1565.471 1564.427 1563.332 1562.238 1561.144 1560.048 1558.946 1557.843 1556.741 1555.639 1554.488 1553.312 1552.136 1550.961 1549.902 1549.621 1549.341 1549.061 1548.781 1548.463 1548.119 1547.776 1547.432 1547.099 1546.928 1546.757 1546.586 1546.415 1546.257 1546.11 1545.963 1545.816 1545.669
1594.803 1594.065 1593.328 1592.59 1591.643 1590.686 1589.73 1588.773 1587.819 1586.868 1585.917 1584.965 1584.014 1582.937 1581.843 1580.75 1579.656 1578.56 1577.461 1576.361 1575.262 1574.162 1573.058 1571.953 1570.848 1569.743 1568.697 1567.807 1566.917 1566.027 1565.136 1564.089 1562.987 1561.885 1560.783 1559.678 1558.563 1557.448 1556.333 1555.218 1554.083 1552.936 1551.79 1550.644 1549.619 1549.403 1549.187 1548.971 1548.755 1548.448 1548.081 1547.714 1547.346 1546.991 1546.844 1546.698 1546.551 1546.404 1546.257 1546.11 1545.963 1545.816 1545.669
1594.42 1593.671 1592.923 1592.174 1591.221 1590.259 1589.297 1588.335 1587.385 1586.45 1585.515 1584.58 1583.645 1582.598 1581.537 1580.476 1579.414 1578.343 1577.255 1576.166 1575.078 1573.989 1572.878 1571.762 1570.646 1569.531 1568.468 1567.545 1566.623 1565.7 1564.777 1563.722 1562.62 1561.518 1560.415 1559.301 1558.137 1556.974 1555.81 1554.647 1553.57 1552.538 1551.505 1550.472 1549.548 1549.348 1549.148 1548.948 1548.748 1548.448 1548.081 1547.714 1547.346 1546.991 1546.844 1546.698 1546.551 1546.404 1546.257 1546.11 1545.963 1545.816 1545.669
1594.036 1593.277 1592.517 1591.758 1590.8 1589.832 1588.865 1587.897 1586.951 1586.032 1585.113 1584.195 1583.276 1582.26 1581.231 1580.202 1579.173 1578.127 1577.049 1575.971 1574.893 1573.815 1572.698 1571.571 1570.445 1569.318 1568.239 1567.284 1566.328 1565.373 1564.418 1563.355 1562.252 1561.15 1560.048 1558.923 1557.711 1556.499 1555.287 1554.075 1553.058 1552.139 1551.219 1550.3 1549.476 1549.293 1549.109 1548.925 1548.741 1548.448 1548.081 1547.714 1547.346 1546.991 1546.844 1546.698 1546.551 1546.404 1546.257 1546.11 1545.963 1545.816 1545.669
1593.652 1592.882 1592.112 1591.342 1590.378 1589.405 1588.433 1587.46 1586.516 1585.614 1584.712 1583.809 1582.907 1581.921 1580.924 1579.928 1578.931 1577.91 1576.843 1575.776 1574.709 1573.642 1572.518 1571.38 1570.243 1569.105 1568.009 1567.022 1566.034 1565.047 1564.059 1562.987 1561.885 1560.783 1559.681 1558.546 1557.286 1556.025 1554.764 1553.503 1552.546 1551.74 1550.934 1550.128 1549.405 1549.238 1549.07 1548.902 1548.735 1548.448 1548.081 1547.714 1547.346 1546.991 1546.844 1546.698 1546.551 1546.404 1546.257 1546.11 1545.963 1545.816 1545.669
1593.269 1592.488 1591.707 1590.926 1589.957 1588.978 1588.0 1587.022 1586.082 1585.196 1584.31 1583.424 1582.537 1581.582 1580.618 1579.654 1578.69 1577.693 1576.637 1575.581 1574.525 1573.469 1572.338 1571.189 1570.041 1568.893 1567.78 1566.76 1565.74 1564.72 1563.7 1562.62 1561.518 1560.415 1559.313 1558.169 1556.86 1555.55 1554.241 1552.932 1552.034 1551.341 1550.648 1549.956 1549.334 1549.182 1549.031 1548.88 1548.728 1548.448 1548.081 1547.714 1547.346 1546.991 1546.844 1546.698 1546.551 1546.404 1546.257 1546.11 1545.963 1545.816 1545.669
1592.897 1592.113 1591.329 1590.546 1589.601 1588.648 1587.696 1586.744 1585.809 1584.9 1583.991 1583.082 1582.172 1581.212 1580.245 1579.278 1578.311 1577.307 1576.234 1575.162 1574.089 1573.016 1571.915 1570.806 1569.698 1568.59 1567.5 1566.46 1565.419 1564.379 1563.339 1562.249 1561.143 1560.037 1558.931 1557.782 1556.463 1555.144 1553.826 1552.507 1551.657 1551.043 1550.429 1549.814 1549.259 1549.101 1548.942 1548.783 1548.625 1548.356 1548.012 1547.668 1547.324 1546.992 1546.853 1546.714 1546.574 1546.435 1546.29 1546.139 1545.988 1545.838 1545.687
1592.53 1591.746 1590.962 1590.178 1589.269 1588.355 1587.44 1586.526 1585.598 1584.651 1583.703 1582.756 1581.809 1580.83 1579.847 1578.864 1577.881 1576.857 1575.757 1574.657 1573.558 1572.458 1571.4 1570.351 1569.302 1568.253 1567.202 1566.145 1565.089 1564.032 1562.975 1561.878 1560.766 1559.655 1558.544 1557.391 1556.078 1554.764 1553.451 1552.137 1551.333 1550.784 1550.234 1549.684 1549.184 1549.009 1548.834 1548.659 1548.484 1548.228 1547.917 1547.605 1547.293 1546.993 1546.864 1546.736 1546.608 1546.479 1546.336 1546.18 1546.024 1545.868 1545.711
1592.162 1591.378 1590.594 1589.811 1588.938 1588.061 1587.184 1586.308 1585.386 1584.401 1583.416 1582.431 1581.446 1580.449 1579.449 1578.45 1577.45 1576.407 1575.28 1574.153 1573.026 1571.9 1570.884 1569.895 1568.906 1567.916 1566.904 1565.831 1564.758 1563.685 1562.612 1561.507 1560.39 1559.273 1558.156 1557.0 1555.692 1554.384 1553.076 1551.768 1551.009 1550.524 1550.039 1549.555 1549.108 1548.917 1548.726 1548.535 1548.344 1548.1 1547.821 1547.542 1547.263 1546.993 1546.876 1546.758 1546.641 1546.523 1546.382 1546.221 1546.059 1545.897 1545.736
1591.795 1591.011 1590.227 1589.443 1588.607 1587.768 1586.929 1586.09 1585.174 1584.151 1583.129 1582.106 1581.083 1580.067 1579.051 1578.036 1577.02 1575.957 1574.803 1573.649 1572.495 1571.341 1570.369 1569.439 1568.509 1567.579 1566.605 1565.516 1564.427 1563.338 1562.249 1561.135 1560.013 1558.891 1557.768 1556.609 1555.307 1554.004 1552.702 1551.399 1550.685 1550.265 1549.845 1549.425 1549.033 1548.825 1548.618 1548.411 1548.203 1547.973 1547.726 1547.479 1547.232 1546.994 1546.887 1546.78 1546.674 1546.567 1546.429 1546.262 1546.094 1545.927 1545.76
