data/zism_data/01158_03_D.txt
ncols         224
nrows         224
[rows 116 to 144 of 224, columns 0 to 63 of 224]
1600.0 1600.0 1600.0 1600.0 1600.0 1600.0 1600.0 1600.0 1600.0 1600.0 1600.0 1600.0 1600.0 1599.794 1598.779 1597.763 1596.748 1595.732 1591.142 1584.765 1578.387 1572.01 1565.775 1560.484 1555.194 1549.904 1544.613 1541.447 1539.731 1538.015 1536.298 1534.456 1530.571 1526.686 1522.801 1518.916 1515.319 1511.988 1508.656 1505.324 1501.992 1501.522 1501.093 1500.665 1500.236 1500.0 1500.0 1500.0 1500.0 1500.0 1500.0 1500.0 1500.0 1500.0 1500.184 1500.671 1501.158 1501.645 1502.132 1505.066 1508.463 1511.861 1515.259 1519.447
1600.0 1600.0 1600.0 1600.0 1600.0 1600.0 1600.0 1600.0 1600.0 1600.0 1600.0 1600.0 1600.0 1599.818 1598.919 1598.02 1597.121 1596.222 1592.246 1586.732 1581.218 1575.703 1570.299 1565.628 1560.956 1556.284 1551.612 1548.301 1545.919 1543.537 1541.154 1538.642 1534.019 1529.396 1524.774 1520.151 1516.069 1512.482 1508.896 1505.309 1501.722 1501.315 1500.955 1500.595 1500.235 1500.046 1500.066 1500.086 1500.106 1500.126 1500.102 1500.074 1500.046 1500.018 1500.154 1500.563 1500.972 1501.382 1501.791 1504.375 1507.373 1510.37 1513.367 1517.162
1600.0 1600.0 1600.0 1600.0 1600.0 1600.0 1600.0 1600.0 1600.0 1600.0 1600.0 1600.0 1600.0 1599.839 1599.049 1598.258 1597.467 1596.676 1593.281 1588.583 1583.886 1579.189 1574.581 1570.575 1566.568 1562.562 1558.555 1555.099 1552.02 1548.94 1545.86 1542.645 1537.244 1531.842 1526.44 1521.038 1516.474 1512.676 1508.879 1505.081 1501.284 1500.98 1500.728 1500.476 1500.224 1500.107 1500.154 1500.201 1500.249 1500.296 1500.24 1500.173 1500.107 1500.041 1500.113 1500.414 1500.715 1501.016 1501.317 1503.398 1505.817 1508.235 1510.654 1513.861
1600.0 1600.0 1600.0 1600.0 1600.0 1600.0 1600.0 1600.0 1600.0 1600.0 1600.0 1600.0 1600.0 1599.861 1599.179 1598.496 1597.813 1597.131 1594.316 1590.435 1586.555 1582.674 1578.864 1575.522 1572.181 1568.84 1565.498 1561.898 1558.12 1554.343 1550.565 1546.648 1540.468 1534.287 1528.107 1521.926 1516.879 1512.871 1508.862 1504.854 1500.845 1500.646 1500.502 1500.358 1500.214 1500.168 1500.242 1500.317 1500.391 1500.465 1500.377 1500.273 1500.169 1500.065 1500.073 1500.266 1500.458 1500.651 1500.844 1502.421 1504.261 1506.101 1507.941 1510.559
1600.0 1600.0 1600.0 1600.0 1600.0 1600.0 1600.0 1600.0 1600.0 1600.0 1600.0 1600.0 1600.0 1599.883 1599.309 1598.734 1598.16 1597.585 1595.351 1592.287 1589.223 1586.159 1583.146 1580.469 1577.793 1575.117 1572.441 1568.696 1564.221 1559.746 1555.27 1550.651 1543.692 1536.732 1529.773 1522.814 1517.284 1513.065 1508.845 1504.626 1500.407 1500.31 1500.275 1500.239 1500.203 1500.229 1500.331 1500.432 1500.533 1500.635 1500.514 1500.372 1500.23 1500.088 1500.032 1500.117 1500.201 1500.286 1500.37 1501.444 1502.705 1503.967 1505.228 1507.257
1599.842 1599.885 1599.927 1599.969 1600.0 1600.0 1600.0 1600.0 1600.0 1600.0 1600.0 1600.0 1600.0 1599.904 1599.431 1598.957 1598.484 1598.01 1596.311 1593.999 1591.687 1589.375 1587.095 1585.033 1582.97 1580.908 1578.845 1575.046 1570.061 1565.077 1560.092 1554.952 1547.302 1539.652 1532.003 1524.353 1518.336 1513.816 1509.297 1504.777 1500.257 1500.28 1500.369 1500.458 1500.547 1500.667 1500.826 1500.985 1501.144 1501.303 1501.061 1500.781 1500.502 1500.222 1500.044 1500.033 1500.023 1500.012 1500.002 1500.647 1501.416 1502.186 1502.955 1504.449
1599.117 1599.354 1599.591 1599.828 1600.0 1600.0 1600.0 1600.0 1600.0 1600.0 1600.0 1600.0 1600.0 1599.919 1599.522 1599.124 1598.726 1598.328 1597.001 1595.208 1593.415 1591.622 1589.85 1588.214 1586.579 1584.944 1583.309 1579.783 1574.965 1570.148 1565.331 1560.328 1552.305 1544.282 1536.259 1528.236 1521.716 1516.574 1511.433 1506.291 1501.15 1501.344 1501.617 1501.89 1502.163 1502.46 1502.786 1503.113 1503.439 1503.766 1503.085 1502.307 1501.53 1500.753 1500.246 1500.187 1500.128 1500.069 1500.009 1500.497 1501.088 1501.679 1502.27 1503.417
1598.392 1598.824 1599.255 1599.687 1600.0 1600.0 1600.0 1600.0 1600.0 1600.0 1600.0 1600.0 1600.0 1599.935 1599.613 1599.291 1598.969 1598.647 1597.69 1596.417 1595.143 1593.869 1592.604 1591.396 1590.188 1588.98 1587.772 1584.519 1579.87 1575.22 1570.57 1565.704 1557.307 1548.911 1540.515 1532.119 1525.096 1519.333 1513.569 1507.805 1502.042 1502.409 1502.865 1503.322 1503.779 1504.252 1504.746 1505.241 1505.735 1506.229 1505.108 1503.833 1502.559 1501.284 1500.449 1500.341 1500.233 1500.125 1500.017 1500.347 1500.759 1501.172 1501.584 1502.385
1597.667 1598.293 1598.92 1599.546 1600.0 1600.0 1600.0 1600.0 1600.0 1600.0 1600.0 1600.0 1600.0 1599.95 1599.704 1599.458 1599.211 1598.965 1598.38 1597.625 1596.871 1596.116 1595.359 1594.578 1593.797 1593.016 1592.235 1589.255 1584.773 1580.292 1575.81 1571.079 1562.31 1553.541 1544.771 1536.002 1528.476 1522.091 1515.705 1509.32 1502.934 1503.473 1504.114 1504.754 1505.395 1506.045 1506.707 1507.369 1508.031 1508.693 1507.132 1505.359 1503.587 1501.815 1500.651 1500.495 1500.338 1500.182 1500.025 1500.197 1500.431 1500.665 1500.899 1501.353
1596.942 1597.763 1598.584 1599.405 1600.0 1600.0 1600.0 1600.0 1600.0 1600.0 1600.0 1600.0 1600.0 1599.965 1599.795 1599.624 1599.454 1599.283 1599.069 1598.834 1598.599 1598.364 1598.113 1597.759 1597.406 1597.052 1596.699 1593.992 1589.677 1585.363 1581.049 1576.455 1567.312 1558.17 1549.027 1539.885 1531.856 1524.849 1517.841 1510.834 1503.826 1504.537 1505.362 1506.186 1507.011 1507.838 1508.667 1509.497 1510.326 1511.156 1509.155 1506.885 1504.616 1502.346 1500.854 1500.649 1500.443 1500.238 1500.033 1500.047 1500.102 1500.158 1500.214 1500.322
1594.254 1595.66 1597.067 1598.474 1599.524 1599.636 1599.747 1599.859 1599.971 1599.984 1599.961 1599.939 1599.917 1599.873 1599.749 1599.624 1599.5 1599.375 1599.307 1599.267 1599.227 1599.187 1599.128 1598.941 1598.754 1598.567 1598.38 1596.059 1592.281 1588.503 1584.725 1580.655 1571.832 1563.008 1554.185 1545.362 1537.307 1529.957 1522.607 1515.257 1507.906 1508.805 1509.824 1510.844 1511.863 1512.779 1513.568 1514.357 1515.145 1515.934 1513.401 1510.552 1507.702 1504.853 1502.834 1502.189 1501.545 1500.9 1500.255 1500.124 1500.09 1500.057 1500.023 1500.0
1590.677 1592.847 1595.016 1597.185 1598.833 1599.107 1599.381 1599.655 1599.929 1599.959 1599.905 1599.85 1599.795 1599.733 1599.641 1599.548 1599.456 1599.364 1599.339 1599.348 1599.357 1599.365 1599.355 1599.217 1599.078 1598.94 1598.802 1596.918 1593.844 1590.769 1587.694 1584.323 1576.132 1567.941 1559.751 1551.56 1543.696 1536.129 1528.563 1520.996 1513.43 1514.522 1515.741 1516.961 1518.181 1519.146 1519.8 1520.453 1521.107 1521.76 1518.652 1515.187 1511.721 1508.255 1505.62 1504.358 1503.097 1501.835 1500.574 1500.304 1500.222 1500.139 1500.057 1500.0
1587.101 1590.033 1592.965 1595.897 1598.141 1598.578 1599.014 1599.45 1599.886 1599.936 1599.848 1599.761 1599.674 1599.592 1599.532 1599.473 1599.413 1599.353 1599.372 1599.429 1599.486 1599.544 1599.582 1599.492 1599.403 1599.313 1599.224 1597.778 1595.406 1593.034 1590.662 1587.99 1580.432 1572.875 1565.317 1557.759 1550.084 1542.301 1534.518 1526.735 1518.953 1520.239 1521.659 1523.079 1524.498 1525.513 1526.031 1526.55 1527.068 1527.586 1523.904 1519.821 1515.739 1511.657 1508.405 1506.527 1504.649 1502.771 1500.893 1500.484 1500.353 1500.222 1500.091 1500.0
1583.525 1587.219 1590.914 1594.608 1597.45 1598.049 1598.647 1599.245 1599.844 1599.911 1599.792 1599.672 1599.552 1599.452 1599.424 1599.397 1599.37 1599.342 1599.404 1599.51 1599.616 1599.722 1599.809 1599.768 1599.727 1599.686 1599.645 1598.637 1596.969 1595.3 1593.631 1591.658 1584.733 1577.808 1570.883 1563.958 1556.472 1548.473 1540.474 1532.475 1524.476 1525.956 1527.576 1529.196 1530.816 1531.88 1532.263 1532.646 1533.029 1533.412 1529.155 1524.456 1519.757 1515.058 1511.19 1508.696 1506.201 1503.707 1501.212 1500.663 1500.484 1500.304 1500.125 1500.0
1579.924 1584.307 1588.689 1593.072 1596.461 1597.234 1598.006 1598.779 1599.552 1599.649 1599.507 1599.365 1599.224 1599.115 1599.135 1599.156 1599.177 1599.197 1599.32 1599.494 1599.667 1599.841 1599.992 1599.994 1599.996 1599.998 1599.999 1599.378 1598.331 1597.285 1596.238 1594.888 1588.619 1582.349 1576.079 1569.809 1562.594 1554.512 1546.43 1538.349 1530.267 1531.924 1533.724 1535.524 1537.324 1538.425 1538.67 1538.914 1539.158 1539.403 1534.58 1529.275 1523.97 1518.665 1514.18 1511.052 1507.923 1504.795 1501.667 1500.952 1500.694 1500.437 1500.179 1500.0
1576.191 1580.871 1585.551 1590.231 1593.901 1594.912 1595.923 1596.934 1597.944 1598.127 1598.018 1597.908 1597.799 1597.743 1597.893 1598.044 1598.194 1598.344 1598.622 1598.964 1599.305 1599.646 1599.945 1599.957 1599.97 1599.982 1599.995 1599.494 1598.642 1597.79 1596.938 1595.816 1590.32 1584.824 1579.327 1573.831 1567.31 1559.85 1552.391 1544.931 1537.471 1539.211 1541.087 1542.963 1544.839 1545.911 1545.999 1546.086 1546.174 1546.261 1540.922 1535.065 1529.208 1523.351 1518.249 1514.396 1510.543 1506.69 1502.837 1501.811 1501.321 1500.831 1500.341 1500.0
1572.458 1577.435 1582.413 1587.391 1591.342 1592.59 1593.839 1595.088 1596.337 1596.605 1596.529 1596.452 1596.375 1596.37 1596.651 1596.931 1597.211 1597.492 1597.924 1598.433 1598.942 1599.451 1599.897 1599.92 1599.944 1599.967 1599.99 1599.609 1598.952 1598.295 1597.637 1596.745 1592.021 1587.299 1582.576 1577.853 1572.026 1565.188 1558.35 1551.512 1544.675 1546.499 1548.45 1550.402 1552.353 1553.397 1553.328 1553.259 1553.189 1553.12 1547.263 1540.854 1534.446 1528.037 1522.319 1517.741 1513.163 1508.586 1504.008 1502.671 1501.948 1501.225 1500.503 1500.0
1568.724 1574.0 1579.275 1584.55 1588.782 1590.269 1591.755 1593.242 1594.729 1595.084 1595.039 1594.995 1594.951 1594.998 1595.408 1595.818 1596.229 1596.639 1597.227 1597.903 1598.58 1599.257 1599.849 1599.884 1599.918 1599.952 1599.986 1599.725 1599.262 1598.8 1598.337 1597.672 1593.723 1589.773 1585.824 1581.874 1576.742 1570.526 1564.31 1558.094 1551.878 1553.786 1555.813 1557.841 1559.868 1560.883 1560.657 1560.431 1560.205 1559.979 1553.604 1546.644 1539.684 1532.724 1526.388 1521.086 1515.783 1510.481 1505.178 1503.53 1502.575 1501.62 1500.665 1500.0
1564.992 1570.564 1576.137 1581.71 1586.223 1587.947 1589.672 1591.396 1593.121 1593.562 1593.55 1593.538 1593.526 1593.626 1594.166 1594.706 1595.246 1595.786 1596.529 1597.373 1598.217 1599.062 1599.802 1599.847 1599.892 1599.937 1599.982 1599.841 1599.573 1599.305 1599.037 1598.601 1595.424 1592.248 1589.072 1585.896 1581.458 1575.864 1570.27 1564.676 1559.082 1561.074 1563.177 1565.28 1567.383 1568.369 1567.986 1567.603 1567.22 1566.837 1559.945 1552.433 1544.922 1537.41 1530.458 1524.43 1518.403 1512.376 1506.349 1504.39 1503.202 1502.014 1500.826 1500.0
1562.566 1567.99 1573.413 1578.837 1583.242 1584.966 1586.69 1588.413 1590.137 1590.572 1590.552 1590.531 1590.511 1590.645 1591.386 1592.127 1592.869 1593.61 1594.623 1595.771 1596.919 1598.068 1599.093 1599.299 1599.505 1599.711 1599.917 1599.9 1599.731 1599.562 1599.394 1599.081 1596.419 1593.757 1591.095 1588.433 1584.553 1579.557 1574.562 1569.566 1564.57 1566.638 1568.809 1570.981 1573.153 1574.096 1573.532 1572.969 1572.405 1571.842 1564.692 1556.915 1549.138 1541.361 1534.037 1527.462 1520.888 1514.313 1507.739 1505.451 1503.976 1502.501 1501.026 1500.0
1560.908 1565.921 1570.933 1575.945 1580.014 1581.597 1583.18 1584.764 1586.347 1586.721 1586.668 1586.615 1586.562 1586.72 1587.704 1588.689 1589.674 1590.658 1592.008 1593.541 1595.073 1596.605 1597.997 1598.452 1598.906 1599.361 1599.816 1599.926 1599.8 1599.675 1599.549 1599.298 1596.998 1594.699 1592.399 1590.1 1586.698 1582.286 1577.874 1573.463 1569.051 1571.191 1573.428 1575.665 1577.901 1578.793 1578.034 1577.276 1576.518 1575.759 1568.504 1560.629 1552.755 1544.881 1537.329 1530.311 1523.293 1516.275 1509.257 1506.63 1504.836 1503.042 1501.248 1500.0
1559.25 1563.851 1568.453 1573.054 1576.786 1578.228 1579.671 1581.114 1582.556 1582.87 1582.784 1582.699 1582.614 1582.795 1584.023 1585.251 1586.479 1587.707 1589.394 1591.31 1593.227 1595.143 1596.901 1597.604 1598.308 1599.011 1599.715 1599.951 1599.869 1599.787 1599.705 1599.515 1597.578 1595.641 1593.703 1591.766 1588.843 1585.015 1581.187 1577.36 1573.532 1575.745 1578.046 1580.348 1582.65 1583.489 1582.536 1581.583 1580.63 1579.677 1572.315 1564.344 1556.372 1548.401 1540.621 1533.159 1525.698 1518.236 1510.775 1507.809 1505.696 1503.583 1501.47 1500.0
1557.591 1561.782 1565.972 1570.162 1573.557 1574.86 1576.162 1577.464 1578.766 1579.018 1578.901 1578.783 1578.665 1578.87 1580.341 1581.813 1583.284 1584.755 1586.779 1589.08 1591.38 1593.68 1595.805 1596.757 1597.709 1598.661 1599.614 1599.977 1599.938 1599.899 1599.86 1599.732 1598.158 1596.583 1595.008 1593.433 1590.988 1587.744 1584.5 1581.257 1578.013 1580.298 1582.665 1585.031 1587.398 1588.186 1587.038 1585.89 1584.742 1583.595 1576.127 1568.058 1559.989 1551.92 1543.913 1536.008 1528.103 1520.198 1512.293 1508.988 1506.556 1504.124 1501.692 1500.0
1555.899 1559.702 1563.504 1567.307 1570.38 1571.536 1572.692 1573.848 1575.004 1575.179 1575.008 1574.837 1574.666 1574.867 1576.532 1578.196 1579.86 1581.525 1583.84 1586.482 1589.123 1591.765 1594.223 1595.454 1596.686 1597.918 1599.149 1599.685 1599.746 1599.807 1599.868 1599.855 1598.639 1597.422 1596.206 1594.99 1593.009 1590.328 1587.647 1584.966 1582.285 1584.6 1586.989 1589.378 1591.766 1592.48 1591.139 1589.798 1588.457 1587.116 1579.552 1571.396 1563.24 1555.083 1546.871 1538.568 1530.264 1521.961 1513.657 1510.048 1507.329 1504.61 1501.891 1500.0
1553.91 1557.529 1561.147 1564.766 1567.653 1568.614 1569.575 1570.536 1571.498 1571.446 1571.037 1570.628 1570.219 1570.179 1571.589 1572.999 1574.409 1575.819 1578.025 1580.629 1583.233 1585.836 1588.333 1590.116 1591.9 1593.683 1595.466 1596.583 1597.244 1597.905 1598.566 1599.138 1598.246 1597.354 1596.462 1595.57 1593.94 1591.632 1589.324 1587.016 1584.709 1586.677 1588.709 1590.741 1592.773 1593.209 1591.69 1590.17 1588.651 1587.132 1579.552 1571.396 1563.24 1555.083 1546.871 1538.568 1530.264 1521.961 1513.657 1510.048 1507.329 1504.61 1501.891 1500.0
1551.921 1555.356 1558.79 1562.225 1564.925 1565.691 1566.458 1567.225 1567.991 1567.713 1567.066 1566.419 1565.772 1565.491 1566.646 1567.802 1568.958 1570.114 1572.21 1574.776 1577.342 1579.908 1582.443 1584.778 1587.113 1589.448 1591.783 1593.48 1594.742 1596.003 1597.265 1598.42 1597.853 1597.286 1596.719 1596.151 1594.871 1592.936 1591.001 1589.067 1587.132 1588.755 1590.429 1592.104 1593.779 1593.938 1592.241 1590.543 1588.845 1587.147 1579.552 1571.396 1563.24 1555.083 1546.871 1538.568 1530.264 1521.961 1513.657 1510.048 1507.329 1504.61 1501.891 1500.0
1549.932 1553.182 1556.433 1559.684 1562.197 1562.769 1563.341 1563.913 1564.485 1563.98 1563.095 1562.21 1561.325 1560.802 1561.704 1562.606 1563.507 1564.409 1566.395 1568.923 1571.451 1573.979 1576.554 1579.44 1582.327 1585.214 1588.1 1590.378 1592.24 1594.102 1595.963 1597.703 1597.46 1597.218 1596.975 1596.732 1595.801 1594.24 1592.678 1591.117 1589.555 1590.832 1592.149 1593.467 1594.785 1594.668 1592.792 1590.915 1589.039 1587.163 1579.552 1571.396 1563.24 1555.083 1546.871 1538.568 1530.264 1521.961 1513.657 1510.048 1507.329 1504.61 1501.891 1500.0
1547.942 1551.009 1554.076 1557.143 1559.469 1559.847 1560.224 1560.601 1560.978 1560.246 1559.124 1558.001 1556.878 1556.114 1556.761 1557.409 1558.057 1558.704 1560.58 1563.07 1565.56 1568.05 1570.664 1574.102 1577.541 1580.979 1584.417 1587.275 1589.738 1592.2 1594.662 1596.986 1597.068 1597.149 1597.231 1597.313 1596.732 1595.544 1594.355 1593.167 1591.979 1592.909 1593.87 1594.83 1595.791 1595.397 1593.343 1591.288 1589.233 1587.178 1579.552 1571.396 1563.24 1555.083 1546.871 1538.568 1530.264 1521.961 1513.657 1510.048 1507.329 1504.61 1501.891 1500.0
1545.678 1548.586 1551.494 1554.402 1556.581 1556.844 1557.107 1557.37 1557.633 1556.721 1555.394 1554.067 1552.74 1551.747 1552.063 1552.379 1552.695 1553.011 1554.565 1556.739 1558.912 1561.086 1563.469 1567.248 1571.028 1574.807 1578.586 1582.013 1585.2 1588.386 1591.572 1594.613 1595.282 1595.952 1596.621 1597.29 1597.148 1596.262 1595.375 1594.489 1593.603 1594.176 1594.771 1595.365 1595.96 1595.231 1592.88 1590.53 1588.179 1585.828 1578.267 1570.209 1562.152 1554.094 1546.011 1537.884 1529.757 1521.63 1513.503 1509.945 1507.254 1504.563 1501.872 1500.0
