data/zism_data/01156_01_D.txt
ncols         224
nrows         224
[rows 29 to 57 of 224, columns 128 to 191 of 224]
434.1938 439.3864 444.5789 449.6297 454.2788 458.9279 463.577 468.226 470.9897 473.037 475.0843 477.1316 479.079 480.5964 482.1138 483.6312 485.1486 486.4605 487.6629 488.8653 490.0677 491.1862 491.6655 492.1447 492.624 493.1033 493.2866 493.2554 493.2242 493.193 493.129 492.3435 491.558 490.7725 489.9869 489.072 488.0313 486.9905 485.9498 484.9091 480.9671 476.9386 472.9101 468.8815 463.7083 457.0471 450.3859 443.7247 437.0634 430.9031 424.7994 418.6957 412.592 408.005 406.0871 404.1693 402.2514 400.3335 400.0 400.0 400.0 400.0 400.0 400.0
431.8917 436.9174 441.9431 446.7891 451.126 455.4629 459.7998 464.1367 467.0758 469.4837 471.8916 474.2995 476.6238 478.588 480.5521 482.5163 484.4805 486.1163 487.5771 489.0378 490.4985 491.8679 492.541 493.214 493.887 494.5601 494.9247 495.0658 495.2068 495.3479 495.4608 494.9552 494.4496 493.9439 493.4383 492.7978 492.0262 491.2545 490.4829 489.7113 486.002 482.2049 478.4078 474.6107 469.463 462.5596 455.6562 448.7527 441.8493 435.0502 428.2629 421.4756 414.6884 409.5328 407.2489 404.965 402.6811 400.3972 400.0 400.0 400.0 400.0 400.0 400.0
429.1165 434.0267 438.9369 443.6782 447.9413 452.2043 456.4673 460.7304 463.9529 466.7801 469.6073 472.4344 475.1756 477.5462 479.9168 482.2874 484.658 486.5415 488.1653 489.789 491.4128 492.9271 493.6069 494.2867 494.9666 495.6464 496.033 496.2069 496.3809 496.5548 496.7065 496.3671 496.0277 495.6883 495.3489 494.8784 494.2806 493.6828 493.085 492.4872 489.1001 485.6298 482.1595 478.6892 473.7118 466.7751 459.8385 452.9018 445.9651 438.6078 431.2029 423.7981 416.3933 410.7391 408.1662 405.5933 403.0204 400.4474 400.0 400.0 400.0 400.0 400.0 400.0
426.1198 430.9385 435.7571 440.4407 444.7414 449.0421 453.3428 457.6435 461.2002 464.4741 467.748 471.0219 474.1986 476.9568 479.715 482.4731 485.2313 487.3268 489.069 490.8112 492.5533 494.1629 494.762 495.3611 495.9602 496.5593 496.8932 497.0349 497.1765 497.3182 497.4439 497.2175 496.9911 496.7648 496.5384 496.1891 495.7205 495.2519 494.7832 494.3146 491.292 488.1931 485.0942 481.9953 477.2559 470.3837 463.5117 456.6396 449.7675 441.8896 433.8981 425.9066 417.915 411.7951 408.9692 406.1433 403.3174 400.4915 400.0 400.0 400.0 400.0 400.0 400.0
423.1232 427.8503 432.5775 437.2032 441.5416 445.88 450.2184 454.5568 458.4475 462.1682 465.8888 469.6094 473.2217 476.3675 479.5132 482.6589 485.8046 488.1121 489.9727 491.8333 493.6938 495.3988 495.9171 496.4355 496.9538 497.4722 497.7534 497.8628 497.9722 498.0816 498.1813 498.0679 497.9546 497.8412 497.7279 497.4998 497.1604 496.8209 496.4814 496.142 493.4837 490.7562 488.0287 485.3012 480.7998 473.9923 467.1849 460.3773 453.5698 445.1713 436.5931 428.0149 419.4367 412.8511 409.7722 406.6933 403.6143 400.5355 400.0 400.0 400.0 400.0 400.0 400.0
420.1265 424.7622 429.3978 433.9658 438.3419 442.7179 447.094 451.4701 455.6949 459.8623 464.0296 468.197 472.2449 475.7781 479.3114 482.8446 486.3779 488.8974 490.8764 492.8554 494.8344 496.6346 497.0722 497.5099 497.9474 498.3851 498.6137 498.6908 498.7679 498.8449 498.9186 498.9183 498.918 498.9177 498.9174 498.8105 498.6003 498.39 498.1797 497.9694 495.6755 493.3194 490.9633 488.6072 484.3438 477.6008 470.858 464.1151 457.3721 448.453 439.2881 430.1233 420.9585 413.907 410.5751 407.2432 403.9113 400.5794 400.0 400.0 400.0 400.0 400.0 400.0
417.3017 421.8157 426.3296 430.8189 435.2383 439.6576 444.077 448.4964 453.0406 457.6322 462.2238 466.8154 471.2784 475.1873 479.0962 483.0051 486.9139 489.6336 491.719 493.8045 495.8899 497.7749 498.1318 498.4887 498.8456 499.2025 499.38 499.4276 499.4752 499.5228 499.5725 499.6676 499.7628 499.8579 499.9531 499.9517 499.8566 499.7614 499.6663 499.5711 497.6201 495.6136 493.6071 491.6007 487.5657 480.8937 474.2218 467.5497 460.8777 451.4764 441.767 432.0576 422.3482 414.8663 411.3046 407.7428 404.1811 400.6194 400.0 400.0 400.0 400.0 400.0 400.0
415.6227 419.8137 424.0046 428.2763 432.7764 437.2765 441.7766 446.2767 451.0421 455.9082 460.7743 465.6404 470.382 474.5869 478.7918 482.9967 487.2016 490.0418 492.1541 494.2665 496.3788 498.2783 498.5544 498.8306 499.1068 499.3829 499.5203 499.5571 499.5939 499.6308 499.6692 499.7428 499.8165 499.8901 499.9637 499.9626 499.889 499.8154 499.7418 499.6681 497.9163 496.1144 494.3125 492.5106 488.6404 482.0813 475.5224 468.9634 462.4044 452.7776 442.8045 432.8314 422.8582 415.1808 411.5437 407.9066 404.2696 400.6325 400.0 400.0 400.0 400.0 400.0 400.0
413.9436 417.8116 421.6796 425.7336 430.3145 434.8953 439.4762 444.057 449.0435 454.1841 459.3247 464.4653 469.4854 473.9864 478.4874 482.9884 487.4893 490.45 492.5893 494.7285 496.8678 498.7817 498.9771 499.1725 499.3679 499.5633 499.6606 499.6866 499.7127 499.7387 499.7659 499.818 499.8701 499.9222 499.9743 499.9736 499.9215 499.8694 499.8173 499.7652 498.2126 496.6152 495.0179 493.4205 489.715 483.269 476.8231 470.3771 463.9311 454.0789 443.842 433.6051 423.3683 415.4953 411.7829 408.0705 404.358 400.6456 400.0 400.0 400.0 400.0 400.0 400.0
412.2645 415.8097 419.3547 423.1911 427.8527 432.5142 437.1758 441.8374 447.045 452.4601 457.8752 463.2903 468.589 473.386 478.183 482.98 487.777 490.8582 493.0244 495.1906 497.3568 499.2851 499.3997 499.5144 499.6291 499.7437 499.8008 499.8161 499.8314 499.8467 499.8626 499.8932 499.9238 499.9543 499.9849 499.9845 499.9539 499.9233 499.8928 499.8622 498.5089 497.116 495.7232 494.3304 490.7896 484.4566 478.1238 471.7908 465.4578 455.3801 444.8795 434.3789 423.8783 415.8098 412.0221 408.2343 404.4465 400.6587 400.0 400.0 400.0 400.0 400.0 400.0
410.5854 413.8076 417.0297 420.6484 425.3907 430.133 434.8754 439.6177 445.0464 450.736 456.4256 462.1152 467.6924 472.7855 477.8786 482.9716 488.0647 491.2664 493.4595 495.6526 497.8457 499.7885 499.8224 499.8563 499.8902 499.9242 499.941 499.9456 499.9501 499.9546 499.9594 499.9684 499.9774 499.9865 499.9955 499.9954 499.9864 499.9773 499.9683 499.9592 498.8051 497.6168 496.4286 495.2403 491.8643 485.6443 479.4245 473.2045 466.9846 456.6813 445.917 435.1526 424.3883 416.1244 412.2612 408.3981 404.535 400.6718 400.0 400.0 400.0 400.0 400.0 400.0
408.9187 411.7617 414.6047 417.9578 422.7559 427.554 432.3521 437.1501 442.9062 449.0263 455.1464 461.2665 467.2389 472.575 477.911 483.2471 488.5832 491.8137 493.9214 496.029 498.1367 500.0 500.0 500.0 500.0 500.0 499.9964 499.9901 499.9839 499.9777 499.9695 499.9196 499.8697 499.8198 499.7698 499.6519 499.4678 499.2837 499.0996 498.9155 497.4368 495.9195 494.4022 492.8848 489.2255 482.7816 476.3378 469.8939 463.45 453.5178 443.1918 432.8658 422.5397 414.6806 411.1634 407.6461 404.1289 400.6117 400.0 400.0 400.0 400.0 400.0 400.0
407.2608 409.684 412.1071 415.1597 419.9954 424.8312 429.667 434.5028 440.6631 447.3269 453.9906 460.6543 467.1064 472.6471 478.1877 483.7283 489.2689 492.4618 494.4026 496.3434 498.2842 500.0 500.0 500.0 500.0 500.0 499.9901 499.9731 499.9561 499.9391 499.9169 499.7809 499.6448 499.5088 499.3728 499.0513 498.5497 498.048 497.5464 497.0447 494.8617 492.6284 490.3952 488.162 483.8943 476.9822 470.0701 463.158 456.2458 447.1173 437.7386 428.3598 418.9811 411.9621 409.0962 406.2303 403.3643 400.4984 400.0 400.0 400.0 400.0 400.0 400.0
405.603 407.6063 409.6096 412.3616 417.2351 422.1086 426.9821 431.8555 438.4202 445.6275 452.8348 460.0422 466.974 472.7192 478.4643 484.2095 489.9546 493.1098 494.8838 496.6577 498.4317 500.0 500.0 500.0 500.0 500.0 499.9839 499.9561 499.9283 499.9006 499.8643 499.6422 499.42 499.1979 498.9757 498.4507 497.6315 496.8123 495.9932 495.174 492.2866 489.3375 486.3883 483.4392 478.5634 471.183 463.8027 456.4223 449.0419 440.717 432.2856 423.8541 415.4226 409.2436 407.029 404.8144 402.5998 400.3851 400.0 400.0 400.0 400.0 400.0 400.0
403.9451 405.5286 407.1121 409.5636 414.4748 419.386 424.2971 429.2083 436.1772 443.9282 451.6791 459.43 466.8416 472.7913 478.741 484.6907 490.6404 493.7579 495.365 496.9721 498.5792 500.0 500.0 500.0 500.0 500.0 499.9777 499.9391 499.9006 499.862 499.8118 499.5035 499.1952 498.887 498.5787 497.8502 496.7134 495.5767 494.44 493.3033 489.7115 486.0465 482.3815 478.7165 473.2325 465.3838 457.5353 449.6866 441.838 434.3167 426.8326 419.3483 411.8641 406.5251 404.9618 403.3985 401.8352 400.2719 400.0 400.0 400.0 400.0 400.0 400.0
402.3415 403.5042 404.6668 406.8118 411.7399 416.668 421.5961 426.5242 433.887 442.175 450.463 458.751 466.6389 472.8034 478.968 485.1325 491.297 494.3841 495.83 497.2759 498.7217 499.9999 499.9991 499.9984 499.9976 499.9968 499.9651 499.9112 499.8572 499.8032 499.734 499.3301 498.9262 498.5223 498.1184 497.182 495.7283 494.2746 492.821 491.3673 487.0825 482.7131 478.3437 473.9743 467.8986 459.6046 451.3107 443.0167 434.7227 428.0024 421.4597 414.917 408.3743 403.8665 402.9402 402.0138 401.0875 400.1611 400.0 400.0 400.0 400.0 400.0 400.0
402.5544 403.265 403.9755 405.6093 409.8593 414.1092 418.3591 422.609 430.0152 438.6207 447.2263 455.8318 464.0829 470.8073 477.5316 484.2559 490.9803 494.2796 495.7524 497.2252 498.698 499.9968 499.9691 499.9414 499.9137 499.886 499.7432 499.517 499.2907 499.0645 498.8125 497.9942 497.1758 496.3575 495.5392 494.2484 492.4987 490.749 488.9993 487.2496 482.6478 477.9608 473.2739 468.587 462.4721 454.5011 446.5302 438.5591 430.5881 424.5727 418.7782 412.9836 407.1891 403.2149 402.4447 401.6744 400.9042 400.1339 400.0 400.0 400.0 400.0 400.0 400.0
402.7674 403.0258 403.2841 404.4068 407.9785 411.5503 415.122 418.6937 426.1433 435.0664 443.9895 452.9126 461.5269 468.8111 476.0952 483.3793 490.6635 494.1751 495.6748 497.1745 498.6742 499.9937 499.9391 499.8845 499.8298 499.7752 499.5213 499.1228 498.7243 498.3258 497.8911 496.6583 495.4255 494.1927 492.9599 491.3147 489.269 487.2232 485.1775 483.1318 478.213 473.2085 468.2039 463.1994 457.0455 449.3974 441.7495 434.1013 426.4532 421.1429 416.0966 411.0502 406.0038 402.5634 401.9492 401.3351 400.7209 400.1068 400.0 400.0 400.0 400.0 400.0 400.0
402.9803 402.7866 402.5928 403.2044 406.0979 408.9915 411.885 414.7786 422.2715 431.5121 440.7528 449.9935 458.9709 466.8149 474.6588 482.5028 490.3467 494.0706 495.5972 497.1238 498.6504 499.9905 499.909 499.8275 499.746 499.6645 499.2993 498.7286 498.1579 497.5871 496.9696 495.3224 493.6751 492.0279 490.3806 488.3811 486.0394 483.6976 481.3559 479.0141 473.7784 468.4563 463.1342 457.812 451.619 444.2939 436.9689 429.6437 422.3186 417.7133 413.4151 409.1169 404.8186 401.9118 401.4538 400.9957 400.5377 400.0797 400.0 400.0 400.0 400.0 400.0 400.0
403.1933 402.5474 401.9014 402.0019 404.2172 406.4326 408.6479 410.8633 418.3996 427.9578 437.516 447.0742 456.4149 464.8187 473.2224 481.6262 490.0299 493.9661 495.5196 497.0731 498.6266 499.9874 499.879 499.7706 499.6621 499.5537 499.0774 498.3344 497.5914 496.8484 496.0481 493.9865 491.9247 489.863 487.8014 485.4474 482.8096 480.1718 477.5341 474.8963 469.3436 463.7039 458.0642 452.4245 446.1924 439.1902 432.1881 425.1859 418.1838 414.2835 410.7335 407.1834 403.6334 401.2602 400.9583 400.6563 400.3544 400.0525 400.0 400.0 400.0 400.0 400.0 400.0
406.1922 404.7079 403.2237 402.533 404.0908 405.6486 407.2064 408.7642 416.0641 425.546 435.0279 444.5099 453.8548 462.6098 471.3649 480.1199 488.8749 493.0666 494.8246 496.5826 498.3407 499.8697 499.6519 499.4342 499.2165 498.9988 498.3364 497.3517 496.3669 495.3822 494.3365 491.9505 489.5645 487.1785 484.7924 482.1847 479.3615 476.5384 473.7153 470.8922 465.3382 459.7027 454.0672 448.4317 442.3357 435.641 428.9464 422.2518 415.5571 412.1497 409.1136 406.0775 403.0413 401.0169 400.7733 400.5297 400.286 400.0424 400.0 400.0 400.0 400.0 400.0 400.0
412.2303 409.4865 406.7427 404.9554 405.878 406.8007 407.7234 408.6461 415.4045 424.3804 433.3564 442.3324 451.2901 460.1689 469.0477 477.9265 486.8054 491.2998 493.4562 495.6125 497.7688 499.6268 499.21 498.7931 498.3762 497.9594 497.0292 495.7269 494.4245 493.1222 491.7629 489.1509 486.5388 483.9267 481.3146 478.5627 475.675 472.7872 469.8995 467.0118 461.8009 456.5207 451.2405 445.9603 440.1914 433.7874 427.3834 420.9794 414.5753 411.4297 408.6519 405.8741 403.0963 401.2191 400.9271 400.635 400.3429 400.0508 400.0 400.0 400.0 400.0 400.0 400.0
418.2682 414.2649 410.2616 407.3776 407.6652 407.9528 408.2404 408.528 414.7449 423.2149 431.685 440.155 448.7254 457.728 466.7306 475.7332 484.7359 489.5331 492.0878 494.6424 497.197 499.384 498.768 498.152 497.536 496.92 495.722 494.1021 492.4822 490.8623 489.1894 486.3513 483.5132 480.675 477.8369 474.9408 471.9885 469.0362 466.0839 463.1316 458.2638 453.3388 448.4138 443.4889 438.0472 431.9338 425.8205 419.7071 413.5937 410.7096 408.1902 405.6707 403.1513 401.4213 401.0808 400.7403 400.3997 400.0592 400.0 400.0 400.0 400.0 400.0 400.0
424.3062 419.0433 413.7805 409.7999 409.4524 409.1049 408.7574 408.4099 414.0853 422.0494 430.0135 437.9777 446.1607 455.2871 464.4136 473.54 482.6664 487.7665 490.7194 493.6722 496.6251 499.1412 498.326 497.5109 496.6957 495.8806 494.4148 492.4774 490.5399 488.6024 486.6159 483.5518 480.4876 477.4234 474.3592 471.319 468.3021 465.2852 462.2682 459.2513 454.7266 450.1569 445.5872 441.0175 435.9029 430.0802 424.2575 418.4348 412.612 409.9895 407.7285 405.4674 403.2063 401.6235 401.2346 400.8456 400.4566 400.0677 400.0 400.0 400.0 400.0 400.0 400.0
430.3443 423.8219 417.2996 412.2223 411.2397 410.257 409.2744 408.2918 413.4257 420.8839 428.342 435.8002 443.596 452.8462 462.0964 471.3466 480.5968 485.9997 489.3509 492.7021 496.0533 498.8983 497.884 496.8698 495.8555 494.8412 493.1076 490.8525 488.5975 486.3424 484.0423 480.7521 477.4619 474.1716 470.8814 467.697 464.6155 461.534 458.4525 455.371 451.1894 446.9749 442.7604 438.546 433.7586 428.2265 422.6945 417.1624 411.6302 409.2695 407.2668 405.264 403.2613 401.8257 401.3883 400.9509 400.5135 400.0761 400.0 400.0 400.0 400.0 400.0 400.0
437.1473 430.1692 423.1911 417.7181 416.5097 415.3014 414.093 412.8847 417.5789 424.5162 431.4535 438.3907 445.6319 454.1822 462.7324 471.2826 479.8329 484.9688 488.2839 491.5991 494.9142 497.7171 496.6135 495.5099 494.4063 493.3027 491.5703 489.3821 487.1939 485.0057 482.7766 479.6498 476.5229 473.396 470.269 467.1805 464.1293 461.078 458.0268 454.9755 451.3628 447.7332 444.1037 440.4741 436.3673 431.64 426.9128 422.1855 417.4583 415.2946 413.4204 411.5463 409.6721 408.243 407.5974 406.9518 406.3062 405.6606 404.8348 403.9712 403.1075 402.2439 401.535 401.2055
444.0103 436.6392 429.2682 423.4542 422.0521 420.65 419.2479 417.8457 422.1083 428.5235 434.9387 441.3539 448.0273 455.8132 463.5991 471.3849 479.1708 483.9953 487.2405 490.4857 493.7309 496.4625 495.2781 494.0938 492.9095 491.7251 490.015 487.9237 485.8324 483.7411 481.6131 478.68 475.7469 472.8137 469.8806 466.9066 463.893 460.8795 457.8659 454.8523 451.826 448.7993 445.7727 442.746 439.3474 435.4651 431.5829 427.7007 423.8185 421.847 420.0912 418.3354 416.5797 415.1461 414.2798 413.4135 412.5471 411.6808 410.0475 408.2527 406.4579 404.6631 403.19 402.5053
450.873 443.109 435.3451 429.1901 427.5943 425.9984 424.4025 422.8066 426.6375 432.5307 438.4238 444.3169 450.4226 457.4442 464.4657 471.4873 478.5089 483.0219 486.1971 489.3723 492.5475 495.2079 493.9429 492.6778 491.4127 490.1476 488.4597 486.4653 484.4709 482.4765 480.4496 477.7103 474.9709 472.2315 469.4921 466.6327 463.6568 460.6809 457.705 454.7291 452.2893 449.8655 447.4417 445.0179 442.3273 439.2901 436.2529 433.2157 430.1785 428.3991 426.7617 425.1244 423.487 422.049 420.962 419.875 418.7879 417.7009 415.26 412.5341 409.8081 407.0822 404.845 403.805
457.736 449.579 441.4222 434.9262 433.1366 431.347 429.5573 427.7677 431.1669 436.538 441.909 447.28 452.818 459.0752 465.3324 471.5896 477.8469 482.0484 485.1536 488.2589 491.3641 493.9533 492.6075 491.2617 489.9159 488.5701 486.9044 485.0069 483.1094 481.2118 479.2861 476.7405 474.1949 471.6492 469.1036 466.3588 463.4206 460.4824 457.5441 454.6059 452.7526 450.9316 449.1107 447.2897 445.3074 443.1152 440.923 438.7309 436.5387 434.9514 433.4325 431.9135 430.3946 428.9521 427.6444 426.3367 425.0289 423.7212 420.4727 416.8156 413.1585 409.5015 406.5 405.1048
