data/zism_data/01161_02_D.txt
ncols         224
nrows         224
[rows 56 to 83 of 224, columns 0 to 62 of 224]
1538.349 1538.28 1538.211 1538.207 1538.207 1538.207 1538.207 1538.207 1538.207 1538.207 1538.207 1538.207 1538.121 1538.007 1537.893 1537.779 1537.675 1537.629 1537.583 1537.537 1537.491 1537.28 1536.941 1536.601 1536.261 1535.922 1534.921 1533.897 1532.874 1531.85 1531.017 1530.505 1529.994 1529.483 1528.972 1528.828 1528.79 1528.752 1528.714 1528.695 1528.764 1528.833 1528.902 1528.971 1528.959 1528.891 1528.821 1528.752 1528.683 1528.531 1528.378 1528.225 1528.072 1527.867 1527.585 1527.303 1527.021 1526.739 1526.618 1526.537 1526.457 1526.376 1526.272
1538.65 1538.613 1538.576 1538.574 1538.574 1538.574 1538.574 1538.574 1538.574 1538.574 1538.574 1538.574 1538.452 1538.29 1538.128 1537.966 1537.826 1537.801 1537.776 1537.752 1537.727 1537.519 1537.169 1536.818 1536.468 1536.118 1535.153 1534.167 1533.18 1532.194 1531.372 1530.829 1530.286 1529.742 1529.199 1529.036 1528.982 1528.928 1528.874 1528.836 1528.873 1528.911 1528.948 1528.985 1528.978 1528.941 1528.904 1528.867 1528.83 1528.715 1528.599 1528.483 1528.367 1528.171 1527.851 1527.532 1527.213 1526.893 1526.795 1526.752 1526.708 1526.665 1526.589
1538.952 1538.947 1538.942 1538.941 1538.941 1538.941 1538.941 1538.941 1538.941 1538.941 1538.941 1538.941 1538.784 1538.574 1538.364 1538.154 1537.976 1537.973 1537.969 1537.966 1537.962 1537.758 1537.397 1537.036 1536.675 1536.314 1535.385 1534.436 1533.487 1532.538 1531.728 1531.153 1530.577 1530.002 1529.427 1529.244 1529.174 1529.104 1529.034 1528.978 1528.983 1528.988 1528.993 1528.998 1528.997 1528.992 1528.987 1528.982 1528.977 1528.899 1528.82 1528.742 1528.663 1528.474 1528.118 1527.761 1527.404 1527.047 1526.972 1526.966 1526.96 1526.954 1526.905
1539.0 1539.0 1539.0 1538.983 1538.965 1538.947 1538.929 1538.91 1538.887 1538.865 1538.843 1538.82 1538.661 1538.457 1538.253 1538.049 1537.872 1537.845 1537.818 1537.792 1537.765 1537.549 1537.187 1536.824 1536.461 1536.098 1535.266 1534.417 1533.568 1532.719 1531.981 1531.432 1530.883 1530.334 1529.786 1529.579 1529.47 1529.362 1529.253 1529.163 1529.154 1529.145 1529.136 1529.127 1529.108 1529.081 1529.054 1529.027 1529.0 1528.937 1528.873 1528.81 1528.746 1528.577 1528.245 1527.914 1527.583 1527.251 1527.175 1527.161 1527.148 1527.134 1527.081
1539.0 1539.0 1539.0 1538.963 1538.924 1538.885 1538.845 1538.803 1538.754 1538.705 1538.656 1538.606 1538.453 1538.265 1538.076 1537.888 1537.72 1537.661 1537.603 1537.544 1537.485 1537.255 1536.893 1536.53 1536.167 1535.804 1535.08 1534.343 1533.606 1532.869 1532.216 1531.704 1531.192 1530.681 1530.169 1529.938 1529.786 1529.635 1529.484 1529.357 1529.338 1529.318 1529.298 1529.279 1529.236 1529.177 1529.118 1529.059 1529.0 1528.948 1528.895 1528.842 1528.789 1528.64 1528.346 1528.052 1527.758 1527.464 1527.382 1527.353 1527.323 1527.294 1527.23
1539.0 1539.0 1539.0 1538.943 1538.882 1538.822 1538.761 1538.695 1538.62 1538.544 1538.468 1538.393 1538.244 1538.072 1537.9 1537.728 1537.568 1537.477 1537.387 1537.296 1537.205 1536.961 1536.599 1536.236 1535.873 1535.51 1534.894 1534.269 1533.644 1533.019 1532.45 1531.976 1531.501 1531.027 1530.553 1530.296 1530.103 1529.909 1529.715 1529.551 1529.521 1529.491 1529.46 1529.43 1529.364 1529.273 1529.182 1529.092 1529.001 1528.958 1528.916 1528.874 1528.831 1528.704 1528.447 1528.191 1527.934 1527.677 1527.59 1527.544 1527.499 1527.454 1527.379
1539.0 1539.0 1539.0 1538.923 1538.841 1538.759 1538.677 1538.588 1538.486 1538.384 1538.281 1538.179 1538.036 1537.88 1537.724 1537.567 1537.416 1537.293 1537.171 1537.048 1536.925 1536.667 1536.305 1535.942 1535.579 1535.217 1534.708 1534.195 1533.682 1533.169 1532.684 1532.247 1531.81 1531.373 1530.936 1530.655 1530.419 1530.182 1529.946 1529.745 1529.704 1529.663 1529.622 1529.581 1529.492 1529.37 1529.247 1529.124 1529.001 1528.969 1528.937 1528.906 1528.874 1528.768 1528.548 1528.329 1528.11 1527.89 1527.797 1527.736 1527.675 1527.613 1527.528
1539.022 1539.022 1539.022 1538.924 1538.819 1538.714 1538.609 1538.497 1538.371 1538.245 1538.12 1537.994 1537.852 1537.706 1537.559 1537.412 1537.265 1537.117 1536.969 1536.82 1536.672 1536.406 1536.048 1535.69 1535.333 1534.975 1534.55 1534.123 1533.696 1533.268 1532.852 1532.454 1532.056 1531.658 1531.26 1530.964 1530.698 1530.432 1530.166 1529.938 1529.882 1529.825 1529.769 1529.713 1529.61 1529.474 1529.339 1529.204 1529.068 1529.035 1529.003 1528.97 1528.938 1528.845 1528.66 1528.475 1528.289 1528.104 1528.008 1527.934 1527.859 1527.785 1527.693
1539.096 1539.096 1539.096 1538.972 1538.841 1538.709 1538.578 1538.443 1538.301 1538.159 1538.017 1537.875 1537.726 1537.574 1537.422 1537.27 1537.117 1536.958 1536.799 1536.64 1536.481 1536.219 1535.877 1535.535 1535.194 1534.852 1534.453 1534.053 1533.652 1533.252 1532.868 1532.513 1532.157 1531.802 1531.446 1531.16 1530.894 1530.628 1530.362 1530.129 1530.046 1529.963 1529.88 1529.797 1529.702 1529.599 1529.495 1529.392 1529.288 1529.229 1529.17 1529.111 1529.052 1528.954 1528.795 1528.636 1528.478 1528.319 1528.224 1528.144 1528.065 1527.985 1527.893
1539.169 1539.169 1539.169 1539.02 1538.862 1538.704 1538.546 1538.388 1538.23 1538.073 1537.915 1537.757 1537.599 1537.442 1537.285 1537.127 1536.968 1536.798 1536.629 1536.459 1536.29 1536.032 1535.706 1535.38 1535.055 1534.729 1534.356 1533.983 1533.609 1533.235 1532.884 1532.571 1532.258 1531.945 1531.633 1531.356 1531.09 1530.824 1530.558 1530.321 1530.211 1530.101 1529.991 1529.881 1529.794 1529.723 1529.651 1529.58 1529.509 1529.423 1529.338 1529.252 1529.166 1529.062 1528.93 1528.798 1528.666 1528.534 1528.44 1528.355 1528.27 1528.186 1528.094
1539.243 1539.243 1539.243 1539.069 1538.884 1538.699 1538.514 1538.333 1538.16 1537.986 1537.812 1537.638 1537.473 1537.31 1537.148 1536.985 1536.819 1536.639 1536.459 1536.279 1536.098 1535.845 1535.535 1535.225 1534.916 1534.606 1534.26 1533.913 1533.565 1533.218 1532.9 1532.63 1532.359 1532.089 1531.819 1531.552 1531.286 1531.02 1530.754 1530.512 1530.375 1530.239 1530.102 1529.966 1529.886 1529.847 1529.808 1529.768 1529.729 1529.617 1529.505 1529.393 1529.28 1529.171 1529.065 1528.96 1528.855 1528.749 1528.656 1528.566 1528.476 1528.386 1528.294
1539.316 1539.316 1539.316 1539.117 1538.906 1538.694 1538.483 1538.279 1538.089 1537.899 1537.71 1537.52 1537.347 1537.179 1537.01 1536.843 1536.671 1536.48 1536.289 1536.098 1535.907 1535.658 1535.364 1535.07 1534.777 1534.483 1534.163 1533.843 1533.522 1533.201 1532.916 1532.688 1532.46 1532.233 1532.005 1531.748 1531.482 1531.216 1530.95 1530.703 1530.54 1530.377 1530.214 1530.05 1529.979 1529.971 1529.964 1529.956 1529.949 1529.811 1529.672 1529.533 1529.394 1529.279 1529.201 1529.122 1529.043 1528.964 1528.872 1528.777 1528.681 1528.586 1528.494
1539.446 1539.446 1539.446 1539.253 1539.047 1538.842 1538.637 1538.426 1538.204 1537.981 1537.759 1537.537 1537.33 1537.128 1536.926 1536.724 1536.523 1536.325 1536.128 1535.93 1535.733 1535.49 1535.212 1534.934 1534.656 1534.379 1534.081 1533.783 1533.485 1533.187 1532.924 1532.718 1532.513 1532.308 1532.102 1531.866 1531.62 1531.375 1531.129 1530.892 1530.69 1530.488 1530.286 1530.084 1530.0 1530.0 1530.0 1530.0 1530.0 1529.88 1529.76 1529.639 1529.519 1529.422 1529.362 1529.302 1529.242 1529.181 1529.105 1529.025 1528.944 1528.864 1528.78
1539.593 1539.593 1539.593 1539.415 1539.225 1539.036 1538.847 1538.633 1538.374 1538.114 1537.855 1537.595 1537.347 1537.103 1536.858 1536.613 1536.375 1536.172 1535.969 1535.766 1535.564 1535.328 1535.066 1534.804 1534.542 1534.28 1534.004 1533.727 1533.451 1533.174 1532.93 1532.74 1532.551 1532.362 1532.172 1531.96 1531.741 1531.522 1531.303 1531.08 1530.835 1530.591 1530.346 1530.101 1530.0 1530.0 1530.0 1530.0 1530.0 1529.912 1529.824 1529.735 1529.647 1529.576 1529.531 1529.487 1529.443 1529.399 1529.343 1529.283 1529.224 1529.165 1529.092
1539.74 1539.74 1539.74 1539.577 1539.404 1539.23 1539.057 1538.841 1538.544 1538.247 1537.95 1537.654 1537.364 1537.077 1536.789 1536.502 1536.227 1536.019 1535.811 1535.603 1535.395 1535.165 1534.919 1534.673 1534.427 1534.182 1533.927 1533.671 1533.416 1533.161 1532.936 1532.762 1532.589 1532.416 1532.242 1532.054 1531.862 1531.67 1531.478 1531.268 1530.981 1530.693 1530.406 1530.119 1530.0 1530.0 1530.0 1530.0 1530.0 1529.944 1529.887 1529.831 1529.774 1529.729 1529.701 1529.672 1529.644 1529.616 1529.58 1529.542 1529.505 1529.467 1529.404
1539.887 1539.887 1539.887 1539.739 1539.582 1539.424 1539.267 1539.048 1538.714 1538.38 1538.046 1537.712 1537.381 1537.051 1536.721 1536.391 1536.079 1535.866 1535.652 1535.439 1535.225 1535.003 1534.773 1534.543 1534.313 1534.083 1533.849 1533.615 1533.381 1533.147 1532.942 1532.784 1532.627 1532.469 1532.312 1532.148 1531.983 1531.817 1531.652 1531.456 1531.126 1530.796 1530.466 1530.136 1530.0 1530.0 1530.0 1530.0 1530.0 1529.976 1529.951 1529.927 1529.902 1529.882 1529.87 1529.858 1529.845 1529.833 1529.818 1529.801 1529.785 1529.768 1529.716
1540.0 1540.0 1540.0 1539.863 1539.718 1539.573 1539.428 1539.208 1538.845 1538.482 1538.119 1537.757 1537.4 1537.044 1536.689 1536.334 1535.999 1535.778 1535.557 1535.335 1535.114 1534.897 1534.683 1534.469 1534.255 1534.041 1533.824 1533.606 1533.389 1533.171 1532.977 1532.825 1532.672 1532.52 1532.367 1532.223 1532.08 1531.937 1531.795 1531.615 1531.268 1530.922 1530.575 1530.229 1530.085 1530.085 1530.085 1530.085 1530.085 1530.078 1530.07 1530.063 1530.056 1530.05 1530.046 1530.042 1530.039 1530.035 1530.037 1530.041 1530.044 1530.048 1530.008
1540.0 1540.0 1540.0 1539.863 1539.718 1539.573 1539.428 1539.208 1538.845 1538.482 1538.119 1537.757 1537.424 1537.1 1536.777 1536.454 1536.144 1535.907 1535.669 1535.432 1535.195 1534.979 1534.781 1534.583 1534.386 1534.188 1533.971 1533.753 1533.536 1533.318 1533.113 1532.928 1532.744 1532.559 1532.375 1532.231 1532.099 1531.967 1531.835 1531.677 1531.399 1531.122 1530.845 1530.567 1530.453 1530.453 1530.453 1530.453 1530.453 1530.414 1530.374 1530.335 1530.295 1530.264 1530.244 1530.224 1530.205 1530.185 1530.197 1530.217 1530.236 1530.256 1530.235
1540.0 1540.0 1540.0 1539.863 1539.718 1539.573 1539.428 1539.208 1538.845 1538.482 1538.119 1537.757 1537.448 1537.156 1536.865 1536.574 1536.288 1536.035 1535.782 1535.528 1535.275 1535.062 1534.88 1534.698 1534.516 1534.334 1534.118 1533.9 1533.682 1533.465 1533.248 1533.031 1532.815 1532.598 1532.382 1532.239 1532.118 1531.997 1531.875 1531.738 1531.53 1531.322 1531.114 1530.906 1530.82 1530.82 1530.82 1530.82 1530.82 1530.749 1530.678 1530.607 1530.535 1530.478 1530.442 1530.406 1530.371 1530.335 1530.357 1530.392 1530.428 1530.464 1530.462
1540.0 1540.0 1540.0 1539.863 1539.718 1539.573 1539.428 1539.208 1538.845 1538.482 1538.119 1537.757 1537.472 1537.212 1536.953 1536.694 1536.433 1536.164 1535.894 1535.625 1535.356 1535.144 1534.978 1534.813 1534.646 1534.481 1534.265 1534.047 1533.829 1533.612 1533.383 1533.134 1532.886 1532.637 1532.389 1532.247 1532.137 1532.026 1531.916 1531.8 1531.661 1531.522 1531.384 1531.245 1531.188 1531.188 1531.188 1531.188 1531.188 1531.085 1530.982 1530.878 1530.775 1530.692 1530.64 1530.589 1530.537 1530.485 1530.516 1530.568 1530.62 1530.671 1530.689
1540.0 1540.0 1540.0 1539.863 1539.718 1539.573 1539.428 1539.208 1538.845 1538.482 1538.119 1537.757 1537.496 1537.268 1537.041 1536.814 1536.577 1536.292 1536.007 1535.721 1535.436 1535.227 1535.077 1534.927 1534.777 1534.627 1534.412 1534.194 1533.976 1533.759 1533.518 1533.237 1532.957 1532.677 1532.396 1532.256 1532.156 1532.056 1531.956 1531.861 1531.792 1531.723 1531.653 1531.584 1531.555 1531.555 1531.555 1531.555 1531.555 1531.421 1531.285 1531.15 1531.015 1530.906 1530.839 1530.771 1530.703 1530.635 1530.676 1530.744 1530.812 1530.879 1530.916
1540.097 1540.075 1540.052 1539.911 1539.762 1539.613 1539.465 1539.255 1538.929 1538.603 1538.278 1537.952 1537.682 1537.432 1537.181 1536.93 1536.671 1536.369 1536.068 1535.767 1535.465 1535.258 1535.124 1534.99 1534.856 1534.722 1534.54 1534.355 1534.171 1533.987 1533.763 1533.473 1533.183 1532.893 1532.603 1532.457 1532.353 1532.249 1532.145 1532.048 1531.985 1531.922 1531.858 1531.795 1531.769 1531.769 1531.769 1531.769 1531.769 1531.644 1531.517 1531.39 1531.264 1531.16 1531.091 1531.022 1530.954 1530.885 1530.929 1531.002 1531.074 1531.147 1531.192
1540.236 1540.182 1540.128 1539.979 1539.825 1539.671 1539.517 1539.322 1539.05 1538.777 1538.505 1538.233 1537.94 1537.641 1537.342 1537.043 1536.742 1536.424 1536.107 1535.79 1535.473 1535.267 1535.149 1535.031 1534.913 1534.795 1534.66 1534.523 1534.387 1534.251 1534.057 1533.767 1533.477 1533.187 1532.897 1532.743 1532.628 1532.513 1532.398 1532.289 1532.204 1532.12 1532.035 1531.951 1531.916 1531.916 1531.916 1531.916 1531.916 1531.817 1531.717 1531.617 1531.517 1531.432 1531.368 1531.305 1531.241 1531.178 1531.223 1531.296 1531.368 1531.441 1531.489
1540.375 1540.289 1540.203 1540.048 1539.888 1539.729 1539.57 1539.389 1539.17 1538.951 1538.732 1538.513 1538.198 1537.851 1537.504 1537.157 1536.813 1536.479 1536.146 1535.813 1535.479 1535.276 1535.174 1535.072 1534.97 1534.868 1534.779 1534.691 1534.603 1534.515 1534.351 1534.061 1533.771 1533.481 1533.191 1533.028 1532.903 1532.777 1532.652 1532.53 1532.424 1532.318 1532.212 1532.107 1532.063 1532.063 1532.063 1532.063 1532.063 1531.99 1531.917 1531.844 1531.771 1531.703 1531.645 1531.587 1531.529 1531.471 1531.517 1531.59 1531.662 1531.735 1531.786
1540.515 1540.397 1540.278 1540.116 1539.952 1539.787 1539.622 1539.457 1539.291 1539.125 1538.96 1538.794 1538.456 1538.061 1537.666 1537.271 1536.884 1536.534 1536.185 1535.836 1535.487 1535.285 1535.199 1535.113 1535.027 1534.941 1534.899 1534.859 1534.819 1534.778 1534.645 1534.355 1534.065 1533.775 1533.484 1533.314 1533.178 1533.042 1532.906 1532.771 1532.644 1532.517 1532.39 1532.262 1532.21 1532.21 1532.21 1532.21 1532.21 1532.164 1532.117 1532.07 1532.024 1531.975 1531.922 1531.869 1531.816 1531.763 1531.811 1531.884 1531.956 1532.029 1532.083
1540.645 1540.505 1540.365 1540.203 1540.04 1539.876 1539.713 1539.562 1539.435 1539.309 1539.182 1539.055 1538.698 1538.266 1537.833 1537.4 1536.978 1536.613 1536.247 1535.882 1535.517 1535.318 1535.247 1535.177 1535.108 1535.037 1535.035 1535.035 1535.035 1535.035 1534.928 1534.641 1534.353 1534.066 1533.778 1533.599 1533.451 1533.304 1533.156 1533.008 1532.861 1532.713 1532.565 1532.418 1532.36 1532.365 1532.37 1532.375 1532.38 1532.352 1532.323 1532.295 1532.267 1532.231 1532.184 1532.138 1532.091 1532.044 1532.095 1532.17 1532.245 1532.321 1532.381
1540.726 1540.618 1540.51 1540.385 1540.259 1540.133 1540.007 1539.868 1539.704 1539.54 1539.375 1539.211 1538.857 1538.44 1538.024 1537.607 1537.196 1536.815 1536.433 1536.052 1535.671 1535.473 1535.419 1535.365 1535.311 1535.257 1535.256 1535.256 1535.256 1535.256 1535.155 1534.883 1534.611 1534.34 1534.068 1533.88 1533.717 1533.553 1533.39 1533.226 1533.062 1532.899 1532.735 1532.571 1532.525 1532.563 1532.6 1532.637 1532.674 1532.62 1532.564 1532.509 1532.454 1532.407 1532.371 1532.335 1532.299 1532.263 1532.329 1532.42 1532.511 1532.602 1532.678
1540.807 1540.731 1540.655 1540.567 1540.478 1540.39 1540.301 1540.173 1539.972 1539.77 1539.569 1539.367 1539.016 1538.615 1538.215 1537.814 1537.414 1537.017 1536.619 1536.222 1535.825 1535.629 1535.591 1535.553 1535.515 1535.477 1535.476 1535.476 1535.476 1535.476 1535.381 1535.125 1534.87 1534.614 1534.359 1534.162 1533.982 1533.803 1533.623 1533.443 1533.264 1533.084 1532.905 1532.725 1532.691 1532.76 1532.829 1532.898 1532.967 1532.887 1532.805 1532.724 1532.642 1532.582 1532.557 1532.532 1532.506 1532.481 1532.562 1532.669 1532.776 1532.883 1532.975
