data/zism_data/01163_02_D.txt
ncols         224
nrows         224
[rows 84 to 111 of 224, columns 126 to 188 of 224]
3447.055 3445.648 3444.24 3442.832 3441.004 3438.661 3436.317 3433.973 3431.63 3428.755 3425.829 3422.904 3419.978 3416.886 3413.52 3410.153 3406.787 3403.42 3400.629 3397.948 3395.266 3392.585 3390.57 3390.078 3389.586 3389.094 3388.602 3390.874 3393.98 3397.086 3400.192 3403.529 3407.634 3411.739 3415.844 3419.949 3422.85 3425.225 3427.599 3429.974 3431.587 3429.188 3426.788 3424.388 3421.989 3419.211 3416.206 3413.2 3410.195 3407.914 3413.237 3418.561 3423.885 3429.208 3438.683 3451.544 3464.405 3477.266 3490.014 3495.128 3500.242 3505.355 3510.469
3449.747 3448.225 3446.704 3445.182 3443.233 3440.759 3438.286 3435.812 3433.338 3430.209 3427.018 3423.827 3420.636 3417.307 3413.75 3410.194 3406.638 3403.081 3400.424 3397.938 3395.452 3392.965 3391.178 3390.99 3390.802 3390.614 3390.426 3392.934 3396.257 3399.58 3402.903 3406.453 3410.759 3415.064 3419.37 3423.675 3426.796 3429.398 3432.001 3434.603 3436.433 3434.191 3431.948 3429.706 3427.463 3424.904 3422.153 3419.403 3416.652 3414.585 3419.703 3424.821 3429.938 3435.056 3443.972 3455.987 3468.003 3480.018 3491.941 3497.657 3503.373 3509.088 3514.803
3452.438 3450.803 3449.168 3447.532 3445.462 3442.858 3440.254 3437.65 3435.047 3431.664 3428.207 3424.75 3421.293 3417.727 3413.981 3410.235 3406.489 3402.743 3400.22 3397.928 3395.637 3393.346 3391.787 3391.903 3392.018 3392.134 3392.249 3394.995 3398.534 3402.074 3405.614 3409.377 3413.884 3418.389 3422.896 3427.402 3430.742 3433.572 3436.402 3439.232 3441.279 3439.193 3437.108 3435.023 3432.938 3430.596 3428.101 3425.605 3423.109 3421.257 3426.168 3431.08 3435.992 3440.904 3449.261 3460.431 3471.6 3482.769 3493.869 3500.186 3506.503 3512.82 3519.138
3455.13 3453.381 3451.632 3449.882 3447.691 3444.957 3442.223 3439.489 3436.755 3433.118 3429.396 3425.673 3421.951 3418.148 3414.212 3410.276 3406.34 3402.404 3400.015 3397.919 3395.823 3393.727 3392.396 3392.815 3393.234 3393.653 3394.073 3397.055 3400.812 3404.568 3408.324 3412.301 3417.008 3421.715 3426.422 3431.128 3434.688 3437.746 3440.803 3443.861 3446.124 3444.196 3442.268 3440.34 3438.412 3436.289 3434.048 3431.807 3429.566 3427.928 3432.634 3437.34 3442.045 3446.751 3454.551 3464.874 3475.198 3485.521 3495.796 3502.715 3509.634 3516.553 3523.472
3457.822 3455.958 3454.095 3452.232 3449.919 3447.055 3444.191 3441.327 3438.463 3434.573 3430.584 3426.596 3422.608 3418.568 3414.442 3410.317 3406.191 3402.065 3399.81 3397.909 3396.008 3394.107 3393.005 3393.728 3394.45 3395.173 3395.896 3399.115 3403.089 3407.062 3411.035 3415.225 3420.133 3425.04 3429.947 3434.854 3438.634 3441.919 3445.205 3448.49 3450.969 3449.199 3447.428 3445.657 3443.886 3441.981 3439.995 3438.009 3436.022 3434.6 3439.1 3443.599 3448.099 3452.598 3459.84 3469.317 3478.795 3488.273 3497.723 3505.243 3512.764 3520.285 3527.806
3460.398 3458.403 3456.409 3454.415 3451.95 3448.908 3445.866 3442.824 3439.783 3435.745 3431.612 3427.48 3423.347 3419.181 3414.961 3410.741 3406.521 3402.301 3400.1 3398.281 3396.463 3394.645 3393.656 3394.561 3395.466 3396.371 3397.276 3400.764 3405.032 3409.3 3413.569 3418.053 3423.257 3428.46 3433.663 3438.866 3442.927 3446.488 3450.048 3453.609 3456.374 3454.942 3453.511 3452.079 3450.647 3448.977 3447.164 3445.35 3443.536 3442.217 3446.095 3449.973 3453.851 3457.729 3464.235 3472.884 3481.533 3490.183 3498.82 3506.631 3514.442 3522.253 3530.064
3462.945 3460.815 3458.685 3456.555 3453.93 3450.699 3447.467 3444.236 3441.004 3436.846 3432.6 3428.353 3424.107 3419.843 3415.553 3411.262 3406.972 3402.681 3400.514 3398.75 3396.986 3395.222 3394.317 3395.373 3396.43 3397.487 3398.544 3402.309 3406.892 3411.474 3416.057 3420.857 3426.38 3431.903 3437.427 3442.949 3447.307 3451.156 3455.003 3458.852 3461.92 3460.873 3459.826 3458.779 3457.732 3456.302 3454.64 3452.978 3451.316 3450.073 3453.224 3456.376 3459.527 3462.678 3468.404 3476.229 3484.055 3491.88 3499.709 3507.731 3515.753 3523.775 3531.798
3465.492 3463.226 3460.961 3458.696 3455.911 3452.49 3449.068 3445.647 3442.226 3437.947 3433.587 3429.227 3424.866 3420.505 3416.144 3411.783 3407.422 3403.061 3400.928 3399.219 3397.509 3395.799 3394.978 3396.186 3397.395 3398.604 3399.812 3403.854 3408.751 3413.648 3418.545 3423.661 3429.504 3435.347 3441.19 3447.033 3451.688 3455.823 3459.959 3464.094 3467.465 3466.803 3466.141 3465.479 3464.818 3463.627 3462.117 3460.607 3459.097 3457.929 3460.354 3462.779 3465.203 3467.628 3472.574 3479.575 3486.576 3493.578 3500.597 3508.831 3517.065 3525.298 3533.532
3468.039 3465.638 3463.237 3460.836 3457.892 3454.281 3450.669 3447.059 3443.448 3439.048 3434.574 3430.1 3425.626 3421.167 3416.736 3412.304 3407.873 3403.441 3401.343 3399.687 3398.032 3396.376 3395.638 3396.999 3398.36 3399.72 3401.081 3405.399 3410.61 3415.822 3421.033 3426.465 3432.628 3438.791 3444.954 3451.116 3456.069 3460.491 3464.914 3469.337 3473.011 3472.734 3472.457 3472.18 3471.903 3470.952 3469.594 3468.235 3466.877 3465.784 3467.483 3469.181 3470.88 3472.578 3476.743 3482.92 3489.098 3495.275 3501.486 3509.93 3518.376 3526.821 3535.266
3470.712 3468.193 3465.673 3463.154 3460.072 3456.302 3452.531 3448.761 3444.991 3440.477 3435.892 3431.306 3426.721 3422.145 3417.582 3413.019 3408.456 3403.893 3401.803 3400.182 3398.561 3396.939 3396.282 3397.828 3399.374 3400.919 3402.465 3407.086 3412.634 3418.183 3423.732 3429.483 3435.906 3442.33 3448.753 3455.176 3460.358 3464.997 3469.635 3474.274 3478.188 3478.281 3478.374 3478.466 3478.559 3477.791 3476.502 3475.213 3473.925 3472.839 3473.89 3474.941 3475.992 3477.043 3480.546 3486.048 3491.551 3497.053 3502.602 3511.283 3519.964 3528.645 3537.326
3473.712 3471.116 3468.521 3465.925 3462.765 3458.914 3455.062 3451.21 3447.359 3442.743 3438.055 3433.367 3428.679 3423.93 3419.08 3414.229 3409.379 3404.529 3402.379 3400.742 3399.104 3397.467 3396.881 3398.698 3400.515 3402.332 3404.148 3409.136 3415.08 3421.024 3426.969 3433.05 3439.581 3446.113 3452.645 3459.176 3464.414 3469.085 3473.756 3478.427 3482.422 3482.845 3483.268 3483.692 3484.115 3483.384 3481.954 3480.524 3479.095 3477.842 3478.449 3479.055 3479.662 3480.268 3483.41 3488.619 3493.829 3499.039 3504.303 3513.282 3522.261 3531.24 3540.219
3476.711 3474.04 3471.368 3468.697 3465.458 3461.525 3457.593 3453.66 3449.727 3445.01 3440.219 3435.428 3430.637 3425.715 3420.578 3415.44 3410.303 3405.165 3402.956 3401.302 3399.649 3397.995 3397.48 3399.568 3401.656 3403.744 3405.832 3411.186 3417.526 3423.866 3430.206 3436.616 3443.256 3449.896 3456.536 3463.177 3468.469 3473.173 3477.877 3482.581 3486.655 3487.409 3488.163 3488.917 3489.671 3488.977 3487.406 3485.836 3484.265 3482.845 3483.007 3483.169 3483.331 3483.493 3486.273 3491.19 3496.107 3501.024 3506.004 3515.281 3524.559 3533.836 3543.113
3479.71 3476.963 3474.216 3471.468 3468.152 3464.137 3460.123 3456.109 3452.095 3447.277 3442.383 3437.489 3432.595 3427.5 3422.076 3416.651 3411.226 3405.801 3403.532 3401.863 3400.193 3398.523 3398.079 3400.438 3402.797 3405.156 3407.515 3413.236 3419.972 3426.708 3433.444 3440.182 3446.931 3453.679 3460.428 3467.177 3472.525 3477.262 3481.998 3486.734 3490.888 3491.973 3493.058 3494.143 3495.228 3494.57 3492.858 3491.147 3489.435 3487.848 3487.565 3487.282 3487.0 3486.717 3489.137 3493.761 3498.385 3503.01 3507.706 3517.281 3526.856 3536.431 3546.007
3482.709 3479.886 3477.063 3474.24 3470.845 3466.749 3462.654 3458.558 3454.463 3449.544 3444.547 3439.55 3434.552 3429.286 3423.574 3417.861 3412.149 3406.437 3404.109 3402.423 3400.737 3399.05 3398.678 3401.308 3403.938 3406.568 3409.198 3415.286 3422.418 3429.549 3436.681 3443.749 3450.606 3457.463 3464.32 3471.177 3476.581 3481.35 3486.119 3490.888 3495.122 3496.537 3497.953 3499.368 3500.784 3500.163 3498.31 3496.458 3494.605 3492.851 3492.124 3491.396 3490.669 3489.942 3492.0 3496.332 3500.664 3504.995 3509.407 3519.28 3529.154 3539.027 3548.901
3485.848 3483.052 3480.257 3477.461 3474.054 3469.898 3465.741 3461.585 3457.429 3452.241 3446.955 3441.669 3436.383 3430.815 3424.782 3418.75 3412.717 3406.684 3404.323 3402.658 3400.992 3399.327 3399.001 3401.737 3404.473 3407.209 3409.945 3416.269 3423.677 3431.084 3438.491 3445.807 3452.818 3459.829 3466.84 3473.85 3479.324 3484.126 3488.927 3493.729 3498.026 3499.665 3501.303 3502.942 3504.581 3504.113 3502.372 3500.63 3498.889 3497.226 3496.385 3495.544 3494.703 3493.862 3495.838 3500.113 3504.387 3508.661 3513.015 3522.74 3532.465 3542.19 3551.916
3489.031 3486.294 3483.558 3480.822 3477.424 3473.213 3469.003 3464.792 3460.582 3455.072 3449.439 3443.806 3438.173 3432.264 3425.901 3419.538 3413.175 3406.811 3404.424 3402.792 3401.159 3399.526 3399.239 3402.029 3404.819 3407.609 3410.4 3416.919 3424.566 3432.211 3439.858 3447.395 3454.574 3461.753 3468.932 3476.111 3481.659 3486.493 3491.327 3496.161 3500.515 3502.344 3504.172 3506.001 3507.829 3507.552 3506.0 3504.448 3502.897 3501.406 3500.554 3499.702 3498.851 3497.999 3499.979 3504.27 3508.56 3512.851 3517.216 3526.654 3536.092 3545.53 3554.968
3492.213 3489.536 3486.86 3484.183 3480.793 3476.529 3472.264 3467.999 3463.735 3457.904 3451.924 3445.943 3439.963 3433.714 3427.02 3420.326 3413.632 3406.938 3404.525 3402.925 3401.325 3399.725 3399.477 3402.321 3405.166 3408.01 3410.854 3417.57 3425.455 3433.339 3441.224 3448.984 3456.331 3463.678 3471.025 3478.372 3483.993 3488.86 3493.726 3498.593 3503.005 3505.023 3507.042 3509.06 3511.078 3510.99 3509.628 3508.266 3506.905 3505.586 3504.723 3503.861 3502.998 3502.135 3504.12 3508.427 3512.733 3517.04 3521.417 3530.568 3539.719 3548.869 3558.02
3495.395 3492.778 3490.161 3487.544 3484.163 3479.844 3475.525 3471.206 3466.887 3460.735 3454.408 3448.081 3441.753 3435.163 3428.138 3421.114 3414.089 3407.064 3404.626 3403.059 3401.491 3399.923 3399.715 3402.613 3405.512 3408.41 3411.309 3418.22 3426.344 3434.467 3442.59 3450.572 3458.087 3465.602 3473.117 3480.633 3486.328 3491.227 3496.125 3501.025 3505.495 3507.703 3509.911 3512.119 3514.327 3514.428 3513.256 3512.084 3510.912 3509.766 3508.893 3508.019 3507.146 3506.272 3508.26 3512.583 3516.907 3521.23 3525.619 3534.482 3543.345 3552.208 3561.072
3498.613 3496.061 3493.509 3490.957 3487.566 3483.148 3478.73 3474.312 3469.894 3463.397 3456.704 3450.009 3443.315 3436.39 3429.084 3421.778 3414.471 3407.165 3404.716 3403.189 3401.662 3400.135 3399.979 3402.958 3405.937 3408.917 3411.896 3418.977 3427.296 3435.615 3443.935 3452.104 3459.778 3467.452 3475.126 3482.8 3488.571 3493.511 3498.45 3503.39 3507.921 3510.301 3512.68 3515.059 3517.438 3517.723 3516.742 3515.761 3514.781 3513.813 3512.996 3512.177 3511.359 3510.541 3512.559 3516.891 3521.222 3525.553 3529.946 3538.462 3546.978 3555.494 3564.01
3501.939 3499.468 3496.998 3494.527 3491.074 3486.417 3481.761 3477.104 3472.448 3465.539 3458.417 3451.295 3444.172 3436.932 3429.495 3422.059 3414.622 3407.186 3404.771 3403.309 3401.847 3400.385 3400.323 3403.465 3406.607 3409.749 3412.891 3420.06 3428.444 3436.828 3445.213 3453.462 3461.267 3469.07 3476.875 3484.678 3490.535 3495.539 3500.544 3505.549 3510.153 3512.646 3515.139 3517.632 3520.125 3520.575 3519.789 3519.003 3518.217 3517.451 3516.894 3516.336 3515.778 3515.22 3517.346 3521.661 3525.976 3530.291 3534.66 3542.645 3550.63 3558.614 3566.599
3505.265 3502.876 3500.487 3498.097 3494.582 3489.687 3484.792 3479.896 3475.001 3467.681 3460.131 3452.58 3445.03 3437.473 3429.906 3422.339 3414.773 3407.206 3404.826 3403.428 3402.031 3400.634 3400.668 3403.973 3407.277 3410.582 3413.886 3421.143 3429.592 3438.042 3446.491 3454.821 3462.755 3470.689 3478.623 3486.557 3492.498 3497.568 3502.637 3507.707 3512.384 3514.991 3517.598 3520.205 3522.812 3523.426 3522.835 3522.245 3521.654 3521.089 3520.792 3520.494 3520.196 3519.899 3522.133 3526.431 3530.73 3535.029 3539.374 3546.827 3554.281 3561.735 3569.188
3508.592 3506.284 3503.976 3501.668 3498.09 3492.956 3487.823 3482.689 3477.555 3469.823 3461.844 3453.865 3445.886 3438.014 3430.317 3422.62 3414.924 3407.227 3404.88 3403.548 3402.216 3400.884 3401.013 3404.48 3407.947 3411.414 3414.882 3422.226 3430.74 3439.254 3447.769 3456.179 3464.243 3472.307 3480.372 3488.436 3494.462 3499.596 3504.731 3509.866 3514.616 3517.337 3520.057 3522.778 3525.499 3526.278 3525.882 3525.487 3525.091 3524.727 3524.689 3524.652 3524.615 3524.577 3526.919 3531.202 3535.484 3539.767 3544.088 3551.01 3557.933 3564.855 3571.777
3511.918 3509.691 3507.465 3505.238 3501.598 3496.226 3490.853 3485.481 3480.109 3471.965 3463.558 3455.151 3446.744 3438.555 3430.728 3422.901 3415.075 3407.248 3404.935 3403.668 3402.401 3401.134 3401.357 3404.987 3408.617 3412.247 3415.877 3423.309 3431.888 3440.468 3449.047 3457.537 3465.731 3473.926 3482.12 3490.314 3496.425 3501.625 3506.825 3512.025 3516.847 3519.682 3522.516 3525.351 3528.186 3529.129 3528.929 3528.728 3528.528 3528.365 3528.587 3528.81 3529.033 3529.256 3531.706 3535.972 3540.238 3544.505 3548.802 3555.193 3561.584 3567.975 3574.366
3514.457 3512.11 3509.764 3507.418 3503.647 3498.131 3492.615 3487.098 3481.582 3473.294 3464.742 3456.19 3447.638 3439.328 3431.419 3423.509 3415.6 3407.69 3405.465 3404.318 3403.171 3402.024 3402.484 3406.615 3410.747 3414.878 3419.009 3426.631 3435.308 3443.983 3452.66 3461.219 3469.394 3477.569 3485.743 3493.918 3499.94 3505.019 3510.099 3515.179 3519.896 3522.707 3525.518 3528.328 3531.139 3532.185 3532.164 3532.143 3532.122 3532.136 3532.508 3532.881 3533.254 3533.627 3536.015 3540.049 3544.082 3548.116 3552.178 3558.195 3564.213 3570.23 3576.247
3516.699 3514.157 3511.616 3509.075 3505.148 3499.523 3493.898 3488.274 3482.649 3474.317 3465.727 3457.137 3448.547 3440.189 3432.215 3424.24 3416.265 3408.29 3406.174 3405.168 3404.162 3403.156 3403.905 3408.665 3413.426 3418.186 3422.946 3430.797 3439.582 3448.366 3457.15 3465.776 3473.875 3481.973 3490.072 3498.171 3504.038 3508.927 3513.817 3518.707 3523.253 3525.988 3528.723 3531.458 3534.192 3535.318 3535.47 3535.623 3535.776 3535.957 3536.438 3536.919 3537.4 3537.882 3540.146 3543.865 3547.584 3551.303 3555.051 3560.753 3566.457 3572.159 3577.863
3518.941 3516.205 3513.468 3510.732 3506.649 3500.916 3495.182 3489.449 3483.716 3475.34 3466.712 3458.084 3449.456 3441.05 3433.01 3424.97 3416.931 3408.891 3406.882 3406.017 3405.152 3404.287 3405.326 3410.715 3416.104 3421.493 3426.882 3434.963 3443.856 3452.748 3461.641 3470.332 3478.355 3486.378 3494.401 3502.424 3508.135 3512.835 3517.536 3522.236 3526.61 3529.269 3531.928 3534.587 3537.246 3538.451 3538.777 3539.103 3539.429 3539.778 3540.368 3540.957 3541.547 3542.136 3544.276 3547.681 3551.085 3554.49 3557.923 3563.312 3568.7 3574.089 3579.478
3521.184 3518.252 3515.32 3512.388 3508.149 3502.308 3496.466 3490.625 3484.783 3476.363 3467.697 3459.031 3450.365 3441.911 3433.806 3425.701 3417.596 3409.491 3407.591 3406.867 3406.143 3405.419 3406.747 3412.765 3418.783 3424.801 3430.819 3439.128 3448.13 3457.131 3466.132 3474.889 3482.836 3490.783 3498.73 3506.677 3512.233 3516.744 3521.254 3525.764 3529.968 3532.551 3535.133 3537.716 3540.299 3541.584 3542.083 3542.583 3543.083 3543.599 3544.297 3544.995 3545.694 3546.392 3548.407 3551.497 3554.587 3557.677 3560.796 3565.87 3570.944 3576.018 3581.093
3523.376 3520.272 3517.168 3514.064 3509.716 3503.844 3497.972 3492.1 3486.228 3477.823 3469.177 3460.531 3451.885 3443.428 3435.286 3427.143 3419.0 3410.857 3409.043 3408.428 3407.813 3407.199 3408.759 3415.289 3421.819 3428.35 3434.88 3443.359 3452.427 3461.495 3470.563 3479.359 3487.255 3495.151 3503.047 3510.943 3516.395 3520.778 3525.161 3529.544 3533.629 3536.144 3538.658 3541.174 3543.688 3545.025 3545.65 3546.274 3546.898 3547.536 3548.31 3549.083 3549.857 3550.63 3552.525 3555.335 3558.145 3560.954 3563.792 3568.573 3573.355 3578.136 3582.917
