data/zism_data/01162_04_D.txt
ncols         224
nrows         224
[rows 140 to 167 of 224, columns 0 to 62 of 224]
998.2213 998.4829 998.7445 999.0062 998.8596 998.7008 998.542 998.3832 997.1241 994.4761 991.828 989.1799 986.5319 974.9994 962.6205 950.2416 937.8632 924.613 909.9652 895.3179 880.6702 866.0224 858.639 852.4863 846.3337 840.1813 836.9207 839.6368 842.353 845.0692 847.7853 854.1409 861.4227 868.7047 875.9866 881.0891 880.2427 879.3964 878.5499 877.7036 870.8181 861.801 852.7842 843.7671 836.9102 838.1718 839.4335 840.6953 841.957 850.3546 862.0926 873.8306 885.5683 895.8692 898.1631 900.4569 902.7508 905.0447 905.4852 904.8052 904.1251 903.4451 902.7214
995.4925 995.5927 995.6928 995.793 995.234 994.6553 994.0767 993.498 991.8476 988.8444 985.8411 982.8378 979.8345 967.7649 954.8316 941.8984 928.9656 915.2333 900.2195 885.2062 870.1924 855.1786 848.2805 842.7577 837.2349 831.7122 829.141 832.6699 836.1989 839.7278 843.2567 850.2407 858.1037 865.967 873.8304 879.699 880.1229 880.5468 880.9707 881.3946 876.579 869.9141 863.2494 856.5845 851.6724 853.3486 855.0248 856.701 858.3772 865.2974 874.6725 884.0476 893.4224 901.5635 902.8293 904.095 905.3608 906.6266 906.3242 905.0735 903.8229 902.5723 901.2222
992.7638 992.7025 992.6412 992.5798 991.6085 990.61 989.6115 988.613 986.5712 983.2128 979.8542 976.4957 973.1372 960.5305 947.0428 933.5552 920.0681 905.8537 890.4739 875.0945 859.7147 844.3349 837.9223 833.0292 828.1362 823.2432 821.3614 825.7031 830.0449 834.3865 838.7282 846.3405 854.7849 863.2296 871.6743 878.3089 880.0031 881.6972 883.3914 885.0855 882.3398 878.027 873.7144 869.4016 866.4345 868.5251 870.6158 872.7064 874.7971 880.24 887.2522 894.2643 901.2763 907.2576 907.4954 907.7331 907.9708 908.2086 907.1631 905.3419 903.5207 901.6995 899.7231
990.0351 989.8123 989.5895 989.3668 987.983 986.5646 985.1463 983.7279 981.2949 977.5812 973.8674 970.1536 966.4399 953.2961 939.2541 925.2121 911.1705 896.4741 880.7283 864.983 849.2371 833.4913 827.5641 823.3008 819.0374 814.7742 813.5818 818.7363 823.8909 829.0452 834.1996 842.4402 851.4659 860.4921 869.5181 876.9188 879.8832 882.8477 885.8121 888.7764 888.1006 886.14 884.1794 882.2187 881.1965 883.7016 886.2067 888.7119 891.217 895.1826 899.8318 904.4811 909.1302 912.9518 912.1614 911.3712 910.5808 909.7905 908.0021 905.6103 903.2185 900.8267 898.2239
987.3063 986.9221 986.5378 986.1536 984.3575 982.5192 980.681 978.8428 976.0184 971.9495 967.8804 963.8114 959.7425 946.0616 931.4652 916.8688 902.2729 887.0944 870.9825 854.8712 838.7593 822.6474 817.2057 813.5721 809.9385 806.3051 805.8022 811.7694 817.7367 823.7038 829.671 838.5399 848.147 857.7545 867.3619 875.5286 879.7634 883.9981 888.2328 892.4674 893.8615 894.2531 894.6445 895.036 895.9588 898.8784 901.798 904.7176 907.6373 910.1254 912.4117 914.6981 916.9843 918.6461 916.8276 915.0092 913.1908 911.3724 908.841 905.8787 902.9163 899.9539 896.7248
980.1448 979.5366 978.9283 978.3201 976.029 973.6876 971.3463 969.0048 965.9498 961.9943 958.0387 954.083 950.1275 937.0564 923.1171 909.1777 895.2389 880.7499 865.3794 850.0094 834.6389 819.2684 814.52 811.5718 808.6235 805.6753 805.8913 812.647 819.4027 826.1582 832.9139 842.4117 852.6071 862.8029 872.9986 881.9327 887.4238 892.9149 898.406 903.8969 906.3695 907.7767 909.1838 910.591 912.1616 914.3466 916.5316 918.7167 920.9017 921.8488 922.2166 922.5844 922.9522 922.8615 920.2164 917.5713 914.9261 912.281 908.7667 904.727 900.6871 896.6473 892.3303
970.5427 969.6761 968.8096 967.9431 965.1113 962.2208 959.3305 956.4401 953.2429 949.6588 946.0745 942.4903 938.9061 927.0763 914.461 901.8457 889.2309 876.0763 862.0569 848.0379 834.0185 819.999 816.0585 813.8262 811.5938 809.3614 810.3125 817.8433 825.3741 832.9047 840.4354 850.5624 861.3499 872.1378 882.9257 892.6279 899.3677 906.1075 912.8474 919.5869 922.5921 924.2792 925.9662 927.6533 929.1577 929.9755 930.7933 931.6111 932.4289 931.8 930.4938 929.1877 927.8817 926.2629 922.9019 919.541 916.18 912.819 908.1896 902.7935 897.3972 892.0009 886.3416
960.9405 959.8156 958.6907 957.5658 954.1934 950.7539 947.3146 943.8751 940.5358 937.3231 934.1102 930.8973 927.6846 917.0959 905.8047 894.5135 883.2228 871.4026 858.7343 846.0664 833.398 820.7297 817.5971 816.0806 814.564 813.0475 814.7338 823.0397 831.3456 839.6512 847.957 858.7133 870.0929 881.4729 892.8529 903.3232 911.3118 919.3004 927.2889 935.2772 938.815 940.782 942.7488 944.7158 946.154 945.6046 945.0551 944.5057 943.9563 941.7513 938.7712 935.7912 932.8112 929.6642 925.5874 921.5107 917.4338 913.357 907.6125 900.8599 894.1071 887.3544 880.3528
951.3384 949.9551 948.572 947.1887 943.2757 939.2872 935.2988 931.3104 927.8289 924.9875 922.1461 919.3046 916.4633 907.1158 897.1487 887.1815 877.2147 866.7291 855.4118 844.0949 832.7776 821.4603 819.1356 818.335 817.5342 816.7336 819.155 828.236 837.317 846.3976 855.4785 866.864 878.8357 890.8078 902.78 914.0184 923.2557 932.4929 941.7302 950.9671 955.0376 957.2845 959.5313 961.7781 963.15 961.2334 959.3168 957.4001 955.4835 951.7024 947.0485 942.3945 937.7407 933.0656 928.2729 923.4804 918.6877 913.895 907.0354 898.9264 890.8171 882.7079 874.3642
941.861 940.2685 938.6761 937.0836 932.7932 928.4224 924.0516 919.6807 916.1912 913.8143 911.4374 909.0605 906.6837 898.6129 889.9998 881.3867 872.7738 863.6086 853.5582 843.5081 833.4576 823.4071 821.7697 821.558 821.3463 821.1346 824.1581 833.8676 843.5771 853.2863 862.9958 874.9554 887.4874 900.0198 912.5522 924.4983 934.8452 945.1922 955.5392 965.8857 970.3994 972.854 975.3086 977.7632 979.0405 975.8925 972.7443 969.5963 966.4481 961.2458 955.0817 948.9177 942.7538 936.6846 931.1432 925.6021 920.0608 914.5195 906.5439 897.0967 887.6493 878.2018 868.547
933.6917 932.4059 931.1203 929.8346 926.8807 923.877 920.8734 917.8698 915.7807 914.8463 913.9119 912.9774 912.043 905.6211 898.6765 891.7319 884.7876 876.797 867.1287 857.4608 847.7925 838.1241 835.907 834.9526 833.9981 833.0437 835.2699 844.0698 852.8697 861.6693 870.4692 882.4244 895.1825 907.9409 920.6994 932.7171 942.7142 952.7113 962.7084 972.7051 976.7217 978.6273 980.5329 982.4385 983.3229 980.3687 977.4142 974.4599 971.5056 966.508 960.5539 954.5997 948.6458 942.5882 935.9542 929.3206 922.6866 916.0527 906.9509 896.3572 885.7632 875.1693 864.5303
925.5222 924.5433 923.5644 922.5855 920.9681 919.3317 917.6953 916.0588 915.3702 915.8783 916.3864 916.8944 917.4024 912.6295 907.3535 902.0775 896.8016 889.9855 880.6995 871.4136 862.1276 852.8415 850.0446 848.3474 846.6501 844.9529 846.382 854.2722 862.1625 870.0524 877.9427 889.8936 902.8777 915.8622 928.8467 940.936 950.5833 960.2305 969.8777 979.5246 983.0441 984.4007 985.7573 987.114 987.6053 984.8448 982.0843 979.3237 976.5631 971.7703 966.0261 960.2819 954.5378 948.4919 940.7653 933.0391 925.3124 917.5859 907.3578 895.6177 883.8772 872.1367 860.5134
917.3528 916.6807 916.0086 915.3365 915.0556 914.7863 914.5171 914.2479 914.9598 916.9103 918.8608 920.8113 922.7617 919.6377 916.0302 912.4228 908.8154 903.1738 894.27 885.3663 876.4624 867.5585 864.1819 861.7419 859.3019 856.8619 857.4938 864.4744 871.4551 878.4354 885.4161 897.3626 910.5728 923.7833 936.9939 949.1548 958.4522 967.7496 977.0469 986.344 989.3664 990.174 990.9816 991.7892 991.8878 989.321 986.7542 984.1874 981.6206 977.0325 971.4982 965.9639 960.4297 954.3955 945.5764 936.7574 927.9383 919.1191 907.7648 894.8782 881.9912 869.1042 856.4967
909.1835 908.8182 908.4529 908.0875 909.1431 910.241 911.3389 912.4369 914.5494 917.9422 921.3352 924.7282 928.1211 926.6459 924.707 922.7681 920.8293 916.3622 907.8405 899.319 890.7973 882.2756 878.3192 875.1364 871.9536 868.771 868.6057 874.6766 880.7477 886.8185 892.8895 904.8316 918.2678 931.7044 945.1411 957.3737 966.3212 975.2687 984.2162 993.1633 995.6887 995.9473 996.2059 996.4645 996.1701 993.7972 991.4241 989.0511 986.678 982.2947 976.9703 971.6459 966.3217 960.2991 950.3873 940.4759 930.5641 920.6523 908.1718 894.1387 880.1052 866.0717 852.4799
906.0375 906.5684 907.0992 907.6301 910.0779 912.5829 915.088 917.593 920.8085 924.9207 929.033 933.1452 937.2574 936.4011 935.0717 933.7421 932.4127 928.4152 920.139 911.863 903.5869 895.3106 891.0031 887.3679 883.7327 880.0977 879.4127 884.8246 890.2365 895.6482 901.0601 912.5245 925.5289 938.5339 951.5388 963.2922 971.6307 979.9693 988.3078 996.6461 998.8214 998.8214 998.8214 998.8215 998.3904 996.3394 994.2883 992.2372 990.186 986.2695 981.4796 976.6896 971.8998 966.3051 956.226 946.1472 936.0681 925.9891 913.3646 899.2015 885.038 870.8744 857.1779
907.3645 909.3163 911.268 913.2198 917.1096 921.0573 925.0048 928.9525 933.0062 937.1937 941.3813 945.5689 949.7564 948.6021 946.9388 945.2756 943.6124 939.457 931.3046 923.1524 915.0 906.8476 902.3923 898.5634 894.7344 890.9057 889.9478 894.9238 899.8997 904.8755 909.8514 920.4163 932.4035 944.3911 956.3787 967.1624 974.6613 982.1602 989.6591 997.1577 999.114 999.114 999.114 999.114 998.7746 997.1595 995.5444 993.9293 992.3142 989.0976 985.1312 981.1647 977.1985 972.4018 962.9794 953.5573 944.1349 934.7125 922.8184 909.4305 896.0421 882.6536 869.6353
908.6914 912.0642 915.4369 918.8096 924.1414 929.5316 934.9217 940.312 945.2039 949.4667 953.7297 957.9927 962.2555 960.803 958.806 956.8091 954.8122 950.4987 942.4701 934.4418 926.4131 918.3845 913.7815 909.7588 905.7361 901.7136 900.483 905.0229 909.5629 914.1027 918.6427 928.3082 939.2781 950.2483 961.2185 971.0326 977.6918 984.351 991.0103 997.6692 999.4064 999.4065 999.4065 999.4065 999.1587 997.9797 996.8006 995.6215 994.4424 991.9257 988.7828 985.64 982.4971 978.4986 969.7328 960.9673 952.2016 943.4359 932.2723 919.6594 907.0461 894.4328 882.0928
910.0184 914.8122 919.6058 924.3995 931.1733 938.0061 944.8387 951.6716 957.4018 961.7399 966.0782 970.4166 974.7548 973.0041 970.6734 968.3427 966.0121 961.5407 953.6359 945.7313 937.8265 929.9217 925.1709 920.9545 916.738 912.5217 911.0184 915.1224 919.2263 923.3301 927.4341 936.2003 946.1528 956.1056 966.0585 974.9028 980.7224 986.5419 992.3615 998.1808 999.699 999.699 999.699 999.699 999.5428 998.7998 998.0568 997.3137 996.5706 994.7539 992.4345 990.1152 987.7959 984.5955 976.4864 968.3776 960.2685 952.1594 941.7263 929.8885 918.0504 906.2122 894.5504
911.3453 917.5601 923.7746 929.9893 938.205 946.4805 954.7556 963.0311 969.5995 974.0129 978.4266 982.8403 987.2538 985.205 982.5406 979.8762 977.2119 972.5825 964.8015 957.0207 949.2397 941.4587 936.5601 932.1499 927.7397 923.3297 921.5536 925.2216 928.8895 932.5574 936.2254 944.0922 953.0273 961.9628 970.8983 978.773 983.7529 988.7328 993.7127 998.6924 999.9915 999.9915 999.9915 999.9915 999.927 999.6199 999.3129 999.0059 998.6988 997.582 996.0862 994.5903 993.0945 990.6923 983.2398 975.7877 968.3352 960.8828 951.1802 940.1176 929.0545 917.9915 907.0079
919.7767 927.0831 934.3893 941.6957 948.6439 955.5812 962.5184 969.4558 974.4053 976.8455 979.2858 981.7261 984.1663 981.498 978.3431 975.1882 972.0333 967.7936 961.8142 955.835 949.8556 943.8761 940.6951 937.9883 935.2815 932.5748 931.9902 935.7919 939.5937 943.3953 947.197 954.0174 961.606 969.1949 976.7838 983.3834 987.2833 991.1831 995.0829 998.9826 1000.0 1000.0 1000.0 1000.0 999.9513 999.7196 999.4879 999.2562 999.0245 998.1616 997.0032 995.8448 994.6865 992.6782 985.9347 979.1914 972.4479 965.7043 956.5076 945.8281 935.1481 924.4682 913.8162
928.4203 936.8086 945.1966 953.585 959.1846 964.7009 970.217 975.7334 978.9906 979.3963 979.802 980.2077 980.6134 977.316 973.6659 970.0158 966.3658 962.5322 958.4045 954.2769 950.1491 946.0214 944.6137 943.6669 942.7202 941.7734 942.4242 946.3766 950.329 954.2813 958.2338 964.0036 970.2358 976.4682 982.7006 988.016 990.8286 993.6412 996.4537 999.2662 1000.0 1000.0 1000.0 1000.0 999.9649 999.7978 999.6307 999.4636 999.2965 998.6741 997.8387 997.0033 996.1678 994.5415 988.5084 982.4756 976.4426 970.4095 961.712 951.4038 941.0953 930.7868 920.456
937.0637 946.5339 956.0037 965.4739 969.725 973.8204 977.9155 982.0108 983.5759 981.9471 980.3182 978.6894 977.0606 973.1342 968.9888 964.8435 960.6984 957.2709 954.9948 952.7188 950.4427 948.1666 948.5322 949.3454 950.1587 950.9719 952.858 956.9611 961.0642 965.1672 969.2704 973.9896 978.8654 983.7413 988.6173 992.6484 994.3738 996.0992 997.8246 999.5499 1000.0 1000.0 1000.0 1000.0 999.9785 999.876 999.7734 999.671 999.5684 999.1866 998.6742 998.1617 997.6492 996.4047 991.0822 985.7598 980.4372 975.1146 966.9163 956.9795 947.0424 937.1052 927.0957
945.7071 956.2592 966.8109 977.3629 980.2656 982.9398 985.614 988.2883 988.1611 984.4978 980.8344 977.1711 973.5078 968.9523 964.3118 959.6713 955.0309 952.0096 951.5851 951.1607 950.7363 950.3118 952.4506 955.0239 957.5972 960.1704 963.2917 967.5456 971.7994 976.0532 980.307 983.9755 987.4949 991.0145 994.534 997.2809 997.9191 998.5573 999.1954 999.8335 1000.0 1000.0 1000.0 1000.0 999.992 999.9541 999.9162 999.8783 999.8404 999.6992 999.5096 999.3201 999.1305 998.2679 993.6559 989.0439 984.4318 979.8197 972.1205 962.5552 952.9894 943.4237 933.7354
953.9185 964.0762 974.2336 984.3915 985.5919 986.525 987.458 988.3911 986.6357 981.4871 976.3383 971.1896 966.041 961.5292 957.0782 952.6273 948.1765 946.0402 947.6164 949.1925 950.7687 952.3448 955.9249 959.8447 963.7645 967.6842 971.6331 975.6419 979.6508 983.6595 987.6683 990.5019 993.0362 995.5706 998.1049 999.9567 999.9456 999.9345 999.9234 999.9123 999.8732 999.8243 999.7754 999.7265 999.6949 999.7282 999.7616 999.7949 999.8282 999.8268 999.809 999.7912 999.7734 999.0743 994.5791 990.084 985.5889 981.0937 973.4192 963.8228 954.2261 944.6294 934.9205
961.5159 969.1816 976.8471 984.5128 983.5085 982.2454 980.9822 979.7191 976.4267 970.573 964.7191 958.8652 953.0115 949.5001 946.2117 942.9233 939.6349 939.0645 942.853 946.6414 950.4299 954.2184 958.7679 963.4467 968.1254 972.804 977.001 980.2025 983.404 986.6053 989.8068 992.1119 994.1886 996.2654 998.3423 999.8521 999.814 999.7759 999.7379 999.6999 999.5663 999.399 999.2317 999.0643 998.9562 999.0703 999.1843 999.2984 999.4125 999.4074 999.3466 999.2858 999.2249 998.3787 993.1569 987.9352 982.7134 977.4916 969.1676 958.9684 948.7687 938.5692 928.3543
969.1133 974.287 979.4604 984.6342 981.4251 977.9658 974.5066 971.0472 966.2178 959.6591 953.1001 946.5411 939.9824 937.471 935.3452 933.2194 931.0937 932.0889 938.0897 944.0903 950.0911 956.0919 961.611 967.0486 972.4862 977.9236 982.3688 984.763 987.1571 989.5511 991.9453 993.7218 995.3411 996.9603 998.5797 999.7473 999.6824 999.6174 999.5525 999.4875 999.2594 998.9736 998.6879 998.4022 998.2175 998.4122 998.6071 998.8019 998.9968 998.9881 998.8842 998.7803 998.6763 997.683 991.7346 985.7864 979.838 973.8895 964.9161 954.114 943.3115 932.509 921.7882
976.7106 979.3923 982.0739 984.7555 979.3417 973.6862 968.0309 962.3754 956.0089 948.7451 941.481 934.217 926.9532 925.442 924.4788 923.5156 922.5524 925.1133 933.3265 941.5393 949.7524 957.9655 964.454 970.6505 976.847 983.0433 987.7367 989.3235 990.9103 992.497 994.0837 995.3317 996.4935 997.6552 998.817 999.6426 999.5507 999.4589 999.367 999.2751 998.9525 998.5483 998.1442 997.7401 997.4787 997.7543 998.0298 998.3054 998.581 998.5687 998.4218 998.2748 998.1278 996.9875 990.3124 983.6376 976.9625 970.2875 960.6646 949.2596 937.8542 926.449 915.222
984.3081 984.4977 984.6873 984.8768 977.2582 969.4066 961.5551 953.7034 945.7998 937.8309 929.8618 921.8927 913.9238 913.4128 913.6121 913.8115 914.0109 918.1376 928.5631 938.9882 949.4136 959.8391 967.2971 974.2525 981.2079 988.1631 993.1046 993.884 994.6635 995.4429 996.2222 996.9417 997.6459 998.3501 999.0543 999.5379 999.4191 999.3004 999.1816 999.0628 998.6456 998.123 997.6005 997.0779 996.74 997.0963 997.4526 997.8089 998.1652 998.1494 997.9594 997.7693 997.5793 996.2918 988.8901 981.4887 974.087 966.6854 956.4129 944.4052 932.3969 920.3887 908.6558
