data/zism_data/01163_01_D.txt
ncols         224
nrows         224
[rows 0 to 27 of 224, columns 0 to 62 of 224]
3337.683 3334.418 3331.153 3327.888 3324.515 3320.857 3317.2 3313.542 3309.885 3307.589 3305.773 3303.958 3302.143 3300.679 3300.596 3300.513 3300.429 3300.346 3300.389 3300.494 3300.599 3300.705 3300.782 3300.677 3300.572 3300.467 3300.361 3300.318 3300.318 3300.318 3300.318 3300.314 3300.244 3300.174 3300.104 3300.033 3299.909 3299.736 3299.562 3299.388 3299.215 3299.166 3299.119 3299.073 3299.026 3299.0 3299.0 3299.0 3299.0 3299.0 3299.105 3299.22 3299.335 3299.45 3299.522 3299.522 3299.522 3299.522 3299.522 3299.282 3298.997 3298.711 3298.426
3337.644 3334.33 3331.016 3327.702 3324.249 3320.429 3316.608 3312.788 3308.968 3306.738 3305.069 3303.4 3301.731 3300.404 3300.418 3300.433 3300.447 3300.461 3300.569 3300.723 3300.877 3301.031 3301.145 3300.991 3300.837 3300.683 3300.529 3300.466 3300.466 3300.466 3300.466 3300.46 3300.357 3300.255 3300.152 3300.049 3299.921 3299.769 3299.617 3299.465 3299.313 3299.243 3299.175 3299.106 3299.038 3299.0 3299.0 3299.0 3299.0 3299.0 3299.061 3299.127 3299.193 3299.26 3299.301 3299.301 3299.301 3299.301 3299.301 3299.093 3298.845 3298.598 3298.35
3337.604 3334.241 3330.879 3327.516 3323.983 3320.0 3316.017 3312.034 3308.051 3305.887 3304.365 3302.842 3301.32 3300.129 3300.241 3300.353 3300.464 3300.576 3300.749 3300.952 3301.155 3301.357 3301.507 3301.304 3301.102 3300.899 3300.696 3300.614 3300.614 3300.614 3300.614 3300.606 3300.47 3300.335 3300.2 3300.065 3299.932 3299.802 3299.671 3299.541 3299.411 3299.32 3299.23 3299.14 3299.05 3299.0 3299.0 3299.0 3299.0 3299.0 3299.016 3299.034 3299.051 3299.069 3299.08 3299.08 3299.08 3299.08 3299.08 3298.903 3298.694 3298.484 3298.275
3337.275 3333.954 3330.633 3327.312 3323.818 3319.871 3315.923 3311.975 3308.028 3305.924 3304.472 3303.02 3301.567 3300.431 3300.54 3300.649 3300.758 3300.866 3301.029 3301.218 3301.407 3301.596 3301.735 3301.535 3301.336 3301.136 3300.937 3300.837 3300.806 3300.774 3300.743 3300.705 3300.558 3300.411 3300.264 3300.117 3299.987 3299.871 3299.756 3299.64 3299.525 3299.42 3299.315 3299.21 3299.105 3299.042 3299.032 3299.022 3299.011 3299.001 3299.0 3299.0 3299.0 3299.0 3298.988 3298.957 3298.926 3298.895 3298.863 3298.705 3298.523 3298.341 3298.159
3336.785 3333.556 3330.327 3327.098 3323.711 3319.91 3316.108 3312.307 3308.506 3306.461 3305.035 3303.61 3302.185 3301.059 3301.108 3301.157 3301.206 3301.255 3301.365 3301.506 3301.646 3301.787 3301.887 3301.72 3301.553 3301.385 3301.219 3301.103 3301.023 3300.943 3300.863 3300.779 3300.632 3300.485 3300.338 3300.191 3300.066 3299.962 3299.857 3299.752 3299.648 3299.532 3299.416 3299.301 3299.185 3299.109 3299.082 3299.056 3299.029 3299.002 3299.0 3299.0 3299.0 3299.0 3298.97 3298.89 3298.81 3298.73 3298.65 3298.502 3298.342 3298.181 3298.021
3336.294 3333.157 3330.02 3326.883 3323.604 3319.949 3316.294 3312.639 3308.984 3306.997 3305.599 3304.201 3302.803 3301.686 3301.676 3301.665 3301.655 3301.644 3301.702 3301.793 3301.885 3301.977 3302.039 3301.904 3301.77 3301.635 3301.5 3301.369 3301.24 3301.112 3300.983 3300.853 3300.706 3300.559 3300.412 3300.265 3300.146 3300.052 3299.958 3299.864 3299.771 3299.644 3299.518 3299.391 3299.265 3299.176 3299.133 3299.09 3299.047 3299.004 3299.0 3299.0 3299.0 3299.0 3298.951 3298.823 3298.694 3298.565 3298.436 3298.299 3298.16 3298.022 3297.883
3335.803 3332.758 3329.714 3326.669 3323.497 3319.988 3316.479 3312.971 3309.462 3307.534 3306.163 3304.792 3303.421 3302.313 3302.243 3302.173 3302.103 3302.033 3302.038 3302.081 3302.124 3302.167 3302.191 3302.089 3301.987 3301.885 3301.782 3301.635 3301.458 3301.28 3301.103 3300.927 3300.78 3300.633 3300.486 3300.339 3300.225 3300.142 3300.059 3299.976 3299.893 3299.757 3299.619 3299.482 3299.344 3299.242 3299.183 3299.124 3299.064 3299.005 3299.0 3299.0 3299.0 3299.0 3298.933 3298.755 3298.578 3298.4 3298.223 3298.096 3297.979 3297.862 3297.745
3335.136 3332.197 3329.258 3326.319 3323.271 3319.937 3316.602 3313.268 3309.933 3308.074 3306.736 3305.397 3304.058 3302.964 3302.829 3302.694 3302.559 3302.424 3302.376 3302.372 3302.368 3302.364 3302.351 3302.275 3302.2 3302.124 3302.049 3301.885 3301.66 3301.436 3301.211 3300.991 3300.844 3300.698 3300.551 3300.404 3300.295 3300.222 3300.148 3300.074 3300.001 3299.859 3299.716 3299.573 3299.43 3299.318 3299.242 3299.167 3299.091 3299.016 3299.007 3299.005 3299.003 3299.001 3298.919 3298.705 3298.49 3298.276 3298.061 3297.942 3297.841 3297.74 3297.638
3333.209 3330.47 3327.731 3324.993 3322.193 3319.233 3316.273 3313.313 3310.352 3308.643 3307.375 3306.106 3304.838 3303.779 3303.541 3303.303 3303.065 3302.827 3302.723 3302.687 3302.65 3302.614 3302.57 3302.478 3302.386 3302.295 3302.203 3302.013 3301.756 3301.499 3301.242 3300.991 3300.844 3300.698 3300.551 3300.404 3300.295 3300.222 3300.148 3300.074 3300.001 3299.891 3299.781 3299.67 3299.56 3299.458 3299.366 3299.274 3299.183 3299.091 3299.066 3299.048 3299.03 3299.011 3298.938 3298.772 3298.606 3298.44 3298.275 3298.14 3298.012 3297.884 3297.755
3331.281 3328.743 3326.205 3323.667 3321.116 3318.53 3315.943 3313.357 3310.771 3309.211 3308.013 3306.816 3305.618 3304.594 3304.253 3303.912 3303.571 3303.23 3303.07 3303.001 3302.932 3302.863 3302.789 3302.681 3302.573 3302.465 3302.357 3302.141 3301.852 3301.562 3301.273 3300.991 3300.844 3300.698 3300.551 3300.404 3300.295 3300.222 3300.148 3300.074 3300.001 3299.923 3299.845 3299.767 3299.689 3299.598 3299.49 3299.382 3299.274 3299.166 3299.125 3299.091 3299.056 3299.021 3298.956 3298.839 3298.722 3298.605 3298.488 3298.339 3298.184 3298.028 3297.873
3329.354 3327.016 3324.679 3322.341 3320.038 3317.826 3315.614 3313.402 3311.19 3309.78 3308.652 3307.525 3306.398 3305.409 3304.965 3304.521 3304.077 3303.633 3303.417 3303.316 3303.214 3303.113 3303.008 3302.884 3302.76 3302.635 3302.511 3302.269 3301.947 3301.625 3301.303 3300.991 3300.844 3300.698 3300.551 3300.404 3300.295 3300.222 3300.148 3300.074 3300.001 3299.955 3299.91 3299.865 3299.819 3299.738 3299.614 3299.49 3299.365 3299.241 3299.184 3299.133 3299.083 3299.032 3298.974 3298.906 3298.838 3298.77 3298.702 3298.538 3298.355 3298.172 3297.99
3327.426 3325.289 3323.152 3321.015 3318.961 3317.123 3315.285 3313.447 3311.609 3310.348 3309.292 3308.235 3307.178 3306.225 3305.677 3305.131 3304.583 3304.036 3303.765 3303.631 3303.497 3303.363 3303.228 3303.087 3302.946 3302.806 3302.665 3302.397 3302.043 3301.688 3301.334 3300.991 3300.844 3300.698 3300.551 3300.404 3300.295 3300.222 3300.148 3300.074 3300.001 3299.987 3299.974 3299.962 3299.949 3299.878 3299.738 3299.597 3299.457 3299.316 3299.243 3299.176 3299.109 3299.042 3298.993 3298.973 3298.954 3298.935 3298.916 3298.736 3298.526 3298.317 3298.107
3325.039 3323.178 3321.318 3319.457 3317.685 3316.149 3314.613 3313.077 3311.541 3310.402 3309.402 3308.403 3307.404 3306.492 3305.927 3305.363 3304.798 3304.233 3303.927 3303.75 3303.574 3303.398 3303.224 3303.071 3302.917 3302.763 3302.61 3302.333 3301.972 3301.612 3301.251 3300.903 3300.766 3300.629 3300.491 3300.354 3300.256 3300.192 3300.128 3300.065 3300.001 3300.0 3300.0 3300.0 3300.0 3299.943 3299.815 3299.688 3299.561 3299.434 3299.35 3299.27 3299.189 3299.109 3299.054 3299.042 3299.028 3299.015 3299.002 3298.823 3298.612 3298.402 3298.191
3322.352 3320.817 3319.281 3317.746 3316.28 3314.999 3313.717 3312.436 3311.155 3310.118 3309.167 3308.217 3307.266 3306.402 3305.875 3305.348 3304.821 3304.294 3303.968 3303.743 3303.518 3303.292 3303.075 3302.911 3302.747 3302.582 3302.418 3302.143 3301.793 3301.443 3301.093 3300.756 3300.635 3300.515 3300.394 3300.273 3300.19 3300.143 3300.095 3300.048 3300.001 3300.0 3300.0 3300.0 3300.0 3299.958 3299.863 3299.768 3299.673 3299.578 3299.487 3299.396 3299.305 3299.214 3299.145 3299.11 3299.075 3299.04 3299.006 3298.837 3298.642 3298.448 3298.254
3319.665 3318.455 3317.245 3316.034 3314.875 3313.848 3312.822 3311.795 3310.769 3309.834 3308.933 3308.031 3307.129 3306.311 3305.822 3305.333 3304.844 3304.355 3304.01 3303.736 3303.461 3303.188 3302.926 3302.751 3302.576 3302.401 3302.225 3301.953 3301.614 3301.274 3300.935 3300.61 3300.505 3300.401 3300.296 3300.191 3300.125 3300.094 3300.063 3300.031 3300.0 3300.0 3300.0 3300.0 3300.0 3299.972 3299.91 3299.848 3299.785 3299.723 3299.625 3299.523 3299.421 3299.32 3299.235 3299.178 3299.122 3299.065 3299.009 3298.85 3298.672 3298.494 3298.316
3316.978 3316.093 3315.208 3314.323 3313.469 3312.698 3311.926 3311.154 3310.382 3309.551 3308.698 3307.845 3306.992 3306.22 3305.77 3305.318 3304.867 3304.417 3304.051 3303.728 3303.405 3303.082 3302.777 3302.591 3302.405 3302.219 3302.033 3301.762 3301.434 3301.106 3300.778 3300.463 3300.375 3300.286 3300.198 3300.11 3300.06 3300.045 3300.03 3300.015 3300.0 3300.0 3300.0 3300.0 3300.0 3299.987 3299.957 3299.927 3299.897 3299.868 3299.762 3299.65 3299.537 3299.425 3299.325 3299.247 3299.169 3299.091 3299.012 3298.864 3298.702 3298.54 3298.379
3314.301 3313.731 3313.162 3312.593 3312.034 3311.504 3310.974 3310.443 3309.913 3309.182 3308.382 3307.581 3306.78 3306.058 3305.647 3305.236 3304.824 3304.413 3304.034 3303.671 3303.308 3302.944 3302.603 3302.41 3302.217 3302.024 3301.831 3301.566 3301.251 3300.937 3300.623 3300.323 3300.251 3300.179 3300.107 3300.034 3299.999 3299.998 3299.996 3299.995 3299.994 3299.994 3299.994 3299.994 3299.994 3299.993 3299.991 3299.989 3299.987 3299.985 3299.875 3299.753 3299.632 3299.511 3299.4 3299.303 3299.208 3299.111 3299.015 3298.879 3298.735 3298.591 3298.447
3311.722 3311.37 3311.017 3310.665 3310.291 3309.858 3309.425 3308.992 3308.559 3307.918 3307.204 3306.49 3305.776 3305.135 3304.784 3304.432 3304.081 3303.729 3303.403 3303.088 3302.774 3302.459 3302.165 3302.004 3301.844 3301.683 3301.522 3301.3 3301.034 3300.769 3300.503 3300.25 3300.194 3300.138 3300.083 3300.027 3299.991 3299.973 3299.955 3299.938 3299.92 3299.92 3299.92 3299.92 3299.92 3299.909 3299.886 3299.862 3299.839 3299.815 3299.717 3299.613 3299.508 3299.403 3299.31 3299.235 3299.161 3299.086 3299.012 3298.906 3298.795 3298.683 3298.571
3309.144 3309.008 3308.873 3308.737 3308.547 3308.211 3307.876 3307.541 3307.206 3306.655 3306.027 3305.4 3304.772 3304.213 3303.921 3303.629 3303.337 3303.045 3302.771 3302.505 3302.24 3301.974 3301.726 3301.598 3301.47 3301.342 3301.214 3301.033 3300.817 3300.6 3300.384 3300.177 3300.138 3300.098 3300.059 3300.019 3299.982 3299.948 3299.914 3299.88 3299.846 3299.846 3299.846 3299.846 3299.846 3299.826 3299.781 3299.735 3299.69 3299.645 3299.56 3299.471 3299.383 3299.294 3299.219 3299.167 3299.114 3299.061 3299.008 3298.934 3298.854 3298.775 3298.696
3306.565 3306.646 3306.728 3306.809 3306.803 3306.565 3306.327 3306.09 3305.852 3305.39 3304.85 3304.309 3303.769 3303.291 3303.058 3302.826 3302.594 3302.361 3302.139 3301.923 3301.706 3301.489 3301.288 3301.192 3301.097 3301.001 3300.906 3300.767 3300.599 3300.432 3300.264 3300.104 3300.081 3300.058 3300.034 3300.011 3299.974 3299.924 3299.873 3299.823 3299.773 3299.772 3299.772 3299.772 3299.772 3299.742 3299.675 3299.608 3299.541 3299.474 3299.403 3299.33 3299.258 3299.186 3299.129 3299.098 3299.067 3299.036 3299.005 3298.961 3298.914 3298.868 3298.821
3303.987 3304.285 3304.583 3304.881 3305.059 3304.919 3304.779 3304.639 3304.499 3304.126 3303.673 3303.219 3302.765 3302.368 3302.196 3302.023 3301.85 3301.677 3301.508 3301.34 3301.172 3301.004 3300.849 3300.786 3300.723 3300.66 3300.597 3300.501 3300.382 3300.263 3300.144 3300.031 3300.024 3300.017 3300.01 3300.003 3299.965 3299.899 3299.832 3299.766 3299.699 3299.698 3299.698 3299.698 3299.698 3299.658 3299.57 3299.481 3299.393 3299.304 3299.245 3299.189 3299.133 3299.077 3299.039 3299.03 3299.02 3299.011 3299.001 3298.988 3298.974 3298.96 3298.946
3302.512 3302.854 3303.197 3303.54 3303.764 3303.679 3303.593 3303.508 3303.422 3303.13 3302.767 3302.403 3302.039 3301.722 3301.594 3301.465 3301.337 3301.208 3301.08 3300.951 3300.823 3300.694 3300.577 3300.534 3300.491 3300.449 3300.406 3300.338 3300.252 3300.166 3300.081 3299.999 3299.98 3299.962 3299.943 3299.925 3299.878 3299.804 3299.731 3299.657 3299.584 3299.583 3299.583 3299.583 3299.583 3299.544 3299.458 3299.373 3299.287 3299.202 3299.155 3299.112 3299.07 3299.027 3299.0 3299.0 3299.0 3299.0 3299.0 3299.016 3299.034 3299.052 3299.071
3301.876 3302.132 3302.388 3302.644 3302.811 3302.747 3302.683 3302.619 3302.555 3302.338 3302.066 3301.794 3301.522 3301.286 3301.19 3301.094 3300.998 3300.902 3300.806 3300.71 3300.615 3300.519 3300.431 3300.399 3300.367 3300.335 3300.303 3300.252 3300.188 3300.124 3300.06 3299.997 3299.946 3299.895 3299.844 3299.793 3299.73 3299.657 3299.583 3299.51 3299.436 3299.435 3299.435 3299.435 3299.435 3299.406 3299.343 3299.279 3299.215 3299.151 3299.116 3299.084 3299.052 3299.02 3299.0 3299.0 3299.0 3299.0 3299.0 3299.043 3299.094 3299.145 3299.196
3301.24 3301.409 3301.578 3301.747 3301.858 3301.816 3301.774 3301.731 3301.689 3301.545 3301.365 3301.186 3301.006 3300.85 3300.787 3300.723 3300.66 3300.596 3300.533 3300.47 3300.406 3300.343 3300.285 3300.264 3300.243 3300.221 3300.2 3300.167 3300.124 3300.082 3300.04 3299.995 3299.912 3299.828 3299.745 3299.661 3299.583 3299.509 3299.436 3299.362 3299.289 3299.288 3299.288 3299.288 3299.288 3299.269 3299.226 3299.184 3299.142 3299.1 3299.077 3299.055 3299.034 3299.013 3299.0 3299.0 3299.0 3299.0 3299.0 3299.07 3299.154 3299.237 3299.321
3300.604 3300.686 3300.769 3300.851 3300.905 3300.885 3300.864 3300.843 3300.823 3300.753 3300.665 3300.578 3300.49 3300.414 3300.383 3300.352 3300.322 3300.291 3300.26 3300.229 3300.198 3300.167 3300.139 3300.128 3300.118 3300.108 3300.098 3300.081 3300.061 3300.04 3300.019 3299.993 3299.877 3299.761 3299.645 3299.529 3299.435 3299.362 3299.288 3299.215 3299.141 3299.14 3299.14 3299.14 3299.14 3299.131 3299.11 3299.09 3299.069 3299.049 3299.037 3299.027 3299.017 3299.006 3299.0 3299.0 3299.0 3299.0 3299.0 3299.098 3299.214 3299.33 3299.446
3300.0 3300.0 3300.0 3300.0 3300.0 3300.0 3300.0 3300.0 3300.0 3300.0 3300.0 3300.0 3300.0 3300.0 3300.0 3300.0 3300.0 3300.0 3300.0 3300.0 3300.0 3300.0 3300.0 3300.0 3300.0 3300.0 3300.0 3300.0 3300.0 3300.0 3300.0 3299.991 3299.844 3299.696 3299.548 3299.4 3299.292 3299.219 3299.146 3299.074 3299.001 3299.0 3299.0 3299.0 3299.0 3299.0 3299.0 3299.0 3299.0 3299.0 3299.0 3299.0 3299.0 3299.0 3299.0 3299.0 3299.0 3299.0 3299.0 3299.134 3299.293 3299.453 3299.613
3300.0 3300.0 3300.0 3300.0 3300.0 3300.0 3300.0 3300.0 3300.0 3300.0 3300.0 3300.0 3300.0 3300.0 3300.0 3300.0 3300.0 3300.0 3300.0 3300.0 3300.0 3300.0 3300.0 3300.0 3300.0 3300.0 3300.0 3300.0 3300.0 3300.0 3300.0 3299.99 3299.826 3299.662 3299.499 3299.334 3299.227 3299.17 3299.114 3299.057 3299.001 3299.0 3299.0 3299.0 3299.0 3299.0 3299.0 3299.0 3299.0 3299.0 3299.0 3299.0 3299.0 3299.0 3299.0 3299.0 3299.0 3299.0 3299.0 3299.344 3299.752 3300.161 3300.57
3300.0 3300.0 3300.0 3300.0 3300.0 3300.0 3300.0 3300.0 3300.0 3300.0 3300.0 3300.0 3300.0 3300.0 3300.0 3300.0 3300.0 3300.0 3300.0 3300.0 3300.0 3300.0 3300.0 3300.0 3300.0 3300.0 3300.0 3300.0 3300.0 3300.0 3300.0 3299.99 3299.809 3299.629 3299.449 3299.268 3299.161 3299.121 3299.081 3299.041 3299.0 3299.0 3299.0 3299.0 3299.0 3299.0 3299.0 3299.0 3299.0 3299.0 3299.0 3299.0 3299.0 3299.0 3299.0 3299.0 3299.0 3299.0 3299.0 3299.553 3300.211 3300.87 3301.528
