data/zism_data/01168_02_D.txt
ncols         224
nrows         224
[rows 29 to 57 of 224, columns 0 to 64 of 224]
1199.618 1199.356 1198.518 1197.679 1196.841 1196.002 1193.365 1189.788 1186.211 1182.635 1179.019 1175.028 1171.038 1167.048 1163.057 1160.504 1159.211 1157.917 1156.624 1155.331 1156.53 1157.805 1159.079 1160.353 1161.59 1162.773 1163.956 1165.14 1166.323 1167.039 1167.672 1168.305 1168.937 1169.194 1168.508 1167.822 1167.136 1166.45 1166.33 1166.426 1166.523 1166.619 1166.963 1168.594 1170.225 1171.857 1173.488 1175.211 1176.996 1178.781 1180.565 1182.346 1184.034 1185.721 1187.409 1189.096 1190.693 1192.189 1193.685 1195.181 1196.677 1197.224 1197.68 1198.136 1198.592
1199.578 1199.316 1198.521 1197.725 1196.93 1196.135 1193.519 1189.953 1186.387 1182.821 1179.237 1175.483 1171.729 1167.975 1164.221 1162.033 1161.217 1160.402 1159.586 1158.771 1160.443 1162.19 1163.937 1165.684 1167.202 1168.391 1169.579 1170.767 1171.956 1172.419 1172.751 1173.083 1173.415 1173.368 1172.371 1171.373 1170.376 1169.378 1168.872 1168.556 1168.239 1167.922 1167.882 1169.287 1170.693 1172.099 1173.505 1175.083 1176.776 1178.47 1180.163 1181.854 1183.488 1185.122 1186.756 1188.389 1189.973 1191.501 1193.03 1194.558 1196.087 1196.72 1197.267 1197.814 1198.362
1199.535 1199.274 1198.523 1197.772 1197.021 1196.27 1193.689 1190.151 1186.614 1183.076 1179.541 1176.026 1172.51 1168.995 1165.48 1163.647 1163.289 1162.931 1162.573 1162.215 1164.342 1166.543 1168.745 1170.946 1172.734 1173.925 1175.115 1176.305 1177.495 1177.708 1177.743 1177.777 1177.813 1177.468 1176.168 1174.868 1173.569 1172.269 1171.396 1170.687 1169.977 1169.268 1168.863 1170.05 1171.238 1172.425 1173.613 1175.047 1176.646 1178.245 1179.844 1181.442 1183.018 1184.594 1186.17 1187.746 1189.312 1190.868 1192.423 1193.979 1195.535 1196.248 1196.881 1197.513 1198.146
1199.454 1199.192 1198.51 1197.829 1197.148 1196.467 1194.117 1190.897 1187.676 1184.455 1181.233 1177.997 1174.761 1171.525 1168.288 1166.655 1166.426 1166.197 1165.968 1165.739 1168.025 1170.388 1172.75 1175.113 1176.974 1178.111 1179.247 1180.384 1181.521 1181.525 1181.323 1181.122 1180.921 1180.364 1178.914 1177.464 1176.014 1174.564 1173.611 1172.848 1172.084 1171.321 1170.855 1171.941 1173.026 1174.111 1175.197 1176.503 1177.957 1179.411 1180.865 1182.319 1183.772 1185.224 1186.677 1188.129 1189.605 1191.107 1192.609 1194.111 1195.613 1196.312 1196.934 1197.556 1198.177
1199.372 1199.109 1198.498 1197.886 1197.275 1196.663 1194.546 1191.642 1188.738 1185.834 1182.925 1179.968 1177.011 1174.054 1171.097 1169.662 1169.562 1169.462 1169.362 1169.262 1171.709 1174.232 1176.756 1179.279 1181.214 1182.297 1183.38 1184.463 1185.546 1185.341 1184.904 1184.466 1184.029 1183.26 1181.66 1180.06 1178.46 1176.859 1175.825 1175.008 1174.192 1173.375 1172.847 1173.831 1174.814 1175.797 1176.781 1177.959 1179.268 1180.578 1181.887 1183.197 1184.526 1185.854 1187.183 1188.512 1189.898 1191.346 1192.794 1194.243 1195.691 1196.375 1196.987 1197.598 1198.209
1199.291 1199.026 1198.485 1197.943 1197.401 1196.86 1194.974 1192.387 1189.8 1187.213 1184.617 1181.939 1179.261 1176.584 1173.906 1172.67 1172.699 1172.728 1172.756 1172.785 1175.392 1178.077 1180.761 1183.446 1185.454 1186.483 1187.512 1188.542 1189.571 1189.158 1188.484 1187.811 1187.137 1186.157 1184.406 1182.656 1180.905 1179.154 1178.04 1177.169 1176.299 1175.428 1174.839 1175.721 1176.602 1177.484 1178.365 1179.416 1180.58 1181.744 1182.908 1184.074 1185.279 1186.485 1187.69 1188.896 1190.191 1191.585 1192.98 1194.375 1195.769 1196.439 1197.04 1197.64 1198.24
1199.21 1198.944 1198.472 1198.0 1197.528 1197.056 1195.403 1193.133 1190.862 1188.592 1186.309 1183.911 1181.512 1179.113 1176.715 1175.678 1175.836 1175.993 1176.151 1176.309 1179.076 1181.921 1184.767 1187.613 1189.694 1190.669 1191.645 1192.62 1193.596 1192.975 1192.065 1191.155 1190.245 1189.053 1187.152 1185.251 1183.35 1181.45 1180.254 1179.33 1178.406 1177.482 1176.831 1177.611 1178.39 1179.17 1179.949 1180.872 1181.891 1182.91 1183.93 1184.951 1186.033 1187.115 1188.197 1189.279 1190.484 1191.825 1193.166 1194.506 1195.847 1196.503 1197.093 1197.682 1198.272
1199.219 1198.992 1198.604 1198.216 1197.828 1197.44 1196.02 1194.06 1192.101 1190.142 1188.161 1185.971 1183.782 1181.592 1179.403 1178.474 1178.652 1178.829 1179.006 1179.183 1181.898 1184.689 1187.48 1190.271 1192.297 1193.216 1194.135 1195.054 1195.973 1195.271 1194.277 1193.282 1192.287 1191.026 1189.098 1187.17 1185.242 1183.314 1182.121 1181.211 1180.3 1179.389 1178.745 1179.493 1180.24 1180.988 1181.735 1182.565 1183.45 1184.336 1185.221 1186.108 1187.039 1187.969 1188.9 1189.83 1190.91 1192.155 1193.401 1194.646 1195.891 1196.536 1197.123 1197.711 1198.298
1199.312 1199.16 1198.869 1198.577 1198.286 1197.995 1196.808 1195.155 1193.502 1191.849 1190.158 1188.114 1186.069 1184.025 1181.981 1181.077 1181.174 1181.27 1181.367 1181.464 1183.931 1186.47 1189.008 1191.547 1193.4 1194.26 1195.119 1195.979 1196.839 1196.174 1195.233 1194.292 1193.351 1192.153 1190.311 1188.469 1186.627 1184.785 1183.67 1182.834 1181.999 1181.163 1180.587 1181.367 1182.147 1182.926 1183.706 1184.475 1185.237 1185.999 1186.761 1187.523 1188.276 1189.029 1189.783 1190.536 1191.459 1192.57 1193.681 1194.792 1195.903 1196.541 1197.133 1197.726 1198.319
1199.404 1199.328 1199.133 1198.939 1198.744 1198.549 1197.597 1196.25 1194.903 1193.556 1192.156 1190.257 1188.357 1186.458 1184.558 1183.679 1183.695 1183.712 1183.728 1183.744 1185.964 1188.25 1190.536 1192.823 1194.502 1195.303 1196.104 1196.905 1197.706 1197.077 1196.189 1195.302 1194.414 1193.28 1191.523 1189.767 1188.011 1186.255 1185.218 1184.458 1183.698 1182.937 1182.429 1183.241 1184.053 1184.865 1185.677 1186.385 1187.024 1187.662 1188.301 1188.937 1189.513 1190.089 1190.665 1191.241 1192.008 1192.984 1193.961 1194.938 1195.914 1196.546 1197.144 1197.742 1198.34
1199.497 1199.496 1199.398 1199.3 1199.202 1199.104 1198.386 1197.345 1196.304 1195.263 1194.154 1192.399 1190.645 1188.89 1187.136 1186.282 1186.217 1186.153 1186.089 1186.024 1187.997 1190.031 1192.065 1194.099 1195.605 1196.347 1197.088 1197.83 1198.572 1197.98 1197.146 1196.312 1195.478 1194.406 1192.736 1191.066 1189.395 1187.725 1186.767 1186.082 1185.396 1184.711 1184.272 1185.116 1185.96 1186.804 1187.648 1188.295 1188.81 1189.325 1189.84 1190.351 1190.75 1191.149 1191.548 1191.947 1192.556 1193.399 1194.241 1195.084 1195.926 1196.551 1197.154 1197.757 1198.361
1199.589 1199.664 1199.663 1199.661 1199.66 1199.659 1199.175 1198.44 1197.705 1196.97 1196.152 1194.542 1192.932 1191.323 1189.713 1188.884 1188.739 1188.594 1188.449 1188.304 1190.03 1191.811 1193.593 1195.375 1196.707 1197.39 1198.073 1198.756 1199.438 1198.883 1198.102 1197.322 1196.542 1195.533 1193.948 1192.364 1190.78 1189.195 1188.315 1187.705 1187.095 1186.485 1186.114 1186.99 1187.867 1188.743 1189.619 1190.205 1190.597 1190.988 1191.38 1191.765 1191.987 1192.209 1192.43 1192.652 1193.105 1193.813 1194.521 1195.23 1195.938 1196.556 1197.164 1197.773 1198.382
1199.532 1199.693 1199.704 1199.714 1199.725 1199.735 1199.343 1198.739 1198.135 1197.531 1196.848 1195.405 1193.961 1192.518 1191.074 1190.302 1190.119 1189.936 1189.753 1189.57 1191.111 1192.703 1194.296 1195.889 1197.064 1197.635 1198.206 1198.776 1199.347 1198.865 1198.191 1197.517 1196.844 1195.949 1194.498 1193.047 1191.596 1190.146 1189.38 1188.877 1188.374 1187.87 1187.594 1188.503 1189.411 1190.32 1191.228 1191.791 1192.123 1192.454 1192.786 1193.109 1193.206 1193.304 1193.401 1193.499 1193.813 1194.365 1194.918 1195.471 1196.024 1196.58 1197.136 1197.692 1198.248
1199.473 1199.72 1199.741 1199.763 1199.784 1199.805 1199.501 1199.026 1198.551 1198.076 1197.525 1196.248 1194.971 1193.694 1192.417 1191.703 1191.482 1191.261 1191.041 1190.82 1192.177 1193.582 1194.987 1196.392 1197.41 1197.868 1198.326 1198.784 1199.242 1198.833 1198.267 1197.701 1197.134 1196.355 1195.038 1193.721 1192.405 1191.088 1190.437 1190.041 1189.646 1189.25 1189.069 1190.01 1190.95 1191.891 1192.832 1193.373 1193.645 1193.918 1194.19 1194.452 1194.426 1194.4 1194.374 1194.348 1194.522 1194.92 1195.317 1195.714 1196.111 1196.604 1197.106 1197.609 1198.111
1199.413 1199.747 1199.779 1199.811 1199.843 1199.875 1199.659 1199.313 1198.967 1198.621 1198.202 1197.092 1195.981 1194.871 1193.76 1193.104 1192.845 1192.587 1192.329 1192.07 1193.244 1194.461 1195.678 1196.895 1197.756 1198.101 1198.446 1198.792 1199.137 1198.801 1198.343 1197.884 1197.425 1196.76 1195.578 1194.396 1193.213 1192.031 1191.495 1191.206 1190.918 1190.63 1190.544 1191.517 1192.49 1193.463 1194.436 1194.954 1195.167 1195.381 1195.594 1195.794 1195.645 1195.495 1195.346 1195.196 1195.232 1195.474 1195.715 1195.957 1196.198 1196.629 1197.077 1197.526 1197.974
1199.354 1199.774 1199.816 1199.859 1199.902 1199.945 1199.817 1199.6 1199.383 1199.166 1198.88 1197.935 1196.991 1196.047 1195.103 1194.504 1194.208 1193.913 1193.617 1193.321 1194.311 1195.34 1196.369 1197.398 1198.102 1198.334 1198.567 1198.799 1199.032 1198.77 1198.418 1198.067 1197.716 1197.166 1196.118 1195.07 1194.021 1192.973 1192.552 1192.371 1192.19 1192.009 1192.019 1193.024 1194.029 1195.034 1196.04 1196.535 1196.69 1196.844 1196.998 1197.137 1196.864 1196.591 1196.318 1196.045 1195.942 1196.028 1196.114 1196.2 1196.285 1196.653 1197.048 1197.443 1197.838
1199.122 1199.647 1199.706 1199.764 1199.823 1199.881 1199.819 1199.695 1199.57 1199.446 1199.258 1198.461 1197.664 1196.867 1196.07 1195.546 1195.26 1194.975 1194.69 1194.405 1195.227 1196.082 1196.938 1197.793 1198.359 1198.505 1198.652 1198.798 1198.945 1198.695 1198.374 1198.053 1197.731 1197.241 1196.328 1195.414 1194.5 1193.586 1193.269 1193.181 1193.093 1193.005 1193.088 1194.068 1195.047 1196.027 1197.006 1197.478 1197.609 1197.741 1197.872 1197.987 1197.673 1197.359 1197.044 1196.73 1196.558 1196.543 1196.529 1196.514 1196.5 1196.819 1197.169 1197.52 1197.871
1198.677 1199.334 1199.414 1199.493 1199.573 1199.653 1199.63 1199.554 1199.478 1199.402 1199.27 1198.596 1197.922 1197.249 1196.576 1196.146 1195.931 1195.715 1195.5 1195.284 1195.957 1196.657 1197.357 1198.057 1198.509 1198.601 1198.694 1198.787 1198.879 1198.567 1198.181 1197.796 1197.41 1196.912 1196.133 1195.353 1194.573 1193.794 1193.568 1193.555 1193.542 1193.53 1193.661 1194.543 1195.426 1196.309 1197.192 1197.638 1197.791 1197.944 1198.097 1198.235 1197.979 1197.724 1197.468 1197.213 1197.057 1197.01 1196.963 1196.917 1196.87 1197.157 1197.475 1197.794 1198.112
1198.233 1199.02 1199.121 1199.223 1199.324 1199.425 1199.442 1199.414 1199.386 1199.359 1199.281 1198.731 1198.181 1197.631 1197.081 1196.747 1196.601 1196.455 1196.31 1196.164 1196.688 1197.232 1197.776 1198.32 1198.658 1198.697 1198.736 1198.775 1198.814 1198.439 1197.989 1197.539 1197.089 1196.583 1195.938 1195.292 1194.647 1194.001 1193.867 1193.93 1193.992 1194.054 1194.233 1195.019 1195.805 1196.591 1197.378 1197.798 1197.972 1198.146 1198.321 1198.482 1198.285 1198.089 1197.893 1197.696 1197.556 1197.477 1197.398 1197.319 1197.24 1197.495 1197.781 1198.067 1198.354
1197.789 1198.706 1198.829 1198.952 1199.075 1199.198 1199.253 1199.274 1199.294 1199.315 1199.293 1198.866 1198.44 1198.013 1197.587 1197.347 1197.271 1197.196 1197.12 1197.044 1197.419 1197.807 1198.196 1198.584 1198.808 1198.793 1198.778 1198.763 1198.749 1198.311 1197.796 1197.282 1196.767 1196.254 1195.743 1195.231 1194.72 1194.209 1194.167 1194.304 1194.442 1194.579 1194.805 1195.495 1196.184 1196.874 1197.563 1197.958 1198.153 1198.349 1198.545 1198.729 1198.591 1198.454 1198.317 1198.18 1198.055 1197.944 1197.833 1197.721 1197.61 1197.833 1198.087 1198.341 1198.595
1197.345 1198.393 1198.537 1198.681 1198.825 1198.97 1199.064 1199.133 1199.202 1199.271 1199.305 1199.002 1198.699 1198.396 1198.093 1197.948 1197.942 1197.936 1197.93 1197.923 1198.149 1198.382 1198.615 1198.848 1198.957 1198.889 1198.82 1198.752 1198.683 1198.183 1197.604 1197.025 1196.446 1195.925 1195.548 1195.171 1194.794 1194.417 1194.466 1194.678 1194.891 1195.104 1195.377 1195.97 1196.563 1197.156 1197.749 1198.117 1198.335 1198.552 1198.769 1198.976 1198.898 1198.819 1198.741 1198.663 1198.554 1198.411 1198.267 1198.124 1197.981 1198.171 1198.393 1198.615 1198.837
1196.982 1198.046 1198.266 1198.485 1198.705 1198.925 1199.067 1199.17 1199.272 1199.375 1199.444 1199.196 1198.948 1198.7 1198.451 1198.335 1198.335 1198.335 1198.335 1198.335 1198.505 1198.681 1198.856 1199.031 1199.096 1199.004 1198.911 1198.818 1198.726 1198.27 1197.75 1197.229 1196.708 1196.231 1195.866 1195.501 1195.135 1194.77 1194.802 1194.987 1195.172 1195.357 1195.595 1196.111 1196.627 1197.143 1197.659 1198.009 1198.248 1198.486 1198.725 1198.953 1198.905 1198.856 1198.808 1198.759 1198.678 1198.562 1198.445 1198.328 1198.212 1198.361 1198.536 1198.711 1198.886
1196.627 1197.696 1197.996 1198.297 1198.597 1198.897 1199.089 1199.223 1199.358 1199.493 1199.596 1199.396 1199.196 1198.996 1198.796 1198.703 1198.703 1198.703 1198.703 1198.703 1198.826 1198.953 1199.079 1199.206 1199.234 1199.12 1199.006 1198.892 1198.778 1198.379 1197.927 1197.476 1197.026 1196.599 1196.234 1195.868 1195.503 1195.138 1195.143 1195.29 1195.437 1195.585 1195.779 1196.22 1196.66 1197.101 1197.542 1197.875 1198.135 1198.395 1198.656 1198.906 1198.884 1198.862 1198.84 1198.819 1198.767 1198.683 1198.598 1198.514 1198.429 1198.537 1198.664 1198.791 1198.918
1196.272 1197.346 1197.727 1198.108 1198.489 1198.869 1199.11 1199.277 1199.443 1199.61 1199.747 1199.596 1199.444 1199.293 1199.141 1199.07 1199.07 1199.07 1199.07 1199.07 1199.146 1199.225 1199.303 1199.382 1199.373 1199.237 1199.101 1198.966 1198.83 1198.487 1198.105 1197.724 1197.343 1196.966 1196.601 1196.236 1195.87 1195.505 1195.483 1195.593 1195.702 1195.812 1195.963 1196.328 1196.694 1197.06 1197.425 1197.741 1198.022 1198.304 1198.586 1198.858 1198.863 1198.868 1198.873 1198.878 1198.856 1198.804 1198.751 1198.699 1198.647 1198.714 1198.792 1198.871 1198.949
1195.918 1196.997 1197.458 1197.919 1198.38 1198.842 1199.131 1199.33 1199.529 1199.728 1199.899 1199.795 1199.692 1199.589 1199.486 1199.438 1199.438 1199.438 1199.438 1199.438 1199.467 1199.497 1199.527 1199.557 1199.511 1199.354 1199.197 1199.04 1198.882 1198.595 1198.283 1197.972 1197.66 1197.334 1196.968 1196.603 1196.238 1195.872 1195.823 1195.895 1195.967 1196.04 1196.147 1196.437 1196.728 1197.018 1197.308 1197.606 1197.91 1198.213 1198.516 1198.81 1198.841 1198.873 1198.905 1198.937 1198.945 1198.925 1198.905 1198.884 1198.864 1198.89 1198.92 1198.95 1198.98
1195.869 1196.938 1197.419 1197.9 1198.381 1198.863 1199.168 1199.381 1199.594 1199.807 1199.994 1199.927 1199.86 1199.793 1199.726 1199.694 1199.694 1199.694 1199.694 1199.694 1199.694 1199.694 1199.694 1199.694 1199.629 1199.468 1199.308 1199.148 1198.987 1198.743 1198.483 1198.223 1197.963 1197.675 1197.316 1196.957 1196.597 1196.238 1196.163 1196.198 1196.233 1196.267 1196.335 1196.581 1196.827 1197.072 1197.318 1197.595 1197.893 1198.192 1198.49 1198.78 1198.828 1198.877 1198.926 1198.974 1199.0 1199.0 1199.0 1199.0 1199.0 1199.009 1199.019 1199.029 1199.04
1196.327 1197.361 1197.762 1198.163 1198.563 1198.964 1199.231 1199.428 1199.625 1199.822 1199.995 1199.944 1199.893 1199.843 1199.792 1199.768 1199.768 1199.768 1199.768 1199.768 1199.768 1199.768 1199.768 1199.768 1199.713 1199.58 1199.446 1199.313 1199.179 1198.957 1198.719 1198.48 1198.242 1197.974 1197.63 1197.287 1196.944 1196.601 1196.504 1196.501 1196.498 1196.495 1196.532 1196.783 1197.034 1197.285 1197.536 1197.787 1198.037 1198.287 1198.537 1198.78 1198.828 1198.877 1198.926 1198.974 1199.0 1199.0 1199.0 1199.0 1199.0 1199.034 1199.071 1199.108 1199.145
1196.784 1197.785 1198.105 1198.425 1198.745 1199.065 1199.294 1199.474 1199.655 1199.836 1199.997 1199.962 1199.927 1199.892 1199.858 1199.841 1199.841 1199.841 1199.841 1199.841 1199.841 1199.841 1199.841 1199.841 1199.798 1199.691 1199.584 1199.478 1199.371 1199.171 1198.954 1198.737 1198.52 1198.272 1197.945 1197.618 1197.291 1196.964 1196.844 1196.803 1196.763 1196.722 1196.729 1196.985 1197.242 1197.498 1197.754 1197.978 1198.18 1198.382 1198.583 1198.78 1198.828 1198.877 1198.926 1198.974 1199.0 1199.0 1199.0 1199.0 1199.0 1199.058 1199.122 1199.186 1199.25
1197.242 1198.208 1198.448 1198.687 1198.927 1199.166 1199.356 1199.521 1199.686 1199.851 1199.998 1199.979 1199.961 1199.942 1199.923 1199.915 1199.915 1199.915 1199.915 1199.915 1199.915 1199.915 1199.915 1199.915 1199.882 1199.802 1199.723 1199.643 1199.563 1199.385 1199.19 1198.994 1198.799 1198.571 1198.26 1197.949 1197.638 1197.327 1197.184 1197.106 1197.028 1196.95 1196.926 1197.188 1197.449 1197.711 1197.973 1198.17 1198.323 1198.477 1198.63 1198.78 1198.828 1198.877 1198.926 1198.974 1199.0 1199.0 1199.0 1199.0 1199.0 1199.083 1199.173 1199.264 1199.355
