data/zism_data/01169_04_D.txt
ncols         224
nrows         224
[rows 196 to 223 of 224, columns 126 to 188 of 224]
3811.087 3806.221 3801.354 3796.488 3790.357 3782.677 3774.996 3767.316 3759.636 3751.524 3743.371 3735.217 3727.064 3720.74 3717.44 3714.14 3710.84 3707.54 3707.55 3708.188 3708.826 3709.464 3710.492 3712.414 3714.335 3716.257 3718.179 3721.558 3725.378 3729.197 3733.017 3736.92 3741.098 3745.277 3749.455 3753.634 3757.987 3762.417 3766.847 3771.276 3775.781 3780.678 3785.575 3790.472 3795.369 3801.648 3808.763 3815.878 3822.993 3830.068 3836.718 3843.369 3850.02 3856.67 3862.837 3868.609 3874.381 3880.153 3885.92 3891.36 3896.801 3902.241 3907.682
3804.748 3800.065 3795.381 3790.698 3785.031 3778.158 3771.285 3764.412 3757.539 3750.598 3743.651 3736.703 3729.756 3724.136 3720.712 3717.289 3713.865 3710.441 3710.449 3711.109 3711.768 3712.427 3713.463 3715.357 3717.252 3719.147 3721.042 3724.171 3727.673 3731.175 3734.677 3738.283 3742.236 3746.188 3750.141 3754.094 3758.318 3762.662 3767.005 3771.349 3775.774 3780.628 3785.482 3790.336 3795.19 3801.272 3808.096 3814.92 3821.744 3828.506 3834.602 3840.698 3846.794 3852.89 3858.853 3864.705 3870.558 3876.411 3882.262 3888.053 3893.843 3899.634 3905.424
3798.409 3793.909 3789.409 3784.908 3779.705 3773.639 3767.573 3761.508 3755.442 3749.672 3743.93 3738.189 3732.447 3727.532 3723.985 3720.437 3716.89 3713.342 3713.349 3714.03 3714.71 3715.391 3716.433 3718.301 3720.169 3722.037 3723.905 3726.784 3729.968 3733.153 3736.337 3739.647 3743.374 3747.1 3750.826 3754.553 3758.649 3762.906 3767.164 3771.421 3775.767 3780.578 3785.389 3790.2 3795.01 3800.895 3807.429 3813.962 3820.496 3826.944 3832.485 3838.027 3843.569 3849.111 3854.868 3860.802 3866.735 3872.668 3878.605 3884.745 3890.885 3897.026 3903.166
3794.238 3790.008 3785.777 3781.546 3776.752 3771.266 3765.781 3760.295 3754.809 3749.639 3744.5 3739.36 3734.22 3729.763 3726.435 3723.107 3719.779 3716.451 3716.472 3717.129 3717.786 3718.443 3719.456 3721.285 3723.114 3724.942 3726.771 3729.469 3732.431 3735.393 3738.355 3741.463 3745.054 3748.646 3752.237 3755.829 3759.754 3763.827 3767.899 3771.971 3776.119 3780.668 3785.216 3789.765 3794.314 3799.718 3805.638 3811.559 3817.479 3823.325 3828.383 3833.44 3838.498 3843.556 3849.213 3855.359 3861.506 3867.652 3873.804 3880.285 3886.767 3893.249 3899.731
3790.721 3786.786 3782.852 3778.917 3774.516 3769.541 3764.567 3759.593 3754.618 3749.876 3745.156 3740.436 3735.717 3731.643 3728.637 3725.632 3722.627 3719.622 3719.663 3720.283 3720.902 3721.521 3722.495 3724.281 3726.066 3727.852 3729.637 3732.177 3734.946 3737.714 3740.482 3743.416 3746.9 3750.383 3753.867 3757.351 3761.094 3764.951 3768.808 3772.665 3776.579 3780.8 3785.02 3789.24 3793.461 3798.298 3803.508 3808.718 3813.928 3819.085 3823.68 3828.275 3832.87 3837.464 3843.053 3849.452 3855.852 3862.251 3868.657 3875.478 3882.299 3889.12 3895.941
3787.204 3783.565 3779.927 3776.288 3772.279 3767.816 3763.353 3758.89 3754.427 3750.113 3745.813 3741.513 3737.213 3733.522 3730.84 3728.158 3725.476 3722.793 3722.854 3723.436 3724.018 3724.599 3725.534 3727.276 3729.019 3730.761 3732.504 3734.885 3737.459 3740.034 3742.608 3745.369 3748.745 3752.121 3755.497 3758.873 3762.433 3766.075 3769.717 3773.358 3777.04 3780.932 3784.824 3788.716 3792.608 3796.879 3801.378 3805.878 3810.378 3814.845 3818.977 3823.109 3827.241 3831.373 3836.893 3843.545 3850.198 3856.85 3863.51 3870.67 3877.83 3884.99 3892.15
3783.687 3780.344 3777.002 3773.659 3770.043 3766.092 3762.14 3758.188 3754.236 3750.35 3746.47 3742.589 3738.709 3735.402 3733.042 3730.683 3728.324 3725.965 3726.046 3726.59 3727.134 3727.677 3728.573 3730.272 3731.972 3733.671 3735.37 3737.593 3739.974 3742.354 3744.735 3747.321 3750.59 3753.858 3757.126 3760.395 3763.773 3767.199 3770.625 3774.052 3777.5 3781.064 3784.627 3788.191 3791.755 3795.459 3799.248 3803.038 3806.827 3810.606 3814.275 3817.944 3821.613 3825.282 3830.733 3837.639 3844.544 3851.449 3858.364 3865.863 3873.362 3880.861 3888.36
3780.492 3777.418 3774.343 3771.269 3768.002 3764.501 3761.0 3757.499 3753.998 3750.509 3747.022 3743.534 3740.047 3737.104 3735.063 3733.022 3730.981 3728.94 3729.065 3729.601 3730.136 3730.671 3731.546 3733.195 3734.844 3736.494 3738.143 3740.21 3742.402 3744.595 3746.788 3749.201 3752.345 3755.49 3758.634 3761.779 3764.964 3768.168 3771.372 3774.576 3777.788 3781.042 3784.296 3787.551 3790.805 3794.002 3797.165 3800.328 3803.491 3806.657 3809.859 3813.06 3816.262 3819.463 3824.741 3831.712 3838.683 3845.654 3852.637 3860.403 3868.168 3875.934 3883.699
3778.459 3775.552 3772.644 3769.736 3766.666 3763.396 3760.126 3756.856 3753.587 3750.389 3747.197 3744.006 3740.815 3738.17 3736.431 3734.691 3732.952 3731.212 3731.466 3732.099 3732.731 3733.363 3734.282 3735.856 3737.43 3739.004 3740.578 3742.499 3744.525 3746.55 3748.576 3750.819 3753.781 3756.742 3759.703 3762.665 3765.622 3768.579 3771.535 3774.491 3777.457 3780.469 3783.48 3786.492 3789.504 3792.409 3795.249 3798.089 3800.929 3803.759 3806.476 3809.193 3811.91 3814.627 3819.352 3825.715 3832.078 3838.44 3844.824 3852.595 3860.366 3868.137 3875.908
3776.426 3773.686 3770.945 3768.204 3765.329 3762.291 3759.253 3756.214 3753.176 3750.268 3747.373 3744.478 3741.582 3739.236 3737.798 3736.36 3734.922 3733.484 3733.867 3734.596 3735.326 3736.055 3737.018 3738.517 3740.015 3741.514 3743.012 3744.788 3746.647 3748.506 3750.365 3752.437 3755.215 3757.994 3760.772 3763.551 3766.28 3768.989 3771.698 3774.407 3777.125 3779.895 3782.665 3785.434 3788.204 3790.816 3793.333 3795.85 3798.367 3800.86 3803.092 3805.325 3807.558 3809.79 3813.963 3819.717 3825.472 3831.227 3837.011 3844.787 3852.563 3860.34 3868.116
3774.393 3771.819 3769.245 3766.671 3763.993 3761.186 3758.379 3755.572 3752.765 3750.148 3747.549 3744.949 3742.35 3740.302 3739.165 3738.029 3736.892 3735.755 3736.268 3737.094 3737.92 3738.747 3739.754 3741.177 3742.601 3744.024 3745.447 3747.077 3748.769 3750.461 3752.153 3754.055 3756.65 3759.246 3761.841 3764.436 3766.938 3769.4 3771.861 3774.322 3776.793 3779.321 3781.848 3784.376 3786.903 3789.223 3791.417 3793.611 3795.805 3797.961 3799.709 3801.457 3803.205 3804.954 3808.573 3813.72 3818.866 3824.013 3829.198 3836.979 3844.761 3852.543 3860.325
3772.36 3769.953 3767.546 3765.139 3762.656 3760.081 3757.505 3754.93 3752.354 3750.027 3747.724 3745.421 3743.118 3741.368 3740.532 3739.697 3738.862 3738.027 3738.669 3739.592 3740.515 3741.438 3742.49 3743.838 3745.186 3746.534 3747.882 3749.366 3750.891 3752.417 3753.942 3755.673 3758.085 3760.498 3762.91 3765.322 3767.596 3769.81 3772.023 3774.237 3776.462 3778.747 3781.032 3783.318 3785.603 3787.63 3789.501 3791.373 3793.244 3795.062 3796.326 3797.59 3798.853 3800.117 3803.184 3807.722 3812.261 3816.799 3821.384 3829.171 3836.959 3844.746 3852.533
3770.944 3768.635 3766.327 3764.019 3761.686 3759.324 3756.962 3754.6 3752.238 3750.21 3748.213 3746.217 3744.221 3742.746 3742.133 3741.52 3740.907 3740.294 3741.042 3742.048 3743.053 3744.059 3745.183 3746.582 3747.979 3749.378 3750.776 3752.154 3753.527 3754.9 3756.273 3757.846 3760.082 3762.319 3764.555 3766.792 3768.878 3770.897 3772.917 3774.937 3776.967 3779.053 3781.139 3783.226 3785.312 3787.172 3788.896 3790.62 3792.344 3794.014 3795.113 3796.211 3797.31 3798.409 3801.12 3805.147 3809.174 3813.201 3817.279 3824.824 3832.369 3839.914 3847.459
3769.835 3767.592 3765.348 3763.104 3760.899 3758.741 3756.584 3754.427 3752.269 3750.544 3748.86 3747.175 3745.491 3744.28 3743.85 3743.42 3742.99 3742.561 3743.4 3744.481 3745.562 3746.643 3747.855 3749.366 3750.877 3752.388 3753.899 3755.192 3756.42 3757.647 3758.875 3760.296 3762.361 3764.425 3766.489 3768.553 3770.471 3772.324 3774.177 3776.03 3777.891 3779.8 3781.708 3783.617 3785.525 3787.282 3788.947 3790.612 3792.276 3793.892 3794.985 3796.078 3797.171 3798.265 3800.719 3804.283 3807.847 3811.411 3815.027 3822.206 3829.385 3836.564 3843.743
3768.727 3766.548 3764.369 3762.189 3760.112 3758.159 3756.206 3754.253 3752.3 3750.877 3749.506 3748.134 3746.762 3745.814 3745.567 3745.32 3745.073 3744.826 3745.759 3746.915 3748.071 3749.228 3750.526 3752.15 3753.774 3755.398 3757.023 3758.23 3759.313 3760.395 3761.477 3762.747 3764.639 3766.531 3768.423 3770.315 3772.064 3773.75 3775.436 3777.122 3778.815 3780.546 3782.277 3784.008 3785.739 3787.391 3788.997 3790.603 3792.208 3793.769 3794.857 3795.945 3797.033 3798.121 3800.317 3803.418 3806.52 3809.621 3812.776 3819.589 3826.402 3833.214 3840.027
3767.619 3765.504 3763.389 3761.275 3759.325 3757.576 3755.828 3754.08 3752.331 3751.211 3750.152 3749.092 3748.032 3747.348 3747.284 3747.22 3747.156 3747.093 3748.117 3749.349 3750.581 3751.812 3753.198 3754.935 3756.672 3758.409 3760.146 3761.269 3762.205 3763.142 3764.079 3765.197 3766.917 3768.637 3770.357 3772.077 3773.657 3775.176 3776.695 3778.215 3779.739 3781.292 3782.846 3784.399 3785.952 3787.501 3789.047 3790.594 3792.14 3793.646 3794.729 3795.812 3796.894 3797.977 3799.916 3802.554 3805.192 3807.831 3810.524 3816.971 3823.418 3829.865 3836.312
3766.671 3764.62 3762.57 3760.519 3758.689 3757.128 3755.567 3754.006 3752.446 3751.613 3750.849 3750.085 3749.321 3748.893 3749.02 3749.146 3749.273 3749.4 3750.51 3751.808 3753.106 3754.403 3755.865 3757.702 3759.539 3761.376 3763.213 3764.262 3765.074 3765.885 3766.697 3767.681 3769.237 3770.794 3772.35 3773.906 3775.327 3776.688 3778.049 3779.41 3780.776 3782.167 3783.558 3784.949 3786.341 3787.805 3789.313 3790.822 3792.33 3793.805 3794.928 3796.051 3797.173 3798.296 3800.081 3802.405 3804.73 3807.054 3809.434 3815.543 3821.653 3827.762 3833.872
3766.949 3764.958 3762.966 3760.975 3759.204 3757.702 3756.2 3754.699 3753.197 3752.527 3751.935 3751.344 3750.752 3750.524 3750.899 3751.273 3751.647 3752.021 3753.167 3754.459 3755.752 3757.044 3758.502 3760.339 3762.176 3764.013 3765.85 3766.92 3767.758 3768.597 3769.435 3770.417 3771.877 3773.336 3774.796 3776.255 3777.583 3778.852 3780.122 3781.392 3782.674 3784.022 3785.37 3786.718 3788.066 3789.591 3791.223 3792.856 3794.488 3796.11 3797.62 3799.13 3800.64 3802.151 3804.563 3807.711 3810.859 3814.007 3817.196 3823.187 3829.178 3835.17 3841.161
3767.227 3765.295 3763.363 3761.431 3759.719 3758.276 3756.834 3755.391 3753.949 3753.441 3753.021 3752.602 3752.183 3752.156 3752.778 3753.4 3754.021 3754.643 3755.824 3757.111 3758.398 3759.684 3761.139 3762.976 3764.813 3766.65 3768.487 3769.578 3770.443 3771.308 3772.173 3773.154 3774.517 3775.879 3777.242 3778.604 3779.839 3781.017 3782.195 3783.373 3784.571 3785.876 3787.181 3788.486 3789.791 3791.377 3793.134 3794.889 3796.646 3798.414 3800.312 3802.209 3804.107 3806.005 3809.045 3813.016 3816.988 3820.959 3824.958 3830.831 3836.704 3842.577 3848.45
3767.505 3765.632 3763.759 3761.886 3760.233 3758.85 3757.467 3756.084 3754.701 3754.355 3754.108 3753.861 3753.614 3753.787 3754.657 3755.526 3756.396 3757.265 3758.481 3759.762 3761.044 3762.325 3763.775 3765.613 3767.45 3769.287 3771.124 3772.235 3773.127 3774.02 3774.912 3775.89 3777.156 3778.422 3779.688 3780.953 3782.094 3783.181 3784.268 3785.354 3786.469 3787.731 3788.993 3790.255 3791.517 3793.164 3795.043 3796.923 3798.803 3800.718 3803.003 3805.289 3807.574 3809.859 3813.527 3818.322 3823.117 3827.912 3832.721 3838.475 3844.23 3849.984 3855.739
3767.783 3765.97 3764.156 3762.342 3760.748 3759.424 3758.1 3756.776 3755.453 3755.269 3755.194 3755.119 3755.044 3755.419 3756.536 3757.653 3758.77 3759.887 3761.138 3762.414 3763.69 3764.966 3766.412 3768.25 3770.087 3771.924 3773.761 3774.893 3775.812 3776.731 3777.65 3778.627 3779.796 3780.965 3782.134 3783.302 3784.35 3785.345 3786.34 3787.335 3788.366 3789.585 3790.804 3792.023 3793.242 3794.95 3796.953 3798.957 3800.961 3803.022 3805.695 3808.368 3811.041 3813.714 3818.009 3823.627 3829.246 3834.865 3840.484 3846.119 3851.756 3857.391 3863.028
3768.26 3766.539 3764.818 3763.097 3761.593 3760.356 3759.118 3757.881 3756.644 3756.569 3756.606 3756.642 3756.679 3757.181 3758.455 3759.728 3761.002 3762.275 3763.562 3764.85 3766.139 3767.428 3768.892 3770.757 3772.621 3774.485 3776.35 3777.528 3778.498 3779.468 3780.439 3781.436 3782.523 3783.61 3784.698 3785.785 3786.805 3787.797 3788.789 3789.781 3790.837 3792.236 3793.633 3795.031 3796.429 3798.346 3800.577 3802.808 3805.039 3807.346 3810.455 3813.564 3816.673 3819.782 3824.534 3830.626 3836.719 3842.811 3848.894 3854.323 3859.752 3865.181 3870.611
3768.89 3767.287 3765.684 3764.081 3762.691 3761.562 3760.432 3759.302 3758.172 3758.167 3758.268 3758.369 3758.47 3759.045 3760.405 3761.764 3763.124 3764.483 3765.806 3767.122 3768.438 3769.753 3771.251 3773.164 3775.077 3776.99 3778.902 3780.145 3781.185 3782.226 3783.266 3784.301 3785.318 3786.335 3787.353 3788.37 3789.414 3790.47 3791.527 3792.583 3793.75 3795.498 3797.246 3798.993 3800.741 3802.981 3805.519 3808.057 3810.594 3813.223 3816.805 3820.388 3823.971 3827.553 3832.631 3838.928 3845.225 3851.521 3857.802 3862.956 3868.111 3873.266 3878.421
3769.519 3768.035 3766.55 3765.066 3763.79 3762.768 3761.745 3760.723 3759.701 3759.764 3759.929 3760.095 3760.261 3760.909 3762.354 3763.8 3765.246 3766.691 3768.051 3769.393 3770.736 3772.079 3773.609 3775.571 3777.532 3779.494 3781.455 3782.762 3783.873 3784.983 3786.094 3787.166 3788.113 3789.06 3790.008 3790.955 3792.023 3793.144 3794.265 3795.386 3796.662 3798.76 3800.858 3802.956 3805.053 3807.616 3810.461 3813.305 3816.15 3819.099 3823.156 3827.212 3831.269 3835.325 3840.728 3847.229 3853.73 3860.232 3866.71 3871.59 3876.47 3881.351 3886.231
3770.148 3768.783 3767.417 3766.051 3764.888 3763.973 3763.059 3762.145 3761.23 3761.361 3761.591 3761.822 3762.052 3762.772 3764.304 3765.836 3767.368 3768.9 3770.295 3771.665 3773.034 3774.404 3775.968 3777.978 3779.988 3781.998 3784.007 3785.38 3786.56 3787.74 3788.921 3790.031 3790.908 3791.785 3792.663 3793.54 3794.631 3795.817 3797.002 3798.188 3799.575 3802.022 3804.47 3806.918 3809.365 3812.251 3815.403 3818.554 3821.705 3824.976 3829.506 3834.036 3838.566 3843.096 3848.825 3855.531 3862.236 3868.942 3875.618 3880.223 3884.829 3889.435 3894.041
3770.785 3769.535 3768.286 3767.036 3765.986 3765.178 3764.371 3763.564 3762.757 3762.957 3763.253 3763.549 3763.845 3764.639 3766.256 3767.873 3769.489 3771.106 3772.538 3773.934 3775.331 3776.727 3778.324 3780.382 3782.44 3784.497 3786.555 3787.992 3789.242 3790.492 3791.742 3792.89 3793.7 3794.511 3795.321 3796.132 3797.25 3798.503 3799.757 3801.01 3802.51 3805.308 3808.106 3810.904 3813.701 3816.911 3820.368 3823.826 3827.284 3830.875 3835.871 3840.868 3845.864 3850.86 3856.905 3863.805 3870.705 3877.604 3884.467 3888.798 3893.128 3897.459 3901.79
3771.867 3770.602 3769.336 3768.071 3767.047 3766.321 3765.594 3764.868 3764.142 3764.482 3764.923 3765.364 3765.806 3766.694 3768.322 3769.949 3771.577 3773.204 3774.656 3776.073 3777.491 3778.909 3780.522 3782.58 3784.637 3786.695 3788.752 3790.231 3791.535 3792.838 3794.142 3795.365 3796.321 3797.277 3798.232 3799.188 3800.549 3802.088 3803.627 3805.165 3806.966 3810.146 3813.326 3816.506 3819.686 3823.217 3826.96 3830.703 3834.446 3838.294 3843.253 3848.212 3853.17 3858.129 3863.866 3870.238 3876.611 3882.983 3889.321 3893.334 3897.347 3901.361 3905.374
3772.95 3771.668 3770.387 3769.105 3768.109 3767.463 3766.818 3766.172 3765.526 3766.006 3766.593 3767.179 3767.766 3768.749 3770.387 3772.026 3773.664 3775.302 3776.773 3778.213 3779.653 3781.092 3782.719 3784.777 3786.835 3788.892 3790.95 3792.469 3793.827 3795.185 3796.543 3797.841 3798.942 3800.043 3801.144 3802.245 3803.849 3805.673 3807.497 3809.321 3811.421 3814.984 3818.546 3822.108 3825.67 3829.523 3833.551 3837.58 3841.608 3845.714 3850.635 3855.556 3860.477 3865.397 3870.827 3876.672 3882.517 3888.362 3894.175 3897.871 3901.567 3905.262 3908.958
