data/zism_data/01160_02_D.txt
ncols         224
nrows         224
[rows 28 to 55 of 224, columns 0 to 62 of 224]
920.1288 915.638 915.9338 916.2296 916.5255 918.4568 929.9552 941.4536 952.952 964.4504 981.3055 1002.093 1022.881 1043.669 1064.457 1085.205 1105.955 1126.704 1147.452 1166.16 1182.248 1198.336 1214.424 1230.512 1246.561 1262.604 1278.647 1294.691 1311.154 1328.599 1346.045 1363.49 1380.936 1388.838 1393.209 1397.58 1401.951 1403.876 1393.012 1382.148 1371.284 1360.42 1344.59 1325.327 1306.063 1286.8 1267.444 1243.969 1220.494 1197.019 1173.544 1153.698 1138.244 1122.79 1107.336 1091.882 1079.644 1067.832 1056.019 1044.207 1032.317 1020.257 1008.197
923.0588 918.7505 919.2333 919.7161 920.199 922.301 933.8743 945.4474 957.0207 968.5939 985.3544 1005.923 1026.492 1047.061 1067.624 1087.384 1107.145 1126.905 1146.665 1164.3 1179.207 1194.114 1209.021 1223.929 1240.18 1256.634 1273.089 1289.544 1306.727 1325.615 1344.503 1363.391 1382.28 1391.078 1396.144 1401.21 1406.276 1408.763 1397.771 1386.778 1375.786 1364.794 1349.136 1330.252 1311.368 1292.484 1273.523 1251.111 1228.699 1206.287 1183.876 1164.496 1148.785 1133.075 1117.364 1101.654 1089.523 1077.865 1066.208 1054.55 1042.582 1029.934 1017.286
925.989 921.8631 922.533 923.2028 923.8727 926.1454 937.7934 949.4415 961.0895 972.7375 989.4034 1009.753 1030.103 1050.453 1070.791 1089.562 1108.335 1127.106 1145.878 1162.44 1176.166 1189.892 1203.619 1217.345 1233.798 1250.664 1267.53 1284.397 1302.3 1322.631 1342.962 1363.293 1383.624 1393.319 1399.079 1404.84 1410.6 1413.65 1402.529 1391.409 1380.288 1369.168 1353.682 1335.177 1316.673 1298.168 1279.602 1258.253 1236.905 1215.556 1194.208 1175.294 1159.327 1143.36 1127.393 1111.426 1099.402 1087.899 1076.396 1064.894 1052.847 1039.612 1026.376
930.7468 926.9546 927.8115 928.6684 929.5253 931.9835 943.8082 955.633 967.4578 979.2826 996.2662 1017.037 1037.809 1058.58 1079.331 1097.362 1115.393 1133.424 1151.454 1167.234 1180.125 1193.016 1205.907 1218.799 1235.313 1252.376 1269.438 1286.502 1304.575 1325.012 1345.45 1365.888 1386.326 1396.43 1402.71 1408.99 1415.271 1418.874 1408.48 1398.087 1387.693 1377.3 1362.592 1344.9 1327.208 1309.516 1291.761 1271.214 1250.667 1230.12 1209.572 1190.703 1173.864 1157.026 1140.187 1123.348 1110.408 1097.983 1085.557 1073.132 1060.238 1046.317 1032.395
936.3602 932.9726 934.0165 935.0605 936.1044 938.7551 950.8043 962.8535 974.9027 986.9519 1004.447 1025.939 1047.432 1068.924 1090.387 1107.793 1125.199 1142.604 1160.01 1175.143 1187.361 1199.579 1211.797 1224.014 1240.524 1257.683 1274.842 1292.001 1309.986 1329.906 1349.825 1369.745 1389.664 1399.948 1406.667 1413.385 1420.103 1424.255 1414.989 1405.723 1396.458 1387.192 1373.544 1356.867 1340.191 1323.514 1306.767 1286.899 1267.03 1247.162 1227.293 1208.27 1190.272 1172.274 1154.276 1136.278 1121.942 1108.09 1094.238 1080.386 1066.283 1051.63 1036.976
941.9735 938.9904 940.2214 941.4523 942.6833 945.5265 957.8002 970.0738 982.3474 994.621 1012.627 1034.841 1057.055 1079.269 1101.443 1118.223 1135.004 1151.784 1168.564 1183.052 1194.596 1206.141 1217.685 1229.23 1245.734 1262.99 1280.245 1297.5 1315.398 1334.799 1354.2 1373.601 1393.003 1403.466 1410.623 1417.779 1424.936 1429.637 1421.498 1413.36 1405.221 1397.083 1384.496 1368.835 1353.173 1337.512 1321.773 1302.583 1283.393 1264.203 1245.013 1225.837 1206.68 1187.522 1168.364 1149.207 1133.475 1118.197 1102.918 1087.64 1072.328 1056.943 1041.557
947.5868 945.0082 946.4262 947.8442 949.2623 952.2979 964.796 977.294 989.7921 1002.29 1020.807 1043.742 1066.677 1089.613 1112.499 1128.654 1144.809 1160.964 1177.119 1190.96 1201.832 1212.703 1223.574 1234.445 1250.945 1268.296 1285.648 1302.999 1320.809 1339.692 1358.575 1377.458 1396.341 1406.984 1414.579 1422.174 1429.769 1435.018 1428.007 1420.996 1413.985 1406.974 1395.449 1380.802 1366.156 1351.51 1336.779 1318.268 1299.756 1281.245 1262.734 1243.404 1223.087 1202.77 1182.453 1162.136 1145.009 1128.304 1111.599 1094.893 1078.373 1062.255 1046.137
953.0313 950.8013 952.3366 953.8719 955.4073 958.563 971.197 983.8309 996.4649 1009.099 1028.026 1051.573 1075.12 1098.668 1122.157 1137.802 1153.448 1169.092 1184.737 1198.108 1208.559 1219.011 1229.463 1239.914 1256.486 1273.984 1291.481 1308.98 1326.738 1345.105 1363.473 1381.84 1400.207 1410.993 1418.973 1426.953 1434.932 1440.667 1434.663 1428.659 1422.655 1416.651 1406.03 1392.219 1378.407 1364.596 1350.694 1332.765 1314.836 1296.907 1278.979 1259.537 1238.268 1216.999 1195.73 1174.461 1156.12 1138.165 1120.21 1102.255 1084.664 1067.869 1051.074
957.3492 955.0944 956.2824 957.4704 958.6584 961.4512 973.6309 985.8107 997.9905 1010.17 1028.837 1052.267 1075.697 1099.126 1122.501 1138.402 1154.304 1170.206 1186.107 1200.179 1211.902 1223.625 1235.349 1247.072 1264.229 1282.207 1300.186 1318.165 1336.111 1353.982 1371.852 1389.723 1407.593 1418.268 1426.28 1434.292 1442.304 1448.098 1442.297 1436.496 1430.695 1424.894 1414.139 1399.958 1385.778 1371.598 1357.334 1339.347 1321.359 1303.371 1285.384 1266.106 1245.27 1224.434 1203.598 1182.761 1164.409 1146.384 1128.36 1110.336 1092.599 1075.488 1058.377
961.6673 959.3876 960.2283 961.069 961.9096 964.3395 976.065 987.7905 999.5161 1011.242 1029.648 1052.961 1076.273 1099.585 1122.845 1139.003 1155.161 1171.319 1187.477 1202.25 1215.245 1228.24 1241.235 1254.23 1271.972 1290.431 1308.891 1327.351 1345.485 1362.859 1380.233 1397.606 1414.98 1425.543 1433.587 1441.631 1449.676 1455.529 1449.931 1444.333 1438.735 1433.137 1422.247 1407.698 1393.149 1378.6 1363.975 1345.928 1327.882 1309.835 1291.789 1272.675 1252.272 1231.868 1211.465 1191.062 1172.698 1154.604 1136.511 1118.417 1100.533 1083.107 1065.681
965.9852 963.6807 964.1741 964.6674 965.1607 967.2276 978.499 989.7703 1001.042 1012.313 1030.46 1053.654 1076.849 1100.043 1123.188 1139.603 1156.018 1172.432 1188.846 1204.32 1218.587 1232.854 1247.121 1261.388 1279.715 1298.655 1317.595 1336.536 1354.859 1371.736 1388.612 1405.489 1422.366 1432.818 1440.895 1448.971 1457.047 1462.96 1457.565 1452.17 1446.775 1441.38 1430.355 1415.438 1400.52 1385.602 1370.615 1352.51 1334.404 1316.299 1298.194 1279.244 1259.273 1239.303 1219.332 1199.362 1180.987 1162.824 1144.661 1126.498 1108.467 1090.726 1072.985
970.3033 967.974 968.12 968.2659 968.4119 970.1159 980.933 991.7501 1002.567 1013.384 1031.271 1054.348 1077.425 1100.502 1123.532 1140.203 1156.875 1173.545 1190.216 1206.391 1221.93 1237.469 1253.008 1268.547 1287.458 1306.879 1326.3 1345.722 1364.233 1380.613 1396.993 1413.372 1429.752 1440.094 1448.202 1456.31 1464.418 1470.391 1465.199 1460.007 1454.816 1449.624 1438.464 1423.177 1407.891 1392.605 1377.255 1359.091 1340.927 1322.763 1304.599 1285.813 1266.275 1246.737 1227.2 1207.662 1189.277 1171.044 1152.812 1134.579 1116.402 1098.345 1080.289
974.1163 971.6868 971.5845 971.4823 971.3801 972.7537 982.7604 992.7672 1002.774 1012.781 1029.901 1052.244 1074.587 1096.93 1119.233 1136.105 1152.977 1169.848 1186.72 1203.35 1219.672 1235.993 1252.314 1268.635 1288.268 1308.403 1328.537 1348.673 1367.783 1384.496 1401.209 1417.922 1434.635 1445.128 1453.321 1461.514 1469.707 1475.784 1470.798 1465.813 1460.827 1455.841 1444.502 1428.769 1413.037 1397.304 1381.519 1363.361 1345.203 1327.046 1308.888 1290.222 1270.944 1251.665 1232.387 1213.109 1195.1 1177.26 1159.419 1141.578 1123.892 1106.543 1089.193
977.5635 974.9788 974.7003 974.4217 974.1431 975.2102 984.1482 993.0862 1002.024 1010.962 1026.949 1048.111 1069.273 1090.436 1111.568 1128.599 1145.632 1162.664 1179.696 1196.603 1213.352 1230.1 1246.849 1263.598 1284.053 1305.069 1326.085 1347.102 1367.111 1384.759 1402.406 1420.054 1437.703 1448.539 1456.854 1465.17 1473.486 1479.699 1474.922 1470.145 1465.368 1460.59 1449.039 1432.804 1416.569 1400.335 1384.059 1365.955 1347.851 1329.746 1311.642 1293.066 1273.921 1254.776 1235.632 1216.487 1199.136 1182.022 1164.908 1147.794 1131.061 1115.16 1099.258
981.0106 978.2708 977.8159 977.361 976.9061 977.6666 985.5359 993.4053 1001.275 1009.144 1023.998 1043.979 1063.96 1083.941 1103.902 1121.094 1138.287 1155.479 1172.672 1189.857 1207.033 1224.209 1241.385 1258.561 1279.838 1301.736 1323.634 1345.532 1366.438 1385.021 1403.604 1422.187 1440.77 1451.949 1460.387 1468.826 1477.265 1483.615 1479.046 1474.477 1469.908 1465.339 1453.576 1436.839 1420.102 1403.365 1386.599 1368.549 1350.498 1332.447 1314.396 1295.91 1276.899 1257.887 1238.876 1219.865 1203.171 1186.784 1170.397 1154.01 1138.229 1123.776 1109.323
984.4576 981.5628 980.9316 980.3004 979.6691 980.1229 986.9236 993.7244 1000.525 1007.326 1021.046 1039.846 1058.647 1077.447 1096.237 1113.589 1130.943 1148.295 1165.648 1183.11 1200.713 1218.317 1235.92 1253.524 1275.623 1298.402 1321.182 1343.962 1365.766 1385.284 1404.802 1424.32 1443.838 1455.359 1463.92 1472.482 1481.044 1487.53 1483.17 1478.809 1474.449 1470.088 1458.113 1440.874 1423.635 1406.396 1389.14 1371.142 1353.145 1335.148 1317.15 1298.754 1279.876 1260.998 1242.121 1223.243 1207.207 1191.546 1175.886 1160.225 1145.398 1132.393 1119.388
987.9328 984.8616 984.0425 983.2235 982.4044 982.543 988.2833 994.0235 999.7637 1005.504 1018.095 1035.716 1053.336 1070.957 1088.577 1106.084 1123.591 1141.098 1158.605 1176.332 1194.341 1212.351 1230.361 1248.37 1271.257 1294.881 1318.505 1342.13 1364.808 1385.271 1405.733 1426.196 1446.658 1458.533 1467.23 1475.927 1484.625 1491.258 1487.099 1482.939 1478.78 1474.621 1462.463 1444.774 1427.086 1409.397 1391.703 1373.78 1355.856 1337.932 1320.008 1301.703 1282.939 1264.176 1245.412 1226.648 1211.243 1196.283 1181.323 1166.362 1152.469 1140.908 1129.347
992.3489 988.3835 986.9927 985.6019 984.2111 983.7468 988.7015 993.6563 998.6111 1003.566 1015.168 1031.651 1048.133 1064.616 1081.106 1098.564 1116.024 1133.482 1150.941 1168.508 1186.213 1203.918 1221.623 1239.328 1261.836 1285.07 1308.304 1331.539 1354.318 1376.031 1397.743 1419.456 1441.169 1453.795 1463.058 1472.322 1481.586 1488.688 1484.492 1480.295 1476.098 1471.902 1460.512 1444.148 1427.785 1411.421 1395.04 1377.864 1360.689 1343.513 1326.337 1308.193 1288.879 1269.564 1250.25 1230.936 1215.302 1200.155 1185.007 1169.86 1156.251 1146.004 1135.758
996.7651 991.9055 989.9429 987.9804 986.0178 984.9505 989.1198 993.2891 997.4584 1001.628 1012.241 1027.585 1042.93 1058.274 1073.634 1091.045 1108.456 1125.866 1143.277 1160.683 1178.084 1195.484 1212.885 1230.285 1252.414 1275.258 1298.102 1320.947 1343.827 1366.79 1389.753 1412.716 1435.679 1449.056 1458.886 1468.717 1478.547 1486.119 1481.885 1477.65 1473.417 1469.182 1458.561 1443.522 1428.484 1413.446 1398.377 1381.949 1365.522 1349.094 1332.666 1314.683 1294.818 1274.953 1255.089 1235.224 1219.361 1204.026 1188.692 1173.358 1160.033 1151.101 1142.169
1001.181 995.4274 992.8931 990.3588 987.8245 986.1542 989.5381 992.9219 996.3057 999.6895 1009.314 1023.52 1037.727 1051.933 1066.162 1083.525 1100.888 1118.251 1135.613 1152.859 1169.955 1187.051 1204.147 1221.243 1242.993 1265.447 1287.901 1310.356 1333.336 1357.55 1381.763 1405.977 1430.19 1444.318 1454.715 1465.111 1475.508 1483.549 1479.278 1475.006 1470.735 1466.463 1456.609 1442.896 1429.183 1415.47 1401.714 1386.034 1370.355 1354.675 1338.995 1321.172 1300.757 1280.342 1259.927 1239.512 1223.419 1207.898 1192.377 1176.855 1163.815 1156.197 1148.579
1005.598 998.9494 995.8433 992.7373 989.6312 987.358 989.9563 992.5546 995.153 997.7513 1006.387 1019.455 1032.523 1045.592 1058.691 1076.005 1093.32 1110.635 1127.949 1145.035 1161.826 1178.617 1195.408 1212.2 1233.571 1255.635 1277.699 1299.764 1322.845 1348.309 1373.773 1399.237 1424.701 1439.58 1450.543 1461.506 1472.469 1480.979 1476.67 1472.362 1468.053 1463.744 1454.658 1442.27 1429.882 1417.495 1405.051 1390.119 1375.188 1360.256 1345.325 1327.662 1306.697 1285.731 1264.766 1243.801 1227.478 1211.77 1196.061 1180.353 1167.597 1161.294 1154.99
1009.612 1002.461 998.9311 995.4016 991.8719 989.241 991.8665 994.4921 997.1176 999.7431 1007.983 1020.345 1032.707 1045.069 1057.464 1074.321 1091.179 1108.037 1124.894 1141.693 1158.418 1175.142 1191.867 1208.591 1229.539 1251.126 1272.713 1294.301 1317.193 1343.137 1369.082 1395.027 1420.972 1436.292 1447.681 1459.07 1470.458 1479.379 1475.398 1471.417 1467.437 1463.456 1455.191 1443.965 1432.739 1421.512 1410.194 1394.781 1379.369 1363.956 1348.543 1330.681 1309.855 1289.029 1268.203 1247.378 1231.207 1215.651 1200.096 1184.54 1172.24 1167.057 1161.875
1013.188 1005.96 1002.169 998.3776 994.5861 991.8651 995.4044 998.9437 1002.483 1006.022 1014.514 1026.64 1038.767 1050.894 1063.049 1079.003 1094.958 1110.912 1126.867 1143.243 1160.159 1177.076 1193.993 1210.91 1231.386 1252.402 1273.417 1294.433 1316.817 1342.404 1367.99 1393.577 1419.164 1434.586 1446.248 1457.909 1469.57 1478.837 1475.583 1472.328 1469.074 1465.82 1458.434 1448.191 1437.948 1427.705 1417.309 1400.074 1382.839 1365.604 1348.369 1329.912 1309.979 1290.046 1270.112 1250.179 1234.575 1219.543 1204.511 1189.479 1177.824 1173.55 1169.275
1016.764 1009.46 1005.407 1001.354 997.3003 994.489 998.9421 1003.395 1007.848 1012.301 1021.044 1032.936 1044.827 1056.719 1068.634 1083.685 1098.737 1113.788 1128.839 1144.792 1161.901 1179.01 1196.119 1213.228 1233.234 1253.677 1274.121 1294.565 1316.441 1341.67 1366.899 1392.127 1417.356 1432.881 1444.815 1456.748 1468.682 1478.294 1475.767 1473.239 1470.712 1468.185 1461.677 1452.417 1443.157 1433.897 1424.423 1405.366 1386.309 1367.252 1348.195 1329.144 1310.103 1291.062 1272.021 1252.98 1237.943 1223.435 1208.927 1194.418 1183.407 1180.042 1176.676
1020.34 1012.96 1008.645 1004.33 1000.014 997.113 1002.48 1007.847 1013.214 1018.58 1027.574 1039.231 1050.887 1062.544 1074.219 1088.367 1102.516 1116.664 1130.812 1146.341 1163.643 1180.944 1198.246 1215.547 1235.081 1254.953 1274.825 1294.697 1316.065 1340.936 1365.807 1390.678 1415.548 1431.175 1443.381 1455.588 1467.794 1477.751 1475.951 1474.15 1472.35 1470.549 1464.919 1456.643 1448.366 1440.089 1431.537 1410.658 1389.779 1368.899 1348.02 1328.376 1310.228 1292.079 1273.93 1255.781 1241.311 1227.326 1213.342 1199.358 1188.991 1186.533 1184.076
1023.916 1016.46 1011.883 1007.306 1002.729 999.7371 1006.018 1012.298 1018.579 1024.859 1034.105 1045.526 1056.948 1068.369 1079.804 1093.049 1106.294 1119.54 1132.785 1147.891 1165.384 1182.878 1200.372 1217.866 1236.929 1256.229 1275.529 1294.829 1315.689 1340.202 1364.715 1389.228 1413.74 1429.469 1441.948 1454.427 1466.906 1477.209 1476.135 1475.061 1473.987 1472.913 1468.162 1460.869 1453.575 1446.282 1438.651 1415.95 1393.249 1370.547 1347.846 1327.608 1310.352 1293.095 1275.839 1258.583 1244.679 1231.218 1217.757 1204.297 1194.575 1193.026 1191.477
1026.634 1020.052 1016.229 1012.406 1008.583 1006.46 1014.279 1022.098 1029.917 1037.735 1047.739 1059.347 1070.954 1082.562 1094.175 1106.527 1118.88 1131.231 1143.583 1158.031 1175.167 1192.303 1209.439 1226.575 1245.193 1264.035 1282.878 1301.721 1321.782 1344.698 1367.614 1390.529 1413.445 1429.068 1441.993 1454.918 1467.843 1478.624 1478.197 1477.771 1477.344 1476.918 1472.183 1464.47 1456.758 1449.045 1440.975 1416.967 1392.959 1368.951 1344.943 1324.307 1307.749 1291.192 1274.635 1258.078 1244.854 1232.07 1219.287 1206.503 1197.52 1196.845 1196.169
1029.286 1023.651 1020.662 1017.673 1014.684 1013.504 1022.91 1032.316 1041.722 1051.127 1061.929 1073.756 1085.583 1097.409 1109.233 1120.693 1132.153 1143.613 1155.072 1168.842 1185.578 1202.313 1219.048 1235.784 1253.959 1272.353 1290.746 1309.14 1328.38 1349.602 1370.824 1392.046 1413.268 1428.769 1442.153 1455.538 1468.922 1480.192 1480.406 1480.621 1480.836 1481.051 1476.265 1468.024 1459.782 1451.54 1442.925 1417.651 1392.376 1367.102 1341.828 1320.807 1304.934 1289.061 1273.188 1257.314 1244.779 1232.685 1220.59 1208.496 1200.259 1200.455 1200.651
