data/zism_data/01164_01_D.txt
ncols         224
nrows         224
[rows 196 to 223 of 224, columns 63 to 125 of 224]
3940.518 3931.834 3923.151 3914.468 3905.784 3902.642 3901.172 3899.702 3898.232 3897.54 3899.422 3901.305 3903.188 3905.07 3908.816 3913.377 3917.938 3922.499 3927.136 3932.179 3937.221 3942.264 3947.306 3949.389 3949.683 3949.977 3950.271 3950.196 3946.251 3942.306 3938.361 3934.416 3929.836 3924.737 3919.639 3914.541 3909.485 3907.275 3905.066 3902.856 3900.647 3899.377 3899.131 3898.885 3898.639 3898.394 3898.422 3898.468 3898.513 3898.559 3898.623 3898.714 3898.806 3898.897 3898.988 3900.672 3902.595 3904.518 3906.441 3909.581 3915.153 3920.725 3926.297
3936.206 3928.282 3920.357 3912.433 3904.509 3901.902 3900.901 3899.9 3898.898 3898.707 3901.198 3903.689 3906.18 3908.671 3912.89 3917.866 3922.841 3927.817 3932.825 3938.008 3943.19 3948.373 3953.555 3955.691 3955.985 3956.279 3956.573 3956.477 3952.289 3948.102 3943.915 3939.727 3934.771 3929.188 3923.606 3918.023 3912.481 3909.701 3906.92 3904.14 3901.36 3899.771 3899.482 3899.194 3898.905 3898.616 3898.627 3898.656 3898.686 3898.715 3898.757 3898.815 3898.875 3898.933 3898.992 3900.962 3903.219 3905.476 3907.733 3911.296 3917.471 3923.646 3929.822
3931.894 3924.729 3917.564 3910.399 3903.234 3901.163 3900.63 3900.097 3899.564 3899.874 3902.973 3906.073 3909.172 3912.272 3916.965 3922.355 3927.745 3933.135 3938.514 3943.836 3949.159 3954.481 3959.804 3961.993 3962.286 3962.58 3962.874 3962.757 3958.328 3953.898 3949.468 3945.039 3939.707 3933.64 3927.572 3921.505 3915.477 3912.126 3908.775 3905.424 3902.073 3900.166 3899.834 3899.502 3899.17 3898.838 3898.832 3898.845 3898.858 3898.871 3898.89 3898.917 3898.943 3898.97 3898.997 3901.253 3903.844 3906.434 3909.025 3913.011 3919.79 3926.568 3933.346
3928.246 3921.729 3915.212 3908.695 3902.178 3900.606 3900.528 3900.449 3900.37 3901.177 3904.913 3908.649 3912.386 3916.122 3921.286 3927.075 3932.863 3938.652 3944.377 3949.773 3955.169 3960.565 3965.961 3968.174 3968.461 3968.748 3969.036 3968.898 3964.302 3959.706 3955.11 3950.514 3944.85 3938.314 3931.778 3925.242 3918.744 3914.805 3910.866 3906.927 3902.989 3900.73 3900.303 3899.877 3899.451 3899.025 3899.0 3899.0 3899.0 3899.0 3899.0 3899.0 3899.0 3899.0 3899.0 3901.494 3904.363 3907.231 3910.1 3914.45 3921.762 3929.073 3936.385
3927.699 3921.311 3914.924 3908.536 3902.148 3900.904 3901.213 3901.522 3901.831 3903.114 3907.62 3912.126 3916.633 3921.139 3926.762 3932.874 3938.986 3945.097 3951.057 3956.216 3961.375 3966.534 3971.693 3973.793 3974.042 3974.292 3974.542 3974.386 3969.979 3965.571 3961.163 3956.756 3950.959 3944.031 3937.102 3930.173 3923.277 3918.671 3914.064 3909.458 3904.851 3902.084 3901.324 3900.564 3899.804 3899.044 3899.0 3899.0 3899.0 3899.0 3899.0 3899.0 3899.0 3899.0 3899.0 3901.509 3904.393 3907.278 3910.163 3914.593 3922.115 3929.637 3937.159
3927.152 3920.894 3914.635 3908.376 3902.118 3901.202 3901.899 3902.595 3903.292 3905.051 3910.327 3915.604 3920.88 3926.156 3932.239 3938.673 3945.108 3951.542 3957.736 3962.658 3967.58 3972.502 3977.425 3979.411 3979.623 3979.835 3980.047 3979.874 3975.655 3971.435 3967.216 3962.997 3957.069 3949.747 3942.425 3935.103 3927.811 3922.537 3917.262 3911.988 3906.714 3903.439 3902.345 3901.251 3900.157 3899.063 3899.0 3899.0 3899.0 3899.0 3899.0 3899.0 3899.0 3899.0 3899.0 3901.522 3904.423 3907.324 3910.225 3914.736 3922.468 3930.2 3937.932
3926.605 3920.476 3914.347 3908.217 3902.088 3901.5 3902.584 3903.668 3904.753 3906.988 3913.034 3919.081 3925.127 3931.174 3937.715 3944.472 3951.23 3957.988 3964.415 3969.1 3973.786 3978.471 3983.156 3985.03 3985.204 3985.378 3985.553 3985.361 3981.331 3977.3 3973.269 3969.239 3963.179 3955.464 3947.749 3940.034 3932.344 3926.402 3920.46 3914.519 3908.577 3904.794 3903.366 3901.938 3900.51 3899.083 3899.0 3899.0 3899.0 3899.0 3899.0 3899.0 3899.0 3899.0 3899.0 3901.537 3904.454 3907.371 3910.288 3914.88 3922.822 3930.763 3938.705
3926.058 3920.058 3914.058 3908.058 3902.058 3901.798 3903.27 3904.742 3906.214 3908.925 3915.741 3922.558 3929.374 3936.191 3943.191 3950.272 3957.353 3964.433 3971.094 3975.542 3979.991 3984.439 3988.888 3990.649 3990.785 3990.922 3991.058 3990.849 3987.007 3983.164 3979.322 3975.48 3969.288 3961.18 3953.072 3944.964 3936.878 3930.268 3923.658 3917.049 3910.439 3906.148 3904.387 3902.625 3900.864 3899.102 3899.0 3899.0 3899.0 3899.0 3899.0 3899.0 3899.0 3899.0 3899.0 3901.551 3904.484 3907.417 3910.35 3915.023 3923.175 3931.327 3939.479
3928.687 3922.475 3916.263 3910.051 3903.839 3903.814 3905.657 3907.5 3909.343 3912.433 3919.654 3926.876 3934.097 3941.319 3948.493 3955.647 3962.801 3969.955 3976.621 3980.718 3984.814 3988.911 3993.008 3994.607 3994.695 3994.784 3994.873 3994.639 3991.022 3987.406 3983.789 3980.173 3974.063 3965.92 3957.777 3949.634 3941.506 3934.394 3927.282 3920.17 3913.058 3908.286 3906.066 3903.845 3901.625 3899.405 3899.219 3899.158 3899.097 3899.036 3899.0 3899.0 3899.0 3899.0 3899.0 3901.556 3904.495 3907.434 3910.374 3915.08 3923.32 3931.56 3939.801
3933.201 3926.575 3919.948 3913.321 3906.695 3906.851 3909.054 3911.258 3913.462 3916.873 3924.283 3931.693 3939.103 3946.513 3953.692 3960.771 3967.849 3974.928 3981.464 3985.14 3988.817 3992.494 3996.17 3997.577 3997.612 3997.647 3997.682 3997.421 3994.052 3990.683 3987.314 3983.945 3978.045 3970.079 3962.114 3954.148 3946.189 3938.674 3931.158 3923.643 3916.127 3910.889 3908.135 3905.382 3902.628 3899.875 3899.567 3899.409 3899.251 3899.094 3899.0 3899.0 3899.0 3899.0 3899.0 3901.556 3904.495 3907.434 3910.374 3915.085 3923.342 3931.598 3939.854
3937.716 3930.675 3923.633 3916.592 3909.551 3909.888 3912.452 3915.017 3917.581 3921.313 3928.912 3936.51 3944.109 3951.707 3958.891 3965.895 3972.897 3979.901 3986.306 3989.563 3992.82 3996.076 3999.333 4000.548 4000.529 4000.51 4000.491 4000.202 3997.081 3993.96 3990.838 3987.717 3982.026 3974.238 3966.45 3958.663 3950.873 3942.954 3935.034 3927.115 3919.195 3913.491 3910.205 3906.919 3903.632 3900.346 3899.915 3899.661 3899.406 3899.151 3899.0 3899.0 3899.0 3899.0 3899.0 3901.556 3904.495 3907.434 3910.374 3915.091 3923.363 3931.636 3939.908
3942.23 3934.774 3927.319 3919.863 3912.407 3912.925 3915.85 3918.775 3921.701 3925.753 3933.54 3941.327 3949.114 3956.901 3964.09 3971.018 3977.946 3984.874 3991.149 3993.986 3996.822 3999.659 4002.495 4003.519 4003.446 4003.373 4003.3 4002.984 4000.11 3997.237 3994.363 3991.49 3986.007 3978.397 3970.787 3963.177 3955.557 3947.234 3938.91 3930.587 3922.264 3916.094 3912.275 3908.455 3904.636 3900.816 3900.264 3899.912 3899.561 3899.209 3899.0 3899.0 3899.0 3899.0 3899.0 3901.556 3904.495 3907.434 3910.374 3915.096 3923.385 3931.673 3939.962
3946.558 3938.764 3930.97 3923.176 3915.381 3916.09 3919.365 3922.64 3925.915 3930.272 3938.216 3946.16 3954.104 3962.048 3969.207 3976.023 3982.839 3989.655 3995.773 3998.208 4000.643 4003.078 4005.513 4006.355 4006.233 4006.112 4005.99 4005.65 4003.015 4000.38 3997.744 3995.109 3989.838 3982.416 3974.994 3967.573 3960.132 3951.428 3942.724 3934.02 3925.316 3918.695 3914.346 3909.997 3905.647 3901.298 3900.621 3900.17 3899.719 3899.268 3899.0 3899.0 3899.0 3899.0 3899.0 3901.556 3904.495 3907.434 3910.374 3915.101 3923.405 3931.708 3940.012
3948.682 3941.448 3934.214 3926.98 3919.746 3920.753 3924.249 3927.745 3931.241 3935.718 3943.447 3951.175 3958.903 3966.632 3973.351 3979.629 3985.906 3992.184 3997.82 4000.072 4002.324 4004.576 4006.828 4007.607 4007.497 4007.386 4007.275 4006.956 4004.45 4001.944 3999.438 3996.932 3991.891 3984.781 3977.672 3970.562 3963.428 3954.616 3945.805 3936.993 3928.181 3921.27 3916.43 3911.591 3906.752 3901.913 3901.085 3900.505 3899.925 3899.345 3899.0 3899.0 3899.0 3899.0 3899.0 3901.556 3904.495 3907.434 3910.374 3915.101 3923.405 3931.708 3940.012
3950.807 3944.133 3937.458 3930.784 3924.11 3925.417 3929.134 3932.85 3936.567 3941.164 3948.677 3956.19 3963.703 3971.216 3977.495 3983.234 3988.973 3994.713 3999.867 4001.936 4004.005 4006.073 4008.143 4008.86 4008.76 4008.66 4008.56 4008.261 4005.885 4003.508 4001.131 3998.755 3993.943 3987.146 3980.349 3973.552 3966.724 3957.804 3948.885 3939.966 3931.046 3923.844 3918.515 3913.186 3907.856 3902.527 3901.55 3900.841 3900.131 3899.422 3899.0 3899.0 3899.0 3899.0 3899.0 3901.556 3904.495 3907.434 3910.374 3915.101 3923.405 3931.708 3940.012
3952.931 3946.817 3940.703 3934.589 3928.474 3930.081 3934.018 3937.956 3941.893 3946.609 3953.907 3961.205 3968.502 3975.8 3981.639 3986.84 3992.041 3997.241 4001.914 4003.8 4005.686 4007.571 4009.457 4010.112 4010.023 4009.934 4009.844 4009.567 4007.32 4005.072 4002.825 4000.577 3995.996 3989.511 3983.026 3976.541 3970.02 3960.992 3951.966 3942.938 3933.911 3926.418 3920.599 3914.78 3908.961 3903.142 3902.014 3901.176 3900.337 3899.498 3899.0 3899.0 3899.0 3899.0 3899.0 3901.556 3904.495 3907.434 3910.374 3915.101 3923.405 3931.708 3940.012
3955.056 3949.501 3943.947 3938.393 3932.839 3934.745 3938.903 3943.061 3947.219 3952.055 3959.138 3966.22 3973.302 3980.385 3985.783 3990.446 3995.108 3999.77 4003.961 4005.664 4007.366 4009.069 4010.772 4011.365 4011.286 4011.208 4011.129 4010.873 4008.755 4006.636 4004.518 4002.4 3998.049 3991.876 3985.704 3979.531 3973.315 3964.181 3955.046 3945.911 3936.777 3928.993 3922.684 3916.375 3910.066 3903.757 3902.479 3901.511 3900.543 3899.575 3899.0 3899.0 3899.0 3899.0 3899.0 3901.556 3904.495 3907.434 3910.374 3915.101 3923.405 3931.708 3940.012
3957.517 3952.397 3947.278 3942.158 3937.038 3939.097 3943.322 3947.546 3951.771 3956.586 3963.356 3970.126 3976.896 3983.667 3988.701 3992.976 3997.251 4001.526 4005.384 4007.046 4008.708 4010.371 4012.033 4012.619 4012.554 4012.489 4012.424 4012.184 4010.106 4008.029 4005.952 4003.875 3999.714 3993.853 3987.993 3982.133 3976.225 3967.1 3957.974 3948.848 3939.723 3931.766 3925.083 3918.401 3911.719 3905.037 3903.476 3902.231 3900.985 3899.74 3899.0 3899.0 3899.0 3899.0 3899.0 3901.551 3904.484 3907.418 3910.352 3915.046 3923.261 3931.476 3939.691
3960.278 3955.481 3950.685 3945.888 3941.091 3943.171 3947.326 3951.48 3955.635 3960.304 3966.676 3973.048 3979.419 3985.791 3990.528 3994.55 3998.571 4002.593 4006.253 4008.001 4009.75 4011.498 4013.246 4013.875 4013.826 4013.777 4013.728 4013.5 4011.385 4009.27 4007.154 4005.039 4001.034 3995.486 3989.938 3984.39 3978.791 3969.779 3960.766 3951.754 3942.741 3934.715 3927.763 3920.812 3913.86 3906.909 3904.947 3903.292 3901.638 3899.983 3899.0 3899.0 3899.0 3899.0 3899.0 3901.542 3904.464 3907.387 3910.31 3914.941 3922.99 3931.038 3939.086
3963.038 3958.565 3954.091 3949.618 3945.144 3947.245 3951.33 3955.415 3959.5 3964.022 3969.995 3975.969 3981.942 3987.915 3992.354 3996.123 3999.892 4003.661 4007.121 4008.956 4010.79 4012.625 4014.459 4015.13 4015.098 4015.065 4015.032 4014.815 4012.663 4010.51 4008.357 4006.204 4002.354 3997.118 3991.882 3986.646 3981.358 3972.458 3963.559 3954.659 3945.76 3937.663 3930.443 3923.222 3916.001 3908.781 3906.418 3904.354 3902.29 3900.226 3899.0 3899.0 3899.0 3899.0 3899.0 3901.532 3904.444 3907.356 3910.268 3914.837 3922.718 3930.599 3938.481
3965.799 3961.649 3957.498 3953.348 3949.197 3951.319 3955.334 3959.349 3963.364 3967.74 3973.315 3978.89 3984.464 3990.039 3994.181 3997.697 4001.213 4004.729 4007.99 4009.911 4011.831 4013.752 4015.673 4016.386 4016.37 4016.353 4016.337 4016.131 4013.941 4011.75 4009.56 4007.369 4003.674 3998.75 3993.827 3988.903 3983.924 3975.138 3966.351 3957.565 3948.779 3940.612 3933.122 3925.632 3918.143 3910.653 3907.889 3905.416 3902.943 3900.469 3899.0 3899.0 3899.0 3899.0 3899.0 3901.523 3904.424 3907.325 3910.227 3914.732 3922.447 3930.161 3937.875
3968.56 3964.732 3960.905 3957.078 3953.25 3955.393 3959.338 3963.283 3967.228 3971.458 3976.635 3981.811 3986.987 3992.163 3996.008 3999.271 4002.533 4005.796 4008.858 4010.865 4012.872 4014.879 4016.886 4017.642 4017.642 4017.641 4017.641 4017.447 4015.219 4012.99 4010.762 4008.534 4004.994 4000.383 3995.771 3991.16 3986.49 3977.817 3969.144 3960.47 3951.797 3943.561 3935.802 3928.043 3920.284 3912.524 3909.359 3906.477 3903.595 3900.713 3899.0 3899.0 3899.0 3899.0 3899.0 3901.513 3904.404 3907.294 3910.185 3914.628 3922.175 3929.723 3937.27
3971.604 3967.931 3964.258 3960.585 3956.911 3958.696 3962.127 3965.559 3968.99 3972.777 3977.739 3982.702 3987.664 3992.627 3996.513 3999.929 4003.345 4006.761 4009.983 4012.182 4014.381 4016.579 4018.778 4019.639 4019.692 4019.744 4019.797 4019.648 4017.377 4015.105 4012.834 4010.563 4007.045 4002.508 3997.972 3993.436 3988.841 3980.286 3971.731 3963.177 3954.622 3946.45 3938.696 3930.942 3923.188 3915.434 3911.859 3908.541 3905.223 3901.905 3899.872 3899.719 3899.565 3899.412 3899.259 3901.67 3904.465 3907.26 3910.056 3914.322 3921.528 3928.734 3935.941
3974.655 3971.132 3967.61 3964.087 3960.565 3961.983 3964.892 3967.801 3970.71 3974.047 3978.8 3983.552 3988.305 3993.057 3996.992 4000.57 4004.147 4007.725 4011.113 4013.506 4015.898 4018.291 4020.683 4021.651 4021.758 4021.864 4021.971 4021.867 4019.553 4017.239 4014.924 4012.61 4009.111 4004.644 4000.178 3995.712 3991.188 3982.751 3974.315 3965.878 3957.442 3949.337 3941.594 3933.851 3926.107 3918.365 3914.379 3910.625 3906.871 3903.117 3900.761 3900.452 3900.142 3899.833 3899.524 3901.83 3904.528 3907.227 3909.925 3914.011 3920.873 3927.735 3934.597
3977.705 3974.333 3970.961 3967.59 3964.218 3965.27 3967.657 3970.044 3972.431 3975.317 3979.86 3984.402 3988.945 3993.487 3997.471 4001.21 4004.949 4008.688 4012.243 4014.83 4017.416 4020.002 4022.588 4023.663 4023.823 4023.984 4024.144 4024.086 4021.729 4019.371 4017.014 4014.657 4011.177 4006.78 4002.384 3997.988 3993.534 3985.216 3976.898 3968.58 3960.262 3952.224 3944.492 3936.76 3929.027 3921.295 3916.899 3912.709 3908.519 3904.329 3901.65 3901.185 3900.719 3900.254 3899.789 3901.99 3904.591 3907.193 3909.794 3913.701 3920.218 3926.735 3933.253
3980.755 3977.534 3974.313 3971.092 3967.871 3968.557 3970.421 3972.286 3974.151 3976.588 3980.92 3985.253 3989.585 3993.918 3997.95 4001.85 4005.751 4009.652 4013.374 4016.154 4018.934 4021.714 4024.494 4025.675 4025.889 4026.104 4026.318 4026.305 4023.905 4021.504 4019.104 4016.703 4013.242 4008.916 4004.59 4000.263 3995.881 3987.681 3979.482 3971.282 3963.083 3955.112 3947.39 3939.668 3931.947 3924.225 3919.419 3914.793 3910.167 3905.541 3902.539 3901.918 3901.296 3900.675 3900.053 3902.15 3904.655 3907.159 3909.663 3913.391 3919.563 3925.736 3931.908
3983.612 3980.565 3977.518 3974.471 3971.424 3971.808 3973.227 3974.646 3976.065 3978.102 3982.188 3986.273 3990.358 3994.443 3998.463 4002.453 4006.443 4010.433 4014.268 4017.281 4020.294 4023.308 4026.321 4027.634 4027.918 4028.203 4028.487 4028.532 4026.058 4023.584 4021.111 4018.637 4015.186 4010.936 4006.687 4002.438 3998.134 3990.181 3982.228 3974.274 3966.321 3958.521 3950.889 3943.258 3935.626 3927.994 3922.87 3917.9 3912.931 3907.961 3904.597 3903.585 3902.573 3901.561 3900.549 3902.459 3904.809 3907.159 3909.508 3913.047 3918.966 3924.885 3930.803
3986.215 3983.373 3980.53 3977.688 3974.845 3975.012 3976.086 3977.16 3978.235 3979.939 3983.728 3987.517 3991.306 3995.095 3999.021 4003.005 4006.99 4010.975 4014.85 4018.149 4021.448 4024.747 4028.046 4029.523 4029.899 4030.275 4030.651 4030.769 4028.182 4025.596 4023.009 4020.422 4016.967 4012.804 4008.641 4004.478 4000.265 3992.727 3985.188 3977.649 3970.11 3962.62 3955.182 3947.744 3940.306 3932.868 3927.547 3922.357 3917.166 3911.976 3908.197 3906.485 3904.772 3903.06 3901.348 3902.967 3905.084 3907.203 3909.321 3912.661 3918.445 3924.229 3930.012
