data/zism_data/01160_04_D.txt
ncols         224
nrows         224
[rows 112 to 139 of 224, columns 126 to 188 of 224]
915.6514 920.7839 925.9164 927.0558 927.0273 926.9989 926.9705 926.4737 924.154 921.8343 919.5146 917.1949 912.8898 907.4438 901.9977 896.5516 891.2392 887.8278 884.4164 881.005 877.5937 879.7651 887.6013 895.4376 903.2737 911.11 922.1563 933.4555 944.7546 956.0542 964.9639 969.5828 974.2017 978.8205 983.4393 983.0769 981.3769 979.6769 977.9769 974.3317 963.748 953.1639 942.5803 931.9966 917.2014 900.1349 883.0685 866.002 849.4294 838.5137 827.5981 816.6825 805.7665 799.4205 797.4479 795.4752 793.5026 791.53 792.631 793.9225 795.214 796.5055 803.8239
917.9225 923.6909 929.4592 931.2965 931.9841 932.6716 933.3592 933.6592 932.451 931.2427 930.0344 928.8261 925.0624 919.8301 914.5978 909.3655 904.2026 900.027 895.8515 891.6761 887.5006 889.0406 896.3799 903.7191 911.0584 918.3976 929.4722 940.8408 952.2094 963.5784 972.5308 977.1443 981.7579 986.3714 990.9849 990.1327 987.8129 985.493 983.1732 978.8777 967.5353 956.1924 944.85 933.5076 918.457 901.4066 884.3561 867.3057 850.7487 839.8438 828.9388 818.0339 807.1286 800.7277 798.6375 796.5474 794.4572 792.367 793.2749 794.3688 795.4626 796.5564 803.7089
920.1935 926.5978 933.002 935.5371 936.9407 938.3442 939.7479 940.8447 940.7478 940.6509 940.554 940.4572 937.2348 932.2162 927.1977 922.1791 917.1657 912.226 907.2865 902.3469 897.4074 898.3159 905.1583 912.0005 918.8429 925.6852 936.7878 948.2259 959.664 971.1024 980.0976 984.7057 989.314 993.9221 998.5303 997.1884 994.2487 991.309 988.3694 983.4237 971.3225 959.2209 947.1198 935.0186 919.7126 902.6782 885.6438 868.6094 852.068 841.1738 830.2795 819.3853 808.4907 802.0349 799.8271 797.6194 795.4117 793.204 793.9189 794.815 795.7111 796.6072 803.5939
922.4647 929.5048 936.5449 939.7778 941.8974 944.017 946.1366 948.0303 949.0448 950.0593 951.0739 952.0884 949.4074 944.6026 939.7977 934.9929 930.1291 924.4252 918.7216 913.018 907.3144 907.5914 913.9368 920.2822 926.6276 932.973 944.1036 955.6111 967.1187 978.6266 987.6645 992.2673 996.8702 1001.473 1006.076 1004.244 1000.685 997.1252 993.5657 987.9697 975.1098 962.2494 949.3895 936.5295 920.9681 903.9498 886.9315 869.9131 853.3873 842.5038 831.6202 820.7366 809.8527 803.3421 801.0168 798.6915 796.3663 794.041 794.5629 795.2613 795.9597 796.6581 803.4788
924.7358 932.4117 940.0876 944.0186 946.8541 949.6897 952.5253 955.2159 957.3418 959.4677 961.5937 963.7196 961.58 956.9889 952.3978 947.8068 943.0924 936.6245 930.1568 923.6891 917.2214 916.8668 922.7153 928.5637 934.4122 940.2606 951.4194 962.9965 974.5734 986.1508 995.2314 999.8289 1004.426 1009.024 1013.621 1011.3 1007.121 1002.941 998.762 992.5158 978.8971 965.2779 951.6592 938.0405 922.2237 905.2214 888.2191 871.2169 854.7067 843.8338 832.9609 822.088 811.2148 804.6494 802.2065 799.7637 797.3208 794.878 795.2068 795.7075 796.2083 796.709 803.3638
923.7092 932.7926 941.876 946.8878 950.7087 954.5295 958.3506 961.9771 964.8469 967.7166 970.5863 973.4561 971.9617 967.9592 963.9568 959.9543 955.7852 949.2447 942.7044 936.1641 929.6238 928.8669 933.9782 939.0895 944.2008 949.3121 959.9551 971.0338 982.1125 993.1915 1001.895 1006.335 1010.774 1015.213 1019.653 1016.714 1011.795 1006.876 1001.957 995.0365 980.9794 966.9217 952.8646 938.8074 923.1642 906.6656 890.1671 873.6686 857.6155 846.666 835.7165 824.7669 813.817 806.9996 804.1371 801.2747 798.4122 795.5497 795.9832 796.621 797.2589 797.8968 804.619
921.1389 931.991 942.8431 949.1149 954.0472 958.9796 963.912 968.5397 971.9811 975.4226 978.8641 982.3056 981.5051 978.2668 975.0284 971.7901 968.3514 962.062 955.7728 949.4836 943.1945 942.1423 946.4041 950.6658 954.9275 959.1892 969.0619 979.3765 989.691 1000.006 1008.137 1012.346 1016.556 1020.765 1024.975 1021.36 1015.645 1009.93 1004.214 996.6092 982.2635 967.9173 953.5716 939.2259 923.9572 908.1907 892.4242 876.6577 861.2685 850.2014 839.1343 828.0672 816.9998 809.8383 806.4147 802.9911 799.5676 796.144 796.8214 797.7532 798.6849 799.6167 806.5154
918.5687 931.1894 943.8101 951.3422 957.3859 963.4296 969.4736 975.1022 979.1155 983.1287 987.1419 991.1551 991.0486 988.5743 986.1 983.6258 980.9175 974.8793 968.8412 962.8032 956.7652 955.4178 958.83 962.2421 965.6542 969.0663 978.1686 987.7191 997.2695 1006.82 1014.378 1018.358 1022.338 1026.318 1030.297 1026.007 1019.495 1012.984 1006.472 998.1819 983.5476 968.9129 954.2786 939.6444 924.7502 909.7157 894.6813 879.6468 864.9214 853.7368 842.5521 831.3675 820.1825 812.6768 808.6922 804.7075 800.7229 796.7383 797.6597 798.8853 800.111 801.3366 808.4119
915.9985 930.3878 944.7772 953.5693 960.7245 967.8796 975.035 981.6649 986.2498 990.8347 995.4197 1000.005 1000.592 998.8818 997.1717 995.4615 993.4836 987.6965 981.9096 976.1227 970.3358 968.6932 971.2558 973.8183 976.3809 978.9434 987.2754 996.0618 1004.848 1013.635 1020.62 1024.37 1028.12 1031.87 1035.62 1030.653 1023.345 1016.037 1008.73 999.7545 984.8318 969.9085 954.9857 940.0629 925.5432 911.2407 896.9383 882.6359 868.5743 857.2722 845.97 834.6678 823.3652 815.5154 810.9697 806.424 801.8783 797.3326 798.498 800.0175 801.537 803.0565 810.3083
913.4897 929.5557 945.6218 955.5982 963.7937 971.9891 980.1849 987.7604 992.9227 998.085 1003.247 1008.409 1009.714 1008.801 1007.889 1006.976 1005.761 1000.245 994.7286 989.2124 983.6962 981.8162 983.6261 985.4359 987.2457 989.0556 996.6508 1004.702 1012.752 1020.803 1027.221 1030.706 1034.19 1037.675 1041.16 1035.48 1027.339 1019.198 1011.058 1001.365 986.137 970.9084 955.6803 940.4523 926.2477 912.595 898.9424 885.2898 871.8178 860.4155 849.0132 837.611 826.2083 818.0651 813.0413 808.0175 802.9937 797.9698 799.4411 801.3152 803.1892 805.0632 812.499
911.3908 928.5203 945.6497 956.3051 965.067 973.8289 982.5911 990.7429 996.5197 1002.296 1008.073 1013.85 1016.027 1016.135 1016.243 1016.351 1016.116 1011.001 1005.885 1000.77 995.6542 993.923 995.626 997.329 999.0319 1000.735 1007.817 1015.323 1022.828 1030.334 1036.222 1039.205 1042.187 1045.169 1048.152 1041.515 1032.295 1023.074 1013.854 1003.227 987.5823 971.9368 956.292 940.6472 926.3625 912.8114 899.2603 885.7092 872.3319 860.9457 849.5594 838.1731 826.7864 818.6894 813.7404 808.7914 803.8424 798.8934 801.0835 803.7164 806.3492 808.9821 816.6515
909.2919 927.4848 945.6776 957.0118 966.3402 975.6686 984.9973 993.7253 1000.117 1006.508 1012.899 1019.291 1022.34 1023.469 1024.597 1025.726 1026.471 1021.756 1017.041 1012.327 1007.612 1006.03 1007.626 1009.222 1010.818 1012.414 1018.983 1025.944 1032.904 1039.865 1045.223 1047.703 1050.183 1052.664 1055.144 1047.549 1037.25 1026.95 1016.651 1005.089 989.0275 972.9653 956.9037 940.842 926.4773 913.0277 899.5782 886.1286 872.846 861.4758 850.1055 838.7353 827.3647 819.3137 814.4395 809.5653 804.6911 799.8169 802.7259 806.1175 809.5092 812.9008 820.8038
907.1931 926.4493 945.7056 957.7187 967.6135 977.5083 987.4034 996.7078 1003.714 1010.719 1017.725 1024.731 1028.653 1030.802 1032.952 1035.101 1036.826 1032.512 1028.198 1023.884 1019.57 1018.136 1019.626 1021.115 1022.604 1024.093 1030.149 1036.565 1042.98 1049.396 1054.224 1056.202 1058.18 1060.158 1062.136 1053.584 1042.205 1030.826 1019.447 1006.951 990.4728 973.9938 957.5153 941.0369 926.5921 913.2441 899.8961 886.548 873.3601 862.0059 850.6517 839.2975 827.9429 819.938 815.1386 810.3392 805.5398 800.7404 804.3683 808.5187 812.6691 816.8196 824.9563
905.0942 925.4138 945.7335 958.4255 968.8868 979.348 989.8096 999.6902 1007.311 1014.931 1022.551 1030.172 1034.966 1038.136 1041.306 1044.476 1047.181 1043.267 1039.354 1035.441 1031.528 1030.243 1031.626 1033.008 1034.39 1035.773 1041.315 1047.186 1053.057 1058.927 1063.226 1064.701 1066.177 1067.652 1069.128 1059.619 1047.16 1034.702 1022.243 1008.813 991.9182 975.0223 958.127 941.2318 926.7069 913.4604 900.2139 886.9675 873.8742 862.536 851.1978 839.8597 828.5211 820.5623 815.8377 811.1131 806.3885 801.6639 806.0107 810.9199 815.8291 820.7383 829.1088
901.358 921.9697 942.5815 956.0798 967.4978 978.9157 990.3341 1001.156 1009.657 1018.158 1026.66 1035.161 1040.777 1044.736 1048.694 1052.652 1056.12 1052.611 1049.101 1045.592 1042.083 1041.01 1042.409 1043.808 1045.208 1046.607 1051.566 1056.804 1062.043 1067.282 1070.935 1071.741 1072.547 1073.353 1074.159 1063.88 1050.624 1037.368 1024.112 1010.0 992.837 975.673 958.5096 941.3462 926.7551 913.5513 900.3475 887.1437 874.1107 863.0332 851.9558 840.8784 829.8005 822.0771 817.5636 813.0501 808.5367 804.0232 808.8867 814.3317 819.7766 825.2216 833.6499
896.4349 916.7794 937.124 951.5211 964.1786 976.8362 989.4943 1001.522 1011.097 1020.672 1030.248 1039.823 1046.225 1050.803 1055.381 1059.959 1064.033 1060.93 1057.826 1054.723 1051.62 1050.805 1052.311 1053.817 1055.323 1056.83 1061.152 1065.696 1070.24 1074.784 1077.708 1077.724 1077.739 1077.754 1077.769 1066.855 1053.006 1039.157 1025.308 1010.698 993.374 976.0497 958.7261 941.4023 926.7551 913.5513 900.3475 887.1437 874.1458 863.5065 852.8672 842.228 831.5884 824.2375 820.034 815.8304 811.6269 807.4233 812.657 818.4761 824.295 830.114 838.4728
891.5117 911.5891 931.6665 946.9622 960.8595 974.7568 988.6545 1001.888 1012.537 1023.186 1033.836 1044.485 1051.672 1056.87 1062.068 1067.266 1071.946 1069.249 1066.552 1063.854 1061.157 1060.599 1062.213 1063.826 1065.439 1067.052 1070.738 1074.588 1078.437 1082.287 1084.482 1083.706 1082.93 1082.155 1081.379 1069.83 1055.388 1040.945 1026.503 1011.395 993.9111 976.4265 958.9425 941.4586 926.7551 913.5513 900.3475 887.1437 874.181 863.9799 853.7787 843.5776 833.3762 826.3979 822.5043 818.6107 814.7171 810.8234 816.4275 822.6205 828.8135 835.0065 843.2957
886.5886 906.3988 926.209 942.4034 957.5403 972.6772 987.8147 1002.254 1013.977 1025.7 1037.424 1049.147 1057.12 1062.938 1068.756 1074.573 1079.859 1077.568 1075.276 1072.985 1070.694 1070.394 1072.114 1073.834 1075.554 1077.274 1080.324 1083.479 1086.634 1089.789 1091.255 1089.688 1088.122 1086.555 1084.989 1072.805 1057.769 1042.734 1027.699 1012.092 994.4482 976.8033 959.159 941.5147 926.7551 913.5513 900.3475 887.1437 874.2162 864.4532 854.6902 844.9273 835.164 828.5584 824.9747 821.391 817.8073 814.2236 820.1979 826.7649 833.3319 839.8989 848.1187
881.6577 901.1893 920.7208 937.7843 954.1259 970.4674 986.8096 1002.425 1015.214 1028.002 1040.791 1053.58 1062.34 1068.786 1075.231 1081.677 1087.576 1085.712 1083.849 1081.985 1080.121 1080.088 1081.912 1083.736 1085.56 1087.384 1089.796 1092.255 1094.714 1097.172 1097.91 1095.555 1093.201 1090.846 1088.492 1075.688 1060.077 1044.467 1028.857 1012.767 994.9686 977.1694 959.3708 941.5723 926.7651 913.5712 900.3773 887.1835 874.301 864.9856 855.6702 846.3549 837.0392 830.8103 827.5355 824.2606 820.9857 817.7108 824.0304 830.9449 837.8595 844.774 852.918
876.4673 895.3364 914.2053 931.1436 947.5173 963.8909 980.2651 996.0655 1009.634 1023.203 1036.772 1050.341 1059.949 1067.282 1074.614 1081.947 1088.75 1088.024 1087.298 1086.573 1085.847 1086.393 1088.227 1090.062 1091.897 1093.731 1095.451 1097.162 1098.872 1100.583 1100.593 1097.549 1094.505 1091.462 1088.418 1075.489 1059.905 1044.322 1028.738 1012.68 994.9295 977.1784 959.428 941.6775 927.1094 914.2574 901.4055 888.5536 876.0469 867.4957 858.9444 850.3932 841.8416 836.1256 833.1233 830.1209 827.1185 824.1161 829.9435 836.3184 842.6932 849.0681 856.9269
871.2771 889.4835 907.6899 924.5031 940.9088 957.3145 973.7208 989.7062 1004.055 1018.404 1032.753 1047.102 1057.559 1065.778 1073.997 1082.217 1089.923 1090.336 1090.748 1091.161 1091.573 1092.697 1094.542 1096.388 1098.233 1100.079 1101.106 1102.068 1103.031 1103.993 1103.276 1099.543 1095.81 1092.077 1088.344 1075.29 1059.733 1044.177 1028.62 1012.593 994.8904 977.1874 959.4851 941.7827 927.4536 914.9436 902.4337 889.9237 877.7929 870.0057 862.2186 854.4313 846.6439 841.4409 838.711 835.9811 833.2513 830.5214 835.8565 841.6917 847.5269 853.3621 860.9359
866.0867 883.6306 901.1744 917.8625 934.3003 950.738 967.1764 983.3467 998.4758 1013.605 1028.734 1043.863 1055.168 1064.274 1073.38 1082.487 1091.097 1092.647 1094.198 1095.749 1097.299 1099.002 1100.858 1102.714 1104.57 1106.426 1106.76 1106.975 1107.189 1107.404 1105.959 1101.537 1097.115 1092.693 1088.271 1075.092 1059.561 1044.031 1028.501 1012.506 994.8514 977.1965 959.5422 941.8879 927.7978 915.6298 903.4619 891.2938 879.5389 872.5158 865.4927 858.4696 851.4463 846.7561 844.2988 841.8414 839.3841 836.9268 841.7696 847.0651 852.3607 857.6562 864.9449
860.8964 877.7776 894.6589 911.2219 927.6917 944.1616 960.632 976.9872 992.8965 1008.806 1024.715 1040.624 1052.777 1062.77 1072.763 1082.757 1092.27 1094.959 1097.648 1100.337 1103.025 1105.306 1107.173 1109.04 1110.906 1112.773 1112.415 1111.881 1111.348 1110.814 1108.643 1103.531 1098.42 1093.308 1088.197 1074.893 1059.39 1043.886 1028.382 1012.419 994.8124 977.2056 959.5994 941.9932 928.142 916.316 904.49 892.664 881.2849 875.0259 868.7669 862.5079 856.2487 852.0714 849.8866 847.7018 845.517 843.3322 847.6827 852.4385 857.1944 861.9503 868.9539
855.05 871.537 888.024 904.4435 920.8432 937.2429 953.6431 970.0911 986.7268 1003.362 1019.998 1036.634 1049.513 1060.232 1070.951 1081.671 1091.938 1095.781 1099.623 1103.465 1107.307 1110.268 1112.335 1114.402 1116.468 1118.535 1117.557 1116.339 1115.121 1113.903 1111.013 1105.12 1099.227 1093.335 1087.442 1074.177 1058.933 1043.689 1028.444 1012.747 995.4344 978.1211 960.8083 943.4955 929.9478 918.4305 906.9133 895.396 884.3514 878.7211 873.0907 867.4604 861.8298 858.0522 856.048 854.0436 852.0394 850.035 854.0227 858.382 862.7413 867.1005 873.9745
848.4882 864.8736 881.2591 897.515 913.7329 929.9509 946.1695 962.6094 979.913 997.2167 1014.52 1031.824 1045.296 1056.566 1067.836 1079.105 1089.964 1094.977 1099.989 1105.002 1110.015 1113.766 1116.239 1118.712 1121.184 1123.657 1122.139 1120.307 1118.474 1116.642 1113.042 1106.267 1099.493 1092.718 1085.944 1072.897 1058.166 1043.434 1028.703 1013.529 996.7777 980.0255 963.2738 946.5222 933.348 922.1033 910.8585 899.6138 888.8584 883.709 878.5596 873.4102 868.2606 864.7592 862.835 860.9108 858.9867 857.0626 860.8285 864.9473 869.0661 873.1849 880.0989
841.9263 858.2102 874.4941 890.5864 906.6227 922.6589 938.6958 955.1276 973.0993 991.0709 1009.043 1027.014 1041.079 1052.9 1064.72 1076.54 1087.99 1094.173 1100.356 1106.539 1112.721 1117.264 1120.143 1123.022 1125.901 1128.78 1126.721 1124.275 1121.828 1119.381 1115.071 1107.414 1099.758 1092.102 1084.446 1071.616 1057.398 1043.18 1028.962 1014.312 998.121 981.9298 965.7393 949.5487 936.7482 925.776 914.8038 903.8315 893.3654 888.697 884.0284 879.36 874.6913 871.466 869.622 867.778 865.934 864.09 867.6342 871.5126 875.3909 879.2692 886.2233
835.3644 851.5468 867.7291 883.6578 899.5124 915.367 931.2221 947.6459 966.2855 984.9251 1003.565 1022.204 1036.863 1049.234 1061.604 1073.975 1086.016 1093.369 1100.722 1108.075 1115.428 1120.762 1124.047 1127.332 1130.617 1133.902 1131.304 1128.242 1125.181 1122.12 1117.099 1108.561 1100.023 1091.485 1082.948 1070.336 1056.631 1042.926 1029.22 1015.094 999.4642 983.8342 968.2048 952.5753 940.1484 929.4487 918.749 908.0493 897.8724 893.6849 889.4973 885.3098 881.122 878.1729 876.4091 874.6452 872.8814 871.1176 874.44 878.0779 881.7158 885.3536 892.3477
828.8026 844.8833 860.9641 876.7292 892.4022 908.075 923.7485 940.1642 959.4717 978.7793 998.0869 1017.394 1032.646 1045.567 1058.489 1071.41 1084.042 1092.565 1101.089 1109.612 1118.135 1124.26 1127.951 1131.642 1135.333 1139.024 1135.886 1132.21 1128.534 1124.858 1119.128 1109.708 1100.289 1090.869 1081.449 1069.056 1055.864 1042.671 1029.479 1015.876 1000.807 985.7386 970.6702 955.6019 943.5486 933.1215 922.6943 912.2671 902.3795 898.6729 894.9662 891.2595 887.5527 884.8798 883.1961 881.5124 879.8287 878.145 881.2457 884.6431 888.0406 891.438 898.472
