data/zism_data/01165_01_D.txt
ncols         224
nrows         224
[rows 196 to 223 of 224, columns 0 to 62 of 224]
1304.0 1304.0 1304.0 1304.0 1304.0 1304.134 1304.353 1304.572 1304.791 1305.003 1305.076 1305.149 1305.222 1305.295 1305.403 1305.548 1305.694 1305.84 1305.986 1306.171 1306.36 1306.549 1306.739 1306.889 1306.962 1307.035 1307.107 1307.18 1307.332 1307.508 1307.683 1307.859 1308.017 1308.103 1308.19 1308.276 1308.363 1308.478 1308.61 1308.743 1308.875 1309.005 1309.091 1309.178 1309.264 1309.351 1309.445 1309.548 1309.651 1309.753 1309.856 1309.918 1309.976 1310.035 1310.094 1310.167 1310.268 1310.369 1310.469 1310.57 1310.592 1310.592 1310.592
1304.0 1304.0 1304.0 1304.0 1304.0 1304.134 1304.353 1304.572 1304.791 1305.003 1305.076 1305.149 1305.222 1305.295 1305.403 1305.548 1305.694 1305.84 1305.986 1306.157 1306.33 1306.503 1306.676 1306.815 1306.888 1306.961 1307.034 1307.107 1307.271 1307.463 1307.654 1307.846 1308.011 1308.065 1308.119 1308.174 1308.228 1308.352 1308.516 1308.681 1308.845 1309.003 1309.057 1309.112 1309.166 1309.221 1309.306 1309.425 1309.544 1309.663 1309.781 1309.85 1309.913 1309.977 1310.041 1310.105 1310.168 1310.232 1310.295 1310.359 1310.373 1310.373 1310.373
1304.0 1304.0 1304.0 1304.0 1304.0 1304.134 1304.353 1304.572 1304.791 1305.003 1305.076 1305.149 1305.222 1305.295 1305.403 1305.548 1305.694 1305.84 1305.986 1306.142 1306.299 1306.456 1306.613 1306.742 1306.815 1306.888 1306.961 1307.034 1307.21 1307.418 1307.625 1307.833 1308.004 1308.027 1308.049 1308.071 1308.094 1308.225 1308.422 1308.618 1308.815 1309.001 1309.024 1309.046 1309.068 1309.09 1309.168 1309.302 1309.437 1309.572 1309.707 1309.781 1309.85 1309.92 1309.989 1310.043 1310.069 1310.095 1310.121 1310.147 1310.153 1310.153 1310.153
1304.0 1304.0 1304.0 1304.0 1304.0 1304.134 1304.353 1304.572 1304.791 1305.003 1305.076 1305.149 1305.222 1305.295 1305.403 1305.548 1305.694 1305.84 1305.986 1306.132 1306.278 1306.424 1306.57 1306.691 1306.764 1306.837 1306.91 1306.983 1307.168 1307.387 1307.605 1307.824 1308.0 1308.0 1308.0 1308.0 1308.0 1308.133 1308.346 1308.558 1308.77 1308.971 1308.977 1308.984 1308.99 1308.997 1309.071 1309.217 1309.363 1309.509 1309.655 1309.734 1309.807 1309.88 1309.953 1310.0 1310.0 1310.0 1310.0 1310.0 1310.0 1310.0 1310.0
1304.0 1304.0 1304.0 1304.0 1304.0 1304.134 1304.353 1304.572 1304.791 1305.003 1305.076 1305.149 1305.222 1305.295 1305.403 1305.548 1305.694 1305.84 1305.986 1306.132 1306.278 1306.424 1306.57 1306.691 1306.764 1306.837 1306.91 1306.983 1307.168 1307.387 1307.605 1307.824 1308.0 1308.0 1308.0 1308.0 1308.0 1308.12 1308.311 1308.502 1308.693 1308.874 1308.902 1308.93 1308.958 1308.986 1309.071 1309.217 1309.363 1309.509 1309.655 1309.734 1309.807 1309.88 1309.953 1310.0 1310.0 1310.0 1310.0 1310.0 1310.0 1310.0 1310.0
1304.0 1304.0 1304.0 1304.0 1304.0 1304.134 1304.353 1304.572 1304.791 1305.003 1305.076 1305.149 1305.222 1305.295 1305.403 1305.548 1305.694 1305.84 1305.986 1306.132 1306.278 1306.424 1306.57 1306.691 1306.764 1306.837 1306.91 1306.983 1307.168 1307.387 1307.605 1307.824 1308.0 1308.0 1308.0 1308.0 1308.0 1308.106 1308.276 1308.446 1308.615 1308.778 1308.827 1308.876 1308.926 1308.975 1309.071 1309.217 1309.363 1309.509 1309.655 1309.734 1309.807 1309.88 1309.953 1310.0 1310.0 1310.0 1310.0 1310.0 1310.0 1310.0 1310.0
1304.0 1304.0 1304.0 1304.0 1304.0 1304.134 1304.353 1304.572 1304.791 1305.003 1305.076 1305.149 1305.222 1305.295 1305.403 1305.548 1305.694 1305.84 1305.986 1306.132 1306.278 1306.424 1306.57 1306.691 1306.764 1306.837 1306.91 1306.983 1307.168 1307.387 1307.605 1307.824 1308.0 1308.0 1308.0 1308.0 1308.0 1308.093 1308.241 1308.39 1308.538 1308.681 1308.752 1308.823 1308.893 1308.964 1309.071 1309.217 1309.363 1309.509 1309.655 1309.734 1309.807 1309.88 1309.953 1310.0 1310.0 1310.0 1310.0 1310.0 1310.0 1310.0 1310.0
1304.0 1304.0 1304.0 1304.0 1304.0 1304.134 1304.353 1304.572 1304.791 1305.003 1305.076 1305.149 1305.222 1305.295 1305.403 1305.548 1305.694 1305.84 1305.986 1306.132 1306.278 1306.424 1306.57 1306.691 1306.764 1306.837 1306.91 1306.983 1307.168 1307.387 1307.605 1307.824 1308.0 1308.0 1308.0 1308.0 1308.0 1308.08 1308.206 1308.333 1308.46 1308.585 1308.677 1308.769 1308.861 1308.953 1309.071 1309.217 1309.363 1309.509 1309.655 1309.734 1309.807 1309.88 1309.953 1310.0 1310.0 1310.0 1310.0 1310.0 1310.0 1310.0 1310.0
1304.002 1304.014 1304.026 1304.038 1304.051 1304.182 1304.389 1304.595 1304.802 1305.003 1305.076 1305.149 1305.222 1305.295 1305.403 1305.548 1305.694 1305.84 1305.986 1306.132 1306.278 1306.424 1306.57 1306.691 1306.764 1306.837 1306.91 1306.983 1307.168 1307.387 1307.605 1307.824 1308.0 1308.0 1308.0 1308.0 1308.0 1308.071 1308.185 1308.298 1308.412 1308.525 1308.63 1308.736 1308.841 1308.946 1309.06 1309.181 1309.303 1309.425 1309.547 1309.638 1309.727 1309.816 1309.905 1309.966 1309.974 1309.982 1309.99 1309.998 1309.994 1309.986 1309.978
1304.005 1304.033 1304.061 1304.089 1304.118 1304.245 1304.436 1304.627 1304.818 1305.003 1305.076 1305.149 1305.222 1305.295 1305.403 1305.548 1305.694 1305.84 1305.986 1306.132 1306.278 1306.424 1306.57 1306.691 1306.764 1306.837 1306.91 1306.983 1307.168 1307.387 1307.605 1307.824 1308.0 1308.0 1308.0 1308.0 1308.0 1308.065 1308.167 1308.27 1308.373 1308.477 1308.593 1308.709 1308.825 1308.941 1309.044 1309.134 1309.223 1309.313 1309.403 1309.511 1309.622 1309.732 1309.843 1309.921 1309.94 1309.958 1309.977 1309.996 1309.985 1309.967 1309.948
1304.008 1304.052 1304.096 1304.141 1304.185 1304.309 1304.484 1304.658 1304.833 1305.003 1305.076 1305.149 1305.222 1305.295 1305.403 1305.548 1305.694 1305.84 1305.986 1306.132 1306.278 1306.424 1306.57 1306.691 1306.764 1306.837 1306.91 1306.983 1307.168 1307.387 1307.605 1307.824 1308.0 1308.0 1308.0 1308.0 1308.0 1308.058 1308.15 1308.242 1308.334 1308.428 1308.555 1308.682 1308.809 1308.935 1309.028 1309.086 1309.143 1309.201 1309.259 1309.385 1309.516 1309.648 1309.78 1309.876 1309.905 1309.935 1309.964 1309.994 1309.977 1309.948 1309.918
1304.011 1304.071 1304.131 1304.192 1304.252 1304.372 1304.531 1304.69 1304.848 1305.003 1305.076 1305.149 1305.222 1305.295 1305.403 1305.548 1305.694 1305.84 1305.986 1306.132 1306.278 1306.424 1306.57 1306.691 1306.764 1306.837 1306.91 1306.983 1307.168 1307.387 1307.605 1307.824 1308.0 1308.0 1308.0 1308.0 1308.0 1308.051 1308.133 1308.214 1308.296 1308.38 1308.518 1308.655 1308.792 1308.93 1309.012 1309.038 1309.064 1309.089 1309.115 1309.258 1309.411 1309.564 1309.717 1309.831 1309.871 1309.911 1309.951 1309.991 1309.969 1309.929 1309.888
1304.015 1304.094 1304.173 1304.253 1304.332 1304.449 1304.588 1304.727 1304.867 1305.003 1305.076 1305.149 1305.222 1305.295 1305.403 1305.548 1305.694 1305.84 1305.986 1306.132 1306.278 1306.424 1306.57 1306.691 1306.764 1306.837 1306.91 1306.983 1307.168 1307.387 1307.605 1307.824 1308.0 1308.0 1308.0 1308.0 1308.0 1308.046 1308.119 1308.192 1308.265 1308.342 1308.488 1308.634 1308.78 1308.925 1309.0 1309.0 1309.0 1309.0 1309.0 1309.15 1309.312 1309.475 1309.637 1309.759 1309.806 1309.852 1309.899 1309.945 1309.919 1309.873 1309.826
1304.02 1304.132 1304.243 1304.355 1304.466 1304.575 1304.683 1304.79 1304.897 1305.003 1305.076 1305.149 1305.222 1305.295 1305.403 1305.548 1305.694 1305.84 1305.986 1306.132 1306.278 1306.424 1306.57 1306.691 1306.764 1306.837 1306.91 1306.983 1307.168 1307.387 1307.605 1307.824 1308.0 1308.0 1308.0 1308.0 1308.0 1308.046 1308.119 1308.192 1308.265 1308.342 1308.488 1308.634 1308.78 1308.925 1309.0 1309.0 1309.0 1309.0 1309.0 1309.115 1309.24 1309.366 1309.491 1309.585 1309.62 1309.656 1309.692 1309.728 1309.708 1309.672 1309.636
1304.026 1304.17 1304.313 1304.457 1304.601 1304.702 1304.777 1304.853 1304.928 1305.003 1305.076 1305.149 1305.222 1305.295 1305.403 1305.548 1305.694 1305.84 1305.986 1306.132 1306.278 1306.424 1306.57 1306.691 1306.764 1306.837 1306.91 1306.983 1307.168 1307.387 1307.605 1307.824 1308.0 1308.0 1308.0 1308.0 1308.0 1308.046 1308.119 1308.192 1308.265 1308.342 1308.488 1308.634 1308.78 1308.925 1309.0 1309.0 1309.0 1309.0 1309.0 1309.081 1309.169 1309.256 1309.344 1309.41 1309.435 1309.46 1309.485 1309.51 1309.496 1309.471 1309.446
1304.032 1304.208 1304.383 1304.559 1304.735 1304.829 1304.872 1304.916 1304.959 1305.003 1305.076 1305.149 1305.222 1305.295 1305.403 1305.548 1305.694 1305.84 1305.986 1306.132 1306.278 1306.424 1306.57 1306.691 1306.764 1306.837 1306.91 1306.983 1307.168 1307.387 1307.605 1307.824 1308.0 1308.0 1308.0 1308.0 1308.0 1308.046 1308.119 1308.192 1308.265 1308.342 1308.488 1308.634 1308.78 1308.925 1309.0 1309.0 1309.0 1309.0 1309.0 1309.046 1309.097 1309.147 1309.198 1309.235 1309.25 1309.264 1309.279 1309.293 1309.285 1309.271 1309.256
1304.038 1304.246 1304.453 1304.661 1304.869 1304.956 1304.967 1304.978 1304.989 1305.003 1305.076 1305.149 1305.222 1305.295 1305.403 1305.548 1305.694 1305.84 1305.986 1306.132 1306.278 1306.424 1306.57 1306.691 1306.764 1306.837 1306.91 1306.983 1307.168 1307.387 1307.605 1307.824 1308.0 1308.0 1308.0 1308.0 1308.0 1308.046 1308.119 1308.192 1308.265 1308.342 1308.488 1308.634 1308.78 1308.925 1309.0 1309.0 1309.0 1309.0 1309.0 1309.012 1309.025 1309.038 1309.051 1309.061 1309.064 1309.068 1309.072 1309.076 1309.073 1309.07 1309.066
1304.071 1304.282 1304.494 1304.706 1304.918 1305.0 1305.0 1305.0 1305.0 1305.003 1305.076 1305.149 1305.222 1305.295 1305.403 1305.548 1305.694 1305.84 1305.986 1306.132 1306.278 1306.424 1306.57 1306.691 1306.764 1306.837 1306.91 1306.983 1307.144 1307.331 1307.519 1307.706 1307.863 1307.894 1307.926 1307.957 1307.988 1308.039 1308.102 1308.164 1308.227 1308.293 1308.429 1308.564 1308.7 1308.835 1308.915 1308.936 1308.957 1308.977 1308.998 1309.0 1309.0 1309.0 1309.0 1309.0 1309.0 1309.0 1309.0 1309.0 1309.0 1309.0 1309.0
1304.117 1304.319 1304.52 1304.721 1304.922 1305.0 1305.0 1305.0 1305.0 1305.003 1305.076 1305.149 1305.222 1305.295 1305.403 1305.548 1305.694 1305.84 1305.986 1306.132 1306.278 1306.424 1306.57 1306.691 1306.764 1306.837 1306.91 1306.983 1307.107 1307.246 1307.386 1307.525 1307.653 1307.732 1307.812 1307.891 1307.97 1308.029 1308.076 1308.122 1308.169 1308.219 1308.339 1308.458 1308.578 1308.697 1308.784 1308.837 1308.89 1308.943 1308.996 1309.0 1309.0 1309.0 1309.0 1309.0 1309.0 1309.0 1309.0 1309.0 1309.0 1309.0 1309.0
1304.164 1304.355 1304.545 1304.736 1304.926 1305.0 1305.0 1305.0 1305.0 1305.003 1305.076 1305.149 1305.222 1305.295 1305.403 1305.548 1305.694 1305.84 1305.986 1306.132 1306.278 1306.424 1306.57 1306.691 1306.764 1306.837 1306.91 1306.983 1307.07 1307.161 1307.253 1307.344 1307.442 1307.57 1307.697 1307.825 1307.953 1308.019 1308.05 1308.08 1308.11 1308.145 1308.249 1308.352 1308.455 1308.559 1308.653 1308.738 1308.823 1308.908 1308.993 1309.0 1309.0 1309.0 1309.0 1309.0 1309.0 1309.0 1309.0 1309.0 1309.0 1309.0 1309.0
1304.211 1304.391 1304.571 1304.751 1304.93 1305.0 1305.0 1305.0 1305.0 1305.003 1305.076 1305.149 1305.222 1305.295 1305.403 1305.548 1305.694 1305.84 1305.986 1306.132 1306.278 1306.424 1306.57 1306.691 1306.764 1306.837 1306.91 1306.983 1307.033 1307.076 1307.12 1307.163 1307.232 1307.408 1307.583 1307.759 1307.935 1308.009 1308.023 1308.038 1308.052 1308.071 1308.158 1308.246 1308.333 1308.42 1308.522 1308.639 1308.756 1308.874 1308.991 1309.0 1309.0 1309.0 1309.0 1309.0 1309.0 1309.0 1309.0 1309.0 1309.0 1309.0 1309.0
1304.256 1304.425 1304.595 1304.765 1304.934 1305.0 1305.0 1305.0 1305.0 1305.003 1305.08 1305.156 1305.232 1305.308 1305.416 1305.559 1305.701 1305.844 1305.986 1306.132 1306.278 1306.424 1306.57 1306.691 1306.764 1306.837 1306.91 1306.983 1307.0 1307.0 1307.0 1307.0 1307.043 1307.26 1307.477 1307.694 1307.912 1307.994 1307.995 1307.997 1307.998 1308.004 1308.075 1308.147 1308.218 1308.29 1308.397 1308.543 1308.689 1308.835 1308.981 1308.994 1308.995 1308.996 1308.997 1308.997 1308.996 1308.995 1308.994 1308.993 1308.991 1308.989 1308.987
1304.279 1304.443 1304.608 1304.772 1304.936 1305.0 1305.0 1305.0 1305.0 1305.005 1305.113 1305.221 1305.33 1305.438 1305.547 1305.658 1305.768 1305.879 1305.99 1306.132 1306.278 1306.424 1306.57 1306.691 1306.764 1306.837 1306.91 1306.983 1307.0 1307.0 1307.0 1307.0 1307.04 1307.241 1307.442 1307.643 1307.844 1307.93 1307.948 1307.966 1307.983 1308.003 1308.058 1308.114 1308.169 1308.224 1308.324 1308.47 1308.616 1308.762 1308.908 1308.93 1308.942 1308.954 1308.965 1308.969 1308.957 1308.945 1308.934 1308.922 1308.901 1308.877 1308.854
1304.302 1304.462 1304.62 1304.78 1304.938 1305.0 1305.0 1305.0 1305.0 1305.006 1305.146 1305.287 1305.427 1305.568 1305.678 1305.757 1305.835 1305.914 1305.993 1306.132 1306.278 1306.424 1306.57 1306.691 1306.764 1306.837 1306.91 1306.983 1307.0 1307.0 1307.0 1307.0 1307.036 1307.222 1307.407 1307.592 1307.777 1307.867 1307.901 1307.935 1307.968 1308.002 1308.042 1308.081 1308.12 1308.159 1308.251 1308.397 1308.543 1308.688 1308.834 1308.867 1308.889 1308.912 1308.934 1308.941 1308.918 1308.896 1308.873 1308.851 1308.811 1308.766 1308.721
1304.326 1304.48 1304.633 1304.787 1304.941 1305.0 1305.0 1305.0 1305.0 1305.008 1305.18 1305.352 1305.525 1305.697 1305.81 1305.856 1305.903 1305.949 1305.996 1306.132 1306.278 1306.424 1306.57 1306.691 1306.764 1306.837 1306.91 1306.983 1307.0 1307.0 1307.0 1307.0 1307.033 1307.203 1307.372 1307.541 1307.71 1307.804 1307.854 1307.903 1307.953 1308.001 1308.025 1308.048 1308.071 1308.094 1308.177 1308.323 1308.469 1308.615 1308.761 1308.803 1308.836 1308.87 1308.903 1308.913 1308.88 1308.846 1308.813 1308.78 1308.721 1308.655 1308.588
1304.349 1304.498 1304.646 1304.794 1304.943 1305.0 1305.0 1305.0 1305.0 1305.009 1305.213 1305.418 1305.622 1305.827 1305.941 1305.955 1305.97 1305.984 1305.999 1306.132 1306.278 1306.424 1306.57 1306.691 1306.764 1306.837 1306.91 1306.983 1307.0 1307.0 1307.0 1307.0 1307.03 1307.183 1307.336 1307.49 1307.643 1307.741 1307.807 1307.872 1307.938 1308.0 1308.008 1308.015 1308.022 1308.029 1308.104 1308.25 1308.396 1308.542 1308.688 1308.74 1308.784 1308.828 1308.871 1308.885 1308.841 1308.797 1308.753 1308.709 1308.631 1308.543 1308.456
1304.36 1304.506 1304.652 1304.798 1304.944 1305.0 1305.0 1305.0 1305.0 1305.01 1305.228 1305.447 1305.666 1305.885 1306.0 1306.0 1306.0 1306.0 1306.0 1306.132 1306.278 1306.424 1306.57 1306.691 1306.764 1306.837 1306.91 1306.983 1307.0 1307.0 1307.0 1307.0 1307.029 1307.175 1307.321 1307.466 1307.612 1307.712 1307.785 1307.858 1307.931 1308.0 1308.0 1308.0 1308.0 1308.0 1308.063 1308.191 1308.319 1308.447 1308.576 1308.625 1308.668 1308.711 1308.754 1308.766 1308.724 1308.681 1308.638 1308.595 1308.519 1308.434 1308.348
1304.36 1304.506 1304.652 1304.798 1304.944 1305.0 1305.0 1305.0 1305.0 1305.01 1305.228 1305.447 1305.666 1305.885 1306.0 1306.0 1306.0 1306.0 1306.0 1306.132 1306.278 1306.424 1306.57 1306.691 1306.764 1306.837 1306.91 1306.983 1307.0 1307.0 1307.0 1307.0 1307.029 1307.175 1307.321 1307.466 1307.612 1307.712 1307.785 1307.858 1307.931 1308.0 1308.0 1308.0 1308.0 1308.0 1308.047 1308.143 1308.239 1308.336 1308.432 1308.469 1308.501 1308.533 1308.565 1308.575 1308.543 1308.511 1308.479 1308.447 1308.389 1308.325 1308.261
