data/zism_data/01166_03_D.txt
ncols         224
nrows         224
[rows 196 to 223 of 224, columns 0 to 62 of 224]
3210.339 3210.092 3209.845 3209.598 3208.761 3206.678 3204.596 3202.513 3200.43 3196.26 3191.345 3186.43 3181.516 3176.313 3169.522 3162.731 3155.94 3149.148 3142.901 3137.064 3131.227 3125.39 3119.554 3115.669 3111.813 3107.956 3104.1 3101.547 3100.938 3100.329 3099.72 3099.111 3099.0 3099.0 3099.0 3099.0 3098.975 3098.868 3098.761 3098.654 3098.547 3098.453 3098.367 3098.281 3098.194 3098.113 3098.113 3098.113 3098.113 3098.113 3098.155 3098.241 3098.328 3098.414 3098.501 3099.138 3099.838 3100.538 3101.237 3102.125 3103.422 3104.719 3106.015
3204.016 3203.663 3203.309 3202.956 3202.061 3200.02 3197.98 3195.94 3193.899 3189.634 3184.576 3179.517 3174.459 3169.162 3162.546 3155.931 3149.315 3142.7 3136.755 3131.318 3125.881 3120.444 3115.007 3111.899 3108.825 3105.752 3102.679 3100.678 3100.277 3099.876 3099.475 3099.073 3099.0 3099.0 3099.0 3099.0 3098.986 3098.927 3098.868 3098.809 3098.75 3098.649 3098.525 3098.401 3098.278 3098.162 3098.162 3098.162 3098.162 3098.162 3098.222 3098.345 3098.469 3098.593 3098.717 3099.544 3100.452 3101.359 3102.267 3103.472 3105.328 3107.185 3109.041
3197.694 3197.234 3196.774 3196.314 3195.36 3193.362 3191.365 3189.367 3187.369 3183.009 3177.807 3172.604 3167.402 3162.01 3155.571 3149.131 3142.691 3136.251 3130.61 3125.572 3120.535 3115.497 3110.459 3108.129 3105.839 3103.548 3101.258 3099.81 3099.616 3099.422 3099.229 3099.035 3099.0 3099.0 3099.0 3099.0 3098.997 3098.986 3098.975 3098.964 3098.953 3098.844 3098.683 3098.522 3098.361 3098.211 3098.211 3098.211 3098.211 3098.211 3098.288 3098.449 3098.611 3098.771 3098.933 3099.95 3101.066 3102.181 3103.296 3104.82 3107.235 3109.651 3112.066
3194.088 3193.415 3192.742 3192.069 3190.954 3188.905 3186.856 3184.807 3182.758 3178.553 3173.579 3168.605 3163.631 3158.44 3152.05 3145.659 3139.268 3132.877 3127.47 3122.808 3118.145 3113.482 3108.82 3107.089 3105.401 3103.714 3102.027 3101.07 3101.203 3101.336 3101.469 3101.601 3101.569 3101.499 3101.429 3101.36 3101.241 3100.958 3100.676 3100.394 3100.112 3099.791 3099.449 3099.108 3098.766 3098.446 3098.426 3098.405 3098.385 3098.364 3098.421 3098.563 3098.704 3098.844 3098.986 3100.643 3102.474 3104.304 3106.134 3108.412 3111.669 3114.927 3118.184
3191.303 3190.385 3189.467 3188.549 3187.242 3185.113 3182.984 3180.855 3178.726 3174.751 3170.118 3165.485 3160.853 3155.952 3149.572 3143.191 3136.811 3130.431 3125.238 3120.943 3116.648 3112.353 3108.057 3106.873 3105.734 3104.595 3103.456 3102.973 3103.468 3103.963 3104.458 3104.953 3104.913 3104.753 3104.593 3104.432 3104.158 3103.508 3102.858 3102.208 3101.559 3100.964 3100.399 3099.833 3099.268 3098.737 3098.69 3098.643 3098.596 3098.549 3098.574 3098.678 3098.782 3098.886 3098.99 3101.423 3104.121 3106.82 3109.518 3112.683 3116.867 3121.051 3125.235
3188.517 3187.354 3186.191 3185.029 3183.53 3181.321 3179.112 3176.903 3174.694 3170.949 3166.657 3162.365 3158.073 3153.463 3147.094 3140.724 3134.354 3127.985 3123.006 3119.078 3115.15 3111.223 3107.295 3106.656 3106.066 3105.476 3104.886 3104.876 3105.734 3106.591 3107.448 3108.305 3108.257 3108.006 3107.756 3107.505 3107.075 3106.058 3105.041 3104.023 3103.006 3102.137 3101.348 3100.559 3099.77 3099.029 3098.955 3098.881 3098.807 3098.734 3098.727 3098.794 3098.86 3098.927 3098.993 3102.202 3105.769 3109.335 3112.902 3116.953 3122.064 3127.175 3132.286
3185.732 3184.324 3182.916 3181.508 3179.817 3177.528 3175.24 3172.951 3170.662 3167.148 3163.197 3159.246 3155.294 3150.974 3144.615 3138.257 3131.898 3125.539 3120.773 3117.213 3113.653 3110.093 3106.533 3106.44 3106.398 3106.357 3106.315 3106.78 3107.999 3109.219 3110.438 3111.657 3111.601 3111.26 3110.918 3110.577 3109.992 3108.608 3107.223 3105.838 3104.453 3103.31 3102.298 3101.285 3100.272 3099.32 3099.219 3099.119 3099.019 3098.918 3098.88 3098.909 3098.939 3098.968 3098.997 3102.982 3107.417 3111.851 3116.286 3121.224 3127.261 3133.299 3139.337
3183.255 3181.697 3180.139 3178.581 3176.788 3174.497 3172.206 3169.915 3167.624 3164.391 3160.824 3157.257 3153.689 3149.733 3143.631 3137.528 3131.425 3125.322 3120.94 3117.858 3114.777 3111.696 3108.614 3109.097 3109.633 3110.169 3110.705 3111.573 3112.934 3114.296 3115.657 3117.019 3116.742 3116.1 3115.457 3114.814 3113.884 3112.006 3110.129 3108.251 3106.374 3104.853 3103.524 3102.195 3100.866 3099.616 3099.479 3099.343 3099.207 3099.071 3099.0 3099.0 3099.0 3099.0 3099.0 3103.719 3108.974 3114.229 3119.485 3125.287 3132.282 3139.278 3146.274
3181.891 3180.524 3179.158 3177.792 3176.218 3174.203 3172.189 3170.175 3168.161 3165.398 3162.369 3159.34 3156.31 3152.984 3148.021 3143.059 3138.096 3133.133 3129.741 3127.539 3125.337 3123.134 3120.932 3122.099 3123.317 3124.535 3125.753 3126.767 3127.479 3128.191 3128.902 3129.614 3128.352 3126.65 3124.947 3123.245 3121.281 3118.461 3115.641 3112.821 3110.001 3107.727 3105.748 3103.77 3101.791 3099.929 3099.723 3099.518 3099.312 3099.106 3099.0 3099.0 3099.0 3099.0 3099.0 3104.302 3110.207 3116.113 3122.018 3128.601 3136.668 3144.734 3152.801
3180.526 3179.352 3178.177 3177.002 3175.647 3173.91 3172.173 3170.436 3168.699 3166.406 3163.914 3161.423 3158.931 3156.236 3152.413 3148.59 3144.766 3140.943 3138.543 3137.22 3135.896 3134.573 3133.249 3135.102 3137.001 3138.901 3140.8 3141.962 3142.024 3142.086 3142.148 3142.21 3139.962 3137.2 3134.438 3131.675 3128.679 3124.916 3121.153 3117.39 3113.627 3110.601 3107.973 3105.344 3102.715 3100.241 3099.967 3099.692 3099.417 3099.142 3099.0 3099.0 3099.0 3099.0 3099.0 3104.885 3111.44 3117.996 3124.551 3131.916 3141.053 3150.19 3159.327
3179.161 3178.178 3177.196 3176.213 3175.077 3173.617 3172.156 3170.697 3169.236 3167.413 3165.459 3163.506 3161.552 3159.487 3156.803 3154.12 3151.437 3148.754 3147.345 3146.901 3146.456 3146.011 3145.567 3148.104 3150.685 3153.266 3155.848 3157.156 3156.569 3155.981 3155.393 3154.805 3151.573 3147.75 3143.928 3140.105 3136.076 3131.371 3126.665 3121.959 3117.254 3113.475 3110.197 3106.918 3103.64 3100.554 3100.21 3099.866 3099.522 3099.178 3099.0 3099.0 3099.0 3099.0 3099.0 3105.469 3112.674 3119.878 3127.083 3135.231 3145.438 3155.646 3165.854
3177.797 3177.006 3176.215 3175.424 3174.507 3173.323 3172.14 3170.957 3169.774 3168.419 3167.004 3165.589 3164.173 3162.738 3161.195 3159.651 3158.108 3156.564 3156.147 3156.581 3157.016 3157.45 3157.884 3161.106 3164.369 3167.632 3170.895 3172.351 3171.114 3169.876 3168.638 3167.4 3163.183 3158.301 3153.418 3148.535 3143.474 3137.825 3132.177 3126.529 3120.88 3116.349 3112.421 3108.493 3104.565 3100.867 3100.454 3100.041 3099.627 3099.214 3099.0 3099.0 3099.0 3099.0 3099.0 3106.052 3113.907 3121.761 3129.616 3138.545 3149.824 3161.102 3172.381
3178.564 3178.0 3177.436 3176.873 3176.238 3175.452 3174.667 3173.881 3173.096 3172.442 3171.834 3171.226 3170.619 3170.044 3169.651 3169.258 3168.865 3168.472 3168.628 3169.199 3169.77 3170.341 3170.912 3173.797 3176.715 3179.634 3182.552 3183.529 3181.609 3179.69 3177.77 3175.851 3170.936 3165.352 3159.768 3154.184 3148.416 3142.041 3135.666 3129.292 3122.917 3117.901 3113.618 3109.334 3105.051 3101.02 3100.573 3100.126 3099.679 3099.232 3099.0 3099.0 3099.0 3099.0 3099.0 3106.715 3115.309 3123.902 3132.495 3142.219 3154.416 3166.612 3178.809
3180.397 3180.078 3179.76 3179.441 3179.119 3178.792 3178.465 3178.137 3177.81 3177.971 3178.306 3178.641 3178.977 3179.377 3180.14 3180.903 3181.666 3182.429 3182.949 3183.286 3183.623 3183.959 3184.296 3186.332 3188.393 3190.454 3192.515 3192.698 3190.081 3187.463 3184.846 3182.229 3176.76 3170.654 3164.548 3158.442 3152.129 3145.136 3138.144 3131.152 3124.159 3118.792 3114.301 3109.809 3105.318 3101.092 3100.629 3100.166 3099.703 3099.24 3099.0 3099.0 3099.0 3099.0 3099.0 3107.418 3116.794 3126.171 3135.547 3146.073 3159.111 3172.148 3185.187
3182.23 3182.157 3182.083 3182.009 3182.001 3182.132 3182.263 3182.394 3182.524 3183.501 3184.779 3186.057 3187.334 3188.711 3190.629 3192.548 3194.467 3196.386 3197.27 3197.373 3197.475 3197.577 3197.679 3198.867 3200.07 3201.274 3202.477 3201.867 3198.552 3195.237 3191.922 3188.607 3182.583 3175.956 3169.328 3162.7 3155.842 3148.232 3140.622 3133.011 3125.401 3119.682 3114.983 3110.284 3105.586 3101.164 3100.685 3100.206 3099.727 3099.248 3099.0 3099.0 3099.0 3099.0 3099.0 3108.121 3118.28 3128.44 3138.599 3149.926 3163.806 3177.685 3191.565
3184.064 3184.235 3184.406 3184.578 3184.883 3185.472 3186.061 3186.65 3187.239 3189.03 3191.251 3193.472 3195.692 3198.044 3201.119 3204.193 3207.268 3210.343 3211.591 3211.459 3211.327 3211.195 3211.063 3211.402 3211.748 3212.094 3212.44 3211.036 3207.023 3203.01 3198.998 3194.985 3188.407 3181.257 3174.107 3166.958 3159.556 3151.327 3143.099 3134.871 3126.643 3120.573 3115.666 3110.76 3105.853 3101.236 3100.741 3100.246 3099.751 3099.257 3099.0 3099.0 3099.0 3099.0 3099.0 3108.824 3119.766 3130.708 3141.651 3153.779 3168.5 3183.222 3197.943
3186.111 3186.596 3187.08 3187.564 3188.257 3189.393 3190.528 3191.663 3192.799 3195.377 3198.469 3201.562 3204.654 3207.89 3211.92 3215.949 3219.979 3224.009 3225.498 3225.066 3224.633 3224.2 3223.768 3223.261 3222.753 3222.245 3221.737 3219.552 3214.865 3210.179 3205.493 3200.806 3193.706 3186.067 3178.427 3170.788 3162.882 3154.1 3145.317 3136.535 3127.752 3121.367 3116.275 3111.183 3106.091 3101.3 3100.791 3100.282 3099.773 3099.264 3099.016 3099.049 3099.083 3099.116 3099.149 3109.669 3121.383 3133.096 3144.81 3157.719 3173.244 3188.769 3204.293
3189.793 3191.108 3192.423 3193.738 3195.387 3197.742 3200.098 3202.453 3204.808 3207.95 3211.373 3214.795 3218.218 3221.646 3225.1 3228.554 3232.009 3235.463 3236.247 3235.01 3233.773 3232.536 3231.299 3229.967 3228.634 3227.301 3225.967 3223.091 3217.915 3212.738 3207.562 3202.385 3195.0 3187.12 3179.241 3171.363 3163.256 3154.405 3145.553 3136.701 3127.85 3121.43 3116.322 3111.214 3106.106 3101.3 3100.791 3100.282 3099.773 3099.264 3099.155 3099.476 3099.797 3100.118 3100.438 3111.6 3123.995 3136.39 3148.786 3162.323 3178.36 3194.396 3210.432
3193.475 3195.621 3197.767 3199.913 3202.518 3206.093 3209.667 3213.242 3216.817 3220.523 3224.276 3228.029 3231.782 3235.401 3238.28 3241.159 3244.039 3246.918 3246.996 3244.955 3242.913 3240.872 3238.831 3236.674 3234.515 3232.356 3230.197 3226.63 3220.963 3215.297 3209.63 3203.964 3196.293 3188.174 3180.055 3171.937 3163.631 3154.71 3145.789 3136.868 3127.947 3121.493 3116.369 3111.245 3106.121 3101.3 3100.791 3100.282 3099.773 3099.264 3099.293 3099.902 3100.51 3101.119 3101.728 3113.531 3126.607 3139.684 3152.761 3166.927 3183.475 3200.022 3216.57
3197.157 3200.134 3203.111 3206.087 3209.648 3214.443 3219.237 3224.032 3228.827 3233.097 3237.18 3241.263 3245.346 3249.156 3251.46 3253.765 3256.069 3258.373 3257.745 3254.899 3252.054 3249.208 3246.363 3243.38 3240.396 3237.411 3234.427 3230.169 3224.012 3217.856 3211.699 3205.543 3197.586 3189.228 3180.87 3172.511 3164.005 3155.015 3146.025 3137.035 3128.045 3121.556 3116.416 3111.276 3106.136 3101.3 3100.791 3100.282 3099.773 3099.264 3099.432 3100.328 3101.224 3102.12 3103.017 3115.461 3129.22 3142.979 3156.737 3171.531 3188.59 3205.649 3222.708
3200.839 3204.646 3208.454 3212.262 3216.778 3222.793 3228.807 3234.822 3240.836 3245.67 3250.083 3254.497 3258.91 3262.912 3264.641 3266.37 3268.098 3269.827 3268.494 3264.844 3261.194 3257.544 3253.894 3250.086 3246.276 3242.466 3238.656 3233.708 3227.061 3220.415 3213.768 3207.122 3198.88 3190.281 3181.684 3173.085 3164.38 3155.32 3146.261 3137.202 3128.142 3121.619 3116.463 3111.307 3106.151 3101.3 3100.791 3100.282 3099.773 3099.264 3099.57 3100.754 3101.938 3103.122 3104.306 3117.392 3131.832 3146.272 3160.713 3176.135 3193.706 3211.276 3228.846
3209.367 3214.283 3219.198 3224.114 3229.506 3235.906 3242.307 3248.707 3255.107 3259.745 3263.754 3267.763 3271.772 3275.283 3276.045 3276.807 3277.569 3278.332 3276.151 3271.745 3267.339 3262.933 3258.527 3254.01 3249.492 3244.974 3240.456 3234.959 3228.003 3221.047 3214.092 3207.136 3198.757 3190.061 3181.365 3172.668 3163.907 3154.936 3145.963 3136.991 3128.019 3121.551 3116.433 3111.316 3106.198 3101.385 3100.912 3100.439 3099.967 3099.493 3100.049 3101.71 3103.371 3105.032 3106.693 3120.056 3134.751 3149.446 3164.14 3179.777 3197.473 3215.169 3232.865
3221.623 3227.86 3234.096 3240.333 3246.54 3252.684 3258.829 3264.974 3271.118 3274.974 3278.013 3281.053 3284.093 3286.589 3286.083 3285.578 3285.072 3284.567 3281.431 3276.306 3271.181 3266.055 3260.93 3255.794 3250.658 3245.522 3240.386 3234.451 3227.325 3220.198 3213.072 3205.946 3197.545 3188.859 3180.174 3171.488 3162.784 3154.02 3145.255 3136.491 3127.727 3121.383 3116.345 3111.308 3106.27 3101.536 3101.127 3100.718 3100.309 3099.9 3100.788 3103.073 3105.357 3107.641 3109.926 3123.285 3137.906 3152.526 3167.146 3182.678 3200.204 3217.729 3235.255
3233.879 3241.437 3248.994 3256.552 3263.573 3269.462 3275.351 3281.24 3287.129 3290.203 3292.273 3294.343 3296.414 3297.895 3296.121 3294.348 3292.575 3290.802 3286.711 3280.866 3275.022 3269.178 3263.333 3257.578 3251.824 3246.071 3240.317 3233.943 3226.646 3219.35 3212.053 3204.756 3196.333 3187.658 3178.983 3170.308 3161.661 3153.104 3144.548 3135.991 3127.434 3121.215 3116.258 3111.3 3106.342 3101.687 3101.342 3100.996 3100.651 3100.306 3101.528 3104.436 3107.343 3110.251 3113.158 3126.515 3141.06 3155.606 3170.152 3185.579 3202.934 3220.289 3237.645
3246.136 3255.014 3263.893 3272.771 3280.607 3286.24 3291.874 3297.507 3303.14 3305.432 3306.533 3307.634 3308.735 3309.2 3306.159 3303.119 3300.078 3297.037 3291.99 3285.427 3278.864 3272.3 3265.737 3259.362 3252.99 3246.619 3240.247 3233.435 3225.968 3218.501 3211.034 3203.567 3195.121 3186.457 3177.792 3169.128 3160.537 3152.188 3143.84 3135.491 3127.142 3121.048 3116.169 3111.292 3106.413 3101.837 3101.556 3101.275 3100.994 3100.713 3102.268 3105.799 3109.329 3112.86 3116.391 3129.744 3144.215 3158.686 3173.157 3188.48 3205.665 3222.849 3240.034
3258.453 3268.625 3278.798 3288.971 3297.6 3302.968 3308.335 3313.702 3319.069 3320.583 3320.723 3320.863 3321.003 3320.462 3316.153 3311.845 3307.537 3303.228 3297.227 3289.946 3282.664 3275.383 3268.101 3261.11 3254.123 3247.137 3240.15 3232.901 3225.262 3217.623 3209.984 3202.345 3193.876 3185.222 3176.568 3167.914 3159.38 3151.239 3143.098 3134.957 3126.816 3120.851 3116.058 3111.266 3106.474 3101.982 3101.766 3101.551 3101.335 3101.12 3103.011 3107.168 3111.326 3115.483 3119.64 3132.984 3147.373 3161.762 3176.152 3191.364 3208.375 3225.385 3242.396
3274.901 3284.552 3294.202 3303.853 3311.817 3316.214 3320.612 3325.01 3329.408 3330.4 3330.178 3329.956 3329.734 3328.693 3323.133 3317.573 3312.013 3306.453 3299.543 3291.612 3283.68 3275.749 3267.818 3260.408 3253.006 3245.603 3238.201 3230.593 3222.677 3214.76 3206.844 3198.928 3190.396 3181.726 3173.056 3164.386 3155.893 3147.981 3140.069 3132.157 3124.245 3118.672 3114.359 3110.046 3105.733 3101.701 3101.678 3101.654 3101.631 3101.607 3104.005 3109.009 3114.013 3119.018 3124.021 3136.94 3150.76 3164.579 3178.399 3193.084 3209.663 3226.242 3242.822
3291.349 3300.478 3309.606 3318.735 3326.033 3329.461 3332.89 3336.318 3339.747 3340.217 3339.633 3339.048 3338.464 3336.925 3330.114 3323.302 3316.49 3309.678 3301.859 3293.278 3284.697 3276.115 3267.534 3259.705 3251.888 3244.07 3236.252 3228.284 3220.091 3211.898 3203.705 3195.512 3186.916 3178.229 3169.544 3160.858 3152.406 3144.723 3137.04 3129.357 3121.675 3116.492 3112.659 3108.825 3104.992 3101.421 3101.589 3101.757 3101.926 3102.094 3105.0 3110.85 3116.701 3122.552 3128.403 3140.897 3154.146 3167.396 3180.646 3194.805 3210.952 3227.1 3243.247
