data/zism_data/01170_01_D.txt
ncols         224
nrows         224
[rows 140 to 167 of 224, columns 63 to 125 of 224]
1199.514 1199.357 1199.2 1199.044 1198.888 1198.737 1198.585 1198.433 1198.282 1197.747 1197.068 1196.388 1195.708 1194.875 1193.315 1191.755 1190.196 1188.636 1186.886 1185.022 1183.158 1181.294 1179.573 1179.681 1179.789 1179.898 1180.006 1180.793 1182.202 1183.612 1185.021 1186.43 1187.624 1188.812 1189.999 1191.186 1192.051 1192.469 1192.888 1193.307 1193.725 1194.166 1194.609 1195.053 1195.496 1195.948 1196.416 1196.885 1197.353 1197.821 1198.008 1198.111 1198.213 1198.315 1198.455 1198.729 1199.003 1199.278 1199.552 1199.617 1199.578 1199.539 1199.5
1199.715 1199.623 1199.531 1199.439 1199.34 1199.221 1199.101 1198.982 1198.863 1198.432 1197.881 1197.331 1196.781 1196.066 1194.566 1193.065 1191.565 1190.064 1188.371 1186.561 1184.751 1182.941 1181.276 1181.47 1181.665 1181.86 1182.055 1182.906 1184.359 1185.811 1187.264 1188.716 1189.817 1190.907 1191.997 1193.087 1193.788 1193.953 1194.118 1194.282 1194.447 1194.765 1195.106 1195.447 1195.787 1196.184 1196.702 1197.219 1197.736 1198.253 1198.488 1198.639 1198.79 1198.941 1199.094 1199.255 1199.416 1199.576 1199.737 1199.776 1199.753 1199.73 1199.707
1199.916 1199.889 1199.862 1199.835 1199.791 1199.705 1199.618 1199.531 1199.444 1199.116 1198.695 1198.275 1197.855 1197.257 1195.816 1194.375 1192.934 1191.493 1189.856 1188.1 1186.344 1184.587 1182.979 1183.26 1183.542 1183.823 1184.104 1185.019 1186.515 1188.011 1189.506 1191.002 1192.01 1193.002 1193.995 1194.988 1195.526 1195.437 1195.347 1195.258 1195.169 1195.364 1195.602 1195.84 1196.079 1196.421 1196.987 1197.553 1198.118 1198.684 1198.969 1199.168 1199.367 1199.567 1199.733 1199.781 1199.828 1199.875 1199.923 1199.934 1199.927 1199.92 1199.914
1200.0 1200.0 1200.0 1200.0 1199.98 1199.907 1199.833 1199.76 1199.687 1199.403 1199.04 1198.677 1198.314 1197.778 1196.422 1195.066 1193.709 1192.353 1190.811 1189.156 1187.501 1185.846 1184.336 1184.672 1185.008 1185.345 1185.681 1186.62 1188.112 1189.604 1191.095 1192.587 1193.494 1194.383 1195.272 1196.162 1196.588 1196.377 1196.166 1195.955 1195.744 1195.867 1196.041 1196.214 1196.387 1196.68 1197.228 1197.776 1198.325 1198.873 1199.169 1199.389 1199.608 1199.828 1200.0 1200.0 1200.0 1200.0 1200.0 1200.0 1200.0 1200.0 1200.0
1200.0 1200.0 1200.0 1200.0 1199.98 1199.907 1199.833 1199.76 1199.687 1199.407 1199.05 1198.692 1198.334 1197.821 1196.567 1195.314 1194.06 1192.806 1191.387 1189.867 1188.348 1186.828 1185.445 1185.814 1186.182 1186.551 1186.92 1187.855 1189.309 1190.763 1192.216 1193.67 1194.471 1195.252 1196.033 1196.815 1197.167 1196.929 1196.691 1196.453 1196.215 1196.302 1196.437 1196.573 1196.708 1196.954 1197.438 1197.921 1198.405 1198.888 1199.169 1199.389 1199.608 1199.828 1200.0 1200.0 1200.0 1200.0 1200.0 1200.0 1200.0 1200.0 1200.0
1200.0 1200.0 1200.0 1200.0 1199.98 1199.907 1199.833 1199.76 1199.687 1199.411 1199.059 1198.707 1198.354 1197.863 1196.712 1195.561 1194.411 1193.26 1191.963 1190.578 1189.194 1187.809 1186.554 1186.955 1187.356 1187.757 1188.159 1189.089 1190.505 1191.921 1193.338 1194.754 1195.448 1196.121 1196.794 1197.468 1197.746 1197.481 1197.216 1196.951 1196.686 1196.736 1196.834 1196.931 1197.029 1197.229 1197.647 1198.066 1198.484 1198.903 1199.169 1199.389 1199.608 1199.828 1200.0 1200.0 1200.0 1200.0 1200.0 1200.0 1200.0 1200.0 1200.0
1200.0 1200.0 1200.0 1200.0 1199.98 1199.907 1199.833 1199.76 1199.687 1199.415 1199.068 1198.722 1198.375 1197.906 1196.858 1195.809 1194.761 1193.713 1192.539 1191.29 1190.04 1188.791 1187.663 1188.097 1188.53 1188.964 1189.397 1190.324 1191.702 1193.08 1194.459 1195.837 1196.425 1196.99 1197.555 1198.12 1198.325 1198.033 1197.741 1197.449 1197.157 1197.171 1197.23 1197.29 1197.35 1197.503 1197.857 1198.211 1198.564 1198.918 1199.169 1199.389 1199.608 1199.828 1200.0 1200.0 1200.0 1200.0 1200.0 1200.0 1200.0 1200.0 1200.0
1200.0 1200.0 1200.0 1200.0 1199.979 1199.904 1199.828 1199.753 1199.678 1199.408 1199.063 1198.719 1198.375 1197.926 1196.978 1196.03 1195.081 1194.133 1193.083 1191.971 1190.859 1189.746 1188.748 1189.207 1189.667 1190.126 1190.585 1191.502 1192.838 1194.175 1195.511 1196.847 1197.334 1197.795 1198.257 1198.718 1198.854 1198.541 1198.228 1197.916 1197.603 1197.584 1197.609 1197.634 1197.659 1197.769 1198.06 1198.351 1198.642 1198.932 1199.169 1199.389 1199.608 1199.828 1200.0 1200.0 1200.0 1200.0 1200.0 1200.0 1200.0 1200.0 1200.0
1200.0 1200.0 1200.0 1200.0 1199.97 1199.863 1199.755 1199.647 1199.539 1199.233 1198.851 1198.468 1198.086 1197.617 1196.734 1195.851 1194.968 1194.084 1193.163 1192.218 1191.273 1190.329 1189.48 1189.87 1190.259 1190.648 1191.037 1191.867 1193.1 1194.334 1195.567 1196.801 1197.248 1197.672 1198.095 1198.519 1198.662 1198.42 1198.177 1197.935 1197.692 1197.692 1197.728 1197.763 1197.799 1197.906 1198.165 1198.423 1198.682 1198.94 1199.169 1199.389 1199.608 1199.828 1200.0 1200.0 1200.0 1200.0 1200.0 1200.0 1200.0 1200.0 1200.0
1200.0 1200.0 1200.0 1200.0 1199.961 1199.821 1199.681 1199.541 1199.401 1199.058 1198.638 1198.218 1197.798 1197.309 1196.49 1195.672 1194.854 1194.035 1193.243 1192.465 1191.688 1190.911 1190.213 1190.532 1190.851 1191.17 1191.489 1192.231 1193.362 1194.493 1195.624 1196.755 1197.162 1197.548 1197.934 1198.319 1198.471 1198.298 1198.126 1197.953 1197.781 1197.799 1197.846 1197.893 1197.94 1198.043 1198.27 1198.495 1198.722 1198.948 1199.169 1199.389 1199.608 1199.828 1200.0 1200.0 1200.0 1200.0 1200.0 1200.0 1200.0 1200.0 1200.0
1200.0 1200.0 1200.0 1200.0 1199.953 1199.78 1199.607 1199.435 1199.262 1198.883 1198.425 1197.967 1197.509 1197.0 1196.247 1195.493 1194.74 1193.986 1193.322 1192.713 1192.103 1191.493 1190.946 1191.194 1191.443 1191.692 1191.94 1192.596 1193.624 1194.652 1195.68 1196.708 1197.076 1197.424 1197.772 1198.12 1198.279 1198.177 1198.075 1197.972 1197.87 1197.907 1197.965 1198.022 1198.08 1198.181 1198.374 1198.568 1198.761 1198.955 1199.169 1199.389 1199.608 1199.828 1200.0 1200.0 1200.0 1200.0 1200.0 1200.0 1200.0 1200.0 1200.0
1200.0 1200.0 1200.0 1200.0 1199.943 1199.739 1199.533 1199.328 1199.123 1198.708 1198.212 1197.717 1197.221 1196.692 1196.003 1195.315 1194.626 1193.937 1193.402 1192.96 1192.518 1192.076 1191.679 1191.857 1192.035 1192.214 1192.392 1192.96 1193.885 1194.811 1195.737 1196.662 1196.99 1197.3 1197.61 1197.921 1198.087 1198.055 1198.023 1197.991 1197.96 1198.015 1198.083 1198.152 1198.22 1198.318 1198.479 1198.64 1198.801 1198.963 1199.169 1199.389 1199.608 1199.828 1200.0 1200.0 1200.0 1200.0 1200.0 1200.0 1200.0 1200.0 1200.0
1199.983 1199.962 1199.942 1199.921 1199.844 1199.618 1199.392 1199.167 1198.941 1198.507 1197.995 1197.482 1196.969 1196.436 1195.803 1195.17 1194.538 1193.905 1193.455 1193.115 1192.776 1192.436 1192.133 1192.297 1192.461 1192.626 1192.79 1193.296 1194.116 1194.936 1195.756 1196.576 1196.898 1197.206 1197.514 1197.822 1198.007 1198.025 1198.043 1198.061 1198.078 1198.144 1198.218 1198.291 1198.364 1198.455 1198.584 1198.713 1198.841 1198.97 1199.164 1199.378 1199.592 1199.806 1199.974 1199.98 1199.986 1199.992 1199.998 1200.0 1200.0 1200.0 1200.0
1199.952 1199.893 1199.835 1199.776 1199.669 1199.432 1199.196 1198.959 1198.723 1198.286 1197.773 1197.261 1196.748 1196.223 1195.639 1195.055 1194.471 1193.887 1193.485 1193.194 1192.903 1192.612 1192.357 1192.553 1192.75 1192.947 1193.143 1193.609 1194.32 1195.032 1195.744 1196.456 1196.802 1197.136 1197.471 1197.806 1198.021 1198.071 1198.121 1198.172 1198.222 1198.292 1198.365 1198.438 1198.512 1198.592 1198.689 1198.785 1198.881 1198.978 1199.156 1199.359 1199.562 1199.765 1199.928 1199.944 1199.961 1199.978 1199.994 1200.0 1200.0 1200.0 1200.0
1199.92 1199.824 1199.728 1199.631 1199.494 1199.246 1198.999 1198.752 1198.504 1198.065 1197.552 1197.039 1196.527 1196.01 1195.474 1194.939 1194.404 1193.868 1193.516 1193.273 1193.031 1192.788 1192.58 1192.809 1193.038 1193.267 1193.497 1193.921 1194.525 1195.129 1195.732 1196.336 1196.705 1197.067 1197.428 1197.79 1198.035 1198.117 1198.2 1198.282 1198.365 1198.439 1198.513 1198.586 1198.659 1198.729 1198.793 1198.857 1198.921 1198.985 1199.148 1199.34 1199.532 1199.724 1199.881 1199.908 1199.936 1199.963 1199.991 1200.0 1200.0 1200.0 1200.0
1199.889 1199.755 1199.621 1199.487 1199.318 1199.06 1198.802 1198.544 1198.286 1197.843 1197.331 1196.818 1196.305 1195.797 1195.31 1194.823 1194.337 1193.85 1193.546 1193.352 1193.158 1192.965 1192.804 1193.065 1193.327 1193.589 1193.85 1194.234 1194.729 1195.225 1195.72 1196.216 1196.608 1196.997 1197.386 1197.775 1198.048 1198.163 1198.278 1198.393 1198.508 1198.587 1198.66 1198.734 1198.807 1198.867 1198.898 1198.93 1198.961 1198.993 1199.139 1199.321 1199.502 1199.684 1199.834 1199.872 1199.911 1199.949 1199.987 1200.0 1200.0 1200.0 1200.0
1199.855 1199.684 1199.514 1199.343 1199.145 1198.876 1198.608 1198.339 1198.07 1197.626 1197.115 1196.604 1196.093 1195.595 1195.156 1194.718 1194.279 1193.84 1193.584 1193.437 1193.291 1193.144 1193.03 1193.323 1193.617 1193.91 1194.203 1194.548 1194.938 1195.329 1195.719 1196.11 1196.523 1196.938 1197.352 1197.766 1198.068 1198.213 1198.359 1198.504 1198.65 1198.732 1198.805 1198.878 1198.95 1199.0 1199.0 1199.0 1199.0 1199.0 1199.131 1199.302 1199.473 1199.643 1199.788 1199.837 1199.886 1199.935 1199.984 1200.0 1200.0 1200.0 1200.0
1199.716 1199.556 1199.397 1199.237 1199.044 1198.764 1198.485 1198.205 1197.925 1197.525 1197.079 1196.633 1196.187 1195.748 1195.342 1194.936 1194.529 1194.123 1193.879 1193.732 1193.586 1193.439 1193.326 1193.636 1193.945 1194.255 1194.565 1194.914 1195.299 1195.684 1196.069 1196.454 1196.841 1197.229 1197.616 1198.003 1198.275 1198.388 1198.501 1198.615 1198.728 1198.792 1198.848 1198.905 1198.961 1199.0 1199.0 1199.0 1199.0 1199.0 1199.127 1199.292 1199.458 1199.623 1199.764 1199.819 1199.873 1199.927 1199.982 1200.0 1200.0 1200.0 1200.0
1199.578 1199.429 1199.28 1199.131 1198.943 1198.652 1198.362 1198.071 1197.781 1197.424 1197.043 1196.662 1196.281 1195.901 1195.527 1195.154 1194.78 1194.406 1194.174 1194.028 1193.881 1193.735 1193.622 1193.948 1194.274 1194.6 1194.926 1195.28 1195.66 1196.039 1196.419 1196.799 1197.159 1197.52 1197.88 1198.24 1198.483 1198.564 1198.644 1198.725 1198.806 1198.851 1198.892 1198.932 1198.973 1199.0 1199.0 1199.0 1199.0 1199.0 1199.123 1199.283 1199.443 1199.603 1199.741 1199.801 1199.86 1199.92 1199.98 1200.0 1200.0 1200.0 1200.0
1199.439 1199.301 1199.163 1199.024 1198.841 1198.54 1198.239 1197.937 1197.636 1197.324 1197.008 1196.691 1196.375 1196.054 1195.713 1195.372 1195.03 1194.689 1194.469 1194.323 1194.176 1194.03 1193.919 1194.261 1194.603 1194.945 1195.287 1195.646 1196.02 1196.395 1196.769 1197.143 1197.478 1197.811 1198.144 1198.477 1198.691 1198.739 1198.787 1198.836 1198.884 1198.911 1198.935 1198.959 1198.984 1199.0 1199.0 1199.0 1199.0 1199.0 1199.119 1199.273 1199.428 1199.582 1199.717 1199.783 1199.848 1199.913 1199.978 1200.0 1200.0 1200.0 1200.0
1199.3 1199.173 1199.046 1198.918 1198.74 1198.428 1198.116 1197.804 1197.491 1197.223 1196.972 1196.72 1196.469 1196.208 1195.899 1195.59 1195.281 1194.972 1194.764 1194.618 1194.471 1194.325 1194.215 1194.573 1194.932 1195.29 1195.648 1196.012 1196.381 1196.75 1197.119 1197.488 1197.796 1198.102 1198.408 1198.714 1198.898 1198.914 1198.93 1198.946 1198.962 1198.971 1198.979 1198.987 1198.995 1199.0 1199.0 1199.0 1199.0 1199.0 1199.115 1199.264 1199.413 1199.562 1199.694 1199.765 1199.835 1199.906 1199.976 1200.0 1200.0 1200.0 1200.0
1199.206 1199.098 1198.99 1198.881 1198.725 1198.444 1198.162 1197.881 1197.599 1197.351 1197.114 1196.878 1196.642 1196.396 1196.102 1195.809 1195.516 1195.224 1195.032 1194.902 1194.772 1194.642 1194.548 1194.915 1195.281 1195.647 1196.013 1196.375 1196.733 1197.091 1197.449 1197.807 1198.094 1198.379 1198.663 1198.948 1199.113 1199.113 1199.113 1199.113 1199.113 1199.091 1199.067 1199.042 1199.017 1199.0 1199.0 1199.0 1199.0 1199.0 1199.113 1199.259 1199.406 1199.552 1199.682 1199.756 1199.829 1199.902 1199.976 1200.0 1200.0 1200.0 1200.0
1199.155 1199.073 1198.992 1198.911 1198.794 1198.583 1198.371 1198.16 1197.949 1197.696 1197.427 1197.158 1196.89 1196.617 1196.324 1196.031 1195.738 1195.445 1195.274 1195.176 1195.079 1194.981 1194.917 1195.283 1195.65 1196.016 1196.382 1196.736 1197.077 1197.419 1197.761 1198.103 1198.373 1198.642 1198.91 1199.179 1199.334 1199.334 1199.334 1199.334 1199.334 1199.271 1199.197 1199.124 1199.05 1199.0 1199.0 1199.0 1199.0 1199.0 1199.113 1199.259 1199.406 1199.552 1199.682 1199.756 1199.829 1199.902 1199.976 1200.0 1200.0 1200.0 1200.0
1199.103 1199.049 1198.995 1198.941 1198.862 1198.721 1198.58 1198.439 1198.298 1198.041 1197.74 1197.439 1197.138 1196.838 1196.545 1196.252 1195.959 1195.666 1195.515 1195.45 1195.385 1195.32 1195.286 1195.652 1196.019 1196.385 1196.751 1197.096 1197.422 1197.747 1198.073 1198.398 1198.653 1198.905 1199.157 1199.409 1199.556 1199.556 1199.556 1199.556 1199.556 1199.45 1199.327 1199.205 1199.083 1199.0 1199.0 1199.0 1199.0 1199.0 1199.113 1199.259 1199.406 1199.552 1199.682 1199.756 1199.829 1199.902 1199.976 1200.0 1200.0 1200.0 1200.0
1199.052 1199.025 1198.997 1198.97 1198.931 1198.86 1198.789 1198.719 1198.648 1198.387 1198.053 1197.72 1197.386 1197.059 1196.766 1196.474 1196.18 1195.887 1195.757 1195.724 1195.691 1195.659 1195.655 1196.021 1196.387 1196.754 1197.12 1197.456 1197.766 1198.075 1198.385 1198.694 1198.932 1199.168 1199.404 1199.64 1199.777 1199.777 1199.777 1199.777 1199.777 1199.629 1199.458 1199.287 1199.116 1199.0 1199.0 1199.0 1199.0 1199.0 1199.113 1199.259 1199.406 1199.552 1199.682 1199.756 1199.829 1199.902 1199.976 1200.0 1200.0 1200.0 1200.0
1199.0 1199.0 1199.0 1199.0 1199.0 1198.999 1198.999 1198.998 1198.997 1198.732 1198.366 1198.0 1197.634 1197.281 1196.988 1196.695 1196.402 1196.109 1195.998 1195.998 1195.998 1195.998 1196.024 1196.39 1196.756 1197.123 1197.489 1197.817 1198.11 1198.403 1198.696 1198.989 1199.211 1199.431 1199.651 1199.871 1199.998 1199.998 1199.998 1199.998 1199.998 1199.808 1199.588 1199.369 1199.149 1199.0 1199.0 1199.0 1199.0 1199.0 1199.113 1199.259 1199.406 1199.552 1199.682 1199.756 1199.829 1199.902 1199.976 1200.0 1200.0 1200.0 1200.0
1199.22 1199.22 1199.22 1199.22 1199.206 1199.158 1199.11 1199.062 1199.013 1198.77 1198.452 1198.134 1197.816 1197.501 1197.203 1196.905 1196.606 1196.308 1196.199 1196.204 1196.209 1196.215 1196.246 1196.613 1196.979 1197.345 1197.711 1198.022 1198.283 1198.544 1198.805 1199.066 1199.271 1199.475 1199.678 1199.882 1200.0 1200.0 1200.0 1200.0 1200.0 1199.846 1199.669 1199.493 1199.316 1199.192 1199.181 1199.17 1199.16 1199.149 1199.243 1199.368 1199.493 1199.618 1199.729 1199.792 1199.854 1199.917 1199.979 1200.0 1200.0 1200.0 1200.0
1199.441 1199.441 1199.441 1199.441 1199.414 1199.318 1199.221 1199.124 1199.027 1198.805 1198.536 1198.266 1197.997 1197.722 1197.418 1197.114 1196.81 1196.507 1196.399 1196.41 1196.42 1196.431 1196.468 1196.834 1197.2 1197.566 1197.933 1198.227 1198.455 1198.684 1198.912 1199.14 1199.329 1199.516 1199.704 1199.891 1200.0 1200.0 1200.0 1200.0 1200.0 1199.884 1199.75 1199.617 1199.483 1199.385 1199.364 1199.342 1199.321 1199.299 1199.374 1199.477 1199.58 1199.684 1199.776 1199.828 1199.879 1199.931 1199.983 1200.0 1200.0 1200.0 1200.0
