data/zism_data/01176_04_D.txt
ncols         224
nrows         224
[rows 174 to 202 of 224, columns 65 to 129 of 224]
1713.747 1707.903 1705.722 1703.707 1701.692 1699.677 1698.586 1698.77 1698.954 1699.139 1699.323 1697.98 1696.437 1694.894 1693.351 1691.165 1687.775 1684.385 1680.994 1677.604 1673.979 1670.299 1666.619 1662.939 1659.106 1654.87 1650.633 1646.396 1642.16 1638.089 1634.078 1630.067 1626.056 1622.291 1619.489 1616.687 1613.885 1611.083 1610.214 1610.311 1610.408 1610.505 1610.61 1610.771 1610.931 1611.092 1611.253 1611.321 1611.325 1611.329 1611.334 1611.322 1611.047 1610.772 1610.497 1610.222 1609.81 1609.271 1608.732 1608.194 1607.655 1607.0 1606.344 1605.687 1605.03
1709.388 1703.39 1701.43 1699.652 1697.875 1696.098 1695.261 1695.722 1696.182 1696.642 1697.102 1695.792 1694.25 1692.708 1691.166 1689.005 1685.686 1682.366 1679.047 1675.727 1672.231 1668.695 1665.158 1661.621 1657.858 1653.497 1649.136 1644.775 1640.415 1636.186 1632.004 1627.822 1623.64 1619.735 1616.919 1614.103 1611.287 1608.471 1607.718 1607.995 1608.272 1608.55 1608.83 1609.13 1609.43 1609.73 1610.03 1610.211 1610.31 1610.41 1610.509 1610.592 1610.396 1610.202 1610.006 1609.812 1609.426 1608.865 1608.303 1607.742 1607.181 1606.545 1605.908 1605.271 1604.633
1705.717 1699.763 1697.655 1695.721 1693.787 1691.853 1690.783 1690.903 1691.023 1691.143 1691.263 1689.923 1688.392 1686.86 1685.329 1683.32 1680.416 1677.513 1674.609 1671.705 1668.428 1665.064 1661.7 1658.336 1654.695 1650.323 1645.952 1641.58 1637.208 1633.033 1628.927 1624.82 1620.714 1616.928 1614.404 1611.88 1609.355 1606.831 1606.236 1606.605 1606.974 1607.343 1607.713 1608.083 1608.453 1608.823 1609.193 1609.412 1609.528 1609.644 1609.759 1609.857 1609.673 1609.489 1609.305 1609.12 1608.754 1608.22 1607.686 1607.152 1606.618 1605.976 1605.334 1604.691 1604.048
1702.047 1696.136 1693.88 1691.789 1689.699 1687.608 1686.304 1686.084 1685.864 1685.644 1685.424 1684.054 1682.533 1681.013 1679.492 1677.635 1675.147 1672.659 1670.171 1667.683 1664.624 1661.433 1658.242 1655.051 1651.532 1647.15 1642.767 1638.385 1634.002 1629.88 1625.849 1621.818 1617.788 1614.122 1611.889 1609.656 1607.423 1605.191 1604.754 1605.215 1605.676 1606.137 1606.595 1607.035 1607.476 1607.916 1608.357 1608.614 1608.745 1608.877 1609.009 1609.123 1608.95 1608.776 1608.603 1608.429 1608.082 1607.575 1607.068 1606.561 1606.054 1605.408 1604.76 1604.112 1603.463
1698.377 1692.509 1690.104 1687.857 1685.61 1683.363 1681.825 1681.265 1680.705 1680.144 1679.584 1678.184 1676.675 1675.165 1673.655 1671.95 1669.877 1667.805 1665.733 1663.661 1660.821 1657.803 1654.784 1651.766 1648.369 1643.976 1639.583 1635.189 1630.796 1626.727 1622.772 1618.816 1614.861 1611.315 1609.374 1607.432 1605.491 1603.55 1603.272 1603.824 1604.377 1604.93 1605.477 1605.988 1606.499 1607.009 1607.52 1607.815 1607.963 1608.111 1608.259 1608.389 1608.226 1608.064 1607.901 1607.738 1607.41 1606.93 1606.45 1605.97 1605.49 1604.839 1604.186 1603.532 1602.879
1694.706 1688.882 1686.329 1683.926 1681.522 1679.119 1677.347 1676.446 1675.546 1674.645 1673.745 1672.315 1670.816 1669.317 1667.818 1666.265 1664.608 1662.952 1661.295 1659.639 1657.017 1654.172 1651.326 1648.481 1645.207 1640.802 1636.398 1631.994 1627.59 1623.574 1619.694 1615.815 1611.935 1608.508 1606.859 1605.209 1603.559 1601.91 1601.79 1602.434 1603.079 1603.723 1604.36 1604.941 1605.521 1606.102 1606.683 1607.016 1607.18 1607.344 1607.509 1607.655 1607.503 1607.351 1607.199 1607.047 1606.738 1606.285 1605.832 1605.379 1604.926 1604.27 1603.611 1602.953 1602.294
1691.392 1685.748 1682.903 1680.185 1677.467 1674.749 1672.601 1671.239 1669.876 1668.513 1667.151 1665.596 1664.015 1662.435 1660.855 1659.431 1658.3 1657.169 1656.039 1654.908 1652.548 1649.902 1647.256 1644.61 1641.496 1637.15 1632.803 1628.457 1624.11 1620.314 1616.712 1613.111 1609.509 1606.367 1605.033 1603.699 1602.365 1601.03 1601.017 1601.664 1602.312 1602.959 1603.596 1604.17 1604.744 1605.317 1605.891 1606.213 1606.364 1606.515 1606.665 1606.8 1606.671 1606.542 1606.412 1606.283 1606.001 1605.578 1605.155 1604.731 1604.308 1603.686 1603.06 1602.434 1601.809
1688.369 1683.016 1679.76 1676.6 1673.439 1670.279 1667.638 1665.714 1663.79 1661.866 1659.941 1658.183 1656.446 1654.709 1652.972 1651.66 1651.145 1650.63 1650.115 1649.6 1647.535 1645.11 1642.686 1640.261 1637.339 1633.106 1628.873 1624.64 1620.407 1616.967 1613.808 1610.649 1607.49 1604.77 1603.77 1602.771 1601.771 1600.772 1600.823 1601.4 1601.977 1602.554 1603.122 1603.625 1604.129 1604.632 1605.136 1605.407 1605.52 1605.633 1605.746 1605.846 1605.75 1605.653 1605.556 1605.459 1605.209 1604.819 1604.428 1604.037 1603.647 1603.088 1602.527 1601.967 1601.406
1685.346 1680.285 1676.618 1673.015 1669.411 1665.808 1662.675 1660.189 1657.703 1655.218 1652.732 1650.77 1648.876 1646.983 1645.089 1643.889 1643.99 1644.09 1644.191 1644.291 1642.522 1640.319 1638.116 1635.913 1633.182 1629.062 1624.942 1620.823 1616.703 1613.621 1610.904 1608.188 1605.472 1603.172 1602.507 1601.843 1601.178 1600.513 1600.63 1601.136 1601.643 1602.15 1602.647 1603.08 1603.514 1603.947 1604.38 1604.601 1604.676 1604.751 1604.826 1604.893 1604.829 1604.764 1604.7 1604.636 1604.418 1604.06 1603.701 1603.343 1602.985 1602.491 1601.995 1601.499 1601.003
1682.323 1677.553 1673.476 1669.43 1665.384 1661.338 1657.711 1654.664 1651.617 1648.57 1645.522 1643.357 1641.307 1639.256 1637.206 1636.118 1636.834 1637.55 1638.266 1638.982 1637.509 1635.527 1633.545 1631.564 1629.025 1625.018 1621.012 1617.006 1612.999 1610.274 1608.0 1605.727 1603.454 1601.574 1601.245 1600.915 1600.585 1600.255 1600.436 1600.872 1601.309 1601.746 1602.173 1602.536 1602.899 1603.262 1603.625 1603.795 1603.832 1603.869 1603.906 1603.94 1603.908 1603.876 1603.844 1603.812 1603.627 1603.301 1602.975 1602.649 1602.323 1601.893 1601.462 1601.031 1600.6
1679.289 1674.808 1670.325 1665.842 1661.359 1656.876 1652.762 1649.158 1645.554 1641.95 1638.346 1635.98 1633.775 1631.57 1629.365 1628.389 1629.714 1631.039 1632.364 1633.689 1632.511 1630.752 1628.993 1627.234 1624.888 1620.999 1617.109 1613.219 1609.329 1606.96 1605.127 1603.294 1601.461 1600.0 1600.0 1600.0 1600.0 1600.0 1600.245 1600.612 1600.979 1601.345 1601.703 1601.995 1602.288 1602.58 1602.872 1602.991 1602.991 1602.991 1602.991 1602.99 1602.99 1602.99 1602.99 1602.99 1602.837 1602.544 1602.25 1601.957 1601.663 1601.298 1600.932 1600.565 1600.199
1675.478 1671.105 1666.585 1662.059 1657.533 1653.006 1648.772 1644.942 1641.111 1637.28 1633.45 1631.042 1628.821 1626.6 1624.379 1623.452 1624.95 1626.448 1627.946 1629.444 1628.553 1627.107 1625.661 1624.215 1622.185 1618.62 1615.054 1611.488 1607.922 1605.852 1604.311 1602.77 1601.229 1600.0 1600.0 1600.0 1600.0 1600.0 1600.223 1600.558 1600.892 1601.227 1601.542 1601.732 1601.922 1602.112 1602.302 1602.372 1602.361 1602.35 1602.339 1602.329 1602.329 1602.329 1602.329 1602.329 1602.193 1601.932 1601.671 1601.41 1601.149 1600.848 1600.546 1600.244 1599.943
1671.666 1667.401 1662.845 1658.276 1653.706 1649.137 1644.783 1640.725 1636.668 1632.61 1628.553 1626.104 1623.867 1621.63 1619.393 1618.515 1620.186 1621.857 1623.528 1625.198 1624.594 1623.461 1622.328 1621.196 1619.482 1616.24 1612.999 1609.757 1606.515 1604.745 1603.496 1602.246 1600.996 1600.0 1600.0 1600.0 1600.0 1600.0 1600.201 1600.504 1600.806 1601.108 1601.382 1601.469 1601.557 1601.644 1601.731 1601.754 1601.732 1601.71 1601.688 1601.668 1601.668 1601.668 1601.668 1601.668 1601.548 1601.32 1601.091 1600.862 1600.634 1600.397 1600.16 1599.923 1599.686
1667.855 1663.698 1659.105 1654.493 1649.88 1645.267 1640.793 1636.509 1632.224 1627.94 1623.656 1621.167 1618.914 1616.66 1614.407 1613.579 1615.422 1617.266 1619.109 1620.953 1620.635 1619.816 1618.996 1618.177 1616.779 1613.861 1610.943 1608.025 1605.108 1603.638 1602.68 1601.722 1600.764 1600.0 1600.0 1600.0 1600.0 1600.0 1600.18 1600.45 1600.719 1600.989 1601.222 1601.206 1601.191 1601.176 1601.16 1601.135 1601.102 1601.07 1601.037 1601.006 1601.006 1601.006 1601.006 1601.006 1600.904 1600.708 1600.511 1600.315 1600.119 1599.947 1599.774 1599.602 1599.43
1664.044 1659.995 1655.366 1650.71 1646.054 1641.398 1636.803 1632.292 1627.781 1623.27 1618.759 1616.229 1613.96 1611.69 1609.421 1608.642 1610.658 1612.675 1614.691 1616.707 1616.676 1616.17 1615.664 1615.157 1614.076 1611.482 1608.888 1606.294 1603.7 1602.531 1601.864 1601.198 1600.531 1600.0 1600.0 1600.0 1600.0 1600.0 1600.158 1600.396 1600.633 1600.87 1601.061 1600.943 1600.825 1600.708 1600.59 1600.516 1600.473 1600.429 1600.386 1600.345 1600.345 1600.345 1600.345 1600.345 1600.26 1600.096 1599.932 1599.768 1599.604 1599.496 1599.389 1599.281 1599.174
1660.055 1655.992 1651.412 1646.809 1642.206 1637.602 1633.034 1628.516 1623.998 1619.479 1614.961 1612.553 1610.422 1608.292 1606.161 1605.455 1607.419 1609.384 1611.348 1613.313 1613.438 1613.136 1612.835 1612.533 1611.695 1609.446 1607.196 1604.947 1602.698 1601.767 1601.302 1600.836 1600.371 1600.0 1600.0 1600.0 1600.0 1600.0 1600.131 1600.329 1600.526 1600.723 1600.875 1600.721 1600.568 1600.414 1600.261 1600.173 1600.129 1600.085 1600.041 1600.0 1600.0 1600.0 1600.0 1600.0 1599.925 1599.78 1599.636 1599.492 1599.347 1599.324 1599.302 1599.28 1599.258
1655.871 1651.663 1647.227 1642.78 1638.333 1633.886 1629.507 1625.22 1620.934 1616.648 1612.362 1610.253 1608.43 1606.607 1604.784 1604.176 1605.843 1607.51 1609.178 1610.845 1610.985 1610.77 1610.554 1610.339 1609.665 1607.783 1605.901 1604.019 1602.136 1601.377 1601.015 1600.652 1600.289 1600.0 1600.0 1600.0 1600.0 1600.0 1600.099 1600.248 1600.396 1600.545 1600.659 1600.543 1600.428 1600.312 1600.197 1600.13 1600.097 1600.064 1600.031 1600.0 1600.0 1600.0 1600.0 1600.0 1599.927 1599.789 1599.65 1599.511 1599.372 1599.454 1599.541 1599.627 1599.713
1651.688 1647.334 1643.041 1638.75 1634.46 1630.17 1625.979 1621.925 1617.871 1613.817 1609.763 1607.953 1606.438 1604.923 1603.408 1602.896 1604.267 1605.637 1607.008 1608.378 1608.532 1608.403 1608.274 1608.146 1607.635 1606.12 1604.605 1603.09 1601.575 1600.988 1600.728 1600.468 1600.207 1600.0 1600.0 1600.0 1600.0 1600.0 1600.067 1600.167 1600.267 1600.367 1600.443 1600.366 1600.288 1600.21 1600.132 1600.088 1600.065 1600.043 1600.021 1600.0 1600.0 1600.0 1600.0 1600.0 1599.93 1599.797 1599.663 1599.53 1599.396 1599.585 1599.78 1599.974 1600.168
1647.504 1643.004 1638.855 1634.721 1630.588 1626.454 1622.451 1618.629 1614.808 1610.986 1607.164 1605.654 1604.446 1603.239 1602.031 1601.617 1602.691 1603.764 1604.838 1605.911 1606.079 1606.037 1605.994 1605.952 1605.605 1604.457 1603.31 1602.162 1601.014 1600.598 1600.441 1600.283 1600.126 1600.0 1600.0 1600.0 1600.0 1600.0 1600.034 1600.086 1600.137 1600.188 1600.228 1600.188 1600.148 1600.108 1600.068 1600.045 1600.034 1600.022 1600.011 1600.0 1600.0 1600.0 1600.0 1600.0 1599.933 1599.805 1599.677 1599.549 1599.42 1599.716 1600.019 1600.321 1600.623
1643.321 1638.675 1634.669 1630.692 1626.715 1622.738 1618.924 1615.334 1611.744 1608.155 1604.565 1603.354 1602.454 1601.554 1600.655 1600.338 1601.115 1601.891 1602.668 1603.444 1603.626 1603.67 1603.714 1603.758 1603.575 1602.795 1602.014 1601.233 1600.453 1600.208 1600.154 1600.099 1600.044 1600.0 1600.0 1600.0 1600.0 1600.0 1600.002 1600.005 1600.008 1600.01 1600.012 1600.01 1600.008 1600.006 1600.004 1600.002 1600.002 1600.001 1600.001 1600.0 1600.0 1600.0 1600.0 1600.0 1599.936 1599.813 1599.69 1599.568 1599.445 1599.847 1600.257 1600.668 1601.078
1640.268 1635.543 1631.659 1627.813 1623.967 1620.121 1616.547 1613.347 1610.147 1606.948 1603.748 1602.719 1601.974 1601.23 1600.485 1600.209 1600.811 1601.412 1602.014 1602.616 1602.76 1602.799 1602.838 1602.877 1602.739 1602.138 1601.536 1600.935 1600.333 1600.215 1600.268 1600.321 1600.373 1600.397 1600.305 1600.214 1600.122 1600.031 1600.0 1600.0 1600.0 1600.0 1600.0 1600.0 1600.0 1600.0 1600.0 1600.0 1600.0 1600.0 1600.0 1600.0 1600.0 1600.0 1600.0 1600.0 1600.037 1600.108 1600.179 1600.249 1600.32 1601.609 1602.916 1604.222 1605.529
1637.285 1632.485 1628.721 1625.005 1621.288 1617.572 1614.241 1611.441 1608.641 1605.84 1603.04 1602.186 1601.588 1600.989 1600.39 1600.151 1600.585 1601.02 1601.454 1601.888 1601.993 1602.021 1602.048 1602.077 1601.977 1601.543 1601.109 1600.675 1600.24 1600.246 1600.407 1600.567 1600.728 1600.818 1600.629 1600.44 1600.252 1600.063 1600.0 1600.0 1600.0 1600.0 1600.0 1600.0 1600.0 1600.0 1600.0 1600.0 1600.0 1600.0 1600.0 1600.0 1600.0 1600.0 1600.0 1600.0 1600.144 1600.42 1600.696 1600.972 1601.248 1603.471 1605.723 1607.974 1610.226
1634.303 1629.426 1625.783 1622.197 1618.61 1615.023 1611.935 1609.534 1607.134 1604.733 1602.333 1601.654 1601.201 1600.748 1600.295 1600.093 1600.36 1600.626 1600.893 1601.16 1601.224 1601.242 1601.259 1601.276 1601.215 1600.948 1600.681 1600.415 1600.148 1600.277 1600.545 1600.814 1601.083 1601.239 1600.953 1600.667 1600.381 1600.095 1600.0 1600.0 1600.0 1600.0 1600.0 1600.0 1600.0 1600.0 1600.0 1600.0 1600.0 1600.0 1600.0 1600.0 1600.0 1600.0 1600.0 1600.0 1600.251 1600.732 1601.214 1601.695 1602.176 1605.333 1608.529 1611.726 1614.922
1631.32 1626.368 1622.846 1619.388 1615.931 1612.474 1609.629 1607.628 1605.627 1603.626 1601.625 1601.121 1600.814 1600.507 1600.2 1600.035 1600.134 1600.234 1600.333 1600.432 1600.456 1600.463 1600.469 1600.476 1600.453 1600.353 1600.254 1600.155 1600.055 1600.307 1600.684 1601.061 1601.438 1601.66 1601.277 1600.894 1600.511 1600.128 1600.0 1600.0 1600.0 1600.0 1600.0 1600.0 1600.0 1600.0 1600.0 1600.0 1600.0 1600.0 1600.0 1600.0 1600.0 1600.0 1600.0 1600.0 1600.358 1601.045 1601.731 1602.417 1603.104 1607.195 1611.336 1615.478 1619.619
1628.433 1623.399 1620.035 1616.747 1613.459 1610.171 1607.583 1605.962 1604.341 1602.72 1601.099 1600.733 1600.532 1600.332 1600.131 1600.0 1600.0 1600.0 1600.0 1600.0 1600.011 1600.024 1600.037 1600.05 1600.102 1600.255 1600.409 1600.562 1600.715 1601.133 1601.644 1602.155 1602.666 1602.951 1602.345 1601.74 1601.135 1600.53 1600.28 1600.208 1600.135 1600.063 1600.0 1600.0 1600.0 1600.0 1600.0 1600.0 1600.0 1600.0 1600.0 1600.001 1600.019 1600.036 1600.054 1600.071 1600.528 1601.386 1602.245 1603.104 1603.962 1608.543 1613.178 1617.813 1622.448
1625.688 1620.562 1617.411 1614.349 1611.288 1608.227 1605.918 1604.648 1603.378 1602.108 1600.837 1600.556 1600.403 1600.251 1600.099 1600.0 1600.0 1600.0 1600.0 1600.0 1600.037 1600.083 1600.128 1600.174 1600.353 1600.884 1601.416 1601.947 1602.478 1603.122 1603.806 1604.49 1605.174 1605.514 1604.504 1603.493 1602.483 1601.473 1600.969 1600.719 1600.468 1600.218 1600.0 1600.0 1600.0 1600.0 1600.0 1600.0 1600.0 1600.0 1600.0 1600.004 1600.064 1600.125 1600.186 1600.246 1600.788 1601.771 1602.754 1603.737 1604.72 1609.137 1613.605 1618.072 1622.54
1622.942 1617.724 1614.786 1611.952 1609.117 1606.283 1604.253 1603.334 1602.415 1601.495 1600.576 1600.378 1600.275 1600.171 1600.068 1600.0 1600.0 1600.0 1600.0 1600.0 1600.063 1600.141 1600.219 1600.297 1600.604 1601.513 1602.422 1603.332 1604.241 1605.111 1605.968 1606.825 1607.681 1608.077 1606.662 1605.246 1603.831 1602.416 1601.659 1601.23 1600.801 1600.373 1600.0 1600.0 1600.0 1600.0 1600.0 1600.0 1600.0 1600.0 1600.0 1600.006 1600.11 1600.214 1600.318 1600.422 1601.049 1602.156 1603.263 1604.37 1605.477 1609.731 1614.032 1618.332 1622.632
1620.197 1614.887 1612.162 1609.554 1606.946 1604.339 1602.588 1602.02 1601.452 1600.883 1600.315 1600.201 1600.146 1600.091 1600.036 1600.0 1600.0 1600.0 1600.0 1600.0 1600.09 1600.2 1600.31 1600.421 1600.855 1602.142 1603.429 1604.717 1606.004 1607.101 1608.13 1609.159 1610.189 1610.64 1608.82 1607.0 1605.18 1603.359 1602.348 1601.741 1601.135 1600.528 1600.0 1600.0 1600.0 1600.0 1600.0 1600.0 1600.0 1600.0 1600.0 1600.009 1600.156 1600.303 1600.45 1600.597 1601.31 1602.541 1603.772 1605.004 1606.235 1610.326 1614.459 1618.592 1622.724
1617.451 1612.05 1609.538 1607.157 1604.776 1602.395 1600.923 1600.706 1600.488 1600.271 1600.054 1600.023 1600.017 1600.01 1600.004 1600.0 1600.0 1600.0 1600.0 1600.0 1600.116 1600.259 1600.401 1600.544 1601.106 1602.771 1604.436 1606.102 1607.767 1609.09 1610.292 1611.494 1612.696 1613.203 1610.978 1608.753 1606.528 1604.303 1603.038 1602.253 1601.468 1600.683 1600.0 1600.0 1600.0 1600.0 1600.0 1600.0 1600.0 1600.0 1600.0 1600.011 1600.201 1600.392 1600.582 1600.772 1601.57 1602.926 1604.281 1605.637 1606.993 1610.92 1614.886 1618.851 1622.817
