data/zism_data/01172_02_D.txt
ncols         224
nrows         224
[rows 0 to 27 of 224, columns 0 to 62 of 224]
425.1887 417.5336 413.7661 409.9987 406.231 404.4779 414.5071 424.5364 434.5656 444.5948 454.5516 464.4552 474.3588 484.2623 494.0872 493.1855 492.2838 491.3821 490.4804 488.2435 484.293 480.3425 476.3921 472.4416 471.8772 471.8251 471.773 471.7209 472.1463 473.69 475.2337 476.7774 478.321 480.3716 482.6097 484.8478 487.0858 488.5002 485.6085 482.7166 479.8249 476.9331 471.5274 464.3838 457.2401 450.0965 442.945 435.4454 427.9459 420.4463 412.9467 411.3131 416.7755 422.238 427.7004 433.1628 443.5761 454.644 465.7119 476.7798 485.3181 488.3267 491.3353
420.4848 413.881 410.9225 407.9639 405.0052 403.8738 413.4294 422.985 432.5406 442.0962 451.9507 462.0245 472.0984 482.1722 492.167 491.3878 490.6084 489.8292 489.0499 486.2711 480.9263 475.5815 470.2368 464.892 463.0859 461.8151 460.5443 459.2735 458.7845 460.1259 461.4674 462.8089 464.1503 466.053 468.1634 470.2738 472.3842 473.7357 471.1207 468.5056 465.8906 463.2755 458.6311 452.5837 446.5364 440.489 434.4378 428.2154 421.993 415.7707 409.5483 408.532 413.8135 419.095 424.3765 429.6581 440.4215 451.9098 463.3981 474.8864 483.6181 486.3232 489.0285
415.7809 410.2284 408.0788 405.9292 403.7795 403.2697 412.3516 421.4336 430.5156 439.5976 449.3497 459.5938 469.838 480.0822 490.2469 489.59 488.9331 488.2762 487.6193 484.2986 477.5596 470.8206 464.0815 457.3425 454.2946 451.8051 449.3157 446.8261 445.4227 446.5619 447.7011 448.8404 449.9796 451.7345 453.7171 455.6998 457.6824 458.9713 456.633 454.2946 451.9562 449.6179 445.7348 440.7837 435.8326 430.8815 425.9306 420.9854 416.0402 411.0951 406.1499 405.7509 410.8515 415.9521 421.0527 426.1533 437.2669 449.1756 461.0844 472.9931 481.918 484.3198 486.7217
411.0771 406.5759 405.2351 403.8944 402.5537 402.6655 411.2739 419.8822 428.4906 437.0989 446.7487 457.1632 467.5776 477.9921 488.3268 487.7923 487.2578 486.7232 486.1888 482.3262 474.1929 466.0596 457.9262 449.7929 445.5033 441.7952 438.087 434.3788 432.0609 432.9979 433.9348 434.8719 435.8089 437.4159 439.2708 441.1258 442.9807 444.2068 442.1452 440.0835 438.0219 435.9603 432.8385 428.9837 425.1289 421.2741 417.4234 413.7554 410.0874 406.4194 402.7515 402.9699 407.8895 412.8092 417.7288 422.6485 434.1123 446.4414 458.7706 471.0997 480.2179 482.3164 484.4149
406.3732 402.9233 402.3915 401.8597 401.3279 402.0614 410.1961 418.3308 426.4656 434.6003 444.1478 454.7325 465.3173 475.902 486.4066 485.9945 485.5824 485.1703 484.7582 480.3538 470.8262 461.2986 451.771 442.2433 436.712 431.7852 426.8584 421.9314 418.699 419.4338 420.1686 420.9034 421.6382 423.0974 424.8246 426.5518 428.2791 429.4423 427.6574 425.8725 424.0876 422.3028 419.9422 417.1837 414.4251 411.6666 408.9161 406.5254 404.1346 401.7438 399.3531 400.1888 404.9275 409.6662 414.405 419.1437 430.9577 443.7072 456.4568 469.2064 478.5178 480.313 482.1082
403.1035 400.3636 400.1676 399.9716 399.7756 400.6571 407.8418 415.0266 422.2112 429.3959 438.4381 448.844 459.2499 469.6558 479.9844 479.786 479.5877 479.3893 479.191 474.7649 464.9132 455.0616 445.2099 435.3583 429.6781 424.629 419.5799 414.5306 411.1442 411.6506 412.1571 412.6635 413.17 414.3719 415.8311 417.2903 418.7495 419.7411 418.2885 416.8357 415.3831 413.9304 412.1454 410.1308 408.1161 406.1015 404.0963 402.5161 400.936 399.3558 397.7756 398.8448 403.1187 407.3926 411.6665 415.9404 427.1608 439.2997 451.4385 463.5774 472.4371 474.1279 475.8188
400.7386 398.4935 398.3348 398.176 398.0172 398.748 404.6821 410.6162 416.5503 422.4844 430.767 440.7737 450.7805 460.7872 470.7216 470.7946 470.8677 470.9408 471.0139 466.8941 457.3937 447.8933 438.3929 428.8925 423.7531 419.2734 414.7937 410.3139 407.2532 407.5148 407.7765 408.0381 408.2998 409.1753 410.278 411.3806 412.4833 413.2346 412.1491 411.0636 409.9781 408.8926 407.5661 406.073 404.5799 403.0867 401.603 400.539 399.4751 398.4111 397.3471 398.4075 402.0374 405.6674 409.2975 412.9274 422.9586 433.8362 444.7139 455.5915 463.5924 465.3045 467.0167
398.3737 396.6234 396.5019 396.3804 396.2589 396.8389 401.5224 406.2059 410.8894 415.5729 423.0959 432.7035 442.3111 451.9187 461.4588 461.8033 462.1477 462.4922 462.8367 459.0233 449.8741 440.725 431.5759 422.4267 417.8281 413.9178 410.0075 406.0971 403.3622 403.379 403.3959 403.4128 403.4296 403.9788 404.7249 405.471 406.2171 406.7281 406.0098 405.2915 404.5732 403.8549 402.9868 402.0152 401.0436 400.072 399.1097 398.562 398.0142 397.4664 396.9186 397.9702 400.9562 403.9423 406.9284 409.9145 418.7565 428.3728 437.9892 447.6055 454.7477 456.4812 458.2146
396.0089 394.7534 394.6691 394.5848 394.5006 394.9298 398.3627 401.7956 405.2285 408.6614 415.4248 424.6332 433.8417 443.0501 452.196 452.8119 453.4278 454.0437 454.6595 451.1525 442.3546 433.5567 424.7588 415.9609 411.903 408.5622 405.2213 401.8804 399.4712 399.2433 399.0153 398.7874 398.5594 398.7822 399.1718 399.5614 399.9509 400.2216 399.8705 399.5193 399.1682 398.8171 398.4075 397.9574 397.5074 397.0573 396.6164 396.5848 396.5533 396.5217 396.4901 397.5328 399.875 402.2171 404.5593 406.9015 414.5543 422.9094 431.2645 439.6196 445.9031 447.6578 449.4125
393.6998 392.9178 392.8641 392.8103 392.7565 393.0346 395.2535 397.4724 399.6913 401.9101 407.9044 416.6703 425.4363 434.2023 442.9107 443.7852 444.6597 445.5342 446.4087 443.2218 434.8229 426.424 418.0251 409.6262 406.1089 403.33 400.5511 397.7722 395.6866 395.2241 394.7616 394.2991 393.8366 393.747 393.7954 393.8438 393.8922 393.9335 393.9375 393.9414 393.9454 393.9493 393.9814 394.0328 394.0842 394.1357 394.1961 394.6605 395.1248 395.5892 396.0536 397.085 398.8023 400.5197 402.237 403.9544 410.4207 417.515 424.6093 431.7036 437.1243 438.8863 440.6483
392.6105 391.8371 391.6663 391.4955 391.3246 391.4421 393.2459 395.0497 396.8535 398.6573 403.6749 411.0519 418.429 425.806 433.1356 433.9888 434.842 435.6952 436.5484 433.9811 427.0244 420.0676 413.1108 406.1541 403.1729 400.7932 398.4134 396.0335 394.2244 393.7513 393.2781 392.805 392.3319 392.2355 392.2786 392.3217 392.3648 392.4161 392.5105 392.605 392.6994 392.7938 392.9006 393.0159 393.1312 393.2465 393.3706 393.8881 394.4057 394.9232 395.4408 396.4075 397.9173 399.4271 400.9369 402.4467 407.7843 413.628 419.4717 425.3154 429.7845 431.2485 432.7126
391.5211 390.7564 390.4685 390.1806 389.8927 389.8495 391.2383 392.627 394.0158 395.4045 399.4455 405.4336 411.4217 417.4098 423.3604 424.1923 425.0242 425.8561 426.688 424.7404 419.2258 413.7112 408.1966 402.6819 400.2369 398.2563 396.2756 394.2949 392.7623 392.2785 391.7947 391.3109 390.8271 390.7241 390.7618 390.7996 390.8373 390.8987 391.0836 391.2685 391.4534 391.6383 391.8198 391.999 392.1781 392.3573 392.545 393.1158 393.6866 394.2573 394.8281 395.7299 397.0322 398.3345 399.6368 400.9391 405.1479 409.741 414.3341 418.9273 422.4448 423.6108 424.7768
390.4317 389.6757 389.2707 388.8657 388.4607 388.257 389.2306 390.2043 391.1779 392.1516 395.2159 399.815 404.4142 409.0133 413.5849 414.3955 415.2061 416.0168 416.8274 415.4994 411.427 407.3546 403.2821 399.2097 397.3009 395.7193 394.1378 392.5562 391.3 390.8056 390.3112 389.8168 389.3224 389.2125 389.245 389.2774 389.3098 389.3813 389.6566 389.932 390.2074 390.4828 390.739 390.982 391.225 391.468 391.7194 392.3434 392.9674 393.5914 394.2154 395.0524 396.1472 397.2419 398.3366 399.4314 402.5114 405.8539 409.1964 412.5389 415.1048 415.9728 416.8408
389.3424 388.595 388.0729 387.5508 387.0287 386.6645 387.2231 387.7816 388.3402 388.8988 390.9864 394.1967 397.4069 400.6171 403.8097 404.5991 405.3884 406.1777 406.9671 406.2587 403.6284 400.9981 398.3679 395.7375 394.3649 393.1825 392.0001 390.8176 389.8379 389.3328 388.8278 388.3227 387.8177 387.701 387.7281 387.7553 387.7824 387.8639 388.2297 388.5956 388.9614 389.3272 389.6582 389.9651 390.272 390.5788 390.8938 391.571 392.2482 392.9254 393.6026 394.3749 395.2621 396.1493 397.0365 397.9237 399.8749 401.9669 404.0588 406.1508 407.765 408.335 408.905
388.6442 387.7666 387.0769 386.3873 385.6976 385.1521 385.4496 385.7471 386.0446 386.3422 387.8066 390.1279 392.4491 394.7704 397.0802 397.8381 398.5961 399.3541 400.112 399.7832 398.0598 396.3363 394.6129 392.8895 391.8664 390.9493 390.0322 389.115 388.3264 387.8384 387.3505 386.8625 386.3746 386.2643 386.2936 386.323 386.3524 386.4487 386.8949 387.3411 387.7873 388.2335 388.6411 389.0219 389.4027 389.7836 390.1716 390.8793 391.587 392.2946 393.0023 393.7397 394.5128 395.2858 396.0589 396.832 398.098 399.4292 400.7604 402.0916 403.126 403.5116 403.8972
388.3794 387.2177 386.3045 385.3913 384.4781 383.7285 383.9355 384.1426 384.3496 384.5567 385.7896 387.7755 389.7615 391.7474 393.7242 394.4395 395.1549 395.8703 396.5857 396.3704 394.961 393.5515 392.1421 390.7327 389.8525 389.0525 388.2525 387.4524 386.7601 386.32 385.88 385.44 384.9999 384.9103 384.9503 384.9903 385.0303 385.1467 385.6621 386.1775 386.6929 387.2083 387.6944 388.1604 388.6264 389.0924 389.5638 390.2768 390.9898 391.7028 392.4158 393.1512 393.9137 394.6761 395.4386 396.201 397.273 398.386 399.4991 400.612 401.4784 401.8054 402.1325
388.1145 386.6687 385.532 384.3953 383.2586 382.3049 382.4215 382.5381 382.6547 382.7712 383.7725 385.4232 387.0739 388.7245 390.3681 391.0409 391.7137 392.3865 393.0593 392.9577 391.8622 390.7668 389.6713 388.5758 387.8387 387.1557 386.4727 385.7898 385.1938 384.8017 384.4095 384.0174 383.6253 383.5563 383.607 383.6577 383.7083 383.8447 384.4293 385.0138 385.5984 386.183 386.7478 387.2989 387.85 388.4012 388.956 389.6743 390.3926 391.111 391.8293 392.5628 393.3146 394.0664 394.8182 395.57 396.4481 397.3429 398.2377 399.1325 399.8307 400.0993 400.3678
387.8497 386.1198 384.7596 383.3994 382.0391 380.8813 380.9074 380.9336 380.9597 380.9858 381.7554 383.0708 384.3862 385.7016 387.0121 387.6423 388.2725 388.9027 389.533 389.5449 388.7634 387.982 387.2005 386.419 385.8248 385.2589 384.693 384.1271 383.6276 383.2833 382.9391 382.5948 382.2506 382.2024 382.2637 382.325 382.3863 382.5427 383.1964 383.8502 384.5039 385.1577 385.8011 386.4374 387.0737 387.71 388.3481 389.0718 389.7955 390.5191 391.2428 391.9744 392.7155 393.4567 394.1978 394.939 395.6231 396.2997 396.9763 397.653 398.1831 398.3931 398.6031
387.5848 385.5708 383.9871 382.4034 380.8196 379.4578 379.3934 379.329 379.2647 379.2003 379.7383 380.7184 381.6986 382.6787 383.656 384.2437 384.8313 385.419 386.0066 386.1321 385.6646 385.1972 384.7297 384.2622 383.8109 383.3621 382.9133 382.4645 382.0613 381.765 381.4686 381.1723 380.8759 380.8484 380.9203 380.9923 381.0642 381.2407 381.9636 382.6866 383.4095 384.1324 384.8545 385.5759 386.2973 387.0187 387.7403 388.4693 389.1983 389.9273 390.6563 391.386 392.1165 392.847 393.5775 394.308 394.7982 395.2566 395.715 396.1734 396.5355 396.6869 396.8384
387.7611 385.299 383.4484 381.5978 379.7472 378.1365 377.9286 377.7209 377.513 377.3052 377.6696 378.4542 379.2388 380.0234 380.8065 381.3901 381.9737 382.5573 383.1409 383.3616 383.1166 382.8716 382.6265 382.3815 382.0235 381.6484 381.2733 380.8983 380.5913 380.444 380.2968 380.1494 380.0021 380.107 380.3052 380.5034 380.7016 380.9936 381.7761 382.5586 383.3411 384.1235 384.8775 385.6118 386.3462 387.0805 387.8141 388.5147 389.2153 389.9159 390.6165 391.3018 391.9687 392.6356 393.3024 393.9693 394.4253 394.8533 395.2814 395.7095 396.049 396.1949 396.3408
387.9837 385.0562 382.9342 380.8122 378.6902 376.8259 376.4691 376.1123 375.7555 375.3986 375.5956 376.1993 376.8029 377.4066 378.01 378.5937 379.1773 379.7609 380.3445 380.6584 380.6263 380.5941 380.5619 380.5298 380.2598 379.9539 379.648 379.3421 379.1315 379.1438 379.1562 379.1685 379.1809 379.4299 379.7664 380.103 380.4395 380.8571 381.6981 382.5392 383.3802 384.2212 385.0023 385.7419 386.4816 387.2212 387.9593 388.628 389.2966 389.9653 390.6339 391.2705 391.8682 392.4659 393.0636 393.6613 394.0998 394.5172 394.9346 395.352 395.6842 395.8301 395.976
388.2062 384.8134 382.42 380.0266 377.6332 375.5154 375.0095 374.5037 373.9979 373.492 373.5216 373.9443 374.367 374.7897 375.2136 375.7972 376.3809 376.9644 377.5481 377.9552 378.1359 378.3166 378.4973 378.678 378.4962 378.2594 378.0227 377.786 377.6716 377.8436 378.0156 378.1876 378.3596 378.7527 379.2277 379.7026 380.1775 380.7206 381.6202 382.5197 383.4193 384.3188 385.127 385.8719 386.6169 387.3619 388.1045 388.7412 389.378 390.0147 390.6514 391.2392 391.7677 392.2962 392.8247 393.3532 393.7742 394.181 394.5878 394.9946 395.3195 395.4654 395.6113
388.4288 384.5706 381.9058 379.241 376.5761 374.2048 373.55 372.8951 372.2403 371.5854 371.4476 371.6894 371.9312 372.1729 372.4172 373.0008 373.5844 374.168 374.7516 375.252 375.6456 376.0392 376.4327 376.8263 376.7325 376.5649 376.3974 376.2299 376.2117 376.5434 376.8751 377.2067 377.5384 378.0756 378.6889 379.3022 379.9155 380.5841 381.5422 382.5003 383.4584 384.4165 385.2517 386.002 386.7523 387.5026 388.2497 388.8545 389.4593 390.0641 390.6689 391.2079 391.6672 392.1265 392.5859 393.0452 393.4487 393.8448 394.241 394.6371 394.9547 395.1006 395.2465
388.0851 383.8562 380.9682 378.0803 375.1922 372.6083 371.8026 370.997 370.1914 369.3857 369.1158 369.2392 369.3625 369.4859 369.6128 370.2232 370.8336 371.4441 372.0545 372.6428 373.2028 373.7628 374.3227 374.8827 374.9066 374.8493 374.792 374.7348 374.8513 375.3748 375.8983 376.4218 376.9452 377.6561 378.4363 379.2166 379.9968 380.8121 381.8109 382.8097 383.8084 384.8072 385.6537 386.3951 387.1364 387.8777 388.6151 389.1772 389.7394 390.3015 390.8637 391.3448 391.7278 392.1108 392.4938 392.8768 393.2494 393.6206 393.9918 394.363 394.6635 394.8094 394.9553
386.6213 382.2085 379.1929 376.1772 373.1614 370.4459 369.4859 368.5259 367.566 366.606 366.2738 366.4025 366.5312 366.6599 366.7926 367.4829 368.1731 368.8634 369.5536 370.2194 370.8539 371.4884 372.1229 372.7574 372.9574 373.0917 373.226 373.3604 373.6876 374.4665 375.2455 376.0244 376.8033 377.7463 378.7501 379.7538 380.7576 381.7614 382.7654 383.7696 384.7736 385.7777 386.6044 387.3085 388.0125 388.7166 389.4162 389.9145 390.4128 390.911 391.4093 391.8145 392.107 392.3996 392.6921 392.9846 393.2996 393.6176 393.9356 394.2536 394.5175 394.6635 394.8094
385.1575 380.561 377.4176 374.2742 371.1307 368.2835 367.1692 366.0549 364.9406 363.8264 363.4319 363.5659 363.6999 363.8339 363.9726 364.7426 365.5127 366.2828 367.0528 367.7961 368.5051 369.2141 369.9231 370.6321 371.0083 371.3342 371.6601 371.986 372.5239 373.5583 374.5927 375.627 376.6614 377.8365 379.0638 380.291 381.5183 382.7105 383.7199 384.7294 385.7388 386.7482 387.555 388.2218 388.8886 389.5555 390.2172 390.6516 391.0861 391.5205 391.9549 392.2842 392.4863 392.6883 392.8904 393.0925 393.3499 393.6147 393.8794 394.1442 394.3717 394.5176 394.6635
383.6937 378.9134 375.6423 372.3712 369.0999 366.1212 364.8526 363.584 362.3153 361.0467 360.59 360.7293 360.8687 361.008 361.1525 362.0024 362.8523 363.7022 364.5521 365.3729 366.1563 366.9398 367.7233 368.5068 369.0592 369.5767 370.0941 370.6116 371.3603 372.6501 373.9398 375.2296 376.5195 377.9268 379.3775 380.8282 382.279 383.6597 384.6744 385.6892 386.7039 387.7187 388.5056 389.1352 389.7648 390.3943 391.0182 391.3888 391.7594 392.1299 392.5005 392.7539 392.8655 392.9771 393.0887 393.2003 393.4002 393.6117 393.8233 394.0348 394.2258 394.3717 394.5176
382.2299 377.2658 373.867 370.4681 367.0692 363.9588 362.5359 361.113 359.69 358.2671 357.7481 357.8928 358.0374 358.1821 358.3324 359.2621 360.1919 361.1216 362.0513 362.9496 363.8076 364.6656 365.5235 366.3815 367.1101 367.8192 368.5282 369.2373 370.1966 371.7418 373.287 374.8323 376.3775 378.0169 379.6912 381.3654 383.0397 384.6089 385.629 386.649 387.6691 388.6891 389.4563 390.0486 390.6409 391.2332 391.8192 392.126 392.4327 392.7394 393.0461 393.2236 393.2447 393.2659 393.287 393.3081 393.4504 393.6088 393.7671 393.9254 394.0799 394.2258 394.3717
