data/zism_data/01179_02_D.txt
ncols         224
nrows         224
[rows 140 to 167 of 224, columns 0 to 63 of 224]
1798.089 1797.958 1797.826 1797.695 1797.191 1795.636 1794.082 1792.527 1790.973 1788.587 1785.828 1783.069 1780.311 1777.44 1773.741 1770.042 1766.343 1762.644 1757.982 1752.528 1747.074 1741.62 1736.166 1730.107 1724.034 1717.96 1711.887 1708.134 1707.77 1707.406 1707.042 1706.678 1706.167 1705.627 1705.088 1704.548 1704.136 1704.077 1704.019 1703.961 1703.903 1703.921 1703.974 1704.026 1704.078 1704.286 1705.609 1706.932 1708.256 1709.579 1711.227 1713.14 1715.053 1716.965 1718.878 1721.427 1723.989 1726.551 1729.113 1730.734 1730.997 1731.26 1731.523 1731.785
1796.159 1795.895 1795.631 1795.367 1794.643 1792.625 1790.607 1788.588 1786.57 1783.743 1780.555 1777.366 1774.178 1770.906 1767.025 1763.143 1759.261 1755.38 1750.869 1745.84 1740.81 1735.781 1730.752 1725.266 1719.77 1714.273 1708.777 1705.388 1705.078 1704.769 1704.46 1704.15 1703.707 1703.237 1702.767 1702.298 1701.941 1701.898 1701.855 1701.813 1701.77 1702.068 1702.518 1702.967 1703.416 1704.069 1706.189 1708.309 1710.428 1712.548 1714.951 1717.585 1720.219 1722.853 1725.487 1728.677 1731.878 1735.08 1738.281 1740.303 1740.618 1740.934 1741.249 1741.564
1793.036 1792.557 1792.078 1791.6 1790.579 1788.029 1785.479 1782.93 1780.38 1777.17 1773.665 1770.16 1766.655 1763.117 1759.337 1755.557 1751.778 1747.998 1743.875 1739.468 1735.062 1730.655 1726.249 1721.548 1716.84 1712.133 1707.425 1704.492 1704.15 1703.808 1703.467 1703.125 1702.775 1702.423 1702.072 1701.72 1701.453 1701.421 1701.389 1701.357 1701.325 1701.917 1702.785 1703.653 1704.521 1705.623 1708.414 1711.204 1713.995 1716.785 1719.936 1723.38 1726.825 1730.269 1733.714 1737.557 1741.408 1745.259 1749.11 1751.533 1751.891 1752.249 1752.607 1752.966
1789.913 1789.22 1788.526 1787.833 1786.515 1783.433 1780.352 1777.271 1774.19 1770.597 1766.775 1762.954 1759.132 1755.327 1751.649 1747.972 1744.294 1740.616 1736.88 1733.096 1729.313 1725.529 1721.745 1717.829 1713.911 1709.992 1706.073 1703.595 1703.221 1702.848 1702.474 1702.1 1701.843 1701.61 1701.376 1701.143 1700.965 1700.944 1700.923 1700.901 1700.88 1701.765 1703.052 1704.339 1705.625 1707.177 1710.639 1714.1 1717.561 1721.023 1724.921 1729.176 1733.431 1737.686 1741.941 1746.436 1750.937 1755.437 1759.938 1762.762 1763.163 1763.565 1763.966 1764.367
1786.79 1785.882 1784.974 1784.066 1782.45 1778.838 1775.225 1771.613 1768.0 1764.025 1759.886 1755.748 1751.609 1747.538 1743.962 1740.386 1736.811 1733.235 1729.886 1726.725 1723.564 1720.402 1717.241 1714.111 1710.981 1707.852 1704.722 1702.699 1702.293 1701.887 1701.481 1701.075 1700.911 1700.796 1700.681 1700.565 1700.477 1700.467 1700.456 1700.446 1700.435 1701.614 1703.319 1705.024 1706.73 1708.731 1712.863 1716.996 1721.128 1725.26 1729.906 1734.972 1740.037 1745.102 1750.168 1755.316 1760.466 1765.615 1770.765 1773.991 1774.435 1774.88 1775.324 1775.768
1783.62 1782.494 1781.368 1780.242 1778.329 1774.197 1770.066 1765.934 1761.802 1757.452 1753.003 1748.554 1744.105 1739.773 1736.305 1732.838 1729.37 1725.902 1722.942 1720.4 1717.858 1715.316 1712.774 1710.423 1708.076 1705.73 1703.383 1701.813 1701.378 1700.943 1700.507 1700.072 1700.0 1700.0 1700.0 1700.0 1700.0 1700.0 1700.0 1700.0 1700.0 1701.463 1703.573 1705.684 1707.795 1710.232 1715.021 1719.809 1724.598 1729.387 1734.772 1740.643 1746.515 1752.386 1758.257 1764.046 1769.833 1775.619 1781.406 1785.027 1785.516 1786.005 1786.494 1786.983
1778.311 1776.82 1775.329 1773.838 1771.663 1767.558 1763.453 1759.349 1755.244 1750.879 1746.398 1741.917 1737.435 1733.121 1730.034 1726.948 1723.861 1720.774 1718.243 1716.167 1714.092 1712.017 1709.942 1708.11 1706.284 1704.459 1702.633 1701.411 1701.072 1700.734 1700.395 1700.056 1700.0 1700.0 1700.0 1700.0 1700.0 1700.0 1700.0 1700.0 1700.0 1701.329 1703.246 1705.164 1707.081 1709.349 1714.144 1718.938 1723.732 1728.526 1734.248 1740.725 1747.203 1753.681 1760.159 1766.033 1771.895 1777.757 1783.619 1787.339 1787.962 1788.585 1789.209 1789.832
1773.002 1771.146 1769.291 1767.434 1764.997 1760.919 1756.841 1752.763 1748.685 1744.306 1739.793 1735.279 1730.766 1726.469 1723.763 1721.058 1718.352 1715.647 1713.543 1711.935 1710.326 1708.718 1707.11 1705.798 1704.493 1703.187 1701.882 1701.009 1700.767 1700.524 1700.282 1700.04 1700.0 1700.0 1700.0 1700.0 1700.0 1700.0 1700.0 1700.0 1700.0 1701.195 1702.919 1704.643 1706.367 1708.467 1713.266 1718.066 1722.865 1727.665 1733.723 1740.807 1747.892 1754.976 1762.06 1768.02 1773.957 1779.894 1785.831 1789.651 1790.408 1791.166 1791.923 1792.68
1767.694 1765.473 1763.252 1761.031 1758.331 1754.28 1750.229 1746.178 1742.126 1737.734 1733.188 1728.643 1724.097 1719.817 1717.493 1715.168 1712.844 1710.519 1708.844 1707.702 1706.561 1705.42 1704.278 1703.485 1702.701 1701.916 1701.131 1700.606 1700.461 1700.315 1700.17 1700.024 1700.0 1700.0 1700.0 1700.0 1700.0 1700.0 1700.0 1700.0 1700.0 1701.061 1702.592 1704.123 1705.654 1707.584 1712.389 1717.194 1721.999 1726.804 1733.198 1740.889 1748.58 1756.271 1763.961 1770.007 1776.02 1782.032 1788.044 1791.963 1792.854 1793.746 1794.637 1795.529
1762.385 1759.799 1757.213 1754.627 1751.665 1747.641 1743.616 1739.592 1735.568 1731.161 1726.583 1722.005 1717.428 1713.165 1711.222 1709.278 1707.335 1705.391 1704.144 1703.469 1702.795 1702.121 1701.446 1701.173 1700.909 1700.645 1700.381 1700.204 1700.155 1700.106 1700.057 1700.008 1700.0 1700.0 1700.0 1700.0 1700.0 1700.0 1700.0 1700.0 1700.0 1700.927 1702.265 1703.603 1704.94 1706.702 1711.512 1716.322 1721.132 1725.942 1732.674 1740.971 1749.268 1757.566 1765.863 1771.995 1778.082 1784.169 1790.257 1794.275 1795.3 1796.326 1797.352 1798.378
1756.529 1753.705 1750.881 1748.057 1744.965 1741.116 1737.266 1733.417 1729.568 1725.441 1721.191 1716.941 1712.69 1708.761 1707.193 1705.625 1704.058 1702.49 1701.568 1701.179 1700.789 1700.399 1700.009 1700.0 1700.0 1700.0 1700.0 1700.004 1700.015 1700.026 1700.036 1700.047 1700.084 1700.126 1700.168 1700.211 1700.245 1700.255 1700.266 1700.276 1700.287 1701.063 1702.179 1703.294 1704.409 1705.916 1710.237 1714.558 1718.879 1723.2 1729.644 1737.818 1745.991 1754.165 1762.339 1768.863 1775.354 1781.844 1788.334 1792.819 1794.405 1795.991 1797.577 1799.162
1750.11 1747.179 1744.248 1741.317 1738.231 1734.709 1731.187 1727.665 1724.143 1720.6 1717.047 1713.494 1709.942 1706.671 1705.473 1704.276 1703.079 1701.881 1701.18 1700.887 1700.593 1700.3 1700.007 1700.0 1700.0 1700.0 1700.0 1700.013 1700.045 1700.077 1700.109 1700.141 1700.254 1700.382 1700.51 1700.638 1700.741 1700.773 1700.805 1700.837 1700.869 1701.477 1702.34 1703.203 1704.067 1705.23 1708.553 1711.875 1715.198 1718.521 1724.034 1731.333 1738.632 1745.931 1753.23 1760.463 1767.694 1774.925 1782.156 1787.487 1790.071 1792.655 1795.239 1797.823
1743.692 1740.653 1737.614 1734.576 1731.496 1728.302 1725.107 1721.912 1718.718 1715.758 1712.903 1710.048 1707.193 1704.581 1703.754 1702.927 1702.1 1701.273 1700.791 1700.595 1700.398 1700.201 1700.004 1700.0 1700.0 1700.0 1700.0 1700.022 1700.075 1700.129 1700.182 1700.236 1700.423 1700.637 1700.852 1701.066 1701.237 1701.291 1701.344 1701.398 1701.451 1701.891 1702.502 1703.113 1703.724 1704.544 1706.868 1709.193 1711.517 1713.842 1718.425 1724.849 1731.273 1737.697 1744.121 1752.062 1760.034 1768.006 1775.977 1782.154 1785.737 1789.319 1792.901 1796.484
1737.272 1734.126 1730.98 1727.835 1724.761 1721.894 1719.027 1716.16 1713.293 1710.916 1708.759 1706.601 1704.444 1702.49 1702.034 1701.577 1701.12 1700.664 1700.403 1700.303 1700.203 1700.102 1700.002 1700.0 1700.0 1700.0 1700.0 1700.031 1700.105 1700.18 1700.255 1700.33 1700.593 1700.893 1701.193 1701.493 1701.734 1701.809 1701.884 1701.958 1702.033 1702.305 1702.664 1703.022 1703.381 1703.858 1705.184 1706.51 1707.836 1709.162 1712.815 1718.365 1723.914 1729.463 1735.013 1743.661 1752.374 1761.086 1769.799 1776.822 1781.402 1785.983 1790.563 1795.144
1730.854 1727.6 1724.347 1721.094 1718.027 1715.487 1712.947 1710.408 1707.868 1706.074 1704.615 1703.155 1701.696 1700.4 1700.314 1700.228 1700.141 1700.055 1700.014 1700.011 1700.007 1700.004 1700.0 1700.0 1700.0 1700.0 1700.0 1700.039 1700.136 1700.232 1700.329 1700.425 1700.763 1701.149 1701.535 1701.921 1702.23 1702.326 1702.423 1702.519 1702.616 1702.719 1702.825 1702.932 1703.038 1703.172 1703.5 1703.827 1704.155 1704.483 1707.206 1711.88 1716.555 1721.229 1725.904 1735.261 1744.714 1754.167 1763.62 1771.489 1777.068 1782.647 1788.226 1793.804
1725.375 1722.547 1719.719 1716.891 1714.266 1712.214 1710.162 1708.11 1706.058 1704.643 1703.514 1702.385 1701.256 1700.265 1700.285 1700.305 1700.325 1700.346 1700.448 1700.619 1700.79 1700.96 1701.131 1700.998 1700.859 1700.719 1700.579 1700.496 1700.495 1700.494 1700.493 1700.492 1701.063 1701.747 1702.43 1703.114 1703.751 1704.257 1704.763 1705.268 1705.774 1706.148 1706.462 1706.776 1707.091 1707.329 1707.021 1706.713 1706.405 1706.096 1707.752 1711.009 1714.265 1717.522 1720.778 1729.251 1737.831 1746.411 1754.991 1762.656 1769.001 1775.345 1781.689 1788.034
1719.931 1717.549 1715.167 1712.784 1710.617 1709.059 1707.501 1705.942 1704.384 1703.341 1702.529 1701.716 1700.904 1700.203 1700.32 1700.436 1700.553 1700.67 1700.913 1701.261 1701.609 1701.957 1702.305 1702.034 1701.75 1701.465 1701.181 1700.97 1700.867 1700.764 1700.661 1700.558 1701.367 1702.357 1703.347 1704.337 1705.31 1706.24 1707.17 1708.1 1709.03 1709.689 1710.229 1710.769 1711.309 1711.67 1710.739 1709.808 1708.877 1707.946 1708.53 1710.348 1712.166 1713.984 1715.802 1723.331 1730.977 1738.623 1746.269 1753.692 1760.793 1767.894 1774.995 1782.097
1714.488 1712.551 1710.614 1708.677 1706.968 1705.904 1704.839 1703.775 1702.71 1702.039 1701.543 1701.047 1700.552 1700.141 1700.354 1700.568 1700.781 1700.994 1701.379 1701.904 1702.428 1702.953 1703.478 1703.07 1702.641 1702.211 1701.782 1701.444 1701.239 1701.034 1700.829 1700.624 1701.672 1702.968 1704.263 1705.559 1706.87 1708.224 1709.578 1710.932 1712.286 1713.231 1713.997 1714.762 1715.527 1716.01 1714.456 1712.903 1711.349 1709.796 1709.307 1709.687 1710.067 1710.446 1710.826 1717.411 1724.123 1730.835 1737.547 1744.728 1752.586 1760.443 1768.301 1776.159
1709.044 1707.553 1706.061 1704.57 1703.319 1702.749 1702.178 1701.607 1701.036 1700.736 1700.557 1700.378 1700.199 1700.079 1700.389 1700.699 1701.009 1701.319 1701.844 1702.546 1703.248 1703.95 1704.652 1704.106 1703.532 1702.958 1702.383 1701.917 1701.61 1701.303 1700.996 1700.689 1701.977 1703.578 1705.18 1706.781 1708.429 1710.207 1711.985 1713.763 1715.541 1716.773 1717.764 1718.755 1719.745 1720.35 1718.174 1715.997 1713.821 1711.645 1710.085 1709.026 1707.968 1706.909 1705.85 1711.491 1717.269 1723.047 1728.826 1735.764 1744.378 1752.993 1761.608 1770.222
1705.395 1704.274 1703.153 1702.033 1701.136 1700.873 1700.609 1700.345 1700.082 1700.0 1700.0 1700.0 1700.0 1700.058 1700.542 1701.025 1701.509 1701.992 1702.739 1703.702 1704.665 1705.628 1706.592 1705.897 1705.163 1704.43 1703.697 1703.034 1702.473 1701.912 1701.352 1700.791 1702.185 1703.964 1705.743 1707.522 1709.461 1711.845 1714.229 1716.613 1718.997 1720.647 1721.973 1723.299 1724.625 1725.48 1722.949 1720.419 1717.889 1715.359 1712.951 1710.643 1708.334 1706.026 1703.718 1708.165 1712.751 1717.336 1721.921 1728.163 1736.799 1745.435 1754.072 1762.708
1704.077 1703.23 1702.383 1701.536 1700.859 1700.66 1700.46 1700.261 1700.062 1700.0 1700.0 1700.0 1700.0 1700.091 1700.848 1701.605 1702.363 1703.12 1704.193 1705.527 1706.86 1708.194 1709.527 1708.667 1707.757 1706.847 1705.936 1704.985 1703.973 1702.962 1701.95 1700.939 1702.267 1704.057 1705.847 1707.637 1709.806 1713.033 1716.259 1719.486 1722.712 1724.953 1726.756 1728.56 1730.363 1731.637 1729.101 1726.566 1724.03 1721.494 1718.531 1715.219 1711.907 1708.596 1705.284 1708.212 1711.268 1714.323 1717.379 1722.335 1730.037 1737.74 1745.442 1753.144
1702.759 1702.186 1701.613 1701.04 1700.581 1700.446 1700.312 1700.177 1700.042 1700.0 1700.0 1700.0 1700.0 1700.123 1701.154 1702.185 1703.217 1704.248 1705.648 1707.351 1709.055 1710.759 1712.463 1711.438 1710.351 1709.263 1708.176 1706.936 1705.474 1704.011 1702.549 1701.087 1702.35 1704.15 1705.951 1707.752 1710.152 1714.221 1718.29 1722.359 1726.428 1729.258 1731.539 1733.82 1736.102 1737.794 1735.253 1732.712 1730.171 1727.63 1724.111 1719.796 1715.48 1711.165 1706.85 1708.259 1709.785 1711.311 1712.837 1716.507 1723.275 1730.044 1736.812 1743.581
1701.442 1701.142 1700.843 1700.543 1700.304 1700.233 1700.163 1700.092 1700.022 1700.0 1700.0 1700.0 1700.0 1700.156 1701.461 1702.766 1704.07 1705.375 1707.102 1709.176 1711.25 1713.324 1715.398 1714.209 1712.945 1711.68 1710.415 1708.887 1706.974 1705.061 1703.148 1701.235 1702.432 1704.244 1706.055 1707.866 1710.497 1715.409 1720.32 1725.232 1730.144 1733.563 1736.322 1739.081 1741.84 1743.951 1741.405 1738.858 1736.312 1733.766 1729.692 1724.373 1719.054 1713.734 1708.416 1708.305 1708.302 1708.298 1708.295 1710.678 1716.513 1722.348 1728.182 1734.017
1700.124 1700.098 1700.073 1700.047 1700.026 1700.02 1700.014 1700.008 1700.002 1700.0 1700.0 1700.0 1700.0 1700.189 1701.767 1703.346 1704.924 1706.503 1708.556 1711.001 1713.445 1715.89 1718.334 1716.98 1715.538 1714.097 1712.655 1710.838 1708.474 1706.11 1703.746 1701.382 1702.515 1704.337 1706.159 1707.981 1710.842 1716.597 1722.351 1728.105 1733.86 1737.869 1741.105 1744.342 1747.578 1750.109 1747.557 1745.005 1742.453 1739.901 1735.272 1728.949 1722.627 1716.304 1709.981 1708.352 1706.819 1705.286 1703.753 1704.85 1709.751 1714.652 1719.553 1724.453
1700.469 1700.712 1700.955 1701.198 1701.36 1701.292 1701.224 1701.156 1701.088 1700.906 1700.672 1700.439 1700.205 1700.224 1702.095 1703.967 1705.839 1707.71 1710.155 1713.072 1715.989 1718.906 1721.823 1720.615 1719.313 1718.01 1716.707 1714.756 1711.858 1708.961 1706.064 1703.166 1703.741 1705.0 1706.259 1707.518 1710.157 1716.637 1723.117 1729.598 1736.078 1741.018 1745.277 1749.536 1753.794 1757.243 1754.866 1752.489 1750.111 1747.734 1742.849 1735.922 1728.994 1722.067 1715.139 1712.308 1709.562 1706.815 1704.068 1704.037 1707.931 1711.825 1715.719 1719.613
1700.987 1701.498 1702.01 1702.521 1702.861 1702.718 1702.575 1702.432 1702.289 1701.905 1701.414 1700.923 1700.432 1700.259 1702.426 1704.593 1706.76 1708.927 1711.77 1715.17 1718.57 1721.969 1725.369 1724.341 1723.209 1722.078 1720.947 1718.878 1715.438 1711.999 1708.559 1705.12 1705.085 1705.722 1706.358 1706.995 1709.364 1716.558 1723.752 1730.946 1738.141 1744.048 1749.385 1754.723 1760.06 1764.479 1762.295 1760.111 1757.927 1755.743 1750.635 1743.144 1735.653 1728.161 1720.67 1716.671 1712.744 1708.816 1704.889 1703.745 1706.624 1709.504 1712.384 1715.263
1701.505 1702.285 1703.064 1703.844 1704.363 1704.144 1703.926 1703.708 1703.489 1702.905 1702.156 1701.408 1700.659 1700.294 1702.756 1705.219 1707.681 1710.143 1713.384 1717.267 1721.15 1725.033 1728.916 1728.066 1727.106 1726.147 1725.188 1723.0 1719.019 1715.037 1711.055 1707.074 1706.43 1706.444 1706.458 1706.472 1708.571 1716.479 1724.387 1732.295 1740.203 1747.077 1753.493 1759.91 1766.326 1771.716 1769.725 1767.734 1765.743 1763.752 1758.42 1750.366 1742.311 1734.256 1726.202 1721.034 1715.926 1710.818 1705.709 1703.452 1705.318 1707.183 1709.048 1710.914
1702.023 1703.071 1704.119 1705.167 1705.864 1705.571 1705.277 1704.984 1704.69 1703.904 1702.898 1701.892 1700.886 1700.33 1703.087 1705.844 1708.601 1711.359 1714.998 1719.364 1723.73 1728.096 1732.462 1731.791 1731.003 1730.216 1729.428 1727.122 1722.599 1718.075 1713.551 1709.027 1707.774 1707.165 1706.557 1705.948 1707.778 1716.4 1725.022 1733.644 1742.266 1750.106 1757.601 1765.096 1772.591 1778.952 1777.154 1775.357 1773.559 1771.761 1766.206 1757.587 1748.969 1740.351 1731.733 1725.397 1719.108 1712.819 1706.53 1703.16 1704.011 1704.862 1705.713 1706.564
