data/zism_data/01170_02_D.txt
ncols         224
nrows         224
[rows 168 to 195 of 224, columns 0 to 63 of 224]
1246.85 1258.565 1270.28 1279.391 1285.309 1291.226 1297.144 1303.062 1305.518 1307.583 1309.648 1311.713 1313.099 1313.209 1313.319 1313.429 1313.54 1310.536 1306.739 1302.943 1299.146 1293.585 1282.626 1271.667 1260.709 1249.75 1240.616 1232.28 1223.944 1215.608 1208.59 1209.355 1210.119 1210.883 1211.648 1211.439 1210.566 1209.692 1208.819 1207.743 1202.219 1196.694 1191.169 1185.644 1180.271 1175.055 1169.838 1164.621 1159.405 1157.717 1156.246 1154.776 1153.305 1153.525 1156.374 1159.223 1162.073 1164.922 1169.25 1173.859 1178.468 1183.077 1188.195 1194.559
1246.697 1258.655 1270.614 1279.834 1285.698 1291.561 1297.425 1303.289 1305.458 1307.209 1308.961 1310.713 1311.813 1311.691 1311.568 1311.446 1311.324 1308.101 1304.088 1300.075 1296.063 1290.389 1279.636 1268.883 1258.129 1247.376 1238.376 1230.142 1221.909 1213.675 1206.506 1205.617 1204.728 1203.838 1202.949 1201.896 1200.731 1199.565 1198.4 1197.079 1192.327 1187.575 1182.823 1178.071 1173.292 1168.487 1163.681 1158.875 1154.069 1152.68 1151.501 1150.322 1149.144 1149.693 1152.932 1156.17 1159.408 1162.646 1167.282 1172.183 1177.084 1181.985 1187.316 1193.702
1245.707 1257.49 1269.274 1278.444 1284.41 1290.376 1296.343 1302.309 1304.359 1305.966 1307.574 1309.181 1310.135 1309.863 1309.59 1309.318 1309.046 1305.726 1301.63 1297.535 1293.439 1287.826 1277.571 1267.315 1257.06 1246.804 1238.115 1230.109 1222.105 1214.099 1206.938 1204.754 1202.571 1200.387 1198.203 1196.366 1194.765 1193.164 1191.564 1189.836 1185.302 1180.769 1176.235 1171.702 1167.091 1162.401 1157.71 1153.02 1148.33 1147.304 1146.505 1145.705 1144.905 1145.813 1149.376 1152.939 1156.503 1160.066 1164.889 1169.951 1175.013 1180.074 1185.483 1191.741
1243.792 1254.938 1266.084 1275.026 1281.268 1287.51 1293.752 1299.994 1302.11 1303.761 1305.412 1307.063 1308.024 1307.692 1307.36 1307.028 1306.697 1303.416 1299.386 1295.355 1291.324 1285.963 1276.528 1267.095 1257.661 1248.227 1240.043 1232.405 1224.768 1217.13 1210.153 1207.072 1203.991 1200.91 1197.829 1195.275 1193.079 1190.884 1188.689 1186.375 1181.447 1176.519 1171.591 1166.663 1161.748 1156.847 1151.946 1147.045 1142.144 1141.555 1141.231 1140.906 1140.582 1141.879 1145.696 1149.513 1153.331 1157.148 1162.025 1167.103 1172.181 1177.259 1182.595 1188.561
1241.878 1252.385 1262.893 1271.608 1278.126 1284.643 1291.161 1297.678 1299.862 1301.556 1303.25 1304.944 1305.913 1305.521 1305.13 1304.739 1304.348 1301.107 1297.141 1293.175 1289.21 1284.099 1275.486 1266.874 1258.261 1249.649 1241.971 1234.7 1227.431 1220.161 1213.368 1209.39 1205.411 1201.433 1197.455 1194.184 1191.394 1188.604 1185.815 1182.915 1177.592 1172.27 1166.947 1161.625 1156.406 1151.294 1146.182 1141.071 1135.959 1135.805 1135.957 1136.108 1136.259 1137.945 1142.016 1146.087 1150.159 1154.23 1159.161 1164.255 1169.35 1174.444 1179.706 1185.381
1239.963 1249.833 1259.703 1268.191 1274.984 1281.777 1288.57 1295.363 1297.613 1299.351 1301.088 1302.825 1303.801 1303.351 1302.9 1302.449 1301.998 1298.798 1294.897 1290.996 1287.095 1282.235 1274.444 1266.653 1258.862 1251.072 1243.899 1236.996 1230.094 1223.191 1216.583 1211.707 1206.832 1201.957 1197.082 1193.093 1189.708 1186.324 1182.94 1179.454 1173.737 1168.02 1162.303 1156.586 1151.063 1145.741 1140.418 1135.096 1129.773 1130.055 1130.682 1131.309 1131.936 1134.011 1138.336 1142.661 1146.987 1151.312 1156.297 1161.408 1166.518 1171.629 1176.818 1182.201
1238.048 1247.28 1256.513 1264.773 1271.842 1278.91 1285.979 1293.048 1295.365 1297.145 1298.926 1300.706 1301.69 1301.18 1300.67 1300.16 1299.649 1296.488 1292.652 1288.816 1284.98 1280.372 1273.402 1266.433 1259.463 1252.494 1245.827 1239.292 1232.757 1226.222 1219.797 1214.025 1208.253 1202.48 1196.708 1192.001 1188.023 1184.044 1180.065 1175.994 1169.882 1163.771 1157.659 1151.548 1145.721 1140.188 1134.654 1129.121 1123.588 1124.306 1125.408 1126.511 1127.613 1130.077 1134.656 1139.235 1143.815 1148.394 1153.433 1158.56 1163.687 1168.813 1173.93 1179.021
1235.527 1244.101 1252.675 1260.441 1267.217 1273.992 1280.768 1287.543 1289.786 1291.516 1293.247 1294.978 1295.96 1295.541 1295.121 1294.701 1294.282 1291.615 1288.376 1285.138 1281.899 1277.898 1271.564 1265.229 1258.895 1252.561 1246.292 1240.052 1233.813 1227.573 1221.393 1215.572 1209.75 1203.929 1198.108 1193.188 1188.884 1184.58 1180.275 1175.878 1169.434 1162.99 1156.546 1150.102 1143.886 1137.904 1131.922 1125.94 1119.958 1120.445 1121.33 1122.215 1123.101 1125.535 1130.379 1135.222 1140.066 1144.91 1150.631 1156.518 1162.406 1168.293 1173.927 1178.938
1232.979 1240.893 1248.808 1256.068 1262.525 1268.981 1275.438 1281.895 1284.056 1285.733 1287.409 1289.086 1290.067 1289.745 1289.423 1289.1 1288.778 1286.626 1284.009 1281.392 1278.775 1275.396 1269.689 1263.982 1258.274 1252.567 1246.692 1240.744 1234.796 1228.848 1222.916 1217.084 1211.252 1205.42 1199.588 1194.477 1189.859 1185.242 1180.624 1175.913 1169.139 1162.366 1155.592 1148.818 1142.208 1135.767 1129.326 1122.884 1116.443 1116.67 1117.306 1117.943 1118.58 1120.966 1126.075 1131.183 1136.292 1141.4 1147.831 1154.513 1161.195 1167.877 1174.054 1178.995
1230.43 1237.686 1244.941 1251.695 1257.833 1263.97 1270.108 1276.246 1278.327 1279.949 1281.572 1283.195 1284.174 1283.949 1283.724 1283.499 1283.274 1281.638 1279.642 1277.646 1275.65 1272.895 1267.814 1262.734 1257.653 1252.573 1247.092 1241.435 1235.779 1230.123 1224.439 1218.596 1212.754 1206.91 1201.068 1195.766 1190.835 1185.904 1180.973 1175.948 1168.844 1161.741 1154.638 1147.535 1140.531 1133.63 1126.73 1119.829 1112.929 1112.894 1113.282 1113.67 1114.058 1116.397 1121.771 1127.144 1132.517 1137.89 1145.031 1152.508 1159.984 1167.46 1174.181 1179.052
1227.882 1234.478 1241.075 1247.322 1253.141 1258.959 1264.779 1270.598 1272.597 1274.166 1275.734 1277.303 1278.281 1278.154 1278.026 1277.898 1277.77 1276.649 1275.275 1273.9 1272.526 1270.393 1265.939 1261.486 1257.032 1252.579 1247.491 1242.127 1236.762 1231.398 1225.963 1220.109 1214.255 1208.401 1202.547 1197.056 1191.811 1186.567 1181.322 1175.983 1168.55 1161.117 1153.684 1146.251 1138.854 1131.494 1124.134 1116.774 1109.414 1109.119 1109.258 1109.398 1109.537 1111.828 1117.466 1123.104 1128.743 1134.381 1142.232 1150.502 1158.773 1167.044 1174.309 1179.109
1222.714 1229.09 1235.466 1241.443 1246.931 1252.419 1257.908 1263.396 1265.335 1266.873 1268.411 1269.95 1270.93 1270.864 1270.797 1270.731 1270.665 1269.908 1268.975 1268.042 1267.109 1265.455 1261.595 1257.735 1253.875 1250.015 1245.262 1240.118 1234.975 1229.831 1224.611 1218.943 1213.276 1207.608 1201.94 1196.433 1191.037 1185.64 1180.244 1174.754 1167.224 1159.694 1152.163 1144.633 1137.128 1129.648 1122.167 1114.687 1107.207 1106.684 1106.589 1106.494 1106.399 1108.596 1114.356 1120.117 1125.878 1131.638 1140.284 1149.477 1158.671 1167.864 1175.804 1180.674
1214.198 1220.914 1227.63 1233.639 1238.782 1243.924 1249.067 1254.209 1256.113 1257.651 1259.189 1260.727 1261.713 1261.663 1261.613 1261.563 1261.514 1260.928 1260.205 1259.483 1258.761 1257.402 1254.093 1250.784 1247.475 1244.167 1239.672 1234.657 1229.643 1224.629 1219.584 1214.354 1209.124 1203.894 1198.664 1193.367 1188.024 1182.682 1177.339 1171.91 1164.58 1157.25 1149.919 1142.589 1135.339 1128.173 1121.006 1113.839 1106.672 1105.964 1105.653 1105.342 1105.031 1107.073 1112.774 1118.475 1124.176 1129.877 1139.427 1149.706 1159.986 1170.265 1179.048 1184.167
1205.681 1212.738 1219.794 1225.835 1230.632 1235.429 1240.225 1245.022 1246.891 1248.429 1249.967 1251.505 1252.497 1252.463 1252.429 1252.396 1252.362 1251.947 1251.436 1250.924 1250.413 1249.348 1246.591 1243.833 1241.075 1238.318 1234.081 1229.197 1224.312 1219.428 1214.557 1209.764 1204.972 1200.18 1195.388 1190.301 1185.012 1179.724 1174.435 1169.066 1161.936 1154.806 1147.675 1140.545 1133.551 1126.698 1119.845 1112.991 1106.138 1105.244 1104.717 1104.189 1103.662 1105.549 1111.191 1116.832 1122.474 1128.116 1138.569 1149.935 1161.3 1172.666 1182.293 1187.66
1197.165 1204.562 1211.959 1218.032 1222.483 1226.933 1231.384 1235.835 1237.668 1239.207 1240.745 1242.283 1243.28 1243.263 1243.245 1243.228 1243.21 1242.967 1242.666 1242.366 1242.065 1241.295 1239.088 1236.882 1234.676 1232.469 1228.49 1223.736 1218.981 1214.226 1209.53 1205.175 1200.821 1196.466 1192.111 1187.234 1182.0 1176.765 1171.531 1166.222 1159.292 1152.362 1145.431 1138.501 1131.763 1125.223 1118.683 1112.143 1105.603 1104.524 1103.78 1103.037 1102.294 1104.026 1109.608 1115.19 1120.772 1126.354 1137.711 1150.163 1162.615 1175.067 1185.537 1191.153
1188.648 1196.385 1204.123 1210.228 1214.333 1218.438 1222.543 1226.648 1228.446 1229.985 1231.523 1233.061 1234.064 1234.063 1234.061 1234.06 1234.059 1233.987 1233.897 1233.807 1233.717 1233.241 1231.586 1229.931 1228.276 1226.621 1222.9 1218.275 1213.65 1209.025 1204.502 1200.586 1196.669 1192.752 1188.835 1184.168 1178.987 1173.807 1168.626 1163.378 1156.648 1149.918 1143.187 1136.457 1129.974 1123.748 1117.522 1111.295 1105.069 1103.804 1102.844 1101.885 1100.925 1102.502 1108.025 1113.548 1119.071 1124.593 1136.854 1150.392 1163.93 1177.468 1188.782 1194.646
1178.594 1186.413 1194.232 1200.444 1204.686 1208.928 1213.169 1217.411 1219.353 1221.036 1222.718 1224.401 1225.542 1225.666 1225.79 1225.915 1226.039 1226.018 1225.96 1225.901 1225.843 1225.453 1224.051 1222.649 1221.246 1219.844 1216.373 1211.997 1207.621 1203.245 1198.941 1195.059 1191.177 1187.294 1183.412 1178.732 1173.506 1168.28 1163.054 1157.776 1151.355 1144.934 1138.513 1132.092 1126.13 1120.64 1115.15 1109.66 1104.17 1103.231 1102.573 1101.915 1101.257 1103.16 1109.046 1114.932 1120.819 1126.705 1138.883 1152.253 1165.623 1178.993 1190.191 1196.065
1168.408 1176.287 1184.165 1190.49 1194.91 1199.33 1203.75 1208.17 1210.271 1212.111 1213.95 1215.789 1217.079 1217.339 1217.598 1217.858 1218.117 1218.136 1218.094 1218.052 1218.01 1217.688 1216.513 1215.338 1214.162 1212.987 1209.765 1205.649 1201.532 1197.416 1193.333 1189.451 1185.569 1181.687 1177.805 1173.092 1167.812 1162.532 1157.252 1151.936 1145.834 1139.732 1133.63 1127.528 1122.108 1117.391 1112.674 1107.957 1103.24 1102.672 1102.36 1102.047 1101.735 1104.005 1110.291 1116.578 1122.864 1129.15 1141.16 1154.254 1167.349 1180.443 1191.442 1197.306
1158.222 1166.16 1174.098 1180.535 1185.134 1189.732 1194.331 1198.929 1201.189 1203.185 1205.181 1207.177 1208.616 1209.011 1209.405 1209.8 1210.195 1210.254 1210.228 1210.202 1210.177 1209.923 1208.975 1208.026 1207.078 1206.129 1203.157 1199.3 1195.443 1191.586 1187.726 1183.844 1179.961 1176.079 1172.197 1167.452 1162.118 1156.784 1151.45 1146.097 1140.313 1134.53 1128.747 1122.964 1118.087 1114.142 1110.198 1106.254 1102.309 1102.112 1102.146 1102.18 1102.213 1104.85 1111.536 1118.223 1124.909 1131.595 1143.437 1156.255 1169.075 1181.893 1192.693 1198.546
1148.036 1156.033 1164.031 1170.581 1175.358 1180.135 1184.911 1189.688 1192.107 1194.26 1196.413 1198.565 1200.154 1200.683 1201.213 1201.743 1202.273 1202.372 1202.363 1202.353 1202.343 1202.158 1201.437 1200.715 1199.994 1199.272 1196.55 1192.952 1189.355 1185.757 1182.118 1178.236 1174.354 1170.472 1166.59 1161.813 1156.425 1151.037 1145.648 1140.257 1134.793 1129.328 1123.864 1118.4 1114.065 1110.894 1107.722 1104.551 1101.379 1101.553 1101.932 1102.312 1102.691 1105.695 1112.781 1119.867 1126.954 1134.04 1145.714 1158.257 1170.8 1183.344 1193.945 1199.786
1138.992 1146.609 1154.226 1160.654 1165.624 1170.594 1175.565 1180.535 1183.224 1185.656 1188.087 1190.518 1192.347 1193.047 1193.747 1194.447 1195.146 1195.288 1195.288 1195.288 1195.288 1195.144 1194.558 1193.972 1193.386 1192.8 1190.227 1186.784 1183.341 1179.898 1176.392 1172.51 1168.628 1164.746 1160.864 1156.091 1150.709 1145.328 1139.947 1134.581 1129.549 1124.517 1119.484 1114.452 1110.677 1108.195 1105.714 1103.233 1100.751 1101.301 1102.037 1102.773 1103.51 1106.911 1114.458 1122.005 1129.552 1137.099 1148.455 1160.533 1172.612 1184.69 1194.918 1200.612
1131.64 1138.225 1144.81 1150.766 1155.953 1161.139 1166.326 1171.512 1174.636 1177.527 1180.417 1183.308 1185.514 1186.435 1187.356 1188.278 1189.199 1189.386 1189.386 1189.386 1189.386 1189.242 1188.656 1188.07 1187.484 1186.898 1184.324 1180.882 1177.439 1173.996 1170.49 1166.608 1162.726 1158.843 1154.961 1150.246 1144.962 1139.679 1134.395 1129.148 1124.715 1120.283 1115.851 1111.418 1108.227 1106.313 1104.399 1102.485 1100.571 1101.505 1102.614 1103.723 1104.832 1108.676 1116.774 1124.872 1132.971 1141.069 1151.886 1163.219 1174.551 1185.884 1195.48 1200.823
1124.289 1129.841 1135.394 1140.879 1146.282 1151.684 1157.087 1162.49 1166.048 1169.398 1172.748 1176.098 1178.681 1179.823 1180.966 1182.109 1183.252 1183.484 1183.484 1183.484 1183.484 1183.339 1182.753 1182.167 1181.582 1180.995 1178.422 1174.98 1171.537 1168.094 1164.588 1160.706 1156.823 1152.941 1149.059 1144.402 1139.215 1134.029 1128.842 1123.714 1119.882 1116.049 1112.217 1108.384 1105.777 1104.43 1103.083 1101.737 1100.39 1101.708 1103.19 1104.672 1106.154 1110.441 1119.09 1127.74 1136.389 1145.039 1155.317 1165.904 1176.491 1187.077 1196.042 1201.034
1116.937 1121.457 1125.978 1130.992 1136.611 1142.229 1147.848 1153.467 1157.46 1161.269 1165.079 1168.888 1171.847 1173.212 1174.576 1175.94 1177.305 1177.582 1177.582 1177.582 1177.582 1177.437 1176.851 1176.265 1175.679 1175.093 1172.52 1169.077 1165.635 1162.192 1158.686 1154.803 1150.921 1147.039 1143.157 1138.558 1133.468 1128.379 1123.29 1118.281 1115.048 1111.816 1108.583 1105.35 1103.327 1102.547 1101.768 1100.989 1100.21 1101.912 1103.767 1105.622 1107.477 1112.206 1121.407 1130.607 1139.808 1149.009 1158.748 1168.589 1178.43 1188.271 1196.605 1201.245
1109.585 1113.073 1116.562 1121.104 1126.939 1132.774 1138.609 1144.444 1148.872 1153.14 1157.409 1161.678 1165.014 1166.599 1168.186 1169.771 1171.358 1171.679 1171.679 1171.679 1171.679 1171.535 1170.949 1170.363 1169.777 1169.191 1166.618 1163.175 1159.732 1156.29 1152.783 1148.901 1145.019 1141.137 1137.255 1132.713 1127.721 1122.729 1117.737 1112.847 1110.215 1107.582 1104.949 1102.316 1100.876 1100.665 1100.453 1100.241 1100.029 1102.116 1104.343 1106.571 1108.799 1113.971 1123.723 1133.475 1143.227 1152.979 1162.179 1171.274 1180.369 1189.465 1197.167 1201.456
1107.152 1109.923 1112.695 1116.562 1121.771 1126.981 1132.191 1137.4 1141.67 1145.834 1149.997 1154.161 1157.392 1158.875 1160.357 1161.84 1163.322 1163.623 1163.623 1163.623 1163.623 1163.493 1162.964 1162.435 1161.907 1161.378 1158.975 1155.753 1152.53 1149.307 1146.019 1142.348 1138.676 1135.004 1131.332 1127.275 1122.954 1118.633 1114.312 1110.087 1107.968 1105.849 1103.73 1101.611 1100.542 1100.553 1100.564 1100.576 1100.587 1103.258 1106.093 1108.928 1111.763 1117.141 1126.473 1135.805 1145.138 1154.47 1163.246 1171.916 1180.586 1189.255 1196.57 1200.565
1105.358 1107.454 1109.55 1112.715 1117.19 1121.664 1126.139 1130.613 1134.648 1138.634 1142.619 1146.605 1149.669 1151.005 1152.342 1153.678 1155.015 1155.286 1155.286 1155.286 1155.286 1155.172 1154.708 1154.244 1153.78 1153.317 1151.107 1148.132 1145.158 1142.184 1139.143 1135.709 1132.275 1128.841 1125.407 1121.89 1118.314 1114.739 1111.164 1107.674 1106.058 1104.441 1102.825 1101.208 1100.482 1100.672 1100.861 1101.051 1101.241 1104.523 1107.995 1111.468 1114.941 1120.493 1129.279 1138.066 1146.853 1155.639 1164.005 1172.291 1180.578 1188.864 1195.823 1199.532
1103.564 1104.985 1106.406 1108.868 1112.608 1116.347 1120.087 1123.826 1127.627 1131.434 1135.241 1139.048 1141.945 1143.136 1144.326 1145.517 1146.708 1146.949 1146.949 1146.949 1146.949 1146.851 1146.452 1146.053 1145.654 1145.255 1143.238 1140.512 1137.787 1135.061 1132.267 1129.071 1125.875 1122.679 1119.483 1116.504 1113.675 1110.845 1108.016 1105.261 1104.147 1103.034 1101.92 1100.806 1100.422 1100.79 1101.158 1101.526 1101.894 1105.788 1109.898 1114.008 1118.119 1123.845 1132.086 1140.327 1148.567 1156.808 1164.765 1172.667 1180.57 1188.472 1195.076 1198.499
