data/zism_data/01178_04_D.txt
ncols         224
nrows         224
[rows 196 to 223 of 224, columns 63 to 125 of 224]
3202.03 3202.273 3203.228 3204.427 3205.625 3206.824 3207.963 3208.818 3209.673 3210.528 3211.383 3211.964 3212.365 3212.767 3213.168 3213.568 3213.933 3214.298 3214.662 3215.027 3215.318 3215.525 3215.731 3215.938 3216.144 3216.493 3216.858 3217.223 3217.587 3217.952 3218.317 3218.682 3219.046 3219.411 3219.896 3220.419 3220.942 3221.465 3221.957 3222.322 3222.687 3223.052 3223.416 3223.806 3224.211 3224.617 3225.022 3225.434 3225.973 3226.512 3227.051 3227.59 3228.152 3228.74 3229.328 3229.915 3230.503 3230.965 3231.415 3231.865 3232.315 3232.789 3233.307
3201.792 3202.025 3203.076 3204.407 3205.739 3207.07 3208.315 3209.158 3210.0 3210.843 3211.685 3212.238 3212.603 3212.968 3213.332 3213.697 3214.062 3214.427 3214.791 3215.156 3215.454 3215.677 3215.899 3216.122 3216.344 3216.688 3217.045 3217.403 3217.76 3218.124 3218.5 3218.875 3219.251 3219.627 3220.1 3220.603 3221.106 3221.609 3222.085 3222.447 3222.808 3223.168 3223.53 3223.923 3224.336 3224.75 3225.163 3225.584 3226.137 3226.69 3227.243 3227.796 3228.352 3228.909 3229.468 3230.026 3230.583 3231.035 3231.477 3231.918 3232.36 3232.832 3233.365
3202.076 3202.374 3203.421 3204.726 3206.031 3207.335 3208.552 3209.357 3210.162 3210.968 3211.773 3212.311 3212.676 3213.04 3213.405 3213.77 3214.135 3214.499 3214.864 3215.229 3215.535 3215.773 3216.012 3216.25 3216.489 3216.805 3217.131 3217.456 3217.781 3218.139 3218.563 3218.987 3219.411 3219.835 3220.294 3220.766 3221.237 3221.708 3222.156 3222.5 3222.845 3223.19 3223.536 3223.923 3224.336 3224.75 3225.163 3225.583 3226.109 3226.635 3227.162 3227.688 3228.227 3228.78 3229.333 3229.885 3230.438 3230.904 3231.361 3231.819 3232.276 3232.756 3233.278
3202.361 3202.722 3203.766 3205.044 3206.322 3207.6 3208.789 3209.557 3210.324 3211.092 3211.86 3212.384 3212.749 3213.113 3213.478 3213.843 3214.208 3214.572 3214.937 3215.302 3215.615 3215.87 3216.124 3216.379 3216.633 3216.923 3217.216 3217.51 3217.803 3218.155 3218.627 3219.098 3219.57 3220.042 3220.489 3220.928 3221.368 3221.807 3222.225 3222.554 3222.884 3223.213 3223.542 3223.923 3224.336 3224.75 3225.163 3225.581 3226.081 3226.581 3227.081 3227.58 3228.103 3228.651 3229.198 3229.745 3230.293 3230.773 3231.246 3231.719 3232.193 3232.679 3233.19
3202.645 3203.071 3204.111 3205.362 3206.614 3207.865 3209.025 3209.756 3210.487 3211.217 3211.948 3212.457 3212.822 3213.186 3213.551 3213.916 3214.281 3214.645 3215.01 3215.375 3215.696 3215.966 3216.237 3216.507 3216.777 3217.04 3217.301 3217.563 3217.824 3218.171 3218.69 3219.21 3219.729 3220.249 3220.684 3221.091 3221.498 3221.906 3222.295 3222.608 3222.921 3223.235 3223.548 3223.923 3224.336 3224.75 3225.163 3225.58 3226.053 3226.526 3227.0 3227.473 3227.979 3228.521 3229.063 3229.605 3230.147 3230.641 3231.131 3231.62 3232.109 3232.603 3233.103
3202.93 3203.419 3204.456 3205.681 3206.906 3208.13 3209.262 3209.955 3210.649 3211.342 3212.035 3212.53 3212.895 3213.259 3213.624 3213.989 3214.354 3214.718 3215.083 3215.448 3215.776 3216.063 3216.349 3216.635 3216.922 3217.157 3217.387 3217.616 3217.846 3218.187 3218.754 3219.322 3219.889 3220.457 3220.878 3221.254 3221.629 3222.005 3222.365 3222.662 3222.959 3223.257 3223.554 3223.923 3224.336 3224.75 3225.163 3225.578 3226.025 3226.472 3226.918 3227.365 3227.855 3228.392 3228.928 3229.465 3230.002 3230.51 3231.015 3231.521 3232.026 3232.526 3233.016
3202.731 3203.167 3204.203 3205.443 3206.684 3207.924 3209.077 3209.818 3210.559 3211.3 3212.041 3212.554 3212.919 3213.284 3213.648 3214.013 3214.378 3214.743 3215.108 3215.472 3215.793 3216.064 3216.334 3216.605 3216.875 3217.119 3217.359 3217.599 3217.839 3218.181 3218.733 3219.285 3219.837 3220.388 3220.798 3221.163 3221.528 3221.892 3222.245 3222.548 3222.85 3223.152 3223.455 3223.802 3224.177 3224.551 3224.926 3225.304 3225.763 3226.222 3226.681 3227.14 3227.639 3228.181 3228.723 3229.265 3229.807 3230.321 3230.831 3231.342 3231.853 3232.352 3232.832
3202.288 3202.612 3203.647 3204.925 3206.202 3207.48 3208.68 3209.511 3210.343 3211.174 3212.006 3212.554 3212.919 3213.284 3213.648 3214.013 3214.378 3214.743 3215.108 3215.472 3215.778 3216.017 3216.256 3216.494 3216.733 3217.001 3217.273 3217.545 3217.817 3218.166 3218.669 3219.173 3219.677 3220.181 3220.579 3220.944 3221.309 3221.674 3222.03 3222.348 3222.666 3222.985 3223.303 3223.62 3223.936 3224.252 3224.568 3224.893 3225.384 3225.874 3226.365 3226.856 3227.376 3227.929 3228.482 3229.035 3229.587 3230.102 3230.612 3231.123 3231.634 3232.13 3232.598
3201.844 3202.057 3203.091 3204.406 3205.721 3207.036 3208.282 3209.204 3210.126 3211.048 3211.97 3212.554 3212.919 3213.284 3213.648 3214.013 3214.378 3214.743 3215.108 3215.472 3215.763 3215.97 3216.177 3216.383 3216.59 3216.884 3217.188 3217.492 3217.796 3218.15 3218.606 3219.062 3219.518 3219.974 3220.361 3220.725 3221.09 3221.455 3221.814 3222.148 3222.482 3222.817 3223.151 3223.438 3223.695 3223.953 3224.21 3224.481 3225.004 3225.526 3226.049 3226.572 3227.114 3227.677 3228.241 3228.804 3229.368 3229.883 3230.394 3230.904 3231.415 3231.907 3232.365
3201.401 3201.502 3202.535 3203.887 3205.24 3206.592 3207.885 3208.897 3209.91 3210.922 3211.934 3212.554 3212.919 3213.284 3213.648 3214.013 3214.378 3214.743 3215.108 3215.472 3215.748 3215.923 3216.098 3216.273 3216.448 3216.767 3217.103 3217.438 3217.774 3218.134 3218.542 3218.95 3219.358 3219.767 3220.142 3220.506 3220.871 3221.236 3221.598 3221.948 3222.298 3222.649 3222.999 3223.255 3223.454 3223.653 3223.852 3224.069 3224.624 3225.178 3225.733 3226.288 3226.852 3227.426 3228.0 3228.574 3229.148 3229.664 3230.175 3230.685 3231.196 3231.685 3232.132
3200.994 3200.999 3202.028 3203.409 3204.79 3206.171 3207.502 3208.595 3209.688 3210.781 3211.875 3212.528 3212.896 3213.264 3213.632 3214.0 3214.363 3214.727 3215.091 3215.454 3215.717 3215.864 3216.011 3216.157 3216.304 3216.647 3217.012 3217.376 3217.741 3218.105 3218.467 3218.83 3219.192 3219.554 3219.917 3220.279 3220.642 3221.005 3221.367 3221.727 3222.087 3222.448 3222.808 3223.038 3223.188 3223.339 3223.489 3223.662 3224.243 3224.825 3225.406 3225.988 3226.57 3227.153 3227.735 3228.318 3228.9 3229.42 3229.934 3230.448 3230.961 3231.449 3231.889
3200.934 3200.987 3201.989 3203.316 3204.644 3205.972 3207.257 3208.339 3209.422 3210.505 3211.587 3212.256 3212.656 3213.055 3213.455 3213.853 3214.206 3214.559 3214.913 3215.266 3215.527 3215.685 3215.842 3216.0 3216.157 3216.501 3216.866 3217.23 3217.595 3217.95 3218.286 3218.622 3218.958 3219.293 3219.633 3219.975 3220.316 3220.657 3220.993 3221.305 3221.618 3221.93 3222.242 3222.484 3222.682 3222.881 3223.079 3223.296 3223.856 3224.417 3224.977 3225.537 3226.103 3226.675 3227.247 3227.819 3228.391 3228.939 3229.484 3230.03 3230.576 3231.09 3231.545
3200.874 3200.974 3201.949 3203.224 3204.498 3205.773 3207.012 3208.084 3209.156 3210.228 3211.3 3211.984 3212.415 3212.847 3213.279 3213.707 3214.049 3214.392 3214.734 3215.077 3215.338 3215.506 3215.674 3215.842 3216.01 3216.355 3216.72 3217.085 3217.449 3217.796 3218.105 3218.414 3218.723 3219.032 3219.349 3219.67 3219.99 3220.31 3220.619 3220.884 3221.148 3221.413 3221.677 3221.93 3222.177 3222.423 3222.669 3222.93 3223.469 3224.008 3224.547 3225.086 3225.636 3226.197 3226.759 3227.32 3227.881 3228.457 3229.035 3229.612 3230.19 3230.731 3231.202
3200.814 3200.962 3201.909 3203.131 3204.352 3205.573 3206.767 3207.828 3208.889 3209.951 3211.012 3211.711 3212.175 3212.638 3213.102 3213.561 3213.893 3214.224 3214.556 3214.888 3215.148 3215.327 3215.506 3215.685 3215.864 3216.209 3216.574 3216.939 3217.304 3217.641 3217.924 3218.206 3218.489 3218.771 3219.066 3219.365 3219.664 3219.962 3220.246 3220.462 3220.679 3220.895 3221.112 3221.376 3221.67 3221.965 3222.259 3222.564 3223.082 3223.6 3224.117 3224.635 3225.169 3225.719 3226.27 3226.821 3227.371 3227.976 3228.585 3229.195 3229.804 3230.372 3230.859
3200.754 3200.95 3201.87 3203.038 3204.206 3205.374 3206.522 3207.573 3208.623 3209.674 3210.724 3211.439 3211.934 3212.43 3212.925 3213.414 3213.736 3214.057 3214.378 3214.699 3214.959 3215.148 3215.338 3215.527 3215.717 3216.063 3216.428 3216.793 3217.158 3217.487 3217.742 3217.998 3218.254 3218.51 3218.782 3219.06 3219.337 3219.615 3219.872 3220.041 3220.209 3220.378 3220.546 3220.823 3221.165 3221.507 3221.849 3222.198 3222.695 3223.191 3223.688 3224.184 3224.701 3225.242 3225.782 3226.322 3226.862 3227.494 3228.136 3228.777 3229.418 3230.012 3230.515
3200.84 3201.09 3201.969 3203.064 3204.16 3205.255 3206.338 3207.361 3208.384 3209.407 3210.43 3211.155 3211.685 3212.216 3212.746 3213.268 3213.579 3213.889 3214.2 3214.51 3214.766 3214.961 3215.156 3215.35 3215.545 3215.875 3216.219 3216.565 3216.91 3217.221 3217.461 3217.701 3217.942 3218.182 3218.439 3218.701 3218.963 3219.225 3219.464 3219.61 3219.756 3219.902 3220.048 3220.333 3220.704 3221.074 3221.444 3221.82 3222.295 3222.77 3223.245 3223.72 3224.223 3224.755 3225.287 3225.82 3226.352 3227.005 3227.67 3228.335 3229.0 3229.615 3230.134
3201.058 3201.366 3202.193 3203.198 3204.203 3205.208 3206.209 3207.189 3208.17 3209.151 3210.131 3210.862 3211.429 3211.997 3212.564 3213.122 3213.422 3213.721 3214.021 3214.321 3214.572 3214.766 3214.961 3215.156 3215.35 3215.646 3215.954 3216.262 3216.57 3216.854 3217.089 3217.324 3217.559 3217.794 3218.042 3218.293 3218.544 3218.795 3219.027 3219.173 3219.318 3219.464 3219.61 3219.902 3220.283 3220.664 3221.045 3221.43 3221.884 3222.337 3222.791 3223.245 3223.734 3224.261 3224.788 3225.315 3225.842 3226.509 3227.19 3227.871 3228.552 3229.182 3229.718
3201.277 3201.643 3202.418 3203.332 3204.247 3205.161 3206.08 3207.018 3207.956 3208.894 3209.832 3210.568 3211.173 3211.777 3212.382 3212.975 3213.265 3213.554 3213.843 3214.132 3214.377 3214.572 3214.766 3214.961 3215.156 3215.418 3215.689 3215.96 3216.23 3216.488 3216.717 3216.947 3217.177 3217.406 3217.645 3217.885 3218.126 3218.366 3218.589 3218.735 3218.881 3219.027 3219.173 3219.471 3219.863 3220.254 3220.646 3221.04 3221.472 3221.905 3222.337 3222.77 3223.245 3223.767 3224.288 3224.81 3225.331 3226.013 3226.71 3227.406 3228.104 3228.75 3229.301
3201.495 3201.92 3202.642 3203.466 3204.29 3205.114 3205.95 3206.846 3207.741 3208.637 3209.532 3210.274 3210.916 3211.558 3212.2 3212.829 3213.108 3213.386 3213.665 3213.944 3214.183 3214.377 3214.572 3214.766 3214.961 3215.19 3215.424 3215.657 3215.891 3216.121 3216.345 3216.57 3216.794 3217.019 3217.247 3217.477 3217.707 3217.937 3218.151 3218.297 3218.443 3218.589 3218.735 3219.04 3219.442 3219.844 3220.247 3220.649 3221.061 3221.472 3221.883 3222.294 3222.756 3223.272 3223.789 3224.305 3224.821 3225.517 3226.229 3226.942 3227.655 3228.318 3228.885
3201.713 3202.197 3202.867 3203.6 3204.334 3205.067 3205.822 3206.674 3207.527 3208.38 3209.233 3209.981 3210.66 3211.339 3212.019 3212.683 3212.951 3213.219 3213.487 3213.755 3213.988 3214.183 3214.377 3214.572 3214.766 3214.962 3215.158 3215.355 3215.551 3215.754 3215.974 3216.193 3216.412 3216.631 3216.85 3217.069 3217.289 3217.508 3217.713 3217.859 3218.005 3218.151 3218.297 3218.609 3219.021 3219.435 3219.847 3220.259 3220.649 3221.039 3221.429 3221.819 3222.267 3222.778 3223.289 3223.8 3224.311 3225.021 3225.749 3226.478 3227.207 3227.886 3228.469
3201.837 3202.344 3202.993 3203.692 3204.391 3205.09 3205.806 3206.601 3207.396 3208.191 3208.986 3209.7 3210.36 3211.021 3211.681 3212.328 3212.616 3212.904 3213.192 3213.48 3213.719 3213.904 3214.088 3214.272 3214.457 3214.641 3214.825 3215.01 3215.194 3215.39 3215.608 3215.827 3216.046 3216.265 3216.461 3216.649 3216.837 3217.026 3217.206 3217.352 3217.498 3217.644 3217.79 3218.095 3218.498 3218.902 3219.305 3219.707 3220.091 3220.475 3220.859 3221.243 3221.673 3222.153 3222.634 3223.114 3223.594 3224.301 3225.031 3225.76 3226.49 3227.18 3227.794
3201.956 3202.484 3203.115 3203.782 3204.449 3205.116 3205.796 3206.532 3207.269 3208.005 3208.742 3209.419 3210.059 3210.698 3211.337 3211.964 3212.273 3212.583 3212.892 3213.201 3213.447 3213.621 3213.794 3213.968 3214.142 3214.315 3214.489 3214.663 3214.836 3215.025 3215.244 3215.463 3215.681 3215.9 3216.072 3216.228 3216.385 3216.541 3216.695 3216.841 3216.987 3217.133 3217.279 3217.578 3217.97 3218.363 3218.756 3219.147 3219.526 3219.905 3220.283 3220.662 3221.074 3221.522 3221.971 3222.419 3222.867 3223.572 3224.301 3225.031 3225.76 3226.461 3227.107
3202.075 3202.624 3203.238 3203.873 3204.508 3205.143 3205.785 3206.464 3207.142 3207.82 3208.498 3209.139 3209.757 3210.375 3210.993 3211.6 3211.931 3212.261 3212.592 3212.922 3213.174 3213.337 3213.5 3213.664 3213.827 3213.99 3214.153 3214.316 3214.479 3214.66 3214.879 3215.098 3215.317 3215.536 3215.683 3215.807 3215.932 3216.056 3216.185 3216.331 3216.477 3216.622 3216.768 3217.061 3217.443 3217.824 3218.207 3218.588 3218.961 3219.335 3219.708 3220.081 3220.475 3220.892 3221.308 3221.724 3222.14 3222.842 3223.572 3224.302 3225.031 3225.743 3226.421
3202.194 3202.765 3203.36 3203.963 3204.566 3205.169 3205.775 3206.395 3207.014 3207.634 3208.253 3208.859 3209.455 3210.052 3210.649 3211.237 3211.588 3211.94 3212.292 3212.643 3212.902 3213.054 3213.207 3213.359 3213.511 3213.664 3213.816 3213.969 3214.121 3214.295 3214.514 3214.733 3214.952 3215.171 3215.294 3215.386 3215.479 3215.571 3215.674 3215.82 3215.966 3216.112 3216.258 3216.543 3216.915 3217.286 3217.657 3218.029 3218.396 3218.764 3219.132 3219.5 3219.876 3220.26 3220.645 3221.029 3221.414 3222.113 3222.843 3223.572 3224.302 3225.024 3225.734
3202.267 3202.851 3203.43 3204.007 3204.585 3205.162 3205.739 3206.312 3206.885 3207.459 3208.032 3208.603 3209.172 3209.741 3210.311 3210.872 3211.237 3211.602 3211.967 3212.331 3212.591 3212.73 3212.87 3213.01 3213.15 3213.301 3213.453 3213.605 3213.757 3213.929 3214.144 3214.359 3214.574 3214.788 3214.894 3214.965 3215.036 3215.106 3215.193 3215.345 3215.497 3215.649 3215.801 3216.078 3216.43 3216.782 3217.135 3217.488 3217.853 3218.217 3218.582 3218.947 3219.312 3219.676 3220.041 3220.406 3220.771 3221.462 3222.186 3222.909 3223.633 3224.354 3225.071
3202.267 3202.851 3203.418 3203.979 3204.541 3205.103 3205.661 3206.208 3206.755 3207.301 3207.848 3208.386 3208.918 3209.45 3209.982 3210.508 3210.872 3211.237 3211.602 3211.967 3212.219 3212.343 3212.466 3212.59 3212.714 3212.877 3213.045 3213.213 3213.381 3213.561 3213.765 3213.969 3214.173 3214.377 3214.477 3214.542 3214.608 3214.673 3214.758 3214.926 3215.094 3215.262 3215.43 3215.693 3216.013 3216.334 3216.655 3216.977 3217.342 3217.707 3218.071 3218.436 3218.801 3219.166 3219.53 3219.895 3220.26 3220.937 3221.645 3222.352 3223.059 3223.759 3224.444
3202.267 3202.851 3203.406 3203.952 3204.497 3205.043 3205.584 3206.104 3206.624 3207.144 3207.664 3208.169 3208.663 3209.158 3209.653 3210.143 3210.508 3210.872 3211.237 3211.602 3211.846 3211.954 3212.062 3212.17 3212.278 3212.454 3212.638 3212.822 3213.006 3213.193 3213.386 3213.58 3213.773 3213.967 3214.059 3214.119 3214.18 3214.24 3214.323 3214.508 3214.692 3214.876 3215.06 3215.309 3215.597 3215.885 3216.174 3216.467 3216.831 3217.196 3217.561 3217.926 3218.29 3218.655 3219.02 3219.385 3219.749 3220.412 3221.104 3221.795 3222.486 3223.165 3223.818
3202.267 3202.851 3203.394 3203.924 3204.453 3204.983 3205.506 3206.0 3206.493 3206.987 3207.48 3207.952 3208.409 3208.866 3209.324 3209.778 3210.143 3210.508 3210.872 3211.237 3211.474 3211.566 3211.658 3211.75 3211.842 3212.031 3212.23 3212.43 3212.63 3212.825 3213.008 3213.19 3213.373 3213.556 3213.642 3213.697 3213.751 3213.806 3213.889 3214.089 3214.289 3214.489 3214.689 3214.924 3215.181 3215.437 3215.694 3215.956 3216.321 3216.685 3217.05 3217.415 3217.78 3218.144 3218.509 3218.874 3219.239 3219.887 3220.562 3221.238 3221.913 3222.57 3223.191
