data/zism_data/01171_01_D.txt
ncols         224
nrows         224
[rows 112 to 139 of 224, columns 126 to 188 of 224]
4780.333 4778.634 4776.934 4775.233 4773.533 4772.398 4771.698 4770.998 4770.297 4769.602 4769.228 4768.853 4768.478 4768.104 4767.011 4765.09 4763.169 4761.248 4759.326 4757.942 4756.609 4755.276 4753.943 4752.854 4752.191 4751.53 4750.868 4750.206 4748.868 4747.375 4745.88 4744.386 4742.737 4740.646 4738.557 4736.466 4734.376 4732.435 4730.556 4728.676 4726.796 4724.924 4723.091 4721.259 4719.427 4717.594 4715.445 4713.093 4710.741 4708.388 4706.107 4704.987 4703.867 4702.747 4701.626 4700.742 4700.086 4699.431 4698.775 4698.12 4697.763 4697.419 4697.075
4777.188 4775.285 4773.381 4771.478 4769.575 4768.262 4767.404 4766.546 4765.688 4764.836 4764.434 4764.033 4763.631 4763.229 4762.159 4760.315 4758.471 4756.627 4754.783 4753.626 4752.536 4751.445 4750.354 4749.456 4748.895 4748.333 4747.772 4747.211 4745.965 4744.56 4743.155 4741.75 4740.159 4738.037 4735.916 4733.794 4731.672 4729.622 4727.601 4725.58 4723.559 4721.579 4719.816 4718.053 4716.29 4714.526 4712.484 4710.262 4708.04 4705.818 4703.667 4702.665 4701.664 4700.662 4699.66 4698.895 4698.36 4697.825 4697.29 4696.755 4696.362 4695.977 4695.59
4774.89 4772.809 4770.728 4768.646 4766.566 4765.103 4764.116 4763.128 4762.141 4761.162 4760.733 4760.305 4759.876 4759.447 4758.487 4756.913 4755.337 4753.763 4752.188 4751.183 4750.232 4749.281 4748.33 4747.499 4746.879 4746.258 4745.638 4745.018 4743.734 4742.297 4740.86 4739.423 4737.793 4735.618 4733.442 4731.267 4729.091 4726.907 4724.719 4722.531 4720.344 4718.241 4716.585 4714.93 4713.274 4711.619 4709.838 4707.977 4706.115 4704.254 4702.449 4701.566 4700.683 4699.799 4698.916 4698.211 4697.682 4697.152 4696.623 4696.093 4695.655 4695.22 4694.786
4772.591 4770.333 4768.074 4765.815 4763.557 4761.944 4760.827 4759.71 4758.594 4757.487 4757.032 4756.576 4756.121 4755.666 4754.816 4753.51 4752.204 4750.898 4749.592 4748.739 4747.928 4747.117 4746.306 4745.543 4744.863 4744.184 4743.504 4742.824 4741.504 4740.034 4738.565 4737.096 4735.428 4733.199 4730.969 4728.74 4726.511 4724.192 4721.838 4719.483 4717.128 4714.902 4713.354 4711.807 4710.259 4708.711 4707.192 4705.691 4704.19 4702.689 4701.231 4700.466 4699.701 4698.937 4698.171 4697.529 4697.004 4696.48 4695.956 4695.432 4694.947 4694.464 4693.981
4770.292 4767.856 4765.42 4762.984 4760.548 4758.785 4757.539 4756.293 4755.047 4753.813 4753.331 4752.848 4752.366 4751.884 4751.144 4750.107 4749.071 4748.034 4746.997 4746.294 4745.624 4744.953 4744.282 4743.586 4742.848 4742.109 4741.37 4740.631 4739.273 4737.771 4736.27 4734.768 4733.063 4730.779 4728.496 4726.213 4723.93 4721.478 4718.956 4716.435 4713.913 4711.563 4710.124 4708.683 4707.243 4705.803 4704.545 4703.405 4702.265 4701.125 4700.014 4699.367 4698.72 4698.074 4697.427 4696.846 4696.327 4695.808 4695.289 4694.77 4694.239 4693.708 4693.177
4767.994 4765.38 4762.767 4760.153 4757.539 4755.625 4754.25 4752.875 4751.5 4750.138 4749.629 4749.12 4748.611 4748.102 4747.473 4746.705 4745.938 4745.17 4744.402 4743.851 4743.32 4742.789 4742.257 4741.63 4740.832 4740.034 4739.236 4738.438 4737.042 4735.508 4733.975 4732.44 4730.697 4728.36 4726.023 4723.687 4721.35 4718.763 4716.075 4713.386 4710.698 4708.225 4706.893 4705.56 4704.228 4702.895 4701.899 4701.12 4700.34 4699.561 4698.795 4698.268 4697.739 4697.211 4696.683 4696.163 4695.649 4695.136 4694.622 4694.108 4693.532 4692.952 4692.373
4768.881 4766.38 4763.879 4761.378 4758.876 4756.878 4755.267 4753.655 4752.043 4750.444 4749.721 4748.998 4748.274 4747.551 4746.782 4745.96 4745.139 4744.318 4743.497 4742.875 4742.274 4741.672 4741.07 4740.357 4739.449 4738.54 4737.631 4736.723 4735.242 4733.629 4732.016 4730.403 4728.601 4726.261 4723.922 4721.583 4719.244 4716.731 4714.147 4711.563 4708.979 4706.619 4705.436 4704.253 4703.07 4701.888 4701.039 4700.405 4699.771 4699.136 4698.512 4698.056 4697.599 4697.143 4696.686 4696.166 4695.583 4695.0 4694.417 4693.833 4693.167 4692.497 4691.827
4770.247 4767.901 4765.556 4763.211 4760.866 4758.792 4756.928 4755.063 4753.199 4751.347 4750.381 4749.416 4748.45 4747.485 4746.539 4745.615 4744.691 4743.768 4742.844 4742.121 4741.417 4740.713 4740.009 4739.188 4738.161 4737.134 4736.106 4735.08 4733.507 4731.808 4730.108 4728.41 4726.544 4724.211 4721.877 4719.543 4717.209 4714.801 4712.362 4709.924 4707.485 4705.272 4704.245 4703.219 4702.192 4701.166 4700.446 4699.925 4699.404 4698.883 4698.369 4697.977 4697.585 4697.193 4696.801 4696.271 4695.608 4694.944 4694.28 4693.617 4692.854 4692.087 4691.32
4771.612 4769.423 4767.234 4765.045 4762.856 4760.707 4758.589 4756.472 4754.354 4752.25 4751.042 4749.834 4748.626 4747.418 4746.295 4745.269 4744.243 4743.217 4742.191 4741.366 4740.56 4739.754 4738.948 4738.019 4736.873 4735.727 4734.582 4733.436 4731.771 4729.986 4728.201 4726.416 4724.489 4722.16 4719.832 4717.503 4715.174 4712.871 4710.578 4708.285 4705.992 4703.925 4703.055 4702.184 4701.313 4700.443 4699.854 4699.446 4699.038 4698.629 4698.226 4697.898 4697.571 4697.244 4696.917 4696.377 4695.633 4694.889 4694.144 4693.4 4692.541 4691.677 4690.813
4772.977 4770.944 4768.911 4766.878 4764.845 4762.622 4760.251 4757.88 4755.51 4753.153 4751.703 4750.252 4748.803 4747.353 4746.052 4744.924 4743.795 4742.667 4741.539 4740.611 4739.703 4738.794 4737.886 4736.849 4735.585 4734.321 4733.057 4731.793 4730.036 4728.165 4726.293 4724.422 4722.433 4720.109 4717.786 4715.463 4713.14 4710.941 4708.793 4706.646 4704.498 4702.579 4701.864 4701.149 4700.435 4699.721 4699.261 4698.966 4698.671 4698.376 4698.083 4697.82 4697.557 4697.294 4697.032 4696.483 4695.658 4694.833 4694.008 4693.183 4692.228 4691.267 4690.306
4774.736 4772.81 4770.882 4768.955 4767.028 4764.753 4762.21 4759.667 4757.125 4754.594 4752.908 4751.221 4749.534 4747.847 4746.362 4745.11 4743.858 4742.606 4741.354 4740.322 4739.312 4738.301 4737.29 4736.145 4734.765 4733.384 4732.003 4730.623 4728.786 4726.842 4724.899 4722.956 4720.924 4718.641 4716.357 4714.073 4711.79 4709.688 4707.66 4705.632 4703.604 4701.799 4701.161 4700.524 4699.887 4699.25 4698.876 4698.672 4698.469 4698.265 4698.061 4697.833 4697.606 4697.379 4697.153 4696.59 4695.703 4694.814 4693.927 4693.039 4691.997 4690.948 4689.899
4777.285 4775.363 4773.441 4771.52 4769.598 4767.319 4764.766 4762.212 4759.658 4757.114 4755.201 4753.288 4751.375 4749.462 4747.779 4746.36 4744.941 4743.522 4742.103 4740.963 4739.851 4738.738 4737.625 4736.374 4734.88 4733.387 4731.893 4730.399 4728.506 4726.52 4724.533 4722.547 4720.512 4718.335 4716.159 4713.983 4711.807 4709.786 4707.829 4705.871 4703.913 4702.153 4701.435 4700.717 4699.999 4699.281 4698.906 4698.75 4698.595 4698.44 4698.279 4698.031 4697.783 4697.534 4697.286 4696.699 4695.784 4694.87 4693.955 4693.04 4691.93 4690.811 4689.692
4779.833 4777.917 4776.0 4774.084 4772.167 4769.885 4767.32 4764.756 4762.192 4759.634 4757.495 4755.356 4753.217 4751.078 4749.195 4747.61 4746.024 4744.438 4742.853 4741.605 4740.39 4739.174 4737.959 4736.602 4734.996 4733.389 4731.782 4730.176 4728.226 4726.197 4724.167 4722.138 4720.099 4718.03 4715.962 4713.894 4711.825 4709.885 4707.997 4706.109 4704.222 4702.508 4701.709 4700.91 4700.111 4699.313 4698.935 4698.828 4698.722 4698.615 4698.499 4698.229 4697.959 4697.689 4697.419 4696.808 4695.866 4694.924 4693.983 4693.041 4691.863 4690.674 4689.485
4782.381 4780.47 4778.559 4776.648 4774.737 4772.451 4769.875 4767.301 4764.726 4762.153 4759.789 4757.423 4755.059 4752.693 4750.612 4748.86 4747.107 4745.354 4743.602 4742.247 4740.929 4739.611 4738.294 4736.831 4735.111 4733.392 4731.672 4729.952 4727.946 4725.874 4723.801 4721.729 4719.686 4717.725 4715.764 4713.804 4711.843 4709.984 4708.166 4706.348 4704.53 4702.862 4701.983 4701.103 4700.224 4699.344 4698.964 4698.906 4698.848 4698.79 4698.718 4698.426 4698.135 4697.843 4697.552 4696.917 4695.948 4694.979 4694.011 4693.042 4691.796 4690.537 4689.278
4784.929 4783.023 4781.118 4779.212 4777.307 4775.017 4772.431 4769.845 4767.259 4764.673 4762.082 4759.491 4756.9 4754.309 4752.029 4750.11 4748.19 4746.271 4744.351 4742.888 4741.468 4740.048 4738.628 4737.059 4735.227 4733.394 4731.561 4729.729 4727.667 4725.551 4723.436 4721.32 4719.273 4717.42 4715.567 4713.714 4711.861 4710.083 4708.334 4706.587 4704.839 4703.217 4702.256 4701.296 4700.336 4699.376 4698.994 4698.984 4698.974 4698.964 4698.937 4698.624 4698.311 4697.998 4697.685 4697.026 4696.03 4695.035 4694.039 4693.043 4691.729 4690.4 4689.072
4787.203 4785.299 4783.394 4781.49 4779.585 4777.333 4774.814 4772.294 4769.775 4767.254 4764.63 4762.006 4759.382 4756.758 4754.365 4752.24 4750.115 4747.99 4745.865 4744.208 4742.597 4740.984 4739.372 4737.668 4735.804 4733.94 4732.076 4730.212 4728.178 4726.106 4724.033 4721.96 4719.934 4718.038 4716.143 4714.247 4712.352 4710.522 4708.72 4706.917 4705.116 4703.439 4702.428 4701.417 4700.407 4699.396 4699.0 4699.0 4699.0 4699.0 4698.981 4698.655 4698.329 4698.003 4697.677 4696.994 4695.962 4694.931 4693.9 4692.869 4691.482 4690.079 4688.676
4789.408 4787.503 4785.599 4783.694 4781.79 4779.586 4777.153 4774.72 4772.287 4769.851 4767.243 4764.635 4762.027 4759.419 4756.935 4754.595 4752.255 4749.915 4747.574 4745.702 4743.875 4742.047 4740.22 4738.375 4736.5 4734.625 4732.75 4730.875 4728.892 4726.884 4724.876 4722.868 4720.868 4718.892 4716.916 4714.939 4712.963 4711.049 4709.161 4707.272 4705.384 4703.628 4702.575 4701.521 4700.466 4699.413 4699.0 4699.0 4699.0 4699.0 4698.98 4698.644 4698.307 4697.97 4697.634 4696.925 4695.857 4694.788 4693.719 4692.65 4691.19 4689.711 4688.233
4791.612 4789.708 4787.803 4785.898 4783.994 4781.839 4779.492 4777.145 4774.798 4772.447 4769.855 4767.264 4764.672 4762.08 4759.505 4756.95 4754.394 4751.838 4749.283 4747.196 4745.153 4743.11 4741.067 4739.082 4737.196 4735.31 4733.424 4731.539 4729.606 4727.663 4725.719 4723.775 4721.802 4719.745 4717.688 4715.631 4713.574 4711.576 4709.601 4707.626 4705.652 4703.818 4702.721 4701.624 4700.526 4699.429 4699.0 4699.0 4699.0 4699.0 4698.98 4698.632 4698.285 4697.938 4697.59 4696.857 4695.751 4694.645 4693.538 4692.432 4690.897 4689.344 4687.79
4793.816 4791.912 4790.007 4788.103 4786.199 4784.093 4781.832 4779.57 4777.309 4775.043 4772.468 4769.893 4767.317 4764.741 4762.075 4759.304 4756.533 4753.763 4750.992 4748.689 4746.431 4744.173 4741.915 4739.788 4737.892 4735.995 4734.099 4732.202 4730.32 4728.441 4726.562 4724.683 4722.736 4720.599 4718.461 4716.323 4714.185 4712.102 4710.042 4707.981 4705.921 4704.007 4702.867 4701.727 4700.586 4699.446 4699.0 4699.0 4699.0 4699.0 4698.979 4698.621 4698.263 4697.904 4697.546 4696.79 4695.645 4694.501 4693.357 4692.213 4690.605 4688.976 4687.347
4795.79 4793.929 4792.067 4790.207 4788.346 4786.299 4784.11 4781.921 4779.732 4777.538 4774.981 4772.425 4769.868 4767.312 4764.575 4761.629 4758.684 4755.738 4752.793 4750.286 4747.821 4745.356 4742.892 4740.622 4738.694 4736.768 4734.841 4732.914 4731.06 4729.223 4727.386 4725.549 4723.616 4721.41 4719.205 4716.999 4714.793 4712.631 4710.487 4708.343 4706.199 4704.205 4702.998 4701.791 4700.583 4699.376 4698.881 4698.843 4698.805 4698.768 4698.71 4698.343 4697.975 4697.607 4697.24 4696.469 4695.307 4694.145 4692.982 4691.82 4690.168 4688.493 4686.818
4797.107 4795.413 4793.719 4792.025 4790.331 4788.375 4786.218 4784.062 4781.905 4779.743 4777.213 4774.684 4772.154 4769.624 4766.874 4763.869 4760.865 4757.86 4754.855 4752.176 4749.528 4746.881 4744.233 4741.815 4739.802 4737.789 4735.776 4733.763 4731.875 4730.017 4728.158 4726.3 4724.343 4722.104 4719.866 4717.628 4715.39 4713.165 4710.946 4708.727 4706.508 4704.428 4703.087 4701.745 4700.403 4699.062 4698.425 4698.242 4698.059 4697.875 4697.681 4697.308 4696.935 4696.563 4696.189 4695.435 4694.311 4693.186 4692.062 4690.937 4689.322 4687.685 4686.048
4798.425 4796.897 4795.37 4793.843 4792.315 4790.451 4788.327 4786.202 4784.078 4781.948 4779.445 4776.942 4774.439 4771.937 4769.173 4766.109 4763.046 4759.982 4756.918 4754.067 4751.236 4748.405 4745.574 4743.008 4740.909 4738.81 4736.711 4734.612 4732.69 4730.811 4728.931 4727.051 4725.069 4722.798 4720.528 4718.257 4715.987 4713.7 4711.405 4709.11 4706.816 4704.652 4703.176 4701.699 4700.223 4698.747 4697.969 4697.641 4697.313 4696.984 4696.652 4696.274 4695.896 4695.517 4695.139 4694.401 4693.314 4692.227 4691.141 4690.054 4688.477 4686.877 4685.277
4799.742 4798.382 4797.021 4795.661 4794.3 4792.526 4790.435 4788.342 4786.25 4784.153 4781.677 4779.201 4776.725 4774.249 4771.473 4768.35 4765.227 4762.104 4758.98 4755.957 4752.943 4749.929 4746.916 4744.202 4742.017 4739.831 4737.646 4735.46 4733.506 4731.604 4729.703 4727.801 4725.795 4723.493 4721.19 4718.887 4716.584 4714.234 4711.864 4709.494 4707.124 4704.875 4703.265 4701.654 4700.043 4698.432 4697.514 4697.04 4696.566 4696.092 4695.623 4695.239 4694.855 4694.472 4694.088 4693.367 4692.318 4691.269 4690.219 4689.17 4687.631 4686.069 4684.507
4801.06 4799.866 4798.673 4797.479 4796.286 4794.602 4792.542 4790.483 4788.423 4786.357 4783.908 4781.459 4779.01 4776.561 4773.772 4770.59 4767.408 4764.226 4761.043 4757.848 4754.651 4751.454 4748.257 4745.396 4743.124 4740.853 4738.581 4736.31 4734.321 4732.398 4730.475 4728.552 4726.521 4724.187 4721.852 4719.517 4717.182 4714.768 4712.323 4709.877 4707.432 4705.099 4703.354 4701.608 4699.863 4698.118 4697.058 4696.438 4695.819 4695.2 4694.594 4694.205 4693.816 4693.427 4693.038 4692.333 4691.321 4690.31 4689.298 4688.287 4686.785 4685.261 4683.737
4801.806 4800.752 4799.698 4798.644 4797.59 4796.015 4794.038 4792.061 4790.084 4788.1 4785.6 4783.1 4780.599 4778.099 4775.284 4772.105 4768.926 4765.747 4762.568 4759.33 4756.087 4752.843 4749.6 4746.671 4744.293 4741.917 4739.539 4737.162 4735.022 4732.938 4730.853 4728.768 4726.603 4724.212 4721.821 4719.431 4717.04 4714.584 4712.103 4709.622 4707.14 4704.772 4703.005 4701.239 4699.472 4697.705 4696.548 4695.784 4695.02 4694.255 4693.509 4693.06 4692.61 4692.161 4691.712 4690.989 4690.0 4689.01 4688.021 4687.031 4685.555 4684.057 4682.559
4802.335 4801.411 4800.486 4799.561 4798.636 4797.175 4795.3 4793.426 4791.551 4789.666 4787.085 4784.504 4781.923 4779.343 4776.497 4773.345 4770.193 4767.041 4763.888 4760.658 4757.42 4754.182 4750.944 4747.977 4745.487 4742.997 4740.506 4738.016 4735.68 4733.38 4731.08 4728.78 4726.439 4723.984 4721.528 4719.073 4716.618 4714.128 4711.625 4709.122 4706.619 4704.237 4702.492 4700.746 4699.001 4697.256 4696.019 4695.109 4694.2 4693.29 4692.402 4691.872 4691.342 4690.812 4690.282 4689.527 4688.554 4687.581 4686.607 4685.634 4684.18 4682.703 4681.227
4802.865 4802.069 4801.273 4800.478 4799.683 4798.335 4796.563 4794.79 4793.018 4791.233 4788.571 4785.91 4783.248 4780.586 4777.709 4774.584 4771.459 4768.334 4765.209 4761.986 4758.753 4755.521 4752.288 4749.283 4746.68 4744.077 4741.474 4738.871 4736.338 4733.823 4731.308 4728.792 4726.275 4723.755 4721.235 4718.715 4716.196 4713.672 4711.147 4708.623 4706.098 4703.701 4701.978 4700.254 4698.53 4696.807 4695.49 4694.435 4693.379 4692.324 4691.295 4690.684 4690.074 4689.463 4688.852 4688.066 4687.109 4686.151 4685.194 4684.237 4682.804 4681.349 4679.894
4803.394 4802.728 4802.061 4801.395 4800.729 4799.495 4797.825 4796.155 4794.485 4792.799 4790.057 4787.314 4784.572 4781.83 4778.922 4775.824 4772.726 4769.627 4766.529 4763.313 4760.086 4756.859 4753.631 4750.589 4747.873 4745.157 4742.441 4739.725 4736.997 4734.266 4731.535 4728.804 4726.111 4723.527 4720.942 4718.358 4715.773 4713.216 4710.67 4708.124 4705.578 4703.166 4701.464 4699.762 4698.059 4696.357 4694.96 4693.76 4692.56 4691.359 4690.188 4689.497 4688.805 4688.114 4687.422 4686.604 4685.663 4684.722 4683.781 4682.841 4681.428 4679.995 4678.561
