data/zism_data/01175_01_D.txt
ncols         224
nrows         224
[rows 0 to 28 of 224, columns 0 to 63 of 224]
1305.637 1309.311 1313.051 1316.792 1320.532 1324.902 1330.14 1335.378 1340.615 1345.853 1352.623 1359.579 1366.535 1373.491 1379.035 1382.095 1385.154 1388.213 1391.272 1386.438 1380.025 1373.612 1367.2 1360.274 1352.174 1344.075 1335.975 1327.876 1322.248 1317.335 1312.422 1307.51 1303.091 1300.184 1297.276 1294.369 1291.461 1288.696 1285.986 1283.277 1280.568 1278.397 1278.543 1278.689 1278.836 1278.982 1279.861 1281.118 1282.376 1283.633 1284.774 1285.142 1285.509 1285.877 1286.244 1286.129 1285.693 1285.258 1284.823 1284.113 1279.884 1275.655 1271.426 1267.197
1303.727 1307.099 1310.542 1313.985 1317.427 1321.638 1326.907 1332.176 1337.446 1342.715 1349.92 1357.362 1364.804 1372.245 1378.197 1381.527 1384.857 1388.186 1391.516 1386.614 1380.066 1373.517 1366.969 1359.85 1351.426 1343.003 1334.58 1326.156 1320.486 1315.614 1310.742 1305.869 1301.499 1298.664 1295.828 1292.993 1290.158 1287.808 1285.65 1283.492 1281.333 1279.771 1280.774 1281.778 1282.781 1283.784 1284.642 1285.425 1286.208 1286.991 1287.575 1286.833 1286.091 1285.349 1284.607 1284.016 1283.524 1283.033 1282.542 1281.826 1278.242 1274.658 1271.075 1267.491
1302.53 1305.325 1308.182 1311.038 1313.895 1317.63 1322.576 1327.523 1332.469 1337.416 1344.678 1352.221 1359.765 1367.309 1373.318 1376.627 1379.935 1383.243 1386.551 1381.587 1374.969 1368.351 1361.732 1354.673 1346.604 1338.536 1330.467 1322.399 1317.188 1312.805 1308.422 1304.039 1300.121 1297.625 1295.128 1292.632 1290.135 1288.321 1286.776 1285.231 1283.685 1282.648 1283.796 1284.945 1286.094 1287.242 1287.49 1287.272 1287.055 1286.838 1286.38 1284.32 1282.261 1280.201 1278.142 1276.886 1276.164 1275.441 1274.719 1273.844 1271.018 1268.193 1265.367 1262.542
1301.333 1303.551 1305.821 1308.092 1310.362 1313.621 1318.245 1322.869 1327.493 1332.117 1339.435 1347.081 1354.727 1362.373 1368.439 1371.726 1375.013 1378.3 1381.586 1376.56 1369.872 1363.184 1356.496 1349.495 1341.782 1334.068 1326.355 1318.641 1313.89 1309.996 1306.102 1302.209 1298.743 1296.586 1294.428 1292.27 1290.113 1288.834 1287.902 1286.97 1286.037 1285.525 1286.818 1288.112 1289.406 1290.7 1290.338 1289.12 1287.902 1286.684 1285.185 1281.808 1278.431 1275.054 1271.677 1269.757 1268.803 1267.849 1266.896 1265.861 1263.794 1261.727 1259.659 1257.592
1300.137 1301.776 1303.461 1305.145 1306.829 1309.613 1313.915 1318.216 1322.517 1326.818 1334.192 1341.94 1349.688 1357.437 1363.561 1366.826 1370.091 1373.356 1376.621 1371.534 1364.776 1358.017 1351.259 1344.318 1336.96 1329.601 1322.242 1314.884 1310.591 1307.187 1303.783 1300.379 1297.365 1295.546 1293.728 1291.909 1290.09 1289.347 1289.028 1288.709 1288.39 1288.402 1289.841 1291.28 1292.719 1294.158 1293.185 1290.967 1288.749 1286.531 1283.99 1279.296 1274.601 1269.906 1265.212 1262.628 1261.443 1260.258 1259.073 1257.879 1256.57 1255.261 1253.952 1252.643
1298.94 1300.002 1301.1 1302.198 1303.296 1305.605 1309.584 1313.562 1317.541 1321.519 1328.949 1336.799 1344.65 1352.5 1358.682 1361.925 1365.169 1368.413 1371.656 1366.507 1359.679 1352.851 1346.023 1339.141 1332.137 1325.134 1318.13 1311.126 1307.293 1304.378 1301.463 1298.549 1295.987 1294.507 1293.027 1291.547 1290.067 1289.86 1290.154 1290.448 1290.742 1291.279 1292.863 1294.447 1296.031 1297.616 1296.033 1292.815 1289.596 1286.378 1282.795 1276.783 1270.771 1264.759 1258.747 1255.499 1254.083 1252.666 1251.25 1249.896 1249.346 1248.795 1248.244 1247.693
1298.985 1299.803 1300.65 1301.496 1302.343 1304.308 1307.817 1311.326 1314.835 1318.344 1325.294 1332.662 1340.031 1347.4 1353.296 1356.6 1359.904 1363.207 1366.511 1361.844 1355.583 1349.322 1343.061 1336.761 1330.374 1323.986 1317.599 1311.211 1307.608 1304.811 1302.014 1299.217 1296.767 1295.377 1293.986 1292.596 1291.206 1291.13 1291.571 1292.013 1292.454 1293.077 1294.48 1295.883 1297.286 1298.689 1296.805 1293.223 1289.641 1286.059 1282.037 1275.079 1268.121 1261.163 1254.205 1250.129 1247.963 1245.797 1243.63 1241.606 1241.389 1241.172 1240.955 1240.738
1299.424 1300.104 1300.805 1301.506 1302.208 1303.872 1306.865 1309.858 1312.85 1315.843 1322.142 1328.844 1335.546 1342.248 1347.75 1351.14 1354.53 1357.919 1361.309 1357.297 1351.805 1346.313 1340.821 1335.269 1329.581 1323.892 1318.204 1312.515 1309.069 1306.272 1303.475 1300.678 1298.231 1296.851 1295.472 1294.092 1292.713 1292.64 1293.081 1293.523 1293.964 1294.533 1295.651 1296.769 1297.887 1299.005 1296.917 1293.174 1289.431 1285.688 1281.418 1273.631 1265.845 1258.059 1250.272 1245.317 1242.236 1239.156 1236.076 1233.217 1233.199 1233.181 1233.163 1233.145
1299.864 1300.404 1300.96 1301.517 1302.073 1303.436 1305.912 1308.389 1310.865 1313.342 1318.99 1325.025 1331.06 1337.096 1342.204 1345.679 1349.155 1352.631 1356.107 1352.75 1348.027 1343.304 1338.581 1333.777 1328.788 1323.798 1318.809 1313.82 1310.53 1307.733 1304.937 1302.14 1299.695 1298.326 1296.957 1295.589 1294.22 1294.15 1294.591 1295.033 1295.475 1295.99 1296.823 1297.656 1298.488 1299.321 1297.03 1293.126 1289.221 1285.317 1280.798 1272.184 1263.569 1254.955 1246.34 1240.505 1236.51 1232.516 1228.521 1224.829 1225.01 1225.191 1225.372 1225.553
1300.303 1300.705 1301.116 1301.527 1301.938 1303.0 1304.96 1306.92 1308.88 1310.84 1315.838 1321.207 1326.575 1331.943 1336.657 1340.219 1343.781 1347.343 1350.905 1348.203 1344.249 1340.295 1336.341 1332.285 1327.995 1323.704 1319.414 1315.124 1311.992 1309.195 1306.398 1303.601 1301.159 1299.801 1298.443 1297.085 1295.727 1295.66 1296.101 1296.543 1296.985 1297.446 1297.994 1298.542 1299.09 1299.637 1297.143 1293.077 1289.011 1284.946 1280.179 1270.736 1261.293 1251.851 1242.408 1235.693 1230.784 1225.875 1220.966 1216.441 1216.821 1217.201 1217.581 1217.96
1300.746 1301.057 1301.373 1301.689 1302.004 1302.83 1304.358 1305.887 1307.416 1308.944 1313.3 1318.0 1322.701 1327.401 1331.678 1335.207 1338.736 1342.265 1345.794 1343.648 1340.367 1337.085 1333.804 1330.418 1326.791 1323.165 1319.539 1315.913 1312.985 1310.259 1307.533 1304.807 1302.424 1301.089 1299.753 1298.417 1297.082 1297.004 1297.423 1297.841 1298.259 1298.656 1298.959 1299.262 1299.565 1299.868 1297.196 1292.988 1288.78 1284.572 1279.593 1269.469 1259.346 1249.222 1239.099 1231.636 1225.936 1220.236 1214.536 1209.286 1209.802 1210.319 1210.835 1211.352
1301.207 1301.622 1302.045 1302.469 1302.892 1303.743 1305.186 1306.629 1308.071 1309.514 1313.261 1317.289 1321.318 1325.346 1329.006 1332.019 1335.032 1338.045 1341.058 1339.059 1336.057 1333.055 1330.054 1327.021 1323.916 1320.811 1317.707 1314.602 1312.071 1309.705 1307.34 1304.974 1302.88 1301.614 1300.348 1299.083 1297.817 1297.675 1297.974 1298.275 1298.574 1298.86 1299.082 1299.305 1299.527 1299.749 1297.008 1292.735 1288.463 1284.19 1279.144 1268.94 1258.736 1248.532 1238.327 1230.658 1224.667 1218.677 1212.686 1207.159 1207.557 1207.955 1208.353 1208.751
1301.668 1302.187 1302.718 1303.249 1303.779 1304.657 1306.014 1307.37 1308.727 1310.083 1313.222 1316.578 1319.934 1323.29 1326.335 1328.832 1331.329 1333.825 1336.322 1334.47 1331.748 1329.025 1326.303 1323.623 1321.041 1318.458 1315.875 1313.292 1311.157 1309.151 1307.146 1305.141 1303.335 1302.14 1300.944 1299.748 1298.552 1298.345 1298.526 1298.708 1298.89 1299.064 1299.206 1299.347 1299.489 1299.631 1296.819 1292.482 1288.145 1283.808 1278.695 1268.41 1258.125 1247.841 1237.556 1229.679 1223.398 1217.118 1210.837 1205.031 1205.311 1205.591 1205.871 1206.151
1302.129 1302.752 1303.39 1304.028 1304.667 1305.571 1306.841 1308.112 1309.382 1310.653 1313.183 1315.867 1318.551 1321.235 1323.664 1325.644 1327.625 1329.605 1331.586 1329.88 1327.438 1324.995 1322.553 1320.226 1318.165 1316.104 1314.042 1311.981 1310.243 1308.598 1306.953 1305.308 1303.791 1302.665 1301.539 1300.413 1299.288 1299.015 1299.078 1299.142 1299.205 1299.268 1299.329 1299.39 1299.451 1299.512 1296.63 1292.229 1287.827 1283.426 1278.246 1267.881 1257.515 1247.15 1236.784 1228.701 1222.13 1215.558 1208.987 1202.904 1203.065 1203.227 1203.388 1203.55
1302.59 1303.317 1304.063 1304.808 1305.554 1306.484 1307.669 1308.853 1310.038 1311.222 1313.144 1315.156 1317.168 1319.179 1320.993 1322.457 1323.921 1325.385 1326.85 1325.291 1323.128 1320.965 1318.802 1316.829 1315.29 1313.75 1312.21 1310.671 1309.329 1308.044 1306.759 1305.475 1304.247 1303.191 1302.135 1301.079 1300.023 1299.685 1299.63 1299.575 1299.52 1299.472 1299.452 1299.433 1299.413 1299.393 1296.442 1291.976 1287.509 1283.043 1277.797 1267.351 1256.905 1246.459 1236.013 1227.723 1220.861 1213.999 1207.138 1200.776 1200.82 1200.863 1200.906 1200.949
1302.603 1303.391 1304.2 1305.009 1305.818 1306.751 1307.857 1308.962 1310.067 1311.173 1312.657 1314.188 1315.719 1317.249 1318.568 1319.512 1320.457 1321.401 1322.346 1320.863 1318.894 1316.925 1314.957 1313.249 1312.139 1311.029 1309.919 1308.808 1307.829 1306.888 1305.946 1305.005 1304.072 1303.164 1302.257 1301.349 1300.442 1300.059 1299.882 1299.705 1299.529 1299.341 1299.104 1298.867 1298.63 1298.393 1295.183 1290.437 1285.692 1280.946 1275.476 1265.178 1254.88 1244.582 1234.284 1226.172 1219.508 1212.844 1206.181 1200.0 1200.0 1200.0 1200.0 1200.0
1302.36 1303.183 1304.03 1304.876 1305.723 1306.647 1307.677 1308.707 1309.737 1310.767 1311.912 1313.072 1314.232 1315.391 1316.284 1316.707 1317.13 1317.553 1317.976 1316.527 1314.703 1312.88 1311.056 1309.564 1308.831 1308.097 1307.363 1306.629 1305.993 1305.385 1304.777 1304.169 1303.535 1302.821 1302.107 1301.393 1300.68 1300.262 1299.962 1299.662 1299.361 1299.017 1298.484 1297.952 1297.419 1296.886 1293.31 1288.161 1283.011 1277.862 1272.078 1262.06 1252.041 1242.023 1232.005 1224.292 1218.107 1211.922 1205.737 1200.0 1200.0 1200.0 1200.0 1200.0
1302.117 1302.975 1303.86 1304.744 1305.628 1306.542 1307.497 1308.451 1309.406 1310.361 1311.167 1311.956 1312.745 1313.533 1314.0 1313.902 1313.803 1313.704 1313.605 1312.19 1310.512 1308.834 1307.156 1305.88 1305.522 1305.165 1304.807 1304.45 1304.157 1303.882 1303.608 1303.333 1302.998 1302.478 1301.958 1301.437 1300.917 1300.466 1300.042 1299.618 1299.194 1298.693 1297.865 1297.037 1296.208 1295.38 1291.436 1285.884 1280.331 1274.779 1268.68 1258.942 1249.203 1239.464 1229.726 1222.412 1216.706 1210.999 1205.293 1200.0 1200.0 1200.0 1200.0 1200.0
1301.874 1302.768 1303.689 1304.611 1305.533 1306.437 1307.317 1308.196 1309.076 1309.955 1310.423 1310.84 1311.258 1311.675 1311.717 1311.096 1310.476 1309.856 1309.235 1307.854 1306.321 1304.788 1303.255 1302.195 1302.214 1302.233 1302.252 1302.271 1302.321 1302.38 1302.439 1302.497 1302.461 1302.135 1301.808 1301.481 1301.155 1300.669 1300.122 1299.574 1299.026 1298.37 1297.246 1296.121 1294.997 1293.873 1289.563 1283.607 1277.651 1271.695 1265.283 1255.824 1246.365 1236.906 1227.447 1220.532 1215.305 1210.077 1204.849 1200.0 1200.0 1200.0 1200.0 1200.0
1301.637 1302.563 1303.519 1304.474 1305.43 1306.322 1307.126 1307.93 1308.734 1309.538 1309.684 1309.749 1309.814 1309.879 1309.519 1308.413 1307.306 1306.2 1305.094 1303.722 1302.297 1300.872 1299.446 1298.56 1298.905 1299.251 1299.596 1299.941 1300.331 1300.735 1301.138 1301.541 1301.81 1301.667 1301.524 1301.381 1301.239 1300.711 1300.032 1299.353 1298.675 1297.856 1296.433 1295.01 1293.587 1292.165 1287.511 1281.189 1274.867 1268.544 1261.852 1252.691 1243.531 1234.37 1225.21 1218.696 1213.936 1209.175 1204.415 1200.0 1200.0 1200.0 1200.0 1200.0
1301.485 1302.402 1303.341 1304.281 1305.22 1306.071 1306.8 1307.529 1308.258 1308.986 1309.018 1308.965 1308.911 1308.858 1308.411 1307.273 1306.134 1304.996 1303.857 1302.175 1300.384 1298.593 1296.802 1295.567 1295.6 1295.633 1295.667 1295.7 1296.396 1297.283 1298.17 1299.058 1299.706 1299.622 1299.538 1299.454 1299.371 1298.698 1297.793 1296.889 1295.984 1294.919 1293.163 1291.406 1289.65 1287.894 1283.194 1276.974 1270.754 1264.534 1258.001 1249.378 1240.755 1232.132 1223.51 1217.407 1212.975 1208.543 1204.111 1200.0 1200.0 1200.0 1200.0 1200.0
1301.334 1302.24 1303.164 1304.087 1305.01 1305.82 1306.474 1307.127 1307.781 1308.434 1308.352 1308.181 1308.009 1307.838 1307.304 1306.133 1304.962 1303.791 1302.62 1300.628 1298.471 1296.315 1294.158 1292.573 1292.295 1292.016 1291.738 1291.459 1292.46 1293.831 1295.203 1296.574 1297.601 1297.577 1297.552 1297.528 1297.503 1296.685 1295.554 1294.424 1293.293 1291.982 1289.892 1287.803 1285.713 1283.624 1278.878 1272.76 1266.642 1260.524 1254.15 1246.065 1237.979 1229.895 1221.809 1216.119 1212.015 1207.911 1203.807 1200.0 1200.0 1200.0 1200.0 1200.0
1301.182 1302.079 1302.986 1303.893 1304.8 1305.569 1306.148 1306.726 1307.304 1307.882 1307.687 1307.397 1307.107 1306.817 1306.196 1304.993 1303.79 1302.587 1301.383 1299.081 1296.559 1294.037 1291.515 1289.58 1288.99 1288.399 1287.809 1287.218 1288.524 1290.38 1292.235 1294.09 1295.497 1295.531 1295.566 1295.601 1295.635 1294.672 1293.315 1291.959 1290.603 1289.045 1286.622 1284.199 1281.776 1279.353 1274.561 1268.545 1262.53 1256.514 1250.298 1242.751 1235.204 1227.657 1220.109 1214.83 1211.054 1207.278 1203.502 1200.0 1200.0 1200.0 1200.0 1200.0
1301.031 1301.917 1302.808 1303.7 1304.591 1305.319 1305.822 1306.324 1306.827 1307.33 1307.021 1306.613 1306.205 1305.796 1305.088 1303.853 1302.618 1301.382 1300.147 1297.534 1294.646 1291.758 1288.87 1286.587 1285.684 1284.782 1283.88 1282.977 1284.588 1286.928 1289.267 1291.606 1293.393 1293.486 1293.58 1293.674 1293.767 1292.659 1291.077 1289.494 1287.912 1286.108 1283.352 1280.595 1277.839 1275.083 1270.244 1264.331 1258.417 1252.504 1246.447 1239.438 1232.428 1225.419 1218.409 1213.542 1210.094 1206.646 1203.198 1200.0 1200.0 1200.0 1200.0 1200.0
1300.964 1301.817 1302.664 1303.512 1304.359 1305.042 1305.497 1305.952 1306.407 1306.863 1306.506 1306.051 1305.596 1305.141 1304.418 1303.225 1302.031 1300.838 1299.644 1296.775 1293.571 1290.367 1287.163 1284.446 1282.841 1281.237 1279.632 1278.028 1279.532 1281.938 1284.344 1286.75 1288.631 1288.907 1289.184 1289.46 1289.737 1288.662 1287.054 1285.447 1283.839 1281.975 1279.006 1276.037 1273.068 1270.099 1265.258 1259.449 1253.64 1247.832 1241.942 1235.515 1229.087 1222.659 1216.231 1211.854 1208.836 1205.818 1202.8 1200.0 1200.0 1200.0 1200.0 1200.0
1300.978 1301.775 1302.552 1303.33 1304.108 1304.741 1305.174 1305.608 1306.042 1306.475 1306.136 1305.702 1305.269 1304.835 1304.167 1303.086 1302.006 1300.925 1299.845 1296.77 1293.297 1289.824 1286.351 1283.12 1280.44 1277.76 1275.08 1272.4 1273.405 1275.477 1277.549 1279.621 1281.325 1281.903 1282.481 1283.058 1283.636 1282.766 1281.325 1279.884 1278.443 1276.696 1273.63 1270.564 1267.499 1264.433 1259.629 1253.928 1248.227 1242.526 1236.812 1231.008 1225.204 1219.4 1213.596 1209.784 1207.293 1204.802 1202.311 1200.0 1200.0 1200.0 1200.0 1200.0
1300.992 1301.733 1302.441 1303.148 1303.856 1304.439 1304.851 1305.264 1305.676 1306.088 1305.765 1305.353 1304.941 1304.529 1303.916 1302.948 1301.98 1301.013 1300.045 1296.765 1293.024 1289.282 1285.54 1281.794 1278.038 1274.283 1270.527 1266.772 1267.276 1269.015 1270.754 1272.493 1274.02 1274.899 1275.778 1276.656 1277.535 1276.87 1275.595 1274.321 1273.047 1271.417 1268.254 1265.092 1261.929 1258.767 1254.001 1248.408 1242.814 1237.221 1231.681 1226.501 1221.321 1216.141 1210.96 1207.714 1205.75 1203.786 1201.822 1200.0 1200.0 1200.0 1200.0 1200.0
1301.005 1301.691 1302.329 1302.966 1303.604 1304.138 1304.529 1304.919 1305.31 1305.701 1305.395 1305.004 1304.614 1304.223 1303.664 1302.809 1301.955 1301.1 1300.245 1296.76 1292.75 1288.739 1284.728 1280.468 1275.637 1270.806 1265.975 1261.144 1261.148 1262.554 1263.959 1265.365 1266.715 1267.895 1269.074 1270.255 1271.434 1270.973 1269.866 1268.758 1267.651 1266.138 1262.879 1259.619 1256.36 1253.101 1248.373 1242.887 1237.401 1231.915 1226.551 1221.994 1217.438 1212.881 1208.325 1205.645 1204.207 1202.77 1201.333 1200.0 1200.0 1200.0 1200.0 1200.0
1301.02 1301.649 1302.217 1302.785 1303.353 1303.837 1304.206 1304.575 1304.944 1305.313 1305.024 1304.655 1304.286 1303.917 1303.413 1302.671 1301.929 1301.188 1300.446 1296.756 1292.476 1288.196 1283.917 1279.142 1273.235 1267.329 1261.422 1255.516 1255.02 1256.092 1257.164 1258.236 1259.409 1260.89 1262.371 1263.853 1265.334 1265.077 1264.136 1263.196 1262.255 1260.859 1257.503 1254.147 1250.791 1247.434 1242.745 1237.366 1231.988 1226.61 1221.42 1217.487 1213.555 1209.622 1205.69 1203.575 1202.665 1201.754 1200.844 1200.0 1200.0 1200.0 1200.0 1200.0
