data/zism_data/01174_01_D.txt
ncols         224
nrows         224
[rows 56 to 83 of 224, columns 0 to 62 of 224]
1232.73 1235.298 1237.865 1240.432 1242.703 1244.192 1245.681 1247.17 1248.659 1250.085 1251.488 1252.891 1254.294 1255.86 1258.068 1260.276 1262.484 1264.692 1267.148 1269.726 1272.305 1274.884 1277.513 1280.472 1283.431 1286.39 1289.349 1292.81 1296.614 1300.417 1304.221 1308.102 1313.229 1318.356 1323.483 1328.61 1331.932 1333.599 1335.267 1336.935 1338.603 1338.355 1338.08 1337.805 1337.53 1337.208 1336.831 1336.453 1336.075 1335.697 1335.68 1335.696 1335.713 1335.729 1336.35 1337.969 1339.588 1341.207 1342.827 1342.434 1341.659 1340.885 1340.111
1234.979 1237.39 1239.8 1242.211 1244.294 1245.513 1246.732 1247.951 1249.171 1250.322 1251.45 1252.577 1253.705 1255.058 1257.299 1259.539 1261.78 1264.02 1266.529 1269.173 1271.817 1274.461 1277.154 1280.184 1283.213 1286.242 1289.272 1292.665 1296.307 1299.948 1303.59 1307.296 1312.045 1316.794 1321.543 1326.292 1329.267 1330.616 1331.965 1333.315 1334.664 1334.359 1334.029 1333.7 1333.371 1333.129 1332.994 1332.859 1332.725 1332.59 1332.938 1333.333 1333.728 1334.122 1335.072 1336.939 1338.807 1340.674 1342.542 1342.357 1341.782 1341.208 1340.633
1237.228 1239.482 1241.736 1243.99 1245.885 1246.834 1247.784 1248.733 1249.682 1250.56 1251.412 1252.264 1253.116 1254.256 1256.529 1258.802 1261.075 1263.348 1265.911 1268.62 1271.328 1274.037 1276.796 1279.896 1282.995 1286.095 1289.194 1292.52 1295.999 1299.479 1302.959 1306.49 1310.861 1315.232 1319.603 1323.974 1326.603 1327.633 1328.664 1329.694 1330.725 1330.362 1329.979 1329.595 1329.212 1329.05 1329.158 1329.266 1329.374 1329.483 1330.197 1330.97 1331.742 1332.515 1333.794 1335.91 1338.026 1340.141 1342.257 1342.28 1341.905 1341.53 1341.155
1238.33 1240.36 1242.389 1244.418 1246.124 1246.975 1247.827 1248.679 1249.531 1250.34 1251.135 1251.93 1252.724 1253.838 1256.207 1258.576 1260.945 1263.314 1265.955 1268.733 1271.511 1274.288 1277.103 1280.159 1283.215 1286.271 1289.327 1292.488 1295.719 1298.951 1302.182 1305.443 1309.172 1312.902 1316.632 1320.362 1322.51 1323.209 1323.907 1324.605 1325.304 1325.129 1324.941 1324.754 1324.566 1324.679 1325.162 1325.645 1326.128 1326.611 1327.616 1328.671 1329.727 1330.782 1332.245 1334.382 1336.52 1338.657 1340.794 1340.767 1340.328 1339.89 1339.452
1239.215 1241.007 1242.799 1244.591 1246.106 1246.893 1247.68 1248.467 1249.254 1250.034 1250.813 1251.591 1252.37 1253.493 1255.97 1258.446 1260.923 1263.4 1266.124 1268.972 1271.82 1274.668 1277.535 1280.526 1283.518 1286.509 1289.501 1292.478 1295.444 1298.411 1301.378 1304.349 1307.388 1310.427 1313.465 1316.504 1318.147 1318.511 1318.874 1319.238 1319.601 1319.661 1319.716 1319.772 1319.827 1320.254 1321.136 1322.019 1322.901 1323.784 1325.065 1326.385 1327.705 1329.025 1330.644 1332.76 1334.876 1336.992 1339.108 1338.981 1338.43 1337.878 1337.326
1240.1 1241.655 1243.209 1244.763 1246.088 1246.81 1247.532 1248.255 1248.977 1249.729 1250.491 1251.253 1252.015 1253.147 1255.732 1258.317 1260.902 1263.487 1266.294 1269.212 1272.13 1275.048 1277.967 1280.894 1283.821 1286.747 1289.674 1292.467 1295.17 1297.872 1300.574 1303.256 1305.603 1307.951 1310.299 1312.646 1313.784 1313.813 1313.842 1313.87 1313.899 1314.194 1314.492 1314.79 1315.089 1315.829 1317.111 1318.393 1319.675 1320.957 1322.515 1324.099 1325.683 1327.268 1329.044 1331.138 1333.233 1335.327 1337.421 1337.196 1336.531 1335.866 1335.201
1240.985 1242.302 1243.618 1244.935 1246.07 1246.727 1247.385 1248.042 1248.7 1249.422 1250.169 1250.915 1251.661 1252.802 1255.495 1258.188 1260.88 1263.573 1266.463 1269.451 1272.44 1275.428 1278.4 1281.262 1284.124 1286.985 1289.847 1292.457 1294.895 1297.332 1299.77 1302.162 1303.819 1305.475 1307.132 1308.788 1309.421 1309.115 1308.809 1308.503 1308.197 1308.726 1309.267 1309.808 1310.35 1311.403 1313.085 1314.766 1316.448 1318.13 1319.964 1321.813 1323.662 1325.511 1327.444 1329.516 1331.589 1333.662 1335.734 1335.41 1334.632 1333.854 1333.075
1242.073 1243.118 1244.162 1245.207 1246.129 1246.73 1247.331 1247.931 1248.532 1249.301 1250.13 1250.958 1251.787 1253.01 1255.785 1258.559 1261.334 1264.108 1267.053 1270.084 1273.115 1276.145 1279.143 1281.924 1284.704 1287.485 1290.266 1292.687 1294.864 1297.04 1299.216 1301.33 1302.422 1303.513 1304.605 1305.697 1305.957 1305.454 1304.952 1304.449 1303.946 1304.626 1305.323 1306.021 1306.718 1307.961 1309.873 1311.784 1313.696 1315.608 1317.551 1319.497 1321.443 1323.389 1325.341 1327.305 1329.269 1331.233 1333.197 1332.759 1331.865 1330.972 1330.078
1243.625 1244.319 1245.012 1245.706 1246.364 1246.927 1247.49 1248.053 1248.616 1249.602 1250.739 1251.875 1253.011 1254.484 1257.28 1260.076 1262.872 1265.669 1268.607 1271.616 1274.625 1277.634 1280.597 1283.259 1285.921 1288.583 1291.245 1293.467 1295.39 1297.312 1299.235 1301.093 1301.91 1302.726 1303.543 1304.359 1304.55 1304.166 1303.782 1303.398 1303.014 1303.653 1304.307 1304.961 1305.615 1306.764 1308.519 1310.274 1312.029 1313.785 1315.453 1317.112 1318.772 1320.432 1322.09 1323.746 1325.402 1327.058 1328.714 1328.128 1327.115 1326.103 1325.091
1245.178 1245.52 1245.863 1246.205 1246.598 1247.123 1247.648 1248.174 1248.699 1249.903 1251.347 1252.791 1254.235 1255.958 1258.776 1261.594 1264.411 1267.229 1270.16 1273.147 1276.135 1279.122 1282.052 1284.595 1287.138 1289.681 1292.224 1294.247 1295.916 1297.585 1299.253 1300.857 1301.398 1301.939 1302.48 1303.021 1303.142 1302.877 1302.612 1302.346 1302.081 1302.679 1303.29 1303.901 1304.512 1305.567 1307.165 1308.764 1310.362 1311.961 1313.354 1314.728 1316.101 1317.475 1318.839 1320.187 1321.535 1322.884 1324.232 1323.496 1322.365 1321.234 1320.103
1246.73 1246.721 1246.713 1246.704 1246.833 1247.32 1247.807 1248.295 1248.782 1250.204 1251.956 1253.708 1255.46 1257.432 1260.271 1263.111 1265.95 1268.789 1271.713 1274.679 1277.645 1280.611 1283.506 1285.93 1288.354 1290.778 1293.203 1295.027 1296.442 1297.857 1299.272 1300.62 1300.886 1301.152 1301.418 1301.683 1301.734 1301.588 1301.441 1301.295 1301.149 1301.706 1302.274 1302.841 1303.409 1304.369 1305.812 1307.254 1308.696 1310.138 1311.256 1312.343 1313.431 1314.518 1315.588 1316.628 1317.669 1318.709 1319.75 1318.865 1317.615 1316.365 1315.115
1248.282 1247.923 1247.563 1247.204 1247.067 1247.517 1247.966 1248.416 1248.866 1250.505 1252.565 1254.624 1256.684 1258.906 1261.767 1264.628 1267.489 1270.35 1273.266 1276.211 1279.155 1282.099 1284.96 1287.265 1289.571 1291.876 1294.182 1295.807 1296.968 1298.13 1299.291 1300.384 1300.374 1300.365 1300.355 1300.345 1300.326 1300.299 1300.271 1300.244 1300.216 1300.733 1301.257 1301.781 1302.306 1303.172 1304.458 1305.743 1307.029 1308.314 1309.157 1309.959 1310.76 1311.561 1312.336 1313.069 1313.802 1314.535 1315.267 1314.234 1312.865 1311.496 1310.128
1250.502 1249.779 1249.056 1248.333 1247.96 1248.509 1249.058 1249.606 1250.155 1252.152 1254.661 1257.169 1259.677 1262.235 1264.984 1267.734 1270.484 1273.234 1275.869 1278.448 1281.026 1283.605 1286.125 1288.262 1290.399 1292.536 1294.673 1296.161 1297.205 1298.249 1299.293 1300.273 1300.212 1300.151 1300.09 1300.029 1300.0 1300.0 1300.0 1300.0 1300.0 1300.45 1300.906 1301.362 1301.819 1302.546 1303.604 1304.662 1305.721 1306.779 1307.326 1307.825 1308.323 1308.821 1309.334 1309.871 1310.408 1310.945 1311.482 1310.467 1309.158 1307.849 1306.54
1252.923 1251.833 1250.742 1249.652 1249.052 1249.741 1250.43 1251.119 1251.809 1254.206 1257.205 1260.205 1263.205 1266.123 1268.722 1271.32 1273.919 1276.517 1278.789 1280.898 1283.007 1285.115 1287.204 1289.157 1291.11 1293.064 1295.017 1296.385 1297.354 1298.322 1299.291 1300.201 1300.156 1300.111 1300.066 1300.021 1300.0 1300.0 1300.0 1300.0 1300.0 1300.375 1300.756 1301.137 1301.517 1302.091 1302.901 1303.711 1304.521 1305.331 1305.575 1305.766 1305.957 1306.147 1306.407 1306.782 1307.157 1307.532 1307.907 1306.962 1305.766 1304.571 1303.375
1255.344 1253.886 1252.429 1250.972 1250.144 1250.973 1251.803 1252.632 1253.462 1256.259 1259.75 1263.241 1266.732 1270.011 1272.459 1274.906 1277.354 1279.801 1281.709 1283.348 1284.987 1286.626 1288.282 1290.052 1291.821 1293.591 1295.361 1296.61 1297.503 1298.396 1299.289 1300.128 1300.1 1300.071 1300.042 1300.014 1300.0 1300.0 1300.0 1300.0 1300.0 1300.301 1300.606 1300.911 1301.216 1301.636 1302.198 1302.76 1303.321 1303.883 1303.825 1303.708 1303.591 1303.473 1303.481 1303.694 1303.906 1304.12 1304.332 1303.457 1302.374 1301.292 1300.21
1257.764 1255.94 1254.115 1252.291 1251.236 1252.206 1253.176 1254.146 1255.115 1258.312 1262.295 1266.277 1270.259 1273.9 1276.196 1278.492 1280.788 1283.085 1284.63 1285.799 1286.968 1288.137 1289.36 1290.946 1292.532 1294.119 1295.705 1296.834 1297.652 1298.469 1299.286 1300.056 1300.043 1300.031 1300.018 1300.006 1300.0 1300.0 1300.0 1300.0 1300.0 1300.226 1300.456 1300.685 1300.915 1301.182 1301.495 1301.808 1302.122 1302.435 1302.074 1301.649 1301.224 1300.799 1300.554 1300.605 1300.656 1300.707 1300.757 1299.951 1298.982 1298.013 1297.045
1260.468 1258.351 1256.235 1254.118 1252.892 1254.01 1255.128 1256.246 1257.363 1260.871 1265.222 1269.573 1273.924 1277.821 1279.932 1282.043 1284.155 1286.266 1287.46 1288.196 1288.931 1289.667 1290.49 1291.892 1293.295 1294.697 1296.1 1297.105 1297.84 1298.574 1299.308 1300.0 1300.0 1300.0 1300.0 1300.0 1300.0 1300.0 1300.0 1300.0 1300.0 1300.152 1300.306 1300.46 1300.614 1300.731 1300.803 1300.875 1300.948 1301.02 1300.418 1299.752 1299.086 1298.419 1297.97 1297.879 1297.788 1297.697 1297.605 1296.856 1295.982 1295.108 1294.233
1264.107 1261.947 1259.787 1257.627 1256.418 1257.708 1258.999 1260.29 1261.58 1265.105 1269.418 1273.732 1278.045 1281.851 1283.666 1285.48 1287.294 1289.108 1289.995 1290.417 1290.84 1291.262 1291.788 1293.007 1294.226 1295.445 1296.664 1297.531 1298.157 1298.784 1299.41 1300.0 1300.0 1300.0 1300.0 1300.0 1300.0 1300.0 1300.0 1300.0 1300.0 1300.077 1300.156 1300.234 1300.312 1300.291 1300.147 1300.004 1299.86 1299.716 1299.076 1298.388 1297.7 1297.012 1296.521 1296.354 1296.187 1296.021 1295.854 1295.12 1294.278 1293.436 1292.594
1267.746 1265.543 1263.34 1261.137 1259.943 1261.407 1262.87 1264.334 1265.797 1269.339 1273.615 1277.89 1282.166 1285.881 1287.399 1288.916 1290.433 1291.95 1292.529 1292.638 1292.748 1292.857 1293.087 1294.123 1295.158 1296.193 1297.229 1297.957 1298.475 1298.993 1299.512 1300.0 1300.0 1300.0 1300.0 1300.0 1300.0 1300.0 1300.0 1300.0 1300.0 1300.003 1300.005 1300.008 1300.011 1299.851 1299.491 1299.132 1298.772 1298.412 1297.733 1297.024 1296.314 1295.605 1295.071 1294.829 1294.587 1294.345 1294.102 1293.383 1292.574 1291.765 1290.955
1271.385 1269.139 1266.893 1264.646 1263.469 1265.105 1266.742 1268.378 1270.014 1273.573 1277.811 1282.049 1286.286 1289.912 1291.132 1292.352 1293.573 1294.793 1295.064 1294.86 1294.656 1294.452 1294.386 1295.238 1296.089 1296.941 1297.793 1298.383 1298.793 1299.203 1299.614 1300.0 1300.0 1300.0 1300.0 1300.0 1300.0 1300.0 1300.0 1300.0 1300.0 1299.928 1299.855 1299.782 1299.71 1299.411 1298.835 1298.26 1297.684 1297.109 1296.391 1295.66 1294.929 1294.198 1293.622 1293.304 1292.987 1292.669 1292.351 1291.647 1290.87 1290.093 1289.316
1275.024 1272.735 1270.445 1268.156 1266.995 1268.804 1270.613 1272.422 1274.231 1277.807 1282.007 1286.207 1290.407 1293.942 1294.865 1295.788 1296.712 1297.635 1297.598 1297.081 1296.564 1296.047 1295.685 1296.353 1297.021 1297.689 1298.357 1298.808 1299.111 1299.413 1299.715 1300.0 1300.0 1300.0 1300.0 1300.0 1300.0 1300.0 1300.0 1300.0 1300.0 1299.854 1299.705 1299.557 1299.408 1298.971 1298.179 1297.388 1296.596 1295.805 1295.049 1294.296 1293.543 1292.791 1292.173 1291.78 1291.386 1290.993 1290.599 1289.911 1289.166 1288.422 1287.677
1279.256 1277.025 1274.794 1272.563 1271.439 1273.229 1275.02 1276.81 1278.6 1281.979 1285.92 1289.861 1293.801 1297.062 1297.655 1298.247 1298.84 1299.432 1299.164 1298.465 1297.766 1297.068 1296.535 1297.11 1297.685 1298.259 1298.834 1299.203 1299.431 1299.659 1299.887 1300.101 1300.078 1300.056 1300.033 1300.011 1300.0 1300.0 1300.0 1300.0 1300.0 1299.79 1299.578 1299.365 1299.152 1298.633 1297.738 1296.843 1295.948 1295.053 1294.152 1293.25 1292.348 1291.446 1290.704 1290.228 1289.751 1289.275 1288.798 1288.152 1287.473 1286.795 1286.116
1283.749 1281.62 1279.492 1277.363 1276.285 1277.973 1279.661 1281.348 1283.036 1286.125 1289.709 1293.293 1296.878 1299.785 1300.031 1300.278 1300.525 1300.772 1300.306 1299.483 1298.66 1297.837 1297.189 1297.71 1298.231 1298.752 1299.272 1299.584 1299.753 1299.922 1300.09 1300.246 1300.191 1300.136 1300.081 1300.026 1300.0 1300.0 1300.0 1300.0 1300.0 1299.732 1299.46 1299.187 1298.915 1298.339 1297.39 1296.441 1295.492 1294.544 1293.45 1292.343 1291.236 1290.129 1289.226 1288.663 1288.101 1287.538 1286.975 1286.383 1285.785 1285.188 1284.59
1288.241 1286.215 1284.189 1282.163 1281.131 1282.716 1284.301 1285.886 1287.471 1290.271 1293.498 1296.726 1299.954 1302.507 1302.408 1302.309 1302.211 1302.112 1301.448 1300.5 1299.553 1298.606 1297.844 1298.31 1298.777 1299.244 1299.711 1299.965 1300.074 1300.184 1300.293 1300.391 1300.304 1300.216 1300.129 1300.042 1300.0 1300.0 1300.0 1300.0 1300.0 1299.673 1299.342 1299.01 1298.678 1298.045 1297.042 1296.04 1295.037 1294.034 1292.749 1291.436 1290.124 1288.811 1287.749 1287.099 1286.45 1285.801 1285.151 1284.614 1284.097 1283.581 1283.064
1292.733 1290.81 1288.886 1286.963 1285.978 1287.46 1288.942 1290.425 1291.907 1294.416 1297.288 1300.159 1303.031 1305.229 1304.785 1304.34 1303.896 1303.452 1302.589 1301.518 1300.447 1299.376 1298.498 1298.911 1299.323 1299.736 1300.149 1300.346 1300.396 1300.446 1300.496 1300.536 1300.416 1300.297 1300.177 1300.057 1300.0 1300.0 1300.0 1300.0 1300.0 1299.615 1299.224 1298.833 1298.442 1297.752 1296.695 1295.638 1294.581 1293.524 1292.047 1290.529 1289.012 1287.494 1286.271 1285.535 1284.8 1284.064 1283.328 1282.845 1282.409 1281.974 1281.538
1297.309 1295.505 1293.7 1291.896 1290.961 1292.317 1293.673 1295.029 1296.384 1298.591 1301.099 1303.606 1306.113 1307.953 1307.17 1306.387 1305.604 1304.821 1303.765 1302.573 1301.381 1300.189 1299.199 1299.554 1299.909 1300.265 1300.62 1300.759 1300.75 1300.742 1300.733 1300.716 1300.564 1300.412 1300.26 1300.108 1300.032 1300.027 1300.022 1300.017 1300.012 1299.568 1299.117 1298.667 1298.217 1297.465 1296.344 1295.223 1294.101 1292.98 1291.335 1289.64 1287.945 1286.249 1284.88 1284.049 1283.218 1282.388 1281.557 1281.111 1280.737 1280.364 1279.99
1302.325 1300.726 1299.127 1297.528 1296.672 1297.774 1298.876 1299.978 1301.08 1302.921 1305.024 1307.126 1309.228 1310.684 1309.598 1308.513 1307.427 1306.342 1305.117 1303.823 1302.528 1301.233 1300.144 1300.424 1300.704 1300.983 1301.263 1301.339 1301.277 1301.214 1301.152 1301.082 1300.897 1300.713 1300.528 1300.344 1300.236 1300.198 1300.161 1300.123 1300.086 1299.583 1299.073 1298.563 1298.053 1297.216 1295.976 1294.736 1293.496 1292.256 1290.571 1288.843 1287.115 1285.388 1283.945 1282.974 1282.003 1281.032 1280.061 1279.56 1279.149 1278.738 1278.327
1307.342 1305.948 1304.554 1303.16 1302.383 1303.231 1304.079 1304.927 1305.776 1307.251 1308.949 1310.646 1312.343 1313.415 1312.027 1310.639 1309.251 1307.864 1306.469 1305.072 1303.675 1302.278 1301.089 1301.294 1301.498 1301.702 1301.906 1301.92 1301.803 1301.686 1301.57 1301.447 1301.23 1301.014 1300.797 1300.58 1300.44 1300.37 1300.3 1300.23 1300.16 1299.598 1299.029 1298.459 1297.89 1296.966 1295.608 1294.249 1292.89 1291.531 1289.806 1288.046 1286.286 1284.526 1283.01 1281.899 1280.787 1279.676 1278.564 1278.01 1277.561 1277.112 1276.663
