data/zism_data/01177_01_D.txt
ncols         224
nrows         224
[rows 87 to 115 of 224, columns 128 to 191 of 224]
1698.568 1698.785 1699.002 1699.238 1699.525 1699.811 1700.098 1700.385 1700.884 1701.463 1702.042 1702.621 1703.241 1704.033 1704.826 1705.619 1706.411 1708.299 1710.771 1713.243 1715.715 1718.373 1722.442 1726.51 1730.579 1734.648 1740.093 1746.536 1752.979 1759.423 1765.822 1771.26 1776.698 1782.136 1787.574 1791.195 1793.049 1794.904 1796.758 1798.613 1799.526 1800.411 1801.297 1802.182 1803.001 1803.732 1804.463 1805.194 1805.926 1806.556 1807.174 1807.793 1808.411 1808.973 1809.434 1809.895 1810.357 1810.818 1811.022 1811.172 1811.323 1811.473 1811.366 1810.631
1698.466 1698.747 1699.027 1699.343 1699.757 1700.171 1700.586 1701.0 1701.649 1702.387 1703.125 1703.863 1704.666 1705.745 1706.824 1707.903 1708.982 1711.281 1714.23 1717.18 1720.129 1723.202 1727.218 1731.234 1735.25 1739.266 1744.55 1750.755 1756.959 1763.163 1769.315 1774.297 1779.279 1784.26 1789.243 1792.477 1794.013 1795.549 1797.086 1798.622 1799.464 1800.286 1801.108 1801.929 1802.74 1803.535 1804.329 1805.124 1805.919 1806.656 1807.386 1808.115 1808.845 1809.505 1810.04 1810.576 1811.112 1811.647 1812.0 1812.315 1812.629 1812.944 1813.02 1812.513
1698.364 1698.708 1699.053 1699.448 1699.99 1700.531 1701.073 1701.614 1702.414 1703.311 1704.208 1705.106 1706.091 1707.457 1708.822 1710.188 1711.553 1714.263 1717.689 1721.116 1724.543 1728.032 1731.995 1735.958 1739.92 1743.883 1749.007 1754.973 1760.938 1766.904 1772.807 1777.333 1781.859 1786.385 1790.911 1793.759 1794.977 1796.195 1797.413 1798.631 1799.403 1800.161 1800.919 1801.677 1802.479 1803.337 1804.196 1805.054 1805.913 1806.756 1807.597 1808.438 1809.28 1810.037 1810.647 1811.257 1811.866 1812.476 1812.978 1813.457 1813.936 1814.415 1814.674 1814.395
1698.309 1698.666 1699.023 1699.454 1700.092 1700.731 1701.369 1702.008 1703.03 1704.197 1705.365 1706.533 1707.8 1709.492 1711.184 1712.877 1714.569 1717.592 1721.324 1725.056 1728.788 1732.563 1736.665 1740.767 1744.869 1748.971 1753.995 1759.689 1765.382 1771.075 1776.694 1780.666 1784.638 1788.609 1792.581 1795.021 1795.971 1796.922 1797.872 1798.823 1799.475 1800.119 1800.763 1801.407 1802.158 1803.05 1803.942 1804.834 1805.726 1806.669 1807.619 1808.568 1809.517 1810.386 1811.114 1811.842 1812.57 1813.298 1813.948 1814.581 1815.214 1815.848 1816.274 1816.193
1698.28 1698.622 1698.963 1699.403 1700.121 1700.839 1701.557 1702.275 1703.561 1705.062 1706.564 1708.066 1709.67 1711.712 1713.755 1715.797 1717.84 1721.119 1725.058 1728.997 1732.936 1736.923 1741.274 1745.625 1749.976 1754.328 1759.288 1764.689 1770.091 1775.493 1780.806 1784.167 1787.529 1790.891 1794.253 1796.271 1796.983 1797.695 1798.406 1799.118 1799.625 1800.126 1800.626 1801.127 1801.804 1802.712 1803.62 1804.528 1805.436 1806.476 1807.531 1808.587 1809.642 1810.63 1811.502 1812.373 1813.244 1814.115 1814.912 1815.694 1816.476 1817.258 1817.842 1817.941
1698.252 1698.577 1698.902 1699.351 1700.149 1700.946 1701.744 1702.541 1704.091 1705.927 1707.764 1709.599 1711.54 1713.933 1716.326 1718.718 1721.111 1724.646 1728.792 1732.938 1737.084 1741.282 1745.883 1750.484 1755.084 1759.685 1764.58 1769.69 1774.8 1779.91 1784.917 1787.669 1790.421 1793.173 1795.925 1797.522 1797.995 1798.468 1798.941 1799.414 1799.775 1800.132 1800.489 1800.847 1801.45 1802.374 1803.298 1804.221 1805.145 1806.282 1807.444 1808.605 1809.767 1810.875 1811.889 1812.904 1813.918 1814.932 1815.877 1816.808 1817.738 1818.668 1819.41 1819.689
1698.223 1698.532 1698.842 1699.3 1700.177 1701.054 1701.931 1702.808 1704.622 1706.792 1708.963 1711.133 1713.411 1716.154 1718.896 1721.639 1724.381 1728.174 1732.527 1736.879 1741.232 1745.642 1750.492 1755.342 1760.192 1765.042 1769.873 1774.691 1779.509 1784.327 1789.029 1791.171 1793.313 1795.455 1797.598 1798.772 1799.006 1799.241 1799.475 1799.71 1799.924 1800.139 1800.353 1800.567 1801.096 1802.036 1802.976 1803.915 1804.855 1806.089 1807.357 1808.624 1809.891 1811.119 1812.277 1813.434 1814.592 1815.75 1816.842 1817.921 1819.0 1820.079 1820.978 1821.438
1698.195 1698.488 1698.781 1699.246 1700.199 1701.152 1702.105 1703.058 1705.132 1707.633 1710.134 1712.634 1715.247 1718.339 1721.431 1724.524 1727.616 1731.663 1736.219 1740.775 1745.331 1749.95 1755.04 1760.131 1765.221 1770.312 1775.077 1779.606 1784.135 1788.663 1793.063 1794.607 1796.151 1797.695 1799.239 1800.0 1800.001 1800.001 1800.002 1800.003 1800.074 1800.147 1800.221 1800.294 1800.75 1801.704 1802.657 1803.61 1804.563 1805.895 1807.269 1808.643 1810.017 1811.365 1812.666 1813.968 1815.269 1816.57 1817.811 1819.038 1820.265 1821.492 1822.548 1823.187
1698.181 1698.426 1698.672 1699.068 1699.894 1700.72 1701.546 1702.371 1704.503 1707.131 1709.759 1712.387 1715.165 1718.592 1722.018 1725.445 1728.871 1733.045 1737.617 1742.189 1746.761 1751.367 1756.229 1761.092 1765.954 1770.817 1775.397 1779.772 1784.147 1788.522 1792.776 1794.384 1795.992 1797.6 1799.208 1800.016 1800.049 1800.081 1800.114 1800.146 1800.218 1800.292 1800.365 1800.439 1800.846 1801.688 1802.53 1803.372 1804.214 1805.653 1807.16 1808.666 1810.173 1811.671 1813.152 1814.634 1816.116 1817.598 1818.979 1820.338 1821.698 1823.058 1824.242 1824.998
1698.167 1698.365 1698.563 1698.891 1699.589 1700.288 1700.986 1701.685 1703.873 1706.629 1709.384 1712.139 1715.084 1718.844 1722.605 1726.366 1730.126 1734.427 1739.015 1743.602 1748.19 1752.784 1757.418 1762.053 1766.687 1771.322 1775.716 1779.938 1784.159 1788.38 1792.49 1794.162 1795.833 1797.505 1799.176 1800.033 1800.097 1800.161 1800.225 1800.289 1800.363 1800.436 1800.51 1800.583 1800.942 1801.673 1802.403 1803.134 1803.864 1805.411 1807.051 1808.69 1810.329 1811.976 1813.639 1815.301 1816.963 1818.625 1820.147 1821.639 1823.131 1824.624 1825.936 1826.808
1698.154 1698.304 1698.454 1698.713 1699.284 1699.856 1700.427 1700.998 1703.244 1706.126 1709.009 1711.891 1715.002 1719.097 1723.192 1727.287 1731.382 1735.808 1740.412 1745.016 1749.62 1754.201 1758.607 1763.014 1767.42 1771.826 1776.036 1780.104 1784.171 1788.239 1792.205 1793.94 1795.675 1797.41 1799.145 1800.049 1800.145 1800.241 1800.337 1800.433 1800.507 1800.58 1800.654 1800.727 1801.038 1801.657 1802.276 1802.896 1803.515 1805.17 1806.941 1808.713 1810.485 1812.282 1814.125 1815.967 1817.81 1819.652 1821.315 1822.94 1824.565 1826.189 1827.63 1828.619
1698.14 1698.242 1698.344 1698.536 1698.98 1699.423 1699.867 1700.311 1702.614 1705.624 1708.634 1711.644 1714.921 1719.35 1723.779 1728.208 1732.637 1737.19 1741.81 1746.43 1751.049 1755.618 1759.796 1763.974 1768.153 1772.331 1776.356 1780.27 1784.183 1788.097 1791.919 1793.717 1795.516 1797.315 1799.114 1800.065 1800.193 1800.321 1800.448 1800.576 1800.651 1800.725 1800.798 1800.872 1801.134 1801.642 1802.15 1802.657 1803.165 1804.928 1806.832 1808.737 1810.641 1812.588 1814.611 1816.634 1818.657 1820.68 1822.483 1824.24 1825.998 1827.755 1829.324 1830.43
1698.219 1698.282 1698.345 1698.479 1698.814 1699.15 1699.485 1699.821 1702.036 1704.965 1707.895 1710.824 1714.057 1718.595 1723.134 1727.672 1732.211 1736.796 1741.406 1746.016 1750.626 1755.175 1759.255 1763.334 1767.414 1771.493 1775.455 1779.332 1783.208 1787.084 1790.877 1792.837 1794.797 1796.757 1798.717 1799.798 1800.026 1800.253 1800.481 1800.708 1800.811 1800.91 1801.009 1801.108 1801.364 1801.826 1802.289 1802.751 1803.213 1805.052 1807.046 1809.041 1811.036 1813.081 1815.216 1817.352 1819.487 1821.622 1823.525 1825.379 1827.233 1829.087 1830.762 1831.997
1698.436 1698.472 1698.509 1698.602 1698.858 1699.114 1699.37 1699.626 1701.535 1704.072 1706.609 1709.146 1712.017 1716.327 1720.638 1724.948 1729.258 1733.733 1738.296 1742.858 1747.421 1751.938 1756.113 1760.288 1764.463 1768.638 1772.72 1776.734 1780.749 1784.763 1788.701 1790.969 1793.236 1795.504 1797.771 1799.106 1799.535 1799.964 1800.394 1800.823 1800.993 1801.155 1801.318 1801.481 1801.796 1802.312 1802.827 1803.342 1803.857 1805.725 1807.746 1809.767 1811.789 1813.855 1816.001 1818.147 1820.293 1822.439 1824.378 1826.275 1828.171 1830.068 1831.815 1833.199
1698.653 1698.663 1698.672 1698.726 1698.902 1699.079 1699.255 1699.432 1701.034 1703.179 1705.323 1707.468 1709.977 1714.059 1718.142 1722.224 1726.306 1730.671 1735.185 1739.7 1744.215 1748.701 1752.972 1757.242 1761.513 1765.783 1769.985 1774.137 1778.29 1782.442 1786.525 1789.101 1791.676 1794.251 1796.826 1798.415 1799.045 1799.676 1800.306 1800.937 1801.175 1801.401 1801.627 1801.854 1802.229 1802.797 1803.365 1803.933 1804.501 1806.399 1808.446 1810.494 1812.542 1814.629 1816.785 1818.942 1821.098 1823.255 1825.231 1827.17 1829.109 1831.048 1832.869 1834.401
1698.87 1698.853 1698.836 1698.849 1698.946 1699.043 1699.14 1699.237 1700.533 1702.285 1704.037 1705.789 1707.937 1711.792 1715.646 1719.5 1723.354 1727.608 1732.075 1736.542 1741.009 1745.464 1749.83 1754.196 1758.562 1762.928 1767.25 1771.541 1775.831 1780.121 1784.35 1787.232 1790.115 1792.998 1795.88 1797.723 1798.555 1799.387 1800.219 1801.052 1801.357 1801.647 1801.937 1802.227 1802.661 1803.282 1803.903 1804.524 1805.145 1807.072 1809.146 1811.22 1813.294 1815.402 1817.569 1819.737 1821.904 1824.071 1826.084 1828.066 1830.047 1832.028 1833.922 1835.603
1699.087 1699.044 1699.0 1698.973 1698.99 1699.008 1699.025 1699.042 1700.032 1701.392 1702.751 1704.111 1705.897 1709.524 1713.15 1716.776 1720.402 1724.546 1728.965 1733.384 1737.803 1742.228 1746.689 1751.151 1755.612 1760.073 1764.515 1768.943 1773.371 1777.799 1782.174 1785.364 1788.554 1791.745 1794.935 1797.031 1798.065 1799.099 1800.132 1801.166 1801.539 1801.893 1802.246 1802.6 1803.093 1803.767 1804.441 1805.115 1805.79 1807.745 1809.846 1811.947 1814.047 1816.176 1818.354 1820.532 1822.709 1824.887 1826.938 1828.961 1830.985 1833.009 1834.976 1836.805
1699.229 1699.159 1699.089 1699.035 1699.027 1699.019 1699.011 1699.002 1699.779 1700.854 1701.928 1703.003 1704.475 1707.658 1710.84 1714.023 1717.205 1721.088 1725.343 1729.599 1733.854 1738.136 1742.623 1747.109 1751.596 1756.082 1760.567 1765.05 1769.533 1774.016 1778.455 1781.932 1785.409 1788.887 1792.364 1794.815 1796.27 1797.725 1799.18 1800.635 1801.187 1801.712 1802.236 1802.761 1803.373 1804.096 1804.819 1805.542 1806.265 1808.138 1810.141 1812.144 1814.146 1816.161 1818.196 1820.231 1822.266 1824.301 1826.262 1828.208 1830.154 1832.1 1834.044 1835.985
1699.349 1699.253 1699.157 1699.081 1699.062 1699.043 1699.024 1699.005 1699.594 1700.415 1701.235 1702.055 1703.225 1705.904 1708.583 1711.261 1713.94 1717.519 1721.578 1725.637 1729.697 1733.806 1738.298 1742.79 1747.281 1751.773 1756.278 1760.793 1765.308 1769.823 1774.305 1778.063 1781.821 1785.58 1789.338 1792.173 1794.11 1796.048 1797.985 1799.923 1800.685 1801.411 1802.138 1802.864 1803.61 1804.381 1805.151 1805.922 1806.693 1808.452 1810.322 1812.192 1814.063 1815.925 1817.775 1819.624 1821.473 1823.323 1825.16 1826.994 1828.829 1830.664 1832.558 1834.599
1699.47 1699.347 1699.225 1699.126 1699.097 1699.067 1699.038 1699.008 1699.41 1699.975 1700.541 1701.107 1701.975 1704.15 1706.325 1708.5 1710.674 1713.95 1717.813 1721.676 1725.539 1729.476 1733.973 1738.47 1742.967 1747.464 1751.99 1756.536 1761.083 1765.63 1770.154 1774.194 1778.233 1782.273 1786.312 1789.53 1791.951 1794.371 1796.791 1799.211 1800.182 1801.111 1802.039 1802.967 1803.847 1804.666 1805.484 1806.303 1807.121 1808.766 1810.504 1812.241 1813.979 1815.69 1817.353 1819.017 1820.681 1822.344 1824.057 1825.781 1827.504 1829.227 1831.071 1833.213
1699.591 1699.442 1699.292 1699.172 1699.131 1699.091 1699.051 1699.011 1699.225 1699.536 1699.847 1700.158 1700.726 1702.396 1704.067 1705.738 1707.409 1710.382 1714.048 1717.715 1721.382 1725.146 1729.648 1734.15 1738.653 1743.155 1747.701 1752.28 1756.859 1761.437 1766.004 1770.325 1774.645 1778.966 1783.287 1786.888 1789.791 1792.694 1795.597 1798.499 1799.68 1800.81 1801.94 1803.069 1804.084 1804.951 1805.817 1806.683 1807.55 1809.08 1810.685 1812.29 1813.895 1815.454 1816.932 1818.41 1819.888 1821.366 1822.955 1824.567 1826.178 1827.79 1829.585 1831.827
1699.703 1699.537 1699.372 1699.237 1699.19 1699.143 1699.096 1699.048 1699.104 1699.198 1699.293 1699.387 1699.691 1700.896 1702.101 1703.306 1704.511 1707.154 1710.564 1713.974 1717.384 1720.92 1725.412 1729.905 1734.398 1738.891 1743.454 1748.068 1752.682 1757.296 1761.909 1766.501 1771.093 1775.685 1780.277 1784.242 1787.599 1790.955 1794.311 1797.667 1799.061 1800.396 1801.732 1803.067 1804.216 1805.121 1806.027 1806.932 1807.837 1809.255 1810.73 1812.205 1813.68 1815.087 1816.376 1817.665 1818.954 1820.243 1821.69 1823.171 1824.651 1826.132 1827.855 1830.172
1699.77 1699.641 1699.513 1699.409 1699.372 1699.335 1699.299 1699.262 1699.305 1699.378 1699.452 1699.525 1699.76 1700.695 1701.63 1702.564 1703.499 1705.677 1708.52 1711.362 1714.205 1717.229 1721.637 1726.045 1730.453 1734.861 1739.419 1744.086 1748.753 1753.42 1758.093 1762.908 1767.723 1772.538 1777.353 1781.581 1785.239 1788.898 1792.556 1796.214 1797.839 1799.402 1800.966 1802.53 1803.805 1804.705 1805.605 1806.505 1807.405 1808.717 1810.075 1811.433 1812.792 1814.05 1815.132 1816.214 1817.296 1818.379 1819.597 1820.844 1822.091 1823.338 1824.879 1827.138
1699.836 1699.745 1699.654 1699.58 1699.554 1699.528 1699.502 1699.476 1699.506 1699.558 1699.61 1699.662 1699.83 1700.494 1701.158 1701.822 1702.486 1704.201 1706.476 1708.751 1711.026 1713.538 1717.861 1722.184 1726.508 1730.831 1735.384 1740.104 1744.824 1749.544 1754.277 1759.315 1764.353 1769.39 1774.428 1778.919 1782.88 1786.841 1790.801 1794.762 1796.617 1798.408 1800.2 1801.992 1803.393 1804.288 1805.183 1806.078 1806.972 1808.179 1809.421 1810.662 1811.904 1813.013 1813.888 1814.763 1815.639 1816.514 1817.504 1818.517 1819.531 1820.545 1821.903 1824.103
1699.903 1699.849 1699.795 1699.751 1699.735 1699.72 1699.705 1699.689 1699.707 1699.738 1699.769 1699.8 1699.899 1700.293 1700.686 1701.08 1701.473 1702.724 1704.431 1706.139 1707.846 1709.847 1714.085 1718.324 1722.562 1726.801 1731.349 1736.122 1740.895 1745.668 1750.462 1755.722 1760.983 1766.243 1771.503 1776.258 1780.521 1784.784 1789.047 1793.31 1795.394 1797.414 1799.434 1801.454 1802.982 1803.871 1804.761 1805.65 1806.54 1807.641 1808.766 1809.891 1811.016 1811.976 1812.644 1813.312 1813.981 1814.649 1815.41 1816.191 1816.971 1817.751 1818.927 1821.069
1699.97 1699.953 1699.936 1699.922 1699.917 1699.912 1699.908 1699.903 1699.908 1699.918 1699.928 1699.937 1699.969 1700.092 1700.215 1700.338 1700.461 1701.247 1702.387 1703.527 1704.667 1706.156 1710.31 1714.463 1718.617 1722.77 1727.314 1732.14 1736.965 1741.791 1746.646 1752.129 1757.612 1763.095 1768.579 1773.596 1778.161 1782.727 1787.292 1791.857 1794.172 1796.42 1798.668 1800.916 1802.571 1803.455 1804.339 1805.223 1806.107 1807.103 1808.111 1809.12 1810.128 1810.938 1811.4 1811.861 1812.323 1812.784 1813.317 1813.864 1814.411 1814.958 1815.95 1818.034
1700.0 1700.0 1700.0 1700.0 1700.0 1700.0 1700.0 1700.0 1700.0 1700.0 1700.0 1700.0 1700.0 1700.0 1700.0 1700.0 1700.0 1700.507 1701.285 1702.063 1702.84 1703.974 1707.823 1711.672 1715.521 1719.37 1723.791 1728.627 1733.462 1738.298 1743.164 1748.708 1754.252 1759.797 1765.341 1770.452 1775.143 1779.834 1784.526 1789.217 1791.81 1794.341 1796.872 1799.403 1801.283 1802.318 1803.353 1804.388 1805.423 1806.379 1807.325 1808.272 1809.218 1809.931 1810.232 1810.533 1810.834 1811.135 1811.434 1811.733 1812.033 1812.332 1813.106 1815.042
1700.0 1700.0 1700.0 1700.0 1700.0 1700.0 1700.0 1700.0 1700.0 1700.0 1700.0 1700.0 1700.0 1700.0 1700.0 1700.0 1700.0 1700.383 1700.969 1701.556 1702.143 1703.051 1706.412 1709.774 1713.135 1716.496 1720.696 1725.505 1730.314 1735.123 1739.961 1745.431 1750.901 1756.371 1761.84 1766.905 1771.575 1776.245 1780.915 1785.585 1788.497 1791.356 1794.216 1797.076 1799.264 1800.58 1801.896 1803.212 1804.528 1805.498 1806.429 1807.359 1808.29 1808.948 1809.127 1809.306 1809.485 1809.664 1809.728 1809.767 1809.807 1809.846 1810.37 1812.084
1700.0 1700.0 1700.0 1700.0 1700.0 1700.0 1700.0 1700.0 1700.0 1700.0 1700.0 1700.0 1700.0 1700.0 1700.0 1700.0 1700.0 1700.258 1700.654 1701.05 1701.446 1702.129 1705.002 1707.875 1710.748 1713.621 1717.601 1722.384 1727.167 1731.949 1736.758 1742.154 1747.549 1752.945 1758.34 1763.357 1768.006 1772.655 1777.304 1781.952 1785.183 1788.372 1791.56 1794.749 1797.245 1798.842 1800.439 1802.037 1803.634 1804.618 1805.532 1806.447 1807.362 1807.966 1808.023 1808.08 1808.137 1808.194 1808.021 1807.801 1807.58 1807.36 1807.635 1809.126
