data/zism_data/01173_01_D.txt
ncols         224
nrows         224
[rows 29 to 57 of 224, columns 132 to 197 of 224]
1519.404 1519.537 1519.67 1519.802 1519.865 1519.9 1519.936 1519.971 1520.01 1520.062 1520.114 1520.166 1520.219 1520.305 1520.409 1520.514 1520.618 1520.71 1520.71 1520.71 1520.71 1520.71 1520.735 1520.777 1520.82 1520.863 1520.904 1520.918 1520.932 1520.947 1520.961 1520.971 1520.979 1520.986 1520.993 1521.0 1521.0 1521.0 1521.0 1521.0 1521.0 1521.0 1521.0 1521.0 1521.0 1521.016 1521.033 1521.05 1521.068 1521.129 1521.268 1521.408 1521.547 1521.686 1521.757 1521.814 1521.871 1521.927 1521.97 1521.977 1521.984 1521.991 1521.998 1522.0 1522.0 1522.0
1519.491 1519.635 1519.778 1519.922 1519.967 1519.976 1519.984 1519.993 1520.013 1520.081 1520.15 1520.218 1520.286 1520.399 1520.536 1520.672 1520.809 1520.93 1520.93 1520.93 1520.93 1520.93 1520.936 1520.946 1520.957 1520.967 1520.977 1520.98 1520.984 1520.987 1520.99 1520.993 1520.995 1520.996 1520.998 1521.0 1521.0 1521.0 1521.0 1521.0 1521.0 1521.0 1521.0 1521.0 1521.0 1521.021 1521.043 1521.066 1521.089 1521.169 1521.352 1521.534 1521.716 1521.898 1521.941 1521.955 1521.969 1521.982 1521.993 1521.994 1521.996 1521.998 1522.0 1522.0 1522.0 1522.0
1519.591 1519.716 1519.841 1519.966 1520.024 1520.057 1520.09 1520.123 1520.161 1520.224 1520.286 1520.349 1520.411 1520.515 1520.64 1520.765 1520.89 1521.0 1521.0 1521.0 1521.0 1521.0 1521.0 1521.0 1521.0 1521.0 1521.0 1521.0 1521.0 1521.0 1521.0 1521.0 1521.0 1521.0 1521.0 1521.0 1521.0 1521.0 1521.0 1521.0 1521.0 1521.0 1521.0 1521.0 1521.0 1521.048 1521.102 1521.156 1521.21 1521.305 1521.471 1521.638 1521.804 1521.971 1522.0 1522.0 1522.0 1522.0 1522.0 1522.0 1522.0 1522.0 1522.0 1522.0 1522.0 1522.0
1519.697 1519.789 1519.882 1519.974 1520.059 1520.141 1520.222 1520.303 1520.378 1520.425 1520.471 1520.517 1520.563 1520.64 1520.733 1520.825 1520.918 1521.0 1521.0 1521.0 1521.0 1521.0 1521.0 1521.0 1521.0 1521.0 1521.0 1521.0 1521.0 1521.0 1521.0 1521.0 1521.0 1521.0 1521.0 1521.0 1521.0 1521.0 1521.0 1521.0 1521.0 1521.0 1521.0 1521.0 1521.0 1521.087 1521.184 1521.281 1521.378 1521.484 1521.608 1521.731 1521.855 1521.979 1522.0 1522.0 1522.0 1522.0 1522.0 1522.0 1522.0 1522.0 1522.0 1522.0 1522.0 1522.0
1519.802 1519.863 1519.923 1519.983 1520.094 1520.224 1520.354 1520.484 1520.595 1520.625 1520.655 1520.685 1520.716 1520.766 1520.826 1520.886 1520.947 1521.0 1521.0 1521.0 1521.0 1521.0 1521.0 1521.0 1521.0 1521.0 1521.0 1521.0 1521.0 1521.0 1521.0 1521.0 1521.0 1521.0 1521.0 1521.0 1521.0 1521.0 1521.0 1521.0 1521.0 1521.0 1521.0 1521.0 1521.0 1521.126 1521.266 1521.406 1521.546 1521.664 1521.745 1521.825 1521.906 1521.986 1522.0 1522.0 1522.0 1522.0 1522.0 1522.0 1522.0 1522.0 1522.0 1522.0 1522.0 1522.0
1519.908 1519.936 1519.964 1519.992 1520.129 1520.307 1520.486 1520.664 1520.812 1520.826 1520.84 1520.854 1520.868 1520.891 1520.919 1520.947 1520.975 1521.0 1521.0 1521.0 1521.0 1521.0 1521.0 1521.0 1521.0 1521.0 1521.0 1521.0 1521.0 1521.0 1521.0 1521.0 1521.0 1521.0 1521.0 1521.0 1521.0 1521.0 1521.0 1521.0 1521.0 1521.0 1521.0 1521.0 1521.0 1521.164 1521.347 1521.53 1521.714 1521.844 1521.881 1521.919 1521.956 1521.994 1522.0 1522.0 1522.0 1522.0 1522.0 1522.0 1522.0 1522.0 1522.0 1522.0 1522.0 1522.0
1520.022 1520.024 1520.026 1520.028 1520.184 1520.398 1520.612 1520.826 1521.0 1521.0 1521.0 1521.0 1521.0 1521.0 1521.0 1521.0 1521.0 1521.0 1521.0 1521.0 1521.0 1521.0 1521.0 1521.0 1521.0 1521.0 1521.0 1521.0 1521.0 1521.0 1521.0 1521.0 1521.0 1521.0 1521.0 1521.0 1521.0 1521.0 1521.0 1521.0 1521.002 1521.008 1521.014 1521.019 1521.025 1521.219 1521.433 1521.648 1521.863 1522.0 1522.0 1522.0 1522.0 1522.0 1522.0 1522.0 1522.0 1522.0 1522.0 1522.0 1522.0 1522.0 1522.0 1522.0 1522.0 1522.0
1520.189 1520.207 1520.225 1520.243 1520.368 1520.534 1520.7 1520.865 1521.0 1521.0 1521.0 1521.0 1521.0 1521.0 1521.0 1521.0 1521.0 1521.0 1521.0 1521.0 1521.0 1521.0 1521.0 1521.0 1521.0 1521.0 1521.0 1521.0 1521.0 1521.0 1521.0 1521.0 1521.0 1521.0 1521.0 1521.0 1521.0 1521.0 1521.0 1521.0 1521.021 1521.07 1521.119 1521.167 1521.216 1521.375 1521.547 1521.719 1521.891 1522.0 1522.0 1522.0 1522.0 1522.0 1522.0 1522.0 1522.0 1522.0 1522.0 1522.0 1522.0 1522.0 1522.0 1522.0 1522.0 1522.0
1520.355 1520.39 1520.424 1520.459 1520.553 1520.67 1520.788 1520.905 1521.0 1521.0 1521.0 1521.0 1521.0 1521.0 1521.0 1521.0 1521.0 1521.0 1521.0 1521.0 1521.0 1521.0 1521.0 1521.0 1521.0 1521.0 1521.0 1521.0 1521.0 1521.0 1521.0 1521.0 1521.0 1521.0 1521.0 1521.0 1521.0 1521.0 1521.0 1521.0 1521.04 1521.132 1521.223 1521.315 1521.407 1521.532 1521.661 1521.789 1521.918 1522.0 1522.0 1522.0 1522.0 1522.0 1522.0 1522.0 1522.0 1522.0 1522.0 1522.0 1522.0 1522.0 1522.0 1522.0 1522.0 1522.0
1520.522 1520.573 1520.623 1520.674 1520.738 1520.807 1520.875 1520.944 1521.0 1521.0 1521.0 1521.0 1521.0 1521.0 1521.0 1521.0 1521.0 1521.0 1521.0 1521.0 1521.0 1521.0 1521.0 1521.0 1521.0 1521.0 1521.0 1521.0 1521.0 1521.0 1521.0 1521.0 1521.0 1521.0 1521.0 1521.0 1521.0 1521.0 1521.0 1521.0 1521.059 1521.193 1521.328 1521.463 1521.598 1521.688 1521.774 1521.86 1521.945 1522.0 1522.0 1522.0 1522.0 1522.0 1522.0 1522.0 1522.0 1522.0 1522.0 1522.0 1522.0 1522.0 1522.0 1522.0 1522.0 1522.0
1520.689 1520.756 1520.823 1520.889 1520.922 1520.943 1520.963 1520.984 1521.0 1521.0 1521.0 1521.0 1521.0 1521.0 1521.0 1521.0 1521.0 1521.0 1521.0 1521.0 1521.0 1521.0 1521.0 1521.0 1521.0 1521.0 1521.0 1521.0 1521.0 1521.0 1521.0 1521.0 1521.0 1521.0 1521.0 1521.0 1521.0 1521.0 1521.0 1521.0 1521.077 1521.255 1521.433 1521.611 1521.789 1521.845 1521.888 1521.93 1521.973 1522.0 1522.0 1522.0 1522.0 1522.0 1522.0 1522.0 1522.0 1522.0 1522.0 1522.0 1522.0 1522.0 1522.0 1522.0 1522.0 1522.0
1520.759 1520.833 1520.906 1520.98 1521.0 1521.0 1521.0 1521.0 1521.0 1521.0 1521.0 1521.0 1521.0 1521.0 1521.0 1521.0 1521.0 1521.0 1521.0 1521.0 1521.0 1521.0 1521.005 1521.015 1521.024 1521.034 1521.042 1521.042 1521.042 1521.042 1521.042 1521.042 1521.042 1521.042 1521.042 1521.042 1521.061 1521.079 1521.098 1521.117 1521.202 1521.373 1521.544 1521.715 1521.886 1521.922 1521.944 1521.965 1521.986 1522.0 1522.0 1522.0 1522.0 1522.0 1522.0 1522.0 1522.0 1522.0 1522.001 1522.004 1522.007 1522.01 1522.013 1522.019 1522.025 1522.031
1520.759 1520.833 1520.906 1520.98 1521.0 1521.0 1521.0 1521.0 1521.0 1521.0 1521.0 1521.0 1521.0 1521.0 1521.0 1521.0 1521.0 1521.0 1521.0 1521.0 1521.0 1521.0 1521.015 1521.04 1521.066 1521.091 1521.116 1521.116 1521.116 1521.116 1521.116 1521.116 1521.116 1521.116 1521.116 1521.116 1521.165 1521.216 1521.267 1521.318 1521.403 1521.531 1521.659 1521.787 1521.915 1521.942 1521.958 1521.974 1521.99 1522.0 1522.0 1522.0 1522.0 1522.0 1522.0 1522.0 1522.0 1522.0 1522.002 1522.011 1522.019 1522.028 1522.036 1522.051 1522.068 1522.085
1520.759 1520.833 1520.906 1520.98 1521.0 1521.0 1521.0 1521.0 1521.0 1521.0 1521.0 1521.0 1521.0 1521.0 1521.0 1521.0 1521.0 1521.0 1521.0 1521.0 1521.0 1521.0 1521.024 1521.066 1521.107 1521.149 1521.189 1521.189 1521.189 1521.189 1521.189 1521.189 1521.189 1521.189 1521.189 1521.189 1521.27 1521.353 1521.437 1521.52 1521.604 1521.689 1521.774 1521.858 1521.943 1521.961 1521.972 1521.983 1521.993 1522.0 1522.0 1522.0 1522.0 1522.0 1522.0 1522.0 1522.0 1522.0 1522.004 1522.018 1522.032 1522.046 1522.06 1522.084 1522.112 1522.139
1520.759 1520.833 1520.906 1520.98 1521.0 1521.0 1521.0 1521.0 1521.0 1521.0 1521.0 1521.0 1521.0 1521.0 1521.0 1521.0 1521.0 1521.0 1521.0 1521.0 1521.0 1521.0 1521.034 1521.091 1521.149 1521.207 1521.262 1521.262 1521.262 1521.262 1521.262 1521.262 1521.262 1521.262 1521.262 1521.262 1521.375 1521.49 1521.606 1521.721 1521.805 1521.847 1521.888 1521.93 1521.972 1521.981 1521.986 1521.991 1521.997 1522.0 1522.0 1522.0 1522.0 1522.0 1522.0 1522.0 1522.0 1522.0 1522.006 1522.025 1522.044 1522.063 1522.083 1522.116 1522.155 1522.193
1520.756 1520.831 1520.905 1520.979 1521.0 1521.0 1521.0 1521.0 1521.0 1521.0 1521.0 1521.0 1521.0 1521.001 1521.002 1521.004 1521.005 1521.006 1521.006 1521.006 1521.006 1521.006 1521.049 1521.122 1521.195 1521.268 1521.338 1521.338 1521.338 1521.338 1521.338 1521.338 1521.338 1521.338 1521.338 1521.338 1521.479 1521.625 1521.771 1521.917 1522.0 1522.0 1522.0 1522.0 1522.0 1522.0 1522.0 1522.0 1522.0 1522.0 1522.0 1522.0 1522.0 1522.0 1522.0 1522.0 1522.0 1522.0 1522.007 1522.033 1522.059 1522.085 1522.11 1522.153 1522.202 1522.251
1520.651 1520.757 1520.864 1520.971 1521.0 1521.0 1521.0 1521.0 1521.0 1521.0 1521.0 1521.0 1521.0 1521.032 1521.082 1521.132 1521.182 1521.226 1521.226 1521.226 1521.226 1521.226 1521.259 1521.316 1521.373 1521.43 1521.484 1521.484 1521.484 1521.484 1521.484 1521.484 1521.484 1521.484 1521.484 1521.484 1521.594 1521.708 1521.822 1521.936 1522.0 1522.0 1522.0 1522.0 1522.0 1522.0 1522.0 1522.0 1522.0 1522.0 1522.0 1522.0 1522.0 1522.0 1522.0 1522.0 1522.0 1522.0 1522.02 1522.089 1522.158 1522.226 1522.295 1522.341 1522.379 1522.417
1520.545 1520.684 1520.823 1520.962 1521.0 1521.0 1521.0 1521.0 1521.0 1521.0 1521.0 1521.0 1521.0 1521.064 1521.162 1521.261 1521.359 1521.446 1521.446 1521.446 1521.446 1521.446 1521.469 1521.51 1521.551 1521.592 1521.631 1521.631 1521.631 1521.631 1521.631 1521.631 1521.631 1521.631 1521.631 1521.631 1521.71 1521.791 1521.873 1521.954 1522.0 1522.0 1522.0 1522.0 1522.0 1522.0 1522.0 1522.0 1522.0 1522.0 1522.0 1522.0 1522.0 1522.0 1522.0 1522.0 1522.0 1522.0 1522.032 1522.144 1522.256 1522.368 1522.48 1522.528 1522.555 1522.582
1520.439 1520.61 1520.781 1520.953 1521.0 1521.0 1521.0 1521.0 1521.0 1521.0 1521.0 1521.0 1521.0 1521.096 1521.242 1521.389 1521.536 1521.666 1521.666 1521.666 1521.666 1521.666 1521.68 1521.704 1521.729 1521.754 1521.777 1521.777 1521.777 1521.777 1521.777 1521.777 1521.777 1521.777 1521.777 1521.777 1521.825 1521.874 1521.923 1521.972 1522.0 1522.0 1522.0 1522.0 1522.0 1522.0 1522.0 1522.0 1522.0 1522.0 1522.0 1522.0 1522.0 1522.0 1522.0 1522.0 1522.0 1522.0 1522.045 1522.2 1522.355 1522.51 1522.665 1522.715 1522.731 1522.748
1520.333 1520.537 1520.74 1520.944 1521.0 1521.0 1521.0 1521.0 1521.0 1521.0 1521.0 1521.0 1521.0 1521.127 1521.323 1521.518 1521.713 1521.885 1521.885 1521.885 1521.885 1521.885 1521.89 1521.899 1521.907 1521.916 1521.924 1521.924 1521.924 1521.924 1521.924 1521.924 1521.924 1521.924 1521.924 1521.924 1521.94 1521.957 1521.974 1521.99 1522.0 1522.0 1522.0 1522.0 1522.0 1522.0 1522.0 1522.0 1522.0 1522.0 1522.0 1522.0 1522.0 1522.0 1522.0 1522.0 1522.0 1522.0 1522.057 1522.255 1522.453 1522.651 1522.849 1522.902 1522.908 1522.914
1520.328 1520.534 1520.739 1520.944 1521.004 1521.009 1521.014 1521.019 1521.027 1521.045 1521.063 1521.081 1521.099 1521.234 1521.431 1521.628 1521.826 1522.0 1522.0 1522.0 1522.0 1522.0 1522.0 1522.0 1522.0 1522.0 1522.0 1522.0 1522.0 1522.0 1522.0 1522.0 1522.0 1522.0 1522.0 1522.0 1522.0 1522.0 1522.0 1522.0 1522.0 1522.0 1522.0 1522.0 1522.0 1522.0 1522.0 1522.0 1522.0 1522.0 1522.0 1522.0 1522.0 1522.0 1522.017 1522.038 1522.058 1522.079 1522.151 1522.351 1522.551 1522.751 1522.951 1523.0 1523.0 1523.0
1520.434 1520.607 1520.78 1520.952 1521.011 1521.027 1521.043 1521.059 1521.083 1521.138 1521.194 1521.25 1521.305 1521.422 1521.571 1521.72 1521.868 1522.0 1522.0 1522.0 1522.0 1522.0 1522.0 1522.0 1522.0 1522.0 1522.0 1522.0 1522.0 1522.0 1522.0 1522.0 1522.0 1522.0 1522.0 1522.0 1522.0 1522.0 1522.0 1522.0 1522.0 1522.0 1522.0 1522.0 1522.0 1522.0 1522.0 1522.0 1522.0 1522.0 1522.0 1522.0 1522.0 1522.0 1522.053 1522.116 1522.18 1522.244 1522.334 1522.491 1522.648 1522.805 1522.961 1523.0 1523.0 1523.0
1520.54 1520.681 1520.821 1520.961 1521.019 1521.046 1521.073 1521.099 1521.139 1521.232 1521.325 1521.419 1521.512 1521.61 1521.71 1521.811 1521.911 1522.0 1522.0 1522.0 1522.0 1522.0 1522.0 1522.0 1522.0 1522.0 1522.0 1522.0 1522.0 1522.0 1522.0 1522.0 1522.0 1522.0 1522.0 1522.0 1522.0 1522.0 1522.0 1522.0 1522.0 1522.0 1522.0 1522.0 1522.0 1522.0 1522.0 1522.0 1522.0 1522.0 1522.0 1522.0 1522.0 1522.0 1522.088 1522.195 1522.302 1522.408 1522.517 1522.631 1522.745 1522.858 1522.972 1523.0 1523.0 1523.0
1520.646 1520.754 1520.862 1520.97 1521.027 1521.065 1521.102 1521.139 1521.194 1521.326 1521.457 1521.588 1521.719 1521.798 1521.85 1521.902 1521.954 1522.0 1522.0 1522.0 1522.0 1522.0 1522.0 1522.0 1522.0 1522.0 1522.0 1522.0 1522.0 1522.0 1522.0 1522.0 1522.0 1522.0 1522.0 1522.0 1522.0 1522.0 1522.0 1522.0 1522.0 1522.0 1522.0 1522.0 1522.0 1522.0 1522.0 1522.0 1522.0 1522.0 1522.0 1522.0 1522.0 1522.0 1522.124 1522.274 1522.423 1522.573 1522.7 1522.771 1522.841 1522.912 1522.983 1523.0 1523.0 1523.0
1520.752 1520.828 1520.903 1520.979 1521.035 1521.083 1521.131 1521.18 1521.25 1521.419 1521.588 1521.757 1521.925 1521.986 1521.99 1521.993 1521.997 1522.0 1522.0 1522.0 1522.0 1522.0 1522.0 1522.0 1522.0 1522.0 1522.0 1522.0 1522.0 1522.0 1522.0 1522.0 1522.0 1522.0 1522.0 1522.0 1522.0 1522.0 1522.0 1522.0 1522.0 1522.0 1522.0 1522.0 1522.0 1522.0 1522.0 1522.0 1522.0 1522.0 1522.0 1522.0 1522.0 1522.0 1522.159 1522.352 1522.545 1522.738 1522.883 1522.91 1522.938 1522.966 1522.993 1523.0 1523.0 1523.0
1520.808 1520.867 1520.925 1520.984 1521.061 1521.145 1521.229 1521.313 1521.406 1521.543 1521.679 1521.816 1521.953 1522.0 1522.0 1522.0 1522.0 1522.0 1522.0 1522.0 1522.0 1522.0 1522.0 1522.0 1522.0 1522.0 1522.0 1522.0 1522.0 1522.0 1522.0 1522.0 1522.0 1522.0 1522.0 1522.0 1522.0 1522.0 1522.0 1522.0 1522.0 1522.0 1522.0 1522.0 1522.0 1522.005 1522.01 1522.015 1522.019 1522.037 1522.077 1522.117 1522.157 1522.197 1522.333 1522.489 1522.645 1522.801 1522.917 1522.937 1522.956 1522.976 1522.995 1523.0 1523.0 1523.0
1520.861 1520.904 1520.946 1520.988 1521.088 1521.21 1521.331 1521.453 1521.57 1521.669 1521.768 1521.867 1521.966 1522.0 1522.0 1522.0 1522.0 1522.0 1522.0 1522.0 1522.0 1522.0 1522.0 1522.0 1522.0 1522.0 1522.0 1522.0 1522.0 1522.0 1522.0 1522.0 1522.0 1522.0 1522.0 1522.0 1522.0 1522.0 1522.0 1522.0 1522.0 1522.0 1522.0 1522.0 1522.0 1522.009 1522.02 1522.03 1522.04 1522.077 1522.16 1522.243 1522.326 1522.409 1522.517 1522.63 1522.743 1522.856 1522.94 1522.954 1522.968 1522.982 1522.997 1523.0 1523.0 1523.0
1520.914 1520.94 1520.967 1520.993 1521.115 1521.275 1521.434 1521.593 1521.734 1521.795 1521.856 1521.918 1521.979 1522.0 1522.0 1522.0 1522.0 1522.0 1522.0 1522.0 1522.0 1522.0 1522.0 1522.0 1522.0 1522.0 1522.0 1522.0 1522.0 1522.0 1522.0 1522.0 1522.0 1522.0 1522.0 1522.0 1522.0 1522.0 1522.0 1522.0 1522.0 1522.0 1522.0 1522.0 1522.0 1522.014 1522.03 1522.046 1522.061 1522.117 1522.243 1522.369 1522.495 1522.621 1522.701 1522.771 1522.841 1522.911 1522.963 1522.972 1522.98 1522.989 1522.998 1523.0 1523.0 1523.0
1520.967 1520.977 1520.987 1520.997 1521.143 1521.34 1521.537 1521.734 1521.898 1521.921 1521.945 1521.968 1521.992 1522.0 1522.0 1522.0 1522.0 1522.0 1522.0 1522.0 1522.0 1522.0 1522.0 1522.0 1522.0 1522.0 1522.0 1522.0 1522.0 1522.0 1522.0 1522.0 1522.0 1522.0 1522.0 1522.0 1522.0 1522.0 1522.0 1522.0 1522.0 1522.0 1522.0 1522.0 1522.0 1522.019 1522.04 1522.061 1522.082 1522.157 1522.326 1522.495 1522.665 1522.834 1522.885 1522.912 1522.939 1522.966 1522.986 1522.989 1522.992 1522.996 1522.999 1523.0 1523.0 1523.0
