data/zism_data/01186_04_D.txt
ncols         224
nrows         224
[rows 28 to 55 of 224, columns 126 to 188 of 224]
860.5049 853.6565 846.808 848.6342 852.9974 857.3606 861.7239 865.7531 868.4822 871.2114 873.9405 876.6696 875.7741 872.7955 869.8169 866.8383 863.2275 850.6235 838.02 825.4164 812.8129 805.813 804.4991 803.1852 801.8712 800.5573 801.939 803.533 805.127 806.721 807.6716 807.467 807.2623 807.0576 806.853 809.0938 811.9913 814.8888 817.7863 823.0027 836.491 849.9797 863.4679 876.9561 891.8411 907.4792 923.1174 938.7556 953.2776 955.0133 956.749 958.4847 960.2205 956.8059 948.4621 940.1183 931.7745 923.4308 915.2869 907.1555 899.024 890.8925 880.8393
867.1407 861.7025 856.2643 857.8084 861.3947 864.9809 868.5673 871.8326 873.8486 875.8645 877.8805 879.8964 878.0445 873.9697 869.8948 865.82 861.2206 849.1594 837.0987 825.0379 812.9772 806.6125 806.0278 805.4429 804.8582 804.2733 807.0303 810.0505 813.0707 816.0909 817.7711 817.0449 816.3188 815.5927 814.8665 815.2768 815.9923 816.7078 817.4233 820.5033 832.0172 843.5316 855.0455 866.5594 879.8088 893.9941 908.1795 922.3649 935.5597 937.4072 939.2546 941.1021 942.9496 940.3729 933.5617 926.7505 919.9394 913.1282 905.9608 898.7712 891.5817 884.3922 875.061
873.7766 869.7487 865.7206 866.9828 869.7921 872.6014 875.4108 877.9122 879.215 880.5178 881.8206 883.1233 880.3149 875.1439 869.9727 864.8016 859.2137 847.6953 836.1774 824.6594 813.1414 807.4121 807.5565 807.7007 807.8451 807.9894 812.1218 816.5681 821.0145 825.461 827.8708 826.6231 825.3754 824.1278 822.8801 821.4599 819.9934 818.5269 817.0604 818.0038 827.5433 837.0833 846.6229 856.1624 867.7763 880.5089 893.2414 905.9739 917.8416 919.8008 921.76 923.7192 925.6785 923.9395 918.661 913.3825 908.104 902.8255 896.6345 890.3869 884.1393 877.8917 869.2827
880.4124 877.7947 875.1769 876.157 878.1894 880.2217 882.2542 883.9917 884.5813 885.1709 885.7606 886.3502 882.5853 876.318 870.0507 863.7833 857.2067 846.2312 835.256 824.2808 813.3057 808.2117 809.0851 809.9586 810.832 811.7054 817.2131 823.0856 828.9582 834.8309 837.9702 836.2011 834.4319 832.6628 830.8937 827.6429 823.9944 820.3459 816.6974 815.5043 823.0696 830.6351 838.2004 845.7657 855.744 867.0237 878.3035 889.5833 900.1237 902.1946 904.2656 906.3367 908.4077 907.5065 903.7606 900.0147 896.2688 892.5229 887.3083 882.0027 876.697 871.3914 863.5043
887.0482 885.8406 884.6331 885.3312 886.5867 887.8421 889.0976 890.0712 889.9476 889.8241 889.7006 889.577 884.8558 877.4921 870.1285 862.765 855.1998 844.7671 834.3347 823.9023 813.4699 809.0112 810.6138 812.2164 813.8189 815.4215 822.3044 829.6031 836.9019 844.2009 848.0697 845.7791 843.4885 841.1978 838.9072 833.826 827.9954 822.1649 816.3344 813.0048 818.5958 824.187 829.778 835.3689 843.7117 853.5387 863.3657 873.1926 882.4058 884.5886 886.7713 888.954 891.1369 891.0734 888.8602 886.6469 884.4337 882.2204 877.9822 873.6185 869.2548 864.8911 857.726
879.6252 879.3501 879.075 880.6392 882.7413 884.8435 886.9457 888.6354 888.7194 888.8033 888.8873 888.9713 884.4263 877.2211 870.016 862.8108 855.427 845.5021 835.5776 825.6531 815.7285 811.5616 813.2368 814.912 816.5872 818.2623 825.5688 833.3188 841.0687 848.8189 853.0411 850.9282 848.8152 846.7022 844.5893 838.5483 831.4526 824.3569 817.2612 812.5629 816.4166 820.2704 824.124 827.9777 834.6595 842.8666 851.0738 859.2809 866.9812 868.8756 870.77 872.6644 874.5589 874.7128 873.2009 871.689 870.1771 868.6651 864.9964 861.1939 857.3914 853.5889 847.2656
867.0004 867.481 867.9615 870.8167 874.3663 877.9159 881.4656 884.4189 885.0511 885.6832 886.3154 886.9474 882.998 876.4155 869.8329 863.2504 856.4808 847.0508 837.6212 828.1917 818.762 814.7598 816.2647 817.7696 819.2745 820.7794 828.1573 835.9977 843.8381 851.6787 856.1151 854.4385 852.762 851.0853 849.4088 842.7302 834.7085 826.6868 818.665 812.8824 815.0864 817.2904 819.4944 821.6984 826.7098 833.2354 839.7609 846.2865 852.4052 853.8632 855.3212 856.7792 858.2372 858.3789 857.2607 856.1426 855.0245 853.9064 850.6565 847.2744 843.8923 840.5103 835.0729
854.3757 855.6119 856.8481 860.9941 865.9912 870.9883 875.9856 880.2025 881.3828 882.5631 883.7434 884.9237 881.5697 875.6097 869.6498 863.6899 857.5346 848.5996 839.6649 830.7302 821.7955 817.958 819.2926 820.6272 821.9618 823.2964 830.7457 838.6766 846.6074 854.5385 859.1891 857.9489 856.7087 855.4684 854.2283 846.912 837.9644 829.0167 820.069 813.2018 813.7562 814.3105 814.8648 815.4191 818.7602 823.6041 828.4481 833.2921 837.8291 838.8507 839.8723 840.8939 841.9155 842.045 841.3207 840.5963 839.872 839.1476 836.3166 833.3549 830.3932 827.4315 822.8801
841.7507 843.7426 845.7344 851.1714 857.616 864.0606 870.5054 875.986 877.7145 879.443 881.1714 882.8999 880.1414 874.8041 869.4667 864.1295 858.5884 850.1483 841.7086 833.2688 824.829 821.1563 822.3206 823.4849 824.6492 825.8135 833.3342 841.3555 849.3768 857.3984 862.2632 861.4594 860.6555 859.8516 859.0478 851.094 841.2203 831.3466 821.4729 813.5213 812.426 811.3305 810.2352 809.1398 810.8104 813.9727 817.135 820.2974 823.2527 823.838 824.4232 825.0084 825.5936 825.7108 825.3803 825.0497 824.7192 824.3887 821.9764 819.4352 816.8939 814.3525 810.6871
830.0945 832.6438 835.1931 841.5369 848.9905 856.4442 863.8981 870.2776 872.4765 874.6754 876.8742 879.0731 876.918 872.2606 867.6031 862.9457 858.079 850.2347 842.3907 834.5468 826.7027 823.24 824.2229 825.2057 826.1887 827.1715 834.5466 842.425 850.3035 858.1823 863.1003 862.7021 862.3038 861.9056 861.5074 853.2612 842.9075 832.554 822.2004 813.5762 811.1209 808.6655 806.2101 803.7548 803.9869 805.6685 807.35 809.0316 810.5951 810.8063 811.0175 811.2286 811.4398 811.5431 811.5431 811.5431 811.5431 811.5431 809.5686 807.4716 805.3746 803.2776 800.4865
823.5011 825.5714 827.6417 832.8849 839.0561 845.2272 851.3986 856.7709 859.0336 861.2963 863.559 865.8217 864.3117 860.6334 856.9552 853.277 849.3989 842.6775 835.9563 829.2352 822.514 819.4979 820.2413 820.9847 821.7281 822.4715 828.5662 835.0823 841.5985 848.1149 852.2454 852.092 851.9385 851.785 851.6316 844.8971 836.3955 827.8939 819.3923 812.2484 809.9474 807.6463 805.3452 803.0442 803.0504 804.3009 805.5514 806.8019 807.9651 808.1284 808.2916 808.455 808.6182 808.6981 808.6981 808.6981 808.6981 808.6981 807.2597 805.7321 804.2045 802.6769 800.6989
816.9077 818.499 820.0904 824.2329 829.1216 834.0102 838.899 843.264 845.5906 847.9172 850.2437 852.5703 851.7054 849.0063 846.3073 843.6082 840.7188 835.1202 829.5219 823.9236 818.3253 815.7559 816.2597 816.7636 817.2675 817.7714 822.5858 827.7396 832.8935 838.0475 841.3906 841.4819 841.5732 841.6644 841.7557 836.5331 829.8835 823.2338 816.5842 810.9206 808.7739 806.6271 804.4803 802.3336 802.1138 802.9333 803.7527 804.5721 805.3351 805.4504 805.5659 805.6812 805.7966 805.853 805.853 805.853 805.853 805.853 804.9508 803.9926 803.0344 802.0762 800.9113
810.3142 811.4266 812.5391 815.5809 819.1871 822.7932 826.3995 829.7572 832.1476 834.538 836.9285 839.3189 839.0991 837.3792 835.6594 833.9395 832.0386 827.5629 823.0875 818.612 814.1365 812.0137 812.2781 812.5425 812.8069 813.0714 816.6054 820.3969 824.1884 827.9801 830.5356 830.8718 831.2078 831.5439 831.8799 828.169 823.3714 818.5738 813.7762 809.5928 807.6003 805.6078 803.6154 801.623 801.1772 801.5656 801.954 802.3425 802.7051 802.7726 802.84 802.9075 802.975 803.008 803.008 803.008 803.008 803.008 802.6419 802.2531 801.8643 801.4755 801.1236
803.7208 804.3542 804.9877 806.929 809.2526 811.5762 813.9 816.2504 818.7047 821.1589 823.6132 826.0675 826.4929 825.7521 825.0114 824.2707 823.3584 820.0057 816.6531 813.3005 809.9478 808.2717 808.2966 808.3215 808.3464 808.3713 810.625 813.0542 815.4834 817.9127 819.6808 820.2616 820.8425 821.4233 822.0041 819.805 816.8594 813.9138 810.9681 808.265 806.4269 804.5886 802.7505 800.9124 800.2407 800.198 800.1554 800.1127 800.0751 800.0947 800.1142 800.1338 800.1534 800.163 800.163 800.163 800.163 800.163 800.333 800.5136 800.6942 800.8748 801.336
801.054 801.3627 801.6714 802.9534 804.52 806.0865 807.6531 809.3409 811.5004 813.6598 815.8192 817.9787 818.5786 818.2822 817.9857 817.6893 817.2659 815.0361 812.8063 810.5766 808.3469 807.6733 808.579 809.4846 810.3901 811.2958 813.3425 815.4791 817.6157 819.7524 821.0837 820.9685 820.8534 820.7382 820.6231 818.5286 815.9026 813.2767 810.6507 808.198 806.3631 804.5282 802.6934 800.8585 800.0428 799.7768 799.5107 799.2447 799.0 799.0 799.0 799.0 799.0 799.0 799.0 799.0 799.0 799.0 799.6529 800.3463 801.0396 801.733 802.8522
801.1021 801.1926 801.2831 802.2109 803.3837 804.5565 805.7293 806.9928 808.6094 810.2261 811.8427 813.4593 813.9084 813.6865 813.4645 813.2427 812.9626 811.8557 810.7488 809.6419 808.535 809.2485 811.8093 814.3699 816.9307 819.4914 822.0733 824.6569 827.2405 829.8242 830.961 829.4995 828.038 826.5765 825.1151 822.1524 818.7867 815.421 812.0553 809.0026 807.0667 805.1306 803.1946 801.2587 800.3557 800.0098 799.664 799.3181 799.0 799.0 799.0 799.0 799.0 799.0 799.0 799.0 799.0 799.0 800.0988 801.2658 802.4328 803.5998 805.27
801.1501 801.0224 800.8947 801.4686 802.2475 803.0265 803.8055 804.6448 805.7185 806.7923 807.8661 808.9399 809.2382 809.0908 808.9434 808.796 808.6593 808.6753 808.6912 808.7072 808.7231 810.8237 815.0396 819.2554 823.4712 827.687 830.8041 833.8348 836.8654 839.8961 840.8384 838.0305 835.2227 832.4149 829.6071 825.7762 821.6708 817.5653 813.4598 809.8073 807.7702 805.733 803.696 801.6589 800.6686 800.2429 799.8172 799.3915 799.0 799.0 799.0 799.0 799.0 799.0 799.0 799.0 799.0 799.0 800.5448 802.1854 803.826 805.4666 807.6876
801.1981 800.8522 800.5064 800.7261 801.1113 801.4965 801.8817 802.2967 802.8276 803.3586 803.8895 804.4205 804.5679 804.4951 804.4222 804.3493 804.356 805.4949 806.6337 807.7725 808.9113 812.3989 818.2698 824.1407 830.0117 835.8826 839.535 843.0126 846.4902 849.9679 850.7158 846.5616 842.4073 838.2532 834.099 829.4001 824.5548 819.7096 814.8644 810.6119 808.4737 806.3354 804.1973 802.0591 800.9815 800.476 799.9705 799.465 799.0 799.0 799.0 799.0 799.0 799.0 799.0 799.0 799.0 799.0 800.9908 803.105 805.2192 807.3334 810.1053
801.2632 800.6958 800.1284 800.0 800.0 800.0 800.0 800.0 800.0 800.0 800.0 800.0 800.0 800.0 800.0 800.0 800.1495 802.4255 804.7015 806.9775 809.2535 814.1245 821.6288 829.1331 836.6373 844.1416 848.3056 852.2065 856.1075 860.0085 860.5565 855.0829 849.6094 844.1359 838.6625 833.0988 827.5109 821.923 816.3351 811.4775 809.2249 806.9723 804.7197 802.4671 801.2971 800.7111 800.1251 799.539 799.0 799.0 799.0 799.0 799.0 799.0 799.0 799.0 799.0 799.0 801.4315 804.0137 806.5959 809.1782 812.4985
802.0925 801.1526 800.2127 800.0 800.0 800.0 800.0 800.0 800.0 800.0 800.0 800.0 800.0 800.0 800.0 800.0 800.2662 804.3197 808.373 812.4264 816.4797 822.5735 830.7377 838.9019 847.066 855.2302 858.8553 862.123 865.3907 868.6585 868.7597 863.1745 857.5892 852.004 846.4188 840.1434 833.6827 827.222 820.7614 815.0672 812.1068 809.1464 806.186 803.2257 801.7352 801.0374 800.3396 799.6418 799.0 799.0 799.0 799.0 799.0 799.0 799.0 799.0 799.0 799.0 801.6369 804.4373 807.2377 810.0381 813.7966
802.9218 801.6094 800.297 800.0 800.0 800.0 800.0 800.0 800.0 800.0 800.0 800.0 800.0 800.0 800.0 800.0 800.3829 806.2139 812.0446 817.8754 823.7061 831.0226 839.8467 848.6708 857.4949 866.3191 869.4053 872.0397 874.6741 877.3087 876.9631 871.2661 865.5692 859.8721 854.1752 847.1881 839.8547 832.5212 825.1877 818.6569 814.9888 811.3206 807.6524 803.9843 802.1732 801.3637 800.5541 799.7446 799.0 799.0 799.0 799.0 799.0 799.0 799.0 799.0 799.0 799.0 801.8423 804.8609 807.8795 810.8981 815.0947
803.7511 802.0662 800.3813 800.0 800.0 800.0 800.0 800.0 800.0 800.0 800.0 800.0 800.0 800.0 800.0 800.0 800.4997 808.108 815.7161 823.3242 830.9323 839.4716 848.9556 858.4396 867.9236 877.4077 879.9551 881.9562 883.9574 885.9587 885.1664 879.3577 873.549 867.7402 861.9315 854.2327 846.0265 837.8203 829.614 822.2465 817.8707 813.4946 809.1188 804.7429 802.6113 801.6899 800.7687 799.8474 799.0 799.0 799.0 799.0 799.0 799.0 799.0 799.0 799.0 799.0 802.0478 805.2845 808.5213 811.7581 816.3927
804.5804 802.523 800.4656 800.0 800.0 800.0 800.0 800.0 800.0 800.0 800.0 800.0 800.0 800.0 800.0 800.0 800.6165 810.0022 819.3877 828.7731 838.1586 847.9205 858.0645 868.2084 878.3524 888.4963 890.5049 891.8728 893.2407 894.6086 893.3696 887.4492 881.5287 875.6082 869.6877 861.2773 852.1984 843.1193 834.0403 825.8362 820.7526 815.6688 810.5851 805.5015 803.0493 802.0162 800.9832 799.9501 799.0 799.0 799.0 799.0 799.0 799.0 799.0 799.0 799.0 799.0 802.2532 805.7081 809.1631 812.618 817.6907
805.6285 803.9307 802.2329 801.9065 801.9812 802.0558 802.1305 802.1185 801.7693 801.4201 801.0709 800.7217 800.5117 800.3816 800.2515 800.1215 800.6688 810.8518 821.0345 831.2172 841.3998 851.6577 861.9919 872.3262 882.6604 892.9946 894.4612 895.2296 895.998 896.7664 895.0084 888.7137 882.4189 876.1242 869.8295 861.3068 852.186 843.0651 833.9442 825.7126 820.6534 815.5939 810.5347 805.4754 803.0342 802.005 800.9758 799.9466 799.0 799.0 799.0 799.0 799.0 799.0 799.0 799.0 799.0 799.0 802.2546 805.7109 809.1673 812.6237 818.0038
806.9415 806.4889 806.0363 806.1193 806.3589 806.5986 806.8383 806.7998 805.679 804.558 803.4372 802.3163 801.6422 801.2248 800.8074 800.39 800.6432 810.4378 820.2321 830.0262 839.8205 849.6952 859.6516 869.6079 879.5643 889.5206 890.4417 890.6513 890.8609 891.0705 888.7062 881.7197 874.7331 867.7466 860.76 852.8503 844.6926 836.535 828.3773 821.0974 816.9481 812.7986 808.6494 804.5001 802.4711 801.5855 800.7 799.8145 799.0 799.0 799.0 799.0 799.0 799.0 799.0 799.0 799.0 799.0 802.009 805.2047 808.4003 811.5959 817.1253
808.2543 809.047 809.8397 810.3321 810.7368 811.1414 811.546 811.4811 809.5886 807.696 805.8035 803.9109 802.7727 802.068 801.3632 800.6584 800.6177 810.0239 819.4296 828.8354 838.2411 847.7326 857.3112 866.8896 876.4682 886.0467 886.4222 886.0731 885.7239 885.3746 882.404 874.7256 867.0472 859.3689 851.6906 844.3937 837.1993 830.0049 822.8104 816.4821 813.2427 810.0034 806.764 803.5247 801.9078 801.166 800.4241 799.6823 799.0 799.0 799.0 799.0 799.0 799.0 799.0 799.0 799.0 799.0 801.7635 804.6984 807.6332 810.5681 816.2468
809.5673 811.6052 813.6431 814.545 815.1146 815.6842 816.2538 816.1625 813.4983 810.834 808.1699 805.5057 803.9033 802.9112 801.9191 800.9269 800.5922 809.6099 818.6271 827.6445 836.6617 845.77 854.9707 864.1714 873.372 882.5727 882.4026 881.4947 880.5867 879.6787 876.1017 867.7314 859.3613 850.9911 842.6209 835.937 829.7058 823.4747 817.2435 811.8667 809.5374 807.2079 804.8787 802.5493 801.3446 800.7465 800.1483 799.5501 799.0 799.0 799.0 799.0 799.0 799.0 799.0 799.0 799.0 799.0 801.5179 804.192 806.8661 809.5402 815.3683
810.8802 814.1633 817.4465 818.7578 819.4924 820.2269 820.9615 820.8438 817.4079 813.972 810.5362 807.1003 805.0338 803.7544 802.4749 801.1954 800.5667 809.1959 817.8247 826.4536 835.0824 843.8075 852.6303 861.4531 870.2759 879.0988 878.3831 876.9164 875.4496 873.9828 869.7994 860.7374 851.6754 842.6134 833.5514 827.4803 822.2125 816.9445 811.6766 807.2514 805.8321 804.4127 802.9933 801.574 800.7814 800.327 799.8725 799.418 799.0 799.0 799.0 799.0 799.0 799.0 799.0 799.0 799.0 799.0 801.2724 803.6857 806.0991 808.5125 814.4897
