data/zism_data/01182_04_D.txt
ncols         224
nrows         224
[rows 29 to 57 of 224, columns 65 to 129 of 224]
739.2813 734.1752 729.3554 725.0717 720.7881 716.5045 712.2208 709.6996 707.607 705.5145 703.422 701.353 699.3508 697.3486 695.3463 693.3441 687.4747 680.0823 672.6898 665.2971 657.2643 646.1904 635.116 624.0421 612.9677 607.6437 605.6904 603.7369 601.7836 600.0 600.0 600.0 600.0 600.0 600.3514 600.998 601.6445 602.2911 602.9377 604.8506 606.7636 608.6766 610.5895 611.6398 611.663 611.6862 611.7095 611.7327 610.6324 609.4252 608.218 607.0107 607.107 609.4271 611.7472 614.0673 616.3873 624.9033 634.7241 644.5445 654.3649 663.0948 669.0558 675.017 680.978
750.1072 744.0616 738.2272 732.7878 727.3488 721.9097 716.4703 713.3235 710.7341 708.1449 705.5556 703.1982 701.4984 699.7986 698.0988 696.3989 690.9985 684.1406 677.2827 670.4246 662.6879 650.777 638.8657 626.9548 615.0435 609.165 606.8229 604.4807 602.1385 600.0 600.0 600.0 600.0 600.0 600.457 601.298 602.139 602.98 603.8209 606.1766 608.5324 610.8881 613.2439 614.2661 613.7007 613.1354 612.5701 612.0048 610.099 608.0656 606.0322 603.9988 603.3348 605.0069 606.679 608.3511 610.0232 618.3328 628.0402 637.7472 647.4542 656.3226 663.0611 669.7999 676.5384
754.398 748.6223 742.7416 736.6632 730.5851 724.507 718.4286 714.4595 711.0032 707.5471 704.0909 700.9774 698.8354 696.6934 694.5512 692.4092 687.2519 680.907 674.5621 668.217 660.9592 649.3648 637.77 626.1757 614.5809 608.8674 606.6013 604.3351 602.0691 600.0 600.0 600.0 600.0 600.0 600.71 602.0166 603.3231 604.6296 605.9361 610.0386 614.1414 618.244 622.3467 624.1969 623.3658 622.5347 621.7036 620.8725 617.3051 613.4772 609.6492 605.8213 603.7531 604.6869 605.6207 606.5544 607.4882 614.7794 623.4092 632.0387 640.6682 648.7961 655.6493 662.5028 669.356
757.0253 751.8274 746.1469 739.561 732.9753 726.3896 719.8038 714.9622 710.5448 706.1274 701.7101 697.7215 694.9477 692.1739 689.4 686.6262 681.6545 675.8171 669.9798 664.1423 657.4099 646.4256 635.441 624.4568 613.4722 608.1068 606.0351 603.9633 601.8916 600.0 600.0 600.0 600.0 600.0 601.0005 602.8417 604.6827 606.5238 608.3649 614.5463 620.728 626.9094 633.091 635.9872 634.9725 633.9578 632.9431 631.9285 626.4815 620.6125 614.7434 608.8745 605.2382 605.4106 605.583 605.7554 605.9278 611.9937 619.3007 626.6073 633.9139 641.0775 647.8766 654.6761 661.4754
759.6525 755.0324 749.5522 742.4587 735.3655 728.2723 721.1788 715.4649 710.0863 704.7079 699.3295 694.4656 691.0601 687.6545 684.2489 680.8434 676.0572 670.7274 665.3976 660.0676 653.8606 643.4865 633.1121 622.738 612.3635 607.3461 605.4688 603.5914 601.7141 600.0 600.0 600.0 600.0 600.0 601.2911 603.6667 606.0424 608.418 610.7936 619.0539 627.3144 635.5746 643.8351 647.7773 646.579 645.3807 644.1824 642.9842 635.6577 627.7477 619.8375 611.9276 606.7231 606.1342 605.5453 604.9564 604.3675 609.2082 615.1922 621.176 627.1597 633.3589 640.1042 646.8497 653.5948
762.2798 758.2374 752.9575 745.3564 737.7557 730.1549 722.5539 715.9676 709.6279 703.2883 696.9488 691.2097 687.1724 683.1351 679.0977 675.0604 670.4598 665.6376 660.8153 655.9929 650.3112 640.5473 630.783 621.0191 611.2548 606.5855 604.9026 603.2195 601.5366 600.0 600.0 600.0 600.0 600.0 601.5816 604.4918 607.402 610.3123 613.2224 623.5615 633.9009 644.2401 654.5795 659.5676 658.1857 656.8038 655.422 654.0402 644.834 634.8831 624.9317 614.9807 608.2082 606.8579 605.5076 604.1573 602.8071 606.4226 611.0836 615.7446 620.4055 625.6403 632.3315 639.023 645.7142
760.4772 756.9547 751.9067 743.9979 736.0894 728.1808 720.272 712.9584 705.7893 698.6204 691.4515 685.0052 680.6069 676.2086 671.8101 667.4117 663.1959 659.0519 654.9081 650.7641 645.7809 636.811 627.8408 618.8708 609.9006 605.6719 604.2224 602.7729 601.3234 600.0 600.0 600.0 600.0 600.0 601.7588 604.9952 608.2314 611.4678 614.704 626.579 638.4544 650.3294 662.2048 668.0073 666.5809 665.1544 663.7279 662.3015 651.6919 640.208 628.7238 617.2399 609.2886 607.3637 605.4389 603.514 601.5892 604.2104 607.7889 611.3673 614.9456 619.4213 626.1744 632.9277 639.6807
746.5823 743.4216 738.6923 731.0211 723.3501 715.6791 708.0079 700.363 692.7241 685.0854 677.4467 670.7517 666.7314 662.7111 658.6906 654.6702 651.3823 648.3832 645.384 642.3848 638.5726 630.8986 623.2244 615.5504 607.8761 604.3408 603.2314 602.1221 601.0129 600.0 600.0 600.0 600.0 600.0 601.6268 604.6201 607.6134 610.6068 613.6 625.529 637.4584 649.3875 661.3169 667.3016 666.2099 665.1182 664.0265 662.9348 652.2213 640.5916 628.9615 617.3318 609.2646 607.275 605.2853 603.2957 601.306 603.5637 606.7155 609.8673 613.019 617.2955 624.4266 631.5579 638.6888
732.6873 729.8884 725.4775 718.0439 710.6106 703.1772 695.7437 687.7673 679.6586 671.5501 663.4417 656.498 652.8557 649.2133 645.5708 641.9284 639.5686 637.7142 635.8598 634.0053 631.3642 624.9861 618.6078 612.2298 605.8515 603.0096 602.2405 601.4713 600.7022 600.0 600.0 600.0 600.0 600.0 601.4947 604.2451 606.9954 609.7457 612.496 624.479 636.4625 648.4455 660.429 666.5958 665.8389 665.082 664.3251 663.5682 652.7506 640.9752 629.1992 617.4238 609.2407 607.1862 605.1318 603.0773 601.0229 602.9169 605.6422 608.3673 611.0925 615.1697 622.6788 630.188 637.697
718.7924 716.3553 712.2631 705.0671 697.8713 690.6756 683.4796 675.1718 666.5933 658.0151 649.4368 642.2446 638.9802 635.7158 632.4512 629.1868 627.7551 627.0454 626.3357 625.626 624.1559 619.0737 613.9915 608.9093 603.827 601.6784 601.2495 600.8206 600.3917 600.0 600.0 600.0 600.0 600.0 601.3626 603.87 606.3773 608.8847 611.392 623.429 635.4665 647.5035 659.541 665.8901 665.468 665.0458 664.6237 664.2016 653.28 641.3587 629.437 617.5157 609.2168 607.0975 604.9783 602.859 600.7397 602.2701 604.5687 606.8673 609.1659 613.044 620.931 628.8182 636.7051
704.8973 702.8221 699.0485 692.09 685.1318 678.1737 671.2153 662.5761 653.5278 644.4798 635.4318 627.9909 625.1044 622.218 619.3315 616.4451 615.9414 616.3765 616.8115 617.2465 616.9474 613.1613 609.3749 605.5887 601.8024 600.3472 600.2585 600.1697 600.0811 600.0 600.0 600.0 600.0 600.0 601.2306 603.495 605.7593 608.0237 610.288 622.379 634.4705 646.5616 658.653 665.1843 665.097 665.0096 664.9223 664.835 653.8093 641.7422 629.6747 617.6076 609.1929 607.0088 604.8248 602.6406 600.4566 601.6232 603.4953 605.3673 607.2393 610.9182 619.1831 627.4484 635.7133
691.7971 689.2295 685.2341 678.5612 671.8885 665.2158 658.5428 650.8369 642.8793 634.9221 626.9648 620.561 618.5594 616.5578 614.5562 612.5546 612.8588 614.0714 615.2839 616.4966 616.8639 613.2162 609.5684 605.9207 602.2728 600.7965 600.593 600.3894 600.1859 600.0 600.0 600.0 600.0 600.0 601.053 602.9905 604.9281 606.8657 608.8032 619.4875 630.1722 640.8565 651.5412 657.3478 657.3478 657.3478 657.3478 657.3478 647.5923 636.908 626.2233 615.539 608.0872 606.1496 604.212 602.2745 600.337 601.8732 604.1409 606.4085 608.6761 612.8685 621.9464 631.0247 640.1026
678.9773 675.6159 671.208 664.8375 658.4672 652.0969 645.7263 639.3999 633.0839 626.7681 620.4523 615.5393 614.6014 613.6636 612.7257 611.7878 612.8575 614.7181 616.5786 618.4392 619.2949 615.3771 611.4594 607.5416 603.6238 601.8741 601.3951 600.9162 600.4373 600.0 600.0 600.0 600.0 600.0 600.8593 602.4405 604.0216 605.6028 607.184 615.946 624.7084 633.4704 642.2327 646.9946 646.9946 646.9946 646.9946 646.9946 638.9943 630.2323 621.47 612.7079 606.5997 605.0184 603.4373 601.8561 600.275 602.4397 605.3931 608.3465 611.2998 616.2574 626.3018 636.3467 646.3912
666.1572 662.0021 657.1817 651.1136 645.0457 638.9777 632.9096 627.9626 623.2882 618.614 613.9397 610.5176 610.6434 610.7693 610.8953 611.0211 612.8563 615.3648 617.8733 620.3819 621.7258 617.5381 613.3503 609.1627 604.9749 602.9517 602.1974 601.4431 600.6887 600.0 600.0 600.0 600.0 600.0 600.6656 601.8904 603.1152 604.34 605.5648 612.4045 619.2444 626.0842 632.9241 636.6413 636.6413 636.6413 636.6413 636.6413 630.3962 623.5565 616.7165 609.8768 605.1121 603.8873 602.6625 601.4377 600.213 603.0062 606.6454 610.2845 613.9236 619.6463 630.6573 641.6688 652.6798
653.3374 648.3885 643.1556 637.3899 631.6243 625.8588 620.0931 616.5256 613.4927 610.46 607.4272 605.4959 606.6855 607.8751 609.0648 610.2544 612.8551 616.0115 619.168 622.3245 624.1568 619.6991 615.2413 610.7836 606.3258 604.0293 602.9996 601.9698 600.9402 600.0 600.0 600.0 600.0 600.0 600.4719 601.3403 602.2087 603.0771 603.9455 608.863 613.7806 618.6981 623.6157 626.2881 626.2881 626.2881 626.2881 626.2881 621.7982 616.8807 611.9631 607.0457 603.6246 602.7562 601.8878 601.0194 600.151 603.5727 607.8977 612.2225 616.5474 623.0352 635.0128 646.9907 658.9683
641.6748 636.1772 630.7457 625.4379 620.1301 614.8224 609.5145 607.1854 605.5807 603.9761 602.3716 601.7991 604.1512 606.5032 608.8553 611.2074 614.5225 618.2169 621.9112 625.6057 627.8141 622.9651 618.1159 613.2668 608.4176 605.727 604.3017 602.8763 601.4509 600.1466 600.1137 600.0808 600.0479 600.015 600.3041 600.8638 601.4235 601.9832 602.5428 605.7842 609.0258 612.2672 615.5087 617.2703 617.2703 617.2703 617.2703 617.2703 614.3107 611.0693 607.8278 604.5864 602.3385 601.7856 601.2328 600.6799 600.1271 604.0876 608.9985 613.9093 618.82 625.9545 638.7329 651.5118 664.2903
634.3618 629.2367 624.4107 620.145 615.8794 611.6138 607.348 605.7266 604.7484 603.7701 602.7918 603.0824 606.968 610.8535 614.7391 618.6246 622.4622 626.2808 630.0992 633.9179 636.0816 630.3848 624.6878 618.991 613.294 609.7557 607.4826 605.2095 602.9364 600.8445 600.655 600.4655 600.276 600.0865 600.2337 600.6638 601.0939 601.524 601.954 604.4449 606.9359 609.4268 611.9177 613.2714 613.2714 613.2714 613.2714 613.2714 610.9971 608.5062 606.0153 603.5244 601.8096 601.4187 601.0278 600.637 600.2461 604.4088 609.5303 614.6516 619.7729 627.1088 640.0654 653.0225 665.9791
627.0488 622.2963 618.0758 614.8522 611.6287 608.4052 605.1816 604.2678 603.9159 603.564 603.212 604.3657 609.7846 615.2036 620.6227 626.0417 630.4018 634.3445 638.2872 642.23 644.3489 637.8043 631.2596 624.7151 618.1703 613.7843 610.6635 607.5426 604.4218 601.5422 601.1962 600.8502 600.504 600.158 600.1633 600.4638 600.7643 601.0648 601.3653 603.1057 604.8461 606.5864 608.3268 609.2726 609.2726 609.2726 609.2726 609.2726 607.6836 605.9432 604.2028 602.4625 601.2807 601.0518 600.8229 600.594 600.3651 604.7299 610.062 615.3939 620.7258 628.2631 641.3979 654.5331 667.668
619.7357 615.3559 611.7408 609.5593 607.3779 605.1965 603.0151 602.809 603.0834 603.3578 603.6323 605.6489 612.6013 619.5538 626.5065 633.459 638.3415 642.4084 646.4753 650.5423 652.6163 645.2241 637.8315 630.4393 623.0468 617.813 613.8445 609.8758 605.9073 602.2401 601.7374 601.2348 600.7321 600.2295 600.0929 600.2638 600.4347 600.6056 600.7765 601.7663 602.7562 603.746 604.7358 605.2738 605.2738 605.2738 605.2738 605.2738 604.37 603.3802 602.3903 601.4005 600.7518 600.6849 600.618 600.551 600.4841 605.0511 610.5937 616.1362 621.6786 629.4174 642.7304 656.0438 669.3569
612.4227 608.4155 605.4059 604.2665 603.1273 601.988 600.8486 601.3503 602.251 603.1518 604.0525 606.9321 615.418 623.9039 632.3901 640.876 646.2811 650.4721 654.6632 658.8544 660.8835 652.6436 644.4033 636.1633 627.9231 621.8416 617.0253 612.2089 607.3927 602.9379 602.2786 601.6194 600.9602 600.301 600.0225 600.0638 600.1051 600.1464 600.1877 600.427 600.6663 600.9056 601.145 601.275 601.275 601.275 601.275 601.275 601.0565 600.8172 600.5779 600.3386 600.2228 600.3179 600.413 600.5081 600.6031 605.3722 611.1254 616.8785 622.6315 630.5717 644.0629 657.5545 671.0457
611.4401 607.0992 603.9416 603.0021 602.0627 601.1232 600.1838 600.9916 602.2245 603.4574 604.6902 608.1204 617.7757 627.431 637.0865 646.7418 652.5638 656.8754 661.187 665.4987 667.6302 659.4069 651.1832 642.9598 634.7361 628.1866 622.6182 617.0497 611.4814 606.2949 605.1186 603.9423 602.7661 601.5898 600.9269 600.6951 600.4634 600.2317 600.0 600.0 600.0 600.0 600.0 600.0 600.0 600.0 600.0 600.0 600.0 600.0 600.0 600.0 600.1194 600.4427 600.766 601.0893 601.4125 606.6474 612.9165 619.1854 625.4543 633.6537 646.7531 659.8528 672.9521
613.4206 608.4156 604.7571 603.6233 602.4895 601.3557 600.2218 601.148 602.5753 604.0026 605.4298 609.2643 619.9185 630.5728 641.2274 651.8816 658.071 662.5014 666.9318 671.3623 673.6653 665.863 658.0605 650.2584 642.4559 635.616 629.3403 623.0644 616.7886 610.8966 609.0346 607.1725 605.3105 603.4485 602.2876 601.7157 601.1438 600.5719 600.0 600.0 600.0 600.0 600.0 600.0 600.0 600.0 600.0 600.0 600.0 600.0 600.0 600.0 600.2153 600.7977 601.3802 601.9626 602.5451 608.3693 615.2971 622.2248 629.1524 637.6383 650.0789 662.5198 674.9603
615.4011 609.7319 605.5727 604.2444 602.9163 601.5881 600.2598 601.3044 602.926 604.5477 606.1693 610.4081 622.0613 633.7144 645.368 657.0212 663.5782 668.1274 672.6765 677.2258 679.7002 672.3192 664.9378 657.5568 650.1755 643.0453 636.0623 629.0789 622.0958 615.4983 612.9505 610.4028 607.8549 605.3071 603.6483 602.7362 601.8242 600.912 600.0 600.0 600.0 600.0 600.0 600.0 600.0 600.0 600.0 600.0 600.0 600.0 600.0 600.0 600.311 601.1527 601.9943 602.836 603.6777 610.0911 617.6777 625.2641 632.8505 641.6228 653.4046 665.1868 676.9685
617.3816 611.0482 606.3882 604.8657 603.3431 601.8205 600.2979 601.4608 603.2768 605.0928 606.9089 611.5519 624.2041 636.8562 649.5088 662.1609 669.0855 673.7535 678.4214 683.0895 685.7352 678.7753 671.8152 664.8553 657.8952 650.4748 642.7843 635.0936 627.4031 620.1 616.8665 613.633 610.3994 607.1658 605.009 603.7568 602.5045 601.2523 600.0 600.0 600.0 600.0 600.0 600.0 600.0 600.0 600.0 600.0 600.0 600.0 600.0 600.0 600.4068 601.5077 602.6085 603.7094 604.8102 611.8129 620.0583 628.3035 636.5486 645.6074 656.7304 667.8538 678.9768
620.6942 613.7468 608.551 606.6393 604.7276 602.8159 600.9042 601.9939 603.8137 605.6335 607.4533 612.2446 625.4545 638.6643 651.8746 665.0845 672.2519 677.0386 681.8253 686.6122 689.4705 683.1684 676.8661 670.564 664.2618 656.9255 648.9828 641.04 633.0974 625.5112 621.6708 617.8304 613.9899 610.1495 607.4201 605.6238 603.8276 602.0314 600.2352 600.1834 600.1317 600.0799 600.0281 600.0 600.0 600.0 600.0 600.0 600.0 600.0 600.0 600.0 600.4911 601.8199 603.1487 604.4775 605.8063 613.3297 622.1575 630.9849 639.8124 649.1193 659.6419 670.1649 680.6874
631.4288 624.1465 618.2197 614.8339 611.4481 608.0623 604.6764 604.6264 605.3879 606.1494 606.9108 610.424 621.7332 633.0423 644.3518 655.6609 662.3765 667.2819 672.1874 677.0931 680.3932 676.0674 671.7415 667.4158 663.0898 657.9238 652.2653 646.6065 640.9479 635.4328 631.425 627.4172 623.4093 619.4016 615.683 612.2074 608.7319 605.2563 601.7808 601.3889 600.9969 600.605 600.213 600.0 600.0 600.0 600.0 600.0 600.0 600.0 600.0 600.0 600.511 601.8939 603.2766 604.6595 606.0422 613.7043 622.6887 631.6728 640.6569 649.9982 660.2455 670.493 680.7402
642.1635 634.5464 627.8886 623.0286 618.1686 613.3087 608.4487 607.259 606.9621 606.6652 606.3683 608.6033 618.0117 627.4202 636.8289 646.2373 652.5009 657.5251 662.5494 667.5739 671.3159 668.9664 666.6169 664.2674 661.9178 658.9222 655.5477 652.1732 648.7987 645.3545 641.1793 637.0042 632.8289 628.6537 623.9461 618.7911 613.6363 608.4813 603.3265 602.5944 601.8622 601.1301 600.3979 600.0 600.0 600.0 600.0 600.0 600.0 600.0 600.0 600.0 600.5309 601.9678 603.4046 604.8414 606.2782 614.079 623.22 632.3607 641.5013 650.8772 660.8491 670.8212 680.793
652.898 644.9462 637.5573 631.2231 624.8891 618.5551 612.2209 609.8915 608.5363 607.181 605.8257 606.7827 614.2904 621.7982 629.3061 636.8138 642.6254 647.7685 652.9116 658.0549 662.2386 661.8655 661.4922 661.1191 660.7459 659.9205 658.8301 657.7397 656.6493 655.276 650.9335 646.5909 642.2482 637.9056 632.209 625.3746 618.5405 611.7062 604.8721 603.7997 602.7274 601.6551 600.5828 600.0 600.0 600.0 600.0 600.0 600.0 600.0 600.0 600.0 600.5509 602.0417 603.5325 605.0233 606.5141 614.4537 623.7513 633.0485 642.3458 651.7562 661.4526 671.1494 680.8458
663.6328 655.3461 647.2261 639.4178 631.6097 623.8016 615.9932 612.5241 610.1104 607.6968 605.2832 604.962 610.569 616.176 621.7832 627.3902 632.7498 638.0117 643.2736 648.5356 653.1613 654.7644 656.3676 657.9708 659.5739 660.9189 662.1126 663.3063 664.5 665.1977 660.6877 656.1778 651.6677 647.1578 640.472 631.9583 623.4449 614.9312 606.4177 605.0052 603.5927 602.1802 600.7676 600.0 600.0 600.0 600.0 600.0 600.0 600.0 600.0 600.0 600.5709 602.1157 603.6605 605.2053 606.7501 614.8284 624.2826 633.7364 643.1902 652.6351 662.0562 671.4776 680.8986
