data/zism_data/01184_04_D.txt
ncols         224
nrows         224
[rows 116 to 144 of 224, columns 64 to 127 of 224]
3712.878 3708.159 3703.44 3702.553 3701.84 3701.126 3700.413 3700.0 3700.0 3700.0 3700.0 3700.0 3700.0 3700.0 3700.0 3700.0 3700.0 3700.0 3700.0 3700.0 3700.0 3700.0 3700.0 3700.0 3700.0 3700.0 3700.0 3700.0 3700.0 3700.0 3700.0 3700.0 3700.0 3700.0 3700.835 3704.95 3709.065 3713.179 3717.294 3724.3 3732.751 3741.202 3749.652 3757.864 3764.477 3771.09 3777.703 3784.316 3790.749 3797.058 3803.367 3809.676 3815.976 3822.137 3828.298 3834.459 3840.62 3846.288 3851.506 3856.723 3861.94 3867.158 3871.54 3875.91
3710.787 3706.634 3702.481 3701.815 3701.308 3700.801 3700.294 3700.0 3700.0 3700.0 3700.0 3700.0 3700.0 3700.0 3700.0 3700.0 3700.023 3700.089 3700.155 3700.221 3700.287 3700.401 3700.525 3700.65 3700.774 3700.931 3701.173 3701.415 3701.657 3701.899 3701.878 3701.765 3701.651 3701.538 3702.244 3706.172 3710.1 3714.028 3717.956 3724.811 3733.129 3741.448 3749.767 3757.864 3764.477 3771.09 3777.703 3784.316 3790.79 3797.168 3803.546 3809.924 3816.306 3822.758 3829.209 3835.66 3842.112 3847.946 3853.214 3858.482 3863.751 3869.019 3873.162 3877.289
3708.82 3705.367 3701.914 3701.392 3701.003 3700.614 3700.225 3700.0 3700.0 3700.0 3700.0 3700.0 3700.0 3700.0 3700.0 3700.0 3700.057 3700.219 3700.382 3700.545 3700.708 3700.989 3701.296 3701.604 3701.911 3702.299 3702.896 3703.493 3704.091 3704.688 3704.636 3704.356 3704.075 3703.795 3704.313 3707.966 3711.619 3715.272 3718.926 3725.561 3733.685 3741.811 3749.936 3757.864 3764.477 3771.09 3777.703 3784.316 3790.841 3797.305 3803.769 3810.233 3816.72 3823.581 3830.441 3837.302 3844.163 3850.288 3855.739 3861.19 3866.642 3872.093 3875.936 3879.756
3706.853 3704.1 3701.346 3700.968 3700.698 3700.427 3700.157 3700.0 3700.0 3700.0 3700.0 3700.0 3700.0 3700.0 3700.0 3700.0 3700.09 3700.35 3700.61 3700.87 3701.129 3701.577 3702.067 3702.558 3703.048 3703.666 3704.619 3705.571 3706.524 3707.476 3707.394 3706.947 3706.499 3706.052 3706.381 3709.76 3713.139 3716.518 3719.896 3726.31 3734.241 3742.173 3750.104 3757.864 3764.477 3771.09 3777.703 3784.316 3790.892 3797.442 3803.993 3810.543 3817.135 3824.405 3831.674 3838.944 3846.213 3852.63 3858.264 3863.898 3869.532 3875.167 3878.71 3882.223
3704.886 3702.832 3700.779 3700.544 3700.392 3700.24 3700.088 3700.0 3700.0 3700.0 3700.0 3700.0 3700.0 3700.0 3700.0 3700.0 3700.124 3700.481 3700.837 3701.194 3701.551 3702.165 3702.838 3703.512 3704.186 3705.034 3706.342 3707.649 3708.957 3710.265 3710.152 3709.538 3708.923 3708.309 3708.449 3711.554 3714.658 3717.762 3720.867 3727.06 3734.797 3742.535 3750.272 3757.864 3764.477 3771.09 3777.703 3784.316 3790.943 3797.58 3804.216 3810.853 3817.549 3825.228 3832.906 3840.585 3848.264 3854.971 3860.789 3866.606 3872.423 3878.24 3881.484 3884.69
3703.097 3701.687 3700.277 3700.17 3700.123 3700.075 3700.028 3700.0 3700.0 3700.0 3700.0 3700.0 3700.01 3700.022 3700.034 3700.046 3700.232 3700.743 3701.254 3701.765 3702.276 3703.109 3704.017 3704.925 3705.833 3706.942 3708.582 3710.22 3711.86 3713.499 3713.425 3712.748 3712.07 3711.392 3711.416 3714.195 3716.974 3719.753 3722.533 3728.434 3735.895 3743.357 3750.818 3758.166 3764.751 3771.337 3777.923 3784.509 3791.163 3797.864 3804.564 3811.265 3818.043 3826.07 3834.098 3842.125 3850.152 3857.118 3863.11 3869.101 3875.093 3881.085 3884.058 3886.987
3702.499 3701.358 3700.217 3700.132 3700.095 3700.058 3700.021 3700.0 3700.0 3700.0 3700.0 3700.0 3700.092 3700.195 3700.298 3700.402 3700.834 3701.884 3702.933 3703.982 3705.031 3706.434 3707.917 3709.401 3710.885 3712.459 3714.271 3716.082 3717.893 3719.705 3720.137 3720.084 3720.031 3719.977 3720.364 3722.481 3724.599 3726.716 3728.833 3733.964 3740.602 3747.24 3753.878 3760.482 3766.858 3773.234 3779.61 3785.986 3792.507 3799.127 3805.747 3812.367 3819.065 3827.039 3835.012 3842.986 3850.959 3857.961 3864.071 3870.181 3876.292 3882.402 3885.297 3888.145
3701.9 3701.028 3700.156 3700.093 3700.067 3700.041 3700.015 3700.0 3700.0 3700.0 3700.0 3700.0 3700.172 3700.367 3700.562 3700.757 3701.437 3703.024 3704.612 3706.199 3707.787 3709.758 3711.817 3713.877 3715.937 3717.976 3719.959 3721.943 3723.927 3725.91 3726.849 3727.42 3727.991 3728.562 3729.312 3730.768 3732.223 3733.678 3735.134 3739.495 3745.309 3751.124 3756.938 3762.799 3768.965 3775.131 3781.297 3787.463 3793.851 3800.39 3806.929 3813.468 3820.087 3828.007 3835.927 3843.847 3851.767 3858.804 3865.033 3871.261 3877.49 3883.719 3886.536 3889.303
3701.301 3700.698 3700.095 3700.055 3700.04 3700.024 3700.009 3700.0 3700.0 3700.0 3700.0 3700.0 3700.253 3700.54 3700.826 3701.113 3702.039 3704.165 3706.291 3708.416 3710.542 3713.082 3715.717 3718.353 3720.989 3723.492 3725.648 3727.804 3729.96 3732.116 3733.562 3734.757 3735.952 3737.147 3738.261 3739.054 3739.847 3740.641 3741.434 3745.026 3750.017 3755.008 3759.999 3765.115 3771.071 3777.028 3782.984 3788.94 3795.194 3801.653 3808.111 3814.57 3821.11 3828.976 3836.842 3844.708 3852.574 3859.647 3865.994 3872.341 3878.688 3885.035 3887.775 3890.461
3700.702 3700.369 3700.035 3700.016 3700.012 3700.007 3700.003 3700.0 3700.0 3700.0 3700.0 3700.0 3700.334 3700.712 3701.09 3701.468 3702.641 3705.305 3707.969 3710.634 3713.297 3716.406 3719.617 3722.829 3726.041 3729.009 3731.337 3733.665 3735.993 3738.322 3740.274 3742.093 3743.913 3745.732 3747.209 3747.341 3747.472 3747.603 3747.734 3750.556 3754.724 3758.891 3763.059 3767.432 3773.178 3778.924 3784.67 3790.417 3796.538 3802.916 3809.293 3815.671 3822.132 3829.945 3837.756 3845.568 3853.381 3860.49 3866.956 3873.421 3879.887 3886.352 3889.014 3891.62
3700.393 3700.201 3700.008 3700.0 3700.0 3700.0 3700.0 3700.0 3700.0 3700.0 3700.0 3700.0 3700.528 3701.126 3701.723 3702.321 3703.828 3707.043 3710.258 3713.473 3716.687 3720.256 3723.906 3727.556 3731.206 3734.562 3737.144 3739.725 3742.307 3744.888 3747.257 3749.551 3751.845 3754.139 3755.923 3755.701 3755.479 3755.258 3755.036 3757.347 3760.925 3764.503 3768.081 3771.897 3777.302 3782.707 3788.113 3793.518 3799.368 3805.521 3811.675 3817.828 3824.067 3831.698 3839.328 3846.958 3854.589 3861.561 3867.929 3874.298 3880.667 3887.035 3889.616 3892.141
3700.294 3700.15 3700.006 3700.0 3700.0 3700.0 3700.0 3700.0 3700.0 3700.0 3700.0 3700.0 3700.804 3701.714 3702.624 3703.533 3705.439 3709.214 3712.988 3716.763 3720.537 3724.486 3728.475 3732.465 3736.454 3740.141 3743.035 3745.929 3748.823 3751.717 3754.438 3757.098 3759.758 3762.418 3764.467 3764.116 3763.765 3763.414 3763.063 3765.052 3768.209 3771.367 3774.525 3777.92 3782.889 3787.858 3792.827 3797.797 3803.274 3809.1 3814.925 3820.75 3826.664 3834.02 3841.375 3848.731 3856.087 3862.796 3868.912 3875.027 3881.143 3887.259 3889.756 3892.2
3700.195 3700.1 3700.004 3700.0 3700.0 3700.0 3700.0 3700.0 3700.0 3700.0 3700.0 3700.0 3701.08 3702.302 3703.524 3704.746 3707.05 3711.385 3715.719 3720.053 3724.387 3728.717 3733.045 3737.374 3741.702 3745.721 3748.927 3752.133 3755.339 3758.545 3761.618 3764.644 3767.67 3770.696 3773.011 3772.531 3772.051 3771.57 3771.09 3772.756 3775.494 3778.232 3780.97 3783.942 3788.476 3793.009 3797.542 3802.075 3807.181 3812.678 3818.175 3823.672 3829.26 3836.342 3843.423 3850.504 3857.586 3864.031 3869.894 3875.757 3881.619 3887.482 3889.896 3892.26
3700.096 3700.049 3700.002 3700.0 3700.0 3700.0 3700.0 3700.0 3700.0 3700.0 3700.0 3700.0 3701.356 3702.89 3704.424 3705.958 3708.661 3713.555 3718.449 3723.343 3728.237 3732.947 3737.615 3742.282 3746.949 3751.301 3754.819 3758.337 3761.855 3765.373 3768.798 3772.19 3775.583 3778.975 3781.555 3780.945 3780.336 3779.727 3779.117 3780.46 3782.778 3785.096 3787.415 3789.965 3794.062 3798.16 3802.257 3806.354 3811.088 3816.257 3821.425 3826.594 3831.857 3838.664 3845.471 3852.278 3859.084 3865.267 3870.876 3876.486 3882.096 3887.705 3890.036 3892.319
3700.0 3700.0 3700.0 3700.0 3700.0 3700.0 3700.0 3700.001 3700.003 3700.005 3700.006 3700.008 3701.64 3703.486 3705.332 3707.178 3710.272 3715.708 3721.143 3726.579 3732.014 3737.098 3742.099 3747.101 3752.103 3756.782 3760.613 3764.443 3768.274 3772.104 3775.872 3779.616 3783.362 3787.106 3789.945 3789.222 3788.5 3787.778 3787.056 3788.089 3790.0 3791.912 3793.823 3795.964 3799.631 3803.298 3806.966 3810.633 3815.004 3819.856 3824.709 3829.561 3834.51 3841.032 3847.553 3854.075 3860.597 3866.5 3871.836 3877.172 3882.508 3887.844 3890.086 3892.282
3700.0 3700.0 3700.0 3700.0 3700.0 3700.0 3700.0 3700.028 3700.094 3700.161 3700.227 3700.294 3702.195 3704.337 3706.479 3708.62 3711.884 3717.249 3722.615 3727.98 3733.346 3738.56 3743.74 3748.919 3754.099 3758.994 3763.142 3767.29 3771.438 3775.586 3779.369 3783.022 3786.676 3790.329 3793.182 3792.89 3792.598 3792.307 3792.015 3793.21 3795.148 3797.086 3799.025 3801.158 3804.594 3808.03 3811.466 3814.902 3819.23 3824.169 3829.107 3834.046 3839.039 3844.92 3850.801 3856.682 3862.563 3867.657 3872.03 3876.403 3880.775 3885.148 3887.1 3889.016
3700.0 3700.0 3700.0 3700.0 3700.0 3700.0 3700.0 3700.055 3700.186 3700.317 3700.448 3700.579 3702.75 3705.188 3707.625 3710.063 3713.495 3718.791 3724.086 3729.382 3734.677 3740.023 3745.38 3750.737 3756.094 3761.206 3765.671 3770.137 3774.603 3779.068 3782.866 3786.428 3789.99 3793.552 3796.419 3796.558 3796.697 3796.835 3796.974 3798.331 3800.296 3802.261 3804.226 3806.353 3809.558 3812.762 3815.967 3819.171 3823.457 3828.481 3833.506 3838.53 3843.567 3848.808 3854.048 3859.289 3864.53 3868.815 3872.224 3875.633 3879.042 3882.452 3884.114 3885.75
3700.0 3700.0 3700.0 3700.0 3700.0 3700.0 3700.0 3700.082 3700.278 3700.473 3700.669 3700.865 3703.304 3706.038 3708.772 3711.506 3715.106 3720.332 3725.558 3730.783 3736.009 3741.486 3747.02 3752.555 3758.089 3763.417 3768.2 3772.984 3777.767 3782.55 3786.363 3789.833 3793.304 3796.774 3799.656 3800.225 3800.795 3801.364 3801.934 3803.451 3805.444 3807.436 3809.428 3811.548 3814.521 3817.494 3820.467 3823.44 3827.683 3832.794 3837.904 3843.015 3848.096 3852.696 3857.296 3861.896 3866.496 3869.972 3872.418 3874.864 3877.31 3879.755 3881.128 3882.485
3700.0 3700.0 3700.0 3700.0 3700.0 3700.0 3700.0 3700.109 3700.37 3700.63 3700.89 3701.15 3703.859 3706.889 3709.919 3712.949 3716.718 3721.874 3727.029 3732.185 3737.341 3742.948 3748.66 3754.373 3760.085 3765.629 3770.73 3775.83 3780.931 3786.032 3789.86 3793.239 3796.618 3799.997 3802.893 3803.893 3804.893 3805.893 3806.893 3808.572 3810.591 3812.61 3814.629 3816.743 3819.484 3822.226 3824.968 3827.709 3831.909 3837.106 3842.303 3847.5 3852.625 3856.584 3860.543 3864.503 3868.463 3871.13 3872.612 3874.094 3875.577 3877.059 3878.142 3879.219
3700.0 3700.0 3700.0 3700.0 3700.0 3700.0 3700.0 3700.165 3700.556 3700.948 3701.34 3701.731 3704.713 3708.034 3711.354 3714.675 3718.607 3723.685 3728.763 3733.841 3738.919 3744.514 3750.229 3755.944 3761.658 3767.231 3772.428 3777.625 3782.822 3788.019 3791.857 3795.217 3798.576 3801.936 3804.89 3806.254 3807.618 3808.981 3810.345 3812.205 3814.313 3816.42 3818.528 3820.704 3823.335 3825.966 3828.597 3831.229 3835.247 3840.213 3845.179 3850.146 3855.007 3858.161 3861.315 3864.469 3867.624 3869.509 3870.231 3870.954 3871.676 3872.398 3873.181 3873.966
3700.0 3700.0 3700.0 3700.0 3700.0 3700.0 3700.0 3700.25 3700.847 3701.443 3702.039 3702.635 3705.893 3709.499 3713.105 3716.711 3720.799 3725.791 3730.783 3735.775 3740.766 3746.192 3751.719 3757.245 3762.772 3768.167 3773.219 3778.271 3783.323 3788.374 3792.219 3795.637 3799.056 3802.475 3805.535 3807.189 3808.844 3810.498 3812.153 3814.213 3816.477 3818.741 3821.005 3823.319 3825.972 3828.625 3831.277 3833.93 3837.615 3842.005 3846.396 3850.786 3855.047 3857.217 3859.386 3861.555 3863.724 3864.858 3865.042 3865.226 3865.41 3865.594 3866.067 3866.544
3700.0 3700.0 3700.0 3700.0 3700.0 3700.0 3700.0 3700.337 3701.137 3701.938 3702.739 3703.54 3707.073 3710.964 3714.855 3718.747 3722.991 3727.897 3732.802 3737.708 3742.614 3747.871 3753.209 3758.547 3763.885 3769.104 3774.01 3778.917 3783.823 3788.729 3792.58 3796.058 3799.536 3803.013 3806.18 3808.125 3810.07 3812.015 3813.96 3816.222 3818.642 3821.062 3823.481 3825.935 3828.609 3831.283 3833.957 3836.631 3839.983 3843.797 3847.612 3851.426 3855.088 3856.272 3857.456 3858.64 3859.825 3860.206 3859.852 3859.498 3859.144 3858.79 3858.952 3859.123
3700.0 3700.0 3700.0 3700.0 3700.0 3700.0 3700.0 3700.423 3701.428 3702.433 3703.438 3704.444 3708.253 3712.429 3716.606 3720.783 3725.183 3730.003 3734.822 3739.642 3744.461 3749.549 3754.699 3759.848 3764.998 3770.041 3774.802 3779.563 3784.324 3789.084 3792.941 3796.478 3800.015 3803.552 3806.825 3809.061 3811.296 3813.532 3815.768 3818.23 3820.806 3823.382 3825.958 3828.55 3831.246 3833.941 3836.637 3839.333 3842.351 3845.59 3848.828 3852.066 3855.129 3855.328 3855.527 3855.726 3855.925 3855.555 3854.662 3853.77 3852.878 3851.985 3851.838 3851.702
3700.0 3700.0 3700.0 3700.0 3700.0 3700.0 3700.0 3700.509 3701.718 3702.928 3704.138 3705.348 3709.433 3713.895 3718.356 3722.818 3727.375 3732.108 3736.842 3741.575 3746.309 3751.227 3756.188 3761.15 3766.111 3770.978 3775.593 3780.209 3784.824 3789.44 3793.302 3796.898 3800.495 3804.091 3807.47 3809.996 3812.523 3815.049 3817.575 3820.239 3822.971 3825.703 3828.435 3831.165 3833.883 3836.6 3839.317 3842.034 3844.719 3847.382 3850.044 3852.707 3855.169 3854.383 3853.597 3852.812 3852.026 3850.903 3849.473 3848.042 3846.611 3845.181 3844.723 3844.28
3700.0 3700.0 3700.0 3700.0 3700.0 3700.0 3700.0 3700.58 3701.959 3703.339 3704.718 3706.097 3710.207 3714.675 3719.142 3723.61 3728.161 3732.868 3737.575 3742.283 3746.99 3751.828 3756.695 3761.563 3766.431 3771.216 3775.781 3780.346 3784.911 3789.476 3793.328 3796.929 3800.53 3804.13 3807.527 3810.124 3812.722 3815.319 3817.916 3820.597 3823.321 3826.044 3828.768 3831.467 3834.006 3836.545 3839.084 3841.624 3843.849 3845.861 3847.873 3849.885 3851.712 3850.551 3849.389 3848.227 3847.065 3845.602 3843.863 3842.124 3840.384 3838.645 3837.974 3837.319
3700.0 3700.0 3700.0 3700.0 3700.0 3700.0 3700.0 3700.65 3702.196 3703.742 3705.289 3706.835 3710.949 3715.401 3719.853 3724.304 3728.837 3733.523 3738.208 3742.894 3747.58 3752.344 3757.125 3761.907 3766.689 3771.399 3775.921 3780.443 3784.965 3789.487 3793.328 3796.929 3800.53 3804.13 3807.538 3810.189 3812.84 3815.491 3818.142 3820.827 3823.529 3826.231 3828.933 3831.589 3833.934 3836.279 3838.624 3840.97 3842.727 3844.082 3845.437 3846.792 3847.982 3846.492 3845.002 3843.511 3842.021 3840.25 3838.22 3836.19 3834.16 3832.13 3831.253 3830.394
3700.0 3700.0 3700.0 3700.0 3700.0 3700.0 3700.0 3700.72 3702.433 3704.146 3705.859 3707.572 3711.692 3716.127 3720.563 3724.998 3729.513 3734.177 3738.842 3743.506 3748.17 3752.86 3757.555 3762.251 3766.947 3771.582 3776.062 3780.541 3785.02 3789.499 3793.328 3796.929 3800.53 3804.13 3807.549 3810.254 3812.959 3815.664 3818.369 3821.057 3823.738 3826.418 3829.098 3831.71 3833.861 3836.013 3838.164 3840.316 3841.604 3842.302 3843.001 3843.699 3844.252 3842.433 3840.615 3838.796 3836.978 3834.897 3832.577 3830.256 3827.936 3825.615 3824.533 3823.469
3700.0 3700.0 3700.0 3700.0 3700.0 3700.0 3700.0 3700.79 3702.67 3704.55 3706.43 3708.31 3712.435 3716.854 3721.273 3725.692 3730.189 3734.832 3739.475 3744.117 3748.76 3753.376 3757.985 3762.595 3767.204 3771.766 3776.202 3780.638 3785.074 3789.51 3793.328 3796.929 3800.53 3804.13 3807.56 3810.319 3813.077 3815.836 3818.595 3821.287 3823.946 3826.605 3829.264 3831.831 3833.789 3835.747 3837.704 3839.662 3840.481 3840.523 3840.565 3840.607 3840.522 3838.375 3836.228 3834.081 3831.934 3829.545 3826.934 3824.323 3821.712 3819.101 3817.812 3816.543
3700.0 3700.0 3700.0 3700.0 3700.0 3700.0 3700.0 3700.834 3702.818 3704.802 3706.786 3708.77 3712.897 3717.307 3721.716 3726.125 3730.611 3735.24 3739.869 3744.499 3749.128 3753.698 3758.253 3762.809 3767.365 3771.88 3776.289 3780.698 3785.108 3789.517 3793.328 3796.929 3800.53 3804.13 3807.573 3810.398 3813.223 3816.047 3818.872 3821.56 3824.179 3826.798 3829.417 3831.911 3833.572 3835.232 3836.893 3838.553 3838.955 3838.496 3838.037 3837.579 3837.009 3834.637 3832.266 3829.894 3827.522 3824.926 3822.123 3819.321 3816.518 3813.716 3812.339 3810.984
