data/zism_data/01180_04_D.txt
ncols         224
nrows         224
[rows 112 to 139 of 224, columns 0 to 62 of 224]
1499.423 1499.907 1500.529 1501.15 1501.772 1502.613 1504.221 1505.83 1507.438 1509.046 1510.559 1512.032 1513.505 1514.978 1516.384 1517.501 1518.618 1519.734 1520.851 1522.018 1523.21 1524.402 1525.593 1526.762 1527.803 1528.843 1529.884 1530.924 1532.006 1533.113 1534.22 1535.326 1536.333 1536.573 1536.814 1537.054 1537.294 1537.429 1537.493 1537.556 1537.62 1537.74 1538.513 1539.285 1540.058 1540.831 1542.021 1543.538 1545.055 1546.571 1548.08 1549.411 1550.741 1552.072 1553.402 1554.655 1555.837 1557.018 1558.2 1559.379 1560.073 1560.767 1561.461
1499.892 1500.496 1501.252 1502.009 1502.766 1503.698 1505.241 1506.784 1508.327 1509.871 1511.357 1512.819 1514.281 1515.744 1517.149 1518.309 1519.469 1520.629 1521.789 1523.003 1524.243 1525.484 1526.724 1527.939 1529.012 1530.085 1531.158 1532.231 1533.325 1534.432 1535.538 1536.645 1537.661 1537.982 1538.304 1538.625 1538.946 1539.088 1539.108 1539.129 1539.149 1539.216 1539.821 1540.426 1541.031 1541.637 1542.675 1544.051 1545.427 1546.803 1548.178 1549.52 1550.861 1552.202 1553.544 1554.971 1556.478 1557.984 1559.49 1560.993 1562.136 1563.279 1564.422
1500.36 1501.084 1501.976 1502.868 1503.759 1504.782 1506.26 1507.739 1509.217 1510.695 1512.155 1513.606 1515.058 1516.509 1517.914 1519.118 1520.321 1521.524 1522.727 1523.988 1525.277 1526.566 1527.855 1529.116 1530.221 1531.326 1532.432 1533.537 1534.643 1535.75 1536.857 1537.963 1538.989 1539.391 1539.793 1540.196 1540.598 1540.746 1540.724 1540.701 1540.678 1540.692 1541.13 1541.567 1542.005 1542.443 1543.328 1544.564 1545.8 1547.036 1548.276 1549.629 1550.981 1552.333 1553.685 1555.288 1557.119 1558.949 1560.779 1562.608 1564.199 1565.791 1567.382
1500.829 1501.672 1502.699 1503.726 1504.753 1505.866 1507.28 1508.693 1510.107 1511.52 1512.953 1514.394 1515.834 1517.275 1518.679 1519.926 1521.172 1522.419 1523.665 1524.972 1526.31 1527.648 1528.985 1530.293 1531.43 1532.568 1533.706 1534.844 1535.962 1537.068 1538.175 1539.282 1540.317 1540.8 1541.283 1541.767 1542.25 1542.405 1542.339 1542.273 1542.208 1542.168 1542.438 1542.708 1542.979 1543.249 1543.982 1545.077 1546.172 1547.268 1548.375 1549.737 1551.1 1552.463 1553.826 1555.605 1557.76 1559.914 1562.069 1564.223 1566.262 1568.302 1570.342
1501.298 1502.261 1503.423 1504.585 1505.747 1506.95 1508.299 1509.648 1510.996 1512.345 1513.751 1515.181 1516.611 1518.041 1519.444 1520.734 1522.024 1523.313 1524.603 1525.957 1527.344 1528.73 1530.116 1531.47 1532.64 1533.81 1534.98 1536.15 1537.28 1538.387 1539.494 1540.6 1541.644 1542.209 1542.773 1543.338 1543.902 1544.064 1543.955 1543.846 1543.737 1543.644 1543.747 1543.849 1543.952 1544.055 1544.635 1545.59 1546.545 1547.5 1548.473 1549.846 1551.22 1552.594 1553.968 1555.922 1558.401 1560.88 1563.358 1565.837 1568.326 1570.814 1573.302
1502.027 1503.025 1504.223 1505.421 1506.618 1507.841 1509.15 1510.46 1511.77 1513.079 1514.461 1515.873 1517.284 1518.696 1520.096 1521.443 1522.791 1524.138 1525.486 1526.867 1528.266 1529.664 1531.062 1532.431 1533.641 1534.851 1536.061 1537.271 1538.413 1539.516 1540.619 1541.722 1542.766 1543.357 1543.947 1544.537 1545.127 1545.298 1545.186 1545.074 1544.963 1544.86 1544.865 1544.87 1544.875 1544.88 1545.364 1546.222 1547.081 1547.939 1548.822 1550.255 1551.687 1553.12 1554.552 1556.72 1559.552 1562.385 1565.218 1568.049 1570.791 1573.533 1576.275
1502.879 1503.872 1505.059 1506.245 1507.432 1508.641 1509.923 1511.206 1512.488 1513.771 1515.129 1516.519 1517.909 1519.3 1520.694 1522.106 1523.519 1524.931 1526.344 1527.743 1529.135 1530.528 1531.921 1533.293 1534.546 1535.799 1537.052 1538.305 1539.46 1540.557 1541.655 1542.753 1543.792 1544.382 1544.972 1545.563 1546.153 1546.333 1546.238 1546.142 1546.046 1545.953 1545.894 1545.834 1545.774 1545.714 1546.127 1546.91 1547.693 1548.475 1549.29 1550.803 1552.317 1553.83 1555.344 1557.743 1560.943 1564.143 1567.343 1570.541 1573.445 1576.349 1579.253
1503.731 1504.718 1505.894 1507.07 1508.247 1509.44 1510.696 1511.951 1513.207 1514.463 1515.798 1517.166 1518.535 1519.903 1521.292 1522.769 1524.247 1525.724 1527.201 1528.618 1530.005 1531.393 1532.78 1534.154 1535.45 1536.746 1538.043 1539.339 1540.506 1541.599 1542.691 1543.783 1544.817 1545.408 1545.998 1546.588 1547.178 1547.369 1547.289 1547.21 1547.13 1547.047 1546.922 1546.798 1546.673 1546.548 1546.891 1547.598 1548.305 1549.012 1549.757 1551.352 1552.946 1554.541 1556.135 1558.766 1562.334 1565.901 1569.469 1573.033 1576.099 1579.165 1582.231
1504.583 1505.565 1506.73 1507.895 1509.061 1510.24 1511.469 1512.697 1513.926 1515.154 1516.466 1517.813 1519.16 1520.507 1521.89 1523.432 1524.974 1526.516 1528.059 1529.494 1530.875 1532.257 1533.639 1535.015 1536.354 1537.694 1539.034 1540.373 1541.553 1542.64 1543.727 1544.813 1545.843 1546.433 1547.023 1547.614 1548.204 1548.404 1548.341 1548.277 1548.214 1548.141 1547.951 1547.762 1547.572 1547.383 1547.654 1548.285 1548.917 1549.548 1550.225 1551.9 1553.576 1555.252 1556.927 1559.789 1563.724 1567.66 1571.595 1575.525 1578.753 1581.981 1585.209
1505.425 1506.402 1507.556 1508.711 1509.865 1511.029 1512.227 1513.425 1514.623 1515.821 1517.107 1518.428 1519.75 1521.072 1522.445 1524.04 1525.635 1527.23 1528.825 1530.276 1531.656 1533.036 1534.416 1535.796 1537.176 1538.556 1539.936 1541.316 1542.511 1543.598 1544.685 1545.772 1546.802 1547.396 1547.991 1548.585 1549.18 1549.395 1549.353 1549.312 1549.27 1549.214 1548.986 1548.758 1548.529 1548.301 1548.526 1549.105 1549.684 1550.263 1550.893 1552.661 1554.429 1556.197 1557.965 1561.028 1565.262 1569.497 1573.731 1577.959 1581.301 1584.643 1587.986
1506.199 1507.175 1508.319 1509.463 1510.606 1511.75 1512.894 1514.038 1515.182 1516.326 1517.561 1518.834 1520.107 1521.38 1522.708 1524.276 1525.844 1527.412 1528.98 1530.437 1531.838 1533.24 1534.642 1536.043 1537.445 1538.847 1540.248 1541.65 1542.876 1544.001 1545.126 1546.251 1547.318 1547.945 1548.572 1549.199 1549.826 1550.089 1550.107 1550.125 1550.143 1550.153 1550.059 1549.966 1549.873 1549.78 1550.121 1550.803 1551.485 1552.167 1552.902 1554.838 1556.774 1558.709 1560.645 1563.705 1567.782 1571.86 1575.937 1580.008 1583.145 1586.282 1589.419
1506.973 1507.948 1509.081 1510.214 1511.347 1512.47 1513.56 1514.65 1515.74 1516.83 1518.015 1519.239 1520.464 1521.688 1522.972 1524.513 1526.054 1527.594 1529.135 1530.598 1532.021 1533.444 1534.867 1536.291 1537.714 1539.137 1540.561 1541.984 1543.242 1544.405 1545.568 1546.73 1547.835 1548.494 1549.154 1549.813 1550.472 1550.784 1550.862 1550.939 1551.016 1551.091 1551.133 1551.175 1551.217 1551.259 1551.717 1552.502 1553.286 1554.07 1554.912 1557.015 1559.118 1561.221 1563.324 1566.382 1570.302 1574.223 1578.144 1582.057 1584.989 1587.921 1590.853
1507.747 1508.722 1509.844 1510.966 1512.088 1513.191 1514.227 1515.262 1516.298 1517.334 1518.469 1519.645 1520.82 1521.996 1523.235 1524.749 1526.263 1527.777 1529.291 1530.759 1532.204 1533.648 1535.093 1536.538 1537.983 1539.428 1540.873 1542.318 1543.608 1544.808 1546.009 1547.209 1548.351 1549.043 1549.735 1550.427 1551.118 1551.479 1551.616 1551.753 1551.89 1552.03 1552.207 1552.384 1552.561 1552.738 1553.313 1554.2 1555.087 1555.974 1556.921 1559.192 1561.462 1563.733 1566.003 1569.058 1572.822 1576.586 1580.35 1584.107 1586.833 1589.559 1592.286
1508.522 1509.495 1510.606 1511.718 1512.829 1513.911 1514.893 1515.875 1516.857 1517.838 1518.923 1520.05 1521.177 1522.304 1523.499 1524.986 1526.473 1527.959 1529.446 1530.92 1532.386 1533.853 1535.319 1536.786 1538.252 1539.719 1541.185 1542.652 1543.974 1545.212 1546.45 1547.689 1548.868 1549.592 1550.316 1551.04 1551.764 1552.173 1552.37 1552.566 1552.763 1552.968 1553.28 1553.592 1553.904 1554.217 1554.909 1555.899 1556.888 1557.878 1558.93 1561.369 1563.807 1566.245 1568.683 1571.735 1575.342 1578.949 1582.557 1586.156 1588.677 1591.198 1593.719
1508.958 1509.961 1511.087 1512.212 1513.338 1514.43 1515.408 1516.386 1517.364 1518.342 1519.431 1520.566 1521.7 1522.835 1524.029 1525.476 1526.923 1528.371 1529.818 1531.268 1532.718 1534.169 1535.619 1537.073 1538.546 1540.018 1541.49 1542.963 1544.285 1545.521 1546.756 1547.992 1549.173 1549.939 1550.705 1551.471 1552.237 1552.708 1552.979 1553.251 1553.522 1553.804 1554.207 1554.611 1555.014 1555.417 1556.176 1557.212 1558.248 1559.284 1560.379 1562.781 1565.183 1567.585 1569.987 1572.894 1576.256 1579.619 1582.982 1586.337 1588.672 1591.006 1593.341
1509.15 1510.205 1511.363 1512.521 1513.679 1514.804 1515.814 1516.825 1517.835 1518.845 1519.978 1521.161 1522.345 1523.528 1524.752 1526.151 1527.55 1528.948 1530.347 1531.751 1533.159 1534.566 1535.973 1537.39 1538.857 1540.324 1541.791 1543.258 1544.558 1545.761 1546.964 1548.167 1549.325 1550.14 1550.954 1551.769 1552.584 1553.126 1553.484 1553.841 1554.199 1554.566 1555.028 1555.491 1555.954 1556.417 1557.204 1558.246 1559.287 1560.329 1561.421 1563.639 1565.858 1568.076 1570.294 1572.952 1576.006 1579.061 1582.116 1585.164 1587.326 1589.487 1591.649
1509.342 1510.449 1511.639 1512.83 1514.02 1515.177 1516.22 1517.263 1518.306 1519.348 1520.525 1521.757 1522.989 1524.221 1525.475 1526.826 1528.176 1529.526 1530.876 1532.235 1533.599 1534.963 1536.327 1537.706 1539.168 1540.63 1542.091 1543.553 1544.83 1546.001 1547.172 1548.342 1549.477 1550.341 1551.204 1552.067 1552.93 1553.543 1553.988 1554.432 1554.877 1555.327 1555.849 1556.372 1556.894 1557.416 1558.233 1559.28 1560.327 1561.373 1562.463 1564.497 1566.532 1568.567 1570.601 1573.01 1575.756 1578.503 1581.25 1583.991 1585.98 1587.968 1589.957
1509.534 1510.693 1511.915 1513.138 1514.361 1515.551 1516.626 1517.701 1518.776 1519.852 1521.072 1522.353 1523.633 1524.914 1526.199 1527.5 1528.802 1530.103 1531.405 1532.719 1534.04 1535.361 1536.682 1538.023 1539.479 1540.935 1542.392 1543.848 1545.103 1546.241 1547.379 1548.517 1549.629 1550.541 1551.453 1552.365 1553.277 1553.961 1554.492 1555.023 1555.554 1556.089 1556.671 1557.252 1557.834 1558.416 1559.261 1560.314 1561.366 1562.418 1563.505 1565.356 1567.207 1569.057 1570.908 1573.068 1575.506 1577.945 1580.384 1582.818 1584.634 1586.449 1588.265
1509.711 1510.923 1512.179 1513.435 1514.691 1515.914 1517.022 1518.13 1519.238 1520.346 1521.609 1522.937 1524.265 1525.593 1526.908 1528.164 1529.42 1530.676 1531.932 1533.205 1534.485 1535.765 1537.045 1538.351 1539.801 1541.251 1542.701 1544.151 1545.383 1546.489 1547.594 1548.699 1549.787 1550.744 1551.701 1552.658 1553.615 1554.367 1554.981 1555.595 1556.209 1556.825 1557.463 1558.1 1558.738 1559.376 1560.247 1561.299 1562.351 1563.404 1564.482 1566.149 1567.815 1569.482 1571.148 1573.06 1575.195 1577.33 1579.465 1581.596 1583.236 1584.875 1586.515
1509.425 1510.698 1512.014 1513.329 1514.645 1515.925 1517.081 1518.238 1519.395 1520.552 1521.829 1523.157 1524.485 1525.813 1527.14 1528.461 1529.782 1531.103 1532.424 1533.746 1535.07 1536.393 1537.716 1539.055 1540.478 1541.901 1543.324 1544.747 1545.939 1546.995 1548.052 1549.109 1550.145 1551.026 1551.907 1552.789 1553.67 1554.372 1554.954 1555.535 1556.117 1556.698 1557.282 1557.866 1558.45 1559.034 1559.78 1560.654 1561.528 1562.402 1563.302 1564.763 1566.224 1567.685 1569.146 1570.873 1572.84 1574.807 1576.774 1578.737 1580.101 1581.465 1582.829
1509.138 1510.474 1511.849 1513.224 1514.598 1515.935 1517.141 1518.346 1519.552 1520.757 1522.049 1523.377 1524.705 1526.033 1527.372 1528.758 1530.143 1531.529 1532.915 1534.288 1535.655 1537.021 1538.388 1539.759 1541.155 1542.551 1543.947 1545.343 1546.494 1547.502 1548.51 1549.518 1550.502 1551.308 1552.114 1552.919 1553.725 1554.377 1554.926 1555.475 1556.024 1556.572 1557.102 1557.631 1558.161 1558.691 1559.314 1560.01 1560.705 1561.401 1562.121 1563.376 1564.632 1565.888 1567.143 1568.685 1570.484 1572.284 1574.084 1575.878 1576.967 1578.055 1579.144
1508.851 1510.249 1511.684 1513.118 1514.552 1515.946 1517.2 1518.454 1519.708 1520.962 1522.269 1523.597 1524.925 1526.253 1527.604 1529.054 1530.505 1531.956 1533.406 1534.83 1536.24 1537.649 1539.059 1540.463 1541.832 1543.201 1544.57 1545.939 1547.049 1548.008 1548.968 1549.927 1550.86 1551.59 1552.32 1553.05 1553.78 1554.382 1554.899 1555.416 1555.932 1556.446 1556.921 1557.397 1557.873 1558.349 1558.848 1559.365 1559.882 1560.399 1560.94 1561.99 1563.04 1564.091 1565.141 1566.497 1568.129 1569.761 1571.393 1573.02 1573.832 1574.645 1575.458
1508.564 1510.025 1511.519 1513.012 1514.506 1515.957 1517.26 1518.562 1519.865 1521.168 1522.488 1523.816 1525.144 1526.472 1527.836 1529.351 1530.867 1532.382 1533.898 1535.371 1536.824 1538.277 1539.73 1541.167 1542.509 1543.851 1545.193 1546.535 1547.604 1548.515 1549.426 1550.336 1551.218 1551.872 1552.526 1553.18 1553.835 1554.387 1554.872 1555.356 1555.84 1556.319 1556.741 1557.163 1557.584 1558.006 1558.381 1558.72 1559.059 1559.398 1559.759 1560.604 1561.449 1562.294 1563.139 1564.309 1565.774 1567.238 1568.703 1570.161 1570.698 1571.235 1571.772
1508.061 1509.542 1511.061 1512.581 1514.101 1515.584 1516.943 1518.302 1519.661 1521.021 1522.385 1523.752 1525.119 1526.485 1527.9 1529.519 1531.138 1532.757 1534.376 1535.915 1537.414 1538.912 1540.411 1541.877 1543.159 1544.44 1545.722 1547.003 1548.01 1548.856 1549.703 1550.549 1551.366 1551.955 1552.544 1553.133 1553.722 1554.228 1554.677 1555.126 1555.575 1556.015 1556.344 1556.672 1557.001 1557.33 1557.572 1557.745 1557.919 1558.093 1558.287 1558.955 1559.623 1560.291 1560.959 1561.944 1563.215 1564.487 1565.758 1567.022 1567.375 1567.727 1568.079
1507.321 1508.777 1510.286 1511.794 1513.303 1514.793 1516.217 1517.641 1519.065 1520.489 1521.929 1523.377 1524.825 1526.273 1527.78 1529.545 1531.31 1533.075 1534.841 1536.46 1538.008 1539.555 1541.102 1542.595 1543.779 1544.964 1546.148 1547.332 1548.251 1549.017 1549.782 1550.548 1551.287 1551.822 1552.357 1552.891 1553.426 1553.887 1554.299 1554.71 1555.122 1555.516 1555.709 1555.903 1556.097 1556.291 1556.388 1556.41 1556.433 1556.455 1556.499 1557.021 1557.543 1558.065 1558.587 1559.386 1560.436 1561.485 1562.535 1563.579 1563.845 1564.11 1564.376
1506.581 1508.012 1509.51 1511.008 1512.506 1514.002 1515.491 1516.979 1518.468 1519.957 1521.474 1523.003 1524.532 1526.061 1527.661 1529.572 1531.483 1533.394 1535.305 1537.005 1538.601 1540.198 1541.794 1543.313 1544.4 1545.487 1546.574 1547.661 1548.493 1549.177 1549.862 1550.546 1551.207 1551.688 1552.169 1552.65 1553.131 1553.547 1553.921 1554.295 1554.668 1555.017 1555.075 1555.134 1555.193 1555.251 1555.205 1555.076 1554.946 1554.817 1554.71 1555.086 1555.462 1555.839 1556.215 1556.828 1557.656 1558.484 1559.313 1560.136 1560.315 1560.494 1560.673
1505.84 1507.247 1508.734 1510.221 1511.709 1513.211 1514.764 1516.318 1517.871 1519.425 1521.018 1522.628 1524.238 1525.848 1527.542 1529.599 1531.656 1533.713 1535.769 1537.551 1539.195 1540.84 1542.485 1544.031 1545.02 1546.01 1547.0 1547.989 1548.734 1549.338 1549.941 1550.545 1551.128 1551.555 1551.981 1552.408 1552.835 1553.208 1553.543 1553.879 1554.215 1554.518 1554.441 1554.365 1554.288 1554.212 1554.021 1553.741 1553.46 1553.18 1552.921 1553.152 1553.382 1553.612 1553.843 1554.27 1554.877 1555.483 1556.09 1556.693 1556.785 1556.878 1556.971
1505.1 1506.482 1507.959 1509.435 1510.911 1512.419 1514.038 1515.656 1517.275 1518.893 1520.563 1522.254 1523.945 1525.636 1527.423 1529.625 1531.828 1534.031 1536.234 1538.096 1539.789 1541.483 1543.176 1544.748 1545.641 1546.533 1547.426 1548.318 1548.976 1549.499 1550.021 1550.543 1551.048 1551.421 1551.794 1552.167 1552.539 1552.867 1553.165 1553.463 1553.761 1554.019 1553.807 1553.596 1553.384 1553.172 1552.837 1552.406 1551.974 1551.542 1551.133 1551.217 1551.302 1551.386 1551.47 1551.712 1552.097 1552.482 1552.867 1553.25 1553.256 1553.262 1553.268
