data/zism_data/01184_01_D.txt
ncols         224
nrows         224
[rows 84 to 111 of 224, columns 64 to 127 of 224]
3699.0 3699.0 3699.0 3699.0 3699.0 3699.0 3699.0 3699.0 3698.985 3698.922 3698.858 3698.795 3698.731 3698.624 3698.497 3698.37 3698.243 3698.153 3698.257 3698.362 3698.467 3698.572 3698.879 3699.31 3699.74 3700.17 3700.527 3700.116 3699.705 3699.294 3698.883 3698.227 3697.371 3696.515 3695.659 3694.798 3693.592 3692.386 3691.181 3689.975 3688.749 3687.499 3686.25 3685.001 3683.752 3682.726 3681.713 3680.701 3679.689 3679.125 3679.219 3679.312 3679.406 3679.499 3679.839 3680.217 3680.594 3680.971 3681.097 3680.72 3680.342 3679.965 3679.588 3679.426
3699.0 3699.0 3699.0 3699.0 3699.0 3699.0 3699.0 3699.0 3698.983 3698.911 3698.839 3698.766 3698.694 3698.57 3698.425 3698.279 3698.133 3698.01 3698.007 3698.004 3698.001 3697.998 3698.129 3698.341 3698.553 3698.766 3698.921 3698.477 3698.033 3697.59 3697.146 3696.581 3695.916 3695.251 3694.586 3693.914 3692.739 3691.563 3690.388 3689.212 3688.002 3686.754 3685.505 3684.257 3683.009 3681.898 3680.795 3679.692 3678.59 3677.962 3678.029 3678.095 3678.162 3678.229 3678.552 3678.914 3679.275 3679.637 3679.757 3679.395 3679.032 3678.67 3678.308 3678.114
3699.0 3699.0 3699.0 3699.0 3699.0 3699.0 3699.0 3699.0 3698.987 3698.931 3698.875 3698.818 3698.762 3698.655 3698.525 3698.396 3698.266 3698.15 3698.104 3698.057 3698.011 3697.965 3698.01 3698.109 3698.208 3698.307 3698.356 3697.875 3697.393 3696.912 3696.431 3695.822 3695.108 3694.395 3693.682 3692.962 3691.792 3690.622 3689.452 3688.282 3687.08 3685.842 3684.604 3683.367 3682.129 3681.013 3679.906 3678.798 3677.689 3677.021 3676.997 3676.972 3676.947 3676.923 3677.164 3677.444 3677.725 3678.006 3678.096 3677.803 3677.511 3677.219 3676.926 3676.699
3699.0 3699.0 3699.0 3699.0 3699.0 3699.0 3699.0 3699.0 3698.991 3698.951 3698.911 3698.871 3698.831 3698.74 3698.626 3698.512 3698.399 3698.289 3698.2 3698.111 3698.022 3697.932 3697.89 3697.876 3697.863 3697.849 3697.791 3697.272 3696.753 3696.234 3695.715 3695.063 3694.301 3693.539 3692.777 3692.01 3690.845 3689.68 3688.516 3687.351 3686.157 3684.93 3683.703 3682.476 3681.25 3680.129 3679.016 3677.903 3676.789 3676.081 3675.965 3675.848 3675.732 3675.616 3675.775 3675.975 3676.175 3676.375 3676.434 3676.212 3675.99 3675.767 3675.545 3675.285
3699.0 3699.0 3699.0 3699.0 3699.0 3699.0 3699.0 3699.0 3698.994 3698.97 3698.947 3698.923 3698.899 3698.824 3698.727 3698.629 3698.532 3698.429 3698.297 3698.165 3698.032 3697.9 3697.771 3697.644 3697.517 3697.39 3697.226 3696.669 3696.113 3695.556 3695.0 3694.303 3693.493 3692.683 3691.873 3691.058 3689.898 3688.739 3687.58 3686.421 3685.234 3684.018 3682.802 3681.586 3680.37 3679.245 3678.127 3677.008 3675.889 3675.14 3674.932 3674.725 3674.517 3674.31 3674.386 3674.506 3674.625 3674.744 3674.773 3674.621 3674.468 3674.316 3674.163 3673.87
3699.0 3699.0 3699.0 3699.0 3699.0 3699.0 3699.0 3699.0 3698.998 3698.99 3698.983 3698.975 3698.967 3698.908 3698.827 3698.746 3698.665 3698.569 3698.393 3698.218 3698.043 3697.867 3697.652 3697.412 3697.172 3696.932 3696.661 3696.067 3695.473 3694.878 3694.284 3693.544 3692.686 3691.827 3690.968 3690.105 3688.952 3687.798 3686.644 3685.49 3684.312 3683.106 3681.901 3680.696 3679.49 3678.361 3677.237 3676.113 3674.989 3674.199 3673.9 3673.601 3673.302 3673.003 3672.997 3673.036 3673.075 3673.113 3673.112 3673.029 3672.947 3672.864 3672.782 3672.456
3699.0 3699.0 3699.0 3699.0 3699.006 3699.015 3699.023 3699.032 3699.041 3699.052 3699.063 3699.074 3699.086 3699.036 3698.96 3698.884 3698.807 3698.714 3698.532 3698.35 3698.168 3697.987 3697.735 3697.441 3697.147 3696.853 3696.528 3695.876 3695.225 3694.573 3693.921 3693.126 3692.213 3691.301 3690.388 3689.472 3688.315 3687.158 3686.001 3684.844 3683.648 3682.408 3681.169 3679.929 3678.69 3677.535 3676.386 3675.237 3674.088 3673.25 3672.867 3672.485 3672.103 3671.721 3671.644 3671.613 3671.582 3671.551 3671.516 3671.473 3671.429 3671.386 3671.343 3670.993
3699.0 3699.0 3699.0 3699.0 3699.019 3699.043 3699.068 3699.093 3699.119 3699.152 3699.185 3699.217 3699.25 3699.203 3699.122 3699.04 3698.958 3698.865 3698.71 3698.555 3698.4 3698.245 3698.003 3697.709 3697.415 3697.121 3696.79 3696.063 3695.336 3694.609 3693.882 3693.02 3692.048 3691.076 3690.104 3689.13 3687.962 3686.794 3685.627 3684.459 3683.221 3681.906 3680.591 3679.276 3677.962 3676.762 3675.57 3674.378 3673.186 3672.291 3671.834 3671.376 3670.918 3670.461 3670.323 3670.233 3670.143 3670.052 3669.982 3669.949 3669.917 3669.884 3669.851 3669.487
3699.0 3699.0 3699.0 3699.0 3699.031 3699.072 3699.113 3699.153 3699.197 3699.251 3699.306 3699.36 3699.415 3699.37 3699.283 3699.196 3699.109 3699.016 3698.888 3698.76 3698.631 3698.503 3698.272 3697.978 3697.684 3697.39 3697.052 3696.25 3695.447 3694.645 3693.843 3692.914 3691.883 3690.852 3689.821 3688.788 3687.609 3686.431 3685.252 3684.074 3682.794 3681.404 3680.014 3678.624 3677.233 3675.989 3674.754 3673.519 3672.283 3671.333 3670.8 3670.267 3669.734 3669.201 3669.002 3668.852 3668.703 3668.554 3668.447 3668.425 3668.403 3668.382 3668.36 3667.98
3699.0 3699.0 3699.0 3699.0 3699.044 3699.101 3699.157 3699.214 3699.275 3699.351 3699.427 3699.503 3699.579 3699.538 3699.445 3699.353 3699.26 3699.167 3699.065 3698.964 3698.863 3698.762 3698.541 3698.247 3697.953 3697.658 3697.314 3696.436 3695.558 3694.681 3693.803 3692.808 3691.718 3690.628 3689.537 3688.446 3687.257 3686.067 3684.878 3683.689 3682.368 3680.902 3679.437 3677.971 3676.505 3675.216 3673.938 3672.659 3671.381 3670.375 3669.766 3669.158 3668.55 3667.941 3667.681 3667.472 3667.263 3667.055 3666.912 3666.901 3666.89 3666.879 3666.868 3666.473
3699.0 3699.0 3699.0 3699.0 3699.056 3699.129 3699.202 3699.275 3699.354 3699.451 3699.549 3699.646 3699.743 3699.705 3699.607 3699.509 3699.411 3699.317 3699.243 3699.169 3699.094 3699.02 3698.809 3698.515 3698.221 3697.927 3697.576 3696.623 3695.67 3694.717 3693.764 3692.702 3691.553 3690.404 3689.254 3688.104 3686.904 3685.704 3684.504 3683.304 3681.941 3680.4 3678.859 3677.318 3675.777 3674.443 3673.122 3671.8 3670.479 3669.416 3668.732 3668.049 3667.365 3666.681 3666.359 3666.092 3665.824 3665.556 3665.378 3665.377 3665.377 3665.377 3665.376 3664.967
3699.061 3699.108 3699.156 3699.202 3699.258 3699.316 3699.373 3699.431 3699.493 3699.571 3699.648 3699.725 3699.802 3699.772 3699.695 3699.617 3699.54 3699.466 3699.408 3699.351 3699.293 3699.235 3699.03 3698.736 3698.442 3698.148 3697.804 3696.927 3696.05 3695.173 3694.296 3693.231 3692.012 3690.793 3689.573 3688.354 3687.096 3685.838 3684.581 3683.323 3681.914 3680.339 3678.765 3677.19 3675.616 3674.249 3672.895 3671.541 3670.187 3669.036 3668.183 3667.33 3666.477 3665.624 3665.137 3664.706 3664.274 3663.843 3663.54 3663.492 3663.445 3663.398 3663.351 3662.994
3699.125 3699.22 3699.315 3699.411 3699.465 3699.507 3699.548 3699.59 3699.635 3699.69 3699.746 3699.802 3699.857 3699.835 3699.78 3699.724 3699.669 3699.615 3699.574 3699.532 3699.49 3699.449 3699.25 3698.956 3698.662 3698.368 3698.031 3697.234 3696.438 3695.642 3694.846 3693.778 3692.489 3691.2 3689.911 3688.622 3687.305 3685.988 3684.671 3683.354 3681.898 3680.291 3678.685 3677.078 3675.471 3674.072 3672.686 3671.299 3669.913 3668.673 3667.648 3666.623 3665.597 3664.572 3663.918 3663.319 3662.721 3662.123 3661.692 3661.597 3661.501 3661.406 3661.31 3661.008
3699.188 3699.332 3699.476 3699.619 3699.672 3699.698 3699.723 3699.749 3699.776 3699.811 3699.844 3699.878 3699.913 3699.899 3699.865 3699.831 3699.797 3699.764 3699.739 3699.713 3699.688 3699.662 3699.47 3699.176 3698.882 3698.588 3698.257 3697.542 3696.826 3696.111 3695.396 3694.326 3692.967 3691.608 3690.249 3688.889 3687.513 3686.137 3684.761 3683.385 3681.883 3680.244 3678.604 3676.966 3675.326 3673.895 3672.477 3671.058 3669.639 3668.31 3667.113 3665.915 3664.718 3663.52 3662.698 3661.933 3661.168 3660.403 3659.845 3659.701 3659.557 3659.413 3659.269 3659.021
3699.251 3699.443 3699.636 3699.828 3699.88 3699.889 3699.898 3699.908 3699.918 3699.93 3699.943 3699.955 3699.968 3699.963 3699.95 3699.938 3699.926 3699.914 3699.904 3699.895 3699.885 3699.876 3699.689 3699.396 3699.102 3698.808 3698.484 3697.849 3697.215 3696.58 3695.945 3694.873 3693.444 3692.015 3690.586 3689.157 3687.722 3686.286 3684.851 3683.416 3681.867 3680.196 3678.524 3676.853 3675.182 3673.718 3672.267 3670.816 3669.365 3667.948 3666.578 3665.208 3663.838 3662.468 3661.479 3660.547 3659.615 3658.683 3657.997 3657.805 3657.613 3657.42 3657.228 3657.034
3699.339 3699.543 3699.748 3699.953 3700.0 3700.0 3700.0 3700.0 3700.002 3700.011 3700.02 3700.029 3700.038 3700.035 3700.026 3700.017 3700.008 3700.0 3700.0 3700.0 3700.0 3700.0 3699.814 3699.515 3699.217 3698.918 3698.593 3697.982 3697.372 3696.761 3696.151 3695.075 3693.619 3692.163 3690.707 3689.251 3687.795 3686.339 3684.882 3683.426 3681.858 3680.168 3678.478 3676.788 3675.098 3673.615 3672.146 3670.676 3669.207 3667.726 3666.229 3664.732 3663.235 3661.739 3660.602 3659.519 3658.436 3657.353 3656.534 3656.243 3655.953 3655.662 3655.371 3655.181
3699.46 3699.627 3699.794 3699.961 3700.0 3700.0 3700.0 3700.0 3700.007 3700.038 3700.068 3700.099 3700.129 3700.117 3700.087 3700.056 3700.026 3700.0 3700.0 3700.0 3700.0 3700.0 3699.807 3699.498 3699.189 3698.88 3698.539 3697.875 3697.211 3696.547 3695.882 3694.8 3693.376 3691.952 3690.529 3689.105 3687.681 3686.257 3684.833 3683.409 3681.858 3680.168 3678.478 3676.788 3675.098 3673.615 3672.146 3670.676 3669.207 3667.7 3666.138 3664.577 3663.015 3661.454 3660.196 3658.984 3657.772 3656.56 3655.599 3655.142 3654.684 3654.227 3653.769 3653.511
3699.582 3699.711 3699.841 3699.97 3700.0 3700.0 3700.0 3700.0 3700.012 3700.064 3700.116 3700.168 3700.22 3700.2 3700.148 3700.096 3700.044 3700.0 3700.0 3700.0 3700.0 3700.0 3699.801 3699.48 3699.161 3698.841 3698.486 3697.768 3697.05 3696.332 3695.614 3694.525 3693.133 3691.742 3690.35 3688.959 3687.567 3686.176 3684.784 3683.393 3681.858 3680.168 3678.478 3676.788 3675.098 3673.615 3672.146 3670.676 3669.207 3667.674 3666.048 3664.422 3662.795 3661.169 3659.791 3658.449 3657.108 3655.767 3654.665 3654.04 3653.416 3652.792 3652.167 3651.841
3699.704 3699.796 3699.887 3699.979 3700.0 3700.0 3700.0 3700.0 3700.017 3700.091 3700.164 3700.238 3700.312 3700.283 3700.209 3700.135 3700.062 3700.0 3700.0 3700.0 3700.0 3700.0 3699.794 3699.463 3699.132 3698.802 3698.432 3697.66 3696.889 3696.117 3695.345 3694.25 3692.89 3691.531 3690.172 3688.813 3687.453 3686.094 3684.735 3683.376 3681.858 3680.168 3678.478 3676.788 3675.098 3673.615 3672.146 3670.676 3669.207 3667.647 3665.957 3664.266 3662.575 3660.885 3659.385 3657.915 3656.445 3654.974 3653.73 3652.939 3652.148 3651.356 3650.565 3650.17
3699.826 3699.88 3699.934 3699.988 3700.0 3700.0 3700.0 3700.0 3700.022 3700.117 3700.212 3700.308 3700.403 3700.365 3700.27 3700.175 3700.08 3700.0 3700.0 3700.0 3700.0 3700.0 3699.787 3699.446 3699.104 3698.762 3698.379 3697.553 3696.728 3695.902 3695.076 3693.974 3692.647 3691.32 3689.993 3688.667 3687.34 3686.013 3684.686 3683.359 3681.858 3680.168 3678.478 3676.788 3675.098 3673.615 3672.146 3670.676 3669.207 3667.621 3665.866 3664.111 3662.355 3660.6 3658.98 3657.381 3655.781 3654.181 3652.795 3651.837 3650.879 3649.921 3648.963 3648.5
3699.972 3700.04 3700.108 3700.175 3700.191 3700.191 3700.191 3700.191 3700.209 3700.289 3700.368 3700.447 3700.526 3700.476 3700.369 3700.261 3700.154 3700.062 3700.047 3700.033 3700.019 3700.005 3699.778 3699.421 3699.063 3698.707 3698.305 3697.43 3696.555 3695.68 3694.805 3693.702 3692.412 3691.122 3689.832 3688.542 3687.242 3685.943 3684.644 3683.344 3681.858 3680.168 3678.478 3676.788 3675.098 3673.615 3672.146 3670.676 3669.207 3667.618 3665.854 3664.09 3662.327 3660.563 3658.854 3657.153 3655.452 3653.752 3652.276 3651.249 3650.223 3649.196 3648.169 3647.609
3700.122 3700.212 3700.301 3700.39 3700.411 3700.411 3700.411 3700.411 3700.424 3700.482 3700.54 3700.597 3700.655 3700.591 3700.472 3700.354 3700.236 3700.132 3700.102 3700.072 3700.042 3700.011 3699.768 3699.394 3699.021 3698.648 3698.227 3697.304 3696.38 3695.457 3694.534 3693.429 3692.177 3690.925 3689.673 3688.42 3687.148 3685.875 3684.603 3683.33 3681.858 3680.168 3678.478 3676.788 3675.098 3673.615 3672.146 3670.676 3669.207 3667.618 3665.854 3664.09 3662.327 3660.563 3658.77 3656.972 3655.175 3653.377 3651.818 3650.738 3649.657 3648.577 3647.497 3646.836
3700.272 3700.383 3700.494 3700.605 3700.631 3700.631 3700.631 3700.631 3700.639 3700.675 3700.711 3700.748 3700.784 3700.705 3700.576 3700.447 3700.318 3700.203 3700.156 3700.11 3700.064 3700.017 3699.757 3699.368 3698.979 3698.59 3698.15 3697.178 3696.206 3695.234 3694.262 3693.157 3691.942 3690.728 3689.513 3688.298 3687.053 3685.807 3684.562 3683.316 3681.858 3680.168 3678.478 3676.788 3675.098 3673.615 3672.146 3670.676 3669.207 3667.618 3665.854 3664.09 3662.327 3660.563 3658.686 3656.791 3654.896 3653.002 3651.361 3650.227 3649.093 3647.958 3646.824 3646.062
3700.423 3700.555 3700.687 3700.82 3700.85 3700.85 3700.85 3700.85 3700.854 3700.868 3700.883 3700.898 3700.912 3700.82 3700.68 3700.54 3700.401 3700.273 3700.211 3700.148 3700.086 3700.023 3699.747 3699.342 3698.937 3698.531 3698.072 3697.052 3696.032 3695.011 3693.991 3692.885 3691.708 3690.531 3689.354 3688.177 3686.958 3685.74 3684.521 3683.302 3681.858 3680.168 3678.478 3676.788 3675.098 3673.615 3672.146 3670.676 3669.207 3667.618 3665.854 3664.09 3662.327 3660.563 3658.601 3656.61 3654.618 3652.627 3650.903 3649.715 3648.527 3647.339 3646.151 3645.288
3700.558 3700.695 3700.832 3700.968 3701.0 3701.0 3701.0 3701.0 3701.0 3701.0 3701.0 3701.0 3701.0 3700.905 3700.768 3700.632 3700.495 3700.367 3700.283 3700.199 3700.115 3700.031 3699.752 3699.355 3698.957 3698.56 3698.107 3697.076 3696.045 3695.014 3693.983 3692.874 3691.7 3690.527 3689.354 3688.179 3686.96 3685.741 3684.522 3683.302 3681.858 3680.168 3678.478 3676.788 3675.098 3673.615 3672.146 3670.676 3669.207 3667.624 3665.876 3664.128 3662.379 3660.631 3658.641 3656.614 3654.588 3652.561 3650.794 3649.548 3648.301 3647.053 3645.807 3644.836
3700.663 3700.767 3700.871 3700.976 3701.0 3701.0 3701.0 3701.0 3701.0 3701.0 3701.0 3701.0 3701.0 3700.927 3700.823 3700.719 3700.614 3700.508 3700.392 3700.276 3700.16 3700.044 3699.789 3699.451 3699.113 3698.774 3698.382 3697.421 3696.46 3695.499 3694.538 3693.421 3692.178 3690.934 3689.691 3688.447 3687.169 3685.89 3684.612 3683.333 3681.858 3680.168 3678.478 3676.788 3675.098 3673.615 3672.146 3670.676 3669.207 3667.644 3665.944 3664.244 3662.544 3660.844 3658.945 3657.015 3655.085 3653.156 3651.43 3650.114 3648.796 3647.479 3646.163 3645.071
3700.767 3700.839 3700.911 3700.983 3701.0 3701.0 3701.0 3701.0 3701.0 3701.0 3701.0 3701.0 3701.0 3700.95 3700.878 3700.806 3700.734 3700.649 3700.501 3700.353 3700.204 3700.056 3699.826 3699.547 3699.268 3698.989 3698.656 3697.765 3696.874 3695.983 3695.092 3693.969 3692.655 3691.342 3690.029 3688.715 3687.377 3686.04 3684.702 3683.364 3681.858 3680.168 3678.478 3676.788 3675.098 3673.615 3672.146 3670.676 3669.207 3667.663 3666.012 3664.361 3662.709 3661.058 3659.249 3657.416 3655.583 3653.75 3652.066 3650.679 3649.292 3647.906 3646.519 3645.305
3700.871 3700.911 3700.951 3700.991 3701.0 3701.0 3701.0 3701.0 3701.0 3701.0 3701.0 3701.0 3701.0 3700.972 3700.933 3700.893 3700.853 3700.791 3700.61 3700.429 3700.249 3700.068 3699.863 3699.643 3699.423 3699.203 3698.931 3698.11 3697.289 3696.468 3695.647 3694.516 3693.133 3691.75 3690.366 3688.982 3687.586 3686.189 3684.792 3683.395 3681.858 3680.168 3678.478 3676.788 3675.098 3673.615 3672.146 3670.676 3669.207 3667.683 3666.08 3664.477 3662.874 3661.271 3659.553 3657.817 3656.081 3654.345 3652.702 3651.245 3649.788 3648.332 3646.875 3645.54
