data/zism_data/01183_03_D.txt
ncols         224
nrows         224
[rows 0 to 27 of 224, columns 63 to 125 of 224]
1706.925 1710.38 1713.834 1717.289 1720.833 1724.615 1728.396 1732.177 1735.959 1740.344 1744.959 1749.573 1754.188 1758.774 1763.222 1767.67 1772.118 1776.567 1780.8 1784.904 1789.007 1793.111 1797.113 1799.823 1802.534 1805.244 1807.954 1810.699 1813.477 1816.254 1819.032 1821.809 1824.26 1826.702 1829.144 1831.585 1833.782 1835.639 1837.497 1839.354 1841.212 1841.355 1841.241 1841.127 1841.013 1838.989 1832.883 1826.777 1820.671 1814.566 1809.853 1805.562 1801.27 1796.979 1793.126 1790.854 1788.582 1786.309 1784.037 1781.847 1779.698 1777.55 1775.401
1706.899 1710.22 1713.542 1716.863 1720.314 1724.107 1727.9 1731.693 1735.486 1739.849 1744.43 1749.01 1753.59 1758.128 1762.46 1766.793 1771.126 1775.459 1779.603 1783.634 1787.665 1791.696 1795.634 1798.39 1801.146 1803.902 1806.659 1809.41 1812.156 1814.903 1817.65 1820.396 1822.908 1825.412 1827.916 1830.42 1832.719 1834.733 1836.748 1838.762 1840.777 1841.197 1841.378 1841.559 1841.741 1839.975 1834.052 1828.128 1822.205 1816.281 1811.488 1807.035 1802.583 1798.131 1794.146 1791.846 1789.546 1787.245 1784.945 1782.802 1780.737 1778.672 1776.608
1706.256 1709.476 1712.695 1715.915 1719.314 1723.188 1727.061 1730.934 1734.807 1739.158 1743.69 1748.222 1752.755 1757.225 1761.403 1765.581 1769.759 1773.937 1777.939 1781.837 1785.734 1789.631 1793.45 1796.271 1799.091 1801.911 1804.731 1807.469 1810.13 1812.791 1815.452 1818.113 1820.674 1823.231 1825.789 1828.347 1830.712 1832.812 1834.912 1837.012 1839.112 1839.734 1840.134 1840.535 1840.935 1839.421 1833.818 1828.215 1822.612 1817.009 1812.229 1807.696 1803.164 1798.631 1794.59 1792.316 1790.042 1787.769 1785.495 1783.439 1781.492 1779.545 1777.598
1705.613 1708.731 1711.849 1714.967 1718.315 1722.269 1726.222 1730.175 1734.129 1738.467 1742.951 1747.435 1751.919 1756.323 1760.346 1764.369 1768.391 1772.414 1776.276 1780.039 1783.803 1787.567 1791.266 1794.151 1797.035 1799.92 1802.804 1805.527 1808.103 1810.678 1813.254 1815.83 1818.44 1821.051 1823.662 1826.273 1828.706 1830.891 1833.077 1835.262 1837.447 1838.271 1838.89 1839.51 1840.129 1838.867 1833.584 1828.302 1823.02 1817.737 1812.969 1808.357 1803.744 1799.131 1795.033 1792.786 1790.539 1788.292 1786.046 1784.077 1782.247 1780.418 1778.589
1704.97 1707.986 1711.003 1714.019 1717.316 1721.349 1725.383 1729.417 1733.45 1737.775 1742.211 1746.647 1751.083 1755.421 1759.288 1763.156 1767.024 1770.892 1774.612 1778.242 1781.872 1785.502 1789.083 1792.031 1794.979 1797.928 1800.876 1803.586 1806.076 1808.566 1811.056 1813.546 1816.206 1818.87 1821.535 1824.2 1826.699 1828.97 1831.241 1833.512 1835.783 1836.808 1837.646 1838.485 1839.323 1838.312 1833.35 1828.389 1823.427 1818.465 1813.71 1809.017 1804.325 1799.632 1795.477 1793.256 1791.036 1788.816 1786.596 1784.715 1783.003 1781.291 1779.579
1703.848 1706.777 1709.706 1712.635 1715.888 1719.992 1724.097 1728.201 1732.305 1736.624 1741.023 1745.423 1749.823 1754.109 1757.859 1761.608 1765.358 1769.108 1772.707 1776.216 1779.725 1783.234 1786.707 1789.72 1792.734 1795.747 1798.76 1801.465 1803.887 1806.309 1808.731 1811.152 1813.824 1816.503 1819.182 1821.861 1824.375 1826.66 1828.946 1831.231 1833.517 1834.687 1835.691 1836.695 1837.698 1836.918 1832.327 1827.736 1823.145 1818.553 1813.888 1809.2 1804.512 1799.824 1795.68 1793.494 1791.307 1789.121 1786.935 1785.149 1783.563 1781.977 1780.391
1699.929 1702.853 1705.776 1708.7 1711.953 1716.074 1720.194 1724.314 1728.435 1732.781 1737.212 1741.644 1746.076 1750.406 1754.251 1758.097 1761.943 1765.789 1769.395 1772.855 1776.316 1779.777 1783.211 1786.293 1789.376 1792.459 1795.542 1798.297 1800.75 1803.204 1805.658 1808.112 1810.577 1813.042 1815.508 1817.973 1820.194 1822.079 1823.964 1825.848 1827.733 1828.721 1829.575 1830.429 1831.283 1830.613 1826.684 1822.755 1818.827 1814.898 1810.772 1806.587 1802.401 1798.215 1794.481 1792.369 1790.257 1788.146 1786.034 1784.391 1782.981 1781.572 1780.162
1696.01 1698.928 1701.846 1704.765 1708.018 1712.155 1716.291 1720.428 1724.564 1728.938 1733.401 1737.865 1742.329 1746.702 1750.644 1754.586 1758.528 1762.47 1766.082 1769.495 1772.907 1776.32 1779.714 1782.866 1786.019 1789.171 1792.323 1795.128 1797.614 1800.1 1802.586 1805.072 1807.33 1809.581 1811.833 1814.085 1816.013 1817.497 1818.981 1820.465 1821.949 1822.755 1823.46 1824.164 1824.869 1824.307 1821.041 1817.775 1814.509 1811.243 1807.656 1803.973 1800.29 1796.607 1793.281 1791.244 1789.208 1787.171 1785.134 1783.633 1782.4 1781.167 1779.934
1692.09 1695.003 1697.916 1700.829 1704.084 1708.236 1712.388 1716.541 1720.693 1725.094 1729.59 1734.086 1738.582 1742.998 1747.036 1751.074 1755.113 1759.151 1762.769 1766.134 1769.499 1772.863 1776.218 1779.439 1782.661 1785.883 1789.104 1791.959 1794.477 1796.995 1799.513 1802.031 1804.083 1806.121 1808.158 1810.196 1811.833 1812.916 1813.999 1815.082 1816.166 1816.789 1817.344 1817.899 1818.454 1818.001 1815.398 1812.795 1810.191 1807.588 1804.541 1801.36 1798.179 1794.998 1792.082 1790.12 1788.158 1786.196 1784.234 1782.875 1781.818 1780.761 1779.705
1688.171 1691.079 1693.986 1696.894 1700.149 1704.317 1708.486 1712.654 1716.823 1721.251 1725.779 1730.307 1734.835 1739.294 1743.429 1747.563 1751.697 1755.832 1759.457 1762.773 1766.09 1769.406 1772.721 1776.012 1779.303 1782.595 1785.886 1788.79 1791.34 1793.891 1796.441 1798.991 1800.836 1802.66 1804.484 1806.308 1807.652 1808.335 1809.017 1809.699 1810.382 1810.823 1811.228 1811.634 1812.039 1811.696 1809.755 1807.814 1805.873 1803.933 1801.425 1798.746 1796.068 1793.389 1790.882 1788.995 1787.108 1785.22 1783.333 1782.117 1781.237 1780.356 1779.476
1683.6 1686.749 1689.897 1693.046 1696.492 1700.72 1704.947 1709.175 1713.403 1717.797 1722.256 1726.714 1731.172 1735.574 1739.705 1743.837 1747.969 1752.101 1755.78 1759.184 1762.588 1765.992 1769.388 1772.687 1775.986 1779.285 1782.584 1785.526 1788.138 1790.751 1793.364 1795.977 1797.709 1799.415 1801.121 1802.827 1804.004 1804.452 1804.9 1805.348 1805.796 1806.104 1806.39 1806.677 1806.963 1806.685 1805.2 1803.715 1802.231 1800.746 1798.567 1796.177 1793.788 1791.399 1789.136 1787.327 1785.518 1783.708 1781.899 1780.861 1780.21 1779.558 1778.906
1678.55 1682.121 1685.692 1689.263 1693.04 1697.358 1701.677 1705.995 1710.314 1714.629 1718.943 1723.257 1727.571 1731.84 1735.897 1739.954 1744.011 1748.068 1751.835 1755.426 1759.017 1762.609 1766.176 1769.437 1772.699 1775.961 1779.222 1782.19 1784.889 1787.587 1790.285 1792.984 1794.672 1796.329 1797.987 1799.645 1800.747 1801.083 1801.419 1801.755 1802.091 1802.3 1802.49 1802.68 1802.87 1802.624 1801.443 1800.263 1799.083 1797.903 1795.897 1793.642 1791.386 1789.131 1786.99 1785.26 1783.531 1781.802 1780.073 1779.24 1778.856 1778.471 1778.087
1673.501 1677.494 1681.487 1685.48 1689.588 1693.997 1698.406 1702.815 1707.225 1711.46 1715.63 1719.8 1723.969 1728.107 1732.089 1736.071 1740.053 1744.036 1747.891 1751.669 1755.447 1759.225 1762.963 1766.187 1769.412 1772.636 1775.86 1778.855 1781.639 1784.422 1787.206 1789.99 1791.634 1793.244 1794.853 1796.463 1797.49 1797.714 1797.938 1798.161 1798.385 1798.496 1798.59 1798.684 1798.778 1798.563 1797.687 1796.811 1795.936 1795.06 1793.228 1791.106 1788.984 1786.862 1784.843 1783.194 1781.545 1779.896 1778.247 1777.619 1777.501 1777.384 1777.267
1668.451 1672.866 1677.281 1681.697 1686.135 1690.635 1695.135 1699.636 1704.136 1708.292 1712.317 1716.343 1720.368 1724.373 1728.281 1732.188 1736.096 1740.003 1743.947 1747.912 1751.877 1755.842 1759.751 1762.938 1766.124 1769.311 1772.498 1775.519 1778.389 1781.258 1784.127 1786.997 1788.596 1790.158 1791.72 1793.281 1794.233 1794.345 1794.456 1794.568 1794.679 1794.692 1794.689 1794.687 1794.685 1794.501 1793.93 1793.359 1792.789 1792.218 1790.558 1788.57 1786.581 1784.593 1782.696 1781.127 1779.558 1777.989 1776.42 1775.997 1776.147 1776.297 1776.447
1663.418 1668.257 1673.097 1677.936 1682.707 1687.297 1691.888 1696.479 1701.07 1705.145 1709.024 1712.902 1716.781 1720.651 1724.483 1728.314 1732.145 1735.976 1740.006 1744.156 1748.307 1752.457 1756.536 1759.687 1762.838 1765.989 1769.14 1772.188 1775.142 1778.096 1781.05 1784.004 1785.561 1787.075 1788.59 1790.104 1790.983 1790.983 1790.983 1790.983 1790.983 1790.897 1790.798 1790.699 1790.601 1790.448 1790.179 1789.911 1789.643 1789.374 1787.887 1786.032 1784.177 1782.322 1780.547 1779.059 1777.57 1776.081 1774.593 1774.375 1774.792 1775.21 1775.628
1660.667 1666.18 1671.692 1677.205 1682.487 1687.163 1691.84 1696.516 1701.193 1704.942 1708.34 1711.738 1715.136 1718.558 1722.095 1725.632 1729.169 1732.707 1736.599 1740.707 1744.815 1748.923 1752.974 1756.301 1759.628 1762.956 1766.283 1769.405 1772.337 1775.27 1778.203 1781.136 1782.79 1784.406 1786.022 1787.638 1788.582 1788.598 1788.614 1788.63 1788.646 1788.428 1788.174 1787.92 1787.667 1787.417 1787.175 1786.933 1786.692 1786.45 1785.047 1783.294 1781.54 1779.787 1778.113 1776.726 1775.339 1773.952 1772.565 1772.609 1773.369 1774.128 1774.888
1657.916 1664.102 1670.288 1676.474 1682.267 1687.029 1691.791 1696.553 1701.315 1704.74 1707.657 1710.573 1713.49 1716.464 1719.707 1722.951 1726.194 1729.437 1733.193 1737.258 1741.323 1745.388 1749.412 1752.916 1756.419 1759.923 1763.427 1766.621 1769.533 1772.444 1775.355 1778.267 1780.019 1781.737 1783.454 1785.172 1786.181 1786.213 1786.246 1786.278 1786.31 1785.959 1785.55 1785.141 1784.733 1784.386 1784.171 1783.956 1783.741 1783.526 1782.207 1780.555 1778.903 1777.252 1775.679 1774.394 1773.108 1771.823 1770.537 1770.843 1771.944 1773.046 1774.148
1655.166 1662.025 1668.884 1675.743 1682.048 1686.895 1691.742 1696.59 1701.437 1704.537 1706.973 1709.409 1711.845 1714.37 1717.32 1720.269 1723.219 1726.168 1729.786 1733.808 1737.83 1741.853 1745.85 1749.53 1753.21 1756.89 1760.57 1763.838 1766.728 1769.618 1772.508 1775.398 1777.248 1779.068 1780.887 1782.706 1783.781 1783.829 1783.877 1783.925 1783.973 1783.49 1782.926 1782.362 1781.799 1781.355 1781.166 1780.978 1780.79 1780.602 1779.367 1777.817 1776.266 1774.716 1773.245 1772.061 1770.877 1769.693 1768.509 1769.077 1770.521 1771.964 1773.408
1652.415 1659.947 1667.479 1675.011 1681.828 1686.761 1691.694 1696.627 1701.56 1704.335 1706.29 1708.245 1710.2 1712.277 1714.932 1717.588 1720.243 1722.899 1726.379 1730.359 1734.338 1738.318 1742.288 1746.145 1750.001 1753.858 1757.714 1761.055 1763.924 1766.792 1769.661 1772.529 1774.478 1776.398 1778.319 1780.24 1781.38 1781.444 1781.508 1781.573 1781.637 1781.02 1780.302 1779.583 1778.865 1778.324 1778.162 1778.0 1777.839 1777.677 1776.527 1775.078 1773.63 1772.181 1770.812 1769.729 1768.646 1767.564 1766.482 1767.311 1769.097 1770.882 1772.667
1652.314 1660.08 1667.845 1675.611 1682.547 1687.301 1692.055 1696.809 1701.563 1704.015 1705.592 1707.169 1708.746 1710.49 1713.025 1715.56 1718.094 1720.629 1724.049 1728.005 1731.96 1735.916 1739.865 1743.726 1747.588 1751.45 1755.312 1758.625 1761.435 1764.245 1767.054 1769.864 1771.866 1773.844 1775.821 1777.799 1778.977 1779.053 1779.129 1779.204 1779.28 1778.569 1777.74 1776.91 1776.081 1775.461 1775.286 1775.112 1774.937 1774.763 1773.651 1772.257 1770.863 1769.469 1768.154 1767.124 1766.094 1765.064 1764.033 1765.046 1767.08 1769.114 1771.148
1655.615 1663.049 1670.484 1677.918 1684.471 1688.707 1692.943 1697.178 1701.414 1703.545 1704.876 1706.208 1707.539 1709.097 1711.734 1714.37 1717.006 1719.643 1723.101 1727.057 1731.012 1734.968 1738.901 1742.549 1746.197 1749.845 1753.493 1756.648 1759.351 1762.054 1764.757 1767.46 1769.459 1771.436 1773.414 1775.392 1776.572 1776.653 1776.734 1776.815 1776.896 1776.139 1775.257 1774.374 1773.492 1772.814 1772.576 1772.337 1772.098 1771.859 1770.729 1769.33 1767.93 1766.531 1765.209 1764.169 1763.128 1762.087 1761.046 1762.141 1764.303 1766.465 1768.627
1658.916 1666.019 1673.122 1680.225 1686.396 1690.113 1693.83 1697.548 1701.265 1703.075 1704.161 1705.246 1706.332 1707.704 1710.442 1713.18 1715.918 1718.656 1722.153 1726.108 1730.064 1734.019 1737.937 1741.371 1744.806 1748.24 1751.674 1754.671 1757.267 1759.864 1762.46 1765.056 1767.051 1769.029 1771.007 1772.984 1774.167 1774.254 1774.34 1774.426 1774.512 1773.71 1772.774 1771.838 1770.902 1770.168 1769.865 1769.562 1769.259 1768.956 1767.807 1766.402 1764.998 1763.593 1762.265 1761.213 1760.162 1759.11 1758.059 1759.235 1761.526 1763.816 1766.106
1662.217 1668.989 1675.76 1682.532 1688.32 1691.519 1694.718 1697.917 1701.116 1702.605 1703.445 1704.285 1705.124 1706.312 1709.151 1711.991 1714.83 1717.67 1721.204 1725.16 1729.115 1733.071 1736.973 1740.194 1743.414 1746.635 1749.856 1752.695 1755.184 1757.673 1760.162 1762.651 1764.644 1766.622 1768.599 1770.577 1771.762 1771.854 1771.945 1772.037 1772.129 1771.28 1770.291 1769.301 1768.312 1767.521 1767.154 1766.787 1766.42 1766.053 1764.885 1763.475 1762.065 1760.655 1759.32 1758.258 1757.196 1756.134 1755.071 1756.33 1758.748 1761.167 1763.586
1665.518 1671.958 1678.398 1684.839 1690.244 1692.925 1695.605 1698.286 1700.967 1702.135 1702.729 1703.323 1703.917 1704.919 1707.86 1710.801 1713.742 1716.683 1720.256 1724.212 1728.167 1732.122 1736.009 1739.016 1742.023 1745.03 1748.037 1750.718 1753.1 1755.483 1757.865 1760.247 1762.237 1764.214 1766.192 1768.17 1769.357 1769.454 1769.551 1769.648 1769.745 1768.851 1767.808 1766.765 1765.722 1764.874 1764.443 1764.012 1763.581 1763.15 1761.963 1760.547 1759.132 1757.717 1756.375 1755.303 1754.23 1753.157 1752.084 1753.424 1755.971 1758.518 1761.065
1669.879 1675.635 1681.392 1687.148 1691.922 1694.113 1696.303 1698.493 1700.683 1701.815 1702.543 1703.272 1704.001 1705.115 1708.06 1711.005 1713.95 1716.895 1720.302 1723.988 1727.674 1731.36 1734.982 1737.77 1740.559 1743.347 1746.136 1748.681 1751.003 1753.325 1755.646 1757.968 1759.861 1761.742 1763.622 1765.502 1766.629 1766.718 1766.806 1766.894 1766.983 1766.094 1765.057 1764.022 1762.986 1762.116 1761.602 1761.089 1760.575 1760.061 1758.901 1757.545 1756.189 1754.833 1753.52 1752.363 1751.205 1750.047 1748.889 1750.144 1752.606 1755.067 1757.529
1674.401 1679.42 1684.439 1689.458 1693.564 1695.268 1696.972 1698.676 1700.38 1701.516 1702.437 1703.358 1704.279 1705.551 1708.485 1711.419 1714.354 1717.288 1720.498 1723.874 1727.25 1730.627 1733.944 1736.514 1739.083 1741.653 1744.222 1746.635 1748.903 1751.172 1753.44 1755.708 1757.491 1759.259 1761.027 1762.795 1763.853 1763.93 1764.008 1764.086 1764.163 1763.287 1762.267 1761.247 1760.227 1759.341 1758.742 1758.143 1757.543 1756.944 1755.817 1754.531 1753.244 1751.958 1750.679 1749.425 1748.171 1746.917 1745.663 1746.807 1749.151 1751.495 1753.839
1678.922 1683.204 1687.485 1691.767 1695.205 1696.423 1697.64 1698.858 1700.076 1701.218 1702.331 1703.445 1704.558 1705.986 1708.91 1711.834 1714.757 1717.681 1720.694 1723.76 1726.826 1729.893 1732.907 1735.258 1737.608 1739.958 1742.309 1744.588 1746.803 1749.018 1751.233 1753.448 1755.12 1756.776 1758.432 1760.088 1761.076 1761.143 1761.21 1761.277 1761.344 1760.48 1759.476 1758.472 1757.468 1756.566 1755.881 1755.197 1754.512 1753.827 1752.734 1751.517 1750.3 1749.083 1747.837 1746.487 1745.137 1743.786 1742.436 1743.47 1745.697 1747.923 1750.15
1683.444 1686.988 1690.532 1694.077 1696.846 1697.578 1698.309 1699.041 1699.772 1700.92 1702.225 1703.531 1704.837 1706.422 1709.335 1712.248 1715.161 1718.074 1720.89 1723.646 1726.402 1729.159 1731.87 1734.001 1736.133 1738.264 1740.395 1742.542 1744.704 1746.865 1749.027 1751.188 1752.75 1754.294 1755.837 1757.381 1758.299 1758.356 1758.412 1758.468 1758.525 1757.673 1756.685 1755.697 1754.709 1753.791 1753.021 1752.25 1751.48 1750.71 1749.65 1748.503 1747.355 1746.208 1744.995 1743.549 1742.103 1740.656 1739.21 1740.134 1742.242 1744.351 1746.46
