data/zism_data/01186_01_D.txt
ncols         224
nrows         224
[rows 56 to 83 of 224, columns 64 to 127 of 224]
929.9476 923.3204 916.6933 910.0661 903.439 901.1605 901.3035 901.4465 901.5894 901.7139 901.6028 901.4918 901.3807 901.2697 901.1324 900.9694 900.8064 900.6434 900.4803 902.1821 904.015 905.8478 907.6807 910.5508 915.2255 919.9002 924.575 929.2497 934.8765 940.7479 946.6193 952.4906 958.078 962.6938 967.3096 971.9254 976.5411 979.9192 982.6509 985.3826 988.1143 990.6451 991.0839 991.5228 991.9616 992.4005 993.0811 993.9866 994.892 995.7974 996.7028 997.3833 998.0516 998.72 999.3883 999.4323 998.4556 997.4789 996.5023 995.5256 994.5973 993.6803 992.7632 991.8463
938.5059 930.2664 922.0269 913.7871 905.5476 902.4019 902.0925 901.7832 901.4738 901.1848 901.1535 901.1223 901.0911 901.0598 900.9649 900.8072 900.6495 900.4918 900.3341 901.5042 902.7677 904.0312 905.2947 907.3972 910.9597 914.5221 918.0846 921.647 926.1362 930.8635 935.5907 940.3179 945.1212 950.184 955.2467 960.3095 965.3723 969.5819 973.3461 977.1102 980.8743 984.363 984.9828 985.6025 986.2224 986.8421 987.9574 989.5333 991.1093 992.6852 994.2611 995.4455 996.6088 997.772 998.9353 999.1348 997.759 996.3833 995.0075 993.6317 992.2526 990.8726 989.4926 988.1125
947.0646 937.2125 927.3605 917.5083 907.6563 903.6433 902.8817 902.1199 901.3582 900.6556 900.7042 900.7528 900.8014 900.85 900.7974 900.645 900.4926 900.3402 900.1879 900.8263 901.5204 902.2145 902.9085 904.2435 906.6936 909.1437 911.5939 914.044 917.3956 920.9786 924.5617 928.1448 932.1639 937.6737 943.1835 948.6932 954.203 959.2443 964.041 968.8375 973.6342 978.0807 978.8814 979.6821 980.4828 981.2835 982.8334 985.0799 987.3264 989.5729 991.8193 993.5076 995.1658 996.824 998.4823 998.8374 997.0625 995.2876 993.5127 991.7378 989.9077 988.0647 986.2217 984.3787
955.6229 944.1585 932.694 921.2294 909.765 904.8847 903.6707 902.4566 901.2426 900.1265 900.2549 900.3834 900.5117 900.6401 900.6298 900.4828 900.3357 900.1887 900.0416 900.1484 900.2731 900.3978 900.5225 901.0899 902.4277 903.7656 905.1035 906.4413 908.6552 911.0942 913.5331 915.9721 919.2072 925.1639 931.1207 937.0775 943.0342 948.907 954.7361 960.5652 966.3942 971.7986 972.7802 973.7618 974.7435 975.7251 977.7097 980.6267 983.5436 986.4607 989.3776 991.5698 993.723 995.8761 998.0293 998.54 996.366 994.192 992.0179 989.8439 987.5629 985.257 982.951 980.645
962.869 951.2177 939.5664 927.9149 916.2636 910.5268 908.0832 905.6396 903.1959 900.9246 900.8419 900.7592 900.6765 900.5938 900.4918 900.3708 900.2499 900.1289 900.0079 900.0 900.0 900.0 900.0 900.3311 901.2383 902.1456 903.0529 903.9601 905.5891 907.4035 909.2178 911.0322 913.5974 918.7293 923.8612 928.9932 934.1251 939.2928 944.4792 949.6656 954.852 959.6611 960.5411 961.421 962.301 963.1809 965.2874 968.5341 971.7807 975.0274 978.274 981.008 983.7142 986.4205 989.1268 990.1069 988.2653 986.4236 984.582 982.7403 980.4269 978.0029 975.5789 973.1549
969.7471 958.3087 946.8702 935.4315 923.993 917.4026 913.5115 909.6204 905.7294 902.0948 901.7194 901.344 900.9686 900.5931 900.3619 900.2729 900.1839 900.0948 900.0059 900.0 900.0 900.0 900.0 900.2437 900.9115 901.5792 902.247 902.9148 904.1138 905.4492 906.7846 908.1201 910.0473 913.9979 917.9484 921.899 925.8495 929.8813 933.9554 938.0295 942.1036 945.8821 946.5811 947.2802 947.9791 948.6782 950.8188 954.2996 957.7805 961.2614 964.7421 968.0284 971.3041 974.5798 977.8556 979.3929 978.0888 976.7846 975.4804 974.1762 971.9475 969.5022 967.0569 964.6117
976.6253 965.3997 954.174 942.9482 931.7225 924.2784 918.9399 913.6013 908.2628 903.2651 902.597 901.9288 901.2607 900.5925 900.2321 900.175 900.1179 900.0609 900.0037 900.0 900.0 900.0 900.0 900.1563 900.5846 901.0129 901.4412 901.8694 902.6384 903.4949 904.3514 905.2079 906.4972 909.2664 912.0356 914.8048 917.574 920.4698 923.4316 926.3935 929.3553 932.1031 932.6212 933.1393 933.6573 934.1754 936.3503 940.0652 943.7802 947.4952 951.2102 955.0488 958.8939 962.7391 966.5844 968.679 967.9123 967.1456 966.3788 965.6121 963.4681 961.0016 958.535 956.0685
983.5035 972.4906 961.4778 950.4648 939.452 931.1542 924.3682 917.5822 910.7962 904.4353 903.4745 902.5136 901.5528 900.5919 900.1024 900.0771 900.052 900.0268 900.0016 900.0 900.0 900.0 900.0 900.0689 900.2577 900.4465 900.6353 900.8241 901.163 901.5406 901.9182 902.2957 902.9471 904.535 906.1228 907.7106 909.2985 911.0582 912.9078 914.7574 916.6069 918.324 918.6612 918.9984 919.3356 919.6727 921.8818 925.8309 929.78 933.7292 937.6783 942.0692 946.4838 950.8984 955.313 957.9651 957.7358 957.5065 957.2773 957.048 954.9888 952.5009 950.0131 947.5252
989.2645 978.7315 968.1985 957.6653 947.1323 938.3325 930.4978 922.6631 914.8284 907.4755 906.2422 905.009 903.7757 902.5424 901.9302 901.9302 901.9302 901.9302 901.9302 901.8734 901.8126 901.7518 901.6909 901.5709 901.3478 901.1248 900.9017 900.6787 900.5901 900.536 900.4819 900.4279 900.5163 901.0917 901.6671 902.2426 902.818 903.6026 904.4965 905.3904 906.2842 907.1161 907.3016 907.4871 907.6727 907.8582 909.9871 913.9225 917.858 921.7935 925.7289 930.3666 935.042 939.7174 944.3928 947.3768 947.5961 947.8152 948.0345 948.2537 946.3582 943.9673 941.5764 939.1856
990.8655 981.8066 972.7476 963.6885 954.6296 946.6374 939.2391 931.8408 924.4424 917.4797 916.0495 914.6193 913.1891 911.759 911.0491 911.0491 911.0491 911.0491 911.0491 910.7238 910.3756 910.0274 909.6792 908.9921 907.7153 906.4386 905.1617 903.885 903.3778 903.0683 902.7589 902.4493 902.2534 902.4456 902.6379 902.8302 903.0225 903.4309 903.9522 904.4736 904.9949 905.4831 905.626 905.769 905.9119 906.0549 907.6779 910.6768 913.6757 916.6746 919.6734 923.4198 927.2065 930.9931 934.7798 937.2568 937.5931 937.9294 938.2657 938.602 937.1642 935.3108 933.4575 931.6041
992.4665 984.8816 977.2968 969.7118 962.127 954.9423 947.9803 941.0184 934.0565 927.4839 925.8568 924.2297 922.6026 920.9755 920.1679 920.1679 920.1679 920.1679 920.1679 919.5742 918.9386 918.303 917.6675 916.4134 914.0828 911.7523 909.4218 907.0912 906.1655 905.6006 905.0357 904.4708 903.9905 903.7996 903.6087 903.4178 903.2269 903.2592 903.408 903.5568 903.7056 903.8501 903.9504 904.0508 904.1512 904.2516 905.3687 907.431 909.4933 911.5556 913.6179 916.4731 919.371 922.2688 925.1667 927.1368 927.5901 928.0436 928.4969 928.9503 927.9702 926.6544 925.3384 924.0226
994.0674 987.9567 981.8459 975.735 969.6243 963.2471 956.7216 950.196 943.6705 937.4881 935.6641 933.8401 932.0161 930.1921 929.2867 929.2867 929.2867 929.2867 929.2867 928.4245 927.5016 926.5787 925.6558 923.8346 920.4503 917.0661 913.6818 910.2975 908.9532 908.1329 907.3126 906.4922 905.7276 905.1536 904.5795 904.0054 903.4314 903.0875 902.8637 902.64 902.4162 902.2171 902.2749 902.3327 902.3905 902.4483 903.0595 904.1852 905.3109 906.4366 907.5623 909.5263 911.5354 913.5446 915.5536 917.0167 917.5872 918.1577 918.7282 919.2986 918.7762 917.9979 917.2195 916.4411
995.6684 991.0317 986.3951 981.7583 977.1216 971.552 965.4628 959.3737 953.2845 947.4922 945.4714 943.4504 941.4296 939.4086 938.4056 938.4056 938.4056 938.4056 938.4056 937.2748 936.0646 934.8543 933.644 931.2558 926.8179 922.3799 917.9418 913.5038 911.7409 910.6652 909.5894 908.5136 907.4647 906.5075 905.5503 904.5931 903.6359 902.9158 902.3195 901.7231 901.1268 900.5841 900.5993 900.6146 900.6298 900.645 900.7504 900.9395 901.1285 901.3177 901.5068 902.5795 903.6999 904.8203 905.9406 906.8967 907.5843 908.2719 908.9594 909.647 909.5823 909.3414 909.1005 908.8596
996.5134 992.8792 989.2448 985.6105 981.9762 977.4669 972.4704 967.4739 962.4774 957.7158 955.939 954.1622 952.3853 950.6085 949.7421 949.7728 949.8036 949.8344 949.8651 948.6786 947.4066 946.1346 944.8626 942.35 937.6787 933.0074 928.336 923.6647 921.8386 920.7432 919.6479 918.5525 917.2718 915.3572 913.4426 911.528 909.6135 907.8508 906.1675 904.4842 902.801 901.2408 900.964 900.6871 900.4102 900.1334 899.9244 899.7785 899.6326 899.4867 899.3408 899.9781 900.6575 901.3369 902.0163 902.6758 903.3027 903.9296 904.5565 905.1834 905.2685 905.2267 905.1849 905.1431
996.9375 994.043 991.1484 988.2538 985.3592 982.0511 978.5128 974.9744 971.436 968.062 966.7747 965.4875 964.2003 962.9131 962.3138 962.3925 962.4711 962.5498 962.6285 961.5049 960.2967 959.0886 957.8804 955.4899 951.0422 946.5944 942.1465 937.6988 936.0072 935.0236 934.04 933.0565 931.5732 928.3814 925.1896 921.9979 918.8061 915.6298 912.4616 909.2935 906.1254 903.1727 902.4648 901.7569 901.049 900.3411 899.9244 899.7785 899.6326 899.4867 899.3408 899.7963 900.2841 900.7719 901.2597 901.7397 902.207 902.6743 903.1415 903.6088 903.6722 903.6411 903.6099 903.5787
997.3616 995.2067 993.0519 990.897 988.7421 986.6351 984.5549 982.4746 980.3943 978.4077 977.6101 976.8125 976.015 975.2173 974.8852 975.0118 975.1383 975.2649 975.3914 974.3306 973.1863 972.0421 970.8978 968.6294 964.4052 960.1809 955.9566 951.7324 950.1754 949.3035 948.4317 947.5599 945.874 941.4052 936.9362 932.4673 927.9984 923.4086 918.7556 914.1026 909.4496 905.1046 903.9656 902.8266 901.6876 900.5487 899.9244 899.7785 899.6326 899.4867 899.3408 899.6144 899.9107 900.2069 900.5032 900.8037 901.1113 901.4189 901.7266 902.0342 902.076 902.0554 902.0349 902.0144
997.7857 996.3705 994.9553 993.5402 992.1249 991.2192 990.597 989.9748 989.3527 988.7534 988.4454 988.1375 987.8295 987.5215 987.4565 987.631 987.8055 987.9799 988.1544 987.1564 986.0759 984.9955 983.915 981.7689 977.7681 973.7674 969.7667 965.7659 964.3436 963.5834 962.8234 962.0633 960.1749 954.4289 948.6828 942.9368 937.1907 931.1873 925.0494 918.9117 912.774 907.0363 905.4664 903.8964 902.3264 900.7563 899.9244 899.7785 899.6326 899.4867 899.3408 899.4327 899.5373 899.642 899.7466 899.8677 900.0157 900.1636 900.3116 900.4597 900.4797 900.4698 900.46 900.4501
998.095 997.397 996.699 996.0009 995.3029 995.5156 996.2354 996.9551 997.6749 998.3527 998.4966 998.6406 998.7845 998.9285 999.1085 999.3238 999.5392 999.7545 999.9698 999.0415 998.0327 997.0239 996.0151 994.0092 990.2686 986.5279 982.7872 979.0465 977.7764 977.1409 976.5053 975.8698 973.8217 966.9438 960.0659 953.188 946.3101 939.0178 931.5089 924.0002 916.4915 909.4656 907.47 905.4745 903.4788 901.4833 900.4304 900.2538 900.0772 899.9006 899.7241 899.6237 899.5274 899.4312 899.3349 899.3045 899.3818 899.4591 899.5364 899.6137 899.5758 899.5109 899.446 899.3812
996.9462 996.6792 996.4122 996.1452 995.8782 996.1596 996.7463 997.3331 997.9198 998.4723 998.5897 998.707 998.8244 998.9418 999.0844 999.2518 999.4193 999.5867 999.7542 998.9818 998.1432 997.3047 996.4662 994.8326 991.8157 988.7988 985.7819 982.765 981.8714 981.5233 981.175 980.8269 979.1625 972.9977 966.8328 960.668 954.5032 947.5044 940.0701 932.6359 925.2017 918.2126 915.8605 913.5084 911.1562 908.804 907.3615 906.7645 906.1675 905.5706 904.9736 904.5488 904.1332 903.7177 903.3021 903.4755 904.6118 905.7481 906.8844 908.0208 907.4638 906.5103 905.5567 904.6031
995.7974 995.9614 996.1254 996.2895 996.4536 996.8036 997.2573 997.7111 998.1647 998.5919 998.6827 998.7734 998.8642 998.955 999.0602 999.1798 999.2993 999.4189 999.5385 998.922 998.2537 997.5855 996.9173 995.656 993.3629 991.0698 988.7766 986.4835 985.9664 985.9056 985.8448 985.784 984.5033 979.0516 973.5998 968.148 962.6962 955.9911 948.6313 941.2716 933.9119 926.9595 924.2509 921.5422 918.8335 916.1248 914.2927 913.2753 912.2579 911.2405 910.2231 909.4738 908.739 908.0041 907.2692 907.6466 909.8419 912.0372 914.2324 916.4277 915.3518 913.5095 911.6674 909.8251
994.6485 995.2436 995.8387 996.4338 997.0289 997.4477 997.7684 998.089 998.4097 998.7116 998.7758 998.8399 998.904 998.9681 999.0361 999.1078 999.1794 999.2511 999.3228 998.8622 998.3643 997.8663 997.3683 996.4794 994.91 993.3407 991.7713 990.202 990.0615 990.288 990.5146 990.7411 989.8441 985.1054 980.3668 975.6281 970.8893 964.4778 957.1925 949.9073 942.6221 935.7065 932.6413 929.576 926.5108 923.4456 921.2238 919.786 918.3483 916.9105 915.4727 914.3989 913.3448 912.2906 911.2365 911.8176 915.0719 918.3262 921.5804 924.8348 923.2397 920.5089 917.778 915.0471
993.4997 994.5258 995.5519 996.5781 997.6042 998.0917 998.2794 998.467 998.6546 998.8312 998.8688 998.9063 998.9438 998.9814 999.012 999.0358 999.0595 999.0833 999.1071 998.8025 998.4748 998.1472 997.8195 997.3028 996.4572 995.6116 994.7661 993.9205 994.1565 994.6704 995.1843 995.6982 995.1849 991.1593 987.1337 983.1081 979.0825 972.9645 965.7537 958.543 951.3323 944.4535 941.0317 937.6099 934.1881 930.7664 928.1549 926.2968 924.4386 922.5804 920.7222 919.324 917.9506 916.5771 915.2036 915.9886 920.3019 924.6152 928.9285 933.2418 931.1277 927.5081 923.8886 920.269
988.131 990.0759 992.0209 993.9659 995.9108 996.8619 997.2595 997.6572 998.0548 998.4329 998.5617 998.6906 998.8195 998.9483 999.015 999.0203 999.0257 999.031 999.0364 998.8096 998.5664 998.3232 998.0801 997.6445 996.8741 996.1036 995.3331 994.5627 994.5267 994.6794 994.832 994.9847 994.2562 990.5148 986.7735 983.0322 979.2908 973.8933 967.6308 961.3684 955.106 949.1737 946.6791 944.1846 941.6901 939.1956 937.0338 935.1814 933.329 931.4765 929.6241 928.0223 926.4341 924.8459 923.2576 923.9788 928.4746 932.9705 937.4663 941.9622 939.5797 935.586 931.5923 927.5987
978.6033 981.9479 985.2924 988.637 991.9816 993.7853 994.7311 995.6768 996.6226 997.5239 997.8604 998.1968 998.5332 998.8696 999.0446 999.0607 999.0767 999.0927 999.1086 998.8825 998.6393 998.3962 998.1531 997.5116 996.177 994.8424 993.5078 992.1732 991.226 990.3782 989.5303 988.6826 987.1487 983.269 979.3893 975.5096 971.6299 967.3736 962.9206 958.4677 954.0148 949.9254 949.6234 949.3213 949.0192 948.7172 947.8323 946.4055 944.9788 943.5521 942.1254 940.4394 938.7394 937.0394 935.3394 935.7326 939.5473 943.362 947.1767 950.9914 948.5875 944.7268 940.8662 937.0056
969.0757 973.8199 978.564 983.3082 988.0523 990.7087 992.2026 993.6965 995.1904 996.615 997.1589 997.7029 998.2469 998.7909 999.0743 999.101 999.1276 999.1542 999.1809 998.9555 998.7123 998.4692 998.226 997.3787 995.4799 993.5812 991.6824 989.7838 987.9252 986.077 984.2287 982.3804 980.0412 976.0231 972.0051 967.987 963.969 960.8539 958.2104 955.567 952.9235 950.6771 952.5675 954.4579 956.3483 958.2388 958.6307 957.6297 956.6287 955.6277 954.6268 952.8564 951.0446 949.2328 947.4211 947.4864 950.62 953.7535 956.8871 960.0206 957.5952 953.8676 950.1401 946.4125
959.5482 965.6918 971.8355 977.9793 984.123 987.6321 989.6741 991.7161 993.7582 995.7061 996.4576 997.2091 997.9606 998.7122 999.104 999.1413 999.1786 999.2159 999.2532 999.0284 998.7853 998.5421 998.299 997.2457 994.7828 992.32 989.8571 987.3943 984.6245 981.7758 978.9271 976.0784 972.9337 968.7773 964.6208 960.4645 956.308 954.3342 953.5002 952.6662 951.8322 951.4288 955.5117 959.5945 963.6775 967.7603 969.4291 968.8539 968.2786 967.7033 967.1281 965.2734 963.3499 961.4264 959.5028 959.2402 961.6926 964.1451 966.5975 969.0499 966.603 963.0084 959.4139 955.8194
950.0202 957.5635 965.1068 972.6503 980.1936 984.5554 987.1456 989.7357 992.3259 994.7971 995.7562 996.7153 997.6744 998.6335 999.1337 999.1816 999.2296 999.2775 999.3254 999.1014 998.8582 998.6151 998.3719 997.1127 994.0858 991.0588 988.0317 985.0047 981.3235 977.4744 973.6252 969.776 965.8259 961.5311 957.2364 952.9417 948.6469 947.8143 948.7898 949.7653 950.7408 952.1805 958.4559 964.7314 971.0069 977.2823 980.228 980.0784 979.9289 979.7794 979.6298 977.6909 975.6556 973.6203 971.585 970.9945 972.7657 974.537 976.3082 978.0794 975.6111 972.1495 968.6881 965.2267
939.855 946.645 953.4351 960.2252 967.0152 971.5234 974.7612 977.9989 981.2366 984.3849 986.3969 988.4088 990.4208 992.4327 993.7363 994.3418 994.9473 995.5528 996.1583 996.4354 996.6895 996.9435 997.1976 996.3658 993.6448 990.9239 988.2029 985.4819 980.5372 975.0213 969.5054 963.9895 958.7646 954.5354 950.3061 946.0768 941.8475 941.8504 944.0635 946.2767 948.4898 951.1524 958.4966 965.8408 973.1851 980.5292 984.0403 983.9884 983.9364 983.8845 983.8325 982.1888 980.4594 978.73 977.0007 976.4716 977.9048 979.3379 980.7711 982.2042 980.0936 977.153 974.2123 971.2717
