data/zism_data/01196_01_D.txt
ncols         224
nrows         224
[rows 168 to 195 of 224, columns 64 to 127 of 224]
949.4766 937.0351 926.8585 930.158 933.4576 936.7572 940.0569 940.738 939.8056 938.8731 937.9407 936.4119 929.1041 921.7963 914.4884 907.1805 904.9791 906.6559 908.3328 910.0097 911.8443 917.1746 922.505 927.8353 933.1657 939.0063 945.3217 951.637 957.9524 964.2677 971.942 979.6261 987.3102 994.9944 1004.992 1017.623 1030.254 1042.885 1055.516 1054.833 1053.337 1051.841 1050.344 1045.555 1036.168 1026.78 1017.392 1008.004 1006.56 1006.076 1005.592 1005.109 1007.709 1015.632 1023.555 1031.478 1039.401 1046.642 1053.755 1060.868 1067.981 1073.304 1074.763 1076.222
955.0129 942.9166 932.6102 932.953 933.2959 933.6387 933.9816 933.5487 932.6378 931.7269 930.816 929.4521 923.6983 917.9444 912.1905 906.4366 905.4149 907.9874 910.5599 913.1325 915.8525 921.8411 927.8298 933.8184 939.807 946.3729 953.4761 960.5792 967.6823 974.7855 983.5367 992.2999 1001.063 1009.827 1019.957 1031.644 1043.33 1055.017 1066.704 1064.451 1061.347 1058.243 1055.139 1049.136 1039.085 1029.033 1018.982 1008.93 1007.722 1007.584 1007.446 1007.307 1010.505 1019.458 1028.411 1037.365 1046.318 1053.432 1060.2 1066.967 1073.735 1078.523 1079.038 1079.552
960.5489 948.798 938.3618 935.7479 933.1341 930.5203 927.9065 926.3596 925.4703 924.5809 923.6917 922.4927 918.2927 914.0927 909.8926 905.6926 905.8508 909.3189 912.787 916.2552 919.8606 926.5075 933.1544 939.8013 946.4481 953.7394 961.6302 969.5211 977.412 985.3028 995.131 1004.973 1014.816 1024.658 1034.921 1045.664 1056.406 1067.149 1077.892 1074.069 1069.357 1064.645 1059.933 1052.717 1042.002 1031.287 1020.572 1009.856 1008.885 1009.092 1009.299 1009.506 1013.3 1023.284 1033.268 1043.252 1053.236 1060.222 1066.644 1073.066 1079.489 1083.742 1083.313 1082.883
966.085 954.6793 944.1133 938.5428 932.9724 927.4019 921.8314 919.1705 918.3027 917.435 916.5672 915.5331 912.887 910.2409 907.5948 904.9487 906.2866 910.6503 915.0141 919.3779 923.8687 931.1738 938.4789 945.7841 953.0892 961.1058 969.7844 978.463 987.1416 995.8202 1006.725 1017.647 1028.568 1039.49 1049.886 1059.684 1069.483 1079.281 1089.079 1083.687 1077.367 1071.048 1064.728 1056.297 1044.919 1033.54 1022.161 1010.782 1010.047 1010.6 1011.152 1011.704 1016.095 1027.11 1038.124 1049.138 1060.153 1067.011 1073.089 1079.166 1085.243 1088.961 1087.587 1086.214
972.3697 961.9071 951.8152 943.9283 936.0415 928.1547 920.2677 916.4403 915.1146 913.7889 912.4631 911.1036 909.4171 907.7305 906.0439 904.3572 906.2861 910.9609 915.6358 920.3107 925.1039 932.5222 939.9404 947.3586 954.7768 962.8953 971.6653 980.4355 989.2056 997.9756 1009.027 1020.095 1031.162 1042.23 1052.642 1062.308 1071.973 1081.638 1091.304 1085.509 1078.77 1072.031 1065.293 1056.719 1045.583 1034.448 1023.312 1012.176 1012.059 1013.275 1014.491 1015.708 1020.594 1031.815 1043.036 1054.256 1065.477 1071.95 1077.531 1083.112 1088.693 1091.929 1090.103 1088.278
979.1353 970.0001 960.7704 950.9789 941.1875 931.3961 921.6044 916.5767 914.4848 912.3929 910.301 908.301 907.1917 906.0824 904.9731 903.8639 906.0052 910.6152 915.2253 919.8355 924.5566 931.7374 938.9182 946.099 953.2798 961.0994 969.5134 977.9273 986.3413 994.7553 1005.354 1015.969 1026.583 1037.198 1047.55 1057.604 1067.658 1077.712 1087.765 1082.318 1075.925 1069.532 1063.138 1055.11 1044.8 1034.49 1024.179 1013.869 1014.616 1016.701 1018.786 1020.871 1026.189 1037.086 1047.983 1058.88 1069.777 1075.699 1080.686 1085.674 1090.661 1093.449 1091.488 1089.528
985.9012 978.0933 969.726 958.0298 946.3337 934.6375 922.9412 916.7132 913.855 910.9969 908.1387 905.4981 904.9662 904.4343 903.9024 903.3705 905.7242 910.2695 914.8149 919.3604 924.0092 930.9526 937.8959 944.8394 951.7827 959.3034 967.3613 975.4191 983.477 991.5349 1001.681 1011.842 1022.004 1032.165 1042.458 1052.9 1063.342 1073.785 1084.227 1079.128 1073.08 1067.032 1060.984 1053.502 1044.017 1034.532 1025.047 1015.562 1017.174 1020.127 1023.081 1026.034 1031.784 1042.357 1052.93 1063.503 1074.076 1079.448 1083.842 1088.235 1092.629 1094.969 1092.874 1090.778
992.6668 986.1863 978.6813 965.0804 951.4797 937.8789 924.2779 916.8496 913.2253 909.6009 905.9766 902.6954 902.7408 902.7863 902.8317 902.8771 905.4432 909.9239 914.4045 918.8851 923.4619 930.1678 936.8738 943.5797 950.2857 957.5074 965.2092 972.9109 980.6127 988.3145 998.0081 1007.716 1017.424 1027.133 1037.366 1048.196 1059.027 1069.858 1080.689 1075.938 1070.235 1064.532 1058.829 1051.893 1043.234 1034.574 1025.915 1017.255 1019.731 1023.553 1027.375 1031.198 1037.378 1047.628 1057.877 1068.127 1078.376 1083.197 1086.997 1090.797 1094.597 1096.489 1094.259 1092.028
999.59 994.4146 987.7619 972.319 956.8761 941.4332 925.99 917.3533 912.9111 908.4689 904.0267 900.0544 900.6369 901.2194 901.8018 902.3842 905.1461 909.5631 913.9802 918.3975 922.9062 929.4457 935.9853 942.5249 949.0645 956.0397 963.4203 970.801 978.1817 985.5623 994.7947 1004.041 1013.286 1022.532 1032.654 1043.773 1054.892 1066.012 1077.131 1072.676 1067.271 1061.865 1056.459 1050.037 1042.194 1034.351 1026.508 1018.665 1021.966 1026.615 1031.264 1035.912 1042.515 1052.487 1062.46 1072.432 1082.405 1086.713 1089.955 1093.197 1096.439 1097.9 1095.513 1093.127
1009.069 1004.838 998.8746 982.6061 966.3378 950.0693 933.8006 923.8243 917.7256 911.627 905.5283 900.0434 900.5071 900.9708 901.4346 901.8983 904.5844 908.9583 913.3322 917.7062 922.2163 929.7433 937.2703 944.7972 952.3242 959.9039 967.5328 975.1617 982.7906 990.4194 999.0483 1007.684 1016.32 1024.957 1034.128 1043.909 1053.69 1063.471 1073.252 1068.263 1062.372 1056.481 1050.589 1044.163 1036.989 1029.815 1022.642 1015.468 1018.966 1023.755 1028.544 1033.333 1040.202 1050.661 1061.119 1071.577 1082.035 1086.438 1089.702 1092.965 1096.229 1097.544 1094.65 1091.756
1018.548 1015.261 1009.988 992.8937 975.7997 958.7057 941.6115 930.2955 922.5403 914.7851 907.0299 900.0323 900.3773 900.7223 901.0673 901.4124 904.0226 908.3534 912.6841 917.015 921.5264 930.0408 938.5552 947.0696 955.584 963.7684 971.6454 979.5225 987.3996 995.2767 1003.302 1011.328 1019.355 1027.381 1035.603 1044.045 1052.488 1060.931 1069.374 1063.85 1057.473 1051.096 1044.719 1038.289 1031.784 1025.28 1018.775 1012.27 1015.966 1020.895 1025.824 1030.754 1037.89 1048.834 1059.778 1070.722 1081.665 1086.163 1089.448 1092.734 1096.019 1097.188 1093.787 1090.386
1028.027 1025.684 1021.1 1003.181 985.2614 967.3419 949.4221 936.7665 927.3548 917.9431 908.5314 900.0212 900.2475 900.4738 900.7001 900.9264 903.4609 907.7485 912.0361 916.3238 920.8365 930.3383 939.8401 949.342 958.8438 967.6326 975.7579 983.8832 992.0085 1000.134 1007.556 1014.972 1022.389 1029.806 1037.077 1044.182 1051.286 1058.391 1065.496 1059.437 1052.575 1045.712 1038.85 1032.416 1026.58 1020.744 1014.908 1009.073 1012.966 1018.035 1023.105 1028.175 1035.578 1047.007 1058.437 1069.866 1081.296 1085.888 1089.195 1092.502 1095.809 1096.832 1092.924 1089.016
1037.506 1036.107 1032.213 1013.468 994.723 975.978 957.2327 943.2375 932.1693 921.1011 910.033 900.0101 900.1177 900.2253 900.3329 900.4405 902.8992 907.1437 911.3881 915.6326 920.1467 930.6359 941.1251 951.6143 962.1036 971.4969 979.8704 988.2439 996.6174 1004.991 1011.809 1018.616 1025.423 1032.23 1038.551 1044.318 1050.084 1055.851 1061.617 1055.024 1047.676 1040.328 1032.98 1026.542 1021.375 1016.209 1011.042 1005.875 1009.965 1015.175 1020.385 1025.595 1033.265 1045.18 1057.096 1069.011 1080.926 1085.613 1088.942 1092.271 1095.599 1096.476 1092.061 1087.646
1046.341 1045.339 1041.69 1022.284 1002.877 983.471 964.0643 948.9936 936.5946 924.1956 911.7966 900.5499 900.4703 900.3908 900.3113 900.2318 902.5743 906.7564 910.9385 915.1207 919.6205 931.1601 942.6996 954.2393 965.7789 976.1813 985.5256 994.8698 1004.214 1013.558 1020.034 1026.488 1032.943 1039.398 1044.88 1049.257 1053.633 1058.01 1062.386 1055.168 1047.241 1039.314 1031.387 1024.651 1019.575 1014.5 1009.425 1004.35 1008.478 1013.718 1018.959 1024.2 1032.047 1044.39 1056.733 1069.076 1081.42 1085.684 1088.429 1091.175 1093.92 1094.136 1088.89 1083.645
1054.551 1053.414 1049.577 1029.669 1009.761 989.8528 969.9445 954.0548 940.6415 927.2281 913.8148 901.6248 901.2917 900.9586 900.6255 900.2924 902.4795 906.5807 910.6818 914.7831 919.2534 931.9045 944.5555 957.2065 969.8576 981.6622 992.679 1003.696 1014.713 1025.73 1032.115 1038.467 1044.819 1051.172 1055.926 1058.862 1061.798 1064.734 1067.67 1059.738 1051.142 1042.546 1033.95 1026.628 1021.083 1015.539 1009.994 1004.449 1008.459 1013.624 1018.789 1023.955 1031.89 1044.606 1057.321 1070.037 1082.752 1086.09 1087.665 1089.239 1090.814 1089.867 1083.478 1077.089
1062.761 1061.49 1057.464 1037.055 1016.645 996.235 975.8248 959.1161 944.6885 930.2607 915.8331 902.6998 902.1132 901.5264 900.9398 900.353 902.3846 906.4049 910.4252 914.4455 918.8863 932.6489 946.4114 960.174 973.9365 987.1432 999.8328 1012.522 1025.212 1037.901 1044.197 1050.447 1056.696 1062.946 1066.972 1068.468 1069.963 1071.458 1072.953 1064.308 1055.043 1045.778 1036.513 1028.605 1022.591 1016.577 1010.563 1004.549 1008.441 1013.53 1018.62 1023.71 1031.734 1044.822 1057.909 1070.997 1084.085 1086.496 1086.9 1087.304 1087.708 1085.599 1078.066 1070.532
1070.971 1069.564 1065.352 1044.44 1023.529 1002.617 981.7049 964.1774 948.7353 933.2933 917.8512 903.7748 902.9345 902.0942 901.254 900.4137 902.2899 906.2291 910.1685 914.1078 918.5192 933.3932 948.2673 963.1413 978.0153 992.6241 1006.986 1021.348 1035.71 1050.073 1056.279 1062.426 1068.573 1074.72 1078.018 1078.073 1078.127 1078.182 1078.237 1068.878 1058.944 1049.01 1039.076 1030.582 1024.099 1017.615 1011.132 1004.649 1008.422 1013.436 1018.45 1023.464 1031.577 1045.037 1058.498 1071.958 1085.418 1086.903 1086.135 1085.369 1084.601 1081.33 1072.653 1063.976
1079.181 1077.64 1073.239 1051.826 1030.412 1008.999 987.5852 969.2388 952.7823 936.3259 919.8694 904.8498 903.7559 902.662 901.5682 900.4743 902.195 906.0534 909.9117 913.7702 918.1522 934.1376 950.1232 966.1087 982.0942 998.1052 1014.14 1030.175 1046.209 1062.244 1068.361 1074.405 1080.45 1086.495 1089.064 1087.678 1086.292 1084.906 1083.52 1073.448 1062.845 1052.242 1041.639 1032.559 1025.606 1018.654 1011.701 1004.748 1008.404 1013.342 1018.281 1023.219 1031.421 1045.253 1059.086 1072.918 1086.75 1087.309 1085.371 1083.433 1081.495 1077.062 1067.241 1057.42
1078.159 1075.203 1069.706 1049.092 1028.477 1007.863 987.2477 969.3318 953.079 936.8262 920.5734 905.72 904.4293 903.1385 901.8478 900.5571 901.9504 905.382 908.8137 912.2454 916.2294 932.4542 948.679 964.9037 981.1285 997.4636 1013.901 1030.339 1046.777 1063.215 1069.253 1075.216 1081.178 1087.141 1089.592 1088.045 1086.499 1084.952 1083.405 1074.235 1064.599 1054.963 1045.327 1036.994 1030.48 1023.966 1017.452 1010.938 1015.136 1020.628 1026.121 1031.614 1039.61 1051.925 1064.241 1076.557 1088.873 1087.962 1084.564 1081.167 1077.769 1072.121 1061.616 1051.11
1076.718 1072.289 1065.655 1045.898 1026.141 1006.385 986.6276 969.199 953.2052 937.2114 921.2177 906.5808 905.0958 903.6109 902.126 900.641 901.6989 904.6881 907.6773 910.6666 914.2358 930.6602 947.0847 963.5091 979.9335 996.5438 1013.327 1030.11 1046.893 1063.676 1069.636 1075.518 1081.4 1087.282 1089.642 1087.993 1086.343 1084.694 1083.045 1074.85 1066.256 1057.661 1049.067 1041.541 1035.507 1029.473 1023.44 1017.406 1022.175 1028.25 1034.326 1040.401 1048.178 1058.891 1069.604 1080.318 1091.031 1088.627 1083.756 1078.885 1074.015 1067.15 1055.981 1044.811
1075.277 1069.375 1061.603 1042.704 1023.805 1004.907 986.0074 969.0662 953.3314 937.5966 921.8619 907.4417 905.7625 904.0833 902.4041 900.7249 901.4474 903.9942 906.541 909.0878 912.2423 928.8664 945.4905 962.1145 978.7386 995.6239 1012.752 1029.881 1047.009 1064.138 1070.02 1075.821 1081.622 1087.423 1089.692 1087.94 1086.188 1084.436 1082.685 1075.465 1067.912 1060.359 1052.806 1046.087 1040.534 1034.98 1029.427 1023.873 1029.214 1035.872 1042.53 1049.188 1056.746 1065.857 1074.967 1084.078 1093.189 1089.291 1082.948 1076.604 1070.26 1062.179 1050.346 1038.513
1073.836 1066.461 1057.551 1039.51 1021.469 1003.428 985.3873 968.9335 953.4576 937.9819 922.5061 908.3025 906.429 904.5556 902.6821 900.8087 901.196 903.3003 905.4046 907.509 910.2488 927.0725 943.8962 960.7199 977.5436 994.704 1012.178 1029.652 1047.125 1064.599 1070.404 1076.124 1081.844 1087.563 1089.741 1087.887 1086.033 1084.179 1082.324 1076.081 1069.569 1063.057 1056.545 1050.634 1045.56 1040.487 1035.414 1030.34 1036.253 1043.494 1050.734 1057.975 1065.314 1072.823 1080.331 1087.839 1095.347 1089.956 1082.139 1074.322 1066.506 1057.208 1044.711 1032.214
1069.307 1060.639 1050.745 1033.564 1016.384 999.2029 982.0218 966.285 951.4383 936.5916 921.7448 908.1154 906.2841 904.4529 902.6217 900.7905 901.1387 903.1421 905.1456 907.149 909.7842 926.42 943.0558 959.6916 976.3274 993.0862 1009.959 1026.833 1043.706 1060.579 1066.305 1071.951 1077.596 1083.242 1085.732 1084.629 1083.526 1082.423 1081.32 1076.237 1070.912 1065.586 1060.26 1055.124 1050.252 1045.381 1040.51 1035.639 1041.215 1048.056 1054.897 1061.737 1068.537 1075.266 1081.995 1088.724 1095.452 1089.603 1081.388 1073.174 1064.959 1055.275 1042.417 1029.558
1060.257 1050.558 1039.907 1023.589 1007.272 990.9541 974.6363 959.9532 946.2773 932.6014 918.9255 906.3937 904.951 903.5082 902.0655 900.6227 901.3656 903.7683 906.171 908.5738 911.5584 927.4388 943.3192 959.1996 975.08 990.4462 1005.334 1020.221 1035.109 1049.997 1055.645 1061.225 1066.806 1072.387 1075.778 1076.677 1077.576 1078.475 1079.374 1075.723 1071.795 1067.866 1063.938 1059.531 1054.454 1049.378 1044.302 1039.226 1043.139 1048.14 1053.14 1058.141 1063.932 1071.087 1078.242 1085.397 1092.553 1087.761 1080.723 1073.684 1066.646 1057.791 1045.013 1032.236
1051.207 1040.477 1029.068 1013.614 998.1593 982.7051 967.2506 953.6211 941.1161 928.6111 916.1061 904.6721 903.6178 902.5635 901.5093 900.4551 901.5925 904.3945 907.1965 909.9986 913.3326 928.4576 943.5826 958.7076 973.8326 987.8062 1000.708 1013.61 1026.512 1039.414 1044.983 1050.499 1056.015 1061.531 1065.824 1068.725 1071.626 1074.527 1077.427 1075.209 1072.678 1070.147 1067.616 1063.938 1058.656 1053.375 1048.094 1042.813 1045.062 1048.223 1051.384 1054.544 1059.327 1066.908 1074.49 1082.071 1089.653 1085.919 1080.057 1074.194 1068.332 1060.307 1047.61 1034.914
1042.157 1030.397 1018.229 1003.638 989.0473 974.4564 959.8652 947.2892 935.9551 924.621 913.2868 902.9504 902.2847 901.6189 900.9531 900.2874 901.8194 905.0207 908.222 911.4233 915.1068 929.4764 943.8461 958.2156 972.5853 985.1661 996.0825 1006.999 1017.915 1028.832 1034.322 1039.773 1045.225 1050.676 1055.871 1060.773 1065.676 1070.578 1075.481 1074.695 1073.561 1072.428 1071.294 1068.345 1062.858 1057.372 1051.886 1046.399 1046.986 1048.306 1049.627 1050.948 1054.722 1062.73 1070.738 1078.745 1086.753 1084.077 1079.391 1074.705 1070.019 1062.823 1050.208 1037.592
1033.106 1020.316 1007.39 993.6626 979.9349 966.2073 952.4794 940.9572 930.7939 920.6307 910.4674 901.2288 900.9515 900.6743 900.397 900.1197 902.0463 905.6469 909.2475 912.8481 916.881 930.4952 944.1094 957.7237 971.3379 982.5261 991.4568 1000.387 1009.318 1018.249 1023.661 1029.047 1034.434 1039.821 1045.917 1052.821 1059.726 1066.63 1073.535 1074.181 1074.445 1074.709 1074.973 1072.752 1067.061 1061.369 1055.678 1049.986 1048.909 1048.39 1047.87 1047.351 1050.117 1058.551 1066.985 1075.419 1083.854 1082.234 1078.725 1075.215 1071.705 1065.339 1052.805 1040.27
1029.738 1017.67 1005.393 991.8736 978.3541 964.8346 951.3149 939.9598 929.9385 919.9173 909.8961 900.8005 900.6763 900.5522 900.4282 900.3041 902.7231 907.0735 911.424 915.7745 920.516 933.9238 947.3317 960.7396 974.1474 984.5662 992.2034 999.8405 1007.478 1015.115 1019.441 1023.743 1028.046 1032.348 1037.985 1045.143 1052.301 1059.458 1066.616 1067.506 1068.015 1068.523 1069.031 1066.868 1060.976 1055.085 1049.193 1043.301 1042.586 1042.496 1042.407 1042.318 1045.59 1054.663 1063.735 1072.808 1081.881 1081.228 1078.747 1076.266 1073.785 1068.355 1056.556 1044.758
