data/zism_data/01196_03_D.txt
ncols         224
nrows         224
[rows 0 to 27 of 224, columns 126 to 188 of 224]
1060.175 1054.825 1049.476 1044.126 1047.636 1053.482 1059.327 1065.172 1070.952 1076.551 1082.15 1087.749 1093.348 1095.116 1095.544 1095.972 1096.401 1096.734 1096.72 1096.706 1096.693 1096.679 1096.966 1097.387 1097.809 1098.231 1098.564 1098.449 1098.335 1098.221 1098.107 1098.119 1098.201 1098.284 1098.366 1098.465 1098.686 1098.907 1099.128 1099.349 1099.439 1099.439 1099.439 1099.439 1099.441 1099.469 1099.496 1099.524 1099.551 1099.616 1099.712 1099.809 1099.905 1100.0 1100.0 1100.0 1100.0 1100.0 1100.0 1100.0 1100.0 1100.0 1100.0
1064.533 1058.19 1051.848 1045.506 1048.663 1054.325 1059.987 1065.649 1071.317 1077.002 1082.688 1088.373 1094.058 1095.488 1095.431 1095.374 1095.317 1095.27 1095.262 1095.253 1095.245 1095.236 1095.73 1096.448 1097.167 1097.885 1098.483 1098.471 1098.459 1098.448 1098.436 1098.464 1098.514 1098.565 1098.615 1098.685 1098.906 1099.127 1099.348 1099.569 1099.659 1099.659 1099.659 1099.659 1099.66 1099.677 1099.694 1099.71 1099.727 1099.767 1099.825 1099.884 1099.942 1100.0 1100.0 1100.0 1100.0 1100.0 1100.0 1100.0 1100.0 1100.0 1100.0
1068.89 1061.555 1054.22 1046.885 1049.69 1055.168 1060.647 1066.125 1071.682 1077.453 1083.225 1088.997 1094.768 1095.861 1095.318 1094.775 1094.232 1093.806 1093.803 1093.8 1093.797 1093.794 1094.494 1095.51 1096.525 1097.54 1098.402 1098.493 1098.584 1098.675 1098.766 1098.81 1098.828 1098.845 1098.863 1098.904 1099.125 1099.346 1099.567 1099.788 1099.879 1099.879 1099.879 1099.879 1099.879 1099.885 1099.891 1099.897 1099.903 1099.917 1099.938 1099.959 1099.979 1100.0 1100.0 1100.0 1100.0 1100.0 1100.0 1100.0 1100.0 1100.0 1100.0
1068.274 1060.276 1052.277 1044.279 1046.626 1051.701 1056.775 1061.849 1067.2 1073.313 1079.425 1085.537 1091.65 1092.812 1092.245 1091.677 1091.109 1090.72 1090.982 1091.244 1091.505 1091.767 1092.794 1094.165 1095.535 1096.905 1098.085 1098.31 1098.535 1098.76 1098.985 1099.07 1099.078 1099.085 1099.092 1099.122 1099.321 1099.52 1099.719 1099.918 1100.0 1100.0 1100.0 1100.0 1100.0 1100.0 1100.0 1100.0 1100.0 1100.0 1100.0 1100.0 1100.0 1100.0 1100.0 1100.0 1100.0 1100.0 1100.0 1100.0 1100.0 1100.0 1100.0
1061.56 1053.303 1045.046 1036.788 1038.548 1042.948 1047.347 1051.747 1056.777 1063.542 1070.308 1077.073 1083.838 1085.57 1085.541 1085.513 1085.485 1085.645 1086.49 1087.334 1088.179 1089.023 1090.525 1092.321 1094.118 1095.914 1097.479 1097.877 1098.274 1098.672 1099.069 1099.227 1099.251 1099.274 1099.298 1099.336 1099.486 1099.637 1099.788 1099.938 1100.0 1100.0 1100.0 1100.0 1100.0 1100.0 1100.0 1100.0 1100.0 1100.0 1100.0 1100.0 1100.0 1100.0 1100.0 1100.0 1100.0 1100.0 1100.0 1100.0 1100.0 1100.0 1100.0
1054.847 1046.33 1037.814 1029.298 1030.469 1034.195 1037.92 1041.646 1046.354 1053.772 1061.191 1068.609 1076.027 1078.327 1078.838 1079.35 1079.861 1080.57 1081.997 1083.425 1084.852 1086.279 1088.256 1090.478 1092.701 1094.924 1096.873 1097.443 1098.013 1098.583 1099.154 1099.384 1099.424 1099.464 1099.503 1099.55 1099.652 1099.754 1099.856 1099.958 1100.0 1100.0 1100.0 1100.0 1100.0 1100.0 1100.0 1100.0 1100.0 1100.0 1100.0 1100.0 1100.0 1100.0 1100.0 1100.0 1100.0 1100.0 1100.0 1100.0 1100.0 1100.0 1100.0
1048.133 1039.358 1030.582 1021.807 1022.391 1025.442 1028.493 1031.544 1035.931 1044.002 1052.073 1060.144 1068.215 1071.084 1072.135 1073.186 1074.237 1075.495 1077.505 1079.515 1081.525 1083.535 1085.986 1088.635 1091.284 1093.933 1096.266 1097.009 1097.752 1098.495 1099.238 1099.541 1099.597 1099.653 1099.709 1099.764 1099.818 1099.871 1099.925 1099.978 1100.0 1100.0 1100.0 1100.0 1100.0 1100.0 1100.0 1100.0 1100.0 1100.0 1100.0 1100.0 1100.0 1100.0 1100.0 1100.0 1100.0 1100.0 1100.0 1100.0 1100.0 1100.0 1100.0
1041.419 1032.385 1023.351 1014.317 1014.313 1016.689 1019.066 1021.442 1025.508 1034.232 1042.956 1051.68 1060.404 1063.842 1065.432 1067.023 1068.613 1070.42 1073.013 1075.606 1078.199 1080.791 1083.717 1086.792 1089.867 1092.943 1095.66 1096.576 1097.491 1098.407 1099.323 1099.698 1099.77 1099.842 1099.914 1099.978 1099.983 1099.988 1099.993 1099.998 1100.0 1100.0 1100.0 1100.0 1100.0 1100.0 1100.0 1100.0 1100.0 1100.0 1100.0 1100.0 1100.0 1100.0 1100.0 1100.0 1100.0 1100.0 1100.0 1100.0 1100.0 1100.0 1100.0
1040.676 1031.635 1022.594 1013.553 1012.914 1014.49 1016.066 1017.642 1020.946 1029.014 1037.081 1045.149 1053.217 1057.215 1059.791 1062.368 1064.944 1067.587 1070.477 1073.366 1076.256 1079.145 1082.233 1085.409 1088.586 1091.762 1094.593 1095.682 1096.77 1097.858 1098.946 1099.391 1099.474 1099.558 1099.641 1099.72 1099.769 1099.817 1099.866 1099.914 1099.934 1099.934 1099.934 1099.934 1099.935 1099.95 1099.964 1099.979 1099.993 1100.0 1100.0 1100.0 1100.0 1100.0 1100.0 1100.0 1100.0 1100.0 1100.0 1100.0 1100.0 1100.0 1100.0
1040.607 1031.587 1022.568 1013.548 1012.269 1013.03 1013.791 1014.553 1017.045 1024.309 1031.573 1038.836 1046.1 1050.658 1054.27 1057.882 1061.494 1065.007 1068.161 1071.315 1074.469 1077.623 1080.837 1084.078 1087.319 1090.561 1093.474 1094.735 1095.996 1097.257 1098.518 1099.032 1099.126 1099.22 1099.314 1099.409 1099.512 1099.614 1099.717 1099.819 1099.861 1099.861 1099.861 1099.861 1099.863 1099.894 1099.924 1099.955 1099.986 1100.0 1100.0 1100.0 1100.0 1100.0 1100.0 1100.0 1100.0 1100.0 1100.0 1100.0 1100.0 1100.0 1100.0
1040.537 1031.54 1022.542 1013.544 1011.624 1011.571 1011.517 1011.464 1013.144 1019.604 1026.064 1032.524 1038.984 1044.101 1048.749 1053.397 1058.045 1062.428 1065.846 1069.264 1072.682 1076.1 1079.441 1082.747 1086.053 1089.359 1092.355 1093.789 1095.222 1096.656 1098.089 1098.672 1098.777 1098.882 1098.987 1099.098 1099.254 1099.411 1099.567 1099.724 1099.788 1099.788 1099.788 1099.788 1099.791 1099.838 1099.885 1099.932 1099.978 1100.0 1100.0 1100.0 1100.0 1100.0 1100.0 1100.0 1100.0 1100.0 1100.0 1100.0 1100.0 1100.0 1100.0
1040.468 1031.492 1022.516 1013.539 1010.979 1010.111 1009.243 1008.375 1009.243 1014.899 1020.555 1026.211 1031.867 1037.544 1043.228 1048.912 1054.596 1059.848 1063.53 1067.213 1070.896 1074.578 1078.045 1081.416 1084.787 1088.158 1091.236 1092.843 1094.449 1096.055 1097.661 1098.313 1098.429 1098.544 1098.66 1098.787 1098.997 1099.208 1099.418 1099.628 1099.714 1099.714 1099.714 1099.714 1099.719 1099.782 1099.845 1099.908 1099.971 1100.0 1100.0 1100.0 1100.0 1100.0 1100.0 1100.0 1100.0 1100.0 1100.0 1100.0 1100.0 1100.0 1100.0
1042.896 1034.219 1025.542 1016.865 1013.952 1012.558 1011.164 1009.77 1010.054 1014.962 1019.87 1024.779 1029.687 1035.536 1041.714 1047.891 1054.069 1059.71 1063.406 1067.101 1070.797 1074.492 1077.855 1081.069 1084.283 1087.497 1090.452 1092.095 1093.739 1095.383 1097.027 1097.719 1097.878 1098.036 1098.195 1098.365 1098.632 1098.898 1099.164 1099.43 1099.549 1099.566 1099.583 1099.6 1099.621 1099.706 1099.791 1099.876 1099.961 1100.0 1100.0 1100.0 1100.0 1100.0 1100.0 1100.0 1100.0 1100.0 1100.0 1100.0 1100.0 1100.0 1100.0
1050.007 1042.15 1034.293 1026.436 1023.707 1022.329 1020.951 1019.574 1019.698 1023.965 1028.231 1032.497 1036.763 1042.058 1047.712 1053.366 1059.021 1064.153 1067.39 1070.627 1073.864 1077.1 1079.926 1082.568 1085.211 1087.853 1090.294 1091.722 1093.15 1094.578 1096.005 1096.686 1096.947 1097.208 1097.469 1097.737 1098.063 1098.389 1098.714 1099.04 1099.212 1099.277 1099.343 1099.408 1099.477 1099.594 1099.711 1099.829 1099.946 1100.0 1100.0 1100.0 1100.0 1100.0 1100.0 1100.0 1100.0 1100.0 1100.0 1100.0 1100.0 1100.0 1100.0
1057.117 1050.081 1043.044 1036.007 1033.462 1032.1 1030.739 1029.377 1029.343 1032.967 1036.591 1040.215 1043.839 1048.58 1053.711 1058.842 1063.972 1068.595 1071.374 1074.152 1076.93 1079.708 1081.997 1084.068 1086.138 1088.208 1090.136 1091.348 1092.56 1093.772 1094.984 1095.653 1096.017 1096.38 1096.744 1097.109 1097.494 1097.879 1098.264 1098.649 1098.874 1098.988 1099.102 1099.216 1099.332 1099.482 1099.632 1099.781 1099.931 1100.0 1100.0 1100.0 1100.0 1100.0 1100.0 1100.0 1100.0 1100.0 1100.0 1100.0 1100.0 1100.0 1100.0
1064.228 1058.012 1051.795 1045.578 1043.217 1041.871 1040.526 1039.181 1038.987 1041.969 1044.951 1047.933 1050.916 1055.102 1059.709 1064.317 1068.924 1073.038 1075.357 1077.677 1079.997 1082.316 1084.068 1085.567 1087.065 1088.563 1089.978 1090.975 1091.971 1092.967 1093.963 1094.62 1095.086 1095.552 1096.018 1096.481 1096.926 1097.37 1097.814 1098.258 1098.536 1098.699 1098.862 1099.024 1099.188 1099.37 1099.552 1099.734 1099.916 1100.0 1100.0 1100.0 1100.0 1100.0 1100.0 1100.0 1100.0 1100.0 1100.0 1100.0 1100.0 1100.0 1100.0
1071.339 1065.942 1060.546 1055.149 1052.971 1051.642 1050.313 1048.984 1048.631 1050.971 1053.312 1055.652 1057.992 1061.624 1065.708 1069.792 1073.876 1077.48 1079.341 1081.202 1083.063 1084.924 1086.139 1087.066 1087.992 1088.918 1089.821 1090.601 1091.381 1092.162 1092.942 1093.587 1094.155 1094.724 1095.292 1095.854 1096.357 1096.861 1097.364 1097.868 1098.199 1098.41 1098.621 1098.832 1099.044 1099.258 1099.472 1099.687 1099.901 1100.0 1100.0 1100.0 1100.0 1100.0 1100.0 1100.0 1100.0 1100.0 1100.0 1100.0 1100.0 1100.0 1100.0
1075.554 1071.662 1067.769 1063.877 1062.179 1061.059 1059.94 1058.82 1058.494 1060.356 1062.217 1064.079 1065.94 1068.892 1072.224 1075.557 1078.89 1081.82 1083.286 1084.753 1086.22 1087.687 1088.558 1089.162 1089.766 1090.369 1090.97 1091.556 1092.142 1092.729 1093.315 1093.815 1094.266 1094.718 1095.17 1095.615 1096.015 1096.414 1096.814 1097.213 1097.505 1097.722 1097.938 1098.155 1098.377 1098.675 1098.974 1099.272 1099.571 1099.734 1099.781 1099.828 1099.875 1099.922 1099.94 1099.957 1099.974 1099.991 1100.0 1100.0 1100.0 1100.0 1100.0
1079.033 1076.819 1074.604 1072.39 1071.247 1070.386 1069.526 1068.666 1068.413 1069.838 1071.262 1072.687 1074.111 1076.35 1078.873 1081.396 1083.919 1086.133 1087.222 1088.312 1089.401 1090.49 1091.065 1091.41 1091.755 1092.099 1092.453 1092.85 1093.247 1093.645 1094.042 1094.363 1094.642 1094.921 1095.2 1095.477 1095.73 1095.984 1096.238 1096.492 1096.721 1096.932 1097.143 1097.354 1097.578 1097.973 1098.369 1098.764 1099.16 1099.399 1099.506 1099.613 1099.719 1099.825 1099.864 1099.903 1099.941 1099.98 1100.0 1100.0 1100.0 1100.0 1100.0
1082.512 1081.975 1081.439 1080.903 1080.315 1079.713 1079.112 1078.51 1078.332 1079.319 1080.307 1081.294 1082.281 1083.807 1085.521 1087.235 1088.949 1090.447 1091.158 1091.869 1092.581 1093.292 1093.572 1093.658 1093.743 1093.829 1093.935 1094.144 1094.352 1094.561 1094.769 1094.912 1095.018 1095.125 1095.231 1095.338 1095.446 1095.554 1095.662 1095.77 1095.936 1096.142 1096.348 1096.554 1096.778 1097.271 1097.763 1098.256 1098.749 1099.065 1099.231 1099.397 1099.563 1099.728 1099.788 1099.848 1099.909 1099.969 1100.0 1100.0 1100.0 1100.0 1100.0
1085.991 1087.132 1088.274 1089.416 1089.383 1089.041 1088.698 1088.356 1088.251 1088.801 1089.351 1089.902 1090.452 1091.265 1092.17 1093.074 1093.979 1094.76 1095.094 1095.427 1095.761 1096.095 1096.079 1095.906 1095.732 1095.559 1095.418 1095.438 1095.457 1095.477 1095.496 1095.461 1095.394 1095.328 1095.262 1095.199 1095.161 1095.124 1095.086 1095.049 1095.151 1095.352 1095.552 1095.753 1095.979 1096.568 1097.158 1097.748 1098.338 1098.731 1098.956 1099.182 1099.407 1099.63 1099.712 1099.794 1099.876 1099.958 1100.0 1100.0 1100.0 1100.0 1100.0
1087.917 1090.518 1093.118 1095.719 1096.184 1096.086 1095.987 1095.889 1095.874 1096.087 1096.3 1096.513 1096.726 1096.996 1097.285 1097.574 1097.864 1098.101 1098.152 1098.202 1098.253 1098.303 1098.076 1097.725 1097.374 1097.023 1096.709 1096.584 1096.458 1096.333 1096.208 1096.03 1095.823 1095.616 1095.409 1095.203 1095.006 1094.81 1094.613 1094.417 1094.422 1094.566 1094.711 1094.855 1095.033 1095.688 1096.343 1096.998 1097.653 1098.12 1098.427 1098.735 1099.042 1099.346 1099.447 1099.548 1099.649 1099.75 1099.809 1099.823 1099.838 1099.853 1099.867
1085.097 1088.485 1091.873 1095.261 1096.049 1096.15 1096.252 1096.353 1096.476 1096.656 1096.837 1097.018 1097.198 1097.443 1097.711 1097.979 1098.247 1098.469 1098.524 1098.58 1098.636 1098.692 1098.515 1098.234 1097.953 1097.673 1097.416 1097.279 1097.143 1097.007 1096.871 1096.661 1096.411 1096.161 1095.911 1095.644 1095.248 1094.851 1094.455 1094.059 1093.858 1093.792 1093.726 1093.66 1093.639 1094.262 1094.884 1095.507 1096.13 1096.663 1097.122 1097.58 1098.039 1098.492 1098.604 1098.715 1098.827 1098.939 1099.032 1099.106 1099.18 1099.254 1099.328
1082.276 1086.452 1090.628 1094.804 1095.914 1096.215 1096.516 1096.817 1097.078 1097.226 1097.374 1097.522 1097.671 1097.891 1098.137 1098.384 1098.63 1098.836 1098.897 1098.958 1099.02 1099.081 1098.954 1098.744 1098.533 1098.322 1098.122 1097.975 1097.828 1097.681 1097.534 1097.293 1097.0 1096.706 1096.413 1096.085 1095.489 1094.893 1094.297 1093.702 1093.294 1093.018 1092.742 1092.465 1092.245 1092.835 1093.426 1094.016 1094.606 1095.207 1095.816 1096.426 1097.035 1097.638 1097.76 1097.883 1098.005 1098.128 1098.255 1098.389 1098.522 1098.655 1098.789
1079.456 1084.419 1089.383 1094.347 1095.779 1096.279 1096.78 1097.281 1097.679 1097.795 1097.911 1098.027 1098.143 1098.339 1098.564 1098.788 1099.013 1099.203 1099.27 1099.337 1099.403 1099.47 1099.393 1099.253 1099.112 1098.972 1098.828 1098.67 1098.513 1098.355 1098.197 1097.925 1097.588 1097.251 1096.915 1096.526 1095.73 1094.935 1094.139 1093.344 1092.731 1092.244 1091.757 1091.271 1090.851 1091.409 1091.967 1092.525 1093.083 1093.75 1094.511 1095.271 1096.032 1096.783 1096.917 1097.05 1097.183 1097.316 1097.479 1097.671 1097.864 1098.057 1098.249
1076.635 1082.386 1088.138 1093.89 1095.644 1096.344 1097.044 1097.745 1098.281 1098.365 1098.448 1098.531 1098.615 1098.787 1098.99 1099.193 1099.396 1099.571 1099.643 1099.715 1099.787 1099.859 1099.832 1099.762 1099.692 1099.621 1099.534 1099.366 1099.197 1099.029 1098.86 1098.556 1098.177 1097.797 1097.417 1096.966 1095.971 1094.976 1093.981 1092.986 1092.167 1091.47 1090.773 1090.076 1089.458 1089.983 1090.509 1091.034 1091.56 1092.293 1093.205 1094.117 1095.028 1095.929 1096.073 1096.217 1096.361 1096.505 1096.702 1096.954 1097.206 1097.458 1097.71
1070.686 1076.977 1083.269 1089.56 1091.757 1092.875 1093.993 1095.111 1095.998 1096.252 1096.506 1096.76 1097.014 1097.361 1097.741 1098.122 1098.502 1098.841 1099.027 1099.213 1099.399 1099.586 1099.653 1099.668 1099.683 1099.698 1099.689 1099.566 1099.443 1099.32 1099.197 1098.925 1098.57 1098.215 1097.859 1097.426 1096.397 1095.367 1094.338 1093.308 1092.32 1091.36 1090.399 1089.439 1088.559 1088.827 1089.095 1089.363 1089.63 1090.252 1091.176 1092.1 1093.024 1093.936 1094.084 1094.231 1094.378 1094.526 1094.74 1095.026 1095.311 1095.596 1095.881
1063.367 1070.091 1076.814 1083.537 1086.23 1087.86 1089.49 1091.121 1092.454 1092.966 1093.479 1093.992 1094.505 1095.115 1095.76 1096.405 1097.05 1097.63 1097.979 1098.327 1098.675 1099.023 1099.204 1099.311 1099.417 1099.523 1099.603 1099.55 1099.498 1099.445 1099.392 1099.18 1098.878 1098.577 1098.276 1097.895 1096.903 1095.911 1094.919 1093.928 1092.786 1091.54 1090.294 1089.048 1087.876 1087.788 1087.7 1087.612 1087.524 1087.955 1088.831 1089.706 1090.581 1091.446 1091.593 1091.741 1091.888 1092.035 1092.26 1092.567 1092.874 1093.181 1093.487
