data/zism_data/01191_02_D.txt
ncols         224
nrows         224
[rows 140 to 167 of 224, columns 126 to 188 of 224]
4587.362 4586.429 4585.495 4584.562 4583.628 4582.694 4581.761 4580.827 4579.894 4578.962 4578.032 4577.101 4576.17 4575.343 4574.687 4574.031 4573.376 4572.72 4572.116 4571.521 4570.927 4570.333 4569.848 4569.615 4569.381 4569.147 4568.914 4569.085 4569.379 4569.673 4569.967 4570.259 4570.544 4570.83 4571.115 4571.401 4571.539 4571.612 4571.686 4571.76 4571.873 4572.193 4572.513 4572.833 4573.153 4573.376 4573.54 4573.704 4573.868 4574.053 4574.459 4574.865 4575.271 4575.677 4575.994 4576.238 4576.482 4576.726 4576.969 4577.148 4577.327 4577.506 4577.685
4587.573 4586.677 4585.782 4584.887 4583.986 4583.077 4582.169 4581.26 4580.352 4579.431 4578.509 4577.587 4576.665 4575.821 4575.106 4574.392 4573.677 4572.962 4572.388 4571.84 4571.292 4570.745 4570.321 4570.181 4570.041 4569.9 4569.76 4569.912 4570.152 4570.393 4570.633 4570.886 4571.18 4571.474 4571.768 4572.062 4572.268 4572.435 4572.602 4572.769 4572.957 4573.258 4573.558 4573.859 4574.159 4574.356 4574.49 4574.623 4574.757 4574.915 4575.322 4575.729 4576.137 4576.544 4576.86 4577.1 4577.34 4577.581 4577.82 4577.96 4578.101 4578.241 4578.381
4587.762 4586.91 4586.058 4585.206 4584.34 4583.459 4582.577 4581.695 4580.814 4579.905 4578.994 4578.083 4577.172 4576.311 4575.531 4574.752 4573.972 4573.193 4572.649 4572.15 4571.65 4571.151 4570.791 4570.748 4570.704 4570.661 4570.618 4570.743 4570.918 4571.094 4571.27 4571.473 4571.767 4572.061 4572.355 4572.649 4572.933 4573.213 4573.494 4573.774 4574.054 4574.333 4574.612 4574.891 4575.17 4575.349 4575.466 4575.583 4575.701 4575.843 4576.239 4576.636 4577.033 4577.43 4577.737 4577.972 4578.207 4578.442 4578.675 4578.778 4578.88 4578.983 4579.085
4587.951 4587.142 4586.333 4585.524 4584.695 4583.84 4582.986 4582.131 4581.276 4580.38 4579.479 4578.579 4577.679 4576.8 4575.956 4575.112 4574.268 4573.423 4572.91 4572.459 4572.008 4571.558 4571.26 4571.314 4571.368 4571.422 4571.476 4571.573 4571.685 4571.795 4571.907 4572.06 4572.354 4572.648 4572.942 4573.236 4573.599 4573.993 4574.386 4574.779 4575.151 4575.409 4575.666 4575.923 4576.181 4576.341 4576.442 4576.544 4576.645 4576.771 4577.157 4577.543 4577.929 4578.314 4578.615 4578.844 4579.074 4579.304 4579.531 4579.596 4579.661 4579.725 4579.79
4588.14 4587.375 4586.609 4585.843 4585.049 4584.222 4583.394 4582.566 4581.739 4580.854 4579.965 4579.075 4578.186 4577.289 4576.38 4575.472 4574.563 4573.654 4573.171 4572.769 4572.366 4571.964 4571.73 4571.881 4572.032 4572.183 4572.333 4572.404 4572.451 4572.497 4572.543 4572.647 4572.941 4573.235 4573.529 4573.823 4574.265 4574.771 4575.278 4575.785 4576.248 4576.484 4576.72 4576.956 4577.192 4577.333 4577.419 4577.504 4577.589 4577.699 4578.075 4578.45 4578.825 4579.2 4579.492 4579.716 4579.94 4580.165 4580.386 4580.414 4580.44 4580.467 4580.495
4588.186 4587.465 4586.744 4586.022 4585.269 4584.474 4583.679 4582.884 4582.09 4581.224 4580.352 4579.479 4578.606 4577.708 4576.766 4575.824 4574.883 4573.941 4573.486 4573.124 4572.761 4572.397 4572.212 4572.433 4572.653 4572.874 4573.094 4573.16 4573.18 4573.2 4573.22 4573.305 4573.606 4573.908 4574.209 4574.511 4575.009 4575.592 4576.175 4576.758 4577.286 4577.515 4577.745 4577.974 4578.204 4578.337 4578.412 4578.487 4578.562 4578.662 4579.023 4579.385 4579.746 4580.107 4580.383 4580.59 4580.797 4581.003 4581.208 4581.203 4581.198 4581.193 4581.189
4587.867 4587.194 4586.521 4585.849 4585.144 4584.397 4583.651 4582.905 4582.159 4581.327 4580.486 4579.646 4578.806 4577.946 4577.053 4576.16 4575.267 4574.374 4573.94 4573.593 4573.247 4572.9 4572.726 4572.946 4573.167 4573.387 4573.607 4573.728 4573.818 4573.908 4573.998 4574.143 4574.471 4574.8 4575.128 4575.457 4575.951 4576.519 4577.085 4577.652 4578.171 4578.433 4578.695 4578.957 4579.219 4579.368 4579.448 4579.528 4579.609 4579.712 4580.052 4580.391 4580.731 4581.071 4581.311 4581.469 4581.627 4581.785 4581.941 4581.92 4581.899 4581.878 4581.858
4587.548 4586.924 4586.3 4585.676 4585.019 4584.321 4583.623 4582.926 4582.228 4581.43 4580.622 4579.814 4579.006 4578.184 4577.34 4576.495 4575.651 4574.806 4574.394 4574.063 4573.733 4573.402 4573.239 4573.46 4573.68 4573.901 4574.121 4574.295 4574.455 4574.615 4574.775 4574.98 4575.336 4575.691 4576.047 4576.402 4576.894 4577.445 4577.996 4578.546 4579.057 4579.351 4579.645 4579.939 4580.233 4580.398 4580.484 4580.57 4580.655 4580.762 4581.08 4581.398 4581.716 4582.034 4582.237 4582.347 4582.457 4582.566 4582.674 4582.637 4582.6 4582.563 4582.526
4587.229 4586.653 4586.078 4585.502 4584.894 4584.244 4583.595 4582.946 4582.297 4581.533 4580.757 4579.981 4579.206 4578.422 4577.626 4576.831 4576.035 4575.239 4574.848 4574.533 4574.219 4573.905 4573.753 4573.974 4574.194 4574.415 4574.635 4574.863 4575.093 4575.323 4575.553 4575.818 4576.201 4576.583 4576.965 4577.348 4577.836 4578.371 4578.906 4579.44 4579.942 4580.269 4580.595 4580.922 4581.249 4581.428 4581.52 4581.611 4581.702 4581.811 4582.108 4582.404 4582.701 4582.998 4583.165 4583.226 4583.287 4583.348 4583.408 4583.354 4583.301 4583.249 4583.195
4586.91 4586.383 4585.855 4585.329 4584.769 4584.168 4583.567 4582.967 4582.366 4581.635 4580.892 4580.149 4579.406 4578.661 4577.914 4577.166 4576.419 4575.671 4575.301 4575.003 4574.705 4574.407 4574.267 4574.487 4574.708 4574.928 4575.148 4575.43 4575.73 4576.03 4576.331 4576.656 4577.065 4577.475 4577.884 4578.293 4578.779 4579.297 4579.816 4580.334 4580.828 4581.187 4581.545 4581.904 4582.263 4582.459 4582.556 4582.652 4582.749 4582.861 4583.136 4583.411 4583.686 4583.961 4584.092 4584.104 4584.117 4584.129 4584.141 4584.072 4584.002 4583.933 4583.864
4586.761 4586.234 4585.708 4585.182 4584.627 4584.04 4583.452 4582.864 4582.276 4581.576 4580.865 4580.154 4579.443 4578.743 4578.06 4577.377 4576.694 4576.011 4575.692 4575.441 4575.191 4574.941 4574.842 4575.086 4575.331 4575.575 4575.819 4576.126 4576.453 4576.779 4577.105 4577.451 4577.859 4578.268 4578.676 4579.085 4579.575 4580.102 4580.628 4581.154 4581.659 4582.05 4582.441 4582.833 4583.224 4583.445 4583.563 4583.681 4583.799 4583.926 4584.152 4584.377 4584.603 4584.829 4584.93 4584.93 4584.93 4584.93 4584.929 4584.831 4584.734 4584.636 4584.539
4586.671 4586.129 4585.586 4585.043 4584.481 4583.893 4583.305 4582.717 4582.129 4581.458 4580.78 4580.102 4579.423 4578.769 4578.156 4577.543 4576.931 4576.317 4576.06 4575.869 4575.678 4575.487 4575.438 4575.715 4575.992 4576.269 4576.545 4576.868 4577.206 4577.542 4577.88 4578.231 4578.628 4579.026 4579.424 4579.822 4580.32 4580.863 4581.405 4581.947 4582.471 4582.895 4583.318 4583.742 4584.166 4584.416 4584.561 4584.706 4584.85 4584.997 4585.164 4585.33 4585.496 4585.662 4585.737 4585.737 4585.737 4585.737 4585.735 4585.605 4585.476 4585.346 4585.216
4586.582 4586.023 4585.464 4584.906 4584.334 4583.746 4583.158 4582.57 4581.982 4581.341 4580.695 4580.049 4579.403 4578.795 4578.252 4577.71 4577.167 4576.624 4576.427 4576.295 4576.164 4576.033 4576.035 4576.344 4576.653 4576.962 4577.271 4577.61 4577.958 4578.306 4578.654 4579.011 4579.398 4579.785 4580.172 4580.559 4581.065 4581.624 4582.182 4582.741 4583.283 4583.739 4584.195 4584.651 4585.107 4585.386 4585.558 4585.73 4585.902 4586.068 4586.175 4586.282 4586.389 4586.496 4586.544 4586.544 4586.544 4586.544 4586.542 4586.379 4586.217 4586.055 4585.893
4586.493 4585.917 4585.343 4584.768 4584.188 4583.6 4583.011 4582.423 4581.835 4581.224 4580.61 4579.997 4579.382 4578.822 4578.349 4577.876 4577.404 4576.931 4576.795 4576.723 4576.65 4576.578 4576.632 4576.973 4577.314 4577.656 4577.997 4578.352 4578.71 4579.069 4579.428 4579.791 4580.167 4580.543 4580.919 4581.295 4581.81 4582.385 4582.959 4583.534 4584.095 4584.583 4585.072 4585.561 4586.049 4586.357 4586.556 4586.754 4586.953 4587.139 4587.187 4587.234 4587.282 4587.33 4587.351 4587.351 4587.351 4587.351 4587.348 4587.154 4586.959 4586.765 4586.57
4586.421 4585.833 4585.245 4584.657 4584.072 4583.491 4582.909 4582.327 4581.746 4581.162 4580.577 4579.992 4579.407 4578.889 4578.481 4578.074 4577.666 4577.258 4577.181 4577.167 4577.153 4577.139 4577.239 4577.6 4577.961 4578.322 4578.683 4579.054 4579.428 4579.801 4580.175 4580.548 4580.919 4581.29 4581.66 4582.031 4582.546 4583.124 4583.703 4584.281 4584.851 4585.378 4585.905 4586.432 4586.959 4587.303 4587.536 4587.77 4588.002 4588.215 4588.215 4588.215 4588.215 4588.215 4588.215 4588.215 4588.215 4588.215 4588.212 4587.985 4587.758 4587.532 4587.305
4586.421 4585.833 4585.245 4584.657 4584.087 4583.538 4582.988 4582.439 4581.89 4581.323 4580.754 4580.186 4579.618 4579.125 4578.761 4578.396 4578.031 4577.667 4577.642 4577.682 4577.722 4577.762 4577.89 4578.218 4578.547 4578.875 4579.205 4579.592 4579.999 4580.405 4580.811 4581.212 4581.599 4581.986 4582.373 4582.759 4583.246 4583.775 4584.306 4584.835 4585.375 4585.967 4586.559 4587.15 4587.742 4588.15 4588.448 4588.746 4589.044 4589.316 4589.316 4589.316 4589.316 4589.316 4589.316 4589.316 4589.316 4589.316 4589.312 4589.053 4588.794 4588.535 4588.275
4586.421 4585.833 4585.245 4584.657 4584.101 4583.584 4583.067 4582.55 4582.034 4581.484 4580.932 4580.38 4579.828 4579.362 4579.041 4578.719 4578.397 4578.075 4578.103 4578.197 4578.291 4578.384 4578.54 4578.836 4579.133 4579.429 4579.726 4580.131 4580.569 4581.008 4581.446 4581.876 4582.279 4582.682 4583.085 4583.488 4583.946 4584.427 4584.908 4585.39 4585.899 4586.555 4587.211 4587.868 4588.524 4588.998 4589.36 4589.723 4590.085 4590.417 4590.417 4590.417 4590.417 4590.417 4590.417 4590.417 4590.417 4590.417 4590.412 4590.121 4589.829 4589.538 4589.246
4586.421 4585.833 4585.245 4584.657 4584.116 4583.631 4583.146 4582.662 4582.177 4581.646 4581.11 4580.574 4580.038 4579.598 4579.32 4579.041 4578.763 4578.484 4578.564 4578.712 4578.859 4579.007 4579.19 4579.455 4579.718 4579.982 4580.247 4580.669 4581.14 4581.611 4582.082 4582.54 4582.959 4583.378 4583.798 4584.217 4584.646 4585.079 4585.511 4585.944 4586.423 4587.144 4587.865 4588.586 4589.307 4589.845 4590.272 4590.7 4591.126 4591.517 4591.517 4591.517 4591.517 4591.517 4591.517 4591.517 4591.517 4591.517 4591.512 4591.188 4590.864 4590.541 4590.217
4586.421 4585.833 4585.245 4584.657 4584.13 4583.678 4583.226 4582.773 4582.321 4581.807 4581.287 4580.768 4580.248 4579.835 4579.599 4579.364 4579.128 4578.893 4579.025 4579.227 4579.428 4579.63 4579.841 4580.073 4580.304 4580.536 4580.768 4581.208 4581.711 4582.214 4582.717 4583.204 4583.64 4584.075 4584.51 4584.946 4585.346 4585.73 4586.114 4586.499 4586.947 4587.732 4588.518 4589.304 4590.09 4590.692 4591.184 4591.676 4592.168 4592.617 4592.617 4592.617 4592.617 4592.617 4592.617 4592.617 4592.617 4592.617 4592.612 4592.256 4591.899 4591.543 4591.187
4586.308 4585.752 4585.196 4584.64 4584.14 4583.709 4583.279 4582.849 4582.418 4581.931 4581.438 4580.944 4580.451 4580.076 4579.898 4579.72 4579.542 4579.363 4579.511 4579.721 4579.931 4580.141 4580.36 4580.602 4580.844 4581.085 4581.327 4581.772 4582.28 4582.787 4583.294 4583.79 4584.245 4584.7 4585.155 4585.61 4586.036 4586.449 4586.862 4587.275 4587.745 4588.514 4589.284 4590.054 4590.823 4591.436 4591.954 4592.472 4592.99 4593.465 4593.5 4593.536 4593.571 4593.606 4593.618 4593.611 4593.604 4593.597 4593.584 4593.192 4592.8 4592.408 4592.016
4586.136 4585.628 4585.121 4584.613 4584.147 4583.733 4583.319 4582.905 4582.49 4582.034 4581.573 4581.112 4580.651 4580.321 4580.208 4580.094 4579.98 4579.867 4580.011 4580.205 4580.399 4580.592 4580.811 4581.084 4581.358 4581.632 4581.906 4582.351 4582.848 4583.344 4583.841 4584.333 4584.809 4585.286 4585.762 4586.239 4586.72 4587.203 4587.687 4588.169 4588.689 4589.399 4590.11 4590.82 4591.53 4592.124 4592.647 4593.17 4593.694 4594.18 4594.269 4594.357 4594.447 4594.536 4594.566 4594.548 4594.53 4594.513 4594.489 4594.059 4593.629 4593.199 4592.77
4585.964 4585.505 4585.045 4584.586 4584.155 4583.756 4583.358 4582.96 4582.563 4582.136 4581.708 4581.279 4580.851 4580.565 4580.517 4580.468 4580.419 4580.37 4580.511 4580.689 4580.866 4581.044 4581.261 4581.567 4581.873 4582.179 4582.485 4582.93 4583.416 4583.901 4584.387 4584.875 4585.374 4585.872 4586.37 4586.868 4587.405 4587.958 4588.511 4589.064 4589.633 4590.284 4590.936 4591.586 4592.237 4592.812 4593.341 4593.87 4594.398 4594.894 4595.036 4595.179 4595.322 4595.465 4595.514 4595.485 4595.457 4595.428 4595.393 4594.926 4594.458 4593.99 4593.523
4585.792 4585.381 4584.97 4584.56 4584.162 4583.78 4583.398 4583.016 4582.634 4582.239 4581.843 4581.447 4581.051 4580.81 4580.826 4580.841 4580.857 4580.873 4581.011 4581.173 4581.334 4581.496 4581.71 4582.049 4582.388 4582.727 4583.065 4583.508 4583.983 4584.458 4584.934 4585.419 4585.938 4586.458 4586.978 4587.498 4588.089 4588.712 4589.336 4589.959 4590.578 4591.169 4591.761 4592.353 4592.944 4593.5 4594.034 4594.568 4595.103 4595.607 4595.804 4596.001 4596.198 4596.395 4596.462 4596.422 4596.383 4596.344 4596.297 4595.792 4595.287 4594.782 4594.276
4585.632 4585.266 4584.9 4584.535 4584.168 4583.802 4583.435 4583.068 4582.701 4582.34 4581.979 4581.618 4581.257 4581.06 4581.136 4581.211 4581.286 4581.361 4581.5 4581.65 4581.801 4581.951 4582.167 4582.53 4582.895 4583.258 4583.622 4584.065 4584.531 4584.998 4585.465 4585.948 4586.489 4587.03 4587.57 4588.111 4588.751 4589.437 4590.121 4590.806 4591.467 4592.007 4592.546 4593.085 4593.625 4594.165 4594.705 4595.245 4595.785 4596.299 4596.542 4596.786 4597.029 4597.272 4597.355 4597.307 4597.259 4597.211 4597.157 4596.621 4596.086 4595.55 4595.015
4585.574 4585.225 4584.875 4584.526 4584.171 4583.81 4583.448 4583.086 4582.725 4582.418 4582.117 4581.815 4581.513 4581.36 4581.451 4581.542 4581.634 4581.726 4581.894 4582.077 4582.259 4582.442 4582.67 4583.002 4583.333 4583.665 4583.997 4584.44 4584.917 4585.395 4585.872 4586.368 4586.925 4587.481 4588.038 4588.595 4589.233 4589.907 4590.581 4591.255 4591.908 4592.453 4592.998 4593.543 4594.087 4594.636 4595.187 4595.738 4596.289 4596.812 4597.039 4597.266 4597.493 4597.72 4597.801 4597.764 4597.727 4597.69 4597.646 4597.143 4596.64 4596.137 4595.634
4585.517 4585.184 4584.85 4584.517 4584.173 4583.817 4583.461 4583.105 4582.749 4582.497 4582.254 4582.012 4581.77 4581.66 4581.767 4581.875 4581.982 4582.09 4582.288 4582.503 4582.718 4582.933 4583.174 4583.473 4583.772 4584.072 4584.371 4584.815 4585.303 4585.792 4586.279 4586.787 4587.36 4587.933 4588.506 4589.079 4589.715 4590.378 4591.041 4591.704 4592.35 4592.899 4593.45 4594.0 4594.55 4595.107 4595.669 4596.231 4596.792 4597.324 4597.534 4597.745 4597.956 4598.167 4598.247 4598.221 4598.195 4598.168 4598.136 4597.665 4597.194 4596.724 4596.253
4585.459 4585.142 4584.825 4584.508 4584.176 4583.825 4583.475 4583.124 4582.773 4582.576 4582.393 4582.209 4582.026 4581.959 4582.083 4582.207 4582.33 4582.454 4582.682 4582.929 4583.177 4583.424 4583.678 4583.945 4584.211 4584.479 4584.745 4585.19 4585.689 4586.188 4586.687 4587.207 4587.796 4588.385 4588.974 4589.563 4590.196 4590.849 4591.501 4592.153 4592.791 4593.346 4593.902 4594.457 4595.013 4595.579 4596.151 4596.724 4597.296 4597.836 4598.03 4598.225 4598.42 4598.614 4598.693 4598.678 4598.663 4598.647 4598.625 4598.187 4597.749 4597.311 4596.872
4585.402 4585.101 4584.8 4584.499 4584.178 4583.833 4583.488 4583.143 4582.797 4582.654 4582.53 4582.407 4582.283 4582.259 4582.398 4582.539 4582.678 4582.818 4583.076 4583.355 4583.636 4583.916 4584.182 4584.416 4584.65 4584.885 4585.12 4585.565 4586.075 4586.584 4587.094 4587.626 4588.231 4588.837 4589.442 4590.047 4590.678 4591.32 4591.961 4592.603 4593.231 4593.792 4594.354 4594.915 4595.475 4596.05 4596.633 4597.217 4597.8 4598.348 4598.526 4598.705 4598.883 4599.062 4599.14 4599.135 4599.13 4599.125 4599.115 4598.709 4598.303 4597.897 4597.491
