data/zism_data/01196_04_D.txt
ncols         224
nrows         224
[rows 196 to 223 of 224, columns 126 to 188 of 224]
1091.951 1092.127 1091.938 1091.429 1090.92 1090.412 1089.918 1091.439 1092.961 1094.483 1096.005 1097.075 1097.66 1098.245 1098.83 1099.415 1099.104 1098.752 1098.401 1098.049 1097.781 1097.625 1097.468 1097.31 1097.153 1097.416 1097.722 1098.027 1098.333 1098.605 1098.824 1099.042 1099.26 1099.478 1097.568 1095.299 1093.031 1090.763 1085.54 1074.343 1063.147 1051.95 1040.754 1031.709 1023.184 1014.659 1006.133 1000.021 1000.096 1000.171 1000.246 1000.321 1000.331 1000.32 1000.309 1000.298 1000.123 999.4004 998.6777 997.955 997.2323 995.8676 994.2344
1093.247 1094.07 1094.118 1093.485 1092.853 1092.22 1091.6 1092.825 1094.05 1095.275 1096.5 1097.37 1097.858 1098.346 1098.833 1099.321 1099.104 1098.855 1098.606 1098.357 1098.173 1098.076 1097.978 1097.88 1097.783 1098.026 1098.305 1098.584 1098.863 1099.094 1099.247 1099.4 1099.554 1099.707 1097.848 1095.649 1093.451 1091.253 1085.982 1074.5 1063.017 1051.535 1040.052 1031.087 1022.729 1014.371 1006.013 1000.03 1000.138 1000.245 1000.352 1000.46 1000.498 1000.514 1000.53 1000.546 1000.4 999.7155 999.0305 998.3456 997.6606 996.1017 994.1771
1094.543 1096.014 1096.298 1095.542 1094.785 1094.028 1093.283 1094.211 1095.139 1096.067 1096.996 1097.665 1098.056 1098.446 1098.837 1099.228 1099.105 1098.958 1098.812 1098.665 1098.565 1098.527 1098.489 1098.45 1098.412 1098.637 1098.888 1099.14 1099.392 1099.582 1099.67 1099.759 1099.848 1099.936 1098.127 1095.999 1093.871 1091.743 1086.425 1074.656 1062.888 1051.12 1039.351 1030.465 1022.274 1014.084 1005.893 1000.039 1000.179 1000.319 1000.459 1000.599 1000.665 1000.708 1000.751 1000.794 1000.678 1000.031 999.3833 998.7361 998.089 996.3358 994.1198
1094.465 1096.459 1097.026 1096.339 1095.653 1094.967 1094.291 1095.059 1095.828 1096.596 1097.364 1097.913 1098.228 1098.542 1098.857 1099.171 1099.087 1098.985 1098.883 1098.781 1098.727 1098.735 1098.744 1098.752 1098.761 1098.954 1099.167 1099.379 1099.592 1099.727 1099.739 1099.75 1099.762 1099.773 1097.552 1094.955 1092.359 1089.762 1084.127 1072.351 1060.574 1048.797 1037.02 1028.548 1020.873 1013.197 1005.522 1000.055 1000.252 1000.449 1000.646 1000.844 1000.944 1001.014 1001.084 1001.154 1001.05 1000.366 999.6823 998.9983 998.3143 996.4061 993.9858
1093.972 1096.452 1097.314 1096.758 1096.201 1095.644 1095.096 1095.745 1096.395 1097.045 1097.694 1098.148 1098.393 1098.637 1098.881 1099.125 1099.064 1098.989 1098.914 1098.839 1098.819 1098.87 1098.922 1098.974 1099.026 1099.184 1099.353 1099.522 1099.692 1099.77 1099.7 1099.631 1099.561 1099.492 1096.719 1093.491 1090.263 1087.035 1081.003 1069.302 1057.6 1045.899 1034.198 1026.24 1019.185 1012.13 1005.076 1000.073 1000.335 1000.597 1000.859 1001.121 1001.258 1001.355 1001.451 1001.548 1001.452 1000.708 999.965 999.2216 998.4783 996.4271 993.8287
1093.479 1096.444 1097.603 1097.176 1096.749 1096.321 1095.901 1096.432 1096.963 1097.493 1098.024 1098.383 1098.557 1098.731 1098.905 1099.079 1099.041 1098.993 1098.945 1098.897 1098.91 1099.005 1099.1 1099.195 1099.29 1099.413 1099.539 1099.665 1099.792 1099.812 1099.662 1099.511 1099.361 1099.211 1095.885 1092.026 1088.167 1084.308 1077.878 1066.252 1054.627 1043.001 1031.375 1023.933 1017.498 1011.064 1004.629 1000.092 1000.418 1000.745 1001.071 1001.398 1001.571 1001.695 1001.819 1001.943 1001.853 1001.05 1000.248 999.4449 998.6423 996.4481 993.6716
1092.987 1096.437 1097.892 1097.594 1097.296 1096.998 1096.706 1097.118 1097.53 1097.942 1098.354 1098.618 1098.722 1098.826 1098.93 1099.034 1099.018 1098.997 1098.976 1098.955 1099.002 1099.14 1099.279 1099.417 1099.555 1099.643 1099.726 1099.808 1099.891 1099.854 1099.623 1099.392 1099.161 1098.929 1095.052 1090.561 1086.071 1081.58 1074.753 1063.203 1051.653 1040.103 1028.553 1021.625 1015.811 1009.997 1004.183 1000.11 1000.501 1000.892 1001.284 1001.675 1001.885 1002.035 1002.186 1002.337 1002.254 1001.392 1000.53 999.6683 998.8063 996.469 993.5145
1092.048 1095.987 1097.769 1097.656 1097.543 1097.43 1097.32 1097.645 1097.97 1098.295 1098.62 1098.808 1098.847 1098.887 1098.927 1098.966 1098.975 1098.982 1098.989 1098.996 1099.075 1099.249 1099.424 1099.598 1099.772 1099.824 1099.864 1099.904 1099.944 1099.812 1099.401 1098.99 1098.579 1098.168 1093.558 1088.242 1082.925 1077.609 1070.322 1059.053 1047.783 1036.514 1025.245 1018.967 1013.893 1008.82 1003.746 1000.226 1000.693 1001.16 1001.626 1002.093 1002.323 1002.476 1002.629 1002.782 1002.693 1001.792 1000.892 999.9917 999.0914 996.6124 993.4728
1089.505 1093.946 1096.166 1096.436 1096.706 1096.976 1097.247 1097.599 1097.951 1098.303 1098.655 1098.836 1098.832 1098.829 1098.825 1098.822 1098.859 1098.899 1098.938 1098.978 1099.08 1099.265 1099.45 1099.635 1099.82 1099.834 1099.831 1099.827 1099.824 1099.461 1098.516 1097.572 1096.627 1095.682 1089.687 1082.844 1076.0 1069.157 1061.186 1050.936 1040.687 1030.437 1020.188 1015.052 1011.149 1007.246 1003.343 1000.698 1001.278 1001.858 1002.438 1003.017 1003.21 1003.276 1003.343 1003.41 1003.263 1002.4 1001.538 1000.675 999.8128 997.1965 993.8465
1086.961 1091.904 1094.563 1095.217 1095.87 1096.523 1097.174 1097.553 1097.932 1098.311 1098.69 1098.864 1098.817 1098.77 1098.724 1098.677 1098.744 1098.816 1098.887 1098.959 1099.084 1099.28 1099.476 1099.672 1099.868 1099.844 1099.797 1099.751 1099.704 1099.111 1097.632 1096.153 1094.674 1093.195 1085.816 1077.446 1069.075 1060.705 1052.05 1042.82 1033.59 1024.36 1015.13 1011.136 1008.404 1005.672 1002.94 1001.169 1001.862 1002.555 1003.249 1003.942 1004.097 1004.077 1004.058 1004.038 1003.833 1003.008 1002.184 1001.359 1000.534 997.7806 994.2202
1084.418 1089.863 1092.961 1093.997 1095.033 1096.069 1097.101 1097.507 1097.913 1098.319 1098.725 1098.892 1098.802 1098.712 1098.622 1098.532 1098.628 1098.732 1098.837 1098.941 1099.089 1099.296 1099.502 1099.709 1099.916 1099.854 1099.764 1099.674 1099.584 1098.761 1096.748 1094.734 1092.721 1090.708 1081.945 1072.048 1062.15 1052.253 1042.914 1034.704 1026.494 1018.283 1010.073 1007.221 1005.66 1004.098 1002.537 1001.64 1002.447 1003.253 1004.06 1004.866 1004.984 1004.878 1004.772 1004.666 1004.403 1003.616 1002.829 1002.042 1001.255 998.3647 994.5939
1081.875 1087.821 1091.358 1092.777 1094.196 1095.615 1097.027 1097.46 1097.893 1098.326 1098.759 1098.92 1098.787 1098.654 1098.521 1098.388 1098.513 1098.649 1098.786 1098.922 1099.094 1099.311 1099.529 1099.746 1099.963 1099.863 1099.73 1099.597 1099.464 1098.411 1095.863 1093.316 1090.769 1088.221 1078.074 1066.65 1055.225 1043.801 1033.777 1026.587 1019.397 1012.207 1005.016 1003.305 1002.915 1002.525 1002.134 1002.112 1003.031 1003.951 1004.871 1005.791 1005.871 1005.679 1005.486 1005.294 1004.974 1004.224 1003.475 1002.726 1001.977 998.9489 994.9676
1081.03 1087.075 1090.743 1092.322 1093.902 1095.481 1097.051 1097.371 1097.69 1098.01 1098.33 1098.447 1098.346 1098.246 1098.145 1098.045 1098.264 1098.498 1098.731 1098.965 1099.184 1099.383 1099.583 1099.782 1099.981 1099.837 1099.657 1099.478 1099.298 1098.049 1095.064 1092.08 1089.095 1086.111 1075.438 1063.472 1051.506 1039.54 1029.356 1022.776 1016.195 1009.615 1003.034 1001.904 1002.087 1002.271 1002.454 1002.879 1003.923 1004.967 1006.011 1007.055 1007.048 1006.701 1006.354 1006.007 1005.498 1004.445 1003.392 1002.338 1001.285 997.7352 993.1405
1081.034 1086.977 1090.622 1092.25 1093.878 1095.506 1097.123 1097.259 1097.396 1097.532 1097.668 1097.724 1097.693 1097.663 1097.633 1097.602 1097.948 1098.311 1098.675 1099.038 1099.316 1099.483 1099.65 1099.817 1099.984 1099.793 1099.565 1099.337 1099.108 1097.681 1094.308 1090.935 1087.562 1084.189 1073.418 1061.404 1049.39 1037.375 1027.293 1021.117 1014.941 1008.765 1002.589 1001.759 1002.218 1002.676 1003.135 1003.794 1004.968 1006.141 1007.315 1008.488 1008.37 1007.835 1007.299 1006.763 1005.999 1004.471 1002.943 1001.415 999.887 995.6225 990.2131
1081.038 1086.878 1090.502 1092.178 1093.854 1095.531 1097.195 1097.148 1097.1 1097.053 1097.006 1097.001 1097.04 1097.08 1097.12 1097.16 1097.633 1098.125 1098.618 1099.111 1099.449 1099.583 1099.718 1099.853 1099.987 1099.749 1099.472 1099.196 1098.919 1097.313 1093.552 1089.79 1086.029 1082.267 1071.399 1059.336 1047.273 1035.21 1025.229 1019.458 1013.687 1007.916 1002.144 1001.615 1002.348 1003.082 1003.816 1004.71 1006.013 1007.315 1008.618 1009.921 1009.693 1008.968 1008.244 1007.519 1006.5 1004.497 1002.494 1000.492 998.4888 993.5098 987.2856
1081.042 1086.78 1090.381 1092.106 1093.831 1095.556 1097.267 1097.036 1096.805 1096.575 1096.344 1096.278 1096.387 1096.497 1096.607 1096.717 1097.317 1097.939 1098.561 1099.184 1099.581 1099.684 1099.786 1099.888 1099.99 1099.705 1099.38 1099.054 1098.729 1096.945 1092.795 1088.646 1084.495 1080.346 1069.38 1057.268 1045.157 1033.045 1023.166 1017.799 1012.433 1007.066 1001.699 1001.47 1002.479 1003.488 1004.497 1005.625 1007.057 1008.49 1009.922 1011.355 1011.015 1010.102 1009.188 1008.275 1007.001 1004.524 1002.046 999.5682 997.0906 991.3971 984.3582
1081.329 1086.918 1090.421 1092.093 1093.764 1095.436 1097.092 1096.608 1096.124 1095.639 1095.155 1095.033 1095.299 1095.565 1095.832 1096.098 1096.864 1097.651 1098.439 1099.227 1099.706 1099.778 1099.85 1099.922 1099.993 1099.672 1099.311 1098.95 1098.588 1096.674 1092.242 1087.809 1083.376 1078.944 1067.881 1055.703 1043.526 1031.348 1021.529 1016.478 1011.427 1006.376 1001.326 1001.376 1002.656 1003.935 1005.215 1006.578 1008.151 1009.725 1011.299 1012.873 1012.411 1011.29 1010.169 1009.048 1007.482 1004.427 1001.373 998.3183 995.2639 988.8347 980.9935
1083.774 1088.862 1091.688 1092.529 1093.369 1094.21 1095.035 1093.764 1092.492 1091.22 1089.948 1089.81 1090.891 1091.972 1093.053 1094.134 1095.358 1096.588 1097.819 1099.049 1099.772 1099.828 1099.884 1099.939 1099.995 1099.726 1099.424 1099.122 1098.82 1097.143 1093.233 1089.324 1085.415 1081.505 1070.347 1057.969 1045.592 1033.215 1023.143 1017.73 1012.318 1006.906 1001.494 1001.665 1003.182 1004.699 1006.216 1007.815 1009.62 1011.426 1013.232 1015.038 1014.368 1012.896 1011.424 1009.953 1007.805 1003.396 998.9873 994.5786 990.1698 982.8428 974.2949
1086.22 1090.805 1092.955 1092.965 1092.974 1092.984 1092.979 1090.919 1088.859 1086.8 1084.74 1084.587 1086.483 1088.379 1090.274 1092.17 1093.853 1095.525 1097.198 1098.871 1099.839 1099.878 1099.917 1099.957 1099.996 1099.78 1099.537 1099.295 1099.052 1097.611 1094.225 1090.839 1087.453 1084.067 1072.813 1060.236 1047.659 1035.082 1024.756 1018.983 1013.209 1007.435 1001.661 1001.954 1003.708 1005.463 1007.218 1009.052 1011.089 1013.127 1015.165 1017.203 1016.325 1014.502 1012.68 1010.857 1008.128 1002.365 996.6018 990.8388 985.0757 976.851 967.5962
1088.666 1092.749 1094.222 1093.401 1092.579 1091.758 1090.922 1088.075 1085.228 1082.38 1079.532 1079.364 1082.075 1084.785 1087.495 1090.206 1092.347 1094.462 1096.578 1098.693 1099.905 1099.928 1099.951 1099.975 1099.998 1099.834 1099.65 1099.467 1099.284 1098.079 1095.216 1092.354 1089.491 1086.628 1075.278 1062.502 1049.726 1036.949 1026.37 1020.235 1014.1 1007.965 1001.829 1002.243 1004.235 1006.227 1008.219 1010.289 1012.558 1014.828 1017.098 1019.368 1018.282 1016.109 1013.935 1011.762 1008.451 1001.334 994.2163 987.099 979.9817 970.8591 960.8975
1091.111 1094.693 1095.489 1093.836 1092.184 1090.532 1088.866 1085.231 1081.595 1077.96 1074.325 1074.141 1077.666 1081.192 1084.717 1088.242 1090.841 1093.399 1095.957 1098.515 1099.971 1099.978 1099.985 1099.992 1099.999 1099.888 1099.764 1099.64 1099.516 1098.547 1096.208 1093.868 1091.529 1089.19 1077.744 1064.768 1051.792 1038.816 1027.984 1021.487 1014.991 1008.494 1001.997 1002.532 1004.761 1006.99 1009.22 1011.526 1014.028 1016.529 1019.031 1021.533 1020.239 1017.715 1015.191 1012.667 1008.774 1000.302 991.8308 983.3592 974.8876 964.8672 954.1989
1090.963 1094.184 1094.288 1091.656 1089.023 1086.391 1083.747 1079.596 1075.444 1071.293 1067.141 1067.33 1072.182 1077.034 1081.886 1086.739 1089.682 1092.538 1095.395 1098.252 1099.868 1099.85 1099.831 1099.813 1099.795 1099.624 1099.437 1099.25 1099.064 1098.142 1096.027 1093.913 1091.798 1089.683 1078.331 1065.427 1052.523 1039.618 1028.783 1022.133 1015.482 1008.831 1002.18 1002.94 1005.486 1008.032 1010.578 1013.208 1016.055 1018.902 1021.749 1024.595 1023.265 1020.583 1017.9 1015.218 1010.977 1001.523 992.0691 982.6153 973.1614 962.3186 950.8946
1088.821 1091.787 1091.19 1087.463 1083.735 1080.007 1076.274 1071.815 1067.356 1062.897 1058.437 1059.296 1065.87 1072.443 1079.017 1085.59 1088.788 1091.834 1094.879 1097.925 1099.634 1099.583 1099.533 1099.482 1099.432 1099.116 1098.773 1098.429 1098.086 1097.066 1094.946 1092.825 1090.705 1088.585 1077.473 1064.849 1052.225 1039.601 1028.956 1022.311 1015.665 1009.02 1002.374 1003.439 1006.363 1009.287 1012.211 1015.234 1018.512 1021.791 1025.069 1028.347 1027.115 1024.422 1021.728 1019.035 1014.625 1004.476 994.3257 984.1758 974.0259 962.4186 950.2015
1086.678 1089.391 1088.092 1083.269 1078.446 1073.623 1068.8 1064.034 1059.267 1054.5 1049.734 1051.263 1059.557 1067.852 1076.147 1084.442 1087.894 1091.129 1094.363 1097.598 1099.401 1099.317 1099.234 1099.151 1099.068 1098.608 1098.108 1097.608 1097.109 1095.989 1093.864 1091.738 1089.613 1087.487 1076.614 1064.271 1051.928 1039.584 1029.129 1022.489 1015.849 1009.209 1002.568 1003.939 1007.24 1010.542 1013.844 1017.26 1020.97 1024.68 1028.39 1032.1 1030.964 1028.26 1025.557 1022.853 1018.274 1007.428 996.5823 985.7364 974.8904 962.5186 949.5083
1084.535 1086.995 1084.995 1079.076 1073.158 1067.239 1061.327 1056.252 1051.178 1046.104 1041.03 1043.229 1053.245 1063.261 1073.277 1083.293 1087.001 1090.424 1093.848 1097.271 1099.167 1099.051 1098.936 1098.82 1098.705 1098.099 1097.443 1096.787 1096.131 1094.913 1092.782 1090.651 1088.52 1086.389 1075.756 1063.693 1051.631 1039.568 1029.302 1022.667 1016.032 1009.397 1002.763 1004.439 1008.118 1011.797 1015.476 1019.285 1023.427 1027.568 1031.71 1035.852 1034.814 1032.099 1029.385 1026.67 1021.923 1010.381 998.8389 987.2969 975.755 962.6186 948.8151
1082.451 1084.653 1081.951 1074.942 1067.933 1060.924 1053.926 1048.546 1043.166 1037.786 1032.406 1035.265 1046.978 1058.691 1070.404 1082.118 1086.085 1089.703 1093.321 1096.939 1098.932 1098.785 1098.638 1098.491 1098.344 1097.59 1096.773 1095.955 1095.138 1093.809 1091.651 1089.492 1087.333 1085.175 1074.785 1063.011 1051.238 1039.464 1029.401 1022.796 1016.19 1009.585 1002.98 1004.969 1009.03 1013.091 1017.153 1021.356 1025.924 1030.491 1035.059 1039.627 1038.68 1035.949 1033.217 1030.485 1025.568 1013.341 1001.114 988.8875 976.6608 962.7737 948.1919
1084.309 1085.977 1082.615 1074.834 1067.053 1059.273 1051.508 1045.933 1040.359 1034.785 1029.21 1032.003 1043.786 1055.569 1067.352 1079.136 1083.674 1087.886 1092.097 1096.309 1098.651 1098.531 1098.411 1098.291 1098.171 1096.979 1095.676 1094.373 1093.07 1090.851 1087.143 1083.436 1079.729 1076.022 1066.153 1055.248 1044.343 1033.438 1024.506 1019.563 1014.619 1009.676 1004.732 1007.588 1012.323 1017.059 1021.795 1026.495 1031.106 1035.717 1040.328 1044.939 1043.673 1040.504 1037.335 1034.167 1028.932 1016.792 1004.652 992.5114 980.371 966.6729 952.3232
1086.167 1087.301 1083.278 1074.726 1066.174 1057.621 1049.089 1043.321 1037.552 1031.783 1026.015 1028.74 1040.594 1052.447 1064.3 1076.154 1081.263 1086.068 1090.874 1095.679 1098.37 1098.277 1098.184 1098.091 1097.998 1096.368 1094.579 1092.791 1091.002 1087.892 1082.636 1077.38 1072.124 1066.869 1057.521 1047.484 1037.448 1027.412 1019.611 1016.33 1013.048 1009.766 1006.485 1010.207 1015.617 1021.027 1026.437 1031.635 1036.289 1040.943 1045.597 1050.251 1048.666 1045.06 1041.454 1037.848 1032.297 1020.243 1008.189 996.1353 984.0812 970.5722 956.4545
