data/zism_data/01197_01_D.txt
ncols         224
nrows         224
[rows 29 to 57 of 224, columns 130 to 194 of 224]
599.4229 599.7139 599.7281 599.7423 599.7565 599.7707 599.79 599.8113 599.8326 599.8539 599.8685 599.8543 599.8401 599.8259 599.8118 599.8068 599.8068 599.8068 599.8068 599.801 599.7513 599.7017 599.652 599.6022 599.0706 598.1896 597.3087 596.4276 595.3828 590.7327 586.0825 581.4323 576.7822 570.4648 562.5277 554.5906 546.6536 538.7166 536.9548 535.3774 533.8001 532.2227 533.4409 538.2932 543.1454 547.9977 552.85 554.452 555.6871 556.9222 558.1573 559.2722 560.1752 561.0782 561.9813 562.8844 562.7993 562.5062 562.213 561.9199 560.0175 554.1722 548.327 542.4817 536.6364
599.6546 599.9308 599.9343 599.9377 599.9411 599.9446 599.9492 599.9544 599.9595 599.9647 599.9682 599.9648 599.9614 599.9579 599.9545 599.9533 599.9533 599.9533 599.9533 599.9519 599.9399 599.9279 599.9158 599.9039 599.5815 599.0342 598.4869 597.9396 597.2219 592.7548 588.2877 583.8206 579.3535 572.4764 563.2582 554.04 544.8219 535.6037 532.3154 529.204 526.0927 522.9813 523.3559 528.262 533.168 538.0741 542.9802 544.5974 545.8433 547.0892 548.335 549.4509 550.3378 551.2247 552.1116 552.9985 553.1862 553.2268 553.2674 553.3079 551.9904 547.3455 542.7006 538.0557 533.4108
599.6194 599.8561 599.8781 599.9 599.9221 599.944 599.9581 599.9691 599.98 599.9911 600.0 600.0 600.0 600.0 600.0 600.0 600.0 600.0 600.0 600.0 600.0 600.0 600.0 600.0 599.7827 599.4078 599.0328 598.658 598.1293 594.2192 590.309 586.3988 582.4886 575.9597 566.8867 557.8137 548.7407 539.6677 534.7267 529.9091 525.0916 520.2739 519.2085 523.0209 526.8332 530.6456 534.4579 535.8092 536.8825 537.9558 539.0291 539.9852 540.735 541.4847 542.2345 542.9843 543.2482 543.4099 543.5715 543.733 542.8016 539.192 535.5825 531.9729 528.3633
599.4594 599.6447 599.699 599.7533 599.8076 599.8619 599.8965 599.9236 599.9508 599.978 600.0 600.0 600.0 600.0 600.0 600.0 600.0 600.0 600.0 600.0 600.0 600.0 600.0 600.0 599.8388 599.5608 599.2828 599.0048 598.6006 595.4225 592.2443 589.0662 585.888 580.132 571.8718 563.6116 555.3514 547.0911 540.4385 533.8339 527.2293 520.6247 517.8401 520.0216 522.2031 524.3846 526.566 527.5196 528.3345 529.1495 529.9644 530.6855 531.2415 531.7975 532.3535 532.9095 533.1575 533.3407 533.5239 533.707 533.0685 530.4171 527.7657 525.1143 522.4628
599.2993 599.4334 599.52 599.6066 599.6932 599.7797 599.835 599.8782 599.9216 599.9648 600.0 600.0 600.0 600.0 600.0 600.0 600.0 600.0 600.0 600.0 600.0 600.0 600.0 600.0 599.895 599.7139 599.5327 599.3516 599.072 596.6258 594.1796 591.7334 589.2872 584.3041 576.8567 569.4092 561.9618 554.5143 546.1501 537.7585 529.367 520.9754 516.4718 517.0225 517.5731 518.1238 518.6744 519.2303 519.7869 520.3434 520.9 521.3861 521.7484 522.1107 522.4729 522.8351 523.0672 523.2719 523.4766 523.6813 523.3358 521.6425 519.9492 518.2558 516.5625
599.1392 599.2221 599.3409 599.4598 599.5787 599.6976 599.7734 599.8329 599.8923 599.9518 600.0 600.0 600.0 600.0 600.0 600.0 600.0 600.0 600.0 600.0 600.0 600.0 600.0 600.0 599.9512 599.8669 599.7827 599.6984 599.5433 597.8291 596.1149 594.4006 592.6865 588.4763 581.8416 575.2069 568.5722 561.9374 551.8617 541.6832 531.5046 521.3262 515.1035 514.0233 512.9431 511.8629 510.7827 510.9411 511.2393 511.5374 511.8356 512.0868 512.2552 512.4238 512.5922 512.7607 512.9769 513.2031 513.4293 513.6555 513.6031 512.8679 512.1326 511.3974 510.6622
598.9899 599.0294 599.1784 599.3275 599.4765 599.6255 599.7199 599.7934 599.8669 599.9404 600.0 600.0 600.0 600.0 600.0 600.0 600.0 600.0 600.0 600.0 600.0 600.0 600.0 600.0 600.0 600.0 600.0 600.0 599.9545 598.9077 597.8609 596.8141 595.7673 592.3094 586.5092 580.709 574.9089 569.1087 557.5168 545.7521 533.9874 522.2227 514.4283 511.7951 509.162 506.5288 503.8957 503.7236 503.8294 503.9352 504.041 504.1654 504.3227 504.4799 504.6372 504.7945 504.9928 505.1999 505.4069 505.6139 505.748 505.7034 505.6588 505.6142 505.5696
598.9127 598.9603 599.1255 599.2907 599.4559 599.6212 599.7199 599.7934 599.8669 599.9404 600.0 600.0 600.0 600.0 600.0 600.0 600.0 600.0 600.0 600.0 600.0 600.0 600.0 600.0 600.0 600.0 600.0 600.0 599.9648 599.1548 598.3448 597.5348 596.7249 593.8806 589.06 584.2394 579.4189 574.5984 562.7945 550.7822 538.7699 526.7576 518.3738 514.7073 511.0407 507.3741 503.7076 503.6531 504.0065 504.3599 504.7133 505.4325 506.7954 508.1583 509.5212 510.8841 511.0521 510.9685 510.8849 510.8013 510.4123 509.275 508.1378 507.0005 505.8633
598.8354 598.8912 599.0726 599.254 599.4353 599.6167 599.7199 599.7934 599.8669 599.9404 600.0 600.0 600.0 600.0 600.0 600.0 600.0 600.0 600.0 600.0 600.0 600.0 600.0 600.0 600.0 600.0 600.0 600.0 599.9751 599.4019 598.8287 598.2556 597.6824 595.4517 591.6109 587.77 583.9291 580.0883 568.0724 555.8124 543.5525 531.2925 522.3196 517.6195 512.9196 508.2195 503.5194 503.5826 504.1837 504.7847 505.3857 506.6996 509.2682 511.8368 514.4054 516.974 517.1116 516.7373 516.3631 515.9888 515.0767 512.8467 510.6168 508.3868 506.1569
598.7582 598.8222 599.0197 599.2172 599.4147 599.6122 599.7199 599.7934 599.8669 599.9404 600.0 600.0 600.0 600.0 600.0 600.0 600.0 600.0 600.0 600.0 600.0 600.0 600.0 600.0 600.0 600.0 600.0 600.0 599.9854 599.649 599.3127 598.9763 598.64 597.0229 594.1617 591.3004 588.4392 585.578 573.35 560.8425 548.335 535.8274 526.2651 520.5317 514.7983 509.0648 503.3313 503.5121 504.3608 505.2094 506.058 507.9667 511.7409 515.5152 519.2894 523.0637 523.1708 522.506 521.8411 521.1762 519.741 516.4184 513.0958 509.7731 506.4505
598.681 598.7532 598.9668 599.1805 599.3941 599.6078 599.7199 599.7934 599.8669 599.9404 600.0 600.0 600.0 600.0 600.0 600.0 600.0 600.0 600.0 600.0 600.0 600.0 600.0 600.0 600.0 600.0 600.0 600.0 599.9957 599.8961 599.7966 599.6971 599.5975 598.5941 596.7125 594.831 592.9495 591.0679 578.6279 565.8727 553.1176 540.3624 530.2108 523.4439 516.6771 509.9101 503.1432 503.4417 504.5379 505.6342 506.7304 509.2338 514.2137 519.1937 524.1736 529.1536 529.2303 528.2748 527.3193 526.3638 524.4055 519.9901 515.5748 511.1595 506.7441
598.3181 598.404 598.6993 598.9946 599.29 599.5853 599.7199 599.7934 599.8669 599.9404 600.0 600.0 600.0 600.0 600.0 599.9817 599.9536 599.9255 599.8975 599.8726 599.8726 599.8726 599.8726 599.8726 599.8889 599.917 599.9451 599.9731 600.0 600.0 600.0 600.0 600.0 599.2972 597.9116 596.5261 595.1404 593.7549 581.7191 569.3653 557.0115 544.6577 534.5239 527.2758 520.0278 512.7798 505.5317 506.5955 508.5977 510.5999 512.6022 515.9935 521.8296 527.6656 533.5018 539.3378 539.4136 538.2767 537.1398 536.0029 533.5447 527.8495 522.1542 516.459 510.7638
597.748 597.8517 598.2762 598.7007 599.1252 599.5497 599.7199 599.7934 599.8669 599.9404 600.0 600.0 600.0 600.0 600.0 599.9501 599.8736 599.7971 599.7205 599.6528 599.6528 599.6528 599.6528 599.6528 599.6972 599.7737 599.8503 599.9268 600.0 600.0 600.0 600.0 600.0 599.3709 598.1307 596.8904 595.6502 594.41 583.225 571.7432 560.2614 548.7796 539.1035 531.7747 524.446 517.1172 509.7884 512.0869 515.4725 518.8581 522.2437 526.7355 533.1744 539.6133 546.0522 552.4911 552.5872 551.3481 550.1089 548.8697 545.9286 538.8177 531.7068 524.5959 517.485
597.1779 597.2994 597.8531 598.4068 598.9604 599.5142 599.7199 599.7934 599.8669 599.9404 600.0 600.0 600.0 600.0 600.0 599.9185 599.7935 599.6686 599.5436 599.4331 599.4331 599.4331 599.4331 599.4331 599.5056 599.6306 599.7555 599.8805 600.0 600.0 600.0 600.0 600.0 599.4446 598.3497 597.2549 596.16 595.0651 584.731 574.1211 563.5112 552.9014 543.6829 536.2734 528.864 521.4544 514.0449 517.5782 522.3471 527.116 531.8849 537.4773 544.5189 551.5606 558.6023 565.644 565.7604 564.419 563.0775 561.7361 558.3121 549.7856 541.2591 532.7325 524.2061
596.6078 596.7471 597.43 598.1129 598.7957 599.4786 599.7199 599.7934 599.8669 599.9404 600.0 600.0 600.0 600.0 600.0 599.8869 599.7135 599.5401 599.3667 599.2134 599.2134 599.2134 599.2134 599.2134 599.3139 599.4873 599.6607 599.8341 600.0 600.0 600.0 600.0 600.0 599.5184 598.5688 597.6193 596.6697 595.7202 586.2369 576.499 566.761 557.0231 548.2624 540.7721 533.2819 525.7917 518.3014 523.0695 529.2217 535.3739 541.5261 548.219 555.8634 563.5079 571.1523 578.7968 578.9336 577.4899 576.0462 574.6025 570.6956 560.7535 550.8113 540.8692 530.9271
596.0069 596.1666 596.9841 597.8016 598.6191 599.4366 599.7157 599.7903 599.8649 599.9395 600.0 600.0 600.0 600.0 600.0 599.8525 599.6265 599.4005 599.1744 598.9742 598.9716 598.9689 598.9662 598.9636 599.0945 599.3223 599.5501 599.7779 599.9958 599.9967 599.9977 599.9986 599.9995 599.5906 598.7836 597.9766 597.1697 596.3627 587.7421 578.8882 570.0344 561.1805 552.9033 545.3757 537.8481 530.3205 522.7928 528.7402 536.209 543.6777 551.1465 558.8753 567.0617 575.2481 583.4345 591.6209 591.777 590.2426 588.7082 587.1738 582.8153 571.5376 560.2598 548.9821 537.7043
594.3716 594.6379 595.773 596.9081 598.0432 599.1782 599.5721 599.6843 599.7966 599.9089 600.0 600.0 600.0 600.0 600.0 599.7262 599.3064 598.8866 598.4667 598.0847 597.9905 597.8964 597.8022 597.7081 597.9472 598.4279 598.9087 599.3894 599.8507 599.8839 599.9172 599.9504 599.9836 599.6152 598.8567 598.0981 597.3396 596.5811 589.2162 581.6541 574.092 566.5299 559.5983 553.4862 547.3742 541.2621 535.15 540.4139 546.9623 553.5106 560.059 566.6588 573.3489 580.039 586.7292 593.4193 593.5598 592.3214 591.0829 589.8445 586.0862 576.1541 566.222 556.2899 546.3578
592.7362 593.1093 594.562 596.0145 597.4672 598.9198 599.4285 599.5784 599.7283 599.8783 600.0 600.0 600.0 600.0 600.0 599.5999 598.9863 598.3727 597.7591 597.1951 597.0095 596.8238 596.6382 596.4525 596.7998 597.5335 598.2673 599.001 599.7056 599.7711 599.8367 599.9022 599.9677 599.6398 598.9297 598.2196 597.5095 596.7994 590.6903 584.42 578.1498 571.8795 566.2935 561.597 556.9006 552.2041 547.5076 552.088 557.7159 563.3439 568.9718 574.4424 579.6363 584.8301 590.0239 595.2178 595.3425 594.4001 593.4577 592.5153 589.3574 580.7709 572.1844 563.598 555.0115
591.101 591.5807 593.3509 595.1211 596.8912 598.6614 599.2849 599.4725 599.6601 599.8477 600.0 600.0 600.0 600.0 600.0 599.4735 598.6661 597.8588 597.0515 596.3056 596.0284 595.7513 595.4741 595.197 595.6525 596.6392 597.6259 598.6125 599.5605 599.6584 599.7562 599.854 599.9518 599.6644 599.0027 598.3411 597.6794 597.0178 592.1644 587.1859 582.2074 577.2288 572.9884 569.7075 566.4266 563.1456 559.8647 563.7618 568.4692 573.1768 577.8843 582.2258 585.9235 589.621 593.3186 597.0162 597.1252 596.4788 595.8325 595.1861 592.6283 585.3875 578.1466 570.9058 563.6649
589.4656 590.0521 592.1398 594.2275 596.3153 598.403 599.1412 599.3665 599.5918 599.8171 600.0 600.0 600.0 600.0 600.0 599.3471 598.346 597.3449 596.3438 595.4161 595.0474 594.6787 594.3101 593.9414 594.5051 595.7448 596.9844 598.2241 599.4155 599.5456 599.6757 599.8058 599.9359 599.689 599.0758 598.4626 597.8494 597.2362 593.6386 589.9518 586.2651 582.5784 579.6836 577.8182 575.9529 574.0876 572.2223 575.4359 579.223 583.01 586.7971 590.0096 592.2108 594.4121 596.6134 598.8146 598.908 598.5576 598.2073 597.8569 595.8994 590.0042 584.109 578.2138 572.3187
586.6909 587.2946 589.8234 592.3522 594.8811 597.41 598.4014 598.8085 599.2157 599.6229 599.9523 599.9471 599.942 599.9369 599.9317 599.0735 597.7602 596.447 595.1337 593.9083 593.3528 592.7974 592.242 591.6866 592.4065 594.051 595.6955 597.34 598.9234 599.163 599.4026 599.6423 599.8819 599.7227 599.176 598.6293 598.0825 597.5358 594.892 592.1855 589.4791 586.7726 584.8157 583.8331 582.8505 581.8679 580.8852 583.4492 586.4137 589.3781 592.3426 594.6936 595.9649 597.2363 598.5076 599.7789 599.8552 599.6798 599.5045 599.3291 597.7814 592.8715 587.9615 583.0516 578.1416
582.6731 583.1962 586.301 589.4058 592.5106 595.6154 597.0111 597.7574 598.5037 599.2499 599.8526 599.8367 599.8208 599.8049 599.7889 598.6391 596.8845 595.1299 593.3752 591.726 590.8799 590.0338 589.1877 588.3416 589.2701 591.4852 593.7002 595.9152 598.0528 598.4862 598.9196 599.353 599.7864 599.7664 599.3058 598.8452 598.3846 597.924 595.9047 593.8387 591.7728 589.7069 588.243 587.5618 586.8807 586.1995 585.5183 587.4696 589.7181 591.9667 594.2153 595.9966 596.9557 597.9149 598.8741 599.8332 599.8907 599.7584 599.6261 599.4938 598.1484 593.8305 589.5127 585.1948 580.877
578.6554 579.0981 582.7787 586.4595 590.1401 593.8208 595.6208 596.7062 597.7917 598.8771 599.7529 599.7263 599.6996 599.6729 599.6462 598.2048 596.0089 593.8129 591.6169 589.5437 588.407 587.2702 586.1335 584.9967 586.1338 588.9194 591.705 594.4905 597.1823 597.8094 598.4366 599.0638 599.691 599.8101 599.4356 599.0612 598.6867 598.3123 596.9173 595.4919 594.0665 592.6411 591.6703 591.2905 590.9108 590.531 590.1512 591.4899 593.0225 594.5552 596.0878 597.2996 597.9466 598.5936 599.2405 599.8875 599.9263 599.837 599.7478 599.6586 598.5153 594.7896 591.0638 587.338 583.6122
574.6378 574.9999 579.2565 583.5131 587.7697 592.0263 594.2307 595.6552 597.0797 598.5042 599.6533 599.6158 599.5784 599.5409 599.5035 597.7704 595.1331 592.4958 589.8585 587.3615 585.9341 584.5067 583.0793 581.6519 582.9975 586.3536 589.7097 593.0659 596.3117 597.1326 597.9536 598.7745 599.5955 599.8538 599.5654 599.2771 598.9888 598.7004 597.9299 597.145 596.3601 595.5752 595.0975 595.0192 594.9408 594.8625 594.7841 595.5101 596.3268 597.1436 597.9604 598.6025 598.9374 599.2722 599.607 599.9418 599.9619 599.9156 599.8695 599.8233 598.8823 595.7485 592.6149 589.4812 586.3475
570.6199 570.9016 575.7341 580.5667 585.3992 590.2317 592.8404 594.604 596.3676 598.1313 599.5535 599.5053 599.4571 599.4089 599.3607 597.3361 594.2574 591.1788 588.1001 585.1791 583.4611 581.743 580.025 578.3069 579.8611 583.7878 587.7144 591.6411 595.4411 596.4558 597.4706 598.4853 599.5 599.8975 599.6953 599.493 599.2908 599.0886 598.9426 598.7982 598.6538 598.5095 598.5248 598.7479 598.971 599.1942 599.4172 599.5305 599.6313 599.7322 599.8331 599.9056 599.9282 599.9508 599.9734 599.9961 599.9974 599.9943 599.9912 599.988 599.2492 596.7076 594.166 591.6245 589.0829
562.7335 562.9349 568.3583 573.7816 579.205 584.6284 588.0218 590.6437 593.2657 595.8877 597.9913 597.8625 597.7336 597.6047 597.4758 594.8684 590.939 587.0096 583.0802 579.4371 577.9776 576.5181 575.0585 573.5989 575.6244 580.1765 584.7286 589.2807 593.69 594.9584 596.2267 597.4951 598.7635 599.3777 599.3565 599.3353 599.3141 599.2929 599.2166 599.1385 599.0605 598.9825 599.0233 599.2183 599.4133 599.6083 599.8033 599.8581 599.8971 599.9361 599.9751 600.0 600.0 600.0 600.0 600.0 599.901 599.7812 599.6614 599.5416 598.411 594.804 591.197 587.59 583.983
554.5445 554.6656 560.6811 566.6965 572.712 578.7274 582.9352 586.4561 589.977 593.4979 596.3148 596.0999 595.8848 595.6698 595.4548 592.2417 587.4296 582.6175 577.8054 573.4169 572.2587 571.1006 569.9425 568.7844 571.3016 576.4835 581.6653 586.8471 591.87 593.3967 594.9235 596.4502 597.9769 598.814 598.9812 599.1484 599.3156 599.4827 599.4327 599.3763 599.3198 599.2634 599.2928 599.434 599.5752 599.7164 599.8576 599.8973 599.9255 599.9537 599.982 600.0 600.0 600.0 600.0 600.0 599.7943 599.5453 599.2963 599.0474 597.4787 592.6768 587.8748 583.0728 578.2708
546.3558 546.3967 553.0042 559.6116 566.2191 572.8266 577.8488 582.2686 586.6884 591.1081 594.6384 594.3373 594.0361 593.735 593.4338 589.6151 583.9203 578.2255 572.5307 567.3968 566.5401 565.6834 564.8267 563.97 566.9789 572.7905 578.6021 584.4136 590.05 591.8351 593.6202 595.4053 597.1904 598.2504 598.6059 598.9615 599.3171 599.6726 599.649 599.6141 599.5791 599.5442 599.5624 599.6498 599.7371 599.8245 599.9119 599.9365 599.9539 599.9714 599.9888 600.0 600.0 600.0 600.0 600.0 599.6876 599.3094 598.9313 598.5532 596.5464 590.5496 584.5526 578.5557 572.5588
538.1669 538.1274 545.327 552.5265 559.7261 566.9256 572.7622 578.0809 583.3996 588.7183 592.9619 592.5746 592.1874 591.8 591.4128 586.9885 580.4109 573.8334 567.2559 561.3765 560.8212 560.266 559.7107 559.1554 562.6561 569.0974 575.5387 581.98 588.23 590.2734 592.3169 594.3604 596.4038 597.6866 598.2306 598.7746 599.3185 599.8625 599.8652 599.8518 599.8384 599.825 599.832 599.8655 599.8991 599.9326 599.9662 599.9756 599.9823 599.989 599.9957 600.0 600.0 600.0 600.0 600.0 599.5809 599.0735 598.5662 598.0589 595.6141 588.4222 581.2304 574.0385 566.8467
