data/zism_data/01192_04_D.txt
ncols         224
nrows         224
[rows 30 to 59 of 224, columns 66 to 131 of 224]
1313.58 1312.018 1310.434 1308.85 1307.266 1305.518 1303.544 1301.569 1299.595 1297.62 1295.866 1294.141 1292.416 1290.691 1289.342 1288.701 1288.06 1287.418 1286.777 1287.494 1288.527 1289.56 1290.593 1291.812 1293.522 1295.232 1296.942 1298.652 1300.625 1302.69 1304.755 1306.821 1308.884 1310.938 1312.991 1315.045 1317.099 1319.261 1321.477 1323.693 1325.91 1328.087 1330.006 1331.924 1333.843 1335.761 1337.523 1339.178 1340.833 1342.488 1344.08 1344.65 1345.219 1345.789 1346.358 1346.526 1346.327 1346.127 1345.927 1345.728 1342.362 1338.949 1335.537 1332.125 1326.716 1318.86
1314.397 1312.573 1310.724 1308.876 1307.028 1305.017 1302.784 1300.55 1298.316 1296.083 1294.26 1292.492 1290.724 1288.955 1287.607 1287.047 1286.486 1285.926 1285.365 1286.111 1287.16 1288.209 1289.258 1290.511 1292.302 1294.093 1295.884 1297.675 1299.693 1301.791 1303.889 1305.987 1308.072 1310.11 1312.147 1314.185 1316.222 1318.411 1320.676 1322.941 1325.206 1327.43 1329.381 1331.332 1333.283 1335.234 1336.983 1338.595 1340.207 1341.819 1343.377 1344.071 1344.765 1345.458 1346.152 1346.475 1346.459 1346.443 1346.427 1346.411 1343.409 1340.364 1337.319 1334.274 1329.213 1321.681
1315.213 1313.128 1311.015 1308.902 1306.789 1304.517 1302.024 1299.531 1297.038 1294.545 1292.655 1290.843 1289.031 1287.22 1285.872 1285.392 1284.913 1284.433 1283.954 1284.728 1285.793 1286.859 1287.924 1289.211 1291.083 1292.955 1294.827 1296.699 1298.762 1300.892 1303.022 1305.153 1307.261 1309.282 1311.303 1313.324 1315.346 1317.562 1319.875 1322.189 1324.503 1326.773 1328.756 1330.74 1332.723 1334.706 1336.443 1338.012 1339.58 1341.149 1342.674 1343.492 1344.31 1345.128 1345.945 1346.424 1346.591 1346.759 1346.926 1347.094 1344.457 1341.779 1339.101 1336.423 1331.71 1324.502
1316.03 1313.683 1311.306 1308.928 1306.551 1304.016 1301.264 1298.512 1295.76 1293.007 1291.049 1289.194 1287.339 1285.484 1284.136 1283.738 1283.339 1282.941 1282.543 1283.345 1284.427 1285.508 1286.589 1287.911 1289.864 1291.817 1293.77 1295.723 1297.831 1299.993 1302.156 1304.318 1306.449 1308.454 1310.459 1312.464 1314.469 1316.712 1319.075 1321.437 1323.799 1326.116 1328.132 1330.147 1332.163 1334.179 1335.903 1337.428 1338.954 1340.479 1341.971 1342.913 1343.855 1344.797 1345.739 1346.373 1346.724 1347.075 1347.426 1347.777 1345.505 1343.194 1340.883 1338.572 1334.207 1327.323
1316.846 1314.239 1311.596 1308.954 1306.312 1303.515 1300.504 1297.492 1294.481 1291.47 1289.443 1287.545 1285.647 1283.749 1282.401 1282.083 1281.766 1281.448 1281.131 1281.962 1283.06 1284.157 1285.255 1286.61 1288.644 1290.678 1292.712 1294.746 1296.899 1299.094 1301.289 1303.484 1305.638 1307.626 1309.615 1311.604 1313.593 1315.863 1318.274 1320.685 1323.095 1325.459 1327.507 1329.555 1331.603 1333.651 1335.363 1336.845 1338.327 1339.81 1341.268 1342.334 1343.4 1344.466 1345.533 1346.322 1346.856 1347.391 1347.925 1348.46 1346.552 1344.609 1342.665 1340.722 1336.704 1330.144
1316.471 1313.546 1310.589 1307.633 1304.676 1301.589 1298.323 1295.056 1291.79 1288.523 1286.57 1284.79 1283.01 1281.23 1280.026 1279.9 1279.775 1279.65 1279.525 1280.523 1281.783 1283.042 1284.302 1285.79 1287.878 1289.966 1292.054 1294.142 1296.342 1298.581 1300.82 1303.059 1305.251 1307.262 1309.273 1311.284 1313.295 1315.518 1317.847 1320.176 1322.505 1324.79 1326.782 1328.775 1330.767 1332.759 1334.425 1335.868 1337.311 1338.754 1340.174 1341.218 1342.263 1343.308 1344.352 1345.171 1345.781 1346.392 1347.003 1347.614 1345.922 1344.196 1342.47 1340.744 1337.128 1331.195
1315.609 1312.344 1309.052 1305.761 1302.47 1299.083 1295.562 1292.042 1288.521 1285.001 1283.181 1281.585 1279.988 1278.392 1277.39 1277.502 1277.614 1277.727 1277.839 1279.062 1280.543 1282.024 1283.505 1285.165 1287.296 1289.427 1291.559 1293.69 1295.937 1298.224 1300.512 1302.799 1305.038 1307.087 1309.136 1311.185 1313.234 1315.379 1317.573 1319.767 1321.961 1324.117 1326.017 1327.918 1329.818 1331.719 1333.325 1334.73 1336.135 1337.54 1338.92 1339.883 1340.847 1341.811 1342.775 1343.571 1344.214 1344.858 1345.501 1346.144 1344.607 1343.037 1341.468 1339.899 1336.706 1331.523
1314.747 1311.142 1307.516 1303.89 1300.264 1296.575 1292.801 1289.027 1285.253 1281.479 1279.792 1278.379 1276.966 1275.553 1274.753 1275.103 1275.453 1275.803 1276.153 1277.601 1279.303 1281.005 1282.707 1284.54 1286.714 1288.889 1291.063 1293.238 1295.532 1297.868 1300.204 1302.54 1304.826 1306.912 1308.999 1311.085 1313.172 1315.24 1317.299 1319.358 1321.417 1323.444 1325.252 1327.061 1328.87 1330.678 1332.225 1333.592 1334.959 1336.327 1337.666 1338.549 1339.431 1340.314 1341.197 1341.971 1342.647 1343.323 1343.998 1344.674 1343.291 1341.879 1340.466 1339.053 1336.284 1331.851
1313.885 1309.94 1305.979 1302.018 1298.057 1294.068 1290.04 1286.012 1281.984 1277.956 1276.403 1275.173 1273.944 1272.714 1272.117 1272.705 1273.292 1273.88 1274.467 1276.139 1278.063 1279.987 1281.91 1283.915 1286.133 1288.35 1290.568 1292.786 1295.127 1297.512 1299.896 1302.281 1304.613 1306.737 1308.862 1310.986 1313.11 1315.101 1317.025 1318.949 1320.873 1322.77 1324.487 1326.204 1327.921 1329.638 1331.125 1332.454 1333.784 1335.113 1336.412 1337.214 1338.015 1338.817 1339.619 1340.372 1341.08 1341.788 1342.496 1343.204 1341.976 1340.72 1339.464 1338.208 1335.862 1332.18
1312.783 1308.465 1304.139 1299.812 1295.486 1291.203 1286.979 1282.755 1278.532 1274.308 1272.917 1271.898 1270.878 1269.859 1269.486 1270.326 1271.166 1272.006 1272.847 1274.734 1276.865 1278.996 1281.127 1283.298 1285.575 1287.852 1290.129 1292.406 1294.79 1297.212 1299.634 1302.056 1304.421 1306.561 1308.7 1310.84 1312.98 1314.885 1316.674 1318.464 1320.253 1322.02 1323.646 1325.273 1326.899 1328.525 1329.953 1331.245 1332.538 1333.83 1335.09 1335.815 1336.539 1337.264 1337.988 1338.716 1339.448 1340.18 1340.912 1341.644 1340.576 1339.481 1338.386 1337.291 1335.36 1332.405
1310.537 1305.697 1300.857 1296.018 1291.178 1286.632 1282.489 1278.346 1274.204 1270.061 1268.976 1268.291 1267.606 1266.922 1266.88 1268.044 1269.208 1270.372 1271.536 1273.599 1275.87 1278.142 1280.413 1282.723 1285.135 1287.547 1289.959 1292.371 1294.778 1297.184 1299.59 1301.996 1304.329 1306.377 1308.425 1310.472 1312.52 1314.306 1315.96 1317.614 1319.268 1320.907 1322.447 1323.986 1325.526 1327.066 1328.439 1329.699 1330.96 1332.22 1333.446 1334.111 1334.776 1335.441 1336.106 1336.797 1337.513 1338.229 1338.945 1339.661 1338.773 1337.862 1336.95 1336.039 1334.483 1332.138
1308.292 1302.928 1297.576 1292.223 1286.871 1282.061 1277.999 1273.938 1269.876 1265.814 1265.034 1264.684 1264.334 1263.984 1264.274 1265.762 1267.25 1268.738 1270.226 1272.464 1274.876 1277.287 1279.699 1282.148 1284.695 1287.242 1289.789 1292.336 1294.766 1297.156 1299.546 1301.935 1304.237 1306.193 1308.149 1310.105 1312.061 1313.726 1315.245 1316.764 1318.283 1319.793 1321.247 1322.7 1324.153 1325.606 1326.926 1328.154 1329.381 1330.609 1331.801 1332.407 1333.012 1333.618 1334.224 1334.878 1335.578 1336.277 1336.977 1337.677 1336.97 1336.242 1335.514 1334.787 1333.606 1331.871
1306.046 1300.16 1294.294 1288.429 1282.563 1277.49 1273.509 1269.529 1265.548 1261.568 1261.093 1261.077 1261.062 1261.047 1261.667 1263.48 1265.292 1267.104 1268.916 1271.329 1273.881 1276.433 1278.985 1281.573 1284.255 1286.937 1289.619 1292.3 1294.754 1297.128 1299.501 1301.875 1304.145 1306.009 1307.873 1309.737 1311.602 1313.146 1314.53 1315.914 1317.298 1318.68 1320.047 1321.414 1322.781 1324.147 1325.412 1326.608 1327.803 1328.999 1330.156 1330.703 1331.249 1331.795 1332.342 1332.959 1333.643 1334.326 1335.01 1335.693 1335.167 1334.623 1334.078 1333.535 1332.729 1331.604
1303.801 1297.391 1291.012 1284.634 1278.255 1272.919 1269.019 1265.12 1261.22 1257.321 1257.151 1257.471 1257.79 1258.11 1259.061 1261.197 1263.333 1265.469 1267.605 1270.193 1272.886 1275.578 1278.271 1280.998 1283.815 1286.631 1289.448 1292.265 1294.742 1297.099 1299.457 1301.814 1304.053 1305.825 1307.598 1309.37 1311.142 1312.566 1313.815 1315.064 1316.313 1317.566 1318.847 1320.127 1321.408 1322.688 1323.899 1325.062 1326.225 1327.388 1328.512 1328.999 1329.486 1329.972 1330.459 1331.04 1331.708 1332.375 1333.042 1333.709 1333.364 1333.003 1332.643 1332.282 1331.852 1331.337
1302.057 1295.325 1288.63 1281.935 1275.24 1269.804 1266.106 1262.408 1258.71 1255.012 1255.001 1255.473 1255.944 1256.416 1257.567 1259.989 1262.411 1264.833 1267.255 1269.994 1272.806 1275.619 1278.431 1281.247 1284.071 1286.896 1289.72 1292.544 1294.95 1297.209 1299.467 1301.726 1303.861 1305.51 1307.16 1308.809 1310.459 1311.786 1312.952 1314.118 1315.283 1316.455 1317.662 1318.87 1320.078 1321.286 1322.401 1323.452 1324.504 1325.555 1326.574 1327.056 1327.539 1328.021 1328.504 1329.091 1329.773 1330.455 1331.137 1331.818 1331.651 1331.47 1331.29 1331.11 1331.009 1331.004
1300.599 1293.66 1286.759 1279.859 1272.958 1267.518 1264.089 1260.661 1257.233 1253.805 1253.868 1254.388 1254.909 1255.429 1256.703 1259.39 1262.077 1264.764 1267.45 1270.327 1273.247 1276.167 1279.088 1281.964 1284.723 1287.483 1290.243 1293.002 1295.284 1297.396 1299.509 1301.621 1303.612 1305.121 1306.63 1308.139 1309.649 1310.893 1312.005 1313.116 1314.228 1315.344 1316.487 1317.63 1318.773 1319.916 1320.912 1321.807 1322.701 1323.596 1324.469 1324.978 1325.488 1325.997 1326.507 1327.124 1327.838 1328.552 1329.267 1329.981 1329.989 1329.987 1329.985 1329.983 1330.184 1330.632
1299.142 1291.994 1284.888 1277.783 1270.677 1265.231 1262.073 1258.914 1255.756 1252.598 1252.735 1253.304 1253.873 1254.443 1255.84 1258.791 1261.743 1264.694 1267.645 1270.659 1273.687 1276.716 1279.744 1282.681 1285.375 1288.07 1290.765 1293.46 1295.617 1297.583 1299.55 1301.517 1303.363 1304.732 1306.1 1307.469 1308.838 1310.0 1311.057 1312.115 1313.173 1314.233 1315.312 1316.39 1317.468 1318.546 1319.423 1320.161 1320.899 1321.637 1322.364 1322.9 1323.437 1323.974 1324.51 1325.156 1325.903 1326.65 1327.397 1328.144 1328.328 1328.504 1328.68 1328.856 1329.359 1330.261
1297.684 1290.328 1283.017 1275.706 1268.396 1262.944 1260.056 1257.167 1254.279 1251.391 1251.602 1252.22 1252.838 1253.456 1254.977 1258.193 1261.409 1264.625 1267.84 1270.992 1274.128 1277.264 1280.401 1283.398 1286.028 1288.658 1291.288 1293.918 1295.95 1297.771 1299.592 1301.413 1303.114 1304.342 1305.571 1306.799 1308.028 1309.106 1310.11 1311.114 1312.118 1313.123 1314.136 1315.15 1316.163 1317.177 1317.933 1318.515 1319.097 1319.678 1320.259 1320.822 1321.386 1321.95 1322.513 1323.189 1323.969 1324.748 1325.527 1326.306 1326.667 1327.021 1327.375 1327.729 1328.534 1329.89
1296.238 1288.745 1281.301 1273.857 1266.413 1260.984 1258.333 1255.683 1253.032 1250.382 1250.668 1251.339 1252.01 1252.682 1254.319 1257.768 1261.217 1264.667 1268.116 1271.39 1274.623 1277.857 1281.09 1284.139 1286.702 1289.265 1291.828 1294.391 1296.298 1297.973 1299.648 1301.324 1302.88 1303.97 1305.06 1306.149 1307.239 1308.232 1309.177 1310.122 1311.067 1312.011 1312.949 1313.887 1314.825 1315.764 1316.405 1316.843 1317.281 1317.719 1318.166 1318.757 1319.349 1319.94 1320.531 1321.229 1322.026 1322.823 1323.62 1324.417 1324.94 1325.46 1325.98 1326.5 1327.578 1329.341
1294.903 1287.903 1280.961 1274.019 1267.077 1261.918 1259.219 1256.52 1253.821 1251.122 1251.489 1252.257 1253.025 1253.794 1255.48 1258.886 1262.292 1265.698 1269.104 1272.37 1275.603 1278.836 1282.07 1285.095 1287.571 1290.048 1292.525 1295.001 1296.778 1298.307 1299.837 1301.366 1302.781 1303.747 1304.713 1305.678 1306.643 1307.527 1308.369 1309.211 1310.054 1310.886 1311.657 1312.428 1313.199 1313.97 1314.527 1314.938 1315.35 1315.761 1316.184 1316.808 1317.431 1318.055 1318.678 1319.333 1320.016 1320.7 1321.383 1322.067 1322.642 1323.216 1323.79 1324.364 1325.47 1327.227
1293.568 1287.061 1280.621 1274.181 1267.741 1262.853 1260.106 1257.358 1254.61 1251.863 1252.309 1253.175 1254.041 1254.906 1256.64 1260.003 1263.366 1266.729 1270.092 1273.349 1276.583 1279.816 1283.05 1286.051 1288.441 1290.831 1293.222 1295.612 1297.258 1298.642 1300.026 1301.409 1302.683 1303.524 1304.365 1305.207 1306.048 1306.822 1307.561 1308.301 1309.041 1309.762 1310.366 1310.969 1311.573 1312.176 1312.65 1313.034 1313.418 1313.802 1314.202 1314.858 1315.514 1316.17 1316.826 1317.437 1318.007 1318.577 1319.147 1319.717 1320.344 1320.972 1321.6 1322.228 1323.361 1325.113
1292.232 1286.218 1280.281 1274.343 1268.405 1263.788 1260.992 1258.196 1255.399 1252.603 1253.13 1254.093 1255.056 1256.018 1257.801 1261.121 1264.44 1267.76 1271.079 1274.329 1277.563 1280.796 1284.029 1287.007 1289.311 1291.614 1293.918 1296.222 1297.738 1298.976 1300.214 1301.452 1302.584 1303.301 1304.018 1304.735 1305.453 1306.116 1306.753 1307.39 1308.027 1308.638 1309.074 1309.511 1309.947 1310.383 1310.772 1311.129 1311.486 1311.844 1312.22 1312.908 1313.597 1314.285 1314.973 1315.541 1315.997 1316.454 1316.911 1317.367 1318.046 1318.728 1319.41 1320.092 1321.252 1322.999
1290.897 1285.376 1279.94 1274.505 1269.069 1264.723 1261.878 1259.033 1256.188 1253.344 1253.951 1255.011 1256.071 1257.131 1258.962 1262.238 1265.515 1268.791 1272.067 1275.309 1278.542 1281.776 1285.009 1287.963 1290.18 1292.398 1294.615 1296.833 1298.218 1299.31 1300.403 1301.495 1302.485 1303.078 1303.671 1304.264 1304.857 1305.411 1305.946 1306.48 1307.015 1307.514 1307.783 1308.052 1308.321 1308.589 1308.895 1309.225 1309.555 1309.885 1310.238 1310.959 1311.679 1312.4 1313.121 1313.645 1313.988 1314.331 1314.674 1315.017 1315.748 1316.484 1317.219 1317.955 1319.143 1320.884
1291.794 1286.625 1281.532 1276.441 1271.349 1267.179 1264.283 1261.386 1258.49 1255.594 1256.148 1257.156 1258.164 1259.171 1260.913 1264.03 1267.147 1270.265 1273.382 1276.516 1279.655 1282.794 1285.933 1288.794 1290.925 1293.056 1295.187 1297.318 1298.583 1299.541 1300.5 1301.458 1302.323 1302.819 1303.316 1303.812 1304.308 1304.759 1305.188 1305.617 1306.046 1306.434 1306.554 1306.673 1306.793 1306.913 1307.151 1307.469 1307.787 1308.106 1308.447 1309.157 1309.868 1310.578 1311.289 1311.763 1312.02 1312.277 1312.535 1312.792 1313.49 1314.194 1314.899 1315.603 1316.739 1318.405
1294.41 1289.482 1284.611 1279.74 1274.87 1270.806 1267.856 1264.905 1261.955 1259.004 1259.405 1260.245 1261.086 1261.926 1263.472 1266.341 1269.209 1272.078 1274.947 1277.899 1280.871 1283.842 1286.813 1289.53 1291.574 1293.619 1295.664 1297.708 1298.858 1299.693 1300.527 1301.361 1302.112 1302.532 1302.953 1303.374 1303.794 1304.148 1304.469 1304.79 1305.111 1305.388 1305.372 1305.357 1305.342 1305.326 1305.509 1305.828 1306.146 1306.465 1306.803 1307.471 1308.138 1308.805 1309.472 1309.892 1310.084 1310.277 1310.469 1310.662 1311.263 1311.87 1312.477 1313.085 1314.109 1315.646
1297.025 1292.339 1287.69 1283.04 1278.391 1274.433 1271.429 1268.424 1265.42 1262.415 1262.662 1263.335 1264.008 1264.68 1266.031 1268.651 1271.272 1273.892 1276.513 1279.282 1282.086 1284.89 1287.694 1290.265 1292.223 1294.182 1296.14 1298.098 1299.134 1299.844 1300.554 1301.265 1301.901 1302.246 1302.591 1302.936 1303.28 1303.537 1303.75 1303.963 1304.176 1304.341 1304.191 1304.041 1303.89 1303.74 1303.868 1304.187 1304.505 1304.824 1305.16 1305.784 1306.408 1307.032 1307.656 1308.021 1308.149 1308.276 1308.404 1308.532 1309.036 1309.546 1310.056 1310.566 1311.479 1312.886
1299.641 1295.196 1290.768 1286.34 1281.912 1278.06 1275.002 1271.943 1268.885 1265.826 1265.919 1266.424 1266.93 1267.435 1268.59 1270.962 1273.334 1275.706 1278.078 1280.665 1283.302 1285.938 1288.575 1291.001 1292.873 1294.745 1296.616 1298.488 1299.41 1299.996 1300.582 1301.168 1301.689 1301.959 1302.228 1302.497 1302.767 1302.926 1303.031 1303.136 1303.241 1303.295 1303.01 1302.724 1302.439 1302.154 1302.227 1302.546 1302.864 1303.182 1303.516 1304.097 1304.678 1305.259 1305.839 1306.15 1306.213 1306.276 1306.339 1306.402 1306.809 1307.222 1307.635 1308.048 1308.849 1310.126
1302.243 1298.043 1293.84 1289.637 1285.433 1281.691 1278.583 1275.475 1272.367 1269.259 1269.193 1269.525 1269.858 1270.191 1271.146 1273.268 1275.39 1277.512 1279.634 1282.039 1284.51 1286.981 1289.452 1291.733 1293.517 1295.3 1297.083 1298.866 1299.674 1300.138 1300.602 1301.066 1301.475 1301.669 1301.864 1302.059 1302.253 1302.318 1302.318 1302.318 1302.318 1302.264 1301.849 1301.434 1301.019 1300.604 1300.623 1300.94 1301.256 1301.572 1301.901 1302.437 1302.972 1303.508 1304.043 1304.3 1304.301 1304.303 1304.304 1304.306 1304.617 1304.934 1305.25 1305.567 1306.255 1307.401
1304.428 1300.563 1296.689 1292.815 1288.941 1285.432 1282.427 1279.422 1276.416 1273.411 1273.046 1273.028 1273.01 1272.992 1273.611 1275.425 1277.239 1279.054 1280.868 1283.127 1285.49 1287.853 1290.216 1292.373 1293.989 1295.605 1297.22 1298.836 1299.561 1299.97 1300.38 1300.79 1301.148 1301.299 1301.451 1301.602 1301.754 1301.804 1301.804 1301.804 1301.804 1301.755 1301.384 1301.012 1300.64 1300.268 1300.263 1300.509 1300.755 1301.002 1301.258 1301.674 1302.091 1302.508 1302.924 1303.15 1303.2 1303.25 1303.3 1303.35 1303.593 1303.839 1304.085 1304.332 1304.89 1305.83
1306.612 1303.083 1299.538 1295.993 1292.449 1289.174 1286.271 1283.368 1280.466 1277.563 1276.9 1276.531 1276.162 1275.792 1276.076 1277.582 1279.089 1280.595 1282.101 1284.215 1286.47 1288.725 1290.98 1293.013 1294.461 1295.91 1297.358 1298.806 1299.447 1299.803 1300.159 1300.515 1300.82 1300.929 1301.037 1301.145 1301.254 1301.29 1301.29 1301.29 1301.29 1301.247 1300.918 1300.589 1300.26 1299.932 1299.903 1300.079 1300.255 1300.431 1300.614 1300.912 1301.21 1301.507 1301.805 1301.999 1302.098 1302.196 1302.295 1302.394 1302.568 1302.745 1302.921 1303.097 1303.524 1304.259
