data/zism_data/01198_04_D.txt
ncols         224
nrows         224
[rows 84 to 111 of 224, columns 0 to 64 of 224]
1600.376 1600.173 1599.971 1599.834 1599.773 1599.712 1599.651 1599.59 1599.466 1599.337 1599.208 1599.079 1598.996 1598.988 1598.979 1598.97 1598.961 1598.756 1598.517 1598.279 1598.041 1597.794 1597.531 1597.267 1597.004 1596.74 1596.683 1596.683 1596.683 1596.683 1596.748 1597.012 1597.275 1597.539 1597.802 1598.048 1598.286 1598.524 1598.763 1598.961 1598.97 1598.979 1598.988 1598.997 1599.0 1599.0 1599.0 1599.0 1598.985 1598.838 1598.691 1598.544 1598.397 1598.264 1598.143 1598.021 1597.899 1597.78 1597.737 1597.693 1597.651 1597.608 1597.66 1597.81 1597.961
1600.998 1600.639 1600.28 1600.058 1599.994 1599.931 1599.867 1599.804 1599.651 1599.492 1599.333 1599.174 1599.072 1599.06 1599.048 1599.036 1599.024 1598.836 1598.618 1598.4 1598.182 1597.95 1597.691 1597.431 1597.171 1596.911 1596.855 1596.855 1596.855 1596.855 1596.919 1597.179 1597.438 1597.698 1597.958 1598.184 1598.398 1598.611 1598.824 1599.0 1599.0 1599.0 1599.0 1599.0 1599.0 1599.0 1599.0 1599.0 1598.987 1598.854 1598.722 1598.589 1598.457 1598.341 1598.239 1598.136 1598.033 1597.932 1597.88 1597.829 1597.777 1597.726 1597.784 1597.956 1598.127
1602.221 1601.554 1600.887 1600.484 1600.388 1600.292 1600.196 1600.1 1599.921 1599.734 1599.548 1599.362 1599.234 1599.194 1599.155 1599.116 1599.077 1598.889 1598.677 1598.464 1598.251 1598.031 1597.793 1597.555 1597.317 1597.078 1597.027 1597.027 1597.027 1597.027 1597.085 1597.323 1597.562 1597.8 1598.038 1598.246 1598.443 1598.64 1598.837 1599.0 1599.0 1599.0 1599.0 1599.0 1599.0 1599.0 1599.0 1599.0 1598.99 1598.89 1598.79 1598.69 1598.59 1598.482 1598.369 1598.255 1598.141 1598.029 1597.973 1597.916 1597.859 1597.802 1597.858 1598.029 1598.201
1603.444 1602.469 1601.494 1600.911 1600.782 1600.654 1600.526 1600.397 1600.19 1599.977 1599.764 1599.55 1599.395 1599.328 1599.262 1599.196 1599.13 1598.943 1598.736 1598.529 1598.321 1598.111 1597.895 1597.678 1597.462 1597.245 1597.198 1597.198 1597.198 1597.198 1597.252 1597.468 1597.685 1597.901 1598.117 1598.309 1598.489 1598.67 1598.851 1599.0 1599.0 1599.0 1599.0 1599.0 1599.0 1599.0 1599.0 1599.0 1598.993 1598.926 1598.858 1598.791 1598.723 1598.624 1598.499 1598.375 1598.25 1598.127 1598.065 1598.003 1597.941 1597.879 1597.932 1598.103 1598.274
1604.668 1603.384 1602.1 1601.337 1601.177 1601.016 1600.855 1600.694 1600.459 1600.219 1599.979 1599.739 1599.556 1599.463 1599.369 1599.276 1599.183 1598.997 1598.795 1598.593 1598.391 1598.192 1597.997 1597.802 1597.607 1597.412 1597.37 1597.37 1597.37 1597.37 1597.418 1597.613 1597.808 1598.003 1598.197 1598.371 1598.535 1598.7 1598.864 1599.0 1599.0 1599.0 1599.0 1599.0 1599.0 1599.0 1599.0 1599.0 1598.996 1598.961 1598.926 1598.891 1598.856 1598.765 1598.629 1598.494 1598.359 1598.225 1598.158 1598.09 1598.022 1597.955 1598.005 1598.177 1598.348
1605.891 1604.299 1602.707 1601.764 1601.571 1601.377 1601.184 1600.991 1600.729 1600.461 1600.194 1599.927 1599.717 1599.597 1599.476 1599.356 1599.236 1599.05 1598.854 1598.658 1598.461 1598.272 1598.099 1597.926 1597.753 1597.579 1597.542 1597.542 1597.542 1597.542 1597.584 1597.758 1597.931 1598.104 1598.277 1598.433 1598.581 1598.729 1598.878 1599.0 1599.0 1599.0 1599.0 1599.0 1599.0 1599.0 1599.0 1599.0 1599.0 1598.997 1598.995 1598.992 1598.989 1598.906 1598.76 1598.613 1598.467 1598.323 1598.25 1598.177 1598.104 1598.031 1598.079 1598.25 1598.422
1608.753 1607.017 1605.281 1604.236 1603.99 1603.744 1603.499 1603.253 1602.842 1602.418 1601.995 1601.571 1601.181 1600.845 1600.508 1600.172 1599.835 1599.538 1599.248 1598.957 1598.667 1598.416 1598.249 1598.083 1597.916 1597.75 1597.737 1597.767 1597.797 1597.827 1597.883 1598.019 1598.156 1598.292 1598.429 1598.584 1598.746 1598.908 1599.069 1599.195 1599.151 1599.106 1599.061 1599.016 1599.0 1599.0 1599.0 1599.0 1599.0 1599.0 1599.0 1599.0 1599.0 1598.934 1598.817 1598.7 1598.582 1598.467 1598.408 1598.35 1598.291 1598.233 1598.271 1598.407 1598.544
1611.756 1609.89 1608.024 1606.885 1606.585 1606.285 1605.985 1605.686 1605.115 1604.524 1603.933 1603.341 1602.759 1602.19 1601.62 1601.052 1600.482 1600.064 1599.67 1599.277 1598.884 1598.565 1598.404 1598.242 1598.081 1597.92 1597.934 1597.996 1598.059 1598.121 1598.192 1598.291 1598.39 1598.489 1598.587 1598.742 1598.921 1599.099 1599.277 1599.408 1599.314 1599.221 1599.127 1599.034 1599.0 1599.0 1599.0 1599.0 1599.0 1599.0 1599.0 1599.0 1599.0 1598.952 1598.867 1598.783 1598.698 1598.615 1598.572 1598.53 1598.488 1598.445 1598.473 1598.571 1598.67
1614.759 1612.764 1610.768 1609.534 1609.18 1608.826 1608.472 1608.118 1607.389 1606.63 1605.871 1605.112 1604.336 1603.534 1602.733 1601.931 1601.13 1600.589 1600.093 1599.597 1599.101 1598.714 1598.558 1598.402 1598.247 1598.091 1598.131 1598.226 1598.321 1598.416 1598.502 1598.563 1598.624 1598.685 1598.745 1598.901 1599.096 1599.29 1599.484 1599.62 1599.478 1599.336 1599.194 1599.052 1599.0 1599.0 1599.0 1599.0 1599.0 1599.0 1599.0 1599.0 1599.0 1598.97 1598.918 1598.866 1598.814 1598.762 1598.736 1598.71 1598.684 1598.658 1598.675 1598.736 1598.797
1617.763 1615.637 1613.512 1612.183 1611.775 1611.367 1610.959 1610.551 1609.662 1608.735 1607.809 1606.882 1605.913 1604.879 1603.845 1602.811 1601.777 1601.115 1600.516 1599.917 1599.318 1598.862 1598.712 1598.562 1598.412 1598.261 1598.328 1598.456 1598.583 1598.71 1598.812 1598.835 1598.858 1598.881 1598.904 1599.06 1599.271 1599.481 1599.692 1599.832 1599.642 1599.451 1599.26 1599.069 1599.0 1599.0 1599.0 1599.0 1599.0 1599.0 1599.0 1599.0 1599.0 1598.989 1598.969 1598.949 1598.93 1598.91 1598.9 1598.89 1598.88 1598.871 1598.877 1598.9 1598.923
1621.217 1619.053 1616.889 1615.482 1614.953 1614.423 1613.893 1613.363 1612.292 1611.179 1610.065 1608.952 1607.781 1606.521 1605.26 1604.0 1602.74 1601.913 1601.161 1600.409 1599.656 1599.091 1598.925 1598.759 1598.593 1598.427 1598.499 1598.638 1598.776 1598.915 1599.023 1599.038 1599.052 1599.067 1599.082 1599.229 1599.431 1599.632 1599.834 1599.964 1599.756 1599.548 1599.341 1599.133 1599.058 1599.058 1599.058 1599.058 1599.06 1599.088 1599.115 1599.143 1599.17 1599.182 1599.182 1599.182 1599.182 1599.182 1599.154 1599.127 1599.099 1599.072 1599.053 1599.045 1599.036
1625.372 1623.311 1621.25 1619.793 1619.036 1618.279 1617.522 1616.765 1615.477 1614.147 1612.818 1611.488 1610.1 1608.624 1607.147 1605.671 1604.194 1603.138 1602.153 1601.168 1600.183 1599.444 1599.229 1599.014 1598.799 1598.585 1598.63 1598.746 1598.863 1598.98 1599.081 1599.134 1599.187 1599.239 1599.292 1599.416 1599.568 1599.721 1599.874 1599.969 1599.794 1599.619 1599.444 1599.268 1599.205 1599.205 1599.205 1599.205 1599.215 1599.313 1599.41 1599.508 1599.606 1599.649 1599.649 1599.649 1599.649 1599.646 1599.548 1599.45 1599.352 1599.254 1599.19 1599.16 1599.13
1629.528 1627.569 1625.61 1624.104 1623.12 1622.136 1621.151 1620.167 1618.662 1617.116 1615.57 1614.024 1612.42 1610.727 1609.034 1607.341 1605.648 1604.362 1603.144 1601.927 1600.709 1599.796 1599.533 1599.269 1599.006 1598.743 1598.76 1598.855 1598.95 1599.046 1599.14 1599.23 1599.321 1599.411 1599.502 1599.602 1599.706 1599.81 1599.914 1599.975 1599.832 1599.689 1599.547 1599.404 1599.352 1599.352 1599.352 1599.352 1599.369 1599.537 1599.705 1599.874 1600.042 1600.115 1600.115 1600.115 1600.115 1600.11 1599.942 1599.774 1599.605 1599.437 1599.327 1599.275 1599.223
1633.683 1631.827 1629.971 1628.414 1627.203 1625.992 1624.781 1623.569 1621.847 1620.085 1618.322 1616.56 1614.74 1612.83 1610.921 1609.012 1607.103 1605.586 1604.136 1602.686 1601.236 1600.149 1599.837 1599.524 1599.212 1598.9 1598.89 1598.964 1599.037 1599.111 1599.198 1599.326 1599.455 1599.583 1599.712 1599.788 1599.844 1599.899 1599.954 1599.981 1599.87 1599.76 1599.65 1599.539 1599.499 1599.499 1599.499 1599.499 1599.523 1599.762 1600.0 1600.239 1600.477 1600.581 1600.581 1600.581 1600.581 1600.574 1600.336 1600.097 1599.859 1599.62 1599.463 1599.39 1599.316
1637.839 1636.086 1634.332 1632.725 1631.287 1629.848 1628.41 1626.972 1625.032 1623.053 1621.074 1619.096 1617.059 1614.934 1612.808 1610.682 1608.557 1606.81 1605.127 1603.445 1601.762 1600.501 1600.14 1599.78 1599.419 1599.058 1599.02 1599.072 1599.124 1599.176 1599.256 1599.423 1599.589 1599.755 1599.921 1599.974 1599.981 1599.988 1599.995 1599.986 1599.909 1599.831 1599.753 1599.675 1599.646 1599.646 1599.646 1599.646 1599.678 1599.987 1600.295 1600.604 1600.913 1601.047 1601.047 1601.047 1601.047 1601.038 1600.729 1600.421 1600.112 1599.803 1599.6 1599.505 1599.41
1640.295 1638.747 1637.2 1635.608 1633.966 1632.324 1630.681 1629.039 1626.901 1624.725 1622.548 1620.372 1618.182 1615.97 1613.759 1611.548 1609.336 1607.478 1605.679 1603.881 1602.082 1600.727 1600.317 1599.908 1599.498 1599.089 1599.049 1599.112 1599.175 1599.238 1599.324 1599.482 1599.639 1599.797 1599.954 1600.0 1600.0 1600.0 1600.0 1599.99 1599.93 1599.871 1599.811 1599.752 1599.766 1599.822 1599.878 1599.934 1600.021 1600.381 1600.741 1601.102 1601.462 1601.635 1601.663 1601.691 1601.719 1601.737 1601.418 1601.1 1600.781 1600.463 1600.216 1600.044 1599.871
1642.481 1641.155 1639.828 1638.263 1636.421 1634.578 1632.736 1630.894 1628.561 1626.19 1623.818 1621.447 1619.113 1616.837 1614.561 1612.284 1610.008 1608.057 1606.161 1604.265 1602.369 1600.932 1600.474 1600.016 1599.558 1599.1 1599.062 1599.141 1599.22 1599.3 1599.394 1599.535 1599.677 1599.818 1599.959 1600.0 1600.0 1600.0 1600.0 1599.992 1599.949 1599.906 1599.863 1599.819 1599.881 1600.002 1600.123 1600.243 1600.394 1600.803 1601.212 1601.621 1602.03 1602.242 1602.302 1602.363 1602.423 1602.473 1602.154 1601.836 1601.517 1601.199 1600.91 1600.651 1600.391
1644.666 1643.562 1642.457 1640.918 1638.875 1636.833 1634.79 1632.748 1630.22 1627.654 1625.088 1622.523 1620.045 1617.703 1615.362 1613.021 1610.68 1608.636 1606.643 1604.65 1602.656 1601.137 1600.63 1600.124 1599.617 1599.11 1599.075 1599.17 1599.266 1599.361 1599.464 1599.589 1599.714 1599.839 1599.964 1600.0 1600.0 1600.0 1600.0 1599.995 1599.968 1599.941 1599.914 1599.887 1599.996 1600.182 1600.367 1600.553 1600.766 1601.224 1601.682 1602.14 1602.598 1602.849 1602.942 1603.035 1603.128 1603.209 1602.89 1602.572 1602.253 1601.935 1601.603 1601.257 1600.912
1646.851 1645.969 1645.086 1643.573 1641.33 1639.088 1636.845 1634.603 1631.879 1629.119 1626.358 1623.598 1620.976 1618.57 1616.164 1613.758 1611.352 1609.215 1607.125 1605.034 1602.944 1601.342 1600.787 1600.232 1599.676 1599.121 1599.087 1599.199 1599.311 1599.422 1599.533 1599.642 1599.751 1599.86 1599.969 1600.0 1600.0 1600.0 1600.0 1599.998 1599.987 1599.976 1599.966 1599.955 1600.111 1600.361 1600.612 1600.863 1601.139 1601.646 1602.152 1602.659 1603.165 1603.456 1603.581 1603.707 1603.832 1603.945 1603.626 1603.308 1602.989 1602.671 1602.296 1601.864 1601.432
1648.523 1647.826 1647.129 1645.654 1643.28 1640.906 1638.532 1636.158 1633.201 1630.199 1627.197 1624.195 1621.38 1618.857 1616.333 1613.81 1611.287 1609.154 1607.087 1605.019 1602.952 1601.365 1600.804 1600.244 1599.683 1599.122 1599.101 1599.231 1599.361 1599.49 1599.615 1599.722 1599.829 1599.936 1600.043 1600.066 1600.055 1600.044 1600.033 1600.025 1600.025 1600.025 1600.025 1600.025 1600.226 1600.541 1600.857 1601.172 1601.512 1602.065 1602.619 1603.172 1603.725 1604.061 1604.23 1604.398 1604.567 1604.722 1604.422 1604.121 1603.821 1603.52 1603.118 1602.61 1602.102
1649.167 1648.584 1648.0 1646.589 1644.22 1641.852 1639.483 1637.114 1633.847 1630.509 1627.172 1623.834 1620.729 1617.984 1615.239 1612.494 1609.749 1607.81 1606.008 1604.206 1602.404 1601.023 1600.543 1600.064 1599.584 1599.104 1599.118 1599.27 1599.421 1599.572 1599.719 1599.853 1599.987 1600.121 1600.255 1600.264 1600.22 1600.177 1600.134 1600.098 1600.098 1600.098 1600.098 1600.098 1600.341 1600.721 1601.102 1601.482 1601.884 1602.481 1603.078 1603.674 1604.271 1604.662 1604.896 1605.129 1605.363 1605.582 1605.336 1605.09 1604.843 1604.597 1604.195 1603.633 1603.071
1649.811 1649.342 1648.872 1647.524 1645.16 1642.797 1640.434 1638.07 1634.493 1630.82 1627.147 1623.474 1620.078 1617.111 1614.144 1611.178 1608.211 1606.467 1604.929 1603.392 1601.855 1600.681 1600.282 1599.884 1599.485 1599.087 1599.135 1599.308 1599.481 1599.654 1599.824 1599.985 1600.146 1600.307 1600.469 1600.461 1600.386 1600.31 1600.234 1600.172 1600.172 1600.172 1600.172 1600.172 1600.456 1600.901 1601.346 1601.792 1602.257 1602.897 1603.537 1604.176 1604.816 1605.263 1605.562 1605.86 1606.158 1606.442 1606.25 1606.058 1605.866 1605.673 1605.272 1604.656 1604.04
1650.456 1650.099 1649.743 1648.459 1646.101 1643.743 1641.385 1639.027 1635.138 1631.13 1627.122 1623.114 1619.427 1616.238 1613.05 1609.861 1606.673 1605.123 1603.851 1602.579 1601.307 1600.339 1600.021 1599.704 1599.386 1599.069 1599.152 1599.347 1599.541 1599.736 1599.929 1600.117 1600.305 1600.493 1600.682 1600.659 1600.551 1600.443 1600.335 1600.245 1600.245 1600.245 1600.245 1600.245 1600.571 1601.081 1601.591 1602.101 1602.629 1603.312 1603.995 1604.679 1605.362 1605.864 1606.227 1606.591 1606.954 1607.303 1607.164 1607.026 1606.888 1606.75 1606.35 1605.68 1605.009
1651.1 1650.857 1650.615 1649.393 1647.041 1644.688 1642.336 1639.983 1635.784 1631.441 1627.097 1622.754 1618.776 1615.365 1611.955 1608.545 1605.135 1603.78 1602.772 1601.765 1600.758 1599.997 1599.76 1599.524 1599.288 1599.051 1599.169 1599.385 1599.602 1599.818 1600.034 1600.249 1600.464 1600.679 1600.894 1600.857 1600.716 1600.576 1600.435 1600.319 1600.319 1600.319 1600.319 1600.319 1600.686 1601.261 1601.836 1602.411 1603.002 1603.728 1604.454 1605.181 1605.907 1606.465 1606.893 1607.321 1607.75 1608.163 1608.079 1607.995 1607.911 1607.827 1607.427 1606.703 1605.979
1651.833 1651.63 1651.427 1650.312 1648.143 1645.975 1643.806 1641.637 1637.58 1633.376 1629.171 1624.967 1620.988 1617.36 1613.733 1610.105 1606.477 1604.874 1603.615 1602.355 1601.095 1600.15 1599.877 1599.605 1599.332 1599.059 1599.183 1599.416 1599.65 1599.883 1600.126 1600.399 1600.672 1600.944 1601.217 1601.235 1601.149 1601.063 1600.977 1600.909 1600.931 1600.953 1600.975 1600.996 1601.385 1601.981 1602.578 1603.174 1603.785 1604.52 1605.255 1605.99 1606.724 1607.315 1607.795 1608.275 1608.755 1609.219 1609.146 1609.072 1608.999 1608.925 1608.545 1607.849 1607.154
1652.588 1652.406 1652.225 1651.227 1649.286 1647.344 1645.402 1643.461 1639.656 1635.706 1631.755 1627.805 1623.896 1620.052 1616.208 1612.365 1608.521 1606.563 1604.924 1603.286 1601.647 1600.424 1600.086 1599.749 1599.411 1599.073 1599.195 1599.445 1599.695 1599.945 1600.216 1600.553 1600.891 1601.229 1601.566 1601.657 1601.646 1601.636 1601.626 1601.625 1601.674 1601.723 1601.772 1601.821 1602.226 1602.833 1603.44 1604.048 1604.668 1605.403 1606.138 1606.873 1607.608 1608.226 1608.755 1609.283 1609.812 1610.323 1610.25 1610.176 1610.103 1610.029 1609.673 1609.026 1608.379
1653.342 1653.183 1653.023 1652.142 1650.428 1648.713 1646.999 1645.284 1641.732 1638.036 1634.339 1630.643 1626.805 1622.745 1618.684 1614.624 1610.564 1608.25 1606.234 1604.217 1602.2 1600.697 1600.295 1599.892 1599.49 1599.088 1599.208 1599.474 1599.74 1600.006 1600.306 1600.708 1601.11 1601.513 1601.915 1602.078 1602.144 1602.209 1602.275 1602.342 1602.418 1602.493 1602.569 1602.645 1603.067 1603.685 1604.303 1604.921 1605.551 1606.286 1607.021 1607.756 1608.491 1609.137 1609.714 1610.291 1610.869 1611.427 1611.354 1611.28 1611.207 1611.133 1610.801 1610.203 1609.604
1654.097 1653.959 1653.821 1653.057 1651.57 1650.083 1648.595 1647.108 1643.808 1640.366 1636.924 1633.482 1629.713 1625.437 1621.16 1616.883 1612.607 1609.939 1607.543 1605.147 1602.752 1600.971 1600.504 1600.036 1599.569 1599.102 1599.221 1599.503 1599.785 1600.067 1600.395 1600.862 1601.33 1601.797 1602.265 1602.5 1602.641 1602.782 1602.924 1603.058 1603.161 1603.264 1603.367 1603.469 1603.908 1604.537 1605.166 1605.795 1606.435 1607.169 1607.904 1608.639 1609.374 1610.047 1610.673 1611.299 1611.925 1612.531 1612.458 1612.384 1612.311 1612.237 1611.929 1611.38 1610.83
