data/zism_data/01191_03_D.txt
ncols         224
nrows         224
[rows 84 to 111 of 224, columns 0 to 63 of 224]
4626.858 4628.027 4629.196 4630.365 4631.641 4633.197 4634.754 4636.31 4637.867 4639.665 4641.549 4643.433 4645.316 4647.093 4648.449 4649.805 4651.161 4652.518 4653.415 4654.083 4654.751 4655.419 4656.152 4657.314 4658.476 4659.639 4660.801 4661.999 4663.222 4664.444 4665.667 4666.888 4668.097 4669.307 4670.516 4671.725 4672.864 4673.939 4675.015 4676.091 4677.166 4678.051 4678.933 4679.814 4680.696 4681.596 4682.518 4683.439 4684.361 4685.283 4686.608 4687.971 4689.333 4690.696 4692.217 4694.001 4695.785 4697.568 4699.352 4701.343 4703.374 4705.405 4707.436 4709.712
4625.603 4626.707 4627.811 4628.915 4630.127 4631.625 4633.124 4634.621 4636.119 4637.841 4639.643 4641.444 4643.245 4644.96 4646.337 4647.713 4649.089 4650.466 4651.32 4651.914 4652.507 4653.101 4653.77 4654.943 4656.116 4657.289 4658.461 4659.687 4660.949 4662.21 4663.471 4664.732 4665.988 4667.244 4668.5 4669.755 4670.93 4672.03 4673.131 4674.231 4675.332 4676.217 4677.098 4677.98 4678.862 4679.746 4680.632 4681.519 4682.405 4683.292 4684.583 4685.912 4687.241 4688.57 4689.959 4691.447 4692.934 4694.422 4695.91 4697.647 4699.433 4701.218 4703.003 4705.099
4623.924 4625.039 4626.154 4627.269 4628.495 4630.015 4631.534 4633.053 4634.573 4636.253 4637.989 4639.726 4641.463 4643.104 4644.367 4645.63 4646.893 4648.156 4648.995 4649.62 4650.246 4650.872 4651.567 4652.724 4653.88 4655.037 4656.194 4657.455 4658.786 4660.118 4661.449 4662.778 4664.072 4665.365 4666.659 4667.952 4669.139 4670.229 4671.318 4672.408 4673.498 4674.382 4675.264 4676.146 4677.028 4677.924 4678.837 4679.751 4680.664 4681.578 4682.905 4684.272 4685.639 4687.006 4688.404 4689.854 4691.304 4692.754 4694.204 4695.804 4697.433 4699.062 4700.691 4702.57
4622.246 4623.371 4624.497 4625.623 4626.862 4628.403 4629.944 4631.485 4633.026 4634.665 4636.336 4638.008 4639.68 4641.246 4642.396 4643.546 4644.696 4645.846 4646.668 4647.327 4647.985 4648.643 4649.364 4650.504 4651.645 4652.786 4653.926 4655.222 4656.624 4658.025 4659.426 4660.824 4662.155 4663.486 4664.818 4666.149 4667.349 4668.427 4669.506 4670.585 4671.664 4672.548 4673.43 4674.312 4675.194 4676.102 4677.042 4677.983 4678.923 4679.863 4681.228 4682.633 4684.037 4685.442 4686.85 4688.262 4689.674 4691.086 4692.498 4693.961 4695.434 4696.906 4698.379 4700.041
4620.567 4621.703 4622.84 4623.976 4625.23 4626.792 4628.355 4629.917 4631.48 4633.076 4634.683 4636.291 4637.897 4639.389 4640.426 4641.463 4642.5 4643.537 4644.342 4645.033 4645.724 4646.414 4647.161 4648.285 4649.41 4650.534 4651.659 4652.989 4654.461 4655.933 4657.404 4658.87 4660.239 4661.608 4662.977 4664.346 4665.558 4666.626 4667.694 4668.762 4669.83 4670.714 4671.596 4672.478 4673.36 4674.28 4675.247 4676.215 4677.182 4678.149 4679.551 4680.993 4682.436 4683.878 4685.295 4686.669 4688.043 4689.417 4690.792 4692.118 4693.434 4694.75 4696.067 4697.511
4618.888 4620.036 4621.183 4622.33 4623.597 4625.182 4626.766 4628.35 4629.934 4631.487 4633.03 4634.573 4636.115 4637.532 4638.456 4639.379 4640.303 4641.227 4642.017 4642.739 4643.462 4644.185 4644.958 4646.066 4647.174 4648.283 4649.391 4650.756 4652.298 4653.84 4655.381 4656.916 4658.322 4659.729 4661.136 4662.542 4663.767 4664.824 4665.881 4666.939 4667.996 4668.88 4669.762 4670.644 4671.526 4672.458 4673.452 4674.447 4675.441 4676.436 4677.873 4679.354 4680.833 4682.314 4683.74 4685.077 4686.413 4687.75 4689.086 4690.274 4691.435 4692.595 4693.755 4694.982
4617.147 4618.343 4619.538 4620.733 4622.034 4623.608 4625.184 4626.759 4628.334 4629.862 4631.374 4632.886 4634.398 4635.774 4636.615 4637.456 4638.297 4639.138 4639.901 4640.626 4641.35 4642.075 4642.846 4643.928 4645.01 4646.092 4647.173 4648.56 4650.155 4651.75 4653.344 4654.931 4656.389 4657.848 4659.306 4660.764 4662.003 4663.043 4664.083 4665.123 4666.162 4667.046 4667.928 4668.81 4669.691 4670.639 4671.667 4672.695 4673.723 4674.751 4676.202 4677.693 4679.184 4680.674 4682.121 4683.494 4684.868 4686.241 4687.615 4688.769 4689.882 4690.994 4692.107 4693.245
4615.37 4616.636 4617.901 4619.167 4620.51 4622.058 4623.606 4625.154 4626.703 4628.216 4629.717 4631.218 4632.719 4634.073 4634.85 4635.626 4636.402 4637.178 4637.91 4638.618 4639.326 4640.035 4640.788 4641.837 4642.887 4643.936 4644.986 4646.385 4648.022 4649.661 4651.298 4652.929 4654.447 4655.964 4657.481 4658.999 4660.256 4661.274 4662.292 4663.31 4664.328 4665.212 4666.094 4666.976 4667.857 4668.822 4669.888 4670.954 4672.02 4673.085 4674.534 4676.02 4677.505 4678.99 4680.464 4681.918 4683.373 4684.827 4686.282 4687.462 4688.591 4689.72 4690.848 4691.974
4613.593 4614.928 4616.264 4617.6 4618.986 4620.507 4622.029 4623.55 4625.071 4626.569 4628.06 4629.55 4631.041 4632.373 4633.084 4633.796 4634.507 4635.219 4635.917 4636.61 4637.302 4637.995 4638.729 4639.747 4640.764 4641.781 4642.798 4644.209 4645.891 4647.571 4649.252 4650.928 4652.504 4654.081 4655.658 4657.234 4658.508 4659.505 4660.501 4661.498 4662.495 4663.378 4664.26 4665.142 4666.023 4667.004 4668.108 4669.212 4670.315 4671.419 4672.866 4674.346 4675.826 4677.306 4678.807 4680.342 4681.877 4683.413 4684.948 4686.155 4687.3 4688.445 4689.59 4690.702
4611.815 4613.221 4614.627 4616.032 4617.462 4618.957 4620.451 4621.945 4623.439 4624.923 4626.402 4627.882 4629.361 4630.672 4631.319 4631.966 4632.613 4633.26 4633.926 4634.602 4635.278 4635.955 4636.671 4637.656 4638.641 4639.625 4640.61 4642.034 4643.758 4645.482 4647.207 4648.926 4650.562 4652.198 4653.834 4655.47 4656.761 4657.736 4658.711 4659.686 4660.661 4661.543 4662.425 4663.307 4664.189 4665.188 4666.329 4667.47 4668.611 4669.752 4671.198 4672.673 4674.147 4675.622 4677.15 4678.766 4680.382 4681.999 4683.615 4684.848 4686.009 4687.17 4688.331 4689.43
4610.076 4611.542 4613.009 4614.476 4615.941 4617.403 4618.865 4620.327 4621.789 4623.251 4624.715 4626.179 4627.642 4628.928 4629.515 4630.102 4630.688 4631.275 4631.916 4632.583 4633.251 4633.918 4634.624 4635.584 4636.544 4637.504 4638.464 4639.898 4641.657 4643.416 4645.175 4646.93 4648.616 4650.303 4651.989 4653.675 4654.982 4655.94 4656.898 4657.856 4658.814 4659.701 4660.588 4661.474 4662.361 4663.379 4664.561 4665.741 4666.922 4668.103 4669.548 4671.017 4672.487 4673.957 4675.508 4677.195 4678.881 4680.568 4682.255 4683.514 4684.692 4685.871 4687.049 4688.135
4608.729 4610.163 4611.598 4613.032 4614.449 4615.819 4617.189 4618.559 4619.929 4621.316 4622.71 4624.104 4625.497 4626.725 4627.301 4627.877 4628.453 4629.029 4629.713 4630.45 4631.188 4631.925 4632.699 4633.713 4634.727 4635.741 4636.754 4638.179 4639.884 4641.589 4643.294 4644.995 4646.639 4648.282 4649.925 4651.568 4652.871 4653.861 4654.852 4655.842 4656.833 4657.773 4658.714 4659.654 4660.595 4661.67 4662.91 4664.15 4665.391 4666.631 4668.081 4669.55 4671.02 4672.489 4674.026 4675.675 4677.325 4678.974 4680.623 4681.898 4683.104 4684.309 4685.514 4686.597
4607.382 4608.784 4610.186 4611.588 4612.957 4614.235 4615.513 4616.792 4618.07 4619.382 4620.705 4622.028 4623.352 4624.521 4625.087 4625.652 4626.217 4626.783 4627.51 4628.317 4629.125 4629.933 4630.774 4631.842 4632.91 4633.978 4635.045 4636.459 4638.11 4639.762 4641.413 4643.061 4644.661 4646.261 4647.861 4649.461 4650.76 4651.783 4652.806 4653.829 4654.851 4655.846 4656.84 4657.834 4658.829 4659.96 4661.26 4662.559 4663.859 4665.158 4666.613 4668.083 4669.552 4671.022 4672.545 4674.156 4675.768 4677.379 4678.99 4680.283 4681.515 4682.747 4683.979 4685.06
4606.035 4607.405 4608.775 4610.145 4611.464 4612.651 4613.837 4615.024 4616.211 4617.447 4618.7 4619.954 4621.207 4622.318 4622.873 4623.427 4623.982 4624.537 4625.307 4626.184 4627.062 4627.939 4628.849 4629.971 4631.092 4632.214 4633.336 4634.74 4636.337 4637.934 4639.532 4641.126 4642.684 4644.24 4645.797 4647.354 4648.649 4649.705 4650.76 4651.815 4652.87 4653.918 4654.966 4656.015 4657.063 4658.25 4659.609 4660.968 4662.327 4663.686 4665.146 4666.615 4668.085 4669.555 4671.063 4672.637 4674.21 4675.784 4677.358 4678.667 4679.926 4681.185 4682.444 4683.522
4604.688 4606.026 4607.363 4608.701 4609.971 4611.066 4612.162 4613.257 4614.352 4615.512 4616.695 4617.878 4619.062 4620.115 4620.659 4621.203 4621.747 4622.29 4623.104 4624.051 4624.999 4625.947 4626.924 4628.1 4629.275 4630.451 4631.626 4633.021 4634.564 4636.107 4637.65 4639.192 4640.706 4642.22 4643.733 4645.248 4646.539 4647.626 4648.714 4649.801 4650.889 4651.99 4653.092 4654.194 4655.296 4656.541 4657.959 4659.377 4660.795 4662.213 4663.679 4665.148 4666.618 4668.087 4669.582 4671.118 4672.653 4674.189 4675.725 4677.051 4678.337 4679.623 4680.909 4681.985
4603.606 4604.843 4606.081 4607.319 4608.486 4609.469 4610.452 4611.436 4612.418 4613.484 4614.58 4615.676 4616.771 4617.758 4618.321 4618.883 4619.445 4620.008 4620.858 4621.853 4622.847 4623.841 4624.864 4626.079 4627.294 4628.509 4629.724 4631.15 4632.722 4634.293 4635.865 4637.428 4638.861 4640.293 4641.726 4643.159 4644.433 4645.561 4646.69 4647.818 4648.947 4650.103 4651.258 4652.415 4653.57 4654.864 4656.327 4657.79 4659.253 4660.716 4662.19 4663.666 4665.141 4666.616 4668.104 4669.61 4671.117 4672.625 4674.131 4675.436 4676.702 4677.968 4679.234 4680.281
4602.745 4603.827 4604.908 4605.989 4607.008 4607.861 4608.715 4609.569 4610.422 4611.379 4612.372 4613.365 4614.358 4615.273 4615.878 4616.484 4617.089 4617.694 4618.577 4619.599 4620.62 4621.641 4622.691 4623.933 4625.175 4626.417 4627.659 4629.154 4630.822 4632.491 4634.159 4635.807 4637.127 4638.446 4639.766 4641.085 4642.33 4643.507 4644.685 4645.862 4647.039 4648.248 4649.458 4650.668 4651.878 4653.216 4654.711 4656.207 4657.702 4659.197 4660.684 4662.17 4663.656 4665.142 4666.628 4668.113 4669.599 4671.084 4672.569 4673.821 4675.027 4676.234 4677.441 4678.437
4601.885 4602.81 4603.735 4604.66 4605.529 4606.254 4606.978 4607.702 4608.426 4609.273 4610.164 4611.055 4611.946 4612.787 4613.436 4614.084 4614.733 4615.381 4616.296 4617.345 4618.393 4619.441 4620.519 4621.787 4623.056 4624.325 4625.593 4627.157 4628.923 4630.688 4632.454 4634.187 4635.393 4636.599 4637.806 4639.012 4640.228 4641.454 4642.679 4643.905 4645.131 4646.394 4647.658 4648.921 4650.186 4651.568 4653.095 4654.623 4656.15 4657.678 4659.177 4660.674 4662.171 4663.668 4665.153 4666.617 4668.081 4669.544 4671.008 4672.206 4673.353 4674.5 4675.648 4676.593
4601.024 4601.793 4602.562 4603.33 4604.051 4604.646 4605.241 4605.835 4606.43 4607.168 4607.957 4608.745 4609.533 4610.302 4610.993 4611.685 4612.376 4613.068 4614.016 4615.091 4616.166 4617.241 4618.346 4619.641 4620.937 4622.232 4623.528 4625.161 4627.023 4628.886 4630.748 4632.566 4633.659 4634.752 4635.845 4636.938 4638.126 4639.4 4640.674 4641.948 4643.223 4644.54 4645.857 4647.175 4648.493 4649.919 4651.479 4653.039 4654.599 4656.159 4657.671 4659.179 4660.687 4662.194 4663.678 4665.12 4666.562 4668.004 4669.446 4670.591 4671.679 4672.767 4673.855 4674.749
4600.164 4600.776 4601.388 4602.0 4602.572 4603.038 4603.503 4603.969 4604.434 4605.063 4605.749 4606.435 4607.12 4607.816 4608.551 4609.286 4610.021 4610.755 4611.735 4612.837 4613.939 4615.042 4616.172 4617.495 4618.818 4620.141 4621.463 4623.165 4625.124 4627.083 4629.043 4630.945 4631.925 4632.905 4633.885 4634.865 4636.023 4637.346 4638.669 4639.992 4641.314 4642.685 4644.057 4645.429 4646.8 4648.271 4649.863 4651.455 4653.047 4654.639 4656.165 4657.683 4659.202 4660.721 4662.202 4663.623 4665.043 4666.464 4667.884 4668.976 4670.004 4671.033 4672.062 4672.905
4599.947 4600.473 4600.999 4601.525 4602.006 4602.369 4602.732 4603.095 4603.458 4603.948 4604.483 4605.018 4605.553 4606.112 4606.766 4607.42 4608.074 4608.728 4609.67 4610.756 4611.842 4612.928 4614.049 4615.404 4616.759 4618.114 4619.469 4621.167 4623.1 4625.033 4626.965 4628.847 4629.902 4630.958 4632.013 4633.068 4634.28 4635.635 4636.99 4638.345 4639.7 4641.092 4642.486 4643.879 4645.272 4646.743 4648.308 4649.873 4651.438 4653.003 4654.561 4656.117 4657.673 4659.229 4660.714 4662.081 4663.448 4664.814 4666.181 4667.264 4668.292 4669.321 4670.35 4671.224
4599.73 4600.17 4600.61 4601.05 4601.44 4601.701 4601.961 4602.222 4602.482 4602.834 4603.218 4603.602 4603.986 4604.408 4604.981 4605.554 4606.127 4606.701 4607.605 4608.675 4609.745 4610.814 4611.926 4613.313 4614.701 4616.088 4617.475 4619.17 4621.076 4622.981 4624.887 4626.748 4627.879 4629.009 4630.14 4631.271 4632.536 4633.923 4635.311 4636.698 4638.085 4639.5 4640.915 4642.329 4643.744 4645.214 4646.752 4648.291 4649.829 4651.367 4652.957 4654.55 4656.145 4657.739 4659.227 4660.54 4661.853 4663.165 4664.478 4665.552 4666.581 4667.609 4668.638 4669.543
4599.513 4599.867 4600.221 4600.574 4600.874 4601.032 4601.19 4601.348 4601.506 4601.72 4601.953 4602.186 4602.419 4602.705 4603.197 4603.689 4604.181 4604.673 4605.54 4606.593 4607.647 4608.701 4609.803 4611.222 4612.642 4614.062 4615.481 4617.174 4619.052 4620.931 4622.81 4624.649 4625.855 4627.062 4628.268 4629.474 4630.792 4632.211 4633.631 4635.051 4636.471 4637.907 4639.343 4640.779 4642.216 4643.686 4645.197 4646.708 4648.22 4649.731 4651.353 4652.984 4654.616 4656.248 4657.739 4658.998 4660.257 4661.516 4662.774 4663.84 4664.869 4665.898 4666.927 4667.862
4599.297 4599.564 4599.832 4600.099 4600.308 4600.363 4600.419 4600.475 4600.53 4600.605 4600.688 4600.77 4600.852 4601.0 4601.412 4601.823 4602.234 4602.646 4603.475 4604.512 4605.55 4606.587 4607.679 4609.131 4610.583 4612.035 4613.487 4615.177 4617.028 4618.88 4620.732 4622.55 4623.832 4625.114 4626.396 4627.677 4629.048 4630.5 4631.952 4633.404 4634.856 4636.314 4637.772 4639.23 4640.688 4642.157 4643.642 4645.126 4646.61 4648.095 4649.749 4651.418 4653.087 4654.757 4656.251 4657.457 4658.662 4659.866 4661.071 4662.128 4663.157 4664.186 4665.215 4666.182
4599.165 4599.368 4599.571 4599.774 4599.927 4599.944 4599.961 4599.979 4599.996 4600.0 4600.0 4600.0 4600.0 4600.067 4600.397 4600.728 4601.059 4601.389 4602.137 4603.095 4604.052 4605.01 4606.029 4607.459 4608.889 4610.319 4611.75 4613.403 4615.208 4617.013 4618.818 4620.596 4621.933 4623.271 4624.608 4625.946 4627.354 4628.826 4630.298 4631.77 4633.242 4634.726 4636.21 4637.695 4639.179 4640.657 4642.126 4643.596 4645.066 4646.536 4648.187 4649.854 4651.522 4653.19 4654.673 4655.848 4657.024 4658.2 4659.375 4660.452 4661.511 4662.569 4663.627 4664.659
4599.134 4599.3 4599.465 4599.631 4599.766 4599.821 4599.875 4599.931 4599.986 4600.0 4600.0 4600.0 4600.0 4600.051 4600.3 4600.55 4600.799 4601.049 4601.667 4602.467 4603.269 4604.069 4604.941 4606.286 4607.629 4608.973 4610.317 4611.894 4613.628 4615.364 4617.099 4618.813 4620.182 4621.552 4622.922 4624.292 4625.718 4627.195 4628.673 4630.15 4631.627 4633.144 4634.661 4636.177 4637.694 4639.189 4640.659 4642.129 4643.599 4645.068 4646.675 4648.294 4649.914 4651.533 4652.985 4654.161 4655.336 4656.512 4657.688 4658.819 4659.942 4661.065 4662.188 4663.324
4599.104 4599.231 4599.359 4599.487 4599.605 4599.698 4599.791 4599.883 4599.976 4600.0 4600.0 4600.0 4600.0 4600.034 4600.203 4600.372 4600.541 4600.709 4601.195 4601.84 4602.485 4603.129 4603.854 4605.112 4606.37 4607.627 4608.885 4610.385 4612.049 4613.714 4615.379 4617.029 4618.431 4619.833 4621.236 4622.638 4624.082 4625.565 4627.048 4628.531 4630.014 4631.562 4633.111 4634.66 4636.209 4637.723 4639.192 4640.662 4642.132 4643.602 4645.164 4646.734 4648.305 4649.876 4651.298 4652.474 4653.649 4654.825 4656.0 4657.187 4658.374 4659.562 4660.75 4661.989
4599.073 4599.163 4599.253 4599.343 4599.444 4599.575 4599.705 4599.835 4599.966 4600.0 4600.0 4600.0 4600.0 4600.018 4600.106 4600.194 4600.282 4600.37 4600.724 4601.212 4601.701 4602.189 4602.767 4603.938 4605.11 4606.281 4607.453 4608.875 4610.471 4612.065 4613.66 4615.246 4616.68 4618.115 4619.549 4620.984 4622.447 4623.935 4625.423 4626.911 4628.399 4629.979 4631.561 4633.143 4634.724 4636.255 4637.725 4639.195 4640.665 4642.134 4643.652 4645.174 4646.696 4648.219 4649.61 4650.786 4651.962 4653.137 4654.313 4655.553 4656.806 4658.058 4659.311 4660.655
